%YAML:1.0

n_threads: 4            # number of threads to use.

r_min: 0.5              # minimum point distance.
r_max: 80               # maximum point distance.
n_bins: 120             # number of radial bins.
n_segments: 360         # number of radial segments.

max_dist_to_line: 0.1  # maximum vertical distance of point to line to be considered ground.

sensor_height: 1.8      # sensor height above ground.
max_slope: 0.3          # maximum slope of a ground line.
max_fit_error: 0.05     # maximum error of a point during line fit.
long_threshold: 2.0     # distance between points after which they are considered far from each other.
max_long_height: 0.2    # maximum height change to previous point in long line.
max_start_height: 0.2   # maximum difference to estimated ground height to start a new line.
line_search_angle: 0.1  # how far to search in angular direction to find a line [rad].

latch: false            # latch output topics or not
visualize: false        # visualize segmentation result - USE ONLY FOR DEBUGGING


## Data path
data_path: "/media/kinggreat24/Samsung_T5/data/kitti_data_full/odometry/unzip/data/dataset/sequences/04"

#Camera calibration and distortion parameters (OpenCV) 
##KITTI 00~02
# Camera.width: 1241
# Camera.height: 376

# Camera.fx: 718.856
# Camera.fy: 718.856
# Camera.cx: 607.1928
# Camera.cy: 185.2157

#CamLidar Extrinsic Parameter
# extrinsicMatrix.need_inverse: 0
# extrinsicMatrix: !!opencv-matrix
#    rows: 3
#    cols: 4
#    dt: d
#    data: [ 0.0004276802385584, -0.9999672484946, -0.008084491683471, -0.01198459927713,
#           -0.007210626507497,  0.008081198471645, -0.9999413164504, -0.05403984729748,
#            0.9999738645903,  0.0004859485810390, -0.007206933692422, -0.2921968648686]

##KITTI 03


##KITTI 04~12
Camera.width: 1226
Camera.height: 370

Camera.fx: 707.0912
Camera.fy: 707.0912
Camera.cx: 601.8873
Camera.cy: 183.1104

# CamLidar Extrinsic Parameter
extrinsicMatrix.need_inverse: 0
extrinsicMatrix: !!opencv-matrix
   rows: 3
   cols: 4
   dt: d
   data: [-0.001857739385241, -0.9999659513510, -0.008039975204516, -0.004784029760483,
          -0.006481465826011,  0.008051860151134, -0.9999466081774, -0.07337429464231,
           0.9999773098287, -0.001805528627661, -0.006496203536139, -0.3339968064433]