1.000000000 0.000000000 0.000000000 0.000000000 0.000000000 1.000000000 0.000000000 0.000000000 0.000000000 0.000000000 1.000000000 0.000000000
0.999987543 -0.002987857 -0.004005881 -0.003230327 0.002980526 0.999993920 -0.001834773 -0.012190732 0.004011339 0.001822810 0.999990344 0.747480869
0.999980211 -0.001615743 -0.006090902 -0.045496717 0.001596520 0.999993801 -0.003159686 -0.019142631 0.006095969 0.003149899 0.999976456 1.447771788
0.999935746 -0.001352485 -0.011261661 -0.023544762 0.001311359 0.999992490 -0.003658374 -0.019288095 0.011266522 0.003643370 0.999929845 2.160685778
0.999843657 0.000375636 -0.017677180 -0.000850569 -0.000473143 0.999984622 -0.005512140 -0.042148657 0.017674835 0.005519642 0.999828458 2.931344748
0.999751687 -0.000079341 -0.022283345 -0.018545710 -0.000044369 0.999984503 -0.005551123 -0.061157331 0.022283437 0.005550732 0.999736249 3.666622400
0.999660015 0.001050964 -0.026055288 -0.072415262 -0.001202455 0.999982417 -0.005799219 -0.066759326 0.026048729 0.005828577 0.999643683 4.455452919
0.999540269 0.003835638 -0.030076055 -0.116682202 -0.004027669 0.999971807 -0.006326849 -0.084052622 0.030050933 0.006445075 0.999527574 5.169821739
0.999323785 0.007097832 -0.036075775 -0.082547888 -0.007268017 0.999963045 -0.004588450 -0.087623812 0.036041863 0.004847546 0.999338448 5.907397747
0.998997867 0.006720120 -0.044247530 -0.042414814 -0.006783298 0.999976099 -0.001277834 -0.094686486 0.044237874 0.001576698 0.999019682 6.837361336
0.998993933 0.004980217 -0.044552360 -0.178935528 -0.004985785 0.999987125 -0.000013787 -0.118627980 0.044551678 0.000235902 0.999006689 7.555368423
0.998936653 0.004946637 -0.045819800 -0.273877174 -0.004949003 0.999987245 0.000061907 -0.134389311 0.045819487 0.000164921 0.998949349 8.407148361
0.998787761 0.004940040 -0.048959278 -0.286565423 -0.004967822 0.999987125 -0.000445693 -0.141290531 0.048956417 0.000688375 0.998800159 9.170272827
0.998619795 0.003071946 -0.052413426 -0.276014507 -0.003098166 0.999994576 -0.000418951 -0.160885513 0.052411832 0.000580759 0.998624861 10.078505516
0.998554170 0.002458812 -0.053681269 -0.356654346 -0.002411831 0.999996126 0.000940026 -0.154223755 0.053683355 -0.000809197 0.998557091 10.827794075
0.998579204 -0.001100842 -0.053257905 -0.450392187 0.001134564 0.999998629 0.000603014 -0.166274264 0.053257145 -0.000662582 0.998579979 11.672841072
0.998414338 0.001095666 -0.056263730 -0.439649701 -0.001212302 0.999996722 -0.002038852 -0.190314621 0.056261282 0.002103830 0.998413205 12.587715149
0.998417437 0.003971499 -0.056080483 -0.563339233 -0.004238828 0.999979615 -0.004648632 -0.209374368 0.056060858 0.004878994 0.998414695 13.418004036
0.998200953 0.007373828 -0.059484217 -0.632152498 -0.007739978 0.999951839 -0.005927224 -0.217750221 0.059437629 0.006376972 0.998210907 14.347198486
0.998193324 0.008222774 -0.059500113 -0.689147115 -0.008563908 0.999947727 -0.005480465 -0.227068365 0.059451915 0.005980122 0.998212337 15.188201904
0.998170793 0.005756937 -0.060148064 -0.764436066 -0.005974859 0.999975145 -0.003443621 -0.238944575 0.060126740 0.003796698 0.998181641 16.040227890
0.998124421 0.005684962 -0.060917944 -0.852399111 -0.005838478 0.999979198 -0.002342107 -0.256639570 0.060903355 0.002693382 0.998138130 16.923191071
0.998020828 0.005476330 -0.062611885 -0.889224946 -0.005598593 0.999981642 -0.001777187 -0.278214693 0.062601008 0.002124206 0.998034358 17.931047440
0.997969687 0.005084151 -0.063454822 -0.964739323 -0.005257098 0.999981999 -0.002558635 -0.287788868 0.063440673 0.002887028 0.997979522 18.758935928
0.997948349 0.004259101 -0.063850224 -1.041226149 -0.004443826 0.999985397 -0.002751169 -0.303052902 0.063837580 0.003029262 0.997953713 19.711055756
0.997708976 0.004876334 -0.067445591 -1.044626355 -0.004950584 0.999986291 -0.000933615 -0.320209861 0.067440122 0.001265368 0.997720599 20.714557648
0.997754157 0.004714404 -0.066784963 -1.087278724 -0.004553395 0.999985218 0.002563063 -0.327249795 0.066796072 -0.002253216 0.997762084 21.644544601
0.997799516 0.004875169 -0.066090956 -1.167525053 -0.004504477 0.999972165 0.005756871 -0.350459158 0.066117197 -0.005446509 0.997794926 22.733194351
0.997986674 0.004763134 -0.063206032 -1.231970310 -0.004201578 0.999949336 0.009014657 -0.346364230 0.063245773 -0.008730960 0.997957647 23.450738907
0.998334050 0.002005998 -0.057620578 -1.428756833 -0.001460860 0.999952614 0.009501575 -0.353043854 0.057636909 -0.009401591 0.998291075 24.609754562
0.998244405 0.002393208 -0.059124574 -1.418447495 -0.001999907 0.999973953 0.006710626 -0.373913944 0.059139118 -0.006580627 0.998224735 25.422533035
0.998223305 0.006454745 -0.059173908 -1.455226898 -0.006323918 0.999975562 0.002398252 -0.387880921 0.059187967 -0.002019800 0.998241425 26.356809616
0.998164952 0.007618758 -0.060019393 -1.431925535 -0.007681727 0.999968529 -0.000818117 -0.409843981 0.060011290 0.001277655 0.998193622 27.423055649
0.998062730 0.002731559 -0.062101174 -1.419488311 -0.002687468 0.999994516 0.000793729 -0.419366717 0.062103022 -0.000625313 0.998066247 28.360219955
0.998280704 0.000909445 -0.058550380 -1.559961319 -0.000582384 0.999982655 0.005602940 -0.426595628 0.058554463 -0.005559233 0.998265445 29.247518539
0.998121500 -0.004895464 -0.061014723 -1.600294709 0.005474445 0.999939859 0.009325642 -0.423454314 0.060965423 -0.009642179 0.998089969 30.047485352
0.997969568 -0.013570199 -0.062176798 -1.642076254 0.014156545 0.999857605 0.008999262 -0.445368916 0.062045846 -0.009861231 0.998021245 31.306959152
0.998077273 -0.010866418 -0.060964979 -1.785678864 0.011195272 0.999922812 0.005054946 -0.448368013 0.060905371 -0.005727772 0.998123765 32.261936188
0.998005748 -0.012621289 -0.061792914 -1.863600016 0.012723939 0.999916375 0.001267757 -0.463408262 0.061771780 -0.002051495 0.998084784 33.304298401
0.998024940 -0.006867562 -0.062388457 -1.947049856 0.006877584 0.999974370 -0.000054211 -0.476397663 0.062387276 -0.000374993 0.998048484 34.225730896
0.997843683 -0.011565782 -0.064548634 -1.991750121 0.011746882 0.999924839 0.002426598 -0.487196118 0.064515792 -0.003179637 0.997907400 35.256454468
0.997710705 -0.014382400 -0.066019669 -2.073263407 0.014799522 0.999870121 0.005833204 -0.482038349 0.065927304 -0.006796948 0.997796953 36.311912537
0.997724533 -0.009385483 -0.066705577 -2.143548727 0.009847187 0.999926269 0.006595874 -0.503396273 0.066638872 -0.007237767 0.997746348 37.189708710
0.997585952 -0.010124724 -0.068641253 -2.205835104 0.010802075 0.999893069 0.009503810 -0.515438437 0.068537794 -0.010222385 0.997591555 38.244026184
0.997661412 -0.008042991 -0.067814894 -2.271179914 0.008907792 0.999879181 0.012459411 -0.523443580 0.067706615 -0.013034415 0.997615576 39.205665588
0.997603118 -0.003026748 -0.069071196 -2.327963829 0.004084732 0.999872863 0.015181017 -0.521217883 0.069016606 -0.015426835 0.997491539 40.231380463
0.997621536 -0.000562188 -0.068866536 -2.395208836 0.001577638 0.999887288 0.014691511 -0.529640555 0.068850644 -0.014765285 0.997512937 41.178226471
0.997585058 0.000138455 -0.069392756 -2.441972494 0.000803719 0.999904156 0.013549151 -0.535725951 0.069388136 -0.013572271 0.997492611 42.091857910
0.997686148 0.005207554 -0.067723908 -2.588527203 -0.004501234 0.999930322 0.010577724 -0.551268578 0.067774408 -0.010248465 0.997643113 43.263065338
0.997544885 0.004341056 -0.069832623 -2.643140078 -0.003540895 0.999923050 0.011577863 -0.558422923 0.069877662 -0.011302231 0.997486591 44.252151489
0.997469425 -0.001835846 -0.070990905 -2.704495907 0.002760753 0.999907911 0.012932439 -0.554277122 0.070960954 -0.013095800 0.997386396 45.110736847
0.997430801 -0.002304091 -0.071513884 -2.781152248 0.003300719 0.999894261 0.013820949 -0.554218054 0.071474798 -0.014021594 0.997336984 46.175201416
0.997409284 0.000224431 -0.071849331 -2.840834141 0.000596074 0.999929965 0.011398060 -0.577738106 0.071847200 -0.011411455 0.997343481 47.071369171
0.997368097 0.002535073 -0.072373047 -2.927194118 -0.002038443 0.999968886 0.006935057 -0.578046083 0.072388731 -0.006769354 0.997346580 47.926956177
0.997318983 0.004422054 -0.072955139 -3.003823042 -0.004005681 0.999969840 0.005852545 -0.600142837 0.072979167 -0.005544692 0.997311115 49.045639038
0.997299612 0.001258304 -0.073343113 -3.115952253 -0.000594950 0.999953568 0.009065591 -0.596207142 0.073351480 -0.008997563 0.997258604 50.219585419
0.997305036 0.000612775 -0.073276587 -3.156122684 0.000324048 0.999913216 0.012772040 -0.622242451 0.073278412 -0.012761468 0.997222781 51.231616974
0.997292101 -0.002557347 -0.073411137 -3.235246181 0.003582876 0.999892592 0.013841184 -0.612764955 0.073368236 -0.014066838 0.997198582 52.019294739
0.997252524 -0.006371000 -0.073715456 -3.317583323 0.007392307 0.999875188 0.013589948 -0.623703659 0.073620021 -0.014097651 0.997179508 52.875827789
0.997206330 -0.008285527 -0.074149117 -3.386763811 0.009168255 0.999886036 0.011572016 -0.633377373 0.074045137 -0.012219611 0.997172832 53.843742371
0.997125626 -0.008854442 -0.075145580 -3.464910984 0.009808722 0.999869704 0.012339066 -0.643608689 0.075026937 -0.013040816 0.997087955 54.855091095
0.996975660 -0.011671253 -0.076734819 -3.527275562 0.012993599 0.999769151 0.016755534 -0.647876799 0.076521941 -0.017702080 0.996902466 55.914333344
0.996922553 -0.013093249 -0.077192605 -3.614310265 0.014838275 0.999640226 0.022075497 -0.653498054 0.076876163 -0.023153163 0.996763468 57.044494629
0.996875286 -0.012624677 -0.077876247 -3.674897432 0.014493678 0.999613106 0.023480747 -0.640075326 0.077550091 -0.024536291 0.996677995 57.787792206
0.996818721 -0.010656276 -0.078886174 -3.763184071 0.012316319 0.999706089 0.020586539 -0.645838499 0.078644045 -0.021492828 0.996662378 58.766391754
0.996783733 -0.006324406 -0.079787806 -3.886845827 0.007340964 0.999889314 0.012453595 -0.655088723 0.079700649 -0.012999413 0.996725321 60.189590454
0.996685386 -0.007393912 -0.080914564 -3.929964066 0.008061220 0.999929905 0.007923281 -0.657726049 0.080850743 -0.008549416 0.996680856 60.831295013
0.996618032 -0.001990529 -0.082048498 -4.016477585 0.002725857 0.999950886 0.008850940 -0.656775594 0.082027301 -0.009044790 0.996580184 61.510749817
0.996586680 0.000612598 -0.082451001 -4.113518715 0.000343455 0.999926567 0.011580651 -0.674378753 0.082452506 -0.011569583 0.996518910 62.527484894
0.996488869 0.002017182 -0.083604150 -4.202272892 -0.000896419 0.999902964 0.013440941 -0.684785545 0.083623588 -0.013318955 0.996399462 63.636997223
0.996401846 0.003728417 -0.084562436 -4.281501293 -0.002615057 0.999901533 0.013273371 -0.691533506 0.084604122 -0.013004660 0.996319711 64.451423645
0.996269107 0.005923676 -0.085990191 -4.367191315 -0.004711680 0.999879897 0.014291046 -0.695244670 0.086065046 -0.013832756 0.996183455 65.297958374
0.996137798 0.004387742 -0.087587632 -4.429826736 -0.003035134 0.999867141 0.015570432 -0.697604299 0.087644868 -0.015244655 0.996025085 65.976852417
0.996035874 0.005109096 -0.088700965 -4.515612602 -0.003704428 0.999858201 0.015993707 -0.706737638 0.088770643 -0.015601921 0.995919764 66.953453064
0.995889246 0.006182733 -0.090264708 -4.605598450 -0.004711136 0.999845564 0.016507410 -0.718684435 0.090353392 -0.016014505 0.995770931 67.807128906
0.995760262 0.010773744 -0.091251224 -4.666963100 -0.009029281 0.999761820 0.019508820 -0.717790723 0.091440246 -0.018602397 0.995626688 68.494354248
0.995608389 0.011435175 -0.092813060 -4.743639469 -0.009257485 0.999665201 0.023860242 -0.715903163 0.093055427 -0.022896502 0.995387435 69.123451233
0.995441973 0.011790081 -0.094537318 -4.836801529 -0.009430716 0.999626517 0.025365405 -0.716084123 0.094801679 -0.024358507 0.995187879 70.019783020
0.995211244 0.017651582 -0.096041948 -4.915109158 -0.015598790 0.999627113 0.022083426 -0.726608634 0.096396573 -0.020479780 0.995122015 70.867950439
0.995095909 0.016405750 -0.097447991 -5.004015923 -0.015099308 0.999778926 0.014129464 -0.723910809 0.097658888 -0.012588969 0.995130241 71.514068604
0.994990349 0.016788123 -0.098459028 -5.056487560 -0.016017040 0.999826729 0.008617190 -0.727609098 0.098587297 -0.006997185 0.995093584 72.160675049
0.994896770 0.018816201 -0.099036150 -5.125104904 -0.018143103 0.999797940 0.007693261 -0.730793595 0.099161558 -0.005857357 0.995043874 72.686935425
0.994760275 0.022917114 -0.099543430 -5.218291759 -0.021872535 0.999685943 0.011573005 -0.745679557 0.099778041 -0.009335300 0.994955719 73.563163757
0.994737804 0.016881349 -0.100963384 -5.280283451 -0.015559951 0.999774992 0.013861518 -0.751876831 0.101175345 -0.012217814 0.994783401 74.076087952
0.994618297 0.017653404 -0.102004759 -5.340738297 -0.016597155 0.999791622 0.011194775 -0.761982083 0.102181815 -0.009441743 0.994710803 74.710327148
0.994717062 0.010097531 -0.102068633 -5.413442135 -0.009530059 0.999928296 0.006046177 -0.776090622 0.102123067 -0.005041688 0.994748831 75.612693787
0.994898021 0.008116183 -0.100467354 -5.461283684 -0.008097061 0.999958813 0.000598477 -0.783524513 0.100468777 0.000217930 0.994929910 76.133346558
0.995159686 0.007645150 -0.097878106 -5.524567127 -0.007648596 0.999962449 0.000340420 -0.790969014 0.097877719 0.000409723 0.995188117 76.642272949
0.995531082 0.011599563 -0.093619697 -5.594072342 -0.011306662 0.999920964 0.003658896 -0.794218659 0.093655430 -0.002584174 0.995591104 77.367835999
0.995959997 0.011153189 -0.088996999 -5.650078773 -0.010600433 0.999912918 0.006681654 -0.804453790 0.089064457 -0.005711434 0.995999038 77.814537048
0.996416092 0.008839373 -0.084008634 -5.672699928 -0.007936434 0.999897778 0.011076438 -0.818402946 0.084098719 -0.010370239 0.996393144 78.366630554
0.997147679 0.004075448 -0.075235598 -5.698377132 -0.002973806 0.999877453 0.014749210 -0.830108166 0.075287163 -0.014483668 0.997046471 78.987648010
0.997846544 0.007474110 -0.065012842 -5.735294342 -0.006523274 0.999859393 0.014825860 -0.833677053 0.065115102 -0.014370100 0.997763991 79.480453491
0.998655736 0.013046757 -0.049964931 -5.780815125 -0.012355247 0.999814451 0.014124634 -0.843223572 0.050140396 -0.013488574 0.998640716 80.026428223
0.999321043 0.018808102 -0.031363707 -5.788316727 -0.018370373 0.999720931 0.014188335 -0.843456268 0.031622101 -0.013602797 0.999396861 80.446693420
0.999780357 0.018072437 -0.009608351 -5.777927876 -0.017926738 0.999716401 0.015044346 -0.851302266 0.009877607 -0.014869065 0.999830008 80.870452881
0.999770880 0.012320301 0.016907901 -5.750817776 -0.012601790 0.999772429 0.016641075 -0.848342180 -0.016699202 -0.016850626 0.999707937 81.482879639
0.998875797 0.011138746 0.045853339 -5.705078125 -0.011979347 0.999754727 0.018097423 -0.848851204 -0.045640938 -0.018626682 0.998773515 81.837715149
0.996775150 0.008713328 0.079642214 -5.660712719 -0.010295868 0.999747276 0.019480783 -0.846811175 -0.079453103 -0.020238273 0.996622443 82.137657166
0.993132949 0.008149633 0.116619237 -5.560536385 -0.010545379 0.999735713 0.019940436 -0.846433282 -0.116426989 -0.021033628 0.992965758 82.686416626
0.987286270 0.010416226 0.158540204 -5.477165222 -0.013721130 0.999699771 0.019764889 -0.852478623 -0.158288315 -0.021689301 0.987142920 83.086906433
0.978919387 0.009879651 0.203952193 -5.371927261 -0.014139773 0.999700189 0.019440617 -0.853759885 -0.203701049 -0.021914989 0.978775859 83.527153015
0.967878819 0.012083799 0.251081407 -5.215867996 -0.016909057 0.999700546 0.017068902 -0.858847857 -0.250802517 -0.020766519 0.967803299 84.035820007
0.952354670 0.013032307 0.304676622 -5.092075348 -0.018200299 0.999723613 0.014127703 -0.869276166 -0.304411411 -0.019000117 0.952338636 84.375442505
0.933195949 0.012957463 0.359102249 -4.873819351 -0.018344935 0.999753416 0.011598641 -0.876732945 -0.358867168 -0.017411824 0.933213353 84.803947449
0.908938646 0.013148468 0.416694522 -4.705263138 -0.018723853 0.999770522 0.009295369 -0.874504328 -0.416481078 -0.016251350 0.908985972 85.092651367
0.880321085 0.011848900 0.474206060 -4.483669281 -0.017603019 0.999804497 0.007696379 -0.860037446 -0.474027097 -0.015123034 0.880366743 85.412467957
0.847885430 0.011701870 0.530028462 -4.174350739 -0.016725060 0.999838173 0.004680702 -0.892328203 -0.529893517 -0.012833721 0.847953022 85.737274170
0.811364114 0.010107026 0.584434152 -3.946357727 -0.014830023 0.999873638 0.003296766 -0.885701001 -0.584333062 -0.011342297 0.811420083 86.026367188
0.772225797 0.008640430 0.635271430 -3.626312256 -0.014071744 0.999883771 0.003505718 -0.906140208 -0.635173976 -0.011646835 0.772265971 86.385765076
0.728765607 0.006461477 0.684716105 -3.390174866 -0.015046145 0.999853551 0.006578666 -0.885950446 -0.684580743 -0.015096946 0.728764474 86.584335327
0.683646441 0.005432304 0.729777396 -3.073909760 -0.014228548 0.999869585 0.005886230 -0.887941599 -0.729658425 -0.014408070 0.683642566 86.804092407
0.637216210 0.004310614 0.770658135 -2.713039398 -0.011282710 0.999917507 0.003736031 -0.899283767 -0.770587027 -0.011076029 0.637219787 87.103408813
0.590918899 0.000042578 0.806716800 -2.400947571 -0.005950641 0.999961257 0.004305981 -0.920619845 -0.806694269 -0.007345187 0.590903163 87.199653625
0.544226408 0.001425891 0.838923573 -2.032943726 -0.007081639 0.999959052 0.002894328 -0.924099743 -0.838894308 -0.007516343 0.544220507 87.474670410
0.497206926 0.004984254 0.867604434 -1.728572845 -0.010760471 0.999930263 0.000422096 -0.923288941 -0.867551625 -0.009545943 0.497231722 87.532371521
0.451068699 0.007548480 0.892444432 -1.375778198 -0.012533928 0.999907613 -0.002122465 -0.931213439 -0.892387986 -0.010228704 0.451126844 87.649444580
0.408765495 0.005084399 0.912612677 -0.986547470 -0.005624291 0.999967813 -0.003051986 -0.927619815 -0.912608981 -0.003885429 0.408785701 87.882308960
0.369242638 -0.003788450 0.929312825 -0.667480469 0.008792019 0.999949455 0.000583019 -0.952291131 -0.929278433 0.007955216 0.369261563 87.886260986
0.333677858 -0.008003217 0.942640781 -0.290651321 0.014496465 0.999877393 0.003357615 -0.950791836 -0.942562938 0.012544606 0.333757013 87.952659607
0.299605787 -0.004780858 0.954038680 0.090808868 0.012198696 0.999912500 0.001179801 -0.961753964 -0.953972459 0.011284558 0.299641401 88.080505371
0.268839955 0.003633863 0.963165700 0.448379517 0.001105232 0.999978781 -0.004081312 -0.958125114 -0.963171780 0.002161634 0.268833309 88.168701172
0.240158826 0.007776469 0.970690191 0.838407516 -0.005011514 0.999952257 -0.006771059 -0.964106023 -0.970708251 -0.003238671 0.240189090 88.190200806
0.214138463 0.009647101 0.976743519 1.245594025 -0.003639046 0.999939859 -0.009078455 -0.985347569 -0.976784289 -0.001610522 0.214163214 88.163146973
0.191013575 0.010642137 0.981517673 1.636472702 0.005563600 0.999900997 -0.011924258 -1.002204657 -0.981559396 0.007738424 0.190937608 88.302383423
0.170387074 0.015998837 0.985235095 2.007740021 0.012061287 0.999746919 -0.018320436 -1.008063316 -0.985291123 0.015004818 0.170152903 88.359245300
0.149745539 0.023930535 0.988422751 2.432065010 0.011348906 0.999587297 -0.025920242 -1.010244012 -0.988647282 0.015099010 0.149413794 88.398834229
0.133025110 0.024458023 0.990798593 2.901671410 0.009435096 0.999606490 -0.025942260 -1.019004822 -0.991055608 0.012799273 0.132743403 88.532646179
0.117632255 0.020409599 0.992835164 3.352837563 0.008756647 0.999716103 -0.021588592 -1.033052564 -0.993006349 0.011233430 0.117421448 88.527534485
0.102521926 0.016887216 0.994574964 3.807429314 0.008886705 0.999787927 -0.017891821 -1.055581927 -0.994678736 0.010672804 0.102351174 88.527412415
0.088208482 0.013692797 0.995994151 4.265622616 0.010876948 0.999819517 -0.014708689 -1.061144471 -0.996030033 0.012130853 0.088044345 88.594841003
0.076389439 0.012909571 0.996980667 4.791687012 0.015849246 0.999760985 -0.014159957 -1.080820203 -0.996939421 0.016883176 0.076167151 88.648590088
0.066714093 0.013289017 0.997669876 5.310791969 0.017411973 0.999730408 -0.014480805 -1.095122099 -0.997607648 0.018337613 0.066465177 88.679809570
0.059065294 0.014031205 0.998141587 5.815181732 0.018666659 0.999697626 -0.015157690 -1.108042717 -0.998066902 0.019527419 0.058785848 88.646476746
0.052301016 0.013939569 0.998520076 6.398078918 0.020220550 0.999669611 -0.015014742 -1.122156382 -0.998413980 0.020976089 0.052002102 88.753921509
0.047832243 0.015142498 0.998726666 6.918617249 0.022148421 0.999609888 -0.016216652 -1.136219263 -0.998597085 0.022896102 0.047478389 88.762237549
0.041812334 0.015813179 0.998986244 7.499279976 0.021758569 0.999609768 -0.016733754 -1.147722006 -0.998875678 0.022436390 0.041452028 88.723175049
0.036361843 0.015863851 0.999198675 8.128331184 0.024606295 0.999543130 -0.016764775 -1.163792133 -0.999022782 0.025196418 0.035954881 88.744026184
0.034066390 0.015575407 0.999283969 8.714548111 0.027090043 0.999483168 -0.016502043 -1.184159398 -0.999039412 0.027633093 0.033626825 88.754486084
0.029440913 0.014778787 0.999443173 9.353824615 0.028966608 0.999444604 -0.015632100 -1.195835114 -0.999133825 0.029411003 0.028996378 88.718391418
0.028039657 0.013853374 0.999495506 10.075724602 0.030390436 0.999415338 -0.014704851 -1.202235341 -0.999130964 0.030787805 0.027602192 88.793960571
0.025491288 0.012720355 0.999578774 10.781753540 0.037123211 0.999202669 -0.013662305 -1.220238805 -0.998971701 0.037456330 0.024998641 88.815162659
0.027216131 0.012353336 0.999537885 11.404060364 0.035461038 0.999267578 -0.013315577 -1.242554903 -0.998986423 0.035807516 0.026758064 88.879875183
0.031079026 0.012310434 0.999425709 12.140730858 0.039331753 0.999119818 -0.013529784 -1.258044958 -0.998728693 0.039730188 0.030567467 88.931762695
0.034008984 0.012218971 0.999331355 12.802266121 0.037874442 0.999176443 -0.013506032 -1.269299269 -0.998689532 0.038308959 0.033518221 88.960617065
0.037065931 0.011955274 0.999225795 13.561746597 0.037299231 0.999200344 -0.013338592 -1.296100020 -0.998602390 0.037765272 0.036590450 88.947860718
0.042087130 0.010629117 0.999041855 14.400750160 0.039922137 0.999112010 -0.012311709 -1.313097835 -0.998301923 0.040402602 0.041625585 88.931762695
0.048947357 0.008777805 0.998747170 15.109397888 0.041769572 0.999053717 -0.010827597 -1.329787493 -0.997913599 0.042247813 0.048534665 89.064613342
0.050514724 0.005906409 0.998690069 15.896407127 0.038936090 0.999195695 -0.007878847 -1.336694241 -0.997949898 0.039283622 0.050244424 89.087203979
0.055150490 0.005290508 0.998448312 16.657241821 0.036731046 0.999283493 -0.007323837 -1.352949381 -0.997788191 0.037078455 0.054917019 89.179206848
0.058793005 0.006347700 0.998233080 17.589021683 0.036140267 0.999295056 -0.008483033 -1.378993034 -0.997600973 0.036575679 0.058522608 89.223243713
0.061099388 0.009501965 0.998069525 18.370574951 0.032904126 0.999376118 -0.011528740 -1.403004289 -0.997574389 0.033545475 0.060749140 89.192710876
0.062739938 0.015331592 0.997895241 19.192926407 0.021805260 0.999606431 -0.016728852 -1.427568913 -0.997776806 0.022809213 0.062381484 89.287551880
0.062949620 0.018253211 0.997832775 20.033063889 0.019322639 0.999607086 -0.019504685 -1.453073740 -0.997814715 0.020508813 0.062572755 89.342147827
0.062572785 0.017929472 0.997862518 20.870279312 0.020924229 0.999579430 -0.019272439 -1.476262808 -0.997806191 0.022085689 0.062171843 89.363830566
0.062175456 0.015867755 0.997922182 21.732461929 0.018658258 0.999664426 -0.017057989 -1.509673238 -0.997875869 0.019680293 0.061859064 89.441360474
0.062899821 0.014262296 0.997900963 22.670783997 0.016691377 0.999726951 -0.015340518 -1.538991451 -0.997865319 0.017621437 0.062645145 89.450927734
0.062709667 0.013693284 0.997920752 23.337060928 0.018160943 0.999708354 -0.014859083 -1.560319424 -0.997851670 0.019055197 0.062443253 89.488311768
0.063338771 0.013506342 0.997883618 24.101140976 0.014026164 0.999781191 -0.014422344 -1.589768887 -0.997878551 0.014910105 0.063136056 89.585319519
0.066518068 0.014372728 0.997664511 25.063028336 0.012729940 0.999786198 -0.015252078 -1.618725538 -0.997689009 0.013714862 0.066321507 89.685356140
0.061237160 0.015456561 0.997986019 25.947547913 0.006664935 0.999833345 -0.015894193 -1.651896477 -0.998085916 0.007624817 0.061124556 89.660888672
0.058192138 0.015232439 0.998171806 26.677488327 0.004818187 0.999849558 -0.015538997 -1.671480179 -0.998278618 0.005713575 0.058110524 89.741065979
0.054966696 0.013930393 0.998373449 27.495504379 0.002751184 0.999878705 -0.014102924 -1.701074123 -0.998469174 0.003521806 0.054922182 89.800659180
0.049451776 0.012151925 0.998684943 28.301319122 0.002497539 0.999903202 -0.012290475 -1.724759698 -0.998758078 0.003101936 0.049417015 89.859115601
0.041854382 0.009400281 0.999061644 29.248136520 0.000048399 0.999937415 -0.009410605 -1.747137785 -0.999108374 0.000442072 0.041851524 89.899490356
0.036166135 0.008900156 0.999288261 29.993133545 0.000274370 0.999941766 -0.008915965 -1.779126883 -0.999330103 0.000596477 0.036161698 89.923988342
0.027613968 0.010446254 0.999545991 30.755933762 -0.005591005 0.999912739 -0.010295685 -1.806955934 -0.999587357 -0.005304432 0.027669895 90.008995056
0.015678156 0.009870513 0.999810398 31.648931503 -0.004012798 0.999925137 -0.009808781 -1.830401301 -0.999853313 -0.003858493 0.015716277 90.024353027
0.005614769 0.010009121 0.999915957 32.511611938 -0.004887384 0.999919415 -0.009981769 -1.854585886 -0.999956429 -0.004831186 0.005662702 89.985351562
-0.006790295 0.008711293 0.999920726 33.211017609 -0.002632895 0.999939501 -0.008729400 -1.869448662 -0.999957561 -0.002692181 -0.006767746 90.048484802
-0.024172843 0.007447726 0.999660254 34.232093811 0.000511214 0.999951541 -0.007437604 -1.894324780 -0.999689877 0.000331088 -0.024176661 89.975601196
-0.033159778 0.006959986 0.999405921 34.809074402 0.001531506 0.999954224 -0.006913059 -1.913476348 -0.999431074 0.001301217 -0.033170301 90.016754150
-0.046762869 0.007352044 0.998858809 35.951232910 0.002088268 0.999950647 -0.007262384 -1.937602997 -0.998885870 0.001746142 -0.046777602 89.911300659
-0.053766288 0.008998956 0.998492718 36.410594940 0.002931209 0.999935627 -0.008854188 -1.962074637 -0.998531222 0.002450615 -0.053791068 90.029067993
-0.062172331 0.009680850 0.997998238 37.261955261 0.004358393 0.999925077 -0.009428092 -1.985717654 -0.998037875 0.003763412 -0.062211923 89.786125183
-0.072515570 0.010112707 0.997295797 38.033740997 -0.000471936 0.999927104 -0.010173772 -2.009356737 -0.997349024 -0.001208612 -0.072507814 89.760162354
-0.083423018 0.010207473 0.996441483 38.876289368 -0.001001780 0.999924958 -0.010327098 -2.027773142 -0.996495426 -0.001859942 -0.083409101 89.689491272
-0.091446534 0.010727189 0.995731711 39.501197815 0.006917894 0.999903500 -0.010136873 -2.049498320 -0.995767593 0.005961342 -0.091514647 89.699722290
-0.100498624 0.009737274 0.994869113 40.169525146 0.003666242 0.999927938 -0.009416502 -2.067311287 -0.994912148 0.002700975 -0.100530028 89.573371887
-0.104627840 0.008322630 0.994456112 40.909938812 0.005955978 0.999931037 -0.007741883 -2.077991247 -0.994475305 0.005112887 -0.104673252 89.505043030
-0.113582879 0.008091399 0.993473887 41.745613098 0.013392695 0.999866128 -0.006612348 -2.109211445 -0.993418992 0.012554347 -0.113679446 89.329124451
-0.115650967 0.006145289 0.993249118 42.322448730 0.011694704 0.999897718 -0.004824786 -2.137916088 -0.993201792 0.011057841 -0.115714423 89.240295410
-0.118989244 0.004610935 0.992863119 42.964813232 0.013803015 0.999878049 -0.002989355 -2.155316114 -0.992780268 0.013348937 -0.119041882 89.169273376
-0.119600214 0.004138622 0.992791831 43.657119751 0.018428860 0.999806166 -0.001947822 -2.160162687 -0.992632031 0.018063301 -0.119656794 89.020072937
-0.120759554 0.004539052 0.992649794 44.383209229 0.020379951 0.999768019 -0.002092364 -2.178205490 -0.992453516 0.019977760 -0.120827556 88.993347168
-0.120619118 0.005411265 0.992662549 45.195533752 0.020815017 0.999757111 -0.002920751 -2.197584152 -0.992461622 0.020310272 -0.120705962 88.897415161
-0.116904564 0.006793445 0.993098199 45.680843353 0.020575548 0.999756455 -0.004416957 -2.219334841 -0.992910981 0.019917456 -0.117019325 88.796653748
-0.112615913 0.007296658 0.993589997 46.334011078 0.018062398 0.999800682 -0.005295089 -2.240963459 -0.993455291 0.017350534 -0.112728588 88.721633911
-0.104562439 0.008348474 0.994461596 46.981124878 0.024392011 0.999663293 -0.005827510 -2.239167690 -0.994200051 0.023647942 -0.104734011 88.612525940
-0.086808316 0.007833432 0.996172547 47.023334503 0.016446849 0.999821901 -0.006428979 -2.258396387 -0.996070147 0.015825991 -0.086924389 88.726013184
-0.074904807 0.007422684 0.997141063 47.548667908 0.015806859 0.999833167 -0.006255384 -2.278301716 -0.997046113 0.015293278 -0.075011998 88.705154419
-0.057298925 0.008641059 0.998297513 48.156101227 0.015408196 0.999828696 -0.007769994 -2.289554119 -0.998218834 0.014936910 -0.057424136 88.677886963
-0.040299781 0.010582705 0.999109387 48.607822418 0.018512640 0.999757707 -0.009842912 -2.289793491 -0.998996794 0.018099714 -0.040487386 88.757957458
-0.015361391 0.014857983 0.999749243 49.250423431 0.016726241 0.999730885 -0.014600769 -2.311605215 -0.999722660 0.016497949 -0.015606601 88.728630066
0.016365521 0.016365714 0.999709785 49.673599243 0.009590041 0.999794781 -0.016524158 -2.347114801 -0.999800622 0.009857720 0.016205192 88.819763184
0.050259106 0.015542649 0.998592854 50.322517395 0.008410165 0.999814153 -0.015985006 -2.359416485 -0.998681247 0.009201742 0.050119892 88.652191162
0.085764088 0.014082218 0.996193290 51.013961792 0.009333334 0.999822140 -0.014937103 -2.384690523 -0.996252060 0.010578925 0.085619144 88.800537109
0.127263248 0.009397665 0.991801739 51.406070709 0.010414625 0.999864519 -0.010810483 -2.390743971 -0.991794348 0.011705096 0.127150983 88.909095764
0.172659367 0.005219074 0.984944820 51.880229950 0.002801883 0.999956489 -0.005789849 -2.411240101 -0.984957516 0.003759261 0.172641188 89.145103455
0.221955463 0.001432309 0.975032389 52.237030029 -0.001069629 0.999975801 -0.001225526 -2.419147015 -0.975035846 -0.000771135 0.221956849 89.224555969
0.273416162 -0.000355440 0.961870611 52.655700684 -0.002986699 0.999970675 0.001218433 -2.429629803 -0.961868644 -0.003206240 0.273414016 89.295829773
0.327255189 -0.000513582 0.944910288 53.147216797 -0.002891045 0.999970615 0.001544706 -2.425657272 -0.944908559 -0.003237573 0.327252358 89.572463989
0.384681493 0.000312736 0.923023105 53.598014832 -0.000314372 0.999976039 -0.000207863 -2.453882217 -0.923025727 -0.000210414 0.384682149 89.780868530
0.446393102 0.003278632 0.894803762 53.986862183 0.001475008 0.999965310 -0.004399868 -2.454748392 -0.894811213 0.003283803 0.446384192 89.996360779
0.504107356 0.005979149 0.863591909 54.330955505 0.002117465 0.999940395 -0.008159283 -2.477184772 -0.863612652 0.005941745 0.504077852 90.357673645
0.563011885 0.011409239 0.826340377 54.695041656 0.000413214 0.999876618 -0.014086863 -2.475264072 -0.826421618 0.008272549 0.562952459 90.686508179
0.616494298 0.013909359 0.787205279 55.090965271 -0.003046008 0.999854505 -0.015281347 -2.478147984 -0.787324667 0.007023021 0.616463125 90.974029541
0.671435058 0.015422052 0.740869522 55.414054871 -0.003183104 0.999809980 -0.017927503 -2.501564503 -0.741025686 0.009678952 0.671374321 91.279144287
0.721449077 0.014335056 0.692283154 55.749557495 -0.004391813 0.999836028 -0.016126782 -2.492935181 -0.692419887 0.008594315 0.721412838 91.648300171
0.768197298 0.009527534 0.640103161 56.027149200 -0.002943937 0.999906778 -0.011350024 -2.536515236 -0.640169501 0.006834628 0.768174291 92.072578430
0.803305328 0.004761240 0.595503747 56.102027893 -0.003520639 0.999963522 -0.003245958 -2.531080484 -0.595514894 0.000510792 0.803314805 92.452575684
0.840821683 0.000964591 0.541262150 56.292793274 -0.003369088 0.999963284 0.003451535 -2.537410975 -0.541254938 -0.004725979 0.840817213 92.785224915
0.873736382 0.000169890 0.486344874 56.572700500 -0.005859167 0.999905884 0.010176798 -2.530247688 -0.486311942 -0.011741903 0.873679399 93.249122620
0.900752723 -0.002750745 0.434262007 56.753540039 -0.004880280 0.999827325 0.016455809 -2.548274279 -0.434245467 -0.016942570 0.900609016 93.669303894
0.920686901 0.001779397 0.390229791 56.850566864 -0.009839612 0.999752283 0.018656150 -2.559454679 -0.390111804 -0.021016931 0.920502007 94.107383728
0.934924543 0.006501702 0.354712456 56.869522095 -0.014991487 0.999637783 0.021190384 -2.534968138 -0.354457259 -0.025129948 0.934709311 94.581207275
0.948711097 0.011654015 0.315845817 57.106819153 -0.019431258 0.999554992 0.021484379 -2.548852444 -0.315464884 -0.026520662 0.948541641 95.136299133
0.958448291 0.012233288 0.284910798 57.179000854 -0.018826859 0.999588847 0.020414254 -2.517204046 -0.284553051 -0.024930857 0.958311319 95.511177063
0.964508355 0.008228950 0.263823569 57.260276794 -0.014242051 0.999655008 0.020886656 -2.543107748 -0.263569146 -0.023903582 0.964319587 95.994956970
0.968921423 0.006462707 0.247176766 57.403278351 -0.012080166 0.999676466 0.021215748 -2.540882349 -0.246967822 -0.023543160 0.968713045 96.507209778
0.972206771 0.008390130 0.233860597 57.529815674 -0.013910847 0.999635458 0.021966299 -2.530048370 -0.233599186 -0.024609873 0.971996129 96.976486206
0.974327743 0.014757860 0.224532112 57.585880280 -0.020329371 0.999513090 0.022521067 -2.512055159 -0.224098265 -0.026508445 0.974180579 97.514144897
0.975551069 0.021346126 0.218612790 57.721405029 -0.026461128 0.999413192 0.020495065 -2.514890194 -0.218054712 -0.025779668 0.975570619 98.065093994
0.976086140 0.027478946 0.215517104 57.834091187 -0.031979267 0.999310017 0.017420610 -2.510806084 -0.214897305 -0.023896996 0.976318836 98.583488464
0.975930750 0.028133597 0.216136023 57.924209595 -0.032049719 0.999352396 0.014633473 -2.518387318 -0.215592027 -0.021209177 0.976227760 99.054916382
0.975795031 0.027904453 0.216777295 58.065200806 -0.031010710 0.999432445 0.010939226 -2.512572050 -0.216356695 -0.017397573 0.976134002 99.569335938
0.974847794 0.028278451 0.220949143 58.187957764 -0.030049955 0.999510705 0.004659103 -2.517596245 -0.220717058 -0.011181971 0.975248218 100.110038757
0.973737419 0.030825224 0.225459680 58.281524658 -0.031723682 0.999469697 0.000361713 -2.519501925 -0.225336909 -0.007505059 0.974226415 100.652786255
0.972896457 0.031037016 0.229032576 58.458747864 -0.032217279 0.999452889 0.001414403 -2.520788431 -0.228871435 -0.008755349 0.973391652 101.334854126
0.971714854 0.030587863 0.234053522 58.595897675 -0.032530166 0.999433875 0.004440922 -2.526031256 -0.233793348 -0.011929680 0.972187340 101.813644409
0.970205784 0.035928402 0.239487574 58.723155975 -0.039060414 0.999173284 0.008342148 -2.523837090 -0.238998279 -0.017448816 0.970836401 102.504478455
0.969510317 0.026989322 0.243445575 58.909454346 -0.031655297 0.999353349 0.015273085 -2.529762745 -0.242884487 -0.022514630 0.969766974 103.139175415
0.968660712 0.025326148 0.246980384 59.039993286 -0.031049745 0.999302506 0.019305496 -2.522972584 -0.246327817 -0.026370149 0.968800783 103.740226746
0.967809856 0.023581915 0.250463307 59.229415894 -0.029544931 0.999332786 0.020073153 -2.514626741 -0.249831632 -0.026827928 0.967890382 104.534271240
0.967855155 0.018492250 0.250715554 59.397254944 -0.023657085 0.999535978 0.017601032 -2.518539190 -0.250282586 -0.022967340 0.967873275 105.116996765
0.967859328 0.017983975 0.250735819 59.547508240 -0.021230202 0.999692738 0.010247013 -2.521844387 -0.250483423 -0.015241495 0.967973650 105.672096252
0.968013346 0.026375320 0.249395207 59.754295349 -0.028347315 0.999559402 0.004317523 -2.521584749 -0.249180317 -0.011249639 0.968364418 106.375389099
0.968181789 0.021497471 0.249209180 59.847576141 -0.022497958 0.999716759 0.001166184 -2.530892611 -0.249122441 -0.006736171 0.968421221 107.187095642
0.968818009 0.025648544 0.246327251 60.007102966 -0.027476540 0.999584854 0.003985533 -2.523957253 -0.246131673 -0.010629995 0.969150662 107.696685791
0.969071627 0.028803632 0.244976565 60.195053101 -0.032503415 0.999380529 0.011071320 -2.521304607 -0.244514778 -0.018692251 0.969437897 108.500343323
0.970196187 0.021214606 0.241266072 60.398658752 -0.026223987 0.999469757 0.017569358 -2.510769367 -0.240774736 -0.023373658 0.970270634 109.271347046
0.971641302 0.014176517 0.235906601 60.647727966 -0.019032566 0.999618948 0.018318929 -2.528165817 -0.235566199 -0.022290275 0.971573651 110.005638123
0.971966028 0.030790843 0.232966408 60.800498962 -0.034912039 0.999265850 0.013585251 -2.527902842 -0.232386217 -0.021338658 0.972360313 110.639358521
0.971800327 0.036431767 0.232843727 60.947586060 -0.039264571 0.999167919 0.007540164 -2.524566174 -0.232384443 -0.016470805 0.972455323 111.454879761
0.972273529 0.037577197 0.230675936 61.107772827 -0.039784934 0.999163747 0.004924129 -2.520967007 -0.230307072 -0.013965700 0.972988546 112.253501892
0.973192751 0.023437353 0.228661001 61.209274292 -0.025509350 0.999623477 0.006108694 -2.522551060 -0.228440687 -0.011778523 0.973457396 113.067886353
0.974287629 0.021046571 0.224187255 61.403675079 -0.023614693 0.999650180 0.008778911 -2.531706810 -0.223932877 -0.013847959 0.974476933 113.865898132
0.975591063 0.027955934 0.217668250 61.697509766 -0.031152036 0.999418676 0.011263862 -2.549459457 -0.217235401 -0.017770533 0.975928128 114.655097961
0.975604236 0.020696353 0.218419239 61.782478333 -0.024421444 0.999565840 0.014367418 -2.523143768 -0.218035728 -0.019351872 0.975719631 115.468559265
0.974885285 0.025837233 0.221064970 61.942634583 -0.029867977 0.999409914 0.014908162 -2.524561405 -0.220558077 -0.021137413 0.975115359 116.329765320
0.975381792 0.019644819 0.219499454 62.142471313 -0.023938952 0.999535620 0.016918991 -2.519686222 -0.219074100 -0.021757998 0.975434721 117.119873047
0.975334585 0.027385563 0.218878016 62.333427429 -0.031336837 0.999367535 0.014599226 -2.519779205 -0.218348727 -0.021098994 0.975611746 117.906692505
0.975209713 0.029506704 0.219158694 62.507835388 -0.032981366 0.999346554 0.012210839 -2.528240681 -0.218664184 -0.019137133 0.975581408 118.686126709
0.973729491 0.031318892 0.225399479 62.521881104 -0.034431752 0.999323249 0.009890528 -2.525555372 -0.224946424 -0.017392399 0.974184692 119.446846008
0.973470390 0.041599780 0.224854574 62.801750183 -0.045325957 0.998871863 0.011431530 -2.531682014 -0.224134594 -0.021320950 0.974293768 120.421905518
0.971917510 0.056441896 0.228309825 63.015296936 -0.060738631 0.998048604 0.011830259 -2.520677090 -0.227205902 -0.025366368 0.973485231 121.403427124
0.971551180 0.046559840 0.232067838 63.135414124 -0.050857943 0.998591840 0.012567846 -2.516365528 -0.231165424 -0.024013847 0.972586870 122.162857056
0.970849633 0.058895327 0.232200623 63.344238281 -0.062622644 0.997964323 0.008705866 -2.520119190 -0.231224656 -0.022994112 0.972597420 122.938072205
0.970427811 0.045831233 0.236862898 63.514339447 -0.049769849 0.998668671 0.010671197 -2.516042709 -0.236068130 -0.022145230 0.971452713 124.020538330
0.971124113 0.031643596 0.236328319 63.733955383 -0.035027716 0.999299765 0.010132540 -2.543637276 -0.235851943 -0.018118817 0.971588492 124.911209106
0.970950305 0.044216186 0.235017493 64.075500488 -0.047894008 0.998766482 0.009959941 -2.552315712 -0.234297216 -0.020927453 0.971906781 125.542175293
0.970668852 0.047016244 0.235635087 64.284339905 -0.051596943 0.998543084 0.013306651 -2.547594070 -0.234676167 -0.025075480 0.971717119 126.444290161
0.970068038 0.048088815 0.237882808 64.440986633 -0.053868227 0.998352230 0.017849011 -2.540956020 -0.236642599 -0.030130353 0.971096396 127.266288757
0.969228446 0.051387534 0.240599722 64.623962402 -0.058576435 0.997985661 0.022816420 -2.515484333 -0.238952845 -0.036209304 0.970322669 128.014190674
0.969082355 0.050852265 0.241300896 64.788902283 -0.056276292 0.998256445 0.015633833 -2.522091866 -0.240095362 -0.028731212 0.970290899 128.825073242
0.968744993 0.043575976 0.244063318 64.998374939 -0.046109095 0.998889089 0.004671302 -2.551665545 -0.243598998 -0.015779557 0.969714344 129.642852783
