1.000000000 0.000000000 0.000000000 0.000000000 0.000000000 1.000000000 0.000000000 0.000000000 0.000000000 0.000000000 1.000000000 0.000000000
0.999992609 -0.002092551 -0.003224262 -0.001507072 0.002089158 0.999997199 -0.001055327 -0.016699323 0.003226461 0.001048583 0.999994159 0.684218645
0.999975681 -0.000443969 -0.006963634 -0.021544520 0.000424183 0.999995887 -0.002842615 -0.022441272 0.006964869 0.002839592 0.999971628 1.378602028
0.999936879 -0.000428813 -0.011225683 -0.036444549 0.000386977 0.999992967 -0.003728709 -0.028243642 0.011227204 0.003724130 0.999929965 2.090865374
0.999874353 0.001453854 -0.015786001 -0.065244853 -0.001522934 0.999989331 -0.004364876 -0.035296753 0.015779486 0.004388369 0.999865890 2.816558599
0.999793231 0.001028265 -0.020304164 -0.084718168 -0.001116488 0.999989986 -0.004334225 -0.045985203 0.020299502 0.004356000 0.999784470 3.561393499
0.999690473 0.002287749 -0.024771459 -0.107359581 -0.002428296 0.999981105 -0.005645162 -0.052605052 0.024758073 0.005703568 0.999677181 4.334758759
0.999547660 0.004895208 -0.029670825 -0.137458116 -0.005082416 0.999967635 -0.006237295 -0.059970163 0.029639332 0.006385273 0.999540329 5.116466522
0.999410391 0.005199857 -0.033937462 -0.169260383 -0.005355062 0.999975681 -0.004483987 -0.069017604 0.033913314 0.004663080 0.999413908 5.915535927
0.999233067 0.007272892 -0.038476456 -0.216535896 -0.007346229 0.999971390 -0.001764955 -0.092265405 0.038462508 0.002046258 0.999257863 6.691106796
0.999096930 0.006962480 -0.041916650 -0.254550725 -0.006926613 0.999975502 0.001000868 -0.102237768 0.041922584 -0.000709624 0.999120533 7.508692741
0.998986483 0.007998571 -0.044297300 -0.299064040 -0.007982286 0.999967933 0.000544538 -0.111105204 0.044300236 -0.000190392 0.999018192 8.330867767
0.998880506 0.005717731 -0.046958361 -0.337312877 -0.005741286 0.999983370 -0.000366729 -0.121237367 0.046955481 0.000635920 0.998896718 9.135332108
0.998818398 0.003167060 -0.048496027 -0.380056083 -0.003213504 0.999994457 -0.000879752 -0.126975328 0.048492968 0.001034554 0.998822987 9.975907326
0.998715222 0.002841189 -0.050594289 -0.423519254 -0.002837055 0.999995947 0.000153523 -0.134905726 0.050594516 -0.000009787 0.998719275 10.829494476
0.998644710 0.000821441 -0.052037641 -0.473461807 -0.000816916 0.999999583 0.000108225 -0.157730341 0.052037708 -0.000065568 0.998645127 11.671182632
0.998539209 0.003045039 -0.053944897 -0.524931788 -0.003164102 0.999992669 -0.002121869 -0.166758299 0.053938042 0.002289457 0.998541653 12.541345596
0.998454869 0.003430270 -0.055461377 -0.574322343 -0.003689702 0.999982715 -0.004575973 -0.174026638 0.055444725 0.004773540 0.998450339 13.422855377
0.998346269 0.008385580 -0.056872308 -0.645134926 -0.008715635 0.999946594 -0.005557919 -0.189949483 0.056822654 0.006044406 0.998365998 14.289957047
0.998274148 0.008966554 -0.058039531 -0.698625743 -0.009298597 0.999941945 -0.005453424 -0.198409796 0.057987262 0.005983698 0.998299420 15.189295769
0.998192608 0.007930409 -0.059571456 -0.752005637 -0.008184660 0.999958456 -0.004025237 -0.210925758 0.059537053 0.004505535 0.998215914 16.090042114
0.998142719 0.007011535 -0.060514141 -0.818288624 -0.007166051 0.999971509 -0.002336761 -0.219913974 0.060496029 0.002766068 0.998164594 16.969697952
0.998077989 0.006983522 -0.061576702 -0.876246095 -0.007137300 0.999971867 -0.002277726 -0.232225329 0.061559059 0.002712839 0.998099804 17.885379791
0.997976005 0.007264812 -0.063175388 -0.939154446 -0.007477128 0.999967158 -0.003124984 -0.244502664 0.063150615 0.003591030 0.997997522 18.803913116
0.997923255 0.007008548 -0.064030707 -0.998639464 -0.007210030 0.999969780 -0.002916106 -0.277916729 0.064008333 0.003371713 0.997943580 19.690986633
