1.000000000 0.000000000 0.000000000 0.000000000 0.000000000 1.000000000 0.000000000 0.000000000 0.000000000 0.000000000 1.000000000 0.000000000
0.999009609 -0.000721002 0.044489432 0.123995528 0.000836082 0.999996364 -0.002568130 -0.015664343 -0.044487420 0.002602784 0.999006510 0.992675900
0.996014357 -0.005232980 0.089039348 0.144065276 0.005869606 0.999958932 -0.006889616 -0.051977757 -0.088999629 0.007384783 0.996004105 2.024442673
0.990859568 -0.005083184 0.134801939 0.269858360 0.006572976 0.999921978 -0.010608957 -0.091475666 -0.134737447 0.011398035 0.990815639 2.998514891
0.983389556 -0.003794653 0.181468308 0.494292259 0.006288714 0.999893367 -0.013170381 -0.098856762 -0.181398883 0.014092815 0.983308494 3.985285759
0.973887622 -0.005940589 0.226952791 0.709248006 0.009149829 0.999872267 -0.013091164 -0.139705420 -0.226845950 0.014825898 0.973817647 4.927500248
0.961995900 -0.007405412 0.272963196 0.872295141 0.011736425 0.999829531 -0.014237241 -0.174640089 -0.272811145 0.016899779 0.961918890 5.924320221
0.947830856 -0.010526337 0.318599433 1.204220414 0.016638467 0.999725640 -0.016468965 -0.202032000 -0.318338633 0.020910798 0.947746038 6.895148277
0.933832765 -0.011937075 0.357510120 1.393781781 0.019594170 0.999649107 -0.017803099 -0.276273787 -0.357172221 0.023630230 0.933739185 7.841528893
0.915053010 -0.012440817 0.403141022 1.978189826 0.021500383 0.999607146 -0.017954150 -0.273648977 -0.402759403 0.025096685 0.914961398 8.673935890
0.895823836 -0.013194898 0.444212168 2.529908657 0.023160737 0.999585867 -0.017015478 -0.317619652 -0.443803966 0.025531145 0.895758927 9.579571724
0.874420822 -0.013356955 0.484983265 2.961634159 0.023847971 0.999594986 -0.015467730 -0.365553051 -0.484580457 0.025091166 0.874385595 10.406401634
0.849690020 -0.013682657 0.527104318 3.462313414 0.025257874 0.999570847 -0.014768512 -0.391152799 -0.526676357 0.025862176 0.849671304 11.318946838
0.823638141 -0.014305660 0.566934466 4.036644936 0.026786590 0.999546289 -0.013693407 -0.416615546 -0.566481709 0.026464637 0.823648095 12.066628456
0.797331572 -0.015839936 0.603332877 4.612649918 0.029966081 0.999460459 -0.013361594 -0.472901404 -0.602796078 0.028733129 0.797376513 12.879191399
0.766499877 -0.015754173 0.642050505 5.313548088 0.032047816 0.999390721 -0.013737313 -0.481296420 -0.641443431 0.031105949 0.766538262 13.627264977
0.737140357 -0.018574219 0.675483525 5.885397911 0.036012419 0.999280214 -0.011821654 -0.520611942 -0.674778402 0.033040009 0.737279296 14.298381805
0.704668760 -0.018142197 0.709303498 6.608125210 0.036711704 0.999264896 -0.010913104 -0.553200543 -0.708584905 0.033729859 0.704817474 14.975854874
0.668671489 -0.017166574 0.743359029 7.211813927 0.039128900 0.999159336 -0.012123634 -0.571381450 -0.742526650 0.037193544 0.668781519 15.697256088
0.635010064 -0.018368820 0.772284806 7.993143082 0.043167196 0.998997688 -0.011732933 -0.620114326 -0.771295786 0.040787902 0.635166764 16.337120056
0.596643686 -0.016939865 0.802326858 8.717443466 0.043960337 0.998964250 -0.011599139 -0.640874147 -0.801299989 0.042191099 0.596770346 16.878284454
0.558851898 -0.016190201 0.829108834 9.564132690 0.047284048 0.998803139 -0.012367405 -0.687604547 -0.827916920 0.046115164 0.558948576 17.478199005
0.519059300 -0.014767072 0.854610264 10.358016968 0.051402077 0.998578668 -0.013964967 -0.713526011 -0.853190005 0.051177382 0.519080520 17.957065582
0.479486406 -0.013448677 0.877445996 11.320785522 0.054066565 0.998434007 -0.014241925 -0.725957215 -0.875881076 0.054269284 0.479462504 18.411497116
0.441099733 -0.015549869 0.897323251 12.022354126 0.058468435 0.998222053 -0.011443075 -0.743523479 -0.895550430 0.057512596 0.441224456 18.751117706
0.406041950 -0.016254392 0.913709581 12.879640579 0.062917903 0.997964740 -0.010206693 -0.788921595 -0.911684692 0.061633043 0.406237900 19.162235260
0.368900359 -0.014452124 0.929356158 13.818311691 0.064459689 0.997867703 -0.010069169 -0.817013621 -0.927229822 0.063620538 0.369045049 19.613578796
0.335489511 -0.014935218 0.941925049 14.655166626 0.065039806 0.997853875 -0.007343428 -0.827351093 -0.939794660 0.063726276 0.335740685 19.878379822
0.301446259 -0.016286230 0.953343809 15.646560669 0.067611031 0.997700751 -0.004334498 -0.843597412 -0.951081753 0.065763190 0.301854044 20.163417816
0.270775437 -0.016504768 0.962500572 16.679393768 0.068837583 0.997623444 -0.002258635 -0.874823570 -0.960176826 0.066867828 0.271267861 20.469522476
0.238533899 -0.013992109 0.971033096 17.426784515 0.065520421 0.997847497 -0.001716483 -0.889181614 -0.968920529 0.064032011 0.238937080 20.695281982
0.204859167 -0.012119316 0.978716195 18.623386383 0.065636396 0.997840285 -0.001382411 -0.888251364 -0.976587355 0.064522691 0.205212012 20.910930634
0.174437106 -0.011833478 0.984596968 19.533638000 0.067163534 0.997739732 0.000092427 -0.900334179 -0.982374132 0.066112980 0.174837381 21.066629410
0.142956585 -0.012517472 0.989649355 20.566337585 0.068878576 0.997619152 0.002668739 -0.916840732 -0.987328291 0.067784227 0.143478096 21.236097336
0.112436451 -0.012901047 0.993574739 21.674535751 0.067932412 0.997673690 0.005266887 -0.925019860 -0.991332889 0.066903815 0.113050945 21.368713379
0.082109675 -0.013283564 0.996534348 22.715721130 0.068339027 0.997630298 0.007667455 -0.924033403 -0.994276404 0.067472696 0.082822487 21.441810608
0.054778710 -0.013068299 0.998412609 23.832677841 0.070655897 0.997456372 0.009179278 -0.919834435 -0.995994329 0.070040993 0.055562288 21.464559555
0.032546297 -0.012504527 0.999391615 24.894268036 0.075099245 0.997123480 0.010030544 -0.933599174 -0.996643662 0.074727185 0.033391282 21.534975052
0.007063955 -0.012150744 0.999900639 25.920085907 0.079135559 0.996794641 0.011554020 -0.920577168 -0.996837497 0.079046175 0.008002341 21.503103256
-0.015034869 -0.012713050 0.999805510 27.054840088 0.084684156 0.996308029 0.013942127 -0.935106158 -0.996293008 0.084877424 -0.013903350 21.552991867
-0.030797366 -0.013166238 0.999437511 28.160877228 0.088998914 0.995903194 0.015862221 -0.920479059 -0.995553672 0.089437477 -0.029499991 21.428424835
-0.046872295 -0.013181077 0.998812318 29.245956421 0.092022769 0.995601475 0.017457219 -0.917486250 -0.994651139 0.092731878 -0.045453772 21.399106979
-0.061852802 -0.013867010 0.997987211 30.375776291 0.094081976 0.995367646 0.019661652 -0.910789371 -0.993639112 0.095108904 -0.060262300 21.316062927
-0.073707588 -0.014951311 0.997166038 31.545772552 0.094281867 0.995302260 0.021892475 -0.892568290 -0.992811024 0.095628478 -0.071952373 21.201820374
-0.086768240 -0.014464674 0.996121824 32.727073669 0.094549201 0.995259166 0.022688027 -0.892801762 -0.991729498 0.096151285 -0.084989950 21.140977859
-0.098723382 -0.012110355 0.995039463 33.866027832 0.094223976 0.995317221 0.021462286 -0.872887850 -0.990641832 0.095875576 -0.097120695 21.025192261
-0.108148612 -0.008925337 0.994092882 34.972393036 0.094698727 0.995317578 0.019238796 -0.865319967 -0.989611864 0.096220128 -0.106797747 20.908973694
-0.120780461 -0.006496704 0.992656052 36.278732300 0.095348507 0.995276451 0.018115364 -0.850345552 -0.988087177 0.096836425 -0.119591303 20.766765594
-0.125449657 -0.005234702 0.992084205 37.402336121 0.095293730 0.995296121 0.017301675 -0.842700481 -0.987510562 0.096710071 -0.124361530 20.646226883
-0.129715100 -0.004113436 0.991540730 38.797664642 0.095633954 0.995274782 0.016640000 -0.832551181 -0.986926436 0.096983612 -0.128709584 20.501419067
-0.135796830 -0.003121388 0.990728557 40.065418243 0.095851079 0.995258868 0.016273819 -0.815422475 -0.986086369 0.097172581 -0.134854704 20.301979065
-0.141210735 -0.001303495 0.989975393 41.464878082 0.095522463 0.995311379 0.014935983 -0.805701852 -0.985357523 0.096674278 -0.140425086 20.125183105
-0.146694422 -0.001189015 0.989177763 42.749603271 0.095178701 0.995338440 0.015311438 -0.783579051 -0.984589338 0.096395016 -0.145898461 19.891525269
-0.148569822 -0.001364188 0.988897681 44.082489014 0.095629886 0.995288432 0.015740311 -0.790927052 -0.984264255 0.096906960 -0.147740409 19.767902374
-0.151096612 -0.003556310 0.988509536 45.454227448 0.096014954 0.995208621 0.018256664 -0.770909071 -0.983842194 0.097670458 -0.150032222 19.549774170
-0.151236266 -0.004200516 0.988485515 46.731456757 0.096738569 0.995123923 0.019029602 -0.759444237 -0.983749747 0.098502882 -0.150093496 19.376697540
-0.156145915 -0.004529620 0.987720311 48.225708008 0.097806714 0.994999886 0.020025074 -0.744946241 -0.982876658 0.099732794 -0.154923230 19.144092560
-0.157416999 -0.003802197 0.987521708 49.725166321 0.099054210 0.994884491 0.019620473 -0.713630378 -0.982549012 0.100907050 -0.156236202 18.915115356
-0.158764809 -0.003565857 0.987306833 51.060871124 0.099616915 0.994828522 0.019612100 -0.700607598 -0.982275248 0.101466469 -0.157589659 18.685459137
-0.156831816 -0.002528536 0.987618864 52.454116821 0.100055888 0.994806886 0.018435685 -0.680170178 -0.982541084 0.101708680 -0.155765474 18.477336884
-0.157114759 -0.002130459 0.987574875 53.953086853 0.098948441 0.994926810 0.017888263 -0.656701267 -0.982607245 0.100529842 -0.156108275 18.172634125
-0.155524343 -0.002602397 0.987825274 55.385864258 0.099211052 0.994894207 0.018241007 -0.645148039 -0.982833683 0.100840472 -0.154473439 17.970649719
-0.153232947 -0.002825378 0.988182724 57.006320953 0.099899463 0.994823635 0.018335404 -0.628386676 -0.983123779 0.101528876 -0.152158871 17.756591797
-0.154071793 -0.002817776 0.988052428 58.427444458 0.100197546 0.994791210 0.018461380 -0.623463154 -0.982962251 0.101845182 -0.152988359 17.549701691
-0.151790634 -0.001896372 0.988407433 60.226745605 0.100262344 0.994805336 0.017306123 -0.599494934 -0.983310521 0.101727329 -0.150813431 17.263381958
-0.151378244 -0.001740188 0.988470912 61.470046997 0.100601248 0.994773507 0.017157834 -0.579704940 -0.983339310 0.102039106 -0.150413394 17.045570374
-0.148943290 -0.001666178 0.988840818 63.285144806 0.100381061 0.994801819 0.016796123 -0.572795391 -0.983733416 0.101762943 -0.148003191 16.818099976
-0.150718957 -0.003697250 0.988566279 64.931800842 0.102122255 0.994579375 0.019289613 -0.546312332 -0.983283699 0.103862301 -0.149525791 16.550266266
-0.148424447 -0.004876977 0.988908291 66.453636169 0.104719795 0.994282246 0.020620886 -0.528291464 -0.983359277 0.106619298 -0.147066548 16.322719574
-0.147757530 -0.004183125 0.989011288 68.194084167 0.106981032 0.994050562 0.020187421 -0.514606953 -0.983216345 0.108788684 -0.146432370 16.086269379
-0.145515889 -0.003449009 0.989345610 70.167953491 0.105324224 0.994250357 0.018957619 -0.493172646 -0.983727932 0.106961131 -0.144317463 15.735544205
-0.144330576 -0.003152152 0.989520013 71.531455994 0.106277235 0.994154274 0.018668532 -0.482329488 -0.983799994 0.107858352 -0.143153369 15.629443169
-0.146701351 -0.004013223 0.989168286 73.351440430 0.106326766 0.994127274 0.019802539 -0.472618341 -0.983443916 0.108080581 -0.145414576 15.360085487
-0.143276900 -0.004180499 0.989669383 75.182571411 0.107141562 0.994041741 0.019710230 -0.445581675 -0.983860254 0.108859226 -0.141976804 15.117649078
-0.145368889 -0.004980822 0.989360571 76.946090698 0.107442833 0.993987143 0.020791028 -0.429789066 -0.983520508 0.109322548 -0.143961132 14.850992203
-0.143653288 -0.004771665 0.989611924 78.605239868 0.109557614 0.993758142 0.020695288 -0.415278912 -0.983539164 0.111392982 -0.142235368 14.642342567
-0.145046636 -0.004319199 0.989410758 80.393562317 0.109569386 0.993763030 0.020401070 -0.401361346 -0.983333349 0.111368746 -0.143670246 14.400582314
-0.145631403 -0.003718305 0.989327371 82.136230469 0.107973687 0.993953347 0.019629784 -0.372615337 -0.983423650 0.109680511 -0.144350842 14.097491264
-0.148091257 -0.003070618 0.988964319 84.053253174 0.108121499 0.993944347 0.019276701 -0.360107064 -0.983039916 0.109783486 -0.146863908 13.873274803
-0.147676945 -0.003824283 0.989023447 85.562660217 0.106462725 0.994114041 0.019740649 -0.336016297 -0.983283222 0.108209863 -0.146402106 13.597040176
-0.149684086 -0.003832810 0.988720715 87.241447449 0.106805116 0.994072378 0.020023035 -0.319626808 -0.982942462 0.108598128 -0.148388892 13.387941360
-0.151442900 -0.004758892 0.988448739 89.141403198 0.106432661 0.994090140 0.021092964 -0.315986156 -0.982713521 0.108398184 -0.150042847 13.126942635
-0.152111337 -0.005238342 0.988343596 90.753257751 0.105488762 0.994182050 0.021504654 -0.288905501 -0.982711971 0.107530847 -0.150675267 12.906774521
-0.154787153 -0.005013940 0.987929285 92.699096680 0.104447395 0.994294047 0.021410974 -0.270853162 -0.982405365 0.106501371 -0.153381720 12.632669449
-0.157803908 -0.004725462 0.987453401 94.364860535 0.102843329 0.994466066 0.021194389 -0.245660186 -0.982094765 0.104898110 -0.156446114 12.385814667
-0.159264922 -0.003730269 0.987223029 96.188713074 0.103333905 0.994431198 0.020428048 -0.221543312 -0.981807411 0.105267659 -0.157994002 12.041805267
-0.164331973 -0.004668554 0.986388266 98.448219299 0.100704581 0.994678557 0.021485224 -0.196529150 -0.981245458 0.102865085 -0.162988842 11.657930374
-0.171245500 -0.004830942 0.985210657 100.232757568 0.100957729 0.994632185 0.022425303 -0.189679146 -0.980036676 0.103305444 -0.169840142 11.464597702
-0.176885381 -0.004707891 0.984214425 102.309288025 0.099024884 0.994823575 0.022555709 -0.164252758 -0.979231834 0.101452060 -0.175505176 11.078281403
-0.179781929 -0.003759930 0.983693421 103.925209045 0.098391473 0.994903445 0.021785090 -0.149347067 -0.978768170 0.100704193 -0.178497329 10.814477921
-0.183137521 -0.002233468 0.983078837 106.061218262 0.098273873 0.994940877 0.020567901 -0.132638931 -0.978158534 0.100378476 -0.181993142 10.459438324
-0.189893380 -0.002396014 0.981795907 108.063751221 0.096306682 0.995123029 0.021055691 -0.112400055 -0.977065325 0.098552577 -0.188738182 10.136617661
-0.192605138 -0.002123977 0.981267989 110.290168762 0.095994495 0.995154381 0.020996075 -0.097353220 -0.976564944 0.098241024 -0.191469684 9.707193375
-0.199187651 -0.003662317 0.979948461 111.969200134 0.092915706 0.995411098 0.022606531 -0.072366238 -0.975541651 0.095556274 -0.197935119 9.340021133
-0.203544408 -0.004173700 0.979050577 113.760780334 0.093003772 0.995380044 0.023578841 -0.051593304 -0.974633574 0.095855452 -0.202217788 8.945405960
-0.211187229 -0.004408376 0.977429509 115.973091125 0.092348486 0.995420277 0.024442760 -0.037907839 -0.973068476 0.095426843 -0.209814921 8.582578659
-0.219020963 -0.003035308 0.975708961 118.075256348 0.093128942 0.995358229 0.024001487 -0.030071497 -0.971260607 0.096124314 -0.217723683 8.190790176
-0.220658690 -0.002864964 0.975340486 119.855125427 0.091644235 0.995504260 0.023657631 0.020954132 -0.971031070 0.094605319 -0.219406217 7.662487030
-0.225308612 -0.002357383 0.974278212 122.023727417 0.093733765 0.995299459 0.024084901 0.031105042 -0.969762981 0.096750036 -0.224030703 7.211919785
-0.230575219 -0.002677871 0.973044395 123.813285828 0.092567377 0.995394170 0.024674464 0.063075066 -0.968636453 0.095762201 -0.229267493 6.782182693
-0.237583965 -0.002467849 0.971356094 125.938865662 0.090587489 0.995575368 0.024686245 0.092198849 -0.967127979 0.093858615 -0.236311615 6.246215820
-0.245546952 -0.002717383 0.969373107 127.907943726 0.089374311 0.995666206 0.025430109 0.109003782 -0.965250075 0.092882164 -0.244242504 5.835472107
-0.250479370 -0.003328555 0.968108296 129.950302124 0.090734921 0.995504439 0.026898740 0.134799719 -0.963854551 0.094579667 -0.249053955 5.339567184
-0.252593368 -0.003137829 0.967559636 131.964202881 0.094322406 0.995144844 0.027851386 0.176384687 -0.962958097 0.098298520 -0.251073629 4.812356949
-0.256962180 -0.003358681 0.966407776 134.135482788 0.093916550 0.995166838 0.028430570 0.204646826 -0.961841106 0.098068163 -0.255407423 4.205806732
-0.257225871 -0.003124247 0.966338515 136.102981567 0.094054386 0.995158911 0.028253471 0.241623163 -0.961757302 0.098156780 -0.255689383 3.647792816
-0.261664897 -0.003095877 0.965145946 138.265213013 0.093582265 0.995194614 0.028563824 0.281502724 -0.960605085 0.097795561 -0.260120392 3.077968597
-0.263091356 -0.002465478 0.964759827 140.453430176 0.093105756 0.995257199 0.027933553 0.314059734 -0.960261703 0.097174659 -0.261616617 2.530441284
-0.270813674 -0.002890272 0.962619305 142.480484009 0.089782447 0.995553553 0.028247712 0.348321915 -0.958429635 0.094077058 -0.269352704 1.952350616
-0.274476409 -0.002722109 0.961582005 144.639633179 0.090198182 0.995507061 0.028564619 0.390327454 -0.957348049 0.094574153 -0.273000360 1.354804993
-0.279965401 -0.002844699 0.959997833 146.485519409 0.089611784 0.995545447 0.029083708 0.417188644 -0.955812216 0.094170518 -0.278465748 0.807785034
-0.285155416 -0.003032556 0.958468199 148.591049194 0.088394277 0.995643556 0.029448563 0.457157612 -0.954389989 0.093121491 -0.283647507 0.181797028
-0.289715141 -0.003099727 0.957099557 150.853576660 0.087734573 0.995691955 0.029782131 0.491004467 -0.953076780 0.092600025 -0.288197458 -0.502407074
-0.292880058 -0.003546289 0.956134260 152.702301025 0.087997407 0.995642364 0.030647976 0.529463053 -0.952084720 0.093114510 -0.291294217 -1.013839722
-0.296656042 -0.003772782 0.954968512 154.760391235 0.088415943 0.995582044 0.031399246 0.561177254 -0.950876176 0.093750201 -0.295014322 -1.656280518
-0.303252965 -0.003085917 0.952896774 156.828582764 0.090215117 0.995403767 0.031933989 0.599439621 -0.948623478 0.095650755 -0.301583141 -2.227859497
-0.306778908 -0.002672114 0.951768696 159.111816406 0.089317150 0.995496035 0.031584103 0.654674053 -0.947574198 0.094699599 -0.305160940 -3.002761841
-0.308868557 -0.001105658 0.951095760 161.057601929 0.089244895 0.995547175 0.030139707 0.685048103 -0.946901679 0.094190642 -0.307397068 -3.649894714
-0.312914282 -0.000020043 0.949772954 163.394927979 0.090266056 0.995466530 0.029760325 0.722222805 -0.945475459 0.095045686 -0.311496347 -4.344848633
-0.316060871 0.000536226 0.948730350 165.493896484 0.089816950 0.995519102 0.029359102 0.757807016 -0.944471121 0.094492316 -0.314695299 -5.026660919
-0.321189046 0.000394728 0.947005510 167.642425537 0.089892291 0.995491385 0.030073263 0.805787086 -0.942731380 0.094788797 -0.319778532 -5.736679077
-0.324977785 0.000719532 0.945711851 169.732192993 0.090735786 0.995404303 0.030422555 0.838721275 -0.941351116 0.095697671 -0.323551774 -6.412391663
-0.330471218 0.000629247 0.943806291 171.933746338 0.091114230 0.995344520 0.031239877 0.890711308 -0.939399958 0.096319161 -0.328992248 -7.189361572
-0.334437191 0.000291636 0.942408323 174.057678223 0.092605077 0.995164752 0.032555342 0.934889317 -0.937849462 0.098160625 -0.332849354 -7.955417633
-0.336388826 0.000359046 0.941713333 176.208236694 0.094404981 0.994969547 0.033343077 0.975829601 -0.936971426 0.100119814 -0.334732831 -8.663494110
-0.339349449 -0.000199716 0.940650523 178.699142456 0.093783431 0.995004654 0.034044672 1.025350094 -0.935965717 0.099771626 -0.337637722 -9.528652191
-0.342009693 -0.000224805 0.939686716 180.349563599 0.092478633 0.995132089 0.033896796 1.071805954 -0.935127139 0.098495126 -0.340326101 -10.161514282
-0.345816374 0.000986512 0.938291848 182.470977783 0.091789775 0.995233059 0.032783676 1.121762276 -0.933793962 0.097463883 -0.344260514 -10.941848755
-0.348582178 0.002229020 0.937265635 184.741409302 0.090390258 0.995410323 0.031250153 1.153409004 -0.932901502 0.095614053 -0.347185940 -11.733673096
-0.350237161 0.003561605 0.936644375 186.890930176 0.089824609 0.995506108 0.029802524 1.198551655 -0.932336092 0.094572783 -0.348985195 -12.495544434
-0.356254041 0.003428960 0.934372187 189.214797974 0.087686293 0.995698512 0.029778711 1.242870331 -0.930257499 0.092541561 -0.355023801 -13.305282593
-0.360674798 0.003890491 0.932672679 191.407485962 0.088756382 0.995591879 0.030170122 1.286933899 -0.928450644 0.093663439 -0.359431654 -14.200420380
-0.362992495 0.002855361 0.931776881 193.609054565 0.088028148 0.995623350 0.031242123 1.335022449 -0.927616298 0.093364418 -0.361656696 -15.041481018
-0.367140830 0.001861412 0.930152595 195.877395630 0.087743603 0.995603621 0.032640915 1.375408173 -0.926009357 0.093599930 -0.365691662 -15.884140015
-0.372242153 0.001447655 0.928123534 198.180450439 0.087263487 0.995619059 0.033445798 1.416472435 -0.924015939 0.093442410 -0.370739371 -16.745597839
-0.375478417 0.001493358 0.926819086 200.227447510 0.086097851 0.995726407 0.033276081 1.467775822 -0.922815204 0.092292733 -0.374003947 -17.561222076
-0.380296052 0.001901692 0.924851954 202.266189575 0.085595496 0.995773852 0.033149064 1.513498306 -0.920886934 0.091770768 -0.378853351 -18.393215179
-0.381208718 0.002392924 0.924474895 204.547164917 0.085945666 0.995753229 0.032862395 1.556320667 -0.920476735 0.091983214 -0.379797190 -19.311836243
-0.383377969 0.002537233 0.923577189 207.154724121 0.086190104 0.995726347 0.033042151 1.603899479 -0.919552565 0.092271991 -0.381959885 -20.368854523
-0.385865867 0.002439463 0.922540843 209.161849976 0.087508962 0.995580196 0.033969253 1.641143799 -0.918386757 0.093839325 -0.384375423 -21.169311523
-0.387956589 0.001942033 0.921664834 211.380401611 0.088807836 0.995420158 0.035284400 1.697697163 -0.917380393 0.095541060 -0.386353582 -22.080348969
-0.389257222 0.001768935 0.921116531 213.388641357 0.089268066 0.995360076 0.035812471 1.746244907 -0.916784585 0.096167721 -0.387610406 -22.906101227
-0.392986655 0.002179679 0.919530630 215.477218628 0.089033455 0.995385349 0.035691354 1.791535378 -0.915214837 0.095896393 -0.391368717 -23.808822632
-0.397422910 0.002634246 0.917620838 217.928405762 0.088504337 0.995440423 0.035473671 1.861050129 -0.913348675 0.095312662 -0.395845473 -24.915859222
-0.400576741 0.003485110 0.916245461 220.067016602 0.088303663 0.995481253 0.034819260 1.905569553 -0.911989152 0.094856821 -0.399075896 -25.816303253
-0.403027833 0.004030642 0.915167689 221.906463623 0.087315381 0.995594323 0.034067634 1.943334579 -0.911003828 0.093639605 -0.401605725 -26.638404846
-0.402817935 0.004680907 0.915257037 224.460754395 0.086084694 0.995744407 0.032794535 1.994982243 -0.911213934 0.092001043 -0.401508152 -27.709308624
-0.410024315 0.004685016 0.912051380 226.627227783 0.085806027 0.995746434 0.033460207 2.035944939 -0.908020377 0.091980197 -0.408683777 -28.677307129
-0.410888404 0.004634482 0.911662579 228.923095703 0.087855704 0.995530844 0.034535885 2.067055225 -0.907433569 0.094286360 -0.409460783 -29.644207001
-0.415519893 0.003839983 0.909564614 231.106689453 0.088352151 0.995429099 0.036159728 2.121327400 -0.905273736 0.095388301 -0.413961560 -30.632061005
-0.416938096 0.003165005 0.908916473 233.255035400 0.087630816 0.995471478 0.036731575 2.180897713 -0.904690921 0.094965234 -0.415329605 -31.641853333
-0.421336293 0.002490950 0.906888127 235.333786011 0.086122625 0.995582640 0.037277598 2.221268654 -0.902796030 0.093811348 -0.419691980 -32.555824280
-0.424696743 0.002199120 0.905319929 237.635620117 0.084836699 0.995689332 0.037379269 2.281667709 -0.901342034 0.092680566 -0.423054963 -33.588081360
-0.428479046 0.001320306 0.903537631 239.833953857 0.083590522 0.995764077 0.038185515 2.334002018 -0.899666667 0.091890223 -0.426776856 -34.621292114
-0.431482553 0.001075407 0.902107418 241.955718994 0.082604975 0.995841086 0.038323209 2.394178867 -0.898321271 0.091055699 -0.429779291 -35.668991089
-0.434593827 0.000617599 0.900613129 244.234390259 0.081995517 0.995869577 0.038884249 2.451788902 -0.896876037 0.090746447 -0.432851881 -36.724525452
-0.441025555 -0.000634774 0.897481143 246.296096802 0.080606803 0.995926321 0.040314835 2.502403259 -0.893857300 0.090124279 -0.439180225 -37.688316345
-0.442389518 0.000126069 0.896809816 248.541320801 0.080603987 0.995954454 0.039621308 2.566020489 -0.893183291 0.089815825 -0.440612406 -38.797637939
-0.448312134 -0.000155624 0.893863916 250.687408447 0.079943933 0.995981693 0.040268783 2.617928505 -0.890284717 0.089513279 -0.446500689 -39.787651062
-0.450733721 -0.000209128 0.892645359 252.808761597 0.080206774 0.995941758 0.040733039 2.676181793 -0.889037371 0.089957282 -0.448890209 -40.867561340
-0.455287367 -0.000160075 0.890330970 255.024902344 0.079684906 0.995976031 0.040927399 2.738769531 -0.886760175 0.089580946 -0.453445017 -41.983085632
-0.459360659 -0.000191093 0.888236403 257.158874512 0.078519881 0.996073008 0.040821631 2.796904564 -0.884761155 0.088497348 -0.457544088 -43.065513611
-0.464003623 0.000051523 0.885819674 259.274902344 0.079015575 0.996012747 0.041331384 2.865655899 -0.882290721 0.089172751 -0.462160021 -44.143676758
-0.466151595 0.000662535 0.884690881 261.521026611 0.080038317 0.995927274 0.041427031 2.929141521 -0.881065309 0.090121746 -0.464308500 -45.239585876
-0.471111983 0.001685199 0.882058144 263.658081055 0.080763511 0.995876670 0.041233532 2.995973587 -0.878356576 0.090664990 -0.469308019 -46.413566589
-0.475194812 0.002886727 0.879862010 265.702728271 0.082480736 0.995733976 0.041279171 3.063856125 -0.875994384 0.092188612 -0.473408341 -47.540000916
-0.477315843 0.004014624 0.878708839 267.984405518 0.083579101 0.995660007 0.040851284 3.134338856 -0.874736249 0.092941947 -0.475582391 -48.720840454
-0.479123116 0.005928456 0.877714038 270.025817871 0.085507490 0.995532811 0.039952181 3.191523552 -0.873560965 0.094194420 -0.477492183 -49.776786804
-0.484897286 0.007552166 0.874524713 272.261901855 0.087324783 0.995380044 0.039823037 3.263061523 -0.870188415 0.095679060 -0.483319253 -50.993530273
-0.486322403 0.008559066 0.873723805 274.374420166 0.088169150 0.995325446 0.039325383 3.330956459 -0.869307697 0.096161596 -0.484806389 -52.186439514
-0.491049141 0.008651753 0.871075690 276.635864258 0.087717801 0.995356143 0.039562684 3.408862114 -0.866691232 0.095837332 -0.489530355 -53.489524841
-0.493791908 0.008741821 0.869522870 278.785278320 0.087098986 0.995414674 0.039454918 3.490290642 -0.865193844 0.095218353 -0.492291719 -54.695907593
-0.497970581 0.009598814 0.867127419 280.979431152 0.087351590 0.995404780 0.039145038 3.565585136 -0.862770081 0.095239311 -0.496523350 -55.943428040
-0.501215637 0.009890287 0.865252435 283.082092285 0.087092862 0.995430350 0.039071988 3.627128124 -0.860915005 0.094942108 -0.499789149 -57.105209351
-0.503607273 0.009508388 0.863866866 285.359802246 0.085203856 0.995607972 0.038712669 3.718410969 -0.859707355 0.093102090 -0.502208173 -58.461700439
-0.506568730 0.009651150 0.862132013 287.585205078 0.086063899 0.995506048 0.039424855 3.783830166 -0.857879996 0.094171159 -0.505125403 -59.724975586
-0.508621335 0.009673780 0.860922396 289.615814209 0.087620065 0.995323896 0.040580675 3.853658676 -0.856506884 0.096075617 -0.507093012 -60.879646301
-0.511567295 0.009071927 0.859181643 291.849426270 0.088485532 0.995181024 0.042177349 3.931173325 -0.854661584 0.097603045 -0.509907186 -62.203285217
-0.513499498 0.008754604 0.858031511 294.039611816 0.088352874 0.995169640 0.042721923 4.005076408 -0.853515744 0.097748585 -0.511795044 -63.442222595
-0.514229596 0.008041449 0.857600987 296.233337402 0.087894492 0.995181918 0.043371152 4.101181984 -0.853123367 0.097682476 -0.512461305 -64.768630981
-0.519013047 0.007657596 0.854717374 298.528930664 0.088915966 0.995015562 0.045078002 4.193661690 -0.850115359 0.099395528 -0.517108977 -66.201683044
-0.522175014 0.007534492 0.852790177 300.723327637 0.089417823 0.994930208 0.045961257 4.278805733 -0.848123848 0.100255944 -0.520203531 -67.510238647
-0.524407089 0.008419525 0.851411223 302.932189941 0.089512780 0.994952321 0.045294173 4.372311592 -0.846735477 0.099966258 -0.522515833 -68.839004517
-0.527653396 0.009221012 0.849394739 305.292999268 0.087831460 0.995170891 0.043758139 4.456792831 -0.844892859 0.097694203 -0.525917351 -70.232879639
-0.531088412 0.008974859 0.847253740 307.399841309 0.086345531 0.995308697 0.043581050 4.528584480 -0.842891276 0.096303456 -0.529373944 -71.451278687
-0.534398794 0.006740946 0.845190406 309.664886475 0.084146023 0.995421827 0.045264721 4.634166718 -0.841019213 0.095310315 -0.532521665 -72.929924011
-0.537990272 0.004239113 0.842924953 311.790679932 0.081201933 0.995594382 0.046819434 4.718585014 -0.839016378 0.093637042 -0.535966635 -74.239349365
-0.544277132 0.002920809 0.838885069 314.142669678 0.079836980 0.995632470 0.048332307 4.832015038 -0.835083365 0.093281709 -0.542135537 -75.820716858
-0.547122121 0.002580271 0.837033391 316.386199951 0.080095924 0.995565176 0.049285084 4.932635307 -0.833197415 0.094009437 -0.544904709 -77.206779480
-0.552546203 0.003698741 0.833458662 318.711029053 0.082492650 0.995320141 0.050271712 5.045054436 -0.829375565 0.096533157 -0.550267637 -78.706306458
-0.556541145 0.004488465 0.830791652 320.927154541 0.082630500 0.995323896 0.049975954 5.133285522 -0.826685846 0.096463993 -0.554312050 -80.103019714
-0.559720993 0.003662906 0.828656614 323.111907959 0.082391523 0.995278716 0.051252149 5.230895996 -0.824560165 0.096962780 -0.557382643 -81.524948120
-0.563281059 0.002864920 0.826243699 325.417846680 0.083562575 0.995061994 0.053517167 5.353212357 -0.822013974 0.099189878 -0.560741425 -83.117179871
-0.569995642 0.001387595 0.821629822 327.608276367 0.082209483 0.995074391 0.055351056 5.465688705 -0.817509413 0.099097230 -0.567304671 -84.660247803
-0.572642028 0.000475398 0.819788694 329.904846191 0.081074513 0.995128095 0.056055177 5.559950829 -0.815771461 0.098565117 -0.569893360 -86.079299927
-0.575789571 -0.000355784 0.817580998 331.971191406 0.079973415 0.995177388 0.056754872 5.661237717 -0.813661873 0.098065220 -0.572986841 -87.496620178
-0.578335166 -0.000114501 0.815782368 334.340148926 0.081745371 0.994956374 0.058091376 5.793845177 -0.811678052 0.100284331 -0.575411558 -89.153182983
-0.585287273 -0.000953706 0.810808659 336.580596924 0.080527306 0.994984508 0.059299186 5.902200699 -0.806802094 0.100000881 -0.582277477 -90.800933838
-0.588869929 -0.002765281 0.808206141 338.598846436 0.078731373 0.995039523 0.060768977 6.034294128 -0.804368556 0.099417806 -0.585733712 -92.270820618
-0.593424737 -0.002670384 0.804867983 340.976959229 0.079612769 0.994893432 0.061998621 6.172128677 -0.800926924 0.100870907 -0.590184450 -93.957908630
-0.595753491 -0.003620779 0.803142190 342.999633789 0.079577073 0.994800806 0.063512929 6.288386345 -0.799200416 0.101751335 -0.592369795 -95.432312012
-0.598403990 -0.005209097 0.801160455 345.486877441 0.077079572 0.994963527 0.064041138 6.413585663 -0.797463119 0.100077182 -0.594990492 -97.098106384
-0.602351964 -0.005834195 0.798191905 347.476745605 0.073551126 0.995310783 0.062779583 6.541355133 -0.794819355 0.096524909 -0.599100411 -98.566322327
-0.604102373 -0.007722547 0.796851933 349.562316895 0.068915546 0.995697975 0.061894804 6.661238670 -0.793905973 0.092307821 -0.600973308 -100.089218140
-0.607435107 -0.010833135 0.794278085 351.451354980 0.065040991 0.995868921 0.063323118 6.780820847 -0.791686833 0.090126805 -0.604223013 -101.672966003
-0.611893475 -0.009793282 0.790862381 353.977478027 0.069150962 0.995429635 0.065828368 6.949573517 -0.787896156 0.094970390 -0.608421564 -103.496559143
-0.612292528 -0.009646144 0.790555120 356.116729736 0.068483680 0.995517850 0.065187827 7.066602707 -0.787644207 0.094055682 -0.608889461 -105.019454956
-0.618630826 -0.013200806 0.785553515 358.365112305 0.063357294 0.995761931 0.066627212 7.227123260 -0.783107519 0.090989701 -0.615174711 -106.905929565
-0.618941009 -0.013441153 0.785305142 360.755798340 0.065695181 0.995461702 0.068815559 7.415882111 -0.782669842 0.094185084 -0.615250945 -108.802505493
-0.624559522 -0.018335275 0.780744493 362.546386719 0.060273301 0.995608687 0.071596548 7.530261993 -0.778632402 0.091775872 -0.620713592 -110.160461426
-0.624975026 -0.017659718 0.780427873 364.762481689 0.061139643 0.995564163 0.071488477 7.672641754 -0.778231740 0.092395060 -0.621124148 -111.816131592
-0.628735006 -0.018964281 0.777371049 366.830291748 0.058465101 0.995718360 0.071576625 7.809268951 -0.775403440 0.090453260 -0.624935389 -113.448745728
-0.631950438 -0.018416250 0.774772584 368.881988525 0.060708564 0.995467603 0.073178984 7.960252762 -0.772611856 0.093282305 -0.627969384 -114.941322327
-0.634627700 -0.019441480 0.772556007 371.058715820 0.059893105 0.995437801 0.074249715 8.113246918 -0.770478308 0.093393169 -0.630569100 -116.702789307
-0.636700153 -0.022102531 0.770777345 373.472351074 0.055763256 0.995650709 0.074613400 8.291154861 -0.769077122 0.090488873 -0.632699549 -118.706253052
-0.638663352 -0.023184756 0.769119442 375.086059570 0.049672738 0.996217370 0.071277194 8.424133301 -0.767865837 0.083727881 -0.635097146 -120.042808533
-0.639944017 -0.025237991 0.767989576 377.159149170 0.037263807 0.997263908 0.063822605 8.580086708 -0.767502010 0.069462515 -0.637253582 -121.760589600
-0.644481957 -0.016559303 0.764422715 379.816009521 0.045174424 0.997192979 0.059687324 8.734996796 -0.763268232 0.073001198 -0.641926110 -124.097412109
-0.642197251 -0.012856939 0.766414285 381.289459229 0.054470647 0.996564806 0.062359348 8.801618576 -0.764586329 0.081795543 -0.639291883 -125.325927734
-0.644435883 -0.019208018 0.764399529 383.352264404 0.058151323 0.995556891 0.074041046 8.965324402 -0.762428343 0.092167087 -0.640456855 -126.923568726
-0.647604942 -0.031551227 0.761305392 385.605072021 0.050278585 0.995195150 0.084013127 9.154981613 -0.760300696 0.092686288 -0.642907500 -128.721542358
-0.650953710 -0.037322365 0.758181930 387.669097900 0.044911508 0.995147347 0.087546177 9.349739075 -0.757772803 0.091041185 -0.646119118 -130.495391846
-0.653289557 -0.038246673 0.756123722 389.719360352 0.042426027 0.995304525 0.087000184 9.547586441 -0.755903423 0.088917233 -0.648599863 -132.275390625
-0.657016933 -0.033519309 0.753112137 391.772674561 0.047740448 0.995155632 0.085940145 9.724483490 -0.752347052 0.092419691 -0.652234733 -133.988189697
-0.661820054 -0.027819896 0.749128103 393.760406494 0.052524082 0.995134413 0.083357386 9.904832840 -0.747804642 0.094516560 -0.657139421 -135.778182983
-0.659965217 -0.024654025 0.750873327 395.806823730 0.053856023 0.995337486 0.080015518 10.085226059 -0.749347687 0.093248203 -0.655561090 -137.434051514
-0.659279466 -0.023923373 0.751499057 397.777069092 0.054863080 0.995298684 0.079814240 10.252990723 -0.749878228 0.093851142 -0.654868007 -139.124298096
-0.666873753 -0.026357934 0.744685888 399.877746582 0.053448204 0.995108008 0.083084039 10.442398071 -0.743235528 0.095210411 -0.662203372 -141.023315430
-0.669241130 -0.027355535 0.742523134 401.916412354 0.052948281 0.995025933 0.084379777 10.612922668 -0.741140664 0.095787428 -0.664464295 -142.848709106
-0.665444255 -0.026195651 0.745969355 403.857971191 0.054786135 0.994974375 0.083810993 10.762733459 -0.744418561 0.096642010 -0.660665393 -144.438323975
-0.668686211 -0.025675533 0.743080616 405.885772705 0.055785783 0.994853973 0.084574685 10.956632614 -0.741431952 0.098009214 -0.663814008 -146.193954468
-0.670159459 -0.025365461 0.741762757 407.949157715 0.056500085 0.994772136 0.085062429 11.137649536 -0.740046203 0.098917022 -0.665224075 -147.996490479
-0.669886947 -0.026693959 0.741962075 409.879394531 0.057302546 0.994513392 0.087515160 11.328624725 -0.740231156 0.101143569 -0.664683223 -149.768005371
-0.673159540 -0.026476054 0.739002109 411.949157715 0.059276640 0.994210720 0.089613594 11.530647278 -0.737100244 0.104131788 -0.667694211 -151.629989624
-0.673208237 -0.028119788 0.738896847 413.922119141 0.060435317 0.993840635 0.092883520 11.715917587 -0.736961365 0.107187450 -0.667363763 -153.312164307
-0.675862074 -0.028224757 0.736465812 415.843322754 0.058922887 0.993997872 0.092167586 11.916715622 -0.734650910 0.105689317 -0.670144022 -155.152618408
-0.675717831 -0.029023638 0.736567140 417.880432129 0.054867141 0.994471967 0.089519449 12.121387482 -0.735097528 0.100905254 -0.670391619 -156.896789551
-0.676715076 -0.028243124 0.735681176 419.923156738 0.052963521 0.994806588 0.086908363 12.321392059 -0.734319210 0.097778514 -0.671706557 -158.724655151
-0.677597463 -0.029186102 0.734831572 421.928436279 0.052900881 0.994688570 0.088286556 12.496299744 -0.733509541 0.098698087 -0.672456264 -160.502410889
-0.677680314 -0.032016706 0.734637260 423.951080322 0.049588453 0.994786859 0.089097120 12.715791702 -0.733664393 0.096810959 -0.672561586 -162.463958740
-0.679857075 -0.032987099 0.732577443 426.119110107 0.046133149 0.995082557 0.087619133 12.922046661 -0.731871486 0.093366921 -0.674995184 -164.489929199
-0.680849552 -0.033738792 0.731620848 428.182128906 0.045613520 0.995043397 0.088333271 13.123849869 -0.730980933 0.093515821 -0.675938904 -166.339904785
-0.682001770 -0.035213672 0.730477512 430.131408691 0.045983158 0.994796634 0.090885743 13.312938690 -0.729883015 0.095576234 -0.676836729 -168.228576660
-0.683101296 -0.036564901 0.729382932 432.088104248 0.047978386 0.994338691 0.094780043 13.515113831 -0.728725433 0.099741355 -0.677482724 -170.013183594
-0.680984616 -0.037731439 0.731300175 434.099334717 0.051954083 0.993663073 0.099646077 13.713672638 -0.730431914 0.105853871 -0.674711764 -171.785491943
-0.680270851 -0.040083095 0.731839180 435.972930908 0.054024968 0.993042588 0.104605988 13.941713333 -0.730946541 0.110700406 -0.673375309 -173.623428345
-0.677288175 -0.042786621 0.734447956 438.053649902 0.049534749 0.993387341 0.103549786 14.183773041 -0.734027863 0.106516153 -0.670692980 -175.450180054
-0.679249585 -0.042702146 0.732639253 440.074096680 0.043133210 0.994254529 0.097939022 14.416255951 -0.732618153 0.098128468 -0.673508048 -177.267105103
-0.676364303 -0.045049969 0.735163629 442.022766113 0.038175397 0.994639397 0.096071012 14.658041000 -0.735556781 0.093046479 -0.671021760 -179.072753906
-0.674200892 -0.044801496 0.737163186 444.019805908 0.038212929 0.994702458 0.095401272 14.855972290 -0.737538218 0.092491113 -0.668920219 -180.871093750
-0.671899438 -0.045632184 0.739211261 446.012420654 0.038447365 0.994602621 0.096342631 15.061729431 -0.739623487 0.093155630 -0.666521192 -182.627716064
-0.666782618 -0.045697570 0.743825734 447.872192383 0.039678745 0.994522870 0.096666835 15.265991211 -0.744174838 0.093972228 -0.661319911 -184.255783081
-0.665806472 -0.046089064 0.744675577 449.901062012 0.036911521 0.994830787 0.094572224 15.486883163 -0.745190561 0.090456247 -0.660666108 -186.079010010
-0.664357126 -0.050529696 0.745681167 452.026794434 0.030660637 0.995026886 0.094741456 15.699689865 -0.746765852 0.085807554 -0.659506679 -187.862487793
-0.664595246 -0.057740800 0.744945049 453.993774414 0.022074129 0.995054483 0.096818544 15.923383713 -0.746856987 0.080791473 -0.660036743 -189.627807617
-0.662622094 -0.060722001 0.746464193 456.068878174 0.016136384 0.995316207 0.095287673 16.133945465 -0.748759568 0.075187244 -0.658541501 -191.414840698
-0.662071824 -0.060767330 0.746948600 458.103973389 0.014585056 0.995470941 0.093911923 16.337350845 -0.749278188 0.073073000 -0.658189714 -193.179229736
-0.661175966 -0.061442520 0.747686565 460.138366699 0.016649030 0.995190620 0.096502833 16.544876099 -0.750025809 0.076255880 -0.656975865 -194.948669434
-0.658968091 -0.063993894 0.749419749 462.071105957 0.016470853 0.994904697 0.099437587 16.754615784 -0.751970291 0.077872060 -0.654559016 -196.651519775
-0.657966316 -0.064731345 0.750236094 464.195495605 0.016108088 0.994857967 0.099963196 16.971904755 -0.752854824 0.077859558 -0.653542876 -198.497100830
-0.659924507 -0.066269532 0.748378873 466.092956543 0.013172805 0.994925916 0.099715836 17.202325821 -0.751195669 0.075665548 -0.655705571 -200.262985229
-0.658364415 -0.065197423 0.749845386 468.013000488 0.012916756 0.995113313 0.097862355 17.409149170 -0.752567530 0.074117064 -0.654307663 -201.946960449
-0.659951687 -0.063992873 0.748552799 470.064086914 0.013297393 0.995212018 0.096801452 17.623832703 -0.751169324 0.073840477 -0.655943453 -203.590240479
-0.657854497 -0.064109609 0.750386655 471.959167480 0.015178739 0.995036423 0.098316908 17.836763382 -0.752970994 0.076070555 -0.653618574 -205.423019409
