1.000000000 0.000000000 0.000000000 0.000000000 0.000000000 1.000000000 0.000000000 0.000000000 0.000000000 0.000000000 1.000000000 0.000000000
0.999034643 -0.001167836 0.043913659 0.048305210 0.001246703 0.999997675 -0.001768623 -0.030360494 -0.043911491 0.001821663 0.999033749 0.997920096
0.995984137 -0.004718344 0.089405462 0.131491959 0.005344503 0.999962807 -0.006765482 -0.046991538 -0.089370236 0.007216141 0.995972335 2.004940271
0.990906537 -0.004943320 0.134461194 0.266237676 0.006399675 0.999925435 -0.010400989 -0.095013008 -0.134399712 0.011166913 0.990864277 2.968200922
0.983483493 -0.003315737 0.180967405 0.437836230 0.005804165 0.999895751 -0.013222868 -0.091901362 -0.180904686 0.014054835 0.983400226 3.987519026
0.973987579 -0.005792082 0.226527467 0.663516819 0.009013205 0.999872327 -0.013187827 -0.140062883 -0.226422176 0.014886519 0.973915517 4.924198627
0.962268770 -0.006439281 0.272025108 0.926716745 0.010691720 0.999842644 -0.014153246 -0.170465410 -0.271891117 0.016527642 0.962186098 5.886998177
0.948478878 -0.008968532 0.316713691 1.217595577 0.015116852 0.999741852 -0.016961042 -0.196179494 -0.316479862 0.020874904 0.948369563 6.826358795
0.933554828 -0.011568197 0.358247906 1.595689535 0.019156424 0.999660909 -0.017639456 -0.276198030 -0.357922345 0.023330146 0.933459759 7.748391151
0.916263640 -0.011478766 0.400411367 1.993999362 0.020518638 0.999622166 -0.018296318 -0.306058228 -0.400050044 0.024980146 0.916152775 8.653831482
0.896619081 -0.012274928 0.442632407 2.430009365 0.021902571 0.999621511 -0.016645830 -0.336369932 -0.442260623 0.024619756 0.896548569 9.539960861
0.874349654 -0.012685806 0.485130578 2.886802912 0.023280233 0.999603808 -0.015819011 -0.359646261 -0.484737813 0.025125304 0.874298513 10.390439987
0.850350380 -0.012680050 0.526064157 3.402077436 0.023922147 0.999607563 -0.014574524 -0.390812278 -0.525672913 0.024978034 0.850319982 11.228990555
0.824620962 -0.012863076 0.565539300 3.955338955 0.025621578 0.999564707 -0.014624303 -0.418433011 -0.565105021 0.026549514 0.824591637 12.039615631
0.796961784 -0.015395110 0.603833556 4.519258976 0.029693607 0.999465048 -0.013708736 -0.472470790 -0.603299439 0.028855335 0.796992540 12.816308975
0.767986536 -0.014132835 0.640310228 5.144814014 0.030190641 0.999444008 -0.014150990 -0.498825073 -0.639754117 0.030199140 0.767986059 13.570137024
0.737428963 -0.017355634 0.675201774 5.797852516 0.035250951 0.999296367 -0.012813424 -0.523921967 -0.674504161 0.033250488 0.737521768 14.276258469
0.705029070 -0.017506752 0.708962262 6.474308491 0.036660414 0.999258339 -0.011781857 -0.559231341 -0.708230197 0.034297403 0.705147982 14.959601402
0.670754910 -0.016079279 0.741504729 7.189710617 0.037729692 0.999210358 -0.012462221 -0.585422754 -0.740718722 0.036335841 0.670831919 15.608100891
0.635143101 -0.017180011 0.772203326 7.936975956 0.042294707 0.999026239 -0.012561342 -0.608635008 -0.771235704 0.040638365 0.635251284 16.217166901
0.597521663 -0.016148038 0.801690161 8.712862015 0.043606993 0.998972058 -0.012379692 -0.630819321 -0.800666153 0.042356431 0.597611606 16.816043854
0.560036778 -0.014797393 0.828335524 9.507228851 0.046546489 0.998823106 -0.013627050 -0.655179858 -0.827159107 0.046187762 0.560066581 17.343790054
0.521421909 -0.013022312 0.853199720 10.328039169 0.051171958 0.998561144 -0.016032120 -0.677018940 -0.851763189 0.052019391 0.521338046 17.841747284
0.481398553 -0.012749942 0.876409113 11.163673401 0.053358819 0.998465896 -0.014783582 -0.709452331 -0.874876320 0.053880937 0.481340319 18.292570114
0.443017840 -0.014419440 0.896396816 12.027645111 0.058203008 0.998223841 -0.012707692 -0.732366741 -0.894621551 0.057802722 0.443070173 18.714666367
0.405910969 -0.015212063 0.913786054 12.909776688 0.062078968 0.998011053 -0.010961776 -0.758038759 -0.911801815 0.061176393 0.406047910 19.106435776
0.369987220 -0.013633896 0.928936779 13.815853119 0.063901812 0.997897685 -0.010805491 -0.805146515 -0.926836550 0.063358642 0.370080620 19.459543228
0.336254537 -0.014355415 0.941661656 14.746084213 0.064395435 0.997894049 -0.007782069 -0.820041955 -0.939566910 0.063255474 0.336470842 19.791658401
0.302725375 -0.015803380 0.952946782 15.688829422 0.066603497 0.997768879 -0.004611434 -0.834590793 -0.950747788 0.064865597 0.303102523 20.090999603
0.270124912 -0.015675582 0.962697685 16.618375778 0.068317585 0.997659326 -0.002924489 -0.857703567 -0.960398495 0.066559173 0.270563543 20.341320038
0.237766519 -0.012950786 0.971235931 17.600997925 0.065463901 0.997851193 -0.002720419 -0.872717619 -0.969113946 0.064227730 0.238103375 20.587619781
0.206663251 -0.011431338 0.978345335 18.589956284 0.065186717 0.997870803 -0.002110399 -0.882665157 -0.976238191 0.064211264 0.206968367 20.799160004
0.175658703 -0.010928259 0.984390378 19.558687210 0.066970982 0.997754514 -0.000873960 -0.891393363 -0.982170522 0.066079132 0.175996155 20.982416153
0.144911349 -0.011191351 0.989381313 20.577959061 0.068472505 0.997652113 0.001255973 -0.900319815 -0.987072587 0.067563407 0.145337403 21.130998611
0.114385322 -0.011913760 0.993365049 21.615077972 0.066946618 0.997747362 0.004257462 -0.907133758 -0.991178155 0.066015437 0.114925236 21.254117966
0.084463641 -0.011921934 0.996355236 22.684574127 0.068209320 0.997652054 0.006155169 -0.913955092 -0.994089246 0.067440830 0.085078508 21.347917557
0.057110727 -0.011696737 0.998299241 23.736831665 0.070837066 0.997458696 0.007634441 -0.913622558 -0.995851696 0.070280574 0.057794139 21.412395477
0.031715360 -0.010911536 0.999437392 24.813871384 0.074908480 0.997154176 0.008509522 -0.909824789 -0.996686041 0.074596472 0.032442458 21.444923401
0.008579670 -0.010980057 0.999902844 25.921323776 0.079208173 0.996805251 0.010266393 -0.914247513 -0.996821165 0.079112381 0.009421968 21.457130432
-0.011908602 -0.010730218 0.999871492 27.039186478 0.084757537 0.996333003 0.011701716 -0.905476213 -0.996330440 0.084886000 -0.010955464 21.439790726
-0.029677304 -0.011320435 0.999495447 28.157108307 0.088940404 0.995939672 0.013921007 -0.899408996 -0.995594680 0.089308679 -0.028549956 21.401037216
-0.045603417 -0.011733620 0.998890698 29.283544540 0.092449285 0.995590210 0.015915535 -0.922099948 -0.994672537 0.093072519 -0.044317551 21.355836868
-0.060090158 -0.012290066 0.998117268 30.432298660 0.094691142 0.995344758 0.017956665 -0.909837306 -0.993691564 0.095591873 -0.058646671 21.286771774
-0.073566742 -0.013321255 0.997201264 31.582851410 0.094731085 0.995296240 0.020284422 -0.897308528 -0.992780864 0.095958218 -0.071958773 21.204654694
-0.085918210 -0.013128687 0.996215701 32.715534210 0.095261395 0.995223701 0.021331394 -0.896986544 -0.991737545 0.096733652 -0.084257163 21.114959717
-0.097221762 -0.010527484 0.995207071 33.887752533 0.095045894 0.995275676 0.019813243 -0.883592904 -0.990714014 0.096516632 -0.095761858 21.003770828
-0.107773378 -0.007391108 0.994148016 35.041297913 0.095072530 0.995312989 0.017706376 -0.883889735 -0.989619195 0.096424475 -0.106565557 20.890522003
-0.117165998 -0.004678927 0.993101299 36.256839752 0.096322060 0.995220721 0.016052984 -0.862522006 -0.988430142 0.097538434 -0.116155356 20.746522903
-0.124793008 -0.003577910 0.992176294 37.499404907 0.095984362 0.995259702 0.015661664 -0.845469713 -0.987529099 0.097187884 -0.123858027 20.593734741
-0.130307376 -0.002869616 0.991469502 38.739181519 0.095622599 0.995297790 0.015448233 -0.838889241 -0.986851633 0.096819900 -0.129420221 20.435642242
-0.135570049 -0.001207434 0.990767002 40.012557983 0.096755944 0.995203197 0.014452290 -0.822251856 -0.986031830 0.097821899 -0.134802908 20.263011932
-0.140407950 -0.000051515 0.990093768 41.277164459 0.095497720 0.995336831 0.013594582 -0.823232412 -0.985477448 0.096460484 -0.139748245 20.103630066
-0.144314408 0.001010517 0.989531457 42.596874237 0.095926344 0.995303869 0.012973596 -0.805374324 -0.984871387 0.096794412 -0.143733621 19.909078598
-0.147934422 -0.000276048 0.988997281 43.920074463 0.095496424 0.995323181 0.014562194 -0.812718093 -0.984375834 0.096599914 -0.147216231 19.709678650
-0.149951667 -0.002310530 0.988690734 45.297351837 0.096064672 0.995231628 0.016895650 -0.792065084 -0.984015286 0.097511768 -0.149014696 19.498008728
-0.151612312 -0.002941153 0.988435686 46.648239136 0.096866131 0.995137811 0.017819010 -0.785129368 -0.983682215 0.098447531 -0.150590226 19.311702728
-0.154162228 -0.002106055 0.988043368 48.063049316 0.099006690 0.994931579 0.017568532 -0.757173538 -0.983072639 0.100531310 -0.153172389 19.093166351
-0.154828265 -0.002601082 0.987937987 49.474372864 0.098530814 0.994970083 0.018061209 -0.742435813 -0.983015716 0.100138731 -0.153793201 18.870111465
-0.155619130 -0.001088553 0.987816572 50.926166534 0.100522622 0.994790673 0.016932422 -0.718917489 -0.982689083 0.101932921 -0.154699042 18.641897202
-0.154959545 -0.001091016 0.987920225 52.366333008 0.099644393 0.994882405 0.016728355 -0.717858315 -0.982882917 0.101032920 -0.154057845 18.420602798
-0.154630423 0.000495887 0.987972260 53.865562439 0.099665076 0.994906425 0.015099505 -0.691459954 -0.982932508 0.100801170 -0.153892264 18.188114166
-0.154111177 -0.000504007 0.988053322 55.352516174 0.099161007 0.994943202 0.015974114 -0.707010806 -0.983065009 0.100438163 -0.153281868 17.968654633
-0.152606741 -0.001418952 0.988285899 56.899269104 0.098647803 0.994982958 0.016661324 -0.680065453 -0.983351171 0.100034893 -0.151701093 17.725791931
-0.150995433 -0.000948620 0.988534033 58.431232452 0.099786125 0.994877100 0.016196720 -0.688014746 -0.983485103 0.101087600 -0.150127217 17.504133224
-0.150113732 -0.000177644 0.988668799 60.005481720 0.099639371 0.994906008 0.015307428 -0.663560152 -0.983634949 0.100808181 -0.149331316 17.267696381
-0.149112582 0.000239585 0.988820195 61.556930542 0.100363538 0.994839370 0.014893631 -0.657437086 -0.983713686 0.101462319 -0.148367107 17.040386200
-0.148192659 0.000152596 0.988958478 63.178680420 0.100232020 0.994853079 0.014865989 -0.634960055 -0.983866096 0.101328336 -0.147445247 16.797973633
-0.147577271 -0.001652120 0.989049137 64.764808655 0.101334453 0.994710863 0.016781820 -0.638088465 -0.983845651 0.102701388 -0.146629289 16.582387924
-0.147050261 -0.003559056 0.989122570 66.411437988 0.102926262 0.994509757 0.018880215 -0.615054131 -0.983759344 0.104583040 -0.145876586 16.337596893
-0.146309704 -0.002188378 0.989236414 68.055908203 0.106031269 0.994202018 0.017881565 -0.607233763 -0.983539939 0.107506238 -0.145229369 16.104419708
-0.145716459 -0.000350204 0.989326298 69.749633789 0.107744701 0.994046211 0.016221438 -0.582253814 -0.983441830 0.108958378 -0.144811153 15.849823952
-0.144982338 -0.001109284 0.989433527 71.395187378 0.106584050 0.994163036 0.016732421 -0.590212345 -0.983676672 0.107883751 -0.144017860 15.633530617
-0.145346642 -0.001314010 0.989379883 73.111442566 0.106946900 0.994118929 0.017031528 -0.569973946 -0.983583570 0.108286582 -0.144351289 15.388154030
-0.144208044 -0.002314729 0.989544690 74.805778503 0.106897466 0.994108856 0.017903754 -0.557390571 -0.983756542 0.108361669 -0.143111050 15.137867928
-0.144360423 -0.001909363 0.989523351 76.561996460 0.108450130 0.993943632 0.017739560 -0.531913400 -0.983564198 0.109874822 -0.143279061 14.884744644
-0.144220725 -0.002665340 0.989541948 78.271667480 0.108467042 0.993928075 0.018485673 -0.534812331 -0.983583033 0.109998681 -0.143055916 14.642548561
-0.144937858 -0.001592569 0.989439428 80.054054260 0.108996511 0.993886828 0.017566061 -0.510933995 -0.983419001 0.110391431 -0.143878236 14.393073082
-0.145364270 -0.001321276 0.989377320 81.809257507 0.108332343 0.993965089 0.017244127 -0.513427854 -0.983429372 0.109688222 -0.144343883 14.143343925
-0.146879047 -0.000609141 0.989154279 83.617729187 0.107731491 0.994041204 0.016609147 -0.491988778 -0.983270228 0.109002598 -0.145938233 13.882386208
-0.147110373 -0.001017378 0.989119470 85.396667480 0.106340505 0.994187117 0.016838469 -0.494055986 -0.983387053 0.107660569 -0.146147057 13.628883362
-0.148434013 -0.001558724 0.988921046 87.227218628 0.105443373 0.994273126 0.017393885 -0.467127442 -0.983284831 0.106857009 -0.147419587 13.360489845
-0.149530724 -0.002141426 0.988754749 89.028823853 0.105342418 0.994271696 0.018084452 -0.473216891 -0.983129382 0.106862009 -0.148448542 13.104151726
-0.150045797 -0.003295401 0.988673568 90.897781372 0.102683067 0.994534552 0.018898606 -0.443922877 -0.983332276 0.104355678 -0.148887366 12.827383995
-0.151956946 -0.002205417 0.988384783 92.728363037 0.103575900 0.994456053 0.018143008 -0.434514046 -0.982945144 0.105129786 -0.150886089 12.562286377
-0.154801458 -0.001650529 0.987944245 94.626098633 0.101774283 0.994651616 0.017608795 -0.406624913 -0.982689559 0.103273191 -0.153805524 12.279520988
-0.158635333 -0.001026250 0.987336636 96.486717224 0.102759585 0.994551480 0.017544121 -0.399116635 -0.981975198 0.104241408 -0.157665536 11.983729362
-0.163473025 -0.001720899 0.986546278 98.407859802 0.100637771 0.994752765 0.018411128 -0.369670033 -0.981401265 0.102293544 -0.162442043 11.681303024
-0.167518824 -0.002059020 0.985866725 100.286949158 0.099593952 0.994846642 0.019000823 -0.358093977 -0.980825424 0.101369366 -0.166450486 11.374206543
-0.172710344 -0.001374538 0.984971702 102.236511230 0.097893082 0.995023906 0.018553678 -0.330659747 -0.980096042 0.099626325 -0.171716362 11.049104691
-0.177366868 -0.000322543 0.984144747 104.127510071 0.098469906 0.994975924 0.018072775 -0.343552470 -0.979206145 0.100114152 -0.176443994 10.735813141
-0.182334140 0.001311677 0.983235717 106.081016541 0.097953379 0.995048583 0.016837332 -0.320561528 -0.978345275 0.099381275 -0.181559801 10.385299683
-0.187311858 0.001657477 0.982299089 108.001800537 0.096412376 0.995201290 0.016705364 -0.322870135 -0.977557540 0.097834907 -0.186572850 10.042636871
-0.192480728 0.001374471 0.981299818 109.971771240 0.094381727 0.995388865 0.017118651 -0.299088359 -0.976751387 0.095911779 -0.191722900 9.672243118
-0.197893679 0.000467830 0.980223298 111.919013977 0.092358902 0.995560110 0.018170845 -0.293729901 -0.975862801 0.094128259 -0.197058216 9.295640945
-0.203599185 -0.000050703 0.979054332 113.908332825 0.091621704 0.995610714 0.019104743 -0.267821074 -0.974757910 0.093592338 -0.202700853 8.895898819
-0.208281562 -0.000548730 0.978068769 115.856842041 0.091824479 0.995572090 0.020112751 -0.272877932 -0.973748982 0.093999766 -0.207308948 8.497659683
-0.214304954 0.001295087 0.976765990 117.862991333 0.092646457 0.995517612 0.019006919 -0.244210720 -0.972363174 0.094567180 -0.213464350 8.074302673
-0.219634429 0.001501166 0.975581110 119.823059082 0.091860995 0.995587707 0.019148888 -0.242307663 -0.971247792 0.093823604 -0.218803197 7.664699554
-0.225841388 0.001707071 0.974162519 121.828834534 0.092199378 0.995547116 0.019630153 -0.211289644 -0.969791174 0.094250485 -0.224993110 7.211891174
-0.231845051 0.001437612 0.972751677 123.808959961 0.091557428 0.995591819 0.020350363 -0.214215040 -0.968434513 0.093780771 -0.230954632 6.753107071
-0.236293674 0.002319342 0.971678853 125.831542969 0.091365106 0.995619774 0.019841751 -0.185781717 -0.967376828 0.093466051 -0.235470504 6.249099731
-0.242516205 0.001803666 0.970145702 127.824325562 0.089787096 0.995748043 0.020593639 -0.181321621 -0.965983450 0.092100844 -0.241646975 5.797241211
-0.254801929 0.000888339 0.966992915 130.069625854 0.090027101 0.995678127 0.022807386 -0.196589231 -0.962793291 0.092866905 -0.253780723 5.374048233
-0.252549917 0.000843627 0.967583477 132.006347656 0.093393102 0.995351732 0.023508789 -0.144292593 -0.963065982 0.096302778 -0.251454830 4.756500244
-0.255253524 0.001703332 0.966872573 133.966934204 0.094608493 0.995243788 0.023223244 -0.125843763 -0.962234318 0.097402193 -0.254200548 4.244586945
-0.257588297 0.002222222 0.966252208 136.005249023 0.095485106 0.995161235 0.023166189 -0.094956636 -0.961525202 0.098230056 -0.256554097 3.713085175
-0.261345357 0.001806209 0.965243697 138.041275024 0.094351634 0.995257199 0.023683872 -0.072933912 -0.960622907 0.097261973 -0.260276198 3.177551270
-0.264942139 0.003176423 0.964259088 140.128524780 0.092567705 0.995459855 0.022154922 -0.016473055 -0.959810793 0.095129021 -0.264033318 2.620544434
-0.269472599 0.002405721 0.963004947 142.140762329 0.091364272 0.995549977 0.023078961 -0.022728443 -0.958664119 0.094203405 -0.268493325 2.067031860
-0.273603648 0.003196352 0.961837173 144.253295898 0.089591213 0.995731711 0.022176074 0.031890631 -0.957660794 0.092239633 -0.272722185 1.490856171
-0.278536379 0.002312640 0.960422814 146.248565674 0.090795957 0.995581865 0.023934824 0.020423174 -0.956124246 0.093869239 -0.277515709 0.910308838
-0.283212692 0.002758608 0.959053099 148.328292847 0.090210497 0.995639026 0.023775715 0.052853823 -0.954805017 0.093250260 -0.282226324 0.315601349
-0.287430137 0.002817635 0.957797408 150.414962769 0.089460388 0.995703161 0.023917457 0.089290380 -0.953614593 0.092559509 -0.286447108 -0.299613953
-0.292104602 0.002141433 0.956383884 152.518188477 0.089731999 0.995647669 0.025177147 0.103916883 -0.952167571 0.093172602 -0.291025460 -0.930488586
-0.295884579 0.002134991 0.955221236 154.623168945 0.089971408 0.995614171 0.025643827 0.143763065 -0.950977147 0.093530223 -0.294779003 -1.569217682
-0.300152004 0.002760835 0.953887403 156.742248535 0.090977609 0.995520055 0.025745858 0.146571636 -0.949542999 0.094510078 -0.299058437 -2.222126007
-0.303800702 0.003707312 0.952728331 158.861679077 0.091366120 0.995496869 0.025260579 0.187119961 -0.948344529 0.094721280 -0.302771300 -2.889007568
-0.307057351 0.005104960 0.951677322 160.941192627 0.091382511 0.995523155 0.024144277 0.196259499 -0.947293520 0.094380327 -0.306149215 -3.529163361
-0.310775071 0.006156135 0.950463533 163.081085205 0.092230573 0.995455384 0.023709273 0.235767365 -0.945998073 0.095030040 -0.309930533 -4.218147278
-0.314012676 0.006525368 0.949396372 165.172485352 0.091745205 0.995505035 0.023502436 0.248198032 -0.944975495 0.094482645 -0.313199937 -4.885906219
-0.317515433 0.006773099 0.948228955 167.319259644 0.091997050 0.995477319 0.023694724 0.290553808 -0.943779826 0.094757713 -0.316702574 -5.594577789
-0.321435690 0.006617657 0.946908295 169.423385620 0.091851555 0.995478034 0.024222657 0.304563284 -0.942466140 0.094761021 -0.320590079 -6.281955719
-0.325568527 0.007441393 0.945489168 171.603927612 0.093939722 0.995275915 0.024513844 0.345272541 -0.940840364 0.096799925 -0.324729592 -7.017173767
-0.329417229 0.007074427 0.944157958 173.721603394 0.095354967 0.995108604 0.025813222 0.360249043 -0.939356983 0.098533474 -0.328480512 -7.745552063
-0.331576079 0.006426380 0.943406522 175.858764648 0.095873982 0.995029569 0.026918489 0.391461372 -0.938544333 0.099373691 -0.330544025 -8.494812012
-0.334528834 0.006010343 0.942366302 178.046966553 0.095567040 0.995040894 0.027578855 0.438980103 -0.937527299 0.099285088 -0.333444148 -9.261249542
-0.337561816 0.006250557 0.941282511 180.197387695 0.094979145 0.995100558 0.027453396 0.460926056 -0.936499238 0.098669432 -0.336501658 -10.003665924
-0.340509087 0.008131500 0.940205991 182.392929077 0.094144605 0.995232165 0.025488414 0.507257462 -0.935516119 0.097194359 -0.339651138 -10.787677765
-0.343840063 0.008941324 0.938985527 184.527938843 0.092906594 0.995372236 0.024542497 0.517028809 -0.934420884 0.095676646 -0.343079478 -11.563835144
-0.346706837 0.010042561 0.937919736 186.713607788 0.092025019 0.995482683 0.023358628 0.561192274 -0.933448255 0.094410680 -0.346064866 -12.360565186
-0.350197792 0.010489796 0.936617017 188.878173828 0.089947015 0.995692849 0.022479441 0.581540108 -0.932347059 0.092118159 -0.349633038 -13.157527924
-0.354401350 0.011063080 0.935027957 191.097229004 0.090731397 0.995618701 0.022609711 0.625013351 -0.930681288 0.092849307 -0.353852361 -13.971324921
-0.357681274 0.009812962 0.933792293 193.241455078 0.090749674 0.995577276 0.024298666 0.635685444 -0.929423809 0.093432508 -0.356989950 -14.782539368
-0.361328661 0.009255345 0.932392597 195.449890137 0.090580739 0.995569825 0.025220141 0.677293777 -0.928028405 0.093569569 -0.360566229 -15.625988007
-0.365334034 0.008811113 0.930834830 197.654998779 0.090541586 0.995550275 0.026112057 0.688829899 -0.926462770 0.093818903 -0.364506125 -16.476772308
-0.368776321 0.008954343 0.929475009 199.839782715 0.089584686 0.995641053 0.025951643 0.723658562 -0.925191104 0.092837080 -0.367971092 -17.315799713
-0.372268707 0.009655723 0.928074777 202.046569824 0.088898413 0.995719373 0.025299365 0.757795811 -0.923857570 0.091922529 -0.371533513 -18.188789368
-0.376188278 0.009743609 0.926492035 204.266983032 0.089210153 0.995679796 0.025751218 0.787906170 -0.922238529 0.092339791 -0.375432342 -19.074851990
-0.378577977 0.010248225 0.925512671 206.460937500 0.090118103 0.995595872 0.025838263 0.808601379 -0.921171784 0.093187243 -0.377834141 -19.956668854
-0.381650418 0.009885835 0.924254000 208.677917480 0.090816379 0.995505571 0.026852703 0.836491108 -0.919834316 0.094185740 -0.380833000 -20.853420258
-0.384154439 0.009495813 0.923220098 210.902496338 0.092184901 0.995344758 0.028120745 0.887268543 -0.918655097 0.095909655 -0.383241475 -21.772163391
-0.386434227 0.009675748 0.922266126 213.083740234 0.092525646 0.995307207 0.028326672 0.903000355 -0.917664230 0.096279666 -0.385516018 -22.673847198
-0.389726818 0.010496927 0.920870721 215.314239502 0.092833050 0.995289505 0.027943162 0.934298515 -0.916239619 0.096377432 -0.388865411 -23.593608856
-0.391956121 0.010741491 0.919921339 217.508590698 0.092469037 0.995328069 0.027776832 0.974008083 -0.915324926 0.095951535 -0.391118228 -24.517791748
-0.394559354 0.011539571 0.918797910 219.732757568 0.091896847 0.995403469 0.026961558 1.006833076 -0.914263487 0.095072567 -0.393806130 -25.454856873
-0.397829622 0.012452852 0.917374790 221.939804077 0.091470174 0.995464444 0.026154185 1.027276039 -0.912888169 0.094317354 -0.397164315 -26.403438568
-0.399855435 0.012591705 0.916491628 224.134155273 0.089760222 0.995637357 0.025482330 1.061316490 -0.912172437 0.092453755 -0.399241239 -27.342357635
-0.402931243 0.013342431 0.915132999 226.345016479 0.090277925 0.995596886 0.025233625 1.081969261 -0.910766900 0.092783719 -0.402361602 -28.294612885
-0.405736148 0.012816468 0.913900435 228.580535889 0.091886625 0.995407820 0.026834557 1.119906425 -0.909359694 0.094862968 -0.405050516 -29.278713226
-0.408198059 0.011681309 0.912818611 230.755813599 0.091926090 0.995361626 0.028370293 1.135884285 -0.908253133 0.095492557 -0.407378525 -30.231643677
-0.411979020 0.010861151 0.911128640 232.966384888 0.091102831 0.995409548 0.029327534 1.170784473 -0.906627595 0.095088728 -0.411077261 -31.219963074
-0.414654493 0.011003776 0.909912288 235.156921387 0.089957342 0.995524645 0.028955178 1.199495316 -0.905521572 0.093859680 -0.413788676 -32.195072174
-0.417857677 0.010270687 0.908454418 237.353240967 0.088111319 0.995680451 0.029271344 1.239081860 -0.904229701 0.092276372 -0.416957766 -33.185321808
-0.421987176 0.009426281 0.906552792 239.561096191 0.087145172 0.995737433 0.030211192 1.280169964 -0.902403772 0.091750413 -0.421009928 -34.208572388
-0.424719721 0.009089604 0.905279219 241.742797852 0.085918471 0.995840907 0.030310506 1.307731152 -0.901238680 0.090653673 -0.423734337 -35.211997986
-0.428161770 0.008844852 0.903658807 243.938705444 0.085470401 0.995866239 0.030749287 1.348730564 -0.899651229 0.090401739 -0.427147776 -36.219886780
-0.432910889 0.007909167 0.901402175 246.137390137 0.084091090 0.995955348 0.031647123 1.378939152 -0.897505939 0.089500248 -0.431825072 -37.243965149
-0.436064273 0.008036747 0.899879634 248.300949097 0.084022924 0.995955527 0.031821091 1.424505711 -0.895984411 0.089486554 -0.434976012 -38.268371582
-0.439953744 0.008183614 0.897983134 250.483169556 0.083516791 0.995997548 0.031840991 1.466464996 -0.894128442 0.089005254 -0.438876390 -39.331359863
-0.443378359 0.008883893 0.896290541 252.675689697 0.084078692 0.995954156 0.031720437 1.521250248 -0.892382443 0.089423098 -0.442331463 -40.401893616
-0.447251886 0.008240939 0.894370079 254.808822632 0.083292872 0.995995820 0.032475311 1.537207603 -0.890521228 0.089019276 -0.446147442 -41.442314148
-0.451388687 0.008273757 0.892289102 256.989624023 0.082294680 0.996081412 0.032394830 1.580134869 -0.888524532 0.088053308 -0.450300753 -42.526397705
-0.455096155 0.008676367 0.890400112 259.186981201 0.082736976 0.996038675 0.032582298 1.641053677 -0.886590123 0.088497080 -0.454011202 -43.629859924
-0.457994103 0.009027598 0.888909400 261.294433594 0.082846589 0.996029973 0.032569669 1.682630062 -0.885086358 0.088559829 -0.456923693 -44.684547424
-0.462426245 0.010089517 0.886600375 263.468017578 0.084287181 0.995907068 0.032628443 1.725934982 -0.882642448 0.089817300 -0.461383998 -45.816406250
-0.465329558 0.012172713 0.885053873 265.630096436 0.086322442 0.995763123 0.031689879 1.785523415 -0.880918205 0.091146238 -0.464408785 -46.944290161
-0.468020141 0.012570767 0.883628368 267.748474121 0.087268591 0.995668888 0.032057766 1.818206787 -0.879398286 0.092116676 -0.467090189 -48.045043945
-0.471734405 0.014152766 0.881627142 269.908050537 0.089001715 0.995528698 0.031641144 1.867723465 -0.877237380 0.093392543 -0.470884711 -49.193435669
-0.473926157 0.016282652 0.880414009 272.057739258 0.090441450 0.995441496 0.030274548 1.907745361 -0.875907719 0.093973801 -0.473238468 -50.341712952
-0.477373302 0.016780725 0.878540337 274.233612061 0.091508768 0.995330572 0.030711701 1.956479549 -0.873922586 0.095055066 -0.476679862 -51.495277405
-0.480074674 0.017499587 0.877053082 276.396606445 0.091493815 0.995346963 0.030221334 1.995888710 -0.872443259 0.094753444 -0.479441971 -52.651748657
-0.483369887 0.017676022 0.875237763 278.563415527 0.090848602 0.995410621 0.030070214 2.057371140 -0.870689452 0.094049178 -0.482757360 -53.838348389
-0.487260193 0.018608797 0.873058379 280.764587402 0.091316216 0.995377421 0.029748274 2.101654053 -0.868469238 0.094219558 -0.486707121 -55.043464661
-0.490084678 0.018927131 0.871469319 282.930389404 0.090705670 0.995444000 0.029390082 2.153018951 -0.866942525 0.093450829 -0.489568621 -56.233360291
-0.493053347 0.018658979 0.869798899 285.123199463 0.089264750 0.995578468 0.029243315 2.207979202 -0.865407526 0.092060916 -0.492538810 -57.457023621
-0.496389806 0.018896976 0.867893994 287.343078613 0.090246968 0.995469153 0.029941805 2.251499176 -0.863395989 0.093187585 -0.495846242 -58.697784424
-0.498132616 0.018728090 0.866898596 289.510253906 0.091573462 0.995312035 0.031117177 2.299678802 -0.862251818 0.094885387 -0.497512370 -59.940399170
-0.500323117 0.018444011 0.865642309 291.716033936 0.092424765 0.995198309 0.032215137 2.348852634 -0.860891640 0.096124761 -0.499625504 -61.210540771
-0.503293276 0.018014109 0.863927901 293.955566406 0.092228770 0.995191514 0.032978013 2.406522751 -0.859179676 0.096276611 -0.502534628 -62.482482910
-0.504871309 0.017588736 0.863015413 296.161346436 0.092087656 0.995184124 0.033589646 2.477311611 -0.858268499 0.096431524 -0.504059613 -63.769416809
-0.508130014 0.017143492 0.861109734 298.392822266 0.092960827 0.995052814 0.035044905 2.537733078 -0.856248915 0.097856835 -0.507209897 -65.072692871
-0.509571493 0.016911289 0.860262036 300.616088867 0.093304150 0.994997025 0.035708260 2.592843056 -0.855354309 0.098461963 -0.508600175 -66.362960815
-0.511963546 0.017555155 0.858827710 302.850036621 0.093148425 0.995030165 0.035188284 2.663753986 -0.853941858 0.098013550 -0.511054337 -67.682174683
-0.515435278 0.018826514 0.856721640 305.101928711 0.091672003 0.995232821 0.033282947 2.716994762 -0.852010965 0.095692605 -0.514704049 -69.005111694
-0.517841041 0.018531511 0.855276108 307.345153809 0.090004325 0.995396912 0.032927059 2.774816990 -0.850729048 0.094029531 -0.517125309 -70.336669922
-0.522222340 0.016384710 0.852651954 309.595489502 0.087983713 0.995515347 0.034757234 2.845257759 -0.848258615 0.093170471 -0.521321952 -71.691925049
-0.527842104 0.014193350 0.849223912 311.881408691 0.085424416 0.995677531 0.036455180 2.908588409 -0.845035732 0.091787033 -0.526772976 -73.058067322
-0.531872094 0.012990659 0.846725047 314.128967285 0.084487990 0.995707452 0.037794929 2.982232094 -0.842599452 0.091640159 -0.530686557 -74.440391541
-0.536429942 0.012575844 0.843851149 316.381927490 0.084183007 0.995699465 0.038675681 3.051476479 -0.839735746 0.091784723 -0.535181642 -75.846466064
-0.541317165 0.013853765 0.840704322 318.658752441 0.086681254 0.995456338 0.039408889 3.130068779 -0.836338699 0.094206028 -0.540058315 -77.273941040
-0.544747889 0.014625547 0.838472307 320.902587891 0.087245949 0.995410442 0.039319869 3.200051308 -0.834049106 0.094572723 -0.543523788 -78.715934753
-0.549290478 0.014207262 0.835510731 323.164672852 0.087339707 0.995355129 0.040494516 3.270009995 -0.831054628 0.095216520 -0.547980011 -80.173744202
-0.552415848 0.013228120 0.833463788 325.415466309 0.087912001 0.995222390 0.042472240 3.349199295 -0.828919768 0.096733823 -0.550939441 -81.647605896
-0.556688190 0.011582817 0.830640793 327.661865234 0.086611673 0.995262563 0.044168029 3.431317329 -0.826194108 0.096530989 -0.555054128 -83.117057800
-0.561275661 0.010933718 0.827556729 329.916778564 0.085708193 0.995304406 0.044980060 3.506869316 -0.823179066 0.096174620 -0.559577227 -84.606224060
-0.564518631 0.010462859 0.825353980 332.133056641 0.085316680 0.995303571 0.045736928 3.596827507 -0.820999265 0.096235819 -0.562760055 -86.094329834
-0.568667650 0.010557297 0.822499573 334.378417969 0.086558722 0.995134056 0.047072627 3.672973633 -0.818000436 0.097963199 -0.566814303 -87.620796204
-0.573447049 0.009800004 0.819183946 336.630584717 0.086474180 0.995066524 0.048629764 3.759654999 -0.814665854 0.098724864 -0.571465492 -89.153038025
-0.576528072 0.008587241 0.817032218 338.832824707 0.084949136 0.995155752 0.049483869 3.853072166 -0.812649369 0.097935021 -0.574464738 -90.680778503
-0.579952955 0.008004277 0.814610779 341.065002441 0.084832609 0.995108604 0.050617795 3.949098587 -0.810220957 0.098461471 -0.577795327 -92.233001709
-0.583751321 0.007111297 0.811901331 343.297485352 0.084853768 0.995020211 0.052294068 4.044798851 -0.807486236 0.099419609 -0.581447840 -93.803588867
-0.585824490 0.005456544 0.810419559 345.487915039 0.082004763 0.995244026 0.052577462 4.140806198 -0.806278408 0.097259425 -0.583485842 -95.361930847
-0.589261711 0.004591320 0.807929158 347.694000244 0.078363016 0.995593965 0.051496144 4.253522873 -0.804132998 0.093656473 -0.587025225 -96.938430786
-0.592110574 0.003373513 0.805849671 349.863708496 0.074336991 0.995956182 0.050450902 4.348052025 -0.802420735 0.089776956 -0.589966953 -98.489280701
-0.595109105 0.000990657 0.803644300 352.072113037 0.071964458 0.996047497 0.052062772 4.448824883 -0.800416350 0.088816859 -0.592828214 -100.093887329
-0.598564923 0.000959696 0.801073670 354.285217285 0.073964253 0.995793760 0.054073360 4.558465958 -0.797652423 0.091617249 -0.596118152 -101.708801270
-0.600948155 0.001337535 0.799286723 356.461853027 0.073544569 0.995848894 0.053628419 4.660057068 -0.795897305 0.091011122 -0.598551929 -103.310592651
-0.604165137 -0.000274128 0.796858966 358.628845215 0.070368715 0.996074855 0.053695042 4.761275291 -0.793745875 0.088514611 -0.601774395 -104.929786682
-0.607844472 -0.002323167 0.794052720 360.820617676 0.070656657 0.995870709 0.057001047 4.899364471 -0.790906310 0.090752892 -0.605170369 -106.559394836
-0.610418439 -0.004694286 0.792065084 362.973632812 0.068517573 0.995921135 0.058706697 5.012491226 -0.789110065 0.090106040 -0.607606888 -108.184265137
-0.613420427 -0.005071996 0.789740205 365.123229980 0.067648672 0.995966613 0.058941711 5.138336182 -0.786853731 0.089580946 -0.610603273 -109.817237854
-0.616814137 -0.005268811 0.787091196 367.299072266 0.067165866 0.995977819 0.059302505 5.260987282 -0.784237862 0.089444272 -0.613979399 -111.491981506
-0.619129658 -0.005156354 0.785271704 369.415161133 0.067736775 0.995900750 0.059944928 5.380262375 -0.782361925 0.090305470 -0.616242349 -113.135307312
-0.622024238 -0.006078268 0.782974541 371.585327148 0.067512445 0.995829642 0.061365098 5.500366211 -0.780081987 0.091031097 -0.619019806 -114.823173523
-0.624393821 -0.007208921 0.781076431 373.715148926 0.064914584 0.996019423 0.061085556 5.618650436 -0.778407633 0.088844694 -0.621440411 -116.490020752
-0.627372742 -0.011296150 0.778637171 375.855224609 0.054876518 0.996767521 0.058676466 5.712882996 -0.776783109 0.079540901 -0.624724925 -118.176696777
-0.630906820 -0.008114139 0.775816202 377.975036621 0.048434947 0.997583151 0.049821682 5.872247696 -0.774345338 0.069009468 -0.628988922 -119.831100464
-0.633192062 0.001805769 0.773992598 380.090393066 0.057272773 0.997365117 0.044527110 5.934009552 -0.771872818 0.072522916 -0.631627083 -121.551910400
-0.634209156 0.002744218 0.773156643 382.192230225 0.063661136 0.996783495 0.048682347 5.990955353 -0.770536184 0.080094837 -0.632343948 -123.257827759
-0.636539340 -0.006956760 0.771212876 384.285705566 0.063398264 0.996103108 0.061312694 6.098491669 -0.768634081 0.087921500 -0.633617759 -124.973602295
-0.638685703 -0.016906109 0.769281864 386.413574219 0.058014560 0.995854914 0.070051171 6.251260757 -0.767277598 0.089370228 -0.635057688 -126.691780090
-0.642220020 -0.023320569 0.766165495 388.487518311 0.051856164 0.995925248 0.073781185 6.404354095 -0.764764249 0.087114163 -0.638393879 -128.377700806
-0.644745171 -0.023624523 0.764032423 390.600494385 0.050970800 0.995969117 0.073808983 6.576475143 -0.762696326 0.086531319 -0.640942037 -130.120498657
-0.647090077 -0.019028788 0.762176037 392.664642334 0.055590115 0.995850027 0.072058983 6.711133957 -0.760384202 0.088998109 -0.643346846 -131.849395752
-0.649975836 -0.013621035 0.759832799 394.711334229 0.059359133 0.995874882 0.068629369 6.843133926 -0.757633090 0.089710459 -0.646485984 -133.576263428
-0.652043760 -0.010119832 0.758113801 396.784515381 0.060392082 0.996040463 0.065238282 6.980545044 -0.755772293 0.088322304 -0.648850858 -135.328506470
-0.654873729 -0.010035742 0.755671680 398.843475342 0.060912922 0.995957673 0.066014715 7.121551514 -0.753279507 0.089261472 -0.651615202 -137.080139160
-0.658164263 -0.010533322 0.752800822 400.883789062 0.061309129 0.995831370 0.067535654 7.255918503 -0.750373900 0.090603113 -0.654774904 -138.839416504
-0.660159647 -0.011576071 0.751036108 402.925354004 0.061761964 0.995658696 0.069635242 7.403951645 -0.748581767 0.092355832 -0.656578779 -140.595977783
-0.662012517 -0.011895183 0.749398351 404.966430664 0.061672915 0.995618641 0.070284784 7.544315338 -0.746951044 0.092746973 -0.658378422 -142.358612061
-0.663810492 -0.011403377 0.747813821 406.983154297 0.062151998 0.995584130 0.070351973 7.688812256 -0.745313704 0.093178496 -0.660170496 -144.129653931
-0.664667606 -0.011160792 0.747055829 409.010375977 0.062824547 0.995512366 0.070768669 7.835952759 -0.744493186 0.093971089 -0.660983622 -145.910537720
-0.666492403 -0.011385566 0.745424807 411.022674561 0.064183928 0.995294511 0.072589584 7.978206635 -0.742743790 0.096224740 -0.662625372 -147.686660767
-0.667045951 -0.012268642 0.744915545 413.053955078 0.065960079 0.994965494 0.075451881 8.138101578 -0.742090940 0.099464558 -0.662878454 -149.470794678
-0.668010354 -0.012584843 0.744045496 415.062835693 0.067473210 0.994714141 0.077402666 8.286058426 -0.741086721 0.101908915 -0.663630128 -151.248657227
-0.669854999 -0.012831110 0.742381096 417.069885254 0.065912671 0.994875610 0.076668575 8.444477081 -0.739560544 0.100289136 -0.665576637 -153.039306641
-0.670619845 -0.012967424 0.741688013 419.084716797 0.062251259 0.995336533 0.073688507 8.612146378 -0.739184558 0.095587976 -0.666685045 -154.818145752
-0.671642900 -0.013163377 0.740757942 421.088806152 0.059662867 0.995633841 0.071788691 8.772661209 -0.738468826 0.092412107 -0.667925179 -156.591171265
-0.673433900 -0.014214149 0.739110708 423.079040527 0.058748968 0.995623827 0.072675817 8.912448883 -0.736909330 0.092364363 -0.669651687 -158.390350342
-0.673643351 -0.015975961 0.738883793 425.089477539 0.056731563 0.995698571 0.073251158 9.058275223 -0.736875951 0.091263197 -0.669839382 -160.180908203
-0.674713075 -0.016384011 0.737898231 427.079864502 0.054238252 0.995949924 0.071707614 9.213502884 -0.736084580 0.088404387 -0.671091795 -161.971923828
-0.676069200 -0.017400410 0.736632645 429.069213867 0.053068601 0.995975018 0.072231963 9.367179871 -0.734924555 0.087925866 -0.672424674 -163.773193359
-0.675971746 -0.018914470 0.736684799 431.057678223 0.053347774 0.995791674 0.074518256 9.513580322 -0.734994054 0.089672729 -0.672117949 -165.564407349
-0.676642597 -0.020085625 0.736037612 433.038085938 0.055256411 0.995423913 0.077961437 9.682312012 -0.734235346 0.093422823 -0.672436357 -167.375213623
-0.675123811 -0.021207206 0.737399518 435.026611328 0.059810605 0.994722307 0.083367079 9.845232010 -0.735275805 0.100387432 -0.670292377 -169.168579102
-0.673811436 -0.023048170 0.738543868 437.011596680 0.063078120 0.994070530 0.088571958 10.010793686 -0.736206174 0.106266722 -0.668362141 -170.972412109
-0.672919035 -0.025328359 0.739282310 439.001159668 0.058631212 0.994442940 0.087438405 10.205314636 -0.737388909 0.102183998 -0.667694509 -172.774932861
-0.671273351 -0.026323026 0.740742266 441.014526367 0.051173821 0.995338619 0.081744939 10.416721344 -0.739441276 0.092779815 -0.666797161 -174.546020508
-0.669681966 -0.027890686 0.742124140 443.015350342 0.046527598 0.995755732 0.079408541 10.598445892 -0.741189122 0.087707706 -0.665541947 -176.316726685
-0.667740047 -0.028651144 0.743843019 445.017669678 0.045415279 0.995829582 0.079125896 10.766029358 -0.743008018 0.086617358 -0.663654029 -178.103515625
-0.664629996 -0.028594619 0.746625304 447.018280029 0.046717539 0.995721817 0.079721585 10.923471451 -0.745710731 0.087865837 -0.660450697 -179.848266602
-0.661682904 -0.028384781 0.749246240 449.022247314 0.047753554 0.995658875 0.079892650 11.090034485 -0.748261511 0.088642776 -0.657454967 -181.606582642
-0.660071015 -0.028901834 0.750647008 451.024078369 0.045030914 0.995940268 0.077943534 11.255582809 -0.749852300 0.085250601 -0.656089842 -183.370422363
-0.657601655 -0.032878354 0.752647996 453.058288574 0.038708020 0.996253252 0.077339746 11.417434692 -0.752370775 0.079992279 -0.653864920 -185.098327637
-0.657320082 -0.038762528 0.752613902 455.087738037 0.030963598 0.996443868 0.078363799 11.604846954 -0.752974987 0.074813738 -0.653782427 -186.849075317
-0.655929267 -0.042313673 0.753635406 457.130065918 0.024234487 0.996732175 0.077055186 11.759733200 -0.754433215 0.068806715 -0.652760446 -188.557418823
-0.655315578 -0.043066826 0.754126430 459.160400391 0.022262333 0.996838391 0.076273054 11.918811798 -0.755026937 0.066771537 -0.652285039 -190.293365479
-0.655022085 -0.043490291 0.754357159 461.170501709 0.023881497 0.996651947 0.078195818 12.081007004 -0.755232275 0.069235168 -0.651790380 -192.035339355
-0.653155863 -0.044943523 0.755888462 463.210693359 0.025354560 0.996379256 0.081151225 12.225336075 -0.756798744 0.072169624 -0.649651527 -193.762969971
-0.651680887 -0.046672039 0.757055998 465.227661133 0.024416028 0.996296942 0.082438648 12.413286209 -0.758100152 0.072207980 -0.648128152 -195.468750000
-0.651234567 -0.047527440 0.757386744 467.264526367 0.022279030 0.996409237 0.081683069 12.591327667 -0.758549392 0.070068665 -0.647837341 -197.201187134
-0.650021076 -0.046833705 0.758471489 469.290771484 0.021242796 0.996589065 0.079742245 12.767084122 -0.759619236 0.067946196 -0.646808982 -198.905120850
-0.648651481 -0.045188889 0.759742796 471.336059570 0.021975260 0.996707559 0.078045361 12.936779022 -0.760768116 0.067319795 -0.645522892 -200.628906250
-0.648046792 -0.045198634 0.760258079 473.369445801 0.024059918 0.996524096 0.079753809 13.088634491 -0.761220396 0.069975942 -0.644706726 -202.351013184
