1.000000000 0.000000000 0.000000000 0.000000000 0.000000000 1.000000000 0.000000000 0.000000000 0.000000000 0.000000000 1.000000000 0.000000000
0.999997139 0.002164685 0.000957100 -0.006733298 -0.002160098 0.999986291 -0.004768069 -0.001513384 -0.000967409 0.004765988 0.999988139 1.024031043
0.999995768 -0.002423342 0.001617144 -0.039557680 0.002431796 0.999983370 -0.005246374 -0.016675295 -0.001604403 0.005250284 0.999984920 1.980834961
0.999983788 -0.003454515 0.004520179 -0.002461661 0.003466997 0.999990284 -0.002756471 -0.012874978 -0.004510612 0.002772097 0.999985933 2.916400433
0.999989390 -0.003949226 0.002330048 -0.020136636 0.003942139 0.999987721 0.003039028 -0.007188302 -0.002342021 -0.003029810 0.999992669 3.801217318
0.999956787 -0.009261425 -0.000624745 -0.030107222 0.009263937 0.999948621 0.004143970 -0.024270831 0.000586334 -0.004149579 0.999991179 4.990110397
0.999989033 -0.004472167 0.001193140 0.027072055 0.004471798 0.999989927 0.000314873 -0.039313525 -0.001194536 -0.000309534 0.999999106 6.156586170
0.999979615 0.006292442 -0.000673659 0.016862614 -0.006294905 0.999973059 -0.003729231 -0.043985691 0.000650175 0.003733397 0.999992609 7.321370125
0.999997616 0.001993674 -0.000188390 -0.007245792 -0.001993971 0.999996483 -0.001623205 -0.005237835 0.000185154 0.001623577 0.999998391 7.521408558
0.999974310 -0.006743020 -0.002198779 0.049256742 0.006740852 0.999976397 -0.000993874 -0.013863154 0.002205431 0.000979027 0.999996722 8.546776772
0.999886274 -0.014958465 -0.000982552 -0.108722076 0.014959795 0.999886215 0.001349288 -0.015932146 0.000962262 -0.001363836 0.999997437 9.385756493
0.999832690 -0.017755557 -0.004057991 -0.029752962 0.017770957 0.999834001 0.003788081 -0.022648081 0.003990067 -0.003859568 0.999983430 10.287648201
0.999782979 -0.020180438 -0.004888075 -0.063187994 0.020204047 0.999783337 0.004827789 -0.019040991 0.004789599 -0.004925507 0.999975204 11.229258537
0.999853313 -0.016572036 -0.003973503 -0.052111875 0.016589310 0.999852002 0.004351298 -0.030701440 0.003900814 -0.004416584 0.999981344 12.133845329
0.999849737 -0.016518766 -0.004935337 -0.057311811 0.016535738 0.999856472 0.003415806 -0.022700142 0.004878214 -0.003496909 0.999980628 13.068494797
0.999893129 -0.012301745 -0.007693477 -0.059917226 0.012308593 0.999922931 0.000841780 -0.022323571 0.007682541 -0.000936388 0.999968708 14.013635635
0.999813080 -0.018110933 -0.006520034 -0.087209776 0.018111525 0.999834955 0.000030268 -0.017390305 0.006518422 -0.000148352 0.999977350 14.838261604
0.999673605 -0.023801221 -0.009113054 -0.096658789 0.023804195 0.999715567 0.000216681 -0.023992710 0.009105320 -0.000433542 0.999957085 15.662135124
0.999631822 -0.024599006 -0.011300468 -0.085532852 0.024584305 0.999695599 -0.001438972 -0.026385315 0.011332443 0.001160628 0.999933660 16.643482208
0.999749839 -0.019163180 -0.011385611 -0.114776798 0.019150876 0.999814749 -0.001189842 -0.032235116 0.011406322 0.000971499 0.999933064 17.425136566
0.999673426 -0.021008497 -0.014413195 -0.150382251 0.021012144 0.999778032 0.000099722 -0.033366699 0.014407926 -0.000402546 0.999894261 18.433174133
0.999672174 -0.020311100 -0.015448685 -0.144438565 0.020336082 0.999790907 0.001459763 -0.033943199 0.015415831 -0.001773457 0.999877691 19.364122391
0.999628782 -0.018550523 -0.019848052 -0.130085707 0.018595487 0.999823570 0.002081948 -0.032852583 0.019805966 -0.002450267 0.999798834 20.323522568
0.999616086 -0.019261371 -0.019802168 -0.173465639 0.019303977 0.999810219 0.001961129 -0.044026833 0.019760678 -0.002342645 0.999799907 21.063117981
0.999604762 -0.020257255 -0.019367967 -0.182195067 0.020287134 0.999791563 0.001346237 -0.035982236 0.019336702 -0.001738632 0.999809325 21.928739548
0.999570906 -0.019839201 -0.021437576 -0.212576509 0.019898260 0.999797165 0.002543841 -0.038508721 0.021382807 -0.002969329 0.999764740 22.751995087
0.999518275 -0.017944334 -0.025225300 -0.233311415 0.018050842 0.999827504 0.003999682 -0.037284762 0.025149226 -0.004453105 0.999671638 23.816759109
0.999464810 -0.022531103 -0.023620870 -0.294334024 0.022695255 0.999718368 0.006703126 -0.028363451 0.023463238 -0.007235636 0.999696374 24.643466949
0.999427378 -0.019631969 -0.027471954 -0.283701062 0.019870264 0.999765575 0.008427084 -0.034088522 0.027300123 -0.008968155 0.999584854 25.802455902
0.999606848 -0.016158342 -0.022805119 -0.259889811 0.016328633 0.999838471 0.007299572 -0.032583609 0.022683525 -0.007669098 0.999710977 26.469430923
0.999377370 -0.022208160 -0.027283074 -0.313996702 0.022352308 0.999735475 0.004989393 -0.015364036 0.027165106 -0.005596153 0.999611735 27.052381516
0.999405265 -0.020924259 -0.027275998 -0.389494717 0.021013936 0.999772549 0.003004997 -0.013924949 0.027206970 -0.003576407 0.999619961 27.816556931
0.999394834 -0.020466883 -0.027992213 -0.362414449 0.020562062 0.999781430 0.003116411 -0.009763308 0.027922370 -0.003690125 0.999599695 28.672468185
0.999388099 -0.022035616 -0.027020738 -0.374740422 0.022111537 0.999749899 0.002513838 -0.017626397 0.026958644 -0.003109790 0.999628067 29.476722717
0.999418259 -0.020381177 -0.027201744 -0.404691190 0.020426217 0.999787927 0.001378895 -0.019708827 0.027167935 -0.001933739 0.999625444 30.233303070
0.999300718 -0.021346115 -0.030567754 -0.445385933 0.021416713 0.999766052 0.001983911 -0.028953195 0.030518331 -0.002637205 0.999527097 30.982641220
0.999188066 -0.023617787 -0.032514773 -0.522657633 0.023730947 0.999710858 0.003098421 -0.021445140 0.032432280 -0.003867537 0.999462724 31.634477615
0.999125779 -0.022864107 -0.034883004 -0.531344891 0.023063686 0.999717116 0.005329397 -0.016408086 0.034751374 -0.006129299 0.999373436 32.444545746
0.999110878 -0.021372650 -0.036224253 -0.587759197 0.021630723 0.999740422 0.006747228 -0.011260137 0.036070749 -0.007524822 0.999317050 33.134105682
0.999030828 -0.018189669 -0.039979782 -0.644872546 0.018491020 0.999800444 0.007180696 -0.011923343 0.039841302 -0.007913041 0.999170840 33.914745331
0.999034166 -0.014123721 -0.041492082 -0.647471905 0.014404629 0.999871314 0.006479316 -0.015987054 0.041395426 -0.007070784 0.999113262 34.723789215
0.998874307 -0.015455550 -0.044737939 -0.709353566 0.015722336 0.999856651 0.005617798 -0.003321245 0.044644896 -0.006314902 0.998978436 35.373943329
0.998825788 -0.012273229 -0.046759788 -0.765078187 0.012622082 0.999890685 0.007172775 -0.009059191 0.046666842 -0.007754611 0.998875856 36.179145813
0.998803616 -0.011589767 -0.047401227 -0.796716332 0.012018843 0.999885321 0.008777240 -0.002952397 0.047294270 -0.009336507 0.998832583 36.955860138
0.998917699 -0.007957417 -0.045717724 -0.759721160 0.008399966 0.999915779 0.009496370 -0.004436940 0.045638502 -0.009870179 0.998904526 37.462265015
0.998931468 -0.005666319 -0.045759797 -0.857677639 0.006010354 0.999950767 0.007384541 0.006647259 0.045715898 -0.007651734 0.998920381 38.148864746
0.999019742 -0.004011221 -0.043971788 -0.877879202 0.004222781 0.999975920 0.004719871 -0.000963017 0.043951992 -0.004900966 0.999016821 38.791515350
0.999133885 -0.002449411 -0.041419569 -0.929127991 0.002579710 0.999987960 0.003093119 0.003364496 0.041411672 -0.003197323 0.999132216 39.427513123
0.999250472 -0.004506578 -0.038317807 -0.897742033 0.004641884 0.999979377 0.003443458 0.010459915 0.038301662 -0.003618778 0.999254763 40.066806793
0.999354422 0.002997696 -0.035657894 -0.982297778 -0.002767872 0.999971151 0.006493626 0.009955525 0.035676487 -0.006390784 0.999338031 40.799194336
0.999449313 0.006881906 -0.032281164 -1.015820980 -0.006564612 0.999925077 0.009925899 0.013564587 0.032347150 -0.009708588 0.999423563 41.291870117
0.999574423 0.010892070 -0.026840521 -0.982806146 -0.010607384 0.999881923 0.010727959 0.017410368 0.026954284 -0.010438758 0.999576092 41.880447388
0.999634326 0.015345568 -0.021996226 -1.047998190 -0.015099154 0.999817491 0.011327631 0.024248064 0.022166105 -0.010991439 0.999687791 42.507301331
0.999696374 0.019713281 -0.014367290 -1.009026766 -0.019516010 0.999710619 0.013748363 0.018523395 0.014634186 -0.013463884 0.999796152 43.034641266
0.999648988 0.024903610 -0.008329770 -1.046874762 -0.024774371 0.999571800 0.015283456 0.022739530 0.008706829 -0.015071826 0.999842346 43.587085724
0.999617875 0.027420066 -0.000048082 -1.044534326 -0.027416736 0.999520004 0.014120417 0.029842913 0.000435211 -0.014113797 0.999894202 44.189445496
0.999487817 0.031307265 0.005628638 -1.058825970 -0.031387098 0.999394953 0.014686298 0.030498266 -0.005165491 -0.014855541 0.999870121 44.715759277
0.999256670 0.035728250 0.014045693 -1.040703058 -0.035935383 0.999240398 0.014775335 0.030869484 -0.013507213 -0.015269192 0.999785900 45.168678284
0.998956561 0.040037993 0.021689877 -1.030449510 -0.040303458 0.999111831 0.011938513 0.039603829 -0.021192744 -0.012800324 0.999687254 45.599342346
0.998694718 0.042055655 0.028773654 -1.035449266 -0.042339191 0.999055505 0.009312445 0.038334548 -0.028354984 -0.010518622 0.999536335 46.038543701
0.998408735 0.042852115 0.036467928 -1.049474835 -0.043207042 0.999020636 0.008996772 0.045106083 -0.036046900 -0.010558225 0.999287724 46.453262329
0.998052597 0.041867021 0.046091087 -1.009080410 -0.042390272 0.999041557 0.010431111 0.039774299 -0.045610469 -0.012364719 0.998876154 46.813266754
0.997666955 0.043681554 0.052328415 -1.050970793 -0.044325873 0.998948932 0.011213348 0.047961861 -0.051783912 -0.013506808 0.998560190 47.284133911
0.996972561 0.046434220 0.062251054 -1.009227037 -0.047238298 0.998811960 0.011504708 0.045782685 -0.061643276 -0.014410635 0.997987330 47.660327911
0.996171772 0.051294059 0.070684627 -0.986866713 -0.052199576 0.998570442 0.011020262 0.049783796 -0.070018739 -0.014667906 0.997430921 48.002056122
0.995181262 0.054904774 0.081150562 -0.981027126 -0.055993456 0.998362899 0.011197614 0.051023930 -0.080403402 -0.015687685 0.996631861 48.269443512
0.994543850 0.054355845 0.088958040 -0.930547237 -0.055626877 0.998375416 0.011868116 0.048332870 -0.088169008 -0.016751956 0.995957494 48.569221497
0.993464470 0.053651176 0.100674272 -0.868043423 -0.054957211 0.998430431 0.010241011 0.048174977 -0.099967480 -0.015706990 0.994859576 48.875308990
0.992280662 0.052025560 0.112505272 -0.813226700 -0.053076714 0.998564243 0.006364830 0.045262009 -0.112013370 -0.012287221 0.993623555 49.026611328
0.990801454 0.052563783 0.124636799 -0.809649467 -0.053269777 0.998571515 0.002334965 0.044938393 -0.124336898 -0.008952955 0.992192447 49.412090302
0.988650501 0.055247787 0.139644012 -0.772205353 -0.055801038 0.998434186 0.000045364 0.048720375 -0.139424190 -0.007837221 0.990193009 49.644931793
0.986119986 0.056770738 0.155970842 -0.724287033 -0.057264268 0.998350382 -0.001332014 0.049216762 -0.155790612 -0.007618119 0.987751961 49.888336182
0.983186483 0.057401452 0.173296869 -0.628339767 -0.057951778 0.998309791 -0.001887746 0.042793043 -0.173113912 -0.008186949 0.984858990 50.085693359
0.979775548 0.056784615 0.191827387 -0.572749138 -0.057228904 0.998347998 -0.003229098 0.041599452 -0.191695586 -0.007814372 0.981414497 50.327011108
0.976202548 0.055599980 0.209569842 -0.475142479 -0.056132335 0.998409688 -0.003412392 0.038685963 -0.209428191 -0.008432554 0.977778733 50.563869476
0.971335948 0.055885181 0.231009424 -0.542562485 -0.056376573 0.998391509 -0.004479542 0.044035107 -0.230890289 -0.008672479 0.972932100 50.850826263
0.966240466 0.058147434 0.250958979 -0.324396133 -0.058378376 0.998265147 -0.006531436 0.038871109 -0.250905573 -0.008339731 0.967966497 51.098403931
0.960166633 0.058896046 0.273117781 -0.198802948 -0.058748543 0.998226583 -0.008726366 0.035051405 -0.273149848 -0.007666592 0.961931705 51.307964325
0.952382386 0.060117666 0.298890412 -0.129976273 -0.059935607 0.998145998 -0.009785235 0.031197637 -0.298927188 -0.008594988 0.954227686 51.515697479
0.943257868 0.063204288 0.325962424 -0.072036743 -0.063209556 0.997935772 -0.010587187 0.029983342 -0.325961530 -0.010617603 0.945313811 51.721145630
0.933996022 0.065503806 0.351198643 -0.011030197 -0.065723568 0.997764111 -0.011309795 0.027622819 -0.351157546 -0.012518846 0.936221898 51.954559326
0.922669172 0.066209927 0.379839182 0.128232956 -0.066319659 0.997706592 -0.012813766 0.023657918 -0.379820049 -0.013368072 0.924952805 52.189189911
0.909499586 0.064633340 0.410624892 0.282651901 -0.064300120 0.997813404 -0.014639337 0.015226364 -0.410677165 -0.013088892 0.911675811 52.509906769
0.894794524 0.061269674 0.442231238 0.394647598 -0.060010456 0.998045683 -0.016853429 0.003007889 -0.442403883 -0.011458263 0.896731377 52.710720062
0.877312958 0.060900051 0.476017356 0.571542740 -0.057798743 0.998093724 -0.021168521 -0.001625955 -0.476403892 -0.008941884 0.879169405 52.950408936
0.857972503 0.063159294 0.509777665 0.744752884 -0.058020126 0.997966707 -0.025994502 -0.008130908 -0.510388315 -0.007274882 0.859901309 53.142662048
0.835801721 0.065653615 0.545072615 0.896385193 -0.058583967 0.997810602 -0.030354697 -0.011034369 -0.545877755 -0.006562083 0.837826729 53.339927673
0.811248422 0.068577752 0.580648065 1.112548828 -0.060044300 0.997608364 -0.033932984 -0.018868208 -0.581592321 -0.007336600 0.813434541 53.584484100
0.782946229 0.072615661 0.617819905 1.388135910 -0.063365251 0.997296929 -0.036916941 -0.036169171 -0.618836999 -0.010244438 0.785439372 53.835632324
0.753939033 0.076508746 0.652458310 1.528095245 -0.066768311 0.996966004 -0.039753683 -0.040352106 -0.653526783 -0.013591811 0.756767690 54.033451080
0.720704854 0.078384370 0.688780904 1.784049988 -0.067838550 0.996781468 -0.042453002 -0.055665731 -0.689899027 -0.016129989 0.723710835 54.248027802
0.683421254 0.075954586 0.726047814 2.120597839 -0.064856820 0.996945977 -0.043245658 -0.073624372 -0.727122724 -0.017534321 0.686267853 54.553623199
0.645173430 0.074930012 0.760339499 2.353013992 -0.062822029 0.997001171 -0.044946402 -0.086907625 -0.761435032 -0.018768027 0.647952914 54.725395203
0.603144586 0.074314430 0.794149280 2.748731613 -0.060773958 0.997026563 -0.047142640 -0.098214030 -0.795299649 -0.019829968 0.605874121 54.997406006
0.556995988 0.074430242 0.827160656 3.078777313 -0.058842011 0.996998727 -0.050089918 -0.124082208 -0.828415036 -0.020772127 0.559709907 55.139747620
0.508669138 0.073314466 0.857822657 3.468833923 -0.055723142 0.997071147 -0.052173249 -0.139406919 -0.859144092 -0.021261867 0.511270344 55.323272705
0.458928704 0.071397275 0.885587931 3.939998627 -0.054936182 0.997128010 -0.051921129 -0.168584228 -0.886760712 -0.024822975 0.461538136 55.515815735
0.409653366 0.069472328 0.909580469 4.293066025 -0.055506557 0.997135758 -0.051161140 -0.188079834 -0.910538912 -0.029529661 0.412340760 55.712669373
0.360489577 0.068862759 0.930206478 4.707599640 -0.058457341 0.996967733 -0.051150970 -0.202283263 -0.930917859 -0.035938405 0.363425881 55.886405945
0.310468078 0.070049256 0.947988153 5.254247665 -0.058069870 0.996805370 -0.054638769 -0.215549707 -0.948796928 -0.038086362 0.313547373 55.970367432
0.263909310 0.066666216 0.962230206 5.680825233 -0.048166968 0.997264564 -0.055883028 -0.251489878 -0.963332415 -0.031599987 0.266400844 56.038745880
0.219934106 0.061330758 0.973574579 6.196499825 -0.035159431 0.997861505 -0.054918289 -0.270549655 -0.974869370 -0.022152154 0.221622020 56.097827911
0.176928326 0.059499424 0.982413352 6.714543343 -0.026018027 0.998094678 -0.055763640 -0.314965367 -0.983868301 -0.015694469 0.178140849 56.171997070
0.137632415 0.062243771 0.988515496 7.246578217 -0.023080660 0.997943819 -0.059624095 -0.317080617 -0.990203142 -0.014609545 0.138787240 56.212081909
0.105355665 0.062229536 0.992475390 7.781625748 -0.015303307 0.998013198 -0.060952447 -0.355274171 -0.994305611 -0.008766576 0.106099486 56.213405609
0.075250715 0.059859056 0.995356262 8.340937614 -0.006356962 0.998194814 -0.059549380 -0.387935787 -0.997133017 -0.001846356 0.075496003 56.190296173
0.049864039 0.058851544 0.997010648 8.883835793 -0.001193244 0.998254955 -0.058865540 -0.411979347 -0.998743892 0.001745580 0.049847603 56.188678741
0.030172244 0.057627622 0.997871995 9.459866524 0.005025087 0.998304784 -0.057804778 -0.441399276 -0.999520659 0.006758526 0.029831722 56.316505432
0.013164997 0.058824085 0.998171210 10.071846008 0.006372537 0.998232245 -0.058911946 -0.477064848 -0.999881566 0.007136496 0.012766883 56.201488495
0.000265032 0.059136093 0.998239517 10.640944481 0.007349273 0.998212159 -0.059136640 -0.502592325 -0.999961376 0.007352040 -0.000170171 56.257137299
-0.012329351 0.059760753 0.998125196 11.266775131 0.008417062 0.998171091 -0.059659753 -0.518992782 -0.999876142 0.007665777 -0.012810034 56.315643311
-0.021171387 0.062536299 0.997806728 11.920161247 0.012804049 0.997964799 -0.062274735 -0.568757713 -0.999681652 0.011457626 -0.021929339 56.308948517
-0.025016358 0.063816257 0.997636735 12.605652809 0.017013395 0.997830927 -0.063402258 -0.610024333 -0.999530017 0.015387242 -0.026048193 56.244548798
-0.032181717 0.063646391 0.997442067 13.098093987 0.017607665 0.997839510 -0.063103862 -0.632212698 -0.999314487 0.015531993 -0.033233304 56.242832184
-0.038072053 0.060546979 0.997427404 13.705183983 0.015041319 0.998072028 -0.060012177 -0.672377646 -0.999149323 0.012717963 -0.038909871 56.254467010
-0.038416866 0.053939022 0.997793496 14.422301292 0.013691308 0.998464346 -0.053448375 -0.687411010 -0.999155402 0.011607888 -0.039096892 56.078029633
-0.040007915 0.048025530 0.998032868 15.088199615 0.014543762 0.998754084 -0.047477432 -0.717178583 -0.999080837 0.012615805 -0.040657081 56.112083435
-0.039882354 0.045413665 0.998160124 15.796073914 0.017444050 0.998833477 -0.044747543 -0.745510221 -0.999039292 0.015627475 -0.040628579 56.161930084
-0.040075257 0.047437847 0.998058140 16.539945602 0.020806408 0.998682797 -0.046632316 -0.794086814 -0.998967111 0.018897399 -0.041010037 55.985916138
-0.038519263 0.054589540 0.997753799 17.238815308 0.021544944 0.998307109 -0.053788282 -0.823566496 -0.999012530 0.019424872 -0.039630730 56.020278931
-0.036473643 0.062297583 0.997378528 17.889501572 0.020932408 0.997869611 -0.061563008 -0.865046263 -0.999101043 0.018632321 -0.037700526 56.017055511
-0.035286147 0.063885912 0.997320950 18.637664795 0.021086426 0.997766078 -0.063168623 -0.899649858 -0.999140501 0.018801179 -0.036554977 55.993133545
-0.033389013 0.059702128 0.997645497 19.373109818 0.021798085 0.998006105 -0.058994446 -0.930418849 -0.999190271 0.019777225 -0.034624349 55.995174408
-0.028543569 0.053244278 0.998161137 20.099668503 0.021833491 0.998360991 -0.052630864 -0.963565707 -0.999339759 0.020291306 -0.029659756 55.935562134
-0.026505640 0.050992187 0.998334765 20.851625443 0.019835124 0.998513997 -0.050474990 -0.995041847 -0.999437511 0.018464446 -0.027478116 55.934116364
-0.024895612 0.055927593 0.998111725 21.417282104 0.027226230 0.998086929 -0.055247363 -1.033176661 -0.999304771 0.025799723 -0.026371103 55.926631927
-0.021044020 0.061291941 0.997885287 22.336341858 0.029633228 0.997704089 -0.060656160 -1.092929602 -0.999324858 0.028294468 -0.022812352 55.924747467
-0.018865051 0.062173929 0.997874320 23.017707825 0.022718189 0.997818947 -0.061741255 -1.125545263 -0.999549389 0.021505415 -0.020236725 55.876880646
-0.015958851 0.058991771 0.998118162 23.729837418 0.017990746 0.998098552 -0.058703233 -1.150947571 -0.999696195 0.017020274 -0.016990121 55.884967804
-0.008917093 0.054662060 0.998452306 24.503782272 0.022328362 0.998251796 -0.054451946 -1.197527051 -0.999696314 0.021808535 -0.010122236 55.866504669
-0.005836006 0.055868916 0.998407423 25.325220108 0.027509544 0.998052299 -0.055688590 -1.249472618 -0.999589384 0.027141156 -0.007361742 55.900348663
-0.004858342 0.060219560 0.998159647 26.023426056 0.028052978 0.997783661 -0.060060680 -1.291367769 -0.999579430 0.027709983 -0.006537075 55.948127747
-0.001285576 0.061327744 0.998102963 26.670856476 0.023651969 0.997823417 -0.061280455 -1.316789746 -0.999704123 0.023528684 -0.002733405 55.908123016
0.003602456 0.060137089 0.998169601 27.471141815 0.022220822 0.997921944 -0.060202703 -1.371078014 -0.999731123 0.022397386 0.002258645 55.870746613
0.006876960 0.058255043 0.998263896 28.236112595 0.026169006 0.997932434 -0.058416318 -1.412332058 -0.999618471 0.026525725 0.005338283 55.902946472
0.011503748 0.057685696 0.998254180 29.081066132 0.030859740 0.997821629 -0.058016658 -1.463397980 -0.999442041 0.031473774 0.009698614 55.921417236
0.014599608 0.058368530 0.998174012 29.719055176 0.033946469 0.997673333 -0.058836114 -1.502210736 -0.999301434 0.034744032 0.012584368 55.941009521
0.016669407 0.058274131 0.998147011 30.410453796 0.034538906 0.997653723 -0.058822490 -1.539644480 -0.999248624 0.035456024 0.014617733 55.901451111
0.020813117 0.057144843 0.998134375 31.161037445 0.035918579 0.997660816 -0.057867035 -1.571287870 -0.999122083 0.037056576 0.018712100 55.914192200
0.025173202 0.056034725 0.998096764 31.966140747 0.038826331 0.997602701 -0.056986544 -1.626282692 -0.998912811 0.040187638 0.022937525 55.974430084
0.026806302 0.056325976 0.998036444 32.710372925 0.036602825 0.997669041 -0.057288680 -1.665240884 -0.998952746 0.038067378 0.024682460 56.033538818
0.030506641 0.057422854 0.997867703 33.457630157 0.033206318 0.997721672 -0.058429960 -1.706341863 -0.998965144 0.034918677 0.028530728 56.097812653
0.033231724 0.058128968 0.997739613 34.267044067 0.034848712 0.997615278 -0.059282750 -1.754580379 -0.998822212 0.036740709 0.031127188 56.108654022
0.035403814 0.057172626 0.997720242 34.981140137 0.032679915 0.997744799 -0.058333978 -1.792909503 -0.998820961 0.034671329 0.033456035 56.167957306
0.038636886 0.057610013 0.997575223 35.804344177 0.030561626 0.997784257 -0.058806077 -1.842065096 -0.998768151 0.032760236 0.036791146 56.205680847
0.040854860 0.057587262 0.997488141 36.357055664 0.029333023 0.997820973 -0.058808215 -1.863908410 -0.998716593 0.031662557 0.039077185 56.150737762
0.043379508 0.059504263 0.997268975 37.043830872 0.026472308 0.997788608 -0.060687080 -1.906623721 -0.998690128 0.029033160 0.041708954 56.185314178
0.047518551 0.062867008 0.996874034 38.067810059 0.025786290 0.997590482 -0.064141676 -1.970361590 -0.998519659 0.028754173 0.045783602 56.275875092
0.051267512 0.065033220 0.996549249 38.800342560 0.025846258 0.997439802 -0.066421323 -2.007049561 -0.998332560 0.029162895 0.049456101 56.313438416
0.053505592 0.067087978 0.996295273 39.558761597 0.020007199 0.997451305 -0.068240613 -2.055520058 -0.998349071 0.023584818 0.052027725 56.387042999
0.058655854 0.066972815 0.996013045 40.350311279 0.015292041 0.997553766 -0.067977242 -2.093082905 -0.998142123 0.019218758 0.057488997 56.424320221
0.061646350 0.066807859 0.995843530 41.113636017 0.017799506 0.997509301 -0.068021752 -2.152839899 -0.997920394 0.021919267 0.060304467 56.496948242
0.064432539 0.067790717 0.995600820 41.870273590 0.018864812 0.997413158 -0.069135301 -2.192435741 -0.997724652 0.023236861 0.062987842 56.565319061
0.069461949 0.069152512 0.995168746 42.723102570 0.013132529 0.997428715 -0.070226468 -2.261351585 -0.997478962 0.017947556 0.068376094 56.659786224
0.073338918 0.067934327 0.994974256 43.511768341 0.012343230 0.997523010 -0.069018438 -2.292472124 -0.997211456 0.017343339 0.072319701 56.708137512
0.077388793 0.065909296 0.994803727 44.238418579 0.013688638 0.997632146 -0.067161843 -2.361882448 -0.996887743 0.018815504 0.076304384 56.771709442
0.080405273 0.069915839 0.994290769 44.960445404 0.009290883 0.997425020 -0.070887834 -2.391855717 -0.996699691 0.014937966 0.079549730 56.793052673
0.087248705 0.079005770 0.993032217 45.759277344 0.007908868 0.996747553 -0.079996534 -2.460583687 -0.996135831 0.014833727 0.086341277 56.885787964
0.094135277 0.083647639 0.992022336 46.524532318 0.006738708 0.996371269 -0.084654056 -2.512100220 -0.995517015 0.014654256 0.093231298 56.993892670
0.102866143 0.086024567 0.990951538 47.421230316 0.001052529 0.996226907 -0.086592041 -2.580243826 -0.994675100 0.009950704 0.102388889 57.107086182
0.109032743 0.084648974 0.990409613 48.205890656 -0.001512254 0.996362865 -0.084991641 -2.641469479 -0.994016230 0.007769422 0.108765826 57.177200317
0.117572270 0.082114629 0.989645720 49.035694122 -0.001835533 0.996574044 -0.082471773 -2.704497337 -0.993041813 0.007880165 0.117321938 57.318801880
0.125540525 0.079291262 0.988896966 49.860778809 -0.001515126 0.996797442 -0.079732731 -2.765671968 -0.992066383 0.008511698 0.125260487 57.465530396
0.130823925 0.073010221 0.988695800 50.573642731 -0.003284408 0.997293353 -0.073210865 -2.828775883 -0.991379261 0.006330733 0.130711600 57.585548401
0.141340405 0.066757187 0.987689734 51.541698456 -0.006007351 0.997745335 -0.066577546 -2.893929720 -0.989921749 0.003476937 0.141424939 57.732028961
0.147685677 0.062153954 0.987061501 52.388690948 -0.005196068 0.998040557 -0.062068213 -2.943139553 -0.988999605 0.004037996 0.147721499 57.809158325
0.152559102 0.064605638 0.986162305 53.125526428 -0.005427747 0.997882903 -0.064534143 -2.995413303 -0.988258243 0.004492889 0.152589113 57.912254333
0.159590513 0.070340924 0.984655857 53.808311462 -0.005659212 0.997489035 -0.070340797 -3.036109209 -0.987145782 0.005653623 0.159590289 57.955104828
0.166300490 0.075458050 0.983165622 54.826141357 -0.005911988 0.997108161 -0.075528495 -3.100921154 -0.986036003 0.006748259 0.166268259 58.256481171
0.171786204 0.076951705 0.982105911 55.465564728 -0.007291850 0.996998489 -0.076843478 -3.155134678 -0.985085726 0.006039564 0.171834350 58.364532471
0.176079214 0.077474587 0.981303036 56.102951050 -0.010657049 0.996970236 -0.076799653 -3.213387728 -0.984295249 0.003065281 0.176374361 58.460853577
0.180815205 0.074305490 0.980686605 56.941360474 -0.007827762 0.997199595 -0.074113771 -3.281672001 -0.983462870 0.005724610 0.180893630 58.550159454
0.186424896 0.068626203 0.980049849 57.836147308 -0.007213950 0.997606575 -0.068483710 -3.341528654 -0.982419610 0.005697333 0.186476991 58.784454346
0.188360155 0.060597040 0.980209291 58.379669189 -0.007148039 0.998133481 -0.060331881 -3.376084328 -0.982051015 0.004357825 0.188444912 58.886920929
0.192764238 0.057651024 0.979530454 59.296165466 -0.011707757 0.998317182 -0.056453105 -3.435075283 -0.981152117 -0.000585769 0.193118170 59.081390381
0.196961433 0.057746112 0.978689492 59.963401794 -0.012861399 0.998310745 -0.056315839 -3.487534285 -0.980303884 -0.001495084 0.197374776 59.181369781
0.196733713 0.059447668 0.978633404 60.735370636 -0.014442160 0.998208225 -0.057733811 -3.519825935 -0.980327547 -0.002775230 0.197243139 59.437854767
0.197113603 0.063329317 0.978313208 61.317153931 -0.018202377 0.997956514 -0.060933754 -3.568610668 -0.980188608 -0.005796641 0.197866917 59.428337097
0.200440645 0.068333052 0.977300107 61.956256866 -0.019435886 0.997626245 -0.065768391 -3.613760471 -0.979489982 -0.005811923 0.201296359 59.685684204
0.201468557 0.073778883 0.976692617 62.632026672 -0.020860970 0.997236848 -0.071027987 -3.656883240 -0.979249716 -0.006064742 0.202454329 59.799137115
0.203144848 0.075679533 0.976199090 63.345237732 -0.020395240 0.997100055 -0.073055908 -3.719108820 -0.978913128 -0.005068764 0.204102561 59.990390778
0.205046147 0.075719431 0.975798249 64.097343445 -0.022794932 0.997082591 -0.072581343 -3.764829636 -0.978463590 -0.007360653 0.206177354 60.196998596
0.204541549 0.072265916 0.976165950 64.789833069 -0.021201201 0.997344792 -0.069391645 -3.810102701 -0.978605092 -0.006502319 0.205533981 60.311901093
0.205383137 0.069640242 0.976180255 65.256820679 -0.021751165 0.997524261 -0.066586822 -3.847360373 -0.978416741 -0.007557160 0.206392810 60.404300690
0.203343153 0.068696529 0.976673961 65.902893066 -0.021333337 0.997590184 -0.065726385 -3.889103174 -0.978851914 -0.007470618 0.204322055 60.527603149
0.203849256 0.067885481 0.976625204 66.503585815 -0.021192471 0.997645974 -0.064923428 -3.938243389 -0.978749633 -0.007462422 0.204811424 60.636074066
0.204100907 0.068105534 0.976557136 67.320152283 -0.023557380 0.997610569 -0.064650550 -3.990775585 -0.978643000 -0.009809851 0.205221027 60.834953308
0.204877645 0.071516961 0.976150572 67.954589844 -0.024774004 0.997367084 -0.067871980 -4.032863617 -0.978450656 -0.010277672 0.206113428 60.966346741
0.198235661 0.075338162 0.977233827 68.555374146 -0.024115447 0.997095227 -0.071977690 -4.087800503 -0.979834259 -0.009297839 0.199480012 60.988964081
0.196751550 0.075951561 0.977486253 69.053070068 -0.020680254 0.997075319 -0.073311336 -4.121958733 -0.980211735 -0.005790452 0.197750062 61.205696106
0.197754353 0.074872516 0.977366030 69.762985229 -0.021175517 0.997152448 -0.072104067 -4.178224564 -0.979998589 -0.006437269 0.198780105 61.360992432
0.194896847 0.071779273 0.978171766 70.300704956 -0.020528093 0.997378707 -0.069098860 -4.214317322 -0.980584562 -0.006612781 0.195862845 61.489891052
0.192310974 0.067613944 0.978980124 70.884994507 -0.020050621 0.997666180 -0.064966068 -4.252652645 -0.981104910 -0.007135405 0.193221197 61.629734039
0.191189423 0.066299051 0.979289651 71.469703674 -0.018544860 0.997762263 -0.063929424 -4.293509483 -0.981353641 -0.005938083 0.191994399 61.702159882
0.188152239 0.068608902 0.979718745 72.061149597 -0.014919079 0.997621953 -0.066997796 -4.345175743 -0.982002318 -0.002010570 0.188731596 61.868194580
0.187600359 0.069835111 0.979737759 72.603546143 -0.010245963 0.997534454 -0.069142066 -4.376397133 -0.982167602 0.002932951 0.187856570 61.901702881
0.184811980 0.072179407 0.980097771 73.019622803 -0.010579411 0.997367978 -0.071456693 -4.398528576 -0.982692540 0.002837423 0.185092330 61.988235474
0.183106542 0.074452281 0.980247617 73.599967957 -0.011482476 0.997202218 -0.073595464 -4.448709488 -0.983001590 0.002220357 0.183452338 62.113353729
0.183033109 0.073086925 0.980364144 74.157211304 -0.010205402 0.997300446 -0.072444536 -4.478681564 -0.983029187 0.003254968 0.183288008 62.168651581
0.182984620 0.071002319 0.980526268 74.740386963 -0.003732214 0.997411728 -0.071528867 -4.525736332 -0.983084083 0.009429486 0.182779163 62.334968567
0.185131133 0.068744123 0.980283260 75.252120972 0.002535993 0.997493267 -0.070430323 -4.545341969 -0.982684910 0.015525269 0.184495956 62.355236053
0.186372176 0.067981519 0.980101287 75.802749634 0.005403608 0.997496963 -0.070216045 -4.586451530 -0.982438803 0.018382883 0.185541585 62.537773132
0.190553606 0.067696132 0.979316652 76.401039124 0.003552226 0.997545123 -0.069647782 -4.627343655 -0.981644690 0.016750844 0.189848632 62.688041687
0.194507390 0.068303876 0.978496730 76.901039124 0.001857391 0.997524858 -0.070001774 -4.664111137 -0.980873525 0.015433746 0.193902522 62.821037292
0.201599449 0.067396834 0.977123141 77.455062866 0.004087380 0.997542858 -0.069648989 -4.700045586 -0.979433715 0.018035555 0.200832114 62.862636566
0.210478336 0.067044929 0.975273311 78.080718994 0.001972146 0.997593880 -0.069005378 -4.745575428 -0.977570713 0.016447974 0.209843427 63.026573181
0.218471766 0.065769568 0.973600805 78.658843994 0.001779946 0.997677326 -0.067795806 -4.777672291 -0.975815773 0.016544882 0.217851147 63.265075684
0.227504164 0.064421155 0.971620321 79.252388000 0.000080810 0.997787595 -0.066175453 -4.812326431 -0.973751128 0.015134141 0.226999685 63.254135132
0.235695705 0.064871810 0.969635665 79.751991272 -0.003306576 0.997796893 -0.065952539 -4.837661743 -0.971795321 0.012338932 0.235395163 63.381980896
0.245953441 0.067790717 0.966884434 80.337989807 -0.007226933 0.997631371 -0.068108499 -4.883144855 -0.969228745 0.009764244 0.245865211 63.652938843
0.255867124 0.070944175 0.964080691 80.972114563 -0.012071692 0.997439265 -0.070195496 -4.914189816 -0.966610193 0.006322901 0.256073177 63.746238708
0.268694192 0.072745286 0.960450053 81.608383179 -0.014115832 0.997313321 -0.071588688 -4.953850269 -0.963095665 0.005678175 0.269004345 63.861007690
0.277855664 0.074721642 0.957687497 82.210777283 -0.015789796 0.997169554 -0.073221400 -4.999958992 -0.960466504 0.005223547 0.278254479 64.076133728
0.286888748 0.075336613 0.954971969 82.859001160 -0.018390873 0.997131050 -0.073137939 -5.043162346 -0.957760632 0.003419905 0.287456751 64.333923340
0.295992255 0.075439587 0.952181578 83.449066162 -0.019176729 0.997123539 -0.073039405 -5.082315445 -0.954971135 0.003359587 0.296593279 64.555976868
0.306904972 0.076195195 0.948660135 84.120712280 -0.022162061 0.997070909 -0.072914086 -5.125607491 -0.951455355 0.001353613 0.307700545 64.846740723
0.317184418 0.071794562 0.945617199 84.734619141 -0.023361618 0.997398257 -0.067890197 -5.157721043 -0.948049366 -0.000557290 0.318042517 65.012145996
0.327504814 0.064280197 0.942635179 85.451812744 -0.019296035 0.997909129 -0.061345644 -5.206286430 -0.944625735 0.001902064 0.328066677 65.267776489
0.341016650 0.060283288 0.938096881 86.148483276 -0.018360101 0.998157442 -0.057468928 -5.253736496 -0.939851105 0.002374507 0.341501623 65.450088501
0.348507494 0.056298096 0.935588062 86.729995728 -0.016196765 0.998386264 -0.054043911 -5.273946285 -0.937139094 0.003681445 0.348863572 65.823944092
0.360568881 0.053412139 0.931175888 87.543273926 -0.010536277 0.998508215 -0.053194631 -5.323519707 -0.932646215 0.009369585 0.360600471 66.163330078
0.370179147 0.049184438 0.927631140 88.216819763 -0.004052801 0.998653054 -0.051332988 -5.344495773 -0.928924561 0.015243399 0.369886756 66.379844666
0.377492160 0.039070003 0.925161660 88.955490112 0.006133341 0.998961687 -0.044689346 -5.376929760 -0.925965309 0.022544857 0.376867682 66.641914368
0.384117037 0.033639774 0.922644675 89.646507263 0.011899025 0.999052227 -0.041379586 -5.414776325 -0.923180401 0.026873907 0.383359939 66.958328247
0.391669393 0.033294898 0.919476449 90.375053406 0.015827881 0.998932660 -0.042914424 -5.430042267 -0.919942319 0.031362463 0.390731812 67.203712463
0.398105264 0.039380301 0.916467071 91.090278625 0.015978167 0.998608351 -0.049850818 -5.472212791 -0.917172968 0.034490224 0.396929473 67.567123413
0.406478018 0.045404147 0.912504613 91.814682007 0.018185388 0.998144031 -0.057766259 -5.510380268 -0.913451970 0.040075943 0.404905468 67.825050354
0.411648214 0.046585418 0.910124302 92.524490356 0.018269261 0.998049557 -0.059349272 -5.552023888 -0.911132097 0.041059334 0.410001904 68.156852722
0.412348419 0.048295923 0.909717917 93.199234009 0.011049905 0.998234570 -0.058003943 -5.586786270 -0.910931468 0.033971004 0.411094576 68.502502441
0.418438733 0.051138852 0.906777024 93.871704102 0.005795512 0.998222291 -0.058970597 -5.625432014 -0.908198833 0.029931614 0.417406380 68.846588135
0.424769968 0.054661110 0.903621435 94.656929016 0.003688552 0.998041749 -0.062106822 -5.686022282 -0.905265749 0.029714962 0.423744589 69.283035278
0.427437007 0.059176393 0.902078032 95.178749084 0.000118299 0.997830868 -0.065514050 -5.730712414 -0.904017031 0.028110607 0.426510870 69.489982605
0.432101607 0.062129196 0.899653733 96.015655518 -0.003083888 0.997699082 -0.067419142 -5.793405533 -0.901791394 0.026358213 0.431307137 69.907089233
0.439125746 0.059925497 0.896396339 96.705093384 -0.002242090 0.997822225 -0.065607838 -5.830610752 -0.898394406 0.026801037 0.438312143 70.240303040
0.441708535 0.056585021 0.895343840 97.314811707 -0.001878874 0.998044312 -0.062148906 -5.879901886 -0.897128105 0.025770191 0.440959454 70.559921265
0.442708641 0.053723894 0.895026267 97.845191956 -0.001135843 0.998215377 -0.059356216 -5.913577557 -0.896636307 0.025261618 0.441988081 70.851913452
0.446650535 0.053929571 0.893053234 98.492187500 -0.004371007 0.998280585 -0.058098137 -5.963628292 -0.894669294 0.022046670 0.446126848 71.135307312
0.451195657 0.054731000 0.890716791 99.190444946 -0.005627506 0.998251677 -0.058488168 -6.012227058 -0.892378807 0.021377729 0.450723231 71.516662598
0.452916920 0.055729054 0.889780819 99.705169678 -0.005467821 0.998178780 -0.059735246 -6.044010162 -0.891507387 0.022190593 0.452405334 71.824859619
0.456912428 0.053170491 0.887892544 100.388328552 -0.002097656 0.998252988 -0.058700051 -6.088065147 -0.889480591 0.024958998 0.456234276 72.086479187
0.457159668 0.051887587 0.887841403 100.986564636 0.000136585 0.998272598 -0.058411978 -6.135035038 -0.889355481 0.026825622 0.456371397 72.472427368
0.459131688 0.052447826 0.886790097 101.578132629 -0.001971527 0.998293459 -0.058021940 -6.174264908 -0.888336599 0.024892103 0.458459973 72.781532288
0.462234437 0.051132537 0.885253608 102.137634277 0.000038087 0.998314917 -0.057683073 -6.210215569 -0.886728168 0.026697580 0.461462110 73.038261414
0.461234391 0.053072881 0.885660887 102.634605408 -0.000320774 0.998199224 -0.059649836 -6.241302013 -0.887248635 0.027229231 0.460429430 73.297676086
0.465897232 0.053254705 0.883205831 103.237472534 0.001175239 0.998128951 -0.060804360 -6.290028095 -0.884808242 0.029367367 0.464971572 73.623580933
0.471281856 0.051785935 0.880431950 103.844497681 0.004573262 0.998097718 -0.061155073 -6.331794739 -0.881940782 0.032848600 0.470157236 74.005043030
0.471725702 0.050742138 0.880255044 104.272933960 0.006654665 0.998089433 -0.061101057 -6.358618259 -0.881690323 0.034681652 0.470495462 74.128265381
0.476028115 0.049696900 0.877995610 104.821998596 0.007768754 0.998105347 -0.060707644 -6.401524067 -0.879365683 0.035720408 0.474748880 74.472686768
0.480589062 0.049983822 0.875491083 105.382301331 0.006830665 0.998110652 -0.060734250 -6.443596840 -0.876889169 0.035169307 0.479348600 74.725708008
0.479475141 0.048744697 0.876171350 105.776718140 0.009206312 0.998101771 -0.060566377 -6.472784042 -0.877477050 0.037107326 0.478125125 74.988006592
0.486818641 0.047364768 0.872187555 106.402641296 0.011660061 0.998067379 -0.060709104 -6.511820793 -0.873394191 0.039725095 0.485334456 75.372146606
0.490710974 0.048668969 0.869931638 106.896423340 0.011061068 0.997990310 -0.062072828 -6.541471481 -0.871221006 0.040083200 0.489195466 75.707893372
0.494971991 0.048593841 0.867518485 107.407951355 0.013436923 0.997867465 -0.063562080 -6.587169170 -0.868773878 0.043119296 0.493272543 75.968658447
0.498350203 0.051318672 0.865425050 107.864089966 0.011873112 0.997729003 -0.066001400 -6.615135193 -0.866863370 0.043168176 0.496618301 76.239433289
0.504236162 0.057471540 0.861620426 108.287826538 0.008290428 0.997394681 -0.071379848 -6.651526451 -0.863494873 0.043136574 0.502455354 76.465942383
0.511385679 0.064211175 0.856917918 108.912643433 0.003985134 0.996996462 -0.077086084 -6.696807861 -0.859310687 0.042836718 0.509603262 76.944610596
0.516326368 0.070838213 0.853425980 109.421531677 -0.001443259 0.996623516 -0.081851289 -6.734564304 -0.856359363 0.041031286 0.514694571 77.219467163
0.522777677 0.075548463 0.849083602 109.811264038 -0.005472620 0.996321976 -0.085279942 -6.773641586 -0.852420032 0.039936736 0.521277726 77.481605530
0.528232098 0.075952582 0.845664740 110.325866699 -0.009311654 0.996429205 -0.083677158 -6.816116810 -0.849017322 0.036327362 0.527062893 77.755325317
0.534318089 0.074516244 0.841960967 110.812057495 -0.015082927 0.996768236 -0.078645602 -6.856470108 -0.845117033 0.029323347 0.533725202 78.223320007
0.538288951 0.072488211 0.839604974 111.312423706 -0.021756621 0.997135878 -0.072140418 -6.898704529 -0.842447340 0.020566061 0.538335025 78.432426453
0.545174956 0.070280194 0.835338891 111.843315125 -0.027551403 0.997422159 -0.065936007 -6.941585541 -0.837837219 0.012932379 0.545716703 78.779983521
0.552948058 0.068251945 0.830383062 112.325363159 -0.029872473 0.997601330 -0.062104512 -6.979249954 -0.832647562 0.009535376 0.553671420 79.052246094
0.557893395 0.071926706 0.826757073 112.825851440 -0.035435341 0.997371912 -0.062858537 -7.011564255 -0.829123080 0.005772267 0.558986902 79.430641174
0.562587678 0.075422771 0.823257029 113.316421509 -0.038754649 0.997119665 -0.064867772 -7.045161247 -0.825795949 0.004589091 0.563901246 79.841621399
0.569102705 0.079387918 0.818391860 113.869636536 -0.041788638 0.996813059 -0.067636423 -7.081295967 -0.821170866 0.004292886 0.570617855 80.204475403
