1.000000000 0.000000000 0.000000000 0.000000000 0.000000000 1.000000000 0.000000000 0.000000000 0.000000000 0.000000000 1.000000000 0.000000000
0.999999702 -0.000571950 -0.000305322 -0.002097273 0.000572277 0.999999285 0.001070760 -0.020044079 0.000304709 -0.001070935 0.999999404 1.318287134
0.999999881 -0.000513241 -0.000150856 -0.012551511 0.000513315 0.999999762 0.000489002 -0.017688006 0.000150605 -0.000489079 0.999999881 1.339113355
0.999999821 -0.000590906 0.000121646 -0.022813395 0.000591054 0.999999106 -0.001219626 -0.019925237 -0.000120925 0.001219698 0.999999166 1.788628459
0.999999523 -0.000871199 0.000427938 -0.029002374 0.000871725 0.999998868 -0.001229351 -0.042356048 -0.000426867 0.001229723 0.999999166 3.130857706
0.999998927 -0.001361957 0.000576739 -0.035249285 0.001362167 0.999998927 -0.000364628 -0.065238088 -0.000576242 0.000365413 0.999999762 4.461056709
0.999995530 -0.002911280 0.000742989 -0.037622534 0.002910691 0.999995470 0.000792797 -0.087067045 -0.000745294 -0.000790631 0.999999344 5.795563698
0.999996603 -0.002544697 0.000552132 -0.041532267 0.002543988 0.999995887 0.001281071 -0.108018622 -0.000555390 -0.001279662 0.999999046 7.128547192
0.999998629 -0.001661350 0.000202846 -0.047596429 0.001661461 0.999998391 -0.000548201 -0.129498765 -0.000201934 0.000548537 0.999999821 8.465106010
0.999999464 0.001129594 0.000241675 -0.058169506 -0.001128918 0.999995530 -0.002777255 -0.152265653 -0.000244811 0.002776981 0.999996066 9.806905746
0.999989271 0.004594225 0.000568542 -0.070332512 -0.004592048 0.999982357 -0.003772828 -0.175861999 -0.000585865 0.003770176 0.999992728 11.146868706
0.999975860 0.006903837 0.000735826 -0.081799604 -0.006900987 0.999969006 -0.003808595 -0.203570753 -0.000762097 0.003803426 0.999992490 12.499489784
0.999967635 0.007973702 0.001059735 -0.092123836 -0.007970626 0.999964118 -0.002875231 -0.231227025 -0.001082623 0.002866692 0.999995291 13.850440979
0.999983788 0.005486453 0.001535694 -0.094866194 -0.005486233 0.999984980 -0.000148023 -0.255029947 -0.001536484 0.000139596 0.999998748 15.209960938
0.999997437 0.001371108 0.001807457 -0.095167905 -0.001374100 0.999997675 0.001654425 -0.279204518 -0.001805184 -0.001656904 0.999996960 16.564176559
0.999998271 -0.000990744 0.001568942 -0.094463311 0.000991806 0.999999285 -0.000676440 -0.301450819 -0.001568271 0.000677995 0.999998569 17.931169510
0.999996781 -0.002083673 0.001441433 -0.094380125 0.002087540 0.999994278 -0.002686499 -0.323454499 -0.001435827 0.002689499 0.999995410 19.300050735
0.999997854 0.000191767 0.002051858 -0.100452058 -0.000182935 0.999990702 -0.004303611 -0.350477934 -0.002052665 0.004303227 0.999988556 20.667490005
0.999991179 0.002924249 0.002988472 -0.109555796 -0.002917416 0.999993145 -0.002288292 -0.373696595 -0.002995143 0.002279553 0.999992847 22.043575287
0.999988437 0.003360031 0.003445199 -0.111552835 -0.003364641 0.999993384 0.001333312 -0.397839457 -0.003440697 -0.001344888 0.999993205 23.425815582
0.999991417 0.000976435 0.004027974 -0.110156015 -0.000989348 0.999994338 0.003205331 -0.414641023 -0.004024821 -0.003209288 0.999986827 24.809083939
0.999989629 -0.002782179 0.003613752 -0.105823688 0.002777913 0.999995351 0.001184862 -0.433001429 -0.003617032 -0.001174811 0.999992788 26.186353683
0.999988675 -0.003092242 0.003613634 -0.105429225 0.003096003 0.999994576 -0.001035509 -0.455527931 -0.003610412 0.001046685 0.999992967 27.569099426
0.999985754 -0.003200996 0.004270567 -0.106979661 0.003216623 0.999988139 -0.003657522 -0.480667979 -0.004258809 0.003671207 0.999984205 28.959676743
0.999987781 0.000111731 0.004937183 -0.111261100 -0.000090217 0.999990523 -0.004357525 -0.509133697 -0.004937623 0.004357025 0.999978304 30.352039337
0.999984801 0.001124248 0.005400358 -0.113618731 -0.001087823 0.999976695 -0.006743290 -0.536076546 -0.005407813 0.006737312 0.999962687 31.736366272
0.999983072 0.002050916 0.005445214 -0.113903061 -0.002017735 0.999979436 -0.006092258 -0.566637635 -0.005457597 0.006081168 0.999966681 33.140430450
0.999984264 0.001954190 0.005263124 -0.112778097 -0.001928773 0.999986470 -0.004829924 -0.597389340 -0.005272490 0.004819697 0.999974489 34.549816132
0.999982893 0.003056876 0.004995072 -0.115051121 -0.003040564 0.999989986 -0.003269888 -0.626666903 -0.005005018 0.003254645 0.999982178 35.959861755
0.999970675 0.005906116 0.004879376 -0.117197424 -0.005891792 0.999978304 -0.002944660 -0.654739678 -0.004896663 0.002915825 0.999983788 37.377716064
0.999952853 0.008204328 0.005189216 -0.122790575 -0.008186906 0.999960780 -0.003369831 -0.681348205 -0.005216660 0.003327189 0.999980927 38.794731140
0.999933720 0.010332766 0.005082812 -0.125694692 -0.010317782 0.999942303 -0.002965760 -0.707719505 -0.005113163 0.002913120 0.999982595 40.219577789
0.999928594 0.010907921 0.004895615 -0.128437251 -0.010893079 0.999936044 -0.003048520 -0.733338118 -0.004928555 0.002994974 0.999983311 41.639030457
0.999942362 0.009844010 0.004288445 -0.126154616 -0.009830644 0.999946773 -0.003126705 -0.760441363 -0.004318997 0.003084367 0.999985933 43.059875488
0.999952018 0.009066565 0.003733148 -0.128386393 -0.009052592 0.999951959 -0.003743524 -0.786078155 -0.003766910 0.003709550 0.999986112 44.474845886
0.999960840 0.008406648 0.002771997 -0.130113691 -0.008397030 0.999958754 -0.003462797 -0.813902497 -0.002800993 0.003439384 0.999990165 45.885669708
0.999960661 0.008669257 0.001897816 -0.134429917 -0.008664668 0.999959588 -0.002412491 -0.839875281 -0.001918653 0.002395951 0.999995291 47.311946869
0.999959588 0.008938750 0.000976639 -0.140700385 -0.008935876 0.999955833 -0.002908689 -0.865598679 -0.001002596 0.002899844 0.999995291 48.734588623
0.999957442 0.009224985 -0.000128210 -0.147343844 -0.009225287 0.999953985 -0.002605293 -0.890397191 0.000104170 0.002606365 0.999996603 50.165332794
0.999958038 0.009093030 -0.001107670 -0.156281173 -0.009094973 0.999957025 -0.001758761 -0.916942060 0.001091630 0.001768761 0.999997854 51.592361450
0.999969721 0.007557975 -0.001847010 -0.164627403 -0.007559713 0.999970913 -0.000935120 -0.943079770 0.001839888 0.000949055 0.999997914 53.041198730
0.999978602 0.006075409 -0.002389752 -0.170592308 -0.006077293 0.999981225 -0.000781843 -0.969195426 0.002384957 0.000796350 0.999996841 54.484405518
0.999989450 0.003582218 -0.002877192 -0.176842406 -0.003586332 0.999992549 -0.001425463 -0.996581495 0.002872064 0.001435767 0.999994874 55.934406281
0.999992967 0.002379541 -0.002870899 -0.185362414 -0.002382494 0.999996662 -0.001025637 -1.025008559 0.002868449 0.001032470 0.999995351 57.378566742
0.999996483 0.001170246 -0.002362261 -0.194752276 -0.001171201 0.999999285 -0.000402991 -1.052510738 0.002361788 0.000405756 0.999997139 58.810485840
0.999998331 0.000041656 -0.001783625 -0.203810483 -0.000041249 1.000000000 0.000228665 -1.079664469 0.001783635 -0.000228591 0.999998391 60.244338989
0.999997735 -0.001679351 -0.001291139 -0.209090218 0.001679135 0.999998629 -0.000168361 -1.106177568 0.001291420 0.000166193 0.999999166 61.677043915
0.999993324 -0.003595350 -0.000850155 -0.213926613 0.003594693 0.999993265 -0.000773347 -1.135629296 0.000852930 0.000770285 0.999999344 63.106143951
0.999995470 -0.003027238 -0.000153513 -0.221508637 0.003027062 0.999994814 -0.001134358 -1.163842320 0.000156946 0.001133889 0.999999344 64.531845093
0.999998391 -0.001613215 0.000779923 -0.230459183 0.001614266 0.999997795 -0.001349499 -1.192029357 -0.000777745 0.001350756 0.999998808 65.955551147
0.999997973 0.001510882 0.001331091 -0.239542514 -0.001510898 0.999998927 0.000010452 -1.220013499 -0.001331074 -0.000012463 0.999999166 67.379730225
0.999987066 0.004631146 0.002102166 -0.248236284 -0.004633876 0.999988437 0.001295187 -1.245966434 -0.002096144 -0.001304912 0.999996960 68.791603088
0.999958038 0.008665672 0.002944949 -0.258343816 -0.008671025 0.999960780 0.001809821 -1.272986650 -0.002929150 -0.001835281 0.999994040 70.202369690
0.999910235 0.012916733 0.003601505 -0.267157108 -0.012922375 0.999915302 0.001547533 -1.299797654 -0.003581211 -0.001593933 0.999992311 71.609855652
0.999862134 0.016051102 0.004250359 -0.273884833 -0.016055247 0.999870598 0.000942727 -1.325452566 -0.004234678 -0.001010838 0.999990463 73.017951965
0.999827385 0.017886205 0.005033879 -0.279309213 -0.017890068 0.999839723 0.000722679 -1.350361586 -0.005020144 -0.000812610 0.999987066 74.415328979
0.999823809 0.017982384 0.005407162 -0.281147212 -0.017988410 0.999837697 0.001067820 -1.375615358 -0.005387081 -0.001164898 0.999984801 75.816978455
0.999840081 0.016957374 0.005679710 -0.283837408 -0.016961670 0.999855816 0.000707787 -1.400414109 -0.005666891 -0.000804011 0.999983609 77.207801819
0.999862373 0.015611390 0.005602559 -0.282358825 -0.015610318 0.999878049 -0.000235255 -1.425845385 -0.005605549 0.000147765 0.999984264 78.599609375
0.999874294 0.014968546 0.005213815 -0.281066000 -0.014966941 0.999887943 -0.000346419 -1.451429725 -0.005218416 0.000268340 0.999986351 79.998992920
0.999877214 0.014832700 0.005043235 -0.281888127 -0.014832173 0.999889970 -0.000141574 -1.479875565 -0.005044780 0.000066755 0.999987245 81.386726379
0.999884844 0.014496837 0.004492112 -0.282639265 -0.014494707 0.999894738 -0.000505979 -1.508796930 -0.004498976 0.000440809 0.999989808 82.774719238
0.999887109 0.014537304 0.003803540 -0.286984414 -0.014536715 0.999894321 -0.000182136 -1.535315514 -0.003805786 0.000126825 0.999992788 84.164703369
0.999901414 0.013766702 0.002764825 -0.289169341 -0.013768673 0.999905109 0.000695687 -1.561447978 -0.002754985 -0.000733687 0.999995947 85.552474976
0.999932110 0.011528431 0.001724122 -0.292223036 -0.011531210 0.999932289 0.001610788 -1.585532904 -0.001705435 -0.001630560 0.999997258 86.941947937
0.999957144 0.009240274 0.000545128 -0.295724720 -0.009241379 0.999955177 0.002062166 -1.609037042 -0.000526049 -0.002067116 0.999997735 88.329612732
0.999971807 0.007508111 -0.000031445 -0.301991820 -0.007508032 0.999969780 0.002013040 -1.634442687 0.000046558 -0.002012747 0.999997973 89.682289124
0.999981940 0.005991066 -0.000527372 -0.307725638 -0.005990267 0.999980927 0.001502529 -1.658303857 0.000536364 -0.001499343 0.999998748 91.052345276
0.999987960 0.004836784 -0.000802421 -0.313254327 -0.004835928 0.999987662 0.001065418 -1.682664394 0.000807565 -0.001061526 0.999999106 92.424545288
0.999985933 0.005209510 -0.000992195 -0.321076900 -0.005208937 0.999986291 0.000581012 -1.711529016 0.000995208 -0.000575836 0.999999344 93.771514893
0.999987423 0.004936412 -0.000847863 -0.329700708 -0.004936388 0.999987841 0.000029712 -1.737041116 0.000847999 -0.000025526 0.999999642 95.134246826
0.999983847 0.005628361 -0.000779849 -0.337612242 -0.005628854 0.999984026 -0.000631179 -1.765197873 0.000776284 0.000635559 0.999999523 96.498390198
0.999976277 0.006874087 -0.000465397 -0.349969983 -0.006874254 0.999976456 -0.000359675 -1.791009545 0.000462914 0.000362866 0.999999821 97.859283447
0.999972641 0.007398118 -0.000136269 -0.360368848 -0.007397970 0.999972224 0.001056331 -1.816287518 0.000144080 -0.001055294 0.999999404 99.208946228
0.999963641 0.008527098 -0.000029210 -0.370018244 -0.008527005 0.999960840 0.002375076 -1.841610909 0.000049461 -0.002374740 0.999997199 100.554817200
0.999969482 0.007813054 0.000039516 -0.376017183 -0.007813087 0.999969125 0.000927518 -1.866986275 -0.000032268 -0.000927798 0.999999642 101.891113281
0.999969780 0.007773590 0.000201161 -0.383512527 -0.007773298 0.999968708 -0.001412024 -1.891907930 -0.000212131 0.001410417 0.999998987 103.243095398
0.999974728 0.007109001 0.000074999 -0.390619278 -0.007108778 0.999971211 -0.002626419 -1.917927623 -0.000093668 0.002625819 0.999996543 104.584854126
0.999988139 0.004846993 0.000256584 -0.396071106 -0.004846616 0.999987125 -0.001449540 -1.945457697 -0.000263607 0.001448280 0.999998927 105.924919128
0.999996722 0.002375036 0.000890543 -0.399570525 -0.002375543 0.999996960 0.000570138 -1.972015381 -0.000889186 -0.000572251 0.999999464 107.271965027
0.999998331 0.000713936 0.001764443 -0.402448058 -0.000716028 0.999999046 0.001185234 -1.997726202 -0.001763596 -0.001186495 0.999997735 108.616584778
0.999996722 -0.000105090 0.002574939 -0.405190200 0.000105820 0.999999940 -0.000283580 -2.021579266 -0.002574909 0.000283852 0.999996662 109.952911377
0.999992669 0.001832359 0.003367338 -0.410433441 -0.001823753 0.999994993 -0.002557178 -2.047393799 -0.003372008 0.002551018 0.999991059 111.285133362
0.999981821 0.003886965 0.004623939 -0.414302707 -0.003865199 0.999981403 -0.004706856 -2.074418783 -0.004642149 0.004688898 0.999978244 112.625305176
0.999958336 0.006811428 0.006064845 -0.418699920 -0.006783681 0.999966502 -0.004584045 -2.104358673 -0.006095865 0.004542713 0.999971092 113.957397461
0.999940574 0.007925634 0.007481236 -0.417801619 -0.007906160 0.999965370 -0.002629104 -2.132384062 -0.007501813 0.002569801 0.999968529 115.297195435
0.999932706 0.007869384 0.008515948 -0.412921190 -0.007866421 0.999969006 -0.000381321 -2.159084797 -0.008518686 0.000314306 0.999963582 116.638366699
0.999931276 0.007065757 0.009356068 -0.406223297 -0.007066552 0.999975085 0.000051803 -2.182662725 -0.009355469 -0.000117914 0.999956191 117.983238220
0.999919176 0.007309278 0.010394329 -0.398968458 -0.007305009 0.999973238 -0.000448659 -2.207230330 -0.010397332 0.000372692 0.999945879 119.329933167
0.999889493 0.009189169 0.011683132 -0.394032717 -0.009177494 0.999957383 -0.001052469 -2.230219603 -0.011692307 0.000945131 0.999931216 120.676277161
0.999854684 0.011218548 0.012830884 -0.387945533 -0.011202014 0.999936342 -0.001359839 -2.255932093 -0.012845322 0.001215910 0.999916673 122.015342712
0.999830365 0.011887715 0.014069721 -0.381230712 -0.011854377 0.999926746 -0.002450613 -2.280199289 -0.014097820 0.002283410 0.999897957 123.359832764
0.999801219 0.013018117 0.015102155 -0.372723341 -0.012970041 0.999910533 -0.003277122 -2.306369781 -0.015143465 0.003080595 0.999880612 124.701530457
0.999795437 0.012124754 0.016192602 -0.360239744 -0.012068518 0.999920785 -0.003566296 -2.331830502 -0.016234560 0.003370145 0.999862611 126.050056458
0.999787331 0.011587005 0.017068103 -0.345721960 -0.011546360 0.999930203 -0.002477808 -2.359081745 -0.017095625 0.002280207 0.999851286 127.396583557
0.999787569 0.010193404 0.017915964 -0.328994989 -0.010166571 0.999947071 -0.001588105 -2.386277676 -0.017931204 0.001405624 0.999838233 128.746841431
0.999789298 0.009466117 0.018209279 -0.311001778 -0.009445884 0.999954581 -0.001196811 -2.413336754 -0.018219782 0.001024556 0.999833405 130.089477539
0.999806464 0.007261981 0.018282432 -0.292671442 -0.007242422 0.999972999 -0.001135794 -2.437857151 -0.018290194 0.001003165 0.999832153 131.438064575
0.999819636 0.005742101 0.018100180 -0.273852110 -0.005737123 0.999983430 -0.000326958 -2.466091394 -0.018101759 0.000223056 0.999836087 132.786560059
0.999837458 0.004187726 0.017537670 -0.255756855 -0.004177248 0.999991000 -0.000634091 -2.492179394 -0.017540172 0.000560729 0.999845922 134.141921997
0.999859869 0.002786208 0.016508117 -0.238864183 -0.002774886 0.999995828 -0.000708687 -2.516171694 -0.016510027 0.000662779 0.999863446 135.496353149
0.999882519 0.001268668 0.015276567 -0.220572710 -0.001273775 0.999999106 0.000324529 -2.542616606 -0.015276143 -0.000343949 0.999883175 136.841217041
0.999899089 -0.000364165 0.014196124 -0.205345392 0.000357223 0.999999821 0.000491530 -2.567798853 -0.014196301 -0.000486409 0.999899030 138.191223145
0.999913812 -0.000824079 0.013096707 -0.195547342 0.000817910 0.999999523 0.000476332 -2.590654135 -0.013097093 -0.000465579 0.999914050 139.538696289
0.999927819 -0.001337969 0.011934230 -0.183915377 0.001339525 0.999999106 -0.000122373 -2.613790274 -0.011934056 0.000138350 0.999928713 140.885314941
0.999940336 -0.001607106 0.010817795 -0.172253370 0.001611396 0.999998629 -0.000387946 -2.640308142 -0.010817156 0.000405354 0.999941409 142.234268188
0.999942303 -0.004081880 0.009944228 -0.163371444 0.004110098 0.999987543 -0.002818914 -2.666244745 -0.009932598 0.002859623 0.999946594 143.577529907
0.999915421 -0.009495539 0.008879357 -0.149131894 0.009525728 0.999948978 -0.003363738 -2.691869259 -0.008846962 0.003448037 0.999954939 144.924102783
0.999819398 -0.017320333 0.007813379 -0.131882310 0.017329188 0.999849319 -0.001067124 -2.717563868 -0.007793716 0.001202332 0.999968886 146.277359009
0.999689341 -0.024111407 0.006300343 -0.116401136 0.024109971 0.999709189 0.000303946 -2.739336491 -0.006305838 -0.000151950 0.999980092 147.634201050
0.999608755 -0.027478250 0.005224335 -0.104569316 0.027495367 0.999616623 -0.003233116 -2.762962818 -0.005133491 0.003375496 0.999981046 148.981689453
0.999621272 -0.026916863 0.005733596 -0.101634085 0.026953556 0.999615967 -0.006420959 -2.790963173 -0.005558561 0.006573068 0.999962866 150.335937500
0.999689102 -0.023997672 0.006770190 -0.102119565 0.024054803 0.999674737 -0.008488709 -2.825371742 -0.006564278 0.008648928 0.999941051 151.694091797
0.999680996 -0.024153074 0.007389991 -0.097103596 0.024216481 0.999669671 -0.008614592 -2.858594179 -0.007179480 0.008790804 0.999935567 153.042465210
0.999588132 -0.027553068 0.008024811 -0.087676406 0.027595272 0.999605656 -0.005196131 -2.889703035 -0.007878476 0.005415439 0.999954224 154.398925781
0.999424398 -0.032815110 0.008606598 -0.075214744 0.032838408 0.999457300 -0.002578906 -2.918219328 -0.008517299 0.002860049 0.999959648 155.753417969
0.999295712 -0.036513474 0.008653770 -0.062346220 0.036526084 0.999331772 -0.001303176 -2.944378614 -0.008600404 0.001618346 0.999961734 157.096908569
0.999234557 -0.038131513 0.008739716 -0.050887942 0.038145848 0.999271035 -0.001479544 -2.969348907 -0.008676928 0.001811796 0.999960780 158.449981689
0.999293566 -0.036292687 0.009742639 -0.045029402 0.036301065 0.999340594 -0.000684451 -2.995962858 -0.009711375 0.001037636 0.999952316 159.802551270
0.999416411 -0.032367427 0.010908644 -0.041215658 0.032386661 0.999474168 -0.001590856 -3.021152735 -0.010851415 0.001943222 0.999939263 161.157989502
0.999517858 -0.028719272 0.011799974 -0.035823822 0.028764943 0.999579430 -0.003719359 -3.048056841 -0.011688194 0.004056992 0.999923468 162.515518188
0.999584675 -0.025865257 0.012700279 -0.030034542 0.025919197 0.999655664 -0.004101157 -3.076724291 -0.012589827 0.004428635 0.999910951 163.871078491
0.999622166 -0.024025962 0.013353532 -0.023761034 0.024065113 0.999706447 -0.002778736 -3.105517626 -0.013282850 0.003099040 0.999906898 165.234130859
0.999666452 -0.022167299 0.013256989 -0.015298367 0.022209480 0.999748588 -0.003043062 -3.134830952 -0.013186201 0.003336477 0.999907434 166.598281860
0.999714911 -0.020159991 0.012787644 -0.005609512 0.020230263 0.999780953 -0.005390294 -3.164192200 -0.012676173 0.005647457 0.999903619 167.966171265
0.999789536 -0.016364463 0.012378507 0.000646591 0.016466165 0.999831200 -0.008159276 -3.195414543 -0.012242896 0.008361384 0.999890029 169.334899902
0.999859810 -0.011237368 0.012413643 0.001305103 0.011354684 0.999891162 -0.009420911 -3.228350163 -0.012306428 0.009560545 0.999878585 170.707015991
0.999897778 -0.006666470 0.012653138 0.005340099 0.006771221 0.999943078 -0.008254182 -3.261508703 -0.012597392 0.008339016 0.999885917 172.092010498
0.999904335 -0.003794340 0.013301330 0.010696888 0.003879881 0.999971926 -0.006411086 -3.293730259 -0.013276630 0.006462080 0.999890983 173.476074219
0.999906898 -0.003003150 0.013312855 0.019960165 0.003058915 0.999986649 -0.004170413 -3.323458672 -0.013300152 0.004210747 0.999902606 174.868362427
0.999902189 -0.006278146 0.012499667 0.033633471 0.006318915 0.999974847 -0.003224732 -3.350708723 -0.012479105 0.003303401 0.999916673 176.266510010
0.999908388 -0.008223585 0.010752605 0.044573188 0.008258352 0.999960780 -0.003192992 -3.375451565 -0.010725925 0.003281498 0.999937117 177.669448853
0.999923110 -0.008776121 0.008759477 0.055755734 0.008841590 0.999933064 -0.007463357 -3.405601978 -0.008693391 0.007540231 0.999933779 179.055587769
0.999946952 -0.007179915 0.007383634 0.058437467 0.007266238 0.999904811 -0.011731494 -3.438325405 -0.007298701 0.011784522 0.999903917 180.454040527
0.999973655 -0.002704597 0.006739258 0.055187106 0.002787754 0.999919713 -0.012360610 -3.474771023 -0.006705286 0.012379073 0.999900818 181.860794067
0.999978125 0.000538679 0.006594507 0.051476240 -0.000462884 0.999933958 -0.011489915 -3.511774063 -0.006600260 0.011486613 0.999912202 183.279388428
0.999973118 0.002770256 0.006810160 0.049776077 -0.002715277 0.999963760 -0.008068988 -3.548255444 -0.006832267 0.008050279 0.999944270 184.681838989
0.999969065 0.003336851 0.007134579 0.051058292 -0.003293048 0.999975741 -0.006142542 -3.580087185 -0.007154902 0.006118857 0.999955714 186.100662231
0.999970794 0.002761950 0.007146631 0.056708336 -0.002724129 0.999982178 -0.005296559 -3.609210730 -0.007161133 0.005276935 0.999960423 187.521453857
0.999974310 0.000923144 0.007115665 0.062181234 -0.000889838 0.999988616 -0.004682321 -3.639796495 -0.007119907 0.004675869 0.999963641 188.941528320
0.999973118 -0.001715219 0.007136271 0.071207643 0.001744496 0.999990046 -0.004098556 -3.670746803 -0.007129170 0.004110895 0.999966145 190.368804932
0.999962389 -0.004589044 0.007360824 0.079270005 0.004618671 0.999981284 -0.004013059 -3.702526569 -0.007342272 0.004046905 0.999964774 191.794998169
0.999939501 -0.007839959 0.007718478 0.088868856 0.007863420 0.999964595 -0.003013966 -3.730005980 -0.007694575 0.003074477 0.999965608 193.223190308
0.999891341 -0.012322911 0.008091014 0.101306200 0.012335474 0.999922931 -0.001504606 -3.756811619 -0.008071850 0.001604249 0.999966145 194.655288696
0.999851823 -0.015047427 0.008361954 0.112792850 0.015062101 0.999885201 -0.001694528 -3.782910347 -0.008335495 0.001820225 0.999963582 196.090759277
0.999877810 -0.013051553 0.008603876 0.118777871 0.013104574 0.999895334 -0.006135179 -3.811051846 -0.008522903 0.006247180 0.999944091 197.522430420
0.999942601 -0.005815298 0.008997459 0.117620230 0.005916389 0.999919236 -0.011250088 -3.843406200 -0.008931308 0.011302674 0.999896228 198.955963135
0.999942482 0.003295813 0.010208232 0.111955047 -0.003179518 0.999930024 -0.011387584 -3.878287315 -0.010245050 0.011354471 0.999883056 200.403640747
0.999872148 0.011178296 0.011438733 0.104993582 -0.011089635 0.999908209 -0.007785263 -3.914377213 -0.011524709 0.007657416 0.999904275 201.855377197
0.999853909 0.012029198 0.012138734 0.111301661 -0.011961304 0.999912500 -0.005650308 -3.945569992 -0.012205637 0.005504287 0.999910355 203.309249878
0.999881685 0.010120184 0.011583551 0.122349262 -0.010060488 0.999935806 -0.005200225 -3.975646973 -0.011635435 0.005083072 0.999919415 204.767608643
0.999922097 0.006904146 0.010401153 0.136498213 -0.006849155 0.999962449 -0.005313409 -4.005311966 -0.010437447 0.005241755 0.999931812 206.223480225
0.999943554 0.004910418 0.009437892 0.147907257 -0.004854302 0.999970496 -0.005959643 -4.037358284 -0.009466875 0.005913491 0.999937713 207.686370850
0.999947131 0.005283628 0.008821665 0.155472159 -0.005226194 0.999965012 -0.006521010 -4.070840836 -0.008855812 0.006474561 0.999939740 209.148788452
0.999940217 0.006664944 0.008666961 0.159548759 -0.006609874 0.999957860 -0.006367283 -4.104072094 -0.008709033 0.006309614 0.999942124 210.620422363
0.999931395 0.007845880 0.008687302 0.161859035 -0.007798206 0.999954343 -0.005508031 -4.136741161 -0.008730121 0.005439909 0.999947011 212.086547852
0.999939144 0.007075677 0.008454788 0.165955424 -0.007024648 0.999956965 -0.006049953 -4.169390202 -0.008497232 0.005990194 0.999945879 213.570114136
0.999945581 0.006705945 0.008010058 0.171633720 -0.006649645 0.999953151 -0.007034720 -4.202872276 -0.008056858 0.006981072 0.999943197 215.036270142
0.999951959 0.005936082 0.007817533 0.175913572 -0.005878703 0.999955833 -0.007342450 -4.236910820 -0.007860773 0.007296140 0.999942541 216.517776489
0.999953806 0.006200157 0.007346472 0.180139780 -0.006145341 0.999953210 -0.007460684 -4.271481514 -0.007392386 0.007415193 0.999945104 218.014739990
0.999953389 0.006503672 0.007141810 0.182014942 -0.006448587 0.999949515 -0.007709202 -4.306830406 -0.007191588 0.007662788 0.999944746 219.496856689
0.999956548 0.006329890 0.006831805 0.185114741 -0.006276511 0.999949753 -0.007806845 -4.343105316 -0.006880879 0.007763626 0.999946177 220.973876953
0.999953389 0.007153883 0.006478195 0.186227560 -0.007101587 0.999942303 -0.008059977 -4.380420208 -0.006535482 0.008013596 0.999946475 222.470336914
0.999957502 0.006877528 0.006139500 0.188568950 -0.006826839 0.999942899 -0.008239323 -4.414892197 -0.006195814 0.008197060 0.999947131 223.951385498
0.999955714 0.007334474 0.005888217 0.189115047 -0.007285538 0.999939144 -0.008289777 -4.450190544 -0.005948659 0.008246512 0.999948263 225.445526123
0.999962091 0.006424760 0.005881718 0.191049814 -0.006375896 0.999945462 -0.008289007 -4.487411499 -0.005934651 0.008251191 0.999948263 226.941848755
0.999970376 0.004875866 0.005964295 0.194041491 -0.004824730 0.999951839 -0.008558254 -4.523839951 -0.006005736 0.008529224 0.999945521 228.448150635
0.999974906 0.003623948 0.006087557 0.198265910 -0.003573432 0.999959290 -0.008288948 -4.560757637 -0.006117348 0.008266986 0.999947131 229.945404053
0.999978065 0.002132650 0.006266242 0.202338934 -0.002085899 0.999970138 -0.007457943 -4.599005222 -0.006281960 0.007444709 0.999952555 231.450622559
0.999977946 0.002171397 0.006273014 0.203696966 -0.002124924 0.999970317 -0.007405609 -4.633822918 -0.006288908 0.007392118 0.999952912 232.954055786
0.999976277 0.002500288 0.006405981 0.204457402 -0.002450750 0.999967098 -0.007729257 -4.670567989 -0.006425096 0.007713376 0.999949694 234.465072632
0.999971747 0.003064774 0.006884336 0.203574657 -0.003006596 0.999959826 -0.008445300 -4.707509041 -0.006909942 0.008424362 0.999940634 235.966201782
0.999963641 0.004297329 0.007361931 0.205808282 -0.004239854 0.999960601 -0.007804965 -4.744653702 -0.007395181 0.007773468 0.999942422 237.489425659
0.999957204 0.004484582 0.008092121 0.208720446 -0.004438771 0.999974072 -0.005670193 -4.781522274 -0.008117342 0.005634031 0.999951184 239.013183594
0.999951959 0.004292629 0.008805812 0.212756753 -0.004246173 0.999976993 -0.005287542 -4.816242218 -0.008828308 0.005249897 0.999947309 240.533813477
0.999946713 0.004555220 0.009264896 0.218405008 -0.004492196 0.999966621 -0.006811802 -4.853119373 -0.009295616 0.006769820 0.999933898 242.067596436
0.999939680 0.004811183 0.009877816 0.223829985 -0.004730696 0.999955535 -0.008155421 -4.888638496 -0.009916614 0.008108201 0.999917984 243.596786499
0.999933481 0.005317375 0.010227015 0.230722666 -0.005240651 0.999958038 -0.007514268 -4.927948475 -0.010266542 0.007460172 0.999919474 245.130172729
0.999936879 0.004836841 0.010141591 0.238172293 -0.004773967 0.999969304 -0.006214682 -4.966355801 -0.010171339 0.006165874 0.999929309 246.671401978
0.999941051 0.004718771 0.009772827 0.249188900 -0.004660958 0.999971569 -0.005929996 -5.000696182 -0.009800530 0.005884097 0.999934673 248.214889526
0.999941826 0.005057615 0.009526394 0.255088091 -0.005002358 0.999970496 -0.005815443 -5.035095215 -0.009555527 0.005767450 0.999937773 249.751785278
0.999935389 0.006142329 0.009567598 0.262977123 -0.006089970 0.999966383 -0.005491960 -5.070550442 -0.009601009 0.005433339 0.999939144 251.303115845
0.999923170 0.007567656 0.009820682 0.266561508 -0.007513959 0.999956667 -0.005493050 -5.104098320 -0.009861826 0.005418835 0.999936700 252.843185425
0.999924064 0.007457810 0.009812770 0.271794558 -0.007408037 0.999959588 -0.005098922 -5.138481140 -0.009850400 0.005025843 0.999938846 254.382415771
0.999933779 0.005980647 0.009830581 0.280580282 -0.005933082 0.999970615 -0.004860507 -5.172646046 -0.009859364 0.004801861 0.999939799 255.932083130
0.999943912 0.003955248 0.009818077 0.290841818 -0.003917279 0.999984801 -0.003883575 -5.208147049 -0.009833287 0.003844898 0.999944270 257.479553223
0.999950349 0.001439591 0.009861062 0.302560568 -0.001408701 0.999994218 -0.003138829 -5.240287304 -0.009865521 0.003124782 0.999946475 259.026031494
0.999952674 0.000261703 0.009717015 0.307702541 -0.000223167 0.999992132 -0.003966723 -5.272025585 -0.009717976 0.003964367 0.999944925 260.562744141
0.999955297 -0.001079198 0.009385290 0.318960190 0.001125191 0.999987364 -0.004896522 -5.304478645 -0.009379888 0.004906865 0.999943972 262.112121582
0.999945462 -0.002722970 0.010075189 0.325183153 0.002755562 0.999990940 -0.003222386 -5.335045815 -0.010066322 0.003249974 0.999943972 263.666076660
0.999934852 -0.004721367 0.010389483 0.336284876 0.004735630 0.999987841 -0.001348695 -5.366513729 -0.010382988 0.001397808 0.999945045 265.218353271
0.999930799 -0.005267312 0.010520344 0.344489336 0.005292337 0.999983251 -0.002352277 -5.392730713 -0.010507777 0.002407791 0.999941885 266.766326904
0.999923646 -0.005672995 0.010978470 0.354801893 0.005710179 0.999978065 -0.003358512 -5.422540188 -0.010959174 0.003420945 0.999934018 268.312683105
0.999918520 -0.004838074 0.011812193 0.363333464 0.004881927 0.999981284 -0.003686482 -5.454839230 -0.011794137 0.003743847 0.999923468 269.852905273
0.999912620 -0.003420241 0.012770684 0.374320030 0.003464526 0.999988079 -0.003447098 -5.490066528 -0.012758742 0.003491041 0.999912560 271.401275635
0.999903202 -0.002144779 0.013747142 0.387288570 0.002194574 0.999991000 -0.003608155 -5.525932312 -0.013739281 0.003637975 0.999898911 272.943176270
0.999889910 -0.001390450 0.014771548 0.401244879 0.001443598 0.999992490 -0.003587946 -5.563810349 -0.014766450 0.003608875 0.999884427 274.485931396
0.999874473 -0.000184487 0.015837543 0.415261507 0.000246707 0.999992251 -0.003926724 -5.595170021 -0.015836695 0.003930138 0.999866784 276.027160645
0.999862134 0.000165763 0.016601237 0.427004814 -0.000086918 0.999988675 -0.004749999 -5.625229836 -0.016601838 0.004747902 0.999850869 277.602081299
0.999848604 -0.000090272 0.017399749 0.441748142 0.000183950 0.999985516 -0.005382310 -5.660333633 -0.017399011 0.005384695 0.999834061 279.185150146
0.999824524 -0.001357691 0.018681271 0.462017059 0.001451047 0.999986589 -0.004984661 -5.693037510 -0.018674245 0.005010893 0.999813139 280.741729736
0.999813259 -0.002495306 0.019163260 0.489798069 0.002572572 0.999988675 -0.004008401 -5.726153851 -0.019153042 0.004056951 0.999808311 282.315917969
0.999802828 -0.003889824 0.019472130 0.517155170 0.003960510 0.999985754 -0.003592825 -5.762390614 -0.019457880 0.003669237 0.999803960 283.860809326
0.999797225 -0.004789135 0.019559087 0.542295933 0.004906999 0.999970078 -0.005982503 -5.798069477 -0.019529842 0.006077265 0.999790788 285.407958984
0.999795020 -0.006427829 0.019197943 0.569472790 0.006582449 0.999946356 -0.008001663 -5.835511208 -0.019145476 0.008126391 0.999783695 286.960052490
0.999801159 -0.007291850 0.018558765 0.592251301 0.007437571 0.999941885 -0.007794928 -5.875870705 -0.018500848 0.007931409 0.999797404 288.508666992
0.999805033 -0.008655106 0.017747432 0.615152359 0.008795870 0.999930382 -0.007868870 -5.909440517 -0.017678091 0.008023439 0.999811590 290.072052002
0.999823630 -0.008408248 0.016793560 0.635322094 0.008555292 0.999925554 -0.008703370 -5.943236828 -0.016719123 0.008845507 0.999821246 291.638885498
0.999833047 -0.008570282 0.016137723 0.656346798 0.008717069 0.999921143 -0.009047659 -5.979266167 -0.016058903 0.009186820 0.999828935 293.208404541
0.999839306 -0.009002917 0.015501178 0.676958084 0.009140193 0.999919355 -0.008807738 -6.015504837 -0.015420634 0.008948007 0.999840975 294.791229248
0.999844551 -0.010199419 0.014378734 0.698462248 0.010326034 0.999908328 -0.008759083 -6.053755760 -0.014288077 0.008906197 0.999858201 296.358489990
0.999851108 -0.011039942 0.013258247 0.717749357 0.011141100 0.999909222 -0.007580638 -6.089612007 -0.013173353 0.007727220 0.999883294 297.941986084
0.999876499 -0.009447270 0.012560727 0.733676910 0.009529097 0.999933720 -0.006470891 -6.123803616 -0.012498762 0.006589783 0.999900103 299.524322510
0.999869585 -0.009393537 0.013131374 0.750665665 0.009481073 0.999933064 -0.006619900 -6.156936169 -0.013068310 0.006743538 0.999891877 301.106597900
0.999860108 -0.009245892 0.013933621 0.767933846 0.009344313 0.999931693 -0.007015237 -6.191543579 -0.013867808 0.007144455 0.999878287 302.699859619
0.999845624 -0.010765500 0.013888136 0.801550150 0.010875739 0.999909759 -0.007886802 -6.215062618 -0.013801978 0.008036628 0.999872446 304.317291260
0.999824166 -0.012795758 0.013713645 0.823966265 0.012919063 0.999876559 -0.008940880 -6.253865242 -0.013597548 0.009116475 0.999865949 305.899536133
0.999794245 -0.014582301 0.014101201 0.843212605 0.014735318 0.999832928 -0.010808758 -6.299630165 -0.013941227 0.011014322 0.999842167 307.503570557
0.999789894 -0.015011342 0.013964127 0.859453201 0.015180814 0.999811411 -0.012110487 -6.339218140 -0.013779700 0.012319932 0.999829173 309.122070312
0.999826849 -0.014336373 0.011862802 0.870795012 0.014491951 0.999808729 -0.013134437 -6.384803772 -0.011672233 0.013304077 0.999843299 310.744934082
0.999861419 -0.013444341 0.009808938 0.880336285 0.013566192 0.999830365 -0.012463783 -6.430501938 -0.009639705 0.012595126 0.999874234 312.372711182
0.999881268 -0.012306122 0.009275796 0.892283201 0.012390849 0.999881506 -0.009133003 -6.476787090 -0.009162306 0.009246852 0.999915183 314.009735107
0.999854922 -0.013949039 0.009774583 0.904016972 0.014008243 0.999883711 -0.006014870 -6.516716957 -0.009689545 0.006150921 0.999934077 315.654388428
0.999842286 -0.014754511 0.009885704 0.917626143 0.014808050 0.999875903 -0.005364573 -6.552820206 -0.009805326 0.005510115 0.999936759 317.302093506
0.999826550 -0.015577132 0.010209038 0.927599430 0.015645972 0.999855161 -0.006698465 -6.588731289 -0.010103215 0.006857034 0.999925435 318.934936523
0.999807656 -0.016508365 0.010589084 0.937528372 0.016581399 0.999839008 -0.006846693 -6.624741554 -0.010474352 0.007020958 0.999920487 320.574279785
0.999802649 -0.016558100 0.010977713 0.947458029 0.016630391 0.999840319 -0.006527070 -6.665774345 -0.010867886 0.006708345 0.999918461 322.217895508
0.999797642 -0.016472019 0.011549265 0.957498074 0.016548187 0.999841750 -0.006530347 -6.706951141 -0.011439868 0.006720146 0.999911904 323.837036133
0.999817491 -0.014820081 0.012057696 0.966507673 0.014911982 0.999860168 -0.007567793 -6.747960567 -0.011943853 0.007746216 0.999898612 325.460571289
0.999817789 -0.014208938 0.012758746 0.980744600 0.014312812 0.999864876 -0.008087204 -6.790592194 -0.012642111 0.008268340 0.999885917 327.092559814
0.999788761 -0.015582646 0.013411951 0.998242140 0.015666118 0.999858499 -0.006141105 -6.832462311 -0.013314357 0.006349920 0.999891222 328.720336914
0.999775171 -0.016261673 0.013609260 1.014241457 0.016337493 0.999851525 -0.005478416 -6.870710373 -0.013518150 0.005699526 0.999892294 330.324859619
0.999757290 -0.017375901 0.013548300 1.032794476 0.017468229 0.999824822 -0.006726348 -6.909004211 -0.013429049 0.006961381 0.999885559 331.947937012
0.999780774 -0.015883917 0.013639948 1.047102928 0.015976803 0.999849737 -0.006728449 -6.949016571 -0.013531025 0.006944898 0.999884248 333.561523438
0.999808609 -0.014219936 0.013433618 1.060671568 0.014337567 0.999859333 -0.008701255 -6.991400719 -0.013307999 0.008892194 0.999871790 335.174865723
0.999837577 -0.012366208 0.013100171 1.067986488 0.012521546 0.999851465 -0.011842964 -7.033083439 -0.012951775 0.012005077 0.999844074 336.775421143
0.999863982 -0.011040050 0.012245816 1.080019474 0.011180012 0.999872208 -0.011420497 -7.079403400 -0.012118170 0.011555851 0.999859869 338.401458740
0.999882996 -0.010320930 0.011291634 1.091976166 0.010410386 0.999914587 -0.007892382 -7.126029015 -0.011209213 0.008009008 0.999905109 340.018554688
0.999904573 -0.009145630 0.010361388 1.099796057 0.009199148 0.999944508 -0.005129315 -7.167571068 -0.010313901 0.005224142 0.999933183 341.631225586
0.999921322 -0.008815940 0.008914189 1.112624645 0.008870420 0.999942124 -0.006090730 -7.213083267 -0.008859977 0.006169324 0.999941707 343.238403320
0.999929905 -0.009375593 0.007230273 1.118190169 0.009431091 0.999926090 -0.007680266 -7.252600193 -0.007157732 0.007747917 0.999944329 344.836090088
0.999929488 -0.010539855 0.005457350 1.118860006 0.010574997 0.999923289 -0.006451323 -7.292998314 -0.005388935 0.006508580 0.999964297 346.479400635
0.999916017 -0.012086845 0.004667964 1.121086836 0.012114766 0.999908626 -0.006000521 -7.333103657 -0.004595009 0.006056570 0.999971092 348.092102051
0.999914885 -0.012343073 0.004233046 1.123972654 0.012371569 0.999900460 -0.006772117 -7.374925613 -0.004149036 0.006823912 0.999968112 349.699066162
0.999907017 -0.013030408 0.004014013 1.125248194 0.013060786 0.999885499 -0.007636539 -7.416398048 -0.003914046 0.007688255 0.999962807 351.306091309
0.999904633 -0.013218009 0.003999190 1.126471519 0.013248030 0.999883473 -0.007576275 -7.461538792 -0.003898582 0.007628534 0.999963224 352.901428223
0.999897003 -0.013732748 0.004149792 1.126725793 0.013764456 0.999875486 -0.007711640 -7.504034042 -0.004043373 0.007767966 0.999961674 354.501129150
0.999889970 -0.014256836 0.004099166 1.129457235 0.014290194 0.999864042 -0.008227617 -7.547308922 -0.003981310 0.008285288 0.999957740 356.101043701
0.999884188 -0.014671050 0.004045256 1.131532431 0.014706088 0.999853373 -0.008772618 -7.591936588 -0.003915960 0.008831091 0.999953270 357.701507568
0.999872804 -0.015419604 0.004074859 1.134272814 0.015454043 0.999843955 -0.008558945 -7.634387970 -0.003942247 0.008620829 0.999955058 359.292236328
0.999875307 -0.015225763 0.004189117 1.134379387 0.015264617 0.999839187 -0.009404016 -7.676827431 -0.004045260 0.009466788 0.999947011 360.881713867
0.999850333 -0.016814474 0.004075550 1.138595104 0.016857458 0.999800086 -0.010752629 -7.719620705 -0.003893934 0.010819724 0.999933898 362.470520020
0.999826014 -0.018157028 0.004278055 1.137258053 0.018195530 0.999792695 -0.009140113 -7.759699821 -0.004111211 0.009216364 0.999949098 364.078491211
0.999799132 -0.019595509 0.004210220 1.139722109 0.019630697 0.999771297 -0.008485609 -7.802165031 -0.004042977 0.008566555 0.999955058 365.676574707
0.999789417 -0.020030919 0.004461898 1.139580965 0.020073131 0.999752164 -0.009625996 -7.842333794 -0.004267976 0.009713531 0.999943733 367.284210205
0.999807656 -0.018915109 0.005187930 1.134119511 0.018968103 0.999766350 -0.010363337 -7.882750511 -0.004990695 0.010459749 0.999932766 368.898956299
0.999834239 -0.017315945 0.005649597 1.133883476 0.017369457 0.999803364 -0.009563848 -7.926044464 -0.005482880 0.009660391 0.999938309 370.510101318
0.999852836 -0.015969830 0.006268172 1.132314801 0.016024100 0.999833703 -0.008706281 -7.969048500 -0.006128091 0.008805444 0.999942482 372.117706299
0.999857903 -0.015391512 0.006870750 1.132729411 0.015453062 0.999840140 -0.008997164 -8.010213852 -0.006731172 0.009102060 0.999935985 373.724792480
0.999854267 -0.015573386 0.006997323 1.139728785 0.015641311 0.999830067 -0.009759231 -8.054431915 -0.006844149 0.009867257 0.999927819 375.335327148
0.999851108 -0.015695225 0.007170818 1.147029400 0.015766250 0.999826193 -0.009957720 -8.097669601 -0.007013282 0.010069293 0.999924660 376.948486328
0.999849975 -0.015571267 0.007586604 1.155114651 0.015645985 0.999828696 -0.009890839 -8.144330025 -0.007431292 0.010008057 0.999922216 378.555419922
0.999858439 -0.014401803 0.008699038 1.153450251 0.014487432 0.999846399 -0.009861950 -8.187044144 -0.008555672 0.009986579 0.999913454 380.157165527
0.999862790 -0.012890126 0.010396926 1.148101330 0.012990068 0.999869525 -0.009603209 -8.229345322 -0.010271784 0.009736949 0.999899864 381.751647949
0.999873519 -0.011855423 0.010596447 1.155971766 0.011962993 0.999876976 -0.010146499 -8.274024963 -0.010474851 0.010271982 0.999892414 383.394775391
0.999888003 -0.010645993 0.010517655 1.165287256 0.010758397 0.999885023 -0.010688807 -8.317509651 -0.010402652 0.010800763 0.999887586 385.044769287
