1.000000000 0.000000000 0.000000000 0.000000000 0.000000000 1.000000000 0.000000000 0.000000000 0.000000000 0.000000000 1.000000000 0.000000000
0.999999762 -0.000574924 -0.000308380 -0.002204880 0.000575254 0.999999404 0.001072980 -0.019866284 0.000307763 -0.001073158 0.999999404 1.318290591
0.999998212 -0.001899518 -0.000034578 -0.015320402 0.001899575 0.999996722 0.001720730 -0.032807101 0.000031309 -0.001720793 0.999998510 2.618659019
0.999994218 -0.003336861 -0.000518654 -0.019030884 0.003337413 0.999993861 0.001068116 -0.064533688 0.000515087 -0.001069841 0.999999285 3.945203543
0.999993920 -0.003490932 -0.000135464 -0.023071127 0.003491072 0.999993384 0.001045051 -0.089221790 0.000131815 -0.001045517 0.999999464 5.259462833
0.999992073 -0.003950026 -0.000296452 -0.036314316 0.003950540 0.999990582 0.001748990 -0.101672433 0.000289540 -0.001750147 0.999998450 6.582027435
0.999985278 -0.005426791 0.000075671 -0.040278241 0.005426549 0.999981046 0.002896262 -0.122890085 -0.000091387 -0.002895809 0.999995887 7.921798706
0.999986589 -0.005174839 -0.000147309 -0.042145606 0.005175325 0.999980390 0.003513998 -0.143268853 0.000129122 -0.003514714 0.999993861 9.258816719
0.999990463 -0.004363515 -0.000572228 -0.060596079 0.004364761 0.999988079 0.002195913 -0.176363826 0.000562639 -0.002198389 0.999997437 10.573109627
0.999998927 -0.001486376 -0.000326248 -0.074159317 0.001486315 0.999998927 -0.000185021 -0.192703858 0.000326522 0.000184536 0.999999940 11.914102554
0.999998093 0.001961211 0.000077006 -0.086699784 -0.001961121 0.999997377 -0.001161991 -0.212681055 -0.000079284 0.001161837 0.999999344 13.257097244
0.999993086 0.003709928 -0.000322810 -0.104810148 -0.003710228 0.999992669 -0.000935616 -0.242797270 0.000319337 0.000936807 0.999999523 14.573166847
0.999987781 0.004953550 0.000203744 -0.116166979 -0.004953532 0.999987662 -0.000095518 -0.264863938 -0.000204214 0.000094508 1.000000000 15.931289673
0.999996543 0.002551680 0.000754207 -0.119856492 -0.002553595 0.999993503 0.002549705 -0.283509761 -0.000747696 -0.002551622 0.999996543 17.288045883
0.999997497 -0.002074126 0.000735316 -0.120356895 0.002070469 0.999985576 0.004940324 -0.320816278 -0.000745552 -0.004938790 0.999987543 18.621486664
0.999990582 -0.004295947 0.000490765 -0.121582113 0.004294676 0.999987423 0.002561375 -0.336821049 -0.000501762 -0.002559244 0.999996603 19.992614746
0.999990523 -0.004333062 0.000458343 -0.128633082 0.004332651 0.999990225 0.000890086 -0.365505695 -0.000462195 -0.000888091 0.999999523 21.327289581
0.999996483 -0.002352594 0.001223619 -0.137616515 0.002353514 0.999997020 -0.000750846 -0.385906398 -0.001221848 0.000753723 0.999999046 22.703987122
0.999998510 0.000861850 0.001480810 -0.153437033 -0.000863186 0.999999225 0.000901371 -0.412086725 -0.001480032 -0.000902647 0.999998510 24.046611786
0.999995768 0.001342273 0.002562011 -0.163434952 -0.001354279 0.999988079 0.004690395 -0.431570292 -0.002555685 -0.004693845 0.999985754 25.432685852
0.999995947 -0.001447104 0.002416589 -0.160580352 0.001432024 0.999979556 0.006230331 -0.446551412 -0.002425555 -0.006226847 0.999977589 26.787229538
0.999984980 -0.004937403 0.002364225 -0.160983652 0.004927211 0.999978602 0.004297882 -0.460097224 -0.002385395 -0.004286170 0.999987900 28.170207977
0.999983251 -0.005244814 0.002418283 -0.172701046 0.005237504 0.999981701 0.003019628 -0.487839043 -0.002434076 -0.003006911 0.999992430 29.525880814
0.999980986 -0.005358038 0.003052625 -0.171357125 0.005357863 0.999985516 0.000065624 -0.502869666 -0.003052933 -0.000049266 0.999995291 30.924552917
0.999991179 -0.002252627 0.003548872 -0.186902821 0.002252470 0.999997377 0.000048117 -0.545946777 -0.003548971 -0.000040123 0.999993622 32.280479431
0.999991000 -0.001169704 0.004099467 -0.191728890 0.001179023 0.999996662 -0.002271616 -0.565880239 -0.004096796 0.002276429 0.999988973 33.679935455
0.999990642 0.000143761 0.004324034 -0.197567537 -0.000137270 0.999998868 -0.001501346 -0.595195055 -0.004324245 0.001500738 0.999989510 35.063289642
0.999991179 0.000008936 0.004199481 -0.198775068 -0.000007528 0.999999881 -0.000335280 -0.617396533 -0.004199484 0.000335246 0.999991059 36.470138550
0.999992669 0.000617462 0.003783023 -0.200101867 -0.000624665 0.999997914 0.001902936 -0.649118483 -0.003781841 -0.001905285 0.999991059 37.849521637
0.999986827 0.003445012 0.003820072 -0.206201360 -0.003452653 0.999992013 0.001995404 -0.666728795 -0.003813168 -0.002008567 0.999990761 39.271434784
0.999977648 0.005348063 0.003993000 -0.225300312 -0.005356194 0.999983609 0.002028494 -0.694024026 -0.003982086 -0.002049837 0.999989986 40.638084412
0.999961734 0.007642864 0.004243285 -0.231739536 -0.007652913 0.999967992 0.002357119 -0.711957991 -0.004225135 -0.002389502 0.999988198 42.065330505
0.999956608 0.008498237 0.003796558 -0.236801058 -0.008507866 0.999960601 0.002528474 -0.738709450 -0.003774921 -0.002560665 0.999989510 43.439895630
0.999967039 0.007355541 0.003441330 -0.237189904 -0.007363870 0.999969959 0.002414173 -0.756976366 -0.003423469 -0.002439435 0.999991119 44.874252319
0.999972463 0.006945987 0.002606825 -0.244432956 -0.006951624 0.999973536 0.002158985 -0.797850609 -0.002591759 -0.002177046 0.999994278 46.258018494
0.999979615 0.006122531 0.001816245 -0.248317122 -0.006126699 0.999978602 0.002297611 -0.814349592 -0.001802139 -0.002308691 0.999995768 47.677730560
0.999976814 0.006766271 0.000737156 -0.255571157 -0.006768845 0.999970794 0.003547395 -0.845863938 -0.000713132 -0.003552303 0.999993443 49.101081848
0.999976754 0.006799259 -0.000330395 -0.259659111 -0.006798123 0.999971390 0.003324581 -0.862669289 0.000352990 -0.003322258 0.999994397 50.531959534
0.999968231 0.007819697 -0.001487025 -0.273813248 -0.007814319 0.999963045 0.003589887 -0.897794187 0.001515042 -0.003578154 0.999992371 51.966693878
0.999967217 0.007725403 -0.002399461 -0.285408139 -0.007714281 0.999959707 0.004610509 -0.914475203 0.002434983 -0.004591848 0.999986470 53.398254395
0.999971151 0.006819049 -0.003325874 -0.302367717 -0.006798242 0.999957502 0.006227763 -0.944790602 0.003368199 -0.006204973 0.999975085 54.822704315
0.999977946 0.005509393 -0.003731673 -0.312440068 -0.005487945 0.999968529 0.005733322 -0.953853548 0.003763142 -0.005712716 0.999976575 56.279022217
0.999987960 0.002622689 -0.004130608 -0.325960875 -0.002598519 0.999979556 0.005846131 -0.985583007 0.004145856 -0.005835328 0.999974370 57.645931244
0.999990582 0.001739071 -0.003982648 -0.336364299 -0.001715451 0.999981105 0.005926433 -0.999178410 0.003992879 -0.005919545 0.999974430 59.099781036
0.999993026 0.000861080 -0.003631842 -0.352358878 -0.000835422 0.999974728 0.007060230 -1.022732615 0.003637829 -0.007057146 0.999968469 60.490959167
0.999994874 -0.000488068 -0.003178455 -0.360280931 0.000512365 0.999970615 0.007647824 -1.038463235 0.003174629 -0.007649412 0.999965727 61.931457520
0.999991775 -0.002935592 -0.002801210 -0.369113028 0.002957232 0.999965549 0.007752737 -1.066394329 0.002778355 -0.007760957 0.999966025 63.346328735
0.999987662 -0.004465505 -0.002176654 -0.376831353 0.004480414 0.999966145 0.006893786 -1.080607414 0.002145797 -0.006903453 0.999973893 64.775276184
0.999992967 -0.003366093 -0.001608083 -0.396055996 0.003376982 0.999970973 0.006817111 -1.115275741 0.001585089 -0.006822494 0.999975383 66.191360474
0.999998152 -0.001850467 -0.000561557 -0.407182127 0.001854142 0.999976337 0.006614872 -1.131594419 0.000549303 -0.006615901 0.999977887 67.617782593
0.999999464 0.001032862 -0.000045184 -0.420375019 -0.001032454 0.999965489 0.008242557 -1.150683165 0.000053696 -0.008242504 0.999966025 69.013282776
0.999990344 0.004322595 0.000821828 -0.431549966 -0.004330155 0.999946117 0.009432007 -1.165359497 -0.000781013 -0.009435475 0.999955177 70.431991577
0.999969959 0.007639735 0.001417314 -0.446832776 -0.007653429 0.999921501 0.009921223 -1.196621180 -0.001341407 -0.009931772 0.999949694 71.819908142
0.999924183 0.012103035 0.002283127 -0.460396945 -0.012124497 0.999880075 0.009632466 -1.208949685 -0.002166271 -0.009659417 0.999950945 73.230781555
0.999869883 0.015900148 0.002723095 -0.469745725 -0.015925074 0.999829113 0.009388760 -1.225217819 -0.002573347 -0.009430907 0.999952137 74.602760315
0.999841273 0.017454945 0.003580367 -0.477286875 -0.017486695 0.999806285 0.009035875 -1.237710714 -0.003421952 -0.009097049 0.999952734 76.012977600
0.999840736 0.017428858 0.003822287 -0.482967734 -0.017464962 0.999801159 0.009624084 -1.264693260 -0.003653790 -0.009689309 0.999946296 77.382682800
0.999857664 0.016371155 0.004083232 -0.486348659 -0.016408397 0.999822497 0.009259989 -1.276142836 -0.003930911 -0.009325671 0.999948740 78.780555725
0.999870241 0.015729913 0.003470260 -0.491682857 -0.015760958 0.999834239 0.009107340 -1.295137167 -0.003326427 -0.009160852 0.999952495 80.172592163
0.999878705 0.015199231 0.003380066 -0.494378924 -0.015227946 0.999846697 0.008638603 -1.306860805 -0.003248248 -0.008689026 0.999956965 81.570510864
0.999888241 0.014663903 0.002917422 -0.494317353 -0.014690598 0.999848366 0.009349273 -1.340468049 -0.002779882 -0.009391085 0.999951959 82.952384949
0.999892771 0.014444024 0.002388439 -0.497717619 -0.014464479 0.999856830 0.008781358 -1.351450205 -0.002261258 -0.008814964 0.999958515 84.345367432
0.999896526 0.014301202 0.001503326 -0.509394944 -0.014314779 0.999852955 0.009445094 -1.364411116 -0.001368028 -0.009465635 0.999954283 85.722000122
0.999908030 0.013536493 0.000816653 -0.516730607 -0.013544106 0.999856532 0.010175107 -1.376422048 -0.000678800 -0.010185234 0.999947965 87.110351562
0.999936342 0.011266574 -0.000633092 -0.520475268 -0.011258734 0.999873221 0.011259959 -1.400555611 0.000759873 -0.011252114 0.999936402 88.448356628
0.999959171 0.008914404 -0.001508952 -0.529862046 -0.008896278 0.999892831 0.011621317 -1.406746030 0.001612387 -0.011607415 0.999931276 89.840522766
0.999965250 0.007966632 -0.002462742 -0.536129951 -0.007936406 0.999895930 0.012048811 -1.436526656 0.002558475 -0.012028848 0.999924302 91.178382874
0.999976873 0.006154009 -0.002907215 -0.545827270 -0.006120467 0.999916255 0.011408802 -1.441789865 0.002977181 -0.011390747 0.999930620 92.565391541
0.999976277 0.006015141 -0.003364039 -0.560681045 -0.005975746 0.999914885 0.011600413 -1.467915177 0.003433531 -0.011580033 0.999927044 93.892845154
0.999974549 0.006228157 -0.003499304 -0.571047723 -0.006190051 0.999922633 0.010796770 -1.475446343 0.003566277 -0.010774833 0.999935567 95.266540527
0.999976039 0.006008285 -0.003417474 -0.588194489 -0.005971540 0.999925315 0.010662069 -1.485869646 0.003481280 -0.010641407 0.999937236 96.607048035
0.999972582 0.006735335 -0.003082464 -0.601614714 -0.006705159 0.999930501 0.009697658 -1.498150706 0.003147567 -0.009676725 0.999948144 97.973381042
0.999962211 0.008234028 -0.002791910 -0.618453026 -0.008204221 0.999910891 0.010524842 -1.523675680 0.002878323 -0.010501537 0.999940634 99.321006775
0.999958932 0.008701969 -0.002535851 -0.630003512 -0.008671333 0.999892116 0.011851298 -1.531934381 0.002638707 -0.011828821 0.999926507 100.678321838
0.999954581 0.009148537 -0.002615689 -0.648932457 -0.009113666 0.999873340 0.013047773 -1.550202370 0.002734726 -0.013023341 0.999911368 102.012351990
0.999958634 0.008775804 -0.002377993 -0.660591960 -0.008747224 0.999892354 0.011774577 -1.560737133 0.002481069 -0.011753288 0.999927819 103.348609924
0.999952734 0.009454512 -0.002269704 -0.671010911 -0.009431675 0.999906719 0.009870170 -1.578515887 0.002362811 -0.009848295 0.999948740 104.672164917
0.999960959 0.008514327 -0.002395155 -0.681238651 -0.008493632 0.999927640 0.008521265 -1.587469101 0.002467534 -0.008500588 0.999960899 106.020309448
0.999976337 0.006471737 -0.002337048 -0.693660498 -0.006448423 0.999930620 0.009848955 -1.614589691 0.002400626 -0.009833652 0.999948680 107.352088928
0.999990880 0.003917358 -0.001732446 -0.699048996 -0.003896709 0.999923110 0.011766328 -1.622044086 0.001778406 -0.011759469 0.999929190 108.709899902
0.999997854 0.001832883 -0.000950531 -0.710265815 -0.001820779 0.999919116 0.012582560 -1.637894988 0.000973516 -0.012580803 0.999920309 110.013191223
0.999999464 0.001098818 -0.000154574 -0.715542197 -0.001097018 0.999936640 0.011202738 -1.647047400 0.000166874 -0.011202562 0.999937177 111.354774475
0.999994576 0.003243542 0.000558607 -0.725955367 -0.003248787 0.999948084 0.009659049 -1.663079858 -0.000527249 -0.009660811 0.999953210 112.666740417
0.999984384 0.005276239 0.001831371 -0.732312202 -0.005289223 0.999960363 0.007158689 -1.671517015 -0.001793527 -0.007168263 0.999972701 114.011840820
0.999956012 0.008774282 0.003290825 -0.746880770 -0.008799279 0.999931931 0.007660413 -1.691856146 -0.003223387 -0.007689034 0.999965250 115.313995361
0.999940574 0.009816412 0.004745587 -0.749422014 -0.009861154 0.999906182 0.009498935 -1.702682614 -0.004651897 -0.009545166 0.999943614 116.657119751
0.999939084 0.009484620 0.005644369 -0.753700733 -0.009550282 0.999885619 0.011721949 -1.723422527 -0.005532545 -0.011775142 0.999915361 117.974151611
0.999941647 0.008585407 0.006555622 -0.748423278 -0.008665107 0.999887705 0.012227298 -1.728781939 -0.006449910 -0.012283389 0.999903679 119.328414917
0.999928355 0.009394092 0.007421144 -0.752393126 -0.009483765 0.999881327 0.012141748 -1.751285911 -0.007306203 -0.012211258 0.999898672 120.655151367
0.999899805 0.011053903 0.008844242 -0.749707580 -0.011154607 0.999872565 0.011419149 -1.754671097 -0.008716890 -0.011516658 0.999895632 122.004608154
0.999872148 0.012661878 0.009766462 -0.753095269 -0.012773065 0.999853373 0.011407213 -1.764248490 -0.009620594 -0.011530504 0.999887168 123.326133728
0.999845862 0.013578488 0.011126396 -0.750246286 -0.013691733 0.999854565 0.010165864 -1.771422625 -0.010986741 -0.010316636 0.999886394 124.671684265
0.999823093 0.014432389 0.012061804 -0.746314406 -0.014552273 0.999844909 0.009911250 -1.786392927 -0.011916893 -0.010085021 0.999878049 125.988540649
0.999819517 0.013666580 0.013202747 -0.738365054 -0.013791711 0.999860346 0.009433579 -1.792490244 -0.013071981 -0.009613962 0.999868274 127.345977783
0.999795973 0.014566175 0.014003941 -0.738613129 -0.014716802 0.999834299 0.010713751 -1.815517902 -0.013845564 -0.010917657 0.999844551 128.660964966
0.999807298 0.012700240 0.014978576 -0.725457549 -0.012875067 0.999849439 0.011633626 -1.821870685 -0.014828571 -0.011824232 0.999820113 130.021942139
0.999812663 0.012095387 0.015110557 -0.718726873 -0.012277913 0.999852002 0.012045565 -1.841856956 -0.014962626 -0.012228832 0.999813259 131.330245972
0.999832928 0.009889320 0.015377778 -0.706253529 -0.010077519 0.999874592 0.012209457 -1.846997499 -0.015255108 -0.012362385 0.999807179 132.687881470
0.999852061 0.008221181 0.015105376 -0.687085390 -0.008418113 0.999879718 0.013020156 -1.855519414 -0.014996517 -0.013145388 0.999801159 134.035873413
0.999873042 0.006975878 0.014320092 -0.683192611 -0.007169045 0.999883413 0.013482438 -1.882717252 -0.014224370 -0.013583387 0.999806702 135.375457764
0.999890924 0.005479875 0.013715627 -0.675526261 -0.005660143 0.999897659 0.013139106 -1.883980513 -0.013642223 -0.013215305 0.999819636 136.728088379
0.999915540 0.004712523 0.012106294 -0.659409761 -0.004883246 0.999888420 0.014111324 -1.905953646 -0.012038445 -0.014169252 0.999827147 138.048370361
0.999931633 0.002802029 0.011354390 -0.654043436 -0.002965388 0.999891937 0.014396054 -1.909524679 -0.011312825 -0.014428740 0.999831855 139.415359497
0.999947369 0.003467091 0.009646855 -0.644479990 -0.003605787 0.999889851 0.014397292 -1.911629677 -0.009595876 -0.014431321 0.999849737 140.720825195
0.999957919 0.002558990 0.008804936 -0.641007900 -0.002680318 0.999901235 0.013795458 -1.916660309 -0.008768765 -0.013818478 0.999866009 142.073898315
0.999965489 0.003599501 0.007488073 -0.642247081 -0.003698349 0.999905586 0.013229092 -1.932650328 -0.007439749 -0.013256326 0.999884367 143.407958984
0.999977648 0.001033463 0.006618364 -0.636040211 -0.001105076 0.999940753 0.010825843 -1.939333320 -0.006606784 -0.010832912 0.999919415 144.753784180
0.999980748 -0.002768818 0.005550014 -0.629647195 0.002705956 0.999932468 0.011302219 -1.972301841 -0.005580933 -0.011286986 0.999920726 146.094665527
0.999927044 -0.011205974 0.004480144 -0.614995062 0.011145233 0.999848545 0.013360403 -1.972312450 -0.004629181 -0.013309501 0.999900699 147.453506470
0.999834120 -0.018016418 0.002676603 -0.607970715 0.017974507 0.999726832 0.014933350 -1.967381954 -0.002944917 -0.014882764 0.999884903 148.782409668
0.999768794 -0.021411488 0.002006834 -0.603453338 0.021387752 0.999708652 0.011184408 -1.971622467 -0.002245724 -0.011138899 0.999935389 150.146881104
0.999841690 -0.017638797 0.002346749 -0.602265954 0.017616600 0.999802828 0.009163123 -2.019420624 -0.002507913 -0.009120331 0.999955177 151.454833984
0.999871016 -0.015705252 0.003380983 -0.604124129 0.015681913 0.999853730 0.006822038 -2.023499966 -0.003487630 -0.006768136 0.999970973 152.844268799
0.999887645 -0.014451020 0.004018768 -0.612340152 0.014421942 0.999870181 0.007173132 -2.051634073 -0.004121907 -0.007114368 0.999966204 154.144989014
0.999823928 -0.018182652 0.004641319 -0.605880618 0.018133115 0.999780297 0.010501112 -2.059395552 -0.004831238 -0.010415102 0.999934077 155.515182495
0.999720871 -0.023089351 0.005003951 -0.597902477 0.023025278 0.999656677 0.012504584 -2.077365398 -0.005290955 -0.012385877 0.999909222 156.848648071
0.999627352 -0.026803518 0.005157056 -0.589951813 0.026730757 0.999548852 0.013695173 -2.081881285 -0.005521807 -0.013552217 0.999892831 158.202713013
0.999619424 -0.027123358 0.005035634 -0.582178295 0.027049037 0.999532044 0.014283190 -2.114593744 -0.005420686 -0.014141547 0.999885321 159.517227173
0.999657810 -0.025419811 0.006174620 -0.580747664 0.025325147 0.999567330 0.014954870 -2.115306139 -0.006552098 -0.014793378 0.999869108 160.886535645
0.999702930 -0.023312707 0.007099821 -0.581891060 0.023209425 0.999628305 0.014297218 -2.109277725 -0.007430489 -0.014128190 0.999872506 162.211532593
0.999780536 -0.019240147 0.008277945 -0.586411953 0.019141760 0.999747038 0.011804778 -2.113164902 -0.008502978 -0.011643736 0.999896049 163.576431274
0.999832571 -0.016010839 0.008843441 -0.588200450 0.015907528 0.999805808 0.011631895 -2.144170761 -0.009027962 -0.011489269 0.999893248 164.929550171
0.999856949 -0.014016340 0.009459986 -0.586765051 0.013893955 0.999820530 0.012881025 -2.150098324 -0.009638833 -0.012747746 0.999872267 166.294036865
0.999855757 -0.014324401 0.009128015 -0.575469613 0.014209624 0.999820709 0.012517524 -2.156572342 -0.009305684 -0.012386010 0.999880016 167.651885986
0.999889493 -0.012033200 0.008736731 -0.573740005 0.011944696 0.999877572 0.010112734 -2.163314819 -0.008857351 -0.010007257 0.999910772 169.020462036
0.999920785 -0.009613951 0.008113801 -0.587904215 0.009546470 0.999919772 0.008314958 -2.174379110 -0.008193090 -0.008236840 0.999932528 170.382415771
0.999958396 -0.004111517 0.008137657 -0.589083552 0.004055033 0.999967575 0.006945425 -2.187489986 -0.008165949 -0.006912136 0.999942839 171.752777100
0.999965250 -0.000967461 0.008297251 -0.596587777 0.000902386 0.999968827 0.007843237 -2.202248096 -0.008304582 -0.007835475 0.999934733 173.102554321
0.999956727 0.002283827 0.009017872 -0.597818136 -0.002371542 0.999949872 0.009728162 -2.212264061 -0.008995204 -0.009749126 0.999911964 174.495941162
0.999958515 0.001803462 0.008927557 -0.603551030 -0.001905055 0.999933362 0.011384253 -2.230880737 -0.008906433 -0.011400788 0.999895334 175.861968994
0.999966860 -0.001584858 0.007976941 -0.593366027 0.001487257 0.999924064 0.012226461 -2.233866215 -0.007995714 -0.012214190 0.999893427 177.269561768
0.999974310 -0.002916992 0.006549150 -0.594084263 0.002829640 0.999907434 0.013307796 -2.232530832 -0.006587362 -0.013288925 0.999889910 178.620834351
0.999982476 -0.003612367 0.004705659 -0.591303468 0.003570930 0.999955058 0.008784701 -2.239464283 -0.004737182 -0.008767746 0.999950290 180.024536133
0.999994814 0.000773543 0.003127912 -0.597976208 -0.000791623 0.999982953 0.005783128 -2.273894787 -0.003123386 -0.005785574 0.999978304 181.392852783
0.999987543 0.004398993 0.002388346 -0.604713798 -0.004409992 0.999979556 0.004619747 -2.278463364 -0.002367975 -0.004630222 0.999986470 182.815368652
0.999975801 0.006540045 0.002375753 -0.628989935 -0.006553475 0.999962330 0.005689899 -2.295627594 -0.002338452 -0.005705331 0.999980986 184.146636963
0.999958217 0.008735786 0.002696243 -0.634295106 -0.008759553 0.999921739 0.008931862 -2.302480698 -0.002618005 -0.008955107 0.999956489 185.583160400
0.999973536 0.006697851 0.002813546 -0.643842340 -0.006727763 0.999919474 0.010760063 -2.316732407 -0.002741251 -0.010778709 0.999938071 186.932098389
0.999975383 0.006408582 0.002837425 -0.639978051 -0.006441310 0.999911010 0.011679532 -2.319495678 -0.002762323 -0.011697522 0.999927700 188.360153198
0.999975443 0.006351005 0.002969683 -0.657186091 -0.006387004 0.999904275 0.012273951 -2.347187757 -0.002891447 -0.012292617 0.999920189 189.757537842
0.999988675 0.003729531 0.002986172 -0.655646443 -0.003767187 0.999912202 0.012705239 -2.350198269 -0.002938526 -0.012716345 0.999914765 191.195602417
0.999992847 0.001635355 0.003413670 -0.651681185 -0.001679526 0.999914408 0.012976892 -2.375640154 -0.003392155 -0.012982535 0.999909997 192.576629639
0.999991477 -0.001900539 0.003669383 -0.647446275 0.001848720 0.999899328 0.014074285 -2.376276255 -0.003695762 -0.014067383 0.999894202 194.017929077
0.999972522 -0.006139698 0.004157999 -0.650925994 0.006075851 0.999866068 0.015197833 -2.385749102 -0.004250753 -0.015172151 0.999875784 195.433349609
0.999951601 -0.008761296 0.004472338 -0.644941807 0.008692670 0.999847591 0.015139835 -2.388063908 -0.004604300 -0.015100228 0.999875307 196.870361328
0.999960542 -0.007513848 0.004742051 -0.644934237 0.007456913 0.999901175 0.011912017 -2.396731615 -0.004831088 -0.011876184 0.999917805 198.255004883
0.999986529 -0.000138131 0.005187247 -0.651716471 0.000105744 0.999980450 0.006243393 -2.400541782 -0.005188009 -0.006242759 0.999967039 199.695617676
0.999944806 0.008249903 0.006496203 -0.674966335 -0.008291551 0.999945223 0.006410702 -2.414942265 -0.006442958 -0.006464213 0.999958336 201.110153198
0.999839604 0.016164443 0.007710083 -0.685040355 -0.016241696 0.999817491 0.010064488 -2.425099134 -0.007545988 -0.010188098 0.999919653 202.568634033
0.999840498 0.015637785 0.008619458 -0.698899984 -0.015739344 0.999805987 0.011843137 -2.433533669 -0.008432587 -0.011976914 0.999892712 204.017333984
0.999871910 0.013797225 0.008109266 -0.692898273 -0.013896401 0.999827802 0.012303569 -2.437592030 -0.007938115 -0.012414686 0.999891341 205.475906372
0.999910116 0.011535908 0.006832097 -0.683517098 -0.011621987 0.999851882 0.012696144 -2.457495928 -0.006684625 -0.012774404 0.999895990 206.900390625
0.999939024 0.009328151 0.005905730 -0.676213145 -0.009398417 0.999884009 0.011983780 -2.459513187 -0.005793260 -0.012038551 0.999910772 208.377151489
0.999926984 0.010908830 0.005226976 -0.681368351 -0.010969250 0.999871612 0.011673230 -2.482178450 -0.005098965 -0.011729711 0.999918222 209.791885376
0.999916852 0.011819014 0.005156315 -0.681836009 -0.011878785 0.999860644 0.011719264 -2.485132694 -0.005017088 -0.011779541 0.999918044 211.279617310
0.999927819 0.010909085 0.005019196 -0.685557365 -0.010969805 0.999864995 0.012233074 -2.503211975 -0.004885067 -0.012287248 0.999912500 212.703689575
0.999934256 0.010416331 0.004785157 -0.686248183 -0.010472338 0.999875128 0.011832057 -2.509511948 -0.004661313 -0.011881389 0.999918461 214.186035156
0.999925315 0.011398854 0.004405579 -0.691590846 -0.011448075 0.999870479 0.011313687 -2.526336193 -0.004276047 -0.011363274 0.999926209 215.628402710
0.999937952 0.010335710 0.004155957 -0.691406727 -0.010380828 0.999885798 0.010985964 -2.532566071 -0.004041936 -0.011028424 0.999930978 217.113800049
0.999940276 0.010296253 0.003704422 -0.700454295 -0.010336600 0.999885619 0.011041608 -2.541913986 -0.003590311 -0.011079235 0.999932170 218.577621460
0.999937356 0.010605637 0.003602362 -0.702507794 -0.010643795 0.999885619 0.010743796 -2.549570322 -0.003488005 -0.010781463 0.999935806 220.066360474
0.999934018 0.011049280 0.003146576 -0.701129138 -0.011081672 0.999883711 0.010470606 -2.578153372 -0.003030517 -0.010504787 0.999940157 221.520660400
0.999923050 0.012077286 0.002855157 -0.707830250 -0.012106027 0.999873877 0.010272745 -2.584620953 -0.002730730 -0.010306519 0.999943078 223.021347046
0.999925971 0.011942297 0.002335345 -0.721971035 -0.011966391 0.999872327 0.010590903 -2.597356796 -0.002208568 -0.010618065 0.999941111 224.474060059
0.999923646 0.012156944 0.002206093 -0.726601839 -0.012179225 0.999871969 0.010385063 -2.603059053 -0.002079560 -0.010411141 0.999943614 225.976623535
0.999928176 0.011814561 0.001972198 -0.740071774 -0.011834898 0.999873281 0.010639843 -2.615390778 -0.001846243 -0.010662419 0.999941468 227.459884644
0.999946535 0.010098716 0.002184634 -0.740514100 -0.010120546 0.999896526 0.010222978 -2.622262001 -0.002081169 -0.010244541 0.999945343 228.963714600
0.999946773 0.010102036 0.002085059 -0.751044631 -0.010123936 0.999890625 0.010774241 -2.646405935 -0.001975990 -0.010794776 0.999939799 230.456695557
0.999961376 0.008432214 0.002477810 -0.753111303 -0.008460423 0.999896765 0.011603600 -2.653930664 -0.002379710 -0.011624116 0.999929607 231.966094971
0.999968052 0.007708222 0.002116979 -0.754081368 -0.007733215 0.999897361 0.012063310 -2.671376944 -0.002023775 -0.012079296 0.999925017 233.452117920
0.999962032 0.008357568 0.002456313 -0.761166155 -0.008385623 0.999897182 0.011642594 -2.675925493 -0.002358757 -0.011662751 0.999929249 234.965484619
0.999960661 0.008544340 0.002384455 -0.764456034 -0.008569978 0.999903262 0.010957695 -2.705920219 -0.002290597 -0.010977696 0.999937117 236.463989258
0.999947309 0.009855339 0.002882007 -0.768250108 -0.009888834 0.999880910 0.011849332 -2.712248087 -0.002764884 -0.011877203 0.999925613 237.989959717
0.999954104 0.008963421 0.003358528 -0.784234643 -0.009010151 0.999858975 0.014167191 -2.716345787 -0.003231067 -0.014196804 0.999894023 239.472427368
0.999948561 0.009066038 0.004534711 -0.790879250 -0.009130589 0.999854267 0.014422525 -2.719695807 -0.004403295 -0.014463188 0.999885738 240.990615845
0.999936044 0.010403077 0.004434702 -0.794819593 -0.010460786 0.999858141 0.013194989 -2.729846239 -0.004296805 -0.013240534 0.999903023 242.501876831
0.999932766 0.010350607 0.005225995 -0.796433091 -0.010411233 0.999877155 0.011710106 -2.735025883 -0.005104147 -0.011763727 0.999917746 244.033111572
0.999932408 0.010357185 0.005281977 -0.787152052 -0.010421640 0.999869764 0.012324465 -2.743828297 -0.005153643 -0.012378677 0.999910116 245.532196045
0.999939084 0.009768615 0.005121008 -0.787274361 -0.009837626 0.999858797 0.013628641 -2.749639988 -0.004987150 -0.013678190 0.999894083 247.102935791
0.999940038 0.009753274 0.004977990 -0.790705681 -0.009825817 0.999842763 0.014762598 -2.760589123 -0.004833223 -0.014810626 0.999878645 248.595474243
0.999938786 0.010009357 0.004700148 -0.790214777 -0.010077027 0.999842644 0.014601517 -2.761615276 -0.004553256 -0.014647990 0.999882340 250.140106201
0.999919713 0.011722791 0.004808861 -0.795054793 -0.011792079 0.999823391 0.014642231 -2.779339314 -0.004636364 -0.014697765 0.999881148 251.654571533
0.999900103 0.013176571 0.005118004 -0.797296405 -0.013251008 0.999802828 0.014793205 -2.778400421 -0.004922071 -0.014859547 0.999877393 253.204162598
0.999907434 0.012671079 0.004941524 -0.800480247 -0.012744641 0.999803960 0.015151319 -2.780535460 -0.004748574 -0.015212897 0.999872923 254.735763550
0.999925733 0.011129308 0.004960645 -0.798178077 -0.011204680 0.999818027 0.015434707 -2.784483433 -0.004787965 -0.015489144 0.999868512 256.280792236
0.999929130 0.010900884 0.004787656 -0.806358933 -0.010978541 0.999803483 0.016505167 -2.802677631 -0.004606795 -0.016556561 0.999852240 257.805755615
0.999954283 0.008229398 0.004865984 -0.800874233 -0.008312020 0.999817312 0.017210299 -2.801487446 -0.004723465 -0.017249962 0.999840021 259.353820801
0.999965847 0.007067162 0.004266264 -0.806971908 -0.007137930 0.999833286 0.016807245 -2.820132732 -0.004146772 -0.016837122 0.999849558 260.897705078
0.999974132 0.005886598 0.004139278 -0.808119416 -0.005950962 0.999858916 0.015713258 -2.816500664 -0.004046195 -0.015737481 0.999867916 262.448425293
0.999982238 0.003692745 0.004681136 -0.805228829 -0.003774662 0.999837756 0.017612889 -2.834876537 -0.004615338 -0.017630246 0.999833941 263.958801270
0.999985456 0.001776850 0.005087525 -0.803865194 -0.001875378 0.999809504 0.019427869 -2.829755306 -0.005052035 -0.019437125 0.999798357 265.521789551
0.999986231 0.001223124 0.005103715 -0.797240973 -0.001319881 0.999818563 0.018997915 -2.839339256 -0.005079552 -0.019004390 0.999806643 267.045013428
0.999984562 0.000803306 0.005494080 -0.796036005 -0.000901237 0.999840140 0.017845672 -2.832670212 -0.005478866 -0.017850347 0.999825716 268.597442627
0.999980509 0.001270728 0.006098701 -0.800031304 -0.001379375 0.999839842 0.017843716 -2.839537144 -0.006075048 -0.017851777 0.999822199 270.119018555
0.999971509 0.002754270 0.007017155 -0.795243263 -0.002878769 0.999837518 0.017794201 -2.838013649 -0.006967005 -0.017813895 0.999817133 271.677978516
0.999951839 0.005448623 0.008153987 -0.802765131 -0.005594992 0.999821663 0.018036811 -2.839829445 -0.008054256 -0.018081570 0.999804080 273.189727783
0.999942303 0.005269216 0.009351538 -0.795625687 -0.005436234 0.999824584 0.017925290 -2.844619751 -0.009255444 -0.017975096 0.999795675 274.740417480
0.999938965 0.005358025 0.009653887 -0.810276985 -0.005531787 0.999821544 0.018063268 -2.839924812 -0.009555382 -0.018115574 0.999790251 276.264617920
0.999922276 0.006559150 0.010596522 -0.806051970 -0.006737897 0.999834120 0.016921662 -2.837243080 -0.010483773 -0.016991748 0.999800682 277.831390381
0.999918282 0.005443165 0.011559625 -0.790254354 -0.005643076 0.999833882 0.017332256 -2.840993881 -0.011463363 -0.017396072 0.999782979 279.338378906
0.999907851 0.004213448 0.012894234 -0.782617807 -0.004440040 0.999835372 0.017595274 -2.837090969 -0.012817972 -0.017650900 0.999762118 280.902404785
0.999908209 0.003418110 0.013104704 -0.767103434 -0.003663138 0.999818206 0.018719519 -2.850074291 -0.013038337 -0.018765811 0.999738812 282.473236084
0.999907851 0.002140705 0.013402613 -0.750116110 -0.002394874 0.999817133 0.018976988 -2.846652985 -0.013359538 -0.019007338 0.999730110 284.021942139
0.999903142 0.000879679 0.013889869 -0.733126402 -0.001119639 0.999850035 0.017277597 -2.860626698 -0.013872588 -0.017291471 0.999754250 285.537902832
0.999909759 -0.000769070 0.013405541 -0.715244055 0.000565992 0.999885142 0.015146037 -2.858240604 -0.013415650 -0.015137082 0.999795437 287.101013184
0.999922693 0.000593750 0.012422351 -0.715516567 -0.000779659 0.999887705 0.014966245 -2.863248348 -0.012412068 -0.014974770 0.999810815 288.625946045
0.999927640 -0.001339075 0.011959248 -0.701882839 0.001159418 0.999886572 0.015016770 -2.862011909 -0.011977999 -0.015001817 0.999815702 290.192352295
0.999946952 -0.000195024 0.010290489 -0.705756187 0.000041854 0.999889255 0.014882725 -2.873560905 -0.010292252 -0.014881507 0.999836206 291.729064941
0.999951005 -0.000541190 0.009877880 -0.692602158 0.000396636 0.999892950 0.014630184 -2.874834061 -0.009884742 -0.014625551 0.999844074 293.295471191
0.999958694 0.000396023 0.009081807 -0.693618536 -0.000532491 0.999886930 0.015029031 -2.882196903 -0.009074827 -0.015033247 0.999845743 294.861267090
0.999967515 -0.001271255 0.007956599 -0.678859472 0.001151488 0.999886274 0.015039098 -2.881984234 -0.007974813 -0.015029450 0.999855161 296.434234619
0.999972641 0.000201510 0.007391482 -0.681339741 -0.000324812 0.999860764 0.016684143 -2.894212246 -0.007387091 -0.016686086 0.999833405 297.993988037
0.999978364 0.001222668 0.006453238 -0.670796871 -0.001336346 0.999843478 0.017640892 -2.886148453 -0.006430659 -0.017649138 0.999823511 299.583282471
0.999973416 0.001367248 0.007164278 -0.697081566 -0.001497316 0.999833524 0.018181330 -2.894530773 -0.007138228 -0.018191567 0.999809027 301.175323486
0.999965847 0.001502734 0.008127461 -0.691220045 -0.001645797 0.999843240 0.017624527 -2.888097286 -0.008099701 -0.017637299 0.999811649 302.775390625
0.999962449 0.000540545 0.008650541 -0.688680172 -0.000699014 0.999831736 0.018326527 -2.890300751 -0.008639181 -0.018331883 0.999794543 304.338470459
0.999962568 -0.001760911 0.008468131 -0.673453093 0.001618494 0.999857605 0.016795531 -2.884487629 -0.008496500 -0.016781196 0.999823034 305.930206299
0.999954462 -0.002575511 0.009189622 -0.677231312 0.002428840 0.999870002 0.015936157 -2.901392460 -0.009229470 -0.015913114 0.999830782 307.515472412
0.999954343 -0.003369728 0.008943452 -0.667067289 0.003241207 0.999891818 0.014346165 -2.894437790 -0.008990828 -0.014316525 0.999857068 309.141357422
0.999972761 -0.001444379 0.007237473 -0.669873476 0.001341867 0.999898911 0.014148869 -2.915021896 -0.007257178 -0.014138773 0.999873638 310.749145508
0.999986410 -0.000475509 0.005206939 -0.669270873 0.000397958 0.999889076 0.014884782 -2.916358948 -0.005213439 -0.014882504 0.999875665 312.379241943
0.999988616 0.000674444 0.004721269 -0.673449039 -0.000758099 0.999842346 0.017739551 -2.921025276 -0.004708559 -0.017742930 0.999831498 313.996093750
0.999985635 -0.000931843 0.005283716 -0.667705894 0.000820387 0.999777853 0.021057388 -2.916805267 -0.005302164 -0.021052750 0.999764383 315.646911621
0.999983430 -0.001689235 0.005488402 -0.673434615 0.001568397 0.999757886 0.021947153 -2.909303188 -0.005524148 -0.021938182 0.999744058 317.255676270
0.999979675 -0.002574896 0.005828557 -0.668551207 0.002454609 0.999785721 0.020551611 -2.900509357 -0.005880226 -0.020536887 0.999771774 318.897796631
0.999972463 -0.003976291 0.006269889 -0.674301863 0.003845782 0.999778509 0.020691724 -2.908587933 -0.006350777 -0.020667043 0.999766231 320.501159668
0.999970496 -0.003824271 0.006667064 -0.671030760 0.003683947 0.999774098 0.020934047 -2.900482178 -0.006745616 -0.020908870 0.999758601 322.146484375
0.999969840 -0.003459420 0.006955164 -0.664787054 0.003309565 0.999764740 0.021442991 -2.915289402 -0.007027708 -0.021419326 0.999745905 323.748840332
0.999970555 -0.001938717 0.007428713 -0.662384510 0.001787986 0.999793589 0.020243471 -2.905917645 -0.007466426 -0.020229589 0.999767542 325.379486084
0.999964476 -0.002055596 0.008164348 -0.676430941 0.001890748 0.999795198 0.020147858 -2.905393124 -0.008204091 -0.020131707 0.999763668 326.986877441
0.999953508 -0.003141468 0.009110231 -0.666753531 0.002941418 0.999755979 0.021889733 -2.900015831 -0.009176777 -0.021861920 0.999718845 328.618560791
0.999950707 -0.004365703 0.008909235 -0.657251596 0.004159871 0.999727011 0.022992421 -2.898069859 -0.009007177 -0.022954227 0.999695957 330.242614746
0.999946058 -0.005130443 0.009020520 -0.649231672 0.004935311 0.999756217 0.021522840 -2.888120651 -0.009128742 -0.021477157 0.999727666 331.860321045
0.999947429 -0.003687845 0.009570547 -0.649899244 0.003471506 0.999740303 0.022523621 -2.907796383 -0.009651124 -0.022489212 0.999700487 333.471466064
0.999956191 -0.002024957 0.009148583 -0.641722918 0.001839495 0.999793589 0.020235481 -2.897257328 -0.009187669 -0.020217763 0.999753356 335.081970215
0.999959886 0.000431656 0.008947297 -0.654081821 -0.000591040 0.999840975 0.017818628 -2.910312176 -0.008938184 -0.017823203 0.999801219 336.697937012
0.999966443 0.001429929 0.008066112 -0.644216299 -0.001576032 0.999834239 0.018135926 -2.905343533 -0.008038842 -0.018148025 0.999803007 338.320556641
0.999973297 0.001486255 0.007155920 -0.655203581 -0.001641897 0.999761164 0.021793660 -2.906058311 -0.007121820 -0.021804823 0.999736905 339.909790039
0.999974966 0.002921637 0.006446248 -0.650538206 -0.003079309 0.999692976 0.024586776 -2.900489807 -0.006372437 -0.024606010 0.999677002 341.529357910
0.999982834 0.002934103 0.005077498 -0.661190987 -0.003053019 0.999717474 0.023573132 -2.897433281 -0.005006898 -0.023588233 0.999709249 343.121887207
0.999991357 0.002425515 0.003367947 -0.657719493 -0.002499102 0.999754369 0.022019669 -2.888035774 -0.003313711 -0.022027900 0.999751866 344.726348877
0.999998093 0.001019597 0.001751362 -0.672741771 -0.001060451 0.999723613 0.023486111 -2.888256073 -0.001726931 -0.023487918 0.999722540 346.318786621
0.999999464 -0.000471870 0.000958784 -0.676049173 0.000448862 0.999715328 0.023857279 -2.878262520 -0.000969769 -0.023856834 0.999714851 347.939086914
0.999999166 -0.000679072 0.001027006 -0.686687827 0.000654678 0.999722004 0.023568723 -2.891865730 -0.001042725 -0.023568038 0.999721706 349.502410889
0.999998748 -0.001355019 0.000809146 -0.691571474 0.001336389 0.999743760 0.022596886 -2.881575108 -0.000839557 -0.022595780 0.999744356 351.118804932
0.999998987 -0.001143484 0.000872284 -0.703293443 0.001123184 0.999736488 0.022928687 -2.880963326 -0.000898272 -0.022927679 0.999736726 352.690704346
0.999997795 -0.001864047 0.000984146 -0.705312490 0.001841269 0.999741614 0.022659881 -2.872635841 -0.001026131 -0.022658017 0.999742746 354.298126221
0.999997020 -0.002421170 0.000267192 -0.712526858 0.002414569 0.999745667 0.022423729 -2.886428833 -0.000321416 -0.022423018 0.999748528 355.873992920
0.999995351 -0.003040436 0.000291863 -0.717470527 0.003033365 0.999758661 0.021759579 -2.879495621 -0.000357951 -0.021758592 0.999763191 357.471008301
0.999994755 -0.003188566 0.000563622 -0.732089221 0.003175275 0.999748707 0.022190383 -2.880892754 -0.000634236 -0.022188481 0.999753594 359.052856445
0.999994874 -0.003115959 0.000722810 -0.736209273 0.003099889 0.999769211 0.021259401 -2.871326447 -0.000788887 -0.021257052 0.999773741 360.643096924
0.999992132 -0.003892055 0.000794659 -0.751162589 0.003874889 0.999780953 0.020568926 -2.891481400 -0.000874540 -0.020565681 0.999788105 362.232574463
0.999983191 -0.005687222 0.001163458 -0.757798016 0.005660273 0.999742270 0.021985052 -2.872349739 -0.001288192 -0.021978095 0.999757588 363.856750488
0.999963760 -0.008390293 0.001379525 -0.761884034 0.008356365 0.999700844 0.022993030 -2.883678436 -0.001572030 -0.022980673 0.999734700 365.416656494
0.999963462 -0.008420147 0.001489148 -0.767006278 0.008385311 0.999722242 0.022028117 -2.873308182 -0.001674215 -0.022014823 0.999756277 367.032806396
0.999976277 -0.006538884 0.002156648 -0.775573373 0.006490055 0.999738574 0.021920662 -2.879654884 -0.002299422 -0.021906143 0.999757409 368.590393066
0.999983609 -0.005142846 0.002525448 -0.780087888 0.005084752 0.999733984 0.022495061 -2.865688324 -0.002640465 -0.022481851 0.999743760 370.217864990
0.999985278 -0.004532777 0.002953564 -0.795125604 0.004461696 0.999710500 0.023643626 -2.852253914 -0.003059881 -0.023630101 0.999716103 371.791931152
0.999985337 -0.003863693 0.003790440 -0.796873331 0.003774999 0.999725282 0.023133831 -2.843745232 -0.003878781 -0.023119185 0.999725163 373.415710449
0.999986529 -0.003804828 0.003507018 -0.808671951 0.003722635 0.999725044 0.023152484 -2.847462654 -0.003594145 -0.023139117 0.999725819 374.988250732
0.999985158 -0.003873905 0.003818713 -0.806234360 0.003786062 0.999734104 0.022748189 -2.834234238 -0.003905822 -0.022733392 0.999733984 376.603027344
0.999988198 -0.003055631 0.003783002 -0.825703621 0.002968368 0.999734223 0.022861464 -2.846700668 -0.003851853 -0.022849964 0.999731481 378.199768066
0.999982297 -0.001794343 0.005695047 -0.839474440 0.001663512 0.999736428 0.022894913 -2.834436417 -0.005734628 -0.022885032 0.999721646 379.798645020
0.999989748 -0.001435443 0.004293133 -0.841905594 0.001333938 0.999721706 0.023553636 -2.832253456 -0.004325749 -0.023547664 0.999713361 381.417480469
0.999987423 -0.000255536 0.005001299 -0.845422864 0.000141316 0.999739468 0.022825068 -2.820673943 -0.005005829 -0.022824075 0.999726951 383.047607422
