1.000000000 0.000000000 0.000000000 0.000000000 0.000000000 1.000000000 0.000000000 0.000000000 0.000000000 0.000000000 1.000000000 0.000000000
0.999999762 -0.000575607 -0.000305433 -0.002017837 0.000575934 0.999999404 0.001070582 -0.019954100 0.000304817 -0.001070758 0.999999404 1.318252802
0.999999225 -0.001245034 -0.000144015 -0.011226926 0.001245143 0.999998927 0.000755603 -0.019009784 0.000143074 -0.000755781 0.999999702 1.339951158
0.999997795 -0.002112957 -0.000028471 -0.016384728 0.002112936 0.999997437 -0.000710701 -0.016532443 0.000029973 0.000710639 0.999999762 1.490998387
0.999997020 -0.002423634 0.000290510 -0.022821151 0.002423831 0.999996841 -0.000681490 -0.037815906 -0.000288858 0.000682193 0.999999642 2.819027901
0.999995649 -0.002916527 0.000425019 -0.029202936 0.002916485 0.999995768 0.000099423 -0.059283763 -0.000425307 -0.000098183 0.999999821 4.148729801
0.999989867 -0.004444080 0.000601017 -0.031888239 0.004443328 0.999989331 0.001245860 -0.080304980 -0.000606547 -0.001243177 0.999998987 5.484755039
0.999991536 -0.004098914 0.000381942 -0.036021691 0.004098244 0.999990165 0.001737999 -0.101151615 -0.000389062 -0.001736419 0.999998391 6.818315029
0.999994874 -0.003176030 0.000037467 -0.042283237 0.003176035 0.999994874 -0.000110268 -0.121056542 -0.000037117 0.000110387 1.000000000 8.154783249
0.999999881 -0.000361596 0.000081952 -0.053400215 0.000361791 0.999997020 -0.002377985 -0.142730162 -0.000081092 0.002378015 0.999997199 9.495066643
0.999995053 0.003098307 0.000442720 -0.065990657 -0.003096812 0.999989569 -0.003337272 -0.166301295 -0.000453056 0.003335885 0.999994338 10.835649490
0.999985278 0.005399998 0.000568998 -0.076682039 -0.005398070 0.999979854 -0.003337494 -0.194382101 -0.000587009 0.003334374 0.999994278 12.187805176
0.999978840 0.006451896 0.000890408 -0.087037325 -0.006449709 0.999976218 -0.002438469 -0.220968693 -0.000906120 0.002432674 0.999996603 13.540335655
0.999990582 0.004086235 0.001486596 -0.091805652 -0.004086641 0.999991596 0.000269423 -0.245127589 -0.001485483 -0.000275496 0.999998868 14.894929886
0.999998629 -0.000086291 0.001605892 -0.090188637 0.000082664 0.999997437 0.002258170 -0.271481603 -0.001606082 -0.002258035 0.999996185 16.247898102
0.999996066 -0.002438665 0.001335418 -0.089934111 0.002438803 0.999997020 -0.000101350 -0.291728616 -0.001335166 0.000104607 0.999999166 17.613056183
0.999992788 -0.003697113 0.001015196 -0.086436078 0.003699109 0.999991238 -0.001971253 -0.315250486 -0.001007899 0.001974994 0.999997556 18.991664886
0.999997556 -0.001367529 0.001734146 -0.094738208 0.001373680 0.999992788 -0.003550726 -0.341488779 -0.001729277 0.003553100 0.999992251 20.361145020
0.999995470 0.001326415 0.002710859 -0.105022445 -0.001321818 0.999997675 -0.001696747 -0.361797243 -0.002713103 0.001693155 0.999994874 21.740316391
0.999993086 0.001776988 0.003287779 -0.109249078 -0.001783303 0.999996543 0.001918869 -0.384739131 -0.003284357 -0.001924719 0.999992728 23.119865417
0.999992549 -0.000547909 0.003824805 -0.107532091 0.000533405 0.999992669 0.003792054 -0.400385350 -0.003826855 -0.003789985 0.999985516 24.503303528
0.999984801 -0.004294850 0.003449731 -0.103673607 0.004288932 0.999989271 0.001720998 -0.417396128 -0.003457085 -0.001706176 0.999992609 25.879470825
0.999983311 -0.004711067 0.003336910 -0.101707444 0.004712852 0.999988675 -0.000527012 -0.439019054 -0.003334390 0.000542730 0.999994218 27.267723083
0.999980092 -0.004883299 0.003985553 -0.102245629 0.004895612 0.999983191 -0.003085760 -0.462436378 -0.003970417 0.003105211 0.999987245 28.662611008
0.999988317 -0.001423722 0.004615945 -0.107143521 0.001441873 0.999991238 -0.003931494 -0.489342034 -0.004610308 0.003938105 0.999981642 30.055822372
0.999987125 -0.000578707 0.005024675 -0.109391078 0.000609378 0.999981225 -0.006104714 -0.517333269 -0.005021048 0.006107698 0.999968827 31.448577881
0.999986827 0.000349780 0.005120127 -0.110493973 -0.000321676 0.999984801 -0.005488695 -0.546685994 -0.005121970 0.005486976 0.999971747 32.848186493
0.999986768 0.000340004 0.005127566 -0.113299191 -0.000318115 0.999990761 -0.004269177 -0.576315880 -0.005128970 0.004267490 0.999977767 34.251441956
0.999987185 0.001393121 0.004897461 -0.116392374 -0.001379488 0.999995172 -0.002785932 -0.602632880 -0.004901319 0.002779141 0.999984145 35.656517029
0.999979734 0.004134754 0.004853999 -0.119773254 -0.004122825 0.999988496 -0.002464901 -0.629711509 -0.004864135 0.002444839 0.999985218 37.071041107
0.999967217 0.006377143 0.004976009 -0.122419327 -0.006363435 0.999975860 -0.002765813 -0.656976700 -0.004993527 0.002734058 0.999983788 38.490261078
0.999952137 0.008484856 0.004856432 -0.124869928 -0.008473934 0.999961555 -0.002265523 -0.684470356 -0.004875468 0.002224262 0.999985635 39.912162781
0.999948740 0.009107085 0.004420989 -0.124691173 -0.009097317 0.999956071 -0.002224813 -0.710884333 -0.004441056 0.002184479 0.999987781 41.332954407
0.999958932 0.008128944 0.003984921 -0.124482438 -0.008119632 0.999964237 -0.002347264 -0.737721801 -0.004003859 0.002314812 0.999989390 42.750171661
0.999968529 0.007219038 0.003288277 -0.125366062 -0.007209707 0.999969900 -0.002840916 -0.762791038 -0.003308687 0.002817120 0.999990582 44.152645111
0.999976635 0.006412135 0.002376677 -0.126766950 -0.006405842 0.999975979 -0.002645977 -0.789108038 -0.002393586 0.002630691 0.999993742 45.574703217
0.999976277 0.006732588 0.001464040 -0.130370706 -0.006730375 0.999976218 -0.001510778 -0.815354764 -0.001474176 0.001500888 0.999997795 46.998641968
0.999975324 0.007017201 0.000399192 -0.136245564 -0.007016453 0.999973655 -0.001843996 -0.841552556 -0.000412120 0.001841149 0.999998271 48.424285889
0.999973416 0.007261984 -0.000695931 -0.142153770 -0.007263099 0.999972343 -0.001611825 -0.864432096 0.000684207 0.001616836 0.999998450 49.854415894
0.999973059 0.007161199 -0.001603258 -0.153444752 -0.007162415 0.999974072 -0.000753280 -0.889131248 0.001597822 0.000764743 0.999998450 51.281196594
0.999981940 0.005467200 -0.002470542 -0.160475403 -0.005466701 0.999985039 0.000207944 -0.915685594 0.002471642 -0.000194434 0.999996841 52.733047485
0.999986887 0.004226338 -0.002899672 -0.170277178 -0.004225566 0.999991119 0.000272042 -0.940226257 0.002900796 -0.000259786 0.999995708 54.177497864
0.999993205 0.001639582 -0.003310385 -0.177551240 -0.001640658 0.999998629 -0.000322320 -0.966119528 0.003309852 0.000327749 0.999994457 55.619483948
0.999994397 0.000526452 -0.003326696 -0.185759693 -0.000526557 0.999999940 -0.000030786 -0.991674364 0.003326679 0.000032537 0.999994457 57.065902710
0.999995530 -0.000716597 -0.002894826 -0.194706261 0.000718379 0.999999702 0.000614337 -1.017166495 0.002894385 -0.000616414 0.999995649 58.479949951
0.999994993 -0.001971536 -0.002474076 -0.202686861 0.001974827 0.999997258 0.001328583 -1.043705940 0.002471450 -0.001333463 0.999996126 59.917358398
0.999991298 -0.003742537 -0.001849858 -0.209748954 0.003744281 0.999992549 0.000940420 -1.069082260 0.001846325 -0.000947338 0.999997854 61.344280243
0.999983847 -0.005514419 -0.001396134 -0.215309978 0.005514751 0.999984741 0.000233533 -1.095921636 0.001394825 -0.000241228 0.999998987 62.771129608
0.999986708 -0.005091052 -0.000711510 -0.223190010 0.005091048 0.999987066 -0.000008877 -1.124335766 0.000711546 0.000005255 0.999999762 64.199249268
0.999993384 -0.003603898 0.000297311 -0.234090418 0.003603946 0.999993563 -0.000158581 -1.152945876 -0.000296738 0.000159652 0.999999940 65.624549866
0.999999583 -0.000229687 0.000906174 -0.244274765 0.000228766 0.999999464 0.001016523 -1.177465320 -0.000906407 -0.001016315 0.999998987 67.056266785
0.999994218 0.002949605 0.001679419 -0.253742188 -0.002953542 0.999992907 0.002347024 -1.203227282 -0.001672484 -0.002351971 0.999995828 68.465415955
0.999973178 0.006907028 0.002443283 -0.262789309 -0.006913971 0.999971986 0.002844523 -1.228524566 -0.002423567 -0.002861339 0.999992967 69.874313354
0.999931872 0.011253638 0.003085670 -0.273565769 -0.011261182 0.999933600 0.002438619 -1.251299858 -0.003058021 -0.002473201 0.999992251 71.284996033
0.999889970 0.014361574 0.003692888 -0.279702902 -0.014368810 0.999894798 0.001940425 -1.277458191 -0.003664632 -0.001993274 0.999991298 72.686698914
0.999859989 0.016133482 0.004413020 -0.284660608 -0.016141783 0.999867916 0.001851660 -1.303073525 -0.004382564 -0.001922635 0.999988556 74.088867188
0.999856174 0.016241096 0.004872301 -0.288713336 -0.016251752 0.999865532 0.002155395 -1.328030109 -0.004836639 -0.002234269 0.999985814 75.481697083
0.999873161 0.015130755 0.004963679 -0.289277077 -0.015140139 0.999883592 0.001858539 -1.351792574 -0.004934981 -0.001933454 0.999985933 76.878051758
0.999893785 0.013748688 0.004819375 -0.287795931 -0.013753584 0.999904931 0.000984498 -1.377747297 -0.004805382 -0.001050678 0.999987900 78.271507263
0.999900639 0.013357029 0.004490248 -0.287676573 -0.013361241 0.999910235 0.000909723 -1.404096484 -0.004477695 -0.000969628 0.999989510 79.668472290
0.999902308 0.013315988 0.004247363 -0.289642364 -0.013320414 0.999910772 0.001015664 -1.429236412 -0.004233459 -0.001072141 0.999990463 81.060249329
0.999908864 0.012948801 0.003799697 -0.292466611 -0.012951219 0.999915957 0.000612667 -1.455951929 -0.003791444 -0.000661822 0.999992609 82.445327759
0.999910653 0.013004245 0.003095872 -0.295903623 -0.013007250 0.999914944 0.000951541 -1.481878400 -0.003083235 -0.000991725 0.999994755 83.832687378
0.999922693 0.012233809 0.002246840 -0.301505268 -0.012237856 0.999923527 0.001796229 -1.505676746 -0.002224694 -0.001823587 0.999995887 85.218910217
0.999948502 0.010091585 0.001203370 -0.305125654 -0.010094734 0.999945581 0.002639050 -1.527671814 -0.001176672 -0.002651062 0.999995708 86.607116699
0.999970078 0.007734847 0.000195940 -0.310689718 -0.007735403 0.999965549 0.003025672 -1.548637152 -0.000172530 -0.003027097 0.999995351 87.991333008
0.999983788 0.005635434 -0.000732951 -0.311274827 -0.005633187 0.999979556 0.003032625 -1.571395755 0.000750026 -0.003028446 0.999995053 89.377044678
0.999990940 0.004066140 -0.001241144 -0.317709476 -0.004063052 0.999988675 0.002480441 -1.593761683 0.001251216 -0.002475376 0.999996066 90.749084473
0.999994576 0.002942153 -0.001472677 -0.324933708 -0.002939157 0.999993622 0.002032193 -1.617413640 0.001478647 -0.002027853 0.999996841 92.118972778
0.999993145 0.003292453 -0.001679616 -0.332747340 -0.003289995 0.999993563 0.001463806 -1.641871452 0.001684425 -0.001458270 0.999997437 93.489067078
0.999994218 0.003026507 -0.001544682 -0.342094958 -0.003024980 0.999994934 0.000989943 -1.668947935 0.001547670 -0.000985265 0.999998331 94.849716187
0.999991834 0.003790402 -0.001344125 -0.352941394 -0.003790019 0.999992788 0.000287713 -1.695073247 0.001345206 -0.000282617 0.999999106 96.214553833
0.999987721 0.004816201 -0.001175129 -0.361689329 -0.004815348 0.999988139 0.000727108 -1.722522020 0.001178617 -0.000721441 0.999999046 97.582260132
0.999985456 0.005352216 -0.000782126 -0.373322666 -0.005350575 0.999983430 0.002086031 -1.746450067 0.000793278 -0.002081815 0.999997497 98.933082581
0.999978423 0.006528279 -0.000768035 -0.383354217 -0.006525572 0.999972582 0.003474760 -1.770932913 0.000790699 -0.003469673 0.999993682 100.276008606
0.999982715 0.005855632 -0.000725343 -0.390127987 -0.005854144 0.999980748 0.002034604 -1.795393109 0.000737243 -0.002030322 0.999997735 101.603469849
0.999983072 0.005780637 -0.000514603 -0.398950577 -0.005780804 0.999983251 -0.000323850 -1.818987012 0.000512722 0.000326819 0.999999821 102.962036133
0.999987185 0.005018973 -0.000654263 -0.407422841 -0.005019926 0.999986410 -0.001465378 -1.844871163 0.000646900 0.001468643 0.999998748 104.304618835
0.999996185 0.002722503 -0.000523429 -0.412691832 -0.002722639 0.999996185 -0.000259982 -1.870153546 0.000522719 0.000261406 0.999999821 105.647888184
1.000000000 0.000259728 0.000104528 -0.417434543 -0.000259909 0.999998450 0.001730344 -1.894609571 -0.000104078 -0.001730371 0.999998510 106.996932983
0.999998450 -0.001447746 0.000922313 -0.420234859 0.001445537 0.999996006 0.002391674 -1.919540405 -0.000925772 -0.002390336 0.999996722 108.341796875
0.999995649 -0.002367510 0.001768644 -0.424294442 0.002365668 0.999996662 0.001042442 -1.942842722 -0.001771106 -0.001038253 0.999997914 109.676162720
0.999996781 -0.000402645 0.002506054 -0.430453211 0.000405952 0.999999046 -0.001319039 -1.966882467 -0.002505521 0.001320052 0.999996006 111.016365051
0.999991655 0.001623433 0.003755518 -0.435087830 -0.001610610 0.999992847 -0.003414947 -1.992712975 -0.003761035 0.003408869 0.999987125 112.355834961
0.999976158 0.004513319 0.005230464 -0.440831840 -0.004496075 0.999984443 -0.003303846 -2.020581722 -0.005245293 0.003280251 0.999980867 113.684234619
0.999962091 0.005652449 0.006632578 -0.440808892 -0.005643630 0.999983191 -0.001347607 -2.046896935 -0.006640084 0.001310124 0.999977112 115.023323059
0.999954641 0.005698550 0.007632950 -0.436658323 -0.005705020 0.999983370 0.000826367 -2.070966005 -0.007628115 -0.000869876 0.999970555 116.365470886
0.999953032 0.004753507 0.008450625 -0.430721939 -0.004764588 0.999987721 0.001291487 -2.093046665 -0.008444382 -0.001331690 0.999963522 117.708366394
0.999941885 0.005045070 0.009529711 -0.424070358 -0.005052333 0.999986887 0.000738316 -2.116930246 -0.009525862 -0.000786420 0.999954343 119.047874451
0.999918580 0.006815413 0.010795985 -0.420079350 -0.006818022 0.999976754 0.000204765 -2.138951778 -0.010794340 -0.000278356 0.999941766 120.394355774
0.999888182 0.009025058 0.011917371 -0.414708614 -0.009024717 0.999959290 -0.000082462 -2.164613962 -0.011917631 -0.000025098 0.999929011 121.741264343
0.999866486 0.009709811 0.013138360 -0.408257484 -0.009695390 0.999952376 -0.001160776 -2.187716961 -0.013149007 0.001033240 0.999913037 123.082527161
0.999839306 0.010943089 0.014200757 -0.400295138 -0.010915782 0.999938428 -0.001998831 -2.212537289 -0.014221757 0.001843498 0.999897182 124.421867371
0.999831736 0.010112375 0.015305828 -0.389115453 -0.010077653 0.999946535 -0.002343923 -2.236302137 -0.015328713 0.002189282 0.999880135 125.772766113
0.999820650 0.009588663 0.016340232 -0.377595186 -0.009567774 0.999953449 -0.001356173 -2.260554790 -0.016352475 0.001199590 0.999865592 127.119949341
0.999819279 0.008261356 0.017126432 -0.361444950 -0.008256458 0.999965847 -0.000356657 -2.287828922 -0.017128794 0.000215189 0.999853253 128.469024658
0.999820650 0.007485482 0.017396618 -0.344006062 -0.007488277 0.999971986 0.000095497 -2.314096928 -0.017395420 -0.000225751 0.999848664 129.806915283
0.999833703 0.005107225 0.017506512 -0.326608181 -0.005112017 0.999986947 0.000228949 -2.336912632 -0.017505117 -0.000318404 0.999846697 131.161010742
0.999845028 0.003566597 0.017235823 -0.306393862 -0.003584709 0.999993086 0.001020079 -2.363047123 -0.017232066 -0.001081706 0.999850869 132.503204346
0.999858797 0.002064371 0.016677864 -0.287848711 -0.002074789 0.999997675 0.000607442 -2.386691093 -0.016676573 -0.000641959 0.999860644 133.858917236
0.999876857 0.000549299 0.015685661 -0.272427082 -0.000558086 0.999999762 0.000555797 -2.409124613 -0.015685352 -0.000564482 0.999876738 135.215270996
0.999895096 -0.000880069 0.014452315 -0.256022573 0.000856892 0.999998331 0.001609748 -2.434522152 -0.014453706 -0.001597195 0.999894261 136.554611206
0.999905407 -0.002532568 0.013514329 -0.244197011 0.002509108 0.999995232 0.001752630 -2.456479549 -0.013518701 -0.001718555 0.999907136 137.906738281
0.999918878 -0.002843731 0.012408569 -0.235733867 0.002822538 0.999994516 0.001725111 -2.479048491 -0.012413406 -0.001689947 0.999921441 139.251174927
0.999930739 -0.003361364 0.011271315 -0.225768447 0.003349150 0.999993742 0.001102327 -2.500023603 -0.011274950 -0.001064501 0.999935806 140.599822998
0.999940932 -0.003595230 0.010259358 -0.217169523 0.003588259 0.999993324 0.000697853 -2.522440672 -0.010261796 -0.000660998 0.999947131 141.942459106
0.999938190 -0.006013804 0.009356408 -0.208589673 0.006030449 0.999980330 -0.001751881 -2.546677828 -0.009345688 0.001808195 0.999954700 143.285552979
0.999899507 -0.011601070 0.008149932 -0.193043113 0.011619068 0.999930143 -0.002164728 -2.571656227 -0.008124251 0.002259205 0.999964356 144.635650635
0.999786496 -0.019375674 0.007186928 -0.178027868 0.019375481 0.999812245 0.000096334 -2.595497608 -0.007187447 0.000042937 0.999974132 145.988693237
0.999642789 -0.026118735 0.005663677 -0.163779080 0.026111322 0.999658108 0.001379013 -2.614629507 -0.005697760 -0.001230634 0.999983013 147.347427368
0.999554217 -0.029477183 0.004743835 -0.153571665 0.029487528 0.999562919 -0.002125029 -2.637414932 -0.004679121 0.002263966 0.999986470 148.700042725
0.999562562 -0.029097287 0.005266714 -0.151303649 0.029125862 0.999561012 -0.005431803 -2.663586378 -0.005106350 0.005582825 0.999971390 150.059188843
0.999628246 -0.026487663 0.006451231 -0.152134597 0.026535710 0.999619961 -0.007479512 -2.696834564 -0.006250664 0.007647920 0.999951303 151.425811768
0.999627173 -0.026465699 0.006715635 -0.145555973 0.026514899 0.999621272 -0.007346776 -2.731924534 -0.006518656 0.007522101 0.999950469 152.755538940
0.999521315 -0.030044960 0.007374669 -0.137477875 0.030074626 0.999539852 -0.003945932 -2.762017250 -0.007252720 0.004165833 0.999965012 154.118301392
0.999346316 -0.035268787 0.007932905 -0.126245260 0.035280049 0.999376774 -0.001285224 -2.789334297 -0.007882630 0.001564258 0.999967694 155.468673706
0.999206960 -0.039029595 0.007887990 -0.112534404 0.039031163 0.999238014 -0.000044723 -2.813005209 -0.007880233 0.000352565 0.999968886 156.819259644
0.999140501 -0.040672261 0.007991412 -0.101921558 0.040675424 0.999172330 -0.000232457 -2.835976124 -0.007975345 0.000557311 0.999968052 158.171752930
0.999203444 -0.038865663 0.009043271 -0.097037435 0.038863044 0.999244452 0.000464924 -2.859238863 -0.009054508 -0.000113105 0.999959052 159.530731201
0.999333024 -0.035005610 0.010399882 -0.096303225 0.035011191 0.999386847 -0.000355579 -2.884634256 -0.010381058 0.000719454 0.999945879 160.885009766
0.999442995 -0.031400215 0.011304145 -0.091866732 0.031430509 0.999502778 -0.002511855 -2.909536362 -0.011219652 0.002865750 0.999932945 162.241195679
0.999521673 -0.028418628 0.012199279 -0.087000132 0.028455058 0.999591231 -0.002823108 -2.937463045 -0.012114061 0.003168890 0.999921620 163.598709106
0.999567091 -0.026472773 0.012838598 -0.081057310 0.026495053 0.999647796 -0.001568274 -2.964191198 -0.012792556 0.001907754 0.999916434 164.960815430
0.999615550 -0.024592143 0.012798908 -0.073352337 0.024620164 0.999694824 -0.002036571 -2.989675283 -0.012744919 0.002350899 0.999916017 166.323822021
0.999668360 -0.022525741 0.012473801 -0.066293955 0.022582650 0.999735117 -0.004440418 -3.017260551 -0.012370475 0.004720637 0.999912322 167.688613892
0.999747992 -0.018784059 0.012286225 -0.062859058 0.018873898 0.999795675 -0.007237814 -3.046859264 -0.012147759 0.007467880 0.999898255 169.056015015
0.999832213 -0.013622390 0.012244586 -0.060895681 0.013727144 0.999869466 -0.008512398 -3.079766035 -0.012127029 0.008679051 0.999888778 170.426498413
0.999880672 -0.008984663 0.012566279 -0.059000731 0.009075954 0.999932706 -0.007226684 -3.113329411 -0.012500503 0.007339872 0.999894917 171.809265137
0.999895871 -0.006083812 0.013087566 -0.053331375 0.006154273 0.999966741 -0.005350212 -3.144762754 -0.013054581 0.005430199 0.999900043 173.199356079
0.999902368 -0.005313073 0.012923502 -0.042263269 0.005353604 0.999980867 -0.003103581 -3.172599554 -0.012906767 0.003172464 0.999911666 174.596984863
0.999886990 -0.008700378 0.012254079 -0.029755116 0.008727644 0.999959588 -0.002173286 -3.198183775 -0.012234675 0.002279990 0.999922574 175.987197876
0.999887049 -0.010541418 0.010713594 -0.021644235 0.010565266 0.999941826 -0.002171774 -3.220531464 -0.010690075 0.002284722 0.999940276 177.385452271
0.999901354 -0.011055012 0.008671022 -0.011828303 0.011111135 0.999917448 -0.006450961 -3.250123978 -0.008598991 0.006546671 0.999941647 178.781753540
0.999928296 -0.009530691 0.007270918 -0.008318067 0.009608258 0.999896407 -0.010708791 -3.282012463 -0.007168103 0.010777883 0.999916136 180.178298950
0.999966621 -0.004961673 0.006514174 -0.010089755 0.005035505 0.999922574 -0.011366961 -3.317051888 -0.006457272 0.011399384 0.999914110 181.593780518
0.999978900 -0.001824678 0.006234558 -0.010883570 0.001889941 0.999943316 -0.010478186 -3.353575706 -0.006215087 0.010489748 0.999925673 183.007247925
0.999979019 0.000314342 0.006468047 -0.013424873 -0.000268956 0.999975383 -0.007016748 -3.388066530 -0.006470093 0.007014859 0.999954462 184.416595459
0.999977410 0.001030793 0.006640566 -0.009323239 -0.000997723 0.999987006 -0.004981316 -3.421691895 -0.006645615 0.004974578 0.999965549 185.829223633
0.999977708 0.000451466 0.006662969 -0.005817652 -0.000423725 0.999991179 -0.004164316 -3.447598457 -0.006664790 0.004161400 0.999969125 187.249603271
0.999977648 -0.001454870 0.006547067 -0.000217915 0.001477964 0.999992847 -0.003523929 -3.476488352 -0.006541894 0.003533526 0.999972284 188.669311523
0.999970675 -0.004034456 0.006519866 0.007586837 0.004054216 0.999987304 -0.003020163 -3.504881144 -0.006507599 0.003046507 0.999974191 190.103668213
0.999953568 -0.006887979 0.006739649 0.016414046 0.006908054 0.999971747 -0.002959782 -3.533748627 -0.006719072 0.003006202 0.999972820 191.524948120
0.999923229 -0.010168252 0.007086161 0.025307298 0.010181604 0.999946475 -0.001850691 -3.561832190 -0.007066964 0.001922697 0.999973118 192.949050903
0.999864340 -0.014713726 0.007406680 0.037590384 0.014715624 0.999891698 -0.000202110 -3.589100122 -0.007402904 0.000311077 0.999972463 194.375900269
0.999818206 -0.017445579 0.007690888 0.048295498 0.017449273 0.999847651 -0.000413677 -3.612952709 -0.007682499 0.000547802 0.999970257 195.811813354
0.999849200 -0.015473880 0.007872186 0.054711699 0.015512180 0.999868035 -0.004827550 -3.640527725 -0.007796445 0.004948937 0.999957383 197.242370605
0.999931455 -0.008235989 0.008314551 0.052016377 0.008318456 0.999916017 -0.009933268 -3.670930624 -0.008232043 0.010001751 0.999916136 198.674285889
0.999954283 0.000745221 0.009532890 0.044967175 -0.000649567 0.999949455 -0.010033232 -3.703857422 -0.009539885 0.010026583 0.999904215 200.120544434
0.999905884 0.008588762 0.010698644 0.037874699 -0.008521080 0.999943495 -0.006355850 -3.738934994 -0.010752627 0.006264089 0.999922574 201.573699951
0.999890804 0.009509687 0.011312084 0.043977022 -0.009462579 0.999946296 -0.004210554 -3.768689156 -0.011351516 0.004103051 0.999927163 203.032028198
0.999913394 0.007581825 0.010758997 0.054793358 -0.007541997 0.999964595 -0.003737322 -3.796348095 -0.010786950 0.003655854 0.999935150 204.488296509
0.999945641 0.004412398 0.009449040 0.068022847 -0.004375494 0.999982715 -0.003922729 -3.823275566 -0.009466185 0.003881173 0.999947667 205.949523926
0.999960661 0.002403901 0.008541523 0.077833176 -0.002364851 0.999986708 -0.004579054 -3.853168964 -0.008552417 0.004558676 0.999953032 207.409301758
0.999964654 0.002759051 0.007932605 0.084221482 -0.002718395 0.999983132 -0.005131352 -3.884576321 -0.007946629 0.005109608 0.999955297 208.871520996
0.999961913 0.004007493 0.007742304 0.088258862 -0.003969714 0.999980152 -0.004888736 -3.916778564 -0.007761742 0.004857815 0.999958038 210.342605591
0.999956489 0.005157899 0.007773201 0.089042544 -0.005126350 0.999978483 -0.004073226 -3.946848869 -0.007794044 0.004033201 0.999961495 211.812606812
0.999962032 0.004346073 0.007559237 0.091565013 -0.004311079 0.999979913 -0.004639341 -3.977616549 -0.007579248 0.004606575 0.999960661 213.294464111
0.999966800 0.004076789 0.007058750 0.095963240 -0.004037490 0.999976337 -0.005572744 -4.009975910 -0.007081302 0.005544059 0.999959588 214.756607056
0.999971151 0.003296107 0.006857624 0.099420667 -0.003255742 0.999977350 -0.005889018 -4.041515350 -0.006876880 0.005866520 0.999959230 216.239730835
0.999972105 0.003608199 0.006539506 0.101088166 -0.003568395 0.999975026 -0.006088190 -4.072310448 -0.006561311 0.006064684 0.999960005 217.722137451
0.999972284 0.003905936 0.006325114 0.101590514 -0.003866011 0.999972522 -0.006312017 -4.105638027 -0.006349594 0.006287389 0.999960065 219.201232910
0.999974608 0.003762563 0.006052007 0.103396058 -0.003723538 0.999972284 -0.006446667 -4.139324665 -0.006076096 0.006423968 0.999960899 220.674224854
0.999973238 0.004704121 0.005618664 0.103714585 -0.004666239 0.999966383 -0.006736373 -4.173775673 -0.005650163 0.006709975 0.999961555 222.167724609
0.999976635 0.004296985 0.005301911 0.104937315 -0.004260161 0.999966860 -0.006937218 -4.206161022 -0.005331545 0.006914470 0.999961793 223.649856567
0.999976277 0.004689111 0.005044794 0.104541898 -0.004654063 0.999965131 -0.006936934 -4.240435123 -0.005077147 0.006913291 0.999963164 225.145858765
0.999980569 0.003740694 0.004973973 0.105943680 -0.003706352 0.999969363 -0.006895779 -4.276434898 -0.004999615 0.006877211 0.999963880 226.638549805
0.999984682 0.002194688 0.005066959 0.107627749 -0.002158342 0.999972045 -0.007167359 -4.310678482 -0.005082548 0.007156314 0.999961555 228.136367798
0.999986112 0.000921505 0.005173295 0.110454798 -0.000885830 0.999975860 -0.006894101 -4.346060753 -0.005179524 0.006889424 0.999962866 229.638214111
0.999985456 -0.000593174 0.005362622 0.113655925 0.000625599 0.999981523 -0.006046960 -4.382280827 -0.005358937 0.006050228 0.999967396 231.143692017
0.999985337 -0.000579490 0.005371019 0.113812208 0.000611637 0.999981880 -0.005985504 -4.414894104 -0.005367454 0.005988703 0.999967575 232.648162842
0.999984622 -0.000182826 0.005538856 0.113005757 0.000217899 0.999979854 -0.006332140 -4.449175835 -0.005537587 0.006333250 0.999964535 234.155883789
0.999982417 0.000467689 0.005913178 0.112015963 -0.000425642 0.999974549 -0.007109998 -4.482869148 -0.005916353 0.007107357 0.999957263 235.657424927
0.999978483 0.001654401 0.006352889 0.113194704 -0.001613294 0.999977648 -0.006470269 -4.517850876 -0.006363452 0.006459881 0.999958932 237.180282593
0.999973953 0.001801412 0.007009613 0.115685821 -0.001771780 0.999989390 -0.004231192 -4.553620815 -0.007017163 0.004218662 0.999966502 238.707015991
0.999969184 0.001615569 0.007688970 0.119049788 -0.001586370 0.999991477 -0.003802072 -4.586199760 -0.007695046 0.003789757 0.999963284 240.226364136
0.999964416 0.001831607 0.008233291 0.122471452 -0.001788037 0.999984384 -0.005296154 -4.620330811 -0.008242865 0.005281245 0.999952078 241.755996704
0.999958992 0.002113306 0.008807787 0.126092911 -0.002053910 0.999975145 -0.006747180 -4.652234554 -0.008821827 0.006728813 0.999938428 243.288085938
0.999957144 0.002511665 0.008902712 0.135256529 -0.002457767 0.999978602 -0.006059950 -4.688977242 -0.008917741 0.006037810 0.999942005 244.826263428
0.999958992 0.001945073 0.008839067 0.141172886 -0.001902514 0.999986589 -0.004820772 -4.724378586 -0.008848323 0.004803760 0.999949276 246.367507935
0.999963164 0.001772032 0.008387782 0.150704026 -0.001734912 0.999988675 -0.004430761 -4.757101059 -0.008395538 0.004416046 0.999954998 247.912826538
0.999964237 0.002062801 0.008197041 0.154342175 -0.002027519 0.999988675 -0.004310234 -4.789545536 -0.008205840 0.004293461 0.999957085 249.450347900
0.999962032 0.003039811 0.008184462 0.160665512 -0.003007110 0.999987483 -0.004004814 -4.821383476 -0.008196534 0.003980050 0.999958515 251.002578735
0.999953568 0.004559215 0.008493950 0.161599994 -0.004525241 0.999981761 -0.004014757 -4.852721691 -0.008512098 0.003976134 0.999955952 252.532913208
0.999953866 0.004592242 0.008428117 0.164088368 -0.004561459 0.999982893 -0.003668011 -4.882897854 -0.008444817 0.003629398 0.999957681 254.079772949
0.999958634 0.003063534 0.008559843 0.169690132 -0.003034273 0.999989569 -0.003429329 -4.914895535 -0.008570259 0.003403215 0.999957442 255.622741699
0.999965250 0.000830469 0.008284490 0.180752158 -0.000809424 0.999996424 -0.002543317 -4.946271896 -0.008286573 0.002536523 0.999962449 257.170928955
0.999962270 -0.001440207 0.008562476 0.185682058 0.001456509 0.999997139 -0.001898022 -4.975691319 -0.008559719 0.001910422 0.999961555 258.714538574
0.999962270 -0.003156492 0.008084639 0.197309971 0.003177797 0.999991536 -0.002623748 -5.005077362 -0.008076290 0.002649340 0.999963880 260.251190186
0.999959648 -0.004461912 0.007793295 0.205752134 0.004489110 0.999983966 -0.003475941 -5.036783218 -0.007777660 0.003510786 0.999963582 261.796325684
0.999946117 -0.006106521 0.008392889 0.210964441 0.006122280 0.999979556 -0.001853089 -5.064326286 -0.008381405 0.001904372 0.999962986 263.340454102
0.999928534 -0.008201118 0.008692344 0.219534397 0.008200826 0.999966383 0.000069245 -5.094184875 -0.008692620 0.000002044 0.999962211 264.894897461
0.999919236 -0.009006789 0.008969165 0.225608587 0.009014331 0.999959052 -0.000800803 -5.119526863 -0.008961585 0.000881589 0.999959469 266.429046631
0.999911904 -0.009384616 0.009388800 0.233907223 0.009402215 0.999954045 -0.001832067 -5.146334171 -0.009371175 0.001920181 0.999954224 267.976928711
0.999910891 -0.008766570 0.010067631 0.242268324 0.008787583 0.999959230 -0.002044698 -5.177186489 -0.010049298 0.002132986 0.999947250 269.524414062
0.999912083 -0.007350451 0.011038957 0.250682116 0.007370725 0.999971151 -0.001796975 -5.209471703 -0.011025434 0.001878182 0.999937475 271.071594238
0.999910235 -0.005928295 0.012027432 0.260688305 0.005952969 0.999980390 -0.002016750 -5.242366791 -0.012015239 0.002088168 0.999925554 272.615447998
0.999900401 -0.005191078 0.013123242 0.271389008 0.005217248 0.999984503 -0.001960704 -5.277479172 -0.013112860 0.002028976 0.999911904 274.156280518
0.999889493 -0.004065235 0.014293913 0.282895327 0.004100148 0.999988675 -0.002414085 -5.306137085 -0.014283936 0.002472425 0.999894917 275.701354980
0.999880135 -0.003663598 0.015036142 0.291047096 0.003713397 0.999987781 -0.003285404 -5.332828045 -0.015023922 0.003340845 0.999881566 277.280456543
0.999864757 -0.004467872 0.015822144 0.306263924 0.004528617 0.999982417 -0.003805518 -5.363897324 -0.015804861 0.003876656 0.999867499 278.855895996
0.999837577 -0.005535928 0.017144211 0.321159363 0.005595910 0.999978304 -0.003452706 -5.393723488 -0.017124726 0.003548082 0.999846995 280.415771484
0.999823570 -0.006854660 0.017489217 0.349631310 0.006897301 0.999973297 -0.002379099 -5.425106049 -0.017472446 0.002499308 0.999844134 281.988159180
0.999810636 -0.007971589 0.017757060 0.372847557 0.008009410 0.999965727 -0.002059739 -5.457657814 -0.017740034 0.002201573 0.999840081 283.532775879
0.999804080 -0.008780900 0.017738847 0.397668362 0.008858931 0.999951422 -0.004325100 -5.494379044 -0.017700007 0.004481399 0.999833226 285.075408936
0.999792576 -0.010515690 0.017441003 0.421157837 0.010627696 0.999923468 -0.006341777 -5.528795242 -0.017372979 0.006525818 0.999827743 286.628295898
0.999803245 -0.010908316 0.016575662 0.443395138 0.011015251 0.999918938 -0.006373818 -5.563683510 -0.016504796 0.006555150 0.999842227 288.177124023
0.999795914 -0.012393520 0.015952477 0.462079525 0.012495154 0.999902129 -0.006287307 -5.597724915 -0.015872993 0.006485354 0.999852955 289.737548828
0.999815285 -0.012106108 0.014928669 0.478941917 0.012214298 0.999899566 -0.007177341 -5.627799988 -0.014840282 0.007358358 0.999862731 291.303283691
0.999824047 -0.012115898 0.014326339 0.494510651 0.012225272 0.999896526 -0.007571636 -5.661659241 -0.014233119 0.007745447 0.999868631 292.870605469
0.999829173 -0.012428469 0.013674594 0.511879921 0.012526677 0.999896169 -0.007119976 -5.698584557 -0.013584681 0.007290058 0.999881148 294.451385498
0.999827027 -0.013752872 0.012514923 0.532316446 0.013842264 0.999879122 -0.007084513 -5.734907150 -0.012415977 0.007256523 0.999896526 296.027832031
0.999817848 -0.015733896 0.010804596 0.557644606 0.015802091 0.999855578 -0.006255219 -5.764914036 -0.010704618 0.006424814 0.999921978 297.565582275
0.999849558 -0.013983378 0.010265392 0.566659212 0.014036230 0.999888539 -0.005094522 -5.797537804 -0.010193010 0.005237843 0.999934256 299.151397705
0.999839962 -0.014273492 0.010785662 0.583161354 0.014333159 0.999882281 -0.005475397 -5.823587894 -0.010706237 0.005629113 0.999926865 300.739685059
0.999832511 -0.014169388 0.011584674 0.596568108 0.014238233 0.999881327 -0.005882118 -5.856523514 -0.011499953 0.006046078 0.999915659 302.342010498
0.999810874 -0.015615868 0.011591728 0.623522997 0.015691629 0.999855936 -0.006473760 -5.882675171 -0.011488965 0.006654428 0.999911785 303.952606201
0.999779463 -0.017665533 0.011355141 0.643640280 0.017753324 0.999812901 -0.007677282 -5.916441917 -0.011217394 0.007877179 0.999906003 305.541839600
0.999738097 -0.019717025 0.011611024 0.662537813 0.019827150 0.999758720 -0.009446641 -5.963860035 -0.011421964 0.009674381 0.999887884 307.142028809
0.999729931 -0.020107042 0.011650546 0.671255112 0.020230735 0.999739110 -0.010597650 -6.004550934 -0.011434421 0.010830488 0.999875903 308.770263672
0.999766648 -0.019524995 0.009244090 0.685890198 0.019630620 0.999741435 -0.011476831 -6.050402641 -0.009017613 0.011655618 0.999891400 310.387390137
0.999802411 -0.018506428 0.007266749 0.688790798 0.018584501 0.999768674 -0.010827679 -6.093444824 -0.007064687 0.010960587 0.999915004 312.014007568
0.999828041 -0.017237326 0.006841556 0.693461537 0.017288478 0.999822497 -0.007489950 -6.137410164 -0.006711235 0.007606942 0.999948561 313.643951416
0.999795020 -0.018875211 0.007330790 0.701194286 0.018907292 0.999811888 -0.004331830 -6.175355434 -0.007247646 0.004469547 0.999963820 315.290008545
0.999776542 -0.019775100 0.007472962 0.711652994 0.019802311 0.999797463 -0.003584965 -6.209887981 -0.007400554 0.003732146 0.999965668 316.940765381
0.999757111 -0.020624442 0.007777411 0.717950702 0.020662861 0.999774456 -0.004892421 -6.243023396 -0.007674754 0.005051936 0.999957800 318.572753906
0.999735832 -0.021480242 0.008177336 0.724067092 0.021522189 0.999755502 -0.005076027 -6.276203156 -0.008066300 0.005250681 0.999953687 320.212127686
0.999732673 -0.021446235 0.008642909 0.728813410 0.021487949 0.999757826 -0.004762291 -6.314254761 -0.008538682 0.004946737 0.999951303 321.856536865
0.999726951 -0.021422571 0.009330526 0.734063864 0.021468449 0.999757767 -0.004845391 -6.351356983 -0.009224467 0.005044380 0.999944746 323.487609863
0.999756515 -0.019750208 0.009840754 0.740364075 0.019808693 0.999786437 -0.005881559 -6.389399529 -0.009722490 0.006075059 0.999934316 325.111358643
0.999762535 -0.019161711 0.010378961 0.751588821 0.019228529 0.999794781 -0.006377304 -6.429265976 -0.010254628 0.006575360 0.999925792 326.736450195
0.999727905 -0.020524364 0.011082020 0.764667034 0.020574801 0.999778450 -0.004456764 -6.467578888 -0.010988088 0.004683561 0.999928653 328.361755371
0.999715328 -0.021039575 0.011253322 0.776702881 0.021084238 0.999770224 -0.003864986 -6.502773762 -0.011169422 0.004101153 0.999929130 329.973815918
0.999694109 -0.022020483 0.011262494 0.789965153 0.022079991 0.999742746 -0.005187084 -6.537894726 -0.011145378 0.005434174 0.999923110 331.594085693
0.999723911 -0.020598592 0.011304772 0.801307440 0.020658376 0.999773085 -0.005197193 -6.575025558 -0.011195154 0.005429297 0.999922514 333.211303711
0.999758005 -0.018991008 0.011100442 0.811235905 0.019070741 0.999792814 -0.007121714 -6.615019798 -0.010962895 0.007331684 0.999912977 334.821502686
0.999798357 -0.016815953 0.010975356 0.811257601 0.016929643 0.999803126 -0.010349315 -6.655830383 -0.010799164 0.010533037 0.999886215 336.410339355
0.999827147 -0.015625024 0.010074007 0.821051359 0.015723925 0.999828219 -0.009813833 -6.701026917 -0.009918935 0.009970542 0.999901116 338.038452148
0.999846339 -0.014938270 0.009165924 0.829151392 0.014996399 0.999867678 -0.006306469 -6.743972778 -0.009070503 0.006442956 0.999938130 339.653961182
0.999870956 -0.013827649 0.008171701 0.835022449 0.013856909 0.999897778 -0.003535178 -6.783624649 -0.008121980 0.003647956 0.999960423 341.264190674
0.999885499 -0.013495691 0.006844435 0.841694355 0.013527216 0.999898016 -0.004580813 -6.825031281 -0.006781916 0.004672875 0.999966085 342.869232178
0.999887168 -0.014096686 0.005178864 0.844161808 0.014128581 0.999881148 -0.006174712 -6.861595154 -0.005091205 0.006247186 0.999967515 344.467498779
0.999877512 -0.015284103 0.003367237 0.842985451 0.015300647 0.999870718 -0.004943558 -6.899830818 -0.003291243 0.004994472 0.999982119 346.113128662
0.999855578 -0.016801046 0.002545051 0.842266142 0.016812403 0.999848425 -0.004507937 -6.937680244 -0.002468927 0.004550074 0.999986649 347.725494385
0.999853373 -0.016995441 0.002101075 0.842202306 0.017006144 0.999841869 -0.005184600 -6.978667259 -0.002012628 0.005219570 0.999984264 349.336700439
0.999841809 -0.017689258 0.001849806 0.840728998 0.017700201 0.999824822 -0.006076548 -7.017268658 -0.001741992 0.006108329 0.999979794 350.945373535
0.999838889 -0.017850464 0.001846520 0.838454068 0.017861294 0.999822319 -0.006025825 -7.059445381 -0.001738628 0.006057836 0.999980152 352.536071777
0.999829292 -0.018359020 0.002065547 0.834692478 0.018371567 0.999811828 -0.006230348 -7.098545074 -0.001950776 0.006267232 0.999978542 354.135894775
0.999820352 -0.018851077 0.002042849 0.833181858 0.018864561 0.999798954 -0.006794434 -7.138590336 -0.001914356 0.006831750 0.999974847 355.735931396
0.999813199 -0.019229993 0.001963468 0.832416415 0.019244086 0.999787271 -0.007431512 -7.178950787 -0.001820143 0.007467909 0.999970436 357.332427979
0.999797463 -0.020031050 0.001948553 0.832634807 0.020044520 0.999773443 -0.007158513 -7.220019341 -0.001804720 0.007196120 0.999972403 358.923309326
0.999800563 -0.019864431 0.002063963 0.829871833 0.019880353 0.999770284 -0.008004276 -7.260035515 -0.001904489 0.008043711 0.999965847 360.513214111
0.999766111 -0.021542026 0.001919516 0.832457840 0.021558778 0.999725401 -0.009182342 -7.302446365 -0.001721183 0.009221575 0.999956012 362.107604980
0.999733686 -0.022972912 0.002205918 0.826735973 0.022989096 0.999706626 -0.007615307 -7.339581490 -0.002030325 0.007663991 0.999968588 363.725708008
0.999701202 -0.024353351 0.002112390 0.825356007 0.024367562 0.999678671 -0.006984428 -7.378895760 -0.001941618 0.007033815 0.999973297 365.308135986
0.999689341 -0.024819162 0.002348439 0.822694957 0.024837356 0.999659061 -0.008064233 -7.417340279 -0.002147491 0.008120055 0.999964654 366.917388916
0.999714255 -0.023702597 0.003050011 0.814408660 0.023728702 0.999679446 -0.008829773 -7.454842091 -0.002839745 0.008899624 0.999956369 368.529266357
0.999750257 -0.022071380 0.003494713 0.810970068 0.022098832 0.999723613 -0.008022248 -7.495352745 -0.003316686 0.008097473 0.999961734 370.140747070
0.999771535 -0.021076532 0.003532631 0.813275456 0.021101963 0.999750495 -0.007323465 -7.533079147 -0.003377396 0.007396338 0.999966860 371.739624023
0.999779165 -0.020572782 0.004276584 0.809204638 0.020604843 0.999758840 -0.007592926 -7.572578907 -0.004119345 0.007679367 0.999961972 373.351684570
0.999778926 -0.020580720 0.004336867 0.811176002 0.020615982 0.999753356 -0.008248086 -7.615621567 -0.004166046 0.008335669 0.999956608 374.951263428
0.999774337 -0.020727472 0.004666693 0.812563062 0.020766905 0.999747574 -0.008565706 -7.654347420 -0.004487969 0.008660685 0.999952495 376.561798096
0.999771655 -0.020732591 0.005177727 0.815337658 0.020776054 0.999748111 -0.008487266 -7.699129105 -0.005000460 0.008592904 0.999950588 378.166564941
0.999788105 -0.019585503 0.006338621 0.809115171 0.019638652 0.999771535 -0.008434545 -7.739785194 -0.006171979 0.008557241 0.999944389 379.769073486
0.999802291 -0.017697142 0.009066163 0.787027836 0.017774228 0.999805868 -0.008493966 -7.776050568 -0.008914085 0.008653431 0.999922752 381.357208252
0.999816477 -0.016787797 0.009235856 0.793467283 0.016871031 0.999817014 -0.009009361 -7.819006920 -0.009082919 0.009163526 0.999916732 382.999877930
0.999838293 -0.015446474 0.009211542 0.798546791 0.015536378 0.999831498 -0.009769421 -7.857268333 -0.009059086 0.009910956 0.999909878 384.649719238
