1.000000000 0.000000000 0.000000000 0.000000000 0.000000000 1.000000000 0.000000000 0.000000000 0.000000000 0.000000000 1.000000000 0.000000000
0.999999762 -0.000575608 -0.000305432 -0.002017841 0.000575934 0.999999404 0.001070581 -0.019954087 0.000304816 -0.001070757 0.999999404 1.318252802
0.999998212 -0.001887450 -0.000042296 -0.015033557 0.001887519 0.999996662 0.001715306 -0.033073720 0.000039058 -0.001715383 0.999998450 2.618638277
0.999994457 -0.003286703 -0.000527074 -0.018917488 0.003287262 0.999994040 0.001064417 -0.065054230 0.000523573 -0.001066144 0.999999285 3.945142746
0.999993920 -0.003459435 -0.000162564 -0.022575218 0.003459603 0.999993384 0.001047383 -0.089558676 0.000158940 -0.001047939 0.999999464 5.259168625
0.999992371 -0.003893326 -0.000315916 -0.036042951 0.003893869 0.999990821 0.001738942 -0.102727577 0.000309142 -0.001740159 0.999998450 6.582355022
0.999985397 -0.005392887 0.000116697 -0.040245820 0.005392528 0.999981284 0.002878633 -0.122919396 -0.000132219 -0.002877962 0.999995828 7.923161030
0.999986708 -0.005147732 -0.000166640 -0.042142589 0.005148278 0.999980688 0.003464976 -0.143738329 0.000148800 -0.003465788 0.999993980 9.258661270
0.999990344 -0.004337650 -0.000572027 -0.060090017 0.004338909 0.999988258 0.002223443 -0.176381394 0.000562375 -0.002225904 0.999997377 10.573570251
0.999998868 -0.001377609 -0.000323691 -0.074206017 0.001377525 0.999999106 -0.000257209 -0.192054674 0.000324045 0.000256763 1.000000000 11.913535118
0.999997914 0.002034667 0.000032425 -0.085757062 -0.002034628 0.999997258 -0.001216773 -0.211966574 -0.000034901 0.001216704 0.999999285 13.257142067
0.999992907 0.003754897 -0.000324969 -0.105092101 -0.003755199 0.999992490 -0.000934668 -0.243487179 0.000321457 0.000935882 0.999999523 14.573831558
0.999987662 0.004976086 0.000210443 -0.116350017 -0.004976075 0.999987543 -0.000053635 -0.266023040 -0.000210707 0.000052587 1.000000000 15.933003426
0.999996424 0.002595974 0.000754108 -0.120121285 -0.002597902 0.999993324 0.002566593 -0.284494877 -0.000747440 -0.002568543 0.999996483 17.289163589
0.999997854 -0.002014047 0.000724737 -0.119802155 0.002010438 0.999985754 0.004946611 -0.321379006 -0.000734689 -0.004945144 0.999987423 18.621978760
0.999991000 -0.004235441 0.000478450 -0.121202350 0.004234200 0.999987721 0.002566783 -0.337381244 -0.000489316 -0.002564734 0.999996543 19.993242264
0.999990642 -0.004281101 0.000475263 -0.128581107 0.004280660 0.999990344 0.000921697 -0.365042061 -0.000479204 -0.000919655 0.999999464 21.326372147
0.999996483 -0.002398000 0.001101560 -0.134886354 0.002398800 0.999996781 -0.000725759 -0.384989351 -0.001099817 0.000728399 0.999999106 22.702569962
0.999998391 0.000922096 0.001492534 -0.154347733 -0.000923450 0.999999166 0.000906441 -0.413287878 -0.001491697 -0.000907818 0.999998391 24.046230316
0.999995649 0.001382053 0.002599190 -0.164597303 -0.001394342 0.999987841 0.004732031 -0.432937205 -0.002592619 -0.004735635 0.999985337 25.431858063
0.999996185 -0.001376355 0.002397832 -0.161655501 0.001361329 0.999979496 0.006256942 -0.446848303 -0.002406395 -0.006253653 0.999977469 26.788108826
