1.000000000 0.000000000 0.000000000 0.000000000 0.000000000 1.000000000 0.000000000 0.000000000 0.000000000 0.000000000 1.000000000 0.000000000
0.999997437 -0.001405095 -0.001791462 0.000703992 0.001404690 0.999998987 -0.000227099 -0.015447488 0.001791779 0.000224582 0.999998391 0.559772968
0.999993861 -0.002059441 -0.002835315 -0.005245117 0.002053926 0.999996006 -0.001946417 -0.026140846 0.002839312 0.001940582 0.999994099 1.124582767
0.999985814 -0.002359322 -0.004756980 -0.011580139 0.002343620 0.999991715 -0.003303451 -0.038921107 0.004764735 0.003292256 0.999983251 1.685891867
0.999967456 -0.004452151 -0.006728250 -0.015803723 0.004418209 0.999977469 -0.005051277 -0.050143607 0.006750588 0.005021384 0.999964595 2.244784594
0.999941647 -0.006859820 -0.008346007 -0.019933375 0.006800866 0.999951780 -0.007071773 -0.060850173 0.008394117 0.007014601 0.999940157 2.809566736
0.999918938 -0.008156162 -0.009779642 -0.027207021 0.008080188 0.999937057 -0.007782958 -0.072716065 0.009842506 0.007703306 0.999921918 3.382246971
0.999902785 -0.008307448 -0.011192736 -0.036769792 0.008228213 0.999940813 -0.007106694 -0.085790105 0.011251112 0.007013908 0.999912024 3.964637756
0.999885261 -0.008691487 -0.012409644 -0.046304915 0.008599214 0.999935031 -0.007469554 -0.101641148 0.012473762 0.007361983 0.999895096 4.555474758
0.999874949 -0.008139705 -0.013555514 -0.057957459 0.008002724 0.999916613 -0.010128818 -0.118657827 0.013636827 0.010019070 0.999856830 5.150771141
0.999868751 -0.006465991 -0.014854746 -0.074229464 0.006258055 0.999882400 -0.014002095 -0.134104565 0.014943535 0.013907296 0.999791622 5.757606030
0.999855876 -0.005082526 -0.016197866 -0.089005783 0.004795475 0.999831617 -0.017711325 -0.148028985 0.016285157 0.017631097 0.999711990 6.375314236
0.999843359 -0.003318958 -0.017382262 -0.105877362 0.003011415 0.999839067 -0.017689284 -0.160633132 0.017438171 0.017634168 0.999692500 6.998061657
0.999828398 -0.000799691 -0.018506272 -0.127461076 0.000597765 0.999940336 -0.010914138 -0.172089487 0.018513894 0.010901203 0.999769151 7.646003246
0.999815226 0.000148793 -0.019215170 -0.146720991 -0.000157274 0.999999881 -0.000439782 -0.183553815 0.019215100 0.000442724 0.999815285 8.310221672
0.999801099 0.001446352 -0.019890737 -0.171072006 -0.001322337 0.999979615 0.006246589 -0.197393745 0.019899363 -0.006219044 0.999782562 8.991712570
0.999770582 0.003618399 -0.021111116 -0.193014234 -0.003506431 0.999979615 0.005338338 -0.212326705 0.021129999 -0.005263089 0.999762833 9.673187256
0.999744296 0.005723555 -0.021877255 -0.218184069 -0.005767275 0.999981523 -0.001935833 -0.218238205 0.021865768 0.002061510 0.999758720 10.366662979
0.999720633 0.005357082 -0.023021724 -0.238762066 -0.005541192 0.999953032 -0.007940852 -0.219994172 0.022978103 0.008066199 0.999703348 11.072299004
0.999700785 0.003278027 -0.024240525 -0.256754726 -0.003433558 0.999973774 -0.006377287 -0.223538294 0.024218986 0.006458609 0.999685764 11.808955193
0.999693871 0.002470540 -0.024618812 -0.277942508 -0.002399179 0.999992788 0.002927803 -0.233659357 0.024625866 -0.002867844 0.999692619 12.566651344
0.999688029 0.002096785 -0.024887700 -0.301678449 -0.001837879 0.999944031 0.010421302 -0.240327790 0.024908157 -0.010372309 0.999635935 13.336785316
0.999676347 0.001237280 -0.025408350 -0.325545788 -0.000909595 0.999916375 0.012904287 -0.243687913 0.025422193 -0.012877000 0.999593794 14.127123833
0.999672592 -0.000698508 -0.025575459 -0.346903682 0.001002467 0.999929011 0.011873918 -0.244204730 0.025565352 -0.011895671 0.999602377 14.927237511
0.999685526 -0.001135907 -0.025056547 -0.372665375 0.001371655 0.999954939 0.009393423 -0.243809894 0.025044752 -0.009424837 0.999641895 15.747341156
0.999699533 0.001497756 -0.024470530 -0.400767773 -0.001351919 0.999981225 0.005975141 -0.245090216 0.024479026 -0.005940263 0.999682724 16.585498810
0.999723792 -0.001743797 -0.023437573 -0.421812415 0.001756607 0.999998331 0.000525962 -0.252846450 0.023436621 -0.000566988 0.999725163 17.432495117
0.999730170 -0.004600940 -0.022769311 -0.440802604 0.004470527 0.999973357 -0.005775101 -0.264531076 0.022795271 0.005671750 0.999724090 18.299205780
0.999759734 -0.003509758 -0.021636738 -0.465677261 0.003267809 0.999931872 -0.011207523 -0.275618583 0.021674598 0.011134124 0.999703050 19.189060211
0.999764681 -0.002176980 -0.021587526 -0.490256637 0.001917816 0.999925971 -0.012018699 -0.292745084 0.021612091 0.011974469 0.999694705 20.094141006
0.999761879 -0.001949481 -0.021733506 -0.515387058 0.001702939 0.999934077 -0.011356605 -0.315035492 0.021754213 0.011316888 0.999699295 21.018281937
0.999762893 -0.000443090 -0.021771645 -0.542125702 0.000165852 0.999918938 -0.012734090 -0.337888718 0.021775525 0.012727459 0.999681950 21.959688187
0.999763370 0.002509769 -0.021603985 -0.571624160 -0.002829147 0.999887049 -0.014765431 -0.361041874 0.021564486 0.014823057 0.999657571 22.912895203
0.999744534 0.006067236 -0.021769004 -0.601454735 -0.006407068 0.999858320 -0.015575196 -0.384699345 0.021671416 0.015710697 0.999641716 23.873306274
0.999735594 0.007670453 -0.021675557 -0.630179286 -0.008007761 0.999847591 -0.015518017 -0.412299156 0.021553220 0.015687488 0.999644637 24.849386215
0.999724686 0.008293922 -0.021945100 -0.655899882 -0.008637697 0.999840736 -0.015617020 -0.441480964 0.021812076 0.015802281 0.999637246 25.827867508
0.999720573 0.008103721 -0.022205880 -0.680076718 -0.008449768 0.999843657 -0.015534313 -0.468277633 0.022076519 0.015717609 0.999632657 26.817947388
0.999702811 0.008919557 -0.022685811 -0.706073999 -0.009248643 0.999852955 -0.014443048 -0.496633947 0.022553645 0.014648571 0.999638319 27.821315765
0.999686301 0.009444054 -0.023195732 -0.730616987 -0.009736486 0.999874115 -0.012526730 -0.524242818 0.023074510 0.012748648 0.999652386 28.830869675
0.999672532 0.009952671 -0.023574451 -0.757664144 -0.010222411 0.999883354 -0.011349324 -0.552573502 0.023458742 0.011586594 0.999657571 29.847387314
0.999671400 0.009756397 -0.023705119 -0.787218571 -0.010051247 0.999873221 -0.012351096 -0.581155121 0.023581611 0.012585302 0.999642551 30.867898941
0.999651432 0.011105374 -0.023952309 -0.819161057 -0.011425887 0.999846399 -0.013286245 -0.607595980 0.023801081 0.013555288 0.999624729 31.894731522
0.999645889 0.010760012 -0.024338085 -0.850073457 -0.011062972 0.999862492 -0.012347827 -0.635502875 0.024201877 0.012612704 0.999627531 32.933364868
0.999641061 0.009930370 -0.024883410 -0.878653347 -0.010172792 0.999901831 -0.009634716 -0.662272096 0.024785291 0.009884391 0.999643862 33.984226227
0.999625981 0.010326704 -0.025319729 -0.910844624 -0.010480833 0.999927223 -0.005962183 -0.686956346 0.025256319 0.006225323 0.999661624 35.041790009
0.999610364 0.010474634 -0.025869833 -0.945679247 -0.010570062 0.999937832 -0.003554818 -0.711870015 0.025830992 0.003826879 0.999659002 36.097812653
0.999601126 0.010332618 -0.026280619 -0.979444087 -0.010416438 0.999941170 -0.003054514 -0.732708991 0.026247513 0.003327047 0.999649942 37.166660309
0.999592900 0.009736901 -0.026818501 -1.012792826 -0.009861361 0.999941170 -0.004512565 -0.752172589 0.026772985 0.004775194 0.999630153 38.241065979
0.999570191 0.010195738 -0.027489135 -1.049018860 -0.010337781 0.999933898 -0.005030135 -0.772612631 0.027436033 0.005312149 0.999609470 39.322998047
0.999552727 0.009917579 -0.028210217 -1.084035039 -0.010029361 0.999942422 -0.003823779 -0.793708026 0.028170668 0.004104999 0.999594688 40.404808044
0.999532580 0.009931069 -0.028913455 -1.121513367 -0.009988431 0.999948502 -0.001840213 -0.815767288 0.028893691 0.002128153 0.999580145 41.489574432
0.999519289 0.009987274 -0.029347682 -1.161575913 -0.009972738 0.999950111 0.000641560 -0.837367296 0.029352626 -0.000348575 0.999569058 42.571708679
0.999491930 0.011188930 -0.029844623 -1.200017929 -0.011176523 0.999937296 0.000582458 -0.859709084 0.029849276 -0.000248603 0.999554396 43.650848389
0.999469995 0.012412623 -0.030095773 -1.241138101 -0.012514735 0.999916494 -0.003206969 -0.881293237 0.030053459 0.003581910 0.999541879 44.730522156
0.999455750 0.013642156 -0.030032566 -1.282845616 -0.013863392 0.999878109 -0.007170768 -0.904524565 0.029931085 0.007583220 0.999523222 45.809757233
0.999453723 0.013961025 -0.029955402 -1.321985364 -0.014191223 0.999871194 -0.007485854 -0.928672075 0.029847037 0.007906868 0.999523282 46.895404816
0.999454081 0.014275225 -0.029795423 -1.360190988 -0.014421799 0.999884903 -0.004710255 -0.954190254 0.029724760 0.005137387 0.999544859 47.983890533
0.999454319 0.014864440 -0.029497486 -1.399760365 -0.014945826 0.999885082 -0.002540604 -0.979458332 0.029456330 0.002980082 0.999561608 49.073471069
0.999477386 0.013170074 -0.029525945 -1.434817791 -0.013215318 0.999911785 -0.001337674 -1.000493646 0.029505724 0.001727169 0.999563038 50.157028198
0.999491930 0.013024388 -0.029090300 -1.472668171 -0.013095173 0.999911726 -0.002244079 -1.023123503 0.029058505 0.002623881 0.999574244 51.244949341
0.999513566 0.012362953 -0.028632395 -1.511080384 -0.012482031 0.999914169 -0.003983859 -1.044981360 0.028580688 0.004339312 0.999581993 52.332229614
0.999518633 0.012406731 -0.028436422 -1.546300292 -0.012587111 0.999901712 -0.006173097 -1.068922281 0.028357042 0.006528057 0.999576569 53.421394348
0.999538124 0.011433571 -0.028162077 -1.583757877 -0.011680954 0.999894500 -0.008635366 -1.098009825 0.028060377 0.008960336 0.999566078 54.503150940
0.999561608 0.009712320 -0.027970817 -1.617355347 -0.010050405 0.999877810 -0.011971926 -1.127829790 0.027851127 0.012247796 0.999537051 55.581256866
0.999585092 0.008007647 -0.027669603 -1.650868177 -0.008387567 0.999871790 -0.013641935 -1.159262657 0.027556812 0.013868353 0.999524057 56.661197662
0.999595046 0.006489641 -0.027706116 -1.681593776 -0.006805442 0.999912918 -0.011319184 -1.192243576 0.027630249 0.011503154 0.999551952 57.748249054
0.999610722 0.005229728 -0.027406247 -1.714964628 -0.005380942 0.999970675 -0.005446663 -1.221027613 0.027376961 0.005592014 0.999609530 58.842533112
0.999623597 0.003921479 -0.027154274 -1.746711850 -0.003907564 0.999992192 0.000565513 -1.245306730 0.027156284 -0.000459192 0.999631166 59.937618256
0.999631524 0.002115260 -0.027061360 -1.777974606 -0.002081566 0.999997020 0.001273215 -1.266678572 0.027063970 -0.001216416 0.999632895 61.027816772
0.999637723 -0.001146657 -0.026890956 -1.807182431 0.001099963 0.999997854 -0.001751146 -1.285727859 0.026892906 0.001720933 0.999636769 62.117996216
0.999637008 -0.002380602 -0.026837273 -1.841071010 0.002247792 0.999985099 -0.004977789 -1.306766987 0.026848720 0.004915657 0.999627352 63.208305359
0.999634564 -0.000406075 -0.027029194 -1.876904488 0.000163112 0.999959648 -0.008990487 -1.334305525 0.027031749 0.008982792 0.999594212 64.304306030
0.999644935 -0.000332721 -0.026643433 -1.912963986 -0.000020060 0.999912381 -0.013239487 -1.362526417 0.026645504 0.013235321 0.999557257 65.381614685
0.999659538 0.002668101 -0.025955822 -1.951127291 -0.003028888 0.999899209 -0.013870655 -1.392264843 0.025916202 0.013944549 0.999566793 66.475128174
0.999663413 0.006599138 -0.025086820 -1.990754247 -0.006856799 0.999924541 -0.010198655 -1.424061537 0.025017625 0.010367237 0.999633253 67.573898315
0.999656141 0.008173167 -0.024916539 -2.028707027 -0.008376745 0.999932289 -0.008076995 -1.454840183 0.024848837 0.008282936 0.999656916 68.676925659
0.999660432 0.007664446 -0.024905842 -2.061136484 -0.007850093 0.999942064 -0.007364750 -1.480982542 0.024847949 0.007557760 0.999662697 69.775489807
0.999673069 0.006081606 -0.024835378 -2.093391895 -0.006244959 0.999959350 -0.006505208 -1.510423899 0.024794802 0.006658177 0.999670386 70.873443604
0.999671817 0.004943977 -0.025141338 -2.123436451 -0.005073507 0.999974191 -0.005090901 -1.536952019 0.025115520 0.005216785 0.999670923 71.971542358
0.999669969 0.003414891 -0.025461666 -2.153756142 -0.003493449 0.999989271 -0.003041503 -1.561609626 0.025451003 0.003129448 0.999671161 73.069374084
0.999655545 0.002168553 -0.026154738 -2.183382988 -0.002206038 0.999996603 -0.001404393 -1.586054802 0.026151603 0.001461607 0.999656856 74.162765503
0.999640048 0.001430677 -0.026791463 -2.214371681 -0.001501768 0.999995410 -0.002633580 -1.612131476 0.026787568 0.002672866 0.999637604 75.250846863
0.999621749 0.001688362 -0.027450984 -2.248133659 -0.001865142 0.999977827 -0.006415514 -1.638391256 0.027439535 0.006464287 0.999602556 76.328346252
0.999600172 0.002185551 -0.028192934 -2.282015800 -0.002425136 0.999961257 -0.008466613 -1.664322376 0.028173333 0.008531598 0.999566615 77.410873413
0.999573767 0.004102815 -0.028906520 -2.318416834 -0.004301108 0.999967694 -0.006800991 -1.691637039 0.028877681 0.006922422 0.999558985 78.494674683
0.999554753 0.005384156 -0.029348962 -2.359847546 -0.005458888 0.999982059 -0.002466845 -1.718554139 0.029335152 0.002625959 0.999566197 79.580543518
0.999528408 0.006883114 -0.029929098 -2.399394274 -0.006840216 0.999975383 0.001535412 -1.742408752 0.029938931 -0.001329967 0.999550819 80.662010193
0.999511302 0.007737033 -0.030287677 -2.440350294 -0.007671858 0.999967933 0.002267504 -1.764025807 0.030304257 -0.002034034 0.999538660 81.729492188
0.999494731 0.007502199 -0.030888172 -2.479144096 -0.007501374 0.999971867 0.000142555 -1.782350183 0.030888373 0.000089221 0.999522924 82.795059204
0.999477863 0.007360999 -0.031463191 -2.517044067 -0.007385096 0.999972522 -0.000649739 -1.801820397 0.031457543 0.000881758 0.999504685 83.852340698
0.999466360 0.006518345 -0.032008395 -2.556227684 -0.006545638 0.999978304 -0.000747930 -1.826184511 0.032002825 0.000957046 0.999487340 84.902572632
0.999449790 0.005386716 -0.032729555 -2.593834639 -0.005404312 0.999985278 -0.000449155 -1.848750710 0.032726649 0.000625789 0.999464214 85.937919617
0.999435365 0.004148250 -0.033342265 -2.630705595 -0.004120121 0.999991179 0.000912321 -1.868878484 0.033345748 -0.000774432 0.999443650 86.953575134
0.999417365 0.004112892 -0.033881996 -2.670182943 -0.003987071 0.999984920 0.003780226 -1.892457008 0.033897024 -0.003642934 0.999418676 87.952941895
0.999389827 0.003110620 -0.034788318 -2.707697868 -0.002949239 0.999984741 0.004689304 -1.913126469 0.034802362 -0.004583844 0.999383688 88.934715271
0.999313056 0.002072562 -0.037002020 -2.745468140 -0.001889036 0.999985754 0.004994159 -1.932297468 0.037011843 -0.004920830 0.999302626 89.893020630
0.999187529 0.001221219 -0.040281653 -2.787071228 -0.001056385 0.999991000 0.004113063 -1.951401949 0.040286317 -0.004067167 0.999179900 90.826393127
0.999045849 0.001047364 -0.043660138 -2.831322193 -0.000905169 0.999994218 0.003276516 -1.970451236 0.043663323 -0.003233870 0.999041080 91.738037109
0.998906672 0.000730930 -0.046740577 -2.876966000 -0.000566604 0.999993682 0.003528853 -1.987594724 0.046742853 -0.003498511 0.998900771 92.623825073
0.998755097 0.001782425 -0.049849275 -2.926058054 -0.001552070 0.999987960 0.004659366 -2.005487204 0.049856968 -0.004576197 0.998745799 93.489196777
0.998599112 0.002721850 -0.052841812 -2.977296591 -0.002418741 0.999980271 0.005799271 -2.023961782 0.052856550 -0.005663336 0.998586059 94.327194214
0.998437524 0.003810190 -0.055750117 -3.031266212 -0.003406589 0.999967456 0.007332704 -2.039372444 0.055776231 -0.007131330 0.998417795 95.147590637
0.998274744 0.005272379 -0.058480997 -3.085004091 -0.004806570 0.999955535 0.008102936 -2.053277254 0.058521125 -0.007807863 0.998255551 95.945404053
0.998113692 0.007254528 -0.060963862 -3.140501976 -0.006741949 0.999940157 0.008609409 -2.068351507 0.061022677 -0.008182153 0.998102844 96.707626343
0.997936130 0.009079445 -0.063570589 -3.196203947 -0.008623595 0.999935091 0.007441486 -2.083588362 0.063634016 -0.006877921 0.997949541 97.440139771
0.997763216 0.010346402 -0.066040523 -3.252371550 -0.010116641 0.999941468 0.003812566 -2.101365328 0.066076107 -0.003135930 0.997809589 98.139625549
0.997565806 0.012728571 -0.068558201 -3.306931734 -0.012746618 0.999918699 0.000174238 -2.116162300 0.068554834 0.000700071 0.997647047 98.807624817
0.997402191 0.014467542 -0.070565835 -3.360618353 -0.014676225 0.999889195 -0.002439672 -2.130373240 0.070522718 0.003468974 0.997504115 99.443954468
0.997319639 0.016442586 -0.071295872 -3.413528442 -0.016727863 0.999854207 -0.003406031 -2.145461082 0.071229488 0.004589529 0.997449338 100.057327271
0.997334659 0.018732773 -0.070517495 -3.459273815 -0.018983899 0.999815524 -0.002892596 -2.162283182 0.070450313 0.004223582 0.997506261 100.641540527
0.997466147 0.022594418 -0.067460477 -3.506411314 -0.022734830 0.999740660 -0.001314266 -2.178234816 0.067413300 0.002844639 0.997720957 101.206535339
0.997773468 0.025186462 -0.061757337 -3.546406746 -0.025218541 0.999681950 0.000260097 -2.194256067 0.061744254 0.001297912 0.998091161 101.743408203
0.998187542 0.025983453 -0.054282751 -3.574776173 -0.025901420 0.999661982 0.002214365 -2.206929922 0.054321948 -0.000804353 0.998523116 102.260467529
0.998677969 0.025851628 -0.044431619 -3.594949722 -0.025667088 0.999659419 0.004718875 -2.217479706 0.044538483 -0.003572206 0.999001145 102.757675171
0.999152780 0.025229994 -0.032515801 -3.605631590 -0.025047883 0.999668181 0.005995902 -2.230692148 0.032656301 -0.005176371 0.999453187 103.230705261
0.999516249 0.024388576 -0.019295715 -3.607092381 -0.024275063 0.999686718 0.006095329 -2.240511179 0.019438324 -0.005623976 0.999795258 103.668991089
0.999700785 0.024136532 -0.003956228 -3.602326155 -0.024115374 0.999695003 0.005311732 -2.251800060 0.004083227 -0.005214737 0.999978065 104.103302002
0.999642670 0.022727869 0.014075736 -3.585223675 -0.022763073 0.999738097 0.002345840 -2.263922691 -0.014018737 -0.002665408 0.999898195 104.522079468
0.999136627 0.022091122 0.035185043 -3.554498911 -0.022029541 0.999755025 -0.002137049 -2.276139975 -0.035223637 0.001360094 0.999378502 104.930374146
0.998024046 0.019982606 0.059570506 -3.512424946 -0.019613232 0.999784589 -0.006778965 -2.287534237 -0.059693135 0.005597201 0.998201072 105.327590942
0.996062994 0.017532431 0.086896211 -3.457357407 -0.016779959 0.999815166 -0.009382294 -2.300019264 -0.087044634 0.007887240 0.996173203 105.717864990
0.993024409 0.014801527 0.116975948 -3.387927055 -0.013662109 0.999851108 -0.010536464 -2.311223984 -0.117114484 0.008864827 0.993078828 106.104675293
0.988631487 0.012514569 0.149836987 -3.311289787 -0.010788961 0.999865711 -0.012323927 -2.323954582 -0.149971128 0.010567238 0.988633990 106.476325989
0.982543170 0.010141466 0.185757607 -3.220628738 -0.007701618 0.999874353 -0.013851486 -2.336535215 -0.185874745 0.012179049 0.982497990 106.836227417
0.974493980 0.006923708 0.224306449 -3.113693237 -0.003827190 0.999891281 -0.014236680 -2.350481749 -0.224380672 0.013015094 0.974414706 107.184074402
0.964336157 0.004989293 0.264633536 -2.995965958 -0.001017157 0.999884784 -0.015144843 -2.364158630 -0.264678657 0.014335545 0.964230180 107.521415710
0.951845229 0.005641625 0.306526899 -2.866352081 -0.000785504 0.999872267 -0.015963452 -2.381215334 -0.306577742 0.014953956 0.951728284 107.850395203
0.936297894 0.007660271 0.351123393 -2.721912384 -0.002024557 0.999863207 -0.016414840 -2.394977093 -0.351201117 0.014658309 0.936185300 108.174171448
0.918175638 0.007650493 0.396099687 -2.560379028 -0.001790957 0.999883413 -0.015160800 -2.406730175 -0.396169543 0.013210880 0.918082356 108.488304138
0.897540987 0.006807919 0.440878510 -2.380699158 -0.000781005 0.999903738 -0.013850257 -2.419125319 -0.440930367 0.012086839 0.897460043 108.790466309
0.873912990 0.005601251 0.486050069 -2.187427521 0.001574444 0.999895751 -0.014353655 -2.431719780 -0.486079752 0.013309103 0.873813212 109.082862854
0.848173141 0.005810938 0.529687226 -1.980594635 0.003335961 0.999861419 -0.016310766 -2.446696758 -0.529708564 0.015601368 0.848036230 109.361778259
0.819880068 0.008056432 0.572478652 -1.760948181 0.004038400 0.999794722 -0.019853640 -2.458808422 -0.572521031 0.018589498 0.819679320 109.632446289
0.788590729 0.012957808 0.614781976 -1.528274536 0.002690714 0.999695659 -0.024522094 -2.468269110 -0.614912570 0.020992093 0.788315892 109.894149780
0.754599452 0.019259175 0.655902922 -1.282138824 -0.000555493 0.999587655 -0.028711654 -2.476643324 -0.656185389 0.021301448 0.754299045 110.130737305
0.717125535 0.023932535 0.696532965 -1.018424988 -0.002459894 0.999490857 -0.031809408 -2.482946396 -0.696939647 0.021097939 0.716819346 110.361236572
0.677539647 0.024715196 0.735070884 -0.731773376 -0.001314108 0.999474227 -0.032393951 -2.499131441 -0.735485077 0.020982215 0.677215934 110.576248169
0.635738492 0.022213804 0.771584809 -0.420269012 0.002602736 0.999518394 -0.030920474 -2.511266470 -0.771900177 0.021665566 0.635374546 110.786827087
0.591273606 0.020369355 0.806213796 -0.095954895 0.004697677 0.999576986 -0.028700028 -2.515547276 -0.806457341 0.020756898 0.590927839 110.984191895
0.544695377 0.018729892 0.838424802 0.235141754 0.005246685 0.999654770 -0.025740266 -2.529676437 -0.838617504 0.018419553 0.544409096 111.159385681
0.496820956 0.016093394 0.867703795 0.582580566 0.006300891 0.999734819 -0.022149885 -2.545880795 -0.867830157 0.016471835 0.496587873 111.314575195
0.445839077 0.012363380 0.895027697 0.948589325 0.009104390 0.999790251 -0.018345661 -2.557716846 -0.895066738 0.016327891 0.445633024 111.457008362
0.394142658 0.012390143 0.918965697 1.320167542 0.006736449 0.999843359 -0.016369842 -2.573080540 -0.919024467 0.012642619 0.393997550 111.582527161
0.342801511 0.017187491 0.939250529 1.699649811 0.002804811 0.999809444 -0.019319346 -2.589154482 -0.939403653 0.009257123 0.342688024 111.695373535
0.292765230 0.022247909 0.955925465 2.076583862 0.003238311 0.999700487 -0.024258493 -2.599677086 -0.956178784 0.010197627 0.292605519 111.769836426
0.245740205 0.024340535 0.969030082 2.491144180 0.004638484 0.999643683 -0.026285799 -2.612785339 -0.969324529 0.010954307 0.245539740 111.849128723
0.204354078 0.023866516 0.978606045 2.919551849 0.011991211 0.999566674 -0.026881739 -2.629796505 -0.978823602 0.017228063 0.203979373 111.904495239
0.169181868 0.023784522 0.985297799 3.372945786 0.019847699 0.999423802 -0.027533496 -2.640459061 -0.985384941 0.024214063 0.168612331 111.951622009
0.138622418 0.025297530 0.990022063 3.821743011 0.024800230 0.999271512 -0.029006392 -2.647807837 -0.990034759 0.028573714 0.137894064 111.991783142
0.110230379 0.023975484 0.993616760 4.307612419 0.022836108 0.999383986 -0.026648048 -2.659652233 -0.993643820 0.025627764 0.109614953 112.042671204
0.084430180 0.020486075 0.996218741 4.813342094 0.016725127 0.999618709 -0.021973453 -2.671438217 -0.996289015 0.018517112 0.084055357 112.091308594
0.060372099 0.016408242 0.998041034 5.321912289 0.011822697 0.999782979 -0.017152045 -2.687182188 -0.998105943 0.012835043 0.060165003 112.121452332
0.037953652 0.013873205 0.999183118 5.827218056 0.015023807 0.999782681 -0.014452206 -2.708847761 -0.999166548 0.015560049 0.037736975 112.121459961
0.017955754 0.014521521 0.999733329 6.371513844 0.023235466 0.999618351 -0.014937172 -2.727429867 -0.999568760 0.023497475 0.017611492 112.107414246
0.000446526 0.017021678 0.999855101 6.943106174 0.028211938 0.999456882 -0.017027501 -2.741922855 -0.999601781 0.028215449 -0.000033928 112.096366882
-0.013945580 0.022551622 0.999648452 7.527586937 0.028906489 0.999336779 -0.022141337 -2.750949383 -0.999484837 0.028587550 -0.014588218 112.086044312
-0.024973085 0.027265927 0.999316216 8.130387306 0.026299790 0.999299943 -0.026608245 -2.760715961 -0.999342144 0.025617316 -0.025672695 112.076316833
-0.031484198 0.027136078 0.999135733 8.755360603 0.028772673 0.999241769 -0.026232289 -2.775971413 -0.999090016 0.027921906 -0.032241102 112.054763794
-0.034182429 0.024098072 0.999125063 9.405598640 0.035040416 0.999123514 -0.022899220 -2.795866728 -0.998801231 0.034227010 -0.034996878 112.026458740
-0.033726577 0.022349469 0.999181092 10.071003914 0.036442284 0.999112666 -0.021117853 -2.817189217 -0.998766541 0.035700217 -0.034511115 112.005271912
-0.031878378 0.022110691 0.999247134 10.754638672 0.035238639 0.999158502 -0.020984536 -2.834906101 -0.998870373 0.034543153 -0.032630708 111.992012024
-0.030576333 0.022497809 0.999279141 11.451509476 0.031677008 0.999266207 -0.021528251 -2.856021404 -0.999030352 0.030995918 -0.031266570 111.982749939
-0.029445516 0.023650100 0.999286592 12.163168907 0.030615894 0.999272227 -0.022747621 -2.877316952 -0.999097407 0.029924236 -0.030148163 111.967262268
-0.028407054 0.024460947 0.999297023 12.891363144 0.030338014 0.999261022 -0.023597641 -2.900645733 -0.999136090 0.029646348 -0.029128160 111.949172974
-0.027685327 0.024072830 0.999326706 13.638648987 0.030048259 0.999278188 -0.023239201 -2.924186468 -0.999164999 0.029384645 -0.028388694 111.934074402
-0.027051905 0.022683460 0.999376595 14.396432877 0.028996056 0.999339581 -0.021897728 -2.950018406 -0.999213398 0.028385609 -0.027691778 111.918426514
-0.026573520 0.021534342 0.999414802 15.164134026 0.029734835 0.999342501 -0.020742167 -2.973534584 -0.999204516 0.029166242 -0.027196374 111.898750305
-0.027370783 0.019394271 0.999437153 15.950252533 0.030355100 0.999366820 -0.018561594 -2.998121262 -0.999164343 0.029829970 -0.027942171 111.882072449
-0.028446827 0.017590061 0.999440491 16.741008759 0.027939098 0.999468446 -0.016795330 -3.025240898 -0.999204755 0.027445691 -0.028923156 111.864883423
-0.029524101 0.016508061 0.999427676 17.539615631 0.026982706 0.999512434 -0.015712362 -3.049783468 -0.999199808 0.026503367 -0.029955136 111.846015930
-0.030702593 0.014037391 0.999430001 18.346786499 0.029502988 0.999478519 -0.013131737 -3.070881128 -0.999093056 0.029082991 -0.031100722 111.819511414
-0.032062300 0.012495253 0.999407709 19.165843964 0.030824021 0.999458671 -0.011507012 -3.093410492 -0.999010384 0.030436825 -0.032430097 111.796501160
-0.033758644 0.011529434 0.999363422 19.986921310 0.027976198 0.999552608 -0.010586575 -3.118757010 -0.999038398 0.027601004 -0.034066088 111.774909973
-0.034771774 0.016402904 0.999260664 20.806829453 0.025333213 0.999558508 -0.015526265 -3.137617826 -0.999074161 0.024774611 -0.035171960 111.753890991
-0.035516847 0.021086732 0.999146581 21.639804840 0.026599213 0.999443114 -0.020147465 -3.161264181 -0.999015033 0.025860939 -0.036057968 111.726158142
-0.036754709 0.022648513 0.999067605 22.480327606 0.026754413 0.999407113 -0.021671943 -3.189384460 -0.998966098 0.025932925 -0.037338864 111.700088501
-0.038249448 0.020500101 0.999058068 23.327411652 0.023193441 0.999538422 -0.019621989 -3.217262745 -0.998998940 0.022421068 -0.038707267 111.678222656
-0.039410226 0.016259748 0.999090791 24.180435181 0.020315083 0.999674022 -0.015467888 -3.245884895 -0.999016523 0.019687019 -0.039727699 111.655364990
-0.039632730 0.011019111 0.999153614 25.034276962 0.018725485 0.999771774 -0.010283157 -3.272904873 -0.999038756 0.018302087 -0.039830022 111.626838684
-0.040114861 0.005345501 0.999180794 25.890619278 0.014858005 0.999878347 -0.004752718 -3.293742418 -0.999084592 0.014655178 -0.040189397 111.605018616
-0.040158652 0.004085809 0.999184966 26.737161636 0.012285259 0.999918044 -0.003595046 -3.317271471 -0.999117851 0.012130874 -0.040205553 111.581726074
-0.039408214 0.010796966 0.999164879 27.581838608 0.014825275 0.999837875 -0.010219513 -3.347165585 -0.999113202 0.014410161 -0.039561886 111.554832458
-0.038399909 0.022039756 0.999019504 28.411159515 0.017206958 0.999623001 -0.021391680 -3.370721817 -0.999114275 0.016368646 -0.038764682 111.524345398
-0.038011346 0.027335571 0.998903334 29.246822357 0.019064188 0.999463677 -0.026625454 -3.393648624 -0.999095380 0.018031210 -0.038512092 111.497947693
-0.036741618 0.021811327 0.999086678 30.087886810 0.020813907 0.999561548 -0.021056253 -3.426182270 -0.999108016 0.020021250 -0.037179485 111.470230103
-0.035860050 0.014080471 0.999257624 30.928949356 0.023779590 0.999629676 -0.013232341 -3.457358122 -0.999073923 0.023287417 -0.036181591 111.440574646
-0.035530876 0.011122613 0.999306679 31.760898590 0.024977596 0.999635518 -0.010238180 -3.484706879 -0.999056399 0.024596507 -0.035795737 111.413299561
-0.035719730 0.011764812 0.999292612 32.583694458 0.023815041 0.999656677 -0.010917832 -3.510075808 -0.999077976 0.023408208 -0.035987645 111.390045166
-0.036851227 0.012662450 0.999240518 33.406002045 0.020932451 0.999709964 -0.011896429 -3.534931421 -0.999101520 0.020478154 -0.037105601 111.369758606
-0.038775411 0.012781435 0.999166191 34.224544525 0.018880377 0.999749005 -0.012056187 -3.559773445 -0.999069512 0.018397147 -0.039006997 111.344871521
-0.041031711 0.012811985 0.999075711 35.037525177 0.018532077 0.999755561 -0.012059596 -3.584357023 -0.998985887 0.018020123 -0.041259106 111.317230225
-0.043263011 0.013163423 0.998977005 35.851745605 0.017395379 0.999771535 -0.012420546 -3.610460281 -0.998912275 0.016840231 -0.043482102 111.289085388
-0.045527294 0.013308525 0.998874366 36.660705566 0.015487761 0.999800563 -0.012614952 -3.637014389 -0.998842955 0.014896004 -0.045724321 111.260856628
-0.047602583 0.012228791 0.998791635 37.462558746 0.013767003 0.999838114 -0.011585468 -3.663634062 -0.998771489 0.013198867 -0.047763228 111.229255676
-0.049758323 0.011098774 0.998699605 38.259254456 0.014383457 0.999842465 -0.010394849 -3.689837933 -0.998657763 0.013847522 -0.049910124 111.194290161
-0.051766124 0.011241312 0.998596013 39.047084808 0.013984174 0.999846756 -0.010530470 -3.714248419 -0.998561382 0.013419418 -0.051915389 111.160324097
-0.053714629 0.012269829 0.998480856 39.829017639 0.013785247 0.999838352 -0.011544910 -3.737424374 -0.998461187 0.013144173 -0.053875100 111.125022888
-0.054649811 0.012504698 0.998427272 40.606136322 0.014504036 0.999826014 -0.011728323 -3.760757446 -0.998400271 0.013840272 -0.054821678 111.084320068
-0.055850536 0.011337595 0.998374641 41.381500244 0.016614933 0.999807715 -0.010424402 -3.786124229 -0.998300910 0.016005723 -0.056028165 111.041618347
-0.057291683 0.010695407 0.998300195 42.148483276 0.016934784 0.999809146 -0.009739700 -3.810403109 -0.998213828 0.016347995 -0.057461873 110.999633789
-0.058661401 0.010277187 0.998225033 42.913818359 0.015679106 0.999833167 -0.009372348 -3.833139420 -0.998154759 0.015101483 -0.058812737 110.961738586
-0.059901502 0.009327062 0.998160720 43.666954041 0.013925979 0.999866843 -0.008507282 -3.855132341 -0.998107135 0.013390766 -0.060023405 110.923240662
-0.060664725 0.008140162 0.998125017 44.399368286 0.012990911 0.999888480 -0.007364971 -3.876883984 -0.998073578 0.012519762 -0.060763713 110.883407593
-0.061348777 0.007920819 0.998084962 45.113136292 0.013328868 0.999885857 -0.007115833 -3.898630857 -0.998027384 0.012866795 -0.061447348 110.843086243
-0.061547950 0.010381787 0.998050153 45.816104889 0.013427780 0.999864042 -0.009572588 -3.922370672 -0.998013735 0.012812425 -0.061678987 110.803627014
-0.061488476 0.013245136 0.998020053 46.511894226 0.014090599 0.999823809 -0.012400948 -3.945076942 -0.998008311 0.013300183 -0.061664276 110.761688232
-0.061575014 0.014893630 0.997991383 47.208667755 0.012315988 0.999823928 -0.014161092 -3.967185974 -0.998026490 0.011419279 -0.061747603 110.724197388
-0.061546423 0.015817787 0.997978926 47.898834229 0.013340070 0.999798119 -0.015023926 -3.990802288 -0.998014987 0.012388438 -0.061745018 110.682151794
-0.061551083 0.015703471 0.997980416 48.593688965 0.014480898 0.999784946 -0.014838750 -4.013389587 -0.997998893 0.013538312 -0.061765261 110.641441345
-0.061867483 0.015307245 0.997967124 49.285499573 0.015431901 0.999777496 -0.014378339 -4.035716057 -0.997965038 0.014510974 -0.062089946 110.601417542
-0.062274314 0.015428782 0.997939885 49.967601776 0.011827309 0.999821723 -0.014719819 -4.057527542 -0.997988999 0.010886277 -0.062445696 110.568229675
-0.062025953 0.015869893 0.997948349 50.646457672 0.010088434 0.999832392 -0.015272825 -4.080031395 -0.998023689 0.009120424 -0.062175654 110.533561707
-0.061830495 0.014722141 0.997978091 51.325630188 0.012365616 0.999825716 -0.013983276 -4.101880074 -0.998010039 0.011476021 -0.062001765 110.491470337
-0.062824994 0.014228310 0.997923076 52.000583649 0.012780535 0.999827743 -0.013450860 -4.121790886 -0.997942746 0.011908942 -0.062996015 110.450752258
-0.066324010 0.013548800 0.997706175 52.667388916 0.009606178 0.999870062 -0.012939598 -4.147140980 -0.997751892 0.008725937 -0.066445529 110.412162781
-0.071660519 0.013116305 0.997342885 53.338127136 0.005882747 0.999901593 -0.012727273 -4.169657707 -0.997411728 0.004955072 -0.071730614 110.374031067
-0.077470243 0.017086845 0.996848226 53.999507904 0.009688916 0.999818742 -0.016384788 -4.191095352 -0.996947527 0.008389043 -0.077621765 110.319786072
-0.083987013 0.019923953 0.996267557 54.663806915 0.012032433 0.999747396 -0.018979196 -4.211419582 -0.996394217 0.010393519 -0.084205531 110.258460999
-0.091153130 0.021602189 0.995602489 55.333694458 0.011309844 0.999722600 -0.020656105 -4.233366966 -0.995772719 0.009377239 -0.091372170 110.197387695
-0.097411878 0.020862594 0.995025516 56.007751465 0.007826841 0.999765396 -0.020195743 -4.256868362 -0.995213449 0.005820600 -0.097552329 110.137939453
-0.102916203 0.019670060 0.994495451 56.686382294 0.007328598 0.999792337 -0.019016417 -4.280708790 -0.994663179 0.005331160 -0.103038959 110.072517395
-0.107532591 0.020234987 0.993995667 57.377895355 0.005038732 0.999791145 -0.019807866 -4.303925991 -0.994188786 0.002878486 -0.107612096 110.002868652
-0.111690715 0.019522041 0.993551254 58.075431824 0.002744182 0.999809325 -0.019336516 -4.326411247 -0.993739307 0.000566775 -0.111722983 109.932556152
-0.114206128 0.016441494 0.993320942 58.781745911 0.003347541 0.999863744 -0.016164906 -4.346222878 -0.993451357 0.001479051 -0.114245601 109.853210449
-0.115968965 0.013381423 0.993162692 59.488609314 0.005239925 0.999903500 -0.012860396 -4.368708134 -0.993239164 0.003712692 -0.116027884 109.771736145
-0.117568038 0.010556538 0.993008733 60.205951691 0.004819760 0.999937713 -0.010059560 -4.391628265 -0.993053138 0.003603381 -0.117611609 109.692054749
-0.118883699 0.010297122 0.992854774 60.930797577 0.003875522 0.999943376 -0.009906588 -4.408364296 -0.992900670 0.002670099 -0.118916869 109.612266541
-0.119415574 0.014074225 0.992744625 61.658798218 0.005686463 0.999892831 -0.013491551 -4.427598476 -0.992828190 0.004034105 -0.119482823 109.527137756
-0.119466357 0.018105876 0.992673159 62.387195587 0.011573932 0.999791145 -0.016842799 -4.450638771 -0.992770791 0.009476983 -0.119650945 109.432830811
-0.119985342 0.023133317 0.992506146 63.125072479 0.018957052 0.999599516 -0.021006906 -4.475056648 -0.992594659 0.016294468 -0.120375842 109.334915161
-0.120621368 0.024320660 0.992400646 63.868667603 0.019640105 0.999562621 -0.022109019 -4.498056889 -0.992504358 0.016824033 -0.121046253 109.244888306
-0.121072799 0.021963866 0.992400527 64.620048523 0.017581392 0.999645710 -0.019979285 -4.524402142 -0.992487907 0.015028841 -0.121416062 109.160560608
-0.120939858 0.017114483 0.992512286 65.371696472 0.017915830 0.999726117 -0.015055791 -4.550436497 -0.992498100 0.015960842 -0.121213362 109.072814941
-0.121010907 0.015127907 0.992535830 66.113708496 0.020204501 0.999714255 -0.012773966 -4.576777935 -0.992445469 0.018507905 -0.121281989 108.980941772
-0.121943064 0.014775786 0.992427111 66.854614258 0.020407818 0.999715149 -0.012376714 -4.601382256 -0.992327273 0.018744018 -0.122209869 108.891723633
-0.123549856 0.015717786 0.992213905 67.595626831 0.018934535 0.999729872 -0.013479130 -4.625049114 -0.992157698 0.017121766 -0.123814076 108.803779602
-0.125730276 0.016209295 0.991932034 68.337974548 0.017828476 0.999741971 -0.014077106 -4.649646759 -0.991904259 0.015914721 -0.125986814 108.714599609
-0.127853781 0.016385002 0.991657674 69.077575684 0.019135218 0.999718189 -0.014051093 -4.674101353 -0.991608441 0.017179098 -0.128131270 108.620391846
-0.129506156 0.016491305 0.991441488 69.817199707 0.019581709 0.999709249 -0.014070984 -4.697862148 -0.991385162 0.017591842 -0.129791453 108.521179199
-0.131539106 0.016164593 0.991179228 70.567443848 0.019179359 0.999721408 -0.013758614 -4.720491409 -0.991125345 0.017200386 -0.131812528 108.425239563
-0.133141562 0.016506482 0.990959585 71.321151733 0.017441766 0.999745488 -0.014309421 -4.742896080 -0.990943551 0.015378907 -0.133395582 108.331207275
-0.134111255 0.018042773 0.990801990 72.072624207 0.017677663 0.999718726 -0.015812363 -4.767246723 -0.990808666 0.015394448 -0.134392485 108.230484009
-0.134855792 0.018054621 0.990700722 72.827163696 0.015799360 0.999745965 -0.016068831 -4.797544479 -0.990739286 0.013485463 -0.135106832 108.130630493
-0.136229202 0.018276183 0.990508735 73.592315674 0.014912385 0.999754310 -0.016395809 -4.821504116 -0.990565181 0.012537261 -0.136468276 108.031990051
-0.137237445 0.016680064 0.990397692 74.365242004 0.016037188 0.999764442 -0.014615575 -4.843112946 -0.990408361 0.013877392 -0.137472630 107.926887512
-0.138272703 0.014278737 0.990291178 75.146392822 0.013523979 0.999830067 -0.012527943 -4.865592003 -0.990301847 0.011660407 -0.138442293 107.824645996
-0.140083998 0.012161404 0.990064919 75.933479309 0.010622293 0.999885499 -0.010779088 -4.886634350 -0.990082622 0.009006782 -0.140197143 107.722122192
-0.142279834 0.011679814 0.989757478 76.726188660 0.012031291 0.999876916 -0.010069706 -4.907254219 -0.989753366 0.010475344 -0.142402858 107.614326477
-0.144101113 0.012283382 0.989486754 77.513488770 0.013130402 0.999858677 -0.010499929 -4.929253101 -0.989475846 0.011479308 -0.144241989 107.500740051
-0.146424651 0.013572386 0.989128768 78.315628052 0.012558727 0.999850810 -0.011860391 -4.949244499 -0.989142120 0.010685543 -0.146573231 107.389068604
-0.147941172 0.017236535 0.988845944 79.120201111 0.014328741 0.999780536 -0.015283413 -4.971153259 -0.988892317 0.011907873 -0.148155630 107.272315979
-0.148337469 0.021142276 0.988710761 79.921539307 0.016168011 0.999689698 -0.018951340 -4.996496201 -0.988804638 0.013174289 -0.148633257 107.151306152
-0.149478436 0.025132328 0.988445461 80.738021851 0.017342327 0.999589920 -0.022793075 -5.022819519 -0.988612890 0.013734869 -0.149852931 107.030654907
-0.149041682 0.026324090 0.988480389 81.555801392 0.019611377 0.999527633 -0.023661314 -5.050539970 -0.988636434 0.015858937 -0.149487510 106.906486511
-0.148587018 0.025785215 0.988563120 82.382446289 0.023593819 0.999467850 -0.022523351 -5.081160545 -0.988617837 0.019977305 -0.149116322 106.777984619
-0.148600325 0.023810830 0.988610625 83.224136353 0.024122575 0.999499857 -0.020447176 -5.112165451 -0.988603055 0.020809378 -0.149100393 106.656890869
-0.147875085 0.022361368 0.988753200 84.063591003 0.023532532 0.999540865 -0.019085877 -5.138301849 -0.988726020 0.020445544 -0.148333386 106.537521362
-0.146141365 0.019847233 0.989064634 84.911117554 0.022422178 0.999608338 -0.016745774 -5.168219566 -0.989009559 0.019729732 -0.146529108 106.418815613
-0.144558132 0.016703134 0.989355385 85.762680054 0.023162344 0.999640644 -0.013492451 -5.193809509 -0.989225090 0.020965340 -0.144893065 106.299369812
-0.143032759 0.013424335 0.989626944 86.621948242 0.023698503 0.999667764 -0.010135352 -5.217353821 -0.989434123 0.022002984 -0.143303379 106.181739807
-0.141256884 0.013108883 0.989886105 87.461730957 0.021814389 0.999710679 -0.010126075 -5.245069027 -0.989732742 0.020163385 -0.141501993 106.064628601
-0.139905676 0.017414821 0.990011692 88.314613342 0.023141645 0.999629736 -0.014313696 -5.271312237 -0.989894450 0.020907933 -0.140256897 105.950302124
-0.137916610 0.023754563 0.990158916 89.166610718 0.024034599 0.999498129 -0.020630904 -5.297740936 -0.990152180 0.020952728 -0.138418376 105.833312988
-0.136439055 0.027308343 0.990271926 90.015815735 0.022555910 0.999446452 -0.024453603 -5.326921463 -0.990391672 0.019000059 -0.136979476 105.721076965
-0.135017544 0.024712373 0.990534961 90.878929138 0.021182535 0.999532402 -0.022049505 -5.359356403 -0.990616798 0.018004969 -0.135477856 105.612297058
