1.000000000 0.000000000 0.000000000 0.000000000 0.000000000 1.000000000 0.000000000 0.000000000 0.000000000 0.000000000 1.000000000 0.000000000
0.999997437 -0.001404376 -0.001791499 0.000704421 0.001403971 0.999998987 -0.000227098 -0.015442914 0.001791816 0.000224583 0.999998391 0.559772253
0.999993742 -0.002050753 -0.002880917 -0.005125065 0.002045230 0.999996066 -0.001918544 -0.026377000 0.002884840 0.001912640 0.999994040 1.125396371
0.999985635 -0.002373884 -0.004809472 -0.010849858 0.002358152 0.999991834 -0.003273982 -0.039192248 0.004817204 0.003262594 0.999983072 1.685392380
0.999967158 -0.004452454 -0.006791986 -0.014722924 0.004418430 0.999977648 -0.005016266 -0.050225761 0.006814169 0.004986091 0.999964356 2.244185686
0.999940872 -0.006869068 -0.008421303 -0.019148704 0.006809794 0.999951959 -0.007047029 -0.060861595 0.008469303 0.006989266 0.999939620 2.810246468
0.999917984 -0.008115344 -0.009902382 -0.025639560 0.008038798 0.999937654 -0.007745374 -0.072433054 0.009964622 0.007665136 0.999920905 3.383383751
0.999901354 -0.008342855 -0.011297871 -0.035515942 0.008263279 0.999940813 -0.007071909 -0.086114794 0.011356203 0.006977854 0.999911129 3.966654301
0.999884129 -0.008670104 -0.012510633 -0.045347381 0.008577410 0.999935448 -0.007443937 -0.101090640 0.012574365 0.007335765 0.999893963 4.555708885
0.999873877 -0.008098135 -0.013663015 -0.057160188 0.007960103 0.999916971 -0.010126742 -0.118041545 0.013743890 0.010016704 0.999855399 5.151860237
0.999866486 -0.006431359 -0.015022212 -0.070998654 0.006221225 0.999882758 -0.013993224 -0.132800192 0.015110444 0.013897900 0.999789298 5.756308556
0.999852359 -0.005078110 -0.016416617 -0.084864095 0.004786888 0.999831259 -0.017730296 -0.146106750 0.016503885 0.017649094 0.999708056 6.374274254
0.999840856 -0.003310770 -0.017534599 -0.103818066 0.003000085 0.999838591 -0.017714988 -0.159175605 0.017590418 0.017659562 0.999689341 6.991795063
0.999827206 -0.000773101 -0.018572988 -0.125138164 0.000571481 0.999940872 -0.010858404 -0.171508074 0.018580284 0.010845916 0.999768555 7.632622719
0.999812841 0.000154464 -0.019346267 -0.144116998 -0.000162734 0.999999881 -0.000425877 -0.183299527 0.019346198 0.000428947 0.999812841 8.301092148
0.999797404 0.001410467 -0.020082075 -0.165634096 -0.001282037 0.999978662 0.006406658 -0.200505912 0.020090684 -0.006379613 0.999777853 8.979104042
0.999766886 0.003518027 -0.021301346 -0.186734885 -0.003400440 0.999978721 0.005553847 -0.216131181 0.021320429 -0.005480117 0.999757707 9.652974129
0.999741614 0.005689717 -0.022006694 -0.212356478 -0.005728336 0.999982178 -0.001692228 -0.222843051 0.021996673 0.001817852 0.999756396 10.341411591
0.999716938 0.005330756 -0.023183329 -0.233113810 -0.005510844 0.999955118 -0.007711058 -0.223833010 0.023141185 0.007836635 0.999701440 11.051027298
0.999698818 0.003241501 -0.024321806 -0.252397567 -0.003392969 0.999975085 -0.006188979 -0.226348415 0.024301140 0.006269638 0.999685049 11.783236504
0.999691546 0.002379269 -0.024721067 -0.272656590 -0.002301598 0.999992251 0.003169873 -0.236785859 0.024728419 -0.003111997 0.999689341 12.537999153
0.999681830 0.002063683 -0.025136810 -0.296736956 -0.001796400 0.999941587 0.010651070 -0.243389770 0.025157325 -0.010602525 0.999627233 13.318974495
0.999672413 0.001111468 -0.025569621 -0.321041554 -0.000776515 0.999913752 0.013105866 -0.246184990 0.025581988 -0.013081716 0.999587059 14.102670670
0.999666750 -0.000835860 -0.025801243 -0.341242641 0.001148126 0.999926269 0.012090332 -0.246245459 0.025789231 -0.012115926 0.999593973 14.904432297
0.999679804 -0.001181034 -0.025276816 -0.367065251 0.001423708 0.999953091 0.009584809 -0.244945079 0.025264306 -0.009617730 0.999634504 15.725045204
0.999695897 0.001475392 -0.024616994 -0.396821439 -0.001321722 0.999979556 0.006257540 -0.247114450 0.024625724 -0.006223102 0.999677300 16.560043335
0.999722958 -0.001674414 -0.023478247 -0.420174301 0.001693416 0.999998271 0.000789513 -0.254387230 0.023476884 -0.000829053 0.999724030 17.408292770
0.999732494 -0.004487838 -0.022688285 -0.441020548 0.004363423 0.999975204 -0.005530201 -0.265596837 0.022712540 0.005429723 0.999727309 18.277933121
0.999766290 -0.003352801 -0.021358671 -0.468312204 0.003119958 0.999935448 -0.010925566 -0.277022362 0.021393921 0.010856371 0.999712110 19.165849686
0.999761939 -0.002189374 -0.021708440 -0.486247152 0.001933921 0.999928653 -0.011781486 -0.293199420 0.021732694 0.011736698 0.999695063 20.070432663
0.999759257 -0.002052261 -0.021848107 -0.511495173 0.001809070 0.999936223 -0.011144954 -0.315368503 0.021869587 0.011102744 0.999699235 20.997171402
0.999758959 -0.000585128 -0.021945722 -0.537603557 0.000311503 0.999922156 -0.012469596 -0.339240611 0.021951314 0.012459753 0.999681473 21.934724808
0.999756038 0.002310914 -0.021962818 -0.564324617 -0.002631287 0.999890387 -0.014569360 -0.361361682 0.021926744 0.014623599 0.999652624 22.886098862
0.999739468 0.005900396 -0.022047834 -0.596090674 -0.006240849 0.999861836 -0.015404777 -0.384685159 0.021953894 0.015538361 0.999638200 23.853130341
0.999727786 0.007575898 -0.022067519 -0.623669863 -0.007914211 0.999851882 -0.015284031 -0.413805753 0.021948462 0.015454519 0.999639571 24.827316284
0.999720156 0.008274651 -0.022162750 -0.652977586 -0.008616585 0.999844670 -0.015377540 -0.442255735 0.022032062 0.015564206 0.999636114 25.812862396
0.999715030 0.008180834 -0.022427410 -0.677244186 -0.008526779 0.999845386 -0.015373128 -0.468632311 0.022298174 0.015559980 0.999630272 26.806821823
0.999698997 0.009021197 -0.022815071 -0.704802930 -0.009347962 0.999854565 -0.014256385 -0.496919423 0.022683142 0.014465366 0.999638021 27.811407089
0.999677777 0.009609778 -0.023500022 -0.727884352 -0.009903106 0.999874055 -0.012397647 -0.524066627 0.023377923 0.012626372 0.999646962 28.819770813
0.999668002 0.009868165 -0.023801927 -0.756190598 -0.010135325 0.999886692 -0.011129898 -0.553507984 0.023689400 0.011367442 0.999654651 29.833444595
0.999669313 0.009677101 -0.023827299 -0.786876798 -0.009967584 0.999877095 -0.012102752 -0.582125545 0.023707248 0.012336249 0.999642789 30.854303360
0.999647856 0.010951001 -0.024171511 -0.819619715 -0.011270237 0.999850452 -0.013110593 -0.609172344 0.024024328 0.013378394 0.999621868 31.876600266
0.999645531 0.010501218 -0.024464872 -0.850518286 -0.010799362 0.999868572 -0.012086537 -0.637080014 0.024334734 0.012346458 0.999627650 32.917984009
0.999639571 0.009706937 -0.025033101 -0.879140735 -0.009945363 0.999906063 -0.009417552 -0.662925005 0.024939341 0.009663121 0.999642253 33.965148926
0.999623537 0.009998982 -0.025546746 -0.909518778 -0.010146241 0.999932528 -0.005641184 -0.689489663 0.025488619 0.005898265 0.999657631 35.025810242
0.999609888 0.009994671 -0.026076317 -0.943386555 -0.010083653 0.999943793 -0.003283190 -0.712816954 0.026042035 0.003544855 0.999654531 36.087779999
0.999600768 0.009894686 -0.026465679 -0.977898240 -0.009971230 0.999946475 -0.002761812 -0.733151019 0.026436936 0.003024605 0.999645829 37.155860901
0.999590874 0.009388600 -0.027018357 -1.011954546 -0.009507258 0.999945700 -0.004266672 -0.752113223 0.026976833 0.004521796 0.999625802 38.230182648
0.999568045 0.009805292 -0.027702935 -1.048165679 -0.009942184 0.999939024 -0.004808059 -0.771792293 0.027654104 0.005081411 0.999604642 39.309787750
0.999554634 0.009409090 -0.028316626 -1.084256649 -0.009514239 0.999948382 -0.003580965 -0.793124676 0.028281469 0.003848781 0.999592662 40.390068054
0.999531448 0.009421429 -0.029122764 -1.119679093 -0.009468419 0.999954104 -0.001476052 -0.815990627 0.029107520 0.001751106 0.999574780 41.478034973
0.999518573 0.009563386 -0.029515335 -1.161047339 -0.009536730 0.999954045 0.001043721 -0.837006032 0.029523958 -0.000761739 0.999563754 42.560512543
0.999498069 0.010759075 -0.029794360 -1.202443719 -0.010734511 0.999941826 0.000984299 -0.859905243 0.029803222 -0.000663977 0.999555588 43.640884399
0.999477208 0.011966249 -0.030034022 -1.243657231 -0.012055962 0.999923408 -0.002807769 -0.881303430 0.029998124 0.003168391 0.999544978 44.718826294
0.999461830 0.013283920 -0.029993035 -1.285037398 -0.013492978 0.999885976 -0.006778583 -0.904139817 0.029899571 0.007179632 0.999527037 45.798698425
0.999459445 0.013584861 -0.029940566 -1.323745489 -0.013803138 0.999879539 -0.007095722 -0.927927494 0.029840566 0.007505159 0.999526441 46.885147095
0.999458790 0.013860092 -0.029837850 -1.360926032 -0.013994004 0.999892831 -0.004283845 -0.953977525 0.029775284 0.004699077 0.999545574 47.971706390
0.999457717 0.014464468 -0.029582102 -1.399909973 -0.014534407 0.999891996 -0.002150668 -0.977780282 0.029547799 0.002579460 0.999559999 49.059970856
0.999483466 0.012695767 -0.029523760 -1.435550332 -0.012728524 0.999918580 -0.000921842 -0.998119593 0.029509651 0.001297160 0.999563575 50.142734528
0.999496460 0.012602401 -0.029120721 -1.473410368 -0.012661176 0.999918163 -0.001834707 -1.020242810 0.029095218 0.002202486 0.999574244 51.230953217
0.999517798 0.011879843 -0.028685654 -1.510520697 -0.011988427 0.999921620 -0.003616333 -1.040943503 0.028640445 0.003958485 0.999581933 52.311767578
0.999523580 0.011860038 -0.028495312 -1.545053840 -0.012029768 0.999910891 -0.005792381 -1.064294696 0.028424075 0.006132414 0.999577165 53.399604797
0.999544978 0.010852873 -0.028140923 -1.583243012 -0.011089340 0.999904394 -0.008260508 -1.092138052 0.028048581 0.008568814 0.999569833 54.476154327
0.999567032 0.009147785 -0.027963147 -1.616721988 -0.009476110 0.999887526 -0.011631494 -1.121760130 0.027853593 0.011891440 0.999541283 55.554485321
0.999591410 0.007379268 -0.027614448 -1.650735140 -0.007748681 0.999881744 -0.013294549 -1.152992725 0.027513074 0.013503094 0.999530256 56.636810303
0.999604225 0.005810463 -0.027524495 -1.681899309 -0.006114290 0.999921143 -0.010967145 -1.185136318 0.027458603 0.011131097 0.999560952 57.724971771
0.999621153 0.004543624 -0.027149005 -1.715881228 -0.004682916 0.999976218 -0.005069263 -1.213768601 0.027125319 0.005194480 0.999618590 58.814697266
0.999633014 0.003303294 -0.026888298 -1.747580528 -0.003278701 0.999994159 0.000958672 -1.237550497 0.026891304 -0.000870161 0.999637902 59.910297394
0.999639809 0.001477947 -0.026799552 -1.777982473 -0.001433524 0.999997556 0.001676719 -1.258453369 0.026801962 -0.001637697 0.999639332 61.000717163
0.999644279 -0.001830276 -0.026604347 -1.806842327 0.001795836 0.999997437 -0.001318356 -1.277632952 0.026606696 0.001270110 0.999645174 62.092617035
0.999639094 -0.003194550 -0.026671607 -1.837635159 0.003074345 0.999984860 -0.004546629 -1.297711372 0.026685730 0.004462990 0.999633849 63.182765961
0.999641955 -0.001058605 -0.026741901 -1.876037240 0.000831533 0.999963522 -0.008500923 -1.325823784 0.026749920 0.008475643 0.999606371 64.280883789
0.999649823 -0.000954304 -0.026446298 -1.912007213 0.000617865 0.999918818 -0.012726841 -1.354144454 0.026456289 0.012706045 0.999569297 65.365966797
0.999664664 0.002165122 -0.025804646 -1.948813081 -0.002511876 0.999906898 -0.013412825 -1.382042050 0.025773207 0.013473145 0.999577045 66.458442688
0.999670625 0.006130881 -0.024921214 -1.988565922 -0.006375361 0.999932230 -0.009742542 -1.413182735 0.024859795 0.009898212 0.999642074 67.557815552
0.999664485 0.007525365 -0.024784924 -2.024108887 -0.007717031 0.999940932 -0.007646633 -1.442534685 0.024725920 0.007835332 0.999663651 68.655548096
0.999665916 0.007106540 -0.024849690 -2.056232452 -0.007281798 0.999949217 -0.006969312 -1.467774391 0.024798909 0.007147935 0.999666929 69.751655579
0.999677896 0.005476713 -0.024779726 -2.087045908 -0.005630739 0.999965310 -0.006150287 -1.494885564 0.024745181 0.006287835 0.999674082 70.849060059
0.999673784 0.004401722 -0.025158003 -2.117194891 -0.004522474 0.999978542 -0.004744834 -1.521089077 0.025136577 0.004857062 0.999672234 71.952331543
0.999672830 0.002820234 -0.025418909 -2.147453547 -0.002888819 0.999992371 -0.002661863 -1.545332432 0.025411204 0.002734422 0.999673426 73.048942566
0.999662280 0.001765254 -0.025928099 -2.180345297 -0.001790945 0.999997973 -0.000967694 -1.571297765 0.025926337 0.001013803 0.999663413 74.145317078
0.999646068 0.000958612 -0.026583601 -2.210891724 -0.001019933 0.999996781 -0.002293259 -1.594932795 0.026581317 0.002319560 0.999643981 75.236328125
0.999629200 0.001219908 -0.027203567 -2.243775368 -0.001386870 0.999980390 -0.006119463 -1.619303584 0.027195569 0.006154923 0.999611199 76.323310852
0.999609292 0.001816734 -0.027891686 -2.278911352 -0.002043314 0.999965131 -0.008097232 -1.646681309 0.027876006 0.008151060 0.999578178 77.403312683
0.999583781 0.003715989 -0.028610138 -2.315353632 -0.003901236 0.999971688 -0.006421740 -1.673979759 0.028585467 0.006530681 0.999570012 78.488075256
0.999564528 0.004728657 -0.029124349 -2.354076147 -0.004792338 0.999986291 -0.002117122 -1.699927926 0.029113933 0.002255774 0.999573469 79.571487427
0.999538958 0.006254476 -0.029709436 -2.393117905 -0.006200664 0.999979019 0.001903062 -1.723579884 0.029720712 -0.001717966 0.999556720 80.654006958
0.999526143 0.007077942 -0.029956309 -2.435366869 -0.007002273 0.999972045 0.002630160 -1.744755745 0.029974084 -0.002419152 0.999547660 81.718299866
0.999507308 0.006852935 -0.030628793 -2.473548651 -0.006840951 0.999976516 0.000496022 -1.762669683 0.030631468 -0.000286247 0.999530673 82.784172058
0.999492407 0.006645423 -0.031156773 -2.511085749 -0.006657280 0.999977887 -0.000276850 -1.781996846 0.031154240 0.000484129 0.999514461 83.839851379
0.999480426 0.005982359 -0.031675864 -2.549135208 -0.005999292 0.999981821 -0.000439460 -1.804147124 0.031672668 0.000629265 0.999498010 84.882278442
0.999464154 0.004789254 -0.032382678 -2.586494207 -0.004795403 0.999988437 -0.000112205 -1.826771140 0.032381773 0.000267433 0.999475479 85.916221619
0.999449551 0.003484227 -0.032994598 -2.622637272 -0.003444053 0.999993265 0.001274367 -1.847041011 0.032998811 -0.001160030 0.999454677 86.933937073
0.999429286 0.003464118 -0.033602055 -2.660376310 -0.003327135 0.999985933 0.004131686 -1.869786263 0.033615895 -0.004017530 0.999426723 87.933647156
0.999401569 0.002425456 -0.034505904 -2.697853804 -0.002253301 0.999984801 0.005027169 -1.890005708 0.034517571 -0.004946408 0.999391794 88.912864685
0.999327242 0.001412894 -0.036648564 -2.736042976 -0.001217176 0.999984860 0.005362175 -1.908847928 0.036655586 -0.005313960 0.999313772 89.870300293
0.999202132 0.000523739 -0.039935596 -2.776775837 -0.000345615 0.999990106 0.004467038 -1.927454710 0.039937545 -0.004449671 0.999192297 90.802650452
0.999062240 0.000333720 -0.043297522 -2.820735455 -0.000176388 0.999993443 0.003637495 -1.946287870 0.043298461 -0.003626445 0.999055684 91.714637756
0.998924494 0.000050621 -0.046367060 -2.866854906 0.000131110 0.999992371 0.003916332 -1.963776112 0.046366908 -0.003918198 0.998916864 92.601203918
0.998772323 0.000973077 -0.049526792 -2.913775921 -0.000725833 0.999987185 0.005009867 -1.980661869 0.049531031 -0.004967768 0.998760223 93.465179443
0.998619616 0.001955402 -0.052488260 -2.965744495 -0.001633411 0.999979615 0.006176733 -1.999198198 0.052499261 -0.006082472 0.998602450 94.297752380
0.998456836 0.003056222 -0.055448983 -3.019115210 -0.002632634 0.999966741 0.007710680 -2.014511824 0.055470709 -0.007552804 0.998431742 95.120895386
0.998297036 0.004580989 -0.058155045 -3.072845221 -0.004094522 0.999955654 0.008481420 -2.028368711 0.058191329 -0.008228859 0.998271525 95.919410706
0.998135924 0.006559351 -0.060676292 -3.127778530 -0.006025790 0.999941587 0.008972376 -2.043144703 0.060731612 -0.008590027 0.998117149 96.682258606
0.997956395 0.008364604 -0.063346684 -3.182430267 -0.007882038 0.999938071 0.007863960 -2.059240341 0.063408539 -0.007348591 0.997960567 97.411666870
0.997785687 0.009541320 -0.065823324 -3.236942530 -0.009286163 0.999948144 0.004181260 -2.075520992 0.065859802 -0.003560755 0.997822523 98.112907410
0.997588933 0.011934343 -0.068366677 -3.291072130 -0.011925071 0.999928772 0.000543772 -2.090252399 0.068368286 0.000272817 0.997660041 98.781120300
0.997426927 0.013693947 -0.070371255 -3.344820976 -0.013874222 0.999901593 -0.002073579 -2.104325533 0.070335917 0.003044589 0.997518718 99.416748047
0.997340977 0.015677512 -0.071172148 -3.396236181 -0.015934788 0.999868393 -0.003048430 -2.118390560 0.071114995 0.004174438 0.997459412 100.028106689
0.997365892 0.017994402 -0.070267677 -3.444837332 -0.018219426 0.999830782 -0.002562704 -2.134820938 0.070209667 0.003836190 0.997524977 100.616508484
0.997499466 0.021859165 -0.067209437 -3.492318153 -0.021975504 0.999758124 -0.000992057 -2.150378466 0.067171477 0.002466538 0.997738421 101.180496216
0.997801960 0.024441561 -0.061593935 -3.531309605 -0.024452595 0.999700844 0.000574697 -2.166218519 0.061589547 0.000932698 0.998101115 101.715888977
0.998216867 0.025201276 -0.054111384 -3.559601784 -0.025100162 0.999681771 0.002547578 -2.178923607 0.054158360 -0.001184830 0.998531759 102.230972290
0.998703241 0.025042655 -0.044325389 -3.579165697 -0.024843261 0.999678612 0.005043463 -2.189296722 0.044437438 -0.003935737 0.999004424 102.726943970
0.999173880 0.024548976 -0.032390699 -3.590401411 -0.024356388 0.999683261 0.006327026 -2.201108932 0.032535762 -0.005532879 0.999455273 103.201957703
0.999539852 0.023646040 -0.019002814 -3.592488766 -0.023526305 0.999702096 0.006499766 -2.212244511 0.019150849 -0.006049710 0.999798298 103.647071838
0.999719679 0.023374660 -0.003782619 -3.586445570 -0.023352675 0.999710739 0.005754693 -2.223764420 0.003916040 -0.005664746 0.999976277 104.077774048
0.999657571 0.021930424 0.014280006 -3.568914413 -0.021973468 0.999754369 0.002864373 -2.236800909 -0.014213681 -0.003177173 0.999893963 104.497711182
0.999151587 0.021256706 0.035274651 -3.536430597 -0.021213220 0.999773562 -0.001606649 -2.248631716 -0.035300810 0.000856997 0.999376357 104.906539917
0.998028934 0.019122092 0.059771109 -3.495048046 -0.018786250 0.999804437 -0.006175845 -2.260111809 -0.059877526 0.005040799 0.998193026 105.305290222
0.996055067 0.016702533 0.087151632 -3.440148354 -0.015999194 0.999833584 -0.008762687 -2.271727085 -0.087283492 0.007333763 0.996156633 105.698814392
0.993026674 0.014055797 0.117048830 -3.369723320 -0.012978644 0.999866128 -0.009959769 -2.282049179 -0.117173173 0.008371182 0.993076265 106.086570740
0.988558412 0.011678616 0.150385350 -3.302123070 -0.010043908 0.999881923 -0.011625134 -2.296168804 -0.150503367 0.009981669 0.988559186 106.449378967
0.982431591 0.009264190 0.186393142 -3.207311630 -0.006940827 0.999889851 -0.013113616 -2.308621168 -0.186494112 0.011589510 0.982387781 106.815345764
0.974262893 0.005861043 0.225338414 -3.101181030 -0.002934002 0.999906898 -0.013322234 -2.323688507 -0.225395545 0.012318217 0.974189460 107.171714783
0.963979900 0.003236088 0.265955418 -2.994916916 0.000423571 0.999906182 -0.013701909 -2.344581366 -0.265974849 0.013321016 0.963887930 107.499916077
0.951364994 0.004305220 0.308035821 -2.863843918 0.000256283 0.999890983 -0.014766363 -2.357141495 -0.308065861 0.014127145 0.951260149 107.836456299
0.935691059 0.006295717 0.352764219 -2.721698761 -0.001060775 0.999886513 -0.015031130 -2.372331381 -0.352818847 0.013690290 0.935591578 108.160469055
0.917639196 0.006102582 0.397367775 -2.556797028 -0.000759825 0.999907255 -0.013601431 -2.385043621 -0.397413969 0.012179275 0.917558670 108.470245361
0.896967173 0.005163411 0.442067027 -2.376827240 0.000283591 0.999924839 -0.012254693 -2.397137165 -0.442097127 0.011117423 0.896898329 108.770339966
0.873406947 0.003922116 0.486975282 -2.178657532 0.002654854 0.999914289 -0.012814919 -2.408323288 -0.486983836 0.012485486 0.873321712 109.061698914
0.847614944 0.004294445 0.530594468 -1.970542908 0.004187739 0.999881923 -0.014782526 -2.422349453 -0.530595362 0.014751879 0.847496808 109.341186523
0.819344819 0.006443895 0.573264897 -1.749698639 0.004840851 0.999823391 -0.018157545 -2.435220242 -0.573280692 0.017652377 0.819168866 109.610229492
0.787861109 0.011580792 0.615744233 -1.515388489 0.003091094 0.999736249 -0.022757970 -2.443927050 -0.615845382 0.019833438 0.787617266 109.879302979
0.753893852 0.017691493 0.656758070 -1.272132874 -0.000334799 0.999647617 -0.026543800 -2.454789162 -0.656996131 0.019791324 0.753633976 110.112167358
0.717269778 0.025269253 0.696337163 -1.007617950 -0.002829079 0.999439597 -0.033354349 -2.433772326 -0.696789861 0.021954076 0.716939211 110.324447632
0.677438200 0.025759600 0.735128582 -0.715545654 -0.000500131 0.999402583 -0.034559127 -2.444264650 -0.735579550 0.023044014 0.677046239 110.550476074
0.635767579 0.023440249 0.771524549 -0.404964447 0.003824728 0.999430835 -0.033516165 -2.453861475 -0.771871150 0.024259359 0.635316074 110.758651733
0.591026604 0.021075936 0.806376755 -0.083576202 0.006118917 0.999512792 -0.030608647 -2.464074373 -0.806629002 0.023024675 0.590609491 110.956680298
0.545491278 0.019477976 0.837890148 0.237377167 0.007002494 0.999589086 -0.027795738 -2.479551792 -0.838087261 0.021029653 0.545130730 111.111083984
0.497196168 0.016983114 0.867471933 0.590747833 0.009299665 0.999646544 -0.024900950 -2.488528013 -0.867588401 0.020447856 0.496862471 111.275665283
0.446470380 0.013208328 0.894700944 0.948860168 0.011383970 0.999726236 -0.020439593 -2.507518768 -0.894726157 0.019310918 0.446197689 111.410400391
0.394590735 0.013331277 0.918760240 1.318775177 0.009167578 0.999787807 -0.018444305 -2.522299290 -0.918811262 0.015700758 0.394384801 111.538063049
0.343245775 0.017867740 0.939075649 1.698795319 0.005998390 0.999756873 -0.021214820 -2.538954020 -0.939226389 0.012914840 0.343055129 111.650413513
0.292733669 0.023122976 0.955914438 2.097518921 0.005765642 0.999646664 -0.025946470 -2.547387123 -0.956176579 0.013106866 0.292496860 111.743026733
0.246172741 0.024945080 0.968904912 2.504474640 0.007211699 0.999593854 -0.027567489 -2.564579487 -0.969199121 0.013773815 0.245892867 111.812355042
0.204517215 0.024626691 0.978553057 2.934432983 0.014687494 0.999493659 -0.028223373 -2.579061747 -0.978752673 0.020144660 0.204052001 111.873306274
0.169477507 0.024437070 0.985230982 3.388565063 0.022310963 0.999341190 -0.028624933 -2.593509674 -0.985281467 0.026832731 0.168820590 111.917778015
0.138622388 0.026043581 0.990002751 3.854006767 0.027163347 0.999178171 -0.030088421 -2.598345280 -0.989972651 0.031062722 0.137801006 111.966751099
0.110540673 0.024670934 0.993565321 4.337183952 0.025675764 0.999287307 -0.027669610 -2.611502171 -0.993539810 0.028569167 0.109828442 112.012039185
0.084556505 0.021220837 0.996192694 4.839584351 0.019322164 0.999550223 -0.022932421 -2.622664452 -0.996231258 0.021187682 0.084108427 112.063323975
0.061024155 0.016958725 0.997992218 5.311087608 0.013659930 0.999747753 -0.017823817 -2.646025658 -0.998042822 0.014720187 0.060777120 112.077728271
0.038492087 0.014469305 0.999154150 5.840553284 0.018235026 0.999718487 -0.015179973 -2.665356636 -0.999092579 0.018803911 0.038217403 112.083717346
0.018484026 0.015036752 0.999716163 6.388204575 0.025959419 0.999542534 -0.015514111 -2.686027050 -0.999492109 0.026238812 0.018085226 112.074417114
0.000717764 0.017454330 0.999847412 6.956986427 0.030713962 0.999375582 -0.017468141 -2.702250957 -0.999527872 0.030721817 0.000181224 112.067131042
-0.013804723 0.023017559 0.999639809 7.540662766 0.031266842 0.999256074 -0.022576937 -2.710345745 -0.999415696 0.030943913 -0.014514138 112.057548523
-0.024780039 0.027788322 0.999306619 8.142366409 0.029022776 0.999212265 -0.027066015 -2.719773054 -0.999271512 0.028331960 -0.025567008 112.046386719
-0.031174829 0.027461598 0.999136627 8.768626213 0.031044360 0.999166727 -0.026493791 -2.738176823 -0.999031723 0.030191615 -0.032001384 112.023231506
-0.033864163 0.024407547 0.999128401 9.417402267 0.037266657 0.999037206 -0.023142222 -2.758761644 -0.998731434 0.036450479 -0.034741148 111.993148804
-0.033378236 0.022777798 0.999183178 10.083731651 0.039126478 0.999003649 -0.021466665 -2.778123617 -0.998676658 0.038378004 -0.034236200 111.971313477
-0.031611495 0.022364695 0.999249995 10.766020775 0.037669007 0.999066174 -0.021168908 -2.800089836 -0.998790145 0.036971577 -0.032424428 111.957809448
-0.030296775 0.022775859 0.999281466 11.463588715 0.034131158 0.999180973 -0.021738762 -2.820894003 -0.998957992 0.033448018 -0.031049334 111.948677063
-0.029379442 0.023975777 0.999280751 12.183085442 0.032941975 0.999192536 -0.023005147 -2.841729403 -0.999025345 0.032242399 -0.030145526 111.937927246
-0.028289886 0.024749462 0.999293327 12.907794952 0.032736592 0.999180138 -0.023819888 -2.865976572 -0.999063551 0.032039594 -0.029076904 111.918739319
-0.027571118 0.024337173 0.999323547 13.654135704 0.032450009 0.999198496 -0.023438836 -2.889928341 -0.999092937 0.031781826 -0.028338758 111.903350830
-0.026955463 0.022946149 0.999373257 14.414115906 0.031366847 0.999263644 -0.022097591 -2.915968895 -0.999144316 0.030751536 -0.027655359 111.888549805
-0.026616437 0.021809392 0.999407768 15.182490349 0.032090243 0.999265373 -0.020951649 -2.939867020 -0.999130428 0.031513575 -0.027296750 111.871276855
-0.027366605 0.019699419 0.999431312 15.967563629 0.032661568 0.999289632 -0.018802280 -2.964089870 -0.999091685 0.032128438 -0.027990578 111.854019165
-0.028533632 0.017888481 0.999432743 16.759235382 0.030286716 0.999396265 -0.017023150 -2.991492271 -0.999133885 0.029783800 -0.029058188 111.837921143
-0.029626749 0.016814711 0.999419510 17.557096481 0.029483885 0.999437988 -0.015941003 -3.015949726 -0.999126077 0.028994484 -0.030105865 111.818511963
-0.030802229 0.014380435 0.999422014 18.365207672 0.031981647 0.999398708 -0.013394423 -3.037188053 -0.999013662 0.031550586 -0.031243619 111.791885376
-0.032134917 0.012783669 0.999401808 19.184612274 0.033252951 0.999378204 -0.011714149 -3.059708118 -0.998930216 0.032856625 -0.032540031 111.768592834
-0.033984885 0.011803462 0.999352515 20.011394501 0.030320613 0.999482095 -0.010773879 -3.086790085 -0.998962283 0.029934838 -0.034325171 111.749916077
-0.034931131 0.016697437 0.999250233 20.828544617 0.027910328 0.999486744 -0.015725717 -3.104864359 -0.998999894 0.027340084 -0.035379235 111.726745605
-0.035647940 0.021349724 0.999136329 21.661623001 0.029123846 0.999369323 -0.020315601 -3.129032135 -0.998939872 0.028374480 -0.036247242 111.698341370
-0.036880910 0.022853879 0.999058306 22.499986649 0.029347906 0.999332070 -0.021776741 -3.157258511 -0.998888552 0.028517123 -0.037526995 111.671745300
-0.038419947 0.020664006 0.999047995 23.343574524 0.025861336 0.999471843 -0.019678231 -3.185822487 -0.998926997 0.025080679 -0.038934052 111.649299622
-0.039665088 0.016449321 0.999077618 24.198686600 0.022849943 0.999617875 -0.015551037 -3.214562654 -0.998951793 0.022212032 -0.040025800 111.627891541
-0.039966933 0.011114489 0.999139190 25.056379318 0.021186456 0.999722719 -0.010273496 -3.243815422 -0.998976350 0.020757616 -0.040191330 111.600944519
-0.040521655 0.005460862 0.999163747 25.913553238 0.017203551 0.999840498 -0.004766862 -3.264032841 -0.999030530 0.016996002 -0.040609136 111.580360413
-0.040491186 0.004219655 0.999170959 26.758998871 0.014603509 0.999886692 -0.003630874 -3.287271976 -0.999073088 0.014444384 -0.040548217 111.555747986
-0.039863467 0.010957900 0.999144971 27.606990814 0.017079921 0.999801219 -0.010283651 -3.317382097 -0.999059141 0.016655382 -0.040042698 111.530624390
-0.038826138 0.022220030 0.998998821 28.435173035 0.019475941 0.999579608 -0.021476015 -3.340890169 -0.999056160 0.018622613 -0.039242569 111.498710632
-0.038392968 0.027509684 0.998883963 29.269222260 0.021555666 0.999411047 -0.026695691 -3.363713503 -0.999030113 0.020506682 -0.038963348 111.470947266
-0.036944691 0.021991888 0.999075294 30.103826523 0.023484863 0.999500811 -0.021132816 -3.395836830 -0.999041319 0.022682400 -0.037442725 111.439437866
-0.036137201 0.014273716 0.999244809 30.947568893 0.026368409 0.999563456 -0.013324669 -3.427177906 -0.998998880 0.025866980 -0.036497802 111.410766602
-0.035908476 0.011355696 0.999290526 31.781070709 0.027482729 0.999568522 -0.010371295 -3.453915596 -0.998977125 0.027090810 -0.036205065 111.384506226
-0.036060773 0.012005256 0.999277413 32.603607178 0.026289949 0.999593318 -0.011060324 -3.478850842 -0.999003708 0.025872115 -0.036361717 111.360328674
-0.037245952 0.012952032 0.999222219 33.426910400 0.023408329 0.999652982 -0.012085070 -3.503520489 -0.999031901 0.022940001 -0.037536208 111.340774536
-0.039221905 0.013042595 0.999145329 34.245738983 0.021231011 0.999699950 -0.012216400 -3.528949499 -0.999004960 0.020733716 -0.039487038 111.316467285
-0.041463766 0.013035898 0.999054968 35.058891296 0.020934178 0.999706626 -0.012175573 -3.554024458 -0.998920679 0.020409547 -0.041724492 111.288345337
-0.043663256 0.013247416 0.998958468 35.874042511 0.019488510 0.999733031 -0.012405870 -3.581181526 -0.998856127 0.018926535 -0.043909777 111.260215759
-0.045893416 0.013750672 0.998851717 36.682918549 0.017987119 0.999754429 -0.012936663 -3.604179382 -0.998784304 0.017372759 -0.046129484 111.232040405
-0.048117116 0.012785708 0.998759866 37.486240387 0.016111871 0.999797881 -0.012022777 -3.628332376 -0.998711765 0.015513388 -0.048313394 111.202636719
-0.050459746 0.011621838 0.998658478 38.283958435 0.016643034 0.999803245 -0.010794230 -3.654583454 -0.998587430 0.016076034 -0.050643239 111.171195984
-0.052410670 0.011769235 0.998556197 39.070602417 0.016429033 0.999805450 -0.010921653 -3.679870605 -0.998490453 0.015832905 -0.052593824 111.134887695
-0.054226607 0.012690181 0.998447955 39.848190308 0.016418345 0.999795377 -0.011815610 -3.704584837 -0.998393595 0.015752146 -0.054423846 111.095443726
-0.055070858 0.012880113 0.998399436 40.629371643 0.017125534 0.999781907 -0.011953319 -3.728328466 -0.998335600 0.016439842 -0.055279426 111.054649353
-0.056269113 0.011790180 0.998346031 41.406272888 0.019280683 0.999756634 -0.010720137 -3.752621889 -0.998229444 0.018645581 -0.056482740 111.011634827
-0.057768818 0.011132563 0.998267889 42.175609589 0.019656330 0.999756634 -0.010011674 -3.777353764 -0.998136401 0.019043922 -0.057973582 110.970260620
-0.059141509 0.010789272 0.998191297 42.938678741 0.018440014 0.999782801 -0.009713929 -3.799396515 -0.998079300 0.017832162 -0.059327614 110.931686401
-0.060443815 0.009888695 0.998122633 43.690700531 0.016921706 0.999817371 -0.008880748 -3.822614670 -0.998028159 0.016353147 -0.060600109 110.892860413
-0.061219376 0.008694297 0.998086452 44.425193787 0.015990086 0.999842227 -0.007728811 -3.843492031 -0.997996271 0.015486332 -0.061348747 110.852989197
-0.061846513 0.008435216 0.998049974 45.138992310 0.016332377 0.999838889 -0.007438261 -3.865964890 -0.997952044 0.015840493 -0.061974313 110.811943054
-0.062016338 0.011009444 0.998014331 45.840755463 0.016674791 0.999811172 -0.009993096 -3.888404846 -0.997935832 0.016021948 -0.062188204 110.771469116
-0.062107150 0.013782443 0.997974277 46.536334991 0.016869802 0.999776363 -0.012757469 -3.911399841 -0.997926950 0.016043298 -0.062325768 110.730941772
-0.062216230 0.015403016 0.997943819 47.228973389 0.015257733 0.999778748 -0.014480105 -3.934547901 -0.997946084 0.014325465 -0.062437478 110.693092346
-0.062260497 0.016282428 0.997927129 47.922904968 0.016003534 0.999754667 -0.015313789 -3.958377361 -0.997931600 0.015016918 -0.062505804 110.651840210
-0.062165465 0.016145971 0.997935236 48.608238220 0.017373070 0.999735117 -0.015092855 -3.981522560 -0.997914612 0.016398944 -0.062429506 110.608840942
-0.062311884 0.015704185 0.997933149 49.291473389 0.018301668 0.999726057 -0.014589624 -4.004881859 -0.997888923 0.017354738 -0.062582232 110.565238953
-0.062690139 0.015818371 0.997907698 49.973834991 0.014597274 0.999781966 -0.014931054 -4.026483536 -0.997926295 0.013630705 -0.062907383 110.531394958
-0.062528804 0.016011350 0.997914672 50.651969910 0.012368194 0.999807000 -0.015266722 -4.051743984 -0.997966647 0.011387795 -0.062714763 110.497558594
-0.062322546 0.014890762 0.997944951 51.325595856 0.014894085 0.999791145 -0.013988163 -4.073001862 -0.997945070 0.013991696 -0.062531315 110.453712463
-0.063324407 0.014566295 0.997886717 52.003192902 0.015925493 0.999780893 -0.013583340 -4.091143608 -0.997865975 0.015031680 -0.063542500 110.411544800
-0.066947654 0.013834628 0.997660518 52.679397583 0.012311927 0.999839127 -0.013038653 -4.116080761 -0.997680545 0.011410214 -0.067107223 110.375053406
-0.072334468 0.013054073 0.997295141 53.353412628 0.008267168 0.999887764 -0.012488391 -4.144145489 -0.997346163 0.007341464 -0.072434269 110.336708069
-0.078068033 0.017049989 0.996802211 54.012619019 0.011925664 0.999798179 -0.016167231 -4.164701939 -0.996876657 0.010625384 -0.078255616 110.280952454
-0.084504291 0.020021405 0.996221960 54.673599243 0.014389028 0.999718368 -0.018871129 -4.183871269 -0.996319234 0.012739973 -0.084768586 110.218460083
-0.091826446 0.021661140 0.995539427 55.346572876 0.013701806 0.999696195 -0.020487756 -4.206439972 -0.995680749 0.011759372 -0.092095315 110.158363342
-0.098056100 0.020864071 0.994962215 56.023185730 0.010082628 0.999749660 -0.019970795 -4.229940891 -0.995129824 0.008073576 -0.098241918 110.097389221
-0.103469618 0.019649202 0.994438589 56.703235626 0.009628427 0.999777734 -0.018752880 -4.254334450 -0.994585991 0.007634528 -0.103635810 110.029029846
-0.107931770 0.020345388 0.993950248 57.390274048 0.007467997 0.999778926 -0.019653764 -4.276214123 -0.994130254 0.005301551 -0.108059846 109.956832886
-0.111862354 0.019694848 0.993528605 58.086612701 0.005389882 0.999800920 -0.019212339 -4.298414230 -0.993709147 0.003205864 -0.111946203 109.882751465
-0.114562824 0.016525518 0.993278623 58.792480469 0.005938374 0.999855161 -0.015950019 -4.319008827 -0.993398249 0.004071180 -0.114644341 109.804870605
-0.116242170 0.013388490 0.993130684 59.500453949 0.007983427 0.999889374 -0.012545177 -4.342247009 -0.993188739 0.006470309 -0.116336197 109.722000122
-0.117830597 0.010612655 0.992977083 60.217369080 0.007686862 0.999922752 -0.009774735 -4.364685535 -0.993003845 0.006481116 -0.117903061 109.641761780
-0.119129486 0.010373593 0.992824674 60.938213348 0.006670548 0.999931216 -0.009647446 -4.381169796 -0.992856264 0.005473388 -0.119190499 109.562377930
-0.119670436 0.014167378 0.992712498 61.662246704 0.008415411 0.999876678 -0.013255154 -4.399281502 -0.992778003 0.006767835 -0.119774900 109.477516174
-0.119836494 0.018332308 0.992624342 62.394001007 0.014246936 0.999758244 -0.016744077 -4.420233250 -0.992691457 0.012135305 -0.120068721 109.384376526
-0.120381400 0.023310047 0.992453992 63.134304047 0.021825818 0.999544859 -0.020829193 -4.444577694 -0.992487788 0.019153675 -0.120835349 109.285736084
-0.120950162 0.024529038 0.992355466 63.873851776 0.022337787 0.999508679 -0.021983279 -4.467246056 -0.992407143 0.019508138 -0.121438682 109.194435120
-0.121300630 0.022310356 0.992365003 64.625411987 0.020440310 0.999591470 -0.019974323 -4.492753983 -0.992405295 0.017861351 -0.121707119 109.108924866
-0.121056736 0.017372029 0.992493629 65.375350952 0.020802982 0.999671638 -0.014960283 -4.519851208 -0.992427528 0.018835779 -0.121378399 109.019363403
-0.121182293 0.015340466 0.992511749 66.114372253 0.023042597 0.999654531 -0.012637444 -4.547422409 -0.992362797 0.021338616 -0.121493921 108.928176880
-0.122127973 0.015000576 0.992401063 66.857742310 0.023258643 0.999654472 -0.012247931 -4.572286129 -0.992241800 0.021586088 -0.122434661 108.837852478
-0.123869628 0.015768528 0.992173195 67.590538025 0.021886684 0.999673903 -0.013155254 -4.596877575 -0.992057145 0.020085845 -0.124174342 108.753158569
-0.125881404 0.016434319 0.991909087 68.332817078 0.021193614 0.999679148 -0.013873408 -4.618950844 -0.991818905 0.019275736 -0.126189291 108.660720825
-0.127839252 0.016688425 0.991654456 69.071968079 0.022668077 0.999646425 -0.013900659 -4.643274784 -0.991535902 0.020701852 -0.128172323 108.563163757
-0.129501298 0.016777996 0.991437316 69.811080933 0.022797143 0.999642849 -0.013939100 -4.666885376 -0.991317153 0.020796800 -0.129837587 108.464012146
-0.131416947 0.016466999 0.991190434 70.556968689 0.022469074 0.999654651 -0.013628557 -4.688875198 -0.991072536 0.020480108 -0.131741598 108.366104126
-0.133259133 0.016732289 0.990939915 71.322402954 0.020406324 0.999691844 -0.014135875 -4.711589813 -0.990871131 0.018337704 -0.133559525 108.275878906
-0.134271249 0.018242255 0.990776718 72.072540283 0.020657498 0.999664783 -0.015606376 -4.736689568 -0.990729272 0.018371481 -0.134603068 108.175315857
-0.135055140 0.018746398 0.990660727 72.830619812 0.019849336 0.999671698 -0.016210888 -4.756462097 -0.990639269 0.017474592 -0.135382876 108.076774597
-0.136438996 0.018949796 0.990467191 73.597251892 0.018994428 0.999683321 -0.016509596 -4.780538559 -0.990466356 0.016560806 -0.136755720 107.977951050
-0.137378126 0.017294571 0.990367711 74.368141174 0.019940926 0.999693274 -0.014691334 -4.804823875 -0.990318000 0.017730577 -0.137680784 107.871688843
-0.138394997 0.014822016 0.990266323 75.151168823 0.017510382 0.999768317 -0.012517073 -4.829041481 -0.990222216 0.015607642 -0.138622507 107.768653870
-0.140244693 0.012701711 0.990035474 75.938529968 0.014374701 0.999838471 -0.010791212 -4.850028992 -0.990012467 0.012718055 -0.140404612 107.666748047
-0.142392531 0.012220956 0.989734828 76.728240967 0.015876627 0.999823332 -0.010061364 -4.870588303 -0.989682853 0.014280991 -0.142561421 107.557556152
-0.144238651 0.012906515 0.989458680 77.524765015 0.016944103 0.999800563 -0.010571382 -4.890560627 -0.989397764 0.015240686 -0.144428536 107.444343567
-0.146533236 0.014239987 0.989103258 78.326126099 0.016497618 0.999792576 -0.011949799 -4.910080910 -0.989068091 0.014566798 -0.146737725 107.332321167
-0.148038834 0.017800419 0.988821268 79.126922607 0.018029781 0.999720395 -0.015297338 -4.932730198 -0.988817155 0.015563633 -0.148318335 107.215377808
-0.148489147 0.021759147 0.988674641 79.931709290 0.020012820 0.999619305 -0.018994294 -4.958491325 -0.988711536 0.016965717 -0.148868069 107.095314026
-0.149691194 0.025779508 0.988396704 80.752906799 0.021184510 0.999514222 -0.022861116 -4.984396458 -0.988505900 0.017516594 -0.150164589 106.976318359
-0.149324164 0.027071716 0.988417625 81.572578430 0.023614172 0.999437809 -0.023806058 -5.010601521 -0.988506258 0.019785848 -0.149879456 106.853439331
-0.148967132 0.026506273 0.988486826 82.402587891 0.027454900 0.999366164 -0.022660488 -5.041906834 -0.988460958 0.023763143 -0.149600431 106.727439880
-0.148944899 0.024547411 0.988540709 83.242134094 0.028022913 0.999395072 -0.020594694 -5.072804451 -0.988448322 0.024634318 -0.149542660 106.605529785
-0.148221388 0.023051655 0.988685429 84.078941345 0.027421121 0.999439716 -0.019191485 -5.099668026 -0.988574028 0.024266277 -0.148770392 106.485671997
-0.146451503 0.020560151 0.989004195 84.927230835 0.026067365 0.999517024 -0.016918652 -5.128892899 -0.988874316 0.023302967 -0.146916687 106.366973877
-0.144894466 0.017415099 0.989293814 85.778388977 0.026828077 0.999546647 -0.013666276 -5.154902458 -0.989083350 0.024560682 -0.145295992 106.247779846
-0.143286660 0.014123123 0.989580452 86.636230469 0.027368780 0.999572277 -0.010302855 -5.178719521 -0.989302754 0.025607346 -0.143611893 106.128517151
-0.141608194 0.013792629 0.989826620 87.478004456 0.025404520 0.999624252 -0.010294690 -5.206579208 -0.989596665 0.023688262 -0.141905382 106.012336731
-0.140237257 0.018059602 0.989953160 88.332565308 0.026687946 0.999539316 -0.014453851 -5.233211994 -0.989758134 0.024392853 -0.140654624 105.897689819
-0.138251185 0.024496129 0.990094125 89.182174683 0.027815089 0.999395788 -0.020842321 -5.258994579 -0.990006506 0.024658084 -0.138848990 105.780708313
-0.136831105 0.028006315 0.990198374 90.034286499 0.025645036 0.999365389 -0.024721820 -5.286539078 -0.990262330 0.022010962 -0.137462497 105.670257568
-0.135428071 0.025358094 0.990462542 90.893585205 0.024229135 0.999458313 -0.022275504 -5.319482803 -0.990490794 0.020981329 -0.135969117 105.561149597
