1.000000000 0.000000000 0.000000000 0.000000000 0.000000000 1.000000000 0.000000000 0.000000000 0.000000000 0.000000000 1.000000000 0.000000000
0.999998212 0.000662501 0.001728153 -0.010963291 -0.000661848 0.999999642 -0.000378783 -0.031944629 -0.001728404 0.000377638 0.999998450 1.196524024
0.999999404 0.000594123 0.000915760 0.031264111 -0.000594312 0.999999821 0.000205978 -0.055664383 -0.000915637 -0.000206523 0.999999583 1.626168489
0.999999762 -0.000541919 -0.000117029 0.057816181 0.000541980 0.999999642 0.000514168 -0.072651520 0.000116750 -0.000514231 0.999999881 2.232800961
0.999999344 -0.000851167 0.000778356 0.053838730 0.000850718 0.999999464 0.000576951 -0.093279220 -0.000778847 -0.000576288 0.999999523 3.435700178
0.999997795 -0.001113205 0.001786217 0.049502701 0.001112055 0.999999166 0.000644496 -0.113332309 -0.001786933 -0.000642508 0.999998212 4.635106564
0.999996245 -0.000718283 0.002612199 0.046082187 0.000718905 0.999999642 -0.000237365 -0.135625631 -0.002612028 0.000239243 0.999996603 5.831858635
0.999994099 -0.001148120 0.003242832 0.045927927 0.001149718 0.999999225 -0.000490783 -0.157937199 -0.003242266 0.000494508 0.999994636 7.034911633
0.999993145 -0.001602761 0.003357127 0.043475099 0.001599260 0.999998152 0.001045080 -0.178537294 -0.003358796 -0.001039704 0.999993801 8.230464935
0.999995291 -0.002190927 0.002157354 0.040343046 0.002186946 0.999995887 0.001845700 -0.196951061 -0.002161390 -0.001840973 0.999995887 9.433037758
0.999994755 -0.003256104 -0.000207467 0.037029225 0.003256391 0.999993742 0.001397223 -0.217538834 0.000202917 -0.001397891 0.999998927 10.634037971
0.999993503 -0.002877740 -0.002208580 0.028501250 0.002879364 0.999995589 0.000732306 -0.234662384 0.002206463 -0.000738661 0.999997258 11.832690239
0.999990821 -0.002681809 -0.003347483 0.018397208 0.002683645 0.999996245 0.000543951 -0.253719658 0.003346012 -0.000552930 0.999994278 13.036860466
0.999991715 -0.001075566 -0.003921499 0.002192155 0.001076672 0.999999344 0.000280069 -0.273256242 0.003921195 -0.000284289 0.999992311 14.236783028
0.999989450 -0.001411973 -0.004365090 -0.009639010 0.001413720 0.999998927 0.000397198 -0.293856323 0.004364525 -0.000403365 0.999990404 15.437249184
0.999986231 -0.001955475 -0.004838987 -0.021106627 0.001959358 0.999997675 0.000797717 -0.313350499 0.004837417 -0.000807188 0.999988019 16.639879227
0.999983191 -0.002278136 -0.005335399 -0.032610126 0.002283329 0.999996841 0.000967365 -0.333428472 0.005333179 -0.000979531 0.999985218 17.838401794
0.999979675 -0.002009925 -0.006046018 -0.045545593 0.002010010 0.999997914 0.000007940 -0.354197413 0.006045989 -0.000020092 0.999981642 19.036659241
0.999975443 -0.002374405 -0.006580596 -0.059544012 0.002368574 0.999996781 -0.000893605 -0.373624116 0.006582698 0.000877996 0.999977946 20.237825394
0.999972403 -0.001472776 -0.007271754 -0.076630726 0.001470497 0.999998927 -0.000318600 -0.395024538 0.007272216 0.000307898 0.999973536 21.440584183
0.999966204 -0.001606063 -0.008062385 -0.090634435 0.001601892 0.999998510 -0.000523770 -0.416493446 0.008063216 0.000510837 0.999967277 22.640928268
0.999959230 -0.001715948 -0.008866446 -0.107425600 0.001704839 0.999997735 -0.001260306 -0.438433290 0.008868590 0.001245139 0.999959826 23.847064972
0.999951482 -0.001344041 -0.009750694 -0.124218822 0.001338016 0.999998927 -0.000624293 -0.458998203 0.009751519 0.000611216 0.999952257 25.047086716
0.999941289 -0.002623316 -0.010514546 -0.140669703 0.002635449 0.999995947 0.001140198 -0.480077028 0.010511511 -0.001167841 0.999944091 26.253355026
0.999929905 -0.003059703 -0.011440139 -0.158394992 0.003071802 0.999994755 0.001040136 -0.498790681 0.011436896 -0.001075205 0.999934018 27.451219559
0.999919891 -0.003613087 -0.012130163 -0.179315448 0.003614113 0.999993443 0.000062728 -0.518232107 0.012129856 -0.000106563 0.999926448 28.649580002
0.999907434 -0.003976205 -0.013006836 -0.201809138 0.003961549 0.999991417 -0.001152408 -0.536959410 0.013011307 0.001100774 0.999914765 29.843761444
0.999899149 -0.003413070 -0.013785372 -0.222402349 0.003398200 0.999993563 -0.001101997 -0.559155524 0.013789043 0.001055040 0.999904454 31.045684814
0.999888480 -0.004153071 -0.014346204 -0.245012417 0.004145169 0.999991238 -0.000580613 -0.580852509 0.014348489 0.000521080 0.999896944 32.250331879
0.999876976 -0.004442780 -0.015048976 -0.267730653 0.004437896 0.999990165 -0.000357949 -0.602475703 0.015050417 0.000291119 0.999886751 33.453571320
0.999866068 -0.004990814 -0.015590472 -0.289778590 0.004985053 0.999987543 -0.000408351 -0.624239981 0.015592315 0.000330577 0.999878407 34.655410767
0.999858916 -0.005096311 -0.016006265 -0.314444035 0.005090873 0.999986887 -0.000380465 -0.646954596 0.016007993 0.000298925 0.999871731 35.860691071
0.999854982 -0.005835601 -0.015997797 -0.340327799 0.005839442 0.999982953 0.000193424 -0.667864501 0.015996395 -0.000286814 0.999871969 37.075592041
0.999861479 -0.005384031 -0.015743921 -0.367391050 0.005405786 0.999984503 0.001339635 -0.685893118 0.015736466 -0.001424558 0.999875188 38.285491943
0.999865949 -0.004847133 -0.015635693 -0.393418491 0.004881000 0.999985874 0.002128607 -0.705612481 0.015625155 -0.002204639 0.999875546 39.493240356
0.999873102 -0.004012029 -0.015414299 -0.422195911 0.004036029 0.999990702 0.001526222 -0.722122908 0.015408033 -0.001588241 0.999880075 40.699699402
0.999881566 -0.002838087 -0.015120574 -0.451683372 0.002860961 0.999994814 0.001491359 -0.739917338 0.015116260 -0.001534441 0.999884486 41.896598816
0.999895930 -0.000121479 -0.014423947 -0.478972971 0.000168947 0.999994636 0.003289799 -0.757533610 0.014423468 -0.003291894 0.999890506 43.106578827
0.999919116 -0.000076145 -0.012719152 -0.502708137 0.000156323 0.999980211 0.006302834 -0.773321509 0.012718420 -0.006304313 0.999899209 44.317043304
0.999940872 0.000599723 -0.010860153 -0.524601221 -0.000500181 0.999957860 0.009166175 -0.787328124 0.010865191 -0.009160201 0.999899030 45.526134491
0.999957204 0.001135190 -0.009186214 -0.543651581 -0.001020707 0.999921858 0.012457597 -0.794957459 0.009199637 -0.012447686 0.999880254 46.739318848
0.999969900 0.000624866 -0.007733990 -0.559029400 -0.000518679 0.999905705 0.013724365 -0.801711380 0.007741835 -0.013719941 0.999875963 47.950447083
0.999980152 -0.000951630 -0.006224737 -0.569458604 0.001027826 0.999924362 0.012249047 -0.806649446 0.006212611 -0.012255204 0.999905527 49.156551361
0.999987662 0.000077366 -0.004972194 -0.584581494 -0.000025139 0.999944806 0.010502985 -0.812629938 0.004972733 -0.010502729 0.999932468 50.363716125
0.999991238 0.000509521 -0.004152437 -0.596459568 -0.000467217 0.999947965 0.010182304 -0.821440637 0.004157409 -0.010180274 0.999939561 51.569572449
0.999991417 0.000124169 -0.004140783 -0.605980217 -0.000084215 0.999953389 0.009647854 -0.829413950 0.004141788 -0.009647421 0.999944925 52.777530670
0.999988377 -0.000602047 -0.004782943 -0.618567884 0.000642633 0.999963760 0.008488500 -0.837557316 0.004777658 -0.008491475 0.999952555 53.996517181
0.999979019 -0.000287543 -0.006474055 -0.631697237 0.000345954 0.999959230 0.009022916 -0.848581433 0.006471198 -0.009024968 0.999938309 55.210578918
0.999970376 -0.000210442 -0.007684879 -0.649366498 0.000288657 0.999948144 0.010178071 -0.857684076 0.007682338 -0.010179991 0.999918699 56.427738190
0.999961495 -0.000351923 -0.008763978 -0.665537596 0.000443589 0.999945164 0.010459597 -0.867375433 0.008759815 -0.010463083 0.999906957 57.638221741
0.999951959 0.000603685 -0.009783110 -0.682216644 -0.000502923 0.999946833 0.010298785 -0.878078282 0.009788810 -0.010293371 0.999899030 58.845695496
0.999948502 0.000941527 -0.010105605 -0.704758644 -0.000840232 0.999949396 0.010023183 -0.886033058 0.010114532 -0.010014176 0.999898672 60.058826447
0.999946356 0.000139542 -0.010356412 -0.722112298 -0.000042177 0.999955833 0.009401038 -0.895593047 0.010357269 -0.009400097 0.999902189 61.265895844
0.999944508 -0.000877840 -0.010496319 -0.740882277 0.000966138 0.999964237 0.008410208 -0.905794978 0.010488561 -0.008419883 0.999909520 62.474826813
0.999942183 -0.001122525 -0.010686017 -0.762700200 0.001225304 0.999953032 0.009616389 -0.915768564 0.010674722 -0.009628926 0.999896586 63.677253723
0.999938190 -0.001507892 -0.011012312 -0.779540896 0.001630436 0.999936759 0.011127420 -0.927052796 0.010994839 -0.011144684 0.999877453 64.886543274
0.999937773 -0.000856633 -0.011116699 -0.799774110 0.000960456 0.999955952 0.009337422 -0.935924649 0.011108209 -0.009347518 0.999894619 66.089439392
0.999937952 0.000825392 -0.011102930 -0.821642756 -0.000735397 0.999966860 0.008107166 -0.944302559 0.011109252 -0.008098497 0.999905467 67.290237427
0.999934554 0.003019971 -0.011033720 -0.845012128 -0.002926491 0.999959767 0.008478594 -0.957088113 0.011058881 -0.008445749 0.999903202 68.490989685
0.999929726 0.004793166 -0.010845429 -0.868583441 -0.004699672 0.999951661 0.008629777 -0.968848944 0.010886271 -0.008578200 0.999903977 69.689064026
0.999923587 0.006246465 -0.010668827 -0.889728904 -0.006150083 0.999940217 0.009043074 -0.978858232 0.010724677 -0.008976770 0.999902189 70.877319336
0.999930441 0.006704686 -0.009700889 -0.907841563 -0.006607344 0.999927938 0.010031778 -0.990513086 0.009767449 -0.009966986 0.999902546 72.070213318
0.999935687 0.008382716 -0.007637664 -0.925909400 -0.008299172 0.999906123 0.010905287 -1.002994061 0.007728362 -0.010841200 0.999911368 73.262649536
0.999964535 0.006796090 -0.004975548 -0.937754869 -0.006752032 0.999938369 0.008818749 -1.016780734 0.005035175 -0.008784842 0.999948740 74.447319031
0.999988854 0.004023616 -0.002470540 -0.943299413 -0.004014349 0.999984920 0.003744826 -1.030160189 0.002485570 -0.003734867 0.999989927 75.626907349
0.999987483 0.005014931 0.000050428 -0.949512422 -0.005015069 0.999982178 0.003233321 -1.043953180 -0.000034212 -0.003233534 0.999994755 76.804603577
0.999986291 0.004276810 0.003015473 -0.950942218 -0.004297138 0.999967873 0.006766851 -1.064587116 -0.002986436 -0.006779717 0.999972582 77.988533020
0.999968946 0.004572783 0.006420992 -0.949879885 -0.004624472 0.999956846 0.008058323 -1.078658342 -0.006383866 -0.008087764 0.999946833 79.169120789
0.999931931 0.004905771 0.010590921 -0.945819914 -0.004970873 0.999968886 0.006129448 -1.090175033 -0.010560522 -0.006181675 0.999925137 80.340156555
0.999893725 0.004085335 0.013996454 -0.935257554 -0.004129591 0.999986589 0.003134576 -1.107012510 -0.013983458 -0.003192043 0.999897122 81.510833740
0.999843895 0.002667162 0.017470596 -0.918652177 -0.002663110 0.999996543 -0.000255192 -1.126855135 -0.017471217 0.000208626 0.999847293 82.672607422
0.999778509 0.002125117 0.020939428 -0.899537444 -0.002099592 0.999997020 -0.001240934 -1.149074793 -0.020941999 0.001196695 0.999779999 83.841621399
0.999696553 0.001758093 0.024571855 -0.875107527 -0.001772470 0.999998331 0.000563314 -1.172246933 -0.024570821 -0.000606696 0.999697924 85.004821777
0.999591470 0.002811411 0.028443489 -0.852424622 -0.002841039 0.999995470 0.001001269 -1.193913341 -0.028440537 -0.001081669 0.999595046 86.175460815
0.999475479 0.002308986 0.032302316 -0.822518826 -0.002273876 0.999996841 -0.001123609 -1.216214418 -0.032304801 0.001049569 0.999477565 87.334747314
0.999361873 0.002246031 0.035647735 -0.786887407 -0.002122538 0.999991596 -0.003501727 -1.238019824 -0.035655297 0.003423828 0.999358296 88.492813110
0.999245524 0.002073746 0.038782701 -0.745723486 -0.001928377 0.999991000 -0.003785343 -1.262906671 -0.038790207 0.003707700 0.999240518 89.657508850
0.999131680 0.000663467 0.041658755 -0.701303720 -0.000555914 0.999996543 -0.002593298 -1.286581635 -0.041660327 0.002567887 0.999128580 90.817962646
0.999011874 -0.000100319 0.044442177 -0.653040409 0.000149533 0.999999404 -0.001104057 -1.310005665 -0.044442032 0.001109612 0.999011278 91.981094360
0.998889446 -0.000850302 0.047106996 -0.602437496 0.000821150 0.999999464 0.000638202 -1.330325127 -0.047107510 -0.000598812 0.998889565 93.146720886
0.998769879 -0.002447065 0.049524091 -0.544671535 0.002367660 0.999995828 0.001661979 -1.351252437 -0.049527954 -0.001542678 0.998771489 94.312774658
0.998647451 -0.003487237 0.051875878 -0.495309353 0.003524106 0.999993622 -0.000619246 -1.371881485 -0.051873397 0.000801225 0.998653352 95.466400146
0.998519123 -0.004784652 0.054192662 -0.435771942 0.005020865 0.999978483 -0.004223444 -1.392142892 -0.054171301 0.004489284 0.998521566 96.632377625
0.998405695 -0.004165792 0.056291189 -0.376161575 0.004564368 0.999965489 -0.006953889 -1.418131828 -0.056260280 0.007199735 0.998390198 97.799919128
0.998309672 -0.004163614 0.057968255 -0.309010029 0.004627223 0.999958277 -0.007865708 -1.444513559 -0.057933088 0.008120642 0.998287439 98.977157593
0.998285830 -0.004043384 0.058387816 -0.247069836 0.004477321 0.999963224 -0.007303077 -1.470359087 -0.058356147 0.007551977 0.998267293 100.160591125
0.998326600 -0.003932667 0.057692550 -0.184794426 0.004256292 0.999975860 -0.005487673 -1.497773170 -0.057669576 0.005724045 0.998319328 101.350578308
0.998393178 -0.004355662 0.056497235 -0.128048897 0.004599276 0.999980688 -0.004182668 -1.522539258 -0.056477919 0.004435794 0.998394012 102.538574219
0.998499990 -0.003928047 0.054609343 -0.071226597 0.004114618 0.999986053 -0.003304460 -1.545627475 -0.054595601 0.003524200 0.998502314 103.742317200
0.998629630 -0.003744249 0.052200481 -0.018496513 0.003897011 0.999988437 -0.002824955 -1.568996668 -0.052189298 0.003024510 0.998632610 104.946556091
0.998782873 -0.003237064 0.049216803 0.033455372 0.003382532 0.999990165 -0.002872659 -1.592196822 -0.049207021 0.003035640 0.998784006 106.147529602
0.998963416 -0.001783944 0.045483928 0.080712795 0.001936957 0.999992609 -0.003320251 -1.614840746 -0.045477673 0.003404910 0.998959541 107.362564087
0.999135017 -0.001652923 0.041552979 0.125640392 0.001775531 0.999994218 -0.002913902 -1.637386084 -0.041547917 0.002985160 0.999132156 108.579727173
0.999291658 -0.001058103 0.037617967 0.164785147 0.001134838 0.999997318 -0.002018559 -1.657891512 -0.037615739 0.002059819 0.999290168 109.794097900
0.999442399 -0.000677728 0.033384450 0.199532747 0.000716641 0.999999106 -0.001153649 -1.681757927 -0.033383641 0.001176930 0.999441981 111.014572144
0.999581218 -0.000716037 0.028928310 0.229223013 0.000731488 0.999999583 -0.000523512 -1.704922199 -0.028927928 0.000544454 0.999581337 112.245765686
0.999707103 -0.000114728 0.024202164 0.251976013 0.000125917 0.999999821 -0.000460785 -1.726129174 -0.024202108 0.000463698 0.999706924 113.476928711
0.999816597 0.000634007 0.019148083 0.271930575 -0.000624454 0.999999821 -0.000504871 -1.747372031 -0.019148404 0.000492822 0.999816537 114.703804016
0.999898076 0.001076033 0.014234701 0.284842849 -0.001064001 0.999999046 -0.000852805 -1.768387794 -0.014235608 0.000837572 0.999898314 115.939254761
0.999950707 0.002187916 0.009676957 0.288708329 -0.002174211 0.999996543 -0.001426670 -1.791482806 -0.009680048 0.001405560 0.999952078 117.160766602
0.999972343 0.004131273 0.006179716 0.288912565 -0.004122545 0.999990463 -0.001424453 -1.813398719 -0.006185543 0.001398937 0.999979854 118.402397156
0.999972343 0.006130734 0.004175702 0.284761369 -0.006125363 0.999980330 -0.001297645 -1.837004185 -0.004183575 0.001272031 0.999990404 119.642700195
0.999969661 0.007129180 0.003142471 0.279771864 -0.007124522 0.999973655 -0.001490562 -1.860965848 -0.003153014 0.001468128 0.999993980 120.874084473
0.999954998 0.009227443 0.002217494 0.270953923 -0.009224547 0.999956667 -0.001313406 -1.882671118 -0.002229517 0.001292892 0.999996722 122.118415833
0.999942243 0.010660512 0.001349323 0.262006789 -0.010659904 0.999943137 -0.000456585 -1.904888988 -0.001354113 0.000442175 0.999999046 123.362159729
0.999946117 0.010351252 0.000794403 0.254535884 -0.010351254 0.999946415 0.000000950 -1.927660823 -0.000794351 -0.000009173 0.999999702 124.606666565
0.999899805 0.014154851 -0.000073645 0.242000550 -0.014154679 0.999897838 0.001968961 -1.945441842 0.000101508 -0.001967721 0.999998093 125.859916687
0.999884069 0.015216258 -0.000415076 0.223869115 -0.015213969 0.999871492 0.005049841 -1.959065914 0.000491863 -0.005042941 0.999987185 127.130867004
0.999898672 0.014206111 -0.000822321 0.210716248 -0.014202134 0.999888301 0.004654977 -1.973878622 0.000888359 -0.004642827 0.999988914 128.392745972
0.999898672 0.014166204 -0.001397246 0.204407737 -0.014161640 0.999894440 0.003225312 -1.989410639 0.001442790 -0.003205198 0.999993742 129.638000488
0.999933660 0.011333706 -0.002061228 0.196307749 -0.011324953 0.999926925 0.004210059 -2.004109144 0.002108793 -0.004186436 0.999988973 130.900314331
0.999953210 0.009200736 -0.002972852 0.190494746 -0.009182480 0.999939203 0.006097204 -2.019405842 0.003028770 -0.006069620 0.999976993 132.160842896
0.999977708 0.005853160 -0.003212598 0.184819341 -0.005827416 0.999951303 0.007965116 -2.033160210 0.003259064 -0.007946216 0.999963105 133.427185059
0.999985874 0.004016832 -0.003490520 0.177081048 -0.003985224 0.999951422 0.009015425 -2.045255661 0.003526564 -0.009001384 0.999953270 134.701934814
0.999994516 -0.000259092 -0.003306994 0.173696876 0.000282720 0.999974430 0.007146382 -2.056697369 0.003305058 -0.007147278 0.999969006 135.967132568
0.999990821 -0.002745572 -0.003280694 0.168349624 0.002765780 0.999977112 0.006171040 -2.068187952 0.003263676 -0.006180058 0.999975562 137.240676880
0.999986231 -0.004116446 -0.003254590 0.164507747 0.004135731 0.999973714 0.005940709 -2.082585573 0.003230050 -0.005954088 0.999977052 138.515563965
0.999985695 -0.004508696 -0.002885234 0.157914907 0.004526879 0.999969661 0.006326640 -2.095908880 0.002856622 -0.006339611 0.999975801 139.794967651
0.999989390 -0.003918218 -0.002392443 0.150953948 0.003938198 0.999956906 0.008404168 -2.110139370 0.002359410 -0.008413505 0.999961734 141.080230713
0.999997318 -0.001638347 -0.001588178 0.140009880 0.001654072 0.999949038 0.009950990 -2.122367859 0.001571794 -0.009953592 0.999949157 142.367446899
0.999998271 -0.001513241 -0.001086090 0.132042482 0.001522120 0.999965072 0.008221199 -2.134189606 0.001073611 -0.008222836 0.999965608 143.643463135
0.999999642 -0.000816023 -0.000450015 0.120252162 0.000818840 0.999979973 0.006295864 -2.145223856 0.000444868 -0.006296230 0.999980092 144.937011719
0.999999464 -0.000958600 0.000134036 0.111616865 0.000958072 0.999992013 0.003882935 -2.162244558 -0.000137757 -0.003882805 0.999992371 146.212951660
0.999997556 -0.002129712 0.000462117 0.107445590 0.002129819 0.999997675 -0.000232517 -2.181786537 -0.000461621 0.000233501 0.999999821 147.489746094
0.999997616 -0.001930059 0.001014160 0.099768490 0.001933891 0.999990880 -0.003790909 -2.204035521 -0.001006834 0.003792861 0.999992311 148.768585205
0.999996722 -0.002215968 0.001270799 0.095190316 0.002221899 0.999986529 -0.004684820 -2.231586933 -0.001260401 0.004687629 0.999988258 150.046691895
0.999996185 -0.002440294 0.001229099 0.091390394 0.002445735 0.999987125 -0.004445620 -2.260742664 -0.001218235 0.004448610 0.999989390 151.317474365
0.999997795 -0.001759934 0.001101923 0.086428598 0.001764279 0.999990642 -0.003955119 -2.288735151 -0.001094952 0.003957055 0.999991655 152.591094971
0.999998987 -0.001070333 0.000949166 0.082636930 0.001073099 0.999995172 -0.002918707 -2.316509008 -0.000946037 0.002919723 0.999995291 153.859222412
0.999999642 -0.000594161 0.000721746 0.074201599 0.000595886 0.999997020 -0.002392532 -2.342836142 -0.000720322 0.002392962 0.999996901 155.129058838
0.999999821 -0.000442522 0.000167906 0.069360882 0.000443001 0.999995828 -0.002864451 -2.367571354 -0.000166637 0.002864525 0.999995887 156.412475586
0.999999881 0.000014559 -0.000445642 0.060824759 -0.000015716 0.999996662 -0.002597007 -2.393061399 0.000445603 0.002597014 0.999996603 157.682662964
0.999999225 -0.000402238 -0.001103346 0.053750783 0.000400731 0.999998987 -0.001366108 -2.419101238 0.001103894 0.001365665 0.999998450 158.945098877
0.999998510 0.000543947 -0.001610041 0.042425960 -0.000545658 0.999999225 -0.001061922 -2.443603516 0.001609463 0.001062799 0.999998152 160.219650269
0.999997258 0.000914040 -0.002116545 0.031512439 -0.000918306 0.999997556 -0.002015389 -2.468184471 0.002114698 0.002017327 0.999995649 161.486480713
0.999994993 0.001349489 -0.002844205 0.020243049 -0.001358910 0.999993563 -0.003313028 -2.492250443 0.002839717 0.003316877 0.999990404 162.755798340
0.999991536 0.002242751 -0.003453204 0.007414162 -0.002254406 0.999991775 -0.003374512 -2.516359091 0.003445608 0.003382268 0.999988258 164.021499634
0.999989927 0.001764257 -0.004123846 -0.003342152 -0.001782227 0.999988914 -0.004357716 -2.543056965 0.004116113 0.004365021 0.999981940 165.293563843
0.999986529 0.002178077 -0.004715977 -0.018688440 -0.002203344 0.999983191 -0.005359119 -2.570481062 0.004704224 0.005369439 0.999974549 166.564102173
0.999983132 0.002443365 -0.005270542 -0.033214927 -0.002470247 0.999983907 -0.005099973 -2.598030090 0.005257995 0.005112906 0.999973178 167.837417603
0.999978423 0.002752747 -0.005949919 -0.047189355 -0.002775287 0.999988914 -0.003783185 -2.625432491 0.005939439 0.003799616 0.999975145 169.109893799
0.999973834 0.002843086 -0.006638819 -0.062294364 -0.002865560 0.999990165 -0.003378250 -2.652963161 0.006629149 0.003397186 0.999972284 170.380203247
0.999967098 0.003002697 -0.007554105 -0.071736932 -0.003025440 0.999990940 -0.003000917 -2.680904150 0.007545027 0.003023673 0.999966979 171.658187866
0.999960303 0.003534544 -0.008183547 -0.089931488 -0.003556884 0.999989986 -0.002717007 -2.707262516 0.008173862 0.002746007 0.999962866 172.928176880
0.999954522 0.004070446 -0.008625010 -0.112184882 -0.004102300 0.999984741 -0.003678701 -2.731286526 0.008609904 0.003713916 0.999955952 174.196762085
0.999944270 0.005179830 -0.009197236 -0.131901264 -0.005219485 0.999977112 -0.004292883 -2.756767750 0.009174788 0.004340650 0.999948442 175.469909668
0.999942243 0.005194741 -0.009410559 -0.151608706 -0.005230877 0.999979019 -0.003819616 -2.784924984 0.009390520 0.003868620 0.999948442 176.740432739
0.999941289 0.005000867 -0.009609989 -0.170685530 -0.005048344 0.999975145 -0.004922406 -2.814063787 0.009585132 0.004970632 0.999941766 178.011566162
0.999945641 0.003485370 -0.009820749 -0.186316371 -0.003549999 0.999972105 -0.006571044 -2.842571259 0.009797574 0.006605552 0.999930203 179.278411865
0.999950171 0.000469556 -0.009972926 -0.202089190 -0.000533457 0.999979258 -0.006405664 -2.872345448 0.009969714 0.006410665 0.999929726 180.546875000
0.999946535 0.000896653 -0.010304054 -0.220994949 -0.000925420 0.999995708 -0.002787391 -2.898809910 0.010301513 0.002796777 0.999943018 181.816024780
0.999946892 0.000026223 -0.010307100 -0.238823533 -0.000011216 0.999998927 0.001456054 -2.924952745 0.010307129 -0.001455862 0.999945819 183.083343506
0.999945223 0.001247478 -0.010383520 -0.258913159 -0.001239046 0.999998927 0.000818489 -2.947613478 0.010384529 -0.000805578 0.999945760 184.342880249
0.999944389 0.002752153 -0.010174335 -0.281289220 -0.002776214 0.999993503 -0.002351406 -2.969959259 0.010167795 0.002379522 0.999945462 185.598587036
0.999940455 0.003274766 -0.010402218 -0.302348733 -0.003319403 0.999985337 -0.004276762 -2.995253325 0.010388059 0.004311038 0.999936759 186.851150513
0.999939561 0.003163443 -0.010521701 -0.321491480 -0.003206375 0.999986589 -0.004066037 -3.022868633 0.010508697 0.004099529 0.999936402 188.104797363
0.999941826 0.002950520 -0.010367746 -0.341131449 -0.002980107 0.999991536 -0.002839495 -3.051632881 0.010359282 0.002870227 0.999942243 189.354187012
0.999943852 0.003090957 -0.010133589 -0.360704064 -0.003098021 0.999994993 -0.000681512 -3.078561783 0.010131434 0.000712867 0.999948502 190.605361938
0.999953091 0.002514668 -0.009354644 -0.380551219 -0.002514600 0.999996841 0.000018994 -3.100723267 0.009354665 0.000004530 0.999956250 191.858001709
0.999966085 0.002530317 -0.007836986 -0.399207950 -0.002535060 0.999996603 -0.000595320 -3.125748396 0.007835454 0.000615167 0.999969125 193.097106934
0.999978602 0.001359480 -0.006395037 -0.412965834 -0.001373030 0.999996841 -0.002114924 -3.149415970 0.006392142 0.002123659 0.999977231 194.333877563
0.999985874 0.001006861 -0.005211470 -0.424246013 -0.001025796 0.999992967 -0.003631947 -3.175915956 0.005207775 0.003637241 0.999979794 195.565200806
0.999992967 0.000292525 -0.003778034 -0.434944659 -0.000308543 0.999990880 -0.004239904 -3.203200340 0.003776760 0.004241040 0.999983788 196.793304443
0.999997139 0.000584934 -0.002336781 -0.447057247 -0.000593179 0.999993622 -0.003529366 -3.230917215 0.002334701 0.003530742 0.999991000 198.021163940
0.999999523 0.000047541 -0.000948065 -0.454356492 -0.000049085 0.999998629 -0.001628734 -3.259560585 0.000947987 0.001628780 0.999998152 199.239685059
0.999999523 0.000984798 0.000160057 -0.460588634 -0.000984612 0.999998868 -0.001158276 -3.286927223 -0.000161197 0.001158118 0.999999344 200.452987671
0.999998987 0.000680041 0.001256296 -0.463767767 -0.000678635 0.999999225 -0.001119526 -3.311507463 -0.001257056 0.001118672 0.999998629 201.663269043
0.999996543 0.001161379 0.002352983 -0.469409764 -0.001158897 0.999998748 -0.001055430 -3.334474564 -0.002354206 0.001052699 0.999996662 202.856185913
0.999993443 0.001041161 0.003443304 -0.471409619 -0.001038506 0.999999106 -0.000772567 -3.359812498 -0.003444106 0.000768986 0.999993801 204.048950195
0.999988735 0.001474602 0.004492130 -0.477473080 -0.001469982 0.999998391 -0.001031718 -3.381292582 -0.004493644 0.001025104 0.999989390 205.244552612
0.999984682 0.001309770 0.005366234 -0.478799462 -0.001305248 0.999998748 -0.000846058 -3.407093287 -0.005367336 0.000839041 0.999985218 206.422836304
0.999982119 0.000126912 0.005978804 -0.477294564 -0.000122376 0.999999702 -0.000758885 -3.434445381 -0.005978900 0.000758140 0.999981761 207.587249756
0.999981046 0.000059804 0.006156723 -0.475974083 -0.000059845 1.000000000 0.000006461 -3.458197355 -0.006156723 -0.000006830 0.999980986 208.737213135
0.999982834 -0.000424748 0.005848397 -0.474595785 0.000419140 0.999999464 0.000960012 -3.482656717 -0.005848802 -0.000957544 0.999982357 209.865798950
0.999986589 -0.000211084 0.005185304 -0.474605441 0.000205993 0.999999583 0.000982353 -3.507929325 -0.005185508 -0.000981271 0.999986053 210.980178833
0.999988914 0.000008642 0.004715913 -0.473345637 -0.000008946 1.000000000 0.000064356 -3.532813072 -0.004715913 -0.000064398 0.999988854 212.075271606
0.999990940 0.000416450 0.004240124 -0.475417733 -0.000413797 0.999999702 -0.000626470 -3.559295177 -0.004240382 0.000624709 0.999990821 213.159774780
0.999993563 0.000178353 0.003605782 -0.477034748 -0.000175798 0.999999702 -0.000708984 -3.583480835 -0.003605907 0.000708346 0.999993265 214.235336304
0.999997079 -0.000321301 0.002416252 -0.478772700 0.000322985 0.999999642 -0.000696667 -3.607956648 -0.002416027 0.000697445 0.999996841 215.296508789
0.999999285 -0.001100345 0.000460137 -0.473508000 0.001100257 0.999999404 0.000192140 -3.634793043 -0.000460348 -0.000191634 0.999999881 216.353881836
0.999996662 -0.002096261 -0.001552020 -0.478823304 0.002099155 0.999996185 0.001865238 -3.656225681 0.001548104 -0.001868489 0.999997079 217.394027710
0.999992192 -0.001571749 -0.003603188 -0.490229994 0.001584402 0.999992609 0.003511532 -3.675932407 0.003597642 -0.003517214 0.999987364 218.418533325
0.999981821 -0.001300200 -0.005874781 -0.503518045 0.001321403 0.999992609 0.003606624 -3.696330309 0.005870048 -0.003614321 0.999976277 219.427917480
0.999962032 -0.001032752 -0.008645404 -0.515748024 0.001060340 0.999994397 0.003187081 -3.715375185 0.008642064 -0.003196127 0.999957561 220.420394897
0.999934435 -0.000976293 -0.011409795 -0.532565355 0.001014315 0.999993980 0.003327024 -3.733443022 0.011406478 -0.003338379 0.999929368 221.391387939
0.999898076 -0.000522585 -0.014266849 -0.552084923 0.000579418 0.999991953 0.003979700 -3.754939318 0.014264654 -0.003987560 0.999890327 222.339721680
0.999851882 -0.000244113 -0.017209310 -0.573992729 0.000309297 0.999992788 0.003785155 -3.775684595 0.017208261 -0.003789917 0.999844730 223.262847900
0.999795258 -0.000242237 -0.020233260 -0.598272085 0.000305624 0.999995053 0.003129775 -3.791790247 0.020232402 -0.003135318 0.999790370 224.162704468
0.999727845 -0.000149826 -0.023329504 -0.626412868 0.000205659 0.999997199 0.002390843 -3.808034897 0.023329075 -0.002394990 0.999724984 225.038650513
0.999651253 0.001061117 -0.026387500 -0.655839443 -0.001011683 0.999997795 0.001886669 -3.822994232 0.026389439 -0.001859315 0.999650002 225.893371582
0.999572277 0.001398803 -0.029208418 -0.687758923 -0.001371807 0.999998629 0.000944271 -3.838979959 0.029209698 -0.000903799 0.999572814 226.731964111
0.999500811 0.003223412 -0.031428393 -0.722868919 -0.003197970 0.999994576 0.000859732 -3.856253147 0.031430990 -0.000758796 0.999505639 227.548080444
0.999478161 0.003923410 -0.032060456 -0.755982399 -0.003881984 0.999991596 0.001354252 -3.873111725 0.032065496 -0.001229088 0.999484956 228.345214844
0.999490201 0.003974773 -0.031679396 -0.786947250 -0.003906539 0.999989927 0.002215506 -3.889877319 0.031687882 -0.002090619 0.999495625 229.125045776
0.999505162 0.004013129 -0.031201018 -0.815716743 -0.003920330 0.999987721 0.003034850 -3.907339096 0.031212810 -0.002911030 0.999508500 229.885284424
0.999520361 0.003888553 -0.030725209 -0.844427109 -0.003812478 0.999989510 0.002534183 -3.923216105 0.030734744 -0.002415828 0.999524653 230.627502441
0.999530435 0.004531855 -0.030305514 -0.873395920 -0.004517240 0.999989629 0.000550688 -3.937398672 0.030307688 -0.000413532 0.999540508 231.359115601
0.999559820 0.004502925 -0.029323062 -0.899609089 -0.004552129 0.999988258 -0.001611443 -3.952533245 0.029315462 0.001744216 0.999568641 232.089721680
0.999594450 0.004455785 -0.028128201 -0.921568394 -0.004541436 0.999985218 -0.002981867 -3.967888832 0.028114496 0.003108399 0.999599814 232.825088501
0.999626398 0.004692260 -0.026924409 -0.941154003 -0.004785822 0.999982655 -0.003411593 -3.985309362 0.026907939 0.003539174 0.999631584 233.556259155
0.999674201 0.004011575 -0.025205985 -0.961065769 -0.004105295 0.999984860 -0.003667475 -4.000358582 0.025190888 0.003769758 0.999675572 234.277740479
0.999719679 0.003868012 -0.023358159 -0.979965687 -0.003956254 0.999985218 -0.003732714 -4.016262531 0.023343375 0.003824079 0.999720216 234.999099731
0.999758363 0.003744674 -0.021660645 -0.993897915 -0.003828824 0.999985218 -0.003844696 -4.033366203 0.021645926 0.003926702 0.999758005 235.706756592
0.999800980 0.003553350 -0.019630363 -1.008240461 -0.003632902 0.999985337 -0.004018284 -4.052628517 0.019615795 0.004088799 0.999799371 236.420364380
0.999851763 0.003588799 -0.016834293 -1.021182775 -0.003650053 0.999986827 -0.003609340 -4.068676949 0.016821120 0.003670251 0.999851823 237.124618530
0.999902725 0.002465560 -0.013728863 -1.030235529 -0.002505888 0.999992669 -0.002921014 -4.084764957 0.013721557 0.002955134 0.999901474 237.825332642
0.999940872 0.001462969 -0.010774948 -1.039239407 -0.001489645 0.999995768 -0.002468013 -4.103301048 0.010771295 0.002483918 0.999938905 238.522155762
0.999968588 0.001113654 -0.007844751 -1.044188261 -0.001132562 0.999996483 -0.002406151 -4.119376183 0.007842043 0.002414960 0.999966323 239.219528198
0.999988258 0.000779476 -0.004768436 -1.050056696 -0.000792800 0.999995768 -0.002792960 -4.134559155 0.004766239 0.002796708 0.999984682 239.911468506
0.999998450 0.000604874 -0.001612866 -1.054651499 -0.000609918 0.999994993 -0.003129032 -4.147937775 0.001610966 0.003130011 0.999993801 240.598587036
0.999998212 0.001395122 0.001211731 -1.055478573 -0.001390250 0.999991000 -0.004012114 -4.163151741 -0.001217317 0.004010422 0.999991238 241.290054321
0.999990046 0.001355306 0.004236611 -1.055051208 -0.001335889 0.999988675 -0.004582559 -4.178626537 -0.004242774 0.004576854 0.999980569 241.985778809
0.999973834 0.001464505 0.007081137 -1.052358747 -0.001438677 0.999992311 -0.003651147 -4.193367481 -0.007086430 0.003640862 0.999968350 242.684722900
0.999951541 0.001631891 0.009711294 -1.048969507 -0.001601775 0.999993801 -0.003108135 -4.208650589 -0.009716308 0.003092429 0.999948025 243.383239746
0.999927878 0.001252739 0.011949640 -1.041499853 -0.001214082 0.999993861 -0.003241712 -4.223808765 -0.011953630 0.003226970 0.999923348 244.085800171
0.999899209 0.001096433 0.014160061 -1.032951355 -0.001027911 0.999987721 -0.004845450 -4.239224434 -0.014165202 0.004830405 0.999888062 244.790191650
0.999873579 0.001392302 0.015835969 -1.023710251 -0.001278245 0.999973178 -0.007210277 -4.253506660 -0.015845576 0.007189123 0.999848604 245.498428345
0.999858201 0.000296814 0.016837720 -1.013403416 -0.000147580 0.999960721 -0.008863619 -4.268004417 -0.016839687 0.008859877 0.999818921 246.209762573
0.999856949 0.000330107 0.016910257 -1.002956390 -0.000172801 0.999956727 -0.009303046 -4.283840656 -0.016912593 0.009298794 0.999813676 246.927108765
0.999852300 -0.000550222 0.017177876 -0.993356228 0.000718610 0.999951661 -0.009797960 -4.302114487 -0.017171657 0.009808856 0.999804437 247.654357910
0.999852180 0.000154628 0.017189194 -0.983648300 0.000016761 0.999950290 -0.009970175 -4.321262360 -0.017189883 0.009968992 0.999802530 248.394378662
0.999851644 -0.000189454 0.017223895 -0.971244335 0.000366514 0.999947131 -0.010277346 -4.339320660 -0.017221037 0.010282135 0.999798834 249.145553589
0.999846697 -0.000976676 0.017479122 -0.961090088 0.001190496 0.999924541 -0.012226657 -4.358513832 -0.017465865 0.012245594 0.999772489 249.893096924
0.999826491 -0.005300872 0.017856294 -0.945890427 0.005556573 0.999882221 -0.014300835 -4.380197525 -0.017778385 0.014397573 0.999738276 250.643722534
0.999795318 -0.008596244 0.018312147 -0.928450108 0.008874350 0.999845564 -0.015160189 -4.398900509 -0.018179001 0.015319595 0.999717295 251.407028198
0.999804497 -0.006158000 0.018790081 -0.919662476 0.006368705 0.999917209 -0.011174451 -4.416334629 -0.018719718 0.011291934 0.999760926 252.180358887
0.999810219 -0.001977735 0.019385109 -0.914964676 0.002077675 0.999984622 -0.005136695 -4.433382988 -0.019374654 0.005175997 0.999798834 252.961074829
0.999793828 -0.002952076 0.020090863 -0.899166584 0.002983510 0.999994338 -0.001534780 -4.452198505 -0.020086225 0.001594405 0.999796927 253.755340576
0.999741375 -0.003841271 0.022415265 -0.881374359 0.003923516 0.999985695 -0.003626348 -4.468751431 -0.022401018 0.003713356 0.999742091 254.547866821
0.999645650 -0.002767299 0.026474161 -0.864385128 0.003026232 0.999947846 -0.009745514 -4.482435226 -0.026445806 0.009822178 0.999602139 255.350387573
0.999544442 -0.000810018 0.030169979 -0.844693184 0.001212855 0.999910355 -0.013336333 -4.499980927 -0.030156475 0.013366848 0.999455869 256.156311035
0.999439895 0.000677877 0.033457924 -0.823962212 -0.000241268 0.999914765 -0.013051828 -4.519388199 -0.033463925 0.013036445 0.999354959 256.978759766
0.999322176 -0.001047514 0.036797959 -0.795783997 0.001450923 0.999939144 -0.010937809 -4.538374424 -0.036784254 0.010983787 0.999262869 257.810455322
0.999205291 -0.004183501 0.039638247 -0.760172844 0.004494831 0.999959707 -0.007768413 -4.558535576 -0.039604146 0.007940408 0.999183893 258.648712158
0.999078035 -0.006719498 0.042400181 -0.722704887 0.006988641 0.999956429 -0.006202665 -4.577983856 -0.042356648 0.006493267 0.999081433 259.491851807
0.998944819 -0.006630893 0.045443628 -0.685587883 0.006898311 0.999959767 -0.005730301 -4.597833633 -0.045403801 0.006037740 0.998950481 260.330932617
0.998833776 -0.004524931 0.048068922 -0.652372360 0.004904238 0.999957681 -0.007775888 -4.619154453 -0.048031710 0.008002562 0.998813748 261.171112061
0.998725235 -0.003739469 0.050338075 -0.614646912 0.004250239 0.999940455 -0.010043571 -4.638433933 -0.050297521 0.010244718 0.998681724 262.007263184
0.998589575 -0.003415363 0.052981343 -0.573792458 0.003958812 0.999940574 -0.010155816 -4.657489777 -0.052943498 0.010351238 0.998543859 262.848388672
0.998438597 -0.002620705 0.055799279 -0.530260086 0.003079668 0.999962032 -0.008140847 -4.678948402 -0.055775832 0.008299978 0.998408794 263.692169189
0.998261213 -0.001265157 0.058930699 -0.487163544 0.001650146 0.999977529 -0.006484694 -4.702136040 -0.058921169 0.006570662 0.998241007 264.537689209
0.998082101 -0.000722632 0.061899610 -0.442411423 0.001121366 0.999978840 -0.006407116 -4.725508690 -0.061893668 0.006464241 0.998061836 265.382568359
0.997919798 -0.000742755 0.064462610 -0.391872406 0.001198730 0.999974549 -0.007035092 -4.744120598 -0.064455748 0.007097732 0.997895300 266.225982666
0.997750282 -0.002622542 0.066987902 -0.333967209 0.003127292 0.999967515 -0.007431181 -4.763273716 -0.066966236 0.007623955 0.997726142 267.068939209
0.997618616 -0.005799821 0.068727687 -0.273601532 0.006286566 0.999956667 -0.006868074 -4.781832218 -0.068684876 0.007283780 0.997611821 267.915710449
0.997556031 -0.006792589 0.069540113 -0.215456009 0.007294234 0.999949157 -0.006962373 -4.801990032 -0.069489285 0.007452600 0.997554839 268.766326904
0.997510433 -0.007653031 0.070102341 -0.158079147 0.008161293 0.999942422 -0.006966755 -4.822370529 -0.070044987 0.007521536 0.997515559 269.618347168
0.997482479 -0.007805074 0.070482612 -0.101448059 0.008308729 0.999942005 -0.006855458 -4.842252254 -0.070425034 0.007423820 0.997489452 270.476623535
0.997504234 -0.007581606 0.070198335 -0.043209076 0.008046789 0.999947548 -0.006346281 -4.861316204 -0.070146531 0.006895313 0.997512937 271.326995850
0.997547865 -0.007130587 0.069624595 0.012817383 0.007564458 0.999953628 -0.005969897 -4.881132603 -0.069578812 0.006481929 0.997555375 272.185394287
0.997623503 -0.007425708 0.068499371 0.067167282 0.007905945 0.999945939 -0.006742388 -4.902565956 -0.068445608 0.007267917 0.997628391 273.045593262
0.997742057 -0.007447471 0.066746958 0.123056412 0.007978431 0.999938607 -0.007691793 -4.923627853 -0.066685572 0.008206961 0.997740328 273.902801514
0.997836530 -0.006702262 0.065400451 0.172588348 0.007264527 0.999938607 -0.008363229 -4.945486546 -0.065340385 0.008820239 0.997824132 274.762023926
0.997938216 -0.005647588 0.063931711 0.221389771 0.006202064 0.999944746 -0.008477808 -4.971102238 -0.063880280 0.008856840 0.997918248 275.616241455
0.998064518 -0.004472376 0.062025987 0.270479202 0.005017932 0.999950051 -0.008642609 -4.995287895 -0.061984234 0.008937125 0.998037100 276.468353271
0.998202562 -0.004023476 0.059794247 0.317188263 0.004519515 0.999956429 -0.008162844 -5.016580582 -0.059758801 0.008418416 0.998177290 277.321716309
0.998375714 -0.004505114 0.056794528 0.363940239 0.004898699 0.999965072 -0.006792672 -5.037135124 -0.056761924 0.007059858 0.998362780 278.169586182
0.998613834 -0.006008517 0.052289784 0.408083916 0.006246001 0.999970973 -0.004379464 -5.059224606 -0.052261941 0.004699996 0.998622358 279.012756348
0.998842180 -0.006988059 0.047595575 0.443342209 0.007118755 0.999971390 -0.002577038 -5.081485271 -0.047576204 0.002912875 0.998863280 279.864685059
0.999052465 -0.007821010 0.042812031 0.474273682 0.007871171 0.999968529 -0.001003154 -5.104719639 -0.042802844 0.001339185 0.999082565 280.698272705
0.999253929 -0.008308592 0.037717950 0.504626274 0.008326780 0.999965250 -0.000325030 -5.121876240 -0.037713941 0.000638857 0.999288321 281.522583008
0.999428034 -0.008965852 0.032607816 0.531489372 0.008967428 0.999959707 0.000097942 -5.139060497 -0.032607384 0.000194522 0.999468148 282.336578369
0.999565780 -0.009611212 0.027854517 0.550823689 0.009606105 0.999953866 0.000317211 -5.155676842 -0.027856279 -0.000049499 0.999611914 283.138244629
0.999686122 -0.009492686 0.023184983 0.574295521 0.009500875 0.999954820 -0.000243184 -5.168789864 -0.023181623 0.000463385 0.999731183 283.933868408
0.999776721 -0.009171850 0.019032251 0.587097645 0.009181029 0.999957800 -0.000395034 -5.186026096 -0.019027820 0.000569681 0.999818861 284.704223633
0.999844193 -0.008833593 0.015280957 0.591659307 0.008842879 0.999960721 -0.000540364 -5.202198029 -0.015275583 0.000675408 0.999883175 285.449218750
