1.000000000 0.000000000 0.000000000 0.000000000 0.000000000 1.000000000 0.000000000 0.000000000 0.000000000 0.000000000 1.000000000 0.000000000
0.999978364 0.000450780 -0.006570993 -0.008722140 -0.000448916 0.999999881 0.000285094 -0.000979790 0.006571121 -0.000282138 0.999978364 0.095614672
0.999909461 0.001045486 -0.013425849 -0.019252351 -0.001041242 0.999999464 0.000323086 -0.003073463 0.013426180 -0.000309077 0.999909878 0.187122554
0.999776065 0.001442224 -0.021119244 -0.028543008 -0.001446844 0.999998987 -0.000203485 -0.004977247 0.021118928 0.000233995 0.999776959 0.289284945
0.999537468 0.002050249 -0.030350840 -0.043464459 -0.002101185 0.999996603 -0.001646424 -0.005658278 0.030347355 0.001709435 0.999538004 0.396463603
0.999130666 0.002198300 -0.041635837 -0.059524808 -0.002336346 0.999992132 -0.003267194 -0.006460526 0.041628320 0.003361628 0.999127567 0.510517955
0.998453498 0.002191369 -0.055555012 -0.084175386 -0.002423865 0.999988794 -0.004117937 -0.007518928 0.055545349 0.004246225 0.998447239 0.638673544
0.997439563 0.002164981 -0.071486160 -0.107183509 -0.002471459 0.999988317 -0.004199057 -0.008288715 0.071476214 0.004364979 0.997432888 0.773251534
0.995940685 0.000957584 -0.090011626 -0.136619091 -0.001333820 0.999990940 -0.004119790 -0.010033377 0.090006828 0.004223125 0.995932400 0.920626819
0.993925512 -0.000270907 -0.110058792 -0.174130127 -0.000185655 0.999991775 -0.004138073 -0.015167739 0.110058948 0.004133368 0.993916750 1.089193821
0.991260529 -0.000373209 -0.131930277 -0.214428023 -0.000219113 0.999990702 -0.004475101 -0.019631615 0.131930530 0.004464894 0.991250157 1.248095512
0.987756491 0.003359076 -0.155977950 -0.271595567 -0.004289255 0.999975801 -0.005627342 -0.025831152 0.155955046 0.006227466 0.987745762 1.423866391
0.983418584 0.007680499 -0.181196645 -0.337411582 -0.009159932 0.999931991 -0.007329416 -0.030699639 0.181127772 0.008867621 0.983420849 1.598202825
0.978019595 0.010894781 -0.208236203 -0.410339981 -0.012847530 0.999886215 -0.008027374 -0.037712228 0.208124757 0.010526234 0.978047013 1.776090980
0.971268833 0.012052356 -0.237686872 -0.488638997 -0.014375116 0.999865174 -0.008041535 -0.043852098 0.237557560 0.011227252 0.971309841 1.975385070
0.963253021 0.013948974 -0.268239915 -0.575467765 -0.016559931 0.999835849 -0.007473579 -0.048394114 0.268091261 0.011640966 0.963324547 2.149835110
0.953936040 0.015973549 -0.299590439 -0.677257121 -0.018745951 0.999804854 -0.006382042 -0.051378813 0.299429595 0.011704147 0.954047859 2.349852562
0.942689717 0.018385554 -0.333169222 -0.784822583 -0.021231877 0.999763489 -0.004903988 -0.057393108 0.332999736 0.011696726 0.942855775 2.545083284
0.929841936 0.020866696 -0.367372185 -0.869952083 -0.024236746 0.999696732 -0.004562024 -0.057159569 0.367165089 0.013145842 0.930064380 2.729451418
0.916412234 0.023748845 -0.399535209 -1.031632662 -0.027544368 0.999614358 -0.003760112 -0.058247454 0.399291337 0.014450731 0.916711688 2.923772097
0.900493205 0.024586735 -0.434181035 -1.168189645 -0.028778514 0.999582112 -0.003082471 -0.055993751 0.433923036 0.015270775 0.900822341 3.113329649
0.882038116 0.020479698 -0.470738798 -1.284891129 -0.025164917 0.999677539 -0.003660778 -0.055467583 0.470511198 0.015074993 0.882267058 3.287014008
0.861143887 0.016374122 -0.508103132 -1.454628468 -0.021212224 0.999769032 -0.003732280 -0.062452067 0.507923722 0.013991974 0.861290395 3.490902901
0.836297333 0.017988944 -0.547986269 -1.601515770 -0.021843549 0.999762177 -0.000516400 -0.068287924 0.547845602 0.012401780 0.836489379 3.656065464
0.807857096 0.023455996 -0.588916123 -1.818777084 -0.026467578 0.999644458 0.003507596 -0.069977447 0.588787794 0.012753502 0.808188915 3.844384432
0.775733054 0.026884122 -0.630492687 -2.023694754 -0.029924791 0.999536276 0.005801892 -0.075213425 0.630354881 0.014366592 0.776176095 4.012478828
0.739927948 0.026230613 -0.672178626 -2.210842609 -0.029754229 0.999538600 0.006252154 -0.071033761 0.672030985 0.015373965 0.740365505 4.146942139
0.700976253 0.023130197 -0.712813258 -2.468672514 -0.024705116 0.999662459 0.008143418 -0.076373979 0.712759495 0.011901747 0.701309681 4.337702274
0.658762336 0.019999402 -0.752088904 -2.700423717 -0.019861449 0.999761522 0.009188674 -0.077106073 0.752091706 0.008884389 0.659000993 4.482036591
0.614320397 0.019680837 -0.788814783 -2.939735889 -0.017324241 0.999785304 0.011452663 -0.075428739 0.788869262 0.006629979 0.614527941 4.610168457
0.567084193 0.020230021 -0.823414922 -3.248440266 -0.014876786 0.999788225 0.014317674 -0.072159208 0.823528051 0.004130420 0.567263842 4.762520313
0.516392589 0.021472830 -0.856085956 -3.543483257 -0.013503551 0.999766767 0.016931389 -0.072021097 0.856247783 0.002816941 0.516561091 4.879333496
0.464094847 0.022917697 -0.885492206 -3.826465607 -0.012668507 0.999736071 0.019234836 -0.065328397 0.885697126 0.002291061 0.464261800 4.964572430
0.409849674 0.025276123 -0.911806107 -4.192314148 -0.011548962 0.999681115 0.022520974 -0.061377168 0.912082195 0.001300187 0.410010159 5.070512772
0.354629755 0.027621496 -0.934601903 -4.508583546 -0.011130444 0.999618948 0.025319675 -0.055191398 0.934942603 0.001423407 0.354801416 5.137185574
0.299694330 0.030579727 -0.953548253 -4.911632061 -0.008937130 0.999533772 0.029245602 -0.050463885 0.953995407 -0.000242772 0.299827456 5.216939449
0.245963484 0.032441139 -0.968739271 -5.287733555 -0.004383615 0.999468267 0.032357216 -0.048268452 0.969271183 -0.003712120 0.245974600 5.273831844
0.194757938 0.033628181 -0.980277956 -5.658114910 -0.001798343 0.999424219 0.033927731 -0.049026698 0.980851769 -0.004844824 0.194706082 5.322733879
0.147333860 0.034504060 -0.988487959 -6.094644070 -0.003539272 0.999405086 0.034357615 -0.038967267 0.989082515 -0.001563528 0.147368282 5.327894688
0.104683012 0.034650825 -0.993905127 -6.498267651 -0.005783118 0.999398947 0.034233272 -0.024037436 0.994490981 0.002164203 0.104820520 5.342051029
0.066386513 0.033337243 -0.997241735 -6.972022057 -0.006990785 0.999435723 0.032945193 -0.011448041 0.997772574 0.004784335 0.066582225 5.331739902
0.031702217 0.030828873 -0.999026716 -7.434582233 -0.006157248 0.999514401 0.030648522 -0.004437491 0.999481618 0.005179576 0.031876914 5.322660923
0.000204213 0.028643863 -0.999594688 -7.879646778 -0.005794040 0.999576092 0.028642138 0.000046447 0.999986649 0.005785787 0.000370517 5.303597927
-0.026774660 0.026561707 -0.999293685 -8.386838913 -0.005965554 0.999628246 0.026730433 0.008029312 0.999627292 0.006676979 -0.026605710 5.260304928
-0.047834858 0.024314415 -0.998564482 -8.882782936 -0.006720184 0.999676645 0.024663411 0.016739741 0.998836279 0.007890240 -0.047655337 5.223173141
-0.064195231 0.023445658 -0.997667134 -9.432639122 -0.006661094 0.999695122 0.023921918 0.032056257 0.997918844 0.008181158 -0.064018771 5.166373730
-0.077128798 0.024182808 -0.996733189 -9.982326508 -0.005557711 0.999683321 0.024684446 0.038554937 0.997009516 0.007443371 -0.076969177 5.109905720
-0.086959593 0.025476741 -0.995891392 -10.535466194 -0.006561727 0.999639928 0.026145600 0.044081435 0.996194005 0.008808305 -0.086760283 5.046138763
-0.093882225 0.026898269 -0.995225251 -11.122416496 -0.007550373 0.999590397 0.027728491 0.051004335 0.995558500 0.010117453 -0.093639784 4.968231678
-0.098398276 0.028086578 -0.994756103 -11.670482635 -0.007438316 0.999556363 0.028957887 0.059139580 0.995123208 0.010248633 -0.098144807 4.911665916
-0.100039959 0.028865680 -0.994571328 -12.296841621 -0.007192938 0.999536276 0.029733315 0.070121139 0.994963050 0.010128307 -0.099784881 4.849160194
-0.099039033 0.031188887 -0.994601309 -12.916982651 -0.005126148 0.999483526 0.031852465 0.082020432 0.995075941 0.008253019 -0.098826967 4.787524223
-0.097490579 0.033836298 -0.994667888 -13.555526733 -0.003956401 0.999404967 0.034385260 0.093304604 0.995234311 0.007287459 -0.097297683 4.719858646
-0.095647767 0.033977222 -0.994841933 -14.210138321 -0.003881405 0.999401093 0.034506138 0.105401784 0.995413363 0.007161737 -0.095457599 4.651149750
-0.094033785 0.031526349 -0.995076597 -14.855963707 -0.010272903 0.999418736 0.032634746 0.114482999 0.995521843 0.013290975 -0.093654245 4.583907604
-0.092721917 0.031287044 -0.995207310 -15.555047989 -0.011008328 0.999417126 0.032445066 0.132404685 0.995637000 0.013963809 -0.092322432 4.517586708
-0.090936638 0.034048982 -0.995281518 -16.245716095 -0.011806091 0.999312401 0.035265625 0.150993675 0.995792568 0.014957187 -0.090471119 4.452511311
-0.088983320 0.037839122 -0.995321155 -16.965250015 -0.010250313 0.999194503 0.038902823 0.167890877 0.995986164 0.013663929 -0.088522777 4.383405209
-0.087171830 0.040272973 -0.995385885 -17.684156418 -0.008152713 0.999124169 0.041138262 0.183890045 0.996165693 0.011701081 -0.086766139 4.310715675
-0.085356437 0.039665956 -0.995567620 -18.428293228 -0.012012810 0.999097705 0.040836584 0.202676952 0.996283829 0.015445100 -0.084801912 4.240623951
-0.083884813 0.037068602 -0.995794058 -19.153558731 -0.016478334 0.999123573 0.038580772 0.219810188 0.996345520 0.019645210 -0.083199382 4.171955585
-0.082489647 0.036456354 -0.995933235 -19.925727844 -0.018918518 0.999097347 0.038139232 0.241774023 0.996418655 0.021987492 -0.081724405 4.105105877
-0.080789372 0.038787078 -0.995984554 -20.713720322 -0.013590545 0.999110878 0.040011320 0.263800502 0.996644914 0.016768321 -0.080189325 4.039817810
-0.079769380 0.041175835 -0.995971024 -21.487140656 -0.012427273 0.999031782 0.042297799 0.281987727 0.996742547 0.015751127 -0.079179369 3.978199482
-0.078436650 0.042986687 -0.996000469 -22.298936844 -0.007641153 0.999018848 0.043718804 0.304020107 0.996896446 0.011039641 -0.078030132 3.911836863
-0.077737920 0.039005909 -0.996219397 -23.098928452 -0.008301339 0.999178708 0.039769661 0.319896936 0.996946096 0.011361452 -0.077349178 3.844213009
-0.077597916 0.032181755 -0.996474147 -23.908321381 -0.011124166 0.999393046 0.033142388 0.333773702 0.996929467 0.013656593 -0.077191748 3.776679277
-0.077786691 0.027770318 -0.996592224 -24.722961426 -0.009562425 0.999549687 0.028599203 0.349304736 0.996930897 0.011754358 -0.077485003 3.716631413
-0.078449056 0.028827555 -0.996510267 -25.546203613 -0.010179671 0.999511003 0.029715836 0.362497568 0.996872902 0.012475198 -0.078116126 3.648089886
-0.078051247 0.035827231 -0.996314704 -26.380010605 -0.004718216 0.999334216 0.036305539 0.382390916 0.996945143 0.007534430 -0.077829123 3.577307940
-0.078503005 0.043330714 -0.995982826 -27.211957932 -0.005304615 0.999028742 0.043881424 0.400503993 0.996908426 0.008728010 -0.078195654 3.505238771
-0.078572780 0.048754752 -0.995726407 -28.063192368 -0.006712617 0.998760819 0.049433097 0.423528671 0.996894479 0.010567893 -0.078146905 3.432440281
-0.079128750 0.049497984 -0.995645583 -28.898302078 -0.008339648 0.998704791 0.050312929 0.443590403 0.996838450 0.012284386 -0.078612201 3.355834723
-0.079660833 0.046274766 -0.995758057 -29.735876083 -0.010376981 0.998835385 0.047247998 0.463488162 0.996776938 0.014096614 -0.079086617 3.282503843
-0.080156714 0.043727998 -0.995833397 -30.562850952 -0.012802644 0.998915911 0.044893917 0.482698917 0.996709108 0.016347663 -0.079508744 3.212394238
-0.080132030 0.045178514 -0.995770514 -31.399923325 -0.012845093 0.998848855 0.046351906 0.507201314 0.996710718 0.016504852 -0.079458207 3.137633085
-0.079799078 0.047450766 -0.995691776 -32.245437622 -0.011687388 0.998759568 0.048533700 0.531434536 0.996751904 0.015509805 -0.079144254 3.060488462
-0.080017462 0.046007592 -0.995741963 -33.065670013 -0.012784639 0.998811185 0.047176823 0.551006079 0.996720910 0.016504988 -0.079332866 2.988459587
-0.079436526 0.041510057 -0.995986044 -33.906593323 -0.015175097 0.998973012 0.042844892 0.566382289 0.996733665 0.018517433 -0.078723758 2.913372278
-0.079243608 0.037831593 -0.996148050 -34.757141113 -0.017206756 0.999085426 0.039311990 0.584009647 0.996716142 0.020255482 -0.078518920 2.838498831
-0.078758933 0.038066890 -0.996176600 -35.588893890 -0.016149666 0.999098361 0.039455306 0.605158448 0.996773481 0.019195165 -0.078071833 2.764504194
-0.077773102 0.040774729 -0.996146977 -36.447052002 -0.014099714 0.999026060 0.041993346 0.619427562 0.996882021 0.017311145 -0.077121153 2.692079067
-0.077657789 0.045785330 -0.995938182 -37.252498627 -0.014601843 0.998793185 0.047055099 0.640560985 0.996883750 0.018196523 -0.076894231 2.627198458
-0.076602086 0.051135857 -0.995759666 -38.127162933 -0.011710431 0.998576760 0.052181330 0.670754433 0.997003734 0.015657783 -0.075892948 2.555072546
-0.077199422 0.054757521 -0.995520830 -38.933574677 -0.013337693 0.998352408 0.055947497 0.695271373 0.996937335 0.017596858 -0.076340578 2.487207890
-0.077059023 0.054893866 -0.995524168 -39.760379791 -0.012252167 0.998363554 0.055998735 0.722970724 0.996962130 0.016512336 -0.076259032 2.418963671
-0.076707624 0.051137976 -0.995751202 -40.617767334 -0.013600265 0.998545110 0.052329086 0.748148441 0.996971726 0.017556312 -0.075899236 2.346158743
-0.076587781 0.047199626 -0.995954931 -41.414314270 -0.016495742 0.998690248 0.048597693 0.770398259 0.996937335 0.020150779 -0.075707570 2.277268648
-0.076332048 0.044259302 -0.996109486 -42.231861115 -0.019151883 0.998773098 0.045845177 0.793782592 0.996909440 0.022576589 -0.075389430 2.202896357
-0.076747485 0.042535871 -0.996152759 -43.044639587 -0.023154793 0.998752296 0.044430725 0.820081353 0.996792555 0.026475387 -0.075665489 2.129627705
-0.077406719 0.040706296 -0.996177673 -43.880676270 -0.019718660 0.998918056 0.042350303 0.837728143 0.996816278 0.022921238 -0.076518826 2.061482191
-0.078667477 0.037637848 -0.996199608 -44.708423615 -0.016785093 0.999105275 0.039072935 0.851455808 0.996771276 0.019794848 -0.077963844 2.000047922
-0.079355232 0.036737259 -0.996178746 -45.510154724 -0.012687898 0.999212563 0.037859678 0.866481543 0.996777356 0.015643591 -0.078825116 1.934139967
-0.080874696 0.040321782 -0.995917857 -46.361503601 -0.011375114 0.999089003 0.041373730 0.884311795 0.996670902 0.014674583 -0.080340870 1.860895634
-0.082799494 0.045821220 -0.995521665 -47.170547485 -0.008641822 0.998881876 0.046694458 0.906458974 0.996540248 0.012469228 -0.082309425 1.791631937
-0.084637843 0.049736355 -0.995179176 -47.983043671 -0.006710586 0.998712361 0.050483484 0.926320076 0.996400654 0.010950887 -0.084193572 1.720607281
-0.086342700 0.049281754 -0.995055199 -48.792743683 -0.007211661 0.998728871 0.050089285 0.944520593 0.996250808 0.011500680 -0.085875981 1.649981022
-0.087415367 0.045949593 -0.995121002 -49.584869385 -0.010195420 0.998852193 0.047017302 0.962554455 0.996131182 0.014255525 -0.086844981 1.566318512
-0.088713586 0.042719677 -0.995150149 -50.389038086 -0.015766228 0.998904705 0.044286169 0.981506586 0.995943785 0.019618317 -0.087941281 1.480170727
-0.090042435 0.041054264 -0.995100915 -51.187614441 -0.019962683 0.998885214 0.043016549 1.002922297 0.995749354 0.023737935 -0.089120895 1.391273975
-0.090971991 0.042122155 -0.994971752 -51.973651886 -0.020682415 0.998821437 0.044175919 1.020873427 0.995649934 0.024596911 -0.089991853 1.309432030
-0.091870144 0.043668922 -0.994822741 -52.752422333 -0.020114375 0.998764455 0.045699257 1.036850452 0.995579064 0.024208356 -0.090876557 1.232267380
-0.093026489 0.043436334 -0.994725406 -53.538848877 -0.022124818 0.998723090 0.045679763 1.053415537 0.995429099 0.026257252 -0.091944925 1.149763107
-0.093542941 0.043547168 -0.994672179 -54.319675446 -0.023375679 0.998683572 0.045920894 1.072267890 0.995352030 0.027546400 -0.092400074 1.067391396
-0.093817674 0.045377363 -0.994564474 -55.081691742 -0.021582816 0.998645365 0.047599230 1.091446519 0.995366752 0.025930848 -0.092709467 0.992703438
-0.094468437 0.048399057 -0.994360447 -55.867797852 -0.021380400 0.998500645 0.050631560 1.110708952 0.995309532 0.026042605 -0.093290232 0.914684296
-0.094288379 0.052652564 -0.994161487 -56.623050690 -0.019631043 0.998320282 0.054734420 1.135515571 0.995362818 0.024676949 -0.093094572 0.835119247
-0.094912261 0.055021249 -0.993973911 -57.396755219 -0.019464443 0.998190403 0.057113014 1.158464432 0.995306849 0.024767565 -0.093667731 0.754947662
-0.095645711 0.055252396 -0.993890882 -58.149517059 -0.020207739 0.998157382 0.057433989 1.183192253 0.995221794 0.025577288 -0.094351098 0.681896687
-0.095817558 0.053708829 -0.993958890 -58.888309479 -0.019047324 0.998274148 0.055777904 1.205306053 0.995228112 0.024276456 -0.094627321 0.607886791
-0.096000269 0.050273854 -0.994121909 -59.629199982 -0.019758349 0.998445213 0.052400209 1.226719260 0.995197594 0.024672315 -0.094855636 0.528630733
-0.095759891 0.047454797 -0.994283736 -60.334728241 -0.020138990 0.998580754 0.049599167 1.245669723 0.995213091 0.024773151 -0.094666243 0.455463886
-0.094546594 0.045470692 -0.994492531 -61.057342529 -0.021364948 0.998648345 0.047691561 1.264838815 0.995303512 0.025756015 -0.093445271 0.381565571
-0.092174947 0.044767439 -0.994747102 -61.744697571 -0.023599396 0.998624742 0.047128391 1.282049298 0.995475590 0.027819119 -0.090989687 0.310331821
-0.088134058 0.045856845 -0.995063901 -62.408695221 -0.022419333 0.998610377 0.048005685 1.296805024 0.995868802 0.026539242 -0.086981513 0.247853279
-0.082386181 0.047442943 -0.995481908 -63.083309174 -0.022450762 0.998539448 0.049446378 1.312805057 0.996360064 0.026422663 -0.081198804 0.189938068
-0.075127393 0.049152359 -0.995973170 -63.722667694 -0.020602448 0.998509943 0.050831296 1.326490521 0.996973753 0.024337970 -0.074000955 0.136903763
-0.066400059 0.050832357 -0.996508658 -64.366806030 -0.022889197 0.998376250 0.052452471 1.342988014 0.997543037 0.026291765 -0.065127037 0.095115662
-0.054448847 0.052609745 -0.997140765 -64.985565186 -0.025032530 0.998240471 0.054034334 1.359037876 0.998215318 0.027902676 -0.053034551 0.057214260
-0.039789177 0.054325547 -0.997741282 -65.579917908 -0.028062956 0.998081565 0.055462863 1.377111435 0.998826563 0.030205967 -0.038186993 0.030520916
-0.021567946 0.055771340 -0.998222291 -66.173316956 -0.029909875 0.997977197 0.056403443 1.396045923 0.999333501 0.031072723 -0.019855108 0.022391081
0.000248432 0.056722976 -0.998401761 -66.726005554 -0.031205045 0.997921526 0.056687474 1.412337065 0.999526680 0.031140599 0.002018722 0.034708500
0.025954150 0.057169877 -0.998039007 -67.273208618 -0.031011313 0.997946143 0.056357663 1.428436518 0.999195695 0.029487316 0.027674127 0.056868553
0.055032771 0.057262067 -0.996853113 -67.785125732 -0.030136105 0.998012066 0.055664454 1.439876080 0.998043418 0.026977478 0.056648947 0.108104706
0.089483306 0.057278577 -0.994351983 -68.286445618 -0.029009093 0.998089075 0.054882783 1.454048634 0.995579720 0.023933774 0.090973258 0.160654068
0.126785219 0.057545017 -0.990271688 -68.766937256 -0.029167276 0.998118162 0.054266177 1.470267057 0.991515338 0.022003025 0.128223822 0.247839928
0.166917250 0.057735804 -0.984291136 -69.221588135 -0.029057201 0.998156369 0.053621031 1.477343559 0.985556722 0.019650156 0.168285325 0.360871315
0.212313950 0.058305807 -0.975472808 -69.669197083 -0.029149566 0.998170018 0.053317476 1.494664431 0.976780832 0.017114289 0.213622436 0.476552010
0.259038955 0.056667909 -0.964215457 -70.084556580 -0.026681772 0.998334229 0.051504463 1.507866621 0.965512693 0.012385112 0.260116071 0.656419754
0.309789270 0.052307807 -0.949378014 -70.512779236 -0.019449782 0.998643279 0.048675030 1.508788705 0.950620770 0.003386131 0.310382098 0.813486099
0.359848976 0.047416080 -0.931818783 -70.901496887 -0.014482277 0.998890519 0.045235652 1.512276173 0.932913899 -0.002783128 0.360131383 1.047889709
0.412284344 0.042920161 -0.910057783 -71.286911011 -0.009752313 0.999059618 0.042698883 1.519836903 0.911019027 -0.008728794 0.412309200 1.249956131
0.462255865 0.041957796 -0.885767758 -71.649879456 -0.010642368 0.999089718 0.041771099 1.536106348 0.886698902 -0.009882128 0.462274879 1.530405045
0.510741949 0.040006831 -0.858817697 -72.013465881 -0.009601230 0.999139071 0.040832900 1.554601550 0.859697104 -0.012609182 0.510678649 1.759132385
0.555986762 0.036165137 -0.830419421 -72.349884033 -0.003137597 0.999156415 0.041412249 1.566083312 0.831202269 -0.020418819 0.555622756 2.036827087
0.599307537 0.029495874 -0.799991369 -72.657623291 0.007539276 0.999088168 0.042483825 1.560767293 0.800500929 -0.031491712 0.598529458 2.370468140
0.641927242 0.024695255 -0.766384780 -72.954650879 0.008798758 0.999197841 0.039566260 1.564185858 0.766733289 -0.032141365 0.641184807 2.647796631
0.682649255 0.019166548 -0.730512679 -73.235404968 0.005359014 0.999517560 0.031231491 1.577876925 0.730745554 -0.025234565 0.682206154 2.989814758
0.723288655 0.013660366 -0.690429628 -73.502334595 0.000820264 0.999806345 0.020639859 1.577325583 0.690565169 -0.015494652 0.723125756 3.288589478
0.762049139 0.010604419 -0.647452652 -73.756408691 -0.004156221 0.999945164 0.011484941 1.583844900 0.647527099 -0.006061032 0.762038946 3.688617706
0.799216747 0.008917682 -0.600999057 -74.007865906 -0.005740674 0.999978840 0.007202629 1.589101315 0.601038754 -0.002306321 0.799236715 4.053722382
0.833334327 0.007052794 -0.552748680 -74.241989136 -0.005499431 0.999996126 0.004467174 1.590559721 0.552767038 -0.000682875 0.833354831 4.470359802
0.863870382 0.008291036 -0.503672600 -74.469741821 -0.008804415 0.999981523 0.001358676 1.591860890 0.503664434 0.003260718 0.863911748 4.958005905
0.890075922 0.009896669 -0.455734193 -74.673645020 -0.009825550 0.999969721 0.002523834 1.578464389 0.455736130 0.002231347 0.890130222 5.412109375
0.911520422 0.014404285 -0.411035061 -74.879196167 -0.014846707 0.999908686 0.002114701 1.577450871 0.411019623 0.004174795 0.911634505 5.929668427
0.928973913 0.020390268 -0.369619429 -75.061065674 -0.021784641 0.999783933 0.000399882 1.572947025 0.369540066 0.007680349 0.929200351 6.420454025
0.942646146 0.024628459 -0.332924724 -75.241226196 -0.025788544 0.999688327 0.000933035 1.570789218 0.332836986 0.007705918 0.942970157 6.968551636
0.952916086 0.025164712 -0.302233070 -75.404273987 -0.025601666 0.999690294 0.002514609 1.562709332 0.302196383 0.005341298 0.953247786 7.544868469
0.960426688 0.024319725 -0.277518451 -75.554077148 -0.024143940 0.999721527 0.004049419 1.553115845 0.277533650 0.002811104 0.960728765 8.096014023
0.966426790 0.024776723 -0.255797505 -75.706222534 -0.024091085 0.999714077 0.005811962 1.546478271 0.255862802 0.000545530 0.966729701 8.705390930
0.970949709 0.026512431 -0.237868831 -75.845214844 -0.025265826 0.999667704 0.008286414 1.544474959 0.238004386 -0.002035776 0.971279263 9.304286957
0.974430382 0.031886630 -0.222478539 -75.989555359 -0.030456299 0.999508798 0.009855940 1.539988399 0.222678706 -0.002828081 0.974904954 9.933238983
0.977405727 0.034178264 -0.208657533 -76.134597778 -0.032639518 0.999429941 0.010812184 1.540264606 0.208903566 -0.003757420 0.977946222 10.581104279
0.980065763 0.034272097 -0.195766926 -76.259635925 -0.032762222 0.999424517 0.010944409 1.533077598 0.196025014 -0.004312482 0.980606556 11.225476265
0.982694328 0.034542073 -0.182062477 -76.382667542 -0.033194430 0.999415636 0.010442659 1.530077219 0.182312742 -0.004218487 0.983248651 11.897159576
0.985311151 0.035273079 -0.167171001 -76.502365112 -0.033905216 0.999385655 0.011027769 1.529345751 0.167453453 -0.005197798 0.985883415 12.602365494
0.987553000 0.035066027 -0.153421178 -76.610023499 -0.033710700 0.999388039 0.011424515 1.529666066 0.153724253 -0.006110347 0.988112152 13.303932190
0.989441693 0.035985921 -0.140495807 -76.716430664 -0.035092827 0.999366760 0.008826779 1.521072388 0.140721068 -0.003803201 0.990059316 14.036155701
0.990897775 0.035283372 -0.130021334 -76.801429749 -0.035134323 0.999398351 0.003437302 1.513725042 0.130061209 0.001162089 0.991522431 14.741308212
0.991925478 0.038652882 -0.120907590 -76.885635376 -0.039254755 0.999247432 -0.002602984 1.499240756 0.120712958 0.007327938 0.992677510 15.492670059
0.992731214 0.042492729 -0.112738937 -76.969215393 -0.043125577 0.999087155 -0.003184521 1.491701484 0.112497665 0.008023049 0.993637204 16.249114990
0.993527234 0.040965926 -0.106097199 -77.049095154 -0.040893599 0.999182105 0.002852835 1.483689547 0.106124386 0.001504205 0.994369328 17.014369965
0.994019687 0.042639919 -0.100687563 -77.138702393 -0.041779768 0.999092937 0.010631928 1.479878902 0.101046756 -0.006361604 0.994878888 17.788192749
0.994626164 0.038916066 -0.096104130 -77.228881836 -0.037658814 0.999203205 0.014856815 1.472209930 0.096602991 -0.011157673 0.995278001 18.570734024
0.994722545 0.044853181 -0.092449307 -77.301750183 -0.043712839 0.998964429 0.014318576 1.459759831 0.092993163 -0.010201672 0.995632112 19.320041656
0.994998693 0.044934254 -0.089386351 -77.379135132 -0.043899786 0.998967648 0.013500724 1.452500820 0.089898139 -0.009509058 0.995923281 20.092292786
0.995305181 0.044151958 -0.086309984 -77.448501587 -0.042963427 0.998978198 0.015574837 1.452622175 0.086906962 -0.011793395 0.996164262 20.857967377
0.995679915 0.040411778 -0.083783202 -77.517189026 -0.039012708 0.999094784 0.018263385 1.446619987 0.084442966 -0.014915665 0.996334553 21.633018494
0.996127725 0.035528041 -0.080613621 -77.589721680 -0.034037992 0.999247909 0.019776829 1.444806814 0.081253245 -0.016956059 0.996567070 22.413827896
0.996376693 0.034188230 -0.078077681 -77.648216248 -0.032991793 0.999341547 0.016555665 1.439845204 0.078589946 -0.013919561 0.996827662 23.155277252
0.996235847 0.040948015 -0.076616220 -77.711494446 -0.040341396 0.999166012 0.009441717 1.431648850 0.076936595 -0.006315354 0.997034609 23.903560638
0.996290624 0.042113896 -0.075261481 -77.777641296 -0.042070460 0.999136925 0.002155480 1.421531081 0.075284973 0.001018651 0.997180223 24.670539856
0.996226370 0.045600772 -0.074073069 -77.833053589 -0.045837834 0.998972476 -0.001510427 1.408144474 0.073925786 0.004899838 0.997270525 25.407735825
0.996415854 0.045188025 -0.071742393 -77.902320862 -0.045326807 0.998996973 -0.000314767 1.397082686 0.071653984 0.003565284 0.997441947 26.179782867
0.996492505 0.047290828 -0.069282711 -77.965759277 -0.047149856 0.998905957 0.003661699 1.381849408 0.069377914 -0.000382306 0.997609258 26.934820175
0.996588707 0.048622299 -0.066936105 -78.026504517 -0.048187390 0.998830378 0.008089907 1.374141932 0.067249052 -0.004836851 0.997743309 27.699111938
0.996863961 0.046665438 -0.064172685 -78.085594177 -0.046082459 0.998907208 0.010527439 1.362742662 0.064591743 -0.007537149 0.997902036 28.463151932
0.997017205 0.045181327 -0.062841699 -78.133514404 -0.044592313 0.998972714 0.010736081 1.349476933 0.063260160 -0.007901752 0.997984529 29.202795029
0.997249722 0.041645657 -0.061579663 -78.188514709 -0.041063018 0.999124408 0.010688191 1.341583490 0.061968844 -0.008130096 0.998063564 29.969282150
0.997264385 0.042567126 -0.060709000 -78.236984253 -0.042070523 0.999095321 0.009426181 1.333165646 0.061053313 -0.006846313 0.998129725 30.713918686
0.997336507 0.042267706 -0.059745349 -78.285476685 -0.041849751 0.999116778 0.008219949 1.325838685 0.060037985 -0.005697740 0.998198628 31.468761444
0.997437418 0.041044820 -0.058911495 -78.337203979 -0.040604785 0.999164701 0.008637282 1.317026258 0.059214804 -0.006223059 0.998244643 32.236259460
0.997439146 0.041792646 -0.058350641 -78.389068604 -0.041321706 0.999129832 0.009244630 1.312778473 0.058684230 -0.006809790 0.998272121 33.000106812
0.997368217 0.043573640 -0.058263253 -78.439750671 -0.043125305 0.999056935 0.008920725 1.305398822 0.058595002 -0.006384623 0.998280227 33.768753052
0.997372627 0.041497495 -0.059686311 -78.493492126 -0.041039214 0.999145269 0.008873963 1.299801946 0.060001478 -0.006401164 0.998196661 34.548309326
0.997294962 0.040322758 -0.061752591 -78.547210693 -0.039806854 0.999188840 0.009552350 1.293961763 0.062085554 -0.007068314 0.998064518 35.329776764
0.996998489 0.043107361 -0.064594969 -78.613059998 -0.042549770 0.999071777 0.009974430 1.287123203 0.064962782 -0.007195967 0.997880518 36.126350403
0.996895015 0.041009307 -0.067493998 -78.679061890 -0.040468030 0.999164224 0.009359444 1.281442523 0.067819126 -0.006599027 0.997694671 36.911403656
0.996467113 0.046696007 -0.070069030 -78.747489929 -0.046420261 0.998934031 0.005551359 1.273508787 0.070251189 -0.002279240 0.997545600 37.704032898
0.996091545 0.050711636 -0.072573386 -78.817619324 -0.050690252 0.998739600 0.002130016 1.266897798 0.072587490 0.001556852 0.997379720 38.508918762
0.995993793 0.049622856 -0.074647926 -78.887466431 -0.049695335 0.998793244 0.000879684 1.255692601 0.074598834 0.002833202 0.997228920 39.341773987
0.995945096 0.047378790 -0.076727666 -78.961242676 -0.047347892 0.998905420 0.002215266 1.246338606 0.076745898 0.001426359 0.997069120 40.148757935
0.995839119 0.046022445 -0.078898095 -79.031036377 -0.045866013 0.998969853 0.003787309 1.231606841 0.078988299 -0.000153020 0.996895075 40.989543915
0.995667160 0.047129828 -0.080398843 -79.105751038 -0.046833459 0.998916805 0.005561776 1.220232248 0.080571011 -0.001772483 0.996766865 41.822921753
0.995619416 0.046663690 -0.081258424 -79.179840088 -0.046065573 0.998925626 0.009213768 1.217893600 0.081598170 -0.005430243 0.996670127 42.646751404
0.995573401 0.045854818 -0.082275905 -79.255592346 -0.044854082 0.998925745 0.013964452 1.215110898 0.082824916 -0.010212143 0.996531546 43.515319824
0.995692074 0.045290116 -0.081146806 -79.334014893 -0.044088501 0.998920679 0.016532820 1.209679961 0.081805080 -0.012883797 0.996584773 44.363178253
0.995669782 0.048680626 -0.079438515 -79.406883240 -0.047484204 0.998759329 0.016875466 1.206885576 0.080158584 -0.013030159 0.996716738 45.210922241
0.995810568 0.048642527 -0.077675782 -79.479553223 -0.047543712 0.998771906 0.015927458 1.205190182 0.078352310 -0.012167607 0.996871114 46.076190948
0.995959759 0.048647847 -0.075733967 -79.551406860 -0.047747433 0.998796046 0.013648369 1.200781345 0.076303966 -0.009977061 0.997054458 46.932411194
0.996300399 0.043875888 -0.074153274 -79.621856689 -0.043093652 0.999028802 0.012108832 1.192672610 0.074609719 -0.008868505 0.997194111 47.818828583
0.996456027 0.043047216 -0.072530493 -79.688156128 -0.042291097 0.999065340 0.011920634 1.188073397 0.072973073 -0.008811002 0.997315645 48.696727753
0.996668518 0.039860427 -0.071424536 -79.753585815 -0.038925014 0.999169171 0.014432333 1.186967134 0.071937717 -0.011603973 0.997362256 49.560935974
0.996872246 0.036402911 -0.070424601 -79.814773560 -0.035265226 0.999259353 0.017321669 1.181751490 0.071000256 -0.014783774 0.997387409 50.440151215
0.996955872 0.036127280 -0.069373928 -79.881217957 -0.034989793 0.999265373 0.017532580 1.176823378 0.069953643 -0.015051646 0.997457385 51.303264618
0.996975541 0.037006468 -0.068626374 -79.950706482 -0.036070284 0.999270976 0.014821528 1.170678139 0.069122143 -0.012301231 0.997553051 52.185226440
0.996827543 0.042075261 -0.067852721 -80.024154663 -0.041506451 0.999122202 0.009761960 1.159034491 0.068201207 -0.006914740 0.997668326 53.043457031
0.996814370 0.043779701 -0.066962883 -80.092475891 -0.043583095 0.999072134 0.004384959 1.150018334 0.067090049 -0.001452785 0.997766674 53.911785126
0.996603251 0.049275547 -0.066284552 -80.165382385 -0.049466759 0.998806775 -0.001254804 1.133655906 0.066140980 0.004528990 0.997820795 54.776275635
0.996542573 0.051445283 -0.065544292 -80.226898193 -0.051732115 0.998689175 -0.002694850 1.116760015 0.065317109 0.006075801 0.997866869 55.628429413
0.996588588 0.051144205 -0.065108910 -80.286422729 -0.051021483 0.998724639 0.003534384 1.101690412 0.065203898 -0.000200680 0.997893035 56.478168488
0.996775568 0.047042292 -0.065339647 -80.356994629 -0.046259943 0.998872697 0.013423218 1.089304686 0.065894686 -0.010357294 0.997793972 57.346427917
0.997028112 0.039795835 -0.066298299 -80.412208557 -0.038518555 0.999082744 0.020421170 1.099328995 0.067047372 -0.017806467 0.997612119 58.186161041
0.996678770 0.044737302 -0.068371452 -80.479736328 -0.043505490 0.998898685 0.019388447 1.081734180 0.069160663 -0.016349275 0.997492850 59.032508850
0.996717036 0.040403094 -0.070481449 -80.535072327 -0.039326970 0.999122739 0.016576748 1.070330501 0.071086414 -0.013750344 0.997396708 59.850662231
0.996636033 0.037466090 -0.073196977 -80.600738525 -0.036463931 0.999256909 0.014967290 1.071537256 0.073700279 -0.012247782 0.997226715 60.685806274
0.996305346 0.039968487 -0.076307863 -80.673225403 -0.039078675 0.999184251 0.013106823 1.060620308 0.076766297 -0.010076359 0.997019768 61.524654388
0.995975256 0.042172816 -0.079369575 -80.753005981 -0.041497003 0.999121428 0.010134013 1.051294088 0.079723939 -0.006799717 0.996815443 62.337059021
0.995591104 0.043681633 -0.083275959 -80.837478638 -0.043263528 0.999074578 0.006808332 1.044285774 0.083492890 -0.003175719 0.996524930 63.145572662
0.995119393 0.047688782 -0.086647287 -80.916587830 -0.047575146 0.998896182 0.003366669 1.023262143 0.086708680 0.000771664 0.996254981 63.964851379
0.994788527 0.048824053 -0.089772403 -81.006851196 -0.048754212 0.998841882 0.002962516 1.018521190 0.089809455 0.001429286 0.995980561 64.773185730
0.994259477 0.052881315 -0.093267061 -81.102539062 -0.052639280 0.998636186 0.005046421 1.005854607 0.093402989 -0.000108308 0.995651007 65.578033447
0.993755877 0.056217335 -0.096622683 -81.192779541 -0.055429846 0.998439431 0.010809473 1.000099063 0.097075701 -0.005386371 0.995285153 66.372741699
0.993417680 0.055448283 -0.100468233 -81.284622192 -0.054003127 0.998430669 0.017042125 0.993082643 0.101251490 -0.011504310 0.994817078 67.185737610
0.993030012 0.053883806 -0.105048686 -81.374763489 -0.051965605 0.998465419 0.020907521 0.988318801 0.106009856 -0.015302699 0.994270086 67.974037170
0.992172182 0.057261966 -0.111189261 -81.481941223 -0.055064626 0.998259604 0.022729496 0.980310559 0.112292841 -0.016428759 0.993562222 68.759277344
0.991793931 0.051676225 -0.117140993 -81.575088501 -0.048913397 0.998491347 0.026334403 0.986778498 0.118320465 -0.020388179 0.992789090 69.544059753
0.990981638 0.053245496 -0.123158142 -81.686248779 -0.050314572 0.998409808 0.026783368 0.984707117 0.124383509 -0.020344824 0.992048502 70.312843323
0.989976227 0.057709996 -0.129090294 -81.799034119 -0.054775398 0.998191357 0.026166616 0.987472773 0.130361810 -0.018833062 0.991310537 71.082336426
0.988937736 0.060529348 -0.135595396 -81.916625977 -0.057925757 0.998090088 0.023063874 0.988258719 0.136727124 -0.014954124 0.990518987 71.869155884
0.988229811 0.059245996 -0.141210988 -82.047744751 -0.056943174 0.998206973 0.020291723 0.993078113 0.142154425 -0.012011910 0.989795208 72.638565063
0.987308741 0.061144713 -0.146735728 -82.171913147 -0.058897574 0.998107195 0.019609863 0.989880204 0.147651240 -0.010718688 0.989005029 73.398414612
0.986511588 0.062387303 -0.151497439 -82.292732239 -0.059362371 0.997973919 0.024408402 0.998940468 0.152707294 -0.015085839 0.988179982 74.179504395
0.985679030 0.062492874 -0.156781450 -82.425186157 -0.058575772 0.997883499 0.029482290 0.999465942 0.158285916 -0.019876231 0.987216949 74.912872314
0.984874666 0.058943801 -0.163084313 -82.559822083 -0.054406181 0.998037100 0.032151610 1.001173735 0.164652929 -0.022792153 0.986111939 75.680442810
0.983755887 0.057043098 -0.170350820 -82.693023682 -0.052940201 0.998226047 0.028530814 1.009239674 0.171669468 -0.019048724 0.984994233 76.427116394
0.982093096 0.058064636 -0.179361731 -82.841560364 -0.054979168 0.998278260 0.022126056 1.009777784 0.180330724 -0.011868729 0.983558238 77.190315247
0.980428755 0.056052908 -0.188856363 -82.999542236 -0.053179007 0.998415589 0.020250428 1.015874743 0.189684898 -0.009811021 0.981819689 77.948051453
0.978580296 0.053586945 -0.198892340 -83.162643433 -0.049860634 0.998510957 0.023696691 1.018661499 0.199858353 -0.013272206 0.979758561 78.673233032
0.976313710 0.053947836 -0.209643483 -83.328308105 -0.048768338 0.998401523 0.029798083 1.029609442 0.210907817 -0.018868092 0.977347612 79.402328491
0.973770142 0.055138085 -0.220866218 -83.511878967 -0.047813579 0.998155355 0.038373832 1.038931370 0.222566172 -0.026806381 0.974572897 80.133583069
0.971182644 0.054688569 -0.232086375 -83.698677063 -0.045915850 0.998054445 0.043035954 1.040696621 0.233979449 -0.031138666 0.971766829 80.866043091
0.968144298 0.059204191 -0.243396759 -83.897277832 -0.051169347 0.997956753 0.039205384 1.052813292 0.245211154 -0.025501570 0.969158232 81.567939758
0.964931190 0.059274651 -0.255821049 -84.104537964 -0.053372260 0.998161733 0.029957185 1.067108870 0.257116705 -0.015252823 0.966283977 82.287582397
0.961722195 0.055977073 -0.268341452 -84.315963745 -0.051108543 0.998414159 0.025097281 1.080836535 0.269310504 -0.010422204 0.963021159 82.994674683
0.958411932 0.056526493 -0.279823989 -84.544082642 -0.050182179 0.998332322 0.029788651 1.102300167 0.281030416 -0.014507593 0.959613562 83.706268311
0.954969049 0.056242555 -0.291412503 -84.759582520 -0.047093369 0.998191714 0.038319275 1.103614092 0.293029606 -0.022869777 0.955854356 84.423561096
0.951318145 0.056543130 -0.303062439 -84.999252319 -0.045113787 0.998022854 0.044585988 1.116020918 0.304972649 -0.028742610 0.951951921 85.141006470
0.947353959 0.053617068 -0.315747261 -85.241828918 -0.042020518 0.998209119 0.043424975 1.130378485 0.317498028 -0.027870430 0.947874069 85.845077515
0.943325460 0.052589316 -0.327753305 -85.488815308 -0.042095639 0.998387516 0.039033026 1.150924444 0.329264998 -0.023023512 0.943981826 86.552284241
0.940246999 0.048463684 -0.337103248 -85.749481201 -0.039736584 0.998710752 0.032742474 1.158073902 0.338242799 -0.017390590 0.940924227 87.256164551
0.937544763 0.045125689 -0.345000684 -86.023757935 -0.038157281 0.998944938 0.026963802 1.169261575 0.345840573 -0.012115585 0.938241243 87.967613220
0.934792280 0.044716265 -0.352442563 -86.297851562 -0.038248878 0.998984993 0.025294140 1.176567912 0.353202701 -0.010164415 0.935517788 88.681045532
0.931762874 0.049225125 -0.359786958 -86.579330444 -0.043022126 0.998792291 0.025231225 1.186367989 0.360581040 -0.008030979 0.932719469 89.353530884
0.928590536 0.051131718 -0.367636919 -86.871978760 -0.043942243 0.998681188 0.027903974 1.191027164 0.368565083 -0.009756761 0.929576933 90.065200806
0.925593019 0.051132631 -0.375119895 -87.152992249 -0.041168306 0.998592257 0.034533348 1.206517696 0.376343489 -0.016520705 0.926359236 90.755149841
0.922734082 0.053751782 -0.381738812 -87.460708618 -0.040275041 0.998290837 0.043211065 1.218528509 0.383394688 -0.024497382 0.923286200 91.485893250
0.920111179 0.060180128 -0.387073129 -87.780410767 -0.043905489 0.997782469 0.050758734 1.237856865 0.389254868 -0.029708460 0.920677543 92.185394287
0.917261541 0.067244254 -0.392633706 -88.102691650 -0.052338377 0.997485399 0.048558667 1.257785797 0.394896805 -0.023990836 0.918438911 92.863891602
0.914684772 0.066609807 -0.398706436 -88.413864136 -0.054867133 0.997696877 0.040804043 1.277380943 0.400491029 -0.015446927 0.916197300 93.557678223
0.912810922 0.061459363 -0.403795630 -88.725311279 -0.052149508 0.998096943 0.034022707 1.284303665 0.405102700 -0.009998700 0.914243340 94.250167847
0.911018014 0.062091161 -0.407728910 -89.056472778 -0.053021155 0.998068035 0.033518467 1.301847219 0.409006834 -0.008917855 0.912514627 94.961074829
0.908883452 0.066118866 -0.411838830 -89.387908936 -0.055399206 0.997781396 0.037925541 1.325949907 0.413416803 -0.011654438 0.910494328 95.656585693
0.906508386 0.067539215 -0.416813105 -89.711761475 -0.054636668 0.997625172 0.042821866 1.340561867 0.418699354 -0.016045019 0.908010244 96.344245911
0.904271781 0.064022146 -0.422191858 -90.046524048 -0.051181223 0.997856379 0.041691117 1.349582911 0.423939705 -0.016091730 0.905574739 97.048858643
0.901970208 0.063751914 -0.427127123 -90.383758545 -0.053478893 0.997956812 0.036016755 1.361958742 0.428534120 -0.009643923 0.903501451 97.732765198
0.899676025 0.062671378 -0.432096601 -90.725875854 -0.055121996 0.998066843 0.029985711 1.372377872 0.433123946 -0.003159821 0.901356101 98.423355103
