1.000000000 0.000000000 0.000000000 0.000000000 0.000000000 1.000000000 0.000000000 0.000000000 0.000000000 0.000000000 1.000000000 0.000000000
0.999979615 0.000583085 -0.006354838 -0.007759314 -0.000582327 0.999999821 0.000121149 -0.007119645 0.006354907 -0.000117446 0.999979794 0.090261340
0.999909699 0.001156571 -0.013388026 -0.019445999 -0.001145898 0.999999046 0.000804840 0.000266211 0.013388943 -0.000789426 0.999910057 0.182429105
0.999781728 0.000650475 -0.020883437 -0.028776791 -0.000649751 0.999999702 0.000041442 -0.000819076 0.020883460 -0.000027864 0.999781907 0.284973770
0.999544859 0.001349040 -0.030132385 -0.044445179 -0.001385608 0.999998331 -0.001192760 0.001519153 0.030130722 0.001233969 0.999545217 0.396158010
0.999149323 0.001744855 -0.041201863 -0.062196814 -0.001848152 0.999995232 -0.002469137 0.002229313 0.041197363 0.002543184 0.999147713 0.507970273
0.998488724 0.001488918 -0.054939259 -0.084538162 -0.001693879 0.999991775 -0.003684296 0.000538542 0.054933317 0.003771788 0.998482883 0.635381579
0.997456908 0.001472161 -0.071256459 -0.110647172 -0.001738010 0.999991715 -0.003669011 0.000074796 0.071250468 0.003783525 0.997451186 0.775072455
0.995964885 0.000029641 -0.089743905 -0.143062219 -0.000359918 0.999993205 -0.003664045 -0.001884350 0.089743197 0.003681561 0.995958090 0.924942493
0.993975341 -0.001069820 -0.109598979 -0.180241212 0.000652988 0.999992430 -0.003839062 -0.004258805 0.109602273 0.003744366 0.993968487 1.084445357
0.991286933 -0.001073582 -0.131716490 -0.227851689 0.000521216 0.999990940 -0.004228010 -0.007643771 0.131719813 0.004122518 0.991278410 1.251035929
0.987799466 0.002643442 -0.155708328 -0.286009073 -0.003575363 0.999977231 -0.005705282 -0.011346366 0.155689731 0.006192389 0.987786591 1.421234965
0.983449519 0.006965306 -0.181048512 -0.352578968 -0.008412192 0.999938428 -0.007225067 -0.016368693 0.180987060 0.008628503 0.983447611 1.597675562
0.978074253 0.007685422 -0.208114177 -0.412066251 -0.009615025 0.999919653 -0.008261837 -0.028513720 0.208033979 0.010081717 0.978069663 1.781357408
0.971316636 0.008520686 -0.237637088 -0.485428870 -0.010845700 0.999905288 -0.008478175 -0.032206312 0.237542376 0.010812337 0.971316993 1.970026255
0.963236868 0.010851816 -0.268433988 -0.572385967 -0.013457566 0.999878466 -0.007869077 -0.035860777 0.268315971 0.011192254 0.963266075 2.162691832
0.953730106 0.012950691 -0.300384521 -0.666400015 -0.015692096 0.999854326 -0.006715466 -0.039310247 0.300253808 0.011118408 0.953794599 2.353853464
0.942445755 0.015010183 -0.334021807 -0.765458286 -0.017915573 0.999823689 -0.005619154 -0.041778181 0.333878607 0.011279942 0.942548633 2.541028976
0.929741979 0.017917067 -0.367775440 -0.865023136 -0.021230031 0.999762297 -0.004964009 -0.049343489 0.367599130 0.012423133 0.929901361 2.718549013
0.915892839 0.020763101 -0.400885284 -0.981732488 -0.024473492 0.999691844 -0.004136828 -0.053282857 0.400675952 0.013599955 0.916118920 2.894541740
0.900604844 0.021457847 -0.434108794 -1.168951035 -0.025867051 0.999656498 -0.004251278 -0.035625912 0.433868378 0.015057836 0.900850415 3.113420248
0.881995738 0.016892945 -0.470954418 -1.287721872 -0.021759145 0.999751329 -0.004889495 -0.038098864 0.470754743 0.014560079 0.882143974 3.293543339
0.860763729 0.012211586 -0.508858204 -1.421909213 -0.017250894 0.999837816 -0.005186790 -0.043838494 0.508712292 0.013242858 0.860834718 3.470784426
0.835640550 0.014087834 -0.549095869 -1.568275928 -0.017994462 0.999836624 -0.001732619 -0.054883253 0.548981726 0.011328533 0.835757613 3.638339520
0.806461453 0.020080451 -0.590945542 -1.754951239 -0.023170115 0.999728858 0.002350803 -0.062117651 0.590832412 0.011796447 0.806708038 3.815796137
0.773927629 0.023992687 -0.632819295 -1.959263563 -0.027079575 0.999621868 0.004781747 -0.067726277 0.632694662 0.013435751 0.774284780 3.989823580
0.737837970 0.023400277 -0.674572170 -2.173554182 -0.026630396 0.999629974 0.005548261 -0.067581028 0.674452424 0.013870407 0.738188088 4.163776875
0.701156080 0.019503260 -0.712741196 -2.474721909 -0.022666356 0.999730289 0.005058427 -0.066206202 0.712647617 0.012608496 0.701409042 4.336691856
0.658115089 0.016035127 -0.752746642 -2.708530426 -0.017577380 0.999827981 0.005930850 -0.066031806 0.752712190 0.009328132 0.658283770 4.499905109
0.612988174 0.015563875 -0.789938867 -2.966615200 -0.015271166 0.999852598 0.007849387 -0.062514797 0.789944589 0.007251708 0.613135457 4.652735233
0.564787447 0.016157515 -0.825078309 -3.246032715 -0.013554684 0.999855042 0.010301638 -0.055154670 0.825125098 0.005365438 0.564924657 4.794279099
0.513698637 0.016747188 -0.857807279 -3.544485569 -0.012636772 0.999848723 0.011952753 -0.048001811 0.857877672 0.004699803 0.513832569 4.921963692
0.463692784 0.018725999 -0.885798156 -3.847035408 -0.011481513 0.999819815 0.015126166 -0.066514246 0.885921657 0.003156411 0.463824153 4.970054150
0.408917606 0.020886650 -0.912332177 -4.182669640 -0.010456299 0.999779701 0.018202014 -0.059732653 0.912511408 0.002096497 0.409045815 5.073896408
0.353698283 0.023014951 -0.935076416 -4.535798073 -0.009856442 0.999733567 0.020878095 -0.056476370 0.935307622 0.001831980 0.353830755 5.158309937
0.298778147 0.026038846 -0.953967333 -4.914128304 -0.007067930 0.999660730 0.025072416 -0.051394299 0.954296410 -0.000748515 0.298860848 5.238800049
0.245900497 0.027826967 -0.968895555 -5.303780079 -0.004959512 0.999610782 0.027450424 -0.049440965 0.969282389 -0.001944823 0.245942846 5.281132221
0.194867611 0.028338825 -0.980420113 -5.692300320 -0.002059541 0.999592066 0.028483637 -0.046579868 0.980827451 -0.003531322 0.194846481 5.326991558
0.147591025 0.029487003 -0.988608837 -6.099460602 -0.003806905 0.999564946 0.029245455 -0.041488066 0.989041150 -0.000552827 0.147639096 5.346432209
0.104640603 0.030521240 -0.994041622 -6.524223804 -0.003839813 0.999533832 0.030285664 -0.039965108 0.994502664 0.000647824 0.104709029 5.368755817
0.066764958 0.028680045 -0.997356474 -6.986306190 -0.007326925 0.999573946 0.028253334 -0.026537955 0.997741818 0.005421223 0.066946648 5.332420826
0.032305732 0.026001755 -0.999139786 -7.450490952 -0.006267501 0.999647141 0.025812309 -0.017803937 0.999458373 0.005428224 0.032457296 5.321233273
0.001119420 0.023306035 -0.999727726 -7.923898220 -0.005777129 0.999711871 0.023299199 -0.011626706 0.999982715 0.005749474 0.001253739 5.299414158
-0.025550500 0.021487344 -0.999442637 -8.407903671 -0.006125538 0.999746859 0.021650486 -0.005069897 0.999654770 0.006675305 -0.025412396 5.268889904
-0.047531705 0.019804135 -0.998673379 -8.904736519 -0.007708800 0.999766409 0.020192713 -0.001200274 0.998839974 0.008658365 -0.047367934 5.215730190
-0.063669533 0.018774556 -0.997794449 -9.429647446 -0.006958254 0.999790430 0.019256119 0.012355104 0.997946799 0.008168934 -0.063525543 5.170262814
-0.076728404 0.019173440 -0.996867657 -9.969885826 -0.006048064 0.999787807 0.019695118 0.021323025 0.997033656 0.007540294 -0.076596148 5.119751930
-0.086117864 0.020344248 -0.996077240 -10.533527374 -0.007384988 0.999751031 0.021057768 0.024135008 0.996257663 0.009169469 -0.085946180 5.056447506
-0.093787022 0.020870000 -0.995373547 -11.124153137 -0.008787634 0.999723911 0.021789216 0.029861197 0.995553493 0.010790522 -0.093577720 4.988742828
-0.098061129 0.022092227 -0.994935215 -11.711633682 -0.008691565 0.999696434 0.023054596 0.037059188 0.995142400 0.010908301 -0.097839333 4.924520493
-0.099500984 0.022683848 -0.994778931 -12.320614815 -0.006376405 0.999705076 0.023433965 0.049830645 0.995016992 0.008674815 -0.099326998 4.863534927
-0.098685108 0.025097864 -0.994802296 -12.945373535 -0.004168227 0.999662757 0.025633980 0.059538454 0.995110035 0.006676254 -0.098547220 4.808228493
-0.097688019 0.027831584 -0.994827867 -13.596028328 -0.004290779 0.999587834 0.028386084 0.066222996 0.995207727 0.007041567 -0.097528331 4.756079674
-0.095902018 0.027107347 -0.995021582 -14.218885422 -0.002267388 0.999620497 0.027451172 0.032740653 0.995388210 0.004888722 -0.095804185 4.662292480
-0.094432957 0.024506902 -0.995229483 -14.883834839 -0.003974805 0.999679565 0.024993634 0.044114083 0.995523334 0.006316065 -0.094305307 4.597548485
-0.093082704 0.024520701 -0.995356321 -15.570643425 -0.004183109 0.999678254 0.025018355 0.058384806 0.995649576 0.006492462 -0.092950180 4.532495975
-0.090881161 0.028248010 -0.995461047 -16.260383606 -0.003474800 0.999582469 0.028682206 0.050453752 0.995855689 0.006065699 -0.090745062 4.463422298
-0.089089163 0.031780198 -0.995516598 -16.979734421 -0.004364340 0.999468803 0.032296937 0.064794838 0.996014178 0.007222080 -0.088903144 4.397995949
-0.087442122 0.033959687 -0.995590627 -17.717149734 -0.004728831 0.999393284 0.034504730 0.077686489 0.996158421 0.007725146 -0.087228470 4.329603195
-0.085422926 0.032117829 -0.995826960 -18.457626343 -0.006722440 0.999438882 0.032810986 0.090347826 0.996322095 0.009497195 -0.085159071 4.261726379
-0.083764531 0.029193779 -0.996057808 -19.215471268 -0.008947572 0.999508440 0.030047370 0.108707488 0.996445358 0.011429203 -0.083462127 4.190741539
-0.082182251 0.028542383 -0.996208429 -19.991834641 -0.010036272 0.999515355 0.029465072 0.126599550 0.996566772 0.012419726 -0.081855968 4.117995739
-0.080764942 0.030803423 -0.996257007 -20.765752792 -0.005265150 0.999495149 0.031330384 0.112331092 0.996719182 0.007775840 -0.080561988 4.056077957
-0.079478994 0.033136159 -0.996285558 -21.558296204 -0.002662227 0.999436796 0.033453338 0.127012968 0.996832907 0.005311178 -0.079346009 3.991846561
-0.078050204 0.034849469 -0.996340096 -22.359260559 -0.001714562 0.999382615 0.035090204 0.141756773 0.996947885 0.004447086 -0.077942267 3.925092936
-0.077351406 0.030080032 -0.996550024 -23.152450562 -0.001668441 0.999539435 0.030299772 0.156597853 0.997002423 0.004006416 -0.077265598 3.862144947
-0.077282853 0.023104450 -0.996741474 -23.964157104 -0.004903432 0.999710560 0.023553463 0.157791734 0.996997178 0.006707733 -0.077147193 3.792123795
-0.077394687 0.018575329 -0.996827483 -24.787609100 -0.001828802 0.999822140 0.018773120 0.170975447 0.996998966 0.003275938 -0.077346943 3.730864525
-0.077925049 0.019465381 -0.996769249 -25.624971390 -0.000108174 0.999809146 0.019533206 0.182715356 0.996959329 0.001629949 -0.077908084 3.665389061
-0.078062877 0.026062205 -0.996607721 -26.448719025 -0.004336640 0.999639928 0.026481187 0.189389646 0.996939003 0.006389124 -0.077921726 3.594483614
-0.078390524 0.033272270 -0.996367335 -27.298130035 -0.005317669 0.999414802 0.033792406 0.202770889 0.996908545 0.007947357 -0.078167707 3.523013592
-0.078524269 0.038727853 -0.996159732 -28.137590408 -0.007207327 0.999197006 0.039414067 0.215443432 0.996886134 0.010274609 -0.078182086 3.446764469
