1.000000000 0.000000000 0.000000000 0.000000000 0.000000000 1.000000000 0.000000000 0.000000000 0.000000000 0.000000000 1.000000000 0.000000000
0.999997795 0.002096714 0.000157339 -0.014300955 -0.002096903 0.999997079 0.001210120 -0.016860595 -0.000154801 -0.001210447 0.999999285 0.785134673
0.999987304 0.005006027 0.000530384 -0.023280071 -0.005006888 0.999986112 0.001633935 -0.030691661 -0.000522197 -0.001636570 0.999998510 1.538937569
0.999979496 0.006329775 0.000954180 -0.031397987 -0.006331278 0.999978721 0.001579572 -0.054780044 -0.000944161 -0.001585581 0.999998271 2.292570591
0.999965131 0.008276708 0.001110208 -0.041682128 -0.008278115 0.999964952 0.001268054 -0.066692613 -0.001099674 -0.001277200 0.999998569 3.025638342
0.999963641 0.008421995 0.001356581 -0.052363306 -0.008423738 0.999963760 0.001284339 -0.084147610 -0.001345715 -0.001295719 0.999998271 3.734163761
0.999961436 0.008542139 0.002028911 -0.054147042 -0.008546654 0.999961019 0.002226696 -0.105027676 -0.002009811 -0.002243950 0.999995410 4.428188801
0.999953032 0.009368813 0.002471716 -0.056764998 -0.009381187 0.999943316 0.005042912 -0.117872089 -0.002424330 -0.005065863 0.999984145 5.119859219
0.999952555 0.008908937 0.003938877 -0.069013514 -0.008943971 0.999919832 0.008968003 -0.133092135 -0.003858665 -0.009002807 0.999951959 5.777422905
0.999952316 0.008429669 0.004960110 -0.065877914 -0.008491076 0.999885917 0.012491970 -0.150284082 -0.004854241 -0.012533491 0.999909699 6.415647507
0.999953330 0.007540357 0.006063140 -0.066539317 -0.007629841 0.999860227 0.014873389 -0.161593974 -0.005950141 -0.014918952 0.999871075 7.017766476
0.999943435 0.007637533 0.007410192 -0.065444238 -0.007747937 0.999857605 0.014986408 -0.174613193 -0.007294678 -0.015042973 0.999860287 7.589452267
0.999926031 0.008791978 0.008412592 -0.069996111 -0.008899512 0.999877989 0.012831514 -0.180275306 -0.008298753 -0.012905433 0.999882281 8.148640633
0.999919295 0.008697765 0.009258478 -0.069872454 -0.008789188 0.999912560 0.009880253 -0.184216663 -0.009171732 -0.009960830 0.999908388 8.667656898
0.999916732 0.007076000 0.010783643 -0.062696524 -0.007166399 0.999939322 0.008367527 -0.188060358 -0.010723779 -0.008444109 0.999906838 9.171711922
0.999913573 0.003747079 0.012595152 -0.044959374 -0.003827665 0.999972403 0.006380168 -0.205266058 -0.012570899 -0.006427826 0.999900281 9.637426376
0.999891639 0.001943873 0.014589229 -0.035423934 -0.002019620 0.999984622 0.005179022 -0.237315953 -0.014578938 -0.005207925 0.999880135 10.076648712
0.999845445 0.005474964 0.016703244 -0.047288984 -0.005529881 0.999979496 0.003243416 -0.229386777 -0.016685147 -0.003335281 0.999855161 10.483255386
0.999759138 0.009578891 0.019739993 -0.046282217 -0.009630331 0.999950528 0.002512435 -0.232010633 -0.019714952 -0.002701933 0.999801934 10.874818802
0.999685049 0.010139446 0.022952413 -0.038170189 -0.010215858 0.999942660 0.003214340 -0.223521620 -0.022918507 -0.003447805 0.999731302 11.219710350
0.999636352 0.006346423 0.026209645 -0.024688214 -0.006450914 0.999971569 0.003904130 -0.240478054 -0.026184123 -0.004071786 0.999648869 11.545950890
0.999587297 0.001472948 0.028689029 -0.003077298 -0.001583094 0.999991477 0.003816911 -0.257144034 -0.028683163 -0.003860753 0.999581099 11.831939697
0.999515474 -0.001907181 0.031069312 0.012062341 0.001746221 0.999984920 0.005206954 -0.269918919 -0.031078776 -0.005150177 0.999503732 12.087566376
0.999436796 -0.002935175 0.033427898 0.017660886 0.002723757 0.999976039 0.006368340 -0.278215557 -0.033445790 -0.006273705 0.999420822 12.322394371
0.999361336 -0.001847543 0.035686843 0.023821712 0.001659488 0.999984562 0.005298442 -0.276253194 -0.035696089 -0.005235836 0.999348998 12.530042648
0.999283314 -0.000796251 0.037847366 0.022726148 0.000638936 0.999991119 0.004168449 -0.282600969 -0.037850350 -0.004141279 0.999274850 12.710861206
0.999185264 0.001047031 0.040347707 0.028558224 -0.001182644 0.999993682 0.003337373 -0.283536196 -0.040343963 -0.003382371 0.999180198 12.889039040
0.999110579 0.003667488 0.042008735 0.035221398 -0.003784092 0.999989152 0.002696508 -0.285361439 -0.041998394 -0.002853074 0.999113679 13.046283722
0.999047995 0.004678258 0.043374024 0.030629694 -0.004749640 0.999987483 0.001542826 -0.287641615 -0.043366268 -0.001747367 0.999057829 13.201352119
0.998964727 0.004382089 0.045279302 0.042644918 -0.004378735 0.999990463 -0.000173267 -0.297088355 -0.045279630 -0.000025178 0.998974383 13.353675842
0.998894989 0.003160249 0.046888441 0.044574857 -0.003090344 0.999993980 -0.001563279 -0.307025284 -0.046893101 0.001416650 0.998898923 13.500275612
0.998838484 0.002313248 0.048127707 0.057603598 -0.002189345 0.999994159 -0.002627007 -0.313860327 -0.048133500 0.002518587 0.998837709 13.642220497
0.998767495 0.002797079 0.049553547 0.058099210 -0.002611530 0.999989212 -0.003808765 -0.312167495 -0.049563672 0.003674660 0.998764277 13.764678955
0.998695433 0.003740047 0.050923485 0.064651310 -0.003440693 0.999976218 -0.005964885 -0.312437803 -0.050944582 0.005781891 0.998684764 13.891313553
0.998652160 0.003911925 0.051753655 0.076883078 -0.003503010 0.999961913 -0.007989537 -0.313177347 -0.051782947 0.007797475 0.998627961 14.014144897
0.998617887 0.003195276 0.052460093 0.084165514 -0.002655753 0.999942839 -0.010350945 -0.320106864 -0.052490182 0.010197318 0.998569369 14.139294624
0.998645306 0.002250489 0.051984169 0.089625299 -0.001619403 0.999924481 -0.012178904 -0.327743351 -0.052007660 0.012078224 0.998573661 14.261662483
0.998746693 0.001861414 0.050013307 0.093473554 -0.001191392 0.999909163 -0.013423352 -0.330305636 -0.050033763 0.013346945 0.998658359 14.384077072
0.998891294 0.001682849 0.047045160 0.089645624 -0.001012162 0.999897599 -0.014276437 -0.329662025 -0.047064360 0.014212992 0.998790741 14.509965897
0.999071002 0.002268875 0.043031842 0.092754960 -0.001606553 0.999879777 -0.015419779 -0.333686143 -0.043061651 0.015336324 0.998954773 14.648123741
0.999296010 0.002646824 0.037423149 0.088205963 -0.002024696 0.999859273 -0.016652282 -0.336133420 -0.037461959 0.016564794 0.999160767 14.769588470
0.999522209 0.002341890 0.030819032 0.082589298 -0.001811090 0.999849677 -0.017239790 -0.338040471 -0.030854775 0.017175741 0.999376297 14.887156487
0.999716103 0.002462646 0.023699999 0.078805089 -0.002035088 0.999835014 -0.018047638 -0.339731157 -0.023740534 0.017994285 0.999556184 15.020549774
0.999874651 0.002306276 0.015665879 0.069835141 -0.002005403 0.999813676 -0.019194236 -0.339636177 -0.015707230 0.019160414 0.999692976 15.154599190
0.999982953 0.001508030 0.005638290 0.066152558 -0.001392336 0.999789536 -0.020467199 -0.344693214 -0.005667966 0.020459004 0.999774635 15.296245575
0.999974430 -0.000013207 -0.007150210 0.056195669 -0.000144155 0.999757767 -0.022007000 -0.348813385 0.007148765 0.022007475 0.999732316 15.449193001
0.999733031 -0.000642773 -0.023098841 0.036777526 0.000096439 0.999720395 -0.023645351 -0.361649066 0.023107588 0.023636812 0.999453545 15.595464706
0.999100268 -0.000236967 -0.042410679 0.007728338 -0.000817266 0.999691010 -0.024838652 -0.360987395 0.042403463 0.024850966 0.998791516 15.778677940
0.997952580 0.000676819 -0.063955978 -0.029142439 -0.002243551 0.999699056 -0.024428397 -0.364421725 0.063920200 0.024521871 0.997653723 15.964724541
0.996152043 0.001022919 -0.087634973 -0.074459910 -0.003065174 0.999726772 -0.023172706 -0.366930574 0.087587327 0.023352161 0.995883107 16.166135788
0.993453622 0.002286497 -0.114212535 -0.123865485 -0.004792136 0.999753714 -0.021668658 -0.381852150 0.114134863 0.022074128 0.993219912 16.404525757
0.989572406 0.003130539 -0.144001827 -0.191319466 -0.006031612 0.999787390 -0.019713946 -0.379348546 0.143909514 0.020376937 0.989381015 16.621311188
0.984175205 0.003700897 -0.177159175 -0.261743069 -0.006714195 0.999842763 -0.016412528 -0.393516243 0.177070588 0.017342286 0.984045267 16.891149521
0.976894915 0.004664093 -0.213669688 -0.347793341 -0.007536554 0.999891758 -0.012630861 -0.394924521 0.213587672 0.013949355 0.976824224 17.151075363
0.967371285 0.005902347 -0.253294230 -0.456000090 -0.007907428 0.999944806 -0.006898685 -0.405549169 0.253239512 0.008676494 0.967364609 17.397867203
0.955592394 0.010236514 -0.294513404 -0.589771748 -0.011471041 0.999931157 -0.002464507 -0.395293802 0.294467956 0.005733442 0.955644011 17.686679840
0.941603124 0.014046389 -0.336431473 -0.733951092 -0.014221307 0.999896944 0.001944270 -0.405356377 0.336424142 0.002953764 0.941705883 17.973505020
0.925142527 0.016866246 -0.379245102 -0.896271229 -0.015136053 0.999857008 0.007543494 -0.407874644 0.379318088 -0.001238534 0.925265491 18.228897095
0.906097174 0.020175949 -0.422588170 -1.085835457 -0.015253120 0.999770761 0.015027665 -0.416115373 0.422794431 -0.007170737 0.906197131 18.544982910
0.884454370 0.024415806 -0.465987504 -1.289687157 -0.016152207 0.999633670 0.021719413 -0.418318152 0.466347039 -0.011683103 0.884524643 18.832094193
0.860029876 0.029456869 -0.509392619 -1.508687496 -0.018574186 0.999477863 0.026437633 -0.417185128 0.509905457 -0.013275603 0.860128045 19.091466904
0.832374871 0.033164300 -0.553219736 -1.764882088 -0.020068895 0.999357045 0.029713560 -0.417264938 0.553849459 -0.013630310 0.832505226 19.392837524
0.802152693 0.037025627 -0.595969915 -2.016455650 -0.022825677 0.999247611 0.031357445 -0.400805712 0.596682489 -0.011550044 0.802394211 19.643020630
0.768625617 0.039900597 -0.638453126 -2.317520142 -0.023563573 0.999141514 0.034074184 -0.399674892 0.639264584 -0.011146056 0.768905938 19.941421509
0.732120454 0.043930788 -0.679756999 -2.634766579 -0.024920685 0.998977542 0.037720717 -0.381276846 0.680719078 -0.010676099 0.732466817 20.205421448
0.693951666 0.045376889 -0.718590140 -2.957913399 -0.022859626 0.998897552 0.041001648 -0.363531828 0.719658554 -0.012026464 0.694223940 20.449321747
0.653426528 0.045642246 -0.755612731 -3.332693100 -0.020560414 0.998882473 0.042556882 -0.359910429 0.756710649 -0.012272086 0.653634667 20.718482971
0.611271679 0.045099936 -0.790134728 -3.718295097 -0.016156137 0.998878062 0.044515885 -0.340455651 0.791255891 -0.014445778 0.611314476 20.971008301
0.567234278 0.045593634 -0.822293401 -4.111996651 -0.011396879 0.998805404 0.047518887 -0.346489906 0.823477507 -0.017582765 0.567076266 21.190986633
0.520807087 0.046955962 -0.852382004 -4.573819160 -0.009356431 0.998740017 0.049301729 -0.314350665 0.853623152 -0.017701434 0.520590246 21.421230316
0.471641004 0.046695605 -0.880553365 -5.008921623 -0.008228811 0.998786390 0.048557971 -0.281938970 0.881752253 -0.015656026 0.471452862 21.606319427
0.419948995 0.045989383 -0.906381726 -5.513419151 -0.003682820 0.998793364 0.048971962 -0.266317785 0.907540262 -0.017227687 0.419611633 21.800495148
0.366595894 0.045341063 -0.929274738 -6.019852161 0.001883085 0.998773515 0.049474899 -0.254850149 0.930378437 -0.019887201 0.366060853 21.960903168
0.313025504 0.044673134 -0.948693633 -6.523715019 0.004127197 0.998819649 0.048395332 -0.253294289 0.949735761 -0.019064415 0.312471718 22.080062866
0.259693146 0.049473595 -0.964423120 -7.111855984 0.004672990 0.998610675 0.052485686 -0.185616195 0.965679944 -0.018136917 0.259101212 22.194591522
0.208410814 0.055229895 -0.976480782 -7.699332714 0.007507365 0.998284459 0.058065433 -0.151616454 0.978012562 -0.019432262 0.207638711 22.280502319
0.160733238 0.057198901 -0.985339105 -8.274995804 0.013081070 0.998108149 0.060073998 -0.159167647 0.986911237 -0.022545176 0.159680948 22.356578827
0.115697272 0.058333237 -0.991570175 -8.921911240 0.016000340 0.998035073 0.060580488 -0.127687991 0.993155658 -0.022874461 0.114536583 22.397432327
0.075749621 0.057439692 -0.995471120 -9.541061401 0.016237924 0.998135984 0.058829073 -0.104315400 0.996994674 -0.020620665 0.074675724 22.420799255
0.039634645 0.053034026 -0.997805893 -10.208190918 0.013104283 0.998476982 0.053590231 -0.070127189 0.999128342 -0.015199560 0.038879313 22.409503937
0.010974422 0.052578069 -0.998556554 -10.871662140 0.010960484 0.998550415 0.052698199 -0.021118701 0.999879777 -0.011523002 0.010382243 22.396579742
-0.010252413 0.056619894 -0.998343170 -11.595541954 0.010048223 0.998351038 0.056517154 0.015378833 0.999896884 -0.009452138 -0.010804436 22.359964371
-0.023684785 0.062648892 -0.997754574 -12.328435898 0.011283354 0.997987747 0.062395684 0.058885992 0.999655783 -0.009780188 -0.024344016 22.330717087
-0.031472217 0.065754212 -0.997339427 -13.082218170 0.011748220 0.997789085 0.065413132 0.079517543 0.999435604 -0.009658267 -0.032175124 22.299446106
-0.036036149 0.063234925 -0.997347772 -13.847975731 0.012209949 0.997949421 0.062831886 0.122211933 0.999276042 -0.009913348 -0.036734331 22.257301331
-0.035327837 0.059085373 -0.997627556 -14.623347282 0.018924475 0.998111308 0.058443852 0.188815415 0.999196649 -0.016814882 -0.036379270 22.241373062
-0.031320889 0.057683982 -0.997843385 -15.432339668 0.030724609 0.997917056 0.056723811 0.174981356 0.999037087 -0.028881716 -0.033027954 22.228548050
-0.025633501 0.057951853 -0.997990251 -16.266117096 0.032221150 0.997847378 0.057115953 0.227544844 0.999152005 -0.030692305 -0.027445599 22.213768005
-0.020723488 0.056507699 -0.998187125 -17.123388290 0.030224480 0.997980475 0.055868518 0.305433095 0.999328256 -0.029011892 -0.022389555 22.196035385
-0.017189583 0.051234368 -0.998538733 -17.979656219 0.034170661 0.998132944 0.050625298 0.302712917 0.999268174 -0.033250496 -0.018908203 22.179176331
-0.015285109 0.040265102 -0.999072134 -18.854600906 0.031750135 0.998704493 0.039764535 0.318378270 0.999378979 -0.031112868 -0.016543726 22.159797668
-0.014734386 0.031919401 -0.999381959 -19.756132126 0.024656210 0.999197960 0.031550013 0.374786973 0.999587417 -0.024176095 -0.015509579 22.129364014
-0.015784666 0.028865751 -0.999458730 -20.683626175 0.018487224 0.999420702 0.028572688 0.380690396 0.999704540 -0.018026205 -0.016309166 22.097349167
-0.019647285 0.034435116 -0.999213815 -21.630544662 0.009311058 0.999369681 0.034257405 0.412291706 0.999763608 -0.008630672 -0.019955523 22.062501907
-0.023888774 0.042621545 -0.998805761 -22.601915359 0.004134525 0.999086559 0.042534638 0.473289818 0.999706030 -0.003113487 -0.024043169 22.021539688
-0.028538913 0.051924184 -0.998243153 -23.590234756 0.002546624 0.998650491 0.051872555 0.477892101 0.999589443 -0.001061764 -0.028632624 21.977640152
-0.030562367 0.062095758 -0.997602284 -24.610197067 0.001353085 0.998070061 0.062083427 0.548410714 0.999531925 0.000547576 -0.030587398 21.938896179
-0.031212257 0.070417933 -0.997029066 -25.628557205 0.003476080 0.997516692 0.070343569 0.575469732 0.999506652 -0.001270172 -0.031379525 21.903875351
-0.032961775 0.072273552 -0.996840060 -26.656042099 0.005062485 0.997381210 0.072145410 0.616166711 0.999443769 -0.002668447 -0.033241339 21.860219955
-0.034489602 0.068605743 -0.997047424 -27.661165237 0.003582679 0.997643113 0.068522811 0.690709472 0.999398649 -0.001208777 -0.034654107 21.821285248
-0.037496231 0.063961402 -0.997247696 -28.696792603 0.000841711 0.997951150 0.063974872 0.748017788 0.999296427 0.001559422 -0.037473243 21.771818161
-0.041810386 0.058358282 -0.997419775 -29.720514297 0.000752479 0.998294353 0.058377914 0.778812706 0.999125302 0.001690265 -0.041782983 21.716758728
-0.047373738 0.054439869 -0.997392535 -30.751022339 0.001529687 0.998516560 0.054428548 0.815254390 0.998876095 0.001052785 -0.047386725 21.664224625
-0.054362547 0.051712707 -0.997181296 -31.794326782 -0.000423004 0.998656750 0.051812284 0.861504674 0.998521090 0.003238460 -0.054267645 21.589300156
-0.060388111 0.054874953 -0.996665418 -32.848842621 0.000586435 0.998489499 0.054939855 0.900303900 0.998174727 0.002733234 -0.060329072 21.523315430
-0.067043297 0.059145518 -0.995995402 -33.915523529 -0.000879849 0.998237550 0.059337877 0.938215077 0.997749627 0.004854532 -0.066873096 21.439790726
-0.073218115 0.062610075 -0.995348871 -34.983917236 -0.003110138 0.998008430 0.063006155 0.993369937 0.997311115 0.007708865 -0.072877564 21.346765518
-0.077407487 0.064762704 -0.994893909 -36.030975342 -0.006315781 0.997836173 0.065445639 1.041861057 0.996979594 0.011349512 -0.076830938 21.256830215
-0.080726817 0.066583782 -0.994509876 -37.112129211 -0.010556282 0.997653186 0.067651123 1.089105487 0.996680379 0.015959585 -0.079834476 21.145162582
-0.081860699 0.067623585 -0.994346976 -38.182273865 -0.014361612 0.997511744 0.069021165 1.160458088 0.996540308 0.019930543 -0.080685832 21.050661087
-0.084093817 0.067467704 -0.994171262 -39.262107849 -0.015621577 0.997493386 0.069014549 1.199669123 0.996335447 0.021334223 -0.082829066 20.948879242
-0.085637547 0.067069173 -0.994066477 -40.331321716 -0.016099697 0.997508109 0.068688385 1.245501041 0.996196330 0.021886470 -0.084344387 20.844543457
-0.086125277 0.066411577 -0.994068384 -41.403064728 -0.017430214 0.997522652 0.068152487 1.292309046 0.996131837 0.023196477 -0.084754363 20.743043900
-0.087360404 0.065562218 -0.994016945 -42.492855072 -0.019160695 0.997536719 0.067478336 1.353934288 0.995992482 0.024940990 -0.085888989 20.641149521
-0.088243917 0.063640684 -0.994063854 -43.582046509 -0.023271583 0.997552931 0.065929890 1.397761822 0.995827079 0.028951354 -0.086546957 20.529748917
-0.088110186 0.058561292 -0.994387865 -44.664230347 -0.029188262 0.997689843 0.061342053 1.449957490 0.995683014 0.034429308 -0.086197339 20.417314529
-0.087832473 0.057457760 -0.994476855 -45.763954163 -0.031321947 0.997682095 0.060409319 1.500726581 0.995642781 0.036454845 -0.085829183 20.305461884
-0.085575491 0.061632756 -0.994423628 -46.867656708 -0.031497154 0.997418523 0.064528890 1.555650949 0.995833755 0.036843605 -0.083413325 20.203809738
-0.084236987 0.065569803 -0.994286060 -47.982707977 -0.031132298 0.997172296 0.068397701 1.620248556 0.995959282 0.036716018 -0.081957452 20.098928452
-0.082038827 0.065317012 -0.994486511 -49.084209442 -0.028976502 0.997271895 0.067890331 1.663133144 0.996207833 0.034386389 -0.079922378 20.007293701
-0.079970285 0.064590752 -0.994702339 -50.192237854 -0.028776955 0.997332931 0.067075104 1.715139151 0.996381760 0.033988521 -0.077898256 19.910514832
-0.076052785 0.065281272 -0.994964421 -51.307132721 -0.032626234 0.997157216 0.067919008 1.771996260 0.996569872 0.037627384 -0.073706709 19.814571381
-0.069889143 0.065836899 -0.995379806 -52.432144165 -0.037962954 0.996921360 0.068604372 1.839243174 0.996832132 0.042582270 -0.067174613 19.721586227
-0.064740941 0.066048980 -0.995713890 -53.559421539 -0.041556876 0.996763051 0.068820596 1.890960574 0.997036457 0.045834266 -0.061786599 19.633266449
-0.058379944 0.065074563 -0.996171355 -54.684944153 -0.043407407 0.996763945 0.067657150 1.946482658 0.997350276 0.047191031 -0.055366311 19.557794571
-0.052915551 0.064563185 -0.996509731 -55.814880371 -0.042795990 0.996844351 0.066857368 1.996587753 0.997681558 0.046184417 -0.049985521 19.494964600
-0.047750093 0.064587757 -0.996769011 -56.945762634 -0.041157171 0.996932626 0.066569984 2.046916008 0.998011053 0.044202924 -0.044945374 19.434270859
-0.041778263 0.065317355 -0.996989608 -58.076229095 -0.040599700 0.996925771 0.067014463 2.100342035 0.998301685 0.043277223 -0.038997959 19.383726120
-0.036583651 0.067023762 -0.997080564 -59.229293823 -0.038189158 0.996925771 0.068414547 2.156788349 0.998600662 0.040580522 -0.033911608 19.334461212
-0.031186750 0.067822911 -0.997209966 -60.373119354 -0.040187351 0.996803224 0.069052093 2.223342896 0.998705268 0.042228732 -0.028361438 19.299415588
-0.025384752 0.067928471 -0.997367263 -61.520500183 -0.039547559 0.996839464 0.068899065 2.275958061 0.998895109 0.041192424 -0.022618119 19.263061523
-0.020912156 0.063968994 -0.997732818 -62.665931702 -0.039716735 0.997110009 0.064761512 2.326066971 0.998992145 0.040980991 -0.018311080 19.228664398
-0.016043505 0.058596328 -0.998152852 -63.810977936 -0.039461944 0.997466564 0.059190296 2.372874260 0.999092281 0.040338665 -0.013690533 19.211101532
-0.012495625 0.057255048 -0.998281419 -64.967620850 -0.040000658 0.997531533 0.057712730 2.422448158 0.999121547 0.040653065 -0.010174541 19.185861588
-0.009125073 0.060004082 -0.998156428 -66.135292053 -0.039115459 0.997412503 0.060316961 2.472913265 0.999192953 0.039593745 -0.006754376 19.176321030
-0.006363601 0.060272157 -0.998161674 -67.301689148 -0.038527820 0.997425973 0.060473356 2.519781590 0.999237180 0.038841832 -0.004025065 19.159816742
-0.005610203 0.059640128 -0.998204112 -68.456115723 -0.040707644 0.997378826 0.059819601 2.570836067 0.999155343 0.040970150 -0.003167688 19.141521454
-0.004532460 0.060960725 -0.998129904 -69.630966187 -0.041818745 0.997255385 0.061097212 2.625172138 0.999114931 0.042017460 -0.001970719 19.131223679
-0.003619037 0.060877070 -0.998138726 -70.789451599 -0.042205941 0.997246504 0.060975675 2.664633274 0.999102354 0.042348057 -0.001039698 19.119136810
-0.002623970 0.058917902 -0.998259366 -71.976097107 -0.043141529 0.997326732 0.058976252 2.716666698 0.999065459 0.043221191 -0.000075147 19.104507446
-0.001486620 0.057562642 -0.998340845 -73.163681030 -0.041664112 0.997471333 0.057574559 2.767476559 0.999130547 0.041680571 0.000915436 19.102512360
-0.001630275 0.057573423 -0.998339951 -74.335128784 -0.038049556 0.997614682 0.057593741 2.809371233 0.999274671 0.038080286 0.000564257 19.091379166
-0.001497301 0.057960067 -0.998317778 -75.516204834 -0.035662744 0.997680724 0.057976570 2.853187084 0.999362826 0.035689559 0.000573186 19.089487076
-0.001084231 0.061007284 -0.998136759 -76.705490112 -0.035031468 0.997522354 0.061007768 2.905638456 0.999385536 0.035032336 0.001055630 19.079832077
-0.000951119 0.064983711 -0.997885942 -77.876106262 -0.037109878 0.997196615 0.064974189 2.966784716 0.999310672 0.037093215 0.001463085 19.073192596
0.000004461 0.065418087 -0.997857928 -79.057617188 -0.039009955 0.997098386 0.065368116 3.028561592 0.999238968 0.038926106 0.002556404 19.062625885
-0.000072333 0.063232467 -0.997998834 -80.225914001 -0.040471833 0.997180879 0.063183583 3.066080332 0.999180675 0.040395413 0.002487005 19.050346375
0.000293274 0.060922772 -0.998142362 -81.403007507 -0.040566936 0.997321486 0.060860757 3.121870041 0.999176800 0.040473729 0.002763939 19.038822174
0.000863298 0.060203481 -0.998185754 -82.573478699 -0.038793415 0.997436702 0.060124759 3.159108639 0.999246955 0.038671132 0.003196583 19.042249680
0.000567932 0.061859917 -0.998084664 -83.746917725 -0.036862217 0.997407794 0.061796989 3.208689213 0.999320209 0.036756516 0.002846754 19.041175842
0.000761956 0.064604238 -0.997910619 -84.916000366 -0.036353845 0.997253120 0.064533912 3.262408972 0.999338746 0.036228713 0.003108475 19.037422180
0.001542707 0.067342840 -0.997728705 -86.096847534 -0.036677737 0.997062504 0.067241147 3.306123018 0.999325931 0.036490701 0.004008158 19.037677765
0.001507225 0.067743465 -0.997701645 -87.256759644 -0.038151816 0.996980309 0.067636840 3.366212368 0.999270797 0.037962183 0.004087209 19.029268265
0.002212536 0.065747485 -0.997833848 -88.425430298 -0.037610970 0.997135758 0.065618090 3.415889502 0.999289930 0.037384320 0.004679026 19.028144836
0.002273257 0.064205289 -0.997934103 -89.583068848 -0.036069382 0.997292638 0.064081848 3.472596645 0.999346614 0.035849191 0.004582947 19.015855789
0.002389808 0.065033659 -0.997880220 -90.746101379 -0.034833577 0.997282803 0.064911313 3.512913227 0.999390185 0.034604609 0.004648670 19.021503448
0.002985624 0.068252347 -0.997663617 -91.902763367 -0.032440148 0.997149527 0.068120092 3.569569111 0.999469161 0.032160979 0.005191229 19.022003174
0.002999792 0.070782870 -0.997487307 -93.067779541 -0.030534826 0.997032940 0.070658825 3.625440836 0.999529123 0.030246137 0.005152234 19.016857147
0.003212933 0.072497502 -0.997363567 -94.225631714 -0.031097690 0.996893346 0.072363161 3.686800003 0.999511182 0.030783202 0.005457457 19.018241882
0.003773904 0.074387401 -0.997222364 -95.399307251 -0.033719011 0.996671617 0.074218735 3.749096870 0.999424219 0.033345252 0.006269613 19.010229111
0.003858241 0.073725887 -0.997271061 -96.550025940 -0.035883527 0.996646345 0.073540881 3.814213753 0.999348521 0.035501875 0.006490847 19.007120132
0.004243051 0.070545346 -0.997499526 -97.699165344 -0.038283952 0.996788621 0.070332229 3.870309830 0.999257922 0.037889797 0.006930181 18.990921021
0.004430794 0.068521358 -0.997639835 -98.847488403 -0.039956022 0.996864974 0.068290681 3.931211233 0.999191642 0.039559133 0.007154745 18.990114212
0.004509032 0.067496218 -0.997709334 -99.984046936 -0.039782092 0.996941745 0.067264497 3.986896992 0.999198198 0.039387666 0.007180383 18.992502213
0.005112289 0.067411572 -0.997712135 -101.139572144 -0.038151488 0.997011900 0.067168780 4.037549496 0.999258876 0.037720811 0.007668865 18.998661041
0.004650996 0.070072390 -0.997530997 -102.301567078 -0.038075384 0.996830761 0.069845684 4.099827290 0.999264061 0.037656531 0.007304290 18.997859955
0.005149052 0.072150171 -0.997380495 -103.457099915 -0.035593815 0.996774793 0.071922623 4.154445171 0.999353051 0.035130236 0.007700548 19.002710342
0.004260701 0.071217053 -0.997451663 -104.616058350 -0.039543189 0.996692777 0.070993938 4.225893974 0.999208689 0.039139945 0.007062757 18.998342514
0.004006011 0.072010823 -0.997395813 -105.779747009 -0.043569036 0.996469319 0.071768917 4.295292854 0.999042332 0.043168064 0.007129309 18.996154785
0.004184381 0.071621016 -0.997423053 -106.942146301 -0.046946287 0.996346235 0.071346715 4.355520248 0.998888552 0.046526775 0.007531432 18.984613419
0.003779784 0.068366975 -0.997653067 -108.131240845 -0.047693681 0.996537209 0.068109825 4.408984184 0.998854876 0.047324307 0.007027370 18.970653534
0.002905743 0.063589610 -0.997971833 -109.312232971 -0.048974428 0.996787727 0.063371554 4.466812611 0.998795807 0.048690967 0.006010674 18.968051910
0.002580074 0.063075066 -0.998005450 -110.496101379 -0.045534879 0.996980965 0.062892586 4.524468899 0.998959422 0.045281798 0.005444400 18.967857361
0.001777373 0.062820464 -0.998023272 -111.696800232 -0.040498659 0.997210503 0.062697195 4.581173897 0.999177992 0.040307168 0.004316559 18.972566605
0.001646997 0.064509645 -0.997915864 -112.895690918 -0.039790146 0.997130930 0.064393267 4.641498089 0.999206841 0.039601158 0.004209120 18.968643188
0.000655117 0.068356097 -0.997660816 -114.119308472 -0.038827751 0.996910334 0.068279199 4.706667900 0.999245703 0.038692191 0.003307206 18.968370438
0.000023650 0.069151923 -0.997606158 -115.335594177 -0.036897779 0.996926904 0.069103964 4.765962601 0.999318957 0.036807820 0.002575130 18.966409683
-0.000140040 0.064889960 -0.997892499 -116.556732178 -0.036635634 0.997222185 0.064851530 4.832073689 0.999328673 0.036567502 0.002237634 18.957393646
-0.001270310 0.061216224 -0.998123705 -117.787956238 -0.037489355 0.997419953 0.061220773 4.889765739 0.999296248 0.037496787 0.001027924 18.937660217
-0.001747729 0.059997883 -0.998196959 -119.019973755 -0.036616199 0.997525275 0.060021620 4.938129902 0.999327958 0.036655080 0.000453491 18.931495667
-0.002419203 0.061148841 -0.998125672 -120.263847351 -0.037917279 0.997405291 0.061196599 4.991261482 0.999278009 0.037994258 -0.000094328 18.915643692
-0.003175730 0.065504335 -0.997847378 -121.518363953 -0.042535827 0.996940315 0.065580197 5.058786869 0.999089897 0.042652521 -0.000379731 18.905563354
-0.003111871 0.069704264 -0.997562826 -122.765693665 -0.047884364 0.996412992 0.069773301 5.122786522 0.998848081 0.047984783 0.000237036 18.888645172
-0.003402255 0.069528356 -0.997574091 -124.032028198 -0.054799687 0.996068001 0.069610260 5.186579227 0.998491585 0.054903574 0.000421254 18.857900620
-0.003357974 0.067267112 -0.997729301 -125.302894592 -0.058397859 0.996019125 0.067348324 5.256218433 0.998287737 0.058491409 0.000583648 18.835351944
-0.003569688 0.066014588 -0.997812271 -126.561035156 -0.060331266 0.995986700 0.066109657 5.312479019 0.998172045 0.060435273 0.000427381 18.817935944
-0.004596364 0.065854460 -0.997818649 -127.830299377 -0.060310975 0.995994508 0.066011883 5.376091003 0.998169065 0.060482830 -0.000606207 18.810253143
-0.004514458 0.065177120 -0.997863412 -129.077316284 -0.058117636 0.996169865 0.065329425 5.425412178 0.998299539 0.058288395 -0.000709227 18.801439285
-0.005251428 0.065686017 -0.997826457 -130.333740234 -0.058168065 0.996130645 0.065880507 5.485412121 0.998293042 0.058387607 -0.001410280 18.787250519
-0.005860788 0.070313469 -0.997507751 -131.590774536 -0.058261205 0.995806396 0.070535831 5.548707962 0.998284101 0.058529392 -0.001739663 18.773729324
-0.006160475 0.075144067 -0.997153699 -132.842178345 -0.056581434 0.995548964 0.075372688 5.616893768 0.998378992 0.056884702 -0.001881295 18.763063431
-0.006424813 0.073788792 -0.997253180 -134.098098755 -0.056874651 0.995632470 0.074035287 5.683487892 0.998360574 0.057194080 -0.002200041 18.744607925
-0.005572336 0.072297566 -0.997367561 -135.352050781 -0.057260614 0.995723486 0.072498307 5.748670578 0.998343706 0.057513855 -0.001408702 18.732612610
-0.003960898 0.072375365 -0.997369587 -136.598037720 -0.055261981 0.995837450 0.072483659 5.824107170 0.998464048 0.055403724 0.000055196 18.721448898
-0.003144611 0.071526155 -0.997433782 -137.850570679 -0.056425679 0.995836794 0.071589544 5.876133919 0.998401761 0.056505989 0.000904392 18.708742142
-0.002016197 0.073442057 -0.997297525 -139.098831177 -0.055914830 0.995730877 0.073439755 5.944235325 0.998433411 0.055911779 0.002098911 18.697185516
-0.001511350 0.077550456 -0.996987283 -140.349533081 -0.057188611 0.995350063 0.077509776 6.005758286 0.998362243 0.057133466 0.002930681 18.685398102
-0.000188271 0.078959346 -0.996877909 -141.590087891 -0.058241915 0.995184779 0.078836232 6.080199242 0.998302460 0.058074918 0.004411379 18.676113129
0.001185617 0.076413013 -0.997075558 -142.824371338 -0.061145488 0.995216131 0.076197803 6.152359486 0.998128116 0.060876332 0.005852256 18.672784805
0.001029475 0.072924033 -0.997336984 -144.062576294 -0.060219485 0.995531917 0.072729900 6.221201897 0.998184562 0.059984244 0.005416324 18.668191910
0.001147354 0.071478404 -0.997441471 -145.300750732 -0.057483930 0.995797455 0.071294464 6.277072906 0.998345733 0.057255056 0.005251392 18.667827606
0.001509454 0.071412474 -0.997445643 -146.532089233 -0.055529572 0.995913744 0.071218766 6.344631195 0.998455822 0.055280231 0.005468790 18.663566589
0.001065152 0.071240410 -0.997458518 -147.778762817 -0.053535111 0.996032774 0.071081422 6.407517910 0.998565316 0.053323343 0.004874789 18.657966614
0.001309170 0.070810728 -0.997488916 -149.012069702 -0.050855663 0.996203721 0.070652716 6.461026669 0.998705149 0.050635472 0.004905326 18.652235031
0.000854633 0.070433773 -0.997516155 -150.256271362 -0.050837912 0.996229649 0.070299372 6.523566723 0.998706579 0.050651558 0.004432117 18.647212982
0.000904453 0.072841428 -0.997343123 -151.490036011 -0.048239175 0.996185541 0.072713152 6.591347694 0.998835325 0.048045244 0.004414815 18.642856598
0.001074470 0.074959628 -0.997186005 -152.709564209 -0.045141261 0.996173680 0.074834876 6.657118320 0.998980045 0.044933818 0.004454131 18.643177032
0.000694128 0.073395513 -0.997302651 -153.943191528 -0.043078296 0.996379256 0.073297583 6.719303131 0.999071538 0.042911213 0.003853369 18.638488770
0.000017813 0.073384717 -0.997303784 -155.168548584 -0.044567782 0.996312797 0.073311009 6.784143925 0.999006391 0.044446312 0.003288342 18.628145218
0.000788782 0.078160755 -0.996940434 -156.394317627 -0.044816382 0.995941758 0.078046992 6.850217342 0.998994946 0.044617705 0.004288464 18.627115250
0.000512496 0.084866442 -0.996392071 -157.621658325 -0.049390450 0.995178401 0.084737644 6.931579113 0.998779476 0.049168829 0.004701617 18.606445312
0.002060059 0.085570239 -0.996330023 -158.852233887 -0.054591853 0.994855881 0.085330769 7.006044388 0.998506546 0.054215726 0.006720902 18.601070404
0.003133492 0.081797257 -0.996644080 -160.078201294 -0.058359973 0.994965196 0.081475973 7.083323956 0.998290598 0.057908829 0.007891402 18.587974548
0.004582151 0.076289006 -0.997075200 -161.309616089 -0.060924757 0.995254695 0.075869732 7.150556564 0.998131990 0.060398910 0.009208295 18.573825836
0.005818426 0.074446350 -0.997207999 -162.525177002 -0.062878571 0.995278716 0.073935442 7.230287552 0.998004198 0.062272832 0.010472036 18.586803436
0.006628552 0.071614414 -0.997410357 -163.745162964 -0.058376472 0.995758951 0.071107864 7.286985397 0.998272657 0.057753965 0.010781036 18.586656570
0.007144748 0.067231208 -0.997711778 -164.963897705 -0.054079711 0.996303201 0.066748992 7.354322433 0.998511136 0.053479072 0.010754178 18.591279984
0.007389246 0.064603053 -0.997883677 -166.183792114 -0.048889473 0.996740878 0.064167030 7.402826309 0.998776853 0.048311863 0.010523573 18.606191635
0.006250427 0.066305265 -0.997779787 -167.402984619 -0.045670632 0.996776998 0.065952525 7.456642151 0.998936951 0.045157008 0.009258485 18.599678040
0.006944290 0.073839217 -0.997245967 -168.621032715 -0.045873236 0.996243596 0.073445566 7.524995804 0.998923063 0.045236871 0.010305448 18.617187500
0.008198095 0.077061616 -0.996992767 -169.835433960 -0.046811849 0.995962560 0.076597095 7.589424133 0.998870015 0.046043117 0.011772397 18.610828400
0.009984972 0.074096456 -0.997201145 -171.052261353 -0.048938062 0.996092021 0.073524021 7.651621342 0.998751879 0.048066963 0.013572089 18.612688065
0.011234941 0.073363937 -0.997241974 -172.267013550 -0.050758146 0.996060967 0.072705224 7.725507736 0.998647928 0.049801312 0.014914503 18.629835129
0.011655165 0.074742071 -0.997134864 -173.487503052 -0.049568769 0.996019661 0.074079104 7.793002605 0.998702765 0.048563350 0.015313650 18.631420135
0.012776776 0.073490806 -0.997213960 -174.684204102 -0.048942793 0.996145964 0.072785005 7.845654488 0.998719871 0.047876470 0.016324382 18.649648666
0.014690427 0.071943365 -0.997300446 -175.859588623 -0.049408108 0.996241927 0.071139202 7.906192780 0.998670697 0.048229661 0.018189805 18.663236618
0.016061425 0.073574267 -0.997160316 -177.008636475 -0.050923735 0.996054888 0.072672471 7.959569931 0.998573303 0.049611907 0.019744745 18.662979126
0.017786033 0.075878598 -0.996958375 -178.132507324 -0.051100053 0.995881975 0.074885033 8.009970665 0.998535097 0.049612720 0.021590194 18.681114197
0.017909650 0.077563763 -0.996826470 -179.230850220 -0.051733233 0.995722830 0.076548435 8.057979584 0.998500347 0.050198104 0.021845672 18.683023453
0.018330052 0.078959405 -0.996709287 -180.299743652 -0.052786171 0.995562851 0.077897832 8.112291336 0.998437583 0.051184591 0.022416687 18.698122025
0.018606192 0.080067694 -0.996615767 -181.345611572 -0.051073086 0.995563030 0.079029627 8.164896965 0.998521507 0.049429804 0.022612941 18.715333939
0.019003602 0.079395793 -0.996661961 -182.354675293 -0.051558446 0.995593488 0.078327596 8.215518951 0.998489201 0.049897835 0.023013385 18.718276978
0.020515796 0.079031572 -0.996661127 -183.336090088 -0.052273851 0.995591998 0.077870794 8.267591476 0.998422027 0.050501723 0.024556654 18.735599518
0.021468434 0.079763040 -0.996582687 -184.288558960 -0.053370316 0.995482504 0.078525290 8.316362381 0.998344064 0.051502109 0.025628429 18.751131058
0.020967076 0.078781359 -0.996671379 -185.233947754 -0.052253947 0.995614409 0.077598520 8.359508514 0.998413682 0.050453000 0.024991760 18.774745941
0.018082606 0.075919628 -0.996949971 -186.166442871 -0.049473066 0.995959461 0.074946873 8.396839142 0.998611689 0.047966946 0.021765523 18.781867981
0.013349230 0.072473258 -0.997281015 -187.084793091 -0.048607547 0.996237755 0.071746804 8.447830200 0.998728752 0.047517627 0.016821753 18.781433105
0.008549277 0.069384255 -0.997553289 -187.999588013 -0.050954603 0.996324062 0.068862058 8.492815018 0.998664320 0.050241221 0.012053297 18.778234482
0.005047321 0.068359710 -0.997648120 -188.915283203 -0.052368931 0.996309757 0.068003073 8.543863297 0.998614967 0.051902510 0.008608620 18.775117874
0.001884525 0.069351763 -0.997590542 -189.846679688 -0.054468881 0.996118546 0.069146521 8.588270187 0.998513639 0.054207321 0.005654723 18.763685226
0.000162526 0.071021348 -0.997474849 -190.762115479 -0.053112954 0.996067464 0.070912495 8.638656616 0.998588502 0.052967291 0.003934041 18.763454437
-0.001600498 0.072700374 -0.997352600 -191.679336548 -0.049908992 0.996105134 0.072689526 8.680549622 0.998752475 0.049893197 0.002034140 18.759956360
-0.002945996 0.073274963 -0.997307420 -192.596313477 -0.048428111 0.996131122 0.073331587 8.726217270 0.998822331 0.048513751 0.000613970 18.755922318
-0.003569793 0.072579905 -0.997356236 -193.494873047 -0.048435025 0.996179461 0.072667629 8.762872696 0.998819888 0.048566386 -0.000040744 18.755989075
-0.004419796 0.071287200 -0.997446001 -194.398651123 -0.050411727 0.996171653 0.071419492 8.811038971 0.998718739 0.050598636 -0.000809165 18.732500076
-0.004392275 0.070541956 -0.997499168 -195.296554565 -0.053967096 0.996038377 0.070676282 8.869440079 0.998533070 0.054142561 -0.000567930 18.721176147
-0.003737834 0.069177866 -0.997597337 -196.208541870 -0.056279894 0.996008575 0.069278546 8.910788536 0.998408020 0.056403629 0.000170407 18.711889267
-0.002884124 0.066845447 -0.997759163 -197.125518799 -0.057028424 0.996128559 0.066901043 8.957586288 0.998368382 0.057093579 0.000939133 18.710817337
-0.001884253 0.064226426 -0.997933567 -198.032958984 -0.057064652 0.996302307 0.064229168 9.002408981 0.998368621 0.057067752 0.001787773 18.708875656
-0.001396715 0.063968264 -0.997950971 -198.956329346 -0.056691963 0.996341944 0.063944474 9.045503616 0.998390675 0.056665115 0.002234882 18.698890686
-0.000821623 0.066648431 -0.997776151 -199.890686035 -0.054679986 0.996280789 0.066593565 9.090894699 0.998503506 0.054613106 0.002825768 18.696393967
-0.000325309 0.068563692 -0.997646689 -200.814697266 -0.053628471 0.996209800 0.068482444 9.132862091 0.998560905 0.053524539 0.003352891 18.694972992
0.000029350 0.065116152 -0.997877717 -201.759796143 -0.049247760 0.996666968 0.065035693 9.175319672 0.998786569 0.049141340 0.003236077 18.701078415
0.000881215 0.060722355 -0.998154283 -202.702651978 -0.047499754 0.997030497 0.060612053 9.207470894 0.998870790 0.047358666 0.003762895 18.698400497
0.000991356 0.062008295 -0.998075128 -203.659057617 -0.052128382 0.996721864 0.061872449 9.266484261 0.998639822 0.051966701 0.004220499 18.679218292
0.002171254 0.065305986 -0.997862935 -204.616638184 -0.053112388 0.996464372 0.065098889 9.325700760 0.998586118 0.052857537 0.005632134 18.678775787
0.004361489 0.065760948 -0.997825742 -205.577835083 -0.051246643 0.996538937 0.065452121 9.359310150 0.998676419 0.050849762 0.007716421 18.683614731
0.006557324 0.066122465 -0.997789979 -206.549957275 -0.049861863 0.996591747 0.065715387 9.406597137 0.998734593 0.049320754 0.009831963 18.686491013
0.008588430 0.071168259 -0.997427344 -207.527389526 -0.050639864 0.996215165 0.070645735 9.472686768 0.998679996 0.049902849 0.012159873 18.699537277
0.009791621 0.075392246 -0.997105896 -208.520355225 -0.047501966 0.996062934 0.074846923 9.528083801 0.998823166 0.046631619 0.013334351 18.703742981
0.011151499 0.076420747 -0.997013211 -209.514068604 -0.046901260 0.996017873 0.075819857 9.579589844 0.998837292 0.045915674 0.014691325 18.706275940
0.013602632 0.076989077 -0.996939063 -210.517211914 -0.050156452 0.995828748 0.076218970 9.638084412 0.998648763 0.048966147 0.017407393 18.721811295
0.016216617 0.078750461 -0.996762395 -211.533035278 -0.052913912 0.995564222 0.077794932 9.716607094 0.998467445 0.051481023 0.020311678 18.718292236
0.020006681 0.079194359 -0.996658325 -212.551391602 -0.053678889 0.995505154 0.078025192 9.764835358 0.998357832 0.051938493 0.024167819 18.743616104
0.022453105 0.076945409 -0.996782362 -213.579086304 -0.057059705 0.995507300 0.075561650 9.830217361 0.998118281 0.055179518 0.026742708 18.744623184
0.025067039 0.073792651 -0.996958494 -214.610336304 -0.057465848 0.995729148 0.072256774 9.886515617 0.998032808 0.055479798 0.029200539 18.765327454
