1.000000000 0.000000000 0.000000000 0.000000000 0.000000000 1.000000000 0.000000000 0.000000000 0.000000000 0.000000000 1.000000000 0.000000000
0.999950469 -0.001427517 0.009841826 0.018126694 0.001421089 0.999998689 0.000660105 -0.005525070 -0.009842757 -0.000646086 0.999951363 0.284446597
0.999854684 -0.003789237 0.016621798 0.031225262 0.003777507 0.999992609 0.000737036 -0.009526048 -0.016624467 -0.000674140 0.999861598 0.581713915
0.999805868 -0.006667740 0.018541278 0.041914884 0.006681195 0.999977469 -0.000663851 -0.011022518 -0.018536432 0.000787601 0.999827802 0.882875800
0.999834359 -0.008162451 0.016262805 0.050422575 0.008195174 0.999964535 -0.001946581 -0.015681099 -0.016246339 0.002079536 0.999865770 1.180562973
0.999897838 -0.010764424 0.009405528 0.053987164 0.010796339 0.999936104 -0.003349332 -0.017911989 -0.009368873 0.003450536 0.999950171 1.493096948
0.999918044 -0.012404344 -0.003164623 0.051752049 0.012387582 0.999909341 -0.005261880 -0.022199839 0.003229606 0.005222247 0.999981165 1.812430143
0.999735236 -0.011450784 -0.019957390 0.038078118 0.011349711 0.999922216 -0.005170357 -0.031501785 0.020015040 0.004942478 0.999787450 2.130234003
0.999171257 -0.006656116 -0.040156260 0.025972687 0.006479431 0.999968767 -0.004528477 -0.044364411 0.040185142 0.004264534 0.999183238 2.458495617
0.997512043 -0.004187114 -0.070371799 0.180808127 0.003900674 0.999983549 -0.004207304 -0.089931808 0.070388258 0.003922339 0.997512043 2.630912542
0.994886458 -0.004895857 -0.100880459 0.305865109 0.004485059 0.999980628 -0.004298524 -0.117027409 0.100899562 0.003824089 0.994889259 2.805409670
0.992502391 -0.006218159 -0.122067645 0.250322789 0.005828021 0.999976695 -0.003552863 -0.120759070 0.122086897 0.002814812 0.992515445 3.176876068
0.989802539 -0.007640462 -0.142241433 0.189011633 0.007342856 0.999969542 -0.002617049 -0.125916615 0.142257094 0.001545903 0.989828646 3.563150644
0.987046182 -0.006755243 -0.160295025 0.113650262 0.006539707 0.999976873 -0.001872140 -0.132427454 0.160303950 0.000799606 0.987067401 3.961402416
0.984390438 -0.005477884 -0.175913081 0.024781346 0.005402754 0.999984980 -0.000906027 -0.140947223 0.175915390 -0.000058531 0.984405339 4.370327473
0.981950104 -0.004815516 -0.189079478 -0.072353601 0.004709401 0.999988377 -0.001010494 -0.146795914 0.189082146 0.000101804 0.981961310 4.786081314
0.979599416 -0.006130259 -0.200867355 -0.174226642 0.005884819 0.999981046 -0.001818998 -0.153306156 0.200874701 0.000599821 0.979616821 5.209556580
0.977568328 -0.010049982 -0.210378915 -0.274543107 0.009420711 0.999947727 -0.003993118 -0.160581425 0.210408062 0.001921627 0.977611840 5.654423237
0.976020455 -0.009075848 -0.217489406 -0.394053161 0.007958942 0.999950290 -0.006010896 -0.161442041 0.217533171 0.004135772 0.976044238 6.116911411
0.974073410 -0.012487021 -0.225886971 -0.487816453 0.011444078 0.999916971 -0.005926039 -0.191040263 0.225942224 0.003187330 0.974135518 6.507088661
0.972204268 -0.013078352 -0.233768478 -0.612021565 0.011343369 0.999897301 -0.008764810 -0.198766530 0.233859092 0.005869464 0.972252846 6.986782551
0.970284760 -0.016736634 -0.241386354 -0.739294291 0.014618777 0.999837279 -0.010562062 -0.206974447 0.241523877 0.006719435 0.970371664 7.475068092
0.968265653 -0.023121029 -0.248851791 -0.868522048 0.020809349 0.999712467 -0.011916365 -0.217277899 0.249055713 0.006359762 0.968468308 7.983461857
0.966003537 -0.023843721 -0.257426977 -1.006208301 0.020858040 0.999679863 -0.014323093 -0.230976745 0.257686079 0.008466737 0.966191590 8.496882439
0.963791370 -0.019856915 -0.265917063 -1.172461271 0.015431543 0.999705672 -0.018721195 -0.240560323 0.266210467 0.013939817 0.963814139 9.026039124
0.961353242 -0.017059308 -0.274789184 -1.340389371 0.011535588 0.999697924 -0.021705303 -0.255524427 0.275076449 0.017696608 0.961259484 9.566597939
0.958825946 -0.019590393 -0.283317626 -1.508459330 0.013466412 0.999632120 -0.023546856 -0.272424251 0.283674657 0.018762065 0.958737016 10.121814728
0.956190646 -0.022687189 -0.291864216 -1.683796287 0.015793892 0.999538302 -0.025952982 -0.290674448 0.292318285 0.020206330 0.956107616 10.695758820
0.953772306 -0.022286898 -0.299702644 -1.875971675 0.014393711 0.999489546 -0.028518932 -0.311200559 0.300185263 0.022886738 0.953606308 11.273378372
0.951177180 -0.021685952 -0.307882547 -2.076819897 0.012432563 0.999410987 -0.031984959 -0.335466892 0.308394790 0.026595600 0.950886726 11.863646507
0.948648095 -0.022910565 -0.315502554 -2.279824734 0.011809075 0.999243379 -0.037053820 -0.363256454 0.316112816 0.031425249 0.948201001 12.459379196
0.946701050 -0.024578553 -0.321174204 -2.487657309 0.010812298 0.998947501 -0.044576012 -0.394161403 0.321931750 0.038727537 0.945970476 13.059468269
0.945381105 -0.025350915 -0.324979842 -2.712686539 0.008685416 0.998576343 -0.052630328 -0.429314077 0.325851351 0.046933133 0.944255352 13.676247597
0.944039524 -0.025637168 -0.328834206 -2.940781593 0.005744939 0.998101592 -0.061322831 -0.468106031 0.329782039 0.056002043 0.942394614 14.301028252
0.942555130 -0.025345039 -0.333087713 -3.175449371 0.002025317 0.997532845 -0.070172288 -0.512928545 0.334044516 0.065466650 0.940281034 14.934436798
0.941118240 -0.025112290 -0.337143540 -3.419641018 -0.001044687 0.997016609 -0.077179432 -0.563284457 0.338075876 0.072987184 0.938284397 15.582790375
0.939494252 -0.023009222 -0.341790974 -3.671807766 -0.006085650 0.996463239 -0.083809324 -0.621556759 0.342510521 0.080818407 0.936031461 16.219795227
0.937804759 -0.022062497 -0.346461207 -3.932741404 -0.009670408 0.995931208 -0.089596443 -0.685297132 0.347028136 0.087374382 0.933775723 16.882551193
0.936088204 -0.020104248 -0.351190388 -4.204472542 -0.014267658 0.995374084 -0.095011219 -0.754646242 0.351475865 0.093949549 0.931470990 17.555788040
0.934333086 -0.017459061 -0.355972916 -4.482560635 -0.018837839 0.994983971 -0.098244287 -0.824392676 0.355902523 0.098498650 0.929317594 18.225093842
0.932470381 -0.016685165 -0.360860616 -4.769777775 -0.020724500 0.994816720 -0.099549949 -0.900910378 0.360651255 0.100306071 0.927291334 18.929542542
0.930112481 -0.016310442 -0.366912156 -5.059359550 -0.021484463 0.994886458 -0.098688483 -0.980903029 0.366645604 0.099674337 0.925005913 19.637592316
0.927739978 -0.015674772 -0.372897685 -5.361137390 -0.022336077 0.994995117 -0.097395055 -1.057653904 0.372558057 0.098686367 0.922746658 20.343505859
0.925068796 -0.015691321 -0.379475296 -5.665215969 -0.022384992 0.995156646 -0.095718957 -1.135027170 0.379139334 0.097041175 0.920237124 21.051620483
0.921715915 -0.014727571 -0.387585998 -5.983985901 -0.023074798 0.995426834 -0.092698477 -1.213488698 0.387178749 0.094385140 0.917160809 21.779850006
0.918288350 -0.012510719 -0.395714462 -6.316332817 -0.023961082 0.995912254 -0.087089956 -1.289878726 0.395186514 0.089455456 0.914234817 22.515476227
0.914537787 -0.008626001 -0.404408693 -6.652694702 -0.026840253 0.996275187 -0.081947550 -1.367028117 0.403609186 0.085798547 0.910899699 23.246963501
0.910809994 -0.004695449 -0.412798941 -7.009292603 -0.030175211 0.996503294 -0.077914253 -1.442564249 0.411721349 0.083421372 0.907483459 23.988481522
0.906805575 -0.003735342 -0.421532571 -7.374427319 -0.031366598 0.996590793 -0.076307319 -1.511763096 0.420380533 0.082417935 0.903596938 24.741518021
0.902647674 -0.003807397 -0.430363536 -7.747110844 -0.031965140 0.996605873 -0.075860836 -1.577929258 0.429191709 0.082232229 0.899462283 25.489723206
0.898549676 -0.003930103 -0.438854307 -8.124249458 -0.032198932 0.996674776 -0.074852601 -1.640947819 0.437689066 0.081389412 0.895435095 26.244558334
0.894424677 -0.003053054 -0.447208345 -8.519154549 -0.033246882 0.996755719 -0.073299117 -1.708145499 0.445981234 0.080428816 0.891421258 27.013404846
0.890342295 -0.004034733 -0.455274045 -8.919614792 -0.031818353 0.996964455 -0.071059868 -1.777254939 0.454178691 0.077753663 0.887511134 27.792694092
0.886213660 -0.003091352 -0.463266343 -9.341016769 -0.031403825 0.997276723 -0.066729277 -1.848818660 0.462211132 0.073684722 0.883703291 28.585792542
0.882310212 -0.000962163 -0.470667183 -9.781887054 -0.031480562 0.997637987 -0.061052732 -1.912632465 0.469614208 0.068684310 0.880196095 29.392700195
0.878291786 -0.000808164 -0.478124261 -10.226790428 -0.030077133 0.997924626 -0.056937058 -1.975527644 0.477178007 0.064387955 0.876444757 30.196708679
0.874532759 -0.001350779 -0.484964579 -10.688112259 -0.029048178 0.998054683 -0.055162255 -2.034213305 0.484095722 0.062328532 0.872792363 30.995756149
0.871167481 -0.002051012 -0.490981638 -11.155483246 -0.028253419 0.998124778 -0.054300666 -2.088408232 0.490172297 0.061176885 0.869475961 31.806558609
0.867861211 -0.001574570 -0.496804237 -11.632749557 -0.028237527 0.998221993 -0.052491561 -2.143552303 0.496003538 0.059583914 0.866273820 32.626640320
0.864665091 -0.002932039 -0.502340198 -12.112812996 -0.026444718 0.998330772 -0.051345628 -2.200895786 0.501652181 0.057681017 0.863144219 33.455459595
0.861931145 -0.004052312 -0.507009208 -12.620998383 -0.025572473 0.998347878 -0.051453367 -2.256023645 0.506380081 0.057314731 0.860403478 34.297962189
0.857391536 -0.005253832 -0.514638066 -13.140754700 -0.025097145 0.998331487 -0.052003819 -2.317470312 0.514052570 0.057503577 0.855828941 35.233406067
0.857309461 -0.004373706 -0.514782846 -13.718055725 -0.026688052 0.998241603 -0.052927062 -2.373051405 0.514109194 0.059113424 0.855685294 36.073169708
0.856977284 -0.004178553 -0.515337288 -14.256631851 -0.026395813 0.998298705 -0.051989362 -2.431212425 0.514677823 0.058156442 0.855409026 36.938583374
0.856573820 -0.003883126 -0.516009927 -14.784919739 -0.025801098 0.998398602 -0.050342936 -2.489413977 0.515379190 0.056436066 0.855101883 37.818969727
0.856312811 -0.005000181 -0.516433537 -15.316132545 -0.024109604 0.998475850 -0.049644187 -2.554787397 0.515894532 0.054961957 0.854887009 38.696208954
0.855728686 -0.007085687 -0.517376482 -15.868052483 -0.022302726 0.998471797 -0.050562683 -2.612224817 0.516943872 0.054806840 0.854262888 39.592742920
0.854504406 -0.009408479 -0.519359052 -16.424720764 -0.020016812 0.998496830 -0.051022105 -2.672258377 0.519058406 0.053994525 0.853031635 40.500942230
0.852763116 -0.009910054 -0.522203624 -16.985986710 -0.018413143 0.998628020 -0.049020153 -2.733962297 0.521973133 0.051417999 0.851410866 41.412971497
0.850530267 -0.009206916 -0.525845468 -17.560344696 -0.017165720 0.998827994 -0.045253009 -2.795217037 0.525645912 0.047515567 0.849375546 42.332122803
0.847577035 -0.009360940 -0.530589759 -18.137941360 -0.014882183 0.999031723 -0.041398592 -2.852588177 0.530463755 0.042984832 0.846617222 43.241634369
0.843420804 -0.009411161 -0.537171066 -18.720819473 -0.013946191 0.999126136 -0.039401684 -2.911928177 0.537072480 0.040723689 0.842552543 44.138217926
0.837899923 -0.013116883 -0.545666158 -19.307842255 -0.011516795 0.999063790 -0.041700438 -2.969610214 0.545702398 0.041225120 0.836964488 45.033336639
0.831558883 -0.016907275 -0.555179238 -19.901660919 -0.009790616 0.998935163 -0.045085873 -3.026295900 0.555350304 0.042927105 0.830507874 45.917304993
0.824959815 -0.017311474 -0.564926207 -20.513154984 -0.009509323 0.998964250 -0.044498466 -3.083523512 0.565111279 0.042081524 0.823940694 46.806713104
0.818988264 -0.014008088 -0.573639333 -21.139739990 -0.010438289 0.999172866 -0.039302293 -3.140774965 0.573715329 0.038175926 0.818164647 47.687351227
0.813636959 -0.009140339 -0.581301451 -21.772621155 -0.013745367 0.999294460 -0.034951970 -3.196101665 0.581210792 0.036428414 0.812937260 48.553897858
0.809516668 -0.009338046 -0.587022722 -22.413581848 -0.014975110 0.999219775 -0.036546070 -3.247808456 0.586905837 0.038375378 0.808745265 49.417156219
0.806001425 -0.011620875 -0.591799676 -23.055200577 -0.015504207 0.999049723 -0.040733792 -3.302740097 0.591710508 0.042006884 0.805055201 50.272262573
0.802922010 -0.013997254 -0.595919728 -23.705396652 -0.018063109 0.998693764 -0.047795430 -3.361101866 0.595810354 0.049140163 0.801620364 51.124675751
0.799619317 -0.015355904 -0.600310862 -24.356266022 -0.017804494 0.998627245 -0.049260538 -3.422682762 0.600243270 0.050077919 0.798248231 51.974555969
0.796148121 -0.013637772 -0.604948103 -25.017309189 -0.017306082 0.998823762 -0.045293033 -3.485102654 0.604854345 0.046529245 0.794975698 52.829612732
0.793067932 -0.011012398 -0.609033704 -25.688516617 -0.017002402 0.999046803 -0.040204607 -3.542954683 0.608895957 0.042240024 0.792124689 53.681625366
0.790008724 -0.009084247 -0.613028288 -26.357154846 -0.017564833 0.999144435 -0.037441760 -3.595433235 0.612843692 0.040347055 0.789173245 54.524013519
0.786917388 -0.008861075 -0.616994858 -27.035072327 -0.018608857 0.999101341 -0.038082559 -3.647583961 0.616777718 0.041449402 0.786045134 55.365753174
0.783266664 -0.010110437 -0.621603489 -27.710838318 -0.018663589 0.999034643 -0.039766897 -3.702872276 0.621405661 0.042749438 0.782321990 56.203319550
0.779199123 -0.012919414 -0.626643121 -28.393089294 -0.017516473 0.998948097 -0.042376023 -3.759261131 0.626531601 0.043995932 0.778153360 57.041481018
0.774961352 -0.013996305 -0.631853521 -29.090305328 -0.016853526 0.998941481 -0.042798396 -3.815749884 0.631783843 0.043816067 0.773905277 57.877586365
0.770148039 -0.014089691 -0.637709498 -29.779451370 -0.016415980 0.998987079 -0.041897062 -3.875127792 0.637653947 0.042735562 0.769136548 58.705383301
0.765229106 -0.013640840 -0.643613517 -30.488361359 -0.016874224 0.999006987 -0.041235834 -3.933563709 0.643536985 0.042415339 0.764238894 59.528617859
0.759751856 -0.014878155 -0.650042951 -31.203102112 -0.016796332 0.998955548 -0.042495131 -3.990787506 0.649996161 0.043204088 0.758708358 60.352016449
0.754180014 -0.016139252 -0.656469226 -31.911674500 -0.016422298 0.998921692 -0.043425065 -4.051083565 0.656462371 0.043531053 0.753101885 61.155986786
0.748572767 -0.017382866 -0.662824750 -32.641029358 -0.016089223 0.998885751 -0.044366851 -4.110782623 0.662857533 0.043876149 0.747458994 61.965881348
0.742884040 -0.018119479 -0.669174850 -33.365322113 -0.016605310 0.998827159 -0.045479972 -4.176605701 0.669214129 0.044898201 0.741711915 62.753772736
0.736633718 -0.020205963 -0.675990045 -34.130611420 -0.015334698 0.998797596 -0.046565361 -4.235942364 0.676118016 0.044667725 0.735438049 63.585662842
0.728204370 -0.017922129 -0.685125709 -34.941219330 -0.018075747 0.998808086 -0.045339998 -4.360284805 0.685121655 0.045400947 0.727012455 64.586273193
0.721564114 -0.017962107 -0.692114592 -35.739223480 -0.016940814 0.998906136 -0.043585759 -4.420989037 0.692140341 0.043174900 0.720470548 65.412170410
0.714856327 -0.018221492 -0.699033916 -36.533226013 -0.016496496 0.998942852 -0.042909008 -4.482012749 0.699076772 0.042205382 0.713800013 66.215728760
0.708850265 -0.019698236 -0.705083907 -37.343383789 -0.015848914 0.998912811 -0.043840639 -4.545392990 0.705180943 0.042251263 0.707767367 66.980293274
0.702190757 -0.021411635 -0.711666882 -38.131591797 -0.015703475 0.998838782 -0.045546032 -4.606613159 0.711815715 0.043157645 0.701039016 67.754112244
0.695229590 -0.021525957 -0.718465269 -38.914173126 -0.015384583 0.998876870 -0.044814404 -4.681344986 0.718623102 0.042209595 0.694117486 68.525382996
0.689540327 -0.020934476 -0.723944664 -39.749946594 -0.015914995 0.998902798 -0.044044148 -4.743666649 0.724072456 0.041891795 0.688450396 69.311477661
0.684641540 -0.020426366 -0.728593707 -40.595981598 -0.016948631 0.998890817 -0.043930456 -4.805579185 0.728682876 0.042425282 0.683535933 70.089584351
0.679737926 -0.021531340 -0.733139038 -41.444732666 -0.016861545 0.998846173 -0.044968192 -4.867871761 0.733261168 0.042928442 0.678590536 70.862236023
0.674367309 -0.023265809 -0.738029420 -42.293411255 -0.017678052 0.998708308 -0.047636662 -4.933904648 0.738184392 0.045171518 0.673084915 71.625358582
0.669189572 -0.025931399 -0.742639124 -43.165904999 -0.017096160 0.998589218 -0.050273921 -4.998930454 0.742895007 0.046339061 0.667802036 72.401290894
0.664040685 -0.026546478 -0.747225046 -44.042343140 -0.017385611 0.998551130 -0.050925452 -5.067849159 0.747494280 0.046807539 0.662617028 73.169639587
0.659137189 -0.026235145 -0.751564980 -44.933341980 -0.016727680 0.998632610 -0.049530119 -5.137232780 0.751836658 0.045219090 0.657796919 73.935844421
0.653989196 -0.026091788 -0.756053925 -45.827026367 -0.016271511 0.998688757 -0.048540141 -5.209030628 0.756329000 0.044046871 0.652706861 74.698463440
0.648573935 -0.027364643 -0.760659754 -46.720642090 -0.015377123 0.998678446 -0.049038600 -5.278562069 0.760996342 0.043501910 0.647295892 75.456604004
0.643694103 -0.028484559 -0.764752626 -47.634136200 -0.014280073 0.998685956 -0.049217392 -5.347583294 0.765149713 0.042601667 0.642441452 76.216445923
0.638962030 -0.029138859 -0.768686116 -48.549507141 -0.013345060 0.998712003 -0.048951462 -5.417701721 0.769122362 0.041536286 0.637750268 76.972732544
0.634938657 -0.030050136 -0.771977901 -49.475448608 -0.012250501 0.998726070 -0.048952390 -5.487661362 0.772465289 0.040538885 0.633761644 77.721595764
0.630724847 -0.032965753 -0.775305808 -50.402748108 -0.009350975 0.998701870 -0.050071653 -5.559657574 0.775950074 0.038831301 0.629597843 78.474037170
0.626445055 -0.037754774 -0.778550565 -51.335906982 -0.006139732 0.998556256 -0.053363867 -5.631869316 0.779441357 0.038209617 0.625308931 79.216812134
0.621469557 -0.041872926 -0.782318532 -52.276260376 -0.001853773 0.998489201 -0.054915909 -5.704575062 0.783436120 0.035578810 0.620453060 79.959991455
0.614762485 -0.045343965 -0.787407935 -53.225017548 0.003210252 0.998481572 -0.054992564 -5.781638622 0.788705826 0.031279586 0.613974631 80.699119568
0.606153548 -0.049168248 -0.793826342 -54.182563782 0.008173199 0.998419702 -0.055599473 -5.858373165 0.795305669 0.027213721 0.605597436 81.431213379
0.597054422 -0.050085474 -0.800635695 -55.166496277 0.010828803 0.998461366 -0.054385561 -5.934817791 0.802127719 0.023801211 0.596678078 82.158477783
0.588195443 -0.048615165 -0.807256281 -56.161128998 0.011318619 0.998588562 -0.051890578 -6.011423111 0.808639586 0.021384770 0.587915540 82.869834900
0.578954697 -0.048399299 -0.813921928 -57.169853210 0.010845685 0.998605490 -0.051666673 -6.089590073 0.815287530 0.021085121 0.578672290 83.579948425
0.568994224 -0.049946960 -0.820823193 -58.190055847 0.010174056 0.998504937 -0.053706210 -6.161877632 0.822278619 0.022207422 0.568651855 84.288505554
0.558741331 -0.052236117 -0.827695310 -59.221305847 0.010760693 0.998386979 -0.055744454 -6.239029408 0.829272211 0.022240158 0.558402240 84.983070374
0.548767805 -0.053935524 -0.834233105 -60.261978149 0.011296595 0.998303771 -0.057112124 -6.318449497 0.835898519 0.021917293 0.548446298 85.659652710
0.538463473 -0.054694079 -0.840871990 -61.314483643 0.014166422 0.998337746 -0.055864710 -6.399575710 0.842529893 0.018168950 0.538343191 86.328880310
0.528153539 -0.054615892 -0.847390652 -62.371749878 0.015285529 0.998379230 -0.054820362 -6.482854366 0.849011183 0.016000757 0.528132379 86.979385376
0.517686784 -0.055292763 -0.853781700 -63.446594238 0.015556444 0.998352885 -0.055222921 -6.564521790 0.855428815 0.015306367 0.517694175 87.624618530
0.507430732 -0.056287985 -0.859852076 -64.527999878 0.014917659 0.998288512 -0.056546889 -6.647448540 0.861563444 0.015866648 0.507401884 88.254211426
0.497333348 -0.056782089 -0.865699410 -65.623275757 0.013423708 0.998240054 -0.057763819 -6.730256081 0.867455661 0.017106976 0.497220278 88.873641968
0.487537146 -0.057900831 -0.871180236 -66.724655151 0.012447333 0.998158097 -0.059374221 -6.817098618 0.873013496 0.018103270 0.487359971 89.477035522
0.477902800 -0.057636037 -0.876519859 -67.837738037 0.011354566 0.998166978 -0.059444193 -6.904285431 0.878339350 0.018456044 0.477681220 90.073455811
0.469125241 -0.055562947 -0.881382048 -68.965438843 0.010600379 0.998301148 -0.057291444 -6.989663124 0.883068025 0.017533880 0.468917280 90.664283752
0.461127162 -0.054018792 -0.885688245 -70.095520020 0.011165679 0.998419464 -0.055081017 -7.074320793 0.887263775 0.015510047 0.461001456 91.247131348
0.453265905 -0.054411478 -0.889713109 -71.224060059 0.011640079 0.998411417 -0.055128995 -7.160012722 0.891299367 0.014631763 0.453179181 91.817237854
0.445541680 -0.057566427 -0.893408477 -72.367034912 0.013408543 0.998247743 -0.057634879 -7.243872166 0.895160854 0.013699432 0.445532799 92.385406494
0.438623637 -0.060842972 -0.896608829 -73.494598389 0.015611877 0.998070836 -0.060090702 -7.333321095 0.898535252 0.012359452 0.438727319 92.925834656
0.432551235 -0.063631192 -0.899361134 -74.644302368 0.016572125 0.997898996 -0.062632479 -7.424935341 0.901457071 0.012187428 0.432696939 93.471557617
0.426766455 -0.067195326 -0.901862085 -75.800628662 0.018878929 0.997680485 -0.065400861 -7.525339603 0.904164791 0.010884709 0.427045137 94.021423340
0.421748012 -0.068160176 -0.904147565 -76.958908081 0.022199966 0.997647822 -0.064853415 -7.628683090 0.906441212 0.007279758 0.422269136 94.567405701
0.416014522 -0.066088900 -0.906953216 -78.155937195 0.026954288 0.997813523 -0.060346026 -7.744297028 0.908958316 0.000658549 0.416886330 95.172195435
0.411984950 -0.064153463 -0.908929467 -79.323638916 0.030305436 0.997931242 -0.056698970 -7.838073730 0.910686553 -0.004186379 0.413076818 95.708969116
0.408454537 -0.063443542 -0.910571158 -80.483383179 0.031458978 0.997967362 -0.055421263 -7.927894115 0.912236392 -0.006008562 0.409620166 96.231880188
0.405400068 -0.063381657 -0.911939442 -81.647354126 0.033515107 0.997953355 -0.054460742 -8.018077850 0.913524806 -0.008485357 0.406694502 96.751495361
0.402990043 -0.062557079 -0.913063884 -82.793212891 0.035257254 0.997981787 -0.052813940 -8.103463173 0.914524972 -0.010908630 0.404382318 97.253044128
0.400597900 -0.061590731 -0.914181530 -83.939025879 0.036844291 0.998014092 -0.051093418 -8.189091682 0.915512860 -0.013214451 0.402071625 97.753265381
0.398328602 -0.062601067 -0.915103972 -85.035964966 0.038916104 0.997923374 -0.051327143 -8.273308754 0.916416883 -0.015167207 0.399937570 98.231277466
0.396390885 -0.063110068 -0.915910125 -86.136672974 0.040630933 0.997862875 -0.051172573 -8.356718063 0.917182446 -0.016929934 0.398107916 98.697143555
0.400803268 -0.072308816 -0.913306177 -87.402381897 0.044114850 0.997247398 -0.059594911 -8.394515991 0.915101409 -0.016404530 0.402889967 98.881774902
0.398957968 -0.071652435 -0.914165497 -88.515159607 0.045747209 0.997256219 -0.058200207 -8.485474586 0.915827334 -0.018601086 0.401141286 99.360015869
0.399382144 -0.074593730 -0.913744867 -89.691101074 0.048660673 0.997004271 -0.060121883 -8.554885864 0.915492237 -0.020451838 0.401815414 99.800155640
0.398197800 -0.075886279 -0.914155185 -90.777091980 0.049991231 0.996886432 -0.060978271 -8.646624565 0.915936351 -0.021418337 0.400751621 100.271316528
0.397800744 -0.077272266 -0.914211988 -91.864151001 0.049977858 0.996792495 -0.062505402 -8.741049767 0.916109502 -0.020825662 0.400386721 100.742958069
0.398082107 -0.077795818 -0.914045155 -92.923103333 0.049238078 0.996773303 -0.063392922 -8.836242676 0.916027427 -0.019770239 0.400628090 101.202316284
0.400467336 -0.077915929 -0.912992477 -93.963783264 0.047508642 0.996803641 -0.064229727 -8.927850723 0.915078521 -0.017653123 0.402889073 101.654632568
0.404734135 -0.078181729 -0.911086202 -95.011283875 0.045702383 0.996822655 -0.065236442 -9.021377563 0.913291514 -0.015235388 0.407021374 102.113105774
0.409972161 -0.078673087 -0.908698857 -96.048095703 0.044535015 0.996811390 -0.066209078 -9.115079880 0.911010027 -0.013325032 0.412168741 102.570671082
0.415931016 -0.078641772 -0.905989468 -97.072433472 0.044069696 0.996826410 -0.066294618 -9.208053589 0.908327758 -0.012352691 0.418076724 103.032554626
0.422870189 -0.077227265 -0.902893543 -98.081581116 0.042876966 0.996951222 -0.065190859 -9.302103043 0.905175328 -0.011146059 0.424892217 103.500564575
0.431167603 -0.075916007 -0.899072409 -99.098838806 0.041711915 0.997065783 -0.064186610 -9.393026352 0.901307225 -0.009826842 0.433069080 103.977394104
0.439737082 -0.075192258 -0.894973397 -100.093017578 0.041349228 0.997127533 -0.063458301 -9.482173920 0.897174180 -0.009101501 0.441583067 104.464637756
0.449322402 -0.074755549 -0.890236437 -101.084587097 0.040702540 0.997171044 -0.063191645 -9.568919182 0.892441988 -0.007841463 0.451094031 104.958526611
0.459261060 -0.075410865 -0.885094643 -102.069351196 0.039864190 0.997135878 -0.064272031 -9.658466339 0.887406409 -0.005765949 0.460951805 105.460868835
0.469771326 -0.076832123 -0.879438281 -103.042518616 0.038163166 0.997041583 -0.066720851 -9.745094299 0.881962836 -0.002218612 0.471313655 105.973625183
0.481523156 -0.077441610 -0.873005152 -103.985176086 0.036211677 0.996995986 -0.068467192 -9.833486557 0.875684977 0.001355551 0.482880861 106.478164673
0.493981570 -0.075738430 -0.866167307 -104.920227051 0.034344789 0.997121036 -0.067602053 -9.921344757 0.868793905 0.003645832 0.495160580 107.001434326
0.507082820 -0.073067218 -0.858794570 -105.856987000 0.033009022 0.997315466 -0.065362252 -10.007982254 0.861264884 0.004796120 0.508133531 107.538589478
0.519789994 -0.070780389 -0.851356804 -106.782463074 0.032683387 0.997479856 -0.062974207 -10.092970848 0.853668571 0.004908144 0.520793498 108.090148926
0.531965852 -0.070017353 -0.843865931 -107.689453125 0.032797579 0.997531414 -0.062091984 -10.177711487 0.846130431 0.005354058 0.532949209 108.646858215
0.543732107 -0.070837222 -0.836263955 -108.588424683 0.033576272 0.997469902 -0.062661447 -10.255402565 0.838586867 0.005992417 0.544735074 109.220573425
0.554585278 -0.072525002 -0.828960180 -109.456398010 0.034435403 0.997341454 -0.064218782 -10.332477570 0.831414104 0.007069227 0.555608451 109.805404663
0.565732598 -0.074307114 -0.821233869 -110.319923401 0.036811415 0.997214317 -0.064871535 -10.414676666 0.823766708 0.006469166 0.566892147 110.395385742
0.576337039 -0.074958004 -0.813767135 -111.143028259 0.037991226 0.997165442 -0.064944617 -10.489439011 0.816328526 0.006513981 0.577551126 110.976394653
0.587328494 -0.073212184 -0.806030452 -111.999061584 0.037846465 0.997295320 -0.063007355 -10.565912247 0.808463275 0.006500615 0.588510871 111.584976196
0.597492397 -0.070925325 -0.798731744 -112.833328247 0.038679235 0.997470379 -0.059638765 -10.640895844 0.800941169 0.004739375 0.598724306 112.200103760
0.608035326 -0.069713056 -0.790843308 -113.657348633 0.037775487 0.997549415 -0.058890801 -10.709647179 0.793010771 0.005933187 0.609178722 112.803604126
0.618549705 -0.069696344 -0.782648444 -114.453292847 0.036268979 0.997529089 -0.060167450 -10.779813766 0.784908116 0.008830696 0.619549215 113.411720276
0.628177881 -0.069218397 -0.774984717 -115.219429016 0.034410868 0.997531891 -0.061203051 -10.855753899 0.777308524 0.011778504 0.629009366 114.026992798
0.638249993 -0.068804793 -0.766748250 -115.911071777 0.034051858 0.997546315 -0.061170492 -10.920931816 0.769075692 0.012932875 0.639026880 114.560684204
0.647591054 -0.066807240 -0.759053767 -116.672111511 0.033891007 0.997688651 -0.058896106 -10.996906281 0.761233985 0.012415493 0.648358464 115.203781128
0.656361461 -0.065089807 -0.751633525 -117.404975891 0.034237694 0.997814834 -0.056510597 -11.070826530 0.753669322 0.011357183 0.657155693 115.842964172
0.664677501 -0.064580917 -0.744334042 -118.129249573 0.034852926 0.997852683 -0.055454005 -11.145118713 0.746317029 0.010916812 0.665501118 116.484458923
0.672618926 -0.063904040 -0.737224638 -118.840415955 0.033947650 0.997879922 -0.055525471 -11.214102745 0.739209950 0.012320443 0.673362315 117.127235413
0.680225551 -0.062977627 -0.730292439 -119.544563293 0.033415396 0.997930765 -0.054933209 -11.280376434 0.732240796 0.012963964 0.680922508 117.777603149
0.687682033 -0.060184438 -0.723513067 -120.234634399 0.032620836 0.998113036 -0.052021317 -11.347150803 0.725278616 0.012172527 0.688347757 118.425033569
0.695314229 -0.057286751 -0.716419160 -120.909500122 0.031608194 0.998291135 -0.049148917 -11.413215637 0.718010485 0.011529232 0.695936799 119.071426392
0.702818453 -0.055792835 -0.709177971 -121.566749573 0.030779343 0.998371005 -0.048041053 -11.476089478 0.710703075 0.011936103 0.703390837 119.714988708
0.710535765 -0.054963652 -0.701511204 -122.207916260 0.030226497 0.998408496 -0.047610324 -11.535698891 0.703011692 0.012624608 0.711066365 120.359306335
0.718684554 -0.052123748 -0.693379879 -122.834846497 0.027817901 0.998543382 -0.046230834 -11.594476700 0.694779575 0.013937011 0.719087660 120.999244690
0.727849364 -0.049391594 -0.683955967 -123.445762634 0.027252100 0.998698175 -0.043119553 -11.650199890 0.685195327 0.012745297 0.728247821 121.642837524
0.737517536 -0.045468263 -0.673795640 -124.041458130 0.025471615 0.998893797 -0.039525650 -11.704176903 0.674847484 0.011988197 0.737859786 122.289016724
0.747872651 -0.043309506 -0.662427843 -124.621566772 0.023765229 0.998976648 -0.038482390 -11.755210876 0.663416684 0.013037174 0.748136520 122.936218262
0.758129716 -0.042252488 -0.650733411 -125.191535950 0.022118941 0.998990655 -0.039095592 -11.805127144 0.651728392 0.015245996 0.758299112 123.587005615
0.768204629 -0.043373372 -0.638733387 -125.740623474 0.022424411 0.998913109 -0.040861644 -11.852202415 0.639811575 0.017066879 0.768342376 124.244194031
0.778346419 -0.042377811 -0.626403213 -126.276664734 0.022065338 0.998949528 -0.040163919 -11.898783684 0.627447188 0.017439645 0.778463721 124.908096313
0.788727283 -0.040649943 -0.613397837 -126.799560547 0.021710569 0.999030948 -0.038289730 -11.946340561 0.614359796 0.016882941 0.788845360 125.577178955
0.798968971 -0.038192544 -0.600158453 -127.312339783 0.021333804 0.999153137 -0.035182659 -11.988883972 0.600993991 0.015306188 0.799107075 126.263046265
0.808758199 -0.037056476 -0.586972773 -127.800514221 0.022076569 0.999222577 -0.032664310 -12.032058716 0.587726772 0.013459185 0.808947384 126.938423157
0.817854524 -0.035758104 -0.574312866 -128.282073975 0.022984242 0.999300778 -0.029487999 -12.073671341 0.574965835 0.010916746 0.818104506 127.634796143
0.826130629 -0.034901921 -0.562396705 -128.759674072 0.023620777 0.999347568 -0.027321115 -12.110572815 0.562983334 0.009286562 0.826415956 128.338684082
0.833535671 -0.035348989 -0.551333487 -129.229888916 0.025448291 0.999348283 -0.025599554 -12.148857117 0.551879108 0.007307644 0.833892047 129.049392700
0.840354264 -0.035102244 -0.540899754 -129.689224243 0.025669904 0.999358416 -0.024973044 -12.184804916 0.541429341 0.007101356 0.840716243 129.759384155
0.847318232 -0.034118637 -0.529988527 -130.140975952 0.024755757 0.999386907 -0.024758479 -12.217911720 0.530508280 0.007858041 0.847643316 130.474365234
0.854217231 -0.032123223 -0.518923044 -130.589187622 0.023212338 0.999450564 -0.023658983 -12.250297546 0.519397855 0.008164495 0.854493499 131.202484131
0.860738516 -0.031263046 -0.508086324 -131.027526855 0.022746399 0.999477625 -0.022964619 -12.285441399 0.508538842 0.008209403 0.860999823 131.930404663
0.866651356 -0.031725589 -0.497904480 -131.454208374 0.023492554 0.999464214 -0.022793006 -12.318052292 0.498360783 0.008056546 0.866932213 132.675643921
0.871930361 -0.033044957 -0.488513380 -131.879150391 0.024650279 0.999417365 -0.023607085 -12.350402832 0.489008814 0.008541744 0.872236967 133.428939819
0.876496792 -0.033516247 -0.480239451 -132.304962158 0.025114881 0.999398589 -0.023910938 -12.382577896 0.480752170 0.008896701 0.876811445 134.191314697
0.880069315 -0.032694943 -0.473718286 -132.725036621 0.024698390 0.999428153 -0.023093794 -12.412088394 0.474202543 0.008624060 0.880373657 134.966964722
0.883330584 -0.031009423 -0.467723697 -133.142974854 0.024677884 0.999502122 -0.019659590 -12.440019608 0.468100548 0.005823486 0.883656085 135.752853394
0.886726260 -0.026703727 -0.461522728 -133.567718506 0.022179281 0.999638081 -0.015225915 -12.468119621 0.461762369 0.003264975 0.886997700 136.550491333
0.890182495 -0.024038969 -0.454969347 -133.987457275 0.020632807 0.999709666 -0.012451440 -12.491119385 0.455136538 0.001696762 0.890420079 137.361846924
0.893466830 -0.021385511 -0.448619604 -134.402740479 0.018813241 0.999771059 -0.010190390 -12.508358955 0.448734820 0.000664788 0.893664777 138.189727783
0.896870911 -0.019730661 -0.441852123 -134.820495605 0.018074919 0.999804974 -0.007957271 -12.524913788 0.441922963 -0.000849802 0.897052586 139.026611328
0.900250316 -0.018380232 -0.434984535 -135.235763550 0.017938159 0.999825954 -0.005122476 -12.538504601 0.435002983 -0.003191314 0.900423288 139.882080078
0.903742552 -0.018482264 -0.427677333 -135.645935059 0.018979950 0.999815047 -0.003100138 -12.551658630 0.427655548 -0.005315569 0.903926134 140.745651245
0.907383263 -0.018794145 -0.419883639 -136.054626465 0.019729763 0.999803126 -0.002114835 -12.561084747 0.419840604 -0.006365239 0.907575488 141.626312256
0.911115885 -0.019574692 -0.411685050 -136.458694458 0.020569850 0.999786377 -0.002013657 -12.571693420 0.411636472 -0.006633626 0.911323905 142.519653320
0.915113211 -0.022142269 -0.402588308 -136.863647461 0.023094399 0.999730229 -0.002489634 -12.582301140 0.402534753 -0.007019239 0.915377736 143.437316895
0.919197381 -0.023719821 -0.393081963 -137.258178711 0.024267294 0.999699116 -0.003577504 -12.594124794 0.393048495 -0.006250602 0.919496477 144.361984253
0.923757553 -0.024856387 -0.382170200 -137.650329590 0.024631353 0.999681652 -0.005482040 -12.607843399 0.382184684 -0.004349291 0.924075723 145.310562134
0.929137051 -0.023047945 -0.369016618 -138.037612915 0.022401003 0.999730825 -0.006038050 -12.621327400 0.369056344 -0.002656167 0.929403186 146.273834229
0.935450554 -0.019458195 -0.352921933 -138.415313721 0.019061025 0.999807656 -0.004601057 -12.633978844 0.352943659 -0.002422992 0.935641468 147.254776001
0.942234874 -0.015771786 -0.334581494 -138.779266357 0.016262971 0.999866784 -0.001333462 -12.647983551 0.334557950 -0.004184854 0.942365944 148.258499146
0.949086726 -0.012332653 -0.314773381 -139.126831055 0.013225063 0.999912262 0.000699417 -12.660645485 0.314737171 -0.004826704 0.949166656 149.275711060
0.955820262 -0.010737791 -0.293755114 -139.452117920 0.011788468 0.999928892 0.001806370 -12.669064522 0.293714821 -0.005189488 0.955879152 150.308120728
0.962100863 -0.009573241 -0.272525489 -139.755157471 0.010947386 0.999933898 0.003522174 -12.674738884 0.272473723 -0.006372129 0.962142169 151.359848022
0.967858970 -0.008829939 -0.251338303 -140.031402588 0.010784986 0.999921322 0.006402126 -12.678358078 0.251262039 -0.008907035 0.967878163 152.423370361
0.973374367 -0.006530807 -0.229128122 -140.298843384 0.009131620 0.999905348 0.010292476 -12.681815147 0.229039237 -0.012110745 0.973341763 153.498962402
0.978311896 -0.004363781 -0.207091033 -140.539306641 0.007594161 0.999861598 0.014806446 -12.679559708 0.206997767 -0.016058005 0.978209555 154.608596802
0.982751906 -0.002461026 -0.184912771 -140.755508423 0.005938009 0.999815822 0.018251941 -12.672403336 0.184833795 -0.019035140 0.982585371 155.734100342
0.986710191 -0.000643938 -0.162489608 -140.959289551 0.003723731 0.999819279 0.018649932 -12.667764664 0.162448227 -0.019007144 0.986533999 156.875137329
0.990070224 -0.001502306 -0.140566155 -141.130157471 0.003909372 0.999850392 0.016849514 -12.657722473 0.140519828 -0.017231727 0.989927948 158.027847290
0.992820680 -0.001439659 -0.119604051 -141.278076172 0.003394958 0.999863863 0.016145937 -12.647314072 0.119564548 -0.016436072 0.992690384 159.200668335
0.995048106 -0.002886273 -0.099352725 -141.398834229 0.004719136 0.999823034 0.018217979 -12.634967804 0.099282548 -0.018596627 0.994885504 160.377761841
0.996840954 -0.002280733 -0.079389997 -141.501235962 0.003891713 0.999789596 0.020143175 -12.625355721 0.079327345 -0.020388508 0.996640086 161.582336426
0.998247921 -0.001957549 -0.059139680 -141.580841064 0.003223593 0.999767601 0.021319879 -12.612702370 0.059084184 -0.021473166 0.998022020 162.794250488
0.999256074 -0.000231844 -0.038562495 -141.642044067 0.001092568 0.999750733 0.022300662 -12.600211143 0.038547695 -0.022326205 0.999007463 164.017745972
0.999838948 0.000115151 -0.017942095 -141.673324585 0.000301350 0.999730647 0.023209171 -12.585700989 0.017939927 -0.023210844 0.999569714 165.262786865
0.999993801 0.002383760 0.002569538 -141.682922363 -0.002442253 0.999732375 0.023006450 -12.570034027 -0.002514016 -0.023012586 0.999732018 166.517486572
0.999737024 0.003345205 0.022687253 -141.665634155 -0.003847339 0.999747813 0.022125430 -12.555618286 -0.022607516 -0.022206897 0.999497771 167.782257080
0.999096215 0.003332250 0.042374142 -141.622192383 -0.004185779 0.999789894 0.020069942 -12.541810989 -0.042298362 -0.020229172 0.998900294 169.064559937
0.998092830 0.005570470 0.061478376 -141.556152344 -0.006682946 0.999817431 0.017904654 -12.532094002 -0.061367407 -0.018281361 0.997947812 170.361480713
0.996710777 0.005741084 0.080837272 -141.467926025 -0.007080687 0.999842167 0.016294710 -12.520058632 -0.080730952 -0.016813494 0.996594250 171.635681152
0.994984090 0.005947663 0.099856421 -141.349029541 -0.007338182 0.999881089 0.013563655 -12.514451027 -0.099763885 -0.014228384 0.994909465 172.943984985
0.992919087 0.006992377 0.118586145 -141.205062866 -0.008069053 0.999930382 0.008601594 -12.515441895 -0.118517742 -0.009497562 0.992906511 174.257492065
0.990585864 0.008742698 0.136612728 -141.036148071 -0.009132466 0.999955833 0.002226601 -12.519846916 -0.136587232 -0.003453249 0.990622044 175.582489014
0.987978697 0.010508589 0.154232487 -140.841918945 -0.010225088 0.999944270 -0.002631332 -12.530305862 -0.154251546 0.001022659 0.988031089 176.911682129
0.985048532 0.012826180 0.171798870 -140.623168945 -0.011894873 0.999908447 -0.006449282 -12.549888611 -0.171865880 0.004309330 0.985110939 178.248870850
0.981743753 0.014910595 0.189622864 -140.379104614 -0.013442790 0.999868929 -0.009024583 -12.573200226 -0.189732596 0.006310767 0.981815517 179.596069336
0.978220224 0.014242928 0.207080439 -140.105789185 -0.012738255 0.999881923 -0.008597762 -12.598330498 -0.207178444 0.005772661 0.978286147 180.946563721
0.974380076 0.013514519 0.224500984 -139.808929443 -0.011816845 0.999890566 -0.008903926 -12.627570152 -0.224596724 0.006022916 0.974433184 182.303009033
0.970269680 0.013394792 0.241655424 -139.491973877 -0.010373116 0.999851286 -0.013772002 -12.658828735 -0.241803944 0.010855835 0.970264375 183.654739380
0.965992391 0.014483893 0.258164436 -139.141357422 -0.010213614 0.999788105 -0.017874449 -12.690455437 -0.258368641 0.014629789 0.965935528 185.014038086
0.961337030 0.016638413 0.274871320 -138.768112183 -0.012265535 0.999769509 -0.017620120 -12.730804443 -0.275101125 0.013567430 0.961319506 186.378005981
0.955998123 0.018856362 0.292765915 -138.371765137 -0.014162801 0.999734998 -0.018143348 -12.768510818 -0.293030441 0.013198621 0.956012011 187.749526978
0.950371861 0.022530716 0.310299367 -137.942504883 -0.016878616 0.999639332 -0.020888310 -12.809418678 -0.310658038 0.014614236 0.950409412 189.120117188
0.944472253 0.023058131 0.327781141 -137.484848022 -0.015818901 0.999568880 -0.024735030 -12.855607033 -0.328210175 0.018176412 0.944429815 190.485458374
0.938302696 0.024111517 0.344973385 -136.997650146 -0.015886324 0.999518514 -0.026650537 -12.909283638 -0.345449865 0.019525914 0.938233972 191.858551025
0.931693852 0.024352772 0.362427175 -136.484924316 -0.013827872 0.999404728 -0.031606156 -12.967185020 -0.362981170 0.024435667 0.931475937 193.214569092
0.924015701 0.027442606 0.381368428 -135.941711426 -0.014231957 0.999198318 -0.037418026 -13.029479027 -0.382089615 0.029147221 0.923665524 194.573486328
0.914779425 0.030875100 0.402772099 -135.375061035 -0.015909892 0.999054909 -0.040449377 -13.101684570 -0.403640300 0.030594204 0.914406002 195.921890259
0.903869689 0.033795875 0.426470965 -134.769348145 -0.017826710 0.998984277 -0.041382719 -13.178590775 -0.427436441 0.029802015 0.903554022 197.268127441
