1.000000000 0.000000000 0.000000000 0.000000000 0.000000000 1.000000000 0.000000000 0.000000000 0.000000000 0.000000000 1.000000000 0.000000000
0.999867797 0.000454166 0.016249711 -0.011036971 -0.000450289 0.999999881 -0.000242212 -0.007886216 -0.016249819 0.000234863 0.999867857 0.114905328
0.999288559 0.003822288 0.037520479 0.015210406 -0.003820112 0.999992609 -0.000129698 -0.006255224 -0.037520714 -0.000013727 0.999295771 0.266479135
0.997891068 0.005396101 0.064686075 0.043851856 -0.005487039 0.999984205 0.001228259 -0.006743607 -0.064678423 -0.001580603 0.997904897 0.429959416
0.995084465 0.004841844 0.098910511 0.085058063 -0.005217547 0.999980152 0.003540094 -0.007721505 -0.098891400 -0.004038763 0.995089948 0.605476320
0.990540445 0.001755806 0.137209862 0.144446403 -0.002535354 0.999981642 0.005506873 -0.007385081 -0.137197673 -0.005802656 0.990526676 0.793741584
0.984216154 -0.001189658 0.176966295 0.216634184 0.000155106 0.999982834 0.005859757 -0.005984053 -0.176970229 -0.005739820 0.984199464 0.993268073
0.975352108 -0.001047575 0.220651805 0.300591916 -0.000509517 0.999975383 0.006999749 -0.002990534 -0.220653728 -0.006939647 0.975327492 1.203745961
0.963216603 -0.000782343 0.268725514 0.397572219 -0.001941274 0.999949396 0.009869440 0.002387012 -0.268719673 -0.010028077 0.963166237 1.428351045
0.948700070 -0.004512385 0.316145301 0.520323575 -0.000918706 0.999854624 0.017027948 0.002200011 -0.316176176 -0.016444856 0.948557973 1.658878684
0.931798458 -0.014399572 0.362690359 0.674086750 0.005704625 0.999670327 0.025033101 -0.000889439 -0.362931311 -0.021256790 0.931573331 1.887991786
0.910615087 -0.019673279 0.412787139 0.823111296 0.008249113 0.999532461 0.029439662 -0.004270442 -0.413173407 -0.023403067 0.910351515 2.083357811
0.885636628 -0.021941220 0.463860244 0.998293400 0.007114648 0.999407172 0.033689491 -0.001510799 -0.464324355 -0.026536450 0.885267496 2.295146704
0.857205749 -0.024347924 0.514397919 1.188576460 0.005457809 0.999255180 0.038202561 0.005956508 -0.514944911 -0.029939977 0.856700182 2.523324251
0.824903727 -0.029293453 0.564513624 1.392965198 0.006373214 0.999074876 0.042530537 0.011131860 -0.565237224 -0.031485833 0.824327230 2.733829975
0.788740993 -0.035113551 0.613721848 1.610965967 0.008703167 0.998905122 0.045966350 0.012637302 -0.614663959 -0.030914221 0.788183033 2.935670137
0.750394046 -0.039445262 0.659812748 1.863933086 0.009664563 0.998765886 0.048717380 0.022090465 -0.660920143 -0.030180430 0.749849081 3.147842169
0.709830701 -0.042266164 0.703103006 2.144610405 0.010433951 0.998719573 0.049502991 0.041592166 -0.704294920 -0.027802609 0.709362805 3.371617794
0.665873289 -0.043873023 0.744773746 2.387671947 0.009060768 0.998671293 0.050728716 0.048900917 -0.746009827 -0.027030678 0.665386140 3.572089434
0.622831285 -0.043884706 0.781124473 2.712308884 0.004032036 0.998592257 0.052887425 0.066171914 -0.782345831 -0.029790420 0.622131526 3.790349722
0.580683053 -0.044680711 0.812902808 3.062749147 0.001273882 0.998541534 0.053974271 0.083829984 -0.814128697 -0.030306399 0.579893112 4.002424717
0.540421903 -0.045940842 0.840139091 3.433043480 -0.000787246 0.998480141 0.055105720 0.098996043 -0.841393828 -0.030441737 0.539564490 4.203527927
0.501566529 -0.048085611 0.863781571 3.841661930 -0.002120538 0.998382688 0.056809995 0.119433194 -0.865116358 -0.030325685 0.500653565 4.406645775
0.463996053 -0.047693312 0.884552360 4.285504818 -0.004973422 0.998393536 0.056440230 0.146969512 -0.885823309 -0.030587293 0.463013440 4.604516029
0.427330852 -0.047073726 0.902868986 4.748855591 -0.005957938 0.998475313 0.054878343 0.167410955 -0.904075682 -0.028830448 0.426398814 4.797693253
0.393744051 -0.045762531 0.918080211 5.230671883 -0.004686780 0.998647034 0.051788509 0.188758254 -0.919208169 -0.024694258 0.392996788 4.978180885
0.364083320 -0.044073250 0.930322945 5.752137661 -0.002660415 0.998826504 0.048359700 0.211024061 -0.931362629 -0.020082004 0.363538742 5.156941414
0.338560939 -0.042193208 0.939997911 6.298556805 -0.001535533 0.998967946 0.045393221 0.236160710 -0.940943301 -0.016811769 0.338146716 5.337848186
0.318195015 -0.041679841 0.947108626 6.852763653 -0.000522837 0.999025345 0.044140197 0.257357925 -0.948025167 -0.014540376 0.317862988 5.517283916
0.303470224 -0.042222224 0.951904953 7.453960419 0.000373708 0.999023020 0.044193011 0.281946331 -0.952840865 -0.013055532 0.303189546 5.700572491
0.291828394 -0.043692470 0.955472291 8.072866440 0.001166157 0.998971641 0.045325451 0.305322528 -0.956470072 -0.012113024 0.291579187 5.886265755
0.280750424 -0.045515127 0.958700955 8.719815254 -0.000064220 0.998873949 0.047441185 0.332074761 -0.959780872 -0.013380701 0.280431390 6.076358795
0.270190477 -0.047326796 0.961643100 9.390988350 -0.001274972 0.998772681 0.049512334 0.358270526 -0.962806046 -0.014603828 0.269798517 6.263363361
0.260366589 -0.049253944 0.964252710 10.093356133 -0.002130766 0.998666227 0.051587131 0.384455293 -0.965507507 -0.015486165 0.259914309 6.443824768
0.250139415 -0.051096439 0.966860592 10.817982674 -0.003131527 0.998558581 0.053581767 0.416018099 -0.968204856 -0.016430661 0.249618858 6.629495621
0.239722997 -0.052640952 0.969413102 11.558113098 -0.003289678 0.998479187 0.055032779 0.448617876 -0.970835805 -0.016381681 0.239185199 6.809810638
0.229429588 -0.053991035 0.971826732 12.318701744 -0.003520630 0.998407722 0.056298934 0.481127322 -0.973318934 -0.016338084 0.228874162 6.986291885
0.219301835 -0.057020448 0.973989427 13.088893890 -0.004791030 0.998215795 0.059517477 0.512991071 -0.975645304 -0.017718704 0.218637362 7.150373459
0.207947701 -0.060650699 0.976257801 13.881739616 -0.006636464 0.997965336 0.063412897 0.552223206 -0.978117406 -0.019665465 0.207122087 7.319819450
0.195875436 -0.064647160 0.978495538 14.676297188 -0.007643606 0.997693717 0.067445628 0.588119626 -0.980598986 -0.020690178 0.194929525 7.475611210
0.182807654 -0.066896521 0.980870187 15.475622177 -0.008600158 0.997535527 0.069635943 0.627482235 -0.983111084 -0.021165621 0.181781769 7.624258995
0.168814585 -0.067801610 0.983313203 16.273429871 -0.008945968 0.997484744 0.070314609 0.660127163 -0.985607147 -0.020666815 0.167783454 7.758796215
0.154357925 -0.066841982 0.985751450 17.086071014 -0.010410357 0.997543514 0.069271736 0.702311277 -0.987960100 -0.020954665 0.153282925 7.885113716
0.137696519 -0.065795377 0.988286793 17.905317307 -0.011062455 0.997626781 0.067958519 0.744560540 -0.990412652 -0.020290527 0.136641890 7.997810841
0.117327817 -0.064258203 0.991012156 18.719839096 -0.013789886 0.997702777 0.066324629 0.783857286 -0.992997408 -0.021447666 0.116172187 8.090793610
0.091466561 -0.062908195 0.993819177 19.551115036 -0.018394211 0.997725546 0.064848393 0.824343622 -0.995638192 -0.024211977 0.090101391 8.170484543
0.060409036 -0.062612653 0.996208012 20.386228561 -0.022500455 0.997691631 0.064070322 0.860767722 -0.997920036 -0.026285559 0.058860775 8.231310844
0.026904432 -0.062732868 0.997667670 21.212608337 -0.025811382 0.997652590 0.063427985 0.893296301 -0.999304712 -0.027457679 0.025222054 8.256722450
-0.007763704 -0.062267333 0.998029411 22.055465698 -0.027690567 0.997690022 0.062030762 0.927351058 -0.999586403 -0.027154407 -0.009469988 8.248881340
-0.042065710 -0.061218832 0.997237563 22.900653839 -0.028835233 0.997779667 0.060035784 0.960330367 -0.998698652 -0.026230134 -0.043737553 8.212491989
-0.074813470 -0.059297878 0.995432913 23.735069275 -0.031198455 0.997880936 0.057098925 0.992928863 -0.996709406 -0.026784200 -0.076504938 8.145033836
-0.107394420 -0.056423780 0.992614150 24.578311920 -0.033736743 0.998020113 0.053080991 1.022902489 -0.993643999 -0.027786965 -0.109085351 8.052371025
-0.139854401 -0.051817659 0.988815308 25.411582947 -0.031012034 0.998369038 0.047932088 1.049239755 -0.989686310 -0.023961665 -0.141233295 7.925525665
-0.171623141 -0.045658011 0.984104097 26.241027832 -0.026080566 0.998785913 0.041790854 1.073166966 -0.984817326 -0.018493719 -0.172605544 7.768659592
-0.202060983 -0.039102178 0.978592038 27.069900513 -0.019901775 0.999160230 0.035814695 1.092601299 -0.979170680 -0.012238968 -0.202669516 7.581858158
-0.230944663 -0.033174857 0.972401142 27.890354156 -0.014210017 0.999426961 0.030722016 1.107419968 -0.972863019 -0.006722754 -0.231283724 7.371448517
-0.258933574 -0.026875466 0.965521157 28.699581146 -0.006064558 0.999638379 0.026198730 1.116369724 -0.965876102 0.000928272 -0.259002984 7.136453152
-0.284983069 -0.016346995 0.958393216 29.505912781 -0.000179554 0.999855518 0.017000809 1.115965605 -0.958532572 0.004672860 -0.284944773 6.877803802
-0.310309976 -0.000546727 0.950635314 30.296751022 0.004648418 0.999987006 0.002092463 1.107663035 -0.950624049 0.005068262 -0.310303330 6.604982376
-0.335209876 0.016872535 0.941992462 31.078456879 0.005386204 0.999857605 -0.015992295 1.093109608 -0.942128062 -0.000287011 -0.335253000 6.322400093
-0.360405117 0.031936351 0.932249188 31.850173950 0.005594812 0.999469757 -0.032076217 1.068351269 -0.932779312 -0.006344667 -0.360392690 6.020359993
-0.384678543 0.042307153 0.922080636 32.616886139 0.009330407 0.999076188 -0.041947387 1.027900219 -0.923003614 -0.007532867 -0.384717941 5.689726830
-0.408055842 0.046506058 0.911771834 33.378932953 0.012433811 0.998892188 -0.045385100 0.978886962 -0.912872493 -0.007182852 -0.408182055 5.336568832
-0.430164039 0.046297934 0.901562750 34.128864288 0.016238676 0.998919427 -0.043549482 0.927834630 -0.902604580 -0.004093239 -0.430451006 4.963840485
-0.450317621 0.042050477 0.891877711 34.869380951 0.019738087 0.999115169 -0.037140578 0.878313065 -0.892650187 0.000878902 -0.450749129 4.578123093
-0.468092561 0.040951099 0.882730067 35.593589783 0.027591756 0.999115944 -0.031719089 0.830247104 -0.883248568 0.009508600 -0.468808651 4.179965019
-0.481785268 0.041307848 0.875315130 36.303329468 0.029683074 0.999084532 -0.030810792 0.786894619 -0.875786424 0.011137858 -0.482570291 3.779854774
-0.492787033 0.045539279 0.868957400 37.005180359 0.033606693 0.998880565 -0.033289727 0.744749904 -0.869500697 0.012798039 -0.493765801 3.372491837
-0.502528191 0.048005268 0.863227010 37.697956085 0.034352962 0.998777509 -0.035544813 0.702139378 -0.863878071 0.011792134 -0.503562987 2.964543343
-0.513022482 0.047385950 0.857066214 38.383735657 0.028306626 0.998865962 -0.038282070 0.657330871 -0.857908309 0.004621085 -0.513782024 2.558612823
-0.524133086 0.045992788 0.850393534 39.067512512 0.027667945 0.998933077 -0.036973510 0.613401175 -0.851186812 0.004149598 -0.524846435 2.140619278
-0.532768190 0.047348510 0.844935536 39.746532440 0.029577479 0.998865426 -0.037324555 0.572505713 -0.845744193 0.005105730 -0.533564150 1.705471039
-0.539802432 0.050506402 0.840275228 40.428493500 0.032710671 0.998703063 -0.039015304 0.529438376 -0.841155946 0.006425408 -0.540754437 1.258707047
-0.543211222 0.053471744 0.837891698 41.121379852 0.033816051 0.998553514 -0.041801516 0.488507032 -0.838914871 0.005627133 -0.544233561 0.807413101
-0.542876184 0.055746511 0.837960482 41.829048157 0.033717316 0.998436689 -0.044578515 0.446468115 -0.839135587 0.004053158 -0.543907106 0.348815918
-0.539571047 0.055908237 0.840081573 42.549888611 0.035630368 0.998415232 -0.043560658 0.400490999 -0.841185689 0.006428350 -0.540707946 -0.114274979
-0.533682585 0.054769948 0.843909442 43.294654846 0.033796430 0.998484612 -0.043429296 0.352643847 -0.845009267 0.005343670 -0.534724832 -0.580974579
-0.526693702 0.053403564 0.848375916 44.055225372 0.031589266 0.998564959 -0.043246217 0.305579782 -0.849467993 0.004022065 -0.527624786 -1.047172546
-0.519604087 0.052854024 0.852770805 44.830833435 0.029967371 0.998598099 -0.043632776 0.257260919 -0.853881478 0.002883531 -0.520459533 -1.514650345
-0.513323605 0.051399127 0.856654465 45.633430481 0.027079988 0.998677909 -0.043693654 0.207644820 -0.857767761 0.000769210 -0.514036775 -1.987001419
-0.509038150 0.049060315 0.859344602 46.444114685 0.022674430 0.998792231 -0.043590080 0.158328772 -0.860445261 -0.002703866 -0.509535730 -2.458572388
-0.507734120 0.046324339 0.860267460 47.273777008 0.018487154 0.998909235 -0.042878829 0.106674671 -0.861315429 -0.005867149 -0.508036733 -2.937059402
-0.508144379 0.043733954 0.860160768 48.122833252 0.015185426 0.999009669 -0.041822713 0.055839896 -0.861138105 -0.008190072 -0.508305252 -3.428802490
-0.509010673 0.042630613 0.859703898 48.974594116 0.014081113 0.999051571 -0.041203428 0.003101349 -0.860644996 -0.008867402 -0.509128273 -3.926471710
-0.509498298 0.041834515 0.859453976 49.831199646 0.013605537 0.999084175 -0.040565517 -0.046790004 -0.860364139 -0.008974732 -0.509601057 -4.428323746
-0.509679854 0.041414320 0.859366775 50.704669952 0.013560574 0.999103367 -0.040105842 -0.098596573 -0.860257328 -0.008787633 -0.509784520 -4.942415237
-0.509741724 0.040615562 0.859368145 51.585758209 0.013627802 0.999140799 -0.039138075 -0.149928927 -0.860219538 -0.008239009 -0.509857237 -5.461412430
-0.509878635 0.040419981 0.859296143 52.480270386 0.013194229 0.999145329 -0.039169252 -0.202658057 -0.860145092 -0.008633819 -0.509976327 -5.987361908
-0.510174692 0.038617536 0.859203339 53.368438721 0.011290977 0.999206245 -0.038205743 -0.258902788 -0.859996557 -0.009790361 -0.510205805 -6.505107880
-0.510248542 0.037932124 0.859190047 54.263118744 0.010880684 0.999231637 -0.037653051 -0.315498590 -0.859958053 -0.009863839 -0.510269284 -7.028488159
-0.509643495 0.037122376 0.859584332 55.156101227 0.009775748 0.999254048 -0.037358213 -0.372059941 -0.860330164 -0.010636291 -0.509626150 -7.552528381
-0.508405209 0.035507750 0.860385597 56.050064087 0.009370784 0.999318480 -0.035704210 -0.429190636 -0.861067116 -0.010089718 -0.508391261 -8.073196411
-0.506263852 0.033521939 0.861726880 56.940608978 0.009842427 0.999403656 -0.033095289 -0.483760953 -0.862322450 -0.008273465 -0.506291926 -8.593362808
-0.503896177 0.032148752 0.863165796 57.829647064 0.010299708 0.999459624 -0.031212311 -0.537862420 -0.863702774 -0.006837413 -0.503955066 -9.108354568
-0.501527309 0.031952146 0.864551604 58.731132507 0.010666596 0.999470294 -0.030750768 -0.590522051 -0.865076065 -0.006200530 -0.501602411 -9.627481461
-0.499476910 0.032246720 0.865726948 59.625221252 0.010917293 0.999461949 -0.030929433 -0.641211748 -0.866258442 -0.005997146 -0.499560207 -10.137861252
-0.498591810 0.032795951 0.866216302 60.512435913 0.010986650 0.999442875 -0.031516187 -0.693444133 -0.866767287 -0.006196893 -0.498674333 -10.644456863
-0.499397367 0.034149747 0.865699828 61.395126343 0.010373197 0.999387026 -0.033439379 -0.746614695 -0.866310954 -0.007719463 -0.499445409 -11.148517609
-0.502445221 0.035939079 0.863861918 62.270179749 0.009131929 0.999300659 -0.036262345 -0.800324202 -0.864560902 -0.010331114 -0.502421916 -11.648109436
-0.506825447 0.036310356 0.861283660 63.149307251 0.007923935 0.999266684 -0.037464626 -0.857226610 -0.862012267 -0.012163274 -0.506741464 -12.161746979
-0.512325287 0.034985140 0.858078599 64.022476196 0.009239026 0.999336600 -0.035228178 -0.910722017 -0.858741701 -0.010120478 -0.512308657 -12.678951263
-0.517731667 0.032552246 0.854923546 64.887580872 0.010332016 0.999440908 -0.031797972 -0.965641260 -0.855480671 -0.007629733 -0.517778575 -13.201944351
-0.523026586 0.030067259 0.851785839 65.743362427 0.007678439 0.999503255 -0.030566711 -1.018714070 -0.852281749 -0.009446823 -0.522997677 -13.720605850
-0.528028190 0.033473823 0.848566949 66.597999573 0.009950915 0.999398053 -0.033231683 -1.069301367 -0.849168718 -0.009103247 -0.528043389 -14.249961853
-0.532961428 0.035002533 0.845415354 67.433975220 0.010442082 0.999339998 -0.034792606 -1.120851398 -0.846075118 -0.009715222 -0.532975018 -14.775804520
-0.537694931 0.035984118 0.842371166 68.272361755 0.009262578 0.999280572 -0.036774527 -1.174683809 -0.843088388 -0.011970946 -0.537641525 -15.302471161
-0.541374803 0.035844993 0.840016901 69.094741821 0.007778682 0.999261498 -0.037627026 -1.229438424 -0.840745389 -0.013836102 -0.541253924 -15.827302933
-0.544697821 0.035341538 0.837887287 69.914382935 0.009053066 0.999301136 -0.036264606 -1.283126473 -0.838583529 -0.012167802 -0.544637084 -16.356554031
-0.547086895 0.028585903 0.836587548 70.739051819 0.009990723 0.999568522 -0.027621463 -1.330594540 -0.837016165 -0.006753228 -0.547136426 -16.895614624
-0.549290478 0.019773422 0.835397422 71.562393188 0.009444283 0.999803007 -0.017455012 -1.376885772 -0.835578084 -0.001698143 -0.549369097 -17.432352066
-0.550865829 0.018379575 0.834391356 72.373313904 0.010754445 0.999830663 -0.014923703 -1.418643951 -0.834524393 0.000752457 -0.550970376 -17.963359833
-0.551932335 0.022779439 0.833577633 73.173843384 0.010405568 0.999737144 -0.020430347 -1.451281786 -0.833823860 -0.002602319 -0.552024364 -18.490350723
-0.553057551 0.029236365 0.832629859 73.971763611 0.012644310 0.999563456 -0.026699226 -1.493776798 -0.833046973 -0.004238179 -0.553185880 -19.022285461
-0.553456545 0.032855615 0.832229614 74.770248413 0.017880678 0.999460042 -0.027566528 -1.533824444 -0.832686007 -0.000376046 -0.553745151 -19.559551239
-0.553383410 0.033998739 0.832232416 75.561157227 0.021218311 0.999417663 -0.026719796 -1.577901125 -0.832656205 0.002872272 -0.553782701 -20.089975357
-0.553012311 0.030448260 0.832616508 76.362693787 0.019758973 0.999530256 -0.023428546 -1.618936062 -0.832938671 0.003495369 -0.553354263 -20.618576050
-0.552250862 0.025701188 0.833281755 77.162986755 0.018838497 0.999654055 -0.018347604 -1.655883551 -0.833465099 0.005565292 -0.552544177 -21.148241043
-0.551515341 0.018861489 0.833951473 77.962493896 0.015580751 0.999802828 -0.012308567 -1.691468954 -0.834019244 0.006205230 -0.551700473 -21.669649124
-0.551052570 0.013059750 0.834368348 78.764007568 0.007221754 0.999914646 -0.010881373 -1.724794865 -0.834439278 0.000029395 -0.551099837 -22.179864883
-0.549668908 0.007788467 0.835346162 79.565849304 -0.000177466 0.999955297 -0.009440002 -1.749684811 -0.835382462 -0.005337123 -0.549643099 -22.686525345
-0.547479868 0.008706179 0.836773574 80.351623535 0.003553044 0.999961197 -0.008079391 -1.779381752 -0.836811304 -0.001450210 -0.547489464 -23.203193665
-0.544496059 0.011823161 0.838680148 81.141021729 0.007529646 0.999929309 -0.009207876 -1.809247017 -0.838729620 0.001301312 -0.544546545 -23.716812134
-0.539215088 0.015068377 0.842033327 81.928291321 0.009718101 0.999884725 -0.011669958 -1.832790971 -0.842111945 0.001890347 -0.539299369 -24.217861176
-0.531456590 0.017370019 0.846907437 82.723457336 0.014869169 0.999826968 -0.011175596 -1.859916806 -0.846955001 0.006653465 -0.531622946 -24.722171783
-0.523269475 0.020753140 0.851914644 83.519210815 0.022436729 0.999692321 -0.010571835 -1.891419411 -0.851871848 0.013582258 -0.523574114 -25.220203400
-0.513339996 0.019634023 0.857960701 84.320709229 0.019703459 0.999744356 -0.011089587 -1.914361596 -0.857959092 0.011212062 -0.513595641 -25.696470261
-0.502658010 0.017324455 0.864311695 85.134552002 0.017819004 0.999794424 -0.009677096 -1.938898563 -0.864301682 0.010536904 -0.502863407 -26.157228470
-0.491020888 0.014050631 0.871034503 85.953010559 0.018254722 0.999816239 -0.005837427 -1.964619517 -0.870956540 0.013034192 -0.491187125 -26.616943359
-0.479890257 0.013320280 0.877227366 86.775199890 0.018112959 0.999821961 -0.005273065 -1.989677906 -0.877141476 0.013358688 -0.480046093 -27.061550140
-0.468005121 0.012502436 0.883637249 87.588790894 0.018839382 0.999813855 -0.004168204 -2.010996819 -0.883524954 0.014696442 -0.468153477 -27.487682343
-0.455949903 0.013617620 0.889901221 88.408195496 0.020620711 0.999776185 -0.004733737 -2.034618616 -0.889766574 0.016192051 -0.456128538 -27.905754089
-0.443927735 0.017384280 0.895893931 89.233070374 0.020264197 0.999750793 -0.009358375 -2.063647032 -0.895833433 0.014000127 -0.444169402 -28.309440613
-0.432376504 0.026545450 0.901302338 90.057189941 0.022930274 0.999567032 -0.018439364 -2.087388039 -0.901401460 0.012694361 -0.432797998 -28.700819016
-0.419836640 0.031167433 0.907064378 90.891136169 0.022776242 0.999457240 -0.023800092 -2.114223719 -0.907313883 0.010667369 -0.420318663 -29.083021164
-0.408405006 0.027579492 0.912384093 91.740074158 0.021267025 0.999559581 -0.020694999 -2.150087357 -0.912553012 0.010951754 -0.408811748 -29.453418732
-0.396582127 0.023802916 0.917690575 92.587997437 0.019657770 0.999654770 -0.017433738 -2.186035872 -0.917788744 0.011125837 -0.396913201 -29.814098358
-0.386875600 0.024501730 0.921806276 93.432258606 0.016984263 0.999666691 -0.019443087 -2.222826481 -0.921975434 0.008134142 -0.387162864 -30.160514832
-0.379973531 0.028832691 0.924548030 94.266555786 0.012401911 0.999583066 -0.026075743 -2.263456106 -0.924914241 0.001558069 -0.380172729 -30.488258362
-0.375026435 0.033754125 0.926399410 95.106529236 0.006703702 0.999409497 -0.033700500 -2.301420689 -0.926989913 -0.006428277 -0.375031292 -30.814046860
-0.371557564 0.035690330 0.927723646 95.949172974 0.003935125 0.999312401 -0.036868375 -2.346451283 -0.928401589 -0.010048017 -0.371442527 -31.140293121
-0.367841274 0.035491522 0.929210961 96.794685364 0.002695005 0.999307930 -0.037102032 -2.394558907 -0.929884732 -0.011143431 -0.367682368 -31.467004776
-0.362837821 0.035723072 0.931167245 97.638320923 0.003084502 0.999305487 -0.037135199 -2.444236517 -0.931847215 -0.010601866 -0.362696022 -31.791433334
-0.357015133 0.031458847 0.933568716 98.484130859 0.000404528 0.999437809 -0.033523764 -2.490876675 -0.934098542 -0.011590838 -0.356827170 -32.109901428
-0.351675928 0.027658226 0.935713112 99.319862366 0.000266197 0.999566376 -0.029445581 -2.539632797 -0.936121762 -0.010106221 -0.351530850 -32.419231415
-0.345854968 0.024729388 0.937962055 100.166999817 -0.001486598 0.999637008 -0.026903600 -2.584410429 -0.938286722 -0.010699119 -0.345692694 -32.726222992
-0.340122193 0.022913238 0.940102041 101.023384094 -0.009653645 0.999565363 -0.027855165 -2.625534058 -0.940331697 -0.018549571 -0.339753240 -33.020324707
-0.334080607 0.022882402 0.942266703 101.872772217 -0.016795471 0.999401987 -0.030224729 -2.665666580 -0.942394912 -0.025923310 -0.333496481 -33.298164368
-0.327240884 0.027097601 0.944552302 102.717498779 -0.014808184 0.999318957 -0.033799071 -2.709669352 -0.944824815 -0.025047544 -0.326616794 -33.587310791
-0.320261925 0.030458266 0.946839273 103.568290710 -0.012832666 0.999251842 -0.036484856 -2.753097057 -0.947242081 -0.023835180 -0.319631457 -33.872028351
-0.313616395 0.028578687 0.949119508 104.425865173 -0.013931473 0.999300897 -0.034693033 -2.794914722 -0.949447572 -0.024102945 -0.312999040 -34.149280548
-0.306636214 0.023731507 0.951530814 105.289009094 -0.014402233 0.999459028 -0.029568046 -2.840279341 -0.951717913 -0.022770802 -0.306128532 -34.421257019
-0.299474329 0.021025563 0.953872681 106.147178650 -0.015700342 0.999513209 -0.026960805 -2.883139372 -0.953975081 -0.023050200 -0.298998415 -34.686733246
-0.293107182 0.024353903 0.955769479 107.006599426 -0.017541373 0.999370277 -0.030844335 -2.921754360 -0.955918491 -0.025806211 -0.292495459 -34.941390991
-0.286577821 0.027293859 0.957668006 107.860084534 -0.016643381 0.999301374 -0.033460878 -2.963803768 -0.957912385 -0.025527982 -0.285923392 -35.191864014
-0.279937238 0.027766053 0.959616661 108.721649170 -0.019183105 0.999220252 -0.034508016 -3.006433964 -0.959826708 -0.028068498 -0.279186308 -35.431629181
-0.273088932 0.027131535 0.961606145 109.584434509 -0.019636912 0.999236703 -0.033770014 -3.052421331 -0.961788356 -0.028105192 -0.272347629 -35.664775848
-0.265283257 0.026907949 0.963795066 110.447158813 -0.015849158 0.999353707 -0.032263167 -3.097929239 -0.964040160 -0.023834214 -0.264685303 -35.897472382
-0.257571459 0.027874071 0.965857089 111.298927307 -0.013458978 0.999383211 -0.032430820 -3.144330740 -0.966165423 -0.021352703 -0.257037520 -36.125579834
-0.250918567 0.028511468 0.967588186 112.163772583 -0.012233547 0.999392807 -0.032621093 -3.187846422 -0.967930913 -0.020022269 -0.250417441 -36.346450806
-0.244146720 0.027311111 0.969353557 113.015678406 -0.018779278 0.999282718 -0.032884195 -3.232121706 -0.969556451 -0.026232336 -0.243458733 -36.545970917
-0.238289714 0.025727689 0.970853209 113.888603210 -0.022708930 0.999228120 -0.032053385 -3.273703098 -0.970928490 -0.029685035 -0.237521559 -36.747783661
-0.233775571 0.025814716 0.971947849 114.753616333 -0.020005183 0.999308169 -0.031353101 -3.317740679 -0.972084761 -0.026773583 -0.233097404 -36.950378418
-0.228771448 0.026731350 0.973113060 115.623832703 -0.017970698 0.999336600 -0.031676482 -3.360173941 -0.973314285 -0.024734197 -0.228139266 -37.153450012
-0.224292845 0.027638879 0.974129796 116.497734070 -0.016983606 0.999334991 -0.032264493 -3.405864954 -0.974373937 -0.023780927 -0.223674268 -37.348747253
-0.218356758 0.026905052 0.975498080 117.372329712 -0.010724877 0.999493361 -0.029967537 -3.446589708 -0.975810051 -0.017005712 -0.217957616 -37.549465179
-0.212901324 0.025890352 0.976730645 118.250900269 -0.002894154 0.999627769 -0.027128140 -3.488842249 -0.977069438 -0.008602425 -0.212747157 -37.749000549
-0.207951501 0.025004355 0.977819502 119.125030518 -0.001009462 0.999667168 -0.025777716 -3.531293392 -0.978138685 -0.006347585 -0.207857087 -37.937412262
-0.203886285 0.026542004 0.978634715 119.996795654 -0.002763775 0.999612808 -0.027686760 -3.570475340 -0.978990674 -0.008349678 -0.203733996 -38.111717224
-0.200360000 0.028398290 0.979310691 120.869140625 -0.004367160 0.999544024 -0.029878510 -3.607246876 -0.979712605 -0.010263267 -0.200144634 -38.282577515
-0.199162200 0.027501775 0.979580581 121.743087769 -0.005925675 0.999554038 -0.029267300 -3.655481100 -0.979948699 -0.011633619 -0.198910430 -38.442760468
-0.199139833 0.026181642 0.979621291 122.602867126 -0.001273505 0.999635220 -0.026975421 -3.724585533 -0.979970276 -0.006619435 -0.199033827 -38.584194183
-0.197972253 0.021798508 0.979965210 123.476249695 0.000331850 0.999754131 -0.022171658 -3.759672165 -0.980207562 -0.004064172 -0.197930783 -38.760353088
-0.197266057 0.016384028 0.980213106 124.351249695 0.000337694 0.999861419 -0.016644489 -3.803213120 -0.980350018 -0.002952381 -0.197244242 -38.924808502
-0.196564957 0.014181842 0.980388224 125.216270447 0.002020202 0.999899149 -0.014059035 -3.847196817 -0.980488718 -0.000782931 -0.196573779 -39.089294434
-0.195337236 0.018842362 0.980555058 126.071739197 0.001945317 0.999820888 -0.018825045 -3.878313065 -0.980734229 -0.001769741 -0.195338890 -39.255958557
-0.195436254 0.022575747 0.980456531 126.922454834 0.001643689 0.999741137 -0.022692151 -3.908219576 -0.980715036 -0.002823304 -0.195422739 -39.418731689
-0.195501432 0.021747185 0.980462253 127.779396057 -0.001443824 0.999746561 -0.022462821 -3.939527988 -0.980702400 -0.005807129 -0.195420474 -39.580902100
-0.194848850 0.020902099 0.980610549 128.633895874 -0.003132363 0.999754548 -0.021932567 -3.977437496 -0.980828285 -0.007345165 -0.194735557 -39.745101929
-0.194202498 0.021769410 0.980719864 129.502960205 0.001093112 0.999757886 -0.021975543 -4.011284351 -0.980960846 -0.003195669 -0.194179282 -39.922855377
-0.193358541 0.024187727 0.980829895 130.321166992 -0.000944368 0.999691010 -0.024839018 -4.040613174 -0.981127620 -0.005729101 -0.193275958 -40.076522827
-0.193714961 0.025069613 0.980737448 131.166946411 -0.009004129 0.999585867 -0.027329905 -4.080787659 -0.981016517 -0.014124897 -0.193408996 -40.226837158
-0.193770066 0.026350686 0.980693042 132.017105103 -0.013474784 0.999473453 -0.029517718 -4.126697063 -0.980954409 -0.018934276 -0.193312928 -40.375442505
-0.193090141 0.030056879 0.980720520 132.839981079 -0.010508989 0.999410033 -0.032698739 -4.165495396 -0.981124640 -0.016620185 -0.192660332 -40.537864685
-0.192756087 0.031013794 0.980756462 133.666336060 -0.009532168 0.999394059 -0.033476595 -4.208195210 -0.981200337 -0.015801553 -0.192343667 -40.695541382
-0.191147938 0.032087032 0.981036663 134.477142334 -0.010974041 0.999333322 -0.034823675 -4.249912739 -0.981499851 -0.017422408 -0.190668344 -40.843235016
-0.189228654 0.031544350 0.981426239 135.289108276 -0.002346273 0.999466479 -0.032576572 -4.290951729 -0.981930256 -0.008467112 -0.189053684 -41.004547119
-0.185711846 0.028554128 0.982189238 136.108413696 0.002482282 0.999588132 -0.028590597 -4.331411362 -0.982601106 -0.002871539 -0.185706228 -41.166770935
-0.184020519 0.023472838 0.982642114 136.928970337 0.005822617 0.999723315 -0.022790456 -4.372841835 -0.982905149 0.001527636 -0.184106275 -41.318855286
-0.180489078 0.023176594 0.983303905 137.746200562 0.007348541 0.999726176 -0.022214817 -4.408895493 -0.983549535 0.003216316 -0.180609971 -41.463447571
-0.175316095 0.028384481 0.984103084 138.545440674 0.008302851 0.999591291 -0.027352078 -4.445912361 -0.984477162 0.003375601 -0.175480142 -41.607028961
-0.169098794 0.031534232 0.985094428 139.334548950 0.009546432 0.999493420 -0.030356446 -4.483043194 -0.985552788 0.004270899 -0.169314176 -41.734397888
-0.160785213 0.032180328 0.986464679 140.133483887 0.010056997 0.999469876 -0.030965388 -4.517574787 -0.986938179 0.004942097 -0.161023602 -41.861522675
-0.151160702 0.027751883 0.988119602 140.939804077 0.012056992 0.999583304 -0.026229396 -4.557568550 -0.988435686 0.007948898 -0.151432276 -41.981540680
-0.139305755 0.026233666 0.989901781 141.739669800 0.016101452 0.999576807 -0.024224160 -4.596951485 -0.990118504 0.012564290 -0.139669195 -42.093551636
-0.125344738 0.029143803 0.991685092 142.543167114 0.020560982 0.999430060 -0.026772596 -4.629528046 -0.991900146 0.017034214 -0.125872523 -42.198410034
-0.110874221 0.030100269 0.993378520 143.347030640 0.020388519 0.999399781 -0.028007094 -4.664022446 -0.993625283 0.017148253 -0.111421391 -42.288391113
-0.097144693 0.030135568 0.994813859 144.148483276 0.022416817 0.999354184 -0.028084075 -4.701336861 -0.995017767 0.019572344 -0.097757503 -42.363246918
-0.083463639 0.031846371 0.996001840 144.940338135 0.023355300 0.999277174 -0.029993953 -4.739987850 -0.996237099 0.020758511 -0.084147088 -42.428535461
-0.069839910 0.038090833 0.996830821 145.729461670 0.021042272 0.999104559 -0.036703467 -4.786323071 -0.997336268 0.018412217 -0.070578888 -42.475261688
-0.057079528 0.047177587 0.997254252 146.502243042 0.014069106 0.998821557 -0.046446469 -4.828592300 -0.998270512 0.011379336 -0.057676021 -42.504394531
-0.043204170 0.055131957 0.997543871 147.278823853 0.010308655 0.998447657 -0.054735430 -4.874605656 -0.999013126 0.007918539 -0.043705434 -42.526580811
-0.030068690 0.055901781 0.997983396 148.048767090 0.009755870 0.998403728 -0.055631395 -4.921210289 -0.999500215 0.008063431 -0.030566067 -42.542774200
-0.018369397 0.051979441 0.998479187 148.828277588 0.006087402 0.998634994 -0.051875565 -4.975239277 -0.999812722 0.005125220 -0.018660743 -42.545742035
-0.007612561 0.049681477 0.998736084 149.599853516 0.002322377 0.998763144 -0.049665131 -5.031484604 -0.999968350 0.001941363 -0.007718525 -42.540912628
0.001351964 0.056136690 0.998422146 150.361343384 -0.001308060 0.998422384 -0.056134932 -5.088679314 -0.999998271 -0.001230104 0.001423263 -42.527637482
0.008110682 0.064188458 0.997904837 151.107543945 -0.004317658 0.997930586 -0.064155027 -5.140659332 -0.999957800 -0.003788271 0.008371041 -42.514614105
0.010933429 0.067209363 0.997678995 151.866378784 -0.007133898 0.997718394 -0.067133851 -5.192092896 -0.999914825 -0.006383338 0.011387949 -42.494888306
0.010839563 0.062609240 0.997979224 152.623535156 -0.009185158 0.998001933 -0.062510893 -5.250418663 -0.999899089 -0.008489002 0.011392985 -42.479175568
0.009009980 0.058276314 0.998259783 153.382766724 -0.010589249 0.998249948 -0.058180150 -5.315388680 -0.999903321 -0.010046620 0.009611315 -42.465343475
0.006322175 0.055501040 0.998438597 154.121398926 -0.008947992 0.998421729 -0.055443443 -5.369081497 -0.999939978 -0.008583497 0.006808818 -42.462226868
0.003520122 0.055931818 0.998428345 154.870376587 -0.006923043 0.998412013 -0.055906493 -5.418594837 -0.999969840 -0.006715364 0.003901749 -42.460033417
-0.000158609 0.055880424 0.998437464 155.614974976 -0.005276814 0.998423517 -0.055880476 -5.474164963 -0.999986053 -0.005277433 0.000136511 -42.459346771
-0.005026745 0.054434374 0.998504639 156.362060547 -0.006276106 0.998495936 -0.054465491 -5.529381275 -0.999967694 -0.006540506 -0.004677548 -42.457782745
-0.010418951 0.054904465 0.998437166 157.109619141 -0.006895384 0.998463750 -0.054977871 -5.576642990 -0.999921858 -0.007457419 -0.010024359 -42.461593628
-0.016334105 0.052993372 0.998461127 157.855575562 -0.008046938 0.998555183 -0.053129986 -5.627415657 -0.999834061 -0.008902388 -0.015884072 -42.469421387
-0.022288937 0.050270230 0.998486936 158.601303101 -0.005727340 0.998712361 -0.050409418 -5.683191776 -0.999735177 -0.006842248 -0.021972319 -42.485347748
-0.027626220 0.050226539 0.998355746 159.338958740 -0.006425360 0.998707414 -0.050422035 -5.731296062 -0.999597669 -0.007807765 -0.027267784 -42.503257751
-0.033009868 0.051520713 0.998126209 160.075500488 -0.007987701 0.998624980 -0.051810626 -5.779668808 -0.999423087 -0.009682996 -0.032552946 -42.523189545
-0.037157167 0.053846598 0.997857630 160.803436279 -0.008438195 0.998494744 -0.054195181 -5.832355022 -0.999273777 -0.010433858 -0.036646873 -42.544128418
-0.039605625 0.056087729 0.997640014 161.527740479 -0.008358106 0.998369992 -0.056460563 -5.884411335 -0.999180436 -0.010574535 -0.039072264 -42.570758820
-0.041239429 0.057629451 0.997485936 162.250503540 -0.005327720 0.998308361 -0.057897229 -5.933393478 -0.999135077 -0.007701974 -0.040862616 -42.600711823
-0.040512025 0.056158148 0.997599781 162.964965820 -0.002138599 0.998412132 -0.056290738 -5.983522892 -0.999176681 -0.004413917 -0.040327597 -42.630184174
-0.036539972 0.052464291 0.997954130 163.682037354 0.000438192 0.998621762 -0.052483335 -6.037669182 -0.999332011 -0.001480446 -0.036512595 -42.656303406
-0.029111223 0.052361362 0.998203814 164.387557983 0.001538534 0.998628199 -0.052338753 -6.090034008 -0.999575019 0.000012125 -0.029151851 -42.672145844
-0.017914217 0.053142786 0.998426199 165.089981079 0.004230489 0.998581588 -0.053075135 -6.139458656 -0.999830604 0.003273031 -0.018113624 -42.681243896
-0.003386186 0.053544935 0.998559713 165.784393311 0.006873930 0.998543084 -0.053520743 -6.186209679 -0.999970555 0.006682797 -0.003749316 -42.681594849
0.011919089 0.051172849 0.998618662 166.480453491 0.006030927 0.998667836 -0.051247347 -6.231409073 -0.999910653 0.006633419 0.011594589 -42.664882660
0.028094998 0.046441864 0.998525679 167.174346924 0.001137174 0.998917997 -0.046492089 -6.277170658 -0.999604523 0.002441693 0.028011786 -42.631614685
0.044456683 0.039905436 0.998213887 167.865707397 -0.000055922 0.999201834 -0.039942436 -6.319484711 -0.999011338 0.001719886 0.044423439 -42.589008331
0.061646175 0.032582313 0.997566044 168.550430298 0.000180244 0.999466658 -0.032655522 -6.356499672 -0.998098195 0.002192893 0.061607420 -42.540531158
0.079151064 0.025158016 0.996545076 169.230850220 -0.000215759 0.999681890 -0.025220066 -6.390274048 -0.996862590 0.001781182 0.079131320 -42.476299286
0.096352100 0.019341059 0.995159388 169.899780273 -0.001754296 0.999812961 -0.019261649 -6.422111511 -0.995345771 0.000110097 0.096368022 -42.400291443
0.114186339 0.017138489 0.993311524 170.561920166 -0.002559503 0.999852955 -0.016957127 -6.451229572 -0.993456125 -0.000606112 0.114213414 -42.311004639
0.132163152 0.015858341 0.991101086 171.211074829 -0.000945991 0.999873579 -0.015872559 -6.473716736 -0.991227448 0.001160195 0.132161468 -42.214965820
0.149411902 0.015502945 0.988653481 171.855819702 -0.002075961 0.999879777 -0.015365249 -6.493223190 -0.988772810 0.000243345 0.149426132 -42.102813721
0.165417656 0.014496754 0.986117065 172.491760254 -0.006762232 0.999885142 -0.013564816 -6.513181686 -0.986200571 -0.004424491 0.165496677 -41.978889465
0.179742470 0.011005841 0.983652174 173.130523682 -0.008863695 0.999914944 -0.009568142 -6.534344673 -0.983673811 -0.006998991 0.179824755 -41.846008301
0.192044988 0.007113625 0.981360257 173.761474609 -0.005352821 0.999966443 -0.006200988 -6.553511143 -0.981371522 -0.004062178 0.192076609 -41.718425751
0.202856183 0.006084460 0.979189575 174.383895874 -0.003154692 0.999979556 -0.005560094 -6.570628166 -0.979203463 -0.001961141 0.202871218 -41.584926605
0.212697431 0.009725996 0.977069736 174.980468750 -0.007474347 0.999937415 -0.008326543 -6.593582153 -0.977089524 -0.005531924 0.212756783 -41.441482544
0.221473560 0.016851053 0.975020885 175.581726074 -0.011572914 0.999825776 -0.014650993 -6.616011620 -0.975097775 -0.008039026 0.221629977 -41.285232544
0.230634525 0.026636750 0.972675800 176.164642334 -0.011376029 0.999630749 -0.024677506 -6.637178421 -0.972973943 -0.005373704 0.230852380 -41.140975952
0.238942146 0.032497212 0.970489919 176.767776489 -0.005684466 0.999469578 -0.032068048 -6.656090736 -0.971017182 0.002145690 0.239000112 -40.996467590
0.245479643 0.030631153 0.968917727 177.371490479 -0.004995114 0.999527395 -0.030333309 -6.676226139 -0.969388902 0.002606354 0.245516643 -40.841926575
0.251529068 0.023153545 0.967572749 177.979293823 -0.007507075 0.999730408 -0.021971537 -6.698065758 -0.967820644 -0.001737162 0.251635075 -40.679809570
0.255820811 0.012830681 0.966639042 178.595443726 -0.012063785 0.999876440 -0.010079177 -6.721203327 -0.966648996 -0.009082861 0.255943984 -40.504955292
0.257789016 0.004706379 0.966189742 179.208267212 -0.012159048 0.999924719 -0.001626549 -6.745861053 -0.966124773 -0.011328642 0.257826895 -40.335769653
0.258904219 0.004036861 0.965894580 179.812133789 -0.008567165 0.999961495 -0.001882849 -6.762338161 -0.965865076 -0.007787501 0.258928806 -40.178565979
0.260076970 0.006072445 0.965568781 180.405227661 -0.005078775 0.999974906 -0.004920852 -6.775445938 -0.965574443 -0.003624106 0.260101348 -40.020084381
0.261685640 0.005634668 0.965136707 181.021987915 -0.001701006 0.999984026 -0.005376907 -6.783955097 -0.965151668 -0.000234643 0.261691064 -39.855319977
0.263412178 0.003439493 0.964677334 181.635040283 -0.003538862 0.999990284 -0.002599088 -6.791879177 -0.964676857 -0.002729228 0.263421834 -39.681999207
0.266155809 -0.000082232 0.963930011 182.252029419 -0.003798425 0.999992132 0.001134112 -6.801229000 -0.963922560 -0.003963266 0.266153455 -39.506862640
0.269226044 -0.005120313 0.963063419 182.876632690 -0.002994130 0.999976575 0.006153583 -6.811914444 -0.963072419 -0.004540241 0.269204378 -39.329921722
0.273555160 -0.007948053 0.961823463 183.496765137 -0.001540497 0.999960959 0.008701340 -6.818918228 -0.961855173 -0.003861982 0.273532242 -39.148006439
0.279802799 -0.009976638 0.960005641 184.118499756 0.000380463 0.999947071 0.010280829 -6.818727493 -0.960057497 -0.002511358 0.279791772 -38.965023041
0.287573278 -0.012957383 0.957670927 184.745330811 0.002015017 0.999914467 0.012923866 -6.821614265 -0.957756519 -0.001786836 0.287574768 -38.774120331
0.297154486 -0.014687721 0.954716444 185.371093750 0.004431103 0.999892116 0.014003546 -6.826784611 -0.954819202 0.000069231 0.297187507 -38.573604584
0.308445811 -0.012613326 0.951158285 185.991302490 0.003188495 0.999920189 0.012225979 -6.830674171 -0.951236546 -0.000738289 0.308461398 -38.365692139
0.319831371 -0.009144121 0.947430372 186.600692749 0.002400595 0.999958098 0.008840704 -6.835083961 -0.947471380 -0.000553138 0.319839925 -38.147399902
0.331740558 -0.005935642 0.943351984 187.215759277 0.001373778 0.999982178 0.005808859 -6.835727692 -0.943369687 -0.000631078 0.331742793 -37.925060272
0.343380481 -0.005741495 0.939178765 187.842849731 0.002903950 0.999982953 0.005051474 -6.837872982 -0.939191937 0.000992751 0.343391299 -37.688137054
0.354506522 -0.008670244 0.935013354 188.470458984 0.003400691 0.999962270 0.007983150 -6.842255116 -0.935047388 0.000349613 0.354522645 -37.441390991
0.365711153 -0.010134511 0.930673242 189.094314575 0.002444314 0.999947727 0.009928370 -6.849029064 -0.930725336 -0.001356058 0.365716815 -37.187522888
