1.000000000 0.000000000 0.000000000 0.000000000 0.000000000 1.000000000 0.000000000 0.000000000 0.000000000 0.000000000 1.000000000 0.000000000
0.999999940 -0.000215306 0.000220971 0.001080154 0.000215260 0.999999940 0.000210864 0.001695480 -0.000221016 -0.000210816 0.999999940 0.061347220
0.999999583 -0.000064131 0.000899578 0.004388233 0.000065269 0.999999225 -0.001265003 -0.002912944 -0.000899496 0.001265061 0.999998808 0.129501536
0.999999225 -0.000616811 0.001098755 0.003259821 0.000617660 0.999999523 -0.000772052 0.005113604 -0.001098278 0.000772730 0.999999106 0.169570476
0.999998629 -0.001054675 0.001274146 0.005031980 0.001055976 0.999998927 -0.001021258 0.004566411 -0.001273068 0.001022602 0.999998689 0.256328672
0.999998569 -0.001573335 0.000604206 0.012397039 0.001573980 0.999998331 -0.001067830 0.006559172 -0.000602525 0.001068780 0.999999166 0.356039017
0.999998212 -0.001888416 0.000184500 0.017380157 0.001888619 0.999997616 -0.001106456 0.010487325 -0.000182410 0.001106802 0.999999285 0.404244870
0.999995530 -0.002926718 0.000592303 0.021592926 0.002927022 0.999995589 -0.000514230 0.008965671 -0.000590795 0.000515961 0.999999702 0.524780333
0.999997973 -0.001384686 0.001411748 0.033580657 0.001385279 0.999998868 -0.000419385 0.012106070 -0.001411166 0.000421340 0.999998927 0.647939622
0.999997079 -0.002098897 0.001129324 0.035119236 0.002099504 0.999997675 -0.000536509 0.012200362 -0.001128195 0.000538878 0.999999225 0.712582767
0.999996126 -0.002729388 0.000365747 0.033306748 0.002729583 0.999996126 -0.000531378 0.013721297 -0.000364295 0.000532374 0.999999821 0.846327245
0.999997854 -0.002054334 0.000261629 0.034615885 0.002054567 0.999997497 -0.000894614 0.013422871 -0.000259791 0.000895150 0.999999583 0.992696702
0.999997795 -0.002029425 0.000371822 0.035526972 0.002029717 0.999997556 -0.000787423 0.013340048 -0.000370223 0.000788176 0.999999642 1.064099312
0.999999762 -0.000660642 0.000301815 0.035726309 0.000660830 0.999999583 -0.000624101 0.013510532 -0.000301403 0.000624300 0.999999762 1.236826539
0.999998629 -0.001660201 0.000061740 0.032826260 0.001660253 0.999998271 -0.000852689 0.012985379 -0.000060325 0.000852791 0.999999642 1.388617277
0.999998927 -0.001456520 0.000224848 0.036359128 0.001456804 0.999998271 -0.001269944 0.006056065 -0.000222998 0.001270270 0.999999166 1.457522988
0.999996543 -0.002634254 -0.000003582 0.041430004 0.002634251 0.999996245 -0.000646663 0.010101358 0.000005286 0.000646651 0.999999702 1.639840364
0.999991834 -0.004035880 -0.000301217 0.051339284 0.004035844 0.999991775 -0.000119369 0.013102207 0.000301697 0.000118153 0.999999940 1.826490760
0.999987185 -0.005058762 -0.000212771 0.058209728 0.005058700 0.999987185 -0.000287734 0.013324936 0.000214224 0.000286654 0.999999940 1.927071929
0.999972939 -0.007367669 -0.000338229 0.064154901 0.007367014 0.999971032 -0.001901995 0.008988708 0.000352233 0.001899451 0.999998152 2.136579037
0.999962091 -0.008694428 -0.000513036 0.066535786 0.008692785 0.999957323 -0.003126823 0.029480489 0.000540200 0.003122245 0.999994993 2.350527048
0.999953091 -0.009676949 -0.000453121 0.068560518 0.009675325 0.999947131 -0.003456780 0.045574687 0.000486548 0.003452234 0.999993920 2.466447353
0.999959111 -0.008957051 -0.001240295 0.077068329 0.008951147 0.999948978 -0.004686000 0.074199393 0.001282204 0.004674707 0.999988258 2.692715883
0.999960005 -0.008775001 -0.001744803 0.074936494 0.008763505 0.999940455 -0.006490186 0.087812051 0.001801651 0.006474634 0.999977410 2.932347536
0.999956667 -0.009138012 -0.001788986 0.076882824 0.009124419 0.999930501 -0.007465008 0.097052492 0.001857077 0.007448360 0.999970555 3.046549797
0.999963164 -0.008344501 -0.001979253 0.079728968 0.008288153 0.999602497 -0.026946865 0.044501379 0.002203325 0.026929474 0.999634922 3.314849377
0.999982297 -0.005697726 -0.001717044 0.078917399 0.005650971 0.999643385 -0.026104793 0.050754182 0.001865169 0.026094627 0.999657750 3.570029020
0.999985099 -0.005254581 -0.001495295 0.079945572 0.005214488 0.999657154 -0.025659982 0.063798957 0.001629614 0.025651798 0.999669611 3.706437111
0.999987721 -0.004562866 -0.001940417 0.082978874 0.004511708 0.999662042 -0.025598636 0.068438418 0.002056564 0.025589561 0.999670565 3.986881018
0.999975801 -0.006540307 -0.002380854 0.091740623 0.006478464 0.999663532 -0.025116669 0.076007508 0.002544323 0.025100641 0.999681711 4.281718731
0.999967396 -0.007660183 -0.002525804 0.103607044 0.007592919 0.999642253 -0.025643649 0.074379385 0.002721336 0.025623631 0.999667943 4.422463417
0.999965966 -0.007839809 -0.002574429 0.111639470 0.007771751 0.999645650 -0.025459785 0.060213804 0.002773117 0.025438916 0.999672532 4.727131367
0.999978364 -0.005940266 -0.002794212 0.128543302 0.005869622 0.999679029 -0.024644634 0.060509339 0.002939712 0.024627700 0.999692380 5.027867317
0.999966264 -0.007586075 -0.003147576 0.123686746 0.007505160 0.999660075 -0.024968153 0.050530881 0.003335916 0.024943683 0.999683440 5.189459801
0.999963164 -0.007771030 -0.003645934 0.123845287 0.007705036 0.999812186 -0.017778102 0.044670895 0.003783404 0.017749352 0.999835312 5.518991947
0.999992430 -0.002475704 -0.003002968 0.120934069 0.002442326 0.999935687 -0.011067942 0.062315591 0.003030176 0.011060525 0.999934256 5.823628426
0.999994576 0.001889412 -0.002698057 0.120885238 -0.001913362 0.999958575 -0.008901821 0.083059095 0.002681127 0.008906933 0.999956727 5.987620354
0.999969840 0.006942077 -0.003485444 0.115824923 -0.006986982 0.999890566 -0.013040951 0.078663461 0.003394531 0.013064911 0.999908805 6.329541206
0.999926209 0.011376994 -0.004265258 0.113687269 -0.011432817 0.999846101 -0.013300473 0.092800543 0.004113282 0.013348257 0.999902368 6.670463562
0.999932289 0.010864997 -0.004146260 0.120241344 -0.010917659 0.999857247 -0.012896704 0.091381237 0.004005544 0.012941100 0.999908149 6.848452091
0.999947071 0.009413583 -0.004133314 0.132649109 -0.009455261 0.999903440 -0.010182668 0.086508512 0.004037059 0.010221211 0.999939620 7.211723804
0.999987662 0.003956435 -0.003005490 0.154575706 -0.003992440 0.999919176 -0.012069750 0.086702801 0.002957494 0.012081601 0.999922633 7.581165791
0.999995232 0.001719204 -0.002567190 0.162790835 -0.001752109 0.999915779 -0.012870733 0.086424030 0.002544847 0.012875171 0.999913871 7.774672508
0.999991238 0.002037387 -0.003659780 0.163293689 -0.002081604 0.999924541 -0.012118775 0.082210921 0.003634813 0.012126289 0.999919891 8.150759697
0.999922752 0.011509062 -0.004691494 0.147668615 -0.011556216 0.999881625 -0.010150781 0.080289021 0.004574113 0.010204214 0.999937475 8.546088219
0.999889314 0.014260658 -0.004221814 0.146920383 -0.014299800 0.999853671 -0.009390725 0.073724844 0.004087279 0.009450056 0.999947011 8.763691902
0.999867201 0.015893066 -0.003581902 0.143495142 -0.015926328 0.999828458 -0.009457878 0.072438501 0.003430973 0.009513669 0.999948859 9.145337105
0.999835134 0.017760092 -0.003783256 0.145651340 -0.017804371 0.999769330 -0.012010408 0.070009127 0.003569077 0.012075786 0.999920726 9.557159424
0.999842405 0.017230473 -0.004275606 0.155820251 -0.017281920 0.999774992 -0.012301127 0.074583866 0.004062689 0.012373080 0.999915123 9.759945869
0.999966562 0.006290934 -0.005222428 0.185331315 -0.006350006 0.999915183 -0.011372621 0.087308474 0.005150441 0.011405405 0.999921620 10.199966431
0.999989629 0.000493325 -0.004508455 0.202332094 -0.000548485 0.999924839 -0.012241752 0.087453634 0.004502079 0.012244099 0.999914825 10.628506660
0.999992728 -0.000284952 -0.003807112 0.208277151 0.000231532 0.999901652 -0.014024662 0.099426344 0.003810734 0.014023679 0.999894321 10.855411530
0.999984145 0.003672569 -0.004271738 0.209888890 -0.003741038 0.999862790 -0.016132422 0.120226905 0.004211905 0.016148144 0.999860764 11.297394753
0.999937534 0.009742059 -0.005467256 0.199758410 -0.009824917 0.999834001 -0.015339200 0.115335479 0.005316915 0.015391959 0.999867320 11.757831573
0.999934852 0.010072125 -0.005373210 0.199920446 -0.010150740 0.999838829 -0.014810010 0.120275781 0.005223175 0.014863585 0.999875903 11.984335899
0.999955356 0.008031215 -0.004982111 0.206092089 -0.008112621 0.999830306 -0.016540060 0.110891461 0.004848429 0.016579743 0.999850810 12.443877220
0.999977589 0.003647233 -0.005614300 0.226193652 -0.003746995 0.999833286 -0.017862435 0.111673817 0.005548217 0.017883074 0.999824703 12.930573463
0.999981523 -0.000773807 -0.006033393 0.232649535 0.000667360 0.999844372 -0.017625097 0.120780274 0.006046090 0.017620740 0.999826610 13.173423767
0.999942541 -0.009196578 -0.005509491 0.254593045 0.009098347 0.999803782 -0.017596282 0.124508172 0.005670235 0.017545143 0.999830008 13.654634476
0.999960780 -0.006670963 -0.005829485 0.259833097 0.006568538 0.999826729 -0.017415764 0.125603408 0.005944656 0.017376792 0.999831259 14.149439812
0.999951720 -0.006947246 -0.006936885 0.262512863 0.006820350 0.999812126 -0.018151902 0.106250674 0.007061686 0.018103711 0.999811172 14.650549889
0.999952078 -0.006208782 -0.007571619 0.263326436 0.006073845 0.999824584 -0.017715996 0.098811120 0.007680286 0.017669158 0.999814391 14.911970139
0.999949753 -0.006209693 -0.007860246 0.265626132 0.006061005 0.999804854 -0.018800944 0.081973791 0.007975459 0.018752359 0.999792337 15.433004379
0.999955237 -0.004928967 -0.008077713 0.264566630 0.004773684 0.999805570 -0.019131683 0.070770115 0.008170442 0.019092266 0.999784350 15.698047638
0.999953747 0.000557744 -0.009593515 0.262937278 -0.000750812 0.999797046 -0.020133009 0.086816341 0.009580337 0.020139283 0.999751270 16.209403992
0.999948084 -0.002370291 -0.009912079 0.270274580 0.002189556 0.999831796 -0.018205170 0.072178990 0.009953567 0.018182520 0.999785125 16.769653320
0.999939740 -0.005514245 -0.009490829 0.273701191 0.005352121 0.999840617 -0.017023515 0.064488351 0.009583190 0.016971696 0.999810040 17.017648697
0.999949574 -0.004180470 -0.009123392 0.287124693 0.004086726 0.999938846 -0.010269621 0.101652056 0.009165767 0.010231821 0.999905646 17.572507858
0.999937177 -0.007007359 -0.008748803 0.300170600 0.006944441 0.999949872 -0.007201331 0.124532208 0.008798830 0.007140122 0.999935806 18.116399765
0.999923050 -0.009260615 -0.008244204 0.301478028 0.009217165 0.999943495 -0.005292951 0.121680655 0.008292753 0.005216556 0.999952018 18.402015686
0.999949157 -0.006929573 -0.007327537 0.307149142 0.006901785 0.999969065 -0.003810693 0.136096925 0.007353715 0.003759926 0.999965906 18.970193863
0.999948323 -0.006333842 -0.007942077 0.315328926 0.006255166 0.999931514 -0.009892220 0.154195622 0.008004188 0.009842028 0.999919534 19.523405075
0.999953687 -0.004501460 -0.008505240 0.309963942 0.004394249 0.999911189 -0.012582174 0.163966030 0.008561125 0.012544219 0.999884665 19.808263779
0.999964952 0.000149584 -0.008372800 0.319404215 -0.000284665 0.999869645 -0.016134506 0.171196997 0.008369297 0.016136320 0.999834776 20.373350143
0.999934912 -0.007215771 -0.008827582 0.329445124 0.007051375 0.999803722 -0.018514536 0.175638437 0.008959446 0.018451093 0.999789536 20.970624924
0.999910951 -0.009359524 -0.009505495 0.334386200 0.009171326 0.999764800 -0.019653019 0.172612011 0.009687199 0.019564096 0.999761701 21.261718750
0.999890924 -0.011070433 -0.009768882 0.347569823 0.010888263 0.999769330 -0.018508445 0.157010585 0.009971526 0.018400058 0.999780893 21.875127792
0.999909103 -0.009768810 -0.009295783 0.355104864 0.009630601 0.999844134 -0.014798410 0.153724462 0.009438895 0.014707538 0.999847293 22.486419678
0.999931514 -0.007155402 -0.009260218 0.353374481 0.007037350 0.999894261 -0.012718668 0.163608730 0.009350246 0.012652631 0.999876261 22.788240433
0.999925971 -0.007326828 -0.009713323 0.361245841 0.007192241 0.999878645 -0.013819435 0.158201188 0.009813398 0.013748552 0.999857247 23.411128998
0.999926269 -0.005997168 -0.010557200 0.365926743 0.005857041 0.999894917 -0.013254512 0.166364491 0.010635582 0.013191701 0.999856353 24.039207458
0.999929011 -0.005441198 -0.010602825 0.369659215 0.005298309 0.999895394 -0.013458391 0.157291651 0.010674945 0.013401259 0.999853134 24.351964951
0.999927402 -0.005656336 -0.010641312 0.377556682 0.005509804 0.999890208 -0.013749402 0.160872400 0.010717917 0.013689769 0.999848783 24.990116119
0.999906540 -0.007670292 -0.011311431 0.381191730 0.007498718 0.999857366 -0.015133384 0.162148654 0.011425895 0.015047149 0.999821484 25.627700806
0.999907732 -0.007102845 -0.011573433 0.384291500 0.006931865 0.999867082 -0.014747197 0.163829088 0.011676645 0.014665609 0.999824286 25.943426132
0.999907970 -0.006929172 -0.011657111 0.391794801 0.006753863 0.999864519 -0.015011620 0.164661378 0.011759549 0.014931508 0.999819338 26.602439880
0.999907076 -0.006770177 -0.011826653 0.400159299 0.006584890 0.999855995 -0.015636178 0.162348747 0.011930808 0.015556850 0.999807715 27.262222290
0.999901950 -0.006623714 -0.012338914 0.400210947 0.006437789 0.999866068 -0.015047554 0.162690699 0.012436930 0.014966641 0.999810636 27.593145370
0.999905884 -0.005161197 -0.012705056 0.404844850 0.004979404 0.999885380 -0.014299000 0.174630582 0.012777397 0.014234390 0.999816954 28.263122559
0.999911070 -0.004004368 -0.012721386 0.409969032 0.003802840 0.999867439 -0.015826661 0.159174889 0.012783077 0.015776878 0.999793828 28.932485580
0.999911129 -0.003199906 -0.012944143 0.411733389 0.002998341 0.999874413 -0.015561463 0.167442501 0.012992313 0.015521269 0.999795139 29.269056320
0.999896109 -0.004511659 -0.013691645 0.410625607 0.004305033 0.999876976 -0.015083570 0.171069235 0.013758011 0.015023055 0.999792635 29.958185196
0.999891818 -0.004953032 -0.013850227 0.422009349 0.004736533 0.999866784 -0.015620868 0.183177441 0.013925753 0.015553574 0.999782205 30.648511887
0.999897659 -0.004198055 -0.013671869 0.423852503 0.003976091 0.999860525 -0.016221950 0.171848595 0.013738062 0.016165935 0.999774933 30.992877960
0.999897420 -0.004545022 -0.013577285 0.419336408 0.004333280 0.999869168 -0.015584121 0.171352237 0.013646340 0.015523690 0.999786377 31.687110901
0.999886274 -0.005911465 -0.013875172 0.424417913 0.005710076 0.999878347 -0.014509429 0.181154728 0.013959258 0.014428552 0.999798477 32.402324677
0.999888182 -0.004976673 -0.014095866 0.428715199 0.004770902 0.999882102 -0.014594066 0.180331439 0.014166833 0.014525185 0.999794126 32.760387421
0.999856949 -0.009292670 -0.014126740 0.434844464 0.009102786 0.999868155 -0.013446921 0.175554603 0.014249837 0.013316409 0.999809802 33.484588623
0.999866605 -0.009536107 -0.013261836 0.442111015 0.009379139 0.999885738 -0.011848398 0.191448510 0.013373310 0.011722433 0.999841869 34.209980011
0.999863386 -0.010349325 -0.012881996 0.443227202 0.010195638 0.999876738 -0.011939324 0.182438910 0.013003971 0.011806352 0.999845743 34.569511414
0.999872327 -0.010153567 -0.012339051 0.447696388 0.010044248 0.999910057 -0.008889561 0.189403027 0.012428204 0.008764491 0.999884367 35.309120178
0.999917924 -0.003172978 -0.012414066 0.444417357 0.003115080 0.999984205 -0.004680443 0.204343393 0.012428722 0.004641388 0.999911904 36.055171967
0.999925017 -0.001922781 -0.012094676 0.445785850 0.001874024 0.999990106 -0.004041349 0.210206285 0.012102328 0.004018380 0.999918699 36.417293549
0.999878943 -0.010800490 -0.011193151 0.456822902 0.010735574 0.999925315 -0.005843690 0.220400095 0.011255428 0.005722817 0.999920309 37.170886993
0.999849737 -0.013896116 -0.010364051 0.470772773 0.013749045 0.999805629 -0.014129210 0.227821708 0.010558379 0.013984593 0.999846399 37.922889709
0.999901474 -0.009784997 -0.010065467 0.469303519 0.009599246 0.999785721 -0.018339751 0.213444114 0.010242765 0.018241327 0.999781132 38.303501129
0.999941826 -0.006418902 -0.008659301 0.475565702 0.006228164 0.999741197 -0.021877024 0.231219590 0.008797486 0.021821819 0.999723196 39.064353943
0.999898911 -0.010668113 -0.009400707 0.482897371 0.010506351 0.999798715 -0.017091827 0.249230266 0.009581150 0.016991332 0.999809742 39.837078094
0.999906898 -0.009264528 -0.010016900 0.483214110 0.009121031 0.999856472 -0.014277547 0.243338406 0.010147738 0.014184852 0.999847829 40.223644257
0.999963701 0.001224498 -0.008424641 0.489201635 -0.001369092 0.999851406 -0.017178994 0.228855014 0.008402354 0.017189905 0.999817073 40.989727020
0.999968946 -0.001184128 -0.007788894 0.497601300 0.000999620 0.999719799 -0.023650022 0.229177892 0.007814717 0.023641506 0.999689937 41.746627808
0.999965549 -0.000528295 -0.008281134 0.500648618 0.000312713 0.999661565 -0.026012562 0.234888792 0.008292074 0.026009073 0.999627233 42.133987427
0.999966860 -0.004235877 -0.006949813 0.512002885 0.004090865 0.999776363 -0.020748656 0.239792168 0.007036149 0.020719538 0.999760568 42.932052612
0.999981642 -0.001084517 -0.005961062 0.514650464 0.001053975 0.999986231 -0.005124302 0.248674214 0.005966538 0.005117924 0.999969125 43.713623047
0.999984622 0.000167411 -0.005530238 0.514913797 -0.000166287 0.999999881 0.000203599 0.260605037 0.005530272 -0.000202676 0.999984682 44.105735779
0.999980807 0.002664243 -0.005577501 0.523181081 -0.002661139 0.999996305 0.000563825 0.262625307 0.005578983 -0.000548972 0.999984205 44.899452209
0.999976337 -0.000978084 -0.006796657 0.534580052 0.000911933 0.999952257 -0.009729180 0.272157371 0.006805850 0.009722752 0.999929488 45.686660767
0.999976933 -0.001663738 -0.006589354 0.540751874 0.001565333 0.999887526 -0.014910950 0.264544964 0.006613420 0.014900290 0.999867141 46.097633362
0.999980509 0.001613024 -0.006017201 0.551333427 -0.001715260 0.999853611 -0.017024329 0.279159188 0.005988859 0.017034320 0.999836981 46.878665924
0.999946654 0.008357393 -0.006073465 0.548366010 -0.008452655 0.999838948 -0.015832353 0.275875747 0.005940170 0.015882846 0.999856234 47.687797546
0.999937057 0.009660170 -0.005691094 0.549313843 -0.009747280 0.999832630 -0.015482920 0.279913485 0.005540574 0.015537421 0.999863863 48.082450867
0.999945819 0.008539019 -0.005953759 0.558694959 -0.008649618 0.999785781 -0.018804926 0.261836231 0.005791910 0.018855404 0.999805450 48.895057678
0.999927461 0.010578986 -0.005743760 0.567296505 -0.010690195 0.999749005 -0.019689243 0.266746581 0.005534024 0.019749219 0.999789655 49.710361481
0.999958158 0.007568189 -0.005167085 0.571564555 -0.007665639 0.999788046 -0.019107947 0.261862695 0.005021378 0.019146750 0.999804080 50.107414246
0.999975622 0.004872163 -0.005005060 0.587799191 -0.004956034 0.999845028 -0.016883761 0.255991459 0.004922025 0.016908154 0.999844849 50.918758392
0.999987423 0.001817629 -0.004658246 0.605982900 -0.001880770 0.999905944 -0.013586166 0.271004856 0.004633113 0.013594756 0.999896765 51.731975555
0.999985635 0.002728469 -0.004615703 0.612417400 -0.002784719 0.999921322 -0.012224469 0.274589837 0.004581986 0.012237148 0.999914646 52.136844635
0.999982297 -0.003165797 -0.005040374 0.629417658 0.003101132 0.999913454 -0.012786090 0.268258870 0.005080416 0.012770235 0.999905467 52.989597321
0.999983907 -0.001033628 -0.005580365 0.641229272 0.000964752 0.999923527 -0.012331193 0.292618334 0.005592684 0.012325611 0.999908388 53.798049927
0.999981880 0.000409798 -0.006008762 0.645419836 -0.000486641 0.999918044 -0.012792612 0.279018044 0.006003028 0.012795305 0.999900043 54.197341919
0.999979258 -0.001407688 -0.006283994 0.655853271 0.001318863 0.999899507 -0.014116987 0.272756815 0.006303235 0.014108402 0.999880612 55.055343628
0.999961734 -0.004987546 -0.007191281 0.663500071 0.004896525 0.999908388 -0.012619658 0.262374997 0.007253563 0.012583965 0.999894440 55.892200470
0.999961019 -0.003925140 -0.007909901 0.665799022 0.003842977 0.999938786 -0.010375937 0.273172200 0.007950142 0.010345138 0.999914885 56.307563782
0.999958277 -0.001114456 -0.009058469 0.670158088 0.001046100 0.999970973 -0.007547333 0.287388235 0.009066616 0.007537541 0.999930501 57.159393311
0.999949038 -0.000728817 -0.010068850 0.676522613 0.000635513 0.999956846 -0.009266682 0.303382874 0.010075169 0.009259809 0.999906361 57.994796753
0.999933302 -0.004497056 -0.010631585 0.680558145 0.004370590 0.999919772 -0.011888717 0.299556017 0.010684197 0.011841459 0.999872804 58.419387817
0.999905825 -0.007461563 -0.011530818 0.688630641 0.007261096 0.999823451 -0.017330576 0.303169131 0.011658095 0.017245214 0.999783337 59.247543335
0.999921679 -0.004462201 -0.011695076 0.698146880 0.004262650 0.999845862 -0.017032672 0.324326754 0.011769278 0.016981486 0.999786556 60.115295410
0.999923766 -0.003750684 -0.011763159 0.695618391 0.003533972 0.999824643 -0.018389881 0.313094974 0.011830071 0.018346908 0.999761701 60.534412384
0.999914587 -0.005267843 -0.011962272 0.697298169 0.005051466 0.999824524 -0.018046979 0.305253386 0.012055240 0.017985003 0.999765575 61.382019043
0.999902606 -0.007224737 -0.011941735 0.699233830 0.007024853 0.999835849 -0.016696317 0.295815468 0.012060402 0.016610799 0.999789298 62.243629456
0.999915361 -0.005078185 -0.011966036 0.710124195 0.004891666 0.999866903 -0.015565420 0.292132616 0.012043483 0.015505571 0.999807239 62.679420471
0.999924481 -0.004230077 -0.011531307 0.709804237 0.004051401 0.999871969 -0.015474469 0.298184991 0.011595290 0.015426581 0.999813914 63.532752991
0.999926448 -0.003611725 -0.011578731 0.711830974 0.003400145 0.999827862 -0.018241048 0.288959980 0.011642620 0.018200336 0.999766588 64.398414612
0.999933779 -0.000253820 -0.011498761 0.716539741 0.000047054 0.999838293 -0.017978279 0.310419559 0.011501468 0.017976547 0.999772251 64.821472168
0.999935150 0.002654316 -0.011076665 0.725773692 -0.002861184 0.999821007 -0.018702237 0.322166681 0.011025040 0.018732712 0.999763727 65.681533813
0.999928832 0.004047286 -0.011223786 0.727109969 -0.004245392 0.999834657 -0.017683098 0.321156383 0.011150363 0.017729484 0.999780655 66.541160583
0.999931633 0.004039256 -0.010966711 0.727337897 -0.004222434 0.999851108 -0.016731715 0.330336928 0.010897491 0.016776875 0.999799848 66.963104248
0.999908924 0.007618528 -0.011133051 0.730789065 -0.007797584 0.999839425 -0.016129350 0.332907319 0.011008381 0.016214689 0.999808073 67.806900024
0.999877155 0.010615101 -0.011533472 0.731961071 -0.010821137 0.999780297 -0.017951256 0.318330884 0.011340384 0.018073853 0.999772251 68.656715393
0.999858499 0.012020827 -0.011760815 0.736401439 -0.012221414 0.999778509 -0.017135026 0.319924235 0.011552234 0.017276332 0.999783993 69.063697815
0.999860048 0.011273104 -0.012355888 0.742097974 -0.011465052 0.999812961 -0.015575877 0.317632079 0.012177990 0.015715361 0.999802351 69.902542114
0.999845743 0.012874096 -0.011948633 0.750426412 -0.013012291 0.999848425 -0.011561098 0.322873592 0.011797984 0.011714792 0.999861777 70.736839294
0.999850571 0.012764507 -0.011651997 0.752314091 -0.012884443 0.999864161 -0.010276841 0.324985087 0.011519236 0.010425435 0.999879301 71.150360107
0.999863684 0.012221999 -0.011093811 0.756971657 -0.012336101 0.999871135 -0.010275587 0.323276520 0.010966792 0.010411041 0.999885678 71.992446899
0.999862671 0.012568058 -0.010802162 0.768753469 -0.012679076 0.999866784 -0.010270915 0.328524351 0.010671638 0.010406465 0.999888897 72.828033447
0.999867499 0.012253165 -0.010709335 0.767608941 -0.012372864 0.999860942 -0.011183337 0.323872149 0.010570813 0.011314361 0.999880135 73.237960815
0.999898553 0.009919964 -0.010214560 0.773968875 -0.010028268 0.999893486 -0.010606783 0.338242471 0.010108249 0.010708142 0.999891579 74.069076538
0.999913573 0.008694251 -0.009853252 0.779186666 -0.008790680 0.999913394 -0.009785841 0.346257031 0.009767321 0.009871613 0.999903500 74.899665833
0.999905169 0.009914910 -0.009548366 0.788607359 -0.009995476 0.999914467 -0.008427268 0.359833241 0.009463997 0.008521910 0.999918818 75.313796997
0.999921381 0.008959366 -0.008775895 0.799504817 -0.009029923 0.999927104 -0.008033885 0.365524292 0.008703277 0.008112499 0.999929130 76.145912170
0.999919116 0.009602169 -0.008338443 0.810417712 -0.009669043 0.999921143 -0.008017170 0.376936972 0.008260802 0.008097149 0.999933124 76.976943970
0.999924839 0.009090032 -0.008219382 0.812396824 -0.009155852 0.999925971 -0.008005991 0.378686428 0.008145998 0.008080646 0.999934196 77.378791809
0.999922335 0.009030562 -0.008589546 0.815749824 -0.009096207 0.999929488 -0.007634572 0.385969877 0.008519996 0.007712110 0.999933958 78.212150574
0.999941051 0.007244041 -0.008087286 0.826916695 -0.007302535 0.999947250 -0.007226982 0.381492853 0.008034504 0.007285614 0.999941170 79.045783997
0.999937177 0.007876724 -0.007974597 0.831025720 -0.007917699 0.999955535 -0.005119785 0.399179459 0.007933915 0.005182605 0.999955118 79.466957092
0.999963284 0.004508371 -0.007284753 0.844015181 -0.004552744 0.999971032 -0.006086243 0.391561896 0.007257103 0.006119186 0.999954939 80.291954041
0.999973297 0.001845137 -0.007074847 0.862137020 -0.001882680 0.999984086 -0.005303612 0.412350893 0.007064951 0.005316792 0.999960899 81.120666504
0.999975801 -0.001508747 -0.006793167 0.869665861 0.001464844 0.999978065 -0.006463151 0.414409935 0.006802769 0.006453044 0.999955952 81.529373169
0.999979198 0.000593378 -0.006422893 0.879196107 -0.000657185 0.999950409 -0.009936693 0.423292220 0.006416679 0.009940710 0.999930024 82.358032227
0.999945521 0.008207756 -0.006448677 0.877865791 -0.008319246 0.999813020 -0.017456451 0.415628314 0.006304192 0.017509148 0.999826968 83.171638489
0.999961138 0.006121474 -0.006343305 0.886537731 -0.006232282 0.999825835 -0.017598640 0.425722837 0.006234469 0.017637491 0.999825001 83.583129883
0.999957740 0.006217025 -0.006772162 0.892184913 -0.006338718 0.999816120 -0.018098811 0.440058231 0.006658396 0.018140974 0.999813259 84.412872314
0.999941885 0.009172178 -0.005653942 0.902014852 -0.009253058 0.999852717 -0.014449283 0.430025935 0.005520580 0.014500759 0.999879539 85.251487732
0.999951720 0.008256837 -0.005313540 0.911145687 -0.008320248 0.999893010 -0.012024545 0.423810005 0.005213687 0.012068178 0.999913514 85.664863586
0.999969065 0.005371416 -0.005733287 0.922080994 -0.005432682 0.999927759 -0.010724273 0.426704288 0.005675268 0.010755090 0.999925971 86.499366760
0.999971211 0.005267202 -0.005447283 0.942853570 -0.005314466 0.999947965 -0.008698855 0.427431703 0.005401182 0.008727552 0.999947250 87.333206177
0.999986649 0.001068806 -0.005054177 0.944637001 -0.001112338 0.999962270 -0.008617988 0.425355256 0.005044776 0.008623495 0.999950111 87.742134094
0.999980807 0.003387913 -0.005185334 0.950639904 -0.003440969 0.999941468 -0.010257367 0.422327161 0.005150280 0.010275013 0.999933958 88.578506470
0.999975622 0.003642386 -0.005957462 0.962926805 -0.003705935 0.999935985 -0.010691249 0.432480812 0.005918139 0.010713065 0.999925017 89.409065247
0.999982893 0.000470107 -0.005855257 0.979080498 -0.000533159 0.999941826 -0.010771543 0.437420726 0.005849855 0.010774479 0.999924839 89.821563721
0.999977708 0.000958381 -0.006606549 0.990232110 -0.001023837 0.999950290 -0.009911617 0.450996578 0.006596721 0.009918162 0.999929070 90.645286560
0.999983728 -0.001171173 -0.005581717 1.001797199 0.001119325 0.999956310 -0.009283065 0.457745671 0.005592346 0.009276664 0.999941349 91.482398987
0.999981642 -0.001650543 -0.005827081 1.001323223 0.001593083 0.999950349 -0.009851745 0.453308403 0.005843051 0.009842280 0.999934494 91.885093689
0.999943376 -0.008748874 -0.006062013 1.023638487 0.008686910 0.999910533 -0.010174068 0.468113899 0.006150483 0.010120830 0.999929786 92.705207825
0.999944270 -0.007737942 -0.007181538 1.032517910 0.007643811 0.999885857 -0.013043357 0.470464587 0.007281645 0.012987736 0.999889135 93.527099609
0.999930263 -0.009391534 -0.007139502 1.037100196 0.009294816 0.999866188 -0.013461570 0.470278025 0.007264972 0.013394272 0.999883831 93.932411194
0.999933124 -0.008787791 -0.007516933 1.047325969 0.008692179 0.999882102 -0.012659395 0.466219425 0.007627295 0.012593210 0.999891639 94.759788513
0.999899507 -0.010939574 -0.009019930 1.058678031 0.010824702 0.999860942 -0.012687339 0.473551750 0.009157469 0.012588424 0.999878824 95.575843811
0.999919355 -0.008635686 -0.009304109 1.057694435 0.008528778 0.999897778 -0.011469205 0.466594934 0.009402203 0.011388926 0.999890864 95.984642029
0.999874651 -0.013257827 -0.008658494 1.074644089 0.013181530 0.999874234 -0.008810041 0.479046106 0.008774208 0.008694805 0.999923706 96.804267883
0.999915242 -0.009553282 -0.008836148 1.078391314 0.009489335 0.999928713 -0.007250853 0.493830562 0.008904787 0.007166390 0.999934673 97.614852905
0.999942720 -0.005827533 -0.008980841 1.069479942 0.005748662 0.999944925 -0.008783004 0.482995212 0.009031529 0.008730874 0.999921024 98.032630920
0.999961853 -0.002858403 -0.008253810 1.075497270 0.002763782 0.999930620 -0.011452682 0.494944572 0.008285974 0.011429432 0.999900341 98.841285706
0.999956191 -0.002345026 -0.009063035 1.083204269 0.002208906 0.999884963 -0.015000190 0.505621076 0.009097170 0.014979513 0.999846339 99.667030334
0.999955773 -0.003291227 -0.008801143 1.089693785 0.003177931 0.999912322 -0.012855954 0.507605314 0.008842684 0.012827419 0.999878645 100.065269470
0.999936104 -0.007690818 -0.008285420 1.109585524 0.007642800 0.999953926 -0.005811634 0.523013830 0.008329732 0.005747937 0.999948800 100.902160645
0.999926448 -0.008973786 -0.008159071 1.119843245 0.008971265 0.999959707 -0.000345514 0.515609801 0.008161843 0.000272292 0.999966681 101.745056152
0.999932766 -0.008370317 -0.008024930 1.116705537 0.008377653 0.999964535 0.000881018 0.526658654 0.008017270 -0.000948189 0.999967337 102.151954651
0.999902785 -0.011332852 -0.008122134 1.129465461 0.011319294 0.999934614 -0.001713520 0.535542667 0.008141023 0.001621417 0.999965549 102.971763611
0.999800861 -0.017779130 -0.009077979 1.153430581 0.017741071 0.999833584 -0.004256196 0.544622362 0.009152139 0.004094295 0.999949753 103.804298401
0.999721110 -0.021713445 -0.009286290 1.163079977 0.021684734 0.999759793 -0.003181281 0.560648799 0.009353136 0.002979023 0.999951839 104.218246460
0.999608397 -0.026396353 -0.009287147 1.172537804 0.026413839 0.999649525 0.001765373 0.572485626 0.009237293 -0.002009991 0.999955237 105.062927246
0.999532521 -0.029095758 -0.009381507 1.183286071 0.029126884 0.999570608 0.003199175 0.588440120 0.009284393 -0.003470934 0.999950886 105.889617920
0.999518454 -0.029418867 -0.009870634 1.189986944 0.029446116 0.999562919 0.002626125 0.605731249 0.009789065 -0.002915513 0.999947846 106.301162720
0.999535263 -0.028334348 -0.011242502 1.191622138 0.028280998 0.999588132 -0.004877090 0.608747125 0.011376063 0.004556874 0.999924898 107.143951416
0.999605179 -0.025727024 -0.011295512 1.201430559 0.025646925 0.999645293 -0.007179745 0.631767690 0.011476222 0.006887216 0.999910355 107.987144470
0.999525249 -0.028438793 -0.011853379 1.211640120 0.028354760 0.999571919 -0.007198116 0.645363808 0.012053012 0.006858599 0.999903858 109.267929077
0.999548435 -0.027645711 -0.011776716 1.210603356 0.027557082 0.999591172 -0.007622744 0.648530781 0.011982636 0.007294769 0.999901593 110.113204956
0.999580264 -0.026517546 -0.011659953 1.209739447 0.026437284 0.999626100 -0.006984797 0.658327878 0.011840810 0.006673608 0.999907553 110.528984070
0.999632955 -0.024198709 -0.012180549 1.216354012 0.024135064 0.999694407 -0.005345335 0.673371017 0.012306179 0.005049395 0.999911547 111.379325867
0.999712169 -0.020082356 -0.013127465 1.214677811 0.020030685 0.999791145 -0.004055938 0.685417652 0.013206175 0.003791818 0.999905527 112.239227295
0.999739647 -0.018565694 -0.013265600 1.212270379 0.018497348 0.999815226 -0.005256209 0.677495122 0.013360730 0.005009463 0.999898195 112.673851013
0.999647319 -0.023057878 -0.013175100 1.225017071 0.022989742 0.999721646 -0.005299821 0.703781724 0.013293634 0.004995060 0.999899089 113.513511658
0.999569893 -0.026410954 -0.012758474 1.237427950 0.026346475 0.999639392 -0.005195717 0.718216181 0.012891098 0.004857340 0.999905109 114.379776001
0.999550104 -0.027495738 -0.011983353 1.241112232 0.027443593 0.999613225 -0.004494071 0.728952706 0.012102285 0.004163183 0.999918103 114.808044434
0.999568641 -0.026860688 -0.011869216 1.239436269 0.026791476 0.999623239 -0.005952268 0.726358414 0.012024629 0.005631707 0.999911845 115.688674927
0.999240756 -0.036838692 -0.012680941 1.253600121 0.036688726 0.999256253 -0.011863276 0.746334195 0.013108538 0.011389022 0.999849141 116.533828735
0.999216795 -0.037374787 -0.012998753 1.270055294 0.037179992 0.999197245 -0.014917714 0.760310650 0.013545861 0.014422735 0.999804139 116.949775696
0.999152184 -0.039266832 -0.012371314 1.279550910 0.039038323 0.999071956 -0.018201176 0.796966076 0.013074535 0.017702790 0.999757826 117.819396973
0.999187231 -0.038338300 -0.012454250 1.284628153 0.038113508 0.999114573 -0.017811842 0.774973154 0.013126099 0.017322684 0.999763787 118.696060181
0.999200761 -0.037723444 -0.013214255 1.286224484 0.037497852 0.999153316 -0.016922908 0.776272774 0.013841458 0.016413873 0.999769390 119.132591248
0.999332905 -0.033427007 -0.014710869 1.284777403 0.033171248 0.999299884 -0.017299589 0.764495373 0.015278844 0.016800068 0.999742150 120.009056091
0.999625146 -0.023350067 -0.014288960 1.275205016 0.023044609 0.999510050 -0.021180883 0.753325701 0.014776531 0.020843662 0.999673545 120.884399414
0.999673545 -0.021173337 -0.014294334 1.270820975 0.020861436 0.999548435 -0.021627525 0.757415056 0.014745804 0.021322262 0.999663889 121.320610046
0.999745607 -0.016071880 -0.015818877 1.257934809 0.015716590 0.999627054 -0.022333708 0.758956194 0.016171927 0.022079412 0.999625325 122.196571350
0.999838948 -0.008831291 -0.015619407 1.256216168 0.008517388 0.999762714 -0.020050472 0.732775450 0.015792770 0.019914202 0.999676943 123.089164734
0.999846280 -0.008895071 -0.015109930 1.255650997 0.008625016 0.999803483 -0.017844904 0.721667290 0.015265691 0.017711841 0.999726593 123.517829895
0.999857605 -0.004416672 -0.016288476 1.252292633 0.004169146 0.999875724 -0.015199216 0.737339020 0.016353583 0.015129142 0.999751806 124.390449524
0.999863267 -0.001684756 -0.016446095 1.255038261 0.001429887 0.999878883 -0.015496663 0.736126542 0.016470214 0.015471029 0.999744654 125.279655457
0.999833763 -0.008402220 -0.016177185 1.259442091 0.008123177 0.999818325 -0.017238300 0.725748301 0.016319089 0.017104024 0.999720454 125.712265015
0.999827683 -0.009135596 -0.016151255 1.274630070 0.008875074 0.999830544 -0.016128896 0.750062943 0.016295867 0.015982771 0.999739468 126.587776184
