1.000000000 0.000000000 0.000000000 0.000000000 0.000000000 1.000000000 0.000000000 0.000000000 0.000000000 0.000000000 1.000000000 0.000000000
0.999997437 -0.001404874 -0.001791459 0.000704027 0.001404469 0.999998987 -0.000227158 -0.015447536 0.001791776 0.000224641 0.999998391 0.559773028
0.999992013 -0.002758425 -0.002892453 -0.005750325 0.002753909 0.999994993 -0.001564147 -0.031116646 0.002896753 0.001556169 0.999994576 1.130066752
0.999986172 -0.002598101 -0.004574465 -0.013143025 0.002583112 0.999991298 -0.003279603 -0.042854682 0.004582946 0.003267741 0.999984145 1.677071333
0.999965727 -0.004666306 -0.006841609 -0.017839057 0.004635729 0.999979198 -0.004478360 -0.052417073 0.006862364 0.004446491 0.999966562 2.242947340
0.999937057 -0.007238463 -0.008575529 -0.025640275 0.007188920 0.999957383 -0.005793749 -0.063673854 0.008617102 0.005731735 0.999946356 2.814603806
0.999917865 -0.008152192 -0.009889936 -0.033453844 0.008087138 0.999945581 -0.006600178 -0.079896636 0.009943202 0.006519655 0.999929190 3.368911505
0.999903083 -0.008420016 -0.011088662 -0.043806501 0.008353297 0.999946892 -0.006049362 -0.091267101 0.011139006 0.005956149 0.999920189 3.954283237
0.999882758 -0.008678465 -0.012620963 -0.059310101 0.008598302 0.999942601 -0.006392010 -0.109631523 0.012675711 0.006282742 0.999899864 4.539210796
0.999873877 -0.008406501 -0.013478358 -0.069694787 0.008281706 0.999922574 -0.009288135 -0.122730777 0.013555394 0.009175340 0.999865949 5.125047684
0.999870956 -0.006185630 -0.014826889 -0.087260716 0.005997291 0.999901116 -0.012713485 -0.147921413 0.014904065 0.012622925 0.999809265 5.718319893
0.999857068 -0.004624224 -0.016261112 -0.105048634 0.004360402 0.999858856 -0.016222285 -0.162438884 0.016333833 0.016149061 0.999736249 6.333419800
0.999844193 -0.003245180 -0.017350290 -0.123687088 0.002960474 0.999860883 -0.016409870 -0.174897343 0.017401129 0.016355949 0.999714851 6.967409134
0.999825001 -0.001078825 -0.018677428 -0.141128287 0.000886166 0.999946296 -0.010320288 -0.175086811 0.018687561 0.010301931 0.999772310 7.606161118
0.999815464 -0.000704849 -0.019196346 -0.155168638 0.000698793 0.999999702 -0.000322184 -0.184794486 0.019196570 0.000308710 0.999815822 8.271524429
0.999796629 0.000193339 -0.020162512 -0.176383302 -0.000054013 0.999976099 0.006910428 -0.203673869 0.020163367 -0.006907935 0.999772906 8.941720963
0.999769092 0.001740107 -0.021415412 -0.205932483 -0.001596303 0.999976039 0.006730251 -0.216190994 0.021426611 -0.006694511 0.999748051 9.623591423
0.999748349 0.004497125 -0.021974212 -0.224244311 -0.004508507 0.999989748 -0.000468418 -0.233116031 0.021971878 0.000567371 0.999758482 10.312386513
0.999720693 0.004472782 -0.023207383 -0.252868801 -0.004627124 0.999967515 -0.006601101 -0.244864866 0.023177104 0.006706641 0.999708891 11.020556450
0.999700546 0.003218104 -0.024259260 -0.266027063 -0.003350962 0.999979615 -0.005437966 -0.258798867 0.024241265 0.005517630 0.999690950 11.748139381
0.999686480 0.001301315 -0.025007501 -0.285529673 -0.001217617 0.999993622 0.003361856 -0.255018443 0.025011716 -0.003330352 0.999681592 12.510641098
0.999683142 0.000246393 -0.025171943 -0.307160020 0.000021272 0.999943495 0.010632675 -0.250807106 0.025173143 -0.010629838 0.999626637 13.292026520
0.999658465 0.000225531 -0.026129145 -0.335746050 0.000125042 0.999909937 0.013414504 -0.263086617 0.026129821 -0.013413190 0.999568582 14.071269035
0.999655843 -0.001753432 -0.026172705 -0.357352883 0.002098121 0.999911308 0.013148148 -0.273023188 0.026147330 -0.013198537 0.999571025 14.872772217
0.999675095 -0.002072424 -0.025401860 -0.377508193 0.002338104 0.999942780 0.010433884 -0.281364590 0.025378788 -0.010489887 0.999622941 15.701808929
0.999680400 0.000235923 -0.025279384 -0.406108588 -0.000049624 0.999972761 0.007369956 -0.263788790 0.025280440 -0.007366346 0.999653280 16.529756546
0.999707103 -0.002803809 -0.024037626 -0.430921167 0.002844560 0.999994516 0.001661283 -0.282091200 0.024032837 -0.001729173 0.999709725 17.384399414
0.999706149 -0.005050158 -0.023710189 -0.453873903 0.004958472 0.999979973 -0.003924103 -0.290269315 0.023729535 0.003805385 0.999711215 18.242885590
0.999744713 -0.004213339 -0.022197835 -0.481943965 0.004003426 0.999946952 -0.009492503 -0.316990077 0.022236647 0.009401214 0.999708533 19.143062592
0.999746144 -0.002352714 -0.022404006 -0.511447608 0.002114698 0.999941230 -0.010641599 -0.323168427 0.022427723 0.010591522 0.999692380 20.038381577
0.999738693 -0.002798722 -0.022686580 -0.538885057 0.002576611 0.999948561 -0.009813747 -0.348097146 0.022712871 0.009752731 0.999694467 20.959428787
0.999749482 -0.001977284 -0.022295527 -0.560702384 0.001743527 0.999943376 -0.010499083 -0.366931558 0.022315022 0.010457580 0.999696434 21.900886536
0.999747634 0.001095088 -0.022441337 -0.602128386 -0.001378278 0.999919653 -0.012607576 -0.393603921 0.022425724 0.012635325 0.999668717 22.839595795
0.999738097 0.005000248 -0.022331167 -0.631962717 -0.005301714 0.999895334 -0.013461100 -0.413277924 0.022261519 0.013575968 0.999660075 23.809246063
0.999725401 0.006277373 -0.022577843 -0.667825162 -0.006586132 0.999885380 -0.013627052 -0.449599117 0.022489719 0.013772010 0.999652207 24.767789841
0.999725044 0.006630880 -0.022490242 -0.698374987 -0.006935635 0.999884725 -0.013499701 -0.475955367 0.022398138 0.013651974 0.999655902 25.758579254
0.999709487 0.007245184 -0.022991272 -0.736711204 -0.007543412 0.999888122 -0.012911245 -0.503003120 0.022895155 0.013080925 0.999652267 26.734758377
0.999698758 0.007599323 -0.023338361 -0.764756024 -0.007878842 0.999898076 -0.011908264 -0.535279870 0.023245485 0.012088557 0.999656618 27.731548309
0.999689817 0.007950699 -0.023603022 -0.797488928 -0.008188207 0.999916613 -0.009983058 -0.555179477 0.023521680 0.010173228 0.999671519 28.746021271
0.999676406 0.008716412 -0.023900388 -0.827789366 -0.008920841 0.999924481 -0.008460131 -0.581607103 0.023824841 0.008670604 0.999678493 29.748987198
0.999676347 0.008637491 -0.023929190 -0.859853148 -0.008864603 0.999916494 -0.009401244 -0.620757461 0.023845984 0.009610324 0.999669433 30.783927917
0.999641478 0.011044905 -0.024392076 -0.895916224 -0.011298875 0.999883115 -0.010298872 -0.649502635 0.024275472 0.010570783 0.999649346 31.790990829
0.999630034 0.011008760 -0.024873596 -0.925704002 -0.011246081 0.999892294 -0.009421377 -0.680186331 0.024767198 0.009697620 0.999646187 32.825393677
0.999634147 0.009759982 -0.025225325 -0.952441037 -0.009931185 0.999928355 -0.006670670 -0.708969057 0.025158415 0.006918747 0.999659538 33.887882233
0.999612629 0.010547418 -0.025753502 -0.985932469 -0.010629316 0.999938786 -0.003045231 -0.728791952 0.025719807 0.003317794 0.999663711 34.930419922
0.999613166 0.009472188 -0.026146125 -1.020478725 -0.009489232 0.999954760 -0.000527904 -0.746095598 0.026139949 0.000775807 0.999657989 36.003482819
0.999598801 0.009201536 -0.026786810 -1.053960204 -0.009204954 0.999957561 -0.000004161 -0.762875080 0.026785646 0.000250731 0.999641180 37.050037384
0.999584913 0.009403468 -0.027229110 -1.090586066 -0.009441832 0.999954581 -0.001280680 -0.791330457 0.027215835 0.001537241 0.999628425 38.138114929
0.999550343 0.010711096 -0.028004797 -1.124476194 -0.010758400 0.999940932 -0.001538969 -0.814003289 0.027986661 0.001839563 0.999606609 39.197139740
0.999535620 0.009738060 -0.028878568 -1.163877845 -0.009755481 0.999952316 -0.000462399 -0.822491109 0.028872691 0.000743908 0.999582827 40.273712158
0.999521255 0.008997194 -0.029604508 -1.204658985 -0.008950209 0.999958515 0.001719160 -0.848055720 0.029618746 -0.001453370 0.999560237 41.362796783
0.999505997 0.008268032 -0.030322876 -1.246265531 -0.008142179 0.999957800 0.004271573 -0.860322654 0.030356916 -0.004022568 0.999531031 42.427783966
0.999478340 0.009882105 -0.030746367 -1.288889170 -0.009746267 0.999942005 0.004564786 -0.883544266 0.030789696 -0.004262744 0.999516785 43.521331787
0.999440551 0.012015264 -0.031211222 -1.337251902 -0.011977246 0.999927223 0.001404816 -0.909869969 0.031225830 -0.001030206 0.999511838 44.573978424
0.999399722 0.015328446 -0.031067425 -1.378105402 -0.015420729 0.999877274 -0.002732959 -0.943656087 0.031021727 0.003210400 0.999513566 45.661598206
0.999382615 0.016306084 -0.031119045 -1.425633788 -0.016414346 0.999859929 -0.003226636 -0.956534207 0.031062076 0.003735442 0.999510467 46.720855713
0.999416471 0.014323326 -0.031006178 -1.464029670 -0.014352399 0.999896765 -0.000715270 -0.976642847 0.030992730 0.001159866 0.999518931 47.808837891
0.999408603 0.015366229 -0.030762920 -1.503215909 -0.015334761 0.999881685 0.001258562 -1.000123739 0.030778619 -0.000786075 0.999525905 48.898555756
0.999439359 0.013306850 -0.030721352 -1.544357181 -0.013226332 0.999908566 0.002822531 -1.008762598 0.030756099 -0.002414618 0.999523997 49.962985992
0.999448359 0.013513124 -0.030337503 -1.587050319 -0.013445137 0.999906540 0.002443923 -1.027895808 0.030367697 -0.002034683 0.999536872 51.053741455
0.999475598 0.013140513 -0.029594677 -1.621208549 -0.013128525 0.999913573 0.000599364 -1.055030823 0.029599998 -0.000210515 0.999561846 52.123023987
0.999470174 0.013678946 -0.029534440 -1.661111593 -0.013742135 0.999903619 -0.001937555 -1.071640134 0.029505093 0.002342395 0.999561906 53.192634583
0.999488354 0.012971134 -0.029240830 -1.698514342 -0.013088733 0.999906957 -0.003833904 -1.097654819 0.029188382 0.004214668 0.999565125 54.282875061
0.999500334 0.011790224 -0.029326087 -1.736907363 -0.011998987 0.999903798 -0.006952940 -1.131646156 0.029241292 0.007301349 0.999545693 55.346847534
0.999523401 0.011167848 -0.028779514 -1.774127841 -0.011416124 0.999898911 -0.008476946 -1.158150434 0.028681939 0.008801456 0.999549866 56.419845581
0.999551177 0.008163030 -0.028824728 -1.808491826 -0.008353725 0.999943972 -0.006501429 -1.190149188 0.028770041 0.006739303 0.999563336 57.494758606
0.999568105 0.006427346 -0.028675610 -1.842710972 -0.006451759 0.999978900 -0.000758927 -1.210463643 0.028670123 0.000943607 0.999588549 58.591960907
0.999583542 0.004560913 -0.028494485 -1.876766086 -0.004416423 0.999976993 0.005131683 -1.222334623 0.028517241 -0.005003702 0.999580801 59.660087585
0.999597490 0.002607609 -0.028250102 -1.907888889 -0.002428410 0.999976695 0.006375745 -1.249507666 0.028266072 -0.006304576 0.999580622 60.742603302
0.999609530 0.001105826 -0.027919993 -1.941279292 -0.001012853 0.999994040 0.003343884 -1.275953650 0.027923524 -0.003314300 0.999604583 61.834949493
0.999606550 -0.000771501 -0.028036166 -1.971272349 0.000773768 0.999999762 0.000070015 -1.291807652 0.028036105 -0.000091681 0.999606967 62.897819519
0.999605358 0.001210427 -0.028064741 -2.017247438 -0.001310813 0.999992788 -0.003558835 -1.307163000 0.028060228 0.003594218 0.999599755 63.993412018
0.999608159 0.001523492 -0.027949590 -2.053069592 -0.001723960 0.999972939 -0.007149801 -1.340436697 0.027937943 0.007195184 0.999583781 65.064041138
0.999617696 0.004207866 -0.027330024 -2.091611147 -0.004434791 0.999956012 -0.008247829 -1.365016222 0.027294122 0.008365879 0.999592423 66.150955200
0.999625444 0.008130104 -0.026132135 -2.133251190 -0.008255811 0.999954760 -0.004706116 -1.383385658 0.026092693 0.004920096 0.999647439 67.255805969
0.999618113 0.007842291 -0.026495786 -2.170289993 -0.007915047 0.999965131 -0.002642256 -1.415752053 0.026474141 0.002850963 0.999645412 68.330490112
0.999616623 0.008615778 -0.026310371 -2.205624580 -0.008672114 0.999960363 -0.002027818 -1.440297961 0.026291855 0.002255207 0.999651790 69.425415039
0.999618471 0.007383856 -0.026614996 -2.240405798 -0.007409372 0.999972224 -0.000860162 -1.464150429 0.026607901 0.001057034 0.999645472 70.508255005
0.999632478 0.006097778 -0.026411962 -2.275844812 -0.006082017 0.999981284 0.000677044 -1.482878327 0.026415594 -0.000516157 0.999650955 71.600715637
0.999625385 0.004249437 -0.027038014 -2.307286739 -0.004176285 0.999987483 0.002761461 -1.507755518 0.027049407 -0.002647507 0.999630511 72.682151794
0.999616146 0.001770213 -0.027648671 -2.339117050 -0.001642502 0.999987900 0.004641107 -1.515479803 0.027656551 -0.004593912 0.999606848 73.761665344
0.999601722 0.002355227 -0.028121287 -2.377730608 -0.002260897 0.999991775 0.003385726 -1.543995857 0.028129030 -0.003320798 0.999598682 74.854835510
0.999582708 0.003268422 -0.028705686 -2.417533398 -0.003262453 0.999994576 0.000254796 -1.558808088 0.028706374 -0.000161038 0.999587893 75.923400879
0.999565363 0.004258506 -0.029173754 -2.457833529 -0.004313747 0.999989092 -0.001830861 -1.581552505 0.029165642 0.001955913 0.999572694 77.002807617
0.999527037 0.005510642 -0.030254597 -2.497433662 -0.005516883 0.999984801 -0.000122783 -1.602553368 0.030253455 0.000289636 0.999542356 78.065971375
0.999503076 0.006653039 -0.030810688 -2.535170078 -0.006534075 0.999970853 0.003960216 -1.621343255 0.030836131 -0.003756928 0.999517441 79.150619507
0.999483645 0.008206542 -0.031066068 -2.573806047 -0.007960249 0.999936044 0.008043461 -1.641991735 0.031130085 -0.007792013 0.999484956 80.221534729
0.999464393 0.008213241 -0.031677313 -2.618695736 -0.007947836 0.999932349 0.008495217 -1.658710003 0.031744942 -0.008238899 0.999462068 81.276504517
0.999452591 0.009230134 -0.031770222 -2.658626556 -0.009005533 0.999933541 0.007205399 -1.681439877 0.031834614 -0.006915346 0.999469280 82.333450317
0.999428630 0.009239032 -0.032511618 -2.696512461 -0.009041012 0.999939740 0.006232493 -1.697099566 0.032567233 -0.005934993 0.999451995 83.383827209
0.999426067 0.009022436 -0.032652304 -2.739886761 -0.008823733 0.999941707 0.006224420 -1.711058617 0.032706559 -0.005932732 0.999447405 84.432350159
0.999407232 0.007005435 -0.033707231 -2.783060789 -0.006793033 0.999956369 0.006411811 -1.732519865 0.033750676 -0.006179035 0.999411166 85.449310303
0.999393165 0.006266737 -0.034264646 -2.820209980 -0.005986791 0.999947965 0.008266592 -1.755317450 0.034314666 -0.008056439 0.999378681 86.457969666
0.999392211 0.004637542 -0.034550074 -2.859583616 -0.004274576 0.999934971 0.010572000 -1.753939986 0.034596849 -0.010417889 0.999346972 87.457542419
0.999357104 0.004225273 -0.035603937 -2.897592783 -0.003802857 0.999921679 0.011923713 -1.780233383 0.035651520 -0.011780650 0.999294817 88.429664612
0.999288738 0.002973975 -0.037591465 -2.934165955 -0.002511311 0.999920547 0.012348940 -1.792126179 0.037625194 -0.012245752 0.999216855 89.377494812
0.999162555 0.002721206 -0.040824443 -2.988038540 -0.002257251 0.999932408 0.011406450 -1.813432097 0.040852726 -0.011304747 0.999101222 90.300102234
0.999014020 0.002921056 -0.044299722 -3.032323360 -0.002438882 0.999937236 0.010934507 -1.828837872 0.044328876 -0.010815684 0.998958468 91.202949524
0.998885334 0.003095102 -0.047100827 -3.077524900 -0.002578470 0.999935865 0.011025453 -1.844129324 0.047131933 -0.010891716 0.998829305 92.096725464
0.998721778 0.003477689 -0.050425228 -3.133570194 -0.002863232 0.999920845 0.012252644 -1.859814525 0.050463844 -0.012092603 0.998652697 92.956459045
0.998574495 0.004783744 -0.053160772 -3.184582472 -0.004081284 0.999903023 0.013314584 -1.873352051 0.053219303 -0.013078640 0.998497248 93.798622131
0.998392284 0.005567749 -0.056406289 -3.241065741 -0.004732008 0.999877274 0.014939195 -1.879049063 0.056482539 -0.014648264 0.998296142 94.606521606
0.998240173 0.006293285 -0.058966164 -3.292474031 -0.005360783 0.999858201 0.015959069 -1.880063057 0.059058242 -0.015614877 0.998132408 95.400123596
0.998054922 0.008349944 -0.061778761 -3.353679419 -0.007338683 0.999835670 0.016577926 -1.890835047 0.061907034 -0.016092308 0.997952163 96.155326843
0.997890472 0.009204621 -0.064264894 -3.411907196 -0.008218557 0.999844670 0.015591284 -1.896488428 0.064398423 -0.015030229 0.997811079 96.871177673
0.997713804 0.011341085 -0.066622637 -3.464448214 -0.010520616 0.999864519 0.012653159 -1.912866354 0.066757120 -0.011923319 0.997698009 97.568016052
0.997505367 0.013528471 -0.069282629 -3.527888298 -0.012949659 0.999877393 0.008796727 -1.922811031 0.069393158 -0.007877594 0.997558296 98.227767944
0.997338355 0.015245534 -0.071300536 -3.580969572 -0.014847646 0.999871075 0.006107111 -1.935310125 0.071384452 -0.005032210 0.997436166 98.857543945
0.997236669 0.017135281 -0.072287269 -3.635136127 -0.016801575 0.999845147 0.005221977 -1.952182055 0.072365567 -0.003993007 0.997370243 99.461708069
0.997239590 0.019660287 -0.071599610 -3.687374115 -0.019318746 0.999798477 0.005459619 -1.962997437 0.071692526 -0.004061334 0.997418523 100.046157837
0.997383177 0.022342872 -0.068755858 -3.739738226 -0.021921141 0.999736071 0.006882275 -1.972196579 0.068891466 -0.005357060 0.997609854 100.608482361
0.997666597 0.025147066 -0.063473739 -3.785682678 -0.024662970 0.999660552 0.008398965 -1.980086088 0.063663393 -0.006813916 0.997948229 101.145080566
0.998093903 0.026383653 -0.055788539 -3.814234257 -0.025844857 0.999612331 0.010357503 -1.985847950 0.056040183 -0.008895914 0.998388886 101.659637451
0.998577297 0.026366502 -0.046347998 -3.831902266 -0.025799692 0.999585390 0.012785627 -1.999235749 0.046665892 -0.011571674 0.998843551 102.150863647
0.999098480 0.024885887 -0.034393519 -3.841460705 -0.024407972 0.999600589 0.014246241 -2.000478268 0.034734316 -0.013393923 0.999306738 102.631332397
0.999460697 0.025090775 -0.021179631 -3.847915888 -0.024792302 0.999591351 0.014239204 -2.008529186 0.021528244 -0.013706434 0.999674261 103.079315186
0.999684513 0.024385808 -0.006020302 -3.848421574 -0.024303189 0.999614358 0.013435221 -2.017950058 0.006345615 -0.013284669 0.999891579 103.515037537
0.999666631 0.022982508 0.011761874 -3.826191425 -0.023109350 0.999675035 0.010764729 -2.031790018 -0.011510655 -0.011032952 0.999872744 103.928642273
0.999219596 0.021913312 0.032862287 -3.798629761 -0.022144819 0.999732375 0.006697465 -2.034152985 -0.032706715 -0.007419968 0.999437451 104.341484070
0.998138368 0.020425851 0.057468265 -3.765199661 -0.020596048 0.999785066 0.002370772 -2.047149658 -0.057407498 -0.003549979 0.998344541 104.745918274
0.996260047 0.018477518 0.084407553 -3.708944321 -0.018485572 0.999828875 -0.000686228 -2.054443121 -0.084405795 -0.000876660 0.996431053 105.138626099
0.993295014 0.015925681 0.114505492 -3.637866974 -0.015782567 0.999873102 -0.002156398 -2.069741249 -0.114525311 0.000334750 0.993420422 105.527847290
0.989090443 0.013717476 0.146670178 -3.564142227 -0.013312393 0.999904394 -0.003743156 -2.068031549 -0.146707505 0.001749789 0.989178419 105.894271851
0.983147860 0.011358054 0.182458565 -3.460767746 -0.010596175 0.999930620 -0.005149990 -2.082449198 -0.182504401 0.003129839 0.983200133 106.267570496
0.975351691 0.007918334 0.220513895 -3.347465515 -0.006747331 0.999958873 -0.006063052 -2.090057135 -0.220552832 0.004425726 0.975364983 106.622665405
0.965430617 0.005610369 0.260599822 -3.210601807 -0.004009742 0.999969721 -0.006673336 -2.107714176 -0.260629356 0.005397704 0.965423822 106.986778259
0.953360558 0.006231262 0.301769495 -3.084856033 -0.004157974 0.999963224 -0.007512304 -2.123994827 -0.301805228 0.005907184 0.953351319 107.308380127
0.938288629 0.007923558 0.345762193 -2.930366516 -0.005429549 0.999951899 -0.008181028 -2.122169733 -0.345810354 0.005798833 0.938286483 107.636314392
0.920515418 0.007361487 0.390636683 -2.743656158 -0.004952144 0.999961913 -0.007174651 -2.137152195 -0.390674680 0.004669888 0.920516968 107.975563049
0.900566697 0.006360550 0.434671164 -2.578834534 -0.004049357 0.999972284 -0.006243012 -2.140171289 -0.434698820 0.003862110 0.900567651 108.254211426
0.877634466 0.005253818 0.479301572 -2.355159760 -0.002267399 0.999974191 -0.006809356 -2.156203985 -0.479324996 0.004889359 0.877623856 108.562744141
0.852802694 0.005646916 0.522202790 -2.157112122 -0.001292486 0.999961317 -0.008702486 -2.170708418 -0.522231698 0.006746563 0.852776945 108.816101074
0.825230300 0.006922713 0.564753830 -1.917770386 -0.000343797 0.999930859 -0.011754716 -2.181804895 -0.564796090 0.009506189 0.825175703 109.097625732
0.795082927 0.010611009 0.606407762 -1.701324463 -0.001562450 0.999879479 -0.015447447 -2.196278572 -0.606498599 0.011334523 0.795003772 109.329879761
0.761392295 0.016209520 0.648088694 -1.426757812 -0.004767660 0.999800384 -0.019405100 -2.212163925 -0.648273826 0.011685029 0.761317670 109.590972900
0.724673688 0.021166878 0.688767016 -1.181625366 -0.007461929 0.999710560 -0.022871718 -2.216149092 -0.689051807 0.011435004 0.724621892 109.812454224
0.685593784 0.021518303 0.727666140 -0.888195038 -0.006053461 0.999697030 -0.023859240 -2.222471714 -0.727959216 0.011952850 0.685516238 110.030059814
0.644649863 0.018681493 0.764249682 -0.561000824 -0.002568621 0.999748647 -0.022271430 -2.250594616 -0.764473677 0.012394207 0.644535840 110.246902466
0.601241827 0.017116470 0.798883677 -0.267452240 -0.000959963 0.999785244 -0.020698411 -2.263912678 -0.799066544 0.011677854 0.601129174 110.415740967
0.554800570 0.014739049 0.831852794 0.102012634 -0.000416097 0.999847889 -0.017438121 -2.271190166 -0.831983328 0.009328552 0.554722250 110.614288330
0.507349193 0.013223735 0.861639082 0.406238556 0.000451051 0.999878049 -0.015610903 -2.269271851 -0.861740470 0.008308819 0.507281363 110.748260498
0.456697851 0.008815210 0.889578164 0.803554535 0.002775205 0.999931931 -0.011333504 -2.308887005 -0.889617562 0.007644747 0.456642270 110.903930664
0.405612469 0.009106027 0.913999736 1.149429321 0.000866476 0.999946117 -0.010346820 -2.311678410 -0.914044738 0.004988756 0.405582786 111.017105103
0.354714870 0.013027769 0.934883654 1.523448944 -0.002486674 0.999912500 -0.012990459 -2.325593948 -0.934971273 0.002283156 0.354716182 111.125244141
0.303731024 0.018211503 0.952583671 1.947616577 -0.004800383 0.999833822 -0.017584233 -2.334466457 -0.952745736 0.000768108 0.303767979 111.225318909
0.257118762 0.020353487 0.966165364 2.321680069 -0.002978532 0.999790132 -0.020269180 -2.336916685 -0.966375232 0.002333831 0.257125378 111.290489197
0.214965299 0.019358132 0.976429760 2.768083572 0.003705008 0.999780178 -0.020636739 -2.356861353 -0.976614654 0.008053862 0.214846298 111.358810425
0.180279464 0.019116689 0.983429611 3.181644440 0.011384460 0.999703586 -0.021520002 -2.373944283 -0.983549595 0.015075428 0.180008352 111.386787415
0.148860991 0.020337079 0.988648951 3.635068893 0.015320305 0.999621034 -0.022869561 -2.407458544 -0.988739371 0.018550787 0.148492947 111.436470032
0.121418476 0.018506166 0.992428899 4.089871407 0.013691870 0.999699831 -0.020316880 -2.419249535 -0.992506981 0.016055049 0.121128619 111.473091125
0.095523000 0.015495985 0.995306611 4.569293022 0.007617256 0.999838173 -0.016297590 -2.412891150 -0.995398104 0.009138300 0.095389508 111.512107849
0.071188614 0.012186213 0.997388482 5.082749844 0.003822124 0.999914706 -0.012489882 -2.423149109 -0.997455537 0.004701280 0.071135968 111.550407410
0.048917621 0.009690400 0.998755813 5.588120937 0.007803421 0.999918699 -0.010083886 -2.442790985 -0.998772383 0.008286994 0.048838034 111.557098389
0.028637879 0.010027931 0.999539495 6.129746437 0.013286334 0.999857485 -0.010411790 -2.459613085 -0.999501586 0.013578389 0.028500572 111.542785645
0.010669395 0.011968098 0.999871492 6.696360111 0.018110517 0.999761999 -0.012160040 -2.491680622 -0.999779046 0.018237930 0.010450117 111.539672852
-0.003469657 0.016091246 0.999864519 7.250708103 0.019175889 0.999687731 -0.016021859 -2.493891001 -0.999810100 0.019117700 -0.003777138 111.530960083
-0.014995174 0.020852005 0.999670088 7.852967739 0.016497804 0.999651551 -0.020604150 -2.500727177 -0.999751449 0.016183397 -0.015333960 111.526496887
-0.021574657 0.021091044 0.999544740 8.464693069 0.018659372 0.999611795 -0.020689707 -2.507960320 -0.999593079 0.018204501 -0.021959826 111.513305664
-0.024142776 0.017922867 0.999547839 9.107754707 0.025136363 0.999534070 -0.017315483 -2.542994261 -0.999392450 0.024706956 -0.024582045 111.484413147
-0.023796406 0.016164532 0.999586046 9.758079529 0.027156014 0.999510765 -0.015516827 -2.561888218 -0.999347925 0.026775530 -0.024223730 111.467254639
-0.021768510 0.015591305 0.999641359 10.416481018 0.027183622 0.999517977 -0.014997417 -2.586969137 -0.999393404 0.026847402 -0.022181844 111.463447571
-0.020355696 0.016392969 0.999658287 11.117242813 0.022118537 0.999628305 -0.015942080 -2.591648102 -0.999548018 0.021786470 -0.020710718 111.458236694
-0.019182801 0.017173227 0.999668360 11.820705414 0.022066306 0.999616146 -0.016748892 -2.614963531 -0.999572456 0.021737697 -0.019554388 111.452590942
-0.018066458 0.017954307 0.999675572 12.549795151 0.020704163 0.999631107 -0.017579336 -2.636804342 -0.999622405 0.020379851 -0.018431526 111.444084167
-0.017672732 0.017339908 0.999693453 13.288093567 0.019916756 0.999657333 -0.016987193 -2.662297487 -0.999645412 0.019610442 -0.018012030 111.435577393
-0.016911488 0.016491303 0.999721050 14.026175499 0.018474139 0.999698520 -0.016178418 -2.689504623 -0.999686360 0.018195385 -0.017211052 111.432952881
-0.016557213 0.015017064 0.999750078 14.805380821 0.019333942 0.999705076 -0.014696188 -2.718850851 -0.999675930 0.019085784 -0.016842669 111.428825378
-0.017074907 0.012437592 0.999776840 15.570276260 0.019403417 0.999738455 -0.012105729 -2.742654085 -0.999665916 0.019192386 -0.017311772 111.419708252
-0.018003307 0.011252955 0.999774575 16.362932205 0.018109772 0.999776304 -0.010926863 -2.762054205 -0.999673903 0.017908974 -0.018203063 111.409599304
-0.019399598 0.009859521 0.999763131 17.159521103 0.016295334 0.999821663 -0.009543901 -2.766319275 -0.999679029 0.016106328 -0.019556802 111.405029297
-0.020468896 0.007517083 0.999762237 17.954765320 0.018042896 0.999811709 -0.007148048 -2.790506124 -0.999627590 0.017892294 -0.020600669 111.386146545
-0.021791816 0.005575959 0.999746978 18.779666901 0.019634916 0.999793947 -0.005148232 -2.811928749 -0.999569714 0.019517759 -0.021896809 111.371330261
-0.023169747 0.005512373 0.999716341 19.601186752 0.016724266 0.999846995 -0.005125486 -2.830484152 -0.999591708 0.016600769 -0.023258392 111.358299255
-0.024431290 0.008978188 0.999661148 20.416118622 0.014286201 0.999860644 -0.008630831 -2.847917080 -0.999599457 0.014070497 -0.024556151 111.351791382
-0.025404302 0.013515862 0.999585807 21.245845795 0.013193457 0.999826193 -0.013183799 -2.870915651 -0.999590337 0.012853071 -0.025578203 111.332839966
-0.026213568 0.015582016 0.999534845 22.081272125 0.014919688 0.999773324 -0.015194450 -2.892680883 -0.999545097 0.014514449 -0.026440099 111.313484192
-0.027802095 0.013030997 0.999528468 22.922166824 0.012587560 0.999840379 -0.012684936 -2.916848421 -0.999534190 0.012228958 -0.027961677 111.305641174
-0.028676361 0.009403377 0.999544442 23.770542145 0.011216222 0.999895811 -0.009084893 -2.937346935 -0.999525964 0.010950593 -0.028778842 111.286636353
-0.028931694 0.004268414 0.999572217 24.627567291 0.008686914 0.999954104 -0.004018610 -2.963182926 -0.999543726 0.008566933 -0.028967444 111.264831543
-0.029393261 -0.001145191 0.999567211 25.473716736 0.005521119 0.999983907 0.001308022 -2.964073420 -0.999552667 0.005557175 -0.029386463 111.254783630
-0.029173888 -0.001889374 0.999572575 26.327638626 0.003785275 0.999990821 0.002000643 -2.985807657 -0.999567211 0.003842024 -0.029166473 111.238441467
-0.028497869 0.003996234 0.999585927 27.157405853 0.006235790 0.999973178 -0.003820002 -3.011385441 -0.999574423 0.006124347 -0.028522028 111.221115112
-0.027494235 0.013605335 0.999529362 27.983987808 0.007566739 0.999881566 -0.013401987 -3.035881281 -0.999593377 0.007194703 -0.027593922 111.205490112
-0.027437011 0.018487142 0.999452591 28.815467834 0.008655983 0.999795794 -0.018255865 -3.050472975 -0.999586046 0.008150355 -0.027591432 111.192840576
-0.025754306 0.014154797 0.999568164 29.651815414 0.010505598 0.999848306 -0.013888083 -3.072268724 -0.999613106 0.010143381 -0.025899107 111.171592712
-0.024639653 0.007482635 0.999668479 30.482051849 0.013701314 0.999880552 -0.007146513 -3.102778673 -0.999602497 0.013520682 -0.024739234 111.146080017
-0.024286814 0.004099980 0.999696732 31.314018250 0.015510746 0.999872684 -0.003723883 -3.122490883 -0.999584675 0.015415600 -0.024347320 111.127876282
-0.024621421 0.004758479 0.999685526 32.134307861 0.013585739 0.999897838 -0.004424886 -3.143958569 -0.999604523 0.013472516 -0.024683556 111.115951538
-0.025764929 0.005707893 0.999651730 32.950927734 0.011360222 0.999920726 -0.005416632 -3.156509161 -0.999603450 0.011216705 -0.025827730 111.109085083
-0.027420877 0.005729207 0.999607503 33.764564514 0.009887493 0.999936104 -0.005459861 -3.178507566 -0.999575138 0.009733897 -0.027475772 111.093215942
-0.029847255 0.005763745 0.999537766 34.583965302 0.009500969 0.999939859 -0.005482356 -3.178783655 -0.999509335 0.009332945 -0.029900227 111.072410583
-0.031824779 0.006096456 0.999474823 35.383842468 0.009151821 0.999941230 -0.005807893 -3.213933468 -0.999451637 0.008962180 -0.031878702 111.054313660
-0.033939779 0.006414579 0.999403298 36.191638947 0.007718625 0.999951243 -0.006155972 -3.232137918 -0.999394119 0.007505086 -0.033987641 111.037506104
-0.036410719 0.005890331 0.999319553 36.992805481 0.006499145 0.999962866 -0.005657324 -3.251808643 -0.999315798 0.006288736 -0.036447659 111.016883850
-0.038233351 0.004454479 0.999258876 37.781124115 0.007722365 0.999961436 -0.004162140 -3.280436277 -0.999239087 0.007557510 -0.038266286 110.990715027
-0.040461939 0.004812850 0.999169409 38.568931580 0.007011286 0.999965131 -0.004532756 -3.300997019 -0.999156535 0.006822060 -0.040494278 110.964408875
-0.042128623 0.005402968 0.999097586 39.348201752 0.005844221 0.999969602 -0.005161253 -3.327215195 -0.999095082 0.005621511 -0.042158909 110.938087463
-0.043193117 0.004861661 0.999054909 40.122516632 0.006344101 0.999969304 -0.004591830 -3.350264072 -0.999046504 0.006139771 -0.043222632 110.904815674
-0.044195261 0.003861126 0.999015450 40.893489838 0.008185064 0.999960363 -0.003502680 -3.378449917 -0.998989344 0.008022204 -0.044225108 110.873497009
-0.045622684 0.003077940 0.998953938 41.658576965 0.008609534 0.999959350 -0.002687837 -3.401196718 -0.998921633 0.008477902 -0.045647316 110.841690063
-0.047122002 0.002631207 0.998885751 42.406753540 0.007446725 0.999969721 -0.002282767 -3.413203001 -0.998861372 0.007330857 -0.047140162 110.813667297
-0.048071116 0.001585345 0.998842657 43.150817871 0.006017866 0.999981105 -0.001297531 -3.426578045 -0.998825788 0.005948526 -0.048079744 110.787475586
-0.049203694 0.000057382 0.998788774 43.881637573 0.004368990 0.999990523 0.000157781 -3.436461210 -0.998779237 0.004371461 -0.049203478 110.755584717
-0.049890764 0.000973651 0.998754203 44.604858398 0.003971967 0.999991834 -0.000776446 -3.457917690 -0.998746693 0.003928283 -0.049894217 110.729614258
-0.050369702 0.002235840 0.998728156 45.301174164 0.004291639 0.999988854 -0.002022218 -3.474071264 -0.998721361 0.004184322 -0.050378725 110.695335388
-0.050353482 0.004814952 0.998719871 45.993171692 0.004070109 0.999981165 -0.004615825 -3.490030766 -0.998723149 0.003832477 -0.050372127 110.671203613
-0.050384648 0.006381550 0.998709500 46.692260742 0.002356727 0.999977589 -0.006270757 -3.511960745 -0.998726964 0.002037736 -0.050398555 110.640792847
-0.050731253 0.007429350 0.998684704 47.391666412 0.003221145 0.999968350 -0.007275272 -3.530890942 -0.998707175 0.002847824 -0.050753579 110.609886169
-0.050632074 0.007517243 0.998688996 48.085433960 0.004253977 0.999964237 -0.007311171 -3.552428007 -0.998708367 0.003878220 -0.050662242 110.576530457
-0.051066592 0.007142374 0.998669624 48.765537262 0.006059645 0.999958217 -0.006841732 -3.576883554 -0.998676956 0.005702200 -0.051107734 110.550148010
-0.051301066 0.007424157 0.998655677 49.458461761 0.002493149 0.999970198 -0.007305857 -3.591068029 -0.998680234 0.002114998 -0.051318053 110.522483826
-0.051025558 0.007266663 0.998671055 50.130565643 -0.000121739 0.999973476 -0.007282361 -3.615069389 -0.998697340 -0.000493163 -0.051023319 110.491691589
-0.051139828 0.005966058 0.998673737 50.817520142 0.000353552 0.999982178 -0.005955772 -3.631992817 -0.998691440 0.000048506 -0.051141031 110.465248108
-0.052167173 0.005282413 0.998624444 51.491195679 0.000961060 0.999985754 -0.005239411 -3.659579992 -0.998637974 0.000686412 -0.052171506 110.438301086
-0.056120232 0.004575568 0.998413563 52.185184479 -0.001166883 0.999988556 -0.004648375 -3.677233458 -0.998423278 -0.001425900 -0.056114249 110.405807495
-0.061040480 0.004767225 0.998123884 52.848007202 -0.003963035 0.999979556 -0.005018449 -3.683213711 -0.998127341 -0.004261929 -0.061020352 110.382270813
-0.067360803 0.007826658 0.997697949 53.504425049 -0.002938047 0.999963343 -0.008042796 -3.700799227 -0.997724295 -0.003473053 -0.067335352 110.333656311
-0.073946469 0.010424732 0.997207642 54.175296783 -0.001077985 0.999944031 -0.010533273 -3.728462696 -0.997261584 -0.001853874 -0.073931083 110.280204773
-0.080986343 0.011743592 0.996646047 54.841758728 -0.001831908 0.999927163 -0.011931114 -3.743888378 -0.996713400 -0.002792022 -0.080958948 110.227645874
-0.087151371 0.011076532 0.996133506 55.521377563 -0.004063856 0.999925911 -0.011474250 -3.751530647 -0.996186793 -0.005048141 -0.087099902 110.178115845
-0.092581168 0.010039385 0.995654523 56.201126099 -0.004457326 0.999934971 -0.010497013 -3.780135393 -0.995695114 -0.005409783 -0.092530407 110.118186951
-0.096925206 0.010647666 0.995234668 56.875862122 -0.004964964 0.999925137 -0.011181382 -3.800840378 -0.995279253 -0.006025062 -0.096865095 110.062896729
-0.100983232 0.010108833 0.994836807 57.563262939 -0.007557611 0.999911785 -0.010927555 -3.817672014 -0.994859457 -0.008622089 -0.100897923 110.004417419
-0.103832796 0.007499329 0.994566441 58.268638611 -0.006800483 0.999942839 -0.008249840 -3.826857805 -0.994571507 -0.007620137 -0.103775859 109.931289673
-0.105866387 0.004283419 0.994371116 58.993320465 -0.006965069 0.999962986 -0.005049049 -3.839477777 -0.994355977 -0.007460389 -0.105832651 109.862930298
-0.107286729 0.001580686 0.994226754 59.704971313 -0.006518509 0.999976099 -0.002293237 -3.861489296 -0.994206727 -0.006726911 -0.107273877 109.789154053
-0.108369187 0.000757426 0.994110346 60.433250427 -0.007972650 0.999966800 -0.001630997 -3.870739222 -0.994078755 -0.008102445 -0.108359560 109.717208862
-0.109022096 0.004003871 0.994031191 61.154983521 -0.006339868 0.999968708 -0.004723123 -3.887538195 -0.994019032 -0.006816952 -0.108993307 109.641876221
-0.109405644 0.008070071 0.993964434 61.876155853 -0.001754722 0.999964058 -0.008311923 -3.887653112 -0.993995547 -0.002653502 -0.109387547 109.560630798
-0.109923959 0.012518560 0.993861198 62.611255646 0.004415147 0.999916971 -0.012106508 -3.928200483 -0.993930101 0.003057247 -0.109970108 109.471481323
-0.110580944 0.013869012 0.993770361 63.358505249 0.005446901 0.999896169 -0.013348402 -3.938851357 -0.993852079 0.003936889 -0.110644996 109.393424988
-0.110888183 0.011941184 0.993761063 64.106506348 0.003273363 0.999926805 -0.011650015 -3.969305754 -0.993827522 0.001961092 -0.110919163 109.315841675
-0.111023515 0.007700533 0.993787885 64.855468750 0.004225705 0.999964714 -0.007276307 -3.973000050 -0.993808866 0.003391613 -0.111052141 109.236175537
-0.111022107 0.005332136 0.993803620 65.603141785 0.008226159 0.999956369 -0.004446166 -3.996842146 -0.993783951 0.007681564 -0.111061119 109.154891968
-0.112118289 0.005628095 0.993678927 66.349418640 0.010088255 0.999938786 -0.004525276 -4.005720139 -0.993643641 0.009517119 -0.112168215 109.073219299
-0.113820173 0.006342050 0.993481040 67.082855225 0.008492407 0.999949276 -0.005410389 -4.023457050 -0.993465006 0.007821237 -0.113868259 108.996032715
-0.115611032 0.006829686 0.993271172 67.827293396 0.008067986 0.999949753 -0.005936540 -4.047505856 -0.993261814 0.007327368 -0.115660340 108.916000366
-0.117960438 0.007115890 0.992992818 68.566864014 0.008639038 0.999943852 -0.006139447 -4.064579964 -0.992980719 0.007854290 -0.118015274 108.834831238
-0.119710498 0.007565738 0.992780089 69.308792114 0.009687919 0.999932289 -0.006452064 -4.074208260 -0.992761493 0.008845593 -0.119775690 108.747299194
-0.121906668 0.007469211 0.992513537 70.070434570 0.009541106 0.999934375 -0.006353159 -4.102669239 -0.992495716 0.008695184 -0.121969916 108.656425476
-0.123565078 0.007862424 0.992305338 70.804336548 0.011375162 0.999914050 -0.006506241 -4.123768806 -0.992271185 0.010483687 -0.123643912 108.566009521
-0.124534950 0.009118479 0.992173314 71.560997009 0.009141401 0.999925792 -0.008042324 -4.152955532 -0.992173076 0.008068305 -0.124609075 108.481811523
-0.125671893 0.009521774 0.992026210 72.324188232 0.008145383 0.999930084 -0.008565765 -4.167640209 -0.992038369 0.007003955 -0.125740692 108.391639709
-0.126784340 0.009716148 0.991882741 73.081542969 0.006656276 0.999937832 -0.008944234 -4.187683582 -0.991907954 0.005468257 -0.126841173 108.300888062
-0.127743363 0.007951127 0.991775393 73.848396301 0.007079667 0.999949634 -0.007104780 -4.210801125 -0.991782010 0.006113851 -0.127793238 108.201515198
-0.128949925 0.005429363 0.991636276 74.631523132 0.005395256 0.999974012 -0.004773429 -4.231592178 -0.991636336 0.004734598 -0.128975898 108.115844727
-0.130363882 0.003760519 0.991459072 75.408691406 0.003446221 0.999988496 -0.003339737 -4.246873379 -0.991460145 0.002981406 -0.130375341 108.019813538
-0.132614836 0.003201402 0.991162479 76.191726685 0.002497636 0.999992609 -0.002895746 -4.260062695 -0.991164505 0.002091544 -0.132621855 107.914665222
-0.134712800 0.003654322 0.990877926 76.990440369 0.003606401 0.999988317 -0.003197621 -4.279819012 -0.990878105 0.003142742 -0.134724408 107.813774109
-0.136829659 0.004652778 0.990583658 77.779403687 0.004124013 0.999982953 -0.004127275 -4.287155628 -0.990585983 0.003520446 -0.136846498 107.714599609
-0.138121203 0.008223302 0.990381122 78.572044373 0.005266162 0.999957502 -0.007568381 -4.300329685 -0.990401328 0.004170154 -0.138158634 107.602325439
-0.138928503 0.011523420 0.990235388 79.378242493 0.007174839 0.999917805 -0.010629476 -4.320170403 -0.990276337 0.005628041 -0.138999790 107.499633789
-0.139653742 0.015264310 0.990082681 80.195114136 0.008230771 0.999864519 -0.014254147 -4.357947350 -0.990166187 0.006158498 -0.139760494 107.379730225
-0.139474675 0.016401626 0.990089774 81.010971069 0.010485737 0.999831200 -0.015085867 -4.372693539 -0.990170121 0.008277722 -0.139623150 107.272552490
-0.139531761 0.015672352 0.990093589 81.838912964 0.013045013 0.999817073 -0.013987861 -4.411154270 -0.990131676 0.010964035 -0.139710680 107.155578613
-0.138974100 0.014079033 0.990195930 82.678413391 0.014068643 0.999826133 -0.012241422 -4.424764633 -0.990196049 0.012229474 -0.139148012 107.047370911
-0.138444364 0.012609350 0.990289986 83.502342224 0.013613701 0.999848664 -0.010827842 -4.447633743 -0.990276635 0.011982459 -0.138595045 106.931121826
-0.136829257 0.009704482 0.990547180 84.347343445 0.012643902 0.999887645 -0.008049427 -4.468008518 -0.990514040 0.011422984 -0.136936560 106.829093933
-0.135192007 0.006881922 0.990795434 85.187194824 0.013930384 0.999890387 -0.005044320 -4.491938114 -0.990721405 0.013120214 -0.135273039 106.722244263
-0.133156344 0.003549826 0.991088629 86.033599854 0.014549035 0.999892890 -0.001626645 -4.500742435 -0.990988195 0.014202787 -0.133193746 106.611404419
-0.131803870 0.003464415 0.991269708 86.883300781 0.013214912 0.999911249 -0.001737499 -4.521352291 -0.991187751 0.012870534 -0.131837964 106.506225586
-0.130130798 0.006997803 0.991472125 87.734458923 0.013967685 0.999888837 -0.005223948 -4.544456959 -0.991398394 0.013168775 -0.130214080 106.397300720
-0.128368825 0.012981568 0.991641521 88.582443237 0.013744929 0.999841511 -0.011309624 -4.574832916 -0.991631269 0.012178236 -0.128526911 106.301109314
-0.127050132 0.015825791 0.991769969 89.440269470 0.010441992 0.999838591 -0.014616877 -4.613244057 -0.991841435 0.008498976 -0.127194837 106.197914124
-0.125362992 0.014171579 0.992009699 90.303123474 0.010620584 0.999859810 -0.012941573 -4.615885735 -0.992054164 0.008913325 -0.125495896 106.100448608
