1.000000000 0.000000000 0.000000000 0.000000000 0.000000000 1.000000000 0.000000000 0.000000000 0.000000000 0.000000000 1.000000000 0.000000000
0.999998271 0.000664861 0.001726952 -0.010943200 -0.000664217 0.999999702 -0.000373643 -0.031883709 -0.001727200 0.000372496 0.999998450 1.196402669
0.999993861 0.001204127 0.003298312 -0.017345401 -0.001203359 0.999999166 -0.000235011 -0.047684737 -0.003298592 0.000231041 0.999994457 2.398613453
0.999989927 0.000455499 0.004471537 -0.017050268 -0.000456841 0.999999762 0.000299037 -0.069642432 -0.004471400 -0.000301077 0.999989927 3.594774961
0.999985337 0.000347206 0.005402222 -0.020018648 -0.000349198 0.999999881 0.000367829 -0.096745275 -0.005402094 -0.000369710 0.999985337 4.797313690
0.999979794 0.000219368 0.006353117 -0.017644577 -0.000222834 0.999999821 0.000544887 -0.115276329 -0.006352996 -0.000546291 0.999979675 5.995928764
0.999973536 -0.000242656 0.007272196 -0.023429953 0.000243145 0.999999881 -0.000066382 -0.142955646 -0.007272180 0.000068148 0.999973476 7.190849304
0.999968827 0.000077404 0.007895396 -0.019576669 -0.000074968 0.999999881 -0.000308795 -0.166648149 -0.007895419 0.000308193 0.999968767 8.391250610
0.999966800 -0.000185373 0.008163790 -0.018860750 0.000176743 0.999999404 0.001057770 -0.195442170 -0.008163980 -0.001056292 0.999966145 9.590281487
0.999971986 -0.000349568 0.007481723 -0.018720694 0.000335511 0.999998093 0.001880018 -0.220519990 -0.007482366 -0.001877455 0.999970317 10.790832520
0.999985874 -0.001757759 0.005024017 -0.025075994 0.001748705 0.999996781 0.001805782 -0.244673133 -0.005027173 -0.001796971 0.999985814 11.991411209
0.999993205 -0.002427008 0.002747769 -0.027602427 0.002422699 0.999995828 0.001570801 -0.260136664 -0.002751569 -0.001564134 0.999994993 13.179472923
0.999997497 -0.001744228 0.001407380 -0.033401459 0.001742112 0.999997377 0.001503372 -0.288723201 -0.001409998 -0.001500916 0.999997854 14.372558594
0.999999940 -0.000170284 0.000371884 -0.045438476 0.000169744 0.999998927 0.001454834 -0.308303118 -0.000372131 -0.001454771 0.999998868 15.555533409
0.999999821 -0.000575696 0.000148110 -0.050855603 0.000575455 0.999998510 0.001619945 -0.335621297 -0.000149043 -0.001619859 0.999998689 16.767154694
0.999999404 -0.001134677 -0.000167340 -0.058138836 0.001135028 0.999997139 0.002114070 -0.359692335 0.000164941 -0.002114259 0.999997735 17.972471237
0.999999046 -0.001041997 -0.000802124 -0.064025164 0.001044014 0.999996245 0.002518001 -0.384725183 0.000799497 -0.002518837 0.999996483 19.160146713
0.999998748 -0.001092669 -0.001134421 -0.068495229 0.001094689 0.999997735 0.001781293 -0.404363811 0.001132472 -0.001782532 0.999997795 20.364595413
0.999997735 -0.000972646 -0.001882241 -0.080593064 0.000974422 0.999999046 0.000942955 -0.424776316 0.001881322 -0.000944787 0.999997854 21.556245804
0.999996483 -0.000692551 -0.002535663 -0.088807687 0.000696939 0.999998271 0.001730072 -0.444180638 0.002534461 -0.001731833 0.999995351 22.749759674
0.999995291 -0.000826690 -0.002959157 -0.099443451 0.000832152 0.999997973 0.001845086 -0.456547320 0.002957625 -0.001847540 0.999993920 23.950178146
0.999991477 -0.000373095 -0.004109236 -0.114939481 0.000378441 0.999999106 0.001300354 -0.488537222 0.004108747 -0.001301898 0.999990702 25.139848709
0.999989212 -0.000293810 -0.004665912 -0.127442107 0.000301720 0.999998450 0.001694806 -0.503895164 0.004665407 -0.001696195 0.999987602 26.349363327
0.999983072 -0.001206723 -0.005691016 -0.144561037 0.001228137 0.999992132 0.003760804 -0.527468920 0.005686433 -0.003767730 0.999976695 27.540519714
0.999975562 -0.002329647 -0.006592111 -0.156324014 0.002357597 0.999988258 0.004235236 -0.544604480 0.006582168 -0.004250674 0.999969304 28.737123489
0.999972522 -0.002320007 -0.007038356 -0.168707326 0.002341264 0.999992788 0.003013395 -0.568462849 0.007031314 -0.003029791 0.999970675 29.944774628
0.999962568 -0.002836964 -0.008175788 -0.184528232 0.002855976 0.999993265 0.002314803 -0.590222239 0.008169166 -0.002338066 0.999963820 31.133152008
0.999959707 -0.002513979 -0.008616531 -0.200696036 0.002534324 0.999994099 0.002351049 -0.606330693 0.008610568 -0.002372791 0.999960065 32.335308075
0.999947906 -0.003271278 -0.009673765 -0.221047521 0.003300073 0.999990225 0.002962123 -0.624062598 0.009663980 -0.002993893 0.999948740 33.528591156
0.999939799 -0.003892953 -0.010250938 -0.242021248 0.003927547 0.999986649 0.003356886 -0.637813926 0.010237734 -0.003396945 0.999941826 34.727539062
0.999937773 -0.004382177 -0.010260108 -0.254594803 0.004418119 0.999984145 0.003483084 -0.668269992 0.010244682 -0.003528198 0.999941289 35.934505463
0.999928296 -0.004117711 -0.011237168 -0.283944935 0.004156669 0.999985397 0.003445764 -0.685167313 0.011222814 -0.003492226 0.999930918 37.128044128
0.999926686 -0.005159581 -0.010967947 -0.296202600 0.005206329 0.999977469 0.004237948 -0.708410025 0.010945832 -0.004294738 0.999930859 38.337108612
0.999924302 -0.004880168 -0.011300832 -0.319267482 0.004942600 0.999972641 0.005503261 -0.720969796 0.011273666 -0.005558698 0.999921024 39.531238556
0.999925613 -0.004682621 -0.011266612 -0.340651453 0.004758156 0.999966323 0.006686929 -0.741464496 0.011234920 -0.006740038 0.999914169 40.732444763
0.999933481 -0.004203199 -0.010742915 -0.358720660 0.004272447 0.999970198 0.006431113 -0.751930475 0.010715561 -0.006476583 0.999921620 41.932476044
0.999936521 -0.003020026 -0.010859097 -0.380117327 0.003087526 0.999975979 0.006204592 -0.770110488 0.010840097 -0.006237725 0.999921858 43.132114410
0.999950349 -0.000366044 -0.009965430 -0.400763929 0.000445567 0.999968052 0.007978808 -0.781049132 0.009962192 -0.007982850 0.999918520 44.341194153
0.999961436 -0.000089209 -0.008771744 -0.426533461 0.000188736 0.999935627 0.011346245 -0.801596045 0.008770168 -0.011347464 0.999897182 45.534927368
0.999975324 0.000706935 -0.006977907 -0.438672751 -0.000608118 0.999899626 0.014153473 -0.810067356 0.006987212 -0.014148883 0.999875546 46.739765167
0.999987423 0.000632910 -0.004953661 -0.451590061 -0.000545558 0.999844670 0.017615458 -0.811752021 0.004964042 -0.017612537 0.999832571 47.949913025
0.999992192 -0.000213509 -0.003946123 -0.466910124 0.000290112 0.999811471 0.019421795 -0.813376367 0.003941231 -0.019422790 0.999803603 49.144046783
0.999996185 -0.001430114 -0.002350688 -0.468624264 0.001471359 0.999843359 0.017638946 -0.816079199 0.002325094 -0.017642336 0.999841690 50.350067139
0.999998689 -0.001360937 -0.000881463 -0.479555935 0.001374742 0.999873281 0.015855197 -0.816027284 0.000859774 -0.015856391 0.999873936 51.563808441
0.999999881 -0.000207684 -0.000415883 -0.486512363 0.000214188 0.999876738 0.015700093 -0.812037885 0.000412571 -0.015700182 0.999876678 52.760894775
0.999999166 -0.001261227 0.000094953 -0.494729936 0.001259613 0.999880314 0.015416042 -0.828458726 -0.000114385 -0.015415913 0.999881148 53.969703674
0.999997497 -0.001906012 -0.001098973 -0.504067361 0.001921894 0.999891043 0.014635769 -0.830785692 0.001070957 -0.014637846 0.999892294 55.174617767
0.999995530 -0.001251445 -0.002719219 -0.521464884 0.001291283 0.999891162 0.014698433 -0.832081914 0.002700529 -0.014701879 0.999888301 56.379428864
0.999992371 -0.001331008 -0.003680551 -0.523781538 0.001391026 0.999865234 0.016352793 -0.845082521 0.003658289 -0.016357785 0.999859512 57.587818146
0.999986589 -0.001201942 -0.005053846 -0.543958068 0.001286765 0.999857724 0.016814142 -0.849028349 0.005032918 -0.016820416 0.999845862 58.793949127
0.999983966 -0.000126999 -0.005664067 -0.553719163 0.000222037 0.999859095 0.016781705 -0.860983372 0.005661138 -0.016782694 0.999843061 60.003280640
0.999979019 0.000344320 -0.006476357 -0.570288122 -0.000237517 0.999864101 0.016484847 -0.868522286 0.006481153 -0.016482960 0.999843061 61.197334290
0.999978423 -0.000352623 -0.006555249 -0.588605762 0.000457881 0.999870896 0.016062396 -0.865233541 0.006548739 -0.016065054 0.999849439 62.405254364
0.999978602 -0.001501189 -0.006355633 -0.596358240 0.001600838 0.999875426 0.015702834 -0.880365968 0.006331267 -0.015712675 0.999856532 63.604732513
0.999972761 -0.001837119 -0.007148946 -0.617624283 0.001954983 0.999861717 0.016514955 -0.882958770 0.007117619 -0.016528478 0.999837995 64.812522888
0.999971271 -0.001999175 -0.007311390 -0.631937087 0.002135388 0.999823391 0.018670149 -0.887108207 0.007272774 -0.018685222 0.999798954 66.025444031
0.999969244 -0.001866346 -0.007616261 -0.649790227 0.001997783 0.999848604 0.017286375 -0.901355386 0.007582844 -0.017301060 0.999821544 67.212974548
0.999970734 0.000485357 -0.007629625 -0.673165679 -0.000364469 0.999874532 0.015837912 -0.905811667 0.007636355 -0.015834669 0.999845326 68.416908264
0.999969542 0.002363744 -0.007429815 -0.691787601 -0.002243110 0.999866128 0.016203096 -0.909744978 0.007467121 -0.016185943 0.999841034 69.612510681
0.999964714 0.003681158 -0.007552586 -0.719396234 -0.003554054 0.999853015 0.016774235 -0.917090416 0.007613226 -0.016746804 0.999830663 70.801528931
0.999961495 0.005424600 -0.006886953 -0.732676029 -0.005305518 0.999838114 0.017192844 -0.912623405 0.006979102 -0.017155647 0.999828398 71.991851807
0.999966979 0.005509941 -0.005975798 -0.753459811 -0.005400949 0.999821484 0.018104222 -0.923728704 0.006074484 -0.018071348 0.999818265 73.169914246
0.999963522 0.007473072 -0.004118020 -0.766794920 -0.007393956 0.999793887 0.018903293 -0.921943426 0.004258437 -0.018872159 0.999812841 74.365180969
0.999980628 0.006118597 -0.001161374 -0.777183890 -0.006097147 0.999825537 0.017652581 -0.928926587 0.001269180 -0.017645160 0.999843478 75.540870667
0.999992132 0.003875521 0.001006329 -0.783676565 -0.003887814 0.999914050 0.012514959 -0.951472938 -0.000957740 -0.012518770 0.999921203 76.711524963
0.999981403 0.004753291 0.003836035 -0.783465028 -0.004796596 0.999923944 0.011359883 -0.955689907 -0.003781746 -0.011378070 0.999928176 77.898338318
0.999970973 0.004171963 0.006374777 -0.783844769 -0.004269392 0.999873042 0.015347051 -0.961575031 -0.006309941 -0.015373820 0.999861836 79.070411682
0.999946892 0.003397396 0.009726184 -0.789225578 -0.003563317 0.999847531 0.017093053 -0.977977633 -0.009666629 -0.017126804 0.999806523 80.243812561
0.999893606 0.004557248 0.013856650 -0.785807014 -0.004764463 0.999876797 0.014958192 -0.970510840 -0.013786776 -0.015022620 0.999792039 81.429222107
0.999848723 0.003019672 0.017130716 -0.773059011 -0.003232819 0.999917567 0.012428320 -0.983501911 -0.017091773 -0.012481818 0.999776006 82.588096619
0.999783397 0.002572376 0.020658337 -0.756214023 -0.002765455 0.999952734 0.009323185 -1.000482798 -0.020633379 -0.009378294 0.999743044 83.753547668
0.999712348 0.001721870 0.023923278 -0.735653162 -0.001920292 0.999963999 0.008273603 -1.013182878 -0.023908168 -0.008317161 0.999679565 84.904838562
0.999621272 0.001680231 0.027465779 -0.711015701 -0.001955837 0.999947906 0.010010730 -1.033161640 -0.027447533 -0.010060657 0.999572635 86.073974609
0.999505579 0.002330049 0.031353448 -0.683715105 -0.002665321 0.999939680 0.010655779 -1.037840486 -0.031326726 -0.010734078 0.999451578 87.247879028
0.999385715 0.002247250 0.034972832 -0.655089140 -0.002549309 0.999959826 0.008594753 -1.053944230 -0.034952108 -0.008678631 0.999351382 88.378715515
0.999250948 0.002164919 0.038635567 -0.614280939 -0.002415842 0.999976277 0.006449093 -1.072975397 -0.038620688 -0.006537601 0.999232471 89.537261963
0.999133706 0.002086416 0.041561991 -0.577420950 -0.002343762 0.999978364 0.006144101 -1.081253290 -0.041548274 -0.006236191 0.999116957 90.682083130
0.999019980 0.000561033 0.044258434 -0.525054455 -0.000890345 0.999971986 0.007421294 -1.100145817 -0.044253044 -0.007453426 0.998992562 91.840942383
0.998873591 0.000087110 0.047453538 -0.478265762 -0.000515363 0.999959230 0.009012515 -1.119370937 -0.047450829 -0.009026818 0.998832822 93.002395630
0.998763323 -0.000730705 0.049713183 -0.428536415 0.000186579 0.999939978 0.010949061 -1.129299641 -0.049718205 -0.010926246 0.998703539 94.156265259
0.998618901 -0.002008142 0.052500546 -0.367982388 0.001377562 0.999926507 0.012044362 -1.143079996 -0.052520864 -0.011955405 0.998548269 95.321556091
0.998510540 -0.002898256 0.054484393 -0.317008018 0.002341480 0.999944329 0.010280053 -1.155304074 -0.054511160 -0.010137166 0.998461723 96.461769104
0.998375416 -0.004360850 0.056812238 -0.252021790 0.003984882 0.999969423 0.006729340 -1.167252541 -0.056839839 -0.006492017 0.998362243 97.608680725
0.998240769 -0.003718408 0.059173886 -0.195215702 0.003480836 0.999985456 0.004117380 -1.177578211 -0.059188336 -0.003904163 0.998239219 98.784950256
0.998147726 -0.004082038 0.060701035 -0.136275291 0.003904515 0.999987721 0.003042875 -1.194064856 -0.060712717 -0.002800230 0.998151422 99.943977356
0.998093307 -0.003547169 0.061621428 -0.072370529 0.003321201 0.999987364 0.003769082 -1.213893890 -0.061634023 -0.003557238 0.998092473 101.116874695
0.998143375 -0.003450219 0.060810614 -0.008833885 0.003117915 0.999979675 0.005558611 -1.228724480 -0.060828563 -0.005358689 0.998133779 102.284042358
0.998236418 -0.004322365 0.059206393 0.054021835 0.003915956 0.999967933 0.006978578 -1.247024298 -0.059234668 -0.006734420 0.998221397 103.476623535
0.998338282 -0.003783423 0.057501025 0.114189148 0.003331558 0.999962807 0.007952215 -1.261090755 -0.057528973 -0.007747433 0.998313785 104.678016663
0.998484552 -0.003793750 0.054904278 0.172326565 0.003325164 0.999957204 0.008623446 -1.272577047 -0.054934654 -0.008427810 0.998454392 105.865142822
0.998631120 -0.003165635 0.052211031 0.221846581 0.002718625 0.999958992 0.008630394 -1.281606674 -0.052236218 -0.008476636 0.998598754 107.066612244
0.998834252 -0.001963996 0.048233360 0.263720036 0.001557164 0.999962926 0.008470793 -1.291200161 -0.048248209 -0.008385810 0.998800159 108.267555237
0.999016523 -0.001320194 0.044317879 0.314919472 0.000924492 0.999959469 0.008948016 -1.309719801 -0.044327896 -0.008898246 0.998977423 109.475433350
0.999173701 -0.001098474 0.040627807 0.353258610 0.000696327 0.999950588 0.009911157 -1.310675025 -0.040636685 -0.009874679 0.999125242 110.691207886
0.999350488 -0.001151060 0.036017161 0.388033628 0.000756185 0.999939442 0.010975221 -1.322563529 -0.036027621 -0.010940857 0.999290884 111.904144287
0.999491632 -0.000728743 0.031874325 0.420173883 0.000358274 0.999932349 0.011626965 -1.335074663 -0.031880636 -0.011609633 0.999424398 113.125793457
0.999642372 -0.000470895 0.026737912 0.438242912 0.000151580 0.999928713 0.011943172 -1.346563816 -0.026741628 -0.011934848 0.999571145 114.350440979
0.999761879 0.000464625 0.021816058 0.458690405 -0.000724392 0.999928832 0.011900776 -1.356461048 -0.021808971 -0.011913745 0.999691308 115.569450378
0.999852717 0.001181614 0.017120497 0.471435070 -0.001382089 0.999930441 0.011702502 -1.365686893 -0.017105479 -0.011724439 0.999785006 116.796852112
0.999923110 0.002002027 0.012230661 0.476891398 -0.002140122 0.999934018 0.011288199 -1.372258663 -0.012207254 -0.011313505 0.999861419 118.016784668
0.999952793 0.003590216 0.009030258 0.478800178 -0.003690668 0.999931276 0.011131995 -1.385736346 -0.008989670 -0.011164797 0.999897182 119.244163513
0.999960184 0.005871871 0.006715248 0.474537253 -0.005947888 0.999917805 0.011356593 -1.385215878 -0.006648011 -0.011396081 0.999912977 120.473625183
0.999960363 0.006994462 0.005493907 0.460890293 -0.007057611 0.999908268 0.011560495 -1.404831529 -0.005412543 -0.011598811 0.999918103 121.721801758
0.999944031 0.009349756 0.004934329 0.471956283 -0.009407522 0.999885857 0.011816577 -1.422172546 -0.004823283 -0.011862336 0.999918044 122.969841003
0.999939859 0.010416281 0.003438898 0.458289325 -0.010458962 0.999865472 0.012635786 -1.417900324 -0.003306818 -0.012670992 0.999914169 124.205238342
0.999938309 0.010647197 0.003188670 0.458184361 -0.010688464 0.999855518 0.013217566 -1.436408758 -0.003047480 -0.013250832 0.999907494 125.453132629
0.999900758 0.013933948 0.002086210 0.441469878 -0.013964023 0.999787390 0.015171333 -1.439987540 -0.001874369 -0.015198959 0.999882758 126.698295593
0.999879897 0.015429796 0.001448741 0.431882203 -0.015453506 0.999716640 0.018103091 -1.432923079 -0.001169004 -0.018123301 0.999835134 127.952247620
0.999906063 0.013656336 0.001229157 0.424356878 -0.013676984 0.999730706 0.018743988 -1.446705580 -0.000972852 -0.018759036 0.999823630 129.210372925
0.999900997 0.014068688 0.000325182 0.412805855 -0.014072186 0.999755859 0.017034505 -1.448398113 -0.000085450 -0.017037394 0.999854863 130.456222534
0.999930203 0.011813647 0.000152147 0.414483249 -0.011814483 0.999771237 0.017824739 -1.444625378 0.000058463 -0.017825294 0.999841094 131.718032837
0.999959409 0.008918687 -0.001281854 0.405052751 -0.008891152 0.999758899 0.020084227 -1.452984810 0.001460670 -0.020072017 0.999797463 132.967300415
0.999978125 0.006394060 -0.001680631 0.400728524 -0.006355691 0.999739528 0.021921892 -1.448509455 0.001820363 -0.021910731 0.999758303 134.232223511
0.999991894 0.003753925 -0.001500507 0.390617013 -0.003717909 0.999721050 0.023325549 -1.440103531 0.001587651 -0.023319781 0.999726772 135.502395630
0.999998391 0.000148706 -0.001793905 0.387456536 -0.000109739 0.999764502 0.021702204 -1.446940422 0.001796710 -0.021701973 0.999762893 136.766342163
0.999997497 -0.001822137 -0.001341780 0.384793460 0.001849340 0.999786973 0.020559924 -1.435832500 0.001304030 -0.020562353 0.999787807 138.035858154
0.999991834 -0.003787148 -0.001505802 0.373223513 0.003817694 0.999775767 0.020827707 -1.442206860 0.001426586 -0.020833284 0.999781966 139.303802490
0.999991894 -0.003878634 -0.001115276 0.365565479 0.003901252 0.999770820 0.021047371 -1.433171511 0.001033386 -0.021051548 0.999777913 140.570098877
0.999993682 -0.003562859 -0.000022071 0.360822290 0.003562434 0.999732733 0.022842929 -1.431090593 -0.000059321 -0.022842864 0.999738991 141.859497070
0.999999225 -0.001294261 0.000193325 0.345727891 0.001289094 0.999694407 0.024687322 -1.415221214 -0.000225218 -0.024687050 0.999695122 143.139495850
0.999998748 -0.001290876 0.000901224 0.337152869 0.001269219 0.999719977 0.023630703 -1.429819345 -0.000931476 -0.023629531 0.999720275 144.411026001
0.999997973 -0.000324431 0.001977958 0.332446486 0.000281983 0.999770582 0.021422941 -1.415936232 -0.001984454 -0.021422345 0.999768496 145.683822632
0.999997795 -0.000884908 0.001900430 0.325556666 0.000847541 0.999808073 0.019574037 -1.417913914 -0.001917386 -0.019572383 0.999806583 146.955352783
0.999994695 -0.001621903 0.002805085 0.329440236 0.001577624 0.999875247 0.015716126 -1.430772066 -0.002830226 -0.015711620 0.999872506 148.229934692
0.999995232 -0.001135170 0.002846548 0.317984223 0.001100199 0.999924421 0.012257016 -1.433797956 -0.002860247 -0.012253831 0.999920845 149.490676880
0.999993145 -0.001798414 0.003245499 0.317872345 0.001761079 0.999932706 0.011470093 -1.442044139 -0.003265908 -0.011464300 0.999929011 150.756790161
0.999991715 -0.002093770 0.003530203 0.310768455 0.002051591 0.999926984 0.011909884 -1.456946969 -0.003554882 -0.011902542 0.999922872 152.033676147
0.999994338 -0.001402368 0.003081769 0.304724187 0.001364289 0.999923110 0.012323602 -1.464505076 -0.003098814 -0.012319327 0.999919355 153.294540405
0.999994278 -0.000920173 0.003230208 0.301969796 0.000876522 0.999908566 0.013488956 -1.478681326 -0.003242325 -0.013486047 0.999903798 154.565429688
0.999996662 -0.000073893 0.002562257 0.294280946 0.000037978 0.999901712 0.014014212 -1.488163233 -0.002563041 -0.014014069 0.999898434 155.827804565
0.999997497 0.000317749 0.002221378 0.291818917 -0.000348906 0.999901295 0.014039758 -1.497192621 -0.002216698 -0.014040496 0.999898970 157.092361450
0.999998093 0.000457262 0.001895833 0.291365951 -0.000484628 0.999895334 0.014459630 -1.503331184 -0.001889023 -0.014460522 0.999893665 158.363113403
0.999999642 -0.000107341 0.000800561 0.278538406 0.000094945 0.999880373 0.015468214 -1.514061451 -0.000802125 -0.015468134 0.999880016 159.624588013
0.999999702 0.000401877 0.000637486 0.279059827 -0.000412093 0.999870181 0.016107110 -1.516689301 -0.000630931 -0.016107371 0.999870002 160.892730713
0.999999702 0.000626487 -0.000280339 0.272399068 -0.000622084 0.999880552 0.015440788 -1.524219990 0.000289979 -0.015440613 0.999880731 162.151687622
0.999998271 0.001634818 -0.000907067 0.260039598 -0.001621371 0.999891639 0.014632584 -1.532897949 0.000930891 -0.014631090 0.999892533 163.415161133
0.999997675 0.001877891 -0.001111557 0.253701180 -0.001861922 0.999897480 0.014197284 -1.532477856 0.001138105 -0.014195183 0.999898612 164.681152344
0.999996066 0.001899192 -0.002134203 0.248533994 -0.001869732 0.999904096 0.013722364 -1.546705008 0.002160060 -0.013718318 0.999903560 165.945251465
0.999995053 0.002091062 -0.002398699 0.240638822 -0.002060271 0.999916375 0.012767916 -1.558000803 0.002425196 -0.012762911 0.999915540 167.207092285
0.999991596 0.002261848 -0.003427782 0.214801610 -0.002217052 0.999912739 0.013016466 -1.566938639 0.003456924 -0.013008757 0.999909401 168.472427368
0.999989331 0.001889554 -0.004225488 0.200516403 -0.001828435 0.999894261 0.014421698 -1.566610336 0.004252293 -0.014413817 0.999886990 169.740661621
0.999988317 0.002052026 -0.004374984 0.180860639 -0.001987106 0.999888539 0.014791938 -1.574350119 0.004404851 -0.014783072 0.999881029 171.012512207
0.999981403 0.002742447 -0.005448351 0.168893397 -0.002657492 0.999875605 0.015539097 -1.580688953 0.005490289 -0.015524331 0.999864399 172.277908325
0.999979734 0.002827653 -0.005701523 0.145995855 -0.002736983 0.999870598 0.015848380 -1.588576078 0.005745600 -0.015832454 0.999858081 173.546112061
0.999971747 0.003469360 -0.006668987 0.128470659 -0.003366963 0.999877155 0.015304614 -1.594353914 0.006721265 -0.015281729 0.999860585 174.818267822
0.999963105 0.004664765 -0.007201283 0.120311260 -0.004556734 0.999877930 0.014945573 -1.601656914 0.007270122 -0.014912207 0.999862373 176.086700439
0.999964774 0.004549452 -0.007048345 0.101354957 -0.004441095 0.999872863 0.015313655 -1.600267649 0.007117120 -0.015281813 0.999857843 177.346145630
0.999960423 0.004227676 -0.007827646 0.081752896 -0.004114282 0.999887109 0.014446161 -1.603791952 0.007887839 -0.014413384 0.999864936 178.618835449
0.999966025 0.003505480 -0.007461321 0.063055277 -0.003406799 0.999907017 0.013197517 -1.619160652 0.007506892 -0.013171650 0.999885082 179.887374878
0.999967396 0.000907031 -0.008022251 0.052523136 -0.000799120 0.999909222 0.013444439 -1.644222021 0.008033720 -0.013437591 0.999877453 181.148406982
0.999965429 0.000940916 -0.008258558 0.040281296 -0.000801367 0.999857068 0.016884599 -1.638183117 0.008273265 -0.016877398 0.999823332 182.407760620
0.999966383 -0.000842966 -0.008146893 0.018228769 0.001015948 0.999773622 0.021252057 -1.633434296 0.008127133 -0.021259621 0.999740958 183.675796509
0.999964535 0.000165542 -0.008412199 0.007527709 0.000014381 0.999771357 0.021383824 -1.641357422 0.008413817 -0.021383191 0.999735951 184.929031372
0.999968588 0.001679241 -0.007743879 -0.020738125 -0.001537124 0.999830902 0.018321840 -1.638727665 0.007773337 -0.018309353 0.999802291 186.191665649
0.999961495 0.002609310 -0.008368522 -0.042464733 -0.002471220 0.999861300 0.016469250 -1.646966934 0.008410335 -0.016447933 0.999829412 187.440383911
0.999962628 0.002022294 -0.008405153 -0.058486223 -0.001880205 0.999855697 0.016878771 -1.650866508 0.008438075 -0.016862335 0.999822199 188.686706543
0.999965787 0.001739653 -0.008080782 -0.082200527 -0.001594732 0.999838352 0.017906025 -1.651929379 0.008110627 -0.017892526 0.999807000 189.940048218
0.999963045 0.001639963 -0.008438344 -0.098296165 -0.001469492 0.999795437 0.020168606 -1.654218435 0.008469696 -0.020155460 0.999760985 191.185516357
0.999974072 0.000813760 -0.007143013 -0.117898941 -0.000661992 0.999774516 0.021223776 -1.657681942 0.007158674 -0.021218499 0.999749243 192.431777954
0.999980330 0.000910636 -0.006206319 -0.131212711 -0.000781580 0.999783993 0.020765102 -1.653034210 0.006223889 -0.020759843 0.999765158 193.656860352
0.999988794 -0.000106337 -0.004734586 -0.148674548 0.000198852 0.999808967 0.019544126 -1.670988560 0.004731603 -0.019544849 0.999797761 194.892044067
0.999995470 0.000118993 -0.003014225 -0.158660948 -0.000064296 0.999835491 0.018139876 -1.662489653 0.003015887 -0.018139597 0.999830842 196.125183105
0.999997914 -0.000709225 -0.001917622 -0.164277941 0.000742965 0.999843895 0.017651338 -1.677221775 0.001904805 -0.017652726 0.999842346 197.343124390
0.999999881 -0.000269788 -0.000455652 -0.178622723 0.000278229 0.999826610 0.018626846 -1.685519934 0.000450548 -0.018626975 0.999826312 198.572570801
0.999999464 -0.001000818 0.000468736 -0.181812480 0.000991107 0.999794006 0.020279007 -1.683665276 -0.000488935 -0.020278532 0.999794245 199.788116455
0.999998510 -0.000139247 0.001769938 -0.190632880 0.000102128 0.999780536 0.020954385 -1.694920063 -0.001772466 -0.020954173 0.999778807 200.985412598
0.999994397 -0.000383838 0.003323027 -0.194284260 0.000314317 0.999781609 0.020896241 -1.690136909 -0.003330322 -0.020895084 0.999776125 202.190277100
0.999990046 -0.000088389 0.004444818 -0.197603822 -0.000007845 0.999765754 0.021646187 -1.689033508 -0.004445690 -0.021646013 0.999755800 203.373916626
0.999983966 0.000108529 0.005665115 -0.191364527 -0.000232034 0.999762237 0.021804787 -1.696965694 -0.005661401 -0.021805752 0.999746203 204.576187134
0.999980509 0.000496179 0.006217728 -0.195764184 -0.000631122 0.999763906 0.021719823 -1.697797775 -0.006205482 -0.021723324 0.999744833 205.755493164
0.999974668 0.000455751 0.007093655 -0.192941189 -0.000610726 0.999760866 0.021860188 -1.696055412 -0.007081996 -0.021863963 0.999735892 206.920104980
0.999968290 -0.000977903 0.007904898 -0.193115592 0.000801109 0.999750197 0.022337474 -1.701720715 -0.007924767 -0.022330433 0.999719262 208.094024658
0.999968290 -0.001055838 0.007892448 -0.186831832 0.000874943 0.999737561 0.022888415 -1.700392723 -0.007914547 -0.022880783 0.999706805 209.226593018
0.999967635 -0.001915700 0.007806485 -0.190488935 0.001726545 0.999706447 0.024165651 -1.700190544 -0.007850489 -0.024151389 0.999677479 210.356704712
0.999976158 -0.001398505 0.006759405 -0.186119080 0.001234242 0.999705315 0.024244647 -1.702698708 -0.006791319 -0.024235727 0.999683201 211.462432861
0.999978364 -0.001008541 0.006494443 -0.190257072 0.000856099 0.999725103 0.023432944 -1.711290836 -0.006516290 -0.023426879 0.999704301 212.562377930
0.999979138 -0.000788645 0.006400371 -0.192946553 0.000641876 0.999737561 0.022901032 -1.705402374 -0.006416752 -0.022896452 0.999717236 213.649520874
0.999984205 -0.001188683 0.005490929 -0.192082524 0.001063186 0.999739349 0.022802072 -1.704866886 -0.005516601 -0.022795876 0.999724925 214.719390869
0.999988794 -0.001722988 0.004389283 -0.191962004 0.001621647 0.999734282 0.022988167 -1.713583469 -0.004427725 -0.022980792 0.999726117 215.783432007
0.999994516 -0.002019503 0.002599333 -0.197802067 0.001957373 0.999717414 0.023686975 -1.711248875 -0.002646434 -0.023681762 0.999716043 216.828170776
0.999994636 -0.003216100 0.000614048 -0.200083166 0.003199468 0.999672472 0.025396762 -1.713083267 -0.000695525 -0.025394661 0.999677241 217.867813110
0.999994457 -0.003115675 -0.001193793 -0.202593938 0.003147030 0.999624193 0.027231332 -1.710715771 0.001108501 -0.027234936 0.999628425 218.894531250
0.999989152 -0.002796420 -0.003731780 -0.218638718 0.002897922 0.999618292 0.027476959 -1.712249279 0.003653518 -0.027487472 0.999615431 219.892623901
0.999978781 -0.002193982 -0.006123165 -0.229950547 0.002359531 0.999628186 0.027161585 -1.711964607 0.006061295 -0.027175456 0.999612451 220.883117676
0.999954700 -0.002427606 -0.009197213 -0.249313116 0.002677695 0.999624193 0.027277680 -1.708342075 0.009127539 -0.027301073 0.999585629 221.850357056
0.999926567 -0.002144380 -0.011925824 -0.274174690 0.002476012 0.999608636 0.027863054 -1.705609798 0.011861408 -0.027890539 0.999540687 222.790725708
0.999892592 -0.001902206 -0.014533125 -0.294321299 0.002306368 0.999609768 0.027843803 -1.704760551 0.014474487 -0.027874336 0.999506652 223.710678101
0.999840200 -0.002140083 -0.017750325 -0.317843437 0.002624338 0.999623775 0.027303206 -1.697431087 0.017685216 -0.027345426 0.999469578 224.607467651
0.999780178 -0.002301474 -0.020839911 -0.337681770 0.002862132 0.999633670 0.026913365 -1.701724052 0.020770337 -0.026967093 0.999420583 225.489120483
0.999707997 -0.001323658 -0.024128092 -0.371185303 0.001967226 0.999642313 0.026668780 -1.695580006 0.024084168 -0.026708456 0.999353111 226.338806152
0.999637425 -0.000947954 -0.026911460 -0.395232201 0.001653132 0.999655545 0.026193475 -1.701825619 0.026877360 -0.026228465 0.999294639 227.172698975
0.999577880 0.000818566 -0.029041028 -0.428629398 -0.000056600 0.999655902 0.026228692 -1.696759224 0.029052507 -0.026215976 0.999234021 227.986831665
0.999541581 0.001647916 -0.030230230 -0.461788177 -0.000843194 0.999645591 0.026613224 -1.694710255 0.030263372 -0.026575536 0.999188602 228.782806396
0.999561369 0.001249416 -0.029586028 -0.491649628 -0.000432411 0.999618888 0.027604867 -1.690164089 0.029609242 -0.027579969 0.999180973 229.565155029
0.999566853 0.001374072 -0.029394655 -0.515172005 -0.000540469 0.999598026 0.028348166 -1.691018581 0.029421786 -0.028320003 0.999165833 230.331039429
0.999577880 0.001140636 -0.029035335 -0.542593002 -0.000322761 0.999603450 0.028157368 -1.690402985 0.029055942 -0.028136106 0.999181747 231.064819336
0.999599040 0.001537824 -0.028274396 -0.567787170 -0.000788607 0.999648750 0.026490156 -1.687719822 0.028305203 -0.026457233 0.999249160 231.805496216
0.999616146 0.001563411 -0.027663769 -0.596270561 -0.000885674 0.999699533 0.024494395 -1.681972980 0.027693752 -0.024460489 0.999317110 232.530670166
0.999657571 0.001518671 -0.026122319 -0.619443893 -0.000910736 0.999728858 0.023268797 -1.683768749 0.026150573 -0.023237040 0.999387920 233.256515503
0.999686897 0.002150135 -0.024928866 -0.646158218 -0.001577477 0.999734938 0.022968611 -1.678451061 0.024971640 -0.022922097 0.999425471 233.985519409
0.999728143 0.001607413 -0.023257984 -0.665163994 -0.001077410 0.999739826 0.022782609 -1.679999828 0.023288554 -0.022751361 0.999469936 234.702499390
0.999774456 0.001351668 -0.021195916 -0.682609081 -0.000865647 0.999736845 0.022922354 -1.683752060 0.021221323 -0.022898832 0.999512613 235.428436279
0.999811113 0.001474797 -0.019377507 -0.694280624 -0.001034583 0.999741614 0.022708189 -1.683678627 0.019405985 -0.022683853 0.999554336 236.133132935
0.999852180 0.001234643 -0.017149325 -0.712204933 -0.000845879 0.999742925 0.022658143 -1.677620888 0.017172892 -0.022640288 0.999596179 236.851867676
0.999890804 0.001406933 -0.014708786 -0.730696917 -0.001069714 0.999737024 0.022909114 -1.680065155 0.014737146 -0.022890877 0.999629378 237.548904419
0.999934673 0.000369471 -0.011417583 -0.736193538 -0.000100251 0.999722242 0.023571001 -1.677120209 0.011423118 -0.023568321 0.999656916 238.252029419
0.999965787 -0.000811969 -0.008235074 -0.740842938 0.001009322 0.999711692 0.023989120 -1.680317402 0.008213222 -0.023996614 0.999678314 238.958816528
0.999984264 -0.001068433 -0.005494332 -0.751005948 0.001200845 0.999707460 0.024153259 -1.682051659 0.005466918 -0.024159476 0.999693155 239.651214600
0.999996483 -0.001437543 -0.002203429 -0.760420203 0.001489941 0.999711633 0.023966238 -1.683509350 0.002168342 -0.023969438 0.999710262 240.353637695
0.999998569 -0.001619755 0.000417586 -0.758921981 0.001609469 0.999721110 0.023555404 -1.677934170 -0.000455624 -0.023554699 0.999722362 241.040817261
0.999994040 -0.000680870 0.003390124 -0.763626099 0.000602914 0.999736547 0.022943044 -1.675143719 -0.003404853 -0.022940863 0.999730945 241.730819702
0.999976933 -0.000518795 0.006759229 -0.759445906 0.000366548 0.999746621 0.022506116 -1.672961235 -0.006769193 -0.022503130 0.999723852 242.426055908
0.999954641 -0.000968775 0.009471703 -0.759117842 0.000746885 0.999725759 0.023402119 -1.667392254 -0.009491779 -0.023393987 0.999681234 243.128982544
0.999924123 -0.000668446 0.012292435 -0.752472162 0.000372296 0.999709964 0.024078585 -1.657332420 -0.012304966 -0.024072187 0.999634504 243.822525024
0.999895215 -0.000987708 0.014436439 -0.750414610 0.000639041 0.999708414 0.024136528 -1.661510468 -0.014456070 -0.024124777 0.999604404 244.514770508
0.999858558 -0.001325467 0.016761094 -0.740799904 0.000941877 0.999737859 0.022872947 -1.654175758 -0.016787017 -0.022853926 0.999597847 245.230407715
0.999831319 -0.000722535 0.018345628 -0.728581905 0.000348043 0.999791622 0.020408150 -1.651733875 -0.018356550 -0.020398326 0.999623358 245.940979004
0.999811113 -0.001620746 0.019366125 -0.719700813 0.001253788 0.999819756 0.018945590 -1.649276257 -0.019393338 -0.018917732 0.999632895 246.647232056
0.999802530 -0.002025836 0.019768840 -0.715407848 0.001661333 0.999828637 0.018437279 -1.642122269 -0.019802803 -0.018400796 0.999634564 247.369949341
0.999802887 -0.002600546 0.019684745 -0.699458122 0.002242466 0.999831975 0.018191006 -1.644872189 -0.019728746 -0.018143276 0.999640763 248.098800659
0.999798834 -0.001955717 0.019963613 -0.690892696 0.001597915 0.999838054 0.017922971 -1.641973972 -0.019995434 -0.017887464 0.999640048 248.829574585
0.999796450 -0.001065030 0.020150529 -0.679726124 0.000713873 0.999847829 0.017425863 -1.636588573 -0.020166025 -0.017407928 0.999645114 249.563888550
0.999789119 -0.001958304 0.020443020 -0.669417858 0.001641066 0.999878168 0.015523430 -1.628621340 -0.020470925 -0.015486607 0.999670506 250.320175171
0.999765038 -0.005915270 0.020857388 -0.649354935 0.005628997 0.999889493 0.013757344 -1.638864994 -0.020936459 -0.013636702 0.999687850 251.070892334
0.999748111 -0.007776625 0.021055002 -0.631392002 0.007512901 0.999892771 0.012575647 -1.652644157 -0.021150537 -0.012414295 0.999699295 251.831329346
0.999741137 -0.006699577 0.021747356 -0.616205215 0.006344967 0.999846458 0.016334172 -1.654807091 -0.021853449 -0.016191954 0.999630034 252.609924316
0.999747753 -0.002035951 0.022363888 -0.614643574 0.001533366 0.999746382 0.022467261 -1.642867088 -0.022403961 -0.022427302 0.999497414 253.382202148
0.999726117 -0.003545955 0.023129344 -0.595387936 0.002928524 0.999639869 0.026674181 -1.638142109 -0.023215599 -0.026599139 0.999376595 254.168975830
0.999664307 -0.005190350 0.025379818 -0.571968079 0.004557416 0.999678671 0.024933010 -1.639534950 -0.025501074 -0.024808973 0.999366879 254.965606689
0.999568462 -0.003193636 0.029198235 -0.560234547 0.002655534 0.999826252 0.018449485 -1.637100697 -0.029252086 -0.018363982 0.999403358 255.761718750
0.999430060 -0.000550520 0.033752933 -0.549172401 0.000063782 0.999896049 0.014419982 -1.626458168 -0.033757351 -0.014409611 0.999326169 256.577026367
0.999332845 0.000754006 0.036512852 -0.523166656 -0.001301108 0.999887228 0.014962372 -1.629911184 -0.036497440 -0.014999896 0.999221146 257.395507812
0.999209106 -0.000767184 0.039757177 -0.493578911 0.000081507 0.999851346 0.017245378 -1.625990868 -0.039764490 -0.017228495 0.999060512 258.224426270
0.999077857 -0.004256406 0.042724013 -0.451519012 0.003373296 0.999779582 0.020720975 -1.627724648 -0.042802796 -0.020557744 0.998872101 259.057922363
0.998935521 -0.006866764 0.045614552 -0.414135933 0.005838996 0.999726951 0.022626741 -1.626988411 -0.045757469 -0.022336312 0.998702824 259.893096924
0.998776197 -0.007111403 0.048945151 -0.371944427 0.005975566 0.999710321 0.023313668 -1.628601551 -0.049096767 -0.022992661 0.998529255 260.742187500
0.998670578 -0.004642194 0.051338285 -0.337726593 0.003558049 0.999769211 0.021188954 -1.622607231 -0.051424798 -0.020978119 0.998456538 261.568634033
0.998545647 -0.003967421 0.053767536 -0.299592972 0.002956229 0.999817550 0.018873235 -1.621580124 -0.053832609 -0.018686840 0.998375118 262.403198242
0.998411179 -0.003335985 0.056249376 -0.256924629 0.002290120 0.999823630 0.018647566 -1.621246338 -0.056301657 -0.018489122 0.998242617 263.252105713
0.998257816 -0.002707976 0.058940001 -0.209206581 0.001489200 0.999784410 0.020712350 -1.624178886 -0.058983382 -0.020588491 0.998046696 264.085845947
0.998055518 -0.002229593 0.062290989 -0.172311783 0.000812347 0.999740422 0.022768077 -1.615717888 -0.062325586 -0.022673205 0.997798383 264.936431885
0.997886002 -0.001158429 0.064978682 -0.119380951 -0.000324268 0.999740005 0.022803009 -1.615835190 -0.064988203 -0.022775874 0.997626066 265.775360107
0.997707188 -0.001376833 0.067663364 -0.067033768 -0.000135325 0.999750435 0.022338584 -1.611644745 -0.067677222 -0.022296533 0.997458100 266.615356445
0.997522473 -0.002959888 0.070286646 -0.006958008 0.001407357 0.999754071 0.022127815 -1.611254692 -0.070334844 -0.021974077 0.997281373 267.471069336
0.997366250 -0.005791623 0.072298013 0.053016663 0.004160541 0.999733806 0.022690792 -1.608581543 -0.072410181 -0.022330232 0.997124910 268.307708740
0.997299671 -0.007450712 0.073060974 0.113977432 0.005775353 0.999716043 0.023115471 -1.608385563 -0.073212460 -0.022631096 0.997059584 269.163635254
0.997263789 -0.008002875 0.073491827 0.171037674 0.006316843 0.999712110 0.023145601 -1.601548195 -0.073655903 -0.022618031 0.997027278 270.002929688
0.997226894 -0.008203703 0.073968291 0.225162506 0.006488698 0.999705076 0.023396267 -1.598579884 -0.074138410 -0.022851426 0.996986151 270.854919434
0.997233808 -0.008356396 0.073856249 0.284322739 0.006607657 0.999692738 0.023890279 -1.589052677 -0.074033186 -0.023336183 0.996982694 271.724121094
0.997280359 -0.007896567 0.073276222 0.338628769 0.006111746 0.999679923 0.024549773 -1.586540699 -0.073446631 -0.024035165 0.997009456 272.566131592
0.997364342 -0.007581882 0.072157986 0.399539948 0.005872114 0.999697626 0.023877485 -1.595717430 -0.072317198 -0.023390833 0.997107387 273.431243896
0.997489810 -0.007633648 0.070397541 0.457784653 0.006024868 0.999716461 0.023036862 -1.590260029 -0.070553429 -0.022554897 0.997253120 274.282043457
0.997591436 -0.006800637 0.069029666 0.509971619 0.005279242 0.999739587 0.022198269 -1.585707664 -0.069162667 -0.021780374 0.997367680 275.128295898
0.997698307 -0.006076944 0.067536466 0.561948776 0.004588174 0.999743462 0.022177231 -1.581035137 -0.067653909 -0.021816313 0.997470379 275.995483398
0.997838914 -0.004876722 0.065526806 0.606681824 0.003444132 0.999752879 0.021957865 -1.579552174 -0.065617703 -0.021684727 0.997609198 276.853759766
0.997975945 -0.004433151 0.063438348 0.654905319 0.003019131 0.999745190 0.022368222 -1.582976818 -0.063521355 -0.022131417 0.997735143 277.708709717
0.998162568 -0.004273651 0.060443010 0.699518204 0.002832429 0.999709964 0.023909932 -1.581733227 -0.060527679 -0.023694796 0.997885287 278.550201416
0.998377562 -0.005617946 0.056664217 0.747037888 0.004131249 0.999644995 0.026320063 -1.580656052 -0.056791976 -0.026043266 0.998046279 279.392944336
0.998635113 -0.007275911 0.051720224 0.788548470 0.005813269 0.999580383 0.028374292 -1.576853275 -0.051904969 -0.028034899 0.998258591 280.237640381
0.998874187 -0.007350987 0.046866629 0.825262070 0.005964910 0.999542534 0.029646529 -1.575757027 -0.047063135 -0.029333597 0.998461127 281.070831299
0.999091327 -0.007948043 0.041873440 0.852446556 0.006673885 0.999512911 0.030481223 -1.568558693 -0.042095315 -0.030174067 0.998657882 281.906250000
0.999270976 -0.008225597 0.037280168 0.876241684 0.007066522 0.999490798 0.031116772 -1.562014580 -0.037517138 -0.030830650 0.998820305 282.711303711
0.999414921 -0.009689429 0.032801356 0.898690224 0.008660281 0.999470234 0.031373136 -1.554516792 -0.033087976 -0.031070709 0.998969376 283.504241943
0.999541998 -0.009531627 0.028719712 0.916776180 0.008633341 0.999474585 0.031240953 -1.554365158 -0.029002400 -0.030978696 0.999099255 284.297698975
0.999649882 -0.009379698 0.024738086 0.925941944 0.008604821 0.999474764 0.031245766 -1.546058655 -0.025018170 -0.031021958 0.999205589 285.061523438
0.999741197 -0.008839051 0.020963665 0.934627056 0.008183574 0.999481320 0.031149508 -1.538913727 -0.021228129 -0.030969888 0.999294877 285.817016602
