1.000000000 0.000000000 0.000000000 0.000000000 0.000000000 1.000000000 0.000000000 0.000000000 0.000000000 0.000000000 1.000000000 0.000000000
0.999979615 0.000592886 -0.006356976 -0.007801688 -0.000592155 0.999999821 0.000116894 -0.006953387 0.006357044 -0.000113127 0.999979794 0.090272658
0.999909818 0.001148534 -0.013382315 -0.019422196 -0.001137558 0.999998987 0.000827721 0.000372314 0.013383253 -0.000812423 0.999910116 0.182480216
0.999782026 0.000638748 -0.020869106 -0.028409861 -0.000636012 0.999999762 0.000137759 -0.000776128 0.020869190 -0.000124456 0.999782205 0.285031140
0.999544859 0.001299615 -0.030140270 -0.044209797 -0.001335976 0.999998391 -0.001186308 0.001266057 0.030138679 0.001226035 0.999544978 0.396295577
0.999148130 0.001804196 -0.041228510 -0.062581971 -0.001905092 0.999995291 -0.002408095 0.002101752 0.041223969 0.002484587 0.999146819 0.507374883
0.998500407 0.001124247 -0.054732230 -0.081479900 -0.001326595 0.999992430 -0.003660875 0.004377749 0.054727696 0.003727993 0.998494387 0.639931738
0.997478545 0.001150228 -0.070959717 -0.111241847 -0.001406618 0.999992669 -0.003563318 0.005746260 0.070955098 0.003654146 0.997472823 0.774310648
0.995991647 -0.000465559 -0.089445338 -0.141196862 0.000150413 0.999993742 -0.003530051 0.007897470 0.089446425 0.003502447 0.995985448 0.925669491
0.994000196 -0.001448649 -0.109368823 -0.173694596 0.001029833 0.999991894 -0.003885775 0.002968486 0.109373569 0.003749829 0.993993640 1.093368411
0.991299748 -0.001556715 -0.131613865 -0.220403194 0.001076228 0.999992490 -0.003721788 0.001487417 0.131618693 0.003547761 0.991294086 1.255176544
0.987809956 0.001973638 -0.155651659 -0.284638494 -0.002739347 0.999985158 -0.004705029 -0.012126108 0.155640081 0.005074058 0.987800777 1.430186272
0.983465791 0.005625882 -0.181005806 -0.352938920 -0.007015688 0.999950647 -0.007038921 -0.009490584 0.180957288 0.008192419 0.983456850 1.607523084
0.978088558 0.007808133 -0.208042502 -0.419722974 -0.009553327 0.999927044 -0.007385205 -0.011507670 0.207969695 0.009210885 0.978091955 1.786811352
0.971442103 0.009238405 -0.237096518 -0.500825107 -0.011385863 0.999905586 -0.007689583 -0.015003175 0.237003103 0.010169534 0.971455634 1.982746005
0.963289022 0.011058571 -0.268238693 -0.581351697 -0.013607598 0.999878168 -0.007645514 -0.014378956 0.268121511 0.011014924 0.963322163 2.162804365
0.954000652 0.012712219 -0.299534619 -0.692348659 -0.015502352 0.999855757 -0.006940333 -0.007649287 0.299403191 0.011264574 0.954060197 2.369258642
0.942743599 0.015128409 -0.333175063 -0.802541137 -0.017943211 0.999824703 -0.005372828 -0.017610978 0.333035320 0.011043432 0.942849696 2.562472343
0.930125356 0.016924025 -0.366852045 -0.901102185 -0.020292321 0.999779940 -0.005326665 -0.019047422 0.366681159 0.012398745 0.930264056 2.744256973
0.916492283 0.019538309 -0.399574935 -1.048403859 -0.023339944 0.999716818 -0.004650196 -0.020403711 0.399370939 0.013587925 0.916688800 2.945077419
0.900549889 0.020619616 -0.434263140 -1.174329400 -0.024696287 0.999688029 -0.003746715 -0.014456027 0.434050351 0.014098792 0.900778353 3.134481192
0.882178664 0.016224137 -0.470635355 -1.301891923 -0.020845514 0.999772131 -0.004608723 -0.015988475 0.470453322 0.013876353 0.882315814 3.313815594
0.861221611 0.012428977 -0.508077621 -1.461536884 -0.017589163 0.999830961 -0.005356045 -0.020031584 0.507925153 0.013549399 0.861294687 3.523562193
0.836464703 0.014047673 -0.547840655 -1.620092154 -0.018353274 0.999828756 -0.002384998 -0.037681058 0.547713339 0.012049635 0.836579323 3.690953970
0.807985902 0.019220574 -0.588888288 -1.831319809 -0.023027010 0.999734223 0.001035793 -0.030088533 0.588751733 0.012723430 0.808213770 3.872961998
0.775845468 0.022538247 -0.630520344 -2.040495634 -0.026375746 0.999646664 0.003277895 -0.036837649 0.630371511 0.014087307 0.776165724 4.037340164
0.740192652 0.022000251 -0.672034919 -2.227335691 -0.026245179 0.999648273 0.003818290 -0.032165378 0.671882570 0.014811407 0.740509629 4.179585457
0.701140642 0.018397737 -0.712785661 -2.480807781 -0.021576149 0.999756694 0.004581111 -0.036773592 0.712696493 0.012167166 0.701366901 4.364757538
0.658990681 0.015462862 -0.751992285 -2.714272738 -0.017142894 0.999837697 0.005536427 -0.039119110 0.751955867 0.009242869 0.659148693 4.516550064
0.614610195 0.015522981 -0.788678110 -2.955709934 -0.015188546 0.999853909 0.007843094 -0.043095067 0.788684785 0.007158430 0.614756286 4.641150951
0.567203283 0.015761180 -0.823426962 -3.264182568 -0.013114674 0.999863029 0.010104518 -0.037341468 0.823473573 0.005067660 0.567332268 4.803989887
0.516598523 0.016739167 -0.856064141 -3.562411785 -0.011633219 0.999853849 0.012530623 -0.043607600 0.856148779 0.003485479 0.516717792 4.922166824
0.464251429 0.018030059 -0.885519862 -3.849144459 -0.011196586 0.999832273 0.014487541 -0.032159217 0.885632694 0.003188941 0.464375377 5.005926132
0.409985781 0.020528359 -0.911860883 -4.218904495 -0.010667702 0.999786258 0.017711435 -0.033615693 0.912029505 0.002466027 0.410117090 5.123157501
0.355298817 0.021845121 -0.934497476 -4.531631947 -0.009952983 0.999758542 0.019586533 -0.028494783 0.934699774 0.002341967 0.355430454 5.172528744
0.300110996 0.024886286 -0.953579605 -4.937349796 -0.008706686 0.999689400 0.023349479 -0.024549991 0.953864515 0.001295084 0.300234437 5.258078098
0.246427685 0.026700500 -0.968793273 -5.315755844 -0.004242901 0.999640524 0.026471421 -0.024066359 0.969151914 -0.002412796 0.246452421 5.312737942
0.195958689 0.027415318 -0.980228782 -5.680576801 -0.002460007 0.999619722 0.027465867 -0.026476428 0.980609000 -0.002970805 0.195951611 5.331099510
0.148126632 0.028057048 -0.988570273 -6.121332169 -0.003124972 0.999605834 0.027902003 -0.011904970 0.988963485 -0.001043775 0.148155928 5.361708164
0.105977803 0.028174313 -0.993969262 -6.533177853 -0.005111931 0.999600828 0.027788898 0.002095476 0.994355321 0.002136096 0.106079526 5.357959747
0.067309603 0.027214324 -0.997360885 -7.007335663 -0.006335704 0.999619365 0.026848368 0.014356449 0.997711957 0.004511831 0.067456424 5.359308720
0.032807931 0.025072709 -0.999147117 -7.462286949 -0.005472600 0.999674737 0.024906257 0.023636743 0.999446750 0.004650810 0.032934487 5.348639011
0.001484323 0.023125274 -0.999731481 -7.919427395 -0.005378813 0.999718308 0.023116983 0.029085129 0.999984443 0.005343056 0.001608291 5.319540977
-0.025427992 0.021161165 -0.999452651 -8.418580055 -0.005597769 0.999757230 0.021310031 0.029481411 0.999660969 0.006136577 -0.025303364 5.284465790
-0.046505809 0.019478772 -0.998728037 -8.913649559 -0.005744591 0.999788105 0.019766944 0.039245501 0.998901427 0.006656563 -0.046384055 5.239753246
-0.063114032 0.018193353 -0.997840464 -9.466379166 -0.004774698 0.999816954 0.018531390 0.044860020 0.997994959 0.005933978 -0.063015603 5.198869228
-0.076455809 0.018795347 -0.996895850 -9.999867439 -0.005239188 0.999800920 0.019251935 0.053843573 0.997059286 0.006694847 -0.076342121 5.143169880
-0.086171858 0.019691985 -0.996085584 -10.553084373 -0.005241472 0.999781847 0.020218497 0.056325346 0.996266484 0.006963221 -0.086049855 5.086940289
-0.093101367 0.020574246 -0.995444000 -11.132204056 -0.005901278 0.999757528 0.021215329 0.059139684 0.995639145 0.007849567 -0.092957385 5.020419598
-0.097477876 0.021482809 -0.995005786 -11.727886200 -0.007036111 0.999727130 0.022274053 0.063407570 0.995212793 0.009172197 -0.097300150 4.948170662
-0.099196009 0.022153014 -0.994821310 -12.342990875 -0.005593980 0.999723971 0.022819977 0.066973776 0.995052159 0.007828661 -0.099044710 4.886952877
-0.098282136 0.024234403 -0.994863451 -12.963649750 -0.002363713 0.999694943 0.024585610 0.066646054 0.995155752 0.004767896 -0.098194867 4.833506584
-0.097029470 0.025965361 -0.994942725 -13.602738380 -0.001921403 0.999652803 0.026275666 0.070342779 0.995279670 0.004461199 -0.096945904 4.770251274
-0.095110223 0.025759503 -0.995133340 -14.256351471 -0.002867843 0.999653876 0.026150616 0.082218766 0.995462537 0.005341079 -0.095003434 4.700441837
-0.093253858 0.024309859 -0.995345533 -14.917512894 -0.003527909 0.999687433 0.024746438 0.062322229 0.995636046 0.005819189 -0.093138963 4.632618904
-0.091943428 0.024640206 -0.995459318 -15.598540306 -0.002032464 0.999687076 0.024932580 0.072372466 0.995762169 0.004315623 -0.091864578 4.563880920
-0.090191111 0.027247941 -0.995551586 -16.301834106 -0.001772609 0.999619603 0.027519871 0.078310221 0.995922863 0.004246772 -0.090108521 4.496042252
-0.088597760 0.029590968 -0.995627820 -17.023756027 -0.004374505 0.999537408 0.030096438 0.108851582 0.996057868 0.007021857 -0.088427350 4.433030128
-0.086613625 0.031671334 -0.995738387 -17.740299225 -0.004214307 0.999473810 0.032156732 0.124015152 0.996233046 0.006981558 -0.086434595 4.369787693
-0.084805079 0.031934917 -0.995885611 -18.492202759 -0.005661179 0.999454618 0.032531444 0.137411088 0.996381462 0.008396721 -0.084578045 4.295886993
-0.083134182 0.029215757 -0.996109962 -19.259325027 -0.007305834 0.999525368 0.029925670 0.138410687 0.996511579 0.009765260 -0.082881287 4.225381851
-0.081623770 0.029030718 -0.996240318 -20.011602402 -0.008483456 0.999519229 0.029821327 0.145052344 0.996627092 0.010885690 -0.081338249 4.159019470
-0.080154963 0.030321341 -0.996321142 -20.796741486 -0.006243969 0.999502301 0.030920489 0.168290615 0.996762812 0.008699430 -0.079925746 4.095787048
-0.078914687 0.032975659 -0.996335804 -21.580890656 -0.005529419 0.999422848 0.033515789 0.184926093 0.996865928 0.008154049 -0.078686826 4.029808521
-0.077593029 0.033680156 -0.996416032 -22.392173767 -0.003246735 0.999415398 0.034034368 0.201501667 0.996979833 0.005875929 -0.077438332 3.962957382
-0.076847568 0.029953454 -0.996592820 -23.200807571 -0.003882088 0.999532044 0.030341135 0.208996773 0.997035325 0.006200504 -0.076695345 3.895104885
-0.076580621 0.023428122 -0.996788085 -24.007369995 -0.004398659 0.999706149 0.023834642 0.212960929 0.997053742 0.006209802 -0.076455094 3.833577394
-0.076885819 0.019271065 -0.996853590 -24.821397781 -0.003175088 0.999803305 0.019572973 0.226024061 0.997034848 0.004669981 -0.076809503 3.768969774
-0.077208266 0.020772066 -0.996798575 -25.639980316 -0.004279757 0.999766827 0.021165416 0.237821668 0.997005820 0.005900201 -0.077101365 3.696456909
-0.077403679 0.026954744 -0.996635377 -26.491466522 -0.002722352 0.999624968 0.027247036 0.255025446 0.996996164 0.004822212 -0.077301279 3.632332802
-0.077516198 0.033684637 -0.996421814 -27.332302094 -0.002570270 0.999418974 0.033985913 0.260887563 0.996987760 0.005195531 -0.077384591 3.554089069
-0.078068927 0.038606521 -0.996200144 -28.173389435 -0.002912506 0.999236822 0.038952447 0.276091456 0.996943831 0.005942414 -0.077896893 3.481874466
-0.078367792 0.038856007 -0.996166945 -29.018850327 -0.005685887 0.999206483 0.039421864 0.299380302 0.996908307 0.008753500 -0.078084685 3.411450386
-0.078796417 0.036547624 -0.996220469 -29.843912125 -0.006107789 0.999291241 0.037143376 0.314851701 0.996872067 0.009011470 -0.078517355 3.339307785
-0.079046503 0.034734569 -0.996265650 -30.675987244 -0.005724244 0.999360502 0.035296649 0.317276180 0.996854484 0.008492946 -0.078797139 3.265793562
-0.079212435 0.034979306 -0.996244013 -31.513286591 -0.006079169 0.999348640 0.035571683 0.341851771 0.996839225 0.008874056 -0.078948200 3.189327002
-0.079121001 0.036562055 -0.996194363 -32.350646973 -0.006357945 0.999288380 0.037180573 0.365899086 0.996844709 0.009275516 -0.078832246 3.118871927
-0.079226457 0.035568781 -0.996221960 -33.191589355 -0.007392586 0.999314785 0.036267120 0.380254090 0.996829152 0.010237973 -0.078909241 3.038238049
-0.078650504 0.031520825 -0.996403813 -34.008491516 -0.008290622 0.999444783 0.032271430 0.392114937 0.996867776 0.010798975 -0.078345507 2.968058825
-0.078408584 0.028115302 -0.996524751 -34.844078064 -0.009651974 0.999534011 0.028959636 0.392212808 0.996874571 0.011889116 -0.078100681 2.894497156
-0.077955492 0.028458847 -0.996550560 -35.663196564 -0.009759939 0.999522865 0.029307198 0.397395909 0.996909082 0.012010931 -0.077640533 2.825405121
-0.077369660 0.030291375 -0.996542215 -36.504875183 -0.009964946 0.999464989 0.031153871 0.419762433 0.996952593 0.012340854 -0.077026404 2.761681795
-0.077009931 0.035310611 -0.996404827 -37.337783813 -0.010183092 0.999292612 0.036199983 0.427466929 0.996978343 0.012934240 -0.076595910 2.688018084
-0.076493070 0.040227991 -0.996258199 -38.169891357 -0.007528076 0.999134004 0.040922124 0.448506832 0.997041762 0.010630168 -0.076123998 2.625381231
-0.076339804 0.043099724 -0.996149838 -39.018043518 -0.006168825 0.999025702 0.043696903 0.444041133 0.997062862 0.009480887 -0.075999573 2.552998543
-0.076306105 0.042782161 -0.996166110 -39.838157654 -0.006567804 0.999035776 0.043408502 0.471191406 0.997062862 0.009854957 -0.075951569 2.488434076
-0.075808242 0.040226340 -0.996310651 -40.664371490 -0.006694297 0.999142826 0.040850058 0.493169546 0.997099936 0.009766367 -0.075473987 2.422394037
-0.075346969 0.035789859 -0.996514916 -41.492713928 -0.008404012 0.999297321 0.036525220 0.508543551 0.997121990 0.011126789 -0.074993253 2.351052046
-0.075155258 0.033055607 -0.996623814 -42.309539795 -0.010067273 0.999374330 0.033906005 0.529732645 0.997121096 0.012581498 -0.074775465 2.277078867
-0.075723208 0.030834356 -0.996652067 -43.154422760 -0.014418445 0.999383390 0.032014336 0.545805275 0.997024715 0.016794402 -0.075231925 2.196920633
-0.076509327 0.029342877 -0.996636987 -43.974929810 -0.011503774 0.999474347 0.030309530 0.557538986 0.997002482 0.013784048 -0.076131560 2.133524418
-0.077219553 0.026523646 -0.996661186 -44.792842865 -0.007702880 0.999600351 0.027198670 0.549990296 0.996984363 0.009777430 -0.076984391 2.067764044
-0.078492008 0.024750296 -0.996607423 -45.619781494 -0.007324081 0.999650419 0.025402706 0.576988578 0.996887863 0.009293143 -0.078283295 2.005558491
-0.080007814 0.027885422 -0.996404111 -46.439567566 -0.004506417 0.999588430 0.028336380 0.575385690 0.996784031 0.006757344 -0.079849213 1.935601950
-0.081977472 0.032860689 -0.996092319 -47.264350891 -0.002428808 0.999446869 0.033171233 0.588642418 0.996631205 0.005138611 -0.081852295 1.858144760
-0.083616965 0.036157776 -0.995841682 -48.087131500 -0.000577824 0.999339640 0.036333289 0.612228513 0.996497810 0.003613502 -0.083540849 1.786938190
-0.085262850 0.036480784 -0.995690346 -48.876327515 -0.001326227 0.999324501 0.036727495 0.617559075 0.996357560 0.004452004 -0.085156873 1.716098309
-0.086457975 0.033178318 -0.995702803 -49.683879852 -0.003821307 0.999426901 0.033634212 0.628878593 0.996248186 0.006712832 -0.086281650 1.637928963
-0.087688550 0.029514488 -0.995710552 -50.483364105 -0.009296151 0.999493182 0.030445283 0.638794005 0.996104538 0.011925980 -0.087369755 1.552006721
-0.088895924 0.027745781 -0.995654345 -51.272922516 -0.013810796 0.999481499 0.029085513 0.661365330 0.995945156 0.016336367 -0.088466637 1.465025425
-0.089974642 0.029257145 -0.995514214 -52.067703247 -0.013230613 0.999445021 0.030568454 0.660604596 0.995856166 0.015921649 -0.089537628 1.385210037
-0.090987980 0.029572407 -0.995412767 -52.856407166 -0.013257188 0.999434412 0.030903688 0.670261383 0.995763719 0.016008239 -0.090544477 1.308797359
-0.092067704 0.029814538 -0.995306253 -53.644302368 -0.014537394 0.999404788 0.031282041 0.676121175 0.995646596 0.017349230 -0.091579482 1.225646496
-0.092494741 0.029859517 -0.995265365 -54.422851562 -0.014826685 0.999398053 0.031361431 0.679330945 0.995602787 0.017657256 -0.091996357 1.141310692
-0.092841797 0.031414680 -0.995185196 -55.197711945 -0.014629194 0.999351144 0.032910962 0.687838793 0.995573401 0.017614268 -0.092321992 1.059584618
-0.093182184 0.034031551 -0.995067358 -55.969718933 -0.013616335 0.999278545 0.035450678 0.694214344 0.995555997 0.016852543 -0.092651598 0.984955311
-0.093171030 0.037967220 -0.994926035 -56.730960846 -0.013325879 0.999135494 0.039375782 0.712180495 0.995560944 0.016926946 -0.092584558 0.912415028
-0.093839735 0.039994925 -0.994783640 -57.507713318 -0.012617874 0.999064744 0.041357312 0.729341030 0.995507360 0.016433014 -0.093247317 0.829596043
-0.094332211 0.040129088 -0.994731665 -58.262527466 -0.012304626 0.999064028 0.041470736 0.743771791 0.995464802 0.016151827 -0.093750127 0.752347946
-0.094630353 0.039205547 -0.994740129 -58.989154816 -0.010957747 0.999122679 0.040420692 0.745700955 0.995452166 0.014725135 -0.094117716 0.679866791
-0.094821557 0.036043931 -0.994841576 -59.736202240 -0.012087927 0.999228954 0.037355028 0.765957355 0.995420873 0.015567634 -0.094312742 0.600482941
-0.094561420 0.033588212 -0.994952261 -60.446018219 -0.011456261 0.999327898 0.034824725 0.771237016 0.995453119 0.014691508 -0.094113059 0.527374268
-0.093212277 0.031607199 -0.995144486 -61.157299042 -0.011657911 0.999392867 0.032834087 0.780369401 0.995577991 0.014661844 -0.092787214 0.456916809
-0.091011755 0.030460509 -0.995383918 -61.846366882 -0.013397170 0.999404192 0.031808481 0.794824481 0.995759726 0.016230274 -0.090549447 0.387193203
-0.086764306 0.031424176 -0.995733202 -62.517772675 -0.012761734 0.999385238 0.032651439 0.798763990 0.996147096 0.015540261 -0.086309947 0.323755264
-0.081085406 0.033053316 -0.996159017 -63.182861328 -0.013661992 0.999319196 0.034270234 0.810616970 0.996613443 0.016388331 -0.080578625 0.268599033
-0.073828951 0.033837341 -0.996696711 -63.832122803 -0.013384526 0.999300599 0.034917179 0.815371037 0.997181118 0.015918212 -0.073324412 0.222337723
-0.064822681 0.035078693 -0.997280121 -64.476570129 -0.014832732 0.999237716 0.036111675 0.833155990 0.997786641 0.017133243 -0.064252943 0.171309948
-0.053220183 0.036316145 -0.997922182 -65.098449707 -0.016497878 0.999170184 0.037241399 0.834859729 0.998446584 0.018445598 -0.052576870 0.135508537
-0.038351506 0.037882160 -0.998546064 -65.691001892 -0.018057672 0.999091804 0.038596410 0.842573047 0.999101222 0.019511649 -0.037632596 0.122070551
-0.019849624 0.039898314 -0.999006569 -66.278129578 -0.020359330 0.998980045 0.040301781 0.859315991 0.999595642 0.021139080 -0.019017071 0.115033507
0.001745849 0.040219959 -0.999189317 -66.843894958 -0.021159600 0.998968601 0.040174104 0.880977869 0.999774575 0.021072308 0.002595087 0.123528868
0.027474064 0.040458888 -0.998803377 -67.388572693 -0.020717870 0.998988926 0.039896522 0.886400104 0.999407709 0.019596955 0.028284512 0.149489403
0.056277242 0.040525202 -0.997592390 -67.902656555 -0.020358732 0.999014676 0.039434485 0.897331715 0.998207629 0.018090449 0.057046831 0.200460911
0.090732895 0.040147744 -0.995065689 -68.401756287 -0.019172333 0.999072313 0.038561214 0.909317017 0.995690703 0.015578953 0.091418445 0.256655216
0.127871364 0.040025096 -0.990982771 -68.874496460 -0.018167492 0.999112189 0.038009208 0.921524763 0.991624296 0.013143379 0.128485009 0.346419334
0.167734146 0.040212244 -0.985011816 -69.331985474 -0.018642493 0.999118388 0.037613574 0.929527402 0.985655904 0.012053989 0.168335930 0.458666801
0.213282749 0.040315736 -0.976158321 -69.782356262 -0.017091243 0.999149323 0.037530970 0.932663918 0.976841033 0.008679049 0.213790387 0.576013565
0.259753138 0.038864523 -0.964892685 -70.206909180 -0.014375788 0.999234736 0.036377743 0.951839924 0.965568185 0.004421859 0.260113060 0.748525620
0.310396314 0.034701616 -0.949973643 -70.621826172 -0.007978726 0.999393463 0.033899881 0.962041974 0.950573742 -0.002942820 0.310484946 0.918626785
0.360212743 0.029929852 -0.932389915 -71.018318176 -0.003381299 0.999520659 0.030778443 0.963627458 0.932863951 -0.007934101 0.360141277 1.146800995
0.412797719 0.026029957 -0.910450697 -71.395484924 0.001358379 0.999572933 0.029193861 0.976274192 0.910821617 -0.013287898 0.412586093 1.352577209
0.462250561 0.024591688 -0.886408329 -71.762435913 0.001242651 0.999596417 0.028379906 0.993155062 0.886748433 -0.014220123 0.462033480 1.623586655
0.510842264 0.023065941 -0.859364986 -72.117431641 0.002303041 0.999599695 0.028198959 1.005682230 0.859671414 -0.016384372 0.510584593 1.863521576
0.556059420 0.019336011 -0.830917656 -72.455802917 0.009833257 0.999506354 0.029839706 1.012418628 0.831084549 -0.024763271 0.555594623 2.135154724
0.599301636 0.013274099 -0.800413311 -72.765975952 0.018736338 0.999356091 0.030602023 1.004348755 0.800304115 -0.033336654 0.598666906 2.465309143
0.641752839 0.007842135 -0.766871512 -73.062500000 0.021903491 0.999352396 0.028549356 0.999987483 0.766598463 -0.035118792 0.641165614 2.751201630
0.682490766 0.003387737 -0.730886400 -73.350814819 0.018794809 0.999577284 0.022183459 1.014760971 0.730652452 -0.028876880 0.682138562 3.080360413
0.723191381 -0.002223642 -0.690644145 -73.623725891 0.015228207 0.999803066 0.012726823 1.009397984 0.690479696 -0.019721199 0.723082840 3.386058807
0.762128413 -0.005080399 -0.647405982 -73.885726929 0.010859138 0.999928772 0.004936655 1.014851928 0.647334695 -0.010792636 0.762129188 3.776020050
0.799178720 -0.006129310 -0.601062119 -74.133483887 0.009594991 0.999950647 0.002560641 1.015104890 0.601016760 -0.007813595 0.799198091 4.148704529
0.833315969 -0.007992072 -0.552739382 -74.369636536 0.010036752 0.999949336 0.000673223 1.025691867 0.552706003 -0.006108714 0.833353817 4.568683624
0.863991261 -0.007109473 -0.503456771 -74.596832275 0.007230596 0.999972343 -0.001712375 1.019431949 0.503455043 -0.002160816 0.864018738 5.040752411
0.890017509 -0.005647418 -0.455891460 -74.792335510 0.006238612 0.999980509 -0.000208019 0.999053776 0.455883682 -0.002658989 0.890035391 5.498376846
0.911521077 -0.000775786 -0.411252975 -75.007865906 0.000890696 0.999999583 0.000087786 1.001082301 0.411252737 -0.000446320 0.911521316 6.011960983
0.929226160 0.003456221 -0.369495422 -75.192451477 -0.004329129 0.999989450 -0.001533322 1.010682106 0.369486183 0.003024396 0.929231286 6.502378464
0.942912638 0.006662454 -0.332973808 -75.369979858 -0.006980860 0.999975622 0.000240113 1.002431035 0.332967281 0.002098037 0.942936122 7.048303604
0.953154802 0.008097743 -0.302374661 -75.533843994 -0.008021564 0.999966681 0.001493777 1.009948015 0.302376688 0.001001717 0.953188002 7.617057800
0.960591018 0.006898065 -0.277880311 -75.684967041 -0.006215776 0.999975085 0.003336231 0.993518531 0.277896404 -0.001477512 0.960609972 8.177015305
0.966562867 0.007045486 -0.256333023 -75.840011597 -0.005833997 0.999967933 0.005486357 0.993041039 0.256363392 -0.003807463 0.966573000 8.784887314
0.971171856 0.009613607 -0.238186598 -75.981246948 -0.008017685 0.999938369 0.007668209 0.992125452 0.238245651 -0.005537443 0.971189141 9.390930176
0.974794865 0.012948399 -0.222727343 -76.126991272 -0.011236361 0.999896705 0.008952280 0.987921953 0.222820267 -0.006223991 0.974839687 10.014177322
0.977793217 0.015305785 -0.209012777 -76.274398804 -0.013521448 0.999858856 0.009963242 1.005736113 0.209135786 -0.006915835 0.977862179 10.658696175
0.980483115 0.014221790 -0.196088180 -76.408142090 -0.012424272 0.999868751 0.010393973 0.994106531 0.196210250 -0.007754862 0.980531216 11.305520058
0.983121455 0.014220780 -0.182401031 -76.522277832 -0.012628268 0.999871314 0.009889361 0.991946816 0.182518184 -0.007419034 0.983174503 11.987650871
0.985728860 0.014887800 -0.167681172 -76.638549805 -0.013386392 0.999859571 0.010080772 0.993649840 0.167807743 -0.007692263 0.985789716 12.683885574
0.987951338 0.015747974 -0.153961420 -76.747650146 -0.014423224 0.999848723 0.009717688 1.002624512 0.154091209 -0.007379983 0.988029003 13.395475388
0.989900112 0.015770961 -0.140886322 -76.859718323 -0.014806945 0.999859214 0.007888217 1.013562441 0.140990913 -0.005722452 0.989994287 14.120833397
0.991366625 0.017251138 -0.129978836 -76.954330444 -0.016972795 0.999850690 0.003248922 1.011345387 0.130015463 -0.001014768 0.991511464 14.843144417
0.992642224 0.014489223 -0.120214254 -77.038925171 -0.014915709 0.999885321 -0.002648657 1.002088547 0.120162107 0.004422250 0.992744446 15.577659607
0.993623376 0.013837548 -0.111898370 -77.123474121 -0.014270460 0.999893486 -0.003068764 0.995483458 0.111844018 0.004646038 0.993714929 16.340072632
0.994320810 0.014873601 -0.105380394 -77.206405640 -0.014710367 0.999889076 0.002326102 0.988771617 0.105403326 -0.000762708 0.994429290 17.109920502
0.994783461 0.018497830 -0.100317933 -77.299903870 -0.017624518 0.999798715 0.009584819 0.997839391 0.100475058 -0.007766766 0.994909286 17.881023407
0.995210707 0.018735928 -0.095940374 -77.378295898 -0.017655700 0.999770939 0.012096003 0.993197083 0.096145041 -0.010344177 0.995313585 18.659950256
0.995543659 0.018538777 -0.092462324 -77.452758789 -0.017621744 0.999787152 0.010724562 0.980206370 0.092641473 -0.009047422 0.995658457 19.420106888
0.995807588 0.019708950 -0.089325704 -77.525909424 -0.018899234 0.999772370 0.009901606 0.984368622 0.089500532 -0.008171903 0.995953262 20.191566467
0.996073544 0.018300563 -0.086618260 -77.593826294 -0.017351944 0.999781132 0.011692083 0.980296910 0.086813278 -0.010143177 0.996173024 20.967710495
0.996347725 0.015147460 -0.084034912 -77.664207458 -0.013987984 0.999798954 0.014369227 0.987918377 0.084235683 -0.013141265 0.996359289 21.728839874
0.996654689 0.012817131 -0.080715433 -77.731445312 -0.011578074 0.999808133 0.015800307 0.973859072 0.080902465 -0.014812925 0.996611953 22.501741409
0.996868968 0.011942292 -0.078163318 -77.793670654 -0.010937952 0.999852180 0.013264815 0.959408522 0.078310177 -0.012368338 0.996852338 23.260828018
0.996967316 0.013731278 -0.076599456 -77.863777161 -0.013261440 0.999889970 0.006639001 0.960764766 0.076682195 -0.005603049 0.997039855 24.027427673
0.997077763 0.015399050 -0.074825518 -77.929016113 -0.015402326 0.999881089 0.000533272 0.942642629 0.074824840 0.000620774 0.997196496 24.779785156
0.997181714 0.015761884 -0.073349580 -77.995689392 -0.016162010 0.999857485 -0.004864723 0.931939244 0.073262438 0.006036490 0.997294426 25.530250549
0.997291684 0.017313613 -0.071481869 -78.051895142 -0.017585525 0.999840260 -0.003176342 0.918419421 0.071415447 0.004424786 0.997436821 26.295663834
0.997400105 0.020282404 -0.069149412 -78.110420227 -0.020297015 0.999793887 0.000491315 0.905265272 0.069145143 0.000913489 0.997606218 27.058160782
0.997472107 0.023789378 -0.066957727 -78.169837952 -0.023452125 0.999708056 0.005818428 0.891364336 0.067076594 -0.004233418 0.997738898 27.815837860
0.997693360 0.021306207 -0.064452581 -78.219734192 -0.020893341 0.999756694 0.007073093 0.878825307 0.064587608 -0.005710148 0.997895777 28.569095612
0.997817934 0.018836398 -0.063280791 -78.265426636 -0.018430142 0.999805748 0.006997523 0.874334753 0.063400306 -0.005815980 0.997971296 29.320922852
0.997901976 0.018378384 -0.062078260 -78.314987183 -0.017973889 0.999813616 0.007068034 0.855039001 0.062196575 -0.005937420 0.998046279 30.068416595
0.997935712 0.019798653 -0.061093237 -78.364494324 -0.019503215 0.999795139 0.005428446 0.845567405 0.061188187 -0.004225727 0.998117387 30.830329895
0.998040617 0.016689314 -0.060301945 -78.414611816 -0.016499499 0.999857247 0.003644329 0.852291286 0.060354147 -0.002642237 0.998173594 31.589281082
0.998090088 0.016884273 -0.059423104 -78.464836121 -0.016666226 0.999852359 0.004163241 0.835340679 0.059484620 -0.003164930 0.998224199 32.348411560
0.998069286 0.019856393 -0.058850806 -78.515655518 -0.019636482 0.999797881 0.004312771 0.831779718 0.058924541 -0.003148822 0.998257458 33.114257812
0.998070538 0.020089792 -0.058750305 -78.564178467 -0.019866716 0.999793053 0.004378697 0.823705018 0.058826111 -0.003203072 0.998263121 33.882453918
0.998014450 0.019082973 -0.060025323 -78.625724792 -0.018893601 0.999814570 0.003720824 0.813840985 0.060085200 -0.002579341 0.998189926 34.663314819
0.997903466 0.017844545 -0.062213525 -78.673545837 -0.017637663 0.999836922 0.003873044 0.796560168 0.062272500 -0.002767623 0.998055339 35.457778931
0.997712374 0.018223932 -0.065098017 -78.739028931 -0.018008845 0.999830246 0.003889299 0.784386277 0.065157838 -0.002708062 0.997871280 36.233711243
0.997435689 0.022789033 -0.067843527 -78.809425354 -0.022597618 0.999738216 0.003587618 0.775993884 0.067907527 -0.002045316 0.997689545 37.033081055
0.997221231 0.024404883 -0.070388034 -78.874443054 -0.024440395 0.999701083 0.000356910 0.778456092 0.070375711 0.001364393 0.997519553 37.828590393
0.997055173 0.024308817 -0.072732896 -78.941184998 -0.024651390 0.999688745 -0.003815935 0.770345449 0.072617501 0.005597665 0.997344136 38.625610352
0.996938109 0.023507450 -0.074578084 -79.012161255 -0.023957865 0.999699712 -0.005150462 0.760989428 0.074434601 0.006921423 0.997201860 39.448337555
0.996744394 0.024377648 -0.076852493 -79.080375671 -0.024798660 0.999682128 -0.004528470 0.738645852 0.076717675 0.006419567 0.997032166 40.270401001
0.996618688 0.022111138 -0.079133652 -79.153396606 -0.022462621 0.999741375 -0.003554145 0.709538400 0.079034582 0.005319676 0.996857822 41.108245850
0.996501088 0.021242522 -0.080834597 -79.221443176 -0.021468280 0.999767661 -0.001924683 0.678676367 0.080774941 0.003653327 0.996725738 41.941299438
0.996445537 0.019715915 -0.081899554 -79.296264648 -0.019670632 0.999805629 0.001359793 0.663602352 0.081910424 0.000256057 0.996639729 42.767822266
0.996365786 0.019586248 -0.082896814 -79.376869202 -0.019136634 0.999797583 0.006214918 0.662063479 0.083001748 -0.004605965 0.996538758 43.623229980
0.996425807 0.019584876 -0.082171388 -79.452690125 -0.019006345 0.999788940 0.007816907 0.645238876 0.082307130 -0.006227190 0.996587574 44.474628448
0.996585310 0.019743199 -0.080174617 -79.531135559 -0.019170636 0.999785006 0.007904965 0.638357997 0.080313459 -0.006340973 0.996749461 45.344684601
0.996698797 0.020925175 -0.078445107 -79.605247498 -0.020388799 0.999763012 0.007632400 0.635137022 0.078586221 -0.006007803 0.996889234 46.205177307
0.996887624 0.018362286 -0.076667331 -79.674392700 -0.018010596 0.999823928 0.005276141 0.623239994 0.076750711 -0.003878896 0.997042775 47.073783875
0.997063100 0.014889966 -0.075123280 -79.738967896 -0.014580282 0.999882817 0.004669080 0.604586303 0.075183988 -0.003560049 0.997163355 47.942867279
0.997223794 0.012943895 -0.073328078 -79.802467346 -0.012702547 0.999912262 0.003756746 0.596894205 0.073370263 -0.002814864 0.997300804 48.816440582
0.997339666 0.010081472 -0.072193369 -79.875961304 -0.009672537 0.999935091 0.006011786 0.582240701 0.072249301 -0.005297500 0.997372508 49.691490173
0.997409403 0.007895531 -0.071499221 -79.936630249 -0.007353726 0.999942243 0.007837836 0.570648909 0.071556985 -0.007291745 0.997409821 50.573856354
0.997483969 0.008164044 -0.070420653 -80.005599976 -0.007672701 0.999944329 0.007244956 0.556267798 0.070475899 -0.006686411 0.997491062 51.445838928
0.997521877 0.009744008 -0.069679357 -80.072784424 -0.009397049 0.999941826 0.005305432 0.539240479 0.069727004 -0.004637504 0.997555256 52.314025879
0.997527421 0.013437222 -0.068981968 -80.152755737 -0.013439007 0.999909580 0.000438212 0.529033244 0.068981625 0.000489919 0.997617722 53.180633545
0.997606456 0.014402284 -0.067630507 -80.216514587 -0.014712390 0.999883473 -0.004089434 0.510823607 0.067563727 0.005074650 0.997702062 54.034450531
0.997578740 0.019001339 -0.066898771 -80.295578003 -0.019689254 0.999759614 -0.009638602 0.488793492 0.066699542 0.010932452 0.997713208 54.883232117
0.997636974 0.019653032 -0.065834641 -80.355323792 -0.020393701 0.999735832 -0.010597281 0.453477979 0.065609008 0.011914853 0.997774243 55.731410980
0.997693121 0.017348634 -0.065631181 -80.415138245 -0.017742200 0.999827921 -0.005418439 0.431616485 0.065525889 0.006570383 0.997829199 56.594829559
0.997679591 0.015795207 -0.066225499 -80.478744507 -0.015600497 0.999872327 0.003456286 0.407695800 0.066271655 -0.002415116 0.997798622 57.454795837
0.997636497 0.013459696 -0.067381293 -80.539062500 -0.012958566 0.999885082 0.007868786 0.406491697 0.067479476 -0.006977024 0.997696221 58.314949036
0.997503579 0.011676404 -0.069644324 -80.599624634 -0.011113507 0.999902427 0.008464475 0.389046848 0.069736384 -0.007669350 0.997536004 59.150028229
0.997388422 0.006724027 -0.071909316 -80.655258179 -0.006403699 0.999968529 0.004684221 0.373831064 0.071938552 -0.004211504 0.997400105 59.987747192
0.997198105 0.006558073 -0.074517004 -80.720565796 -0.006301137 0.999973357 0.003682594 0.365417808 0.074539177 -0.003202734 0.997212946 60.812587738
0.996961474 0.009020552 -0.077371232 -80.790863037 -0.008949906 0.999959230 0.001259777 0.347377211 0.077379435 -0.000563485 0.997001529 61.641418457
0.996691644 0.011045889 -0.080521569 -80.871726990 -0.011210048 0.999935925 -0.001586851 0.316595435 0.080498897 0.002484251 0.996751606 62.461452484
0.996362925 0.010740585 -0.084530696 -80.950950623 -0.011188458 0.999925792 -0.004826371 0.306047291 0.084472589 0.005754585 0.996409178 63.278392792
0.996073961 0.012369802 -0.087655514 -81.025665283 -0.013115822 0.999882460 -0.007939943 0.286168993 0.087546997 0.009058445 0.996119142 64.091239929
0.995737433 0.016435552 -0.090756848 -81.120574951 -0.017334934 0.999808192 -0.009130367 0.271560729 0.090589359 0.010664715 0.995831370 64.895675659
0.995368004 0.019169176 -0.094207190 -81.213905334 -0.019914391 0.999777436 -0.006976547 0.251529455 0.094052479 0.008820313 0.995528221 65.700508118
0.994942546 0.022721659 -0.097842060 -81.300331116 -0.023058165 0.999731481 -0.002309731 0.231945366 0.097763307 0.004554108 0.995199323 66.507438660
0.994540930 0.021612659 -0.102084450 -81.392410278 -0.021402894 0.999766111 0.003149800 0.223218426 0.102128632 -0.000947702 0.994770765 67.305824280
0.994090676 0.020396370 -0.106618918 -81.480461121 -0.019950269 0.999787271 0.005249086 0.206721604 0.106703296 -0.003090991 0.994286120 68.093475342
0.993348420 0.022422457 -0.112943560 -81.585937500 -0.021783371 0.999739051 0.006889516 0.193755269 0.113068551 -0.004383396 0.993577600 68.875755310
0.992716789 0.017766550 -0.119154140 -81.675231934 -0.016751731 0.999814451 0.009513129 0.189293087 0.119301036 -0.007447803 0.992830276 69.663948059
0.991911173 0.019803077 -0.125378981 -81.787559509 -0.018727919 0.999777019 0.009748268 0.173653841 0.125544086 -0.007321331 0.992060959 70.449584961
0.991057575 0.023926022 -0.131272405 -81.906013489 -0.022878798 0.999693215 0.009480108 0.164430737 0.131458983 -0.006391979 0.991300941 71.221832275
0.990120709 0.027863141 -0.137421399 -82.022346497 -0.027115168 0.999605536 0.007312266 0.161911607 0.137570977 -0.003513822 0.990485609 71.986015320
0.989368796 0.025682680 -0.143142581 -82.143493652 -0.025304452 0.999669790 0.004462462 0.145490915 0.143209949 -0.000792878 0.989692032 72.755584717
0.988508046 0.027841404 -0.148582280 -82.275222778 -0.027577629 0.999612451 0.003835574 0.135583639 0.148631468 0.000306051 0.988892615 73.513473511
0.987817287 0.027332515 -0.153198496 -82.399101257 -0.026464412 0.999620080 0.007703237 0.139384151 0.153350875 -0.003555083 0.988165438 74.273338318
0.986910403 0.027347388 -0.158933848 -82.537429810 -0.025785526 0.999596953 0.011881409 0.130990982 0.159194708 -0.007627693 0.987217724 75.041748047
0.985976160 0.022689015 -0.165337175 -82.672813416 -0.020687295 0.999690473 0.013819119 0.129889131 0.165599555 -0.010204941 0.986140251 75.795028687
0.984778583 0.021486973 -0.172480449 -82.807388306 -0.020000605 0.999746382 0.010351041 0.123673856 0.172659099 -0.006743771 0.984958470 76.549285889
0.983159781 0.024208924 -0.181138173 -82.959426880 -0.023871049 0.999706805 0.004045396 0.106397867 0.181182995 0.000346688 0.983449340 77.296226501
0.981495857 0.018773245 -0.190560728 -83.100486755 -0.018823668 0.999821663 0.001545638 0.085615665 0.190555722 0.002070015 0.981674135 78.026939392
0.979432583 0.019814847 -0.200796783 -83.266105652 -0.019274401 0.999803424 0.004646352 0.077165425 0.200849369 -0.000680552 0.979621828 78.764213562
0.977056921 0.019670321 -0.212068066 -83.442237854 -0.017908616 0.999787271 0.010225033 0.072736979 0.212224096 -0.006192594 0.977201402 79.510734558
0.974468887 0.021576362 -0.223483130 -83.631904602 -0.018180463 0.999685943 0.017241981 0.083693147 0.223784968 -0.012738749 0.974555373 80.249107361
0.971731782 0.022891765 -0.234975055 -83.820915222 -0.018693471 0.999623597 0.020079192 0.088999391 0.235346228 -0.015119091 0.971794069 80.977767944
0.968708873 0.028432388 -0.246565804 -84.017127991 -0.025125209 0.999547243 0.016549358 0.078745484 0.246924758 -0.009836492 0.968984723 81.689483643
0.965665579 0.026209591 -0.258462638 -84.224441528 -0.025141502 0.999656200 0.007437442 0.069399238 0.258568734 -0.000683945 0.965992630 82.394378662
0.962410390 0.023466501 -0.270583689 -84.432220459 -0.023771176 0.999715090 0.002151616 0.063253030 0.270557076 0.004361354 0.962693989 83.102882385
0.958846748 0.024031097 -0.282905310 -84.652824402 -0.023129309 0.999711096 0.006527612 0.068975270 0.282980442 0.000284425 0.959125638 83.818145752
0.955362499 0.026516005 -0.294243604 -84.882507324 -0.023394218 0.999626517 0.014124831 0.044779181 0.294508159 -0.006610736 0.955626070 84.527999878
0.951676667 0.025303273 -0.306057721 -85.125785828 -0.020339511 0.999604940 0.019397108 0.051959753 0.306427568 -0.012234708 0.951815367 85.251365662
0.947673380 0.023682583 -0.318361789 -85.375320435 -0.019114150 0.999664664 0.017466525 0.053759575 0.318668664 -0.010467347 0.947808385 85.943923950
0.943617046 0.020586111 -0.330398291 -85.627166748 -0.016970765 0.999760449 0.013823541 0.051806092 0.330603600 -0.007437018 0.943740368 86.658897400
0.940445483 0.018119385 -0.339461327 -85.885200500 -0.016801292 0.999835491 0.006821729 0.037176609 0.339529067 -0.000712077 0.940595210 87.352409363
0.937656045 0.015238739 -0.347230196 -86.151138306 -0.015809894 0.999874234 0.001188200 0.023886859 0.347204626 0.004375549 0.937779188 88.051322937
0.934845328 0.017076727 -0.354644299 -86.423713684 -0.018451767 0.999829531 -0.000495510 0.009282630 0.354575396 0.007007039 0.935001194 88.749313354
0.932020962 0.019391529 -0.361885220 -86.713241577 -0.021082943 0.999777615 -0.000725472 0.010723472 0.361790597 0.008305765 0.932222307 89.438179016
0.928841352 0.020939516 -0.369885653 -87.004493713 -0.021977942 0.999757528 0.001406965 -0.007298321 0.369825393 0.006822479 0.929076254 90.140113831
0.925680459 0.021539591 -0.377692610 -87.294448853 -0.020397920 0.999767363 0.007023217 -0.006378651 0.377756000 0.001202891 0.925904453 90.846458435
0.922853649 0.023454428 -0.384435952 -87.594268799 -0.019182457 0.999704361 0.014943685 -0.010844350 0.384672791 -0.006416407 0.923030734 91.558898926
0.920223296 0.028504256 -0.390354425 -87.916488647 -0.021433342 0.999518037 0.022459211 -0.013662577 0.390806437 -0.012300886 0.920390606 92.260742188
0.917699933 0.033864535 -0.395828307 -88.231620789 -0.028173126 0.999399245 0.020184802 -0.010452509 0.396274120 -0.007371869 0.918102682 92.950660706
0.915212095 0.033225995 -0.401600361 -88.547904968 -0.030867228 0.999447227 0.012344528 -0.020384192 0.401788533 0.001098429 0.915731847 93.630821228
0.913264394 0.027437443 -0.406442434 -88.860145569 -0.027826166 0.999600470 0.004954785 -0.034791291 0.406416029 0.006784706 0.913662970 94.320945740
0.911600947 0.027626581 -0.410147071 -89.181198120 -0.028293224 0.999589801 0.004445042 -0.054710865 0.410101563 0.007552278 0.912008643 95.018859863
0.909523129 0.031213045 -0.414480060 -89.519203186 -0.030195152 0.999503434 0.009009745 -0.040778637 0.414555460 0.004320716 0.910013795 95.718132019
0.907071710 0.032543827 -0.419716597 -89.859542847 -0.029777806 0.999470115 0.013142155 -0.058695793 0.419921905 0.000577363 0.907560050 96.426712036
0.904628754 0.032248996 -0.424978703 -90.185424805 -0.029783463 0.999478877 0.012445834 -0.062966466 0.425158679 0.001398479 0.905117691 97.122467041
0.902436256 0.029896252 -0.429784864 -90.533584595 -0.030227959 0.999524593 0.006057071 -0.074963570 0.429761589 0.007525399 0.902911007 97.820701599
0.900207460 0.027915183 -0.434565693 -90.871353149 -0.031158373 0.999514341 -0.000339136 -0.088974774 0.434345126 0.013845654 0.900640070 98.497070312
