1.000000000 0.000000000 0.000000000 0.000000000 0.000000000 1.000000000 0.000000000 0.000000000 0.000000000 0.000000000 1.000000000 0.000000000
0.999950588 -0.001423187 0.009840526 0.018051656 0.001416771 0.999998808 0.000658935 -0.005456382 -0.009841451 -0.000644961 0.999951363 0.284262538
0.999855340 -0.004261712 0.016465832 0.035942212 0.004248046 0.999990582 0.000864881 -0.004948418 -0.016469363 -0.000794808 0.999864042 0.570902050
0.999801815 -0.006567629 0.018793615 0.054332048 0.006567151 0.999978423 0.000087167 -0.003737452 -0.018793782 0.000036270 0.999823391 0.866934657
0.999827027 -0.007688088 0.016936133 0.059658319 0.007709478 0.999969542 -0.001198009 -0.001912080 -0.016926408 0.001328371 0.999855876 1.179061174
0.999892294 -0.010606526 0.010142146 0.054249998 0.010638523 0.999938607 -0.003106079 -0.006354507 -0.010108578 0.003213642 0.999943733 1.493179560
0.999931633 -0.011563214 -0.001728815 0.047871482 0.011556211 0.999925196 -0.004007406 -0.020481110 0.001775024 0.003987154 0.999990463 1.818577647
0.999788284 -0.011058807 -0.017352402 0.023287814 0.010984732 0.999930084 -0.004358351 -0.029491048 0.017399384 0.004166816 0.999839962 2.141483545
0.999305427 -0.007311371 -0.036538780 -0.012202606 0.007134514 0.999962151 -0.004968295 -0.032370672 0.036573723 0.004704158 0.999319971 2.488870859
0.998406470 -0.003971359 -0.056291416 -0.058375567 0.003664167 0.999977827 -0.005559340 -0.039687753 0.056312241 0.005344220 0.998398900 2.828354836
0.997132123 -0.003543331 -0.075598359 -0.107607841 0.003118713 0.999978602 -0.005734092 -0.045724161 0.075617068 0.005481876 0.997121990 3.188994646
0.995301247 -0.004108968 -0.096740156 -0.153439790 0.003609712 0.999979198 -0.005335247 -0.048732296 0.096760079 0.004960973 0.995295405 3.563549995
0.993230522 -0.005235827 -0.116041355 -0.209932268 0.004739576 0.999978364 -0.004551999 -0.061001096 0.116062678 0.003971198 0.993233979 3.957780361
0.991033435 -0.004284012 -0.133545503 -0.281656563 0.003814350 0.999985635 -0.003772516 -0.069692679 0.133559704 0.003229300 0.991035521 4.342168808
0.988748312 -0.003558523 -0.149546981 -0.360983282 0.003103426 0.999989867 -0.003276434 -0.077795960 0.149557099 0.002775460 0.988749266 4.768538475
0.986639202 -0.003190303 -0.162889197 -0.450666577 0.002702251 0.999991179 -0.003217698 -0.078274757 0.162898004 0.002734539 0.986639082 5.173747540
0.984528005 -0.004589424 -0.175167441 -0.534889460 0.003900344 0.999983311 -0.004277909 -0.085470535 0.175184131 0.003528507 0.984529376 5.612500191
0.982682407 -0.007141093 -0.185160130 -0.625730157 0.006177594 0.999964297 -0.005779995 -0.099734485 0.185194761 0.004536055 0.982691348 6.048230648
0.981237888 -0.006132460 -0.192703441 -0.721805871 0.004719127 0.999958575 -0.007792381 -0.109756649 0.192743227 0.006736788 0.981226146 6.512311459
0.979573071 -0.006217651 -0.200993031 -0.824868143 0.004339099 0.999942720 -0.009785567 -0.107838959 0.201042414 0.008713548 0.979543805 6.984616756
0.978078842 -0.006680739 -0.208128020 -0.940799057 0.004259273 0.999917984 -0.012080482 -0.120927259 0.208191618 0.010929190 0.978027046 7.460300922
0.976224601 -0.010578904 -0.216503575 -1.051634073 0.007759261 0.999873757 -0.013869457 -0.131926790 0.216622934 0.011859797 0.976183295 7.967151165
0.974309266 -0.015166930 -0.224703074 -1.166409731 0.012106919 0.999814332 -0.014989691 -0.144514397 0.224888682 0.011884132 0.974312067 8.475347519
0.972386777 -0.016708737 -0.232775912 -1.286336541 0.012896237 0.999756694 -0.017890785 -0.173602045 0.233018234 0.014394830 0.972365737 8.997009277
0.970326364 -0.012706366 -0.241464883 -1.447592139 0.007764189 0.999740601 -0.021407977 -0.173630804 0.241674304 0.018897945 0.970173299 9.530091286
0.968171239 -0.010173446 -0.250081360 -1.600183487 0.004262248 0.999698758 -0.024167323 -0.184979290 0.250251949 0.022332199 0.967923164 10.058384895
0.965816498 -0.012336638 -0.258932680 -1.761507273 0.005683662 0.999634504 -0.026426774 -0.205404252 0.259164095 0.024051730 0.965533674 10.617106438
0.963500082 -0.014275864 -0.267327040 -1.928588271 0.007078618 0.999586582 -0.027867403 -0.247160301 0.267614454 0.024957936 0.963202715 11.186226845
0.961288035 -0.014375608 -0.275170177 -2.094728470 0.006163747 0.999510109 -0.030684402 -0.262443841 0.275476485 0.027800467 0.960905731 11.759950638
0.958983362 -0.013800246 -0.283125967 -2.281875134 0.004282373 0.999405563 -0.034208506 -0.279418170 0.283429772 0.031592935 0.958472431 12.356191635
0.956892192 -0.014986654 -0.290056407 -2.475114346 0.003777629 0.999225557 -0.039165705 -0.313045144 0.290418744 0.036381632 0.956207752 12.941424370
0.955059052 -0.015854292 -0.295991123 -2.672224998 0.002160541 0.998914361 -0.046533957 -0.352330804 0.296407372 0.043803189 0.954056561 13.570649147
0.953634739 -0.016491391 -0.300514221 -2.874452829 0.000166841 0.998526514 -0.054266915 -0.384927124 0.300966322 0.051700693 0.952232301 14.176687241
0.952436745 -0.016780466 -0.304274052 -3.089395046 -0.002500727 0.998018742 -0.062867686 -0.424808502 0.304726034 0.060638413 0.950507820 14.798867226
0.951080739 -0.015927529 -0.308531672 -3.305330992 -0.006457474 0.997427106 -0.071396649 -0.470785797 0.308875024 0.069896311 0.948530853 15.444369316
0.949725747 -0.015198739 -0.312714010 -3.528533459 -0.009858531 0.996873915 -0.078391515 -0.528222322 0.312927932 0.077533334 0.946606994 16.075614929
0.948084176 -0.014540932 -0.317687243 -3.763243675 -0.013222739 0.996287882 -0.085062332 -0.597097456 0.317744851 0.084846929 0.944372475 16.744064331
0.946518004 -0.012916969 -0.322392344 -4.007606506 -0.017382888 0.995705605 -0.090928689 -0.661123395 0.322182447 0.091669731 0.942228734 17.409528732
0.944906414 -0.011004303 -0.327155501 -4.249847412 -0.021708287 0.995128095 -0.096171342 -0.732850194 0.326619953 0.097974904 0.940063953 18.082256317
0.943144560 -0.007620524 -0.332295388 -4.518089771 -0.026896615 0.994708657 -0.099151552 -0.803637862 0.331292748 0.102451853 0.937949181 18.780300140
0.941403329 -0.007241147 -0.337205291 -4.787554264 -0.028314495 0.994543612 -0.100404710 -0.881539822 0.336092412 0.104069106 0.936061680 19.468255997
0.939290583 -0.006330072 -0.343064338 -5.057584763 -0.029626202 0.994599760 -0.099466763 -0.965013027 0.341841340 0.103591889 0.934030652 20.194189072
0.937012255 -0.007079770 -0.349224895 -5.336701393 -0.029030113 0.994757295 -0.098057792 -1.054774761 0.348088145 0.102019385 0.931894183 20.918169022
0.934413791 -0.006464592 -0.356130838 -5.620030403 -0.029746929 0.994926155 -0.096109986 -1.131155252 0.354945153 0.100400306 0.929480374 21.631105423
0.931522846 -0.005933218 -0.363634408 -5.920180321 -0.029893953 0.995234311 -0.092818037 -1.214626193 0.362452179 0.097332597 0.926906109 22.351629257
0.927813053 -0.003008687 -0.373033732 -6.249728203 -0.031788997 0.995692551 -0.087096594 -1.288450241 0.371689022 0.092667721 0.923720896 23.141366959
0.924485862 -0.000815593 -0.381215483 -6.561063290 -0.032824557 0.996113479 -0.081734024 -1.372982740 0.379800558 0.088075176 0.920866132 23.874687195
0.921028376 0.002288922 -0.389488697 -6.900573254 -0.035507202 0.996312261 -0.078109227 -1.440723896 0.387873590 0.085770473 0.917713165 24.626855850
0.917306364 0.003184092 -0.398169428 -7.235274315 -0.036517903 0.996426523 -0.076162048 -1.522193432 0.396504104 0.084404260 0.914144695 25.376760483
0.913336158 0.003936488 -0.407187372 -7.589581490 -0.037846923 0.996445537 -0.075258836 -1.596657276 0.405443847 0.084147416 0.910238743 26.141643524
0.909464240 0.003912515 -0.415763795 -7.949961185 -0.038128652 0.996527016 -0.074026942 -1.660777807 0.414030254 0.083177358 0.906454980 26.896659851
0.905659080 0.005035451 -0.423976868 -8.331749916 -0.039402142 0.996602178 -0.072330758 -1.732244492 0.422171980 0.082212590 0.902780175 27.677139282
0.901644468 0.004875015 -0.432450384 -8.719812393 -0.038854491 0.996805906 -0.069773309 -1.806140184 0.430728912 0.079713359 0.898954034 28.461648941
0.897818089 0.005431324 -0.440333068 -9.109126091 -0.038238700 0.997108579 -0.065667972 -1.873124361 0.438703209 0.075795643 0.895429790 29.237327576
0.894008517 0.006524256 -0.448002487 -9.525069237 -0.037513115 0.997473180 -0.060332857 -1.930753708 0.446476817 0.070744053 0.891994238 30.051433563
0.890339196 0.005925606 -0.455259234 -9.953329086 -0.035329115 0.997799695 -0.056105010 -1.997660637 0.453925043 0.066036388 0.888589501 30.850364685
0.886578500 0.006155047 -0.462537229 -10.382802010 -0.035112336 0.997922182 -0.054022852 -2.062140465 0.461243689 0.064136267 0.884952366 31.669399261
0.883455038 0.006105740 -0.468476236 -10.828484535 -0.034837566 0.998003125 -0.052689709 -2.122413874 0.467219025 0.062869556 0.881903529 32.478424072
0.880482912 0.005588598 -0.474045068 -11.282999039 -0.033718865 0.998136342 -0.050861631 -2.180186272 0.472877353 0.060767055 0.879030347 33.291904449
0.877330184 0.005358587 -0.479857326 -11.747728348 -0.033087689 0.998233378 -0.049347389 -2.231003046 0.478745133 0.059171319 0.875957668 34.133365631
0.874730229 0.003624541 -0.484596580 -12.219739914 -0.031333528 0.998302519 -0.049092378 -2.289781332 0.483596087 0.058126703 0.873359144 34.971569061
0.872722149 0.003226081 -0.488206595 -12.694887161 -0.031366892 0.998282611 -0.049475037 -2.347767591 0.487208545 0.058491476 0.871324599 35.818370819
0.871281266 0.003221701 -0.490773410 -13.201474190 -0.031722732 0.998257041 -0.049764980 -2.406407833 0.489757746 0.058927976 0.869864881 36.683361053
0.870816350 0.003274135 -0.491597593 -13.700100899 -0.031348765 0.998312414 -0.048882268 -2.459972143 0.490607917 0.057978455 0.869449556 37.544300079
0.870491087 0.003541986 -0.492171437 -14.217103958 -0.030796979 0.998406589 -0.047284648 -2.517750740 0.491219759 0.056318253 0.869213164 38.439743042
0.870085776 0.001757366 -0.492897183 -14.730199814 -0.028495273 0.998500526 -0.046741184 -2.576475620 0.492075980 0.054714084 0.868831098 39.343780518
0.869713485 0.000533092 -0.493556619 -15.248497009 -0.027438683 0.998505175 -0.047272190 -2.639449120 0.492793620 0.054655813 0.868427932 40.233993530
0.868458331 -0.001803738 -0.495758951 -15.780422211 -0.024974423 0.998564541 -0.047382686 -2.699032784 0.495132804 0.053531177 0.867166579 41.159038544
0.867024720 -0.002149312 -0.498260498 -16.307682037 -0.023793211 0.998671472 -0.045710545 -2.757911921 0.497696638 0.051487397 0.865821600 42.062129974
0.864881098 -0.001784120 -0.501973569 -16.850807190 -0.022429004 0.998857617 -0.042194467 -2.818181038 0.501475334 0.047751963 0.863853097 42.995800018
0.861938655 -0.001485268 -0.507010400 -17.395122528 -0.020410882 0.999083459 -0.037626117 -2.885944366 0.506601572 0.042779941 0.861118257 43.911926270
0.858222485 -0.002614855 -0.513271213 -17.939826965 -0.018188022 0.999204218 -0.035501983 -2.937882185 0.512955546 0.039803993 0.857491851 44.804019928
0.853087366 -0.005917097 -0.521734476 -18.515604019 -0.015986770 0.999169886 -0.037471734 -3.000947714 0.521523178 0.040307522 0.852284551 45.729801178
0.847433984 -0.008467217 -0.530833244 -19.074085236 -0.015554474 0.999047518 -0.040767126 -3.062112331 0.530672848 0.042804275 0.846495211 46.609634399
0.841122150 -0.009331480 -0.540764749 -19.660112381 -0.014982470 0.999065399 -0.040544149 -3.114946842 0.540637672 0.042204577 0.840196252 47.507484436
0.835176468 -0.006379761 -0.549945056 -20.262109756 -0.015589731 0.999256253 -0.035267521 -3.161415577 0.549760997 0.038028091 0.834455907 48.392726898
0.830095053 -0.002737183 -0.557615221 -20.867759705 -0.017094564 0.999393046 -0.030353608 -3.226137638 0.557359815 0.034728572 0.829544425 49.256729126
0.826150537 -0.002149837 -0.563445330 -21.478937149 -0.018951615 0.999320924 -0.031600691 -3.275133133 0.563130617 0.036785133 0.825548768 50.142547607
0.822799504 -0.003422055 -0.568321466 -22.088043213 -0.020650923 0.999141514 -0.035913993 -3.323884010 0.567956448 0.041286372 0.822022438 51.010063171
0.819929421 -0.006419961 -0.572428703 -22.701545715 -0.022093348 0.998837352 -0.042848092 -3.385258198 0.572038233 0.047779281 0.818834186 51.864322662
0.816605091 -0.007006960 -0.577154279 -23.332170486 -0.022898400 0.998745859 -0.044523835 -3.442866325 0.576742411 0.049574301 0.815420508 52.753147125
0.813712180 -0.005548645 -0.581241548 -23.956769943 -0.022360098 0.998915493 -0.040838979 -3.503684282 0.580837786 0.046227798 0.812705636 53.609104156
0.810146928 -0.003924097 -0.586213827 -24.594589233 -0.020429648 0.999181211 -0.034922242 -3.559954405 0.585870922 0.040268287 0.809403360 54.473300934
0.807075202 -0.002489998 -0.590443432 -25.237228394 -0.020267894 0.999285102 -0.031918272 -3.621752262 0.590100706 0.037727486 0.806447625 55.338527679
0.804193676 -0.001639674 -0.594365060 -25.887126923 -0.021873636 0.999237120 -0.032352272 -3.669057846 0.593964696 0.039018415 0.803544343 56.192749023
0.800627530 -0.003169052 -0.599153996 -26.536357880 -0.021395506 0.999197125 -0.033874989 -3.717665911 0.598780215 0.039940447 0.799916923 57.041229248
0.796843708 -0.005669511 -0.604158878 -27.207080841 -0.020558853 0.999122381 -0.036491606 -3.774907351 0.603835642 0.041498918 0.796027899 57.901985168
0.792686820 -0.006171880 -0.609597862 -27.852813721 -0.020712478 0.999098718 -0.037048724 -3.823427677 0.609277308 0.041994318 0.791844547 58.742317200
0.788078725 -0.006337007 -0.615541756 -28.532295227 -0.020023728 0.999153972 -0.035922695 -3.879130363 0.615248799 0.040635351 0.787285089 59.591270447
0.783467412 -0.006541357 -0.621398270 -29.208681107 -0.019712005 0.999179840 -0.035371367 -3.929708242 0.621120155 0.039961323 0.782696009 60.424297333
0.777951777 -0.007438872 -0.628279805 -29.901411057 -0.019546784 0.999159455 -0.036033440 -3.995450258 0.628019869 0.040313128 0.777152479 61.268856049
0.772558987 -0.009072767 -0.634878039 -30.592517853 -0.018602135 0.999145329 -0.036914591 -4.052735329 0.634670377 0.040328786 0.771729887 62.100536346
0.767080426 -0.010445737 -0.641465902 -31.299697876 -0.017986942 0.999124229 -0.037779115 -4.109212399 0.641298771 0.040517628 0.766220748 62.923915863
0.761330605 -0.011471675 -0.648262441 -32.023689270 -0.017836783 0.999094427 -0.038627833 -4.161017895 0.648118556 0.040971462 0.760436594 63.759552002
0.755395353 -0.013325304 -0.655133784 -32.732662201 -0.016983718 0.999059200 -0.039903585 -4.223156929 0.655049145 0.041269589 0.754458368 64.570549011
0.749353170 -0.014006873 -0.662022352 -33.485427856 -0.016579403 0.999065995 -0.039904416 -4.280634880 0.661962986 0.040878434 0.748421073 65.408393860
0.742732942 -0.014393297 -0.669432998 -34.236724854 -0.015217034 0.999147892 -0.038365640 -4.333608150 0.669414699 0.038682207 0.741881132 66.224456787
0.736607134 -0.014900866 -0.676156700 -34.976612091 -0.014122581 0.999200404 -0.037405152 -4.391799450 0.676173389 0.037101980 0.735807717 67.025405884
0.730078638 -0.016194744 -0.683171213 -35.753932953 -0.013356661 0.999190032 -0.037959795 -4.453611374 0.683232605 0.036838520 0.729270935 67.846496582
0.723385692 -0.018005330 -0.690209329 -36.526943207 -0.012974572 0.999128819 -0.039662264 -4.514366150 0.690322220 0.037646282 0.722521961 68.636512756
0.717699766 -0.017561857 -0.696130991 -37.322826385 -0.014223797 0.999103606 -0.039869688 -4.568393707 0.696207225 0.038516100 0.716806769 69.426338196
0.711882353 -0.017236939 -0.702087164 -38.118427277 -0.014311529 0.999135256 -0.039040949 -4.621409893 0.702152908 0.037840508 0.711019993 70.228446960
0.707381964 -0.016666668 -0.706634939 -38.926551819 -0.015390635 0.999121845 -0.038972151 -4.683267593 0.706663907 0.038443759 0.706504226 71.024948120
0.702481806 -0.017255506 -0.711492479 -39.755535126 -0.015606063 0.999092102 -0.039638944 -4.746477604 0.711530566 0.038949229 0.701574802 71.826828003
0.697150111 -0.019146698 -0.716669440 -40.594970703 -0.015614673 0.999000609 -0.041878905 -4.812110901 0.716755033 0.040386438 0.696154475 72.619781494
0.692184150 -0.021006623 -0.721415222 -41.425254822 -0.015869729 0.998891652 -0.044313073 -4.877120018 0.721546412 0.042121463 0.691083670 73.398956299
0.687094688 -0.021463010 -0.726250827 -42.293918610 -0.016474476 0.998846412 -0.045105331 -4.937211990 0.726381004 0.042956233 0.685948491 74.196823120
0.682243049 -0.021198368 -0.730818093 -43.123428345 -0.015954375 0.998909831 -0.043868683 -4.997898579 0.730951369 0.041588850 0.681161106 74.977981567
0.677453995 -0.021298399 -0.735256791 -44.003219604 -0.014963049 0.998974860 -0.042724319 -5.065159798 0.735412955 0.039945446 0.676440775 75.757797241
0.672363162 -0.021906108 -0.739897251 -44.875335693 -0.014685686 0.998970509 -0.042921729 -5.138688564 0.740075767 0.039724886 0.671349227 76.545249939
0.667541921 -0.022828037 -0.744222164 -45.747703552 -0.014017182 0.998967528 -0.043214943 -5.197274208 0.744440317 0.039279688 0.666532636 77.313499451
0.663117349 -0.023078915 -0.748159707 -46.648506165 -0.013538190 0.998991251 -0.042815786 -5.270452499 0.748393059 0.038520616 0.662135899 78.095710754
0.658903182 -0.024277689 -0.751835883 -47.545734406 -0.011853290 0.999019861 -0.042647686 -5.326231003 0.752134383 0.037012421 0.657969594 78.867835999
0.655326843 -0.026720550 -0.754872799 -48.435272217 -0.009606066 0.998998463 -0.043701276 -5.393641472 0.755284488 0.035889968 0.654413819 79.636177063
0.651109159 -0.031089110 -0.758347094 -49.342720032 -0.006477430 0.998896718 -0.046512116 -5.468462467 0.758956432 0.035196606 0.650189459 80.408721924
0.646046042 -0.034834139 -0.762503088 -50.249565125 -0.002872779 0.998840034 -0.048064966 -5.542445183 0.763292968 0.033242688 0.645196736 81.188903809
0.639633775 -0.038389795 -0.767720580 -51.176315308 0.002206184 0.998839676 -0.048108783 -5.611153603 0.768676639 0.029078268 0.638976276 81.952957153
0.631281137 -0.041534100 -0.774441242 -52.115173340 0.006280134 0.998806000 -0.048447814 -5.692245960 0.775528729 0.025720589 0.630788147 82.714561462
0.622581542 -0.042439964 -0.781403244 -53.062690735 0.008704727 0.998842061 -0.047314141 -5.767983913 0.782506526 0.022655010 0.622230113 83.475234985
0.613382161 -0.041338511 -0.788703501 -54.027435303 0.009820623 0.998951197 -0.044720683 -5.837089062 0.789725125 0.019685311 0.613144934 84.222801208
0.604850948 -0.041011028 -0.795282006 -54.994281769 0.009523000 0.998974085 -0.044272296 -5.911012650 0.796281755 0.019204671 0.604620993 84.950393677
0.595279098 -0.042468484 -0.802395999 -55.991416931 0.008870686 0.998888731 -0.046287324 -5.974977016 0.803470016 0.020436071 0.594994426 85.662811279
0.585151970 -0.044759911 -0.809687495 -56.979141235 0.009822617 0.998793423 -0.048115090 -6.059354305 0.810864151 0.020201385 0.584885418 86.373229980
0.575511813 -0.045642599 -0.816518784 -57.994327545 0.009201227 0.998739421 -0.049343210 -6.126290798 0.817741752 0.020884626 0.575206280 87.087333679
0.565589905 -0.046870433 -0.823353648 -59.010719299 0.012757072 0.998761356 -0.048092466 -6.204754829 0.824588001 0.016697031 0.565487206 87.780609131
0.555129468 -0.046650626 -0.830454648 -60.052883148 0.013919226 0.998807132 -0.046803277 -6.274742126 0.831647336 0.014422601 0.555116713 88.458618164
0.544507921 -0.047108639 -0.837431788 -61.090999603 0.014304025 0.998797774 -0.046885446 -6.352471352 0.838633657 0.013550849 0.544527173 89.125778198
0.534493744 -0.048007354 -0.843807995 -62.153347015 0.013350389 0.998740613 -0.048365500 -6.433405876 0.845066965 0.014585894 0.534461558 89.788558960
0.524731755 -0.048476715 -0.849886179 -63.217552185 0.011911271 0.998697639 -0.049610592 -6.509638786 0.851184189 0.015909029 0.524625897 90.431663513
0.515147448 -0.049363025 -0.855678916 -64.294639587 0.010824647 0.998635232 -0.051093195 -6.585546494 0.857033193 0.017058110 0.514978766 91.068191528
0.505561292 -0.049435820 -0.861373305 -65.384757996 0.010414792 0.998634100 -0.051200777 -6.664526463 0.862727821 0.016914112 0.505385578 91.689506531
0.496592939 -0.047512256 -0.866682231 -66.493850708 0.009437057 0.998737156 -0.049344361 -6.742320061 0.867932260 0.016325133 0.496414155 92.312255859
0.488943756 -0.045568261 -0.871124327 -67.594474792 0.010447610 0.998868942 -0.046386521 -6.826448917 0.872252643 0.013579234 0.488866806 92.921310425
0.480852902 -0.045574643 -0.875616014 -68.702194214 0.010453120 0.998875141 -0.046249688 -6.897115707 0.876738966 0.013086375 0.480788440 93.523612976
0.473440468 -0.048334505 -0.879498601 -69.826240540 0.011909343 0.998753190 -0.048477478 -6.986462116 0.880745292 0.012476953 0.473425865 94.121231079
0.466747850 -0.051294271 -0.882901669 -70.955062866 0.013369114 0.998611748 -0.050949123 -7.059885979 0.884289384 0.011976777 0.466785640 94.717208862
0.460845798 -0.054436654 -0.885809183 -72.080696106 0.015382129 0.998457015 -0.053356729 -7.148643494 0.887346983 0.010963594 0.460972130 95.293395996
0.455597192 -0.057151075 -0.888349593 -73.227172852 0.015900267 0.998300135 -0.056070067 -7.243024349 0.890044212 0.011420366 0.455731422 95.874359131
0.450920045 -0.057384565 -0.890717685 -74.350540161 0.016608359 0.998297751 -0.055907547 -7.332618713 0.892409861 0.010416470 0.451105535 96.449539185
0.446674556 -0.055631053 -0.892965317 -75.482810974 0.019559896 0.998433709 -0.052417502 -7.422965050 0.894482672 0.005947261 0.447062999 97.016082764
0.442879140 -0.053571612 -0.894979358 -76.613365173 0.023046110 0.998563707 -0.048367623 -7.510157585 0.896284938 0.000795224 0.443477660 97.580070496
0.439473063 -0.052721635 -0.896707296 -77.757713318 0.024240021 0.998608708 -0.046832941 -7.598552704 0.897928655 -0.001154382 0.440139562 98.134750366
0.436804444 -0.052415688 -0.898028135 -78.882133484 0.025380865 0.998621643 -0.045941740 -7.683854103 0.899198532 -0.002725177 0.437532663 98.686561584
0.434134930 -0.052291647 -0.899328947 -80.017028809 0.027977536 0.998614907 -0.044558994 -7.765066147 0.900413394 -0.005816389 0.434996605 99.226165771
0.431514829 -0.051748257 -0.900620401 -81.138244629 0.030603865 0.998618364 -0.042715829 -7.846312046 0.901586592 -0.009129951 0.432502300 99.750968933
0.429875642 -0.051706687 -0.901406288 -82.251213074 0.031371582 0.998611391 -0.042321660 -7.921272278 0.902342916 -0.010085488 0.430900872 100.286239624
0.427362472 -0.052393153 -0.902560949 -83.367126465 0.034492847 0.998537421 -0.041632175 -8.003002167 0.903422058 -0.013339871 0.428544581 100.800758362
0.425331026 -0.052015107 -0.903541863 -84.456275940 0.038221899 0.998488665 -0.039488524 -8.075797081 0.904230356 -0.017739397 0.426676303 101.317840576
0.423527360 -0.051434826 -0.904421926 -85.562835693 0.040051296 0.998473704 -0.038028151 -8.146518707 0.904997408 -0.020117298 0.424941003 101.829895020
0.421789557 -0.052468505 -0.905174375 -86.643280029 0.042747039 0.998364866 -0.037951205 -8.222278595 0.905685484 -0.022686100 0.423342764 102.318969727
0.420519650 -0.053229764 -0.905720592 -87.703735352 0.043521818 0.998311877 -0.038464513 -8.293720245 0.906238973 -0.023243520 0.422126442 102.811820984
0.420238525 -0.054717164 -0.905762494 -88.768997192 0.044156298 0.998230934 -0.039816380 -8.366589546 0.906338692 -0.023262743 0.421911150 103.304992676
0.420260012 -0.054797649 -0.905747592 -89.813652039 0.042489357 0.998268306 -0.040680397 -8.437225342 0.906408370 -0.021388281 0.421860665 103.768371582
0.423247039 -0.055027395 -0.904341698 -90.857711792 0.041777030 0.998277426 -0.041190848 -8.505898476 0.905050635 -0.020346804 0.424816906 104.251083374
0.427141994 -0.055212807 -0.902497172 -91.881904602 0.040136460 0.998307824 -0.042078130 -8.578090668 0.903293312 -0.018249702 0.428635210 104.731613159
0.432144850 -0.056029409 -0.900061965 -92.907836914 0.039222196 0.998291433 -0.043312579 -8.648769379 0.900950849 -0.016585095 0.433604121 105.210769653
0.437933445 -0.055692770 -0.897280693 -93.901809692 0.037965834 0.998334587 -0.043435141 -8.719762802 0.898205400 -0.015044312 0.439318538 105.686241150
0.444777936 -0.054174084 -0.894000947 -94.901123047 0.035908788 0.998445034 -0.042638000 -8.795074463 0.894920766 -0.013138051 0.446031719 106.186340332
0.452838898 -0.053711914 -0.889972985 -95.891250610 0.036185704 0.998468459 -0.041847751 -8.857793808 0.890857816 -0.013254012 0.454088926 106.673980713
0.461763233 -0.052807610 -0.885429919 -96.876785278 0.035316158 0.998529255 -0.041135099 -8.924888611 0.886299908 -0.012275311 0.462948978 107.172424316
0.471205533 -0.052756846 -0.880444288 -97.850952148 0.035123922 0.998540223 -0.041035239 -8.981922150 0.881323874 -0.011588620 0.472370654 107.691253662
0.480471402 -0.053725757 -0.875363231 -98.833572388 0.034770079 0.998504162 -0.042198870 -9.053104401 0.876320899 -0.010161097 0.481620669 108.204879761
0.491285801 -0.054729261 -0.869277298 -99.783477783 0.032657649 0.998479605 -0.044406790 -9.127835274 0.870386004 -0.006572125 0.492326200 108.735595703
0.502873123 -0.054184165 -0.862660110 -100.713310242 0.029010532 0.998528957 -0.045806967 -9.197124481 0.863873243 -0.001991141 0.503705204 109.292198181
0.515601099 -0.052788936 -0.855201066 -101.657676697 0.026865600 0.998605549 -0.045443587 -9.260426521 0.856407523 0.000455271 0.516300261 109.831344604
0.528019190 -0.050687376 -0.847718298 -102.588027954 0.026523221 0.998714507 -0.043195300 -9.324140549 0.848818064 0.000323724 0.528684676 110.392311096
0.539987326 -0.049324706 -0.840226471 -103.503456116 0.026316043 0.998782694 -0.041720089 -9.388208389 0.841261446 0.000416886 0.540628076 110.963287354
0.551994562 -0.048310868 -0.832446992 -104.395530701 0.025884984 0.998831868 -0.040802676 -9.453366280 0.833445787 0.000974979 0.552600384 111.544288635
0.563475251 -0.048927337 -0.824682713 -105.279884338 0.026340961 0.998801172 -0.041259747 -9.521989822 0.825712860 0.001525912 0.564088583 112.139808655
0.574360132 -0.049566682 -0.817100644 -106.143043518 0.026499491 0.998767674 -0.041959774 -9.586926460 0.818173707 0.002447271 0.574965835 112.750656128
0.585577905 -0.051479492 -0.808979750 -106.985839844 0.028640755 0.998672187 -0.042819049 -9.650600433 0.810109973 0.001904095 0.586274803 113.357925415
0.596509278 -0.050207175 -0.801034212 -107.825347900 0.027426075 0.998733759 -0.042175096 -9.717641830 0.802137434 0.003188605 0.597130895 113.970565796
0.607070625 -0.048896488 -0.793141961 -108.640663147 0.027525704 0.998800039 -0.040506944 -9.778843880 0.794171035 0.002758780 0.607688010 114.607620239
0.617173970 -0.047033608 -0.785419643 -109.460311890 0.028532652 0.998893023 -0.037396483 -9.836566925 0.786309242 0.000670030 0.617832839 115.240325928
0.626766920 -0.045816861 -0.777858555 -110.254020691 0.027860448 0.998949230 -0.036390554 -9.897697449 0.778708577 0.001136909 0.627384841 115.856384277
0.636600316 -0.043697327 -0.769954860 -111.028594971 0.024018081 0.999032497 -0.036839977 -9.950723648 0.770819664 0.004959505 0.637033999 116.481422424
0.646442056 -0.043816794 -0.761703849 -111.791534424 0.023448192 0.999018908 -0.037568282 -10.011660576 0.762602627 0.006425136 0.646835268 117.133148193
0.655986488 -0.043580968 -0.753513336 -112.534461975 0.023318358 0.999025345 -0.037480351 -10.073124886 0.754412234 0.007015907 0.656363308 117.768211365
0.664725065 -0.041471921 -0.745936036 -113.270751953 0.022328055 0.999114871 -0.035650771 -10.127477646 0.746754229 0.007042659 0.665062666 118.423271179
0.673371136 -0.039819848 -0.738231480 -114.000968933 0.022190548 0.999187052 -0.033654757 -10.170748711 0.738971531 0.006280383 0.673707366 119.076644897
0.681503952 -0.039359488 -0.730755210 -114.713661194 0.022735845 0.999209285 -0.032615300 -10.226717949 0.731461227 0.005613121 0.681860030 119.732391357
0.689283192 -0.037838399 -0.723503172 -115.419906616 0.020767501 0.999256730 -0.032474749 -10.268779755 0.724194348 0.007358943 0.689556599 120.396514893
0.696681321 -0.036868501 -0.716432691 -116.092811584 0.020466937 0.999293506 -0.031522177 -10.325493813 0.717088699 0.007297732 0.696943641 121.055641174
0.704081833 -0.034208186 -0.709294438 -116.759078979 0.019503582 0.999393761 -0.028838988 -10.368055344 0.709850967 0.006471222 0.704322159 121.706520081
0.711330354 -0.031642266 -0.702145278 -117.421051025 0.018372366 0.999481857 -0.026429087 -10.411715508 0.702617645 0.005899740 0.711543143 122.382957458
0.718841493 -0.030078346 -0.694523036 -118.061103821 0.017209120 0.999527335 -0.025475753 -10.452974319 0.694961071 0.006360897 0.719019234 123.040023804
0.726154506 -0.028994838 -0.686919808 -118.690528870 0.016568078 0.999558091 -0.024676884 -10.506946564 0.687331736 0.006538291 0.726314127 123.680931091
0.734352708 -0.026202595 -0.678262115 -119.302322388 0.014218378 0.999629200 -0.023223434 -10.540942192 0.678619027 0.007410403 0.734452963 124.325889587
0.743485212 -0.023655783 -0.668333948 -119.900100708 0.013484850 0.999701262 -0.020383425 -10.584776878 0.668616354 0.006142391 0.743582129 124.989410400
0.752739966 -0.019889141 -0.658017457 -120.486549377 0.011292716 0.999786556 -0.017301079 -10.613105774 0.658221126 0.005592412 0.752803922 125.649459839
0.762710571 -0.017583514 -0.646500885 -121.046981812 0.009399157 0.999826074 -0.016104573 -10.642988205 0.646671712 0.006206568 0.762743354 126.310119629
0.772226334 -0.016912298 -0.635122418 -121.582832336 0.007963937 0.999824762 -0.016940629 -10.677343369 0.635297656 0.008023926 0.772225738 126.966865540
0.782269657 -0.017478799 -0.622694612 -122.120063782 0.007822471 0.999803066 -0.018236991 -10.713184357 0.622890830 0.009395233 0.782252252 127.636741638
0.792012811 -0.016845122 -0.610271871 -122.632080078 0.007490818 0.999812126 -0.017875860 -10.747964859 0.610458434 0.009586474 0.791990221 128.312210083
0.802166462 -0.015292402 -0.596904635 -123.136962891 0.006842343 0.999841630 -0.016420187 -10.767072678 0.597061217 0.009087496 0.802144170 128.991912842
0.812023342 -0.013155727 -0.583476663 -123.631187439 0.006369116 0.999886155 -0.013680684 -10.798103333 0.583590209 0.007392803 0.812014699 129.679168701
0.821457148 -0.011811402 -0.570148110 -124.113098145 0.006556340 0.999915004 -0.011268385 -10.823720932 0.570232749 0.005518408 0.821464777 130.376342773
0.830401361 -0.010439394 -0.557067871 -124.575271606 0.006894340 0.999940455 -0.008461634 -10.850944519 0.557123125 0.003185937 0.830423832 131.080169678
0.838494122 -0.009872548 -0.544821262 -125.028541565 0.007575496 0.999950349 -0.006460927 -10.867292404 0.544858038 0.001290159 0.838527322 131.781524658
0.845683396 -0.009991634 -0.533591449 -125.474243164 0.008738562 0.999949872 -0.004874657 -10.894254684 0.533613384 -0.000540406 0.845728278 132.502868652
0.852272868 -0.009943761 -0.523003161 -125.914764404 0.009015877 0.999949992 -0.004319818 -10.919152260 0.523019910 -0.001033668 0.852319896 133.215469360
0.858883440 -0.008934719 -0.512093067 -126.357055664 0.007987509 0.999959826 -0.004050084 -10.930910110 0.512108624 -0.000611798 0.858920395 133.937271118
0.865227103 -0.007476998 -0.501324475 -126.780647278 0.006654670 0.999971986 -0.003428893 -10.945395470 0.501335979 -0.000369377 0.865252554 134.662673950
0.871520162 -0.006194642 -0.490320444 -127.192214966 0.005559051 0.999980748 -0.002752685 -10.952362061 0.490327954 -0.000326696 0.871537864 135.392425537
0.877218068 -0.006911071 -0.480042398 -127.603668213 0.006306469 0.999975920 -0.002872157 -10.972442627 0.480050713 -0.000507864 0.877240598 136.151397705
0.882351637 -0.007850321 -0.470525056 -128.018707275 0.007054833 0.999969065 -0.003454086 -10.994297028 0.470537633 -0.000271757 0.882379889 136.913604736
0.886896670 -0.008508745 -0.461889476 -128.412841797 0.007514351 0.999963820 -0.003992261 -11.013738632 0.461906731 0.000069923 0.886928499 137.684387207
0.890213072 -0.007801834 -0.455477476 -128.815917969 0.007024791 0.999969542 -0.003398707 -11.023704529 0.455490202 -0.000174061 0.890240788 138.467437744
0.893377006 -0.005988867 -0.449267805 -129.221801758 0.006704405 0.999977529 0.000001847 -11.045135498 0.449257731 -0.003013724 0.893397033 139.262817383
0.896482110 -0.002076473 -0.443074822 -129.612655640 0.004340240 0.999982178 0.004095274 -11.051125526 0.443058431 -0.005594393 0.896475255 140.066146851
0.899601877 0.000678941 -0.436710298 -130.022201538 0.002576255 0.999973118 0.006861588 -11.052838326 0.436703205 -0.007297775 0.899576187 140.861206055
0.902972817 0.003262462 -0.429685384 -130.406311035 0.000735113 0.999957979 0.009137177 -11.061163902 0.429697186 -0.008566490 0.902932405 141.684509277
0.906096339 0.005373778 -0.423037082 -130.815063477 -0.000567044 0.999933779 0.011487470 -11.055685043 0.423070818 -0.010168875 0.906039596 142.535430908
0.909522533 0.006713629 -0.415600449 -131.223037720 -0.000810240 0.999896288 0.014379197 -11.064211845 0.415653884 -0.012741464 0.909433603 143.398132324
0.912897050 0.006887931 -0.408131957 -131.611053467 -0.000140243 0.999862909 0.016560722 -11.068391800 0.408190012 -0.015060992 0.912772715 144.257293701
0.916466296 0.006651835 -0.400056779 -131.989135742 0.000418315 0.999845266 0.017582949 -11.066946030 0.400111824 -0.016281527 0.916321635 145.163513184
0.919939399 0.005844831 -0.392016977 -132.373443604 0.001086077 0.999847054 0.017456036 -11.041246414 0.392059118 -0.016484251 0.919792354 146.050323486
0.923908293 0.003443910 -0.382598519 -132.752777100 0.003422010 0.999845147 0.017263530 -11.065781593 0.382598698 -0.017259171 0.923753381 146.971710205
0.927705050 0.001873298 -0.373309255 -133.142440796 0.004447301 0.999861062 0.016069304 -11.051282883 0.373287559 -0.016567793 0.927567720 147.886215210
0.932357311 0.000959459 -0.361536473 -133.499511719 0.004518060 0.999887407 0.014305050 -11.061172485 0.361509562 -0.014970865 0.932248235 148.843902588
0.937228143 0.002488300 -0.348707825 -133.878128052 0.002278251 0.999909520 0.013258423 -11.054105759 0.348709285 -0.013220612 0.937137842 149.792572021
0.943073869 0.005921352 -0.332530558 -134.232528687 -0.001192339 0.999895215 0.014423538 -11.052455902 0.332581222 -0.013205974 0.942982197 150.764648438
0.949386239 0.009894294 -0.313955307 -134.567886353 -0.004690513 0.999838829 0.017326009 -11.038415909 0.314076096 -0.014976462 0.949279666 151.774581909
0.955717623 0.012927845 -0.294001251 -134.897842407 -0.007642534 0.999787986 0.019118961 -11.035352707 0.294186085 -0.016025417 0.955613792 152.791381836
0.962058008 0.014636307 -0.272452652 -135.195297241 -0.009540404 0.999754071 0.020019202 -11.038218498 0.272678643 -0.016660325 0.961960852 153.826995850
0.967791140 0.016103005 -0.251238942 -135.480102539 -0.011105471 0.999711454 0.021296792 -11.017628670 0.251509398 -0.017820718 0.967690766 154.874023438
0.973164678 0.016755650 -0.229498953 -135.737411499 -0.011569947 0.999646902 0.023922851 -11.025459290 0.229818761 -0.020625586 0.973014891 155.961242676
0.978094339 0.018863874 -0.207305312 -135.969421387 -0.013463380 0.999532998 0.027431082 -10.996494293 0.207725912 -0.024039153 0.977891624 157.044631958
0.982547343 0.020700393 -0.184857309 -136.184143066 -0.015103573 0.999385417 0.031633567 -10.994853020 0.185398519 -0.028289471 0.982256114 158.142547607
0.986466825 0.022689691 -0.162383303 -136.375671387 -0.017234465 0.999241292 0.034925066 -10.965810776 0.163052559 -0.031653825 0.986109495 159.258102417
0.989812553 0.024234656 -0.140299201 -136.549346924 -0.019506739 0.999197721 0.034976669 -10.944379807 0.141034275 -0.031883560 0.989491165 160.388076782
0.992685378 0.023961606 -0.118328482 -136.698455811 -0.020197917 0.999254405 0.032904718 -10.923393250 0.119028687 -0.030274041 0.992429316 161.537841797
0.995007515 0.023969810 -0.096879356 -136.804519653 -0.020985089 0.999276817 0.031711157 -10.894124985 0.097569391 -0.029519815 0.994790912 162.708236694
0.996805966 0.022639668 -0.076586053 -136.902145386 -0.020134931 0.999241889 0.033320520 -10.881559372 0.077282354 -0.031672031 0.996506155 163.897903442
0.998147786 0.023104349 -0.056277502 -136.985824585 -0.021132553 0.999150336 0.035383709 -10.853445053 0.057047207 -0.034128886 0.997787893 165.087005615
0.999083579 0.023420306 -0.035824932 -137.031890869 -0.022124520 0.999101460 0.036148455 -10.834352493 0.036639348 -0.035322722 0.998704016 166.297836304
0.999569476 0.024927871 -0.015470829 -137.067916870 -0.024345003 0.999026656 0.036784187 -10.805622101 0.016372714 -0.036391705 0.999203444 167.517532349
0.999664903 0.025297085 0.005475426 -137.070404053 -0.025483359 0.998984575 0.037151787 -10.778341293 -0.004530034 -0.037278872 0.999294639 168.750869751
0.999281168 0.027478369 0.026114646 -137.054992676 -0.028425248 0.998925328 0.036606871 -10.744426727 -0.025080686 -0.037322879 0.998988509 169.997695923
0.998524606 0.028656369 0.046122763 -137.014541626 -0.030304519 0.998912156 0.035440493 -10.714660645 -0.045057006 -0.036785938 0.998306870 171.247253418
0.997409642 0.028631914 0.065986656 -136.944442749 -0.030871704 0.998972595 0.033176970 -10.693953514 -0.064968936 -0.035128150 0.997268796 172.508529663
0.995938480 0.030612385 0.084673420 -136.863739014 -0.033303559 0.998978138 0.030554907 -10.668931961 -0.083651535 -0.033250738 0.995940149 173.788421631
0.994079530 0.030989455 0.104141831 -136.750000000 -0.034144152 0.999006271 0.028646961 -10.643001556 -0.103150591 -0.032033198 0.994149804 175.069107056
0.991959393 0.030805079 0.122750193 -136.596313477 -0.034221169 0.999080718 0.025818670 -10.635688782 -0.121842012 -0.029811723 0.992101848 176.357315063
0.989456236 0.032097630 0.141230673 -136.429092407 -0.035311352 0.999170005 0.020307552 -10.611248016 -0.140461624 -0.025080482 0.989768445 177.674423218
0.986663640 0.033598460 0.159267187 -136.229614258 -0.036261816 0.999246418 0.013845061 -10.623590469 -0.158681989 -0.019435734 0.987138450 178.966323853
0.983661532 0.036191545 0.176353067 -136.021774292 -0.038249128 0.999233961 0.008280904 -10.610287666 -0.175918281 -0.014890956 0.984292150 180.288940430
0.980286598 0.037934169 0.193904966 -135.771362305 -0.039536182 0.999208450 0.004397233 -10.625381470 -0.193584695 -0.011976812 0.981010377 181.610778809
0.976524651 0.040299162 0.211602226 -135.505401611 -0.041514389 0.999137044 0.001301666 -10.634257317 -0.211367175 -0.010055646 0.977355003 182.939178467
0.972567081 0.039666917 0.229215249 -135.205184937 -0.041040681 0.999156654 0.001227451 -10.648515701 -0.228973284 -0.010600930 0.973374963 184.279083252
0.968363106 0.038470291 0.246562317 -134.864669800 -0.039920133 0.999202490 0.000882388 -10.661258698 -0.246331707 -0.010697272 0.969126523 185.623260498
0.963884711 0.038123153 0.263577223 -134.513824463 -0.038432807 0.999253333 -0.003983244 -10.703934669 -0.263532221 -0.006290624 0.964630008 186.963317871
0.959326446 0.039585978 0.279509783 -134.147918701 -0.038666502 0.999213398 -0.008804849 -10.732142448 -0.279638499 -0.002360941 0.960102379 188.324005127
0.954083085 0.041778218 0.296614259 -133.741882324 -0.040884092 0.999121487 -0.009219693 -10.749444962 -0.296738863 -0.003330452 0.954952776 189.656982422
0.948426545 0.043413568 0.314010143 -133.327499390 -0.042607021 0.999047399 -0.009434653 -10.783164024 -0.314120591 -0.004430962 0.949372709 191.013076782
0.942371011 0.047329292 0.331205070 -132.882263184 -0.045637369 0.998874843 -0.012888432 -10.803737640 -0.331442446 -0.002969639 0.943470776 192.354034424
0.935918748 0.048362736 0.348879665 -132.403930664 -0.045466296 0.998829663 -0.016491015 -10.852884293 -0.349268973 -0.000428017 0.937022388 193.702636719
0.929343224 0.049001031 0.365951002 -131.890518188 -0.045009065 0.998797476 -0.019437650 -10.886037827 -0.366463333 0.001593133 0.930431128 195.044647217
0.922379375 0.049072247 0.383155644 -131.353179932 -0.043081816 0.998778343 -0.024205595 -10.943602562 -0.383875370 0.005819696 0.923366547 196.407379150
0.914192140 0.052455779 0.401871979 -130.782928467 -0.043832403 0.998569250 -0.030630391 -11.015620232 -0.402903795 0.010387050 0.915183425 197.750335693
0.904646516 0.055981584 0.422469914 -130.202148438 -0.045623023 0.998359382 -0.034599014 -11.079013824 -0.423713744 0.012025521 0.905716419 199.075195312
0.892970800 0.058603466 0.446283072 -129.561172485 -0.047440160 0.998219371 -0.036157399 -11.132701874 -0.447607458 0.011115760 0.894160986 200.410491943
