1.000000000 0.000000000 0.000000000 0.000000000 0.000000000 1.000000000 0.000000000 0.000000000 0.000000000 0.000000000 1.000000000 0.000000000
0.999990702 -0.002732182 -0.003332036 -0.000584746 0.002725150 0.999994040 -0.002113417 -0.005294497 0.003337790 0.002104318 0.999992192 0.683947742
0.999971569 -0.001433626 -0.007392708 -0.009815978 0.001406220 0.999992132 -0.003711042 -0.007670220 0.007397968 0.003700541 0.999965787 1.385811210
0.999935031 -0.001474645 -0.011290031 -0.024015374 0.001416459 0.999985635 -0.005159987 -0.011417955 0.011297479 0.005143660 0.999922931 2.106186390
0.999867976 -0.000192541 -0.016243156 -0.040188305 0.000099567 0.999983668 -0.005724519 -0.018235167 0.016243994 0.005722146 0.999851704 2.842260838
0.999786496 -0.001291165 -0.020617744 -0.058484171 0.001169967 0.999981999 -0.005889340 -0.027326176 0.020624978 0.005863961 0.999770105 3.594206333
0.999686360 0.000490032 -0.025035515 -0.085219502 -0.000667142 0.999974847 -0.007066459 -0.036748853 0.025031423 0.007080945 0.999661624 4.361185551
0.999549210 0.003113936 -0.029855868 -0.116668403 -0.003342309 0.999965668 -0.007602322 -0.046763252 0.029831175 0.007698684 0.999525309 5.141591072
0.999412179 0.003438600 -0.034104656 -0.149622172 -0.003643542 0.999975801 -0.005948858 -0.055905178 0.034083378 0.006069624 0.999400616 5.939435482
0.999256551 0.002561482 -0.038465861 -0.184000015 -0.002686075 0.999991417 -0.003187704 -0.066109508 0.038457371 0.003288657 0.999254823 6.745050907
0.999114811 0.002147226 -0.042009894 -0.218814641 -0.002169566 0.999997556 -0.000486186 -0.076385431 0.042008761 0.000576899 0.999117076 7.558742523
0.998997331 0.003616711 -0.044622164 -0.262560546 -0.003666981 0.999992847 -0.001044737 -0.086541124 0.044618070 0.001207319 0.999003470 8.383223534
0.998901546 0.003070707 -0.046757340 -0.305241615 -0.003133481 0.999994457 -0.001269286 -0.092802875 0.046753194 0.001414406 0.998905480 9.213555336
0.998819470 0.000039907 -0.048576094 -0.344725072 -0.000127557 0.999998569 -0.001801270 -0.099424571 0.048575945 0.001805340 0.998817861 10.055225372
0.998718679 -0.000048710 -0.050604332 -0.388364255 0.000001299 0.999999762 -0.000936918 -0.108579464 0.050604381 0.000935653 0.998718321 10.905323029
0.998645842 -0.001520370 -0.051999554 -0.435183793 0.001466211 0.999998629 -0.001079664 -0.118955120 0.052001126 0.001001960 0.998646498 11.767584801
0.998549342 0.000737380 -0.053834736 -0.487367570 -0.000920382 0.999994218 -0.003374606 -0.128435060 0.053831927 0.003419260 0.998544157 12.637436867
0.998475373 0.001114012 -0.055184256 -0.540615916 -0.001444258 0.999981582 -0.005944877 -0.138756052 0.055176619 0.006015514 0.998458505 13.515264511
0.998362660 0.004876294 -0.056991216 -0.598670363 -0.005313243 0.999957979 -0.007517874 -0.150147825 0.056952156 0.007808372 0.998346388 14.398616791
0.998296201 0.005774747 -0.058061227 -0.656631112 -0.006199286 0.999955714 -0.007134398 -0.163385674 0.058017451 0.007482179 0.998287618 15.294892311
0.998215318 0.004878594 -0.059513759 -0.710843444 -0.005220001 0.999971151 -0.005582449 -0.177769989 0.059484784 0.005883148 0.998211861 16.195463181
0.998126924 0.005527637 -0.060924180 -0.770177841 -0.005785406 0.999975324 -0.004055331 -0.190783054 0.060900252 0.004400207 0.998134077 17.103521347
0.998071432 0.005119447 -0.061861705 -0.829250693 -0.005372947 0.999978185 -0.003932150 -0.204476610 0.061840214 0.004256945 0.998076975 18.012136459
0.997969866 0.004956830 -0.063492037 -0.890365005 -0.005270179 0.999975085 -0.004768680 -0.216972545 0.063466810 0.005093613 0.997970879 18.926715851
0.997914374 0.003634697 -0.064446159 -0.953163624 -0.004004014 0.999976635 -0.005602368 -0.228784382 0.064424276 0.005848727 0.997905433 19.848432541
0.997873008 0.003700112 -0.065079071 -1.015989780 -0.003960540 0.999984980 -0.003873114 -0.240291700 0.065063752 0.004122626 0.997872531 20.780347824
0.997875571 0.005096674 -0.064945050 -1.083752871 -0.005135441 0.999987066 -0.000429959 -0.252713233 0.064941995 0.000762569 0.997888744 21.717908859
0.997922659 0.006093717 -0.064131610 -1.150006652 -0.005891813 0.999977350 0.003336953 -0.262960881 0.064150482 -0.002952168 0.997935891 22.663417816
0.998030484 0.004908670 -0.062535502 -1.212795734 -0.004534104 0.999971271 0.006130187 -0.267502934 0.062563784 -0.005834570 0.998023927 23.614040375
0.998116791 0.004912700 -0.061141819 -1.271396399 -0.004495900 0.999966085 0.006952656 -0.272433996 0.061173879 -0.006664674 0.998104870 24.571973801
0.998204708 0.005167378 -0.059668425 -1.333659172 -0.004932605 0.999979854 0.004081276 -0.277291179 0.059688285 -0.003779627 0.998209894 25.528287888
0.998260438 0.006008117 -0.058648594 -1.395418882 -0.006064713 0.999981642 -0.000787025 -0.282482058 0.058642767 0.001141343 0.998278320 26.485692978
0.998329461 0.004725589 -0.057581156 -1.450335741 -0.004943456 0.999981523 -0.003641757 -0.289948761 0.057562862 0.003920324 0.998334169 27.452678680
0.998377383 0.002107769 -0.056901060 -1.505081654 -0.002258823 0.999994516 -0.002590505 -0.300078869 0.056895263 0.002714831 0.998376369 28.431159973
0.998367667 0.000259674 -0.057108752 -1.561090708 -0.000123099 0.999997497 0.002394958 -0.310232848 0.057109211 -0.002384017 0.998364985 29.415195465
0.998313189 -0.003673082 -0.057938036 -1.615962267 0.004018079 0.999975264 0.005839152 -0.320064276 0.057915129 -0.006062099 0.998302996 30.402080536
0.998196721 -0.011342295 -0.058941439 -1.663703084 0.011679347 0.999917686 0.005376908 -0.328275025 0.058875591 -0.006055606 0.998246849 31.386070251
0.998076499 -0.013737092 -0.060447387 -1.718960881 0.013853204 0.999903202 0.001502025 -0.332929999 0.060420897 -0.002336523 0.998170078 32.378852844
0.997985780 -0.013663059 -0.061944783 -1.783483386 0.013536509 0.999905705 -0.002462307 -0.339418441 0.061972562 0.001618832 0.998076439 33.377109528
0.997860372 -0.012521843 -0.064165257 -1.848370075 0.012338687 0.999918938 -0.003250036 -0.348246992 0.064200729 0.002451369 0.997933865 34.380661011
0.997799933 -0.012870897 -0.065030232 -1.917090297 0.012775208 0.999916971 -0.001887202 -0.357065797 0.065049127 0.001052278 0.997881353 35.393283844
0.997751236 -0.009826379 -0.066296108 -1.987822175 0.009910817 0.999950826 0.000944801 -0.369543582 0.066283554 -0.001599723 0.997799397 36.404788971
0.997652054 -0.010172718 -0.067721464 -2.054789305 0.010343916 0.999944508 0.002177663 -0.376343042 0.067695521 -0.002873052 0.997701705 37.415180206
0.997586310 -0.009090824 -0.068834655 -2.122655392 0.009443732 0.999944329 0.004803138 -0.382739425 0.068787120 -0.005441598 0.997616351 38.429183960
0.997584403 -0.009290151 -0.068834409 -2.192281723 0.009855119 0.999920964 0.007872478 -0.389535487 0.068755783 -0.008531830 0.997596860 39.443935394
0.997583926 -0.003640200 -0.069370970 -2.272187948 0.004356398 0.999939144 0.010175619 -0.393385738 0.069329672 -0.010453237 0.997538865 40.456920624
0.997570932 -0.003894525 -0.069541626 -2.346100807 0.004570125 0.999944270 0.009558534 -0.395739347 0.069500498 -0.009853126 0.997533083 41.465938568
0.997577667 -0.003914278 -0.069444619 -2.416970253 0.004472246 0.999959409 0.007881042 -0.398295581 0.069410928 -0.008172521 0.997554481 42.470367432
0.997585714 -0.001938093 -0.069413513 -2.492017269 0.002337622 0.999981701 0.005675015 -0.402187288 0.069401234 -0.005823572 0.997571647 43.471313477
0.997512341 -0.002463607 -0.070444576 -2.564851284 0.002877242 0.999979794 0.005770902 -0.409841955 0.070428923 -0.005959228 0.997498810 44.472854614
0.997416794 -0.004649248 -0.071674466 -2.635016203 0.005162830 0.999962807 0.006981840 -0.415988117 0.071639352 -0.007333845 0.997403383 45.469924927
0.997360528 -0.004175888 -0.072481647 -2.711708784 0.004766523 0.999957263 0.007977633 -0.423544675 0.072445236 -0.008302057 0.997337639 46.464275360
0.997355402 -0.001801144 -0.072650172 -2.788991451 0.002135877 0.999987841 0.004530016 -0.434392691 0.072641134 -0.004673204 0.997346938 47.449337006
0.997296929 -0.001453867 -0.073456429 -2.866063595 0.001482745 0.999999225 0.000338590 -0.441789985 0.073455900 -0.000446590 0.997298062 48.433841705
0.997255564 -0.000707618 -0.074025549 -2.941835403 0.000640672 0.999999762 -0.000928094 -0.450680852 0.074026175 0.000878124 0.997255743 49.412925720
0.997246921 -0.002047178 -0.074117355 -3.015052557 0.002251365 0.999994338 0.002671460 -0.463940173 0.074111469 -0.002830967 0.997245789 50.395683289
0.997217059 -0.004053536 -0.074435152 -3.083795547 0.004501024 0.999973297 0.005844994 -0.475620180 0.074409448 -0.006163759 0.997208536 51.374084473
0.997188270 -0.005922930 -0.074693516 -3.155095100 0.006424507 0.999958813 0.006476586 -0.484936595 0.074652068 -0.006938241 0.997185290 52.344665527
0.997157454 -0.009080837 -0.074789315 -3.228199005 0.009495902 0.999941945 0.005195968 -0.492770493 0.074737765 -0.005891388 0.997185647 53.313571930
0.997095048 -0.011924577 -0.075220712 -3.298697948 0.012247188 0.999918222 0.003828887 -0.500445962 0.075168870 -0.004739003 0.997159421 54.277996063
0.997004151 -0.013408727 -0.076170750 -3.373920441 0.013836103 0.999891877 0.005085654 -0.509131193 0.076094307 -0.006124322 0.997081637 55.239814758
0.996868253 -0.016548319 -0.077321872 -3.445586205 0.017309031 0.999808609 0.009178212 -0.514621079 0.077155180 -0.010487830 0.996963739 56.206485748
0.996802330 -0.017529963 -0.077951640 -3.520507812 0.018689837 0.999725401 0.014174555 -0.517567098 0.077681758 -0.015586128 0.996856272 57.176261902
0.996787429 -0.015801784 -0.078510068 -3.600247383 0.017144449 0.999718130 0.016457075 -0.520411909 0.078227885 -0.017750211 0.996777356 58.132213593
0.996696293 -0.014730175 -0.079863943 -3.679758072 0.015782339 0.999797106 0.012559064 -0.524873018 0.079662748 -0.013778008 0.996726632 59.074050903
0.996616185 -0.013277082 -0.081108965 -3.760386944 0.013712191 0.999894917 0.004809650 -0.528284311 0.081036590 -0.005905550 0.996693611 60.004779816
0.996563256 -0.011823854 -0.081978321 -3.839579582 0.011867239 0.999930084 0.000041823 -0.535351455 0.081972115 -0.001014530 0.996634007 60.925437927
0.996520460 -0.007080901 -0.083038546 -3.924754143 0.007189312 0.999974072 0.001006520 -0.546520233 0.083029270 -0.001600001 0.996545672 61.841957092
0.996465921 -0.004367096 -0.083876930 -4.009040833 0.004657044 0.999984205 0.003261412 -0.559051633 0.083861373 -0.003640498 0.996470690 62.743701935
0.996377409 -0.001976695 -0.085010901 -4.089935303 0.002398395 0.999985695 0.004858657 -0.572701633 0.085000083 -0.005044939 0.996368051 63.630592346
0.996291995 -0.001289842 -0.086020447 -4.170820236 0.001690054 0.999988437 0.004579836 -0.580656290 0.086013563 -0.004708227 0.996282756 64.497795105
0.996154547 0.000348254 -0.087606564 -4.251624584 0.000124347 0.999985814 0.005389067 -0.589866281 0.087607190 -0.005379232 0.996140540 65.355247498
0.996041536 0.001112505 -0.088875651 -4.332427502 -0.000579876 0.999982059 0.006018555 -0.600765705 0.088880770 -0.005943189 0.996024370 66.205635071
0.995910347 0.000958633 -0.090335816 -4.411874771 -0.000374188 0.999979258 0.006486406 -0.610387444 0.090340167 -0.006426071 0.995890141 67.041320801
0.995796919 0.000684068 -0.091578528 -4.490332127 0.000008714 0.999971747 0.007564278 -0.617189705 0.091581099 -0.007533278 0.995768964 67.858955383
0.995675743 0.003306466 -0.092831314 -4.573548317 -0.002373658 0.999945879 0.010157062 -0.621600568 0.092859879 -0.009892784 0.995629907 68.668029785
0.995546758 0.004786036 -0.094140686 -4.652791977 -0.003452877 0.999891877 0.014319181 -0.627135217 0.094199054 -0.013930352 0.995455742 69.460700989
0.995367944 0.007861654 -0.095809452 -4.733735561 -0.006351786 0.999851227 0.016053958 -0.630834818 0.095921420 -0.015371026 0.995270073 70.238677979
0.995214224 0.010497533 -0.097145125 -4.814160824 -0.009384395 0.999885440 0.011908447 -0.636545479 0.097259022 -0.010939804 0.995198786 70.991287231
0.995089650 0.010352931 -0.098427497 -4.891283512 -0.009947368 0.999940276 0.004610383 -0.643769622 0.098469354 -0.003608647 0.995133340 71.721931458
0.994960248 0.009447134 -0.099817805 -4.965401649 -0.009626138 0.999953330 -0.001311703 -0.648601532 0.099800766 0.002265956 0.995004594 72.434463501
0.994908214 0.010242864 -0.100256950 -5.039753914 -0.010554892 0.999941409 -0.002582202 -0.653261065 0.100224636 0.003627260 0.994958043 73.131492615
0.994804144 0.012964869 -0.100972094 -5.116964340 -0.012928665 0.999916375 0.001013092 -0.664551258 0.100976773 0.000297611 0.994888425 73.812744141
0.994679034 0.013159502 -0.102172293 -5.189628601 -0.012896509 0.999912143 0.003234308 -0.679095387 0.102205880 -0.001899428 0.994761109 74.470390320
0.994617522 0.009988636 -0.103126064 -5.255918503 -0.010040855 0.999950051 0.000012852 -0.691838920 0.103121057 0.001022696 0.994668007 75.105476379
0.994678140 0.001837681 -0.103007779 -5.311424732 -0.002386922 0.999984145 -0.005209041 -0.703075051 0.102996558 0.005427194 0.994666636 75.722717285
0.994790196 -0.002244817 -0.101912782 -5.367595673 0.001227326 0.999949336 -0.010045582 -0.712722898 0.101930164 0.009868165 0.994742334 76.322303772
0.995116353 0.000201078 -0.098703176 -5.430180073 -0.001221773 0.999946952 -0.010280730 -0.723291397 0.098695874 0.010351115 0.995063484 76.910820007
0.995500028 0.005170761 -0.094615012 -5.491548061 -0.005890746 0.999956369 -0.007331873 -0.734555006 0.094572969 0.007856234 0.995486677 77.483345032
0.995935798 0.003582425 -0.089989349 -5.537611485 -0.003980315 0.999983609 -0.004242432 -0.745826006 0.089972697 0.004583378 0.995933414 78.043319702
0.996432364 -0.000089759 -0.084387802 -5.570819855 0.000086298 1.000000715 -0.000044690 -0.755897284 0.084387861 0.000037251 0.996432722 78.591934204
0.997082114 -0.004522449 -0.076195493 -5.599885941 0.004806038 0.999982953 0.003538788 -0.770364463 0.076178201 -0.003894656 0.997086287 79.125495911
0.997862995 -0.000943003 -0.065325789 -5.633064270 0.001177242 0.999993742 0.003547237 -0.780602932 0.065322034 -0.003616556 0.997857392 79.642555237
0.998730421 0.004260344 -0.050182614 -5.659445286 -0.004112521 0.999987602 0.003048669 -0.786259949 0.050195001 -0.002838417 0.998735130 80.146949768
0.999443948 0.009317777 -0.031998593 -5.674036980 -0.009201279 0.999951363 0.003786394 -0.792010188 0.032032326 -0.003489855 0.999480546 80.640602112
0.999922335 0.007673278 -0.009758545 -5.665135384 -0.007630240 0.999961913 0.004440637 -0.796761692 0.009792272 -0.004365827 0.999942303 81.122009277
0.999855697 0.004074230 0.016460106 -5.635214806 -0.004166742 0.999976516 0.005589795 -0.804393530 -0.016436908 -0.005657568 0.999848664 81.587280273
0.998934448 0.002896601 0.046050381 -5.593253136 -0.003241060 0.999968112 0.007407121 -0.812030137 -0.046027396 -0.007548473 0.998911440 82.043601990
0.996857107 0.002472049 0.079174966 -5.536898613 -0.003199331 0.999954700 0.009060211 -0.817429483 -0.079148918 -0.009285036 0.996819377 82.492210388
0.993130207 0.002346356 0.116985738 -5.463467598 -0.003525340 0.999945879 0.009872100 -0.822764337 -0.116956167 -0.010216691 0.993084311 82.934127808
0.987295151 0.002596892 0.158872247 -5.372779846 -0.004260396 0.999940395 0.010130990 -0.826853991 -0.158836395 -0.010679130 0.987246990 83.360282898
0.978941560 0.002275247 0.204124883 -5.262342453 -0.004500289 0.999936283 0.010436856 -0.833386123 -0.204087973 -0.011135687 0.978889108 83.769340515
0.967285872 0.004414484 0.253647923 -5.134582520 -0.006849493 0.999939442 0.008717615 -0.841394722 -0.253593922 -0.010169779 0.967257261 84.172088623
0.951599300 0.005220199 0.307295263 -4.988725662 -0.007523592 0.999952614 0.006311508 -0.851186752 -0.307247579 -0.008317983 0.951593220 84.551109314
0.931547701 0.005180765 0.363580227 -4.819623947 -0.007412460 0.999962032 0.004743093 -0.860773087 -0.363541663 -0.007113436 0.931550562 84.913055420
0.906846881 0.005705060 0.421419919 -4.628664017 -0.007830307 0.999964714 0.003312694 -0.866107643 -0.421385884 -0.006303949 0.906859279 85.262245178
0.877483130 0.005645774 0.479572892 -4.414344788 -0.007431385 0.999971509 0.001825176 -0.872254670 -0.479548752 -0.005165447 0.877499878 85.587036133
0.843558729 0.003945292 0.537021339 -4.178035736 -0.004824093 0.999989212 0.000231203 -0.880483687 -0.537014306 -0.002785670 0.843568385 85.893081665
0.806209207 0.003402028 0.591619849 -3.920230865 -0.003848876 0.999993265 -0.000505397 -0.889443278 -0.591617227 -0.001869612 0.806216717 86.182601929
0.765820682 0.002039843 0.643049955 -3.643821716 -0.003240594 0.999995410 0.000687169 -0.895146966 -0.643045187 -0.002610109 0.765823603 86.455947876
0.722289622 0.001697020 0.691587806 -3.352432251 -0.004905320 0.999985158 0.002669321 -0.895494401 -0.691572666 -0.005320476 0.722286999 86.717697144
0.676156759 0.000689037 0.736756682 -3.046001434 -0.004197319 0.999987721 0.002916865 -0.895643651 -0.736745298 -0.005064656 0.676151216 86.955154419
0.629289091 -0.000648253 0.777170300 -2.729698181 -0.001161332 0.999998569 0.001774474 -0.899990022 -0.777170002 -0.002019206 0.629287302 87.152641296
0.582081378 -0.003206223 0.813123584 -2.398685455 0.004308722 0.999991238 0.000858628 -0.902548850 -0.813118696 0.003003733 0.582089901 87.329963684
0.534812808 -0.001124475 0.844969153 -2.062732697 0.002228173 0.999998331 -0.000079505 -0.908076406 -0.844967186 0.001925260 0.534814239 87.501510620
0.487118334 0.001644169 0.873333871 -1.720474243 -0.001760485 0.999998927 -0.000900687 -0.913221896 -0.873333931 -0.001098746 0.487120479 87.660537720
0.441219181 0.003814004 0.897390664 -1.376266479 -0.002793541 0.999992847 -0.002876572 -0.918308914 -0.897394776 -0.001237695 0.441226542 87.796669006
0.398615956 0.001354696 0.917116225 -1.017042160 0.004236053 0.999986410 -0.003318262 -0.920735002 -0.917107880 0.005207666 0.398604661 87.907356262
0.358986288 -0.006031277 0.933322787 -0.646566391 0.019117419 0.999817729 -0.000892200 -0.919915318 -0.933146775 0.018163005 0.359036058 87.994941711
0.323591292 -0.009659769 0.946147025 -0.278232574 0.023014523 0.999733269 0.002335679 -0.920954108 -0.945916831 0.021019312 0.323727280 88.083389282
0.290278971 -0.005538478 0.956925333 0.093938828 0.020240637 0.999795854 -0.000353300 -0.924763501 -0.956727803 0.019471331 0.290331841 88.178733826
0.259152740 0.002135461 0.965833306 0.469661713 0.009894376 0.999940097 -0.004865733 -0.934236586 -0.965785503 0.010817285 0.259116113 88.278877258
0.230666876 0.006456906 0.973010659 0.855352402 0.005182441 0.999956489 -0.007864294 -0.947759271 -0.973018765 0.006856604 0.230623394 88.362388611
0.205066577 0.008123158 0.978713632 1.248323441 0.006489896 0.999933124 -0.009659080 -0.959972858 -0.978726327 0.008332507 0.205000162 88.424987793
0.181578383 0.009569285 0.983329177 1.650762558 0.013667758 0.999832273 -0.012253729 -0.966897845 -0.983281314 0.015664920 0.181417167 88.474121094
0.161357999 0.015935402 0.986766517 2.066090584 0.020560216 0.999599159 -0.019504681 -0.963387370 -0.986681700 0.023435371 0.160965741 88.516304016
0.141525716 0.022737859 0.989672601 2.491968155 0.022475710 0.999405563 -0.026175555 -0.960539103 -0.989679217 0.025948111 0.140930548 88.565071106
0.123774737 0.023549613 0.992030084 2.935299873 0.019974917 0.999457479 -0.026218181 -0.970789790 -0.992109060 0.023060871 0.123237230 88.617500305
0.108293444 0.019120734 0.993934274 3.400137901 0.017940724 0.999615490 -0.021184739 -0.989867568 -0.993956923 0.020126071 0.107908800 88.662094116
0.093788214 0.015896680 0.995464444 3.876437187 0.018422335 0.999674499 -0.017699577 -1.006112695 -0.995421529 0.019998789 0.093464874 88.698059082
0.080412850 0.013496761 0.996669471 4.364594460 0.020758977 0.999669611 -0.015212256 -1.018656731 -0.996545196 0.021913102 0.080106147 88.728080750
0.068691000 0.012684352 0.997556627 4.866075039 0.024404267 0.999599397 -0.014390787 -1.029483318 -0.997339249 0.025333151 0.068353988 88.752243042
0.058559828 0.013374112 0.998193562 5.391033649 0.027478289 0.999510705 -0.015003796 -1.039117694 -0.997905552 0.028307268 0.058163732 88.772766113
0.050559111 0.013950623 0.998622894 5.927430630 0.029577302 0.999443889 -0.015459555 -1.049304485 -0.998282850 0.030318191 0.050118428 88.794128418
0.044874117 0.014364589 0.998888552 6.481039047 0.031381637 0.999383807 -0.015781499 -1.059427500 -0.998499572 0.032054931 0.044395737 88.813766479
0.039260015 0.015490187 0.999108076 7.053507805 0.032646853 0.999327183 -0.016776437 -1.069861531 -0.998695552 0.033276383 0.038727943 88.831123352
0.033146448 0.016302681 0.999316633 7.642607689 0.033203520 0.999298096 -0.017403699 -1.080381513 -0.998898745 0.033757702 0.032581925 88.848724365
0.028721876 0.016278744 0.999454021 8.248285294 0.035563633 0.999218762 -0.017296914 -1.094484091 -0.998954535 0.036041018 0.028120557 88.862022400
0.025775971 0.016256172 0.999534726 8.875887871 0.037044950 0.999166369 -0.017205492 -1.108167887 -0.998981118 0.037471201 0.025152331 88.874809265
0.022499315 0.015851425 0.999620318 9.523139954 0.037712142 0.999150097 -0.016692780 -1.121547937 -0.999035239 0.038073409 0.021882461 88.890907288
0.019912831 0.015397561 0.999682248 10.189702034 0.039587736 0.999086022 -0.016176926 -1.134087563 -0.999017656 0.039897289 0.019285137 88.903816223
0.019102819 0.015135538 0.999702036 10.871003151 0.043881446 0.998910129 -0.015962049 -1.147964120 -0.998854101 0.044173300 0.018417889 88.912460327
0.020079020 0.014830565 0.999687493 11.567831993 0.047266565 0.998758614 -0.015766142 -1.163604975 -0.998680413 0.047568377 0.019353170 88.922920227
0.022336436 0.014751009 0.999640763 12.282636642 0.048910689 0.998678505 -0.015829686 -1.179418564 -0.998553336 0.049246702 0.021585498 88.941001892
0.026279647 0.014552346 0.999547720 13.016621590 0.051617268 0.998541176 -0.015894784 -1.197210073 -0.998321116 0.052011654 0.025490222 88.957656860
0.030512903 0.014081227 0.999434114 13.768123627 0.052045465 0.998522699 -0.015657334 -1.212023020 -0.998178482 0.052493785 0.029735025 88.981842041
0.034644105 0.012494775 0.999320686 14.537366867 0.053647794 0.998457611 -0.014343824 -1.226288795 -0.997958779 0.054108299 0.033920430 89.007301331
0.038592730 0.010946760 0.999194086 15.321011543 0.053376652 0.998490512 -0.013000660 -1.242244720 -0.997828484 0.053835381 0.037950244 89.041358948
0.042826839 0.008697776 0.999043584 16.117313385 0.050303776 0.998675585 -0.010850982 -1.262306809 -0.997815311 0.050720394 0.042332664 89.079612732
0.046874397 0.007547225 0.998871207 16.926277161 0.049579196 0.998721957 -0.009872713 -1.277639627 -0.997669578 0.049986023 0.046440378 89.122459412
0.051162407 0.008496663 0.998653054 17.743162155 0.047098860 0.998831332 -0.010911112 -1.292915106 -0.997579038 0.047593676 0.050702497 89.166580200
0.054399978 0.012588851 0.998438716 18.562944412 0.045275621 0.998861670 -0.015061019 -1.311579943 -0.997492135 0.046024270 0.053768154 89.215515137
0.055831261 0.017853606 0.998279512 19.386880875 0.039433770 0.999021113 -0.020072294 -1.330825090 -0.997661173 0.040486604 0.055072650 89.271133423
0.055901203 0.020826411 0.998218000 20.220701218 0.036766879 0.999061882 -0.022902993 -1.356019735 -0.997759104 0.037981678 0.055083126 89.321456909
0.056284308 0.020220263 0.998209000 21.056570053 0.034589734 0.999155760 -0.022189789 -1.383401513 -0.997815430 0.035776738 0.055537466 89.370635986
0.056279168 0.018368442 0.998245001 21.889945984 0.031864688 0.999288917 -0.020184115 -1.412672997 -0.997906446 0.032944720 0.055653922 89.424095154
0.056161094 0.017174296 0.998273015 22.715518951 0.032789037 0.999281526 -0.019036299 -1.439004421 -0.997883081 0.033801530 0.055557691 89.471633911
0.056635655 0.016517030 0.998257279 23.543582916 0.030331945 0.999373615 -0.018256364 -1.465672731 -0.997934043 0.031313058 0.056099262 89.523857117
0.056901965 0.016838495 0.998236775 24.367185593 0.028909482 0.999411225 -0.018506214 -1.492684484 -0.997961104 0.029911568 0.056381743 89.573951721
0.057117827 0.017392334 0.998214960 25.192974091 0.026205061 0.999478102 -0.018913789 -1.519350529 -0.998023391 0.027238613 0.056632325 89.625068665
0.055910543 0.018679053 0.998260140 26.011857986 0.023541741 0.999522865 -0.020021204 -1.546218514 -0.998158097 0.024620194 0.055444207 89.675682068
0.053290326 0.018363224 0.998409331 26.831825256 0.020722199 0.999595702 -0.019491093 -1.570632219 -0.998363853 0.021727938 0.052888330 89.721862793
0.049380232 0.017094538 0.998632789 27.651210785 0.018406089 0.999668658 -0.018022407 -1.596388459 -0.998610258 0.019270889 0.049049288 89.767707825
0.044551887 0.014715008 0.998897731 28.471263885 0.016582649 0.999743223 -0.015467062 -1.621317387 -0.998869181 0.017253472 0.044296503 89.808013916
0.038347099 0.012622466 0.999183774 29.288013458 0.014521916 0.999807954 -0.013187675 -1.646013975 -0.999158859 0.015015782 0.038156498 89.842575073
0.030933071 0.012860864 0.999437809 30.098352432 0.014078977 0.999812841 -0.013301436 -1.669989347 -0.999422133 0.014482525 0.030746277 89.868591309
0.022232743 0.013770305 0.999656916 30.906524658 0.013712862 0.999807239 -0.014077348 -1.693394899 -0.999658763 0.014021149 0.022039691 89.885887146
0.012334513 0.014295820 0.999820590 31.712572098 0.014088444 0.999796510 -0.014469272 -1.713242888 -0.999824584 0.014264401 0.012130651 89.894203186
0.002109536 0.013203949 0.999909520 32.516990662 0.015153765 0.999797940 -0.013234439 -1.736867666 -0.999882877 0.015180329 0.001909069 89.892532349
-0.008626468 0.012229130 0.999886870 33.316299438 0.014178799 0.999826550 -0.012106057 -1.758770943 -0.999862134 0.014072778 -0.008798322 89.884605408
-0.019761771 0.011478139 0.999737680 34.111068726 0.015557383 0.999816895 -0.011171519 -1.778855562 -0.999683678 0.015332548 -0.019936688 89.864677429
-0.030715235 0.011802973 0.999457300 34.903335571 0.015625181 0.999814034 -0.011326987 -1.800942063 -0.999406040 0.015268804 -0.030893926 89.837219238
-0.041671142 0.012301005 0.999054492 35.692916870 0.015662903 0.999809682 -0.011656987 -1.824299812 -0.999008536 0.015162352 -0.041855868 89.801063538
-0.052177843 0.013446172 0.998546124 36.475917816 0.015371024 0.999801874 -0.012659883 -1.844106913 -0.998519480 0.014688128 -0.052374180 89.756828308
-0.062291585 0.014634643 0.997949541 37.245811462 0.016242165 0.999775112 -0.013647580 -1.862156868 -0.997925818 0.015358749 -0.062515274 89.699745178
-0.071700506 0.015280708 0.997308075 38.015232086 0.017091043 0.999754846 -0.014089448 -1.884761453 -0.997279763 0.016034832 -0.071944103 89.640403748
-0.081390560 0.015709836 0.996557295 38.779537201 0.017537290 0.999743700 -0.014327764 -1.907781601 -0.996527910 0.016310792 -0.081645243 89.578765869
-0.090808712 0.015911024 0.995740056 39.537445068 0.018013963 0.999735117 -0.014332037 -1.931611657 -0.995705366 0.016635777 -0.091071315 89.510726929
-0.099398702 0.015466133 0.994926393 40.284431458 0.019240137 0.999722183 -0.013618486 -1.952154279 -0.994861662 0.017788885 -0.099668719 89.434234619
-0.106704488 0.014317338 0.994186521 41.021503448 0.021001481 0.999705732 -0.012142763 -1.973117352 -0.994068861 0.019583730 -0.106973819 89.351524353
-0.111937404 0.012729673 0.993632615 41.748619080 0.023877930 0.999663770 -0.010116975 -1.992552042 -0.993428230 0.022593450 -0.112203777 89.264907837
-0.115647495 0.011139378 0.993226767 42.458190918 0.026853815 0.999606848 -0.008084175 -2.012268066 -0.992927074 0.025737051 -0.115901217 89.174880981
-0.118402392 0.009872822 0.992915571 43.167640686 0.028142324 0.999582410 -0.006583218 -2.031564236 -0.992566705 0.027163513 -0.118630841 89.090408325
-0.120053567 0.009029925 0.992725253 43.857231140 0.028408326 0.999580562 -0.005656766 -2.047804832 -0.992360771 0.027522586 -0.120259777 89.005661011
-0.120745897 0.009577562 0.992636144 44.530307770 0.029455477 0.999547899 -0.006061236 -2.062446356 -0.992246211 0.028506739 -0.120973460 88.920951843
-0.119852103 0.010602660 0.992733955 45.191928864 0.030376066 0.999514163 -0.007007791 -2.079110146 -0.992326856 0.029315494 -0.120115995 88.840957642
-0.116932280 0.012241271 0.993063271 45.836303711 0.031346995 0.999471486 -0.008629184 -2.094704866 -0.992645025 0.030120561 -0.117254257 88.766899109
-0.111765757 0.012867047 0.993650019 46.462165833 0.031598203 0.999456882 -0.009388070 -2.108772755 -0.993232012 0.030348342 -0.112111643 88.699676514
-0.103680782 0.013650198 0.994515717 47.069347382 0.031256050 0.999456942 -0.010459490 -2.125109434 -0.994119465 0.030000236 -0.104051121 88.641227722
-0.092511386 0.013626656 0.995617151 47.651756287 0.030387841 0.999479473 -0.010855915 -2.142147064 -0.995247841 0.029250406 -0.092877328 88.594200134
-0.078697175 0.013922062 0.996800184 48.214172363 0.029927896 0.999485135 -0.011596756 -2.160448074 -0.996449232 0.028919542 -0.079073325 88.558143616
-0.061398562 0.015266296 0.997995496 48.761348724 0.029406231 0.999476969 -0.013479831 -2.178068876 -0.997680068 0.028519683 -0.061815359 88.535552979
-0.040153638 0.017789919 0.999034047 49.296772003 0.028033048 0.999468267 -0.016670935 -2.196352720 -0.998800218 0.027336610 -0.040630963 88.529167175
-0.015510926 0.020836335 0.999661386 49.831260681 0.026349852 0.999444485 -0.020422960 -2.215224504 -0.999532580 0.026024191 -0.016051289 88.537528992
0.012827385 0.022557827 0.999661982 50.356731415 0.024665449 0.999434471 -0.022869190 -2.234672785 -0.999613464 0.024950504 0.012263814 88.563591003
0.045967128 0.022007914 0.998699248 50.879688263 0.022705082 0.999476194 -0.023070080 -2.252358437 -0.998684943 0.023736054 0.045443483 88.607963562
0.084096365 0.019573973 0.996264100 51.395671844 0.021885831 0.999529779 -0.021485556 -2.270110607 -0.996217251 0.023610966 0.083628595 88.671173096
0.126362175 0.015826300 0.991856635 51.906097412 0.019917756 0.999630868 -0.018487863 -2.289231062 -0.991784155 0.022091767 0.126000494 88.757919312
0.171776891 0.011361884 0.985069215 52.412681580 0.017519800 0.999740303 -0.014586215 -2.309693336 -0.984980106 0.019763827 0.171533480 88.869232178
0.220004410 0.008191576 0.975463271 52.916496277 0.013249725 0.999847591 -0.011384667 -2.324175358 -0.975408912 0.015429330 0.219862640 89.013229370
0.271639675 0.006738703 0.962374270 53.403820038 0.009843912 0.999903858 -0.009780032 -2.336692810 -0.962348759 0.012130199 0.271547586 89.180122375
0.326571137 0.006729349 0.945147395 53.870384216 0.009333845 0.999903142 -0.010344272 -2.345610142 -0.945126474 0.012200028 0.326477110 89.366050720
0.384477109 0.007584979 0.923102081 54.322238922 0.011890762 0.999842763 -0.013168108 -2.351990461 -0.923057735 0.016039254 0.384326935 89.585029602
0.445431262 0.010917233 0.895248294 54.742828369 0.012993685 0.999741673 -0.018656503 -2.367365837 -0.895221531 0.019942800 0.445174843 89.816902161
0.504646659 0.014050652 0.863210261 55.123287201 0.014613457 0.999585450 -0.024813715 -2.385384560 -0.863202035 0.025136689 0.504232645 90.087982178
0.563849568 0.018513339 0.825668573 55.499366760 0.010798668 0.999498069 -0.029785402 -2.396101713 -0.825806499 0.025710650 0.563367426 90.380348206
0.620298922 0.022449113 0.784042716 55.839996338 0.006623551 0.999404967 -0.033855725 -2.402680874 -0.784336984 0.026193865 0.619781733 90.695846558
0.673851907 0.023594670 0.738487959 56.167396545 0.004963750 0.999323070 -0.036457632 -2.415973663 -0.738849163 0.028232766 0.673279226 91.037155151
0.723410785 0.022106489 0.690062165 56.466022491 0.004418290 0.999318719 -0.036645472 -2.429752350 -0.690402925 0.029558681 0.722821057 91.396781921
0.768757403 0.018835034 0.639261067 56.738639832 0.002027560 0.999489546 -0.031886984 -2.446448088 -0.639536083 0.025809547 0.768327832 91.788879395
0.810060978 0.014158857 0.586172462 56.984127045 0.000962683 0.999675095 -0.025477272 -2.460609198 -0.586343408 0.021202490 0.809785128 92.200294495
0.845916629 0.013058769 0.533152997 57.204868317 -0.003094261 0.999803662 -0.019579189 -2.472003460 -0.533304572 0.014912684 0.845791876 92.658050537
0.877749145 0.010648740 0.478999406 57.407989502 -0.005130388 0.999904573 -0.012827820 -2.480551720 -0.479090840 0.008802189 0.877721250 93.096839905
0.903706789 0.012436403 0.427968204 57.576541901 -0.010125659 0.999919355 -0.007675238 -2.495728970 -0.428029656 0.002602728 0.903761029 93.529464722
0.924561381 0.015588380 0.380710870 57.734504700 -0.015313658 0.999875724 -0.003750910 -2.511376143 -0.380722463 -0.002362113 0.924686432 93.956489563
0.939909160 0.021735519 0.340728462 57.862365723 -0.022763291 0.999740481 -0.000981536 -2.519391060 -0.340661764 -0.006833537 0.940161169 94.425140381
0.951882958 0.026501855 0.305309772 57.985603333 -0.027212426 0.999627888 -0.001928966 -2.520612240 -0.305247575 -0.006472056 0.952251136 94.900848389
0.961299598 0.028041391 0.274069816 58.105995178 -0.028657829 0.999587893 -0.001755248 -2.520410776 -0.274006426 -0.006166915 0.961708188 95.378318787
0.967511058 0.022449503 0.251824796 58.229530334 -0.022770884 0.999739468 -0.001638273 -2.525128365 -0.251796216 -0.004149210 0.967771530 95.860275269
0.971556008 0.019630643 0.235989302 58.346435547 -0.019999377 0.999799669 -0.000831326 -2.532709837 -0.235958606 -0.003911944 0.971755326 96.346298218
0.974551618 0.023405487 0.222931936 58.453983307 -0.023706606 0.999718249 -0.001325823 -2.534524918 -0.222900376 -0.003992861 0.974833131 96.848617554
0.976590753 0.028926982 0.213145703 58.547267914 -0.029455788 0.999565959 -0.000695138 -2.535329819 -0.213073492 -0.005599495 0.977020144 97.354064941
0.977608323 0.036538366 0.207230195 58.640525818 -0.036859360 0.999317884 -0.002313448 -2.536110401 -0.207173541 -0.005376710 0.978289485 97.874641418
0.977973104 0.042351253 0.204382822 58.734497070 -0.042037204 0.999098897 -0.005880187 -2.542065859 -0.204447880 -0.002841003 0.978873432 98.403839111
0.978094161 0.043616880 0.203536138 58.842792511 -0.042806420 0.999048233 -0.008385030 -2.553784132 -0.203708336 -0.000511283 0.979031622 98.938240051
0.977695167 0.041995946 0.205781788 58.962280273 -0.040395182 0.999112189 -0.011976169 -2.564475060 -0.206102192 0.003396474 0.978524804 99.478981018
0.976876616 0.040943909 0.209840745 59.082622528 -0.037974808 0.999113858 -0.018160934 -2.573992252 -0.210398510 0.009772358 0.977567017 100.032752991
0.976029217 0.040773816 0.213779852 59.212272644 -0.036630303 0.999057174 -0.023309553 -2.579866648 -0.214528859 0.014920027 0.976603925 100.598289490
0.974864602 0.045659572 0.218063504 59.336036682 -0.041822124 0.998878956 -0.022183727 -2.601430416 -0.218832090 0.012506290 0.975682557 101.166259766
0.973344386 0.049019348 0.224043027 59.458641052 -0.046037171 0.998768151 -0.018518461 -2.612435818 -0.224674985 0.007710564 0.974403441 101.786300659
0.972237945 0.046524253 0.229317516 59.592639923 -0.044588041 0.998912632 -0.013620751 -2.627574444 -0.229702055 0.003017819 0.973256588 102.395637512
0.971574485 0.041981664 0.232976943 59.752914429 -0.041140206 0.999117553 -0.008472247 -2.638447285 -0.233127207 -0.001353279 0.972445548 103.017852783
0.970755041 0.039590012 0.236780658 59.904846191 -0.039851271 0.999198973 -0.003684745 -2.650866508 -0.236737028 -0.005859010 0.971556365 103.651626587
0.970183969 0.035247471 0.239788070 60.063304901 -0.035573848 0.999362648 -0.002968558 -2.659592867 -0.239740133 -0.005650125 0.970821083 104.287948608
0.970199645 0.031983074 0.240182176 60.225173950 -0.031470750 0.999486804 -0.005969457 -2.670025826 -0.240250051 -0.001767130 0.970709801 104.932243347
0.970334768 0.031373315 0.239715457 60.388053894 -0.029092975 0.999491572 -0.013046444 -2.680788040 -0.240003139 0.005685413 0.970755756 105.585914612
0.970443785 0.033773426 0.238946944 60.545780182 -0.029927012 0.999357700 -0.019708363 -2.692284584 -0.239459366 0.011974931 0.970832884 106.253929138
0.971041560 0.036891468 0.236039892 60.712882996 -0.032234028 0.999202609 -0.023561556 -2.701018810 -0.236721158 0.015270778 0.971457899 106.943550110
0.971661031 0.035219505 0.233734772 60.877883911 -0.031567760 0.999314368 -0.019347522 -2.714277506 -0.234256148 0.011420788 0.972108185 107.646011353
0.972132444 0.031045517 0.232362285 61.050010681 -0.029118892 0.999507308 -0.011717905 -2.730823994 -0.232611835 0.004625250 0.972558916 108.361633301
0.972680390 0.031434633 0.230005190 61.216278076 -0.030929588 0.999504745 -0.005801854 -2.750297070 -0.230073899 -0.001470596 0.973172486 109.085777283
0.972972691 0.034768336 0.228282362 61.377891541 -0.034183383 0.999394417 -0.006517261 -2.763586521 -0.228370905 -0.001462326 0.973573565 109.818542480
0.973259509 0.040331632 0.226134911 61.537132263 -0.038811743 0.999184310 -0.011165158 -2.774599552 -0.226400971 0.002089933 0.974032402 110.559806824
0.974145472 0.041251495 0.222119302 61.704307556 -0.038534101 0.999120176 -0.016555922 -2.785056114 -0.222607061 0.007568740 0.974879324 111.309570312
0.975106895 0.040088657 0.218075991 61.872917175 -0.036726978 0.999136209 -0.019448714 -2.799829960 -0.218667507 0.010955341 0.975738525 112.064193726
0.976060569 0.037733767 0.214195684 62.043960571 -0.034687750 0.999236822 -0.017963132 -2.817604065 -0.214710236 0.010103175 0.976626098 112.838195801
0.976958096 0.033574171 0.210768461 62.218963623 -0.030930957 0.999396384 -0.015826119 -2.838914633 -0.211172789 0.008942220 0.977408290 113.628120422
0.977399886 0.032308463 0.208909824 62.389190674 -0.030260881 0.999457717 -0.012991060 -2.858887196 -0.209216461 0.006375699 0.977849007 114.426551819
0.977772951 0.028836010 0.207668900 62.562324524 -0.027215641 0.999572933 -0.010656266 -2.875201702 -0.207887679 0.004767595 0.978141546 115.232604980
0.978010535 0.023700289 0.207199067 62.738121033 -0.022209546 0.999708116 -0.009518381 -2.889674187 -0.207364365 0.004707308 0.978252888 116.043136597
0.978101194 0.024536306 0.206673399 62.905876160 -0.023410428 0.999694943 -0.007891939 -2.905055523 -0.206804171 0.002880826 0.978378594 116.862197876
0.977865100 0.029939003 0.207078546 63.070152283 -0.028524939 0.999544978 -0.009811969 -2.921110630 -0.207278267 0.003687905 0.978275657 117.687576294
0.977581024 0.035508092 0.207538500 63.234355927 -0.033521328 0.999352396 -0.013083328 -2.937632084 -0.207868889 0.005833079 0.978139937 118.512596130
0.977035165 0.044228218 0.208431959 63.398323059 -0.042091303 0.999006033 -0.014679007 -2.953188896 -0.208874166 0.005568765 0.977927268 119.350708008
0.976093233 0.050284378 0.211450219 63.564914703 -0.048387505 0.998728573 -0.014139246 -2.972047329 -0.211892590 0.003569705 0.977287054 120.194213867
0.975322664 0.052672941 0.214404002 63.740470886 -0.051274769 0.998611569 -0.012081767 -2.993852854 -0.214742914 0.000790131 0.976670861 121.039482117
0.974754572 0.053295802 0.216820076 63.924102783 -0.051747397 0.998577952 -0.012817152 -3.014013767 -0.217195123 0.001273729 0.976127863 121.882568359
0.974412143 0.051733185 0.218729436 64.110267639 -0.049512990 0.998651266 -0.015623718 -3.032152653 -0.219242930 0.004394022 0.975660920 122.723915100
0.974492311 0.045274813 0.219801828 64.309288025 -0.043179400 0.998964548 -0.014330881 -3.051812649 -0.220223308 0.004474448 0.975439847 123.565170288
0.974711180 0.038544599 0.220114633 64.508186340 -0.035949539 0.999228895 -0.015784869 -3.076902628 -0.220553592 0.007472700 0.975346863 124.406646729
0.974407852 0.038301107 0.221495688 64.700012207 -0.035731204 0.999239683 -0.015599591 -3.102228642 -0.221925065 0.007286087 0.975037158 125.245460510
0.973926127 0.040795386 0.223162726 64.888183594 -0.038923528 0.999160528 -0.012782259 -3.122298717 -0.223497093 0.003762724 0.974698007 126.093544006
0.973531961 0.043318599 0.224403292 65.073799133 -0.042813588 0.999057710 -0.007118462 -3.138458490 -0.224500492 -0.002677441 0.974471092 126.944122314
0.973161817 0.046836786 0.225300074 65.261894226 -0.047390789 0.998871982 -0.002951904 -3.158893347 -0.225184500 -0.007804460 0.974285603 127.790206909
0.972970724 0.046339132 0.226226419 65.452804565 -0.045369655 0.998925149 -0.009486026 -3.178136826 -0.226423085 -0.001034169 0.974029303 128.624084473
0.973284543 0.042132948 0.225698650 65.648895264 -0.037727416 0.999004543 -0.023799486 -3.201792717 -0.226476982 0.014648694 0.973907113 129.441070557
