1.000000000 0.000000000 0.000000000 0.000000000 0.000000000 1.000000000 0.000000000 0.000000000 0.000000000 0.000000000 1.000000000 0.000000000
0.999997437 -0.000542023 0.002205709 -0.021287523 0.000552466 0.999988616 -0.004736800 0.029798660 -0.002203116 0.004738006 0.999986351 0.052521884
0.999960780 -0.005398893 0.007020894 -0.051896792 0.005483754 0.999911487 -0.012124441 0.062987022 -0.006954813 0.012162467 0.999901831 0.124327503
0.999877810 -0.007519890 0.013705238 -0.087089181 0.007774127 0.999796927 -0.018592451 0.089341350 -0.013562641 0.018696725 0.999733210 0.217131093
0.999633908 -0.005486487 0.026493547 -0.189865738 0.006121651 0.999694347 -0.023952970 0.106793866 -0.026354032 0.024106385 0.999361992 0.327034175
0.999081016 -0.002522484 0.042787243 -0.333762228 0.003789361 0.999556005 -0.029553533 0.132566661 -0.042693697 0.029688509 0.998647034 0.443387628
0.997866869 0.001867710 0.065254755 -0.575752914 0.000454540 0.999367654 -0.035554484 0.163602784 -0.065279901 0.035508301 0.997235000 0.513140917
0.995194852 0.004722935 0.097800218 -0.968122661 -0.000565596 0.999096632 -0.042492647 0.200990751 -0.097912557 0.042233150 0.994298518 0.496500909
0.991388798 0.007340549 0.130745322 -1.372138143 -0.000773777 0.998738587 -0.050205819 0.249756232 -0.130948931 0.049672320 0.990143955 0.473704576
0.986388385 0.010495339 0.164096758 -1.785490513 -0.000945925 0.998306572 -0.058163956 0.301840872 -0.164429322 0.057217032 0.984727979 0.465382040
0.977860570 0.023303432 0.207956597 -2.412339449 -0.008869489 0.997502446 -0.070072830 0.503296435 -0.209070176 0.066676974 0.975624859 0.190327466
0.966131270 0.022833927 0.257038951 -2.785666943 -0.003971078 0.997274995 -0.073666379 0.537797868 -0.258020610 0.070150651 0.963589311 0.247135550
0.951320708 0.021878829 0.307425439 -3.149080038 0.001656392 0.997099876 -0.076087199 0.555231512 -0.308198512 0.072892532 0.948525369 0.372396469
0.934408545 0.018626880 0.355716050 -3.474019766 0.010270724 0.996807694 -0.079176843 0.583634555 -0.356055319 0.077636957 0.931234241 0.508937120
0.915583491 0.016520083 0.401788771 -3.750944138 0.019320481 0.996194661 -0.084986776 0.638783693 -0.401663899 0.085575223 0.911780179 0.666427732
0.894306064 0.015435167 0.447189689 -4.016963959 0.028099835 0.995494902 -0.090555497 0.689776361 -0.446572781 0.093550272 0.889843345 0.846240282
0.871815026 0.012089982 0.489686221 -4.182018757 0.039315175 0.994742990 -0.094554417 0.754606962 -0.488255113 0.101686031 0.866756558 1.065380573
0.847096682 0.009506182 0.531353831 -4.312582970 0.050835099 0.993805885 -0.098822191 0.829578161 -0.529001892 0.110723369 0.841366410 1.315109491
0.820422649 0.008146596 0.571699500 -4.316267967 0.064565539 0.992182672 -0.106793761 0.947858334 -0.568100333 0.124528095 0.813483179 1.666030169
0.794820368 0.002130223 0.606841087 -4.164004803 0.082492866 0.990332067 -0.111522838 1.042965531 -0.601211727 0.138700679 0.786960363 2.042987108
0.765744388 0.003764801 0.643134117 -3.545922041 0.087057054 0.990172625 -0.109450378 0.925864100 -0.637225688 0.139800370 0.757891357 2.766849995
0.735271454 0.003901662 0.677761614 -2.897604465 0.094638377 0.989596128 -0.108365536 0.809456050 -0.671132982 0.143820316 0.727252603 3.453784704
0.703141093 0.004228995 0.711037934 -2.215714931 0.103632495 0.988695085 -0.108361989 0.698229671 -0.703457832 0.149880365 0.694753945 4.116364956
0.670329511 0.004770968 0.742048323 -1.505549788 0.109396152 0.988418102 -0.105178088 0.589661956 -0.733955622 0.151681200 0.662043869 4.748212337
0.637488902 0.002144968 0.770456553 -0.754972696 0.118235931 0.987878501 -0.100580722 0.481788427 -0.761333227 0.155214712 0.629507959 5.353255749
0.605599940 0.000690424 0.795768857 0.024983644 0.125670776 0.987367988 -0.096495256 0.376305729 -0.785783470 0.158442408 0.597863376 5.923858643
0.574418724 0.002647883 0.818557322 0.823198318 0.130307153 0.986947000 -0.094635017 0.275377661 -0.808123291 0.161023989 0.566575885 6.474464417
0.544693947 0.001907457 0.838632762 1.652910709 0.133772761 0.986995757 -0.089130640 0.177546829 -0.827897012 0.160735086 0.537355661 7.004446983
0.514599681 0.000087573 0.857430577 2.509413958 0.138765365 0.986808777 -0.083382897 0.083194822 -0.846127391 0.161890447 0.507799387 7.508412361
0.484557718 -0.000023343 0.874759316 3.387230396 0.141507342 0.986831188 -0.078359202 -0.015562177 -0.863237977 0.161754370 0.478179991 7.993709087
0.454717934 0.003440259 0.890628934 4.281203747 0.141313836 0.987046361 -0.075961657 -0.100617051 -0.879353344 0.160399243 0.448341578 8.452003479
0.425965995 0.004997617 0.904725552 5.192956448 0.143093258 0.987026334 -0.072823934 -0.184601605 -0.893351912 0.160480589 0.419724613 8.882017136
0.397530556 0.004738493 0.917576909 6.137482643 0.147071064 0.986729324 -0.068812624 -0.266110599 -0.905726135 0.162304074 0.391558230 9.282677650
0.368726581 0.004287382 0.929528177 7.098232746 0.150599509 0.986502171 -0.064290255 -0.341121197 -0.917257071 0.163691968 0.363104016 9.654868126
0.339795858 0.004035538 0.940490663 8.083566666 0.151134744 0.986760437 -0.058838539 -0.413061738 -0.928276420 0.162133828 0.334687352 10.008367538
0.311787605 0.003778054 0.950144649 9.082403183 0.153450295 0.986664474 -0.054277644 -0.477864504 -0.937678933 0.162722975 0.307050079 10.333173752
0.285639524 0.003480354 0.958331108 10.107872963 0.157834873 0.986166894 -0.050625652 -0.537263691 -0.945250452 0.165718704 0.281139016 10.632522583
0.261207908 0.003198801 0.965277612 11.153100014 0.163224876 0.985447884 -0.047434993 -0.594988525 -0.951382220 0.169947639 0.256884724 10.907913208
0.239127040 0.002642422 0.970985115 12.217952728 0.168493584 0.984712362 -0.044175182 -0.650935352 -0.956257522 0.174168110 0.235026166 11.160530090
0.219120711 0.001442496 0.975697041 13.317194939 0.175260767 0.983675599 -0.040814165 -0.701066494 -0.959828019 0.179944545 0.215290964 11.397183418
0.201721579 -0.000062044 0.979443252 14.430877686 0.180296734 0.982913375 -0.037070848 -0.750121951 -0.962705374 0.184068277 0.198286101 11.615049362
0.186313793 -0.000668160 0.982490420 15.553401947 0.184049338 0.982320487 -0.034234051 -0.796213090 -0.965097427 0.187204853 0.183142960 11.818259239
0.172048852 -0.001678301 0.985087395 16.689937592 0.187082052 0.981854796 -0.031001762 -0.839845777 -0.967160523 0.189625874 0.169241071 12.010228157
0.158680409 -0.002721068 0.987326622 17.835931778 0.187765077 0.981829464 -0.027471207 -0.882532954 -0.969311535 0.189744487 0.156308174 12.192521095
0.146407887 -0.002462856 0.989221632 18.993188858 0.188134104 0.981814563 -0.025400063 -0.922473013 -0.971169710 0.189824969 0.144208893 12.360627174
0.135067329 0.000235411 0.990836740 20.158481598 0.188681230 0.981695116 -0.025953634 -0.963373661 -0.972705781 0.190457672 0.132550672 12.518802643
0.124795720 0.003708827 0.992175817 21.345779419 0.189514503 0.981492400 -0.027506037 -0.998319685 -0.973915160 0.191464230 0.121783338 12.665429115
0.115440093 0.006140472 0.993295670 22.558162689 0.191049322 0.981173158 -0.028269181 -1.032920122 -0.974768579 0.193031803 0.112093739 12.800737381
0.107784435 0.007338719 0.994147480 23.802953720 0.191085860 0.981174827 -0.027960328 -1.069793582 -0.975637674 0.192981139 0.104353204 12.933416367
0.102029279 0.008299623 0.994746983 25.062309265 0.191123813 0.981172204 -0.027789606 -1.103342295 -0.976248801 0.192955136 0.098522201 13.056289673
0.096819200 0.009792145 0.995254099 26.347831726 0.192397550 0.980906725 -0.028367629 -1.141095400 -0.976529241 0.194230869 0.093086787 13.175827026
0.092046745 0.011601093 0.995687306 27.648815155 0.191478044 0.981064260 -0.029132020 -1.182131290 -0.977171183 0.193333685 0.088082567 13.295036316
0.087964058 0.012560004 0.996044755 28.979341507 0.192177340 0.980921268 -0.029341167 -1.221637011 -0.977409899 0.193998143 0.083872229 13.407377243
0.084966235 0.011612881 0.996316493 30.332485199 0.192023069 0.980996013 -0.027810147 -1.263043046 -0.977705419 0.193678603 0.081121765 13.518488884
0.082505859 0.009668252 0.996543944 31.720079422 0.192863464 0.980894268 -0.025484020 -1.302117348 -0.977750659 0.194299445 0.079065055 13.627882957
0.080220737 0.008517358 0.996740937 33.114788055 0.192785487 0.980949581 -0.023898421 -1.340216756 -0.977956235 0.194074318 0.077050641 13.736043930
0.077977665 0.009036768 0.996914387 34.538154602 0.195587605 0.980387628 -0.024185669 -1.374493599 -0.977581143 0.196869969 0.074681036 13.842525482
0.076830171 0.008910412 0.997004688 35.978443146 0.195391789 0.980435669 -0.023819454 -1.410981655 -0.977711201 0.196636513 0.073586173 13.950892448
0.076032177 0.009941371 0.997056007 37.443939209 0.197190985 0.980050862 -0.024808977 -1.449740648 -0.977412462 0.198496655 0.072555169 14.058274269
0.075848147 0.010270753 0.997066677 38.928264618 0.196951061 0.980092168 -0.025078254 -1.490339756 -0.977474988 0.198275372 0.072315469 14.167315483
0.076459490 0.011889042 0.997002006 40.435153961 0.196927980 0.980051458 -0.026789229 -1.532035589 -0.977432013 0.198385760 0.072593085 14.277546883
0.077393495 0.011725629 0.996931851 41.967346191 0.197362959 0.979962409 -0.026847690 -1.577627182 -0.977270782 0.198835179 0.073528655 14.392644882
0.078579962 0.010888736 0.996848524 43.522567749 0.196537226 0.980145931 -0.026199030 -1.623440266 -0.977342486 0.197976455 0.074879900 14.509719849
0.079679698 0.011595589 0.996753395 45.094814301 0.197687045 0.979887307 -0.027202364 -1.668603182 -0.977021635 0.199212581 0.075784959 14.627423286
0.080686584 0.012379001 0.996662855 46.681377411 0.197492555 0.979899347 -0.028159183 -1.714995027 -0.976978183 0.199105427 0.076620117 14.750573158
0.081502780 0.012830914 0.996590734 48.288673401 0.198414445 0.979693353 -0.028840052 -1.764328718 -0.976723611 0.200088441 0.077302046 14.875973701
0.082516111 0.012738628 0.996508658 49.933624268 0.198132545 0.979747653 -0.028930828 -1.816310525 -0.976695776 0.199827909 0.078321189 15.002628326
0.083312139 0.010903953 0.996464193 51.583759308 0.199966669 0.979418039 -0.027436240 -1.866248369 -0.976254284 0.201545238 0.079417139 15.130584717
0.083824985 0.008695018 0.996442914 53.245426178 0.201555714 0.979144633 -0.025499841 -1.917443752 -0.975883543 0.202976167 0.080324404 15.261768341
0.084587820 0.009552543 0.996370614 54.926628113 0.203122109 0.978790879 -0.026628291 -1.969718099 -0.975493014 0.204637259 0.080853596 15.394868851
0.085094012 0.010986660 0.996312857 56.625148773 0.204995036 0.978353441 -0.028297072 -2.023364067 -0.975057125 0.206646919 0.080999948 15.531124115
0.085616276 0.010795271 0.996270061 58.333541870 0.204259902 0.978511155 -0.028156336 -2.081269741 -0.975165665 0.205908567 0.081571594 15.671388626
0.085560203 0.010564769 0.996277332 60.058963776 0.204791874 0.978405476 -0.027962806 -2.139581680 -0.975059032 0.206421942 0.081549168 15.813453674
0.085709125 0.009533698 0.996274948 61.807876587 0.204612017 0.978471100 -0.026966074 -2.196827412 -0.975083709 0.206161037 0.081913382 15.956851959
0.085770793 0.009557471 0.996269405 63.570281982 0.206112638 0.978151679 -0.027128354 -2.250921726 -0.974762201 0.207670495 0.081927098 16.100072861
0.085658602 0.009238837 0.996282041 65.348976135 0.207050040 0.977960825 -0.026870795 -2.306703091 -0.974573374 0.208581880 0.081858039 16.245372772
0.085273661 0.010252981 0.996305168 67.141044617 0.207529530 0.977832556 -0.027825359 -2.365092516 -0.974505126 0.209135413 0.081255727 16.393562317
0.084539674 0.011177141 0.996357799 68.953712463 0.207082748 0.977906585 -0.028540900 -2.423746586 -0.974664092 0.208741188 0.080357462 16.539752960
0.083299316 0.012082353 0.996451676 70.769294739 0.206426337 0.978028417 -0.029115424 -2.486238956 -0.974909961 0.208119079 0.078975134 16.685953140
0.081805609 0.012850070 0.996565819 72.603164673 0.205719918 0.978165746 -0.029499900 -2.550943851 -0.975185871 0.207426608 0.077376045 16.831649780
0.080730259 0.012308084 0.996660352 74.447280884 0.204754770 0.978392959 -0.028667837 -2.613660336 -0.975478590 0.206385210 0.076465912 16.975793839
0.079636618 0.012135427 0.996750474 76.295478821 0.204605624 0.978436112 -0.028259724 -2.675567865 -0.975599766 0.206191167 0.075436510 17.121513367
0.079002187 0.011630644 0.996807098 78.171829224 0.202185169 0.978962123 -0.027446724 -2.738161087 -0.976155818 0.203707844 0.074988775 17.271154404
0.077209197 0.012726012 0.996934056 80.070091248 0.202060133 0.978968143 -0.028145608 -2.798346758 -0.976325154 0.203613684 0.073014058 17.415367126
0.074235283 0.013879230 0.997144520 81.977615356 0.200848222 0.979204774 -0.028582301 -2.861155510 -0.976805747 0.202396467 0.069904059 17.562591553
0.069868676 0.014858151 0.997445881 83.908493042 0.201475412 0.979072630 -0.028697371 -2.922857285 -0.976998687 0.202965841 0.065413103 17.700597763
0.064847440 0.014432508 0.997791171 85.844337463 0.199583799 0.979504406 -0.027139191 -2.988621235 -0.977732956 0.200902820 0.060637977 17.835586548
0.059708577 0.014048298 0.998117208 87.786010742 0.198183924 0.979828894 -0.025646538 -3.053280830 -0.978344858 0.199342132 0.055720154 17.957046509
0.054931205 0.015154254 0.998375475 89.738250732 0.197141841 0.980037093 -0.025722798 -3.117047787 -0.978835166 0.198234499 0.050847188 18.064958572
0.050022878 0.016940588 0.998604596 91.700737000 0.197646260 0.979914129 -0.026524207 -3.181856632 -0.978996456 0.198697254 0.045669995 18.166170120
0.045127619 0.018746169 0.998805642 93.680984497 0.197546199 0.979912519 -0.027317066 -3.249202013 -0.979254484 0.198542967 0.040518008 18.253089905
0.040085752 0.019395273 0.999008298 95.671371460 0.196510613 0.980131865 -0.026913933 -3.316203356 -0.979682088 0.197394595 0.035478063 18.334753036
0.034605306 0.019604499 0.999208927 97.678359985 0.194853529 0.980487704 -0.025985532 -3.383305788 -0.980221868 0.195598617 0.030110180 18.410942078
0.028745385 0.019444378 0.999397814 99.689849854 0.193255931 0.980838537 -0.024641884 -3.448591232 -0.980727375 0.193847850 0.024436943 18.475923538
0.022944989 0.019178579 0.999553084 101.709777832 0.192813784 0.980959654 -0.023247950 -3.510305882 -0.980967224 0.193260968 0.018810315 18.525457382
0.017254792 0.018969625 0.999671340 103.739776611 0.193131685 0.980926991 -0.021947512 -3.571307898 -0.981021285 0.193446860 0.013262156 18.561605453
0.011477862 0.020548424 0.999723136 105.777175903 0.193971753 0.980751395 -0.022385510 -3.631597996 -0.980940163 0.194174960 0.007271214 18.586702347
0.005626579 0.021749089 0.999747813 107.827041626 0.193889394 0.980766654 -0.022427406 -3.690563440 -0.981007457 0.193966672 0.001301539 18.596967697
-0.000613808 0.021774242 0.999762893 109.877525330 0.194510147 0.980670214 -0.021239027 -3.748512030 -0.980900526 0.194450989 -0.004837163 18.594863892
-0.006394309 0.021956325 0.999738514 111.955360413 0.194006890 0.980789840 -0.020299328 -3.805999994 -0.980979681 0.193826407 -0.010531060 18.581388474
-0.011890222 0.022903373 0.999666989 114.030357361 0.193669587 0.980859101 -0.020168949 -3.864915133 -0.980995119 0.193365321 -0.016098240 18.548408508
-0.017389739 0.024283068 0.999553859 116.126930237 0.193139672 0.980957329 -0.020471161 -3.916290522 -0.981017530 0.192697525 -0.021748537 18.516868591
-0.026266111 0.026096238 0.999314308 118.260025024 0.193024114 0.980978549 -0.020543963 -3.961843014 -0.980842769 0.192352191 -0.030803626 18.535276413
-0.032794200 0.026129490 0.999120533 120.399887085 0.195242196 0.980566025 -0.019235816 -4.024809837 -0.980207145 0.194439664 -0.037258398 18.498853683
-0.036582913 0.026637986 0.998975694 122.513145447 0.196446046 0.980331123 -0.018946912 -4.078813076 -0.979832470 0.195551649 -0.041096240 18.419361115
-0.039914008 0.028083039 0.998808563 124.615730286 0.196840003 0.980237365 -0.019694865 -4.115307331 -0.979623199 0.195819363 -0.044653021 18.345241547
-0.043580715 0.028522197 0.998642862 126.751434326 0.195962578 0.980418086 -0.019449905 -4.163357735 -0.979642868 0.194848910 -0.048316568 18.259471893
-0.047493063 0.029975079 0.998422027 128.888641357 0.194250777 0.980743289 -0.020204209 -4.208030224 -0.979801893 0.192984581 -0.052401155 18.167535782
-0.051444598 0.031707596 0.998172581 131.055206299 0.193071812 0.980954826 -0.021210007 -4.253928185 -0.979835391 0.191627726 -0.056586638 18.063194275
-0.056044452 0.032026984 0.997914672 133.223419189 0.192152709 0.981146216 -0.020697247 -4.307149887 -0.979763746 0.190591961 -0.061141841 17.945003510
-0.060720429 0.033073518 0.997606933 135.399185181 0.192740008 0.981028914 -0.020792602 -4.363433361 -0.979369700 0.191016182 -0.065943085 17.817199707
-0.065465048 0.034023486 0.997274995 137.580978394 0.192597300 0.981056273 -0.020827338 -4.424657822 -0.979092062 0.190708935 -0.070777737 17.676544189
-0.070113987 0.034288105 0.996949732 139.765045166 0.192224458 0.981141984 -0.020225583 -4.485217094 -0.978843451 0.190219939 -0.075382791 17.519758224
-0.074525058 0.033779077 0.996647060 141.953750610 0.192231148 0.981167495 -0.018880220 -4.544734001 -0.978516161 0.190179482 -0.079614960 17.355155945
-0.078707419 0.034024082 0.996317148 144.150924683 0.193144858 0.981000006 -0.018242911 -4.601292133 -0.978008628 0.190997645 -0.083783545 17.180126190
-0.082918540 0.034954425 0.995943308 146.359176636 0.194730923 0.980687082 -0.018206434 -4.657148361 -0.977345943 0.192431271 -0.088123858 16.994895935
-0.086715467 0.036212996 0.995574892 148.569229126 0.195264906 0.980572402 -0.018659577 -4.713686466 -0.976909816 0.192782730 -0.092101932 16.797391891
-0.090376608 0.038184926 0.995175660 150.806060791 0.195771113 0.980448246 -0.019840974 -4.769842625 -0.976476550 0.193033382 -0.096085124 16.593547821
-0.094002120 0.039241802 0.994798481 153.039672852 0.196926638 0.980212390 -0.020058149 -4.830466270 -0.975901723 0.194016695 -0.099869825 16.374755859
-0.097498000 0.040201753 0.994423628 155.285385132 0.196924791 0.980207384 -0.020319626 -4.891683578 -0.975559056 0.193845451 -0.103485003 16.148529053
-0.101198353 0.040289212 0.994050324 157.534973145 0.197380081 0.980129838 -0.019630948 -4.952466965 -0.975090086 0.194219023 -0.107139841 15.911779404
-0.105539881 0.040464077 0.993591666 159.798400879 0.197107226 0.980197608 -0.018981798 -5.013553619 -0.974684954 0.193840638 -0.111425705 15.668540955
-0.109575316 0.040915977 0.993136227 162.077148438 0.199420482 0.979741275 -0.018361572 -5.072482586 -0.973768532 0.196039602 -0.115514956 15.411209106
-0.113042884 0.040784955 0.992752910 164.363800049 0.201553479 0.979324400 -0.017282797 -5.129342079 -0.972932756 0.198138997 -0.118925996 15.142826080
-0.115873702 0.040267441 0.992447734 166.647476196 0.202428028 0.979164243 -0.016093940 -5.183321953 -0.972417891 0.199034259 -0.121610671 14.866704941
-0.118988685 0.039834298 0.992096424 168.941329956 0.202024192 0.979263723 -0.015088969 -5.236659527 -0.972125649 0.198632032 -0.124568820 14.584653854
-0.122332618 0.040696114 0.991654634 171.255065918 0.201135874 0.979441941 -0.015382402 -5.290605545 -0.971894801 0.197575510 -0.128003195 14.297067642
-0.125425518 0.042876296 0.991176307 173.555175781 0.200423717 0.979560971 -0.017011829 -5.345019341 -0.971647799 0.196521491 -0.131455421 13.999649048
-0.128805652 0.044969570 0.990650058 175.866653442 0.200037405 0.979613721 -0.018459480 -5.401030540 -0.971284986 0.195789322 -0.135175467 13.693828583
-0.132282257 0.046329249 0.990128994 178.174896240 0.199280635 0.979753315 -0.019219697 -5.458984375 -0.970973372 0.194771066 -0.138836533 13.382492065
-0.135759011 0.047629215 0.989596546 180.486175537 0.197819188 0.980033219 -0.020030901 -5.519007206 -0.970792174 0.193041757 -0.142470360 13.063606262
-0.139759138 0.048114974 0.989016175 182.811172485 0.199028447 0.979798317 -0.019541606 -5.579727173 -0.969977021 0.194111153 -0.146512076 12.730024338
-0.143469706 0.047696337 0.988505006 185.140380859 0.199022979 0.979821682 -0.018391579 -5.638225079 -0.969436109 0.194096521 -0.150067478 12.386545181
-0.147388995 0.047207423 0.987951577 187.483596802 0.199031278 0.979842842 -0.017127214 -5.697354794 -0.968846262 0.194108874 -0.153813913 12.031497955
-0.151600972 0.047250759 0.987312078 189.840484619 0.199299857 0.979802549 -0.016289085 -5.754324913 -0.968141019 0.194301590 -0.157956183 11.664764404
-0.155608490 0.047690365 0.986667097 192.193313599 0.198596984 0.979949355 -0.016044710 -5.812636375 -0.967649519 0.193452343 -0.161959723 11.290552139
-0.159611762 0.048509952 0.985987425 194.546127319 0.197978914 0.980072379 -0.016170109 -5.871990204 -0.967123985 0.192623645 -0.166035146 10.905742645
-0.163030759 0.049293559 0.985388994 196.897903442 0.198242247 0.980018139 -0.016226124 -5.932550430 -0.966499686 0.192700222 -0.169545233 10.509765625
-0.166095182 0.049856920 0.984848738 199.277450562 0.199172378 0.979833126 -0.016012529 -5.992838860 -0.965786278 0.193494931 -0.172675774 10.100067139
-0.168855324 0.049445197 0.984400034 201.641723633 0.200301036 0.979621291 -0.014847339 -6.050013065 -0.965073943 0.194669157 -0.175318271 9.685005188
-0.171572864 0.048706323 0.983967006 204.009948730 0.201609373 0.979374826 -0.013324711 -6.103667259 -0.964321911 0.196090639 -0.177853957 9.260128021
-0.174400941 0.049323615 0.983438790 206.383010864 0.202883095 0.979114354 -0.013127916 -6.155992985 -0.963547170 0.197233453 -0.180765510 8.828323364
-0.177190572 0.050303031 0.982890368 208.748809814 0.202824131 0.979120851 -0.013546024 -6.207947731 -0.963050485 0.196953490 -0.183693811 8.393539429
-0.180075705 0.050725516 0.982344151 211.126922607 0.202436358 0.979202449 -0.013454258 -6.262615204 -0.962596834 0.196439266 -0.186599404 7.948574066
-0.183122739 0.052136291 0.981706798 213.509918213 0.202393651 0.979199946 -0.014249695 -6.320744514 -0.962030947 0.196081609 -0.189866006 7.493904114
-0.186216354 0.053443439 0.981054485 215.889953613 0.202311575 0.979206681 -0.014941568 -6.379587173 -0.961454213 0.195696115 -0.193156704 7.032257080
-0.189029500 0.053955138 0.980488181 218.276565552 0.200270891 0.979620516 -0.015296960 -6.439802170 -0.961332321 0.193471536 -0.195983022 6.563934326
-0.192324445 0.054811709 0.979799807 220.658203125 0.201200023 0.979430079 -0.015297614 -6.501886845 -0.960484505 0.194193467 -0.199396640 6.086566925
-0.195183218 0.054089945 0.979274452 223.049942017 0.202753633 0.979133725 -0.013670559 -6.561783791 -0.959580541 0.195883036 -0.202077597 5.597766876
-0.198112145 0.053121109 0.978739202 225.442657471 0.203351393 0.979032040 -0.011975540 -6.618036270 -0.958853543 0.196655288 -0.204760566 5.103359222
-0.201461181 0.052843593 0.978070378 227.840042114 0.202544540 0.979208648 -0.011185382 -6.670181274 -0.958326221 0.195849165 -0.207975894 4.600742340
-0.204763725 0.053595152 0.977343380 230.218093872 0.201425567 0.979435742 -0.011509173 -6.719395638 -0.957862139 0.194505081 -0.211348489 4.093891144
-0.208573848 0.053207055 0.976558447 232.609909058 0.199956924 0.979746044 -0.010673882 -6.770477772 -0.957347631 0.193043143 -0.214988694 3.577659607
-0.212360188 0.052765429 0.975766182 234.994415283 0.199318662 0.979887068 -0.009609723 -6.819844246 -0.956647933 0.192447528 -0.218606353 3.052135468
-0.216294840 0.053201713 0.974877834 237.372589111 0.198968753 0.979960918 -0.009334222 -6.868477821 -0.955838919 0.191951111 -0.222546160 2.520225525
-0.220367894 0.053045649 0.973973870 239.748428345 0.198433220 0.980077207 -0.008481302 -6.914874554 -0.955019534 0.191399515 -0.226503819 1.978275299
-0.224647537 0.052734576 0.973012626 242.119247437 0.197651327 0.980243266 -0.007493124 -6.960361958 -0.954184353 0.190633640 -0.230632499 1.427524567
-0.228948325 0.052944943 0.971998215 244.499542236 0.197016224 0.980374873 -0.006995298 -7.003972054 -0.953292906 0.189897582 -0.234886378 0.865303040
-0.233200669 0.053843085 0.970937371 246.868194580 0.197340339 0.980309963 -0.006965500 -7.047080040 -0.952194631 0.189980492 -0.239234552 0.292953491
-0.236907735 0.054247819 0.970016956 249.240844727 0.197825149 0.980215430 -0.006503293 -7.089333534 -0.951178372 0.190352783 -0.242952332 -0.292964935
-0.240851566 0.054294374 0.969042659 251.606887817 0.197887599 0.980207682 -0.005735827 -7.129056454 -0.950174391 0.190379798 -0.246828884 -0.887882233
-0.244766027 0.055021662 0.968020260 253.977203369 0.196888566 0.980407536 -0.005942114 -7.166238785 -0.949381292 0.189137414 -0.250803709 -1.491958618
-0.248687878 0.055332985 0.967002392 256.336730957 0.197566852 0.980274916 -0.005283437 -7.200927734 -0.948220313 0.189733446 -0.254714578 -2.105335236
-0.252461553 0.055992369 0.965986192 258.705657959 0.198247224 0.980138958 -0.005000649 -7.233153820 -0.947080553 0.190241322 -0.258547932 -2.728351593
-0.256168872 0.057026431 0.964949012 261.063354492 0.199660391 0.979852557 -0.004902611 -7.266761303 -0.945787311 0.191405937 -0.262393773 -3.361385345
-0.259679556 0.058867954 0.963899493 263.421844482 0.201827124 0.979405642 -0.005441754 -7.298355103 -0.944368958 0.193127707 -0.266212821 -4.006034851
-0.262668222 0.059533287 0.963048458 265.782379150 0.203150555 0.979133785 -0.005119092 -7.331428051 -0.943257987 0.194298983 -0.269281596 -4.660400391
-0.265799016 0.061446186 0.962068796 268.144287109 0.204910472 0.978762567 -0.005900096 -7.364593983 -0.941999435 0.195569515 -0.272745132 -5.319969177
-0.268625081 0.063791372 0.961130738 270.505889893 0.206780404 0.978360951 -0.007142271 -7.396851540 -0.940788388 0.196824193 -0.276003182 -5.990684509
-0.271764308 0.064406022 0.960206807 272.893615723 0.207986206 0.978108108 -0.006741171 -7.426858902 -0.939620137 0.197877556 -0.279210448 -6.676811218
-0.275335580 0.065545887 0.959111631 275.285491943 0.208184764 0.978063583 -0.007076814 -7.455183029 -0.938535988 0.197723672 -0.282941371 -7.369941711
-0.279084027 0.065785684 0.958011031 277.692626953 0.207495257 0.978212714 -0.006726272 -7.484571934 -0.937581062 0.196905330 -0.286653697 -8.075988770
-0.282901347 0.067028277 0.956804633 280.097625732 0.208526611 0.977992475 -0.006856942 -7.514610291 -0.936207175 0.197579116 -0.290652543 -8.791839600
-0.286412001 0.067636482 0.955716789 282.509246826 0.207912296 0.978122771 -0.006914468 -7.546449184 -0.935275912 0.196724638 -0.294208586 -9.521018982
-0.289607167 0.067795761 0.954742134 284.923278809 0.206263140 0.978471875 -0.006913920 -7.577937603 -0.934656799 0.194925576 -0.297356248 -10.256462097
-0.292435050 0.068123281 0.953856409 287.350677490 0.207761690 0.978159726 -0.006163075 -7.607777119 -0.933443725 0.196372241 -0.300201654 -11.008888245
-0.294775099 0.067916222 0.953150630 289.788177490 0.209327981 0.977832675 -0.004937339 -7.635675430 -0.932357132 0.198065475 -0.302457601 -11.773384094
-0.297004044 0.067928672 0.952457547 292.232147217 0.210436389 0.977598608 -0.004101581 -7.660657406 -0.931399763 0.199213266 -0.304645389 -12.546958923
-0.299295753 0.067740500 0.951753318 294.684448242 0.210305855 0.977629125 -0.003447824 -7.682149887 -0.930695236 0.199127138 -0.306846499 -13.327369690
-0.301892549 0.067112833 0.950977325 297.145935059 0.209978014 0.977702856 -0.002340405 -7.702347755 -0.929930389 0.198977515 -0.309253424 -14.116317749
-0.304535061 0.067132756 0.950132966 299.618011475 0.211377367 0.977403224 -0.001309294 -7.719911575 -0.928750992 0.200437665 -0.311843961 -14.919006348
-0.307104319 0.067018040 0.949313760 302.092651367 0.211658686 0.977343082 -0.000525003 -7.735840797 -0.927840471 0.200769022 -0.314331234 -15.727821350
-0.309373707 0.068111137 0.948498607 304.576110840 0.211194322 0.977442801 -0.001304002 -7.752010822 -0.927192152 0.199913874 -0.316779733 -16.546188354
-0.311976731 0.070955738 0.947436929 307.052673340 0.210777402 0.977526248 -0.003803436 -7.771480083 -0.926414490 0.198511422 -0.319921255 -17.368339539
-0.315775454 0.070894659 0.946182191 309.568450928 0.209583387 0.977784634 -0.003317020 -7.793138981 -0.925397754 0.197256297 -0.323618650 -18.212272644
-0.320763260 0.069650531 0.944595516 312.087982178 0.207694829 0.978191912 -0.001599396 -7.813013554 -0.924107254 0.195674315 -0.328234047 -19.067924500
-0.326320618 0.067713492 0.942831337 314.602294922 0.205573991 0.978640735 0.000865236 -7.829792023 -0.922634602 0.194103673 -0.333270788 -19.932617188
-0.331518322 0.066712715 0.941087663 317.120117188 0.204788610 0.978801847 0.002754849 -7.840817928 -0.920954704 0.193637013 -0.338152677 -20.817092896
-0.336426824 0.067234881 0.939306855 319.667663574 0.205649853 0.978618562 0.003607712 -7.846800804 -0.918980658 0.194381759 -0.343060344 -21.725975037
-0.340929300 0.068285093 0.937606156 322.200500488 0.207983986 0.978121936 0.004390532 -7.850378990 -0.916793287 0.196503639 -0.347672552 -22.647659302
-0.345163375 0.069417804 0.935972452 324.731842041 0.209452555 0.977806985 0.004720247 -7.852512360 -0.914872766 0.197670758 -0.352042794 -23.584121704
-0.349142283 0.069565795 0.934484482 327.247222900 0.210659102 0.977541208 0.005935332 -7.855601311 -0.913084030 0.198929697 -0.355955482 -24.529869080
-0.353402376 0.068317086 0.932974041 329.763488770 0.211051077 0.977438748 0.008371170 -7.857419014 -0.911352992 0.199863315 -0.359847367 -25.486488342
-0.357877523 0.066851139 0.931373000 332.298522949 0.209670082 0.977716565 0.010387488 -7.858178139 -0.909924269 0.198998243 -0.363919258 -26.459846497
-0.362224758 0.067032762 0.929677963 334.821197510 0.209245190 0.977800608 0.011024272 -7.854855537 -0.908300340 0.198523611 -0.368209809 -27.440322876
-0.366817951 0.067023240 0.927875936 337.348175049 0.209437788 0.977745771 0.012171632 -7.849108696 -0.906410635 0.198796749 -0.372691780 -28.436759949
-0.371279627 0.067124821 0.926092327 339.879058838 0.210958019 0.977398157 0.013731499 -7.840624332 -0.904238820 0.200464517 -0.377048492 -29.454055786
-0.375725716 0.066539377 0.924339771 342.399627686 0.211665571 0.977215648 0.015692027 -7.826033592 -0.902234733 0.201546460 -0.381249130 -30.480606079
-0.379851520 0.066031948 0.922688484 344.922546387 0.210543960 0.977440774 0.016726121 -7.809271336 -0.900768399 0.200619593 -0.385185003 -31.518981934
-0.383667648 0.065369315 0.921155393 347.433349609 0.210533828 0.977414310 0.018327007 -7.787223339 -0.899151981 0.200965524 -0.388764679 -32.564231873
-0.386834294 0.064764209 0.919872880 349.940063477 0.211061552 0.977268577 0.019952510 -7.762333393 -0.897670269 0.201867789 -0.391710281 -33.622535706
-0.389945626 0.064730726 0.918560624 352.444519043 0.208926752 0.977730453 0.019792724 -7.732941628 -0.896823108 0.199629664 -0.394785672 -34.689498901
-0.393195242 0.064759359 0.917172313 354.907775879 0.205561295 0.978458524 0.019038225 -7.706332684 -0.896181762 0.196020514 -0.398037225 -35.745460510
-0.396657944 0.065248445 0.915645361 357.367492676 0.202886865 0.979033947 0.018125126 -7.680685043 -0.895264745 0.192961603 -0.401579529 -36.807655334
-0.399800718 0.063458808 0.914403379 359.791198730 0.201556548 0.979268670 0.020165229 -7.654331684 -0.894166648 0.192365736 -0.404302865 -37.870025635
-0.403449684 0.062876545 0.912839532 362.227813721 0.202661321 0.978998005 0.022137055 -7.624753952 -0.892275870 0.193928167 -0.407719135 -38.945358276
-0.406604260 0.063713379 0.911380589 364.585906982 0.202867940 0.978956640 0.022070140 -7.595386982 -0.890795827 0.193863496 -0.410973370 -39.993576050
-0.410387576 0.063421488 0.909703732 366.966674805 0.201557219 0.979213893 0.022659391 -7.566434383 -0.889357269 0.192656264 -0.414640367 -41.057739258
-0.414021999 0.060329467 0.908266008 369.471679688 0.199775398 0.979495883 0.026004350 -7.529224396 -0.888073981 0.192215353 -0.417585224 -42.192970276
-0.417613000 0.058519706 0.906739116 371.970611572 0.197615921 0.979885399 0.027774623 -7.483657837 -0.886874855 0.190784961 -0.420777291 -43.335166931
-0.420911074 0.058202460 0.905233324 374.464630127 0.196658432 0.980059147 0.028427793 -7.433108330 -0.885527611 0.189987108 -0.423963785 -44.487648010
-0.423883021 0.058723249 0.903811932 376.945587158 0.196403548 0.980110228 0.028431553 -7.384428024 -0.884165525 0.189563259 -0.426985532 -45.641311646
-0.426879644 0.058483627 0.902415931 379.406951904 0.196685404 0.980021238 0.029527064 -7.337786674 -0.882659733 0.190096259 -0.429853976 -46.797744751
-0.430106252 0.057964217 0.900916040 381.881530762 0.196610376 0.979996741 0.030811448 -7.292474747 -0.881108761 0.190381438 -0.432899147 -47.970993042
-0.433447063 0.057324365 0.899354517 384.346435547 0.193709940 0.980572641 0.030857896 -7.243406296 -0.880113602 0.187588915 -0.436130702 -49.147544861
-0.437056869 0.056200158 0.897677064 386.811157227 0.184142619 0.982495725 0.028144076 -7.195528030 -0.880382061 0.177600875 -0.439755410 -50.331909180
-0.441178083 0.061406165 0.895316899 389.268310547 0.177126631 0.983988225 0.019793360 -7.162731171 -0.879765868 0.167316571 -0.444990695 -51.517433167
-0.443501562 0.070600696 0.893489301 391.705841064 0.187237665 0.982194245 0.015329217 -7.141265869 -0.876497805 0.174093112 -0.448823780 -52.729927063
-0.444052517 0.070044152 0.893259406 394.148834229 0.194673657 0.980665863 0.019876994 -7.117993355 -0.874596775 0.182720214 -0.449102879 -53.961875916
-0.446622461 0.060087472 0.892703235 396.599121094 0.193954989 0.980518520 0.031037932 -7.074782372 -0.873447120 0.187006205 -0.449575782 -55.186172485
-0.450552016 0.049745504 0.891363859 399.053527832 0.187967286 0.981349707 0.040243052 -7.003972054 -0.872737944 0.185678527 -0.451499522 -56.403717041
-0.454624295 0.044400748 0.889576614 401.495574951 0.181884557 0.982337654 0.043922577 -6.918922424 -0.871914625 0.181768194 -0.454670280 -57.619216919
-0.457855463 0.044343438 0.887920737 403.927703857 0.180894345 0.982507646 0.044210702 -6.833801270 -0.870428622 0.180861637 -0.457867831 -58.852966309
-0.460629761 0.048921593 0.886243880 406.360076904 0.186306357 0.981564760 0.042650111 -6.753204346 -0.867819548 0.184758410 -0.461252183 -60.104911804
-0.463212341 0.055208009 0.884526849 408.781494141 0.190868229 0.980850339 0.038734358 -6.677855492 -0.865450323 0.186769933 -0.464879274 -61.364051819
-0.466277003 0.058294449 0.882716775 411.201263428 0.191779822 0.980756938 0.036534585 -6.607788086 -0.863601148 0.186322153 -0.468483865 -62.629119873
-0.470122039 0.058372866 0.880669773 413.615905762 0.191754788 0.980730891 0.037357878 -6.539240837 -0.861519635 0.186435074 -0.472256184 -63.899223328
-0.473573029 0.057517715 0.878875256 416.016998291 0.192623526 0.980471492 0.039626449 -6.465951920 -0.859433234 0.188057750 -0.475403786 -65.179641724
-0.476539075 0.056711122 0.877323031 418.418334961 0.193074033 0.980305016 0.041504648 -6.384466171 -0.857690871 0.189166516 -0.478102893 -66.472366333
-0.478974730 0.057081454 0.875971675 420.812652588 0.193670541 0.980165184 0.042026341 -6.304304123 -0.856198549 0.189779043 -0.480529010 -67.766525269
-0.480934829 0.057186574 0.874890149 423.199005127 0.193853945 0.980108619 0.042498972 -6.222877502 -0.855057538 0.190039739 -0.482453883 -69.064582825
-0.482602090 0.057737213 0.873935342 425.581939697 0.194600895 0.979950905 0.042720571 -6.141700745 -0.853947759 0.190685228 -0.484161764 -70.369972229
-0.484208435 0.056847870 0.873104751 427.958251953 0.195745870 0.979631245 0.044773202 -6.055084229 -0.852776110 0.192585856 -0.485473037 -71.677711487
-0.485349119 0.055751137 0.872541904 430.338134766 0.197581261 0.979141891 0.047341578 -5.963521957 -0.851703525 0.195374757 -0.486240774 -72.999763489
-0.486750543 0.054914773 0.871814013 432.701995850 0.199035734 0.978741765 0.049475256 -5.865009308 -0.850564539 0.197603896 -0.487332702 -74.312118530
-0.488517642 0.055509824 0.870787203 435.061187744 0.197671071 0.979068041 0.048482340 -5.765357971 -0.849869430 0.195813581 -0.489264339 -75.624740601
-0.490503907 0.056833833 0.869584441 437.419433594 0.193866491 0.979980648 0.045304514 -5.671152115 -0.849601507 0.190804943 -0.491702199 -76.938980103
-0.492268950 0.056889150 0.868582845 439.776306152 0.190790787 0.980647922 0.043901477 -5.581281662 -0.849276900 0.187328637 -0.493596196 -78.260101318
-0.493804455 0.056181092 0.867756963 442.140350342 0.190032661 0.980761766 0.044642247 -5.494434357 -0.848555088 0.186946362 -0.494980425 -79.587219238
-0.495139778 0.055432759 0.867043853 444.499176025 0.187981367 0.981157959 0.044621389 -5.405736923 -0.848233640 0.185081601 -0.496230364 -80.922729492
-0.496439248 0.055196077 0.866315722 446.851013184 0.185321614 0.981707633 0.043649726 -5.316469193 -0.848059356 0.182216078 -0.497586936 -82.260375977
-0.497478783 0.054889396 0.865738451 449.195922852 0.184465215 0.981864512 0.043747075 -5.230112076 -0.847636819 0.181461528 -0.498581737 -83.598175049
-0.498212904 0.053187121 0.865422547 451.542449951 0.184759662 0.981704772 0.046030127 -5.141742706 -0.847141385 0.182827622 -0.498924553 -84.938888550
-0.498018593 0.051310696 0.865647614 453.883392334 0.187241971 0.981061757 0.049570899 -5.044500351 -0.846710682 0.186772451 -0.498194158 -86.282913208
-0.496817410 0.048939962 0.866474748 456.228210449 0.191855177 0.979899406 0.054659016 -4.934579849 -0.846383393 0.193392843 -0.496220291 -87.632537842
-0.495169401 0.047209352 0.867513478 458.572753906 0.195751101 0.978909016 0.058461599 -4.812353134 -0.846457005 0.198764831 -0.493966699 -88.974456787
-0.493683666 0.045898940 0.868430078 460.914459229 0.190065905 0.980158508 0.056244172 -4.688352585 -0.848617792 0.192825496 -0.492611736 -90.298599243
-0.493079305 0.047018297 0.868713558 463.252502441 0.183073074 0.981786966 0.050773364 -4.576013565 -0.850504398 0.184073016 -0.492706239 -91.612258911
-0.491407067 0.046002958 0.869714916 465.607604980 0.178636178 0.982696116 0.048954040 -4.476617813 -0.852413595 0.179418549 -0.491121292 -92.933059692
-0.488599271 0.046436265 0.871272504 467.966888428 0.177197620 0.983053029 0.046976358 -4.380746841 -0.854325950 0.177339688 -0.488546938 -94.250694275
-0.485217005 0.046852816 0.873138368 470.322998047 0.179407716 0.982652366 0.046970271 -4.283563614 -0.855791092 0.179438189 -0.485205024 -95.565856934
-0.482060611 0.046808999 0.874887466 472.688507080 0.180111408 0.982537746 0.046672184 -4.184286118 -0.857425511 0.180075645 -0.482073307 -96.872116089
-0.479504257 0.048436671 0.876202703 475.048583984 0.177942321 0.983098924 0.043033358 -4.093368530 -0.859309912 0.176547810 -0.480018735 -98.165367126
-0.478205979 0.044602923 0.877115250 477.421875000 0.170944944 0.984334886 0.043144360 -4.009426117 -0.861451030 0.170569941 -0.478339225 -99.446510315
-0.477855355 0.039877474 0.877533793 479.808563232 0.162229612 0.985791028 0.043544017 -3.925222397 -0.863328755 0.163169339 -0.477534711 -100.718910217
-0.477589518 0.038117196 0.877756715 482.177673340 0.155278087 0.986992538 0.041626252 -3.840330124 -0.864752948 0.156176329 -0.477295905 -101.988945007
-0.476936072 0.038178645 0.878109217 484.557250977 0.153531387 0.987314284 0.040462207 -3.757514954 -0.865425229 0.154114902 -0.476747066 -103.266853333
-0.475827157 0.038005013 0.878718078 486.935424805 0.155570909 0.986949563 0.041555714 -3.677139282 -0.865671337 0.156476036 -0.475529641 -104.543334961
-0.474199206 0.036637641 0.879655540 489.292785645 0.157174677 0.986605585 0.043636523 -3.594533920 -0.866274714 0.158951715 -0.473605812 -105.809326172
-0.472683758 0.034551624 0.880555034 491.650207520 0.155478954 0.986824751 0.044739824 -3.505945206 -0.867408276 0.158055276 -0.471827894 -107.067855835
-0.471726656 0.034891527 0.881054819 494.005432129 0.153240159 0.987254500 0.042949174 -3.417745590 -0.868327200 0.155272946 -0.471060961 -108.317481995
-0.470672876 0.036482926 0.881553531 496.354766846 0.152256921 0.987513304 0.040423777 -3.334901810 -0.869071662 0.153248727 -0.470350266 -109.562782288
-0.469675750 0.038131736 0.882015646 498.727966309 0.152517840 0.987549126 0.038521856 -3.256113052 -0.869565070 0.152615622 -0.469643384 -110.809921265
-0.468500733 0.038463630 0.882625878 501.110900879 0.154433653 0.987234354 0.038951438 -3.181823730 -0.869860888 0.154555574 -0.468459904 -112.063728333
-0.467329800 0.037865434 0.883272231 503.497619629 0.155614153 0.987006187 0.040021196 -3.106485367 -0.870280266 0.156152442 -0.467149645 -113.314826965
