1.000000000 0.000000000 0.000000000 0.000000000 0.000000000 1.000000000 0.000000000 0.000000000 0.000000000 0.000000000 1.000000000 0.000000000
0.999996781 0.002271701 -0.001104915 -0.002966143 -0.002269287 0.999995053 0.002181055 0.003008564 0.001109864 -0.002178541 0.999997020 0.334060282
0.999997199 0.001890379 -0.001405867 -0.012318542 -0.001886862 0.999995112 0.002498905 -0.000834469 0.001410584 -0.002496246 0.999995887 1.283738375
0.999993443 0.002320213 -0.002777020 -0.018792255 -0.002312868 0.999993742 0.002644616 -0.017687168 0.002783139 -0.002638175 0.999992669 2.474189758
0.999987066 0.002875218 -0.004177098 -0.034690659 -0.002864681 0.999992549 0.002526178 -0.035569079 0.004184332 -0.002514179 0.999988139 4.000276089
0.999980986 0.002822467 -0.005468936 -0.050262086 -0.002807601 0.999992251 0.002723767 -0.051306788 0.005476583 -0.002708361 0.999981344 5.518290520
0.999970675 0.002729872 -0.007154531 -0.067911848 -0.002708307 0.999991596 0.003021982 -0.068435952 0.007162723 -0.003002516 0.999969840 7.033884525
0.999960959 0.000861539 -0.008794418 -0.084593035 -0.000842290 0.999997079 0.002192135 -0.085203148 0.008796282 -0.002184642 0.999958932 8.544883728
0.999948382 -0.000268986 -0.010153357 -0.104814336 0.000294585 0.999996603 0.002519805 -0.102955483 0.010152646 -0.002522666 0.999945283 10.054621696
0.999934256 0.000078438 -0.011459502 -0.126921251 -0.000050524 0.999996841 0.002436065 -0.119934529 0.011459658 -0.002435327 0.999931395 11.557753563
0.999922156 0.000618463 -0.012461909 -0.153760478 -0.000588359 0.999996722 0.002419161 -0.136627957 0.012463364 -0.002411640 0.999919593 13.062916756
0.999913335 0.002145116 -0.012982520 -0.182907864 -0.002107470 0.999993443 0.002912648 -0.153060019 0.012988681 -0.002885036 0.999911666 14.565543175
0.999903679 0.003462898 -0.013433502 -0.212823987 -0.003414819 0.999987602 0.003600299 -0.168166578 0.013445801 -0.003554080 0.999903440 16.068147659
0.999891937 0.004259973 -0.014069357 -0.242054775 -0.004198858 0.999981463 0.004370595 -0.182116926 0.014087715 -0.004311050 0.999891639 17.564727783
0.999886096 0.004130151 -0.014515575 -0.270365536 -0.004068139 0.999982297 0.004298947 -0.196469247 0.014533076 -0.004239407 0.999885559 19.059900284
0.999876320 0.004817079 -0.014960292 -0.300506771 -0.004751287 0.999978721 0.004430122 -0.211119831 0.014981316 -0.004358497 0.999878287 20.538394928
0.999871790 0.005397698 -0.015065646 -0.330694407 -0.005323497 0.999973416 0.004960955 -0.225196302 0.015092025 -0.004880121 0.999874234 22.010938644
0.999869525 0.006371976 -0.014838351 -0.362903863 -0.006280168 0.999960721 0.006225625 -0.238803014 0.014877441 -0.006131628 0.999870539 23.477298737
0.999869525 0.006520452 -0.014772608 -0.392635405 -0.006449215 0.999967277 0.004864736 -0.252835512 0.014803849 -0.004768831 0.999879062 24.932199478
0.999866903 0.006940030 -0.014754812 -0.421274573 -0.006898578 0.999972045 0.002858373 -0.267830849 0.014774239 -0.002756207 0.999887049 26.375717163
0.999884546 0.004955115 -0.014363826 -0.449033171 -0.004917865 0.999984443 0.002627460 -0.283423185 0.014376625 -0.002556519 0.999893308 27.821807861
0.999893010 0.003988611 -0.014070584 -0.475438952 -0.003914092 0.999978185 0.005319557 -0.298959285 0.014091497 -0.005263917 0.999886751 29.259220123
0.999900341 0.002391828 -0.013913988 -0.500545740 -0.002301684 0.999976277 0.006490966 -0.313106894 0.013929187 -0.006458296 0.999882042 30.675907135
0.999905109 0.001478273 -0.013697333 -0.524808109 -0.001398027 0.999981821 0.005866193 -0.326657534 0.013705759 -0.005846487 0.999888897 32.083602905
0.999911606 0.001479203 -0.013225679 -0.550474226 -0.001425364 0.999990642 0.004079219 -0.341887176 0.013231595 -0.004060008 0.999904215 33.480319977
0.999917686 0.002313374 -0.012630721 -0.577454925 -0.002271285 0.999991715 0.003345478 -0.357795924 0.012638360 -0.003316515 0.999914646 34.864276886
0.999927163 0.002988362 -0.011707898 -0.602471113 -0.002960481 0.999992728 0.002397958 -0.378211319 0.011714984 -0.002363123 0.999928594 36.223316193
0.999939442 0.003465239 -0.010462442 -0.623288393 -0.003428995 0.999988079 0.003480018 -0.397678047 0.010474381 -0.003443932 0.999939203 37.568733215
0.999953210 0.003875826 -0.008883874 -0.644537926 -0.003826616 0.999977291 0.005549443 -0.416069031 0.008905185 -0.005515190 0.999945164 38.910629272
0.999969542 0.003148741 -0.007171053 -0.660416245 -0.003101539 0.999973536 0.006583741 -0.432671428 0.007191599 -0.006561299 0.999952674 40.225940704
0.999982178 0.003562614 -0.004832062 -0.673693895 -0.003527604 0.999967635 0.007234468 -0.447833687 0.004857685 -0.007217292 0.999962330 41.522129059
0.999994159 0.003190540 -0.001386444 -0.684340060 -0.003181261 0.999972999 0.006642400 -0.462812722 0.001407605 -0.006637951 0.999977171 42.800811768
0.999994576 0.002424229 0.002309078 -0.687994957 -0.002435302 0.999985635 0.004805249 -0.476661384 -0.002297390 -0.004810846 0.999985814 44.056392670
0.999981165 0.002227402 0.005755064 -0.687073767 -0.002244654 0.999993086 0.002993357 -0.491484165 -0.005748351 -0.003006220 0.999979019 45.299827576
0.999948382 0.002371856 0.009883038 -0.680896997 -0.002407347 0.999990702 0.003580895 -0.507323503 -0.009874444 -0.003604503 0.999944746 46.526367188
0.999881327 0.002598559 0.015190693 -0.669172466 -0.002650268 0.999990761 0.003384965 -0.524621367 -0.015181748 -0.003424824 0.999878883 47.742862701
0.999757171 0.004252244 0.021622557 -0.651720047 -0.004305202 0.999987841 0.002403379 -0.539309859 -0.021612063 -0.002495887 0.999763310 48.945159912
0.999562263 0.005643157 0.029042773 -0.627584815 -0.005715808 0.999980748 0.002419219 -0.555122972 -0.029028552 -0.002584165 0.999575257 50.144104004
0.999273658 0.006635727 0.037524708 -0.593931198 -0.006769395 0.999971092 0.003436259 -0.571996748 -0.037500814 -0.003687784 0.999289811 51.334980011
0.998813868 0.008854010 0.047880065 -0.547514200 -0.009058100 0.999950707 0.004047291 -0.587664247 -0.047841854 -0.004476196 0.998845041 52.512664795
0.998085737 0.011111279 0.060838167 -0.489898443 -0.011373300 0.999927402 0.003962302 -0.602703869 -0.060789712 -0.004646650 0.998139799 53.662990570
0.997041583 0.013159562 0.075729102 -0.416188717 -0.013531229 0.999898791 0.004396882 -0.617078543 -0.075663559 -0.005408584 0.997118831 54.806579590
0.995646119 0.015405151 0.091931693 -0.324813366 -0.015999194 0.999855578 0.005728318 -0.632027328 -0.091830157 -0.007174214 0.995748997 55.939075470
0.993850052 0.015495314 0.109644271 -0.211291313 -0.016302289 0.999846101 0.006467299 -0.645394444 -0.109527178 -0.008214981 0.993949950 57.057231903
0.991558731 0.015049281 0.128781274 -0.078253269 -0.015881784 0.999858975 0.005439987 -0.657232642 -0.128681213 -0.007439347 0.991658270 58.154209137
0.988739967 0.014122928 0.148975238 0.078410149 -0.014963195 0.999877691 0.004520962 -0.668594241 -0.148893133 -0.006699205 0.988830686 59.239028931
0.985410273 0.011320386 0.169817865 0.257917404 -0.012212676 0.999916375 0.004210765 -0.679756999 -0.169755980 -0.006223265 0.985466659 60.308395386
0.981413007 0.006307952 0.191802964 0.460900307 -0.007636988 0.999951422 0.006190715 -0.690281928 -0.191754594 -0.007540450 0.981414199 61.369506836
0.976630151 0.000985337 0.214923844 0.688776016 -0.002687319 0.999967039 0.007626971 -0.702404499 -0.214909211 -0.008026299 0.976601362 62.405857086
0.971065938 -0.003978465 0.238777578 0.940264702 0.002355054 0.999971867 0.007083770 -0.713960588 -0.238799095 -0.006316477 0.971048713 63.429183960
0.964497089 -0.009935625 0.263905823 1.214341164 0.008873226 0.999946773 0.005217390 -0.724077225 -0.263943732 -0.002690463 0.964534521 64.424674988
0.956877410 -0.013447803 0.290180027 1.512338638 0.012270262 0.999907255 0.005877116 -0.733616412 -0.290232241 -0.002063097 0.956954300 65.408302307
0.948146224 -0.016060967 0.317427427 1.830181122 0.014194545 0.999865532 0.008191800 -0.743756354 -0.317516297 -0.003261290 0.948247373 66.369499207
0.938293874 -0.020389270 0.345236689 2.176187515 0.017672846 0.999782979 0.011014253 -0.751522899 -0.345386386 -0.004233296 0.938451290 67.313690186
0.927224815 -0.023420431 0.373771608 2.547069550 0.020998400 0.999723732 0.010551149 -0.758950055 -0.373915553 -0.001934686 0.927460909 68.230903625
0.914951026 -0.022729771 0.402923584 2.937231064 0.021892812 0.999737799 0.006683546 -0.767014205 -0.402969927 0.002706011 0.915209353 69.127807617
0.901753664 -0.023876868 0.431589574 3.355188370 0.025837250 0.999665201 0.001320778 -0.776475787 -0.431476682 0.009960071 0.902069330 69.997283936
0.887396097 -0.025854576 0.460281461 3.802341461 0.029659538 0.999559402 -0.001035406 -0.787792206 -0.460051954 0.014570552 0.887772620 70.851318359
0.871524692 -0.026518513 0.489633262 4.272867203 0.029174889 0.999571800 0.002206774 -0.799414515 -0.489482224 0.012361739 0.871925712 71.693840027
0.853589892 -0.025584579 0.520316303 4.768770218 0.025129585 0.999652624 0.007928496 -0.811725736 -0.520338476 0.006307648 0.853936851 72.521774292
0.833657205 -0.025894739 0.551674187 5.286663055 0.023347210 0.999659538 0.011641545 -0.823938906 -0.551787853 0.003174993 0.833978474 73.319282532
0.812281787 -0.019740868 0.582930267 5.828060150 0.019480243 0.999787569 0.006713008 -0.830846727 -0.582938969 0.005902771 0.812494397 74.089111328
0.790126681 -0.012890900 0.612807274 6.394931793 0.016666723 0.999860823 -0.000456468 -0.836840689 -0.612716198 0.010574163 0.790232062 74.830856323
0.767438889 -0.010616297 0.641033590 6.992187500 0.015985070 0.999868751 -0.002578134 -0.844702244 -0.640922189 0.012225535 0.767508328 75.549484253
0.744054496 -0.013168510 0.667988718 7.618118286 0.017219298 0.999851346 0.000530620 -0.857094288 -0.667896450 0.011107491 0.744171023 76.238655090
0.719404578 -0.013476026 0.694460034 8.267501831 0.017601050 0.999844134 0.001168740 -0.872744620 -0.694367707 0.011382435 0.719530165 76.908477783
0.694092274 -0.011525751 0.719793260 8.935146332 0.018409532 0.999828756 -0.001742370 -0.883308113 -0.719650090 0.014460427 0.694186091 77.541809082
0.667676568 -0.009113312 0.744395196 9.614463806 0.018450461 0.999820292 -0.004308570 -0.893537760 -0.744222224 0.016611174 0.667725146 78.150451660
0.640445769 -0.006783993 0.767972887 10.317329407 0.016898947 0.999843121 -0.005260522 -0.906667709 -0.767816901 0.016347019 0.640460432 78.742279053
0.612293065 -0.005427202 0.790611804 11.043632507 0.017066145 0.999833941 -0.006353544 -0.923303187 -0.790446222 0.017382933 0.612284482 79.305038452
0.583405614 0.001133387 0.812179685 11.784801483 0.015732033 0.999795437 -0.012695862 -0.941581547 -0.812028170 0.020184090 0.583268762 79.841766357
0.553172708 0.010446057 0.833000600 12.541557312 0.014759999 0.999641299 -0.022337494 -0.962374210 -0.832935452 0.024651596 0.552820504 80.348663330
0.522241771 0.018770719 0.852590442 13.323394775 0.013915796 0.999436796 -0.030527636 -0.988790929 -0.852683544 0.027807297 0.521686852 80.829040527
0.490279764 0.023551511 0.871246517 14.129552841 0.011670049 0.999367654 -0.033582024 -1.021065950 -0.871486545 0.026632095 0.489695281 81.289031982
0.457687736 0.022975320 0.888815582 14.952981949 0.009953136 0.999470770 -0.030960983 -1.058959126 -0.889056861 0.023016989 0.457217336 81.717033386
0.424244881 0.021587791 0.905289650 15.802427292 0.005477114 0.999635994 -0.026404351 -1.095300317 -0.905530572 0.016160302 0.423972636 82.124946594
0.389840901 0.022831764 0.920598626 16.668310165 0.001386053 0.999676645 -0.025379939 -1.130424500 -0.920880914 0.011170151 0.389683545 82.501708984
0.354550898 0.025708416 0.934682727 17.549787521 -0.005642883 0.999662280 -0.025355194 -1.163213372 -0.935019433 0.003715409 0.354576528 82.848518372
0.319098502 0.027650777 0.947317660 18.461528778 -0.010417999 0.999615908 -0.025668068 -1.192711353 -0.947664082 -0.001678507 0.319264293 83.153671265
0.282953799 0.027008591 0.958752751 19.384572983 -0.012903881 0.999619842 -0.024351586 -1.224301338 -0.959046602 -0.005481256 0.283195049 83.431137085
0.246704474 0.026533172 0.968727052 20.310668945 -0.013536049 0.999621689 -0.023932178 -1.256163359 -0.968996108 -0.007208558 0.246970519 83.667709351
0.210626006 0.026029978 0.977219701 21.253007889 -0.012590685 0.999634504 -0.023913309 -1.287040234 -0.977485597 -0.007267097 0.210876986 83.870826721
0.175403312 0.024836423 0.984182954 22.205499649 -0.010055335 0.999674678 -0.023435296 -1.314830780 -0.984445214 -0.005785659 0.175596178 84.031387329
0.140791208 0.024005473 0.989747882 23.173103333 -0.001795543 0.999710441 -0.023991704 -1.346795201 -0.990037680 0.001600693 0.140793666 84.157028198
0.107151404 0.027516650 0.993861437 24.142795563 0.000616203 0.999614835 -0.027742393 -1.379953146 -0.994242430 0.003585065 0.107093312 84.252937317
0.074587971 0.032608874 0.996680796 25.122177124 0.001696210 0.999459565 -0.032826755 -1.412850618 -0.997212946 0.004139068 0.074492469 84.322319031
0.045881927 0.036594354 0.998275995 26.102989197 0.008696315 0.999276280 -0.037030734 -1.450672865 -0.998908937 0.010380377 0.045530614 84.350395203
0.020327397 0.034813996 0.999186754 27.092920303 0.010667576 0.999329031 -0.035035998 -1.490457416 -0.999736369 0.011371103 0.019942487 84.365180969
-0.001942061 0.031729743 0.999494314 28.080711365 0.012490668 0.999419272 -0.031703115 -1.532492042 -0.999920011 0.012422795 -0.002337159 84.361488342
-0.020765428 0.029062182 0.999361634 29.078123093 0.013041034 0.999500334 -0.028795257 -1.574026227 -0.999699175 0.012434777 -0.021133954 84.337959290
-0.037276927 0.032203399 0.998785675 30.069076538 0.014704392 0.999390006 -0.031674113 -1.613580704 -0.999196768 0.013505833 -0.037727635 84.299263000
-0.051940963 0.036438692 0.997984827 31.061170578 0.017615376 0.999212027 -0.035566710 -1.653859854 -0.998494744 0.015732519 -0.052541833 84.245429993
-0.063805908 0.041804567 0.997085929 32.054351807 0.022088276 0.998936534 -0.040468697 -1.695670366 -0.997717857 0.019441783 -0.064661354 84.175186157
-0.072680682 0.045446541 0.996318936 33.055183411 0.027565984 0.998671114 -0.043542936 -1.741792917 -0.996974230 0.024299800 -0.073836781 84.095100403
-0.078650177 0.050913606 0.995600939 34.050708771 0.031505093 0.998322904 -0.048564009 -1.793509007 -0.996404350 0.027546948 -0.080122247 84.012840271
-0.082435198 0.055734038 0.995036364 35.053199768 0.033391517 0.998028636 -0.053135317 -1.849740386 -0.996036947 0.028845573 -0.084133677 83.929527283
-0.085520357 0.059811074 0.994539261 36.063999176 0.035562187 0.997743547 -0.056945831 -1.912586451 -0.995701730 0.030497981 -0.087454334 83.843215942
-0.088352799 0.062803902 0.994107068 37.075492859 0.035909895 0.997562170 -0.059830680 -1.977686644 -0.995441854 0.030412091 -0.090392649 83.754020691
-0.090825185 0.066185184 0.993664742 38.090293884 0.036932517 0.997326374 -0.063053317 -2.049329042 -0.995181978 0.030971739 -0.093026668 83.659759521
-0.092883207 0.069955438 0.993216157 39.104854584 0.038141705 0.997046411 -0.066658348 -2.120934248 -0.994946361 0.031691544 -0.095277026 83.562988281
-0.095004201 0.071405552 0.992912233 40.126216888 0.040811516 0.996864796 -0.067784898 -2.193823576 -0.994640291 0.034082431 -0.097620450 83.461647034
-0.097108193 0.070159346 0.992797434 41.157165527 0.041002143 0.996947348 -0.066442132 -2.268783331 -0.994429231 0.034254789 -0.099688359 83.359497070
-0.099717155 0.069782145 0.992565334 42.176952362 0.040448502 0.996997356 -0.066030137 -2.344646215 -0.994193673 0.033563476 -0.102240227 83.261039734
-0.101509817 0.071301639 0.992275596 43.216503143 0.040368665 0.996901870 -0.067504376 -2.415740490 -0.994015396 0.033204518 -0.104073577 83.144104004
-0.103952810 0.073402017 0.991869569 44.247428894 0.039403945 0.996793747 -0.069636740 -2.493307352 -0.993801713 0.031844672 -0.106511764 83.035057068
-0.106582835 0.075589254 0.991426051 45.297275543 0.037879333 0.996690929 -0.071918495 -2.572413445 -0.993582249 0.029889308 -0.109093331 82.921508789
-0.108322158 0.079349078 0.990943670 46.349605560 0.035262346 0.996488690 -0.075938530 -2.649080276 -0.993490458 0.026717199 -0.110739745 82.789443970
-0.110564716 0.083437301 0.990360081 47.394195557 0.031987164 0.996252239 -0.080362670 -2.736650944 -0.993354321 0.022793557 -0.112819180 82.677536011
-0.113202408 0.085713550 0.989867508 48.442008972 0.029800689 0.996116459 -0.082846649 -2.826945543 -0.993125141 0.020120315 -0.115317032 82.559883118
-0.116076134 0.084241681 0.989660978 49.502258301 0.027932063 0.996279299 -0.081528977 -2.918056011 -0.992847741 0.018179733 -0.117997207 82.439186096
-0.119069785 0.080095291 0.989649653 50.564796448 0.025016522 0.996666253 -0.077653356 -3.008843422 -0.992570877 0.015511446 -0.120676465 82.316513062
-0.121573776 0.078581080 0.989466608 51.629760742 0.025169075 0.996784508 -0.076069824 -3.097252607 -0.992263436 0.015655885 -0.123160601 82.189949036
-0.123429447 0.078982592 0.989204824 52.695575714 0.024497557 0.996765971 -0.076529659 -3.185686111 -0.992051125 0.014787112 -0.124965109 82.058486938
-0.124755211 0.081756681 0.988812983 53.766174316 0.025974788 0.996526480 -0.079117350 -3.275380611 -0.991847694 0.015813932 -0.126445442 81.925346375
-0.125479758 0.083866656 0.988544643 54.850860596 0.026969010 0.996340275 -0.081104800 -3.378514290 -0.991729736 0.016483080 -0.127282321 81.795394897
-0.126050860 0.084685758 0.988402069 55.928241730 0.025506292 0.996296465 -0.082109384 -3.469285250 -0.991696000 0.014860537 -0.127744064 81.663940430
-0.127067670 0.083817132 0.988346040 56.988246918 0.022162570 0.996414006 -0.081652075 -3.557182312 -0.991646588 0.011528965 -0.128469616 81.551696777
-0.127453998 0.083097562 0.988356948 58.073432922 0.018256994 0.996511400 -0.081428908 -3.653860807 -0.991676629 0.007666002 -0.128526494 81.423477173
-0.127734542 0.084210984 0.988226533 59.160900116 0.014377722 0.996441007 -0.083052643 -3.749762058 -0.991704345 0.003599764 -0.128490761 81.294677734
-0.128253043 0.084354028 0.988147199 60.255626678 0.010136004 0.996435225 -0.083746068 -3.846136808 -0.991689861 -0.000724818 -0.128650889 81.165504456
-0.128746390 0.083810844 0.988129258 61.350288391 0.006636633 0.996472478 -0.083653867 -3.942808151 -0.991655529 -0.004212280 -0.128848478 81.034805298
-0.129227236 0.078706667 0.988486230 62.459480286 0.006984910 0.996892333 -0.078462906 -4.037964821 -0.991590619 -0.003235056 -0.129375413 80.896759033
-0.129549921 0.070057318 0.989094675 63.572422028 0.010256992 0.997541845 -0.069312282 -4.129412651 -0.991520047 0.001165741 -0.129950076 80.750450134
-0.129549325 0.064761341 0.989455640 64.691543579 0.015742626 0.997873008 -0.063251197 -4.215078831 -0.991448283 0.007382490 -0.130293354 80.601783752
-0.128890947 0.067249462 0.989375710 65.806671143 0.024178240 0.997613907 -0.064659730 -4.293805599 -0.991364181 0.015587331 -0.130209401 80.447113037
-0.128007069 0.073016308 0.989081621 66.920661926 0.029742789 0.997119784 -0.069760516 -4.371500015 -0.991327405 0.020488238 -0.129810110 80.298477173
-0.127594560 0.078904465 0.988682628 68.033241272 0.033354811 0.996607482 -0.075232469 -4.455194950 -0.991265595 0.023378095 -0.129793599 80.157249451
-0.127150536 0.083322279 0.988377392 69.161117554 0.034076512 0.996243596 -0.079601772 -4.547655106 -0.991298079 0.023559073 -0.129512295 80.014297485
-0.127605915 0.080400780 0.988560617 70.300140381 0.030975891 0.996545255 -0.077051900 -4.640849113 -0.991341472 0.020789294 -0.129655644 79.880409241
-0.127583817 0.075830378 0.988924623 71.447334290 0.030229468 0.996906638 -0.072542593 -4.735733032 -0.991367340 0.020639423 -0.129481554 79.736869812
-0.127663478 0.073698290 0.989075541 72.591018677 0.027838316 0.997108281 -0.070703797 -4.826126099 -0.991427124 0.018507916 -0.129346013 79.598098755
-0.127712488 0.074365020 0.989019394 73.741394043 0.025922351 0.997094154 -0.071624964 -4.913444042 -0.991472781 0.016490314 -0.129269183 79.456253052
-0.127538964 0.079567418 0.988636851 74.891456604 0.026968114 0.996686041 -0.076736405 -5.004333973 -0.991467178 0.016874801 -0.129262209 79.308021545
-0.126710013 0.082258970 0.988523126 76.052909851 0.026575763 0.996478856 -0.079514660 -5.095466614 -0.991584003 0.016195463 -0.128450051 79.152801514
-0.126518324 0.081147477 0.988639593 77.210121155 0.026902830 0.996562004 -0.078355104 -5.192958355 -0.991599739 0.016683856 -0.128266558 79.009506226
-0.125930652 0.074363165 0.989248097 78.386978149 0.028638439 0.997043073 -0.071303636 -5.290693760 -0.991625965 0.019351220 -0.127688020 78.855415344
-0.126360074 0.072832786 0.989307106 79.560806274 0.027859217 0.997167706 -0.069853328 -5.381058216 -0.991593540 0.018734671 -0.128031328 78.708793640
-0.126269490 0.075854398 0.989091635 80.735191345 0.025477055 0.996990621 -0.073207922 -5.470303059 -0.991669118 0.015955226 -0.127822161 78.565834045
-0.126312226 0.079062477 0.988834858 81.905830383 0.024897167 0.996756971 -0.076515764 -5.559722900 -0.991678417 0.014954320 -0.127871141 78.425834656
-0.126553908 0.078482762 0.988850176 83.093673706 0.024037143 0.996814609 -0.076038778 -5.655876160 -0.991668820 0.014146136 -0.128037423 78.281410217
-0.126518175 0.074915931 0.989131451 84.280364990 0.023726434 0.997086883 -0.072483860 -5.752898693 -0.991680861 0.014298047 -0.127927229 78.137298584
-0.125821561 0.073773101 0.989306092 85.476150513 0.024463857 0.997158110 -0.071247473 -5.848355293 -0.991751552 0.015237788 -0.127268925 77.987648010
-0.124637723 0.074354023 0.989412546 86.667114258 0.026111951 0.997088075 -0.071641706 -5.938760281 -0.991859019 0.016906250 -0.126216486 77.836067200
-0.123659946 0.074682541 0.989510417 87.868713379 0.028660649 0.997016191 -0.071667500 -6.030282021 -0.991911054 0.019497633 -0.125431597 77.684616089
-0.122811928 0.074088290 0.989660621 89.070510864 0.028453959 0.997062087 -0.071111575 -6.124293804 -0.992022336 0.019426439 -0.124559358 77.540092468
-0.121498212 0.074841090 0.989766061 90.282577515 0.029778391 0.996978998 -0.071731247 -6.217244625 -0.992145240 0.020758446 -0.123359948 77.392555237
-0.120520741 0.073007621 0.990022540 91.500221252 0.029935468 0.997105360 -0.069885924 -6.312089920 -0.992259562 0.021214111 -0.122357547 77.250053406
-0.119502969 0.072139591 0.990209579 92.725868225 0.028425595 0.997196078 -0.069218256 -6.405667782 -0.992427111 0.019875530 -0.121218659 77.108299255
-0.118331857 0.071471721 0.990398705 93.947067261 0.029582987 0.997216821 -0.068429418 -6.495477200 -0.992533684 0.021201598 -0.120117024 76.967399597
-0.116922796 0.072374724 0.990500271 95.188041687 0.027773667 0.997188807 -0.069585130 -6.591352463 -0.992752910 0.019373765 -0.118604362 76.829017639
-0.115604073 0.074892275 0.990467906 96.415328979 0.028103936 0.997000575 -0.072106227 -6.683483124 -0.992898047 0.019500298 -0.117362224 76.690032959
-0.115110591 0.074126497 0.990583062 97.655838013 0.026425933 0.997087121 -0.071542576 -6.777063370 -0.993001461 0.017941801 -0.116734281 76.561927795
-0.114775054 0.072311908 0.990756094 98.905090332 0.022511739 0.997279942 -0.070180371 -6.880183220 -0.993136764 0.014248708 -0.116090856 76.427978516
-0.114817642 0.073336408 0.990675986 100.149681091 0.020126373 0.997237980 -0.071489774 -6.973660946 -0.993183017 0.011730444 -0.115976632 76.293319702
-0.115395054 0.072756179 0.990651488 101.404701233 0.017590458 0.997306943 -0.071196139 -7.067732334 -0.993164241 0.009210349 -0.116364218 76.157135010
-0.116605364 0.070097916 0.990701616 102.665817261 0.015181378 0.997515142 -0.068793364 -7.165918350 -0.993062496 0.007018560 -0.117379919 76.017700195
-0.117983744 0.068659030 0.990639091 103.930000305 0.013259386 0.997626483 -0.067564324 -7.260914803 -0.992927194 0.005163794 -0.118614212 75.875717163
-0.119634472 0.068039618 0.990483820 105.189392090 0.011465710 0.997676730 -0.067149036 -7.353148460 -0.992752016 0.003323277 -0.120136760 75.736061096
-0.121352367 0.068203375 0.990263522 106.453491211 0.011630345 0.997665465 -0.067288131 -7.448301315 -0.992541611 0.003351551 -0.121862389 75.587127686
-0.123752490 0.067039214 0.990045905 107.712631226 0.011433205 0.997744977 -0.066131614 -7.539747715 -0.992247462 0.003135465 -0.124240026 75.434951782
-0.127039269 0.062215060 0.989944577 108.979293823 0.008759764 0.998061955 -0.061601270 -7.632034302 -0.991859257 0.000845917 -0.127338186 75.283050537
-0.131280094 0.062157676 0.989394724 110.233551025 0.008304274 0.998065889 -0.061600760 -7.723308563 -0.991310894 0.000129270 -0.131542459 75.124801636
-0.136927083 0.067880146 0.988252580 111.479507446 0.003208827 0.997674048 -0.068082891 -7.814253807 -0.990576267 -0.006151245 -0.136826515 74.967552185
-0.144083038 0.070906796 0.987021923 112.716423035 0.004029395 0.997462928 -0.071068868 -7.907900810 -0.989557743 -0.006262700 -0.144003257 74.794799805
-0.153196871 0.066876575 0.985930145 113.961769104 0.005835227 0.997750878 -0.066771895 -8.008015633 -0.988178730 -0.004476100 -0.153242633 74.607475281
-0.164071515 0.064203560 0.984356880 115.201637268 0.007853138 0.997932732 -0.063780263 -8.115126610 -0.986417532 -0.002734217 -0.164236620 74.404907227
-0.177234024 0.064786166 0.982034028 116.446372986 0.007992208 0.997892439 -0.064390160 -8.212087631 -0.984136581 -0.003563491 -0.177378386 74.193550110
-0.191608012 0.064885199 0.979324400 117.671340942 0.009692525 0.997888565 -0.064218998 -8.304091454 -0.981424034 -0.002812725 -0.191832408 73.968345642
-0.206126571 0.062661596 0.976516962 118.887535095 0.010219836 0.998030782 -0.061885066 -8.395004272 -0.978472292 -0.002776294 -0.206361130 73.721054077
-0.221466616 0.065542988 0.972962856 120.079086304 0.014413632 0.997849464 -0.063938819 -8.484388351 -0.975061774 -0.000136362 -0.221935093 73.449920654
-0.236899644 0.068802744 0.969094813 121.264762878 0.014919666 0.997628868 -0.067181602 -8.578543663 -0.971419930 -0.001456698 -0.237364560 73.173004150
-0.252258271 0.072572008 0.964934707 122.451362610 0.014973693 0.997356653 -0.071096152 -8.674519539 -0.967544436 -0.003485930 -0.252678245 72.875099182
-0.268347383 0.070295915 0.960753977 123.633522034 0.011437142 0.997495890 -0.069789954 -8.770733833 -0.963254690 -0.007739644 -0.268479466 72.562194824
-0.284310758 0.064530872 0.956558049 124.813766479 0.005971492 0.997831762 -0.065540627 -8.865440369 -0.958714008 -0.012921801 -0.284079731 72.228553772
-0.299588621 0.060583290 0.952143013 125.975448608 0.002371188 0.998025775 -0.062756859 -8.954406738 -0.954065919 -0.016543517 -0.299140960 71.869316101
-0.314704478 0.061877467 0.947170675 127.133888245 0.000595826 0.997885346 -0.064992845 -9.044469833 -0.949189961 -0.019889174 -0.314075977 71.499290466
-0.329019696 0.063802063 0.942165256 128.278167725 0.000507576 0.997726560 -0.067387566 -9.133012772 -0.944323301 -0.021693593 -0.328304112 71.109367371
-0.342886269 0.066077009 0.937050164 129.420089722 0.002181527 0.997576058 -0.069547027 -9.225532532 -0.939374745 -0.021802496 -0.342199385 70.699539185
-0.356823444 0.065994352 0.931837857 130.550415039 0.004293293 0.997606575 -0.069008440 -9.318143845 -0.934162378 -0.020623155 -0.356252879 70.271118164
-0.370884627 0.063933820 0.926475644 131.679534912 0.003988980 0.997727633 -0.067254141 -9.412315369 -0.928670943 -0.021247812 -0.370296985 69.828048706
-0.385403901 0.062585816 0.920623243 132.793563843 0.003726493 0.997794271 -0.066272281 -9.504817963 -0.922740877 -0.022110879 -0.384787202 69.375015259
-0.400184095 0.063848004 0.914207935 133.901580811 0.002275495 0.997635961 -0.068678766 -9.597133636 -0.916432381 -0.025403855 -0.399383515 68.903915405
-0.414703190 0.066061080 0.907555640 134.989883423 0.003256138 0.997462273 -0.071117751 -9.689244270 -0.909951329 -0.026537614 -0.413866073 68.408843994
-0.429271907 0.067735747 0.900631785 136.077194214 0.004470622 0.997330606 -0.072877780 -9.784292221 -0.903164744 -0.027257975 -0.428429037 67.899353027
-0.443702340 0.070317730 0.893411338 137.157699585 0.007220424 0.997164845 -0.074898161 -9.882323265 -0.896145701 -0.026781660 -0.442952305 67.372238159
-0.458367854 0.073731959 0.885698855 138.232604980 0.007018858 0.996821761 -0.079350471 -9.980764389 -0.888735414 -0.030155085 -0.457428783 66.824569702
-0.473251969 0.076062292 0.877637148 139.299072266 0.008173700 0.996601403 -0.081965305 -10.081459045 -0.880889654 -0.031616669 -0.472265542 66.258926392
-0.488444716 0.073381603 0.869503796 140.375656128 0.006919120 0.996751726 -0.080234118 -10.184901237 -0.872567892 -0.033173699 -0.487366170 65.665664673
-0.504306972 0.068944804 0.860767663 141.435607910 0.004250273 0.996993423 -0.077366158 -10.288278580 -0.863514423 -0.035357777 -0.503084064 65.061935425
-0.520246446 0.069063246 0.851219118 142.494949341 0.003851309 0.996904075 -0.078529738 -10.390293121 -0.854008198 -0.037576489 -0.518902004 64.430419922
-0.536102891 0.068153918 0.841396689 143.542938232 0.002584243 0.996862948 -0.079100505 -10.490524292 -0.844149113 -0.040231623 -0.534597695 63.780883789
-0.551953375 0.067082942 0.831172049 144.586700439 0.001989386 0.996861577 -0.079134740 -10.593750954 -0.833873034 -0.042025156 -0.550355136 63.109165192
-0.567586958 0.066391930 0.820632041 145.615203857 0.000619225 0.996776998 -0.080214679 -10.700494766 -0.823313594 -0.045020644 -0.565799177 62.421257019
-0.582940042 0.065674737 0.809856355 146.638549805 0.000197482 0.996738970 -0.080687985 -10.805913925 -0.812515438 -0.046876326 -0.581052542 61.706798553
-0.598153889 0.063107431 0.798892498 147.651123047 -0.000108629 0.996887684 -0.078829445 -10.910061836 -0.801381648 -0.047238905 -0.596286058 60.972240448
-0.613178909 0.059668347 0.787687182 148.657638550 -0.000018953 0.997141659 -0.075549848 -11.014225960 -0.789944410 -0.046340495 -0.611425638 60.209552765
-0.628042519 0.058117051 0.776005685 149.641647339 0.000875281 0.997258961 -0.073979191 -11.115022659 -0.778178990 -0.045782838 -0.626372337 59.431545258
-0.642764568 0.056362819 0.763987422 150.615371704 -0.000021051 0.997287810 -0.073592506 -11.215560913 -0.766064048 -0.047318731 -0.641020834 58.632408142
-0.657606244 0.057504300 0.751163840 151.575332642 -0.001287530 0.996994734 -0.077451073 -11.316681862 -0.753360927 -0.051899463 -0.655556977 57.815494537
-0.672971427 0.056996614 0.737469077 152.519577026 -0.003257524 0.996788144 -0.080011517 -11.420862198 -0.739661396 -0.056247804 -0.670625210 56.984153748
-0.688503325 0.053925496 0.723225236 153.458251953 -0.004795395 0.996870875 -0.078894697 -11.528530121 -0.725217521 -0.057787437 -0.686091244 56.109603882
-0.704693675 0.046359692 0.707995176 154.381866455 -0.008455230 0.997242928 -0.073715836 -11.634437561 -0.709461510 -0.057933364 -0.702359736 55.223209381
-0.721718550 0.043938790 0.690790296 155.280105591 -0.009088317 0.997295082 -0.072930083 -11.743444443 -0.692127049 -0.058913145 -0.719367921 54.337875366
-0.738976300 0.041181888 0.672471404 156.167999268 -0.010914940 0.997266650 -0.073066987 -11.843164444 -0.673643231 -0.061334770 -0.736507893 53.399253845
-0.756163299 0.037680540 0.653296709 157.023651123 -0.013817286 0.997198164 -0.073509231 -11.941459656 -0.654237032 -0.064611807 -0.753525198 52.442859650
-0.772575736 0.035551630 0.633926094 157.866760254 -0.013638650 0.997270763 -0.072550640 -12.045483589 -0.634776115 -0.064696796 -0.769983470 51.453121185
-0.787937701 0.038183585 0.614569485 158.643218994 -0.011159917 0.997025251 -0.076254286 -12.144271851 -0.615653813 -0.066942215 -0.785168767 50.459327698
-0.802884758 0.037366483 0.594961584 159.436172485 -0.008079600 0.997259200 -0.073536351 -12.251581192 -0.596079469 -0.063848309 -0.800383449 49.423328400
-0.816938341 0.038973793 0.575406134 160.178833008 -0.003981649 0.997308493 -0.073203795 -12.357114792 -0.576710939 -0.062094096 -0.814585567 48.380401611
-0.830976725 0.039876547 0.554875672 160.906463623 -0.002578011 0.997140229 -0.075521484 -12.462502480 -0.556300998 -0.064187109 -0.828498662 47.318305969
-0.844455004 0.041327234 0.534029126 161.609100342 -0.001717467 0.996804178 -0.079856582 -12.569261551 -0.535623372 -0.068352520 -0.841686666 46.247234344
-0.857014894 0.041974846 0.513578653 162.281631470 0.001049075 0.996816099 -0.079719782 -12.677473068 -0.515290320 -0.067782305 -0.854331493 45.157455444
-0.868509173 0.040024746 0.494053870 162.930725098 0.002089380 0.997020602 -0.077099070 -12.787551880 -0.495668173 -0.065929055 -0.866006434 44.058097839
-0.878536224 0.041730631 0.475848675 163.548645020 0.004734603 0.996887684 -0.078683592 -12.898405075 -0.477651685 -0.066873491 -0.876000941 42.927135468
-0.887734771 0.044448234 0.458203882 164.144149780 0.007369971 0.996571898 -0.082394630 -13.006813049 -0.460295826 -0.069767684 -0.885020375 41.802394867
-0.896520019 0.042259317 0.440982342 164.725234985 0.005771681 0.996468842 -0.083758250 -13.123125076 -0.442965180 -0.072545812 -0.893599212 40.669143677
-0.904667914 0.039329659 0.424297541 165.290679932 0.004460707 0.996550381 -0.082863472 -13.242399216 -0.426093310 -0.073071331 -0.901723862 39.539569855
-0.911859512 0.037107792 0.408820927 165.842544556 0.003421414 0.996557653 -0.082824655 -13.367320061 -0.410487533 -0.074125767 -0.908848763 38.391380310
-0.917844236 0.034177762 0.395465493 166.319732666 0.002156088 0.996700287 -0.081135459 -13.513170242 -0.396933973 -0.073617116 -0.914890587 37.240653992
-0.923766196 0.031562679 0.381652892 166.818725586 0.000925789 0.996778309 -0.080193348 -13.633763313 -0.382954866 -0.073726639 -0.920820653 36.064506531
-0.928790689 0.026477575 0.369656354 167.283157349 -0.001863719 0.997097611 -0.076103076 -13.754119873 -0.370598793 -0.071372807 -0.926047087 34.850555420
-0.933795750 0.022879733 0.357072949 167.766815186 -0.003400886 0.997340143 -0.072799854 -13.864236832 -0.357789159 -0.069194607 -0.931235552 33.658302307
-0.938148439 0.022881923 0.345474780 168.238723755 -0.001202139 0.997591913 -0.069338962 -13.972470284 -0.346229643 -0.065465607 -0.935863256 32.458198547
-0.941479027 0.026834395 0.336000413 168.692596436 0.003019449 0.997456968 -0.071201257 -14.074615479 -0.337056845 -0.066020012 -0.939166963 31.265825272
-0.943820059 0.031883158 0.328917086 169.133239746 0.008363249 0.997320056 -0.072676554 -14.177979469 -0.330352932 -0.065842822 -0.941558480 30.055753708
-0.945615292 0.035131417 0.323383003 169.554763794 0.011382855 0.997115135 -0.075039566 -14.282038689 -0.325086534 -0.067277580 -0.943288505 28.837188721
-0.947407722 0.032282412 0.318395197 169.976470947 0.009119838 0.997218072 -0.073973030 -14.385233879 -0.319897532 -0.067178942 -0.945067823 27.620178223
-0.949247241 0.025016332 0.313533038 170.402557373 0.003089089 0.997524858 -0.070239365 -14.489969254 -0.314514309 -0.065706015 -0.946976304 26.391620636
-0.951000154 0.018951839 0.308607399 170.819152832 -0.002317881 0.997653961 -0.068410307 -14.590745926 -0.309180081 -0.065773569 -0.948726594 25.165405273
-0.952531636 0.012532926 0.304179937 171.230712891 -0.009179736 0.997514904 -0.069846876 -14.688013077 -0.304299533 -0.069323704 -0.950050890 23.932310104
-0.953642488 0.010146827 0.300769061 171.628494263 -0.012211791 0.997302771 -0.072365776 -14.790094376 -0.300692201 -0.072684087 -0.950947881 22.702131271
-0.954373181 0.010567408 0.298427850 172.025497437 -0.012323361 0.997127891 -0.074719541 -14.894231796 -0.298360318 -0.074988022 -0.951503277 21.470014572
-0.954650223 0.011144633 0.297519267 172.419235229 -0.012223963 0.996988714 -0.076569572 -15.002271652 -0.297476739 -0.076734096 -0.951640666 20.240180969
-0.954515040 0.013854764 0.297839522 172.805480957 -0.009897441 0.996896386 -0.078093275 -15.114297867 -0.297997117 -0.077489115 -0.951416552 19.010318756
-0.954179943 0.014756670 0.298867881 173.196578979 -0.009495034 0.996786594 -0.079531707 -15.226284027 -0.299081147 -0.078725353 -0.950974941 17.781730652
-0.953723371 0.015864953 0.300265223 173.590393066 -0.008978726 0.996658504 -0.081179611 -15.340806961 -0.300549805 -0.080118924 -0.950395346 16.547435760
-0.953096271 0.017208556 0.302176058 173.987197876 -0.007647290 0.996693850 -0.080881722 -15.456319809 -0.302568823 -0.079398952 -0.949814796 15.314464569
-0.952300727 0.016630340 0.304705799 174.388305664 -0.008566820 0.996662915 -0.081171051 -15.571958542 -0.305038810 -0.079909660 -0.948981583 14.087951660
-0.951077580 0.015570564 0.308557600 174.790405273 -0.010009586 0.996651411 -0.081147157 -15.685902596 -0.308787912 -0.080265827 -0.947738349 12.866737366
-0.949533939 0.014297967 0.313336551 175.198501587 -0.011004279 0.996826589 -0.078834653 -15.798577309 -0.313469440 -0.078304268 -0.946364462 11.649787903
-0.947702467 0.012011169 0.318927467 175.619628906 -0.012939634 0.997023463 -0.076000340 -15.910608292 -0.318891019 -0.076152541 -0.944727421 10.439044952
-0.945388913 0.009782053 0.325795859 176.043167114 -0.014895874 0.997208118 -0.073166646 -16.017076492 -0.325601965 -0.074023999 -0.942605078 9.234409332
-0.942847550 0.012218212 0.332998306 176.471359253 -0.012857620 0.997248888 -0.072996244 -16.123025894 -0.332974076 -0.073105939 -0.940098047 8.030536652
-0.939643085 0.012766304 0.341915786 176.908828735 -0.012956873 0.997258782 -0.072843648 -16.228033066 -0.341908514 -0.072877243 -0.936903477 6.823562622
-0.936086833 0.016027557 0.351401508 177.359802246 -0.011166177 0.997103751 -0.075224206 -16.333702087 -0.351589501 -0.074340254 -0.933198273 5.626026154
-0.932053208 0.017366426 0.361902684 177.823364258 -0.010192994 0.997198045 -0.074104019 -16.437990189 -0.362175554 -0.072757803 -0.929266274 4.433116913
-0.927259922 0.019477798 0.373909205 178.304809570 -0.009438123 0.997112155 -0.075348251 -16.544712067 -0.374297112 -0.073396467 -0.924399972 3.241340637
-0.921705723 0.021750370 0.387277573 178.800094604 -0.008498962 0.997053981 -0.076224640 -16.652946472 -0.387794733 -0.073548198 -0.918807149 2.056213379
-0.915734649 0.024343718 0.401043415 179.313232422 -0.006876016 0.997066557 -0.076224081 -16.759687424 -0.401722759 -0.072558671 -0.912882507 0.873229980
-0.909763098 0.023705199 0.414448351 179.848342896 -0.007465310 0.997272074 -0.073428869 -16.868082047 -0.415058553 -0.069896899 -0.907105923 -0.295463562
-0.903393030 0.026742965 0.427976936 180.389678955 -0.005269713 0.997285247 -0.073441476 -16.980529785 -0.428779304 -0.068601869 -0.900801003 -1.452964783
-0.896861434 0.029116936 0.441350460 180.956832886 -0.003182389 0.997379899 -0.072267011 -17.086187363 -0.442298442 -0.066218078 -0.894420266 -2.600646973
-0.889759779 0.031106358 0.455366164 181.529602051 -0.000733648 0.997575879 -0.069579110 -17.193901062 -0.456426919 -0.062242817 -0.887581468 -3.725593567
-0.882184267 0.033152863 0.469734371 182.120605469 0.002147880 0.997791231 -0.066388734 -17.298587799 -0.470898092 -0.057558183 -0.880308270 -4.845214844
-0.873814404 0.036132600 0.484913677 182.712036133 0.005498228 0.997905493 -0.064450130 -17.401809692 -0.486227036 -0.053651311 -0.872184217 -5.946563721
-0.865114629 0.039386395 0.500024021 183.338989258 0.009038609 0.997974038 -0.062971845 -17.499406815 -0.501491666 -0.049958352 -0.863719046 -7.024703979
-0.855125368 0.042094532 0.516708076 183.982131958 0.011766533 0.998016894 -0.061832696 -17.593429565 -0.518286645 -0.046794850 -0.853925943 -8.093894958
-0.844448686 0.045282811 0.533717513 184.641113281 0.015175382 0.998042285 -0.060668021 -17.686349869 -0.535420477 -0.043131672 -0.843483865 -9.147804260
-0.833433986 0.047127590 0.550604343 185.320098877 0.016827999 0.998058975 -0.059954774 -17.778678894 -0.552361488 -0.040702783 -0.832610548 -10.186882019
-0.821853042 0.049170025 0.567572236 186.023559570 0.018349715 0.998035908 -0.059891835 -17.866641998 -0.569402874 -0.038807500 -0.821142375 -11.209136963
-0.812977910 0.020593209 0.581928730 185.842254639 -0.020765118 0.997713268 -0.064317092 -18.270360947 -0.581922889 -0.064372227 -0.810692489 -11.698455811
-0.795420349 0.014406146 0.605885684 185.837554932 -0.024760319 0.998110056 -0.056238417 -18.523822784 -0.605551183 -0.059735108 -0.793561518 -12.434257507
-0.774276555 0.013594132 0.632700145 185.925292969 -0.017919434 0.998897254 -0.043391809 -18.798528671 -0.632592738 -0.044934884 -0.773180246 -13.334815979
