1.000000000 0.000000000 0.000000000 0.000000000 0.000000000 1.000000000 0.000000000 0.000000000 0.000000000 0.000000000 1.000000000 0.000000000
0.999996603 0.002236532 0.001326788 -0.002525249 -0.002229863 0.999984980 -0.005006597 -0.001779061 -0.001337966 0.005003622 0.999986589 0.437979341
0.999994934 0.000103613 0.003187520 0.002170740 -0.000084476 0.999981999 -0.006003443 -0.005472291 -0.003188084 0.006003142 0.999976814 1.221812844
0.999993742 -0.001617121 0.003171347 0.005639756 0.001623574 0.999996662 -0.002033423 -0.006297555 -0.003168048 0.002038560 0.999992847 2.184230089
0.999988556 -0.004074310 0.002506400 0.009959823 0.004064284 0.999983788 0.003991756 -0.008907495 -0.002522622 -0.003981522 0.999988794 3.144537926
0.999969602 -0.007705207 0.001184725 0.013946798 0.007700424 0.999962389 0.003989148 -0.006974395 -0.001215417 -0.003979903 0.999991238 4.089728832
0.999945581 -0.010431396 0.000116492 0.016180629 0.010431247 0.999944866 0.001215055 -0.004741073 -0.000129160 -0.001213772 0.999999166 5.029773712
0.999938905 -0.011031048 -0.000580003 0.013582925 0.011029702 0.999936640 -0.002278212 -0.003742446 0.000605097 0.002271676 0.999997139 5.962804317
0.999941230 -0.010752562 -0.001398021 0.009601128 0.010748559 0.999938190 -0.002841983 -0.004560226 0.001428492 0.002826790 0.999994814 6.899104118
0.999942958 -0.010427671 -0.002351922 0.003812909 0.010425324 0.999945164 -0.001007594 -0.005635787 0.002362299 0.000983018 0.999996543 7.830836296
0.999941945 -0.010327796 -0.003077627 -0.001898497 0.010333890 0.999944806 0.001970193 -0.006357441 0.003057108 -0.002001880 0.999993145 8.755643845
0.999935806 -0.010609809 -0.003988258 -0.007511456 0.010623418 0.999937773 0.003406220 -0.005026929 0.003951870 -0.003448368 0.999986112 9.678896904
0.999919057 -0.011914271 -0.004470295 -0.014781930 0.011932946 0.999920249 0.004174204 -0.001321055 0.004420205 -0.004227207 0.999981105 10.594380379
0.999913037 -0.012094439 -0.005271751 -0.022154447 0.012116286 0.999918222 0.004131871 0.001380637 0.005221345 -0.004195382 0.999977350 11.510999680
0.999905825 -0.012435918 -0.005834275 -0.031731546 0.012451692 0.999919057 0.002675047 0.004059330 0.005800534 -0.002747439 0.999979138 12.415919304
0.999890566 -0.012917865 -0.007223574 -0.041520771 0.012922878 0.999916375 0.000647598 0.006614476 0.007214603 -0.000740874 0.999973416 13.324760437
0.999859571 -0.014308705 -0.008745112 -0.050605774 0.014303241 0.999897480 -0.000687105 0.008584546 0.008754045 0.000561927 0.999961257 14.228854179
0.999849677 -0.013910780 -0.010361884 -0.063588895 0.013897391 0.999902427 -0.001363011 0.008279139 0.010379831 0.001218804 0.999945104 15.136628151
0.999849975 -0.012672916 -0.011835602 -0.080308825 0.012647149 0.999917507 -0.002249662 0.006502859 0.011863131 0.002099638 0.999927163 16.038124084
0.999846399 -0.011256596 -0.013448156 -0.097676888 0.011227155 0.999934435 -0.002262907 0.005491249 0.013472741 0.002111576 0.999906719 16.938734055
0.999819338 -0.011767362 -0.014948403 -0.113955900 0.011746841 0.999929965 -0.001460184 0.004439143 0.014964536 0.001284325 0.999886930 17.832492828
0.999804139 -0.011245265 -0.016302725 -0.133564696 0.011243678 0.999936879 -0.000188985 0.003130012 0.016303813 0.000005647 0.999866784 18.723768234
0.999784529 -0.010938887 -0.017660078 -0.154372260 0.010947956 0.999940157 0.000416605 0.002198889 0.017654454 -0.000609855 0.999843717 19.607208252
0.999746978 -0.012020442 -0.019025113 -0.175708935 0.012026954 0.999927819 0.000227685 0.002087233 0.019020993 -0.000456439 0.999818742 20.486810684
0.999714255 -0.012127940 -0.020615770 -0.197716445 0.012125660 0.999926627 -0.000235694 0.002583063 0.020617105 -0.000014352 0.999787271 21.360031128
0.999695778 -0.011950517 -0.021586426 -0.222047806 0.011956808 0.999928653 0.000162272 0.002124715 0.021582928 -0.000420325 0.999766886 22.228038788
0.999674976 -0.011828076 -0.022592839 -0.245265990 0.011877947 0.999927461 0.002074395 0.004328184 0.022566650 -0.002342074 0.999742508 23.092002869
0.999643803 -0.012950553 -0.023346767 -0.266903639 0.013066917 0.999903023 0.004838354 0.005939126 0.023281833 -0.005141696 0.999715626 23.947021484
0.999629736 -0.012831139 -0.024004336 -0.289891452 0.012988649 0.999895215 0.006417323 0.006830633 0.023919461 -0.006726727 0.999691248 24.786893845
0.999621630 -0.012207095 -0.024662010 -0.315414041 0.012341375 0.999909878 0.005299846 0.008306086 0.024595074 -0.005602200 0.999681771 25.617174149
0.999617457 -0.010712038 -0.025507849 -0.341617763 0.010784428 0.999938369 0.002702021 0.010610089 0.025477318 -0.002976072 0.999670982 26.436252594
0.999601066 -0.010312606 -0.026307091 -0.366297275 0.010342006 0.999946237 0.000981669 0.013138851 0.026295541 -0.001253343 0.999653518 27.240844727
0.999582887 -0.009439493 -0.027306270 -0.392600924 0.009459383 0.999955237 0.000599166 0.014351036 0.027299380 -0.000857215 0.999626935 28.037876129
0.999547482 -0.009680731 -0.028490540 -0.418937147 0.009687768 0.999953210 0.000108818 0.012548930 0.028488144 -0.000384778 0.999594033 28.826730728
0.999487340 -0.009433649 -0.030606717 -0.444546610 0.009416339 0.999955595 -0.000709856 0.010641139 0.030612042 0.000421290 0.999531269 29.610061646
0.999424040 -0.009371332 -0.032626744 -0.472632527 0.009349428 0.999956131 -0.000824017 0.010745408 0.032633021 0.000518501 0.999467254 30.381303787
0.999359787 -0.009325934 -0.034551330 -0.502964675 0.009338505 0.999956548 0.000202336 0.013383454 0.034547921 -0.000524862 0.999403059 31.143856049
0.999280572 -0.009617290 -0.036697246 -0.531377435 0.009714203 0.999949932 0.002463282 0.014574900 0.036671702 -0.002817992 0.999323547 31.901487350
0.999214530 -0.008650314 -0.038682744 -0.563796282 0.008811827 0.999953270 0.004006582 0.014794298 0.038646262 -0.004344297 0.999243617 32.646511078
0.999146104 -0.007440945 -0.040650487 -0.597465217 0.007617860 0.999962330 0.004198806 0.017158374 0.040617686 -0.004504888 0.999164760 33.382331848
0.999082446 -0.004905023 -0.042556901 -0.633893132 0.005052029 0.999981761 0.003347290 0.019492574 0.042539682 -0.003559214 0.999088585 34.105640411
0.999013543 -0.003340652 -0.044292312 -0.672560811 0.003460376 0.999990582 0.002626480 0.021563962 0.044283111 -0.002777154 0.999015331 34.816040039
0.998942435 -0.002978445 -0.045893300 -0.709056258 0.003152614 0.999988139 0.003723002 0.024748273 0.045881648 -0.003863744 0.998939574 35.520549774
0.998895586 -0.001646368 -0.046964813 -0.746724546 0.001908090 0.999982834 0.005528264 0.028166294 0.046954885 -0.005611767 0.998881400 36.215400696
0.998892426 0.001240478 -0.047045927 -0.785687745 -0.000954273 0.999980927 0.006105305 0.029022187 0.047052592 -0.006053643 0.998874187 36.897457123
0.998930752 0.004355751 -0.046037573 -0.822314262 -0.004175066 0.999983132 0.004019906 0.029753327 0.046054289 -0.003823393 0.998931646 37.565467834
0.999001563 0.005983700 -0.044286370 -0.857695341 -0.005951352 0.999981821 0.000861949 0.031841964 0.044290710 -0.000597521 0.999018610 38.217571259
0.999095559 0.006535560 -0.042029493 -0.889797270 -0.006585752 0.999977827 -0.001056187 0.035268698 0.042021640 0.001332029 0.999115884 38.861366272
0.999217868 0.007671527 -0.038806014 -0.919356406 -0.007688822 0.999970317 -0.000296797 0.037812375 0.038802575 0.000594939 0.999246716 39.507034302
0.999291480 0.012350329 -0.035569251 -0.949433446 -0.012271530 0.999921739 0.002432388 0.036573149 0.035596490 -0.001994172 0.999364197 40.142044067
0.999358714 0.016644400 -0.031722270 -0.977466226 -0.016463291 0.999846637 0.005961264 0.035602301 0.031816620 -0.005435181 0.999478936 40.764163971
0.999390423 0.021612568 -0.027437115 -1.000821829 -0.021431694 0.999746621 0.006868524 0.037922084 0.027578600 -0.006276306 0.999599934 41.368526459
0.999436796 0.025326811 -0.022045348 -1.020641804 -0.025176512 0.999657810 0.007067639 0.042120486 0.022216802 -0.006508626 0.999732018 41.956382751
0.999447763 0.029053392 -0.016166210 -1.035530090 -0.028910646 0.999541461 0.008993053 0.047471493 0.016420076 -0.008520704 0.999828815 42.531059265
0.999383807 0.033793654 -0.009544067 -1.048590302 -0.033696566 0.999380410 0.010153457 0.050709546 0.009881280 -0.009825591 0.999902904 43.083953857
0.999311745 0.037028972 -0.002455086 -1.055256724 -0.037003316 0.999267280 0.009770545 0.052399695 0.002815086 -0.009672965 0.999949276 43.618785858
0.999173820 0.040363889 0.004875315 -1.056777000 -0.040410295 0.999134719 0.009836791 0.053129733 -0.004474036 -0.010025666 0.999939799 44.128593445
0.998923600 0.044702262 0.012439175 -1.056446671 -0.044819817 0.998951316 0.009340691 0.056327403 -0.012008566 -0.009888148 0.999879062 44.619613647
0.998592079 0.049111284 0.020076614 -1.053448200 -0.049252823 0.998764396 0.006619023 0.058911234 -0.019726723 -0.007598526 0.999776542 45.086368561
0.998302341 0.051027060 0.028107829 -1.044072747 -0.051144361 0.998685181 0.003471399 0.060575522 -0.027893720 -0.004903057 0.999598920 45.529216766
0.998027384 0.051436193 0.036014311 -1.027968526 -0.051586267 0.998663187 0.003250631 0.060765758 -0.035798945 -0.005102057 0.999346018 45.951568604
0.997742832 0.050726060 0.044015639 -1.007798672 -0.050978739 0.998688877 0.004637694 0.061049834 -0.043722644 -0.006871081 0.999020159 46.353153229
0.997268856 0.052385952 0.052073494 -0.987868071 -0.052737452 0.998593748 0.005399036 0.060607895 -0.051717397 -0.008130504 0.998628676 46.728286743
0.996599019 0.055519309 0.060903680 -0.968853712 -0.055958431 0.998417735 0.005527797 0.061765507 -0.060500376 -0.008917062 0.998128355 47.080806732
0.995740294 0.060331505 0.069731236 -0.951890707 -0.060825970 0.998135924 0.004988465 0.060536742 -0.069300249 -0.009208677 0.997553349 47.405014038
0.994843900 0.064107455 0.078593254 -0.927420378 -0.064703189 0.997891784 0.005055036 0.059061021 -0.078103445 -0.010114195 0.996893942 47.705738068
0.994132280 0.063502677 0.087575749 -0.880815029 -0.064229183 0.997919977 0.005500656 0.062819302 -0.087044232 -0.011093287 0.996142805 48.000171661
0.993294418 0.062382460 0.097343706 -0.813866138 -0.063017122 0.998006463 0.003456528 0.066033140 -0.096933946 -0.009567661 0.995244861 48.253147125
0.992123485 0.061045483 0.109388232 -0.781538963 -0.061290428 0.998119295 -0.001124400 0.067110986 -0.109251052 -0.005588897 0.993998647 48.524631500
0.990338743 0.062011495 0.124036610 -0.792146206 -0.061785899 0.998073280 -0.005668057 0.083226889 -0.124149039 -0.002050410 0.992261469 48.839073181
0.987638652 0.063138179 0.143474013 -0.887995720 -0.062430725 0.998004794 -0.009431636 0.133968711 -0.143783122 0.000357868 0.989609241 49.249580383
0.984073460 0.064414784 0.165684342 -1.033916473 -0.063166536 0.997920930 -0.012797535 0.196383476 -0.166164130 0.002128016 0.986095846 49.680717468
0.981027842 0.064939022 0.182670534 -0.978051186 -0.063426495 0.997886717 -0.014116255 0.195565164 -0.183201075 0.002262293 0.983072996 49.942932129
0.977561295 0.063988790 0.200700134 -0.913348198 -0.062165197 0.997947335 -0.015381834 0.195181429 -0.201272294 0.002560126 0.979532123 50.201370239
0.973480701 0.062772684 0.219991222 -0.840875626 -0.060790934 0.998025894 -0.015773181 0.193260908 -0.220546901 0.001981422 0.975374460 50.450267792
0.968684316 0.062962905 0.240182430 -0.767701149 -0.060581669 0.998013437 -0.017292297 0.197421730 -0.240793914 0.002200129 0.970573843 50.721588135
0.963107467 0.065184630 0.261105865 -0.684721947 -0.062259041 0.997870028 -0.019469664 0.191989601 -0.261818767 0.002495184 0.965113938 50.956478119
0.956595957 0.066726439 0.283677667 -0.591853142 -0.063297220 0.997768402 -0.021248337 0.176471353 -0.284462243 0.002370079 0.958684266 51.160415649
0.948914707 0.067818195 0.308160186 -0.495454788 -0.064023755 0.997696340 -0.022419786 0.171276927 -0.308970571 0.001544898 0.951070428 51.406017303
0.939968705 0.070600823 0.333879411 -0.392381668 -0.066624336 0.997504473 -0.023361310 0.165657282 -0.334695369 -0.000285582 0.942326427 51.655216217
0.929738045 0.072549284 0.361005247 -0.279834747 -0.068316706 0.997363031 -0.024490820 0.157917142 -0.361829817 -0.001892633 0.932242274 51.894268036
0.918268442 0.073171109 0.389140397 -0.156763077 -0.068562366 0.997314751 -0.025738679 0.147155762 -0.389978498 -0.003045361 0.920818985 52.125614166
0.905251026 0.071272172 0.418857902 -0.017332077 -0.065660305 0.997454107 -0.027817724 0.138457417 -0.419773847 -0.002320300 0.907625794 52.356090546
0.889855444 0.068496518 0.451072752 0.131710052 -0.061385389 0.997650981 -0.030397559 0.128820539 -0.452095032 -0.000639833 0.891969502 52.583106995
0.871980131 0.067807086 0.484823585 0.290307999 -0.058369115 0.997696638 -0.034557309 0.119516134 -0.486049920 0.001834572 0.873929083 52.805107117
0.851891041 0.069613874 0.519072950 0.458166122 -0.057436768 0.997566462 -0.039521635 0.109868407 -0.520560741 0.003854265 0.853815913 53.026107788
0.829634726 0.071504325 0.553709745 0.645540237 -0.056632247 0.997427046 -0.043951351 0.100968361 -0.555427551 0.005105746 0.831549227 53.253566742
0.804474771 0.074416220 0.589307845 0.845058441 -0.057455007 0.997217596 -0.047493130 0.089810371 -0.591202259 0.004348333 0.806511462 53.480445862
0.776615977 0.078202866 0.625102341 1.057186127 -0.059911326 0.996935964 -0.050288022 0.074800253 -0.627119422 0.001603773 0.778921366 53.704971313
0.745988607 0.082346797 0.660848796 1.283775330 -0.063152947 0.996601045 -0.052894905 0.056892872 -0.662958026 -0.002275546 0.748653054 53.934173584
0.712491870 0.083433293 0.696703136 1.541698456 -0.062570997 0.996504426 -0.055346876 0.039993763 -0.698885202 -0.004159215 0.715221465 54.157669067
0.675421238 0.080938280 0.732977688 1.829168320 -0.058578409 0.996706009 -0.056081645 0.020326614 -0.735102177 -0.005057938 0.677937269 54.376773834
0.635917306 0.079455636 0.767656863 2.142910004 -0.055258427 0.996820569 -0.057399668 0.000074148 -0.769776583 -0.005918068 0.638285756 54.591629028
0.593310893 0.078835271 0.801104367 2.480413437 -0.052670404 0.996861875 -0.059090931 -0.020165682 -0.803248584 -0.007135193 0.595601141 54.798423767
0.546829045 0.078501910 0.833556414 2.842285156 -0.048611533 0.996891737 -0.061994299 -0.041125059 -0.835831881 -0.006620165 0.548945308 54.996768951
0.498460323 0.077327415 0.863457441 3.230327606 -0.045134123 0.996977627 -0.063229725 -0.065894961 -0.865736902 -0.007453880 0.500443757 55.181503296
0.449611157 0.075249307 0.890049636 3.634923935 -0.042933498 0.997113824 -0.062613100 -0.092158437 -0.892192006 -0.010061381 0.451544017 55.350616455
0.399692059 0.073082924 0.913731992 4.070287704 -0.042554896 0.997221112 -0.061145946 -0.115406275 -0.915661216 -0.014444211 0.401691198 55.513534546
0.349210232 0.072696984 0.934220731 4.517860413 -0.045243960 0.997131228 -0.060680315 -0.138148189 -0.935951471 -0.021077646 0.351497322 55.660987854
0.300036997 0.073037863 0.951128006 4.976807594 -0.042881109 0.997089148 -0.063040286 -0.160454154 -0.952963173 -0.021870993 0.302295417 55.778495789
0.252895474 0.069838390 0.964970231 5.466408730 -0.031589556 0.997455418 -0.063910611 -0.190161467 -0.966977656 -0.014320269 0.254457980 55.867122650
0.208666176 0.064032756 0.975888968 5.975869179 -0.018235002 0.997935414 -0.061580308 -0.219548881 -0.977816880 -0.004945605 0.209402889 55.934940338
0.166258976 0.063137881 0.984059274 6.498300552 -0.008996092 0.998003423 -0.062512666 -0.245175898 -0.986041009 0.001540606 0.166494980 55.990474701
0.127535567 0.064734645 0.989719808 7.031066895 -0.005609472 0.997898579 -0.064546809 -0.267588913 -0.991818070 0.002680209 0.127630681 56.040317535
0.094895795 0.065579914 0.993325293 7.579711437 0.003394667 0.997800410 -0.066199698 -0.299028516 -0.995481253 0.009654080 0.094464429 56.067596436
0.066142514 0.063741080 0.995772719 8.127397537 0.010776342 0.997853518 -0.064590096 -0.337628722 -0.997751892 0.015002940 0.065313630 56.073268890
0.040930904 0.062130168 0.997228920 8.700663567 0.017881669 0.997859299 -0.062903397 -0.368850231 -0.999001861 0.020406807 0.039732277 56.080028534
0.021084990 0.061212126 0.997902513 9.282535553 0.022633575 0.997838736 -0.061686456 -0.395744860 -0.999521315 0.023886755 0.019653972 56.073970795
0.005189966 0.062974326 0.998002172 9.872187614 0.025606731 0.997679293 -0.063087136 -0.424988449 -0.999658525 0.025882984 0.003565361 56.065742493
-0.008371124 0.062652789 0.998000741 10.471924782 0.026395213 0.997701168 -0.062412597 -0.458187521 -0.999616504 0.025819972 -0.010005603 56.054466248
-0.020209694 0.063547187 0.997774720 11.081643105 0.027065611 0.997646928 -0.062990852 -0.492396176 -0.999429226 0.025732348 -0.021882063 56.040969849
-0.029312214 0.066645771 0.997346580 11.699228287 0.031931862 0.997327864 -0.065706037 -0.523055911 -0.999060035 0.029921133 -0.031361990 56.013889313
-0.035905216 0.068828009 0.996982753 12.329320908 0.036226973 0.997059345 -0.067528620 -0.553518891 -0.998698294 0.033693027 -0.038293045 55.983230591
-0.040632509 0.068328179 0.996835649 12.974496841 0.036635056 0.997089922 -0.066852309 -0.585156918 -0.998502254 0.033802740 -0.043017443 55.954826355
-0.044302348 0.065719046 0.996854722 13.628131866 0.034309600 0.997345269 -0.064226605 -0.617354274 -0.998428762 0.031356290 -0.046439506 55.929172516
-0.046920378 0.058971949 0.997156799 14.303115845 0.032268640 0.997824132 -0.057493035 -0.650135458 -0.998377264 0.029479291 -0.048721198 55.902446747
-0.048233874 0.053458352 0.997404993 14.986354828 0.033521116 0.998090684 -0.051874049 -0.682044744 -0.998273373 0.030932024 -0.049933746 55.868686676
-0.048602458 0.050987311 0.997516453 15.678697586 0.036183823 0.998130441 -0.049255706 -0.715226054 -0.998162568 0.033700000 -0.050356492 55.828815460
-0.048354052 0.053400081 0.997402132 16.374109268 0.039467152 0.997891903 -0.051512934 -0.748286426 -0.998050213 0.036873758 -0.050359651 55.790641785
-0.047579978 0.060865972 0.997011662 17.074901581 0.040455736 0.997439981 -0.058961459 -0.779687583 -0.998047829 0.037529457 -0.049920529 55.756477356
-0.045299090 0.069032617 0.996585906 17.785348892 0.041208785 0.996889293 -0.067180522 -0.810395360 -0.998123109 0.038024880 -0.048002914 55.723358154
-0.043143470 0.069957472 0.996617079 18.509799957 0.041962784 0.996791780 -0.068153165 -0.842745543 -0.998187184 0.038880460 -0.045940645 55.690338135
-0.041023012 0.065694466 0.996996522 19.252882004 0.041417439 0.997090042 -0.063996449 -0.882403731 -0.998299420 0.038667724 -0.043624524 55.662254333
-0.038592845 0.059197504 0.997500360 20.000263214 0.040910237 0.997500122 -0.057614673 -0.927689672 -0.998417258 0.038584467 -0.040918134 55.637187958
-0.035855938 0.057486150 0.997702539 20.741542816 0.039153755 0.997658193 -0.056076478 -0.971042514 -0.998589694 0.037053134 -0.038022757 55.616718292
-0.032563195 0.063014075 0.997481525 21.475345612 0.046965763 0.997004330 -0.061450697 -1.012193561 -0.998365700 0.044846456 -0.035425130 55.585094452
-0.029115718 0.068687744 0.997213602 22.209283829 0.048641689 0.996551454 -0.067221925 -1.051751614 -0.998391867 0.046548955 -0.032356389 55.559818268
-0.026908299 0.069208823 0.997239530 22.952674866 0.042610426 0.996772945 -0.068026684 -1.092921853 -0.998729408 0.040662330 -0.029770471 55.553470612
-0.023663258 0.065622024 0.997564256 23.698705673 0.038147669 0.997175694 -0.064691544 -1.137047172 -0.998991907 0.036523942 -0.026099741 55.547943115
-0.018910583 0.062005311 0.997896910 24.445348740 0.042247314 0.997233093 -0.061163448 -1.187569141 -0.998928130 0.041001830 -0.021477809 55.529087067
-0.015460056 0.063045390 0.997891247 25.187843323 0.046915404 0.996956527 -0.062259473 -1.234670639 -0.998779237 0.045853946 -0.018370792 55.513221741
-0.012628343 0.067631721 0.997630775 25.929775238 0.046594374 0.996665835 -0.066976480 -1.278122187 -0.998834074 0.045638185 -0.015737489 55.507091522
-0.008952129 0.068389997 0.997618854 26.676357269 0.042901825 0.996765792 -0.067946538 -1.320100546 -0.999039114 0.042191409 -0.011857225 55.508308411
-0.005292079 0.067895859 0.997678757 27.424867630 0.042032208 0.996825397 -0.067614831 -1.366855741 -0.999102175 0.041576818 -0.008129084 55.509304047
-0.001699176 0.064793244 0.997897625 28.173103333 0.046136476 0.996840835 -0.064646065 -1.414687872 -0.998933613 0.045929622 -0.004683132 55.504543304
0.001943017 0.065429196 0.997855663 28.918722153 0.050672211 0.996568620 -0.065443456 -1.462727785 -0.998713315 0.050690703 -0.001379085 55.499366760
0.005454345 0.066299513 0.997785270 29.664581299 0.053464375 0.996352971 -0.066496603 -1.508382320 -0.998554826 0.053708654 0.001889798 55.500183105
0.008082626 0.066183954 0.997775078 30.413068771 0.053984050 0.996323049 -0.066524923 -1.554162502 -0.998508990 0.054401629 0.004480036 55.507484436
0.011533540 0.064746320 0.997835457 31.164342880 0.055401895 0.996327043 -0.065288790 -1.599890471 -0.998397410 0.056034986 0.007904112 55.516071320
0.015268702 0.063730083 0.997850716 31.915718079 0.057447225 0.996262133 -0.064507619 -1.648188353 -0.998231709 0.058308698 0.011550518 55.524303436
0.018081870 0.064028054 0.997784674 32.670940399 0.055768874 0.996328950 -0.064945281 -1.692634344 -0.998279870 0.056819659 0.014444722 55.541801453
0.021111922 0.065685831 0.997617483 33.422801971 0.053057734 0.996359348 -0.066725820 -1.738373756 -0.998368144 0.054340024 0.017549923 55.563312531
0.023813009 0.065743387 0.997552812 34.178260803 0.054732461 0.996252775 -0.066964239 -1.784679651 -0.998216927 0.056193143 0.020125479 55.581924438
0.026513891 0.065462545 0.997503102 34.942367554 0.052533630 0.996383071 -0.066785373 -1.831964016 -0.998266935 0.054173186 0.022979012 55.606639862
0.028731853 0.065756381 0.997422397 35.703590393 0.050879043 0.996443987 -0.067157485 -1.878723860 -0.998291314 0.052677438 0.025284061 55.634765625
0.031559002 0.065765142 0.997336447 36.467811584 0.047859155 0.996588647 -0.067230247 -1.927403212 -0.998355210 0.049853377 0.028303888 55.664970398
0.034889657 0.067623369 0.997101068 37.239429474 0.046405390 0.996522069 -0.069207855 -1.977945089 -0.998313010 0.048685491 0.031630214 55.696369171
0.038184837 0.071054228 0.996741712 38.008800507 0.045382902 0.996315897 -0.072762452 -2.027922392 -0.998239398 0.048013438 0.034819506 55.729187012
0.041614454 0.073184907 0.996450186 38.781379700 0.045550101 0.996137381 -0.075064197 -2.080226660 -0.998094618 0.048512157 0.038120128 55.762397766
0.044506855 0.075422801 0.996158302 39.559444427 0.039412856 0.996236682 -0.077189624 -2.130269766 -0.998231053 0.042696904 0.041366734 55.806774139
0.047143210 0.074509457 0.996105731 40.343940735 0.035734624 0.996449471 -0.076226383 -2.184504986 -0.998248398 0.039189015 0.044313274 55.853904724
0.050872106 0.075135298 0.995875359 41.130031586 0.037857410 0.996303856 -0.077101484 -2.241088629 -0.997987032 0.041623574 0.047839653 55.893848419
0.054694958 0.076165989 0.995594263 41.916072845 0.037105173 0.996242166 -0.078254007 -2.299786091 -0.997813106 0.041221801 0.051663287 55.939064026
0.058334991 0.077013150 0.995322466 42.710945129 0.033223219 0.996317327 -0.079037309 -2.354230404 -0.997743785 0.037678458 0.055561550 55.994892120
0.062463555 0.075047106 0.995222211 43.510757446 0.032177918 0.996498644 -0.077162944 -2.409353256 -0.997528136 0.036844049 0.059830014 56.050441742
0.067266129 0.074856207 0.994923472 44.314945221 0.032743394 0.996478379 -0.077186927 -2.471437216 -0.997197330 0.037769247 0.064578228 56.105594635
0.072173603 0.078365117 0.994309127 45.113662720 0.029278340 0.996312082 -0.080648169 -2.531403065 -0.996962070 0.034932401 0.069613054 56.172996521
0.078199893 0.086908787 0.993142724 45.911609650 0.027538758 0.995624065 -0.089294299 -2.592925310 -0.996556997 0.034332737 0.075464375 56.244468689
0.085319154 0.091594994 0.992134929 46.719169617 0.025816413 0.995227456 -0.094100550 -2.659253597 -0.996018887 0.033641960 0.082547337 56.322170258
0.092473358 0.094433144 0.991227448 47.531288147 0.021522852 0.995069981 -0.096807092 -2.728671312 -0.995482266 0.030286135 0.089985020 56.410511017
0.099636652 0.092617303 0.990704417 48.348323822 0.017714297 0.995335162 -0.094831727 -2.801378250 -0.994866014 0.026998373 0.097531267 56.501388550
0.107052252 0.090881027 0.990091443 49.166450500 0.017656593 0.995482326 -0.093284898 -2.873839855 -0.994096398 0.027468024 0.104964018 56.598003387
0.113949671 0.087519199 0.989624321 49.987506866 0.017051419 0.995792866 -0.090028040 -2.943184853 -0.993340015 0.027133193 0.111977942 56.706501007
0.121176012 0.081972376 0.989240825 50.814067841 0.014848921 0.996322691 -0.084378049 -3.012134790 -0.992519796 0.024913775 0.119513214 56.817996979
0.128096685 0.074548744 0.988956094 51.637985229 0.012292102 0.996974647 -0.076745272 -3.075087547 -0.991685331 0.021987194 0.126792789 56.937461853
0.135518700 0.071825668 0.988168180 52.450729370 0.012271632 0.997170329 -0.074162863 -3.140806675 -0.990698636 0.022176918 0.134253830 57.055992126
0.142672554 0.073651277 0.987026215 53.250549316 0.012179710 0.997020960 -0.076157570 -3.201165438 -0.989694893 0.022887310 0.141350508 57.174835205
0.148519218 0.080376841 0.985638022 54.042858124 0.012861162 0.996449709 -0.083196424 -3.259617329 -0.988825738 0.025032742 0.146958217 57.298435211
0.153791755 0.083971135 0.984529138 54.827831268 0.011432668 0.996164262 -0.086749315 -3.320875883 -0.988037050 0.024597147 0.152241856 57.422584534
0.158674806 0.087094799 0.983482182 55.607875824 0.010105635 0.995905757 -0.089825384 -3.386801720 -0.987279177 0.024191761 0.157145038 57.555786133
0.164251491 0.086666673 0.982604206 56.381683350 0.007737594 0.995988548 -0.089140542 -3.453491926 -0.986388147 0.022244485 0.162922055 57.687885284
0.169519171 0.083948180 0.981945217 57.152137756 0.011671194 0.996124208 -0.087175153 -3.517616749 -0.985457778 0.026238363 0.167882368 57.818363190
0.174142092 0.077366717 0.981676936 57.914218903 0.012368635 0.996657968 -0.080741420 -3.577142477 -0.984642863 0.026202507 0.172603175 57.952682495
0.177184880 0.071244024 0.981595814 58.671684265 0.010496035 0.997182548 -0.074269839 -3.638606071 -0.984121680 0.023462385 0.175937861 58.097152710
0.180436522 0.067861170 0.981243193 59.413688660 0.006801856 0.997506738 -0.070236646 -3.695622444 -0.983563125 0.019347556 0.179525107 58.242061615
0.183595747 0.068019554 0.980646074 60.145221710 0.005225755 0.997521162 -0.070168361 -3.748458147 -0.982987940 0.018007252 0.182785213 58.384689331
0.185761526 0.070221126 0.980082691 60.862461090 0.003337889 0.997391820 -0.072093874 -3.798527718 -0.982589185 0.016663702 0.185042590 58.525943756
0.187157542 0.074573487 0.979495466 61.571033478 -0.000776098 0.997124851 -0.075767338 -3.851374149 -0.982329607 0.013420271 0.186677307 58.671634674
0.189225465 0.078614339 0.978781879 62.268653870 -0.002021781 0.996818602 -0.079672106 -3.907127857 -0.981931508 0.013097134 0.188782394 58.811813354
0.191413164 0.084096216 0.977900565 62.957298279 -0.002584117 0.996361852 -0.085177988 -3.961757660 -0.981506050 0.013777202 0.190934107 58.949897766
0.193164930 0.086362094 0.977358341 63.639610291 -0.001882916 0.996149063 -0.087650299 -4.014819145 -0.981164396 0.015090704 0.192583680 59.085132599
0.194477394 0.086148508 0.977116883 64.311805725 -0.004268733 0.996200264 -0.086981334 -4.071703911 -0.980897725 0.012744879 0.194106191 59.226364136
0.194936424 0.083300211 0.977272511 64.977096558 -0.004244815 0.996448755 -0.084087990 -4.128790379 -0.980806649 0.012243496 0.194597781 59.363670349
0.195563942 0.080972224 0.977342665 65.631385803 -0.004402535 0.996647537 -0.081690609 -4.184401035 -0.980681062 0.011672974 0.195264801 59.497665405
0.195367992 0.079895064 0.977470577 66.277923584 -0.003613151 0.996727586 -0.080746852 -4.236874580 -0.980723321 0.012243625 0.195017293 59.627769470
0.194010556 0.079172596 0.977799594 66.916229248 -0.003792071 0.996790648 -0.079957813 -4.289151669 -0.980992019 0.011804800 0.193688110 59.756099701
0.192253619 0.080100857 0.978071034 67.544525146 -0.004931276 0.996729136 -0.080659486 -4.341240406 -0.981332779 0.010683968 0.192019776 59.883754730
0.190049037 0.082920223 0.978266835 68.160140991 -0.005808026 0.996504068 -0.083337635 -4.394452572 -0.981757343 0.010156463 0.189866200 60.007556915
0.187784478 0.086809620 0.978366733 68.764579773 -0.003979817 0.996145368 -0.087623149 -4.447410107 -0.982202053 0.012560569 0.187406093 60.123329163
0.186139300 0.087445930 0.978624403 69.369506836 -0.001744010 0.996059060 -0.088671997 -4.497346878 -0.982521653 0.014798637 0.185558200 60.236091614
0.183874726 0.086391628 0.979145944 69.962829590 -0.002503717 0.996167779 -0.087423205 -4.544425964 -0.982946396 0.013623441 0.183386326 60.348579407
0.181433648 0.083445668 0.979856491 70.551948547 -0.002678048 0.996431351 -0.084361218 -4.594491482 -0.983399391 0.012681888 0.181009591 60.459236145
0.179202184 0.079427108 0.980600893 71.132171631 -0.002311256 0.996766627 -0.080314018 -4.647673607 -0.983809412 0.012126057 0.178806290 60.567081451
0.177429825 0.078463867 0.981000662 71.697456360 0.001192519 0.996798456 -0.079943016 -4.698690414 -0.984132588 0.015354164 0.176768139 60.664649963
0.175661311 0.079904720 0.981202662 72.250564575 0.004880047 0.996617258 -0.082033589 -4.744830132 -0.984438479 0.019198466 0.174677148 60.759834290
0.173101202 0.082078241 0.981478155 72.799835205 0.008981026 0.996348083 -0.084905647 -4.786792755 -0.984863043 0.023511972 0.171731830 60.852699280
0.171381608 0.083855517 0.981629670 73.350143433 0.008431471 0.996209502 -0.086572938 -4.831474304 -0.985168576 0.023113616 0.170024872 60.949550629
0.170162603 0.086376801 0.981623054 73.896110535 0.007932137 0.995998263 -0.089016654 -4.879117012 -0.985383987 0.022933701 0.168796450 61.045249939
0.168800011 0.084724657 0.982002318 74.446395874 0.009747308 0.996106148 -0.087616935 -4.927391529 -0.985602140 0.024361638 0.167316869 61.140880585
0.169578359 0.083243489 0.981994867 74.997497559 0.015788548 0.996068597 -0.087162927 -4.971708298 -0.985390186 0.030285239 0.167597353 61.228000641
0.171990231 0.081482962 0.981722951 75.549209595 0.020685529 0.996054471 -0.086296335 -5.013300896 -0.984881282 0.035149612 0.169626102 61.313705444
0.173945531 0.080869801 0.981429100 76.107223511 0.023595070 0.995993674 -0.086251765 -5.057756424 -0.984472454 0.038160022 0.171340495 61.411548615
0.177202776 0.080471866 0.980878949 76.662307739 0.021010730 0.996114850 -0.085517466 -5.105996609 -0.983949900 0.035762947 0.174823493 61.522384644
0.182712734 0.080990650 0.979824781 77.224754333 0.020019824 0.996087909 -0.086068027 -5.152472973 -0.982962310 0.035341658 0.180376500 61.631927490
0.189343184 0.079854861 0.978658497 77.792327881 0.021305723 0.996118605 -0.085401520 -5.195484638 -0.981679618 0.037021250 0.186906904 61.744182587
0.197029740 0.080151029 0.977115691 78.365463257 0.019342506 0.996140540 -0.085611828 -5.237543106 -0.980206490 0.035767965 0.194718972 61.866428375
0.205362111 0.077994384 0.975573242 78.942565918 0.019774681 0.996285081 -0.083812781 -5.282850266 -0.978486001 0.036503658 0.203056887 61.996353149
0.214276135 0.077651665 0.973681629 79.523948669 0.016102869 0.996418417 -0.083008587 -5.332698345 -0.976640105 0.033465847 0.212258309 62.135341644
0.223906055 0.077335067 0.971537530 80.110534668 0.014912200 0.996458054 -0.082755402 -5.379850388 -0.974496365 0.033017233 0.221959800 62.280635834
0.233597577 0.081253782 0.968932390 80.703697205 0.009385355 0.996267140 -0.085808650 -5.425152779 -0.972287714 0.029138500 0.231963098 62.436096191
0.243093759 0.083496936 0.966402411 81.306076050 0.005916389 0.996141791 -0.087554552 -5.471313000 -0.969984472 0.027001614 0.241661966 62.601119995
0.253763169 0.086053453 0.963430822 81.908805847 0.001797123 0.995990634 -0.089434959 -5.521245003 -0.967264414 0.024426732 0.252591193 62.772720337
0.264007717 0.087782018 0.960517704 82.525894165 0.000452297 0.995838225 -0.091134176 -5.573662758 -0.964520097 0.024494605 0.262869358 62.953643799
0.273849249 0.088527583 0.957689703 83.152717590 -0.002743451 0.995822251 -0.091267914 -5.626553535 -0.961768329 0.022366315 0.272948176 63.145996094
0.284240872 0.088882357 0.954624116 83.786170959 -0.003519289 0.995783150 -0.091666602 -5.678874969 -0.958746076 0.022695830 0.283355206 63.343811035
0.294336081 0.089838579 0.951470077 84.427612305 -0.007723317 0.995762765 -0.091631427 -5.729910374 -0.955670476 0.019621968 0.293782920 63.556465149
0.304988354 0.084957302 0.948559225 85.087036133 -0.007365631 0.996193409 -0.086855300 -5.783710480 -0.952327311 0.019503150 0.304453313 63.775150299
0.315774024 0.077930585 0.945628762 85.758270264 -0.003793532 0.996716797 -0.080873974 -5.837943077 -0.948826551 0.021950658 0.315033019 64.001464844
0.326737523 0.073603578 0.942244709 86.433944702 -0.002352464 0.997022808 -0.077066734 -5.892005920 -0.945111871 0.022964025 0.325938106 64.239044189
0.337091237 0.070206054 0.938850760 87.119209290 -0.002982218 0.997290015 -0.073505223 -5.943242073 -0.941466868 0.021978144 0.336387247 64.491798401
0.346550614 0.067977637 0.935564876 87.813056946 0.003188198 0.997279227 -0.073642656 -5.987573624 -0.938025475 0.028503699 0.345391244 64.749099731
0.355133623 0.062670097 0.932712495 88.518981934 0.009671343 0.997450173 -0.070702218 -6.030558109 -0.934765220 0.034129351 0.353622228 65.013771057
0.362159520 0.053348124 0.930588186 89.240783691 0.019189566 0.997722089 -0.064664714 -6.076162338 -0.931918263 0.041276563 0.360311151 65.284255981
0.369267642 0.049008846 0.928029895 89.962570190 0.024540601 0.997745574 -0.062455259 -6.122827530 -0.928998768 0.045837153 0.367232800 65.566421509
0.376548678 0.049079739 0.925095677 90.680557251 0.026582252 0.997611642 -0.063746870 -6.173705101 -0.926015079 0.048594978 0.374344975 65.855422974
0.384064436 0.055391863 0.921643019 91.400581360 0.028898813 0.996988237 -0.071962744 -6.219276428 -0.922853708 0.054272771 0.381307274 66.154663086
0.391323954 0.059718534 0.918313205 92.104515076 0.032573026 0.996367753 -0.078674875 -6.268270493 -0.919676125 0.060699642 0.387957633 66.445480347
0.396702945 0.061815359 0.915863216 92.822708130 0.030768817 0.996273577 -0.080569930 -6.323683262 -0.917431056 0.060142402 0.393322974 66.760818481
0.401234508 0.063282110 0.913786709 93.532165527 0.023619849 0.996563733 -0.079385825 -6.383988857 -0.915670574 0.053435884 0.398361355 67.085716248
0.405123442 0.066877529 0.911812723 94.229789734 0.016913394 0.996601760 -0.080611117 -6.446404457 -0.914105356 0.048079334 0.402615935 67.413101196
0.409229487 0.070084110 0.909735918 94.919807434 0.016139090 0.996333480 -0.084015250 -6.506203651 -0.912288725 0.049063858 0.406598091 67.729446411
0.413281530 0.074231945 0.907572567 95.601135254 0.012863328 0.996096075 -0.087329961 -6.567317009 -0.910512328 0.047766291 0.410713434 68.048782349
0.416775495 0.077302605 0.905716538 96.273933411 0.009709518 0.995941818 -0.089471176 -6.628949165 -0.908957481 0.046083502 0.414333731 68.369262695
0.420681268 0.075748391 0.904040575 96.940368652 0.008552369 0.996132433 -0.087444283 -6.691701889 -0.907168090 0.044517890 0.418406576 68.687225342
0.424850553 0.072782367 0.902332902 97.597892761 0.009503087 0.996348917 -0.084840067 -6.752194405 -0.905213416 0.044619333 0.422607958 68.997100830
0.428322822 0.070056193 0.900906026 98.245086670 0.009262525 0.996597111 -0.081901006 -6.812092781 -0.903578162 0.043424763 0.426216632 69.309326172
0.431781560 0.069170177 0.899322033 98.875465393 0.008165832 0.996714294 -0.080581486 -6.872130394 -0.901941001 0.042137347 0.429798156 69.620910645
0.435325474 0.070702128 0.897492468 99.498497009 0.006287758 0.996648073 -0.081563123 -6.928425312 -0.900250971 0.041149762 0.433421910 69.927467346
0.438139230 0.071240649 0.896079540 100.113525391 0.007306562 0.996539235 -0.082799897 -6.983322144 -0.898877263 0.042825192 0.436102569 70.231323242
0.440315247 0.069389664 0.895157695 100.723930359 0.009401510 0.996597886 -0.081877343 -7.036590576 -0.897793710 0.044467732 0.438165039 70.530921936
0.442053676 0.068220310 0.894390464 101.326927185 0.011410545 0.996595085 -0.081655622 -7.091521263 -0.896915793 0.046301696 0.439770222 70.829025269
0.443799675 0.068069726 0.893536806 101.914283752 0.010133047 0.996665716 -0.080958858 -7.147219181 -0.896068513 0.044983801 0.441630274 71.127540588
0.445759833 0.067551695 0.892599881 102.494216919 0.011616815 0.996627927 -0.081225783 -7.196899891 -0.895076990 0.046576411 0.443472087 71.418373108
0.448401600 0.069354057 0.891137302 103.064941406 0.011140489 0.996473968 -0.083157614 -7.245765686 -0.893762589 0.047215752 0.446048081 71.707962036
0.451335311 0.069353156 0.889655173 103.627655029 0.014125529 0.996295035 -0.084832259 -7.298424244 -0.892242491 0.050854694 0.448683560 71.991050720
0.454396844 0.068657167 0.888149440 104.179725647 0.015905211 0.996241033 -0.085150398 -7.350370884 -0.890657127 0.052818321 0.451596946 72.273056030
0.457594901 0.066915587 0.886639118 104.726425171 0.018976502 0.996201932 -0.084978089 -7.400925159 -0.888958097 0.055710893 0.454587251 72.553535461
0.461007267 0.065994255 0.884938836 105.262863159 0.020380961 0.996180177 -0.084907390 -7.450997353 -0.887162030 0.057178870 0.457901478 72.833045959
0.464294314 0.065596379 0.883248270 105.787979126 0.021390017 0.996131957 -0.085223846 -7.500136852 -0.885422349 0.058461688 0.461095452 73.110183716
0.467740983 0.064845048 0.881483495 106.304306030 0.022015639 0.996140659 -0.084961683 -7.549133301 -0.883591175 0.059146520 0.464508414 73.384948730
0.471338093 0.064511314 0.879589915 106.815841675 0.023625417 0.996039629 -0.085711859 -7.593670845 -0.881635785 0.061179988 0.467947483 73.654731750
0.475309014 0.065944120 0.877343953 107.323410034 0.023233294 0.995898545 -0.087441802 -7.638859272 -0.879511833 0.061945520 0.471827596 73.932144165
0.479681551 0.066197395 0.874941826 107.828048706 0.025281643 0.995693207 -0.089193739 -7.685632706 -0.877078116 0.064904600 0.475942194 74.205169678
0.484479249 0.069607884 0.872028947 108.324203491 0.023088049 0.995464385 -0.092287958 -7.735479355 -0.874497712 0.064845085 0.480674893 74.484703064
0.489937335 0.075529553 0.868479431 108.814285278 0.019591417 0.995033801 -0.097587727 -7.786163330 -0.871537209 0.064826645 0.486024618 74.770690918
0.495865464 0.082562722 0.864465594 109.299102783 0.014343161 0.994555414 -0.103214517 -7.837616920 -0.868280649 0.063579716 0.491981626 75.058555603
0.502069712 0.088943742 0.860241115 109.783615112 0.009131219 0.994096518 -0.108112782 -7.889050961 -0.864778578 0.062135246 0.498293728 75.350677490
0.508499742 0.093523726 0.855967999 110.272933960 0.005541261 0.993707776 -0.111865029 -7.942131042 -0.861043930 0.061626513 0.504781961 75.651473999
0.514018893 0.093969747 0.852616131 110.768745422 0.001383471 0.993888974 -0.110373855 -7.995154381 -0.857777417 0.057913844 0.510747731 75.962356567
0.519631624 0.093091935 0.849303782 111.266464233 -0.005091778 0.994366109 -0.105876744 -8.051121712 -0.854374826 0.050692488 0.517178118 76.277793884
0.525425851 0.090668775 0.845994651 111.770957947 -0.011365898 0.994965017 -0.099575348 -8.107471466 -0.850763023 0.042704023 0.523810804 76.608139038
0.531275570 0.088844344 0.842527747 112.277961731 -0.017661447 0.995431304 -0.093831047 -8.164549828 -0.847014546 0.034969926 0.530417502 76.946754456
0.537415504 0.086970471 0.838821054 112.791267395 -0.020455144 0.995719433 -0.090132676 -8.218750000 -0.843069077 0.031280536 0.536894202 77.289031982
0.543728590 0.090647668 0.834351480 113.308959961 -0.025597284 0.995478451 -0.091471925 -8.268655777 -0.838870287 0.028378809 0.543590486 77.642028809
0.549833417 0.094633222 0.829896271 113.832283020 -0.029529305 0.995142281 -0.093912035 -8.320165634 -0.834751785 0.027129754 0.549957097 78.006713867
0.555932224 0.098012596 0.825428963 114.367820740 -0.032534797 0.994828522 -0.096214816 -8.375217438 -0.830590248 0.026633788 0.556246161 78.382667542
0.562237740 0.100210056 0.820881724 114.911354065 -0.034857061 0.994620264 -0.097545005 -8.428540230 -0.826240301 0.026229989 0.562706172 78.768959045
