1.000000000 0.000000000 0.000000000 0.000000000 0.000000000 1.000000000 0.000000000 0.000000000 0.000000000 0.000000000 1.000000000 0.000000000
0.999999523 0.000496269 0.000823551 -0.015792193 -0.000496652 0.999999762 0.000465010 0.006531939 -0.000823320 -0.000465419 0.999999523 0.051794596
0.999998391 0.001480371 0.001004869 -0.026192291 -0.001481959 0.999997675 0.001581655 -0.003960334 -0.001002526 -0.001583142 0.999998271 0.163546786
0.999991119 0.004202107 0.000271852 -0.036259066 -0.004202073 0.999991179 -0.000125655 -0.000152078 -0.000272377 0.000124512 0.999999940 0.274533838
0.999983907 0.005542744 -0.001200387 -0.034026463 -0.005544157 0.999983966 -0.001176815 0.012889092 0.001193845 0.001183451 0.999998569 0.388559341
0.999977350 0.006353275 -0.002213676 -0.021327632 -0.006355062 0.999979496 -0.000800687 0.008721381 0.002208543 0.000814737 0.999997258 0.551094949
0.999967754 0.007832030 -0.001791075 -0.028100293 -0.007833063 0.999969184 -0.000570296 0.013852545 0.001786553 0.000584307 0.999998212 0.707096100
0.999955714 0.009355986 -0.000999478 -0.044612821 -0.009356302 0.999956191 -0.000312890 0.028300432 0.000996507 0.000322228 0.999999464 0.860790730
0.999910653 0.013366411 0.000145980 -0.093297556 -0.013366286 0.999910355 -0.000826129 0.024283234 -0.000157009 0.000824104 0.999999642 0.955981255
0.999849737 0.017214974 0.002049400 -0.137139618 -0.017207637 0.999845624 -0.003544972 0.060559269 -0.002110110 0.003509174 0.999991596 1.013485193
0.999770224 0.021065885 0.003966660 -0.181075796 -0.021041311 0.999759674 -0.006138751 0.093319274 -0.004095026 0.006053876 0.999973297 1.074041367
0.999679327 0.024502151 0.006405187 -0.218064710 -0.024454061 0.999672890 -0.007481795 0.100512221 -0.006586413 0.007322762 0.999951482 1.135674834
0.999602914 0.026916577 0.008339536 -0.239098236 -0.026851991 0.999609172 -0.007762386 0.094450548 -0.008545217 0.007535371 0.999935091 1.194890380
0.999559999 0.027695427 0.010618389 -0.256325871 -0.027622797 0.999594331 -0.006926587 0.087178543 -0.010805918 0.006630230 0.999919653 1.223826170
0.999610424 0.025060648 0.012280522 -0.268296391 -0.024990788 0.999670684 -0.005809576 0.085782759 -0.012422072 0.005500413 0.999907792 1.191181302
0.999777913 0.017973687 0.011004099 -0.250100434 -0.017917197 0.999825835 -0.005211226 0.071113698 -0.011095848 0.005012906 0.999925852 1.043948770
0.999893785 0.010960117 0.009601129 -0.231157973 -0.010912986 0.999928117 -0.004947710 0.060978401 -0.009654668 0.004842407 0.999941707 0.874822259
0.999956191 0.005038690 0.007900784 -0.197110355 -0.004998422 0.999974430 -0.005108470 0.044901110 -0.007926323 0.005068753 0.999955773 0.706446350
0.999948204 0.009333674 0.004057609 -0.138674095 -0.009326031 0.999954641 -0.001898987 0.020196222 -0.004075150 0.001861047 0.999990046 0.420341134
0.999790072 0.018859582 0.008011002 -0.197771162 -0.018855251 0.999821961 -0.000616031 0.050687630 -0.008021194 0.000464851 0.999967813 0.033958867
0.999516189 0.028952807 0.011364025 -0.266142696 -0.028940056 0.999580324 -0.001284636 0.101650417 -0.011396450 0.000955139 0.999934614 -0.432670623
0.999589860 0.025637856 0.012762524 -0.281639397 -0.025587922 0.999664307 -0.004060461 0.115709133 -0.012862342 0.003732229 0.999910355 -0.519581020
0.999617696 0.023714857 0.014218027 -0.286208391 -0.023624787 0.999699891 -0.006469646 0.121444613 -0.014367189 0.006131275 0.999877989 -0.427964091
0.999621272 0.022686573 0.015576536 -0.289769113 -0.022541866 0.999701619 -0.009403526 0.128465906 -0.015785225 0.009048840 0.999834478 -0.309200823
0.999485254 0.026944038 0.017409667 -0.306763172 -0.026746597 0.999576330 -0.011475908 0.129645869 -0.017711500 0.011004352 0.999782562 -0.124842405
0.999330103 0.030750778 0.019837976 -0.335429341 -0.030492781 0.999448061 -0.013179116 0.112398677 -0.020232297 0.012565374 0.999716341 0.084116146
0.999075294 0.036491923 0.022738611 -0.373365045 -0.036129642 0.999216735 -0.016144529 0.123391792 -0.023309948 0.015308060 0.999611080 0.282997161
0.998774588 0.042364504 0.025587717 -0.407941431 -0.041883558 0.998940825 -0.019048462 0.136283919 -0.026367597 0.017953411 0.999491155 0.483926237
0.998002768 0.055157967 0.030790772 -0.502758086 -0.054399997 0.998207927 -0.024934983 0.219711393 -0.032110952 0.023210164 0.999214828 0.572342098
0.996826291 0.071027949 0.035952024 -0.618313193 -0.069852121 0.997012377 -0.032969560 0.342797071 -0.038186371 0.030353598 0.998809516 0.619897604
0.995245576 0.088100180 0.041526429 -0.742559135 -0.086358383 0.995377421 -0.042023893 0.482622832 -0.045036782 0.038237937 0.998253405 0.663514733
0.995079637 0.089301698 0.042913362 -0.760011971 -0.087484479 0.995258451 -0.042509526 0.493668348 -0.046506051 0.038546115 0.998174191 0.835136533
0.995075583 0.089304090 0.043003995 -0.759947062 -0.087471671 0.995248854 -0.042760279 0.488988280 -0.046618339 0.038788076 0.998159587 1.023413181
0.995210707 0.087794721 0.042982951 -0.749989390 -0.085988194 0.995401323 -0.042216994 0.465881228 -0.046491709 0.038318776 0.998183548 1.222321272
0.995326161 0.087246858 0.041397210 -0.725719512 -0.085515656 0.995455503 -0.041896418 0.435670078 -0.044864412 0.038160481 0.998264134 1.444230676
0.995474935 0.085756406 0.040932268 -0.721022964 -0.084075883 0.995609224 -0.041151892 0.413015276 -0.044281587 0.037524264 0.998314202 1.699579954
0.995556831 0.085388988 0.039688420 -0.701837182 -0.083825730 0.995696604 -0.039513949 0.385925949 -0.042891677 0.036011472 0.998430610 1.988904715
0.995557010 0.085763633 0.038867265 -0.699694395 -0.084287941 0.995711267 -0.038139183 0.347301453 -0.041971527 0.034693688 0.998516440 2.271032572
0.995494962 0.086476676 0.038877029 -0.709648967 -0.085009575 0.995657861 -0.037929501 0.334101558 -0.041988235 0.034453712 0.998524070 2.557417393
0.995460093 0.087066822 0.038449738 -0.709455132 -0.085651405 0.995636225 -0.037043985 0.312419593 -0.041507255 0.033582535 0.998573840 2.863485575
0.995529294 0.086889304 0.037032150 -0.704404056 -0.085576341 0.995692551 -0.035678830 0.291314304 -0.039972730 0.032350246 0.998677135 3.115386963
0.995864749 0.084210113 0.034085747 -0.672977924 -0.083034694 0.995947599 -0.034546010 0.273096561 -0.036856733 0.031572856 0.998821795 3.351036310
0.996231735 0.080412619 0.032497846 -0.666456699 -0.079307392 0.996270895 -0.033978447 0.265021980 -0.035108950 0.031273093 0.998894215 3.488473892
0.996356010 0.078641199 0.033015989 -0.670367837 -0.077506483 0.996399939 -0.034347728 0.259795427 -0.035598278 0.031663615 0.998864591 3.637345552
0.996279955 0.078781798 0.034923635 -0.693153143 -0.077564806 0.996375084 -0.034932092 0.269759595 -0.037549060 0.032093290 0.998779476 3.755749702
0.996210814 0.078872748 0.036648337 -0.709860981 -0.077608697 0.996379018 -0.034722716 0.262192249 -0.039254311 0.031746916 0.998724997 3.933532238
0.996343315 0.077200480 0.036604635 -0.694240093 -0.075948447 0.996516585 -0.034444325 0.227730528 -0.039136246 0.031538300 0.998736203 4.243116856
0.996471286 0.075563394 0.036537424 -0.678893447 -0.074323498 0.996648192 -0.034180861 0.193942502 -0.038997781 0.031344652 0.998747706 4.552768707
0.996282339 0.077482387 0.037654869 -0.689403653 -0.076161422 0.996469200 -0.035334557 0.187205181 -0.040259730 0.032335348 0.998665988 4.813667774
0.996002018 0.080095820 0.039553292 -0.708966792 -0.078727230 0.996280670 -0.035026595 0.164630324 -0.042211663 0.031772643 0.998603523 5.076862335
0.995714843 0.083210684 0.040344484 -0.666132092 -0.081871711 0.996070206 -0.033778872 0.090154082 -0.042996701 0.030331057 0.998614728 6.499118805
0.995414376 0.086310260 0.041237622 -0.622197568 -0.085000776 0.995850027 -0.032520711 0.016109258 -0.043873355 0.028866349 0.998620152 7.907347679
0.995034158 0.090196110 0.042089533 -0.579246521 -0.088882074 0.995524228 -0.032114711 -0.055498913 -0.044797763 0.028214220 0.998597741 9.320935249
0.994613767 0.094379924 0.042845208 -0.537004590 -0.093027599 0.995131791 -0.032533281 -0.126536936 -0.045707099 0.028372256 0.998552084 10.727242470
0.994279504 0.097541831 0.043518115 -0.491892576 -0.096141763 0.994814098 -0.033186492 -0.198627323 -0.046529502 0.028812734 0.998501480 12.129675865
0.994069755 0.099305570 0.044310350 -0.444549501 -0.097873941 0.994638383 -0.033391573 -0.270892322 -0.047388721 0.028856721 0.998459935 13.529219627
0.994027913 0.099498190 0.044813864 -0.394945204 -0.098062843 0.994627357 -0.033167541 -0.342006624 -0.047873184 0.028574888 0.998444796 14.926516533
0.994133472 0.098348334 0.045011852 -0.342641175 -0.096890353 0.994730890 -0.033505946 -0.413589060 -0.048069909 0.028948175 0.998424530 16.317861557
0.994275153 0.097033039 0.044734322 -0.285771310 -0.095540561 0.994831622 -0.034378454 -0.487198949 -0.047838930 0.029907709 0.998407543 17.706668854
0.994339943 0.096507162 0.044430912 -0.232756257 -0.095020495 0.994879305 -0.034441631 -0.561042726 -0.047527231 0.030024851 0.998418927 19.099086761
0.994366467 0.096337214 0.044206735 -0.181617022 -0.094868794 0.994902194 -0.034197215 -0.635468841 -0.047275815 0.029810734 0.998437226 20.490594864
0.994402468 0.096189454 0.043716677 -0.133074582 -0.094713442 0.994900584 -0.034670234 -0.709319532 -0.046828628 0.030335605 0.998442531 21.878513336
0.994436145 0.096141323 0.043051157 -0.084293962 -0.094704784 0.994915903 -0.034254298 -0.782872498 -0.046125509 0.029986562 0.998485684 23.265302658
0.994542718 0.095388278 0.042256974 -0.035894036 -0.094016150 0.995011806 -0.033352900 -0.854471326 -0.045227632 0.029198043 0.998550177 24.646856308
0.994801104 0.093108051 0.041249067 0.014234185 -0.091807134 0.995250106 -0.032387555 -0.924046516 -0.044068631 0.028432220 0.998624027 26.029447556
0.995055139 0.090754211 0.040356208 0.060984731 -0.089496441 0.995474517 -0.031955045 -0.991416693 -0.043073583 0.028185295 0.998674512 27.410963058
0.995271385 0.088692017 0.039602846 0.111551762 -0.087457113 0.995657444 -0.031899732 -1.062100410 -0.042260066 0.028285332 0.998706341 28.790927887
0.995429218 0.087163053 0.039028380 0.158430457 -0.085923173 0.995775104 -0.032396495 -1.130944729 -0.041687209 0.028894974 0.998712957 30.164930344
0.995526135 0.086142048 0.038820457 0.202504873 -0.084886059 0.995846689 -0.032920521 -1.199139595 -0.041495018 0.029477924 0.998703957 31.530550003
0.995493770 0.086578712 0.038675092 0.246506691 -0.085302934 0.995791554 -0.033505078 -1.269946098 -0.041413106 0.030055005 0.998690128 32.892082214
0.995500743 0.086512528 0.038649641 0.290852189 -0.085210957 0.995777845 -0.034145281 -1.341173887 -0.041440386 0.030698285 0.998669446 34.251857758
0.995416939 0.087403469 0.038802247 0.331938624 -0.086064905 0.995677292 -0.034925673 -1.413209796 -0.041687082 0.031426094 0.998636484 35.607715607
0.995300531 0.088573046 0.039134566 0.372462273 -0.087233901 0.995583415 -0.034698527 -1.483204961 -0.042035021 0.031121597 0.998631477 36.956043243
0.995238602 0.089047179 0.039629474 0.413435698 -0.087750398 0.995584309 -0.033343736 -1.553564787 -0.042423591 0.029707473 0.998658061 38.306343079
0.995120466 0.090177193 0.040041674 0.451895118 -0.088921867 0.995521367 -0.032100670 -1.623892307 -0.042757027 0.028383454 0.998682261 39.642410278
0.995178282 0.089535385 0.040045064 0.496267796 -0.088218205 0.995536625 -0.033535164 -1.695446968 -0.042868853 0.029840767 0.998634994 40.970691681
0.995153666 0.089778237 0.040116593 0.539322019 -0.088355824 0.995440960 -0.035928231 -1.766074657 -0.043159205 0.032209564 0.998548865 42.308322906
0.995217204 0.089177519 0.039877437 0.583929300 -0.087712497 0.995455027 -0.037094604 -1.838424921 -0.043004133 0.033419434 0.998515785 43.648159027
0.995408237 0.086918175 0.040095989 0.630275011 -0.085493945 0.995689452 -0.035966545 -1.911881208 -0.043049235 0.032373425 0.998548329 44.989566803
0.995590985 0.084393114 0.040945698 0.677623987 -0.083023369 0.995964944 -0.034075838 -1.983667731 -0.043656174 0.030526130 0.998580217 46.337028503
0.995696008 0.082684405 0.041869212 0.726369023 -0.081308968 0.996123970 -0.033554513 -2.055144072 -0.044481292 0.030005727 0.998559654 47.679519653
0.995728016 0.081937961 0.042566564 0.775098920 -0.080473691 0.996140420 -0.035046116 -2.125056505 -0.045273814 0.031470887 0.998478889 49.013275146
0.995532930 0.084024742 0.043058600 0.821919799 -0.082436204 0.995893180 -0.037430607 -2.196892500 -0.046026800 0.033713799 0.998371303 50.348766327
0.995302856 0.086172946 0.044117823 0.869445443 -0.084444761 0.995639145 -0.039644659 -2.269860744 -0.047341671 0.035732899 0.998239577 51.685791016
0.994977653 0.089137122 0.045545001 0.916288257 -0.087360263 0.995388687 -0.039621249 -2.345313549 -0.048866633 0.035443414 0.998176396 53.019371033
0.994798958 0.090259075 0.047205862 0.966954827 -0.088514321 0.995356202 -0.037832983 -2.419644833 -0.050401349 0.033457797 0.998168528 54.357101440
0.994743824 0.090240158 0.048391551 1.022710085 -0.088565215 0.995430231 -0.035709493 -2.492382765 -0.051392775 0.031235980 0.998189926 55.695064545
0.994773328 0.089437038 0.049265295 1.081556439 -0.087753952 0.995515585 -0.035331301 -2.562901497 -0.052204203 0.030823389 0.998160779 57.034858704
0.994687021 0.089748651 0.050430149 1.138669848 -0.087993853 0.995470285 -0.036004685 -2.633392334 -0.053433016 0.031375822 0.998078406 58.370121002
0.994433999 0.091762148 0.051775228 1.195654750 -0.089928836 0.995272040 -0.036696322 -2.704758167 -0.054897685 0.031835951 0.997984409 59.701236725
0.994199097 0.093670428 0.052861534 1.254594326 -0.091781825 0.995088160 -0.037094284 -2.776533604 -0.056076445 0.032027345 0.997912824 61.038745880
0.994062245 0.094465680 0.054004915 1.312708139 -0.092468508 0.994976461 -0.038359631 -2.847542763 -0.057357207 0.033138078 0.997803748 62.385360718
0.993893027 0.095636629 0.055050828 1.372662067 -0.093547508 0.994836688 -0.039355733 -2.920005798 -0.058530368 0.033965498 0.997707665 63.730895996
0.993912935 0.094802700 0.056121852 1.436976671 -0.092650145 0.994903326 -0.039793629 -2.993215561 -0.059608284 0.034351684 0.997630656 65.077125549
0.993902445 0.094292797 0.057158981 1.502165079 -0.092164837 0.994987905 -0.038791932 -3.068952084 -0.060530219 0.033287317 0.997611165 66.415283203
0.993987739 0.092836156 0.058052838 1.571573496 -0.090725400 0.995150924 -0.037999749 -3.143693447 -0.061299004 0.032504391 0.997590065 67.763053894
0.994048417 0.091983616 0.058370389 1.642075539 -0.089883722 0.995240927 -0.037639350 -3.218427896 -0.061554722 0.032168761 0.997585177 69.103645325
0.994252920 0.089657880 0.058504995 1.712738752 -0.087554954 0.995451033 -0.037572518 -3.291118622 -0.061607443 0.032234155 0.997579813 70.452659607
0.994395494 0.088101216 0.058447842 1.782001972 -0.086043850 0.995610416 -0.036832727 -3.365931273 -0.061436199 0.031597193 0.997610748 71.799423218
0.994556487 0.086580999 0.057977520 1.850716114 -0.084512420 0.995726764 -0.037230927 -3.439072132 -0.060953178 0.032128416 0.997623384 73.143287659
0.994733453 0.085203402 0.056975015 1.919859171 -0.083171137 0.995843112 -0.037139639 -3.512632370 -0.059902504 0.032205332 0.997684717 74.488571167
0.994931936 0.083541870 0.055960551 1.990409136 -0.081596494 0.996008158 -0.036192805 -3.584851265 -0.058760703 0.031443164 0.997776806 75.838882446
0.995123506 0.081928425 0.054930143 2.058944941 -0.080032200 0.996146441 -0.035876960 -3.658903122 -0.057657737 0.031305794 0.997845590 77.182853699
0.995239377 0.081306331 0.053742494 2.123676300 -0.079454869 0.996197820 -0.035735477 -3.730843544 -0.056443606 0.031295221 0.997915208 78.529075623
0.995348811 0.080846265 0.052392345 2.191647291 -0.079009943 0.996215522 -0.036222711 -3.802712917 -0.055122476 0.031914689 0.997969449 79.878562927
0.995421946 0.080635883 0.051315024 2.254079342 -0.078819223 0.996220708 -0.036493983 -3.874903679 -0.054063741 0.032282274 0.998015642 81.226417542
0.995670736 0.078267917 0.050142661 2.318006516 -0.076360181 0.996321499 -0.038896032 -3.948293209 -0.053002462 0.034898721 0.997984409 82.567214966
0.996137917 0.072834797 0.049037267 2.384894848 -0.070944205 0.996707916 -0.039250534 -4.022680283 -0.051734559 0.035620011 0.998025537 83.913192749
0.996732593 0.064925693 0.048053510 2.456927299 -0.063184790 0.997319520 -0.036902133 -4.096435070 -0.050320543 0.033745285 0.998162866 85.255210876
0.997217655 0.058096513 0.046712991 2.525750399 -0.056468047 0.997774720 -0.035455938 -4.166054726 -0.048668854 0.032719471 0.998278916 86.600494385
0.997451067 0.055020694 0.045435820 2.589839935 -0.053258322 0.997814059 -0.039127685 -4.234032631 -0.047489274 0.036608100 0.998200715 87.950614929
0.997404397 0.055626102 0.045722850 2.645809650 -0.053696636 0.997657001 -0.042395979 -4.309076309 -0.047973976 0.039830744 0.998054206 89.302619934
0.997188747 0.058635518 0.046655960 2.698137999 -0.056559589 0.997400999 -0.044635464 -4.389451027 -0.049151871 0.041871112 0.997913301 90.660934448
0.997180641 0.058301900 0.047242433 2.756978512 -0.056193113 0.997414410 -0.044799346 -4.470378399 -0.049732108 0.042018317 0.997878432 92.011695862
0.997342587 0.054736808 0.048080154 2.820732355 -0.052761193 0.997747123 -0.041440148 -4.549920082 -0.050240062 0.038793229 0.997983634 93.365539551
0.997580826 0.049418092 0.048893757 2.885576248 -0.047539938 0.998113394 -0.038857441 -4.627813339 -0.050721709 0.036439009 0.998047948 94.717178345
0.997755766 0.045641720 0.048995547 2.952036858 -0.043820389 0.998331010 -0.037624620 -4.702087402 -0.050630961 0.035393164 0.998090267 96.059722900
0.997827828 0.043925066 0.049097344 3.016095161 -0.042095024 0.998402059 -0.037705600 -4.777311325 -0.050675053 0.035556924 0.998082221 97.412040710
0.997690737 0.045729280 0.050220650 3.074592113 -0.043890372 0.998346388 -0.037128165 -4.850350380 -0.051835380 0.034838196 0.998048127 98.766685486
0.997445107 0.049658261 0.051358521 3.130785942 -0.047731861 0.998134434 -0.038078688 -4.924688339 -0.053153578 0.035529934 0.997954428 100.120330811
0.997214019 0.053302795 0.052186206 3.187713385 -0.051228806 0.997873664 -0.040304452 -4.999751568 -0.054223511 0.037518695 0.997824073 101.473983765
0.997017205 0.056149945 0.052955508 3.248238325 -0.054020077 0.997705162 -0.040828533 -5.076393604 -0.055126440 0.037846062 0.997762382 102.830596924
0.996879935 0.057899110 0.053651270 3.308570623 -0.055812575 0.997655809 -0.039605819 -5.154431343 -0.055818588 0.036487799 0.997774363 104.191246033
0.996777654 0.059729133 0.053545892 3.369922161 -0.057630233 0.997539997 -0.039920989 -5.232297421 -0.055798557 0.036706470 0.997767448 105.551864624
0.996680379 0.061802495 0.053001635 3.430956841 -0.059597172 0.997329414 -0.042226262 -5.311764717 -0.055469722 0.038927309 0.997701585 106.914894104
0.996463656 0.065650493 0.052446119 3.489510775 -0.063318513 0.996980786 -0.044952918 -5.392129898 -0.055238895 0.041473117 0.997611821 108.279869080
0.996111691 0.070910797 0.052285928 3.545055389 -0.068515159 0.996576905 -0.046269488 -5.474938393 -0.055387910 0.042507164 0.997560024 109.647117615
0.995764375 0.075394958 0.052627292 3.602527142 -0.073052652 0.996308327 -0.045096599 -5.558475018 -0.055833016 0.041061003 0.997595787 111.028228760
0.995512068 0.078178927 0.053333685 3.661984682 -0.075913154 0.996175706 -0.043263882 -5.641190529 -0.056511998 0.039020952 0.997639418 112.415779114
0.995466053 0.078716949 0.053401336 3.727836132 -0.076573946 0.996218622 -0.041056111 -5.720683098 -0.056431174 0.036780793 0.997729123 113.806838989
0.995766282 0.075354651 0.052649200 3.797492743 -0.073290117 0.996504426 -0.040102303 -5.797943115 -0.055487007 0.036073826 0.997807860 115.205589294
0.996012092 0.073293567 0.050882258 3.865139008 -0.071302153 0.996656418 -0.039909117 -5.874469757 -0.053637169 0.036121912 0.997907162 116.602432251
0.996152163 0.072966695 0.048557233 3.928822279 -0.070842192 0.996511579 -0.044123426 -5.953910351 -0.051607341 0.040513698 0.997845650 117.998458862
0.996112287 0.074637026 0.046804499 3.986414671 -0.072378308 0.996211112 -0.048226975 -6.039101601 -0.050226636 0.044651821 0.997739553 119.391876221
0.995790839 0.079213329 0.046117622 4.037102699 -0.076954164 0.995837271 -0.048859004 -6.125420094 -0.049795881 0.045104373 0.997740805 120.802452087
0.995534122 0.082420237 0.046040650 4.089341164 -0.080209494 0.995623827 -0.047962617 -6.214278698 -0.049792212 0.044055492 0.997787833 122.195724487
0.995348752 0.084367394 0.046519335 4.141727448 -0.082304858 0.995609105 -0.044602003 -6.298724651 -0.050077982 0.040565744 0.997921467 123.613449097
0.995277762 0.084972225 0.046935558 4.198177338 -0.082983837 0.995631754 -0.042803608 -6.380964756 -0.050367594 0.038706541 0.997980773 125.031379700
0.995327711 0.084314577 0.047060885 4.257635593 -0.082365014 0.995720088 -0.041934401 -6.460525513 -0.050395094 0.037862267 0.998011768 126.446273804
0.995497584 0.082319960 0.046997223 4.319597721 -0.080397695 0.995902240 -0.041424427 -6.541904449 -0.050214626 0.037459418 0.998036087 127.874870300
0.995708823 0.079694554 0.047047358 4.382864952 -0.077790610 0.996126711 -0.041001230 -6.621498585 -0.050132643 0.037165411 0.998051286 129.303741455
0.995911956 0.076980762 0.047266286 4.446576595 -0.075064898 0.996333778 -0.041052654 -6.703074932 -0.050253190 0.037336763 0.998038888 130.722351074
0.996139586 0.073692434 0.047708765 4.511484623 -0.071808361 0.996613741 -0.040069148 -6.783392906 -0.050499942 0.036488548 0.998057723 132.149185181
0.996434391 0.069225550 0.048240516 4.577971458 -0.067397527 0.996981859 -0.038542289 -6.864598751 -0.050762966 0.035153534 0.998092234 133.573638916
0.996601343 0.066566460 0.048533112 4.644658566 -0.064714484 0.997150362 -0.038780533 -6.943624973 -0.050976224 0.035507903 0.998068869 135.006042480
0.996461093 0.068693131 0.048449222 4.705660343 -0.066618346 0.996842802 -0.043211296 -7.024216652 -0.051264513 0.039830733 0.997891009 136.436386108
0.995916009 0.076190017 0.048449978 4.759291649 -0.073848218 0.996094108 -0.048415110 -7.107588291 -0.051949430 0.044639409 0.997652054 137.871505737
0.995130360 0.085153513 0.049651869 4.808168411 -0.082748674 0.995383799 -0.048630353 -7.194643021 -0.053563647 0.044284884 0.997582436 139.315505981
0.994376063 0.092705078 0.051215921 4.856778145 -0.090430714 0.994882643 -0.045073267 -7.283527374 -0.055132292 0.040188260 0.997670472 140.757431030
0.994262099 0.093484223 0.052003954 4.920036316 -0.091295965 0.994896412 -0.042975906 -7.369222641 -0.055756062 0.037981547 0.997722268 142.214675903
0.994460344 0.091607057 0.051553845 4.987205505 -0.089462347 0.995084345 -0.042478327 -7.452721596 -0.055191688 0.037630856 0.997766912 143.669998169
0.994814992 0.088400260 0.050294518 5.058446884 -0.086302102 0.995364130 -0.042464834 -7.537239075 -0.053815205 0.037904121 0.997831762 145.128311157
0.995037019 0.086437076 0.049302634 5.126542568 -0.084344886 0.995506942 -0.043046732 -7.622732162 -0.052801881 0.038674649 0.997856259 146.587631226
0.995022297 0.086940378 0.048713781 5.189525604 -0.084842600 0.995440781 -0.043594051 -7.709163666 -0.052281711 0.039244030 0.997861505 148.046737671
0.994900703 0.088399008 0.048569031 5.249669075 -0.086313270 0.995319128 -0.043484144 -7.795248032 -0.052185588 0.039070237 0.997873366 149.517425537
0.994790554 0.089602619 0.048619114 5.308327675 -0.087559275 0.995246530 -0.042647045 -7.881424904 -0.052209247 0.038167808 0.997907043 150.984878540
0.994864702 0.088929050 0.048334762 5.369735718 -0.086867578 0.995283365 -0.043198828 -7.967803478 -0.051948369 0.038778257 0.997897148 152.461242676
0.994905174 0.088705093 0.047914229 5.430824280 -0.086608633 0.995262384 -0.044190314 -8.054448128 -0.051607091 0.039815370 0.997874022 153.931060791
0.994983435 0.087941483 0.047693245 5.492333412 -0.085838623 0.995316148 -0.044480644 -8.142923355 -0.051381495 0.040163573 0.997871697 155.410171509
0.994974017 0.088217407 0.047382109 5.552422523 -0.086123094 0.995288014 -0.044560492 -8.232110023 -0.051089812 0.040255826 0.997882962 156.894531250
0.994957983 0.088515542 0.047161821 5.611919403 -0.086419448 0.995252848 -0.044771824 -8.321742058 -0.050900895 0.040470373 0.997883916 158.375335693
0.994970202 0.088479549 0.046968538 5.670746803 -0.086385198 0.995250583 -0.044891365 -8.412961960 -0.050717380 0.040608171 0.997887671 159.863769531
0.994907260 0.089383677 0.046588879 5.729400635 -0.087293096 0.995160580 -0.045127217 -8.504419327 -0.050397016 0.040830497 0.997894824 161.353668213
0.994946241 0.089080445 0.046338186 5.788357735 -0.086992010 0.995179772 -0.045287285 -8.594032288 -0.050148986 0.041027345 0.997899175 162.847503662
0.994929314 0.089426480 0.046032377 5.848531723 -0.087355368 0.995152235 -0.045193508 -8.685456276 -0.049850676 0.040943164 0.997917652 164.337753296
0.994996667 0.088678032 0.046025652 5.906796455 -0.086600363 0.995212078 -0.045327574 -8.775520325 -0.049824793 0.041114930 0.997911870 165.832534790
0.995125532 0.087171026 0.046120308 5.967681885 -0.085077986 0.995333254 -0.045550607 -8.867335320 -0.049875718 0.041404735 0.997897208 167.324981689
0.995214760 0.086021908 0.046352111 6.028426647 -0.083931580 0.995442033 -0.045299832 -8.959947586 -0.050037563 0.041192640 0.997897863 168.825469971
0.995323181 0.084580190 0.046676088 6.090110302 -0.082516015 0.995596051 -0.044508193 -9.052986145 -0.050234985 0.040448494 0.997918367 170.328506470
0.995323837 0.084486052 0.046832185 6.149518013 -0.082424879 0.995611906 -0.044323009 -9.144407272 -0.050371304 0.040255602 0.997919321 171.823822021
0.995266676 0.084898725 0.047299013 6.205517769 -0.082797132 0.995561957 -0.044748455 -9.235428810 -0.050888132 0.040620413 0.997878313 173.325241089
0.995178699 0.085606225 0.047871266 6.262868881 -0.083438613 0.995470643 -0.045580726 -9.325899124 -0.051556382 0.041366640 0.997813344 174.816879272
0.995030403 0.086841509 0.048721932 6.322438240 -0.084671579 0.995394528 -0.044961840 -9.419166565 -0.052402046 0.040613011 0.997800231 176.313827515
0.994976044 0.086918950 0.049684681 6.385797024 -0.084818959 0.995472133 -0.042919122 -9.511459351 -0.053190157 0.038489278 0.997842729 177.833618164
0.994950235 0.086715072 0.050549831 6.449707031 -0.084597461 0.995503545 -0.042626176 -9.601146698 -0.054018825 0.038134523 0.997811854 179.346969604
0.994898200 0.087005243 0.051072609 6.516036034 -0.084779404 0.995417595 -0.044241644 -9.692598343 -0.054687791 0.039686009 0.997715056 180.869705200
0.994840324 0.087319896 0.051659327 6.581798553 -0.084994234 0.995336890 -0.045623589 -9.785476685 -0.055402249 0.040997423 0.997622609 182.394866943
0.994757593 0.088054754 0.052003831 6.650745392 -0.085741907 0.995294452 -0.045147404 -9.879116058 -0.055734538 0.040451813 0.997626364 183.926330566
0.994793296 0.087589592 0.052106649 6.719609261 -0.085335575 0.995380044 -0.044016220 -9.972641945 -0.055721242 0.039340470 0.997671545 185.461120605
0.994831741 0.087383464 0.051717851 6.794313431 -0.085171938 0.995415688 -0.043524534 -10.068645477 -0.055284038 0.038894657 0.997713327 187.006332397
0.994813621 0.087678328 0.051566895 6.862564087 -0.085483268 0.995397091 -0.043336052 -10.161583900 -0.055129129 0.038703162 0.997729361 188.546417236
0.994726658 0.088604748 0.051660553 6.934765816 -0.086422540 0.995328605 -0.043048341 -10.253991127 -0.055233475 0.038356688 0.997736990 190.100448608
0.994573772 0.090007313 0.052176781 6.998530865 -0.087808654 0.995209217 -0.043003917 -10.345561981 -0.055797450 0.038188990 0.997712016 191.645034790
0.994559586 0.090124846 0.052243866 7.067289352 -0.087940611 0.995210707 -0.042701762 -10.437020302 -0.055842109 0.037875090 0.997721493 193.183929443
0.994691908 0.088594183 0.052340306 7.139037132 -0.086416617 0.995352745 -0.042499274 -10.527966499 -0.055862211 0.037750605 0.997725070 194.725494385
0.994853377 0.086736158 0.052386083 7.212268353 -0.084598787 0.995541692 -0.041727524 -10.618813515 -0.055771783 0.037080947 0.997755110 196.269882202
0.995051086 0.084360242 0.052511033 7.287457466 -0.082260236 0.995770097 -0.040946592 -10.711017609 -0.055743143 0.036424354 0.997781038 197.814514160
0.995190144 0.082885079 0.052223738 7.360706329 -0.080761462 0.995867968 -0.041542031 -10.803677559 -0.055451140 0.037124526 0.997771382 199.352401733
0.995312333 0.081635743 0.051862217 7.434895992 -0.079475023 0.995933592 -0.042443056 -10.893795013 -0.055116158 0.038122315 0.997752428 200.896591187
0.995415092 0.079831608 0.052691486 7.506288052 -0.077732489 0.996141672 -0.040753987 -10.983848572 -0.055741601 0.036471263 0.997779429 202.447799683
0.995559752 0.077638082 0.053233773 7.580478191 -0.075619772 0.996376991 -0.038935363 -11.072829247 -0.056063715 0.034736913 0.997823238 203.998107910
0.995621085 0.076758072 0.053362980 7.653464317 -0.074688360 0.996414840 -0.039755248 -11.158699036 -0.056223154 0.035595551 0.997783899 205.542968750
0.995631516 0.076385930 0.053701248 7.728224754 -0.074244514 0.996405721 -0.040801667 -11.245625496 -0.056624852 0.036636371 0.997723639 207.086654663
0.995535791 0.077104703 0.054443587 7.800611496 -0.074917480 0.996341646 -0.041134253 -11.335071564 -0.057415996 0.036871806 0.997669756 208.628829956
0.995373607 0.078453667 0.055472158 7.874481678 -0.076238520 0.996247590 -0.040982101 -11.427179337 -0.058479138 0.036563337 0.997619212 210.171066284
0.995220840 0.079627953 0.056529809 7.949418545 -0.077363186 0.996152580 -0.041182831 -11.520452499 -0.059591547 0.036612641 0.997551680 211.707946777
0.995101273 0.080372654 0.057570931 8.027007103 -0.078063682 0.996093333 -0.041293461 -11.614626884 -0.060664818 0.036596935 0.997487426 213.246597290
0.994932413 0.081394792 0.059035230 8.100132942 -0.079009637 0.996002972 -0.041672081 -11.704435349 -0.062191095 0.036796518 0.997386098 214.775375366
0.994848430 0.081689268 0.060037512 8.179857254 -0.079220362 0.995954752 -0.042414825 -11.796564102 -0.063259438 0.037440080 0.997294962 216.311737061
0.994846106 0.081053510 0.060930803 8.262760162 -0.078508817 0.995983541 -0.043060303 -11.888133049 -0.064176232 0.038054731 0.997213125 217.868957520
0.994850874 0.079875566 0.062389217 8.346402168 -0.077290803 0.996089995 -0.042801037 -11.978756905 -0.065563984 0.037758503 0.997134149 219.421890259
0.994937897 0.078461222 0.062797174 8.444607735 -0.075924233 0.996236861 -0.041816812 -12.070917130 -0.065841809 0.036837261 0.997150242 220.990142822
0.995010912 0.077176303 0.063230716 8.534865379 -0.074644282 0.996347725 -0.041475013 -12.164108276 -0.066200621 0.036548227 0.997137249 222.535614014
0.995082974 0.076279573 0.063185081 8.624757767 -0.073593855 0.996326387 -0.043796469 -12.258766174 -0.066293687 0.038931031 0.997040749 224.076675415
0.995239913 0.074601702 0.062714264 8.717502594 -0.071801513 0.996368229 -0.045777921 -12.353893280 -0.065901555 0.041056987 0.996981442 225.626205444
0.995312095 0.074254647 0.061977085 8.806487083 -0.071488000 0.996393204 -0.045724716 -12.449024200 -0.065148778 0.041079704 0.997030020 227.177719116
0.995470583 0.072698638 0.061271854 8.895181656 -0.069965862 0.996505737 -0.045625668 -12.543080330 -0.064374626 0.041132022 0.997078180 228.728408813
0.995554924 0.072534449 0.060085349 8.988434792 -0.069839932 0.996506929 -0.045793310 -12.644439697 -0.063197009 0.041393355 0.997142792 230.276657104
0.995602608 0.072411261 0.059440251 9.074720383 -0.069724560 0.996501148 -0.046094391 -12.737339020 -0.062569983 0.041747216 0.997167587 231.837097168
0.995678961 0.071881033 0.058798976 9.161865234 -0.069252521 0.996557772 -0.045582172 -12.834500313 -0.061873004 0.041313197 0.997229159 233.412521362
0.995815337 0.070896685 0.057676099 9.251876831 -0.068316936 0.996624410 -0.045534026 -12.928375244 -0.060709570 0.041403182 0.997296929 234.996017456
0.995936751 0.070007294 0.056657229 9.337967873 -0.067544684 0.996733904 -0.044271875 -13.022117615 -0.059571501 0.040265054 0.997412026 236.574768066
0.995863318 0.071523219 0.056050286 9.421625137 -0.069158688 0.996676922 -0.043047767 -13.114416122 -0.058942888 0.038993284 0.997500002 238.149826050
0.995825946 0.071592920 0.056623165 9.504849434 -0.069198541 0.996668637 -0.043173593 -13.204750061 -0.059525412 0.039075106 0.997462094 239.718490601
0.995774508 0.071672730 0.057421479 9.589397430 -0.069218293 0.996646583 -0.043650419 -13.296893120 -0.060357403 0.039491314 0.997395754 241.306961060
0.995885015 0.070106655 0.057435725 9.688095093 -0.067612074 0.996729016 -0.044281982 -13.384748459 -0.060352247 0.040216386 0.997367024 242.910522461
0.996025026 0.068187639 0.057320494 9.777038574 -0.065618709 0.996804297 -0.045564942 -13.476508141 -0.060244221 0.041622490 0.997316003 244.502807617
0.996126652 0.066732384 0.057266168 9.868645668 -0.064038828 0.996809721 -0.047648225 -13.575272560 -0.060263094 0.043796375 0.997221649 246.095275879
0.996162772 0.066486306 0.056924101 9.955753326 -0.063737214 0.996772289 -0.048819434 -13.675907135 -0.059986141 0.045003884 0.997184575 247.700363159
0.996232212 0.067306705 0.054701071 10.034814835 -0.064602576 0.996668994 -0.049784299 -13.778130531 -0.057869621 0.046062861 0.997261286 249.313934326
0.996277690 0.068218604 0.052706610 10.111413002 -0.065653332 0.996641099 -0.048958618 -13.882715225 -0.055869415 0.045315981 0.997409701 250.938018799
0.996211290 0.069171995 0.052717518 10.185487747 -0.066785328 0.996717811 -0.045764349 -13.985053062 -0.055710047 0.042070180 0.997560740 252.574203491
0.996283591 0.067610241 0.053372379 10.266757011 -0.065367103 0.996947169 -0.042710826 -14.085955620 -0.056097098 0.039063279 0.997661233 254.204513550
0.996331394 0.066748060 0.053564049 10.348264694 -0.064535290 0.997030377 -0.042028435 -14.181816101 -0.056210250 0.038417462 0.997679949 255.842224121
0.996373892 0.066067271 0.053620949 10.429236412 -0.063776806 0.997022212 -0.043358099 -14.277964592 -0.056325793 0.039781075 0.997619987 257.463531494
0.996415854 0.065058261 0.054072130 10.508552551 -0.062742971 0.997083127 -0.043466188 -14.375250816 -0.056742206 0.039917715 0.997591019 259.097778320
0.996389270 0.065108769 0.054500431 10.586130142 -0.062792599 0.997092128 -0.043183163 -14.475654602 -0.057153523 0.039604977 0.997580051 260.737304688
0.996355951 0.065129973 0.055081330 10.666461945 -0.062787369 0.997089922 -0.043241907 -14.575548172 -0.057737350 0.039625891 0.997545600 262.368804932
0.996219575 0.066786736 0.055562492 10.744282722 -0.064368114 0.996945620 -0.044236399 -14.676366806 -0.058347147 0.040492680 0.997475326 263.993927002
0.996125758 0.067519158 0.056356177 10.823311806 -0.065032102 0.996874869 -0.044855945 -14.778045654 -0.059208654 0.041017164 0.997403145 265.622009277
0.996169448 0.066061892 0.057303384 10.907396317 -0.063646257 0.997045994 -0.043002371 -14.878325462 -0.059974883 0.039190471 0.997430801 267.238616943
0.996205330 0.065240994 0.057618927 10.990201950 -0.062854186 0.997126043 -0.042307556 -14.976470947 -0.060213465 0.038525391 0.997442365 268.855773926
0.996263981 0.064348236 0.057609424 11.073590279 -0.061880592 0.997129440 -0.043639202 -15.072632790 -0.060252119 0.039911229 0.997385502 270.461791992
0.996160388 0.065737292 0.057831783 11.155154228 -0.063262120 0.997042835 -0.043636780 -15.171378136 -0.060529277 0.039810639 0.997372746 272.072387695
0.996058047 0.067462258 0.057607286 11.235700607 -0.064879328 0.996851623 -0.045587849 -15.272138596 -0.060501330 0.041670591 0.997298479 273.679656982
0.995965302 0.069349557 0.056964166 11.314245224 -0.066615522 0.996596456 -0.048568301 -15.374718666 -0.060138419 0.044577617 0.997194707 275.279968262
0.995885849 0.070800640 0.056566451 11.388131142 -0.068111897 0.996516824 -0.048124868 -15.479389191 -0.059776630 0.044074006 0.997238994 276.871154785
0.995864868 0.071519189 0.056031603 11.467090607 -0.069061443 0.996613681 -0.044636723 -15.583046913 -0.059034199 0.040582485 0.997431397 278.481872559
0.995828211 0.072565377 0.055331707 11.544763565 -0.070301950 0.996649504 -0.041811060 -15.682909012 -0.058180299 0.037746668 0.997592926 280.090118408
0.995860636 0.073095359 0.054034878 11.621182442 -0.070813484 0.996562600 -0.043002725 -15.779428482 -0.056992378 0.038998298 0.997613370 281.689605713
0.995997310 0.072513886 0.052273061 11.696930885 -0.070222832 0.996542871 -0.044408232 -15.877547264 -0.055312503 0.040559694 0.997645676 283.284637451
0.996180773 0.071072541 0.050734524 11.771097183 -0.068925276 0.996700048 -0.042887282 -15.977483749 -0.053615160 0.039226573 0.997791648 284.885314941
0.996325195 0.069512047 0.050056051 11.842874527 -0.067417465 0.996824682 -0.042382654 -16.075738907 -0.052843165 0.038852219 0.997847617 286.495239258
0.996359348 0.069287486 0.049686253 11.913705826 -0.067170307 0.996811390 -0.043084100 -16.175212860 -0.052512962 0.039589778 0.997836053 288.095458984
0.996416867 0.068608932 0.049474467 11.984608650 -0.066453345 0.996820688 -0.043971814 -16.273502350 -0.052333981 0.040526494 0.997807860 289.699523926
0.996441960 0.068234958 0.049486320 12.055220604 -0.066073611 0.996841490 -0.044069089 -16.372926712 -0.052337013 0.040642526 0.997802973 291.301727295
0.996466756 0.067747742 0.049659036 12.125507355 -0.065573044 0.996869385 -0.044185739 -16.473480225 -0.052497003 0.040773291 0.997789085 292.895385742
0.996500552 0.067113377 0.049839031 12.195380211 -0.064904287 0.996890664 -0.044692945 -16.574871063 -0.052683491 0.041301753 0.997757494 294.482513428
0.996533155 0.066637278 0.049826000 12.266880989 -0.064396381 0.996896029 -0.045301840 -16.675779343 -0.052690078 0.041936144 0.997730613 296.074218750
0.996576011 0.065929256 0.049910344 12.338894844 -0.063693866 0.996949077 -0.045126155 -16.775669098 -0.052733153 0.041792624 0.997734427 297.659027100
0.996547878 0.066144913 0.050185025 12.407734871 -0.063854456 0.996901393 -0.045946743 -16.876054764 -0.053068604 0.042583566 0.997683108 299.240692139
0.996640682 0.064652294 0.050288357 12.478356361 -0.062288933 0.996940732 -0.047222752 -16.977367401 -0.053187519 0.043931685 0.997618437 300.820037842
0.996701539 0.063116573 0.051030431 12.545833588 -0.060808294 0.997108161 -0.045586117 -17.075910568 -0.053760055 0.042332634 0.997656882 302.408508301
0.996774554 0.061727569 0.051303178 12.617309570 -0.059436072 0.997215211 -0.045051023 -17.173250198 -0.053941157 0.041856416 0.997667193 304.006134033
0.996781349 0.061398856 0.051567376 12.689127922 -0.059028853 0.997182846 -0.046288557 -17.269952774 -0.054264121 0.043095563 0.997596920 305.607330322
0.996669650 0.062693454 0.052162535 12.758398056 -0.060260091 0.997076750 -0.046982706 -17.370447159 -0.054955505 0.043682888 0.997533500 307.212646484
0.996522844 0.064319588 0.052980814 12.829080582 -0.061886966 0.997007072 -0.046342853 -17.470907211 -0.055802941 0.042902850 0.997520328 308.823303223
0.996402562 0.065466434 0.053829487 12.901424408 -0.063040040 0.996969163 -0.045601405 -17.571308136 -0.056651626 0.042043909 0.997509062 310.431274414
0.996340811 0.065797433 0.054565690 12.976408958 -0.063315257 0.996931791 -0.046034753 -17.670907974 -0.057427183 0.042411420 0.997449160 312.038330078
0.996324420 0.065510735 0.055206250 13.053768158 -0.062940560 0.996906936 -0.047075171 -17.771226883 -0.058119364 0.043427378 0.997365355 313.647155762
0.996309102 0.065433800 0.055573188 13.134447098 -0.062831201 0.996900618 -0.047354817 -17.873531342 -0.058499482 0.043688256 0.997331738 315.254821777
0.996257842 0.065667696 0.056212306 13.213133812 -0.063020803 0.996875405 -0.047632288 -17.975559235 -0.059164502 0.043911438 0.997282684 316.858978271
0.996108532 0.066816002 0.057488330 13.285329819 -0.064101771 0.996797025 -0.047829766 -18.076686859 -0.060499929 0.043958481 0.997200489 318.454559326
0.995892107 0.068349421 0.059402920 13.353376389 -0.065559633 0.996707976 -0.047709119 -18.177726746 -0.062468190 0.043618649 0.997094035 320.042358398
0.995785952 0.069388032 0.059975374 13.437599182 -0.066523157 0.996605158 -0.048513997 -18.281829834 -0.063138001 0.044319753 0.997020781 321.668670654
0.995711088 0.070074238 0.060418773 13.524642944 -0.067149833 0.996532261 -0.049146727 -18.387237549 -0.063653126 0.044878770 0.996963024 323.297058105
