1.000000000 0.000000000 0.000000000 0.000000000 0.000000000 1.000000000 0.000000000 0.000000000 0.000000000 0.000000000 1.000000000 0.000000000
0.999997318 -0.001722291 -0.001565278 -0.001260193 0.001720961 0.999998152 -0.000850340 -0.011240606 0.001566740 0.000847643 0.999998391 0.566746712
0.999993622 -0.002291878 -0.002737873 -0.005884456 0.002285483 0.999994636 -0.002336383 -0.023973197 0.002743213 0.002330111 0.999993503 1.131275415
0.999985874 -0.002605013 -0.004618282 -0.012543673 0.002588268 0.999989986 -0.003628093 -0.037496179 0.004627688 0.003616088 0.999982774 1.691665173
0.999967039 -0.004713749 -0.006597015 -0.016126530 0.004677887 0.999974191 -0.005441033 -0.048549458 0.006622492 0.005409994 0.999963462 2.250613213
0.999940813 -0.007107669 -0.008232598 -0.020600211 0.007046636 0.999947608 -0.007418916 -0.059740752 0.008284899 0.007360466 0.999938607 2.816152573
0.999917209 -0.008438562 -0.009714778 -0.026625816 0.008359866 0.999932051 -0.008113065 -0.072084256 0.009782581 0.008031178 0.999919891 3.388969898
0.999901354 -0.008616509 -0.011094935 -0.036054038 0.008534578 0.999936044 -0.007410890 -0.085971259 0.011158079 0.007315470 0.999911010 3.969615459
0.999883771 -0.009023307 -0.012288043 -0.046627350 0.008928397 0.999929905 -0.007756770 -0.102222957 0.012357174 0.007646158 0.999894381 4.560393810
0.999874830 -0.008398888 -0.013402843 -0.058802936 0.008258724 0.999910831 -0.010478908 -0.118158258 0.013489660 0.010366908 0.999855280 5.153203011
0.999868810 -0.006712827 -0.014739861 -0.072818801 0.006501561 0.999876022 -0.014334348 -0.133658126 0.014834258 0.014236637 0.999788702 5.757230759
0.999857306 -0.005338795 -0.016021341 -0.087898061 0.005049246 0.999823987 -0.018058941 -0.147340834 0.016114935 0.017975472 0.999708593 6.372469902
0.999847174 -0.003655256 -0.017091986 -0.106807217 0.003346581 0.999831259 -0.018053384 -0.159778476 0.017155094 0.017993428 0.999691069 6.996178150
0.999832273 -0.001072679 -0.018282292 -0.126010582 0.000867375 0.999936342 -0.011233843 -0.171691746 0.018293180 0.011216102 0.999769807 7.646396637
0.999819994 -0.000155940 -0.018973053 -0.146187782 0.000140429 0.999999464 -0.000818767 -0.183491260 0.018973172 0.000815952 0.999819815 8.315235138
0.999805689 0.000981423 -0.019688282 -0.166710645 -0.000863393 0.999981523 0.006002557 -0.199538544 0.019693810 -0.005984395 0.999788165 8.995920181
0.999777734 0.003104907 -0.020852795 -0.189205363 -0.002999515 0.999982476 0.005083530 -0.214189306 0.020868214 -0.005019854 0.999769688 9.678545952
0.999751031 0.005232169 -0.021687243 -0.212406054 -0.005280680 0.999983609 -0.002180101 -0.220795646 0.021675481 0.002294080 0.999762416 10.371415138
0.999727070 0.004828387 -0.022853799 -0.232699752 -0.005018083 0.999953389 -0.008250298 -0.220948160 0.022812897 0.008362727 0.999704719 11.081834793
0.999711454 0.002674114 -0.023867734 -0.253262103 -0.002834078 0.999973655 -0.006670755 -0.224320769 0.023849266 0.006736472 0.999692857 11.818587303
0.999700904 0.001819621 -0.024381252 -0.273607314 -0.001758188 0.999995232 0.002540903 -0.233358458 0.024385754 -0.002497280 0.999699473 12.585258484
0.999693394 0.001449557 -0.024714278 -0.297553092 -0.001200123 0.999948144 0.010104581 -0.241882086 0.024727643 -0.010071827 0.999643505 13.360239983
0.999680281 0.000639001 -0.025269348 -0.321231097 -0.000322069 0.999921262 0.012544258 -0.245163515 0.025275372 -0.012532114 0.999601960 14.153076172
0.999675095 -0.001335866 -0.025446467 -0.342544854 0.001629967 0.999931991 0.011540391 -0.246426255 0.025429318 -0.011578119 0.999609709 14.955687523
0.999686837 -0.001731001 -0.024957277 -0.367190093 0.001956224 0.999957561 0.009002781 -0.244998068 0.024940634 -0.009048785 0.999647975 15.778176308
0.999704242 0.000857377 -0.024290001 -0.396324188 -0.000721615 0.999983907 0.005597426 -0.246674761 0.024294412 -0.005578245 0.999689281 16.614364624
0.999729037 -0.002335735 -0.023146443 -0.419390053 0.002338673 0.999997079 0.000099870 -0.254168808 0.023146145 -0.000153975 0.999732018 17.468458176
0.999736428 -0.005144810 -0.022359101 -0.439368218 0.005005801 0.999967635 -0.006268604 -0.265073359 0.022390630 0.006155030 0.999730349 18.339023590
0.999768078 -0.004110481 -0.021125428 -0.464696914 0.003863896 0.999923825 -0.011700010 -0.276641190 0.021171916 0.011615677 0.999708295 19.229240417
0.999776781 -0.002711057 -0.020939216 -0.491566539 0.002448854 0.999918222 -0.012537623 -0.293934792 0.020971501 0.012483556 0.999702156 20.137258530
0.999775469 -0.002544620 -0.021019310 -0.516315103 0.002294951 0.999926448 -0.011893673 -0.316347629 0.021048028 0.011842773 0.999708354 21.067436218
0.999775708 -0.001064130 -0.021131294 -0.540702999 0.000783068 0.999911010 -0.013304522 -0.339150012 0.021143574 0.013285000 0.999688327 22.007469177
0.999779820 0.001787902 -0.020889828 -0.570770800 -0.002110421 0.999878585 -0.015427189 -0.361333489 0.020859711 0.015467890 0.999662817 22.962942123
0.999763072 0.005360617 -0.021074677 -0.599738061 -0.005702953 0.999852061 -0.016217472 -0.385707617 0.020984629 0.016333828 0.999646366 23.929216385
0.999753356 0.006962538 -0.021065827 -0.627002120 -0.007303900 0.999842465 -0.016171135 -0.413753331 0.020949923 0.016321018 0.999647319 24.908348083
0.999742448 0.007521997 -0.021386651 -0.650769114 -0.007871700 0.999835849 -0.016314404 -0.442318797 0.021260427 0.016478561 0.999638081 25.886959076
0.999740064 0.007485759 -0.021511432 -0.676631510 -0.007835548 0.999837637 -0.016222524 -0.470267475 0.021386500 0.016386868 0.999636889 26.882246017
0.999723613 0.008289889 -0.021978922 -0.701432586 -0.008623594 0.999848247 -0.015131708 -0.498802155 0.021850150 0.015317071 0.999643922 27.884197235
0.999713063 0.008839441 -0.022240551 -0.728487670 -0.009135186 0.999870658 -0.013231009 -0.526841164 0.022120722 0.013430391 0.999665082 28.899875641
0.999703586 0.009454686 -0.022416007 -0.757846951 -0.009726696 0.999880016 -0.012056602 -0.555529177 0.022299331 0.012271070 0.999676049 29.917150497
0.999702394 0.009277600 -0.022539407 -0.786618233 -0.009573675 0.999868870 -0.013063481 -0.584678531 0.022415256 0.013275386 0.999660671 30.938371658
0.999685645 0.010541462 -0.022735016 -0.817804694 -0.010862433 0.999842346 -0.014040770 -0.611194491 0.022583425 0.014283320 0.999643087 31.967283249
0.999681234 0.010134879 -0.023110846 -0.846862435 -0.010440208 0.999859214 -0.013129154 -0.638854623 0.022974532 0.013366258 0.999646783 33.007755280
0.999676585 0.009338609 -0.023641892 -0.875780940 -0.009586525 0.999899864 -0.010394710 -0.667013168 0.023542454 0.010617997 0.999666631 34.057685852
0.999663651 0.009540154 -0.024100477 -0.905576706 -0.009706018 0.999929845 -0.006774615 -0.691604316 0.024034152 0.007006260 0.999686837 35.117450714
0.999650776 0.009508813 -0.024642399 -0.937947512 -0.009619566 0.999943972 -0.004379711 -0.716684580 0.024599370 0.004615234 0.999686897 36.178264618
0.999642611 0.009408724 -0.025010733 -0.971208215 -0.009508969 0.999947131 -0.003892146 -0.738504648 0.024972791 0.004128585 0.999679744 37.246379852
0.999635160 0.008825917 -0.025516365 -1.003895998 -0.008966198 0.999945104 -0.005388482 -0.758877993 0.025467405 0.005615306 0.999659896 38.322505951
0.999614120 0.009298530 -0.026163368 -1.039115906 -0.009456155 0.999937713 -0.005907299 -0.780313849 0.026106808 0.006152430 0.999640226 39.403678894
0.999600589 0.008989575 -0.026778847 -1.074351072 -0.009119365 0.999947131 -0.004728533 -0.802186847 0.026734928 0.004970856 0.999630213 40.486011505
0.999580860 0.009044991 -0.027486211 -1.110257626 -0.009125081 0.999954224 -0.002789751 -0.824586153 0.027459720 0.003039399 0.999618292 41.571258545
0.999567568 0.009080077 -0.027955113 -1.147367239 -0.009091676 0.999958456 -0.000287844 -0.846811950 0.027951334 0.000541881 0.999609292 42.651592255
0.999545753 0.010357631 -0.028286614 -1.187143564 -0.010375386 0.999945879 -0.000480968 -0.869843960 0.028280102 0.000774236 0.999599874 43.735012054
0.999525249 0.011440664 -0.028591964 -1.225167871 -0.011565809 0.999924064 -0.004215512 -0.892534912 0.028541561 0.004544204 0.999582291 44.812259674
0.999512613 0.012665608 -0.028517347 -1.264640808 -0.012904862 0.999882817 -0.008221464 -0.915802956 0.028409870 0.008585477 0.999559522 45.894237518
0.999510646 0.013032592 -0.028420299 -1.303371072 -0.013279605 0.999875426 -0.008519954 -0.941375852 0.028305717 0.008893201 0.999559760 46.976135254
0.999512017 0.013432949 -0.028181721 -1.341036797 -0.013600355 0.999890804 -0.005756958 -0.967906356 0.028101308 0.006137436 0.999586225 48.065891266
0.999509871 0.014131431 -0.027915483 -1.379815221 -0.014236681 0.999892175 -0.003575113 -0.995098472 0.027861947 0.003970790 0.999604046 49.153366089
0.999533236 0.012458400 -0.027876960 -1.413696408 -0.012529123 0.999918699 -0.002363761 -1.016937017 0.027845241 0.002711935 0.999608696 50.239650726
0.999546170 0.012414023 -0.027425528 -1.451586843 -0.012506890 0.999916494 -0.003217404 -1.041410685 0.027383303 0.003558957 0.999618709 51.328952789
0.999567091 0.011539828 -0.027045175 -1.485908270 -0.011678971 0.999919176 -0.004992608 -1.063801527 0.026985383 0.005306313 0.999621928 52.416278839
0.999572635 0.011508106 -0.026854455 -1.518872142 -0.011705664 0.999905348 -0.007211077 -1.087937474 0.026768936 0.007522354 0.999613523 53.504947662
0.999591589 0.010394860 -0.026602315 -1.553124905 -0.010655009 0.999896526 -0.009656225 -1.117188454 0.026499189 0.009935738 0.999599636 54.582530975
0.999614000 0.008725319 -0.026358085 -1.585784912 -0.009071460 0.999873698 -0.013041412 -1.147431731 0.026240971 0.013275496 0.999567688 55.663883209
0.999637127 0.007090288 -0.025969883 -1.619114280 -0.007475380 0.999863029 -0.014761617 -1.179034233 0.025861664 0.014950410 0.999553919 56.747398376
0.999652624 0.005392495 -0.025780961 -1.649172783 -0.005716252 0.999905407 -0.012501040 -1.211442709 0.025711110 0.012644079 0.999589622 57.836257935
0.999667645 0.004214625 -0.025415685 -1.681941867 -0.004383423 0.999968588 -0.006589718 -1.242133141 0.025387116 0.006698945 0.999655426 58.934726715
0.999678373 0.002948239 -0.025171602 -1.711817026 -0.002964712 0.999995291 -0.000617393 -1.267260790 0.025169665 0.000691826 0.999683142 60.029754639
0.999684334 0.001059378 -0.025086701 -1.740720510 -0.001058239 0.999999344 0.000058393 -1.289442539 0.025086751 -0.000031822 0.999685466 61.119937897
0.999687612 -0.002171678 -0.024880344 -1.767880082 0.002098415 0.999993205 -0.002970689 -1.309328794 0.024886632 0.002917558 0.999686241 62.210773468
0.999680638 -0.003598491 -0.024995014 -1.795138359 0.003443983 0.999974549 -0.006222200 -1.330966234 0.025016775 0.006134138 0.999668539 63.300209045
0.999679744 -0.001704926 -0.025232546 -1.827472806 0.001446453 0.999946237 -0.010258693 -1.359536409 0.025248684 0.010218924 0.999629259 64.395210266
0.999688745 -0.001695448 -0.024868878 -1.862041354 0.001333811 0.999893069 -0.014551465 -1.389252424 0.024890900 0.014513783 0.999585152 65.478408813
0.999708474 0.001329829 -0.024087384 -1.898896456 -0.001695841 0.999883235 -0.015181423 -1.420081258 0.024064388 0.015217866 0.999594867 66.572227478
0.999716640 0.005179596 -0.023211669 -1.937321424 -0.005447901 0.999918818 -0.011511005 -1.454051971 0.023150172 0.011634215 0.999664664 67.670967102
0.999713302 0.006596140 -0.022998776 -1.971761465 -0.006815323 0.999931872 -0.009465080 -1.484743953 0.022934783 0.009619123 0.999691069 68.770271301
0.999715626 0.005878207 -0.023084944 -2.000030756 -0.006081350 0.999943316 -0.008739738 -1.512277126 0.023032263 0.008877654 0.999695659 69.866249084
0.999726593 0.004257361 -0.022964612 -2.029929876 -0.004440750 0.999958634 -0.007940985 -1.541565657 0.022929857 0.008040806 0.999705136 70.963661194
0.999721289 0.003075400 -0.023384912 -2.056480408 -0.003229469 0.999973297 -0.006553808 -1.569366693 0.023364140 0.006627513 0.999705434 72.061370850
0.999718249 0.001457789 -0.023669397 -2.084361315 -0.001564457 0.999988616 -0.004489049 -1.595631242 0.023662593 0.004524823 0.999710143 73.157485962
0.999704301 0.000196144 -0.024294201 -2.111689568 -0.000265027 0.999995947 -0.002832555 -1.621561289 0.024293553 0.002838163 0.999701202 74.249702454
0.999690235 -0.000646494 -0.024861759 -2.140997410 0.000545542 0.999991596 -0.004067454 -1.648448706 0.024864187 0.004052639 0.999683022 75.341232300
0.999677300 -0.000202678 -0.025377393 -2.173570633 0.000003384 0.999969304 -0.007853351 -1.675041437 0.025378210 0.007850745 0.999647439 76.424079895
0.999659896 0.000243688 -0.026053404 -2.205802202 -0.000502319 0.999950707 -0.009921200 -1.702790499 0.026049709 0.009930927 0.999611676 77.507835388
0.999639094 0.002292208 -0.026743328 -2.240884781 -0.002513238 0.999963105 -0.008234501 -1.732127547 0.026723476 0.008298757 0.999608755 78.593368530
0.999618828 0.003190537 -0.027400769 -2.274826288 -0.003301107 0.999986768 -0.003991247 -1.758769155 0.027387680 0.004080189 0.999616921 79.678138733
0.999595940 0.004666213 -0.028019615 -2.311007977 -0.004668707 0.999989271 -0.000023841 -1.783908010 0.028019216 0.000154657 0.999607563 80.760215759
0.999572217 0.005587040 -0.028687328 -2.347394466 -0.005571258 0.999984384 0.000629828 -1.806192994 0.028690409 -0.000469725 0.999588430 81.832550049
0.999558091 0.005436469 -0.029206125 -2.384999752 -0.005484000 0.999983788 -0.001547785 -1.825273037 0.029197250 0.001707277 0.999572396 82.894500732
0.999542117 0.005276399 -0.029775217 -2.421601534 -0.005349080 0.999983013 -0.002362059 -1.846571207 0.029762261 0.002520259 0.999554038 83.952308655
0.999529183 0.004504433 -0.030329429 -2.458129883 -0.004582040 0.999986410 -0.002489993 -1.872088313 0.030317819 0.002627802 0.999537051 85.000755310
0.999510109 0.003423532 -0.031090664 -2.493764400 -0.003493046 0.999991596 -0.002182015 -1.896582723 0.031082951 0.002289557 0.999514401 86.035720825
0.999493003 0.002085422 -0.031748537 -2.527879715 -0.002112505 0.999997437 -0.000819778 -1.918905020 0.031746760 0.000886441 0.999495745 87.052894592
0.999473810 0.002045336 -0.032349024 -2.564345837 -0.001984052 0.999996245 0.001926235 -1.942684174 0.032352850 -0.001861032 0.999474943 88.055099487
0.999445677 0.001005229 -0.033255070 -2.600103140 -0.000912206 0.999995649 0.002812037 -1.964834690 0.033257760 -0.002780136 0.999443114 89.036018372
0.999373913 -0.000065063 -0.035358980 -2.638411999 0.000175455 0.999995232 0.003118680 -1.986126542 0.035358611 -0.003122925 0.999369979 89.995491028
0.999250948 -0.000883713 -0.038669966 -2.677001953 0.000970530 0.999997079 0.002226098 -2.006506681 0.038667899 -0.002261953 0.999249756 90.929603577
0.999115765 -0.001088552 -0.042012837 -2.719831467 0.001147212 0.999998510 0.001371911 -2.027054787 0.042011298 -0.001418888 0.999116302 91.841651917
0.998978615 -0.001447782 -0.045144860 -2.763717890 0.001521851 0.999997556 0.001606131 -2.046117783 0.045142438 -0.001673187 0.998979330 92.730895996
0.998834193 -0.000397612 -0.048256136 -2.811388016 0.000529999 0.999996185 0.002730451 -2.065699100 0.048254889 -0.002752836 0.998831451 93.596290588
0.998686016 0.000532321 -0.051231530 -2.861391783 -0.000334944 0.999992490 0.003860963 -2.085957289 0.051233221 -0.003838723 0.998679519 94.434997559
0.998527408 0.001534571 -0.054215353 -2.912467718 -0.001245261 0.999984860 0.005369527 -2.102591753 0.054222781 -0.005294103 0.998515010 95.252410889
0.998374760 0.003088362 -0.056893859 -2.964838982 -0.002742773 0.999977231 0.006151227 -2.117997646 0.056911584 -0.005985178 0.998361468 96.042778015
0.998221219 0.005119883 -0.059386469 -3.019415617 -0.004734234 0.999966741 0.006632645 -2.134457588 0.059418477 -0.006339693 0.998213232 96.806907654
0.998049796 0.006958816 -0.062023118 -3.073315859 -0.006630912 0.999962866 0.005490982 -2.151638746 0.062059056 -0.005068996 0.998059809 97.536659241
0.997877657 0.008207085 -0.064585589 -3.126405001 -0.008108955 0.999965549 0.001781256 -2.168573618 0.064598002 -0.001253743 0.997910798 98.237373352
0.997694969 0.010607810 -0.067013241 -3.181330919 -0.010756087 0.999940336 -0.001852281 -2.184861898 0.066989623 0.002568825 0.997750700 98.904365540
0.997542322 0.012352153 -0.068958893 -3.234454155 -0.012691661 0.999909222 -0.004487422 -2.200289249 0.068897232 0.005351614 0.997609675 99.542831421
0.997459352 0.014385771 -0.069758758 -3.284825325 -0.014801080 0.999875486 -0.005440285 -2.216495991 0.069671847 0.006458987 0.997549355 100.152847290
0.997488081 0.016712658 -0.068824053 -3.333050013 -0.017094795 0.999841452 -0.004967149 -2.233965158 0.068730161 0.006131224 0.997616649 100.738189697
0.997623026 0.020574858 -0.065752350 -3.379857063 -0.020841610 0.999777019 -0.003373535 -2.251189470 0.065668300 0.004735917 0.997830510 101.303321838
0.997928739 0.023152303 -0.060005590 -3.419561148 -0.023304030 0.999726713 -0.001829833 -2.267815351 0.059946835 0.003224429 0.998196602 101.840042114
0.998334646 0.023967577 -0.052460138 -3.447767258 -0.023993557 0.999712110 0.000134688 -2.281270266 0.052448258 0.001124253 0.998623192 102.358917236
0.998806179 0.023814810 -0.042632040 -3.467054367 -0.023724964 0.999715090 0.002612409 -2.292424202 0.042682093 -0.001597838 0.999087632 102.857742310
0.999254704 0.023275370 -0.030773047 -3.476976156 -0.023167223 0.999724150 0.003866442 -2.304917097 0.030854532 -0.003150627 0.999519110 103.330871582
0.999597788 0.022460416 -0.017274018 -3.479468584 -0.022392303 0.999740779 0.004126618 -2.317803621 0.017362181 -0.003738146 0.999842465 103.779373169
0.999749899 0.022224812 -0.002174812 -3.472208977 -0.022217501 0.999747634 0.003332382 -2.329575777 0.002248275 -0.003283223 0.999992251 104.207229614
0.999654651 0.020790083 0.016024970 -3.455363750 -0.020799872 0.999783635 0.000444208 -2.343009472 -0.016012330 -0.000777364 0.999871612 104.629135132
0.999097824 0.020170825 0.037351452 -3.426564455 -0.020035001 0.999791324 -0.004007132 -2.355491877 -0.037424576 0.003255191 0.999294281 105.039764404
0.997923791 0.018069118 0.061806407 -3.383534908 -0.017571267 0.999808848 -0.008589186 -2.367785454 -0.061949890 0.007485353 0.998051345 105.439994812
0.995885611 0.015676215 0.089243770 -3.327849388 -0.014737028 0.999829054 -0.011173062 -2.379847050 -0.089403793 0.009811923 0.995947242 105.835311890
0.992816746 0.012932103 0.118937723 -3.253617287 -0.011549464 0.999857545 -0.012306845 -2.391082287 -0.119080082 0.010844794 0.992825568 106.224418640
0.988321006 0.010705326 0.152005285 -3.181186676 -0.008672791 0.999863982 -0.014028175 -2.404579163 -0.152134985 0.012546049 0.988280177 106.588768005
0.982101381 0.008275473 0.188167334 -3.096525192 -0.005471369 0.999866188 -0.015416688 -2.419028759 -0.188269928 0.014111239 0.982015967 106.940116882
0.973844886 0.005037214 0.227154776 -2.987445831 -0.001511922 0.999875665 -0.015690632 -2.433082819 -0.227205828 0.014936822 0.973732352 107.298728943
0.963553667 0.002906503 0.267496645 -2.864681244 0.001552029 0.999863386 -0.016454641 -2.447540760 -0.267508149 0.016270114 0.963418305 107.642578125
0.950915575 0.003912297 0.309423566 -2.734254837 0.001537997 0.999847949 -0.017368421 -2.461814880 -0.309444755 0.016991816 0.950765610 107.974349976
0.935263038 0.005700969 0.353905410 -2.589866638 0.000501785 0.999847949 -0.017432323 -2.479410648 -0.353951365 0.016481414 0.935118735 108.294845581
0.916966379 0.005755628 0.398921192 -2.427558899 0.000718019 0.999870598 -0.016076531 -2.490575314 -0.398962498 0.015028096 0.916844189 108.609359741
0.896192253 0.004881476 0.443637609 -2.247184753 0.001841787 0.999890029 -0.014722655 -2.502210617 -0.443661064 0.014011436 0.896085262 108.911117554
0.872460544 0.003553987 0.488670290 -2.054382324 0.004346561 0.999877632 -0.015032107 -2.515790224 -0.488664389 0.015238976 0.872339010 109.198143005
0.846686184 0.003923190 0.532076716 -1.846897125 0.006052612 0.999837279 -0.017003564 -2.529750109 -0.532057464 0.017617170 0.846525073 109.473190308
0.818310022 0.006110524 0.574743390 -1.626144409 0.006821333 0.999770045 -0.020341374 -2.542707682 -0.574736118 0.020566097 0.818080485 109.742149353
0.786899626 0.010927969 0.616983056 -1.391670227 0.005583292 0.999676347 -0.024827112 -2.552484989 -0.617055416 0.022981271 0.786584318 110.003829956
0.752554715 0.017425684 0.658298075 -1.144550323 0.002336142 0.999572933 -0.029130129 -2.557179689 -0.658525229 0.023459921 0.752193034 110.246490479
0.714433014 0.022230949 0.699349582 -0.875652313 0.000184812 0.999489248 -0.031960584 -2.563993931 -0.699703455 0.022962971 0.714064360 110.490402222
0.674386859 0.022883691 0.738022506 -0.584995270 0.002464916 0.999444366 -0.033241894 -2.571926355 -0.738373935 0.024237085 0.673955977 110.713600159
0.632861853 0.020906655 0.773981512 -0.274589539 0.006910038 0.999443233 -0.032646906 -2.575357914 -0.774233639 0.026009250 0.632365167 110.914024353
0.587890625 0.019067746 0.808714867 0.054901123 0.009123119 0.999502480 -0.030198079 -2.578885317 -0.808888853 0.025131198 0.587424099 111.117683411
0.540993154 0.017627906 0.840841413 0.390583038 0.010314163 0.999566257 -0.027591573 -2.587430477 -0.840963542 0.023599459 0.540576816 111.296279907
0.492866844 0.014912565 0.869976103 0.734859467 0.012028507 0.999641001 -0.023949679 -2.603465557 -0.870021582 0.022268545 0.492510527 111.448211670
0.441590697 0.011187427 0.897146046 1.104167938 0.014772962 0.999696314 -0.019737715 -2.615682125 -0.897095084 0.021969529 0.441291273 111.592544556
0.389651895 0.011238644 0.920892835 1.478992462 0.012456840 0.999769926 -0.017472042 -2.630156517 -0.920877993 0.018279457 0.389422238 111.719749451
0.338183790 0.016242422 0.940939069 1.865947723 0.009012087 0.999749482 -0.020496629 -2.641675472 -0.941037059 0.015411479 0.337952584 111.834075928
0.287370950 0.021487987 0.957577467 2.266246796 0.008561313 0.999651074 -0.025001362 -2.650360584 -0.957781255 0.015382811 0.287086546 111.927879333
0.240353972 0.023704415 0.970394969 2.683542252 0.010289095 0.999583662 -0.026965877 -2.660746574 -0.970630944 0.016465869 0.240009829 112.003868103
0.198942035 0.023420269 0.979730546 3.110559464 0.017752504 0.999464452 -0.027496776 -2.674887180 -0.979850471 0.022862958 0.198419556 112.055694580
0.163640723 0.023486704 0.986239552 3.566127777 0.025785023 0.999273539 -0.028075427 -2.685477734 -0.986182988 0.030024527 0.162916005 112.098899841
0.133107930 0.024913948 0.990787506 4.028273582 0.030425197 0.999110401 -0.029210702 -2.694248676 -0.990634441 0.034033112 0.132231265 112.138107300
0.104918957 0.023489341 0.994202435 4.508381844 0.028889675 0.999227285 -0.026656790 -2.706610203 -0.994061232 0.031519014 0.104159020 112.181114197
0.079269476 0.019994589 0.996651769 5.011459351 0.023085468 0.999494135 -0.021887712 -2.718560934 -0.996586025 0.024743224 0.078767508 112.221954346
0.055256665 0.015852142 0.998345375 5.520444393 0.018397337 0.999688208 -0.016891703 -2.735053539 -0.998302758 0.019300293 0.054947499 112.248039246
0.032582555 0.013454149 0.999377608 6.060153008 0.021828933 0.999661505 -0.014169635 -2.752642632 -0.999230802 0.022277052 0.032277498 112.257232666
0.012509432 0.014126160 0.999821067 6.603786945 0.030070649 0.999442875 -0.014497027 -2.770969152 -0.999469638 0.030246649 0.012077339 112.240478516
-0.005067857 0.016621651 0.999848127 7.180436134 0.035213023 0.999245048 -0.016433118 -2.786328077 -0.999366999 0.035124436 -0.005649686 112.228836060
-0.019519452 0.022185121 0.999562442 7.762589455 0.035843510 0.999126911 -0.021475479 -2.794249773 -0.999166787 0.035408664 -0.020297972 112.214088440
-0.030478699 0.026833152 0.999174356 8.363365173 0.033502977 0.999105513 -0.025809314 -2.804496527 -0.998973787 0.032688703 -0.031350806 112.198532104
-0.037082024 0.026741039 0.998953521 8.988215446 0.036091752 0.999025762 -0.025403200 -2.818849802 -0.998660266 0.035112005 -0.038011406 112.174179077
-0.039669778 0.023772510 0.998929203 9.638988495 0.042538673 0.998851001 -0.022081321 -2.837184906 -0.998307109 0.041617189 -0.040635835 112.140594482
-0.039263595 0.022165038 0.998982131 10.303632736 0.044330105 0.998808563 -0.020418828 -2.855813026 -0.998245239 0.043483306 -0.040199772 112.114845276
-0.037530098 0.021789575 0.999057174 10.985996246 0.043015074 0.998871148 -0.020169614 -2.876248360 -0.998369277 0.042217586 -0.038425393 112.097587585
-0.036255088 0.022215571 0.999094844 11.684629440 0.039635964 0.998998463 -0.020775100 -2.895475388 -0.998556256 0.038846914 -0.037099693 112.084915161
-0.035255730 0.023458986 0.999102294 12.402975082 0.038506735 0.999014318 -0.022098100 -2.914579391 -0.998636127 0.037693113 -0.036124680 112.068809509
-0.034358725 0.024338327 0.999112427 13.134622574 0.038225174 0.999004245 -0.023021135 -2.936172962 -0.998678267 0.037400305 -0.035255212 112.048606873
-0.033654306 0.023890644 0.999147296 13.883503914 0.037862342 0.999027431 -0.022612443 -2.959537745 -0.998715997 0.037069071 -0.034526505 112.029708862
-0.033125356 0.022569481 0.999195635 14.644058228 0.036719050 0.999097824 -0.021349944 -2.983625174 -0.998776317 0.035982314 -0.033924580 112.011985779
-0.032776032 0.021445530 0.999231875 15.415488243 0.037616223 0.999088109 -0.020208575 -3.006583691 -0.998754501 0.036924992 -0.033553232 111.989089966
-0.033616669 0.019364303 0.999246418 16.203304291 0.038199872 0.999106884 -0.018076463 -3.029713631 -0.998704433 0.037563443 -0.034326743 111.968482971
-0.034687590 0.017599661 0.999242485 16.990934372 0.035843164 0.999223769 -0.016355064 -3.056132317 -0.998755157 0.035248730 -0.035291869 111.945075989
-0.035867322 0.016555618 0.999218702 17.789287567 0.035039943 0.999269009 -0.015298667 -3.079660654 -0.998742044 0.034463868 -0.036421601 111.921661377
-0.037067831 0.014148292 0.999211788 18.594181061 0.037557807 0.999213099 -0.012755015 -3.100258112 -0.998606622 0.037055437 -0.037570428 111.890586853
-0.038273681 0.012719443 0.999185562 19.410060883 0.038867682 0.999181449 -0.011230554 -3.120629311 -0.998511076 0.038406231 -0.038737107 111.859046936
-0.040166438 0.011824420 0.999122381 20.236865997 0.036057658 0.999296010 -0.010376880 -3.145534515 -0.998542070 0.035609242 -0.040564906 111.835052490
-0.041163735 0.016637901 0.999013245 21.063741684 0.033357523 0.999326944 -0.015268638 -3.165800095 -0.998595238 0.032696120 -0.041691419 111.810279846
-0.042076886 0.021338893 0.998885751 21.894920349 0.034745883 0.999198556 -0.019881928 -3.188796282 -0.998509765 0.033870619 -0.042784989 111.778213501
-0.043210216 0.022975950 0.998801053 22.736402512 0.035042685 0.999155283 -0.021468064 -3.215155602 -0.998450994 0.034073051 -0.043979246 111.744705200
-0.044733837 0.020793427 0.998781800 23.588037491 0.031524271 0.999315023 -0.019392587 -3.242556334 -0.998501241 0.030618377 -0.045359071 111.717117310
-0.045904290 0.016588842 0.998807371 24.440616608 0.028659660 0.999472558 -0.015282698 -3.270684958 -0.998534501 0.027923951 -0.046355888 111.688369751
-0.046140846 0.011250773 0.998870850 25.293434143 0.027120303 0.999582291 -0.010006001 -3.298321486 -0.998566568 0.026628019 -0.046427082 111.653732300
-0.046608061 0.005642482 0.998896539 26.146661758 0.023576513 0.999711871 -0.004546999 -3.318435192 -0.998634934 0.023338592 -0.046728041 111.624694824
-0.046811737 0.004351470 0.998893499 26.995718002 0.020913552 0.999775767 -0.003375211 -3.343303204 -0.998684764 0.020732434 -0.046892628 111.598503113
-0.045956060 0.011278768 0.998878956 27.834737778 0.023740318 0.999666274 -0.010195405 -3.370994329 -0.998661399 0.023245182 -0.046208870 111.563117981
-0.045066983 0.022504339 0.998729646 28.666328430 0.025944460 0.999435544 -0.021349501 -3.394760847 -0.998646915 0.024949366 -0.045625791 111.529167175
-0.044694085 0.027805051 0.998612881 29.501840591 0.027862508 0.999258518 -0.026575994 -3.418111324 -0.998612046 0.026636088 -0.045436054 111.496284485
-0.043320511 0.022290783 0.998811781 30.340293884 0.029606123 0.999340653 -0.021018498 -3.450190544 -0.998622358 0.028660428 -0.043952275 111.460289001
-0.042439934 0.014632148 0.998991132 31.181140900 0.032597221 0.999380767 -0.013253020 -3.481245041 -0.998566985 0.032001898 -0.042891003 111.425003052
-0.042125687 0.011713988 0.999042928 32.014808655 0.033786613 0.999376059 -0.010293230 -3.508073330 -0.998540699 0.033320695 -0.042495560 111.392456055
-0.042398624 0.012310348 0.999024272 32.841472626 0.032443956 0.999413610 -0.010938210 -3.533645391 -0.998573720 0.031948559 -0.042773552 111.364707947
-0.043543402 0.013218943 0.998963356 33.657955170 0.029412461 0.999495983 -0.011943929 -3.558701992 -0.998618305 0.028861918 -0.043910626 111.338165283
-0.045572594 0.013326032 0.998871446 34.480468750 0.027206745 0.999556601 -0.012093877 -3.583825827 -0.998590291 0.026624911 -0.045915335 111.309410095
-0.047717448 0.013250340 0.998772264 35.291587830 0.026950590 0.999565065 -0.011973249 -3.609530210 -0.998497128 0.026346192 -0.048054192 111.274360657
-0.049953476 0.013587520 0.998658478 36.105556488 0.025807085 0.999591231 -0.012309311 -3.635639668 -0.998417974 0.025157593 -0.050284095 111.240577698
-0.052199587 0.013952964 0.998538554 36.915042877 0.024162494 0.999627233 -0.012705047 -3.659357786 -0.998344302 0.023464002 -0.052517664 111.206420898
-0.054323379 0.013081767 0.998436987 37.719738007 0.022631992 0.999673426 -0.011866581 -3.682968378 -0.998266816 0.021952005 -0.054602094 111.170532227
-0.056405820 0.012017248 0.998334885 38.513336182 0.023572762 0.999664843 -0.010701386 -3.708604574 -0.998129606 0.022929911 -0.056670602 111.128479004
-0.058343947 0.012198932 0.998221338 39.301658630 0.023425745 0.999666810 -0.010847395 -3.732798576 -0.998021722 0.022751212 -0.058610681 111.087493896
-0.060277089 0.013218258 0.998093426 40.083297729 0.023410302 0.999656022 -0.011825135 -3.756139994 -0.997907043 0.022652898 -0.060566217 111.045516968
-0.061340276 0.013494923 0.998024881 40.865211487 0.024133082 0.999636412 -0.012033436 -3.778797626 -0.997825027 0.023347298 -0.061644062 111.001991272
-0.062581830 0.012470777 0.997961104 41.641735077 0.026292345 0.999595523 -0.010842400 -3.802252293 -0.997693360 0.025560219 -0.062884822 110.954559326
-0.064179689 0.011903317 0.997866631 42.412445068 0.026703171 0.999591410 -0.010206410 -3.826171875 -0.997581005 0.025991177 -0.064471737 110.909225464
-0.065440312 0.011499201 0.997789323 43.177162170 0.025500365 0.999626338 -0.009847905 -3.849237919 -0.997530520 0.024799565 -0.065709531 110.864746094
-0.066854209 0.010584097 0.997705698 43.932228088 0.023818832 0.999675810 -0.009008928 -3.871423960 -0.997478306 0.023161918 -0.067085057 110.822738647
-0.067808889 0.009421472 0.997652948 44.667743683 0.022846110 0.999708056 -0.007888046 -3.892457247 -0.997436702 0.022257622 -0.068004757 110.779579163
-0.068503052 0.009268791 0.997606993 45.382873535 0.023275912 0.999699652 -0.007689924 -3.914085150 -0.997379363 0.022693444 -0.068698630 110.734100342
-0.068547890 0.011830779 0.997576773 46.086685181 0.023481656 0.999671996 -0.010242081 -3.937238455 -0.997371435 0.022722699 -0.068803608 110.688072205
-0.068611607 0.014614189 0.997535527 46.784809113 0.023735376 0.999633849 -0.013012365 -3.959864140 -0.997361064 0.022784099 -0.068933778 110.642761230
-0.068653382 0.016318098 0.997506201 47.479213715 0.022054918 0.999646902 -0.014835168 -3.981571913 -0.997396767 0.020981440 -0.068989463 110.599792480
-0.068569385 0.017292855 0.997495532 48.175048828 0.022940449 0.999612987 -0.015752584 -4.004810810 -0.997382641 0.021802863 -0.068939969 110.553123474
-0.068441451 0.017203724 0.997505903 48.868530273 0.024491865 0.999579132 -0.015559013 -4.027497768 -0.997354448 0.023365911 -0.068834394 110.505607605
-0.068709724 0.016823664 0.997493982 49.561042786 0.025426000 0.999562740 -0.015107138 -4.050137520 -0.997312546 0.024324290 -0.069107860 110.459480286
-0.069092169 0.016912371 0.997466147 50.245887756 0.021980569 0.999639571 -0.015426662 -4.072118759 -0.997368097 0.020859020 -0.069439434 110.420806885
-0.068874724 0.017242957 0.997475445 50.928009033 0.019847156 0.999676764 -0.015910558 -4.096354961 -0.997427881 0.018701231 -0.069195084 110.381408691
-0.068755560 0.015983993 0.997504652 51.606769562 0.022018861 0.999652565 -0.014500689 -4.119663239 -0.997390509 0.020966923 -0.069084041 110.334800720
-0.069744579 0.015552623 0.997442782 52.284324646 0.022732254 0.999643803 -0.013997407 -4.139932156 -0.997305810 0.021697894 -0.070073694 110.287765503
-0.073416755 0.015027500 0.997187376 52.962471008 0.019556694 0.999715924 -0.013625753 -4.162564278 -0.997109592 0.018501338 -0.073690206 110.246498108
-0.078784727 0.014519080 0.996785223 53.634983063 0.015857762 0.999785781 -0.013309391 -4.185793400 -0.996765614 0.014758212 -0.078998536 110.203079224
-0.084518984 0.018667633 0.996246159 54.295017242 0.019783387 0.999659002 -0.017053192 -4.204800606 -0.996225595 0.018267810 -0.084859878 110.142723083
-0.091010787 0.021644764 0.995613813 54.961078644 0.022252513 0.999558508 -0.019696360 -4.224555492 -0.995601416 0.020362334 -0.091452681 110.076400757
-0.098348446 0.023378614 0.994876564 55.632999420 0.021586720 0.999539077 -0.021354208 -4.246372223 -0.994917870 0.019375974 -0.098808199 110.011932373
-0.104629286 0.022597073 0.994253695 56.313392639 0.018062834 0.999620259 -0.020818202 -4.269732475 -0.994347215 0.015780849 -0.104998149 109.946594238
-0.110108331 0.021318484 0.993690252 56.995464325 0.017533831 0.999656200 -0.019503586 -4.295375824 -0.993764818 0.015275692 -0.110444702 109.874511719
-0.114747792 0.021988736 0.993150532 57.688022614 0.015390260 0.999674559 -0.020354988 -4.317804813 -0.993275344 0.012949158 -0.115049280 109.799690247
-0.119020358 0.021410003 0.992660284 58.389869690 0.013418722 0.999710917 -0.019953154 -4.339642525 -0.992800951 0.010945397 -0.119273692 109.724235535
-0.121707320 0.018377602 0.992395222 59.100379944 0.014127897 0.999759555 -0.016781323 -4.359783173 -0.992465377 0.011978046 -0.121938132 109.641151428
-0.123467095 0.015506335 0.992226839 59.814704895 0.016331958 0.999774396 -0.013592016 -4.380704403 -0.992214143 0.014526844 -0.123692915 109.552230835
-0.125128940 0.012758995 0.992057800 60.536449432 0.015973279 0.999813735 -0.010844013 -4.402994633 -0.992011786 0.014489523 -0.125309885 109.467163086
-0.126416013 0.012497263 0.991898000 61.260826111 0.015211591 0.999827504 -0.010658465 -4.421719074 -0.991860569 0.013740946 -0.126584724 109.381271362
-0.127001673 0.016363183 0.991766870 61.991939545 0.016998697 0.999753058 -0.014318148 -4.440638542 -0.991756737 0.015040315 -0.127248898 109.291465759
-0.127264515 0.020466758 0.991657019 62.724689484 0.022852309 0.999582350 -0.017697565 -4.463014126 -0.991605341 0.020409381 -0.127679542 109.194030762
-0.127734005 0.025533661 0.991479039 63.461631775 0.030286014 0.999302924 -0.021833340 -4.488348961 -0.991345823 0.027239095 -0.128418744 109.089660645
-0.128437147 0.026722407 0.991356909 64.206970215 0.030936135 0.999258399 -0.022927396 -4.511626244 -0.991234899 0.027724018 -0.129169092 108.994003296
-0.128877342 0.024551718 0.991355836 64.958786011 0.028992260 0.999359488 -0.020980896 -4.537161350 -0.991236567 0.026037686 -0.129507065 108.903427124
-0.128657758 0.019680243 0.991493165 65.709037781 0.029280053 0.999442577 -0.016038591 -4.564088821 -0.991256654 0.026967481 -0.129162788 108.807609558
-0.128866434 0.017819880 0.991501212 66.459152222 0.031306226 0.999413371 -0.013893164 -4.590404510 -0.991167605 0.029249806 -0.129349202 108.710113525
-0.129847035 0.017523251 0.991378665 67.203926086 0.031296428 0.999418080 -0.013566253 -4.614730835 -0.991039872 0.029265083 -0.130320385 108.614891052
-0.131498069 0.018516172 0.991142869 67.946174622 0.029861992 0.999445796 -0.014709388 -4.638960838 -0.990866423 0.027663253 -0.131978646 108.520790100
-0.133644506 0.019122817 0.990844250 68.685173035 0.028850697 0.999465048 -0.015397822 -4.662949085 -0.990609169 0.026528718 -0.134125218 108.423812866
-0.135767311 0.019364219 0.990550876 69.426216125 0.030134670 0.999427080 -0.015407397 -4.687301159 -0.990282238 0.027758114 -0.136273548 108.322853088
-0.137381390 0.019467965 0.990326405 70.164276123 0.029939903 0.999431610 -0.015493580 -4.712606907 -0.990065515 0.027521750 -0.137886658 108.218086243
-0.139336035 0.019131370 0.990059793 70.913047791 0.029459100 0.999450922 -0.015166903 -4.736311913 -0.989806771 0.027052982 -0.139823571 108.115219116
-0.140934765 0.019317824 0.989829838 71.664413452 0.027163591 0.999508679 -0.015639076 -4.761808395 -0.989645958 0.024683252 -0.141390756 108.014251709
-0.141935080 0.020852318 0.989655733 72.418380737 0.027114367 0.999484897 -0.017170699 -4.786925316 -0.989504337 0.024396772 -0.142427891 107.908111572
-0.142829001 0.020972310 0.989524662 73.175384521 0.025019296 0.999532521 -0.017573100 -4.815196991 -0.989430904 0.022247270 -0.143287405 107.803993225
-0.144230604 0.021139260 0.989317715 73.941528320 0.023791848 0.999556899 -0.017889466 -4.840692520 -0.989257872 0.020957492 -0.144670129 107.699165344
-0.145185724 0.019600917 0.989209771 74.716789246 0.025115812 0.999554574 -0.016119648 -4.863067150 -0.989085376 0.022504469 -0.145613849 107.587867737
-0.146234229 0.017241929 0.989099264 75.499153137 0.022796294 0.999641299 -0.014055349 -4.886487484 -0.988987148 0.020492429 -0.146575347 107.478607178
-0.148059577 0.015071685 0.988863170 76.281913757 0.019966142 0.999725640 -0.012247763 -4.909715176 -0.988776684 0.017930388 -0.148320422 107.369430542
-0.150174871 0.014618831 0.988550961 77.070976257 0.021366373 0.999705136 -0.011537913 -4.931005478 -0.988428473 0.019389050 -0.150443450 107.253570557
-0.151997164 0.015250338 0.988262773 77.864402771 0.022691077 0.999671280 -0.011936435 -4.953718662 -0.988120377 0.020610446 -0.152293757 107.133003235
-0.154368028 0.016571922 0.987873971 78.667098999 0.022234531 0.999664366 -0.013295267 -4.974013329 -0.987763226 0.019912550 -0.154685184 107.015174866
-0.156001166 0.020311696 0.987547517 79.472427368 0.024143456 0.999568403 -0.016745023 -4.995798111 -0.987461627 0.021230573 -0.156424701 106.893951416
-0.156503871 0.024423998 0.987374842 80.280570984 0.026332883 0.999442101 -0.020548590 -5.019522190 -0.987326145 0.022784492 -0.157060191 106.766777039
-0.157713592 0.028426982 0.987075150 81.096382141 0.027479487 0.999324799 -0.024389116 -5.046947479 -0.987102330 0.023277827 -0.158388793 106.640808105
-0.157536954 0.029643374 0.987067580 81.924583435 0.029737139 0.999238491 -0.025262799 -5.075435162 -0.987065196 0.025372747 -0.158298954 106.513092041
-0.157237098 0.029228929 0.987127662 82.761520386 0.033748064 0.999136984 -0.024208875 -5.104736328 -0.986984015 0.029507119 -0.158088371 106.382431030
-0.157253191 0.027304519 0.987180233 83.603271484 0.034360718 0.999163628 -0.022162452 -5.136687279 -0.986960292 0.030435110 -0.158060402 106.253623962
-0.156606793 0.025861679 0.987321794 84.446525574 0.033773668 0.999212623 -0.020816032 -5.163778782 -0.987083435 0.030085552 -0.157357484 106.127784729
-0.154933155 0.023439616 0.987646282 85.296386719 0.032882135 0.999286830 -0.018557619 -5.193706036 -0.987377465 0.029600732 -0.155593947 106.001312256
-0.153369173 0.020358983 0.987958550 86.149978638 0.033540826 0.999318898 -0.015386250 -5.219546795 -0.987599611 0.030777182 -0.153948098 105.874343872
-0.151831582 0.017120112 0.988257349 87.007141113 0.034067150 0.999346495 -0.012078276 -5.244779587 -0.987819076 0.031833265 -0.152316138 105.748069763
-0.150279775 0.016870700 0.988499045 87.860351562 0.032389671 0.999401689 -0.012132624 -5.273695946 -0.988112926 0.030193875 -0.150736794 105.625839233
-0.148987353 0.021260064 0.988609970 88.715293884 0.033871107 0.999291956 -0.016385265 -5.300662041 -0.988258958 0.031044124 -0.149602473 105.504379272
-0.147019163 0.027573317 0.988748610 89.566558838 0.034826607 0.999136031 -0.022684539 -5.329154491 -0.988520563 0.031099698 -0.147852927 105.379150391
-0.145637900 0.031140659 0.988847196 90.422363281 0.032756165 0.999108374 -0.026639450 -5.357162476 -0.988795817 0.028511126 -0.146528602 105.261177063
-0.144200385 0.028570279 0.989135265 91.283843994 0.031426072 0.999211133 -0.024279868 -5.390874863 -0.989049733 0.027583472 -0.144985050 105.142883301
