1.000000000 0.000000000 0.000000000 0.000000000 0.000000000 1.000000000 0.000000000 0.000000000 0.000000000 0.000000000 1.000000000 0.000000000
0.999998152 0.000742644 0.001762752 -0.005391759 -0.000741026 0.999999285 -0.000918660 -0.020661637 -0.001763433 0.000917352 0.999998033 1.202357769
0.999994755 0.001085895 0.003058222 -0.005347973 -0.001084809 0.999999344 -0.000356634 -0.042885505 -0.003058607 0.000353315 0.999995172 2.406255484
0.999991655 0.000489806 0.004075174 -0.004680743 -0.000489467 0.999999881 -0.000084151 -0.064179376 -0.004075214 0.000082156 0.999991596 3.608571768
0.999987900 0.000105114 0.004917026 -0.003861982 -0.000104749 1.000000000 -0.000074409 -0.085099325 -0.004917033 0.000073893 0.999987900 4.811956406
0.999982297 -0.000293234 0.005938762 -0.003432166 0.000292871 0.999999940 0.000061978 -0.107077658 -0.005938780 -0.000060237 0.999982357 6.012511730
0.999976814 0.000091019 0.006811537 -0.002201878 -0.000084588 0.999999583 -0.000944467 -0.128237322 -0.006811620 0.000943868 0.999976277 7.209637642
0.999972999 -0.000221309 0.007344016 0.005239204 0.000231030 0.999999166 -0.001322850 -0.149834231 -0.007343716 0.001324511 0.999972105 8.408629417
0.999973059 -0.000581770 0.007337827 0.011175562 0.000580251 0.999999821 0.000209229 -0.173445135 -0.007337946 -0.000204966 0.999973059 9.607379913
0.999980569 -0.001177755 0.006122547 0.013297733 0.001170886 0.999998689 0.001125444 -0.194698066 -0.006123865 -0.001118253 0.999980628 10.812708855
0.999990344 -0.002160645 0.003835505 0.012941275 0.002158344 0.999997497 0.000603690 -0.214966014 -0.003836799 -0.000595406 0.999992490 12.020899773
0.999997020 -0.001829551 0.001670244 0.011491451 0.001829439 0.999998331 0.000068386 -0.234517857 -0.001670367 -0.000065329 0.999998689 13.218946457
0.999998748 -0.001638788 0.000419839 0.006866489 0.001638828 0.999998808 -0.000096922 -0.255612820 -0.000419679 0.000097610 1.000000000 14.420037270
1.000000119 -0.000066057 -0.000273933 -0.003184009 0.000065969 1.000000119 -0.000320744 -0.276092231 0.000273954 0.000320727 1.000000000 15.620617867
0.999999940 -0.000296563 -0.000636443 -0.012248441 0.000296335 1.000000000 -0.000358435 -0.295143604 0.000636549 0.000358247 0.999999762 16.824115753
0.999999166 -0.000838296 -0.001150752 -0.018672142 0.000838335 0.999999762 0.000033267 -0.315575212 0.001150724 -0.000034231 0.999999404 18.025625229
0.999998212 -0.001323208 -0.001469789 -0.027026264 0.001323441 0.999999285 0.000157470 -0.336445808 0.001469579 -0.000159415 0.999998927 19.227764130
0.999997318 -0.001009423 -0.002125927 -0.035906743 0.001007703 0.999999344 -0.000809815 -0.357656509 0.002126743 0.000807671 0.999997437 20.429347992
0.999996126 -0.001117155 -0.002618590 -0.046328608 0.001112617 0.999998033 -0.001733710 -0.377676576 0.002620521 0.001730789 0.999995232 21.631469727
0.999994397 -0.000207836 -0.003391224 -0.058270939 0.000203834 0.999999404 -0.001180706 -0.399849772 0.003391466 0.001180007 0.999993682 22.831100464
0.999991179 -0.000487618 -0.004218289 -0.067009747 0.000482056 0.999999166 -0.001319418 -0.423569232 0.004218927 0.001317373 0.999990404 24.031122208
0.999987483 -0.000536800 -0.005023013 -0.079707474 0.000526412 0.999997795 -0.002069048 -0.445993543 0.005024110 0.002066377 0.999985337 25.235363007
0.999983191 -0.000106466 -0.005854584 -0.093778081 0.000097796 0.999998927 -0.001481113 -0.466751754 0.005854734 0.001480515 0.999981940 26.442012787
0.999976873 -0.001496851 -0.006674623 -0.104490153 0.001498634 0.999998927 0.000262271 -0.488908142 0.006674221 -0.000272268 0.999977887 27.647577286
0.999970853 -0.001775116 -0.007472113 -0.119236201 0.001776828 0.999998450 0.000222460 -0.508850813 0.007471706 -0.000235730 0.999972224 28.847841263
0.999964237 -0.002415476 -0.008148196 -0.134958208 0.002409314 0.999996960 -0.000765910 -0.528820097 0.008150020 0.000746250 0.999966681 30.049024582
0.999956012 -0.002603729 -0.009048671 -0.151941463 0.002585794 0.999994814 -0.001993197 -0.549002767 0.009053813 0.001969710 0.999957263 31.246015549
0.999948919 -0.002113723 -0.009911891 -0.166761711 0.002093263 0.999995708 -0.002074139 -0.570688844 0.009916232 0.002053285 0.999948919 32.446910858
0.999942303 -0.002716938 -0.010413197 -0.185478151 0.002701230 0.999995351 -0.001522228 -0.594240248 0.010417281 0.001494011 0.999944806 33.651618958
0.999934435 -0.002957605 -0.011085449 -0.204016015 0.002942999 0.999994874 -0.001333714 -0.616855323 0.011089333 0.001301002 0.999937832 34.855915070
0.999928772 -0.003113513 -0.011540169 -0.222866505 0.003099041 0.999994576 -0.001271647 -0.641042173 0.011544064 0.001235793 0.999932766 36.064495087
0.999923825 -0.002913772 -0.012023388 -0.243383870 0.002897056 0.999994993 -0.001407398 -0.661976278 0.012027428 0.001372459 0.999926865 37.267898560
0.999921620 -0.003597888 -0.012020311 -0.263528496 0.003587498 0.999993384 -0.000885780 -0.682931483 0.012023417 0.000842588 0.999927521 38.487857819
0.999926031 -0.003167682 -0.011772369 -0.286160111 0.003171278 0.999995112 0.000286879 -0.703003645 0.011771402 -0.000324191 0.999930739 39.697986603
0.999929011 -0.002597172 -0.011646487 -0.306808114 0.002610708 0.999996126 0.001147351 -0.725020707 0.011643457 -0.001177674 0.999931693 40.907558441
0.999932706 -0.001866999 -0.011471486 -0.329754293 0.001874458 0.999998212 0.000639575 -0.745151877 0.011470268 -0.000661033 0.999934196 42.113292694
0.999937534 -0.000729269 -0.011171510 -0.353313029 0.000736375 0.999999702 0.000632093 -0.765131652 0.011171044 -0.000640279 0.999937594 43.317146301
0.999943614 0.002011649 -0.010444038 -0.377256393 -0.001987516 0.999995530 0.002320621 -0.783127785 0.010448657 -0.002299731 0.999942958 44.525371552
0.999960244 0.002047767 -0.008699788 -0.397097915 -0.002001908 0.999984264 0.005276901 -0.799026012 0.008710452 -0.005259274 0.999948442 45.735012054
0.999974310 0.002762179 -0.006646552 -0.416416675 -0.002709484 0.999965191 0.007924227 -0.810958385 0.006668204 -0.007906011 0.999946773 46.948478699
0.999983311 0.003089046 -0.004917247 -0.430541277 -0.003033632 0.999932468 0.011237357 -0.820567012 0.004951622 -0.011222248 0.999924958 48.159801483
0.999990940 0.002595191 -0.003424700 -0.442541391 -0.002552134 0.999918580 0.012517836 -0.829049468 0.003456903 -0.012508976 0.999916017 49.371864319
0.999998093 0.000915223 -0.001829281 -0.448692203 -0.000895260 0.999940693 0.010884551 -0.832800508 0.001839130 -0.010882893 0.999939263 50.578208923
0.999997795 0.002124898 -0.000538578 -0.459553123 -0.002119899 0.999956489 0.009119844 -0.839098692 0.000557930 -0.009118680 0.999958456 51.785072327
0.999996722 0.002566221 0.000246965 -0.464600742 -0.002568315 0.999957561 0.008886918 -0.850743890 -0.000224152 -0.008887520 0.999960661 52.994682312
0.999997795 0.002149186 0.000302896 -0.469239682 -0.002151653 0.999962747 0.008394289 -0.860741019 -0.000284848 -0.008394919 0.999964893 54.205764771
0.999998987 0.001479716 -0.000446316 -0.474631011 -0.001476362 0.999971688 0.007424410 -0.872810721 0.000457286 -0.007423741 0.999972522 55.423255920
0.999996483 0.001802553 -0.002036878 -0.483414322 -0.001786607 0.999968290 0.007803479 -0.882847667 0.002050875 -0.007799811 0.999967635 56.639572144
0.999993086 0.001803965 -0.003304480 -0.494526982 -0.001773781 0.999957085 0.009114402 -0.894910395 0.003320776 -0.009108474 0.999953210 57.855018616
0.999989331 0.001767532 -0.004291628 -0.507056713 -0.001727093 0.999954462 0.009408334 -0.905471504 0.004308057 -0.009400817 0.999946773 59.069114685
0.999983013 0.002884544 -0.005071433 -0.522251606 -0.002838677 0.999955535 0.009028092 -0.914863884 0.005097244 -0.009013540 0.999946594 60.285404205
0.999979198 0.003188462 -0.005618386 -0.536662519 -0.003138753 0.999956310 0.008834211 -0.925235629 0.005646302 -0.008816388 0.999945462 61.497920990
0.999980450 0.002311009 -0.005814110 -0.549205065 -0.002262840 0.999963522 0.008277690 -0.935715675 0.005833023 -0.008264367 0.999949038 62.708904266
0.999981701 0.001238662 -0.005929101 -0.562765479 -0.001195530 0.999973118 0.007272589 -0.947135925 0.005937945 -0.007265363 0.999956191 63.918857574
0.999980688 0.001032130 -0.006128957 -0.578786552 -0.000980771 0.999964774 0.008376711 -0.957242668 0.006137380 -0.008370535 0.999946475 65.123344421
0.999979019 0.000722727 -0.006426612 -0.590909600 -0.000659386 0.999951601 0.009852548 -0.969266057 0.006433416 -0.009848104 0.999931157 66.331703186
0.999977410 0.001267009 -0.006591275 -0.605840921 -0.001213509 0.999966621 0.008114357 -0.980276644 0.006601331 -0.008106174 0.999945700 67.533119202
0.999973893 0.002908585 -0.006616638 -0.622335434 -0.002862458 0.999971986 0.006970245 -0.991161346 0.006636719 -0.006951119 0.999954164 68.733749390
0.999964952 0.005121376 -0.006620955 -0.639968038 -0.005073043 0.999960959 0.007296498 -1.004593849 0.006658057 -0.007262651 0.999951720 69.936187744
0.999955654 0.006897758 -0.006416249 -0.657914400 -0.006850230 0.999949515 0.007400517 -1.016459465 0.006466965 -0.007356232 0.999952376 71.135864258
0.999944925 0.008490172 -0.006181197 -0.674763918 -0.008442311 0.999934852 0.007728984 -1.028034925 0.006246409 -0.007676370 0.999951363 72.332145691
0.999947667 0.008858153 -0.005120428 -0.689056039 -0.008812594 0.999922335 0.008852537 -1.043053627 0.005198442 -0.008806943 0.999947906 73.521652222
0.999939620 0.010575968 -0.002995327 -0.702250719 -0.010546687 0.999898374 0.009628141 -1.055496931 0.003096845 -0.009595964 0.999949336 74.714332581
0.999958098 0.009147931 -0.000418138 -0.707775474 -0.009144554 0.999930620 0.007473896 -1.070404649 0.000486475 -0.007469755 0.999972165 75.901451111
0.999979138 0.006152519 0.002017181 -0.708271861 -0.006157246 0.999978602 0.002345536 -1.084963560 -0.002002711 -0.002357903 0.999995410 77.081291199
0.999963582 0.007243004 0.004520078 -0.709934294 -0.007251516 0.999972343 0.001869156 -1.099848390 -0.004506418 -0.001901863 0.999988198 78.264060974
0.999953270 0.006275627 0.007375670 -0.705875456 -0.006314936 0.999966443 0.005318300 -1.117848516 -0.007342048 -0.005364622 0.999958813 79.446372986
0.999921024 0.006495860 0.010775333 -0.699203253 -0.006567137 0.999957085 0.006592483 -1.133673906 -0.010732046 -0.006662718 0.999920368 80.630691528
0.999865949 0.006792968 0.014899837 -0.689302325 -0.006863263 0.999965906 0.004671638 -1.146770477 -0.014867594 -0.004773269 0.999878109 81.806434631
0.999814093 0.006018257 0.018318547 -0.672922015 -0.006049577 0.999980688 0.001654661 -1.165533543 -0.018308230 -0.001765170 0.999830842 82.973983765
0.999750853 0.004649112 0.021827878 -0.652364135 -0.004612051 0.999988198 -0.001747959 -1.187001586 -0.021835743 0.001646854 0.999760211 84.135429382
0.999673069 0.004037223 0.025247674 -0.627371311 -0.003968783 0.999988675 -0.002760283 -1.210312605 -0.025258528 0.002659179 0.999677420 85.301567078
0.999575973 0.003696953 0.028879907 -0.597477436 -0.003669605 0.999993145 -0.000999937 -1.235426664 -0.028883401 0.000893537 0.999582410 86.466674805
0.999450505 0.004646895 0.032817442 -0.568608284 -0.004630890 0.999989569 -0.000563757 -1.259173870 -0.032819711 0.000411475 0.999461293 87.630119324
0.999323070 0.004217587 0.036543086 -0.532766342 -0.004122049 0.999988258 -0.002689391 -1.283933163 -0.036553986 0.002536939 0.999328613 88.790557861
0.999191523 0.004125501 0.039985057 -0.493201017 -0.003924243 0.999979615 -0.005110558 -1.306934357 -0.040005315 0.004949516 0.999187291 89.949752808
0.999060333 0.004060008 0.043147985 -0.446879387 -0.003827737 0.999978244 -0.005464391 -1.331936598 -0.043169215 0.005294098 0.999053776 91.105049133
0.998936594 0.002630695 0.046026405 -0.396082401 -0.002435277 0.999988198 -0.004301353 -1.357527137 -0.046037160 0.004184693 0.998931050 92.266014099
0.998805940 0.001907804 0.048812486 -0.343289375 -0.001771657 0.999994934 -0.002832298 -1.382414699 -0.048817627 0.002742438 0.998803973 93.430778503
0.998672009 0.001171803 0.051501449 -0.287792206 -0.001116471 0.999999225 -0.001103141 -1.404497623 -0.051502682 0.001044178 0.998672426 94.597091675
0.998541355 -0.000450802 0.053985059 -0.225726128 0.000459970 1.000000238 -0.000157381 -1.425444841 -0.053984981 0.000181985 0.998541892 95.764770508
0.998406529 -0.001501190 0.056405708 -0.166667938 0.001646414 0.999995828 -0.002528210 -1.446569920 -0.056401666 0.002617050 0.998404801 96.931114197
0.998269022 -0.002918380 0.058734648 -0.104683876 0.003282771 0.999976337 -0.006108438 -1.470386863 -0.058715429 0.006290679 0.998254955 98.098579407
0.998146296 -0.002210158 0.060815115 -0.039361954 0.002758807 0.999956608 -0.008939055 -1.495703220 -0.060792722 0.009090262 0.998109043 99.269714355
0.998040259 -0.002072985 0.062535211 0.029907227 0.002695993 0.999948084 -0.009879755 -1.522754908 -0.062511444 0.010028989 0.997994006 100.441993713
0.998015285 -0.001937308 0.062936485 0.097218990 0.002528473 0.999953866 -0.009314720 -1.551396728 -0.062915519 0.009455367 0.997974157 101.626556396
0.998055398 -0.001762269 0.062302712 0.161982536 0.002234474 0.999969840 -0.007510317 -1.582151175 -0.062287565 0.007634927 0.998029053 102.824989319
0.998137712 -0.002413561 0.060948443 0.229117393 0.002787714 0.999978304 -0.006054516 -1.610208154 -0.060932476 0.006213148 0.998122573 104.023246765
0.998253405 -0.001943873 0.059041031 0.291736603 0.002256331 0.999984324 -0.005225980 -1.634781122 -0.059029911 0.005350070 0.998241901 105.223335266
0.998396516 -0.001716082 0.056575730 0.353329182 0.001987948 0.999987185 -0.004749388 -1.659736633 -0.056566820 0.004854242 0.998387098 106.432128906
0.998569071 -0.001134892 0.053461611 0.412275791 0.001396815 0.999987721 -0.004862138 -1.683615923 -0.053455409 0.004929855 0.998558223 107.647338867
0.998762906 0.000280548 0.049721997 0.465213299 -0.000016694 0.999986410 -0.005306945 -1.708384275 -0.049722783 0.005299549 0.998749018 108.862678528
0.998953044 0.000425071 0.045739684 0.514843464 -0.000199330 0.999988317 -0.004939799 -1.733983755 -0.045741219 0.004925510 0.998941362 110.082855225
0.999126673 0.000943077 0.041767355 0.558816910 -0.000780266 0.999992549 -0.003914203 -1.759083867 -0.041770704 0.003878194 0.999119878 111.303497314
0.999294102 0.001174273 0.037541863 0.598953485 -0.001060805 0.999995351 -0.003042237 -1.784741879 -0.037545238 0.003000265 0.999290466 112.520812988
0.999451697 0.001174225 0.033082530 0.633195639 -0.001092832 0.999996960 -0.002478291 -1.808671117 -0.033085305 0.002440779 0.999449670 113.749038696
0.999598205 0.001834236 0.028276497 0.663489342 -0.001767464 0.999996126 -0.002386261 -1.832067013 -0.028280741 0.002335324 0.999597311 114.968643188
0.999726117 0.002581475 0.023252644 0.687310219 -0.002524165 0.999994159 -0.002493788 -1.855128646 -0.023258924 0.002434411 0.999726593 116.203544617
0.999828160 0.003012870 0.018272957 0.706202626 -0.002962107 0.999992073 -0.002804658 -1.878967762 -0.018281244 0.002750050 0.999829113 117.430252075
0.999897897 0.004104184 0.013666844 0.714872003 -0.004058022 0.999986351 -0.003403879 -1.903379679 -0.013680613 0.003348072 0.999900818 118.666183472
0.999929667 0.006029269 0.010187262 0.718766749 -0.005995295 0.999976754 -0.003362730 -1.928714991 -0.010207284 0.003301418 0.999942482 119.904693604
0.999934077 0.008033892 0.008161735 0.720288634 -0.008007354 0.999962986 -0.003279586 -1.953454494 -0.008187763 0.003214017 0.999961376 121.149543762
0.999934077 0.009048002 0.007031641 0.723336577 -0.009023347 0.999953449 -0.003531569 -1.979106665 -0.007063251 0.003467889 0.999969065 122.397674561
0.999918938 0.011159865 0.006087160 0.719243109 -0.011139649 0.999932826 -0.003346427 -2.003638506 -0.006124080 0.003278348 0.999975920 123.643547058
0.999907613 0.012512638 0.005262883 0.714725733 -0.012499762 0.999919355 -0.002474816 -2.028087616 -0.005293407 0.002408803 0.999983251 124.889160156
0.999913096 0.012349041 0.004579085 0.714924216 -0.012339748 0.999922276 -0.002055052 -2.052867889 -0.004604090 0.001998369 0.999987543 126.139801025
0.999862015 0.016193649 0.003640022 0.709860682 -0.016193431 0.999869406 -0.000092995 -2.072396278 -0.003641036 0.000034039 0.999993563 127.387954712
0.999847114 0.017204709 0.003094413 0.703028321 -0.017214261 0.999847531 0.003081162 -2.090977669 -0.003040914 -0.003133957 0.999990642 128.648818970
0.999866009 0.016133714 0.002673973 0.695971549 -0.016140508 0.999867082 0.002533347 -2.106010437 -0.002632729 -0.002576165 0.999993384 129.915145874
0.999866188 0.016182754 0.002287035 0.687770844 -0.016184958 0.999869108 0.000942312 -2.120826721 -0.002271470 -0.000979200 0.999997079 131.176681519
0.999909997 0.013294112 0.001644940 0.684589267 -0.013297366 0.999910176 0.001976359 -2.138826847 -0.001618501 -0.001998052 0.999996722 132.435165405
0.999936640 0.011198583 0.000797416 0.681674540 -0.011201569 0.999930501 0.003834074 -2.156275749 -0.000754408 -0.003842762 0.999992430 133.702880859
0.999968588 0.007868687 0.000490116 0.681402922 -0.007871374 0.999953151 0.005728737 -2.172612190 -0.000444999 -0.005732414 0.999983490 134.966354370
0.999981463 0.006039815 0.000159443 0.678407073 -0.006040767 0.999959230 0.006795929 -2.187814236 -0.000118375 -0.006796764 0.999976933 136.240295410
0.999997854 0.001845009 0.000426794 0.678696871 -0.001847068 0.999987006 0.004867953 -2.200965166 -0.000417791 -0.004868730 0.999988079 137.505615234
0.999999285 -0.000656197 0.000553818 0.677178442 0.000654052 0.999992967 0.003862153 -2.215182781 -0.000556332 -0.003861786 0.999992430 138.781799316
0.999997318 -0.002001205 0.000902523 0.674510300 0.001998039 0.999992430 0.003494986 -2.231311083 -0.000909494 -0.003493173 0.999993503 140.058242798
0.999996126 -0.002382958 0.001219555 0.673653364 0.002378202 0.999990165 0.003887118 -2.247912407 -0.001228789 -0.003884202 0.999991715 141.338058472
0.999996245 -0.001843415 0.001850888 0.670302510 0.001832505 0.999981582 0.005878837 -2.263967991 -0.001861674 -0.005875422 0.999981165 142.622528076
0.999996185 0.000466739 0.002585220 0.664919376 -0.000485923 0.999972999 0.007424372 -2.279864788 -0.002581668 -0.007425601 0.999969125 143.907546997
0.999994636 0.000432901 0.003125258 0.662362516 -0.000450733 0.999984145 0.005706822 -2.295640707 -0.003122721 -0.005708200 0.999978900 145.185226440
0.999991655 0.001173110 0.003797912 0.654514134 -0.001187591 0.999992728 0.003812498 -2.309647083 -0.003793394 -0.003816977 0.999985695 146.484985352
0.999989331 0.001206253 0.004360039 0.651397049 -0.001212221 0.999999046 0.001366025 -2.329377651 -0.004358370 -0.001371297 0.999989748 147.767700195
0.999988556 0.000056273 0.004689000 0.652837813 -0.000043534 0.999997020 -0.002717159 -2.352609873 -0.004689121 0.002716924 0.999985516 149.041503906
0.999986112 0.000122904 0.005182710 0.651806355 -0.000090737 0.999981463 -0.006206697 -2.379087448 -0.005183361 0.006206140 0.999967575 150.318191528
0.999984801 0.000029201 0.005445447 0.651064515 0.000010011 0.999974787 -0.007200936 -2.408178806 -0.005445503 0.007200878 0.999959588 151.601104736
0.999984682 -0.000195504 0.005455454 0.651308119 0.000233357 0.999976695 -0.006938983 -2.440041065 -0.005453954 0.006940150 0.999961317 152.875869751
0.999985099 0.000573092 0.005347120 0.651920974 -0.000538562 0.999979734 -0.006457139 -2.471185207 -0.005350695 0.006454163 0.999965191 154.145629883
0.999984920 0.001376529 0.005237278 0.650662601 -0.001348001 0.999984980 -0.005447302 -2.501433372 -0.005244681 0.005440159 0.999971747 155.420883179
0.999985218 0.001977606 0.004994635 0.648002684 -0.001953372 0.999987185 -0.004852676 -2.532407045 -0.005004151 0.004842848 0.999976099 156.689453125
0.999986708 0.002288973 0.004541841 0.646108329 -0.002265157 0.999984562 -0.005242764 -2.561254978 -0.004553754 0.005232406 0.999976218 157.962463379
0.999988496 0.002816591 0.003789686 0.645116687 -0.002797560 0.999984384 -0.005018880 -2.590006590 -0.003803746 0.005008217 0.999980569 159.238098145
0.999991834 0.002294045 0.003210854 0.642431080 -0.002281768 0.999991000 -0.003823005 -2.618277788 -0.003219579 0.003815646 0.999987841 160.513809204
0.999990761 0.003278183 0.002647814 0.637561083 -0.003269009 0.999989569 -0.003463532 -2.646513224 -0.002659124 0.003454843 0.999990702 161.781356812
0.999990046 0.003857616 0.002081315 0.632052302 -0.003848371 0.999983668 -0.004430261 -2.674069166 -0.002098355 0.004422205 0.999988258 163.052169800
0.999989688 0.004284656 0.001232875 0.628444850 -0.004277570 0.999975502 -0.005697296 -2.701745987 -0.001257239 0.005691961 0.999983191 164.321075439
0.999986351 0.005126487 0.000556713 0.621559858 -0.005123244 0.999971569 -0.005687568 -2.729848862 -0.000585838 0.005684636 0.999983847 165.590682983
0.999988675 0.004685149 -0.000075390 0.614807606 -0.004685555 0.999967217 -0.006713809 -2.758939981 0.000043948 0.006714084 0.999977648 166.864440918
0.999985874 0.005193262 -0.000817410 0.606310487 -0.005199460 0.999957085 -0.007763920 -2.788965702 0.000777070 0.007768058 0.999969780 168.136184692
0.999984324 0.005370284 -0.001394079 0.597292364 -0.005380493 0.999958873 -0.007420400 -2.820483685 0.001354187 0.007427782 0.999971688 169.406433105
0.999981701 0.005616917 -0.002126885 0.588314176 -0.005629832 0.999966264 -0.006112303 -2.850958824 0.002092496 0.006124161 0.999979317 170.680328369
0.999979556 0.005696511 -0.002780413 0.576661289 -0.005712274 0.999968231 -0.005692116 -2.881531715 0.002747913 0.005707880 0.999980271 171.949066162
0.999975145 0.006155950 -0.003329273 0.563050210 -0.006174023 0.999966860 -0.005443326 -2.909967899 0.003295669 0.005463744 0.999979913 173.221313477
0.999969065 0.006597155 -0.004198791 0.555441201 -0.006618602 0.999965906 -0.005112477 -2.939310074 0.004164935 0.005140106 0.999978304 174.494598389
0.999963641 0.007046799 -0.004725417 0.540957451 -0.007075573 0.999957263 -0.006098199 -2.966820955 0.004682257 0.006131409 0.999970436 175.765991211
0.999952555 0.008195281 -0.005182655 0.525429904 -0.008229903 0.999944627 -0.006692943 -2.994178295 0.005127532 0.006735276 0.999964356 177.035522461
0.999949992 0.008279012 -0.005546454 0.512043953 -0.008314034 0.999946356 -0.006319420 -3.024887085 0.005493853 0.006365216 0.999964833 178.307800293
0.999950469 0.008029937 -0.005830802 0.498455167 -0.008073670 0.999940038 -0.007514301 -3.054967642 0.005770128 0.007561003 0.999954939 179.577941895
0.999959946 0.006655676 -0.005920139 0.485896587 -0.006709653 0.999936521 -0.009143685 -3.086438179 0.005858921 0.009183038 0.999940813 180.849304199
0.999974489 0.003623491 -0.006083736 0.475369811 -0.003678479 0.999953151 -0.009051207 -3.119198799 0.006050668 0.009073352 0.999940693 182.116561890
0.999970853 0.003937305 -0.006472855 0.462225795 -0.003972133 0.999978483 -0.005375917 -3.149873734 0.006451565 0.005401469 0.999964714 183.386489868
0.999973595 0.003117442 -0.006493501 0.448180556 -0.003124823 0.999995351 -0.001126348 -3.179239273 0.006489974 0.001146609 0.999978304 184.656402588
0.999968708 0.004320594 -0.006544695 0.432494164 -0.004332303 0.999989927 -0.001775510 -3.204446077 0.006536972 0.001803807 0.999977171 185.917816162
0.999961317 0.005927577 -0.006413351 0.415271759 -0.005959470 0.999970675 -0.004964191 -3.229557753 0.006383752 0.005002218 0.999967277 187.173522949
0.999957979 0.006210453 -0.006662372 0.399008036 -0.006256683 0.999957085 -0.006939695 -3.257907152 0.006619005 0.006981086 0.999953747 188.427810669
0.999958396 0.005968186 -0.006830404 0.385602832 -0.006013926 0.999960363 -0.006695190 -3.289202213 0.006790191 0.006735987 0.999954283 189.681961060
0.999960005 0.005734756 -0.006784152 0.371930242 -0.005772837 0.999968350 -0.005606332 -3.319861889 0.006751802 0.005645271 0.999961436 190.933654785
0.999960899 0.005858348 -0.006544471 0.356668472 -0.005881296 0.999977469 -0.003492248 -3.349457264 0.006523880 0.003530602 0.999972641 192.183181763
0.999969363 0.005147868 -0.005799698 0.343335271 -0.005163506 0.999983907 -0.002684155 -3.377755642 0.005785803 0.002714020 0.999979675 193.430053711
0.999977529 0.005083534 -0.004267571 0.328423142 -0.005097278 0.999982715 -0.003215467 -3.407888889 0.004251166 0.003237147 0.999985874 194.669509888
0.999987185 0.004125053 -0.002749103 0.316975236 -0.004138370 0.999980390 -0.004855848 -3.434476852 0.002729034 0.004867163 0.999984443 195.907943726
0.999990880 0.003897239 -0.001465390 0.308166057 -0.003906516 0.999972880 -0.006382378 -3.464297771 0.001440492 0.006388046 0.999978483 197.140853882
0.999994457 0.003194057 0.000030079 0.301287681 -0.003193768 0.999971151 -0.007008547 -3.495155811 -0.000052447 0.007008413 0.999975443 198.369766235
0.999992609 0.003458209 0.001387579 0.295303047 -0.003449344 0.999974847 -0.006341519 -3.526246548 -0.001409458 0.006336688 0.999978840 199.597778320
0.999991417 0.002942393 0.002785340 0.292082548 -0.002929900 0.999986649 -0.004478712 -3.556926250 -0.002798464 0.004470515 0.999985993 200.817504883
0.999984264 0.003867863 0.003951277 0.288879871 -0.003851394 0.999984801 -0.004167670 -3.585937977 -0.003967318 0.004152389 0.999983430 202.030395508
0.999980390 0.003566464 0.005065450 0.289444387 -0.003545358 0.999985933 -0.004169708 -3.613427877 -0.005080231 0.004151669 0.999978423 203.240447998
0.999972343 0.004032552 0.006179595 0.287952721 -0.004007597 0.999984682 -0.004045690 -3.640998125 -0.006195796 0.004020814 0.999972641 204.434249878
0.999965608 0.003931363 0.007243329 0.291279912 -0.003904088 0.999986231 -0.003776014 -3.670197487 -0.007258054 0.003747606 0.999966562 205.627990723
0.999957383 0.004248623 0.008133746 0.291826010 -0.004216722 0.999984264 -0.003935582 -3.696551323 -0.008150319 0.003901118 0.999959171 206.822021484
0.999949396 0.004145461 0.009107006 0.293975115 -0.004110895 0.999985039 -0.003811197 -3.724923611 -0.009122649 0.003773568 0.999951184 208.003356934
0.999946773 0.003080909 0.009802669 0.298577428 -0.003044308 0.999989271 -0.003746474 -3.755081654 -0.009814087 0.003716433 0.999944925 209.168869019
0.999944806 0.002969942 0.010035601 0.303423762 -0.002939751 0.999992073 -0.003021727 -3.782013178 -0.010044474 0.002992060 0.999944985 210.321243286
0.999950409 0.002407904 0.009633706 0.310497284 -0.002388972 0.999996126 -0.001976125 -3.810323238 -0.009638409 0.001953014 0.999951661 211.446884155
0.999955118 0.002637294 0.009071080 0.313041449 -0.002619335 0.999995649 -0.001991068 -3.838335276 -0.009076271 0.001967221 0.999956906 212.566009521
0.999957502 0.002935783 0.008698471 0.316094637 -0.002910146 0.999992430 -0.002958380 -3.865455151 -0.008707070 0.002932942 0.999957800 213.664474487
0.999960423 0.003116881 0.008287146 0.317811966 -0.003086015 0.999989212 -0.003734810 -3.892552853 -0.008298678 0.003709090 0.999958694 214.753387451
0.999965310 0.002942294 0.007736268 0.318969727 -0.002912933 0.999989450 -0.003803712 -3.920016766 -0.007747360 0.003781046 0.999962866 215.828491211
0.999975324 0.002537904 0.006491782 0.320680976 -0.002513181 0.999990582 -0.003813425 -3.947529554 -0.006501379 0.003797017 0.999971747 216.889892578
0.999985099 0.002107468 0.004965058 0.319561541 -0.002092286 0.999994159 -0.003060601 -3.973198891 -0.004971461 0.003050168 0.999983013 217.942108154
0.999994755 0.001046912 0.002953251 0.318796009 -0.001042864 0.999999464 -0.001370624 -3.998359442 -0.002954667 0.001367539 0.999994695 218.982910156
0.999998569 0.001254684 0.000789002 0.313643456 -0.001254957 1.000000000 0.000348552 -4.022669315 -0.000788549 -0.000349539 0.999999642 220.006896973
0.999997556 0.001517247 -0.001440577 0.304046154 -0.001516547 0.999999523 0.000485638 -4.046626568 0.001441328 -0.000483449 0.999998927 221.015838623
0.999989331 0.001805288 -0.004189202 0.295896769 -0.001805294 0.999999285 0.000001856 -4.068143845 0.004189214 0.000005709 0.999991238 222.008117676
0.999973953 0.001989495 -0.006898708 0.282392621 -0.001988591 0.999998927 0.000137781 -4.088745117 0.006898985 -0.000124056 0.999976277 222.978576660
0.999949396 0.002501972 -0.009708740 0.266045570 -0.002494668 0.999997616 0.000764169 -4.112389565 0.009710637 -0.000739907 0.999952734 223.926010132
0.999916673 0.002828957 -0.012572342 0.247586012 -0.002822186 0.999996722 0.000556300 -4.135303974 0.012573883 -0.000520770 0.999920905 224.850616455
0.999876082 0.002844539 -0.015465802 0.225208759 -0.002846430 0.999996841 -0.000100336 -4.153927326 0.015465475 0.000144348 0.999880552 225.749282837
0.999822795 0.002889254 -0.018584315 0.201519966 -0.002904124 0.999996364 -0.000773236 -4.173467636 0.018582020 0.000827073 0.999827087 226.626220703
0.999757946 0.003998003 -0.021625815 0.175647736 -0.004023732 0.999992132 -0.001146276 -4.192749023 0.021621071 0.001233016 0.999765635 227.482147217
0.999691188 0.004269500 -0.024473481 0.147237778 -0.004317077 0.999989748 -0.001891458 -4.213116646 0.024465162 0.001996530 0.999698758 228.319931030
0.999626994 0.006080767 -0.026615836 0.115228176 -0.006133562 0.999980271 -0.001902254 -4.233184814 0.026603747 0.002064796 0.999644101 229.138092041
0.999606252 0.006872803 -0.027196726 0.085510254 -0.006916752 0.999975801 -0.001522029 -4.251058102 0.027185615 0.001709544 0.999629140 229.935501099
0.999615252 0.006948829 -0.026842559 0.057704926 -0.006969584 0.999976397 -0.000679520 -4.269762516 0.026837215 0.000866342 0.999639630 230.715454102
0.999625981 0.007002184 -0.026426762 0.033208847 -0.007002299 0.999976456 0.000088375 -4.288959503 0.026426768 0.000096708 0.999650955 231.475952148
0.999638319 0.006872097 -0.025990278 0.007970810 -0.006884841 0.999977112 -0.000400755 -4.307396412 0.025986940 0.000579552 0.999662280 232.218536377
0.999644160 0.007417913 -0.025611812 -0.016937256 -0.007479436 0.999970198 -0.002306991 -4.324963093 0.025593951 0.002497733 0.999669433 232.951095581
0.999667108 0.007472163 -0.024684558 -0.039316177 -0.007585381 0.999962032 -0.004495940 -4.341618061 0.024650039 0.004681685 0.999685347 233.679550171
0.999697149 0.007639613 -0.023384079 -0.061648369 -0.007778813 0.999953449 -0.005867383 -4.358665466 0.023338186 0.006047504 0.999709487 234.408554077
0.999721050 0.008091033 -0.022177432 -0.078639984 -0.008233522 0.999946892 -0.006340994 -4.377420425 0.022124967 0.006521821 0.999734104 235.134521484
0.999762416 0.007463678 -0.020466603 -0.095122814 -0.007601501 0.999949813 -0.006664238 -4.393895626 0.020415857 0.006818231 0.999768436 235.856735229
0.999800026 0.007299451 -0.018611580 -0.110218525 -0.007427270 0.999950111 -0.006807559 -4.410461426 0.018560987 0.006944429 0.999803782 236.580108643
0.999834538 0.007317240 -0.016640011 -0.124541521 -0.007435238 0.999948323 -0.007040113 -4.428959846 0.016587662 0.007162668 0.999836922 237.293685913
0.999868155 0.007024352 -0.014623419 -0.135263920 -0.007131726 0.999948621 -0.007303144 -4.448755264 0.014571396 0.007406469 0.999866426 238.005722046
0.999904692 0.007080073 -0.011837360 -0.144515753 -0.007162363 0.999951065 -0.006923363 -4.466980934 0.011787795 0.007007484 0.999906003 238.712265015
0.999943912 0.006013195 -0.008698201 -0.150252938 -0.006067625 0.999962807 -0.006244488 -4.485421658 0.008660358 0.006296913 0.999942839 239.414291382
0.999970317 0.004994229 -0.005837470 -0.154160142 -0.005028926 0.999970376 -0.005943797 -4.504660606 0.005807645 0.005972975 0.999965489 240.111831665
0.999985874 0.004417876 -0.002897524 -0.155527890 -0.004434580 0.999974012 -0.005783610 -4.524286270 0.002871931 0.005796376 0.999979258 240.811904907
0.999991417 0.004108596 0.000142472 -0.157696620 -0.004107639 0.999973118 -0.006183033 -4.541798592 -0.000167838 0.006182395 0.999981046 241.504516602
0.999987125 0.003825892 0.003304838 -0.158918381 -0.003804384 0.999972403 -0.006490470 -4.558079720 -0.003329543 0.006477813 0.999973655 242.194656372
0.999969423 0.004701604 0.006230302 -0.157756329 -0.004654926 0.999961793 -0.007485759 -4.574036598 -0.006265223 0.007456526 0.999952734 242.885803223
0.999947965 0.004696387 0.009054043 -0.151783466 -0.004623540 0.999957621 -0.008050292 -4.591746330 -0.009091428 0.008008010 0.999926805 243.580307007
0.999917448 0.004873909 0.011881941 -0.146022558 -0.004788574 0.999963403 -0.007200037 -4.607995987 -0.011916559 0.007142546 0.999903679 244.279937744
0.999883533 0.005083877 0.014386055 -0.138146162 -0.004988187 0.999965966 -0.006679774 -4.624617100 -0.014419485 0.006607235 0.999874413 244.978927612
0.999851227 0.004736173 0.016585117 -0.127257824 -0.004623912 0.999966979 -0.006800769 -4.642753124 -0.016616737 0.006723070 0.999839604 245.682037354
0.999814093 0.004494013 0.018749110 -0.115001202 -0.004336833 0.999955893 -0.008415658 -4.660220146 -0.018786063 0.008332783 0.999789000 246.386581421
0.999784827 0.004666402 0.020211792 -0.101519585 -0.004449222 0.999932826 -0.010777015 -4.677505970 -0.020260679 0.010684771 0.999737859 247.093704224
0.999766886 0.003705246 0.021266269 -0.088455200 -0.003441477 0.999917567 -0.012426479 -4.694247723 -0.021310516 0.012350396 0.999696791 247.803237915
0.999765217 0.003744680 0.021338938 -0.075110435 -0.003471307 0.999912262 -0.012833733 -4.713572025 -0.021385077 0.012756647 0.999690175 248.521118164
0.999765158 0.002578509 0.021509090 -0.061030388 -0.002289069 0.999907374 -0.013470437 -4.732952595 -0.021541793 0.013418042 0.999678075 249.249420166
0.999764860 0.003229613 0.021433808 -0.048268318 -0.002938912 0.999904335 -0.013580410 -4.755002975 -0.021475576 0.013514231 0.999678195 249.989028931
0.999756873 0.003849248 0.021698721 -0.037791252 -0.003546197 0.999896765 -0.013987580 -4.775909424 -0.021750288 0.013907240 0.999666870 250.731811523
0.999752998 0.003100342 0.021995183 -0.025033474 -0.002750339 0.999870300 -0.015925216 -4.798034668 -0.022041669 0.015860792 0.999631405 251.479431152
0.999751627 -0.000914076 0.022256099 -0.004519463 0.001314068 0.999838650 -0.017964100 -4.822658539 -0.022236053 0.017988887 0.999591053 252.235458374
0.999732971 -0.004238788 0.022701535 0.016558647 0.004666096 0.999813199 -0.018802792 -4.844563007 -0.022617564 0.018903708 0.999565482 252.999237061
0.999732196 -0.001809177 0.023058904 0.030499935 0.002153996 0.999886930 -0.014937583 -4.863075256 -0.023029240 0.014983259 0.999622643 253.775665283
0.999712050 0.002220926 0.023878420 0.036292553 -0.002010655 0.999959886 -0.008826304 -4.884097099 -0.023897022 0.008775761 0.999676049 254.560165405
0.999696970 0.001221556 0.024572186 0.055167675 -0.001091116 0.999986053 -0.005321083 -4.905675888 -0.024578312 0.005292670 0.999683976 255.353683472
0.999635816 0.000522037 0.026967006 0.075079918 -0.000321871 0.999973238 -0.007426390 -4.925222397 -0.026970122 0.007415016 0.999608755 256.144287109
0.999518812 0.001778356 0.030952955 0.095304489 -0.001357740 0.999907315 -0.013604584 -4.941110611 -0.030974237 0.013556020 0.999428332 256.944305420
0.999386132 0.003914069 0.034802299 0.116679192 -0.003313766 0.999845743 -0.017289987 -4.959651470 -0.034864563 0.017164050 0.999244630 257.750762939
0.999281526 0.005211904 0.037529394 0.147498131 -0.004573793 0.999844491 -0.017068885 -4.982543468 -0.037612483 0.016884975 0.999149740 258.568450928
0.999141335 0.003630458 0.041261762 0.174427986 -0.003022959 0.999886990 -0.014775968 -5.007151127 -0.041310698 0.014638555 0.999039114 259.398620605
0.999026597 0.000458014 0.044099186 0.213531494 0.000054874 0.999933124 -0.011628374 -5.030499935 -0.044101521 0.011619482 0.998959541 260.236175537
0.998902977 -0.002069602 0.046772551 0.254804611 0.002543482 0.999946892 -0.010074245 -5.052713394 -0.046749167 0.010182166 0.998854756 261.077972412
0.998749971 -0.001936408 0.049938228 0.293888092 0.002415821 0.999952376 -0.009541463 -5.077194691 -0.049917325 0.009650183 0.998706698 261.913330078
0.998614371 0.000135479 0.052617371 0.328261375 0.000468068 0.999934971 -0.011457954 -5.101905346 -0.052615471 0.011466711 0.998548925 262.750396729
0.998493850 0.000837872 0.054849211 0.371994972 -0.000085791 0.999906778 -0.013712700 -5.124847889 -0.054855544 0.013687346 0.998400390 263.587921143
0.998344481 0.001282751 0.057497207 0.416069031 -0.000486189 0.999904454 -0.013865763 -5.146520138 -0.057509456 0.013814858 0.998249292 264.430267334
0.998173475 0.002211486 0.060365617 0.462311745 -0.001495261 0.999928713 -0.011907383 -5.170456886 -0.060387611 0.011795377 0.998105228 265.272613525
0.997973084 0.003488626 0.063536093 0.509248734 -0.002840541 0.999943614 -0.010287778 -5.196298599 -0.063568369 0.010086454 0.997926414 266.115936279
0.997791886 0.003948029 0.066295445 0.561353683 -0.003267330 0.999941409 -0.010372989 -5.220567226 -0.066332452 0.010133479 0.997745991 266.955169678
0.997620463 0.003863525 0.068831325 0.615694046 -0.003118992 0.999936044 -0.010920995 -5.243587494 -0.068869069 0.010680329 0.997568369 267.794464111
0.997458339 0.002106669 0.071214616 0.678321838 -0.001297841 0.999934673 -0.011401987 -5.265694618 -0.071233943 0.011280586 0.997395694 268.636962891
0.997337043 -0.001167729 0.072916850 0.742797852 0.001961379 0.999940157 -0.010813622 -5.287574291 -0.072899826 0.010927848 0.997279227 269.477813721
0.997281969 -0.002195447 0.073641457 0.805162430 0.003009079 0.999936223 -0.010939374 -5.310773849 -0.073612712 0.011131237 0.997224629 270.323669434
0.997232735 -0.003163928 0.074271083 0.867498398 0.003992586 0.999931931 -0.011011340 -5.333864689 -0.074231140 0.011277405 0.997177184 271.169219971
0.997203648 -0.003296198 0.074654885 0.928792953 0.004127476 0.999931693 -0.010983330 -5.356523514 -0.074613541 0.011260756 0.997148812 272.024597168
0.997240663 -0.003305232 0.074159034 0.994342804 0.004092306 0.999937415 -0.010463822 -5.379508972 -0.074119739 0.010738431 0.997191370 272.870330811
0.997286201 -0.002979086 0.073557764 1.054801941 0.003724579 0.999943674 -0.009999639 -5.404140472 -0.073523782 0.010246478 0.997240722 273.725372314
0.997372746 -0.003473875 0.072351977 1.114728928 0.004262751 0.999933660 -0.010751680 -5.429935455 -0.072309777 0.011031855 0.997321129 274.585174561
0.997491956 -0.003427322 0.070692018 1.172430038 0.004263423 0.999923289 -0.011679810 -5.454246521 -0.070646495 0.011951908 0.997429729 275.441741943
0.997586071 -0.002712776 0.069382645 1.224046707 0.003583051 0.999916971 -0.012421687 -5.479152679 -0.069343157 0.012640308 0.997512698 276.297790527
0.997723937 -0.001806406 0.067401461 1.281799316 0.002663810 0.999917209 -0.012633089 -5.506874084 -0.067373015 0.012783883 0.997645855 277.149566650
0.997853041 -0.000656957 0.065481767 1.333879471 0.001493443 0.999918461 -0.012726167 -5.536089897 -0.065468028 0.012796644 0.997772515 277.993469238
0.997994781 -0.000312894 0.063287094 1.383577347 0.001084782 0.999926031 -0.012162587 -5.562088490 -0.063278548 0.012206856 0.997921169 278.847381592
0.998175263 -0.000634882 0.060373720 1.430998802 0.001285412 0.999942064 -0.010736799 -5.586823463 -0.060363371 0.010794817 0.998117924 279.698303223
0.998430550 -0.002098030 0.055956595 1.477730751 0.002569524 0.999962330 -0.008355374 -5.612043858 -0.055936918 0.008486049 0.998398125 280.538482666
0.998735726 -0.004075562 0.050094273 1.530178070 0.004393454 0.999971449 -0.006237283 -5.643620014 -0.050067384 0.006449490 0.998724759 281.370941162
0.998968542 -0.004666212 0.045155797 1.565477371 0.004885335 0.999977410 -0.004743335 -5.667788982 -0.045132603 0.004959050 0.998968422 282.206359863
0.999178112 -0.005031704 0.040208772 1.594353676 0.005198901 0.999978960 -0.004054627 -5.687617779 -0.040187486 0.004260343 0.999182820 283.037109375
0.999365628 -0.005826863 0.035120618 1.622923851 0.005956121 0.999976516 -0.003576712 -5.708691597 -0.035098922 0.003783633 0.999376416 283.850097656
0.999524772 -0.006662700 0.030081678 1.646695137 0.006761794 0.999972761 -0.003193357 -5.729428291 -0.030059548 0.003395253 0.999542236 284.652282715
0.999638438 -0.006987447 0.025949566 1.664302349 0.007083188 0.999969184 -0.003599064 -5.748192787 -0.025923584 0.003781575 0.999656618 285.440612793
0.999741018 -0.006410426 0.021815855 1.677264214 0.006494975 0.999972403 -0.003806533 -5.766650200 -0.021790817 0.003947247 0.999754667 286.213775635
0.999824464 -0.006478759 0.017560134 1.690907955 0.006546587 0.999972105 -0.003807436 -5.786368370 -0.017534941 0.003921732 0.999838471 286.967773438
