1.000000000 0.000000000 0.000000000 0.000000000 0.000000000 1.000000000 0.000000000 0.000000000 0.000000000 0.000000000 1.000000000 0.000000000
0.999979317 0.000545705 -0.006404266 -0.009295600 -0.000543968 0.999999821 0.000272876 -0.000589927 0.006404414 -0.000269386 0.999979436 0.093464002
0.999908388 0.001150185 -0.013486673 -0.018511623 -0.001147348 0.999999344 0.000218059 -0.001789214 0.013486914 -0.000202565 0.999909043 0.188647836
0.999777496 0.001432281 -0.021045957 -0.029511977 -0.001442737 0.999998868 -0.000481652 -0.002538829 0.021045243 0.000511908 0.999778390 0.287038743
0.999540806 0.002026395 -0.030233175 -0.043993309 -0.002084654 0.999996006 -0.001895595 -0.002957091 0.030229213 0.001957750 0.999541104 0.391071141
0.999128163 0.002257118 -0.041686457 -0.062015139 -0.002404184 0.999991059 -0.003478111 -0.003657032 0.041678235 0.003575300 0.999124706 0.505658329
0.998473108 0.002138857 -0.055198252 -0.083964139 -0.002379554 0.999987960 -0.004295233 -0.005081716 0.055188399 0.004420022 0.998466194 0.631147385
0.997450054 0.002140787 -0.071336277 -0.112178788 -0.002455913 0.999987602 -0.004330060 -0.005241422 0.071326122 0.004494214 0.997442901 0.769108772
0.995973468 0.000901079 -0.089644216 -0.147712231 -0.001304977 0.999989271 -0.004447060 -0.006676545 0.089639246 0.004546138 0.995963931 0.918063939
0.993979514 -0.000304325 -0.109565452 -0.183879435 -0.000193273 0.999989629 -0.004530906 -0.009321589 0.109565720 0.004524803 0.993969262 1.077781558
0.991273046 -0.000330436 -0.131823391 -0.229464158 -0.000319273 0.999987841 -0.004907462 -0.012593228 0.131823421 0.004906721 0.991261005 1.246583223
0.987773836 0.003298630 -0.155858338 -0.286589414 -0.004345281 0.999970138 -0.006375167 -0.016333859 0.155832663 0.006974470 0.987758934 1.416630387
0.983418345 0.007567999 -0.181193173 -0.352269948 -0.009144760 0.999927163 -0.007868265 -0.021645855 0.181120485 0.009394763 0.983416021 1.591542125
0.978004098 0.010496638 -0.208321393 -0.422478288 -0.012600331 0.999882042 -0.008773822 -0.026865166 0.208204776 0.011205751 0.978021085 1.774390101
0.971168876 0.011033532 -0.238136649 -0.490099430 -0.013590068 0.999866128 -0.009096446 -0.028365448 0.238004491 0.012070481 0.971189082 1.959521651
0.963066280 0.013079826 -0.268946260 -0.575888038 -0.015967589 0.999835849 -0.008552531 -0.031150756 0.268790275 0.012531078 0.963117301 2.152446032
0.953602016 0.014908112 -0.300700217 -0.671797991 -0.018006830 0.999809384 -0.007536028 -0.032763805 0.300530612 0.012601031 0.953689039 2.347727776
0.942223072 0.017006226 -0.334553659 -0.771428108 -0.020333072 0.999772489 -0.006444225 -0.033831105 0.334368020 0.012874404 0.942354739 2.540397882
0.929694176 0.019462233 -0.367817342 -0.877872527 -0.023240618 0.999712765 -0.005845386 -0.038430981 0.367597997 0.013982726 0.929879785 2.720819473
0.915870011 0.022388738 -0.400849789 -0.998926401 -0.026635004 0.999632597 -0.005023568 -0.040406078 0.400590062 0.015277576 0.916130006 2.903570890
0.899676919 0.022988664 -0.435950309 -1.122072101 -0.027654838 0.999608040 -0.004360062 -0.039684959 0.435679227 0.015978783 0.899960160 3.089946508
0.881101608 0.018410256 -0.472568333 -1.249651432 -0.023614882 0.999708176 -0.005083335 -0.038922619 0.472336978 0.015638577 0.881279349 3.276667833
0.859854698 0.013788206 -0.510352373 -1.389130950 -0.019192366 0.999801576 -0.005324124 -0.043276750 0.510177672 0.014372844 0.859948933 3.458921671
0.834656239 0.015765436 -0.550545335 -1.548702002 -0.020104254 0.999796152 -0.001848937 -0.050338045 0.550404072 0.012611534 0.834803164 3.637403011
0.806064010 0.022321606 -0.591406882 -1.744415164 -0.025785664 0.999664068 0.002585715 -0.060343202 0.591266036 0.013165572 0.806369185 3.810408592
0.773133576 0.025514444 -0.633729577 -1.937340975 -0.029116450 0.999564707 0.004721954 -0.064632058 0.633574247 0.014801253 0.773540318 3.977604151
0.736756504 0.025071597 -0.675693095 -2.141964436 -0.028764511 0.999569654 0.005725048 -0.067112386 0.675545812 0.015218011 0.737161040 4.143956661
0.696643829 0.021182578 -0.717104137 -2.359818697 -0.023034031 0.999709070 0.007153634 -0.067195892 0.717047095 0.011534262 0.696929336 4.312252998
0.653798521 0.017678613 -0.756461978 -2.600073099 -0.017970683 0.999807715 0.007833851 -0.063473105 0.756455064 0.008472376 0.653990924 4.476460457
0.608642519 0.017065687 -0.793260872 -2.859500647 -0.016016154 0.999829054 0.009221002 -0.055497363 0.793282926 0.007092692 0.608812034 4.623982430
0.560182810 0.017866239 -0.828176260 -3.139188290 -0.013902350 0.999829113 0.012165692 -0.051919617 0.828252375 0.004698582 0.560335636 4.762679100
0.508956611 0.018625379 -0.860590458 -3.436879873 -0.013143474 0.999817371 0.013865504 -0.044451512 0.860691905 0.004254208 0.509108484 4.886425018
0.455862254 0.020070467 -0.889823973 -3.752186298 -0.012794022 0.999790013 0.015996361 -0.037380166 0.889958382 0.004092290 0.456023455 4.995622158
0.401109040 0.022203885 -0.915761113 -4.089533329 -0.011832607 0.999748170 0.019057520 -0.030571245 0.915953994 0.003191698 0.401270807 5.092414856
0.345668554 0.024225557 -0.938043892 -4.441847801 -0.011546708 0.999700606 0.021562932 -0.024778396 0.938285708 0.003377688 0.345844865 5.172743320
0.290930271 0.027484117 -0.956349254 -4.819591522 -0.008448881 0.999621868 0.026157489 -0.025061145 0.956707001 0.000470075 0.291052431 5.243625164
0.236991838 0.029558938 -0.971061647 -5.205094814 -0.003306512 0.999555588 0.029619319 -0.025514245 0.971506178 -0.003808712 0.236984164 5.304491043
0.186156675 0.030066745 -0.982059836 -5.584686756 -0.000275335 0.999532938 0.030549521 -0.023534641 0.982520223 -0.005416605 0.186077967 5.341754913
0.138589025 0.031415001 -0.989851594 -5.994380474 -0.001484126 0.999501884 0.031513490 -0.022411406 0.990349114 -0.002898362 0.138566554 5.358028412
0.096123017 0.031620696 -0.994866967 -6.422212124 -0.003697285 0.999499440 0.031410705 -0.009014621 0.995362699 0.000659015 0.096191727 5.361461639
0.058346033 0.030406810 -0.997833133 -6.864312172 -0.004684140 0.999532998 0.030184722 -0.000728726 0.998285592 0.002912831 0.058461107 5.353823185
0.023849063 0.027741646 -0.999330461 -7.328958511 -0.003546298 0.999610543 0.027664797 0.008496821 0.999709368 0.002884145 0.023938023 5.339663506
-0.007577386 0.025102260 -0.999656081 -7.802866936 -0.002929356 0.999679685 0.025125062 0.014717758 0.999967158 0.003118732 -0.007501580 5.314431667
-0.034162235 0.023248326 -0.999145687 -8.293624878 -0.003267666 0.999721110 0.023373442 0.022359535 0.999411106 0.004063364 -0.034076899 5.276967049
-0.054951232 0.020889226 -0.998270333 -8.801646233 -0.003682027 0.999769747 0.021123286 0.032683402 0.998482347 0.004836409 -0.054861844 5.230710506
-0.071296841 0.020154597 -0.997251332 -9.328178406 -0.003009676 0.999786615 0.020421010 0.044687182 0.997450709 0.004457358 -0.071221158 5.181297302
-0.084331185 0.020600196 -0.996224642 -9.877537727 -0.002131090 0.999779880 0.020854115 0.054052919 0.996435523 0.003881698 -0.084268920 5.124485016
-0.093895547 0.021820603 -0.995342731 -10.438205719 -0.003460777 0.999746203 0.022243613 0.056980878 0.995576143 0.005533237 -0.093796395 5.059782028
-0.100606866 0.023221368 -0.994655192 -11.016464233 -0.005227015 0.999701023 0.023867877 0.061226904 0.994912565 0.007600353 -0.100455627 4.989670753
-0.105028361 0.024306981 -0.994172037 -11.604454041 -0.004964515 0.999675453 0.024966020 0.069690645 0.994456828 0.007557724 -0.104873843 4.921634674
-0.106462017 0.024914194 -0.994004488 -12.212965965 -0.002646615 0.999674916 0.025339797 0.083628416 0.994313240 0.005328475 -0.106361695 4.856349468
-0.105568945 0.027082969 -0.994043052 -12.835992813 -0.000690291 0.999626398 0.027308410 0.095991910 0.994411767 0.003569101 -0.105511025 4.792542458
-0.104232840 0.029776068 -0.994107068 -13.481759071 -0.000956228 0.999547720 0.030039312 0.102989316 0.994552374 0.004081677 -0.104157470 4.726407051
-0.102572262 0.029718660 -0.994281411 -14.135144234 -0.003130686 0.999538422 0.030198777 0.113422483 0.994720578 0.006210341 -0.102432124 4.654638767
-0.101085164 0.027167983 -0.994506657 -14.799617767 -0.004710518 0.999602199 0.027785994 0.126161963 0.994866550 0.007493396 -0.100917220 4.585369110
-0.099743076 0.027097804 -0.994644165 -15.483983994 -0.005038201 0.999601901 0.027738132 0.141379207 0.995000303 0.007777907 -0.099567086 4.515632629
-0.098061927 0.029745987 -0.994735658 -16.187875748 -0.004701665 0.999527574 0.030352803 0.159946531 0.995169103 0.007653370 -0.097875983 4.446674824
-0.096281044 0.033289626 -0.994797349 -16.909534454 -0.005654868 0.999405503 0.033991169 0.175036520 0.995338023 0.008898159 -0.096035808 4.376189232
-0.094632432 0.035440676 -0.994881213 -17.641958237 -0.006102838 0.999326050 0.036179539 0.187428266 0.995493472 0.009495363 -0.094352618 4.306480408
-0.092787273 0.034803197 -0.995077491 -18.389003754 -0.008344088 0.999325991 0.035729870 0.205012798 0.995650828 0.011618299 -0.092434563 4.230209351
-0.091006197 0.031644937 -0.995347321 -19.146516800 -0.010701799 0.999405503 0.032752477 0.225688100 0.995792747 0.013632696 -0.090613656 4.153077126
-0.089440808 0.030971333 -0.995510459 -19.920787811 -0.011648899 0.999414802 0.032139413 0.245482773 0.995923996 0.014471187 -0.089027904 4.076870918
-0.087808058 0.033298030 -0.995580673 -20.705781937 -0.008983498 0.999373317 0.034217235 0.264368117 0.996096909 0.011948355 -0.087454110 4.008247852
-0.086690046 0.035435241 -0.995604932 -21.498620987 -0.006666426 0.999323487 0.036148082 0.280697376 0.996213019 0.009770814 -0.086395390 3.940268278
-0.085259035 0.037155140 -0.995665789 -22.299066544 -0.005724716 0.999268889 0.037779838 0.297619522 0.996342361 0.008920982 -0.084984221 3.867774963
-0.084532328 0.032606877 -0.995887220 -23.100896835 -0.005411244 0.999433875 0.033182364 0.311865598 0.996406019 0.008193973 -0.084308259 3.796261072
-0.084190905 0.025674777 -0.996118903 -23.913414001 -0.003892028 0.999651134 0.026094805 0.325035304 0.996441960 0.006073872 -0.084061824 3.725451946
-0.084424078 0.021163041 -0.996205151 -24.736833572 -0.000764685 0.999771953 0.021303652 0.341029406 0.996429622 0.002560325 -0.084388852 3.661161423
-0.084922194 0.021968236 -0.996145368 -25.571578979 0.000475425 0.999756873 0.022007387 0.354318023 0.996387482 0.001395324 -0.084912218 3.588679075
-0.085008584 0.029385099 -0.995946825 -26.416866302 0.000001847 0.999564230 0.029491708 0.364666283 0.996380210 0.002505211 -0.084971800 3.513847589
-0.085370526 0.036470883 -0.995681703 -27.265979767 -0.001372996 0.999323785 0.036722053 0.380558789 0.996348321 0.004502053 -0.085262954 3.436753035
-0.085694179 0.041806377 -0.995444000 -28.111595154 -0.003325635 0.999101043 0.042246282 0.397119701 0.996316075 0.006930751 -0.085478313 3.357343674
-0.085928485 0.042116739 -0.995410740 -28.956478119 -0.004922953 0.999075174 0.042696793 0.414532781 0.996289134 0.008569240 -0.085641883 3.274897337
-0.086265862 0.038603239 -0.995523989 -29.795570374 -0.004946247 0.999219477 0.039175175 0.434273779 0.996259868 0.008303593 -0.086007781 3.197972775
-0.086601742 0.035830550 -0.995598555 -30.633548737 -0.005115955 0.999323189 0.036409639 0.455032289 0.996229887 0.008246581 -0.086360022 3.121335268
-0.086774610 0.037022557 -0.995539784 -31.475425720 -0.006491041 0.999266386 0.037726950 0.475311279 0.996206820 0.009735839 -0.086470842 3.043573618
-0.086680122 0.039258428 -0.995462298 -32.317417145 -0.007198754 0.999171853 0.040031578 0.492705107 0.996210158 0.010636040 -0.086325921 2.966018438
-0.086419113 0.037695918 -0.995545447 -33.159126282 -0.008190216 0.999222636 0.038546138 0.506409764 0.996225119 0.011484865 -0.086043395 2.883955002
-0.085877627 0.032396153 -0.995778799 -33.993484497 -0.009072430 0.999403715 0.033296533 0.524607718 0.996264279 0.011893570 -0.085532710 2.803299904
-0.085393988 0.028120413 -0.995950341 -34.827552795 -0.010235818 0.999523580 0.029098960 0.543214798 0.996294677 0.012679250 -0.085065670 2.719722748
-0.084732912 0.028796138 -0.995987475 -35.668457031 -0.009711275 0.999510407 0.029724199 0.557345390 0.996356368 0.012190936 -0.084411971 2.641881943
-0.084275573 0.031309363 -0.995950460 -36.505382538 -0.008565162 0.999445856 0.032144047 0.567597806 0.996405661 0.011239444 -0.083960921 2.572350264
-0.083851449 0.036275897 -0.995817721 -37.347042084 -0.008237420 0.999277055 0.037095562 0.581466496 0.996444166 0.011313494 -0.083492234 2.499077320
-0.083226413 0.041815124 -0.995652974 -38.186931610 -0.007413368 0.999064922 0.042578138 0.601037145 0.996502995 0.010924777 -0.082838826 2.426557779
-0.083292358 0.045008946 -0.995508194 -39.026145935 -0.007669808 0.998920321 0.045804974 0.619699478 0.996495605 0.011450574 -0.082857445 2.352298975
-0.083036818 0.044965241 -0.995531499 -39.860958099 -0.007358477 0.998925924 0.045732368 0.640501857 0.996519148 0.011123081 -0.082616977 2.281638861
-0.082880974 0.040731207 -0.995726645 -40.694847107 -0.007320100 0.999111891 0.041479025 0.660941482 0.996532381 0.010726655 -0.082509436 2.208784103
-0.082483090 0.036396381 -0.995927632 -41.521186829 -0.008169572 0.999273896 0.037195325 0.679441810 0.996558964 0.011204300 -0.082126074 2.135059118
-0.082371570 0.033656657 -0.996033192 -42.349555969 -0.012066511 0.999321938 0.034765732 0.696330667 0.996528566 0.014882367 -0.081909813 2.056386232
-0.082906410 0.031713601 -0.996052742 -43.176628113 -0.015241716 0.999335468 0.033086829 0.713126004 0.996440768 0.017924679 -0.082368173 1.978297234
-0.083605878 0.029870564 -0.996051252 -44.007164001 -0.013005914 0.999432027 0.031063695 0.723013163 0.996414006 0.015551677 -0.083170101 1.907946110
-0.084894776 0.026133822 -0.996047139 -44.829406738 -0.009299024 0.999590874 0.027019434 0.734293878 0.996346533 0.011556088 -0.084617227 1.842773199
-0.085576355 0.024569063 -0.996028662 -45.653030396 -0.004876387 0.999672830 0.025077982 0.747866452 0.996319771 0.007003110 -0.085428745 1.772969723
-0.087494940 0.027869606 -0.995775044 -46.477653503 -0.004387819 0.999587297 0.028361900 0.760219455 0.996155322 0.006850813 -0.087336749 1.699487209
-0.089106157 0.034152184 -0.995436430 -47.302352905 -0.001906326 0.999403477 0.034458987 0.769035161 0.996020377 0.004968143 -0.088988110 1.625094891
-0.091012254 0.037809569 -0.995131910 -48.119861603 0.000033627 0.999278307 0.037964102 0.781830192 0.995849788 0.003421742 -0.090948038 1.552029610
-0.092545144 0.036891099 -0.995024920 -48.928798676 0.000088274 0.999312937 0.037041929 0.795398355 0.995708585 0.003340222 -0.092485018 1.476169109
-0.093608670 0.032967195 -0.995063126 -49.730606079 -0.003138983 0.999436080 0.033407424 0.806915462 0.995604277 0.006250720 -0.093452595 1.392260075
-0.094829455 0.029216908 -0.995064795 -50.529502869 -0.007791379 0.999516010 0.030090176 0.820528388 0.995463133 0.010606373 -0.094556116 1.305133343
-0.096182354 0.027641686 -0.994979978 -51.326408386 -0.011780678 0.999511898 0.028906459 0.832932830 0.995294154 0.014501843 -0.095809959 1.218513489
-0.097178131 0.028736152 -0.994852126 -52.120967865 -0.013401930 0.999453843 0.030178249 0.841042399 0.995176911 0.016265623 -0.096740134 1.132408619
-0.098164387 0.030140419 -0.994713604 -52.911495209 -0.013284268 0.999411702 0.031593803 0.851235867 0.995081544 0.016315447 -0.097706445 1.050836563
-0.099119306 0.029611673 -0.994634807 -53.694667816 -0.015263023 0.999393463 0.031274427 0.860810578 0.994958520 0.018281052 -0.098607421 0.965598106
-0.099650741 0.029346254 -0.994589627 -54.474987030 -0.016312851 0.999381661 0.031122137 0.870393097 0.994888663 0.019325959 -0.099110603 0.880673885
-0.100137644 0.030947385 -0.994492173 -55.250675201 -0.014802700 0.999358475 0.032589395 0.882684529 0.994863451 0.017984614 -0.099615499 0.798758507
-0.100423969 0.033670731 -0.994374812 -56.022026062 -0.014035407 0.999279082 0.035254322 0.895918369 0.994845629 0.017496862 -0.099879183 0.718080521
-0.100582927 0.037795089 -0.994210541 -56.791870117 -0.014215390 0.999120891 0.039419971 0.908666968 0.994827032 0.018098094 -0.099957414 0.634831905
-0.101158164 0.039845325 -0.994072080 -57.554550171 -0.014212106 0.999037087 0.041490640 0.922341704 0.994768739 0.018325001 -0.100494683 0.552752018
-0.101799771 0.039682124 -0.994013071 -58.312984467 -0.013761164 0.999051571 0.041292652 0.939077020 0.994709551 0.017882384 -0.101157337 0.471910477
-0.102137394 0.037719212 -0.994054914 -59.061923981 -0.012920215 0.999145567 0.039239973 0.953214526 0.994686365 0.016851293 -0.101562992 0.393615246
-0.102300517 0.034106575 -0.994168639 -59.798370361 -0.012334631 0.999291003 0.035551611 0.967567086 0.994677007 0.015899668 -0.101807505 0.313805580
-0.101771176 0.031176209 -0.994319201 -60.538295746 -0.012582087 0.999387801 0.032623004 0.981277585 0.994728088 0.015830716 -0.101316817 0.229920387
-0.100491397 0.028778184 -0.994521618 -61.249584198 -0.013073843 0.999456286 0.030242089 0.991593003 0.994851887 0.016041311 -0.100060739 0.152477264
-0.097953342 0.028091492 -0.994794607 -61.948669434 -0.015486667 0.999436677 0.029747559 0.997919738 0.995070398 0.018319948 -0.097463317 0.072933197
-0.093683906 0.028962217 -0.995180786 -62.633235931 -0.015768085 0.999407530 0.030569663 1.004837751 0.995477021 0.018556001 -0.093171902 0.002482891
-0.087677166 0.030542413 -0.995680749 -63.301624298 -0.014976624 0.999375761 0.031974632 1.012246728 0.996036172 0.017715406 -0.087165207 -0.058288097
-0.080103852 0.031998809 -0.996272862 -63.959922791 -0.014195027 0.999345958 0.033238906 1.019909739 0.996685266 0.016804708 -0.079597421 -0.115710258
-0.071147412 0.033335630 -0.996908605 -64.598152161 -0.015224007 0.999287903 0.034501769 1.026861668 0.997349441 0.017631678 -0.070589453 -0.164918900
-0.059049215 0.034970567 -0.997642338 -65.221244812 -0.017442444 0.999196827 0.036057513 1.034834266 0.998102427 0.019530516 -0.058391992 -0.206850290
-0.043934889 0.036351845 -0.998372793 -65.829322815 -0.020522557 0.999093294 0.037281264 1.045491338 0.998823345 0.022127140 -0.043149181 -0.237107038
-0.025450094 0.037536625 -0.998971105 -66.414550781 -0.022215236 0.999026060 0.038104709 1.055194855 0.999429047 0.023162179 -0.024591584 -0.246936679
-0.003075490 0.038312167 -0.999261081 -66.982368469 -0.023057682 0.998996556 0.038373061 1.062383294 0.999729216 0.023158692 -0.002189163 -0.241824493
0.022642257 0.038692519 -0.998994589 -67.527954102 -0.022612985 0.999014258 0.038180817 1.069634438 0.999487698 0.021725785 0.023494756 -0.216882467
0.052093111 0.038241338 -0.997909784 -68.051536560 -0.021114672 0.999084532 0.037184190 1.077391863 0.998418808 0.019133527 0.052852761 -0.170696259
0.086554520 0.038135964 -0.995516956 -68.555633545 -0.019916195 0.999132752 0.036542941 1.086260080 0.996047854 0.016663978 0.087238878 -0.108209610
0.124537542 0.038428176 -0.991470397 -69.043823242 -0.019292723 0.999153793 0.036302693 1.093732119 0.992027104 0.014607142 0.125173450 -0.026410103
0.165698439 0.038000416 -0.985444069 -69.517990112 -0.019175794 0.999191821 0.035306275 1.101637244 0.985989928 0.013046500 0.166293174 0.074914932
0.211233169 0.038777687 -0.976666212 -69.967254639 -0.018389642 0.999192774 0.035694830 1.108674288 0.977262557 0.010420631 0.211775750 0.193663597
0.259761959 0.037399776 -0.964948177 -70.394104004 -0.015305246 0.999282956 0.034610447 1.110653639 0.965551317 0.005778313 0.260148108 0.335506439
0.310143024 0.032195393 -0.950144649 -70.801551819 -0.007930472 0.999478519 0.031278484 1.114797354 0.950656772 -0.002165692 0.310236603 0.504608154
0.361598015 0.026682921 -0.931952238 -71.197959900 -0.002828864 0.999616385 0.027522689 1.118739367 0.932329774 -0.007315773 0.361534834 0.698566437
0.414065301 0.021626517 -0.909990370 -71.583999634 0.002284849 0.999689221 0.024797991 1.126612425 0.910244286 -0.012347169 0.413887203 0.913238525
0.465504467 0.020850742 -0.884799957 -71.965934753 0.001905055 0.999695897 0.024560658 1.137599945 0.885043442 -0.013118682 0.465323150 1.145524979
0.513560653 0.018823477 -0.857846975 -72.331024170 0.003736309 0.999700129 0.024172973 1.151524901 0.858045220 -0.015619461 0.513336301 1.404121399
0.558773398 0.013378677 -0.829212606 -72.683891296 0.011854112 0.999638081 0.024116445 1.168150902 0.829235673 -0.023305202 0.558412790 1.687446594
0.603089809 0.006390678 -0.797647834 -73.015686035 0.022584464 0.999429345 0.025083192 1.173569441 0.797353685 -0.033141870 0.602601588 1.990955353
0.646128416 0.001059524 -0.763228118 -73.338150024 0.024312083 0.999462187 0.021969505 1.178553581 0.762841582 -0.032750789 0.645755291 2.296977997
0.685654461 -0.003655835 -0.727918208 -73.606079102 0.021600625 0.999648392 0.015326005 1.177350044 0.727606773 -0.026231829 0.685492635 2.622993469
0.726430953 -0.010716713 -0.687156081 -73.894058228 0.018494276 0.999820232 0.003958475 1.183678269 0.686990738 -0.015584010 0.726498961 2.961143494
0.765977025 -0.013322230 -0.642730117 -74.171981812 0.013951885 0.999893546 -0.004098026 1.187754869 0.642716825 -0.005828296 0.766081691 3.325191498
0.803297877 -0.014835438 -0.595392942 -74.449806213 0.013132866 0.999887168 -0.007195411 1.191898942 0.595432997 -0.002039149 0.803402245 3.733051300
0.837559640 -0.016329689 -0.546101809 -74.708435059 0.013645482 0.999865949 -0.008969985 1.192773700 0.546175539 0.000061086 0.837670565 4.166622162
0.868317485 -0.015385840 -0.495770305 -74.957832336 0.011264212 0.999871910 -0.011301387 1.193020105 0.495881140 0.004228743 0.868379891 4.630514145
0.894300222 -0.014721029 -0.447225213 -75.188735962 0.011463909 0.999883771 -0.009988420 1.188601255 0.447320610 0.003805709 0.894365489 5.126539230
0.915718794 -0.008927831 -0.401720643 -75.423583984 0.005759221 0.999941409 -0.009094417 1.186175466 0.401778638 0.006014345 0.915717006 5.649650574
0.932705283 -0.004633932 -0.360609800 -75.587402344 0.000979122 0.999945641 -0.010316920 1.174299955 0.360638320 0.009269581 0.932659686 6.143369675
0.946046412 0.000022050 -0.324031204 -75.761505127 -0.002818946 0.999962091 -0.008161985 1.154303551 0.324018925 0.008635063 0.946011007 6.680170059
0.955841422 0.000493900 -0.293882489 -75.919418335 -0.002377389 0.999978244 -0.006051571 1.142323852 0.293873310 0.006483031 0.955822170 7.245635986
0.963018715 -0.000223738 -0.269434512 -76.068611145 -0.000995593 0.999989212 -0.004388613 1.131417990 0.269432813 0.004494580 0.963008463 7.831066132
0.968615711 0.000623512 -0.248562351 -76.211723328 -0.001111269 0.999997079 -0.001821740 1.116544485 0.248560697 0.002040800 0.968613982 8.437204361
0.973096371 0.003015611 -0.230378911 -76.352668762 -0.002883148 0.999994695 0.000911894 1.109524369 0.230380669 -0.000223131 0.973100305 9.061445236
0.976578712 0.007844131 -0.215017751 -76.497352600 -0.007462358 0.999968112 0.002587543 1.104137301 0.215031400 -0.000922386 0.976606429 9.704592705
0.979372501 0.011914210 -0.201712310 -76.635765076 -0.011342323 0.999926984 0.003991079 1.095813990 0.201745376 -0.001620852 0.979436338 10.361218452
0.981978714 0.010496544 -0.188700676 -76.758232117 -0.009943583 0.999942303 0.003877148 1.089719653 0.188730717 -0.001930902 0.982026696 11.031469345
0.984467745 0.010537504 -0.175249845 -76.870727539 -0.010061353 0.999942183 0.003605634 1.084203720 0.175277948 -0.001786365 0.984517038 11.716277122
0.986897528 0.010931097 -0.160977677 -76.974426270 -0.010367516 0.999936104 0.004340900 1.078284025 0.161014989 -0.002615071 0.986948311 12.412148476
0.989074767 0.012335248 -0.146898031 -77.078323364 -0.011741497 0.999918163 0.004908781 1.074172974 0.146946713 -0.003130336 0.989139259 13.128068924
0.990853906 0.012362852 -0.134371459 -77.172805786 -0.012182348 0.999922574 0.002165905 1.065258145 0.134387985 -0.000509122 0.990928471 13.852212906
0.992278993 0.012846195 -0.123358779 -77.264122009 -0.013324017 0.999905705 -0.003048732 1.054883122 0.123308130 0.004668844 0.992357194 14.589329720
0.993435740 0.010677923 -0.113892257 -77.345039368 -0.011809921 0.999886513 -0.009268573 1.048027754 0.113780536 0.010552809 0.993449688 15.336982727
0.994326711 0.010442868 -0.105856657 -77.425247192 -0.011518589 0.999887228 -0.009555192 1.040301681 0.105745092 0.010720319 0.994335353 16.104269028
0.994974494 0.012241678 -0.099379204 -77.502914429 -0.012636735 0.999913752 -0.003346127 1.026532769 0.099329814 0.004585156 0.995043814 16.880701065
0.995410144 0.016560014 -0.094258904 -77.585029602 -0.016181456 0.999856830 0.004779699 1.012409925 0.094324701 -0.003232503 0.995535970 17.661666870
0.995797157 0.017192371 -0.089958347 -77.661796570 -0.016495692 0.999827087 0.008482870 1.001691818 0.090088770 -0.006963283 0.995909214 18.439891815
0.996119380 0.015918277 -0.086562239 -77.729576111 -0.015342509 0.999854684 0.007313373 0.995041251 0.086666219 -0.005956898 0.996219337 19.210994720
0.996394098 0.015616294 -0.083396345 -77.799575806 -0.015142388 0.999864638 0.006312727 0.988501549 0.083483770 -0.005027134 0.996496201 19.986431122
0.996662974 0.014041615 -0.080409952 -77.863914490 -0.013405703 0.999873757 0.008443462 0.982900679 0.080518484 -0.007337325 0.996725857 20.762241364
0.996879041 0.012089059 -0.078013390 -77.923072815 -0.011273042 0.999876320 0.010892604 0.975585699 0.078135543 -0.009979153 0.996892631 21.537374496
0.997143984 0.010390403 -0.074807055 -77.984039307 -0.009471002 0.999874532 0.012635350 0.965938926 0.074929081 -0.011890760 0.997117817 22.313125610
0.997374177 0.009089773 -0.071848139 -78.046173096 -0.008478273 0.999924421 0.008812201 0.961944938 0.071922943 -0.008179908 0.997376502 23.082132339
0.997477174 0.011825799 -0.069997370 -78.107818604 -0.011761959 0.999929070 0.001324940 0.954792202 0.070008203 -0.000498277 0.997546196 23.842670441
0.997593760 0.012293815 -0.068233915 -78.166236877 -0.012750779 0.999898195 -0.006264688 0.942968607 0.068150088 0.007119666 0.997649670 24.602935791
0.997688651 0.013093860 -0.066678703 -78.224853516 -0.013827357 0.999847829 -0.010550035 0.930273175 0.066530548 0.011447661 0.997718632 25.362462997
0.997817814 0.014643474 -0.064385623 -78.282470703 -0.015243593 0.999843836 -0.008838471 0.911958098 0.064246275 0.009800671 0.997885942 26.127796173
0.997935474 0.018002780 -0.061651982 -78.343925476 -0.018336650 0.999819100 -0.004853005 0.891878188 0.061553590 0.005973492 0.998085916 26.895435333
0.998026490 0.021248674 -0.059093148 -78.402992249 -0.021272151 0.999772787 0.000232609 0.874046683 0.059084784 0.001024901 0.998252451 27.663175583
0.998233974 0.018878883 -0.056329448 -78.452095032 -0.018788977 0.999820232 0.002126191 0.861017823 0.056359589 -0.001064052 0.998409986 28.425109863
0.998342335 0.015998900 -0.055290382 -78.490516663 -0.015908554 0.999870420 0.002074729 0.846078813 0.055316538 -0.001191690 0.998468161 29.177009583
0.998432517 0.014262978 -0.054127198 -78.534446716 -0.014175749 0.999896646 0.001996188 0.832699418 0.054150198 -0.001225755 0.998532057 29.934513092
0.998509347 0.013911372 -0.052785050 -78.583000183 -0.013917929 0.999902308 0.000244430 0.821196854 0.052783411 0.000490604 0.998605847 30.693378448
0.998572171 0.012048479 -0.052050192 -78.624168396 -0.012116059 0.999925315 -0.000981904 0.809585810 0.052034594 0.001611156 0.998643994 31.451583862
0.998636901 0.011650330 -0.050884988 -78.671569824 -0.011708216 0.999930322 -0.000838443 0.795765638 0.050871793 0.001433084 0.998704076 32.222038269
0.998655200 0.014786263 -0.049696930 -78.723518372 -0.014792873 0.999889791 0.000235923 0.784225404 0.049695060 0.000499566 0.998764217 32.996768951
0.998673677 0.014241314 -0.049482044 -78.768859863 -0.014288737 0.999897003 -0.000603695 0.773187876 0.049468473 0.001309942 0.998774827 33.778656006
0.998608947 0.013607587 -0.050946578 -78.813934326 -0.013657060 0.999905825 -0.000621973 0.760370255 0.050933432 0.001316899 0.998701155 34.561679840
0.998528302 0.011017128 -0.053108610 -78.854881287 -0.011039504 0.999938250 -0.000126883 0.750725746 0.053104050 0.000712999 0.998588741 35.350101471
0.998344839 0.012819575 -0.056071021 -78.908370972 -0.012851553 0.999916613 -0.000208696 0.738587141 0.056063782 0.000928961 0.998426914 36.146717072
0.998137176 0.016222227 -0.058819808 -78.967308044 -0.016276257 0.999866724 -0.000438587 0.724569380 0.058804970 0.001395148 0.998268604 36.945556641
0.998004556 0.016878126 -0.060852513 -79.033248901 -0.017256035 0.999834061 -0.005689025 0.713516355 0.060746524 0.006727757 0.998130560 37.740959167
0.997872353 0.017813262 -0.062723070 -79.099250793 -0.018425964 0.999787092 -0.009202521 0.700438142 0.062545910 0.010338690 0.997988522 38.547729492
0.997748554 0.016728513 -0.064951539 -79.150253296 -0.017472344 0.999787211 -0.010900066 0.686935902 0.064755492 0.012010396 0.997828901 39.379207611
0.997601688 0.016809529 -0.067149445 -79.209762573 -0.017477820 0.999802649 -0.009376305 0.666931391 0.066978708 0.010527457 0.997698963 40.206745148
0.997487307 0.015071458 -0.069228530 -79.270942688 -0.015706718 0.999838531 -0.008640218 0.648173273 0.069087252 0.009705874 0.997563422 41.042560577
0.997377992 0.014492729 -0.070906028 -79.332336426 -0.015024897 0.999862075 -0.006976798 0.633656383 0.070795253 0.008023873 0.997458637 41.884990692
0.997336626 0.014058043 -0.071570940 -79.401824951 -0.014323327 0.999891520 -0.003193840 0.616354108 0.071518391 0.004210480 0.997430384 42.716442108
0.997296572 0.013712857 -0.072194427 -79.469970703 -0.013651435 0.999905109 0.001345000 0.603423834 0.072206147 -0.000355797 0.997389615 43.571376801
0.997350335 0.013684244 -0.071452081 -79.536712646 -0.013470721 0.999902427 0.003470170 0.590377092 0.071492717 -0.002498456 0.997437835 44.431941986
0.997458816 0.016615598 -0.069283038 -79.606147766 -0.016412422 0.999858379 0.003501589 0.580873609 0.069331504 -0.002355580 0.997590780 45.293552399
0.997602761 0.016652817 -0.067169309 -79.673568726 -0.016548647 0.999860048 0.002107852 0.572673976 0.067195110 -0.000991228 0.997739255 46.165370941
0.997757316 0.014036340 -0.065447755 -79.732887268 -0.014077819 0.999900162 -0.000171699 0.561314762 0.065438904 0.001092686 0.997855842 47.037490845
0.997927487 0.010143138 -0.063544706 -79.788909912 -0.010284293 0.999944508 -0.001893669 0.549082756 0.063522078 0.002543268 0.997977018 47.913330078
0.998061597 0.008770891 -0.061613500 -79.843566895 -0.008927560 0.999956787 -0.002266845 0.537848413 0.061591059 0.002812520 0.998097360 48.791831970
0.998129845 0.006247669 -0.060812350 -79.893539429 -0.006241082 0.999979675 0.000299408 0.522630751 0.060813084 0.000080695 0.998148918 49.675098419
0.998203039 0.003471883 -0.059824523 -79.947433472 -0.003314652 0.999990046 0.002728442 0.508657694 0.059833497 -0.002525234 0.998204947 50.547996521
0.998271704 0.002568923 -0.058714088 -80.004402161 -0.002395398 0.999991834 0.003026858 0.492270440 0.058721475 -0.002880976 0.998269975 51.417091370
0.998338521 0.003792513 -0.057498302 -80.061203003 -0.003805972 0.999991953 -0.000123311 0.475208730 0.057497457 0.000341951 0.998345315 52.286392212
0.998335660 0.006583828 -0.057296813 -80.114402771 -0.006940114 0.999957085 -0.006020242 0.459435910 0.057254810 0.006407878 0.998338699 53.163803101
0.998379767 0.008401302 -0.056281917 -80.167846680 -0.009059540 0.999892771 -0.011449235 0.438590765 0.056179777 0.011940585 0.998348951 54.028659821
0.998368025 0.012933065 -0.055629626 -80.223915100 -0.013896755 0.999758720 -0.016970303 0.410605788 0.055396829 0.017715687 0.998306990 54.894519806
0.998429298 0.012596958 -0.054596592 -80.275436401 -0.013586254 0.999748826 -0.017785767 0.383503199 0.054358918 0.018499603 0.998349845 55.755668640
0.998471379 0.009165934 -0.054512061 -80.320510864 -0.009829111 0.999880135 -0.011908784 0.362159073 0.054396462 0.012426389 0.998441815 56.618072510
0.998448014 0.008417870 -0.055057835 -80.371315002 -0.008589481 0.999958277 -0.002879747 0.337178349 0.055031393 0.003348202 0.998478711 57.482147217
0.998393059 0.007310319 -0.056198597 -80.424713135 -0.007050730 0.999962986 0.004817288 0.315143883 0.056231808 -0.004413302 0.998407781 58.338226318
0.998303890 0.005525582 -0.057960004 -80.482734680 -0.005401034 0.999982178 0.002306583 0.302535027 0.057971794 -0.001989622 0.998315990 59.187370300
0.998164892 0.000179658 -0.060557358 -80.524375916 -0.000242751 0.999998808 -0.001033223 0.286912322 0.060557175 0.001046032 0.998163998 60.024856567
0.998009264 -0.001234264 -0.063059017 -80.579078674 0.001073209 0.999995410 -0.002586585 0.269742161 0.063062012 0.002513765 0.998006225 60.864490509
0.997857273 0.000989416 -0.065424010 -80.644134521 -0.001316004 0.999986291 -0.004947781 0.248898506 0.065418303 0.005023281 0.997845113 61.697677612
0.997659266 0.002600310 -0.068334848 -80.713203430 -0.003183413 0.999958932 -0.008424420 0.228769958 0.068310216 0.008622245 0.997626722 62.525318146
0.997333229 0.002964100 -0.072927006 -80.771942139 -0.003826130 0.999923825 -0.011682562 0.207721710 0.072886884 0.011930440 0.997268677 63.344345093
0.997098863 0.004776684 -0.075971775 -80.842163086 -0.005982505 0.999859035 -0.015651345 0.182978034 0.075886369 0.016060447 0.996986926 64.158660889
0.996833742 0.009336284 -0.078968368 -80.919937134 -0.010607443 0.999820054 -0.015692024 0.156345606 0.078807734 0.016479997 0.996753514 64.972770691
0.996518254 0.012800165 -0.082391016 -81.000076294 -0.014005871 0.999802351 -0.014071837 0.135136127 0.082194656 0.015176805 0.996500611 65.781761169
0.996142328 0.015923800 -0.086299196 -81.081146240 -0.016673747 0.999828577 -0.007975478 0.109069169 0.086157478 0.009383649 0.996237159 66.589103699
0.995793581 0.016366391 -0.090154171 -81.163291931 -0.016669167 0.999857068 -0.002605783 0.088191003 0.090098731 0.004097625 0.995924175 67.394294739
0.995307326 0.015696328 -0.095486306 -81.241127014 -0.015663253 0.999876201 0.001096626 0.070847467 0.095491782 0.000404154 0.995429873 68.193328857
0.994677722 0.015003305 -0.101939924 -81.327362061 -0.014869503 0.999886751 0.002072999 0.056861952 0.101959564 -0.000546163 0.994788170 68.986999512
0.994055152 0.012719491 -0.108134128 -81.411491394 -0.012168735 0.999908805 0.005752257 0.044849008 0.108197518 -0.004402199 0.994119406 69.781845093
0.993319929 0.013024718 -0.114658505 -81.506149292 -0.012492850 0.999907017 0.005356693 0.031668901 0.114717722 -0.003888490 0.993390262 70.565597534
0.992542386 0.017742531 -0.120604776 -81.614364624 -0.017325288 0.999839067 0.004507988 0.019275576 0.120665468 -0.002384849 0.992690027 71.353401184
0.991767049 0.019633505 -0.126543999 -81.723251343 -0.019715322 0.999804854 0.000606528 0.009255119 0.126531303 0.001893329 0.991960526 72.131103516
0.991019905 0.018247923 -0.132466316 -81.831604004 -0.018738300 0.999820769 -0.002455692 0.000062063 0.132397816 0.004915842 0.991184115 72.905540466
0.990291953 0.019396665 -0.137646303 -81.949401855 -0.020108670 0.999789953 -0.003783407 -0.014741719 0.137544096 0.006514569 0.990473866 73.679374695
0.989600301 0.021141080 -0.142286062 -82.070671082 -0.021193899 0.999774098 0.001144880 -0.024712816 0.142278239 0.001882631 0.989824474 74.451126099
0.988727033 0.021744676 -0.148145109 -82.197235107 -0.021200703 0.999760807 0.005250615 -0.036991954 0.148223907 -0.002050634 0.988951266 75.218093872
0.987779796 0.021037124 -0.154433042 -82.321220398 -0.020131214 0.999769211 0.007428118 -0.054178655 0.154553726 -0.004228411 0.987974882 75.978622437
0.986755371 0.018550131 -0.161154896 -82.454132080 -0.018237991 0.999827325 0.003416442 -0.063740611 0.161190495 -0.000432042 0.986922681 76.730422974
0.985469639 0.016952356 -0.169006690 -82.595626831 -0.017837591 0.999833286 -0.003720485 -0.073345542 0.168915495 0.006681101 0.985607445 77.475265503
0.983962774 0.014405098 -0.177794218 -82.740242004 -0.015670791 0.999860227 -0.005716210 -0.085967958 0.177687094 0.008410719 0.984050572 78.218910217
0.982158899 0.014350546 -0.187506601 -82.902313232 -0.015193578 0.999879181 -0.003059168 -0.100933105 0.187440068 0.005853490 0.982258141 78.963615417
0.979995191 0.014155447 -0.198519185 -83.065330505 -0.013868516 0.999899089 0.002836117 -0.108960181 0.198539302 -0.000026208 0.980092466 79.708518982
0.977526188 0.016081493 -0.210201547 -83.237236023 -0.014190132 0.999843359 0.010503408 -0.119725108 0.210337564 -0.007284564 0.977601290 80.446693420
0.975035906 0.016580280 -0.221429378 -83.414642334 -0.013878021 0.999808311 0.013754352 -0.128961086 0.221615016 -0.010337976 0.975079000 81.180389404
0.972357690 0.020436624 -0.232601777 -83.605743408 -0.018845262 0.999780536 0.009062217 -0.137809873 0.232735962 -0.004428267 0.972529411 81.896026611
0.969454944 0.020086966 -0.244446680 -83.801315308 -0.020752782 0.999783754 -0.000148034 -0.146185935 0.244390875 0.005216470 0.969662309 82.606323242
0.966268420 0.017376596 -0.256951004 -83.997390747 -0.019326326 0.999799669 -0.005064099 -0.153920472 0.256811589 0.009859206 0.966410816 83.324340820
0.962991953 0.016018072 -0.269054741 -84.205383301 -0.016741572 0.999858975 -0.000394353 -0.158738971 0.269010544 0.004884165 0.963124454 84.045486450
0.959717274 0.016976772 -0.280455112 -84.426704407 -0.015635129 0.999852300 0.007020886 -0.174320757 0.280532986 -0.002353107 0.959841192 84.771484375
0.956117868 0.016581679 -0.292513579 -84.656425476 -0.013464878 0.999828339 0.012665768 -0.189270616 0.292673439 -0.008171303 0.956176996 85.500381470
0.952267408 0.014168548 -0.304936945 -84.895034790 -0.011489445 0.999877334 0.010578796 -0.194767714 0.305049479 -0.006570283 0.952313364 86.214668274
0.948536754 0.012271928 -0.316429973 -85.137359619 -0.010912786 0.999921322 0.006067275 -0.201708972 0.316479594 -0.002301898 0.948596060 86.923652649
0.945527375 0.008092535 -0.325442404 -85.385665894 -0.008850120 0.999959707 -0.000847278 -0.212751150 0.325422496 0.003681333 0.945561111 87.628181458
0.942824185 0.003849750 -0.333269030 -85.636566162 -0.006484999 0.999955237 -0.006794968 -0.222018421 0.333227962 0.008567716 0.942806959 88.334487915
0.940195024 0.003581785 -0.340618372 -85.900520325 -0.007046846 0.999934554 -0.008936028 -0.234480321 0.340564162 0.010801900 0.940158904 89.043060303
0.937302768 0.008627925 -0.348410100 -86.176780701 -0.012541784 0.999880314 -0.008979279 -0.252608716 0.348291010 0.012785991 0.937298954 89.749282837
0.934323967 0.008371784 -0.356327087 -86.455062866 -0.011606630 0.999907792 -0.006940974 -0.268895268 0.356236219 0.010620881 0.934335351 90.458129883
0.931204319 0.008851504 -0.364390880 -86.736068726 -0.009697118 0.999952078 -0.000490771 -0.278420895 0.364369184 0.003990553 0.931245744 91.172294617
0.928501844 0.010425179 -0.371182114 -87.026374817 -0.008223536 0.999937177 0.007513938 -0.286827803 0.371237308 -0.003924274 0.928529441 91.887924194
0.925978124 0.020088745 -0.377043098 -87.333328247 -0.015875319 0.999771357 0.014279623 -0.300040483 0.377243757 -0.007236936 0.926085413 92.594795227
0.923463345 0.026904892 -0.382742852 -87.646102905 -0.024429597 0.999636650 0.011327084 -0.307810545 0.382908642 -0.001109891 0.923785269 93.293701172
0.921186388 0.023322660 -0.388422757 -87.948043823 -0.023853315 0.999708712 0.003456557 -0.312068164 0.388390273 0.006081039 0.921474576 93.991744995
0.919207931 0.015429588 -0.393470466 -88.248870850 -0.018563068 0.999818265 -0.004159027 -0.319233954 0.393334836 0.011127036 0.919327557 94.697135925
0.917646885 0.016135529 -0.397069752 -88.568435669 -0.019649396 0.999794781 -0.004782298 -0.329799652 0.396911114 0.012190645 0.917775691 95.407028198
0.915608764 0.022100890 -0.401462972 -88.898025513 -0.023981811 0.999711633 0.000340361 -0.342931658 0.401354760 0.009316174 0.915874898 96.118309021
0.913204908 0.024226129 -0.406780511 -89.225959778 -0.024512345 0.999688625 0.004508272 -0.355688691 0.406763166 0.005854170 0.913514555 96.832397461
0.911043108 0.020625506 -0.411795437 -89.551055908 -0.021432566 0.999765992 0.002658532 -0.372221798 0.411754012 0.006403800 0.911272168 97.541740417
0.908880353 0.018857716 -0.416630656 -89.880218506 -0.022457689 0.999740005 -0.003740615 -0.385639101 0.416451901 0.012756339 0.909067750 98.240798950
0.906781495 0.016288428 -0.421286434 -90.215942383 -0.022786414 0.999685526 -0.010394135 -0.398396373 0.420984775 0.019024819 0.906867743 98.937500000
