1.000000000 0.000000000 0.000000000 0.000000000 0.000000000 1.000000000 0.000000000 0.000000000 0.000000000 0.000000000 1.000000000 0.000000000
0.999996305 0.002712695 0.000166118 -0.002908061 -0.002712956 0.999995053 0.001596513 -0.016337579 -0.000161786 -0.001596958 0.999998689 0.787065268
0.999984860 0.005500285 0.000289568 -0.007789185 -0.005500837 0.999983013 0.001940979 -0.032249082 -0.000278887 -0.001942542 0.999998093 1.550365448
0.999975502 0.006969580 0.000666443 -0.009114527 -0.006970617 0.999974489 0.001565314 -0.047597621 -0.000655517 -0.001569921 0.999998569 2.305248022
0.999960721 0.008836372 0.000800820 -0.014633703 -0.008837327 0.999960303 0.001197579 -0.062640384 -0.000790206 -0.001204609 0.999998987 3.042019367
0.999958217 0.009068279 0.001281886 -0.019530550 -0.009069490 0.999958575 0.000944490 -0.076821089 -0.001273268 -0.000956077 0.999998748 3.763037682
0.999956191 0.009231234 0.001619657 -0.023689875 -0.009234368 0.999955535 0.001939709 -0.093064532 -0.001601679 -0.001954580 0.999996901 4.464994431
0.999947309 0.009992390 0.002393160 -0.030537941 -0.010003355 0.999939382 0.004614598 -0.104287729 -0.002346904 -0.004638295 0.999986589 5.146906376
0.999944448 0.009780510 0.003973970 -0.032617584 -0.009813880 0.999916017 0.008466516 -0.111594036 -0.003890829 -0.008505043 0.999956250 5.806392193
0.999945641 0.009029645 0.005248888 -0.028120238 -0.009091906 0.999887168 0.011962076 -0.121141739 -0.005140283 -0.012009147 0.999914587 6.446985245
0.999947846 0.008126748 0.006211225 -0.023655087 -0.008214611 0.999864697 0.014254143 -0.132031202 -0.006094543 -0.014304422 0.999879122 7.056457520
0.999934912 0.008597269 0.007522514 -0.023023702 -0.008702884 0.999862432 0.014121945 -0.141776979 -0.007400067 -0.014186492 0.999871910 7.641102791
0.999917686 0.009508392 0.008631947 -0.020416245 -0.009606786 0.999888539 0.011430023 -0.149546638 -0.008522303 -0.011512004 0.999897361 8.195877075
0.999908328 0.009519208 0.009639223 -0.017150253 -0.009602759 0.999916434 0.008659174 -0.155560181 -0.009555986 -0.008750943 0.999915957 8.722134590
0.999908328 0.007793992 0.011074369 -0.004923880 -0.007870601 0.999945283 0.006891183 -0.157538995 -0.011020050 -0.006977715 0.999914944 9.224555969
0.999907613 0.003971174 0.013000341 0.004208021 -0.004028867 0.999982059 0.004414705 -0.164223194 -0.012982574 -0.004466675 0.999905765 9.697425842
0.999887824 0.002166503 0.014822228 0.014630929 -0.002214831 0.999992311 0.003244968 -0.172613814 -0.014815079 -0.003277434 0.999884903 10.138952255
0.999835849 0.006359906 0.016971456 0.014820278 -0.006382643 0.999978840 0.001286010 -0.183405593 -0.016962912 -0.001394124 0.999855161 10.550715446
0.999741614 0.010778792 0.020013083 0.016954482 -0.010789215 0.999941707 0.000412873 -0.190999880 -0.020007463 -0.000628693 0.999799788 10.935921669
0.999662697 0.011292805 0.023385013 0.026698738 -0.011326510 0.999935031 0.001309427 -0.196576998 -0.023368703 -0.001573857 0.999725759 11.289906502
0.999624789 0.007048423 0.026470076 0.043751419 -0.007098086 0.999973238 0.001782686 -0.202079684 -0.026456803 -0.001969906 0.999648094 11.612644196
0.999584019 0.002146191 0.028761290 0.068212688 -0.002187211 0.999996603 0.001394825 -0.203585267 -0.028758196 -0.001457153 0.999585450 11.905080795
0.999510169 -0.001377195 0.031262826 0.079867989 0.001290825 0.999995291 0.002782793 -0.211653143 -0.031266507 -0.002741078 0.999507427 12.162009239
0.999427080 -0.001678570 0.033802830 0.091387063 0.001550131 0.999991477 0.003825509 -0.217103541 -0.033808962 -0.003770920 0.999421299 12.396125793
0.999350727 -0.000878712 0.036019381 0.097592652 0.000779634 0.999995887 0.002764635 -0.221081227 -0.036021657 -0.002734760 0.999347448 12.600382805
0.999270797 0.000080466 0.038182635 0.105142534 -0.000129483 0.999999225 0.001281287 -0.225231096 -0.038182497 -0.001285299 0.999270141 12.787289619
0.999168456 0.002196680 0.040713403 0.110229015 -0.002217598 0.999997497 0.000468624 -0.230629325 -0.040712263 -0.000558522 0.999170959 12.959932327
0.999095738 0.004822580 0.042245336 0.119104832 -0.004823802 0.999988377 -0.000073046 -0.238616377 -0.042245194 -0.000130804 0.999107420 13.127027512
0.999022007 0.006205713 0.043781556 0.119671017 -0.006152210 0.999980211 -0.001356678 -0.246665388 -0.043789115 0.001085997 0.999040365 13.284459114
0.998948157 0.005288636 0.045549721 0.133319825 -0.005152268 0.999981880 -0.003110700 -0.250908911 -0.045565352 0.002872743 0.998957396 13.437421799
0.998889744 0.003807412 0.046955943 0.147173434 -0.003600373 0.999983490 -0.004493020 -0.255419016 -0.046972271 0.004318972 0.998887062 13.583116531
0.998838842 0.003035716 0.048083875 0.158303857 -0.002769149 0.999980450 -0.005609445 -0.257778674 -0.048099961 0.005469780 0.998827755 13.724152565
0.998766184 0.003631417 0.049527064 0.167160630 -0.003297887 0.999971330 -0.006814359 -0.262265533 -0.049550388 0.006642615 0.998749733 13.856316566
0.998717546 0.004411273 0.050438993 0.182148695 -0.003966621 0.999952435 -0.008912369 -0.266330659 -0.050475914 0.008700864 0.998687565 13.983705521
0.998675108 0.004478232 0.051265787 0.190262139 -0.003915810 0.999931097 -0.011065901 -0.270419419 -0.051311813 0.010850493 0.998623908 14.112062454
0.998635709 0.003576159 0.052095909 0.196223140 -0.002884544 0.999906898 -0.013344949 -0.274362385 -0.052138772 0.013176471 0.998553097 14.233595848
0.998668849 0.002554391 0.051519699 0.205192268 -0.001772432 0.999882638 -0.015217852 -0.278048545 -0.051552523 0.015106278 0.998556197 14.358044624
0.998774707 0.002163745 0.049442481 0.210884690 -0.001350210 0.999863267 -0.016481647 -0.280066907 -0.049471378 0.016394693 0.998641193 14.485373497
0.998916209 0.002285528 0.046489257 0.213020802 -0.001474371 0.999846220 -0.017475063 -0.282928824 -0.046522047 0.017387580 0.998766124 14.611413002
0.999096572 0.002765914 0.042409450 0.213623166 -0.001975049 0.999823689 -0.018678907 -0.286653280 -0.042453624 0.018578272 0.998925924 14.737874031
0.999324858 0.002848711 0.036632888 0.214097023 -0.002130002 0.999804795 -0.019643325 -0.292188942 -0.036681693 0.019552035 0.999135911 14.860382080
0.999546528 0.002837858 0.029981334 0.210265785 -0.002225767 0.999788880 -0.020429431 -0.294206738 -0.030032970 0.020353436 0.999341846 14.986606598
0.999734759 0.002770358 0.022863321 0.205114946 -0.002286967 0.999773979 -0.021141790 -0.298726082 -0.022916712 0.021083897 0.999515295 15.110605240
0.999886036 0.002689946 0.014856077 0.196713656 -0.002360364 0.999751627 -0.022158226 -0.301458180 -0.014911984 0.022120630 0.999644279 15.240305901
0.999987662 0.001606791 0.004693634 0.189341843 -0.001496126 0.999723077 -0.023486992 -0.303464502 -0.004730063 0.023479674 0.999713302 15.377878189
0.999965191 -0.000026173 -0.008342494 0.179953054 -0.000184183 0.999682009 -0.025213208 -0.306376994 0.008340513 0.025213862 0.999647558 15.527031898
0.999696136 -0.000768283 -0.024644222 0.165898353 0.000102065 0.999634802 -0.027023327 -0.310577154 0.024656001 0.027012598 0.999331236 15.694252014
0.999038815 -0.000326795 -0.043832678 0.137403011 -0.000903216 0.999606431 -0.028038748 -0.314865977 0.043824606 0.028051389 0.998645484 15.866601944
0.997835815 0.000444149 -0.065754138 0.108206630 -0.002263347 0.999616623 -0.027594753 -0.320648283 0.065716691 0.027683854 0.997454405 16.063539505
0.995970190 0.000698213 -0.089682162 0.078979492 -0.003050500 0.999654830 -0.026094751 -0.325949222 0.089633018 0.026263170 0.995628715 16.295320511
0.993196726 0.001692061 -0.116436236 0.026340842 -0.004582996 0.999687731 -0.024565222 -0.333295763 0.116358347 0.024931725 0.992894530 16.523021698
0.989171445 0.002766734 -0.146738440 -0.033955812 -0.006108847 0.999732018 -0.022330234 -0.343798846 0.146637350 0.022984834 0.988923430 16.758518219
0.983658493 0.002836868 -0.180021673 -0.100735188 -0.006297962 0.999806106 -0.018657332 -0.357973248 0.179933906 0.019486215 0.983485878 16.993595123
0.976207376 0.004157631 -0.216799304 -0.193935871 -0.007530009 0.999863148 -0.014731542 -0.365035951 0.216708422 0.016013538 0.976105332 17.238130569
0.966493249 0.006110150 -0.256619036 -0.276983261 -0.008753632 0.999919713 -0.009160139 -0.380785257 0.256542504 0.011099561 0.966469407 17.469882965
0.954429388 0.010352178 -0.298257232 -0.352704048 -0.012059577 0.999919653 -0.003884795 -0.404567868 0.298193157 0.007304616 0.954477966 17.679889679
0.940238714 0.014159754 -0.340221435 -0.501520157 -0.014912651 0.999888599 0.000401874 -0.406885177 0.340189338 0.004695742 0.940345645 17.959722519
0.923372328 0.016708178 -0.383541912 -0.619601250 -0.015324015 0.999860287 0.006664393 -0.428077102 0.383599788 -0.000276320 0.923499703 18.201419830
0.904030085 0.020295925 -0.426986963 -0.797979355 -0.015819451 0.999776363 0.014028838 -0.427903414 0.427176327 -0.005927801 0.904149294 18.491245270
0.882179677 0.024957456 -0.470250994 -0.949225426 -0.017039375 0.999632359 0.021087650 -0.445964336 0.470604539 -0.010590328 0.882281005 18.726276398
0.857386231 0.030246329 -0.513783991 -1.167088985 -0.019876752 0.999472797 0.025669018 -0.446997523 0.514289558 -0.011795919 0.857535899 19.003787994
0.829572916 0.033511043 -0.557392001 -1.391195774 -0.020801058 0.999359310 0.029124165 -0.449419498 0.558010995 -0.012566284 0.829738855 19.263002396
0.798676133 0.037314441 -0.600603163 -1.635966301 -0.023486391 0.999247968 0.030849591 -0.446567178 0.601302743 -0.010532846 0.798952341 19.522712708
0.765434384 0.040005524 -0.642269313 -1.911439896 -0.024082534 0.999147356 0.033533931 -0.439793706 0.643063366 -0.010200564 0.765745521 19.773284912
0.728932738 0.044069856 -0.683165431 -2.208561897 -0.025531629 0.998981535 0.037200574 -0.429071188 0.684109092 -0.009674410 0.729315996 20.022071838
0.690521061 0.045268491 -0.721894383 -2.536057472 -0.023378002 0.998914957 0.040277883 -0.417974830 0.722934544 -0.010936298 0.690830588 20.274793625
0.649988949 0.045432355 -0.758584440 -2.882894516 -0.021006837 0.998904049 0.041825756 -0.408068240 0.759653449 -0.011250840 0.650231302 20.520996094
0.609000444 0.044284746 -0.791932762 -3.263302803 -0.015759446 0.998918533 0.043740269 -0.396789193 0.793013513 -0.014157444 0.609040022 20.746986389
0.564316034 0.044478640 -0.824359775 -3.670276642 -0.011291936 0.998869956 0.046164509 -0.379808426 0.825481653 -0.016742777 0.564181030 20.990131378
0.518085063 0.045866400 -0.854098439 -4.109219551 -0.009441679 0.998807013 0.047910273 -0.358435392 0.855277061 -0.016757499 0.517900407 21.209159851
0.468546659 0.045590725 -0.882261634 -4.575729847 -0.008395223 0.998852193 0.047157042 -0.335961938 0.883399069 -0.014688515 0.468391955 21.412117004
0.416092634 0.044501666 -0.908232689 -5.057335854 -0.003000726 0.998863637 0.047567677 -0.314014912 0.909317493 -0.017067229 0.415753633 21.602426529
0.362385273 0.043709230 -0.931003034 -5.563331127 0.002553697 0.998849511 0.047888543 -0.294711709 0.932025135 -0.019731622 0.361857027 21.770586014
0.308070898 0.042694673 -0.950404942 -6.097612381 0.005303081 0.998899937 0.046592187 -0.268814802 0.951348841 -0.019393794 0.307505995 21.916793823
0.254712999 0.048535869 -0.965797961 -6.665960312 0.006363420 0.998633862 0.051864281 -0.239638627 0.966996014 -0.019356310 0.254056543 22.032020569
0.203047186 0.053557266 -0.977703154 -7.264348984 0.009491621 0.998348534 0.056659400 -0.210890412 0.979123175 -0.020784546 0.202203810 22.131752014
0.148145035 0.054998126 -0.987435162 -7.893591404 0.015939087 0.998190165 0.057988502 -0.179705381 0.988837540 -0.024329552 0.147000611 22.277614594
0.103689298 0.056424908 -0.993007898 -8.521903992 0.018866539 0.998098493 0.058684200 -0.156976521 0.994431198 -0.024819572 0.102427848 22.321369171
0.063304290 0.054668322 -0.996495724 -9.166493416 0.018971441 0.998252392 0.055969894 -0.127782583 0.997814298 -0.022448124 0.062156778 22.337165833
0.027499981 0.050270692 -0.998356879 -9.831059456 0.016687047 0.998572648 0.050741211 -0.090219796 0.999482870 -0.018055037 0.026622102 22.333026886
-0.001191944 0.050156739 -0.998740554 -10.518680573 0.014669761 0.998634934 0.050133921 -0.052997351 0.999892056 -0.014591552 -0.001925870 22.312067032
-0.022245103 0.054210659 -0.998281538 -11.230498314 0.013522662 0.998453856 0.053918678 -0.019481182 0.999661446 -0.012300021 -0.022943554 22.279750824
-0.035119049 0.060274459 -0.997563839 -11.965189934 0.015173458 0.998096883 0.059772488 0.013779342 0.999268293 -0.013037364 -0.035966557 22.244819641
-0.043093517 0.062844902 -0.997092426 -12.716751099 0.014991182 0.997948170 0.062250920 0.049380064 0.998958945 -0.012265011 -0.043946993 22.205657959
-0.046921741 0.060119368 -0.997087777 -13.486360550 0.016221322 0.998101592 0.059417136 0.084807932 0.998767197 -0.013386153 -0.047807656 22.165866852
-0.046228752 0.056215957 -0.997347832 -14.274903297 0.023831554 0.998193204 0.055158984 0.125368714 0.998646915 -0.021218441 -0.047484718 22.136182785
-0.042049136 0.054536603 -0.997626007 -15.081607819 0.035630476 0.997955859 0.053052858 0.170966148 0.998480380 -0.033315096 -0.043906130 22.119699478
-0.036558513 0.054621741 -0.997837722 -15.914030075 0.036057107 0.997927070 0.053305596 0.210797071 0.998681188 -0.034030400 -0.038452007 22.093893051
-0.031559817 0.053295411 -0.998079956 -16.763370514 0.034219954 0.998049557 0.052211754 0.242320597 0.998916268 -0.032506492 -0.033321816 22.064464569
-0.028626410 0.046905182 -0.998489141 -17.632179260 0.038013980 0.998226941 0.045803037 0.280609488 0.998867512 -0.036645398 -0.030358490 22.048585892
-0.026620599 0.036198996 -0.998989999 -18.515403748 0.036005106 0.998730361 0.035230163 0.313227952 0.998997331 -0.035030920 -0.027889935 22.024137497
-0.026010294 0.027874321 -0.999273062 -19.418188095 0.028495731 0.999225616 0.027131293 0.338892162 0.999255717 -0.027769346 -0.026784232 21.986324310
-0.027608482 0.024981249 -0.999306619 -20.341321945 0.022932498 0.999440312 0.024351036 0.364312261 0.999356091 -0.022244325 -0.028165698 21.949394226
-0.031043580 0.031136047 -0.999032974 -21.299894333 0.013846205 0.999432027 0.030718248 0.383562922 0.999422491 -0.012879231 -0.031456854 21.899444580
-0.035805203 0.039108768 -0.998593271 -22.276161194 0.008966454 0.999206305 0.038811292 0.410058767 0.999318898 -0.007564215 -0.036127239 21.847591400
-0.040414624 0.048588861 -0.998000920 -23.275279999 0.007537270 0.998803318 0.048322722 0.446975112 0.999154866 -0.005569281 -0.040732272 21.799745560
-0.042054638 0.058442168 -0.997404754 -24.290544510 0.006284316 0.998283327 0.058228713 0.489682794 0.999095738 -0.003819243 -0.042349506 21.749620438
-0.043134980 0.066144437 -0.996877372 -25.316997528 0.008206958 0.997795522 0.065850280 0.536374092 0.999035716 -0.005340907 -0.043582540 21.702241898
-0.044578839 0.066987686 -0.996757448 -26.339843750 0.009153832 0.997734666 0.066643998 0.589116573 0.998964131 -0.006153263 -0.045090828 21.653358459
-0.046379015 0.064284369 -0.996853292 -27.366378784 0.008160238 0.997918069 0.063973412 0.641448259 0.998890758 -0.005167563 -0.046806816 21.600914001
-0.049284954 0.059416361 -0.997015834 -28.397068024 0.008028516 0.998220205 0.059091270 0.689969182 0.998752832 -0.005092271 -0.049674045 21.545116425
-0.053801872 0.054357033 -0.997071087 -29.429203033 0.008088500 0.998508155 0.053998936 0.733168542 0.998519182 -0.005159589 -0.054161064 21.481508255
-0.059517946 0.049794380 -0.996984661 -30.467817307 0.008380786 0.998744726 0.049382001 0.774394870 0.998192251 -0.005416420 -0.059860341 21.414299011
-0.066249229 0.047951810 -0.996650159 -31.516878128 0.007454802 0.998840332 0.047561668 0.813947260 0.997775435 -0.004278929 -0.066529661 21.335327148
-0.072797313 0.050368328 -0.996074080 -32.571708679 0.007617394 0.998722732 0.049945578 0.854225755 0.997317851 -0.003951605 -0.073087804 21.251850128
-0.079200603 0.055241305 -0.995326877 -33.641853333 0.006247341 0.998471200 0.054918714 0.894762218 0.996839285 -0.001868574 -0.079424419 21.159519196
-0.085421555 0.058145411 -0.994646728 -34.707889557 0.003539705 0.998306990 0.058055412 0.938300908 0.996338785 0.001438405 -0.085482523 21.059640884
-0.090117559 0.060338158 -0.994101584 -35.778495789 0.000428513 0.998165190 0.060545981 0.986653328 0.995931149 0.005030249 -0.089977846 20.951702118
-0.092809200 0.061577514 -0.993777812 -36.848049164 -0.004131453 0.998053372 0.062228281 1.034575939 0.995675504 0.009881084 -0.092373915 20.838092804
-0.094386220 0.062800743 -0.993552685 -37.923797607 -0.008188417 0.997925520 0.063855037 1.085031509 0.995502055 0.014162641 -0.093675978 20.721256256
-0.095914811 0.062343705 -0.993435085 -38.998901367 -0.009625210 0.997931898 0.063555218 1.134603024 0.995343029 0.015657891 -0.095116198 20.607215881
-0.097343750 0.061512955 -0.993347943 -40.080238342 -0.010031603 0.997976780 0.062782653 1.185978889 0.995200276 0.016076352 -0.096529536 20.495235443
-0.098470844 0.060825132 -0.993279159 -41.162738800 -0.011184982 0.997999609 0.062223043 1.236234307 0.995077074 0.017236946 -0.097593375 20.381849289
-0.099388234 0.059955180 -0.993240654 -42.252056122 -0.013448182 0.998010993 0.061588813 1.286057949 0.994957745 0.019478472 -0.098384082 20.262941360
-0.100073092 0.057445746 -0.993320286 -43.343540192 -0.018032195 0.998063385 0.059536718 1.335569859 0.994816661 0.023869755 -0.098843217 20.136716843
-0.100354753 0.052530091 -0.993563890 -44.438449860 -0.023333175 0.998206437 0.055132311 1.381822228 0.994678020 0.028715773 -0.098948888 20.011104584
-0.099432893 0.051893380 -0.993690073 -45.538951874 -0.024892703 0.998197079 0.054619621 1.430089116 0.994732797 0.030166609 -0.097961679 19.889495850
-0.097672135 0.056087598 -0.993636727 -46.648097992 -0.025738191 0.997934520 0.058860190 1.477513075 0.994885743 0.031323399 -0.096026607 19.770404816
-0.095848247 0.059234925 -0.993631721 -47.762062073 -0.025758293 0.997746050 0.061964907 1.526781321 0.995062649 0.031533480 -0.094106227 19.656808853
-0.094283588 0.058795065 -0.993807554 -48.878479004 -0.023789749 0.997836530 0.061290383 1.582299829 0.995261133 0.029421097 -0.092680708 19.548095703
-0.091724537 0.058019534 -0.994092464 -49.995239258 -0.023450717 0.997898579 0.060405452 1.632618546 0.995508254 0.028852835 -0.090170994 19.438854218
-0.087637879 0.058537565 -0.994430721 -51.118537903 -0.027787386 0.997739971 0.061181221 1.684053183 0.995764792 0.032994412 -0.085813023 19.328262329
-0.081981942 0.059465736 -0.994857907 -52.242588043 -0.032777067 0.997517526 0.062325720 1.734481096 0.996094704 0.037718099 -0.079829149 19.221355438
-0.076109268 0.059065852 -0.995348215 -53.374919891 -0.036528982 0.997408628 0.061981302 1.787410259 0.996430218 0.041076407 -0.073754266 19.122682571
-0.070285730 0.058197625 -0.995827436 -54.505264282 -0.038075227 0.997412682 0.060977608 1.840784073 0.996800125 0.042202201 -0.067887805 19.031852722
-0.064531036 0.057494633 -0.996257722 -55.636257172 -0.037538830 0.997492492 0.059997387 1.891295195 0.997209430 0.041270036 -0.062210765 18.952724457
-0.059227690 0.057287045 -0.996599019 -56.764907837 -0.035751976 0.997589886 0.059468701 1.939730287 0.997604072 0.039152574 -0.057036642 18.883745193
-0.053887919 0.057948586 -0.996863842 -57.906841278 -0.034806840 0.997599125 0.059872877 1.990526676 0.997940183 0.037924096 -0.051741365 18.819736481
-0.048069395 0.059631109 -0.997062206 -59.057899475 -0.033784308 0.997548163 0.061288945 2.041321278 0.998272598 0.036631159 -0.045936767 18.760528564
-0.042690501 0.060861502 -0.997232616 -60.212135315 -0.034498304 0.997457981 0.062352080 2.096153736 0.998492718 0.037064660 -0.040482182 18.706434250
-0.037496250 0.060107406 -0.997487128 -61.364452362 -0.034010097 0.997534454 0.061388716 2.148203611 0.998717964 0.036226463 -0.035359368 18.661163330
-0.032742430 0.055543423 -0.997919083 -62.512516022 -0.034102708 0.997811317 0.056656349 2.199483156 0.998881996 0.035886783 -0.030776411 18.619895935
-0.028415591 0.050234362 -0.998332918 -63.663681030 -0.033900265 0.998113692 0.051188231 2.245531559 0.999021232 0.035298262 -0.026658852 18.582750320
-0.024579393 0.049628597 -0.998465061 -64.821044922 -0.033732101 0.998157263 0.050443679 2.291164160 0.999128640 0.034920178 -0.022859847 18.545070648
-0.021172374 0.052076783 -0.998418391 -65.989585876 -0.033008885 0.998061836 0.052758157 2.331955910 0.999230862 0.034073669 -0.019412162 18.512210846
-0.018286815 0.051563401 -0.998502016 -67.154579163 -0.033425104 0.998079717 0.052153744 2.378474712 0.999274075 0.034328736 -0.016528009 18.469257355
-0.017136769 0.051247291 -0.998538673 -68.332267761 -0.035227343 0.998034894 0.051825985 2.425529003 0.999232411 0.036063973 -0.015297608 18.439399719
-0.015944157 0.051966708 -0.998521328 -69.505836487 -0.036557436 0.997950792 0.052520748 2.471055508 0.999204516 0.037340749 -0.014011530 18.407546997
-0.014588956 0.051593881 -0.998561323 -70.685699463 -0.037221085 0.997947991 0.052105986 2.514207602 0.999200642 0.037927680 -0.012638454 18.380069733
-0.013507856 0.049538735 -0.998680592 -71.872627258 -0.037671868 0.998037994 0.050016392 2.555811644 0.999199033 0.038297750 -0.011614952 18.355529785
-0.012544055 0.048254281 -0.998756111 -73.056167603 -0.036020260 0.998165011 0.048678134 2.597898006 0.999272585 0.036586046 -0.010782721 18.333097458
-0.012309557 0.048152331 -0.998763859 -74.239212036 -0.032710768 0.998286009 0.048532452 2.637748718 0.999389231 0.033267722 -0.010713175 18.320188522
-0.012028698 0.048829559 -0.998734355 -75.423179626 -0.030446274 0.998326123 0.049176291 2.677242279 0.999464214 0.030999240 -0.010521700 18.303472519
-0.011962828 0.051611088 -0.998595178 -76.607292175 -0.030098466 0.998196125 0.051951028 2.716520309 0.999475539 0.030677643 -0.010387650 18.284528732
-0.011659965 0.055201963 -0.998406768 -77.798393250 -0.032256693 0.997934759 0.055552576 2.758758545 0.999411821 0.032853018 -0.009855067 18.263607025
-0.010969702 0.055140134 -0.998417914 -78.976211548 -0.034224078 0.997872770 0.055486057 2.801970720 0.999354184 0.034778573 -0.009059062 18.240905762
-0.010648715 0.053143695 -0.998529673 -80.153579712 -0.035228558 0.997946978 0.053488374 2.845824242 0.999322772 0.035746317 -0.008754491 18.220111847
-0.010329007 0.050817158 -0.998654127 -81.332298279 -0.035036571 0.998076200 0.051150125 2.887405872 0.999332845 0.035517715 -0.008528491 18.199842453
-0.010392569 0.050073054 -0.998691201 -82.513397217 -0.032877851 0.998188257 0.050389986 2.928626299 0.999405563 0.033358466 -0.008727263 18.186464310
-0.010358350 0.051450793 -0.998621523 -83.689430237 -0.031325892 0.998168528 0.051752392 2.968961716 0.999455750 0.031818740 -0.008727456 18.172233582
-0.010071819 0.054191276 -0.998479426 -84.860763550 -0.030641200 0.998044789 0.054476775 3.008895636 0.999479949 0.031143250 -0.008391459 18.157375336
-0.009640671 0.056387261 -0.998362005 -86.047103882 -0.030954970 0.997913480 0.056660838 3.054438591 0.999474466 0.031450480 -0.007874905 18.145414352
-0.009439746 0.056500610 -0.998357534 -87.223907471 -0.032243397 0.997866035 0.056777664 3.100114107 0.999435663 0.032726377 -0.007597644 18.128845215
-0.009147903 0.054274801 -0.998483777 -88.394378662 -0.031543002 0.998013258 0.054538235 3.145626783 0.999460697 0.031994045 -0.007417552 18.116353989
-0.009033708 0.052766919 -0.998565555 -89.564270020 -0.029950731 0.998144388 0.053015623 3.191136837 0.999510586 0.030386666 -0.007436351 18.106163025
-0.008978326 0.053787138 -0.998511791 -90.735671997 -0.028211204 0.998141050 0.054020863 3.233062744 0.999561846 0.028654201 -0.007444050 18.095083237
-0.009067231 0.056557465 -0.998357892 -91.908485413 -0.025781509 0.998053908 0.056774423 3.277581453 0.999626637 0.026253924 -0.007591264 18.087121964
-0.008643756 0.058957551 -0.998222888 -93.081398010 -0.024390714 0.997950912 0.059152707 3.325471640 0.999665320 0.024858635 -0.007187839 18.071880341
-0.008211979 0.060666289 -0.998124123 -94.246803284 -0.024854954 0.997837126 0.060853358 3.373341799 0.999657512 0.025308019 -0.006686174 18.055128098
-0.008040276 0.062537901 -0.998010039 -95.423980713 -0.027216658 0.997659028 0.062735192 3.424147606 0.999597549 0.027666872 -0.006319194 18.043941498
-0.007819028 0.061799482 -0.998057842 -96.591278076 -0.029206997 0.997648537 0.062002975 3.473031998 0.999543071 0.029635036 -0.005995477 18.027812958
-0.007939927 0.057627179 -0.998306513 -97.745079041 -0.031646837 0.997823358 0.057851020 3.523936749 0.999467909 0.032052550 -0.006098740 18.012613297
-0.007620363 0.055743821 -0.998416007 -98.906440735 -0.032862589 0.997891665 0.055965398 3.572748661 0.999431074 0.033236984 -0.005772223 17.996105194
-0.007459924 0.054010473 -0.998512328 -100.068023682 -0.032952521 0.997984529 0.054228142 3.618663311 0.999429286 0.033308011 -0.005664921 17.981525421
-0.007390517 0.054248519 -0.998499930 -101.227172852 -0.031485245 0.998019576 0.054455481 3.666175365 0.999477148 0.031840444 -0.005667666 17.971124649
-0.007288703 0.056158517 -0.998395085 -102.391098022 -0.031618878 0.997909427 0.056362052 3.714836597 0.999473751 0.031978909 -0.005497609 17.953866959
-0.007256038 0.058216508 -0.998277366 -103.552902222 -0.030286247 0.997832954 0.058410753 3.761010885 0.999515116 0.030657887 -0.005476967 17.943462372
-0.007849070 0.057168275 -0.998333514 -104.716598511 -0.034222215 0.997764170 0.057404753 3.810623169 0.999383628 0.034615751 -0.005874910 17.926609039
-0.008194907 0.058304179 -0.998265028 -105.892196655 -0.038217138 0.997550964 0.058576223 3.862109661 0.999236107 0.038630847 -0.005946432 17.906335831
-0.008361026 0.057560727 -0.998306811 -107.071769714 -0.041349106 0.997467995 0.057858683 3.911337376 0.999109983 0.041762855 -0.005959585 17.887100220
-0.008574422 0.053715017 -0.998519301 -108.254646301 -0.042186763 0.997647583 0.054030400 3.960363865 0.999073267 0.042587567 -0.006288004 17.869594574
-0.009212669 0.049589977 -0.998726904 -109.441940308 -0.042175535 0.997861326 0.049936060 4.011884689 0.999068081 0.042581879 -0.007101298 17.849626541
-0.010124900 0.048596527 -0.998766959 -110.632736206 -0.038928516 0.998041689 0.048955910 4.052015305 0.999191046 0.039376173 -0.008213100 17.837345123
-0.010991312 0.047583710 -0.998806417 -111.842559814 -0.034448799 0.998255908 0.047936607 4.100348473 0.999346375 0.034934551 -0.009332760 17.831123352
-0.011462766 0.049389027 -0.998713493 -113.056320190 -0.033599228 0.998196244 0.049749114 4.144505978 0.999369979 0.034126252 -0.009782475 17.812570572
-0.012115761 0.053327523 -0.998503208 -114.291870117 -0.032988887 0.998011768 0.053701591 4.191147804 0.999382496 0.033590142 -0.010332273 17.790885925
-0.012645504 0.053261869 -0.998500228 -115.525703430 -0.031530060 0.998062372 0.053637858 4.242504597 0.999423087 0.032161031 -0.010941469 17.770965576
-0.013190169 0.048743706 -0.998723865 -116.757179260 -0.031652428 0.998289943 0.049140591 4.292883873 0.999412239 0.032260191 -0.011624577 17.748180389
-0.013935569 0.044885490 -0.998894572 -117.998626709 -0.031937826 0.998462021 0.045311633 4.340079784 0.999392986 0.032533962 -0.012480413 17.722005844
-0.014797777 0.043368209 -0.998949289 -119.242973328 -0.031083526 0.998555958 0.043811608 4.381044865 0.999407589 0.031699162 -0.013428191 17.699024200
-0.015253254 0.044499688 -0.998892725 -120.500297546 -0.033028129 0.998441458 0.044983942 4.422574997 0.999338388 0.033677697 -0.013759557 17.669311523
-0.015606742 0.049176794 -0.998667955 -121.761047363 -0.037917975 0.998041987 0.049738556 4.465351105 0.999159336 0.038643710 -0.013711321 17.633623123
-0.015895577 0.052344691 -0.998502314 -123.029808044 -0.043252323 0.997657776 0.052988980 4.510233879 0.998938084 0.044029824 -0.013594137 17.599626541
-0.016088480 0.052130405 -0.998510420 -124.291229248 -0.050473917 0.997324109 0.052881744 4.559052467 0.998596132 0.051249508 -0.013414023 17.563564301
-0.016005557 0.050110463 -0.998615146 -125.557060242 -0.053545438 0.997267008 0.050901044 4.604800701 0.998437464 0.054285988 -0.013278445 17.530637741
-0.016501192 0.048897859 -0.998667181 -126.823120117 -0.055812862 0.997200847 0.049748290 4.648033142 0.998305082 0.056559380 -0.013725693 17.498493195
-0.017152479 0.048287638 -0.998685837 -128.087707520 -0.055809364 0.997229517 0.049175758 4.687949181 0.998294413 0.056579508 -0.014409872 17.469417572
-0.017619453 0.047457621 -0.998717546 -129.346542358 -0.053519059 0.997395873 0.048339020 4.725660324 0.998411715 0.054302126 -0.015033502 17.442754745
-0.018313710 0.047956686 -0.998681068 -130.604324341 -0.053245578 0.997384667 0.048870854 4.766775131 0.998413861 0.054070365 -0.015712148 17.419315338
-0.019019827 0.052979738 -0.998413920 -131.871704102 -0.053096801 0.997132123 0.053923216 4.811326027 0.998408556 0.054038204 -0.016152048 17.389986038
-0.019480310 0.057014845 -0.998182714 -133.147155762 -0.051915761 0.996967852 0.057958629 4.859219074 0.998461723 0.052950479 -0.016461095 17.358053207
-0.019471828 0.055580407 -0.998263955 -134.413635254 -0.052454643 0.997021556 0.056534391 4.911195278 0.998433650 0.053464416 -0.016498202 17.329187393
-0.018607045 0.054077160 -0.998363018 -135.675231934 -0.052436952 0.997108936 0.054986540 4.962749004 0.998451114 0.053374253 -0.015717428 17.295806885
-0.017373700 0.053421378 -0.998420537 -136.931732178 -0.051521357 0.997196972 0.054252431 5.010262489 0.998521090 0.052382559 -0.014572477 17.266351700
-0.016319668 0.052730393 -0.998475015 -138.186279297 -0.051761393 0.997224569 0.053510360 5.055719852 0.998526394 0.052555736 -0.013544789 17.236623764
-0.015479289 0.054845545 -0.998374343 -139.440490723 -0.051962860 0.997100830 0.055581231 5.101351738 0.998529255 0.052738756 -0.012584300 17.208534241
-0.014528949 0.058527280 -0.998179615 -140.699111938 -0.052914347 0.996841371 0.059218999 5.149611950 0.998493552 0.053678412 -0.011385941 17.182895660
-0.013073500 0.059530050 -0.998140454 -141.949035645 -0.054302461 0.996710658 0.060156010 5.200164318 0.998439133 0.054987933 -0.009797685 17.157184601
-0.012070941 0.056886263 -0.998307168 -143.194793701 -0.056290239 0.996758461 0.057478614 5.249397278 0.998341680 0.056888781 -0.008829482 17.127351761
-0.011839727 0.053791013 -0.998481512 -144.435363770 -0.054949664 0.997008026 0.054363184 5.298285007 0.998419166 0.055509880 -0.008848315 17.105564117
-0.011750609 0.052162975 -0.998569012 -145.683517456 -0.051898379 0.997260511 0.052705314 5.344193459 0.998583436 0.052443430 -0.009011056 17.087677002
-0.011874943 0.051551200 -0.998599350 -146.927185059 -0.050537270 0.997362792 0.052088320 5.387931824 0.998651803 0.051085029 -0.009238182 17.065649033
-0.011934602 0.051948082 -0.998578012 -148.166839600 -0.047992390 0.997468770 0.052463945 5.429347992 0.998776734 0.048550278 -0.009411090 17.045717239
-0.012204017 0.050399590 -0.998654127 -149.408096313 -0.046067107 0.997640073 0.050911341 5.471446991 0.998863995 0.046626419 -0.009853265 17.029655457
-0.012184211 0.050461903 -0.998651147 -150.648971558 -0.045458898 0.997665226 0.050966673 5.516372681 0.998892128 0.046018559 -0.009861634 17.008724213
-0.012231695 0.052976638 -0.998520374 -151.893493652 -0.043141548 0.997637689 0.053458240 5.563018322 0.998994291 0.043731593 -0.009917119 16.989006042
-0.012379325 0.054282587 -0.998448431 -153.134902954 -0.040757097 0.997668028 0.054745462 5.609261513 0.999092579 0.041371562 -0.010137870 16.970090866
-0.012617658 0.052765876 -0.998526692 -154.367065430 -0.038721386 0.997831762 0.053218398 5.655212879 0.999170721 0.039335825 -0.010546945 16.953376770
-0.013208968 0.052947860 -0.998509467 -155.606842041 -0.040022418 0.997768641 0.053437978 5.702160358 0.999111772 0.040668622 -0.011060207 16.928178787
-0.012849013 0.057542335 -0.998260021 -156.848327637 -0.040959992 0.997474372 0.058024235 5.752514839 0.999078512 0.041634269 -0.010459441 16.898382187
-0.012398475 0.064168967 -0.997861683 -158.085006714 -0.046015289 0.996844709 0.064675286 5.803553104 0.998864114 0.046718765 -0.009406412 16.868228912
-0.011122759 0.064041130 -0.997884989 -159.319152832 -0.050702646 0.996626973 0.064525522 5.861951351 0.998652220 0.051313117 -0.007837999 16.841487885
-0.009607898 0.060268570 -0.998135626 -160.548553467 -0.054478262 0.996667802 0.060704309 5.917974472 0.998469174 0.054959949 -0.006292364 16.813766479
-0.008043229 0.054687168 -0.998470783 -161.770568848 -0.056195755 0.996900499 0.055053838 5.969887257 0.998387873 0.056552641 -0.004944920 16.795940399
-0.007191769 0.053108070 -0.998562515 -162.998626709 -0.058670402 0.996845782 0.053439297 6.015618801 0.998251855 0.058970407 -0.004053019 16.775630951
-0.005955934 0.049981054 -0.998732030 -164.221969604 -0.053346917 0.997311831 0.050228108 6.054876804 0.998558640 0.053578436 -0.003273392 16.766180038
-0.005803338 0.045568243 -0.998943925 -165.443572998 -0.049972128 0.997699738 0.045801777 6.094364643 0.998734176 0.050185163 -0.003512650 16.755613327
-0.006192937 0.042311624 -0.999084890 -166.663131714 -0.043590616 0.998143196 0.042541929 6.127408981 0.999030650 0.043814193 -0.004336853 16.750761032
-0.007275013 0.045214411 -0.998950303 -167.891754150 -0.041312996 0.998110652 0.045477252 6.166595459 0.999120116 0.041600499 -0.005393131 16.742612839
-0.006628617 0.051567871 -0.998647034 -169.127822876 -0.041665811 0.997787893 0.051800046 6.203740597 0.999109924 0.041952815 -0.004465141 16.730287552
-0.005195407 0.054723993 -0.998487473 -170.356140137 -0.043314699 0.997551918 0.054898076 6.247586250 0.999048173 0.043534435 -0.002812137 16.717861176
-0.003431731 0.051339507 -0.998674810 -171.577651978 -0.044230741 0.997696042 0.051441155 6.293228149 0.999015689 0.044348694 -0.001152841 16.708047867
-0.002744805 0.051452320 -0.998671234 -172.796371460 -0.046423253 0.997591913 0.051524293 6.337275505 0.998918414 0.046503026 -0.000349412 16.697307587
-0.001916061 0.052545041 -0.998616278 -174.017593384 -0.044386640 0.997629702 0.052578285 6.375919342 0.999012828 0.044425990 0.000420979 16.690364838
-0.001424800 0.050562050 -0.998719394 -175.223663330 -0.044398099 0.997732639 0.050575420 6.416938782 0.999013245 0.044413332 0.000823490 16.686866760
0.000181357 0.049172886 -0.998789787 -176.399002075 -0.044605564 0.997796297 0.049115874 6.452960014 0.999005020 0.044542704 0.002374545 16.677740097
0.001910150 0.051005185 -0.998696089 -177.560638428 -0.046092901 0.997641087 0.050863151 6.486951828 0.998935699 0.045935668 0.004256826 16.671545029
0.003216355 0.052885514 -0.998594940 -178.691787720 -0.046025310 0.997549891 0.052681919 6.517599583 0.998935461 0.045791220 0.005642753 16.668504715
0.003446275 0.054258235 -0.998520374 -179.786209106 -0.046814535 0.997440696 0.054037966 6.548975945 0.998898029 0.046559069 0.005977735 16.670076370
0.003809273 0.055379629 -0.998457491 -180.867187500 -0.047235794 0.997360528 0.055138562 6.582889557 0.998876870 0.046952929 0.006415326 16.664892197
0.003425296 0.056306422 -0.998407185 -181.904800415 -0.046484906 0.997343004 0.056086909 6.612986565 0.998913467 0.046218783 0.006033799 16.668579102
0.003924327 0.055440705 -0.998453736 -182.914764404 -0.046808492 0.997377515 0.055196945 6.644074440 0.998896480 0.046519544 0.006509337 16.665229797
0.005146796 0.055175211 -0.998463035 -183.890838623 -0.047912601 0.997343421 0.054866344 6.677206039 0.998838603 0.047556605 0.007776919 16.668197632
0.006686727 0.055968877 -0.998409688 -184.841400146 -0.048643202 0.997268677 0.055579100 6.705832005 0.998794138 0.048194241 0.009391177 16.664779663
0.006033760 0.054308362 -0.998505473 -185.785537720 -0.047107738 0.997430980 0.053965218 6.733201981 0.998871803 0.046711765 0.008576810 16.666009903
0.002965449 0.051294111 -0.998678684 -186.719741821 -0.045001321 0.997678518 0.051109083 6.759727478 0.998982728 0.044790342 0.005267074 16.665014267
-0.001453837 0.047486950 -0.998870373 -187.659759521 -0.045168795 0.997849226 0.047504112 6.790513515 0.998978496 0.045186877 0.000694421 16.649198532
-0.006425745 0.044644479 -0.998981833 -188.586349487 -0.046803817 0.997894526 0.044896912 6.813431263 0.998883605 0.047044694 -0.004322485 16.635881424
-0.010114898 0.043700445 -0.998993099 -189.515960693 -0.048915934 0.997826874 0.044144686 6.843106270 0.998751879 0.049313240 -0.007955072 16.611484528
-0.012814587 0.044382300 -0.998932004 -190.444000244 -0.050692331 0.997700989 0.044977874 6.868480682 0.998632312 0.051214609 -0.010535087 16.587610245
-0.014780061 0.046028424 -0.998830438 -191.364639282 -0.049623035 0.997675180 0.046709448 6.895264626 0.998658836 0.050255395 -0.012461433 16.568374634
-0.016256560 0.047519315 -0.998737752 -192.289779663 -0.046723794 0.997742653 0.048232488 6.922566414 0.998775721 0.047448933 -0.013999385 16.550333023
-0.017701127 0.048038587 -0.998688281 -193.200424194 -0.045136042 0.997788429 0.048795290 6.946815491 0.998824179 0.045940589 -0.015493509 16.530818939
-0.018634487 0.046921536 -0.998724401 -194.110000610 -0.045611322 0.997818351 0.047729976 6.973104954 0.998785615 0.046442587 -0.016453482 16.506225586
-0.019308820 0.045785077 -0.998764396 -195.012832642 -0.047320448 0.997789502 0.046655212 6.999714851 0.998693287 0.048162848 -0.017099371 16.478124619
-0.019094689 0.045081101 -0.998800516 -195.924728394 -0.050959818 0.997640550 0.046002965 7.027557373 0.998518229 0.051777132 -0.016752118 16.449707031
-0.018223898 0.043329161 -0.998894274 -196.834884644 -0.053656559 0.997578382 0.044250976 7.053789139 0.998393178 0.054403681 -0.015854683 16.423120499
-0.017179497 0.040649738 -0.999025404 -197.751953125 -0.053861264 0.997684717 0.041521382 7.079113483 0.998400748 0.054522119 -0.014950080 16.399044037
-0.016575310 0.038087580 -0.999136627 -198.671478271 -0.053626999 0.997801840 0.038926341 7.103724003 0.998423636 0.054225933 -0.014496158 16.379604340
-0.015940819 0.037718434 -0.999160886 -199.599044800 -0.053608764 0.997818410 0.038523030 7.127383232 0.998434901 0.054177891 -0.013883810 16.360481262
-0.015323516 0.040385425 -0.999066293 -200.530883789 -0.051069696 0.997848034 0.041119460 7.151941299 0.998577714 0.051652119 -0.013227873 16.343338013
-0.015204873 0.041689508 -0.999014497 -201.471420288 -0.050594568 0.997818291 0.042409606 7.175015450 0.998603702 0.051189560 -0.013062239 16.324829102
-0.014264481 0.037995301 -0.999175668 -202.413131714 -0.045605697 0.998212934 0.038609758 7.198133945 0.998857856 0.046118870 -0.012505986 16.310459137
-0.014175979 0.034578100 -0.999301016 -203.359802246 -0.044074073 0.998408735 0.035172440 7.225986481 0.998927891 0.044541884 -0.012629225 16.294675827
-0.013465671 0.034974366 -0.999297142 -204.317062378 -0.048515126 0.998188019 0.035589285 7.252933502 0.998731852 0.048960268 -0.011744285 16.268074036
-0.011859628 0.039049380 -0.999166608 -205.286041260 -0.049815383 0.997973144 0.039594017 7.274789810 0.998688161 0.050243445 -0.009890129 16.247714996
-0.009875084 0.038327731 -0.999216080 -206.256881714 -0.047293078 0.998128831 0.038753394 7.300895214 0.998832405 0.047638696 -0.008043764 16.234418869
-0.007644629 0.039430492 -0.999192715 -207.234924316 -0.045912854 0.998154461 0.039740767 7.333751202 0.998916388 0.046179593 -0.005819947 16.222436905
-0.005822244 0.044092461 -0.999010146 -208.222732544 -0.046513595 0.997933984 0.044316012 7.364552021 0.998900712 0.046725579 -0.003759108 16.207971573
-0.004422236 0.047644295 -0.998854220 -209.210494995 -0.042957436 0.997933090 0.047790505 7.399186134 0.999067128 0.043119553 -0.002366211 16.200870514
-0.002992801 0.048342865 -0.998825967 -210.221771240 -0.042935859 0.997903287 0.048426826 7.433103561 0.999073386 0.043030389 -0.000910675 16.195833206
-0.001436172 0.048536845 -0.998820007 -211.230331421 -0.045702647 0.997774303 0.048551723 7.471397877 0.998954177 0.045718443 0.000785497 16.193330765
0.001272964 0.050098646 -0.998743117 -212.245666504 -0.048495747 0.997572124 0.049978074 7.510501385 0.998822749 0.048371166 0.003699656 16.190376282
0.004791778 0.050240092 -0.998725355 -213.273742676 -0.049482550 0.997525454 0.049942300 7.547216415 0.998763680 0.049180161 0.007266142 16.188398361
0.007861685 0.047687531 -0.998831093 -214.305267334 -0.052252132 0.997517049 0.047213506 7.583389282 0.998603165 0.051819880 0.010334156 16.188423157
