1.000000000 0.000000000 0.000000000 0.000000000 0.000000000 1.000000000 0.000000000 0.000000000 0.000000000 0.000000000 1.000000000 0.000000000
0.999931157 -0.002813294 0.011390273 0.015185907 0.002800640 0.999995470 0.001126737 -0.005464522 -0.011393392 -0.001094759 0.999934494 0.293673187
0.999825478 -0.004938179 0.018018786 0.027784659 0.004917506 0.999987185 0.001191437 -0.010122092 -0.018024439 -0.001102622 0.999836922 0.588915288
0.999771953 -0.007810348 0.019875765 0.040127847 0.007815168 0.999969423 -0.000164883 -0.012518403 -0.019873871 0.000320178 0.999802470 0.885887623
0.999799311 -0.009403210 0.017688837 0.047120027 0.009432236 0.999954283 -0.001558190 -0.016575886 -0.017673375 0.001724722 0.999842346 1.183254004
0.999872506 -0.011846277 0.010701798 0.053227611 0.011879101 0.999924839 -0.003009052 -0.018450290 -0.010665349 0.003135796 0.999938130 1.499983430
0.999906600 -0.013522838 -0.001947741 0.052955296 0.013513394 0.999897182 -0.004781803 -0.024459776 0.002012203 0.004755035 0.999986649 1.815008402
0.999745548 -0.012658702 -0.018670339 0.037627924 0.012569199 0.999908984 -0.004903378 -0.030410253 0.018730704 0.004667459 0.999813557 2.145370960
0.999229968 -0.007997867 -0.038413595 0.011669211 0.007827740 0.999958932 -0.004577119 -0.038208164 0.038448621 0.004272902 0.999251366 2.480498314
0.998150289 -0.004250442 -0.060646012 0.009320006 0.003959740 0.999980092 -0.004912795 -0.057020221 0.060665678 0.004663565 0.998147249 2.786103010
0.996394515 -0.002370336 -0.084807537 0.025506437 0.002163538 0.999994457 -0.002530263 -0.087524801 0.084813073 0.002337656 0.996394038 3.059047699
0.994357467 -0.003698438 -0.106015816 -0.024220467 0.003535326 0.999992251 -0.001726449 -0.090603478 0.106021374 0.001341907 0.994362831 3.431374788
0.991919756 -0.005155447 -0.126761541 -0.072708666 0.005085955 0.999986768 -0.000871862 -0.093415983 0.126764357 0.000220113 0.991932750 3.811872005
0.989119470 -0.004550224 -0.147043824 -0.116688907 0.004592722 0.999989390 -0.000050489 -0.099675253 0.147042513 -0.000625392 0.989129901 4.207661152
0.985466838 -0.003996297 -0.169820875 -0.124480188 0.004289907 0.999989927 0.001362050 -0.111563742 0.169813722 -0.002070771 0.985473931 4.594228268
0.981206179 -0.003951429 -0.192921802 -0.116589606 0.004377084 0.999988854 0.001780181 -0.123065718 0.192912593 -0.002591159 0.981212437 5.000464439
0.978736699 -0.005389581 -0.205049753 -0.214999557 0.005702253 0.999983370 0.000933976 -0.128356382 0.205041260 -0.002083362 0.978751004 5.431960583
0.976594925 -0.009223248 -0.214889422 -0.315363765 0.009159628 0.999957263 -0.001291870 -0.133777738 0.214892104 -0.000706673 0.976637423 5.876196861
0.974854589 -0.008415067 -0.222683102 -0.431335688 0.007899859 0.999963760 -0.003204323 -0.137653500 0.222701967 0.001364583 0.974885583 6.330691338
0.972815454 -0.008085762 -0.231440604 -0.541959286 0.007185954 0.999962986 -0.004730618 -0.141061634 0.231470302 0.002938896 0.972837448 6.789378166
0.970870376 -0.008801167 -0.239444017 -0.668272614 0.007186288 0.999945164 -0.007616533 -0.146868378 0.239497915 0.005673952 0.970880210 7.271889210
0.968831480 -0.012767414 -0.247391745 -0.796244502 0.010812084 0.999898672 -0.009260750 -0.155205369 0.247484922 0.006297283 0.968871236 7.768888950
0.966747463 -0.019262975 -0.255006403 -0.926989198 0.017125783 0.999797165 -0.010598791 -0.164573014 0.255158871 0.005879168 0.966881096 8.277601242
0.964460433 -0.019888243 -0.263477981 -1.076235175 0.017021010 0.999768496 -0.013160671 -0.175170451 0.263678759 0.008208284 0.964575469 8.796711922
0.962217450 -0.016021851 -0.271810085 -1.244019747 0.011726886 0.999779522 -0.017418412 -0.184519708 0.272029251 0.013572816 0.962193131 9.318881035
0.959846377 -0.013216032 -0.280214757 -1.419309974 0.007803262 0.999760985 -0.020423409 -0.198753655 0.280417591 0.017416744 0.959719956 9.855315208
0.957258523 -0.015903572 -0.288796306 -1.590796590 0.009909843 0.999704361 -0.022204531 -0.214900762 0.289064020 0.018393548 0.957132876 10.410866737
0.954605818 -0.018859638 -0.297274530 -1.767806292 0.012103628 0.999625444 -0.024550963 -0.232455373 0.297626138 0.019838391 0.954476178 10.981010437
0.952086151 -0.018598476 -0.305263996 -1.959729075 0.010856422 0.999575436 -0.027039979 -0.251935899 0.305637240 0.022430310 0.951883614 11.556444168
0.949554682 -0.018025586 -0.313083500 -2.165663242 0.008903692 0.999494016 -0.030541107 -0.274534255 0.313475549 0.026212843 0.949234307 12.141201973
0.947067440 -0.019118167 -0.320465386 -2.378137112 0.008085256 0.999329031 -0.035723209 -0.299597055 0.320933282 0.031241231 0.946586370 12.737362862
0.945133805 -0.020791620 -0.326021433 -2.596390247 0.007015252 0.999034226 -0.043375008 -0.328494012 0.326608449 0.038708054 0.944366693 13.343059540
0.943756461 -0.021588517 -0.329936355 -2.821826458 0.004875214 0.998666406 -0.051399928 -0.362363100 0.330605954 0.046900496 0.942602694 13.955436707
0.942331254 -0.022043562 -0.333955318 -3.054524899 0.002082576 0.998195589 -0.060011923 -0.400773853 0.334675550 0.055855606 0.940676451 14.584224701
0.940857887 -0.021674210 -0.338108033 -3.297206640 -0.001775608 0.997622490 -0.068892978 -0.445514679 0.338797361 0.065418825 0.938582122 15.221990585
0.939357162 -0.021426195 -0.342270881 -3.543497324 -0.004931666 0.997099221 -0.075953402 -0.494542003 0.342905343 0.073035300 0.936526239 15.867746353
0.937667608 -0.019643757 -0.346978873 -3.800220013 -0.009635402 0.996548057 -0.082456760 -0.553423107 0.347400814 0.080660269 0.934240937 16.511943817
0.935940504 -0.018735791 -0.351660371 -4.064804554 -0.013210390 0.996012926 -0.088224977 -0.616138995 0.351911217 0.087218858 0.931960762 17.173326492
0.934183896 -0.016948702 -0.356390148 -4.335803509 -0.017665563 0.995448828 -0.093645856 -0.682659745 0.356355250 0.093778200 0.929632246 17.840265274
0.932376206 -0.014551969 -0.361196876 -4.617171288 -0.021943578 0.995068371 -0.096733600 -0.753230333 0.360823184 0.098118030 0.927458346 18.521715164
0.930443048 -0.013468199 -0.366189688 -4.906655788 -0.024181169 0.994889379 -0.098032735 -0.827904105 0.365638375 0.100068703 0.925361633 19.215967178
0.928061426 -0.013129825 -0.372196287 -5.200214386 -0.024873534 0.994961798 -0.097120382 -0.906569719 0.371596217 0.099391453 0.923058569 19.920852661
0.925583601 -0.012718362 -0.378330559 -5.504804611 -0.025466098 0.995079219 -0.095754296 -0.982695341 0.377686650 0.098263130 0.920704365 20.637067795
0.922851086 -0.012900855 -0.384941578 -5.818311691 -0.025328450 0.995242834 -0.094076283 -1.058888435 0.384323895 0.096568316 0.918133557 21.356271744
0.919431090 -0.012076044 -0.393066674 -6.141886234 -0.025874626 0.995504797 -0.091108434 -1.134631276 0.392399937 0.093938299 0.914984822 22.088159561
0.915980279 -0.009875614 -0.401102394 -6.479620934 -0.026697192 0.995981395 -0.085489452 -1.209336877 0.400334746 0.089014918 0.912034988 22.820922852
0.912309766 -0.005958679 -0.409458280 -6.829510212 -0.029619208 0.996315122 -0.080493182 -1.283484936 0.408429027 0.085562482 0.908770621 23.555244446
0.908491015 -0.002167213 -0.417898983 -7.190644741 -0.032799084 0.996532202 -0.076471530 -1.356378317 0.416615516 0.083180346 0.905268967 24.302263260
0.904460132 -0.001211188 -0.426557064 -7.557657242 -0.033956904 0.996618032 -0.074831143 -1.423437834 0.425204933 0.082166307 0.901359320 25.048812866
0.900199175 -0.001212577 -0.435477346 -7.935443878 -0.034673363 0.996621907 -0.074450269 -1.488958001 0.434096426 0.082119472 0.897115290 25.806575775
0.896021187 -0.001010721 -0.444010705 -8.317958832 -0.035232969 0.996682286 -0.073369525 -1.553019047 0.442611665 0.081384391 0.893012106 26.565107346
0.891896844 -0.000031200 -0.452239603 -8.718575478 -0.036353834 0.996758878 -0.071764983 -1.619409323 0.450775892 0.080447532 0.889004230 27.330095291
0.887834907 -0.001091986 -0.460161358 -9.126265526 -0.034829848 0.996969104 -0.069566548 -1.685956717 0.458842516 0.077790886 0.885105193 28.108421326
0.883769453 -0.000608389 -0.467922747 -9.549327850 -0.034000810 0.997272193 -0.065514252 -1.749772549 0.466686130 0.073809177 0.881337166 28.893526077
0.879919112 0.001596229 -0.475121409 -9.986255646 -0.034073990 0.997631490 -0.059752971 -1.813930035 0.473900586 0.068766981 0.877888620 29.688037872
0.875956655 0.001960441 -0.482386440 -10.442694664 -0.032939311 0.997900844 -0.055758394 -1.873698235 0.481264323 0.064731345 0.874181628 30.492292404
0.872092187 0.001244268 -0.489340693 -10.901731491 -0.031675320 0.998043120 -0.053913295 -1.932985067 0.488315970 0.062517308 0.870424032 31.292881012
0.868687034 0.000524095 -0.495361865 -11.374099731 -0.030868744 0.998113275 -0.053076711 -1.985499859 0.494399220 0.061398167 0.867063224 32.102436066
0.865412414 0.000726435 -0.501060545 -11.854368210 -0.030618981 0.998206913 -0.051436737 -2.037861586 0.500124454 0.059855875 0.863881886 32.912811279
0.862180829 -0.000588117 -0.506600916 -12.352127075 -0.028863119 0.998318136 -0.050280932 -2.092018127 0.505778074 0.057973269 0.860712886 33.748836517
0.859147012 -0.002219107 -0.511724651 -12.845672607 -0.027277680 0.998370469 -0.050126627 -2.148632765 0.511001706 0.057024732 0.857685447 34.589843750
0.857164502 -0.003461415 -0.515031755 -13.382844925 -0.026511902 0.998355389 -0.050833352 -2.199212074 0.514360368 0.057226934 0.855662048 35.439956665
0.855766296 -0.002797073 -0.517355680 -13.895923615 -0.027730927 0.998300076 -0.051267460 -2.254377842 0.516619205 0.058219641 0.854233027 36.274055481
0.855369449 -0.002526465 -0.518012822 -14.437927246 -0.027582085 0.998347700 -0.050414141 -2.310094833 0.517283678 0.057410523 0.853885531 37.140769958
0.855085790 -0.002094651 -0.518482804 -14.971665382 -0.027160702 0.998438060 -0.048827320 -2.367422342 0.517774642 0.055833839 0.853692472 38.017868042
0.854814231 -0.003383642 -0.518923700 -15.516122818 -0.025429916 0.998504400 -0.048401043 -2.424407721 0.518310785 0.054570019 0.853448749 38.900917053
0.854212224 -0.005527625 -0.519895494 -16.067226410 -0.023557859 0.998505175 -0.049322966 -2.480314493 0.519390464 0.054379847 0.852804244 39.795040131
0.853052258 -0.007917825 -0.521765947 -16.625541687 -0.021206524 0.998532951 -0.049824055 -2.538109303 0.521394491 0.053567309 0.851631939 40.700244904
0.851386130 -0.008440036 -0.524471998 -17.195398331 -0.019620050 0.998658478 -0.047920521 -2.597100735 0.524172425 0.051088970 0.850077510 41.617965698
0.849196911 -0.007850584 -0.528018594 -17.772195816 -0.018257722 0.998855352 -0.044214372 -2.656562805 0.527760923 0.047187060 0.848080456 42.536754608
0.846272528 -0.007922020 -0.532691777 -18.352926254 -0.016061755 0.999055684 -0.040374517 -2.713187695 0.532508075 0.042723749 0.845345140 43.449409485
0.842080653 -0.008082612 -0.539291680 -18.936685562 -0.015010585 0.999149263 -0.038413130 -2.770752668 0.539142847 0.040441964 0.841241956 44.348873138
0.836532414 -0.011674510 -0.547793806 -19.523353577 -0.012723050 0.999089658 -0.040721789 -2.826965332 0.547770083 0.041034624 0.835621178 45.237609863
0.830085576 -0.015404802 -0.557424009 -20.121849060 -0.011040982 0.998968422 -0.044048857 -2.883157730 0.557527065 0.042718749 0.829058051 46.124057770
0.823730469 -0.015725013 -0.566763997 -20.742029190 -0.010804317 0.998998463 -0.043420419 -2.938957691 0.566878736 0.041890144 0.822734594 47.009414673
0.817658067 -0.012354229 -0.575572193 -21.371910095 -0.011849727 0.999196649 -0.038280774 -2.995352030 0.575582445 0.038120881 0.816853881 47.890838623
0.812301457 -0.007525439 -0.583189845 -22.007900238 -0.015042153 0.999313831 -0.033846710 -3.050337315 0.583043814 0.036266107 0.811629891 48.758613586
0.808103800 -0.007774510 -0.588989437 -22.650470734 -0.016204935 0.999241054 -0.035423201 -3.100691795 0.588817358 0.038170092 0.807363451 49.621520996
0.804608524 -0.010043537 -0.593721390 -23.296035767 -0.016764099 0.999074221 -0.039619241 -3.154296637 0.593568981 0.041831121 0.803694308 50.475383759
0.801466703 -0.012452601 -0.597910225 -23.945981979 -0.019291993 0.998724520 -0.046660215 -3.211253643 0.597728193 0.048931424 0.800203323 51.325885773
0.798180699 -0.013597894 -0.602265179 -24.599327087 -0.019397177 0.998646736 -0.048254423 -3.268976450 0.602105737 0.050197914 0.796836019 52.165065765
0.794737577 -0.011793992 -0.606839180 -25.261825562 -0.019015590 0.998836577 -0.044316005 -3.329555988 0.606655240 0.046758927 0.793587863 53.015796661
0.791650593 -0.009057836 -0.610907555 -25.929943085 -0.018915383 0.999047458 -0.039324444 -3.385796070 0.610681057 0.042686712 0.790724277 53.858837128
0.788576365 -0.007094959 -0.614896536 -26.603603363 -0.019458879 0.999144852 -0.036483731 -3.438034534 0.614628732 0.040735349 0.787763000 54.702823639
0.785492659 -0.006766230 -0.618834317 -27.277778625 -0.020538194 0.999104440 -0.036993414 -3.490203857 0.618529797 0.041767735 0.784649551 55.538967133
0.781887829 -0.007968812 -0.623368561 -27.957817078 -0.020711100 0.999034405 -0.038748972 -3.542845964 0.623074770 0.043207940 0.780966938 56.374458313
0.777793467 -0.010688576 -0.628429294 -28.641983032 -0.019744555 0.998946369 -0.041427910 -3.596796513 0.628209412 0.044630352 0.776762187 57.210025787
0.773549676 -0.011751596 -0.633627057 -29.341220856 -0.019093312 0.998941958 -0.041836597 -3.652232170 0.633447647 0.044460665 0.772506118 58.044361115
0.769056261 -0.011773428 -0.639072955 -30.042774200 -0.018800272 0.998980939 -0.041028060 -3.709612131 0.638904274 0.043567572 0.768050551 58.868659973
0.764078259 -0.011299692 -0.645024776 -30.753189087 -0.019281931 0.998999774 -0.040341578 -3.766838551 0.644834816 0.043261386 0.763095617 59.692882538
0.758693039 -0.012439078 -0.651329637 -31.461755753 -0.019311110 0.998948753 -0.041572209 -3.823727608 0.651161611 0.044118389 0.757654727 60.504524231
0.753373682 -0.013712855 -0.657449782 -32.186687469 -0.018994309 0.998911440 -0.042600609 -3.880583286 0.657317698 0.044581931 0.752292693 61.314483643
0.747718453 -0.014766022 -0.663851917 -32.918270111 -0.018893363 0.998874664 -0.043498166 -3.940071821 0.663746536 0.045066722 0.746597469 62.124794006
0.742097080 -0.016071200 -0.670100033 -33.661926270 -0.018789701 0.998820722 -0.044763550 -3.998450756 0.670028508 0.045809817 0.740919411 62.930984497
0.735843658 -0.018107284 -0.676909447 -34.442943573 -0.017477572 0.998801351 -0.045717143 -4.060764313 0.676925302 0.045471340 0.734644711 63.777641296
0.729762852 -0.019448347 -0.683423936 -35.222698212 -0.016183149 0.998823822 -0.045704227 -4.125437737 0.683508337 0.044413138 0.728589237 64.599441528
0.723382831 -0.019200461 -0.690180302 -36.031967163 -0.015395592 0.998916090 -0.043925602 -4.190393448 0.690274894 0.042400703 0.722302735 65.425735474
0.716752172 -0.019673448 -0.697050631 -36.820198059 -0.014667643 0.998955369 -0.043276597 -4.251418591 0.697173297 0.041242633 0.715714216 66.227493286
0.710319102 -0.021449586 -0.703553140 -37.611953735 -0.013390580 0.998942792 -0.043974683 -4.315994740 0.703751743 0.040656984 0.709280550 67.011795044
0.703735530 -0.023307715 -0.710079789 -38.404857635 -0.013207909 0.998859644 -0.045876585 -4.375011444 0.710338652 0.041663598 0.702624798 67.788955688
0.697624505 -0.023216834 -0.716087461 -39.211669922 -0.013311989 0.998882174 -0.045354351 -4.444292068 0.716339350 0.041172780 0.696535289 68.561271667
0.692004085 -0.022875788 -0.721531153 -40.042419434 -0.013502429 0.998912632 -0.044619936 -4.506011009 0.721766770 0.040619545 0.690942407 69.349845886
0.687352836 -0.022342950 -0.725980103 -40.881885529 -0.014468743 0.998907030 -0.044441570 -4.569983006 0.726179004 0.041050993 0.686278045 70.121261597
0.682457507 -0.023369292 -0.730551779 -41.731330872 -0.014499708 0.998859048 -0.045497246 -4.632678032 0.730780840 0.041642658 0.681339681 70.900146484
0.677155674 -0.025140721 -0.735410511 -42.580696106 -0.015253495 0.998721659 -0.048187513 -4.698949814 0.735681176 0.043847967 0.675906122 71.669746399
0.671997607 -0.027732519 -0.740034163 -43.446556091 -0.014771273 0.998597562 -0.050835375 -4.764358521 0.740405500 0.045092430 0.670645177 72.445983887
0.666970730 -0.028595870 -0.744535148 -44.322879791 -0.014575659 0.998571098 -0.051410031 -4.836234570 0.744940817 0.045141019 0.665600598 73.221275330
0.662211299 -0.028287461 -0.748783112 -45.211532593 -0.013932108 0.998649478 -0.050048240 -4.906177521 0.749187231 0.043574579 0.660922408 73.990478516
0.657103062 -0.028114080 -0.753276587 -46.116523743 -0.013523981 0.998703539 -0.049071364 -4.978909492 0.753679156 0.042432178 0.655870378 74.763984680
0.652025580 -0.029262027 -0.757632375 -47.018013000 -0.012835087 0.998685598 -0.049618259 -5.048297882 0.758087993 0.042076580 0.650792480 75.525436401
0.647078335 -0.030353131 -0.761819184 -47.915550232 -0.011836723 0.998686671 -0.049844608 -5.117948532 0.762331128 0.041270752 0.645868897 76.279243469
0.642545700 -0.031107800 -0.765615761 -48.831108093 -0.010841765 0.998706281 -0.049677536 -5.187697411 0.766170204 0.040220648 0.641376674 77.037811279
0.638454735 -0.032124199 -0.768988848 -49.745021820 -0.009356337 0.998730659 -0.049489725 -5.259449005 0.769602060 0.038791802 0.637343228 77.789985657
0.634439886 -0.035069760 -0.772176385 -50.668754578 -0.006606074 0.998687685 -0.050784916 -5.330830097 0.772943556 0.037320971 0.633375108 78.543266296
0.629985988 -0.039884623 -0.775581837 -51.595474243 -0.003257802 0.998535812 -0.053996366 -5.404909134 0.776599348 0.036543574 0.628933012 79.297790527
0.625082254 -0.044026483 -0.779316485 -52.532302856 0.001009561 0.998452723 -0.055596560 -5.478657722 0.780557990 0.033965576 0.624158919 80.044532776
0.618234098 -0.047548715 -0.784554541 -53.476566315 0.006083284 0.998427987 -0.055717073 -5.556929588 0.785970211 0.029673452 0.617550910 80.792724609
0.609741032 -0.051338661 -0.790936410 -54.433708191 0.010934653 0.998349965 -0.056371983 -5.635143757 0.792524934 0.025723625 0.609295666 81.532188416
0.600383401 -0.052466266 -0.797989607 -55.408462524 0.013812114 0.998376966 -0.055249553 -5.708764553 0.799592614 0.022148920 0.600133061 82.270774841
0.591423035 -0.050970756 -0.804749250 -56.401870728 0.014283134 0.998505771 -0.052745927 -5.787440300 0.806234658 0.019700741 0.591266692 82.995689392
0.582289636 -0.050818726 -0.811391771 -57.400993347 0.013810466 0.998518705 -0.052627817 -5.865174294 0.812863767 0.019438857 0.582128286 83.704948425
0.572611570 -0.052349623 -0.818154037 -58.415431976 0.013069625 0.998415291 -0.054736473 -5.938011646 0.819722295 0.020649692 0.572387695 84.409652710
0.562389672 -0.054681454 -0.825062513 -59.446151733 0.013681444 0.998289764 -0.056836478 -6.015256882 0.826758802 0.020676132 0.562175333 85.112655640
0.552438438 -0.056581240 -0.831631303 -60.490753174 0.014246433 0.998188734 -0.058449570 -6.092423916 0.833431602 0.020441934 0.552243173 85.802444458
0.542117834 -0.057305142 -0.838346422 -61.534934998 0.017170059 0.998219013 -0.057130203 -6.175934315 0.840126634 0.016576765 0.542135656 86.481063843
0.531777382 -0.057363532 -0.844939470 -62.593746185 0.018444067 0.998251140 -0.056163896 -6.260641098 0.846682966 0.014282493 0.531904697 87.140548706
0.521616757 -0.057973526 -0.851208150 -63.665000916 0.018536145 0.998223305 -0.056627471 -6.344663620 0.852977991 0.013759645 0.521764040 87.783325195
0.511476934 -0.058947921 -0.857272923 -64.749923706 0.017779119 0.998156726 -0.058027793 -6.428478241 0.859112680 0.014438245 0.511581540 88.417861938
0.501487374 -0.059423458 -0.863121986 -65.840637207 0.016205816 0.998108745 -0.059301063 -6.512756348 0.865012527 0.015751071 0.501501322 89.040191650
0.491675317 -0.060635090 -0.868665218 -66.943405151 0.015289418 0.998020113 -0.061010405 -6.600249290 0.870643795 0.016715853 0.491628349 89.652725220
0.481982142 -0.060511492 -0.874089122 -68.050704956 0.014133996 0.998019636 -0.061297309 -6.686346054 0.876066566 0.017189760 0.481882185 90.257080078
0.473445296 -0.058496293 -0.878878951 -69.182159424 0.013252620 0.998152494 -0.059295818 -6.774218082 0.880723000 0.016425803 0.473345250 90.851989746
0.465399772 -0.057045508 -0.883260608 -70.308227539 0.014033486 0.998271048 -0.057079092 -6.859774113 0.884988785 0.014169302 0.465395093 91.440551758
0.457819432 -0.057469007 -0.887185991 -71.443771362 0.014292193 0.998255372 -0.057288453 -6.946003914 0.888929844 0.013547864 0.457841516 92.018905640
0.450223476 -0.060540989 -0.890861332 -72.579421997 0.015920797 0.998084664 -0.059781596 -7.032892227 0.892773509 0.012731789 0.450324416 92.589752197
0.443631649 -0.064117409 -0.893912971 -73.717826843 0.018329294 0.997878194 -0.062478039 -7.120082855 0.896021307 0.011332362 0.443864882 93.144531250
0.437612265 -0.067015156 -0.896663249 -74.864242554 0.019308744 0.997689486 -0.065142155 -7.212367058 0.898955882 0.011193490 0.437894404 93.697891235
0.432068229 -0.070720293 -0.899064064 -76.014472961 0.021380082 0.997443914 -0.068184093 -7.310867310 0.901586831 0.010238050 0.432475120 94.251724243
0.426823854 -0.071712479 -0.901487231 -77.174789429 0.025096197 0.997406602 -0.067460582 -7.421060562 0.903985977 0.006169818 0.427515864 94.815826416
0.422377169 -0.069113918 -0.903781712 -78.337280273 0.027224243 0.997606456 -0.063565813 -7.525956631 0.906010747 0.002243918 0.423247069 95.365203857
0.418078393 -0.067296460 -0.905915082 -79.495201111 0.031057548 0.997728407 -0.059783857 -7.626885891 0.907879353 -0.003141218 0.419217944 95.917724609
0.414659500 -0.066663802 -0.907531738 -80.659538269 0.032756791 0.997760355 -0.058324784 -7.722188950 0.909386337 -0.005542955 0.415913701 96.447387695
0.411438137 -0.066840343 -0.908983767 -81.815948486 0.035663467 0.997724414 -0.057223186 -7.817631721 0.910739124 -0.008873754 0.412884951 96.984497070
0.409038723 -0.066147141 -0.910116673 -82.962722778 0.037541356 0.997744858 -0.055643540 -7.904839516 0.911743820 -0.011406696 0.410598814 97.496002197
0.406694859 -0.065235868 -0.911232173 -84.106910706 0.039159913 0.997775435 -0.053954005 -7.993271351 0.912723660 -0.013741001 0.408344030 98.004608154
0.404631793 -0.066462167 -0.912061632 -85.227058411 0.041259062 0.997666836 -0.054395854 -8.077901840 0.913547754 -0.015620559 0.406429112 98.492507935
0.402702570 -0.066994213 -0.912876189 -86.343917847 0.043287478 0.997596085 -0.054115973 -8.161846161 0.914306045 -0.017723504 0.404633820 98.979034424
0.404817820 -0.070200443 -0.911698937 -87.478713989 0.043502919 0.997398376 -0.057482850 -8.227900505 0.913361371 -0.016391525 0.406817824 99.351882935
0.402978510 -0.069554791 -0.912562907 -88.586181641 0.045028664 0.997407198 -0.056137376 -8.316192627 0.914100289 -0.018469376 0.405064940 99.835235596
0.401777297 -0.071182147 -0.912966907 -89.699417114 0.047046565 0.997262359 -0.057050310 -8.398968697 0.914527416 -0.020030474 0.404025555 100.314941406
0.400784582 -0.072703585 -0.913283288 -90.789375305 0.048423935 0.997134149 -0.058128372 -8.485088348 0.914890885 -0.020927859 0.403155923 100.789047241
0.400448918 -0.073868044 -0.913337111 -91.862983704 0.048118025 0.997065544 -0.059542622 -8.575072289 0.915054083 -0.020104246 0.402827442 101.255508423
0.400756121 -0.074544556 -0.913147390 -92.926429749 0.047676116 0.997030973 -0.060468614 -8.666424751 0.914942682 -0.019302197 0.403119653 101.719772339
0.403218687 -0.074439779 -0.912071228 -93.974662781 0.045533039 0.997083604 -0.061248392 -8.754087448 0.913969398 -0.016832933 0.405431509 102.174072266
0.407457769 -0.074674420 -0.910166204 -95.022987366 0.043712378 0.997103810 -0.062238302 -8.844522476 0.912176490 -0.014426100 0.409541160 102.636528015
0.412752301 -0.075124793 -0.907740355 -96.038818359 0.042395640 0.997097313 -0.063242599 -8.934020996 0.909855366 -0.012380756 0.414738625 103.089645386
0.418591589 -0.075214691 -0.905055046 -97.066642761 0.042022441 0.997101307 -0.063428685 -9.022083282 0.907201111 -0.011481957 0.420538247 103.559822083
0.425401568 -0.073911257 -0.901982009 -98.072662354 0.041035306 0.997209847 -0.062361076 -9.111085892 0.904073119 -0.010484665 0.427246869 104.032951355
0.433736861 -0.072604895 -0.898110092 -99.085662842 0.039813809 0.997319102 -0.061397325 -9.197564125 0.900158703 -0.009126967 0.435463995 104.511260986
0.442570686 -0.072214864 -0.893821478 -100.076118469 0.039725080 0.997352600 -0.060909830 -9.280926704 0.895852506 -0.008550281 0.444267035 104.995643616
0.452080280 -0.071868494 -0.889077604 -101.064346313 0.039290339 0.997385919 -0.060645133 -9.364607811 0.891110837 -0.007515749 0.453721553 105.493331909
0.461848885 -0.072719269 -0.883972943 -102.038070679 0.038805492 0.997335911 -0.061770301 -9.450920105 0.886108637 -0.005774523 0.463439673 105.999168396
0.472295642 -0.074122459 -0.878318489 -103.010017395 0.037097406 0.997246683 -0.064210691 -9.534835815 0.880658507 -0.002256969 0.473744303 106.515182495
0.484048605 -0.075020462 -0.871819675 -103.967643738 0.035396241 0.997181356 -0.066155322 -9.616737366 0.874324203 0.001163183 0.485339016 107.027572632
0.496588498 -0.073180005 -0.864896059 -104.902763367 0.033337533 0.997312546 -0.065242842 -9.703248024 0.867344916 0.003565283 0.497692913 107.552719116
0.509617984 -0.070534490 -0.857505143 -105.810333252 0.031873766 0.997497797 -0.063106954 -9.785327911 0.859809577 0.004828458 0.510590315 108.077438354
0.522274673 -0.068085164 -0.850055456 -106.731224060 0.031443279 0.997667432 -0.060589366 -9.869282722 0.852196813 0.004915689 0.523196518 108.630180359
0.534766674 -0.067148000 -0.842327893 -107.645401001 0.031394653 0.997728407 -0.059604630 -9.949743271 0.844415724 0.005429900 0.535659194 109.187553406
0.546268523 -0.068301074 -0.834821105 -108.552001953 0.032447599 0.997647464 -0.060390517 -10.020298958 0.836980700 0.005901424 0.547198832 109.773262024
0.557649791 -0.069620080 -0.827152014 -109.449317932 0.033526070 0.997552514 -0.061359823 -10.091894150 0.829398394 0.006486059 0.558618188 110.367622375
0.568821669 -0.071518160 -0.819345951 -110.318710327 0.036068391 0.997422874 -0.062021889 -10.170816422 0.821668983 0.005726827 0.569934487 110.965240479
0.579219639 -0.071946613 -0.811990619 -111.137374878 0.037112273 0.997392118 -0.061900765 -10.245942116 0.814325690 0.005719250 0.580378473 111.569511414
0.590159237 -0.070214242 -0.804227769 -111.983627319 0.036972158 0.997516036 -0.059958596 -10.319087029 0.806439161 0.005651015 0.591288567 112.176856995
0.600236535 -0.068069428 -0.796921074 -112.817779541 0.037974272 0.997673810 -0.056614809 -10.391536713 0.798920095 0.003719709 0.601424277 112.800315857
0.610452294 -0.066517249 -0.789255202 -113.627548218 0.036758300 0.997772992 -0.055659954 -10.461564064 0.791199088 0.004966002 0.611537099 113.420761108
0.620861411 -0.066303305 -0.781111538 -114.415962219 0.034790352 0.997765660 -0.057040714 -10.523776054 0.783147275 0.008239162 0.621780097 114.027786255
0.630585372 -0.065885395 -0.773318470 -115.198684692 0.033066716 0.997766376 -0.058044426 -10.598930359 0.775414526 0.011030787 0.631354749 114.655906677
0.639895141 -0.065780729 -0.765641928 -115.958290100 0.033092149 0.997764111 -0.058066521 -10.662823677 0.767748833 0.011819663 0.640640438 115.284217834
0.649163365 -0.063785918 -0.757970095 -116.711982727 0.032942634 0.997900486 -0.055763215 -10.735774994 0.759934783 0.011229826 0.649900913 115.926734924
0.657960057 -0.062124569 -0.750486255 -117.450599670 0.033228941 0.998015761 -0.053482663 -10.804662704 0.752318859 0.010251512 0.658718050 116.572578430
0.666200519 -0.061726794 -0.743214071 -118.171585083 0.033800945 0.998043776 -0.052593011 -10.872337341 0.745005727 0.009916070 0.666982949 117.217445374
0.674204767 -0.061012913 -0.736020565 -118.880256653 0.032812145 0.998072267 -0.052679554 -10.938524246 0.737814903 0.011366307 0.674906075 117.857528687
0.681769788 -0.060178690 -0.729088008 -119.581817627 0.032338817 0.998115897 -0.052144196 -11.002157211 0.730851352 0.011972409 0.682430327 118.508552551
0.689158320 -0.057394091 -0.722334862 -120.265151978 0.031498153 0.998288751 -0.049268991 -11.065160751 0.723925650 0.011201835 0.689785898 119.154045105
0.696758747 -0.054563507 -0.715227902 -120.939033508 0.030479258 0.998454154 -0.046478216 -11.127511024 0.716657519 0.010584397 0.697343767 119.803764343
0.704270303 -0.052971009 -0.707953572 -121.597412109 0.029520666 0.998535037 -0.045346092 -11.188364029 0.709317684 0.011036562 0.704801381 120.449638367
0.711989343 -0.052156225 -0.700251222 -122.237823486 0.028947767 0.998570025 -0.044942707 -11.245263100 0.701593101 0.011727937 0.712480128 121.095001221
0.720127046 -0.049378227 -0.692083597 -122.863288879 0.026498269 0.998694003 -0.043682098 -11.299621582 0.693335831 0.013117564 0.720494151 121.735923767
0.729305148 -0.046596516 -0.682600498 -123.476936340 0.025779912 0.998841226 -0.040640369 -11.352258682 0.683702528 0.012041773 0.729660392 122.384521484
0.738934159 -0.042760450 -0.672420144 -124.069671631 0.023973595 0.999020815 -0.037184659 -11.402154922 0.673350871 0.011356606 0.739234805 123.031425476
0.749179602 -0.040696613 -0.661116242 -124.649383545 0.022310281 0.999094844 -0.036219671 -11.451089859 0.661990881 0.012385270 0.749408424 123.682037354
0.759232759 -0.039896145 -0.649595976 -125.207984924 0.020884238 0.999098778 -0.036952563 -11.495824814 0.650484025 0.014489191 0.759380579 124.335182190
0.769287527 -0.041067172 -0.637582421 -125.755737305 0.021178225 0.999022722 -0.038794905 -11.540777206 0.638551593 0.016341478 0.769404352 124.993652344
0.779353917 -0.040136106 -0.625297785 -126.288360596 0.020829434 0.999054313 -0.038165327 -11.585166931 0.626237690 0.016719613 0.779451728 125.659187317
0.789764822 -0.038449857 -0.612204313 -126.813087463 0.020455372 0.999129295 -0.036362845 -11.630285263 0.613068819 0.016195137 0.789862394 126.332305908
0.799993873 -0.036078110 -0.598922968 -127.322128296 0.020175865 0.999243617 -0.033243485 -11.672563553 0.599668920 0.014510710 0.800115645 127.012931824
0.809798777 -0.034687757 -0.585681915 -127.820091248 0.020571688 0.999315560 -0.030742163 -11.713305473 0.586347044 0.012846415 0.809957027 127.701881409
0.819001496 -0.033265926 -0.572827220 -128.306213379 0.021232679 0.999391317 -0.027680483 -11.752229691 0.573398709 0.010507614 0.819207966 128.400070190
0.827256382 -0.032412652 -0.560889661 -128.782485962 0.021842921 0.999435246 -0.025539242 -11.787614822 0.561400115 0.008875953 0.827495754 129.104843140
0.834569573 -0.032837115 -0.549924195 -129.244613647 0.023557896 0.999436140 -0.023926856 -11.822134018 0.550399184 0.007013491 0.834871113 129.811889648
0.841349542 -0.032634042 -0.539506316 -129.703811646 0.023770588 0.999444067 -0.023385407 -11.855402946 0.539968908 0.006850841 0.841656029 130.528610229
0.848273456 -0.031780474 -0.528604805 -130.155776978 0.022976687 0.999466538 -0.023217818 -11.887349129 0.529060125 0.007549395 0.848549664 131.249374390
0.855150223 -0.029784324 -0.517524898 -130.602828979 0.021413140 0.999525666 -0.022141524 -11.918431282 0.517938375 0.007852417 0.855380952 131.978271484
0.861581147 -0.028814482 -0.506802320 -131.037094116 0.020799940 0.999553263 -0.021469554 -11.950489044 0.507193863 0.007956227 0.861794174 132.711471558
0.867530167 -0.029335072 -0.496519625 -131.465698242 0.021584235 0.999539256 -0.021341825 -11.981842041 0.496916294 0.007797605 0.867762268 133.459793091
0.872814536 -0.030624814 -0.487091124 -131.888702393 0.022691844 0.999496460 -0.022179980 -12.012480736 0.487524629 0.008305933 0.873068631 134.213546753
0.877300441 -0.031079635 -0.478935063 -132.307556152 0.023104962 0.999479055 -0.022536462 -12.042209625 0.479385406 0.008705394 0.877560198 134.976928711
0.880932570 -0.030264232 -0.472274035 -132.727066040 0.022702653 0.999506652 -0.021703165 -12.071607590 0.472697377 0.008397074 0.881183624 135.750274658
0.884144604 -0.028590564 -0.466338634 -133.143127441 0.022684624 0.999575675 -0.018274246 -12.098227501 0.466662675 0.005578289 0.884416580 136.539230347
0.887390494 -0.024508229 -0.460367858 -133.562210083 0.020389402 0.999695241 -0.013918102 -12.123389244 0.460568249 0.002964098 0.887618124 137.340148926
0.890833676 -0.021847695 -0.453805119 -133.980850220 0.018835142 0.999760270 -0.011157945 -12.145171165 0.453939736 0.001392325 0.891030073 138.152008057
0.894169211 -0.019148583 -0.447320759 -134.397460938 0.016955337 0.999816716 -0.008906766 -12.162814140 0.447408855 0.000379624 0.894328237 138.977188110
0.897566378 -0.017521301 -0.440532178 -134.815261841 0.016222708 0.999845862 -0.006713911 -12.177961349 0.440581441 -0.001120501 0.897710800 139.817962646
0.900996983 -0.016344074 -0.433518708 -135.229461670 0.016220281 0.999860525 -0.003984641 -12.189225197 0.433522940 -0.003441701 0.901134729 140.672668457
0.904471040 -0.016382545 -0.426221788 -135.641830444 0.017172676 0.999850571 -0.001989470 -12.201716423 0.426190346 -0.005520002 0.904615462 141.544509888
0.908060312 -0.016613016 -0.418511093 -136.049774170 0.017865889 0.999839902 -0.000924935 -12.212963104 0.418459117 -0.006637225 0.908210158 142.430511475
0.911803484 -0.017436983 -0.410257846 -136.454208374 0.018719036 0.999824405 -0.000891839 -12.221656799 0.410201013 -0.006866497 0.911967993 143.328506470
0.915773690 -0.019974163 -0.401199251 -136.855667114 0.021200813 0.999774277 -0.001382235 -12.231366158 0.401135892 -0.007239981 0.915988803 144.244430542
0.919826627 -0.021519855 -0.391735882 -137.252304077 0.022323029 0.999747694 -0.002504624 -12.242724419 0.391690493 -0.006440961 0.920073330 145.179519653
0.924446404 -0.022689929 -0.380637735 -137.643493652 0.022707986 0.999732196 -0.004444061 -12.256076813 0.380636305 -0.004535274 0.924712420 146.124618530
0.929823875 -0.020948965 -0.367409527 -138.028884888 0.020528607 0.999776483 -0.005052481 -12.268469810 0.367432922 -0.002844548 0.930044472 147.088256836
0.936084807 -0.017395664 -0.351345956 -138.404327393 0.017195955 0.999845266 -0.003689080 -12.280406952 0.351355433 -0.002588494 0.936237395 148.070846558
0.942823112 -0.013765714 -0.333011150 -138.767089844 0.014425988 0.999895871 -0.000489965 -12.293322563 0.332982898 -0.004342117 0.942921698 149.077728271
0.949628413 -0.010490633 -0.313204557 -139.112014771 0.011519599 0.999932468 0.001434762 -12.304331779 0.313168108 -0.004970532 0.949683547 150.097518921
0.956293046 -0.008905520 -0.292276621 -139.435501099 0.010075818 0.999945998 0.002498852 -12.312880516 0.292238265 -0.005334610 0.956329525 151.137374878
0.962507010 -0.007711425 -0.271149486 -139.735183716 0.009201466 0.999948740 0.004224253 -12.319362640 0.271102756 -0.006560895 0.962526858 152.189605713
0.968238652 -0.007089539 -0.249929741 -140.011932373 0.009148861 0.999933004 0.007078695 -12.323139191 0.249862626 -0.009140481 0.968237042 153.264389038
0.973640919 -0.004953718 -0.228035152 -140.273712158 0.007641149 0.999911368 0.010903654 -12.325697899 0.227960736 -0.012358730 0.973590791 154.352661133
0.978554010 -0.002860880 -0.205973133 -140.512588501 0.006154726 0.999863207 0.015352512 -12.322604179 0.205900908 -0.016291002 0.978436232 155.461547852
0.982966840 -0.001256390 -0.183781639 -140.724258423 0.004766000 0.999814630 0.018655960 -12.314038277 0.183724016 -0.019214123 0.982788980 156.579833984
0.986841261 0.000439093 -0.161695331 -140.920318604 0.002652961 0.999817908 0.018906087 -12.306684494 0.161674082 -0.019086307 0.986658633 157.723953247
0.990188241 -0.000214553 -0.139743701 -141.092208862 0.002641337 0.999849081 0.017180465 -12.297934532 0.139718831 -0.017381031 0.990037560 158.879150391
0.992923200 -0.000203083 -0.118763372 -141.239578247 0.002164988 0.999863505 0.016390344 -12.286874771 0.118743815 -0.016531503 0.992786229 160.050521851
0.995134234 -0.001624014 -0.098520629 -141.359359741 0.003458133 0.999823987 0.018448317 -12.275712967 0.098473348 -0.018699277 0.994962811 161.235595703
0.996901751 -0.001175017 -0.078654781 -141.458724976 0.002779100 0.999790430 0.020287143 -12.265247345 0.078614518 -0.020442899 0.996694207 162.438613892
0.998294890 -0.000789213 -0.058378559 -141.537322998 0.002046250 0.999767303 0.021475207 -12.252709389 0.058348145 -0.021558065 0.998062253 163.653549194
0.999278843 0.000721083 -0.037980299 -141.593765259 0.000125895 0.999751508 0.022292309 -12.237541199 0.037987091 -0.022281034 0.999028623 164.886032104
0.999847353 0.000942468 -0.017486949 -141.622573853 -0.000538072 0.999732852 0.023113638 -12.221959114 0.017504252 -0.023100719 0.999578655 166.126983643
0.999991179 0.003146878 0.002996260 -141.629898071 -0.003214507 0.999733746 0.022854671 -12.205328941 -0.002923310 -0.022864116 0.999733150 167.382492065
0.999723494 0.004186021 0.023163544 -141.612167358 -0.004694205 0.999748647 0.021930072 -12.190704346 -0.023065645 -0.022032766 0.999489903 168.654129028
0.999074757 0.004159733 0.042819850 -141.567871094 -0.005012668 0.999790847 0.019832065 -12.176639557 -0.042728085 -0.020028381 0.998884797 169.934585571
0.998058975 0.006283678 0.061966874 -141.500671387 -0.007386697 0.999818206 0.017587863 -12.166019440 -0.061844736 -0.018011484 0.997922003 171.229309082
0.996676326 0.006461713 0.081214614 -141.406875610 -0.007792510 0.999840379 0.016080443 -12.157013893 -0.081097372 -0.016659889 0.996565759 172.531463623
0.994940758 0.006575863 0.100253411 -141.286468506 -0.007950637 0.999879718 0.013320059 -12.151633263 -0.100153342 -0.014049782 0.994871616 173.840011597
0.992876589 0.007510375 0.118914992 -141.138992310 -0.008550576 0.999929667 0.008240008 -12.150359154 -0.118844286 -0.009198148 0.992869020 175.159088135
0.990546227 0.009151463 0.136878073 -140.968658447 -0.009493431 0.999953389 0.001846057 -12.155016899 -0.136854321 -0.003128104 0.990584970 176.478363037
0.987927258 0.010900612 0.154537395 -140.774078369 -0.010562017 0.999939859 -0.003011632 -12.166632652 -0.154560417 0.001342983 0.987981141 177.809692383
0.984988868 0.013201253 0.172115013 -140.553817749 -0.012207876 0.999902189 -0.006828573 -12.187120438 -0.172187820 0.004624840 0.985051990 179.149810791
0.981683075 0.015112444 0.189923435 -140.306579590 -0.013551124 0.999862909 -0.009516581 -12.209769249 -0.190040648 0.006768517 0.981751561 180.502471924
0.978118479 0.014279180 0.207559586 -140.036254883 -0.012639039 0.999877572 -0.009225855 -12.234106064 -0.207665354 0.006400555 0.978177667 181.847259521
0.974313557 0.013498040 0.224792093 -139.734558105 -0.011647871 0.999886513 -0.009554561 -12.264002800 -0.224894971 0.006690718 0.974358678 183.207031250
0.970292449 0.013540065 0.241557747 -139.407669067 -0.010388832 0.999843597 -0.014314181 -12.298641205 -0.241713226 0.011379360 0.970279753 184.569839478
0.966039896 0.014514857 0.257986248 -139.057388306 -0.010093976 0.999778867 -0.018452227 -12.331091881 -0.258196384 0.015221395 0.965971351 185.924728394
0.961421251 0.016766440 0.274570286 -138.681976318 -0.012240462 0.999759674 -0.018188892 -12.372085571 -0.274808645 0.014126237 0.961393833 187.293121338
0.956147969 0.019032534 0.292266339 -138.283050537 -0.014198450 0.999725342 -0.018652316 -12.412458420 -0.292540431 0.013684561 0.956153989 188.669342041
0.950483203 0.022645373 0.309950590 -137.862030029 -0.016828516 0.999628901 -0.021428254 -12.452899933 -0.310320109 0.015151105 0.950510144 190.026306152
0.944599330 0.023285016 0.327399671 -137.405166626 -0.015820989 0.999551177 -0.025442988 -12.496972084 -0.327844530 0.018853555 0.944542289 191.393157959
0.938473165 0.024197023 0.344504237 -136.919128418 -0.015773064 0.999504805 -0.027234493 -12.552999496 -0.344991833 0.020124868 0.938388705 192.762451172
0.931874335 0.024506947 0.361953467 -136.402679443 -0.013777903 0.999386907 -0.032193650 -12.612764359 -0.362519681 0.025013380 0.931639135 194.125000000
0.924169838 0.027581701 0.380985379 -135.865936279 -0.014110036 0.999174178 -0.038108569 -12.675077438 -0.381721050 0.029842978 0.923794448 195.483184814
0.914978921 0.030897088 0.402317703 -135.291381836 -0.015645085 0.999030948 -0.041142065 -12.748059273 -0.403198212 0.031349730 0.914574265 196.842071533
0.904011428 0.033866137 0.426165402 -134.682723999 -0.017564395 0.998958111 -0.042125415 -12.825540543 -0.427147090 0.030596416 0.903663039 198.198303223
