1.000000000 0.000000000 0.000000000 0.000000000 0.000000000 1.000000000 0.000000000 0.000000000 0.000000000 0.000000000 1.000000000 0.000000000
0.999872983 0.001533726 0.015862430 0.009567671 -0.001518402 0.999998391 -0.000978048 -0.001213966 -0.015863905 0.000953838 0.999873698 0.128358796
0.999291956 0.004479173 0.037356246 0.025259098 -0.004460888 0.999989867 -0.000572811 -0.002168230 -0.037358433 0.000405763 0.999301851 0.272921234
0.997898996 0.005959633 0.064513870 0.053925272 -0.006023088 0.999981523 0.000789137 -0.003859673 -0.064507976 -0.001176052 0.997916520 0.434473008
0.995089591 0.005635797 0.098817997 0.094517082 -0.005959179 0.999977827 0.002977648 -0.004209042 -0.098799020 -0.003551900 0.995101094 0.608811796
0.990573287 0.002534255 0.136960536 0.154200286 -0.003250842 0.999982178 0.005008650 -0.004948199 -0.136945412 -0.005406671 0.990563869 0.793612123
0.984321594 -0.000653531 0.176382020 0.229617193 -0.000291401 0.999985754 0.005331348 -0.003810412 -0.176382959 -0.005299160 0.984307349 0.991609454
0.975413799 -0.000565896 0.220380962 0.311652184 -0.000863997 0.999979198 0.006391834 0.000242402 -0.220379964 -0.006425092 0.975392938 1.206344128
0.963215947 -0.000254497 0.268728405 0.405735582 -0.002310997 0.999954760 0.009230416 0.005556713 -0.268718600 -0.009511916 0.963171721 1.431293845
0.948643684 -0.003997853 0.316321641 0.526522219 -0.001245328 0.999865294 0.016371589 0.005798738 -0.316344410 -0.015924728 0.948510706 1.662936807
0.931727171 -0.013594666 0.362904489 0.679697573 0.005182413 0.999695063 0.024143886 0.005184367 -0.363122046 -0.020614792 0.931513429 1.889847040
0.910514832 -0.019172611 0.413031965 0.828145266 0.008084870 0.999558926 0.028575903 -0.000492334 -0.413397700 -0.022679472 0.910268009 2.083486080
0.884979129 -0.020662472 0.465172261 0.996294260 0.006205768 0.999449551 0.032588203 0.004900739 -0.465589583 -0.025953123 0.884620070 2.315715551
0.856517613 -0.023135848 0.515599191 1.183218479 0.004629522 0.999298990 0.037149720 0.009531058 -0.516097188 -0.029432407 0.856024146 2.536627054
0.824190855 -0.028186720 0.565610349 1.391352534 0.005675429 0.999121547 0.041520320 0.013504095 -0.566283822 -0.031010587 0.823626637 2.749639511
0.788214087 -0.033982892 0.614462316 1.611434937 0.008003704 0.998955727 0.044980437 0.013886526 -0.615349114 -0.030536234 0.787662864 2.943852901
0.749841630 -0.038041636 0.660522878 1.867345810 0.008745958 0.998828292 0.047597110 0.023812026 -0.661559582 -0.029913390 0.749295592 3.162833452
0.709671676 -0.041120972 0.703331590 2.142042160 0.009675031 0.998769939 0.048631813 0.036164925 -0.704466164 -0.027707869 0.709196389 3.373409271
0.667381108 -0.042980097 0.743475258 2.441958904 0.008934570 0.998723388 0.049715810 0.053148553 -0.744662762 -0.026536770 0.666913033 3.588898897
0.624613464 -0.042954993 0.779751956 2.757233858 0.003888244 0.998644769 0.051898722 0.068767741 -0.780924380 -0.029384768 0.623933792 3.801414967
0.582562208 -0.043727744 0.811609149 3.109070778 0.001046966 0.998591244 0.053050447 0.085031077 -0.812785447 -0.030055456 0.581787109 4.014914989
0.542218924 -0.044984952 0.839032352 3.486999035 -0.000950503 0.998532236 0.054150842 0.101853296 -0.840236723 -0.030159106 0.541380167 4.222707748
0.503498912 -0.047162816 0.862707794 3.891833782 -0.002422502 0.998428047 0.055996262 0.119061455 -0.863992333 -0.030283967 0.502592921 4.425041199
0.465899348 -0.046817917 0.883598328 4.327029705 -0.005597941 0.998423338 0.055853635 0.139197096 -0.884819865 -0.030968508 0.464902520 4.628926754
0.429321289 -0.046131920 0.901972950 4.789825916 -0.006610285 0.998507321 0.054215591 0.160011917 -0.903127432 -0.029238205 0.428375304 4.822566032
0.395919263 -0.044763062 0.917193770 5.268197060 -0.005274662 0.998683870 0.051017024 0.181736678 -0.918269932 -0.025036514 0.395161897 5.000120163
0.366248071 -0.043018859 0.929522395 5.789696693 -0.003177168 0.998867154 0.047480043 0.205131769 -0.930511594 -0.020342734 0.365696341 5.180104256
0.340843916 -0.041191403 0.939217150 6.334630013 -0.001992290 0.999005854 0.044536572 0.228852630 -0.940117538 -0.017051222 0.340422839 5.359309673
0.320566177 -0.040595014 0.946355879 6.900094032 -0.000935930 0.999067307 0.043173157 0.252417445 -0.947225392 -0.014725587 0.320228994 5.539381027
0.305839449 -0.041114032 0.951195061 7.501683235 0.000033182 0.999067783 0.043172598 0.276980162 -0.952082813 -0.013172329 0.305555552 5.723857880
0.294228435 -0.042597022 0.954785466 8.121433258 0.000901806 0.999018252 0.044292539 0.299943626 -0.955734432 -0.012171101 0.293977886 5.909884930
0.283123523 -0.044384222 0.958055913 8.768677711 -0.000425355 0.998922646 0.046403185 0.326813638 -0.959083080 -0.013545358 0.282799631 6.102913857
0.272508591 -0.046115208 0.961047709 9.445819855 -0.001798998 0.998824596 0.048438035 0.354005337 -0.962151468 -0.014928714 0.272105306 6.294176102
0.262494564 -0.048047375 0.963736594 10.150073051 -0.002580532 0.998720944 0.050494418 0.379485011 -0.964929760 -0.015741471 0.262034833 6.480757713
0.252428889 -0.049874678 0.966329396 10.873930931 -0.003594712 0.998615503 0.052480094 0.410429180 -0.967608571 -0.016721178 0.251900107 6.664898872
0.241901502 -0.051349420 0.968941271 11.620908737 -0.003757540 0.998541594 0.053856216 0.443632990 -0.970293343 -0.016668741 0.241355762 6.850434780
0.231659830 -0.052714963 0.971367538 12.384726524 -0.003851438 0.998473167 0.055104490 0.475868940 -0.972789049 -0.016506664 0.231103092 7.027852058
0.220986336 -0.055499442 0.973696530 13.163658142 -0.005317861 0.998296082 0.058108527 0.512275696 -0.975262225 -0.018019181 0.220314652 7.206280708
0.209680647 -0.059202738 0.975976050 13.953021049 -0.007057415 0.998047650 0.062057842 0.548577905 -0.977744222 -0.019900208 0.208853438 7.374609947
0.197561100 -0.063208684 0.978250623 14.753264427 -0.008002917 0.997781754 0.066086911 0.583428502 -0.980257809 -0.020885075 0.196616992 7.533888817
0.184416220 -0.065472990 0.980665028 15.558429718 -0.008990254 0.997624516 0.068295933 0.622175634 -0.982807040 -0.021411315 0.183389544 7.684589386
0.170359835 -0.066057786 0.983165383 16.364976883 -0.009400557 0.997596085 0.068656310 0.661497653 -0.985336900 -0.020938590 0.169329315 7.822221279
0.155702233 -0.065083191 0.985657752 17.179626465 -0.010841742 0.997654438 0.067588009 0.702570260 -0.987744331 -0.021209860 0.154631391 7.952070236
0.138854265 -0.063907743 0.988248765 17.994497299 -0.011577161 0.997742653 0.066148385 0.744755864 -0.990244985 -0.020626107 0.137800947 8.066430092
0.118208542 -0.062350526 0.991029441 18.822044373 -0.014259341 0.997817278 0.064478450 0.783464968 -0.992886245 -0.021753337 0.117061421 8.165014267
0.092582345 -0.060943846 0.993838370 19.647945404 -0.018976670 0.997835815 0.062956817 0.822558165 -0.995523930 -0.024688443 0.091225483 8.243908882
0.061995104 -0.060487900 0.996242046 20.485305786 -0.023054970 0.997808754 0.062017746 0.859803438 -0.997809947 -0.026813135 0.060464736 8.297592163
0.028291892 -0.060359824 0.997775853 21.321315765 -0.026428031 0.997781098 0.061109539 0.895225525 -0.999250114 -0.028098166 0.026633974 8.324930191
-0.006339367 -0.059805442 0.998190165 22.163652420 -0.028278720 0.997821391 0.059603803 0.928361356 -0.999579787 -0.027849695 -0.008016717 8.318175316
-0.040498629 -0.058673207 0.997455597 23.007074356 -0.029257020 0.997915924 0.057512436 0.959956765 -0.998750985 -0.026853412 -0.042130757 8.280472755
-0.073557317 -0.056719035 0.995677054 23.850259781 -0.031733677 0.998009026 0.054507535 0.992387414 -0.996785820 -0.027587077 -0.075210683 8.217557907
-0.106804535 -0.053703107 0.992828846 24.695302963 -0.034589075 0.998136401 0.050269295 1.022310257 -0.993678033 -0.028972037 -0.108462974 8.133408546
-0.139578938 -0.049137205 0.988991201 25.534334183 -0.031915378 0.998472273 0.045104008 1.046497822 -0.989696383 -0.025268458 -0.140933827 8.009610176
-0.171052366 -0.042908583 0.984327197 26.361017227 -0.026790423 0.998884141 0.038887657 1.069156051 -0.984897554 -0.019718720 -0.172010973 7.850387573
-0.201760560 -0.036377754 0.978759170 27.190748215 -0.020574355 0.999246657 0.032898083 1.085630417 -0.979218602 -0.013499808 -0.202356994 7.666077614
-0.230475217 -0.030524045 0.972599387 28.009225845 -0.014742292 0.999502599 0.027874952 1.096761227 -0.972966433 -0.007913862 -0.230810463 7.454396725
-0.258419573 -0.024205839 0.965729654 28.827482224 -0.006357356 0.999706745 0.023356346 1.104242921 -0.966011703 -0.000103753 -0.258497655 7.217209339
-0.284621835 -0.013575586 0.958543777 29.629354477 -0.000565239 0.999901831 0.013993529 1.102888823 -0.958639622 0.003441056 -0.284601539 6.963505745
-0.309796274 0.002288409 0.950800240 30.420696259 0.004246204 0.999990344 -0.001023232 1.093119264 -0.950793386 0.003720297 -0.309802979 6.689925194
-0.334437668 0.019843627 0.942209125 31.193342209 0.005491038 0.999802172 -0.019107495 1.075192690 -0.942401886 -0.001216561 -0.334480405 6.407224655
-0.359636992 0.034912579 0.932439089 31.965263367 0.005786885 0.999363780 -0.035186380 1.047861576 -0.933074355 -0.007258406 -0.359610200 6.105740547
-0.384002447 0.045293290 0.922220528 32.733474731 0.009639184 0.998938084 -0.045047451 1.004397154 -0.923281789 -0.008408879 -0.384031266 5.777459145
-0.407363504 0.049523283 0.911922395 33.496612549 0.012674624 0.998738766 -0.048576072 0.955290198 -0.913178325 -0.008229846 -0.407477438 5.425191879
-0.429621041 0.049256526 0.901664913 34.251308441 0.016457962 0.998772204 -0.046719491 0.901921511 -0.902859330 -0.005232115 -0.429904312 5.053638458
-0.449724644 0.045049369 0.892030537 34.994766235 0.020062044 0.998984456 -0.040336285 0.849804163 -0.892942071 -0.000244265 -0.450171828 4.665967941
-0.467331529 0.044010013 0.882986069 35.719501495 0.027993705 0.998995841 -0.034976136 0.800056458 -0.883638859 0.008372603 -0.468094319 4.264123917
-0.480990797 0.044439316 0.875598729 36.434532166 0.030214030 0.998961270 -0.034102906 0.754167914 -0.876204967 0.010052184 -0.481833965 3.860079765
-0.492087096 0.048710167 0.869182289 37.137214661 0.034230866 0.998743713 -0.036591139 0.709581017 -0.869872749 0.011746828 -0.493136227 3.454673767
-0.501809776 0.051228784 0.863459826 37.833190918 0.035046518 0.998628974 -0.038880583 0.664665818 -0.864267766 0.010750602 -0.502917111 3.043888092
-0.512414098 0.050643720 0.857244015 38.526344299 0.029182538 0.998709679 -0.041557357 0.616866350 -0.858242512 0.003721976 -0.513230979 2.633373260
-0.523508787 0.049304832 0.850592673 39.211860657 0.028644748 0.998778164 -0.040264614 0.570229888 -0.851538777 0.003286132 -0.524281502 2.214662552
-0.532114387 0.050725121 0.845151782 39.890953064 0.030563166 0.998703778 -0.040698282 0.528253317 -0.846120656 0.004174364 -0.532975137 1.779838562
-0.539109647 0.053925272 0.840507567 40.571258545 0.033806324 0.998529375 -0.042379867 0.481813192 -0.841556787 0.005567067 -0.540140033 1.333887100
-0.542518020 0.056861110 0.838117719 41.262355804 0.034856003 0.998370886 -0.045170769 0.437995315 -0.839320719 0.004707473 -0.543616295 0.885383606
-0.542147279 0.059124585 0.838201046 41.970443726 0.034655754 0.998245835 -0.047998399 0.393509746 -0.839568555 0.003026289 -0.543245435 0.426227570
-0.538830519 0.059332203 0.840322375 42.696998596 0.036573198 0.998223543 -0.047029592 0.344967008 -0.841619790 0.005392294 -0.540043592 -0.039850235
-0.532980025 0.058227267 0.844122112 43.443313599 0.034716323 0.998293996 -0.046942003 0.294481158 -0.845415235 0.004285665 -0.534092367 -0.506315231
-0.526055157 0.056881078 0.848546267 44.208496094 0.032543741 0.998376131 -0.046749216 0.244735122 -0.849827349 0.003022196 -0.527052343 -0.974185944
-0.518928826 0.056432255 0.852952957 44.990970612 0.030812195 0.998404741 -0.047309604 0.194773555 -0.854261935 0.001731028 -0.519840002 -1.443269730
-0.512664258 0.054934599 0.856830180 45.785621643 0.027753161 0.998489559 -0.047411431 0.142298341 -0.858140469 -0.000526404 -0.513414860 -1.909933090
-0.508355319 0.052600566 0.859539628 46.606891632 0.023228200 0.998606801 -0.047373127 0.089890480 -0.860834002 -0.004116830 -0.508869290 -2.386775970
-0.506948948 0.049949560 0.860527873 47.439373016 0.018899871 0.998723388 -0.046836954 0.036281586 -0.861768723 -0.007480080 -0.507246256 -2.865587234
-0.507380486 0.047376338 0.860419095 48.289615631 0.015628407 0.998828888 -0.045781508 -0.018443227 -0.861580253 -0.009781667 -0.507527173 -3.356840134
-0.508323431 0.046328273 0.859919429 49.142433167 0.014506700 0.998870432 -0.045238920 -0.074105740 -0.861043930 -0.010521413 -0.508421779 -3.852800369
-0.508766472 0.045619633 0.859695256 50.008758545 0.014286312 0.998904467 -0.044552110 -0.128851891 -0.860785902 -0.010384743 -0.508861303 -4.361732483
-0.508871019 0.045233976 0.859653831 50.885368347 0.014159814 0.998922884 -0.044180233 -0.183390617 -0.860726297 -0.010309500 -0.508963764 -4.877531052
-0.508814692 0.044447400 0.859728277 51.772743225 0.014249375 0.998964012 -0.043212529 -0.239127517 -0.860758007 -0.009736584 -0.508921385 -5.400932312
-0.508957684 0.044254102 0.859653592 52.667915344 0.013807889 0.998968542 -0.043250892 -0.296009421 -0.860680580 -0.010142875 -0.509044290 -5.925935745
-0.509189725 0.042727787 0.859593391 53.565509796 0.012094169 0.999023318 -0.042494256 -0.353784680 -0.860569179 -0.011241577 -0.509209633 -6.450237274
-0.509200215 0.041997135 0.859623194 54.460609436 0.011542011 0.999051929 -0.041971974 -0.414290190 -0.860570490 -0.011450357 -0.509202659 -6.973169327
-0.508761764 0.041220106 0.859920382 55.355827332 0.010442577 0.999074757 -0.041712176 -0.475406051 -0.860843778 -0.012241778 -0.508722007 -7.493951797
-0.507513225 0.039648034 0.860731661 56.252090454 0.010011771 0.999144435 -0.040120482 -0.536125422 -0.861585557 -0.011744232 -0.507476449 -8.014978409
-0.505462110 0.037656862 0.862026870 57.145832062 0.010452784 0.999240935 -0.037521716 -0.595864654 -0.862785280 -0.009955237 -0.505472600 -8.535409927
-0.503034115 0.036296140 0.863504231 58.038154602 0.010947252 0.999304950 -0.035626955 -0.654579639 -0.864197016 -0.008468577 -0.503082395 -9.052217484
-0.500695467 0.036104731 0.864870310 58.931144714 0.011268399 0.999316871 -0.035193682 -0.711159229 -0.865549922 -0.007875617 -0.500760794 -9.564943314
-0.498660922 0.036389448 0.866033077 59.830070496 0.011519030 0.999308109 -0.035356764 -0.766605854 -0.866720200 -0.007655180 -0.498735726 -10.076688766
-0.497743189 0.037014194 0.866534412 60.718540192 0.011578507 0.999283254 -0.036033750 -0.821663857 -0.867246866 -0.007902383 -0.497815639 -10.583051682
-0.498509258 0.038254388 0.866040051 61.605682373 0.011006304 0.999224365 -0.037801854 -0.881985664 -0.866814137 -0.009312681 -0.498544276 -11.091079712
-0.501463175 0.040080238 0.864250243 62.483337402 0.009932024 0.999126971 -0.040572327 -0.941354513 -0.865121663 -0.011761784 -0.501424074 -11.593942642
-0.506031990 0.040530149 0.861562133 63.364349365 0.008593310 0.999082386 -0.041952178 -1.000227809 -0.862471640 -0.013825479 -0.505916417 -12.102338791
-0.511592448 0.039235964 0.858332157 64.240028381 0.009963507 0.999160290 -0.039734863 -1.057996154 -0.859170139 -0.011776063 -0.511554480 -12.618799210
-0.517039955 0.036950007 0.855163693 65.113677979 0.011359529 0.999275863 -0.036308687 -1.116790175 -0.855885506 -0.009058787 -0.517085850 -13.145536423
-0.522361696 0.034483373 0.852026820 65.973571777 0.008707753 0.999345422 -0.035107054 -1.173853040 -0.852679253 -0.010919340 -0.522320688 -13.665349960
-0.527417183 0.037920665 0.848760068 66.827514648 0.010905076 0.999223053 -0.037866566 -1.227493286 -0.849535882 -0.010715692 -0.527421594 -14.192003250
-0.532335818 0.039554760 0.845608950 67.664451599 0.011521393 0.999153614 -0.039483964 -1.282828093 -0.846454263 -0.011276141 -0.532341599 -14.718610764
-0.537063062 0.040555302 0.842566907 68.501403809 0.010473643 0.999087036 -0.041413002 -1.342565894 -0.843476534 -0.013416651 -0.536998093 -15.245983124
-0.540786862 0.040486109 0.840185106 69.329513550 0.009111012 0.999064088 -0.042277660 -1.401636839 -0.841109753 -0.015208268 -0.540650129 -15.773717880
-0.544007301 0.040096968 0.838122189 70.154258728 0.010647099 0.999106824 -0.040887844 -1.461627841 -0.839012504 -0.013319719 -0.543948650 -16.308937073
-0.546345711 0.033442024 0.836892128 70.980690002 0.011675918 0.999409378 -0.032313768 -1.513407707 -0.837477803 -0.007883009 -0.546414018 -16.848934174
-0.548491180 0.024626942 0.835793912 71.803024292 0.011176992 0.999692619 -0.022121301 -1.564298034 -0.836081207 -0.002791669 -0.548598170 -17.385831833
-0.550114691 0.023378994 0.834762156 72.616111755 0.012533551 0.999726415 -0.019739360 -1.608372450 -0.834994674 -0.000396366 -0.550257385 -17.916978836
-0.551226616 0.027798198 0.833892584 73.417076111 0.012230510 0.999606490 -0.025237583 -1.645986438 -0.834265530 -0.003712689 -0.551350117 -18.442356110
-0.552389383 0.034366038 0.832877874 74.214691162 0.014367606 0.999393761 -0.031707708 -1.690152287 -0.833461881 -0.005548536 -0.552548707 -18.971204758
-0.552731633 0.037971791 0.832494080 75.012260437 0.019576384 0.999277174 -0.032581389 -1.734212875 -0.833128929 -0.001711538 -0.553075731 -19.508565903
-0.552524209 0.039255299 0.832572222 75.806884766 0.023053337 0.999227762 -0.031813957 -1.783629894 -0.833177567 0.001615584 -0.553002715 -20.043720245
-0.552056909 0.035699453 0.833042204 76.608833313 0.021622078 0.999359787 -0.028497890 -1.829823971 -0.833525658 0.002279656 -0.552475512 -20.574604034
-0.551375568 0.030915746 0.833684504 77.409423828 0.020243516 0.999514520 -0.023676721 -1.867777348 -0.834011078 0.003821948 -0.551734030 -21.100442886
-0.550626516 0.024101883 0.834403992 78.209266663 0.017210037 0.999698281 -0.017519418 -1.909948349 -0.834573925 0.004713482 -0.550875187 -21.622667313
-0.550115108 0.018407734 0.834886253 79.010986328 0.008902348 0.999829233 -0.016178545 -1.948047400 -0.835040987 -0.001467593 -0.550185204 -22.133321762
-0.548776209 0.012994008 0.835868657 79.813919067 0.001235417 0.999890447 -0.014732682 -1.977194548 -0.835968018 -0.007052273 -0.548732281 -22.638864517
-0.546651304 0.013960580 0.837244213 80.606910706 0.004879674 0.999896884 -0.013486661 -2.010529995 -0.837345660 -0.003286998 -0.546663284 -23.157724380
-0.543569863 0.017090108 0.839190304 81.399353027 0.008995357 0.999853551 -0.014535407 -2.046791792 -0.839315355 -0.000352171 -0.543644190 -23.674024582
-0.538325131 0.020347618 0.842491984 82.193084717 0.011245546 0.999792635 -0.016961120 -2.075821400 -0.842661798 0.000343705 -0.538442492 -24.177740097
-0.530302048 0.022663478 0.847506166 82.986625671 0.016483299 0.999729037 -0.016420152 -2.108950615 -0.847648144 0.005262076 -0.530532062 -24.684150696
-0.522139013 0.025999142 0.852464437 83.786041260 0.023969728 0.999587476 -0.015804596 -2.145458698 -0.852523029 0.012181154 -0.522546947 -25.182649612
-0.512201011 0.024900103 0.858504891 84.590248108 0.021197660 0.999641478 -0.016346652 -2.173376083 -0.858603477 0.009825539 -0.512545347 -25.659706116
-0.501531363 0.022611111 0.864844263 85.408271790 0.019324508 0.999701679 -0.014930414 -2.202710629 -0.864923120 0.009224635 -0.501818657 -26.121925354
-0.490007132 0.019388337 0.871503174 86.222930908 0.019652264 0.999744058 -0.011191686 -2.232310534 -0.871496499 0.011643021 -0.490262747 -26.576375961
-0.478913009 0.018653618 0.877664566 87.046760559 0.019382244 0.999755085 -0.010672196 -2.261947632 -0.877647817 0.011900071 -0.479157299 -27.019958496
-0.467053264 0.017988786 0.884046614 87.871673584 0.020237746 0.999748528 -0.009651217 -2.286156416 -0.883997023 0.013383492 -0.467299908 -27.450441360
-0.455099553 0.019015834 0.890237927 88.691680908 0.021631401 0.999712825 -0.010296007 -2.313226938 -0.890177310 0.014571400 -0.455380291 -27.867338181
-0.442959845 0.022865422 0.896250308 89.516738892 0.021513764 0.999657810 -0.014870656 -2.348144531 -0.896282852 0.012694632 -0.443300188 -28.271831512
-0.431202650 0.031998061 0.901687980 90.349021912 0.023760250 0.999426961 -0.024103912 -2.374019146 -0.901941657 0.011030676 -0.431715816 -28.670978546
-0.418614089 0.036476117 0.907431841 91.185890198 0.023068648 0.999297738 -0.029526856 -2.405872583 -0.907870591 0.008572883 -0.419161528 -29.053792953
-0.407078743 0.032872017 0.912801802 92.035140991 0.021413237 0.999420881 -0.026441744 -2.447079420 -0.913141489 0.008782184 -0.407546878 -29.425613403
-0.395389438 0.029117603 0.918052375 92.886260986 0.019841937 0.999534845 -0.023156334 -2.488487005 -0.918298662 0.009060182 -0.395783305 -29.784866333
-0.385764420 0.029639179 0.922121525 93.727157593 0.016653353 0.999544442 -0.025160868 -2.530887365 -0.922446370 0.005650264 -0.386082381 -30.126510620
-0.378936768 0.033795878 0.924805820 94.572013855 0.011122969 0.999426901 -0.031965174 -2.573529720 -0.925355077 -0.001826170 -0.379095644 -30.456693649
-0.373935163 0.038723130 0.926646590 95.420097351 0.004992192 0.999197304 -0.039740361 -2.615276337 -0.927440822 -0.010234287 -0.373828322 -30.784435272
-0.370590866 0.040618863 0.927908063 96.269073486 0.001881142 0.999073863 -0.042982794 -2.665000439 -0.928793788 -0.014183471 -0.370324105 -31.110847473
-0.366945058 0.040292185 0.929370046 97.123695374 0.000199113 0.999064803 -0.043235105 -2.718155861 -0.930242062 -0.015679827 -0.366609931 -31.438299179
-0.362077892 0.040362667 0.931273997 97.977706909 -0.000390059 0.999055266 -0.043452013 -2.770920753 -0.932147145 -0.016096232 -0.361720175 -31.762165070
-0.356461167 0.035711251 0.933627963 98.830329895 -0.004333942 0.999195218 -0.039873879 -2.823833466 -0.934299469 -0.018259740 -0.356019646 -32.075775146
-0.351146668 0.032079741 0.935771108 99.687965393 -0.004632887 0.999340951 -0.035997462 -2.874455452 -0.936308444 -0.016975675 -0.350766808 -32.390907288
-0.345206141 0.029129589 0.938075125 100.542526245 -0.006463419 0.999420464 -0.033412986 -2.924484491 -0.938504040 -0.017597504 -0.344817966 -32.701679230
-0.339589745 0.027378283 0.940175414 101.398933411 -0.014836581 0.999295712 -0.034458805 -2.969803810 -0.940456152 -0.025650803 -0.338944644 -32.992237091
-0.333549023 0.027402343 0.942334592 102.250892639 -0.021987813 0.999079168 -0.036835205 -3.015213013 -0.942475736 -0.033006173 -0.332639575 -33.271392822
-0.326833814 0.031657707 0.944551766 103.099472046 -0.020141905 0.998978198 -0.040451337 -3.064460039 -0.944866598 -0.032245889 -0.325862437 -33.558277130
-0.319932640 0.034993272 0.946794152 103.951301575 -0.018384567 0.998899817 -0.043131422 -3.113142490 -0.947261333 -0.031205503 -0.318937659 -33.841331482
-0.313475102 0.033084340 0.949020207 104.817253113 -0.019622281 0.998953342 -0.041306585 -3.160577774 -0.949393153 -0.031570479 -0.312498093 -34.117355347
-0.306374937 0.028338933 0.951489449 105.675659180 -0.019811027 0.999150157 -0.036137480 -3.210958004 -0.951704085 -0.029921556 -0.305553496 -34.389968872
-0.299344510 0.025662880 0.953800261 106.538833618 -0.021223476 0.999211490 -0.033545546 -3.259318113 -0.953908384 -0.030284587 -0.298564106 -34.653846741
-0.293059379 0.029024454 0.955654085 107.400848389 -0.023084514 0.999032736 -0.037420962 -3.303246260 -0.955814958 -0.033027317 -0.292106181 -34.907005310
-0.286608607 0.031903055 0.957516968 108.267196655 -0.022354491 0.998950422 -0.039974790 -3.350488424 -0.957786381 -0.032861866 -0.285594761 -35.159202576
-0.279957175 0.032418691 0.959465623 109.130355835 -0.024961639 0.998845696 -0.041032698 -3.398175001 -0.959687352 -0.035437167 -0.278825074 -35.399799347
-0.272991508 0.031861365 0.961489201 110.001876831 -0.025406187 0.998863757 -0.040313330 -3.449295998 -0.961680353 -0.035432909 -0.271872103 -35.636913300
-0.265121400 0.031708136 0.963694036 110.872634888 -0.021639455 0.999011397 -0.038823392 -3.499625206 -0.963971615 -0.031146670 -0.264173508 -35.872108459
-0.257419139 0.032920856 0.965739250 111.743957520 -0.018935874 0.999055445 -0.039103944 -3.549456120 -0.966113806 -0.028353170 -0.256552905 -36.104614258
-0.250854850 0.033607639 0.967441499 112.615577698 -0.017654486 0.999071777 -0.039284192 -3.598506927 -0.967863142 -0.026934262 -0.250028998 -36.325092316
-0.244023964 0.032648373 0.969219804 113.491836548 -0.023472471 0.998941302 -0.039559290 -3.645022392 -0.969484448 -0.032403354 -0.242999613 -36.533889771
-0.238207191 0.031146228 0.970715165 114.365715027 -0.027426939 0.998870969 -0.038780011 -3.691751003 -0.970826447 -0.035861365 -0.237084359 -36.734985352
-0.233547568 0.031254467 0.971843421 115.235244751 -0.024727007 0.998968840 -0.038069066 -3.741191387 -0.972030342 -0.032921653 -0.232534289 -36.940254211
-0.228223205 0.032479063 0.973067284 116.111961365 -0.022042267 0.999014616 -0.038514912 -3.788953781 -0.973358572 -0.030238554 -0.227282763 -37.151126862
-0.223470911 0.033847179 0.974123061 116.982078552 -0.021071404 0.998995364 -0.039545320 -3.837155342 -0.974482238 -0.029363317 -0.222533539 -37.344955444
-0.217612639 0.033186670 0.975471199 117.855636597 -0.014798655 0.999194443 -0.037295111 -3.883308649 -0.975922346 -0.022551499 -0.216946617 -37.542926788
-0.212050050 0.032170512 0.976729572 118.730949402 -0.007273308 0.999378026 -0.034495533 -3.930059195 -0.977231085 -0.014418786 -0.211684570 -37.741321564
-0.206986874 0.031386781 0.977840602 119.609710693 -0.004497942 0.999443889 -0.033032328 -3.981356382 -0.978332639 -0.011235482 -0.206731036 -37.933597565
-0.202727348 0.033155549 0.978674233 120.481529236 -0.006097549 0.999364257 -0.035119571 -4.024622917 -0.979215562 -0.013087165 -0.202396721 -38.109172821
-0.199416429 0.034956709 0.979291618 121.353134155 -0.007927221 0.999273002 -0.037284225 -4.068192482 -0.979882121 -0.015198100 -0.198994771 -38.275306702
-0.197869927 0.034317043 0.979627848 122.230072021 -0.010292911 0.999258876 -0.037083749 -4.116274834 -0.980173588 -0.017420931 -0.197370484 -38.441505432
-0.197502658 0.032956127 0.979748726 123.108901978 -0.010419760 0.999307454 -0.035714511 -4.168005943 -0.980246246 -0.017262405 -0.197022900 -38.600463867
-0.196184561 0.028628847 0.980149508 123.986518860 -0.008957584 0.999479413 -0.030986391 -4.210486412 -0.980525434 -0.014858771 -0.195826381 -38.778446198
-0.194988593 0.023794182 0.980517209 124.860916138 -0.009359614 0.999614775 -0.026118912 -4.250903130 -0.980760098 -0.014270098 -0.194691166 -38.951728821
-0.194069058 0.021877859 0.980744362 125.731994629 -0.008934852 0.999670148 -0.024068082 -4.292830467 -0.980946422 -0.013433618 -0.193809956 -39.120239258
-0.192821935 0.026622640 0.980873168 126.590324402 -0.009354035 0.999536395 -0.028968047 -4.330394268 -0.981188416 -0.014760739 -0.192483947 -39.285675049
-0.192831293 0.030268116 0.980765522 127.443603516 -0.009488042 0.999419689 -0.032709304 -4.370324135 -0.981185317 -0.015612870 -0.192432642 -39.447399139
-0.192876413 0.029455334 0.980781496 128.297882080 -0.012710290 0.999390304 -0.032513779 -4.409627914 -0.981139898 -0.018737096 -0.192384809 -39.607131958
-0.192317262 0.028567696 0.980917394 129.153747559 -0.014599436 0.999382079 -0.031967811 -4.454993248 -0.981223345 -0.020468742 -0.191781759 -39.768161774
-0.192171171 0.028359534 0.980952084 130.019042969 -0.010402824 0.999467254 -0.030932767 -4.512493610 -0.981305361 -0.016149005 -0.191774204 -39.932533264
-0.191135049 0.030901376 0.981077731 130.856628418 -0.012074154 0.999354661 -0.033829369 -4.549787998 -0.981488645 -0.018311607 -0.190638989 -40.091354370
-0.191574574 0.031772859 0.980964303 131.712158203 -0.020628842 0.999124646 -0.036389738 -4.595806599 -0.981260419 -0.027207438 -0.190751836 -40.243717194
-0.191212386 0.033185810 0.980988204 132.548507690 -0.026517613 0.998888731 -0.038960155 -4.642450809 -0.981189668 -0.033463053 -0.190120265 -40.391006470
-0.190696478 0.036911275 0.980955541 133.374649048 -0.023469932 0.998835623 -0.042146608 -4.689382553 -0.981367707 -0.031060103 -0.189608470 -40.549663544
-0.190210834 0.037974764 0.981009245 134.206512451 -0.021471428 0.998851597 -0.042828616 -4.741753578 -0.981507778 -0.029210068 -0.189177379 -40.706813812
-0.188470587 0.039114218 0.981300294 135.025039673 -0.023199245 0.998750389 -0.044265486 -4.789905071 -0.981804132 -0.031108098 -0.187327996 -40.854660034
-0.186588943 0.038697734 0.981676459 135.845703125 -0.015139312 0.998992026 -0.042257894 -4.836518288 -0.982320845 -0.022746701 -0.185815394 -41.012538910
-0.183267832 0.035731990 0.982414126 136.661102295 -0.011083939 0.999200583 -0.038410254 -4.882772446 -0.982999980 -0.017928332 -0.182725668 -41.165889740
-0.181475043 0.030871024 0.982911587 137.488723755 -0.007712493 0.999431729 -0.032813862 -4.930483818 -0.983364820 -0.013535545 -0.181134179 -41.316825867
-0.177912056 0.030508846 0.983574033 138.304504395 -0.006521008 0.999460697 -0.032181196 -4.974548340 -0.984024227 -0.012139266 -0.177617535 -41.458045959
-0.172881812 0.035484087 0.984304011 139.109054565 -0.005672865 0.999298275 -0.037021045 -5.022192955 -0.984925687 -0.011984040 -0.172559589 -41.597057343
-0.166349798 0.038730353 0.985306740 139.909225464 -0.004461787 0.999188304 -0.040029343 -5.066171646 -0.986056149 -0.011055059 -0.166042417 -41.726951599
-0.158039704 0.039513063 0.986642718 140.721176147 -0.004263020 0.999162316 -0.040697340 -5.105779171 -0.987423003 -0.010637828 -0.157739282 -41.853591919
-0.148520008 0.035061922 0.988288522 141.531585693 -0.002646339 0.999353409 -0.035852209 -5.153104782 -0.988905311 -0.007940073 -0.148331583 -41.969940186
-0.136447653 0.033696067 0.990075052 142.341598511 0.001563398 0.999427259 -0.033798955 -5.198787689 -0.990645587 -0.003063866 -0.136422634 -42.084148407
-0.122381404 0.036592595 0.991809368 143.147293091 0.005795379 0.999329209 -0.036154989 -5.238480568 -0.992465854 0.001323246 -0.122511804 -42.187995911
-0.107976526 0.037545070 0.993445277 143.957427979 0.005727249 0.999293268 -0.037143659 -5.281066418 -0.994136572 0.001679096 -0.108115688 -42.275157928
-0.093995199 0.037546147 0.994865477 144.762237549 0.007371354 0.999287188 -0.037016641 -5.324637413 -0.995544910 0.003854149 -0.094205424 -42.350288391
-0.080215484 0.039161183 0.996009052 145.561828613 0.008171810 0.999219835 -0.038629368 -5.370602608 -0.996743679 0.005040549 -0.080473386 -42.414382935
-0.066331670 0.045404341 0.996765256 146.351455688 0.005512420 0.998965204 -0.045137800 -5.422321320 -0.997782111 0.002500549 -0.066513821 -42.460506439
-0.053686265 0.054383870 0.997077048 147.134460449 -0.001399067 0.998510301 -0.054537456 -5.473267078 -0.998556674 -0.004322861 -0.053530738 -42.486473083
-0.039846253 0.062371477 0.997258365 147.913085938 -0.005097708 0.998023927 -0.062623106 -5.525129318 -0.999192536 -0.007579003 -0.039450109 -42.505863190
-0.026580034 0.063024543 0.997659028 148.698028564 -0.005177244 0.997988224 -0.063183337 -5.579639435 -0.999633014 -0.006844514 -0.026200822 -42.522125244
-0.014814862 0.059102371 0.998143077 149.480255127 -0.008919385 0.998203754 -0.059238419 -5.639191628 -0.999850214 -0.009780400 -0.014261661 -42.523147583
-0.004113592 0.056678750 0.998385072 150.261093140 -0.012683038 0.998308837 -0.056726761 -5.702050209 -0.999910831 -0.012895866 -0.003388356 -42.514461517
0.004853273 0.063241862 0.997987509 151.025802612 -0.016497573 0.997867167 -0.063154094 -5.763333797 -0.999851882 -0.016157832 0.005885671 -42.498428345
0.011469901 0.071234450 0.997394741 151.787048340 -0.019447379 0.997286320 -0.071003146 -5.821538448 -0.999744833 -0.018582283 0.012823503 -42.481067657
0.014266236 0.074330389 0.997132719 152.548828125 -0.022411639 0.997006178 -0.074000381 -5.877353668 -0.999646783 -0.021291634 0.015888793 -42.458091736
0.014130187 0.069788314 0.997462988 153.314743042 -0.024705073 0.997281075 -0.069425710 -5.940653801 -0.999594748 -0.023661353 0.015815295 -42.438362122
0.012113748 0.065500125 0.997780263 154.076965332 -0.026131691 0.997532070 -0.065166675 -6.010533333 -0.999584854 -0.025284229 0.013794882 -42.418827057
0.009086535 0.062726319 0.997990608 154.832504272 -0.024682844 0.997740328 -0.062485971 -6.069097519 -0.999653757 -0.024065418 0.010613676 -42.407218933
0.006344616 0.063179925 0.997983217 155.582870483 -0.022818292 0.997751176 -0.063020259 -6.123955727 -0.999719143 -0.022372387 0.007771418 -42.402576447
0.002717343 0.063182041 0.997999549 156.331100464 -0.021289457 0.997779369 -0.063110232 -6.184191704 -0.999769330 -0.021075333 0.004055838 -42.399059296
-0.002035993 0.061607100 0.998099625 157.084152222 -0.022059182 0.997854650 -0.061637085 -6.246248722 -0.999754250 -0.022142705 -0.000673200 -42.396381378
-0.007364073 0.062098470 0.998043954 157.831054688 -0.022934802 0.997796714 -0.062252406 -6.298075676 -0.999709547 -0.023348324 -0.005924202 -42.398078918
-0.013466730 0.060314387 0.998089671 158.571029663 -0.024060369 0.997870266 -0.060625859 -6.352978706 -0.999619365 -0.024830783 -0.011987430 -42.400585175
-0.019384112 0.057658151 0.998149395 159.316955566 -0.021758696 0.998074651 -0.058076512 -6.413122177 -0.999574959 -0.022844132 -0.018092785 -42.413322449
-0.024779283 0.057674151 0.998028994 160.054428101 -0.022373527 0.998052120 -0.058231074 -6.466502666 -0.999442220 -0.023772296 -0.023441192 -42.427356720
-0.030368743 0.059031025 0.997795343 160.787689209 -0.024058271 0.997921824 -0.059770852 -6.519789219 -0.999248743 -0.025820337 -0.028885994 -42.441360474
-0.034494597 0.061271079 0.997526109 161.517074585 -0.024160694 0.997775793 -0.062121991 -6.579043388 -0.999112368 -0.026243741 -0.032938059 -42.459827423
-0.037053302 0.063522950 0.997293532 162.245269775 -0.024013912 0.997632444 -0.064436860 -6.637081146 -0.999024272 -0.026336465 -0.035440687 -42.482807159
-0.038719736 0.065052919 0.997131586 162.967681885 -0.021096649 0.997602582 -0.065902971 -6.691924095 -0.999026954 -0.023587829 -0.037255056 -42.509426117
-0.038012315 0.063543789 0.997256100 163.683364868 -0.017860994 0.997773051 -0.064257659 -6.748231411 -0.999117196 -0.020254524 -0.036793254 -42.535797119
-0.034030251 0.059851341 0.997628272 164.401351929 -0.015252797 0.998057425 -0.060397498 -6.807925224 -0.999303997 -0.017271921 -0.033051796 -42.559291840
-0.026693529 0.059788849 0.997855306 165.107452393 -0.014190187 0.998086095 -0.060182411 -6.865116596 -0.999542654 -0.015766190 -0.025794586 -42.571964264
-0.015455518 0.060581204 0.998044729 165.811019897 -0.011610582 0.998084247 -0.060763516 -6.919647217 -0.999812841 -0.012526973 -0.014723097 -42.578254700
-0.000990105 0.060991269 0.998139024 166.504653931 -0.009053393 0.998096406 -0.060997777 -6.970908642 -0.999958336 -0.009096904 -0.000436628 -42.575447083
0.014209970 0.058628261 0.998179913 167.201522827 -0.009966471 0.998237789 -0.058489908 -7.020765305 -0.999849141 -0.009117155 0.014768647 -42.555225372
0.030345932 0.053990129 0.998081326 167.894180298 -0.015003920 0.998451710 -0.053554095 -7.070168018 -0.999426663 -0.013349940 0.031108394 -42.518367767
0.046661295 0.047463298 0.997783542 168.586334229 -0.016343098 0.998772621 -0.046746176 -7.116661072 -0.998776913 -0.014125592 0.047379091 -42.473060608
0.063804083 0.040198002 0.997153461 169.268554688 -0.016295191 0.999096811 -0.039233781 -7.157253742 -0.997829318 -0.013745485 0.064400859 -42.421859741
0.081244700 0.032798231 0.996155381 169.950302124 -0.016793542 0.999361157 -0.031534251 -7.194831371 -0.996552646 -0.014166933 0.081742942 -42.354820251
0.098265305 0.026973734 0.994795561 170.624664307 -0.018416906 0.999510229 -0.025282474 -7.230759144 -0.994989753 -0.015836608 0.098713309 -42.272506714
0.116002105 0.024815224 0.992939889 171.285552979 -0.019322788 0.999554515 -0.022723233 -7.262775421 -0.993060887 -0.016550362 0.116429269 -42.180084229
0.133878320 0.023564434 0.990718603 171.939773560 -0.017842706 0.999611974 -0.021364953 -7.288368702 -0.990837097 -0.014816734 0.134246156 -42.080802917
0.151039898 0.023296300 0.988254070 172.587295532 -0.018978538 0.999605834 -0.020663427 -7.310235977 -0.988345385 -0.015634554 0.151421800 -41.965991974
0.166890875 0.022242634 0.985725522 173.224060059 -0.023602832 0.999548614 -0.018558525 -7.332513809 -0.985692739 -0.020168599 0.167339861 -41.839923859
0.181108087 0.018795207 0.983284652 173.863739014 -0.025727047 0.999565244 -0.014367938 -7.356004715 -0.983126640 -0.022694787 0.181512237 -41.705020905
0.193469346 0.014977423 0.980993092 174.499084473 -0.022391297 0.999690056 -0.010847032 -7.377415657 -0.980850697 -0.019867074 0.193744004 -41.576076508
0.204296753 0.014004149 0.978810012 175.125442505 -0.020095197 0.999746501 -0.010109553 -7.395943165 -0.978702664 -0.017603962 0.204525694 -41.440731049
0.214063093 0.017853696 0.976657748 175.728942871 -0.024726462 0.999611318 -0.012853884 -7.418937683 -0.976506829 -0.021397684 0.214420617 -41.294471741
0.222936332 0.025035791 0.974512577 176.328826904 -0.028911490 0.999399841 -0.019061286 -7.443479061 -0.974404216 -0.023925094 0.223525599 -41.138835907
0.232061327 0.034934271 0.972074747 176.921432495 -0.028783366 0.999163568 -0.029036511 -7.465779305 -0.972275138 -0.021241277 0.232871994 -40.989776611
0.240472540 0.040793255 0.969799519 177.523712158 -0.023082815 0.999073982 -0.036301129 -7.487296104 -0.970381379 -0.013656232 0.241190687 -40.844833374
0.246966317 0.039001845 0.968239963 178.125534058 -0.022470443 0.999151230 -0.034515627 -7.509323120 -0.968763530 -0.013232536 0.247632340 -40.689502716
0.252743840 0.031605996 0.967017949 178.742111206 -0.025136024 0.999343097 -0.026092967 -7.532506943 -0.967206717 -0.017712094 0.253371477 -40.515579224
0.257030129 0.021277960 0.966170192 179.355377197 -0.029744366 0.999457777 -0.014098270 -7.557650089 -0.965945542 -0.025114369 0.257522911 -40.339149475
0.259040207 0.013166335 0.965777993 179.969772339 -0.029677836 0.999543130 -0.005666596 -7.582937241 -0.965410471 -0.027194247 0.259311765 -40.168342590
0.260059297 0.012532798 0.965512395 180.580871582 -0.026187656 0.999639153 -0.005922283 -7.602417469 -0.965237498 -0.023744289 0.260292858 -40.005275726
0.261331350 0.014494603 0.965141535 181.189819336 -0.022448551 0.999707818 -0.008935438 -7.618257523 -0.964988053 -0.019330846 0.261579514 -39.844310760
0.262967795 0.014052338 0.964703441 181.806304932 -0.019078184 0.999773920 -0.009362794 -7.629352570 -0.964615941 -0.015942609 0.263175607 -39.678497314
0.264805287 0.012016651 0.964228272 182.420501709 -0.021065997 0.999755621 -0.006674177 -7.638202667 -0.964071751 -0.018545004 0.264992833 -39.505107880
0.267498314 0.008464370 0.963522434 183.039566040 -0.021365922 0.999767423 -0.002851163 -7.651818752 -0.963321328 -0.019823790 0.267616034 -39.326526642
0.270413756 0.003528503 0.962738991 183.661758423 -0.020581271 0.999785721 0.002116467 -7.664072514 -0.962524176 -0.020386634 0.270427555 -39.145992279
0.274683416 0.000839898 0.961535752 184.277267456 -0.019254105 0.999803722 0.004626918 -7.671476841 -0.961341918 -0.019784374 0.274644792 -38.963397980
0.280747116 -0.001205813 0.959782362 184.899398804 -0.017450623 0.999827325 0.006360518 -7.674788952 -0.959623098 -0.018534418 0.280676633 -38.775867462
0.288671792 -0.004147072 0.957420409 185.524353027 -0.015845483 0.999832690 0.009108244 -7.678789139 -0.957296968 -0.017800005 0.288556933 -38.585479736
0.298230827 -0.005766399 0.954477727 186.152755737 -0.013429372 0.999857068 0.010236516 -7.684833050 -0.954399228 -0.015870808 0.298109829 -38.382919312
0.309396595 -0.003770174 0.950926900 186.776397705 -0.014830058 0.999850988 0.008789193 -7.692292690 -0.950817466 -0.016821573 0.309293717 -38.170856476
0.320719719 0.000032997 0.947175384 187.397766113 -0.016005909 0.999857068 0.005384763 -7.697722912 -0.947038889 -0.016887337 0.320673555 -37.945907593
0.332292706 0.003297635 0.943171859 188.018768311 -0.017199229 0.999848425 0.002563627 -7.699369431 -0.943019569 -0.017073635 0.332298130 -37.714824677
0.343857676 0.003753232 0.939015746 188.640075684 -0.016230438 0.999865949 0.001946855 -7.703328609 -0.938881516 -0.015910009 0.343871564 -37.477577209
0.355052263 0.000838735 0.934847474 189.273468018 -0.015551279 0.999866068 0.005009150 -7.708016872 -0.934717238 -0.016316514 0.355016828 -37.228485107
0.365986228 -0.000595837 0.930621445 189.902816772 -0.016751828 0.999833107 0.007228043 -7.716207981 -0.930469513 -0.018234905 0.365914226 -36.965167999
