1.000000000 0.000000000 0.000000000 0.000000000 0.000000000 1.000000000 0.000000000 0.000000000 0.000000000 0.000000000 1.000000000 0.000000000
0.999990702 -0.002741495 -0.003320693 -0.001124746 0.002734358 0.999993920 -0.002151883 -0.004826037 0.003326572 0.002142784 0.999992192 0.684430420
0.999971688 -0.001416075 -0.007387429 -0.010808069 0.001388865 0.999992192 -0.003687059 -0.007956561 0.007392594 0.003676694 0.999965906 1.387019157
0.999935269 -0.001473186 -0.011279342 -0.025108730 0.001415322 0.999985754 -0.005136311 -0.011811679 0.011286749 0.005120015 0.999923170 2.106335640
0.999868512 -0.000215960 -0.016212637 -0.041638471 0.000123599 0.999983728 -0.005697632 -0.018643601 0.016213603 0.005694880 0.999852300 2.843529940
0.999788582 -0.001272430 -0.020519756 -0.060796153 0.001152268 0.999982119 -0.005866656 -0.028689483 0.020526852 0.005841772 0.999772191 3.594891071
0.999687612 0.000514643 -0.024986248 -0.087416060 -0.000692541 0.999974489 -0.007111678 -0.037404422 0.024981949 0.007126761 0.999662459 4.362945557
0.999549150 0.003163257 -0.029855389 -0.119006477 -0.003395404 0.999964416 -0.007728212 -0.046445288 0.029829878 0.007826099 0.999524295 5.144511223
0.999411166 0.003553582 -0.034125164 -0.152169392 -0.003764616 0.999974191 -0.006121865 -0.055514436 0.034102529 0.006246729 0.999398768 5.941651821
0.999252141 0.002798188 -0.038563997 -0.186288521 -0.002931078 0.999989986 -0.003389844 -0.065683097 0.038554125 0.003500344 0.999250352 6.751858711
0.999110103 0.002585310 -0.042092856 -0.224260360 -0.002616885 0.999996364 -0.000695046 -0.076154828 0.042090900 0.000804582 0.999113381 7.571489334
0.998991609 0.004103239 -0.044704519 -0.268306494 -0.004166042 0.999990523 -0.001311750 -0.085926980 0.044698708 0.001496670 0.998999357 8.396547318
0.998894155 0.003601398 -0.046871092 -0.311912477 -0.003677001 0.999992132 -0.001526894 -0.092829712 0.046865232 0.001697553 0.998899698 9.229893684
0.998815000 0.000594042 -0.048658900 -0.352255404 -0.000697260 0.999997675 -0.002104323 -0.099503964 0.048657529 0.002135760 0.998813212 10.071393967
0.998713315 0.000505796 -0.050704878 -0.397173852 -0.000572637 0.999999046 -0.001303741 -0.107789561 0.050704170 0.001331101 0.998712778 10.925208092
0.998640060 -0.000954482 -0.052119903 -0.444142222 0.000878143 0.999998569 -0.001487580 -0.117989019 0.052121244 0.001439791 0.998639643 11.788465500
0.998541176 0.001312683 -0.053974412 -0.497309446 -0.001517464 0.999991894 -0.003753243 -0.128639743 0.053969044 0.003829675 0.998535216 12.657994270
0.998466551 0.001731606 -0.055325329 -0.551284850 -0.002087898 0.999977529 -0.006382796 -0.138741136 0.055313032 0.006488526 0.998447895 13.536602020
0.998348475 0.005576885 -0.057171799 -0.610276818 -0.006043307 0.999949932 -0.007988580 -0.149740189 0.057124373 0.008320896 0.998332322 14.424928665
0.998281360 0.006424747 -0.058245346 -0.668781817 -0.006881293 0.999947250 -0.007641136 -0.163064912 0.058193177 0.008028810 0.998272955 15.325144768
0.998207211 0.005588651 -0.059586409 -0.726079345 -0.005968190 0.999963164 -0.006193484 -0.177619115 0.059549596 0.006538009 0.998203754 16.229400635
0.998118222 0.006256625 -0.060994335 -0.786072075 -0.006557000 0.999967515 -0.004725715 -0.190502882 0.060962778 0.005116767 0.998126745 17.139827728
0.998060524 0.005866796 -0.061968129 -0.846997619 -0.006165860 0.999970317 -0.004635940 -0.204597667 0.061939090 0.005009041 0.998067200 18.053611755
0.997958422 0.005679432 -0.063607931 -0.908289492 -0.006039067 0.999966979 -0.005463094 -0.217850268 0.063574798 0.005836078 0.997959793 18.969377518
0.997902393 0.004313109 -0.064587101 -0.970369697 -0.004723459 0.999969721 -0.006202098 -0.231044680 0.064558394 0.006494168 0.997892618 19.893249512
0.997863829 0.004337716 -0.065178894 -1.033935547 -0.004638206 0.999979436 -0.004459647 -0.243066534 0.065158188 0.004752439 0.997863472 20.828502655
0.997864425 0.005578517 -0.065074831 -1.101123691 -0.005655070 0.999983668 -0.000992237 -0.255899698 0.065068230 0.001358126 0.997879744 21.769119263
0.997911632 0.006616571 -0.064248800 -1.167258263 -0.006452672 0.999975502 0.002758188 -0.266902626 0.064265475 -0.002337847 0.997929931 22.714052200
0.998019695 0.005536274 -0.062653542 -1.229468822 -0.005195952 0.999970973 0.005593443 -0.273687124 0.062682681 -0.005256817 0.998019516 23.662599564
0.998114407 0.005659733 -0.061114442 -1.289732933 -0.005280209 0.999965966 0.006369791 -0.279789150 0.061148409 -0.006035077 0.998110294 24.615966797
0.998193562 0.005835552 -0.059792664 -1.350208044 -0.005636028 0.999978185 0.003505080 -0.286230832 0.059811816 -0.003161748 0.998204589 25.574802399
0.998245358 0.006642427 -0.058835596 -1.412341952 -0.006734584 0.999976635 -0.001368152 -0.291837305 0.058825128 0.001761991 0.998266697 26.536815643
0.998320520 0.005532792 -0.057662252 -1.469614387 -0.005788417 0.999974370 -0.004267026 -0.300283074 0.057637159 0.004593638 0.998326957 27.504127502
0.998374581 0.002881625 -0.056914106 -1.525686502 -0.003069180 0.999990344 -0.003208269 -0.311164558 0.056904308 0.003377740 0.998373926 28.481845856
0.998366714 0.001037071 -0.057115901 -1.583046913 -0.000938321 0.999998271 0.001755722 -0.321414769 0.057117607 -0.001699256 0.998365939 29.469083786
0.998318136 -0.002881331 -0.057896361 -1.638559341 0.003190518 0.999981403 0.005248568 -0.331834108 0.057880145 -0.005424454 0.998308778 30.457740784
0.998211205 -0.010370942 -0.058874719 -1.688098907 0.010662573 0.999932647 0.004641286 -0.339779913 0.058822602 -0.005260735 0.998254538 31.441820145
0.998099267 -0.012628015 -0.060314924 -1.744973898 0.012697506 0.999919295 0.000768834 -0.345871270 0.060300343 -0.001533216 0.998179018 32.431243896
0.998012841 -0.012524075 -0.061749592 -1.808194399 0.012353550 0.999918938 -0.003142722 -0.354848415 0.061783940 0.002373656 0.998086751 33.423561096
0.997892678 -0.011402931 -0.063872509 -1.873612642 0.011180602 0.999930382 -0.003837297 -0.366319180 0.063911803 0.003115083 0.997950613 34.424350739
0.997833967 -0.011607380 -0.064744942 -1.939327002 0.011478269 0.999931335 -0.002365880 -0.379455686 0.064767964 0.001617602 0.997898877 35.431335449
0.997790992 -0.008542357 -0.065873094 -2.012679338 0.008593912 0.999963045 0.000499224 -0.393617570 0.065866381 -0.001064223 0.997827768 36.442539215
0.997704983 -0.008774896 -0.067133248 -2.083760023 0.008919586 0.999958575 0.001855728 -0.404389918 0.067114182 -0.002450265 0.997742116 37.455108643
0.997642159 -0.007668261 -0.068194315 -2.151488304 0.007992016 0.999958038 0.004475870 -0.412677944 0.068157122 -0.005010323 0.997661829 38.462654114
0.997650504 -0.007817698 -0.068055376 -2.223008156 0.008350829 0.999936581 0.007552731 -0.420920193 0.067992017 -0.008103302 0.997652829 39.475780487
0.997641206 -0.002163234 -0.068605021 -2.301980019 0.002847208 0.999947131 0.009873465 -0.425649256 0.068580046 -0.010045505 0.997594893 40.486099243
0.997634590 -0.002347900 -0.068695314 -2.376589060 0.002995364 0.999952018 0.009323591 -0.430739731 0.068670124 -0.009507298 0.997594059 41.492492676
0.997642815 -0.002321530 -0.068576381 -2.447780132 0.002857725 0.999966145 0.007721799 -0.434859842 0.068556122 -0.007899566 0.997615874 42.495517731
0.997646570 -0.000256824 -0.068559863 -2.523705959 0.000639310 0.999984324 0.005556926 -0.440151155 0.068557374 -0.005587674 0.997631371 43.497909546
0.997579873 -0.000734698 -0.069521315 -2.596528053 0.001131033 0.999983370 0.005661662 -0.448174089 0.069515996 -0.005726585 0.997564316 44.497688293
0.997492731 -0.002730330 -0.070711680 -2.666339636 0.003224457 0.999971092 0.006874612 -0.455367893 0.070690863 -0.007085376 0.997472942 45.498481750
0.997437477 -0.002143736 -0.071507938 -2.742418289 0.002718366 0.999964714 0.007939428 -0.463790178 0.071488388 -0.008113462 0.997408330 46.494899750
0.997426987 0.000131314 -0.071685612 -2.822081327 0.000187451 0.999990106 0.004439871 -0.474140495 0.071685478 -0.004441879 0.997417212 47.483764648
0.997376561 0.000502599 -0.072382011 -2.901291847 -0.000485979 0.999999762 0.000247135 -0.481265694 0.072382130 -0.000211303 0.997376800 48.468627930
0.997335017 0.001313952 -0.072942927 -2.978315830 -0.001390149 0.999998510 -0.000993940 -0.491230130 0.072941497 0.001092702 0.997335434 49.451534271
0.997329950 -0.000046423 -0.073023923 -3.051518440 0.000234292 0.999996603 0.002564048 -0.504127800 0.073023558 -0.002574304 0.997326732 50.434646606
0.997311771 -0.002029170 -0.073243581 -3.124219418 0.002450523 0.999980927 0.005663266 -0.514925420 0.073230691 -0.005827521 0.997297823 51.416069031
0.997286797 -0.003900151 -0.073507294 -3.196320057 0.004373285 0.999970734 0.006276608 -0.523854852 0.073480651 -0.006581041 0.997274816 52.392002106
0.997257590 -0.007079612 -0.073665559 -3.266985893 0.007472937 0.999959171 0.005064989 -0.532772779 0.073626690 -0.005601590 0.997270048 53.361656189
0.997203052 -0.009889859 -0.074079372 -3.336331367 0.010197667 0.999940813 0.003777911 -0.542007029 0.074037619 -0.004522775 0.997245014 54.323986053
0.997106194 -0.011458837 -0.075148277 -3.408514500 0.011867926 0.999917090 0.004999353 -0.550565779 0.075084731 -0.005876733 0.997159660 55.290370941
0.996980131 -0.014516468 -0.076284274 -3.479376793 0.015254006 0.999842346 0.009094380 -0.557167768 0.076140210 -0.010230551 0.997044384 56.253299713
0.996920288 -0.015398637 -0.076891080 -3.552021742 0.016525632 0.999764800 0.014042166 -0.560154200 0.076656751 -0.015269589 0.996940434 57.217586517
0.996901751 -0.013673476 -0.077455029 -3.630990505 0.014982143 0.999754190 0.016339857 -0.563094676 0.077212550 -0.017449670 0.996861756 58.174736023
0.996807933 -0.012575167 -0.078836218 -3.710137367 0.013597147 0.999830186 0.012439822 -0.567190111 0.078666396 -0.013472053 0.996809781 59.116313934
0.996726215 -0.011106863 -0.080081515 -3.790807247 0.011520482 0.999922514 0.004704670 -0.570846021 0.080023050 -0.005611836 0.996777117 60.049194336
0.996677935 -0.009450204 -0.080889642 -3.871380091 0.009472650 0.999955118 -0.000106371 -0.578144610 0.080887012 -0.000660211 0.996722817 60.970428467
0.996628404 -0.004655771 -0.081912160 -3.956592798 0.004740931 0.999988317 0.000845081 -0.589232445 0.081907272 -0.001230562 0.996639013 61.887157440
0.996569097 -0.001848429 -0.082741395 -4.040826321 0.002118422 0.999992609 0.003175343 -0.603849769 0.082734928 -0.003339720 0.996565819 62.790405273
0.996479869 0.000629046 -0.083825618 -4.121355057 -0.000229004 0.999988437 0.004781767 -0.618314028 0.083827674 -0.004745728 0.996468782 63.677761078
0.996389151 0.001340602 -0.084888183 -4.200804710 -0.000959975 0.999989033 0.004524381 -0.626669526 0.084893383 -0.004426539 0.996380031 64.551101685
0.996249199 0.003032890 -0.086472631 -4.280417919 -0.002577112 0.999981940 0.005381791 -0.636884570 0.086487450 -0.005138741 0.996239483 65.410690308
0.996126711 0.003762760 -0.087844074 -4.359234810 -0.003247981 0.999976516 0.006002210 -0.648612261 0.087864652 -0.005693632 0.996115923 66.259437561
0.995990932 0.003683329 -0.089374609 -4.435777664 -0.003115422 0.999973893 0.006492766 -0.658949137 0.089396253 -0.006188282 0.995976686 67.091819763
0.995873630 0.003444244 -0.090682529 -4.511850357 -0.002771396 0.999967396 0.007544568 -0.665674746 0.090705626 -0.007262104 0.995851040 67.912254333
0.995744705 0.006219153 -0.091941044 -4.594225407 -0.005303489 0.999933660 0.010200096 -0.671668351 0.091998443 -0.009669072 0.995712042 68.719680786
0.995622337 0.007678118 -0.093147568 -4.674049854 -0.006368650 0.999876559 0.014346994 -0.677661300 0.093246289 -0.013690953 0.995548725 69.513565063
0.995433331 0.010704563 -0.094854094 -4.753623486 -0.009217632 0.999827623 0.016100168 -0.681998491 0.095010154 -0.015152304 0.995360792 70.292518616
0.995274425 0.013423997 -0.096166328 -4.835106850 -0.012324815 0.999851644 0.012014792 -0.688855827 0.096313410 -0.010772772 0.995292604 71.046302795
0.995146513 0.013350453 -0.097490564 -4.912234306 -0.012949483 0.999904692 0.004744393 -0.696583986 0.097544670 -0.003458901 0.995224893 71.777763367
0.995015681 0.012470623 -0.098932892 -4.984669209 -0.012642860 0.999919295 -0.001114357 -0.702826619 0.098911062 0.002359607 0.995093107 72.491157532
0.994969010 0.013383223 -0.099281766 -5.061379433 -0.013683693 0.999903440 -0.002346253 -0.708058596 0.099240825 0.003692999 0.995056212 73.190322876
0.994858980 0.016238473 -0.099956669 -5.138679981 -0.016194116 0.999867916 0.001255007 -0.720015764 0.099963896 0.000370165 0.994990587 73.872039795
0.994725406 0.016479334 -0.101239204 -5.209334850 -0.016202809 0.999862313 0.003552954 -0.735626340 0.101283848 -0.001893844 0.994855344 74.532363892
0.994672835 0.013316032 -0.102215238 -5.275289536 -0.013353744 0.999910712 0.000315180 -0.747788012 0.102210343 0.001051464 0.994761884 75.168945312
0.994757831 0.005199921 -0.102122955 -5.330429077 -0.005734305 0.999971271 -0.004940064 -0.758840978 0.102094375 0.005499781 0.994759083 75.785911560
0.994879246 0.001134786 -0.101061322 -5.386256218 -0.002134037 0.999949753 -0.009780197 -0.769069672 0.101045199 0.009945793 0.994831622 76.385215759
0.995189965 0.003604165 -0.097894341 -5.448086739 -0.004604212 0.999939322 -0.009991788 -0.780096471 0.097852431 0.010394464 0.995146275 76.972412109
0.995558679 0.008574398 -0.093748152 -5.511192322 -0.009277212 0.999931931 -0.007063766 -0.791153967 0.093681253 0.007902125 0.995570481 77.545944214
0.995998859 0.006987120 -0.089088283 -5.557961464 -0.007375327 0.999964595 -0.004029311 -0.801787734 0.089057028 0.004670254 0.996015131 78.106513977
0.996509075 0.003243805 -0.083415091 -5.592741966 -0.003237670 0.999994636 0.000208584 -0.813197970 0.083415382 0.000062224 0.996514499 78.655319214
0.997168124 -0.001205905 -0.075187579 -5.622418880 0.001489767 0.999991834 0.003719137 -0.827016890 0.075182535 -0.003820609 0.997162044 79.189460754
0.997922063 0.002397215 -0.064380042 -5.656160355 -0.002170618 0.999991059 0.003589095 -0.835203648 0.064388126 -0.003441884 0.997918606 79.710487366
0.998764217 0.007581927 -0.049106311 -5.685153008 -0.007436058 0.999967277 0.003152132 -0.842567921 0.049128648 -0.002783071 0.998788178 80.216384888
0.999441922 0.012593082 -0.030921530 -5.699058056 -0.012482419 0.999914825 0.003768739 -0.848033786 0.030966412 -0.003380652 0.999514222 80.710395813
0.999901354 0.010912872 -0.008783013 -5.688853264 -0.010875063 0.999931335 0.004339262 -0.852438509 0.008829810 -0.004243310 0.999951661 81.193649292
0.999818265 0.007375133 0.017550275 -5.660007477 -0.007470374 0.999957502 0.005368343 -0.859221935 -0.017509915 -0.005498466 0.999831140 81.664253235
0.998861969 0.006229885 0.047274940 -5.619532585 -0.006568409 0.999953687 0.007009159 -0.865514159 -0.047229066 -0.007311696 0.998856902 82.127159119
0.996730149 0.005742666 0.080589704 -5.563858986 -0.006455539 0.999942183 0.008588172 -0.871755958 -0.080535710 -0.009080335 0.996709883 82.581542969
0.992966235 0.005606741 0.118259758 -5.488936424 -0.006742859 0.999934673 0.009209198 -0.875963330 -0.118200392 -0.009941826 0.992939591 83.029304504
0.987076283 0.005807603 0.160141274 -5.395050049 -0.007385478 0.999929667 0.009259678 -0.878478050 -0.160076261 -0.010322730 0.987050235 83.467391968
0.978666842 0.005481537 0.205376789 -5.279258728 -0.007555718 0.999927878 0.009316586 -0.882526934 -0.205310941 -0.010669602 0.978638232 83.892387390
0.966978252 0.007637033 0.254741490 -5.147937775 -0.009844747 0.999924004 0.007392688 -0.890166163 -0.254665732 -0.009656432 0.966980517 84.298782349
0.951345980 0.008499751 0.308005214 -4.991230011 -0.010442826 0.999934435 0.004660856 -0.897773743 -0.307945490 -0.007650528 0.951372802 84.686782837
0.931276619 0.008706728 0.364206910 -4.814027786 -0.010383852 0.999942362 0.002646937 -0.903191388 -0.364163041 -0.006246897 0.931313813 85.058700562
0.906598389 0.009376103 0.421888769 -4.617330551 -0.010726239 0.999942005 0.000826882 -0.906693757 -0.421856642 -0.005274926 0.906646729 85.412300110
0.877132654 0.009478873 0.480153054 -4.398822784 -0.010204247 0.999947190 -0.001099381 -0.910522521 -0.480138242 -0.003935294 0.877183557 85.743530273
0.843185067 0.007796638 0.537565529 -4.157032013 -0.007320077 0.999968469 -0.003021380 -0.917418599 -0.537572324 -0.001387432 0.843216002 86.054603577
0.805754483 0.007440679 0.592201829 -3.896869659 -0.006109492 0.999972045 -0.004251421 -0.924319267 -0.592217088 -0.000192447 0.805777907 86.346839905
0.765268743 0.006063580 0.643681407 -3.619731903 -0.005136102 0.999981046 -0.003313668 -0.931097507 -0.643689513 -0.000770161 0.765285790 86.618515015
0.721755147 0.005623498 0.692125142 -3.330036163 -0.006544933 0.999977469 -0.001299637 -0.935757875 -0.692116857 -0.003591889 0.721775711 86.872375488
0.675895274 0.004481816 0.736983538 -3.026050568 -0.005608993 0.999983549 -0.000937101 -0.940742433 -0.736975610 -0.003500351 0.675909340 87.100662231
0.628811777 0.003137458 0.777550697 -2.708160400 -0.002136006 0.999994755 -0.002307596 -0.945476055 -0.777553916 -0.000209807 0.628815293 87.302154541
0.581490815 0.000505430 0.813552380 -2.375728607 0.003781759 0.999987006 -0.003324260 -0.949926078 -0.813543439 0.005009687 0.581481457 87.482131958
0.534290016 0.002502052 0.845297098 -2.039253235 0.002071505 0.999988437 -0.004269250 -0.956917405 -0.845297933 0.004032058 0.534278750 87.652412415
0.486453414 0.005361593 0.873689771 -1.696708679 -0.001657017 0.999984682 -0.005214012 -0.963201344 -0.873704314 0.001088658 0.486454934 87.811828613
0.440582961 0.007523996 0.897679985 -1.349262238 -0.002289952 0.999970734 -0.007257420 -0.969384074 -0.897708416 0.001141854 0.440587342 87.948211670
0.398072034 0.005050264 0.917339921 -0.989276886 0.005023710 0.999957502 -0.007685076 -0.973078251 -0.917339802 0.007667665 0.398029834 88.057662964
0.358377159 -0.002352250 0.933573544 -0.618946075 0.020077234 0.999784708 -0.005188082 -0.974273860 -0.933360338 0.020602869 0.358347267 88.144035339
0.322949708 -0.005902691 0.946397305 -0.243995667 0.024180945 0.999705315 -0.002016334 -0.975631833 -0.946106553 0.023535959 0.322997332 88.232803345
0.289707154 -0.001824727 0.957113385 0.130235672 0.021698151 0.999753594 -0.004661738 -0.980992675 -0.956868887 0.022118127 0.289675385 88.327697754
0.258580148 0.005781597 0.965972245 0.505880356 0.010993626 0.999899566 -0.008927511 -0.993486702 -0.965926826 0.012928011 0.258490652 88.425819397
0.230148077 0.010123574 0.973102748 0.892576218 0.006348492 0.999908924 -0.011903904 -1.008075118 -0.973134518 0.008917392 0.230062872 88.508857727
0.204451501 0.011836639 0.978804886 1.293535233 0.007680147 0.999876678 -0.013695654 -1.020455599 -0.978846133 0.010317465 0.204335421 88.572929382
0.180939481 0.013263255 0.983404577 1.704609871 0.015155971 0.999752581 -0.016272314 -1.028411150 -0.983376980 0.017848752 0.180693746 88.623107910
0.160712004 0.019628104 0.986805916 2.123448372 0.021949481 0.999483764 -0.023454960 -1.026823282 -0.986756921 0.025429368 0.160198182 88.666412354
0.140858710 0.026419085 0.989676952 2.553575516 0.024070101 0.999256849 -0.030100644 -1.025490284 -0.989736617 0.028061558 0.140118152 88.715927124
0.123131126 0.027196644 0.992017448 3.001686096 0.021699829 0.999311507 -0.030090015 -1.037773848 -0.992152750 0.025231622 0.122456193 88.768356323
0.107564047 0.022753526 0.993937612 3.468519211 0.019935945 0.999487460 -0.025038032 -1.058379054 -0.993997812 0.022508273 0.107055351 88.813667297
0.092883527 0.019483868 0.995486200 3.947239876 0.020144656 0.999566972 -0.021443306 -1.076835632 -0.995472789 0.022045448 0.092450842 88.852584839
0.079561435 0.017001038 0.996684968 4.438237190 0.022557760 0.999567628 -0.018850887 -1.091995955 -0.996574342 0.023982778 0.079143591 88.882347107
0.067841455 0.016118722 0.997565806 4.944627285 0.026387610 0.999490619 -0.017944343 -1.105304480 -0.997346699 0.027540747 0.067381606 88.906936646
0.057642672 0.016771723 0.998196363 5.465826988 0.029642846 0.999389112 -0.018503528 -1.117309809 -0.997896791 0.030655969 0.057110347 88.927467346
0.049663540 0.017348826 0.998615205 6.001224518 0.031755235 0.999316037 -0.018940246 -1.129547834 -0.998260796 0.032651890 0.049078707 88.948570251
0.044010375 0.017809305 0.998872280 6.555847168 0.033561837 0.999250233 -0.019294761 -1.141367435 -0.998466909 0.034373153 0.043379720 88.967971802
0.038384438 0.018923277 0.999083817 7.127253532 0.034872327 0.999186218 -0.020264978 -1.154650450 -0.998654068 0.035618234 0.037693352 88.986236572
0.032223143 0.019700820 0.999286413 7.719079494 0.035457395 0.999153733 -0.020841546 -1.167661309 -0.998851240 0.036103677 0.031497382 89.003890991
0.027727824 0.019805979 0.999419153 8.330442429 0.037899822 0.999063909 -0.020850409 -1.182422757 -0.998896480 0.038455952 0.026951279 89.017791748
0.024696860 0.019818321 0.999498427 8.958916664 0.039337333 0.999009848 -0.020780606 -1.197892904 -0.998920441 0.039830822 0.023892857 89.030876160
0.021520026 0.019392490 0.999580204 9.607463837 0.040127065 0.998989344 -0.020244906 -1.213861704 -0.998962581 0.040545892 0.020720158 89.044601440
0.018939285 0.018919053 0.999641359 10.271898270 0.042146944 0.998917282 -0.019703833 -1.229918122 -0.998931646 0.042505022 0.018121446 89.056564331
0.018229064 0.018639496 0.999659836 10.953754425 0.046641938 0.998721957 -0.019472506 -1.246625423 -0.998745084 0.046981059 0.017336430 89.063095093
0.019234894 0.018322589 0.999646902 11.653941154 0.050224286 0.998552144 -0.019268891 -1.264658570 -0.998552561 0.050577193 0.018286856 89.071357727
0.021581285 0.018261068 0.999599993 12.372031212 0.051883690 0.998465598 -0.019360473 -1.282441616 -0.998419762 0.052280772 0.020600762 89.086898804
0.025434120 0.018194783 0.999510646 13.107496262 0.054463059 0.998324215 -0.019559056 -1.301275492 -0.998191655 0.054933887 0.024400603 89.104316711
0.029698145 0.017715737 0.999401689 13.861817360 0.054983441 0.998300254 -0.019330066 -1.318742275 -0.998045385 0.055524625 0.028673641 89.126930237
0.033700891 0.016073549 0.999302506 14.630956650 0.056497764 0.998241246 -0.017961798 -1.337135792 -0.997833669 0.057063691 0.032733552 89.154136658
0.037663095 0.014540280 0.999184430 15.415231705 0.056332354 0.998273253 -0.016650371 -1.355604172 -0.997701287 0.056913529 0.036779031 89.186531067
0.041761834 0.012401142 0.999050438 16.215026855 0.053172778 0.998478472 -0.014616715 -1.375115752 -0.997711599 0.053732719 0.041038938 89.226844788
0.045838349 0.011284593 0.998884857 17.025480270 0.052419621 0.998531461 -0.013686077 -1.393098354 -0.997572422 0.052988525 0.045179546 89.268943787
0.049963675 0.012186668 0.998676360 17.845125198 0.049717810 0.998655319 -0.014673750 -1.412727714 -0.997512937 0.050385155 0.049290650 89.316398621
0.053178392 0.016274545 0.998452127 18.663316727 0.047822975 0.998678207 -0.018825289 -1.434842467 -0.997439265 0.048750058 0.052329879 89.364601135
0.054393262 0.021438889 0.998289108 19.486310959 0.042020656 0.998834431 -0.023740124 -1.458954573 -0.997635126 0.043240067 0.053429052 89.423049927
0.054359414 0.024394611 0.998223126 20.324182510 0.039095968 0.998882771 -0.026539713 -1.486786366 -0.997755945 0.040469185 0.053345017 89.475997925
0.054495040 0.023810875 0.998229861 21.161193848 0.036861591 0.998985887 -0.025841214 -1.516803145 -0.997833550 0.038204558 0.053562142 89.528549194
0.054410294 0.021964379 0.998276770 21.996835709 0.033968598 0.999138355 -0.023834735 -1.549589872 -0.997940898 0.035206914 0.053617384 89.582710266
0.054233342 0.020921592 0.998308778 22.828271866 0.035087567 0.999122739 -0.022844754 -1.576218128 -0.997911811 0.036267173 0.053451754 89.629913330
0.054665823 0.020272596 0.998298645 23.656017303 0.032550886 0.999225974 -0.022073846 -1.606390834 -0.997974098 0.033702191 0.053963698 89.680603027
0.054872394 0.020645209 0.998279631 24.483249664 0.031181399 0.999262810 -0.022379452 -1.635983706 -0.998006463 0.032355770 0.054188274 89.728210449
0.055030148 0.021197325 0.998259366 25.306690216 0.028469982 0.999334514 -0.022789557 -1.665997505 -0.998078823 0.029674534 0.054390114 89.778297424
0.053787731 0.022557398 0.998297215 26.129001617 0.025734834 0.999380887 -0.023968427 -1.695547104 -0.998220742 0.026980218 0.053174023 89.828926086
0.051079944 0.022232555 0.998446703 26.948541641 0.023117226 0.999457538 -0.023437683 -1.722835541 -0.998427033 0.024278505 0.050538387 89.875411987
0.047247157 0.020930320 0.998663545 27.771530151 0.020605747 0.999546826 -0.021923654 -1.752196550 -0.998670816 0.021614028 0.046794556 89.919097900
0.042379059 0.018539624 0.998929262 28.594345093 0.018826058 0.999634981 -0.019351371 -1.780124307 -0.998924315 0.019625977 0.042014666 89.958297729
0.036176436 0.016530843 0.999208391 29.413993835 0.016849685 0.999710441 -0.017149154 -1.807337999 -0.999203444 0.017456725 0.035887524 89.990333557
0.028840065 0.016772373 0.999442935 30.225151062 0.016475206 0.999714971 -0.017252304 -1.834649563 -0.999448359 0.016963571 0.028555600 90.013763428
0.020076305 0.017710362 0.999641120 31.034393311 0.016125254 0.999706745 -0.018035335 -1.860967398 -0.999668419 0.016481532 0.019784912 90.030624390
0.010209344 0.018221693 0.999781370 31.840473175 0.016434046 0.999695361 -0.018387903 -1.884922981 -0.999812961 0.016618164 0.009906843 90.036621094
-0.000018347 0.017237518 0.999850988 32.646522522 0.017792381 0.999692678 -0.017234419 -1.910037518 -0.999841690 0.017789397 -0.000324979 90.034301758
-0.010725614 0.016229078 0.999810398 33.447776794 0.016688881 0.999731481 -0.016048726 -1.936140537 -0.999803245 0.016513569 -0.010993518 90.024856567
-0.021755006 0.015433439 0.999643564 34.245777130 0.018077247 0.999723017 -0.015041208 -1.959503412 -0.999599874 0.017743563 -0.022027930 90.004234314
-0.032728195 0.015798047 0.999338746 35.041694641 0.018180357 0.999718666 -0.015208600 -1.983703613 -0.999298871 0.017670572 -0.033006169 89.978027344
-0.043709569 0.016346253 0.998909950 35.828090668 0.018490864 0.999707699 -0.015550151 -2.009171724 -0.998873174 0.017790999 -0.043999024 89.942153931
-0.054300416 0.017529521 0.998370230 36.610454559 0.018201444 0.999696732 -0.016562808 -2.032054901 -0.998358786 0.017272394 -0.054602996 89.898704529
-0.064643838 0.018676862 0.997733057 37.389759064 0.019317767 0.999660492 -0.017461285 -2.054169893 -0.997721374 0.018145194 -0.064982682 89.845283508
-0.074087605 0.019294746 0.997064471 38.158969879 0.020101303 0.999638140 -0.017850859 -2.080603123 -0.997049153 0.018719751 -0.074448660 89.785522461
-0.083659351 0.019616701 0.996300697 38.923488617 0.020463848 0.999628782 -0.017963832 -2.108604431 -0.996284306 0.018885285 -0.084029742 89.719093323
-0.093073964 0.019846084 0.995460689 39.687469482 0.021024140 0.999617219 -0.017963173 -2.134747982 -0.995437264 0.019256787 -0.093455605 89.649627686
-0.101646602 0.019259982 0.994633496 40.436080933 0.022057693 0.999610007 -0.017102109 -2.160339832 -0.994576037 0.020200936 -0.102031805 89.571517944
-0.108920448 0.018015664 0.993886650 41.175567627 0.023628585 0.999599755 -0.015529706 -2.185893774 -0.993769705 0.021792619 -0.109302595 89.487472534
-0.114112496 0.016416058 0.993331730 41.902904510 0.026548803 0.999556243 -0.013468986 -2.208056211 -0.993113220 0.024834765 -0.114497751 89.398857117
-0.117893495 0.014914749 0.992913783 42.621734619 0.029647689 0.999493837 -0.011493319 -2.228333473 -0.992583752 0.028082596 -0.118276067 89.308433533
-0.120696440 0.013672864 0.992594779 43.332492828 0.031023946 0.999468088 -0.009995075 -2.249476910 -0.992204785 0.029587820 -0.121056482 89.223449707
-0.122384503 0.012924610 0.992398143 44.021903992 0.031460319 0.999462724 -0.009136813 -2.266814947 -0.991984129 0.030102948 -0.122725435 89.137245178
-0.123173870 0.013497060 0.992292881 44.695957184 0.032486700 0.999425828 -0.009561438 -2.283585310 -0.991853416 0.031058591 -0.123541705 89.052444458
-0.122198455 0.014498706 0.992399275 45.356071472 0.033333860 0.999388576 -0.010496221 -2.302685499 -0.991945982 0.031797867 -0.122607127 88.970497131
-0.119238324 0.016097521 0.992734730 46.000297546 0.034284458 0.999338508 -0.012086611 -2.321059704 -0.992273748 0.032594174 -0.119711399 88.895088196
-0.114063174 0.016649269 0.993333578 46.625267029 0.034476295 0.999323070 -0.012790745 -2.338446140 -0.992875338 0.032787491 -0.114560030 88.826423645
-0.105946504 0.017425412 0.994218707 47.230598450 0.034189943 0.999318480 -0.013871378 -2.356795549 -0.993784070 0.032522637 -0.106470130 88.766189575
-0.094768018 0.017404284 0.995346785 47.812309265 0.033295691 0.999342561 -0.014303987 -2.376091719 -0.994942605 0.031785179 -0.095285267 88.717353821
-0.080981985 0.017726494 0.996557474 48.376079559 0.032740846 0.999348760 -0.015115525 -2.395798922 -0.996177852 0.031404030 -0.081509672 88.680244446
-0.063715525 0.019100539 0.997784853 48.921669006 0.032145839 0.999336481 -0.017077465 -2.415213108 -0.997450471 0.030986512 -0.064287268 88.656707764
-0.042410344 0.021664372 0.998864949 49.455879211 0.030755935 0.999318540 -0.020368315 -2.435045242 -0.998626888 0.029857181 -0.043047737 88.647750854
-0.017868511 0.024675878 0.999535382 49.985984802 0.028789071 0.999292791 -0.024155192 -2.456408978 -0.999426007 0.028344059 -0.018566228 88.656547546
0.010401353 0.026370317 0.999597669 50.512191772 0.026928185 0.999281526 -0.026642136 -2.478129148 -0.999583423 0.027194440 0.009683862 88.682037354
0.043541171 0.025827900 0.998717308 51.034248352 0.024784299 0.999329388 -0.026924212 -2.498611927 -0.998744369 0.025924794 0.042871989 88.725616455
0.081604116 0.023425929 0.996389151 51.557754517 0.023793083 0.999392271 -0.025445146 -2.517967701 -0.996380925 0.025783574 0.080997348 88.790100098
0.123804159 0.019707715 0.992110550 52.067726135 0.021654887 0.999510169 -0.022556951 -2.539131641 -0.992070556 0.024276657 0.123316973 88.876350403
0.168964863 0.015410249 0.985501111 52.577342987 0.019166104 0.999636531 -0.018917285 -2.558664322 -0.985435843 0.022084545 0.168608397 88.991935730
0.217275441 0.012230383 0.976033211 53.075492859 0.014690917 0.999766409 -0.015798088 -2.575306892 -0.975999892 0.017771322 0.217045397 89.135749817
0.268714428 0.010806215 0.963158965 53.564479828 0.010990753 0.999836504 -0.014284024 -2.589656115 -0.963157177 0.014424123 0.268552184 89.305755615
0.323766500 0.010571102 0.946077645 54.035758972 0.010277074 0.999838293 -0.014688782 -2.602410078 -0.946081221 0.014478601 0.323606014 89.496589661
0.382729322 0.011216136 0.923792124 54.491798401 0.012511843 0.999770582 -0.017322272 -2.614176512 -0.923775792 0.018188043 0.382501811 89.703063965
0.443705440 0.014727655 0.896051288 54.917510986 0.013187028 0.999648333 -0.022960287 -2.629477501 -0.896075666 0.022003826 0.443355858 89.936462402
0.504412174 0.018312277 0.863268375 55.316356659 0.014379658 0.999457240 -0.029603276 -2.642843485 -0.863343179 0.027345734 0.503875852 90.194534302
0.563359618 0.022798710 0.825896800 55.688613892 0.010174605 0.999350905 -0.034527119 -2.655943394 -0.826149106 0.027854335 0.562762856 90.491958618
0.619764566 0.026257094 0.784347951 56.035293579 0.006065805 0.999248981 -0.038244132 -2.666315794 -0.784764171 0.028460041 0.619140863 90.817466736
0.673165441 0.027510282 0.738979518 56.361816406 0.004026248 0.999155641 -0.040863566 -2.680047750 -0.739480734 0.030483240 0.672487259 91.166000366
0.722400308 0.025908735 0.690989137 56.658195496 0.003209979 0.999160409 -0.040819503 -2.697318554 -0.691467524 0.031706061 0.721711636 91.535446167
0.767806947 0.022563815 0.640283227 56.929805756 0.000523752 0.999356210 -0.035845682 -2.717815399 -0.640680730 0.027857892 0.767302036 91.924819946
0.809249282 0.017574620 0.587202013 57.175819397 -0.000556024 0.999573886 -0.029150316 -2.735728025 -0.587464869 0.023263345 0.808915555 92.337661743
0.845911801 0.015297038 0.533102870 57.387050629 -0.003551345 0.999726892 -0.023051258 -2.753101587 -0.533310592 0.017606061 0.845736563 92.757797241
0.877303243 0.012248185 0.479779720 57.586380005 -0.005318178 0.999859929 -0.015800526 -2.768442154 -0.479906678 0.011310250 0.877246916 93.207443237
0.903089166 0.012854344 0.429260075 57.748199463 -0.009322288 0.999902070 -0.010329839 -2.787227392 -0.429351449 0.005327018 0.903122127 93.641517639
0.923374891 0.014739390 0.383615792 57.891876221 -0.013179218 0.999889672 -0.006695135 -2.804367781 -0.383672595 0.001126299 0.923468828 94.089546204
0.938848674 0.020371214 0.343726218 58.021247864 -0.020246370 0.999786198 -0.003952371 -2.815316200 -0.343733698 -0.003248600 0.939061880 94.550750732
0.950956583 0.024621632 0.308341980 58.144409180 -0.024298526 0.999691725 -0.004887931 -2.819847584 -0.308367640 -0.002844119 0.951263428 95.023292542
0.960347295 0.026593542 0.277534276 58.260818481 -0.026355207 0.999641001 -0.004589705 -2.824995518 -0.277557045 -0.002906835 0.960705161 95.502380371
0.966559052 0.021408487 0.255547792 58.377761841 -0.020993393 0.999769032 -0.004352015 -2.834566355 -0.255582213 -0.001158406 0.966786981 95.972366333
0.970624387 0.018582853 0.239880115 58.490810394 -0.018257894 0.999825776 -0.003576860 -2.845714808 -0.239904970 -0.000907986 0.970796287 96.460548401
0.973587513 0.022832865 0.227168888 58.591407776 -0.022538612 0.999737144 -0.003889240 -2.852294207 -0.227198109 -0.001333622 0.973848164 96.957969666
0.975611091 0.028724825 0.217617571 58.682415009 -0.028723752 0.999581158 -0.003168566 -2.858081818 -0.217617542 -0.003159572 0.976029456 97.457778931
0.976673782 0.036271743 0.211641654 58.776546478 -0.036093716 0.999336004 -0.004705275 -2.859662056 -0.211671904 -0.003043478 0.977336526 97.976806641
0.977050960 0.042202614 0.208782002 58.872337341 -0.041398648 0.999107659 -0.008220620 -2.868492603 -0.208942711 -0.000611386 0.977928162 98.504081726
0.977160871 0.043569252 0.207985729 58.981483459 -0.042265214 0.999047637 -0.010711409 -2.881899834 -0.208254457 0.001676156 0.978073716 99.039169312
0.976705134 0.042211886 0.210392073 59.100471497 -0.040094096 0.999091923 -0.014322832 -2.893694639 -0.210805729 0.005553658 0.977512598 99.583518982
0.975864947 0.041139886 0.214463875 59.223224640 -0.037593178 0.999079645 -0.020591423 -2.903634548 -0.215113774 0.012032033 0.976515293 100.141639709
0.974985540 0.040984809 0.218456104 59.354270935 -0.036235821 0.999011338 -0.025702465 -2.911480904 -0.219293699 0.017143570 0.975508749 100.707176208
0.973781466 0.045719113 0.222843111 59.478988647 -0.041291032 0.998845637 -0.024491949 -2.934010506 -0.223705783 0.014648356 0.974547148 101.281112671
0.972331941 0.048595209 0.228492260 59.611038208 -0.045044195 0.998768449 -0.020733420 -2.947837830 -0.229218602 0.009867482 0.973325491 101.880218506
0.971185923 0.046179924 0.233805165 59.749374390 -0.043628819 0.998917043 -0.016074145 -2.961858988 -0.234294549 0.005410291 0.972151160 102.492691040
0.970528901 0.041513525 0.237381458 59.911949158 -0.040097047 0.999136031 -0.010794124 -2.974977016 -0.237624794 0.000957654 0.971357107 103.113105774
0.969703555 0.039007787 0.241149247 60.067581177 -0.038664270 0.999231815 -0.006157814 -2.988847256 -0.241204515 -0.003352676 0.970469058 103.743095398
0.969116807 0.034622274 0.244158775 60.228679657 -0.034306079 0.999394417 -0.005548509 -2.998348475 -0.244203389 -0.002999051 0.969719946 104.379150391
0.969131231 0.031550203 0.244517595 60.395507812 -0.030346844 0.999500096 -0.008687983 -3.008706093 -0.244669855 0.000999397 0.969606459 105.023902893
0.969267070 0.031080730 0.244038984 60.562110901 -0.028095296 0.999480247 -0.015705489 -3.021497726 -0.244400680 0.008366419 0.969638824 105.681274414
0.969370365 0.033488519 0.243309096 60.722129822 -0.028898880 0.999329627 -0.022409197 -3.034680843 -0.243896797 0.014691416 0.969690502 106.346389771
0.969914794 0.036699191 0.240661949 60.884315491 -0.031275786 0.999162734 -0.026317505 -3.045582771 -0.241426632 0.017998822 0.970252693 107.029006958
0.970545113 0.035057176 0.238354176 61.053848267 -0.030673366 0.999284148 -0.022077234 -3.061024904 -0.238957867 0.014115795 0.970927894 107.731887817
0.971000373 0.030963713 0.237063527 61.228145599 -0.028342623 0.999492228 -0.014457307 -3.079920769 -0.237391159 0.007318998 0.971387208 108.450119019
0.971563101 0.031314723 0.234699413 61.398857117 -0.030133545 0.999507129 -0.008618074 -3.100599527 -0.234854072 0.001300611 0.972030342 109.177871704
0.971862733 0.034678888 0.232979447 61.563545227 -0.033430856 0.999396086 -0.009304486 -3.116681814 -0.233161926 0.001253914 0.972437739 109.909141541
0.972142994 0.040559743 0.230851173 61.724884033 -0.038372636 0.999164522 -0.013957800 -3.129807949 -0.231224880 0.004710552 0.972889483 110.649948120
0.973048568 0.041337967 0.226863071 61.896224976 -0.037946429 0.999092042 -0.019292351 -3.143684864 -0.227455050 0.010163706 0.973736167 111.399932861
0.974020720 0.040155943 0.222868785 62.069114685 -0.036121722 0.999100327 -0.022149898 -3.161394835 -0.223558173 0.013524015 0.974597335 112.160728455
0.974998832 0.037717231 0.218983948 62.246879578 -0.034012560 0.999206245 -0.020664051 -3.181142807 -0.219589978 0.012699184 0.975510240 112.941596985
0.975903749 0.033590458 0.215598673 62.424057007 -0.030292062 0.999366701 -0.018585727 -3.203544140 -0.216086894 0.011606909 0.976305723 113.729431152
0.976345301 0.032472771 0.213762850 62.597923279 -0.029787349 0.999430239 -0.015772352 -3.225697517 -0.214153707 0.009031784 0.976758838 114.526977539
0.976731896 0.029024607 0.212488756 62.776531219 -0.026762782 0.999548972 -0.013513458 -3.243424416 -0.212785587 0.007512183 0.977070570 115.332099915
0.976973712 0.023856247 0.212019742 62.957431793 -0.021724736 0.999685824 -0.012377446 -3.260681629 -0.212248832 0.007486312 0.977187514 116.142028809
0.977082729 0.024596972 0.211431548 63.132450104 -0.022843046 0.999679923 -0.010734295 -3.279460192 -0.211628452 0.005658492 0.977334440 116.963500977
0.976843596 0.030073548 0.211828515 63.301273346 -0.028039474 0.999525964 -0.012600423 -3.299434662 -0.212107524 0.006369025 0.977226138 117.785163879
0.976547778 0.035586230 0.212337181 63.470619202 -0.032969706 0.999329150 -0.015851555 -3.318617582 -0.212759331 0.008479050 0.977068424 118.614776611
0.975978494 0.044354878 0.213302106 63.637702942 -0.041582771 0.998980880 -0.017467283 -3.336649418 -0.213859975 0.008177945 0.976830661 119.457122803
0.975006223 0.050207421 0.216428474 63.807594299 -0.047694098 0.998718858 -0.016823448 -3.358824253 -0.216996402 0.006080545 0.976154029 120.303611755
0.974182904 0.052809056 0.219495133 63.983707428 -0.050821900 0.998598158 -0.014693797 -3.384072065 -0.219963923 0.003159218 0.975503445 121.148048401
0.973604321 0.053209469 0.221952096 64.171623230 -0.051047239 0.998574853 -0.015471134 -3.406911612 -0.222459540 0.003732655 0.974935353 121.986892700
0.973236561 0.051788311 0.223892704 64.360839844 -0.048932757 0.998633087 -0.018287323 -3.427246571 -0.224534303 0.006842147 0.974442720 122.828956604
0.973291397 0.045451660 0.225026891 64.562759399 -0.042743757 0.998941660 -0.016893290 -3.450516939 -0.225557134 0.006823543 0.974206686 123.670570374
0.973508000 0.038753912 0.225343361 64.766586304 -0.035537858 0.999199033 -0.018312067 -3.478520155 -0.225873098 0.009818673 0.974107921 124.509849548
0.973221064 0.038130492 0.226685360 64.962310791 -0.034896653 0.999222457 -0.018257497 -3.505930424 -0.227205932 0.009857970 0.973797500 125.353530884
0.972715139 0.040664181 0.228409678 65.155036926 -0.038142744 0.999151289 -0.015444439 -3.527904034 -0.228844479 0.006310811 0.973443151 126.202613831
0.972323358 0.042901825 0.229665175 65.345123291 -0.041778781 0.999077559 -0.009752413 -3.548175097 -0.229872391 -0.000112705 0.973221421 127.051773071
0.971919775 0.046455853 0.230679780 65.537460327 -0.046413679 0.998904824 -0.005612239 -3.570697069 -0.230688527 -0.005252138 0.973014116 127.899116516
0.971712947 0.045824490 0.231675491 65.731079102 -0.044222701 0.998946726 -0.012105137 -3.593379974 -0.231986806 0.001517334 0.972718358 128.727539062
0.972012401 0.041840851 0.231171966 65.931861877 -0.036722738 0.998975039 -0.026400372 -3.619520187 -0.232040271 0.017172195 0.972555280 129.544754028
