1.000000000 0.000000000 0.000000000 0.000000000 0.000000000 1.000000000 0.000000000 0.000000000 0.000000000 0.000000000 1.000000000 0.000000000
0.999995232 -0.000649633 0.003028037 -0.040532704 0.000663767 0.999988854 -0.004669041 0.031360745 -0.003024970 0.004671029 0.999984503 0.007478073
0.999949157 -0.005961518 0.008133772 -0.046635881 0.006052178 0.999919295 -0.011167434 0.049695287 -0.008066541 0.011216093 0.999904573 0.121013120
0.999566913 -0.004974194 0.029004121 -0.143398106 0.005459395 0.999846041 -0.016673582 0.062545083 -0.028916720 0.016824706 0.999440253 0.401934117
0.998648703 -0.002868602 0.051889755 -0.237776071 0.003945888 0.999778509 -0.020670548 0.066000775 -0.051818971 0.020847367 0.998438895 0.711932540
0.996891797 -0.004887848 0.078630857 -0.336969525 0.006660277 0.999729216 -0.022294702 0.065021992 -0.078500599 0.022749109 0.996654510 1.056269288
0.993940949 -0.005401429 0.109782323 -0.455311686 0.008169929 0.999659419 -0.024783935 0.057840284 -0.109611072 0.025530683 0.993646681 1.431312442
0.987803996 -0.008581051 0.155465513 -0.301706642 0.013003120 0.999538600 -0.027449459 0.016418040 -0.155158237 0.029136224 0.987459958 2.414102316
0.979765534 -0.010886790 0.199852154 -0.101713538 0.017079430 0.999425054 -0.029288182 -0.024443313 -0.199418411 0.032108914 0.979388297 3.383589506
0.969565988 -0.011095852 0.244578391 0.139076412 0.019009685 0.999368489 -0.030020231 -0.067251734 -0.244090870 0.033755954 0.969164729 4.345705986
0.957114935 -0.011575515 0.289476752 0.424597979 0.020729776 0.999376595 -0.028577361 -0.111494750 -0.288965583 0.033352606 0.956758499 5.294219971
0.942315161 -0.011264898 0.334536970 0.750388741 0.021739319 0.999383032 -0.027582426 -0.156647265 -0.334020019 0.033263948 0.941978991 6.223006725
0.925319016 -0.011501384 0.379014730 1.121175408 0.023175422 0.999386609 -0.026253147 -0.200514540 -0.378480434 0.033076361 0.925018191 7.135784149
0.906421423 -0.012003087 0.422203541 1.531546474 0.025452580 0.999331713 -0.026233079 -0.241888344 -0.421606690 0.034524396 0.906121433 8.024081230
0.885587335 -0.014140194 0.464257181 1.985590935 0.029438406 0.999235570 -0.025720432 -0.282439351 -0.463538706 0.036444683 0.885326922 8.886440277
0.863039374 -0.013446602 0.504957318 2.475108624 0.030794816 0.999186754 -0.026024912 -0.325054765 -0.504196942 0.038010594 0.862751901 9.728343010
0.838554919 -0.017150247 0.544546843 3.010430098 0.036318220 0.999040782 -0.024462584 -0.364205837 -0.543605149 0.040290195 0.838373661 10.541215897
0.812392056 -0.016249878 0.582885027 3.577943325 0.037059683 0.999029517 -0.023800381 -0.402868867 -0.581932664 0.040936772 0.812206030 11.327821732
0.783975422 -0.015431853 0.620599806 4.176043510 0.038914651 0.998946548 -0.024319269 -0.442403436 -0.619570911 0.043216132 0.783750236 12.083827972
0.753970206 -0.017294766 0.656680584 4.814268589 0.044056814 0.998733878 -0.024280693 -0.477853954 -0.655429482 0.047238182 0.753777802 12.807147026
0.722614229 -0.015634138 0.691074491 5.480429649 0.044619273 0.998714387 -0.024061771 -0.513897300 -0.689809978 0.048222613 0.722382903 13.500338554
0.689862788 -0.015128338 0.723781824 6.177788258 0.048202317 0.998522878 -0.025072442 -0.551137030 -0.722333789 0.052184496 0.689573109 14.156690598
0.655729771 -0.014469820 0.754856765 6.904540062 0.053521212 0.998191893 -0.027358549 -0.585106194 -0.753096342 0.058340650 0.655318737 14.780583382
0.620952368 -0.013739363 0.783727705 7.661720753 0.055712119 0.998091340 -0.026643721 -0.617282569 -0.781866133 0.060207594 0.620532811 15.379811287
0.586239994 -0.016155677 0.809976280 8.452085495 0.061251059 0.997823477 -0.024429478 -0.651747108 -0.807818890 0.063933432 0.585953653 15.944760323
0.552267551 -0.017312104 0.833487034 9.266223907 0.065578207 0.997588575 -0.022731423 -0.686470151 -0.831083894 0.067212403 0.552071095 16.478672028
0.519708157 -0.015176580 0.854208827 10.101461411 0.067375548 0.997456431 -0.023270238 -0.718138814 -0.851683140 0.069646515 0.519408822 16.985511780
0.488602728 -0.015855681 0.872362137 10.967147827 0.068248861 0.997466028 -0.020096105 -0.746035039 -0.869833231 0.069356725 0.488446951 17.469745636
0.457266390 -0.017592309 0.889155626 11.857030869 0.070860304 0.997346342 -0.016708443 -0.773850083 -0.886502504 0.070646025 0.457299650 17.925651550
0.426271439 -0.017595083 0.904424071 12.763080597 0.071522146 0.997336447 -0.014307037 -0.801092386 -0.901763558 0.070785016 0.426394552 18.354476929
0.395574301 -0.014211827 0.918324113 13.686376572 0.069071949 0.997509122 -0.014315920 -0.823354602 -0.915833354 0.069093414 0.395570427 18.760175705
0.365958393 -0.012574496 0.930546463 14.630163193 0.069134571 0.997513294 -0.013709315 -0.844333053 -0.928060114 0.069349937 0.365917563 19.135457993
0.336695522 -0.012699406 0.941528082 15.600126266 0.071322024 0.997380614 -0.012052386 -0.867422521 -0.938908815 0.071209647 0.336719126 19.480028152
0.307009041 -0.013100559 0.951616645 16.590160370 0.073168918 0.997270763 -0.009876575 -0.886905730 -0.948890030 0.072660923 0.307129562 19.800327301
0.277330130 -0.013450293 0.960680723 17.601465225 0.071902588 0.997388661 -0.006792663 -0.905009985 -0.958080649 0.070959210 0.277572811 20.098409653
0.248423755 -0.013602232 0.968556046 18.632736206 0.072757870 0.997338831 -0.004655124 -0.916230440 -0.965915263 0.071626492 0.248752147 20.368476868
0.221510291 -0.013792635 0.975060642 19.685016632 0.075584523 0.997134864 -0.003066102 -0.927763581 -0.972224593 0.074378625 0.221918017 20.610429764
0.196556851 -0.013712958 0.980396688 20.753555298 0.080013953 0.996791720 -0.002099486 -0.934761822 -0.977222383 0.078858063 0.197023317 20.822742462
0.173950076 -0.013956857 0.984655738 21.847272873 0.084243730 0.996445060 -0.000758599 -0.942983329 -0.981144726 0.083082996 0.174507305 21.012531281
0.153632388 -0.014786921 0.988017619 22.958431244 0.090184718 0.995924771 0.000881935 -0.947637975 -0.984004200 0.088968553 0.154339716 21.179973602
0.135919034 -0.015986053 0.990591347 24.085895538 0.094573341 0.995513141 0.003089078 -0.951449573 -0.986195862 0.093263574 0.136821002 21.329301834
0.120249018 -0.016394697 0.992608845 25.223072052 0.097674787 0.995207846 0.004604869 -0.954353690 -0.987927198 0.096399046 0.121274084 21.464277267
0.105772018 -0.017181844 0.994242370 26.370798111 0.100190222 0.994946957 0.006535334 -0.954654217 -0.989330351 0.098922029 0.106958948 21.585336685
0.092318505 -0.018227488 0.995563030 27.526529312 0.100384988 0.994908869 0.008906822 -0.955454767 -0.990656614 0.099117227 0.093678214 21.695137024
0.079982728 -0.017983571 0.996634305 28.692262650 0.100277372 0.994910359 0.009904918 -0.954666734 -0.991739750 0.099147581 0.081378937 21.790855408
0.068685941 -0.015189076 0.997523129 29.868530273 0.100446664 0.994908571 0.008232865 -0.952737451 -0.992569029 0.099632286 0.069861874 21.874532700
0.058329970 -0.011608505 0.998230278 31.068397522 0.100984357 0.994871974 0.005668599 -0.947700024 -0.993176818 0.100474887 0.059203073 21.947063446
0.048749521 -0.009137725 0.998769581 32.293895721 0.102211192 0.994754434 0.004112106 -0.944066286 -0.993567765 0.101884872 0.049427748 22.008275986
0.041063316 -0.007985875 0.999125004 33.547153473 0.102018632 0.994775474 0.003758223 -0.941517353 -0.993934810 0.101774946 0.041663446 22.062990189
0.035174452 -0.007096829 0.999356449 34.821861267 0.101883411 0.994790375 0.003478406 -0.937400520 -0.994174540 0.101695396 0.035714239 22.108921051
0.029895455 -0.005560040 0.999538064 36.116970062 0.102996469 0.994678855 0.002452464 -0.936096549 -0.994232535 0.102875493 0.030309007 22.148614883
0.025278747 -0.003736647 0.999673903 37.432033539 0.102020226 0.994781852 0.001138581 -0.935912430 -0.994461179 0.101958081 0.025528017 22.184780121
0.021075264 -0.002724459 0.999774635 38.772544861 0.102584228 0.994724274 0.000548223 -0.935862541 -0.994501173 0.102549456 0.021243535 22.214818954
0.018002190 -0.003656515 0.999831736 40.138355255 0.102328800 0.994749129 0.001795479 -0.935767651 -0.994587839 0.102279164 0.018281797 22.241180420
0.015517148 -0.005590653 0.999864399 41.528453827 0.103040732 0.994669437 0.003962495 -0.934564710 -0.994556189 0.102965176 0.016010463 22.263244629
0.013172712 -0.006793572 0.999890566 42.937660217 0.102827139 0.994684756 0.005403544 -0.932199717 -0.994612157 0.102744624 0.013801228 22.284656525
0.010933539 -0.006101272 0.999922037 44.368995667 0.105634391 0.994393051 0.004912492 -0.925780237 -0.994344950 0.105572358 0.011516714 22.300079346
0.009764004 -0.006264016 0.999933243 45.820186615 0.105396770 0.994416714 0.005200301 -0.920400977 -0.994382381 0.105338849 0.010369670 22.317167282
0.008980099 -0.005108903 0.999947071 47.290229797 0.107190996 0.994230092 0.004117061 -0.916320324 -0.994197905 0.107148260 0.009475889 22.331407547
0.008821348 -0.004881077 0.999949634 48.782676697 0.106839202 0.994268775 0.003910839 -0.915475905 -0.994237244 0.106799215 0.009292252 22.347202301
0.009460309 -0.003211755 0.999950469 50.292289734 0.106887437 0.994268894 0.002182274 -0.912497520 -0.994225860 0.106861398 0.009749369 22.361537933
0.010521029 -0.003293994 0.999939680 51.825355530 0.107412413 0.994212329 0.002144977 -0.911737382 -0.994158626 0.107383251 0.010813936 22.377708435
0.011780133 -0.004150652 0.999922395 53.381790161 0.106647186 0.994292915 0.002870875 -0.911477923 -0.994226873 0.106604978 0.012155540 22.396673203
0.012898772 -0.003359252 0.999911547 54.960159302 0.107789971 0.994171858 0.001949494 -0.910966158 -0.994089782 0.107755154 0.013185671 22.416040421
0.013865929 -0.002585668 0.999900877 56.559062958 0.107631579 0.994190335 0.001078348 -0.911508203 -0.994093895 0.107605837 0.014063653 22.440402985
0.014619984 -0.002067773 0.999891341 58.177143097 0.108680539 0.994076729 0.000466674 -0.912935376 -0.993968844 0.108661801 0.014758091 22.464382172
0.015604138 -0.002165825 0.999876320 59.817237854 0.108425029 0.994104564 0.000461241 -0.916110754 -0.993981838 0.108404309 0.015746955 22.489772797
0.016384607 -0.003895799 0.999858618 61.475662231 0.110371552 0.993888378 0.002063893 -0.917960763 -0.993755043 0.110321999 0.016714433 22.514841080
0.016886225 -0.006080102 0.999839306 63.153259277 0.111935660 0.993706882 0.004152343 -0.920437932 -0.993571758 0.111847430 0.017460516 22.542501450
0.017630961 -0.005082299 0.999832094 64.841323853 0.113539770 0.993528903 0.003048115 -0.922374964 -0.993376732 0.113466837 0.018093888 22.570516586
0.018195136 -0.003556421 0.999828517 66.542808533 0.115484402 0.993308187 0.001431623 -0.925850034 -0.993142366 0.115438394 0.018484063 22.600223541
0.018779026 -0.003786962 0.999816954 68.261116028 0.114730351 0.993395269 0.001607730 -0.932430625 -0.993218899 0.114679001 0.019089455 22.634180069
0.018772999 -0.003968538 0.999816418 69.993873596 0.115214407 0.993339002 0.001779518 -0.938577116 -0.993162990 0.115159690 0.019105164 22.668634415
0.018925101 -0.004999033 0.999808848 71.749366760 0.115062058 0.993354261 0.002788792 -0.942721486 -0.993177772 0.114987120 0.019374505 22.702919006
0.018940838 -0.004937306 0.999808848 73.519737244 0.116684757 0.993165195 0.002693977 -0.945932269 -0.992988050 0.116611272 0.019387471 22.736829758
0.018916193 -0.005230321 0.999807835 75.300102234 0.117748134 0.993038893 0.002967145 -0.948627949 -0.992863059 0.117669225 0.019400354 22.770414352
0.018829983 -0.004200857 0.999814332 77.099853516 0.118200175 0.992987692 0.001946062 -0.952606738 -0.992810965 0.118141435 0.019194460 22.803674698
0.018181050 -0.003377125 0.999829412 78.915290833 0.117645003 0.993054807 0.001214976 -0.958451629 -0.992888987 0.117602706 0.018452058 22.838281631
0.017024895 -0.002595902 0.999852180 80.749732971 0.117029198 0.993128121 0.000585749 -0.967792332 -0.992982209 0.117001787 0.017211681 22.869516373
0.015607531 -0.001962401 0.999876678 82.594635010 0.116297454 0.993214250 0.000133994 -0.979150951 -0.993091524 0.116280891 0.015729828 22.902235031
0.014567625 -0.002549078 0.999891162 84.446556091 0.115223870 0.993338823 0.000853661 -0.987296641 -0.993232369 0.115198769 0.014764288 22.934276581
0.013398226 -0.002760460 0.999906898 86.307815552 0.115027890 0.993361175 0.001201084 -0.994733930 -0.993271530 0.115000971 0.013626792 22.969711304
0.012787655 -0.003382423 0.999913037 88.192626953 0.112587020 0.993639648 0.001921361 -0.999878705 -0.993559182 0.112552561 0.013087124 23.002954483
0.010961087 -0.002307666 0.999937713 90.101676941 0.112430915 0.993658602 0.001060741 -1.003509283 -0.993598700 0.112412192 0.011151019 23.028352737
0.008037454 -0.001233536 0.999967456 92.012077332 0.111240894 0.993793070 0.000331805 -1.009729862 -0.993760526 0.111234501 0.008124774 23.056411743
0.003665292 -0.000228254 0.999993801 93.943893433 0.111712493 0.993740201 -0.000182626 -1.015965462 -0.993733346 0.111712359 0.003667838 23.076436996
-0.001291506 -0.000746891 0.999999344 95.886062622 0.109671645 0.993967056 0.000884036 -1.024803877 -0.993966699 0.109672606 -0.001201809 23.091012955
-0.006483446 -0.001244481 0.999978721 97.836769104 0.108104967 0.994137168 0.001938127 -1.034786463 -0.994118035 0.108115122 -0.006310904 23.093368530
-0.011364178 -0.000236887 0.999935925 99.796867371 0.106779158 0.994281232 0.001449090 -1.045521140 -0.994217455 0.106788658 -0.011273897 23.084957123
-0.016239718 0.001568584 0.999867439 101.767295837 0.107201993 0.994236827 0.000181419 -1.056254506 -0.994104266 0.107190609 -0.016314283 23.063003540
-0.021073628 0.003356051 0.999772847 103.747558594 0.106916033 0.994266927 -0.001083940 -1.071449757 -0.994044423 0.106868796 -0.021311628 23.029098511
-0.026063573 0.003926145 0.999653101 105.743331909 0.105677918 0.994399190 -0.001150202 -1.085570216 -0.994058490 0.105611160 -0.026332505 22.988336563
-0.031465538 0.003990849 0.999497473 107.750801086 0.103789188 0.994598508 -0.000703855 -1.100463271 -0.994101167 0.103714764 -0.031709783 22.941448212
-0.037248477 0.003712047 0.999299705 109.768882751 0.102029361 0.994780898 0.000107849 -1.113967061 -0.994083405 0.101961821 -0.037432805 22.881851196
-0.042957313 0.003331839 0.999071956 111.795425415 0.101440854 0.994840443 0.001043955 -1.126350284 -0.993913293 0.101391457 -0.043073650 22.805591583
-0.048566774 0.003189620 0.998815477 113.830024719 0.101748332 0.994808078 0.001770634 -1.137605667 -0.993623614 0.101713680 -0.048639148 22.716037750
-0.054441940 0.004813673 0.998506010 115.873397827 0.102456614 0.994736671 0.000790789 -1.149919987 -0.993246257 0.102346458 -0.054648574 22.617502213
-0.060302921 0.006018151 0.998162568 117.924171448 0.102257609 0.994757414 0.000180170 -1.161867976 -0.992928088 0.102080457 -0.060602158 22.502525330
-0.066385835 0.006143830 0.997775614 119.983177185 0.102946967 0.994686186 0.000724658 -1.173038840 -0.992468715 0.102765970 -0.066665530 22.372913361
-0.072046228 0.006349243 0.997381628 122.063842773 0.102505572 0.994731367 0.001072165 -1.186161399 -0.992119491 0.102314308 -0.072317459 22.227750778
-0.077235766 0.007344225 0.996986151 124.129760742 0.102177627 0.994765639 0.000587761 -1.200177193 -0.991762638 0.101914920 -0.077581860 22.064998627
-0.082422480 0.008627979 0.996560454 126.271743774 0.101881303 0.994796216 -0.000186405 -1.207486272 -0.991375625 0.101515368 -0.082872562 21.894802094
-0.090641752 0.009512648 0.995838463 128.436218262 0.102084450 0.994775414 -0.000210703 -1.211340904 -0.990637064 0.101640381 -0.091139235 21.770008087
-0.097696632 0.009874148 0.995167613 130.613128662 0.104185291 0.994557500 0.000359888 -1.226997137 -0.989747345 0.103716835 -0.098193601 21.607151031
-0.101234481 0.010626998 0.994806170 132.721328735 0.105463974 0.994422853 0.000109437 -1.237422109 -0.989256263 0.104927137 -0.101790600 21.394540787
-0.104141645 0.011883119 0.994491816 134.829010010 0.105819449 0.994384706 -0.000800584 -1.232781172 -0.988916397 0.105153047 -0.104814276 21.171733856
-0.107648879 0.012167414 0.994114876 136.953857422 0.104956351 0.994476259 -0.000806509 -1.240448475 -0.988632798 0.104251705 -0.108331241 20.949886322
-0.111797959 0.013645802 0.993637562 139.079940796 0.103287004 0.994649351 -0.002038472 -1.242737532 -0.988348007 0.102401815 -0.112609118 20.731868744
-0.116309807 0.015391232 0.993094087 141.233245850 0.102064513 0.994771540 -0.003463569 -1.248183727 -0.987954378 0.100956671 -0.117272496 20.503831863
-0.120934203 0.015580760 0.992538631 143.381896973 0.101167738 0.994863689 -0.003290637 -1.263093710 -0.987491190 0.100014806 -0.121889234 20.255195618
-0.125574246 0.016517829 0.991947114 145.545227051 0.101707384 0.994807541 -0.003689936 -1.283628464 -0.986856461 0.100424908 -0.126602054 19.991592407
-0.130193740 0.017360283 0.991337061 147.699386597 0.101431653 0.994834125 -0.004100343 -1.306229234 -0.986286044 0.100019030 -0.131281883 19.720060349
-0.134802207 0.017470090 0.990718961 149.859954834 0.100743741 0.994904995 -0.003836193 -1.331154466 -0.985737383 0.099291518 -0.135875240 19.437393188
-0.139219835 0.017032012 0.990115583 152.043899536 0.100721925 0.994910240 -0.002952003 -1.354288936 -0.985125422 0.099315263 -0.140226588 19.138790131
-0.143382952 0.017194856 0.989518404 154.220077515 0.101380721 0.994844377 -0.002597145 -1.376447082 -0.984460413 0.099945627 -0.144386783 18.833923340
-0.147658005 0.018061304 0.988874018 156.413650513 0.102571815 0.994721591 -0.002852134 -1.398367047 -0.983704805 0.101009376 -0.148731038 18.518522263
-0.151396707 0.019322341 0.988284707 158.614395142 0.102990553 0.994675636 -0.003670011 -1.421518087 -0.983092546 0.101228282 -0.152580455 18.187669754
-0.155107394 0.021146936 0.987671793 160.824401855 0.103249736 0.994642615 -0.005081471 -1.447341919 -0.982486784 0.101188585 -0.156459659 17.848810196
-0.158711731 0.022298235 0.987073660 163.040847778 0.104171105 0.994543016 -0.005717266 -1.473076463 -0.981813610 0.101917058 -0.160168290 17.497264862
-0.162203223 0.023193935 0.986485183 165.267807007 0.103950821 0.994562685 -0.006291678 -1.502378821 -0.981266201 0.101525329 -0.163732111 17.138408661
-0.165964231 0.023275627 0.985857427 167.511978149 0.104322299 0.994526088 -0.005918124 -1.531581640 -0.980597794 0.101864666 -0.167483717 16.765180588
-0.170255527 0.023380825 0.985122859 169.758850098 0.103922777 0.994569421 -0.005644378 -1.561459303 -0.979904234 0.101415671 -0.171760529 16.386157990
-0.174294502 0.023958627 0.984402478 172.018325806 0.106152989 0.994335175 -0.005405314 -1.590353727 -0.978954613 0.103555076 -0.175850257 15.992918015
-0.177777827 0.023937088 0.983779848 174.283416748 0.108225785 0.994115531 -0.004631186 -1.618508816 -0.978100896 0.105646968 -0.179322124 15.588132858
-0.180642575 0.023470256 0.983269155 176.554031372 0.109084480 0.994025707 -0.003686395 -1.644275427 -0.977480412 0.106593415 -0.182123393 15.173204422
-0.183650613 0.023005810 0.982722759 178.824981689 0.108780056 0.994061530 -0.002942488 -1.669643879 -0.976953685 0.106360190 -0.185062379 14.751121521
-0.186468303 0.023708886 0.982175231 181.097869873 0.107884571 0.994157314 -0.003515963 -1.695478797 -0.976519167 0.105305880 -0.187936425 14.322212219
-0.189442828 0.025772799 0.981553793 183.377716064 0.107090712 0.994234443 -0.005436907 -1.722928166 -0.976033926 0.104085252 -0.191110417 13.886631012
-0.192796543 0.027776003 0.980845928 185.666961670 0.106632598 0.994272590 -0.007196341 -1.752253413 -0.975427210 0.103202656 -0.194653943 13.442703247
-0.196205497 0.029020790 0.980133593 187.956237793 0.105695143 0.994364202 -0.008283815 -1.783594131 -0.974849403 0.101969972 -0.198166862 12.993900299
-0.199716941 0.030153528 0.979389906 190.251846313 0.103959247 0.994536936 -0.009420512 -1.817778111 -0.974322915 0.099935144 -0.201760486 12.537738800
-0.203578949 0.030525716 0.978582859 192.535034180 0.104553603 0.994476020 -0.009270717 -1.851471901 -0.973459721 0.100426987 -0.205645800 12.073982239
-0.207416207 0.029926455 0.977795243 194.854873657 0.104021028 0.994539857 -0.008373311 -1.884630322 -0.972706378 0.099974424 -0.209396526 11.591884613
-0.211313054 0.029301554 0.976979434 197.177642822 0.103860676 0.994564533 -0.007364690 -1.921485186 -0.971884429 0.099913426 -0.213207647 11.096042633
-0.215431765 0.029220439 0.976081967 199.505630493 0.103961989 0.994557858 -0.006827996 -1.956771731 -0.970968962 0.100004382 -0.217297018 10.587909698
-0.219379202 0.029581347 0.975191414 201.837585449 0.103152364 0.994641185 -0.006966142 -1.991715193 -0.970171094 0.099065021 -0.221254796 10.070957184
-0.223320693 0.030401494 0.974271119 204.166336060 0.102419898 0.994712532 -0.007562822 -2.028629780 -0.969349086 0.098095775 -0.225253463 9.548866272
-0.226666346 0.031112723 0.973475695 206.496078491 0.102578439 0.994693518 -0.007906231 -2.069694519 -0.968555510 0.098065481 -0.228654861 9.012485504
-0.229746357 0.031700484 0.972734392 208.845870972 0.103324480 0.994615495 -0.008009733 -2.109570503 -0.967750132 0.098667033 -0.231784537 8.464591980
-0.232481256 0.031343076 0.972095966 211.188537598 0.104383022 0.994511783 -0.007102120 -2.147876263 -0.966983140 0.099819161 -0.234476864 7.907501221
-0.235153958 0.030734029 0.971472144 213.530044556 0.105643012 0.994386852 -0.005887041 -2.182186604 -0.966199696 0.101244867 -0.237080619 7.340595245
-0.237925395 0.031461958 0.970773876 215.874130249 0.106947459 0.994246662 -0.006011070 -2.216726780 -0.965377390 0.102391601 -0.239921078 6.767730713
-0.240603611 0.032456219 0.970080793 218.209213257 0.106715076 0.994266570 -0.006797433 -2.250844717 -0.964738905 0.101886749 -0.242687464 6.193325043
-0.243362635 0.032810513 0.969380379 220.558166504 0.106231689 0.994316995 -0.006985062 -2.289426327 -0.964100122 0.101279005 -0.245464906 5.606388092
-0.246341258 0.034191802 0.968580008 222.910537720 0.106133096 0.994319081 -0.008107290 -2.331995964 -0.963354230 0.100801207 -0.248570457 5.011722565
-0.249415770 0.035458744 0.967747152 225.263671875 0.106043436 0.994320035 -0.009101953 -2.377010345 -0.962572694 0.100353047 -0.251759052 4.409458160
-0.252175927 0.035798751 0.967019141 227.619018555 0.103937067 0.994536698 -0.009713042 -2.423295975 -0.962083220 0.098059744 -0.254518807 3.801334381
-0.255477190 0.036699671 0.966118336 229.975219727 0.104792923 0.994443178 -0.010064492 -2.471578836 -0.961118877 0.098671116 -0.257903278 3.182762146
-0.258352727 0.036120798 0.965375245 232.334121704 0.106458656 0.994279087 -0.008711876 -2.518854380 -0.960166693 0.100521810 -0.260719895 2.552688599
-0.261221558 0.035206616 0.964636743 234.698608398 0.107118018 0.994219780 -0.007278949 -2.563421488 -0.959316790 0.101428546 -0.263482690 1.914405823
-0.264446199 0.034886923 0.963769257 237.059020996 0.106340125 0.994306624 -0.006813878 -2.604121685 -0.958519518 0.100685455 -0.266650379 1.270023346
-0.267655760 0.035540007 0.962859094 239.408752441 0.105223343 0.994420826 -0.007454931 -2.642861843 -0.957751691 0.099319883 -0.269901961 0.620658875
-0.271429837 0.035060391 0.961819530 241.776168823 0.103732720 0.994580865 -0.006980723 -2.684454441 -0.956851602 0.097877383 -0.273595661 -0.038883209
-0.275149882 0.034595512 0.960778773 244.125457764 0.103049368 0.994656384 -0.006303827 -2.724595070 -0.955862522 0.097273149 -0.277244508 -0.704963684
-0.278985560 0.034975030 0.959658325 246.469757080 0.102665253 0.994695425 -0.006405766 -2.764626980 -0.954791427 0.096736431 -0.281096220 -1.379417419
-0.282884717 0.034877557 0.958519638 248.813491821 0.102179937 0.994747758 -0.006039716 -2.803134441 -0.953695595 0.096232936 -0.284962565 -2.063743591
-0.287143350 0.034506835 0.957265973 251.157897949 0.101330668 0.994837880 -0.005465819 -2.843101740 -0.952512860 0.095430918 -0.289157540 -2.755912781
-0.291361332 0.034614529 0.955986738 253.498931885 0.100700632 0.994902551 -0.005332475 -2.882401943 -0.951297939 0.094714776 -0.293361753 -3.458732605
-0.295521230 0.035488769 0.954676807 255.829574585 0.100982733 0.994871855 -0.005723601 -2.921536207 -0.949983954 0.094714433 -0.297589332 -4.171501160
-0.299078315 0.035911106 0.953552663 258.162414551 0.101462521 0.994823515 -0.005641991 -2.960959435 -0.948818862 0.095062435 -0.301173598 -4.899162292
-0.303003252 0.035976488 0.952310145 260.491516113 0.101475529 0.994824111 -0.005295359 -2.998475075 -0.947571516 0.095031656 -0.305085480 -5.633789062
-0.306865990 0.036640894 0.951047182 262.819152832 0.100427821 0.994926929 -0.005927244 -3.034204006 -0.946439385 0.093692720 -0.308988750 -6.376586914
-0.310801029 0.036982499 0.949755192 265.144592285 0.101134203 0.994856954 -0.005643185 -3.069242477 -0.945079207 0.094298825 -0.312942505 -7.130744934
-0.314543426 0.037690621 0.948494554 267.472839355 0.101828977 0.994785368 -0.005761132 -3.102424145 -0.943765521 0.094772086 -0.316741019 -7.894676208
-0.318232954 0.038908362 0.947213769 269.797973633 0.103259102 0.994635522 -0.006164561 -3.136874914 -0.942372143 0.095846646 -0.320543230 -8.670860291
-0.321787447 0.040817209 0.945931733 272.119506836 0.105526648 0.994391978 -0.007010139 -3.173275948 -0.940912783 0.097565219 -0.324289918 -9.456108093
-0.324817121 0.041536551 0.944864333 274.442291260 0.106789447 0.994257331 -0.006996700 -3.210443974 -0.939728558 0.098628864 -0.327387244 -10.251213074
-0.327889174 0.043564662 0.943711340 276.760955811 0.108632244 0.994048953 -0.008144488 -3.247771025 -0.938449681 0.099846952 -0.330670089 -11.052185059
-0.330684960 0.045989662 0.942620039 279.083343506 0.110519752 0.993826628 -0.009716002 -3.285454273 -0.937247396 0.100965142 -0.333726078 -11.865493774
-0.333851755 0.046617687 0.941472232 281.426147461 0.111599721 0.993706822 -0.009630140 -3.322141886 -0.935995996 0.101852961 -0.336953074 -12.691848755
-0.337337315 0.047705308 0.940174639 283.770904541 0.111765534 0.993681252 -0.010318478 -3.357683897 -0.934725523 0.101598196 -0.340537250 -13.527168274
-0.341034472 0.047846518 0.938832760 286.131500244 0.110981919 0.993768990 -0.010331689 -3.395076990 -0.933476567 0.100669883 -0.344219238 -14.375740051
-0.344760746 0.049102962 0.937405765 288.492279053 0.112004250 0.993648648 -0.010855934 -3.434082508 -0.931984425 0.101250611 -0.348070502 -15.235931396
-0.348188490 0.049621001 0.936110675 290.856628418 0.111311182 0.993722022 -0.011272389 -3.475620508 -0.930792451 0.100274555 -0.351525605 -16.108566284
-0.351261556 0.049686458 0.934958458 293.225189209 0.109659307 0.993901670 -0.011620137 -3.516941309 -0.929833412 0.098445058 -0.354567736 -16.989105225
-0.354157329 0.050097577 0.933843374 295.600463867 0.111154228 0.993740857 -0.011155945 -3.558589458 -0.928556561 0.099849567 -0.357508868 -17.884056091
-0.356549442 0.050016999 0.932937026 297.995819092 0.112814993 0.993564367 -0.010151795 -3.599441528 -0.927440166 0.101629548 -0.359897196 -18.797042847
-0.358777970 0.050074346 0.932079196 300.390106201 0.113919131 0.993444741 -0.009521088 -3.638532162 -0.926445246 0.102765568 -0.362130165 -19.716461182
-0.361056119 0.049842775 0.931211591 302.789276123 0.113760374 0.993467093 -0.009066975 -3.674568415 -0.925579309 0.102661163 -0.364367247 -20.643081665
-0.363666177 0.049174830 0.930230975 305.207305908 0.113322049 0.993524551 -0.008218404 -3.709172964 -0.924610734 0.102426790 -0.366883487 -21.582008362
-0.366288573 0.049276672 0.929196179 307.624206543 0.114777692 0.993363559 -0.007434276 -3.742149353 -0.923395157 0.103927754 -0.369513184 -22.533134460
-0.368867368 0.049139809 0.928182781 310.051055908 0.114984334 0.993343532 -0.006893855 -3.773243189 -0.922342360 0.104183391 -0.372061998 -23.492507935
-0.371194005 0.050162304 0.927200019 312.487518311 0.114420578 0.993400812 -0.007936861 -3.805255651 -0.921478689 0.103144482 -0.374483675 -24.461341858
-0.373749405 0.053045325 0.926012337 314.923004150 0.114144437 0.993405163 -0.010835823 -3.840510130 -0.920479417 0.101649098 -0.377339095 -25.438407898
-0.377504617 0.052632678 0.924511313 317.369079590 0.112595528 0.993584573 -0.010589048 -3.881787062 -0.919136822 0.100098260 -0.381008685 -26.426490784
-0.382355571 0.051230986 0.922594547 319.834533691 0.110628501 0.993818104 -0.009337656 -3.920866013 -0.917368829 0.098494768 -0.385659218 -27.434585571
-0.387825817 0.049291164 0.920414388 322.298980713 0.108726829 0.994044125 -0.007421148 -3.958139420 -0.915297568 0.097195461 -0.390874892 -28.453903198
-0.393056720 0.048037119 0.918259203 324.760650635 0.107630685 0.994173288 -0.005937617 -3.991971016 -0.913193285 0.096498877 -0.395936459 -29.489379883
-0.397735745 0.048317514 0.916227520 327.223846436 0.108156912 0.994118869 -0.005474072 -4.021831036 -0.911102831 0.096918926 -0.400622159 -30.544326782
-0.402159721 0.049645923 0.914223194 329.696105957 0.110751629 0.993834436 -0.005250347 -4.049183369 -0.908846259 0.099140063 -0.405178189 -31.621261597
-0.406363100 0.050984297 0.912288785 332.170288086 0.112525702 0.993634105 -0.005407778 -4.077784538 -0.906756222 0.100458227 -0.409513086 -32.713806152
-0.410327673 0.051164187 0.910502493 334.628387451 0.113602176 0.993515611 -0.004632964 -4.107403755 -0.904834628 0.101533830 -0.413479000 -33.813392639
-0.414629877 0.049853243 0.908624351 337.091949463 0.113882624 0.993490994 -0.002541900 -4.137850285 -0.902835846 0.102422364 -0.417608231 -34.926353455
-0.418938667 0.048303217 0.906729519 339.556915283 0.112456843 0.993656158 -0.000975248 -4.167294979 -0.901023686 0.101559199 -0.421712786 -36.051414490
-0.423159719 0.048380263 0.904763341 342.013702393 0.111966729 0.993711710 -0.000769530 -4.194633007 -0.899110258 0.100977562 -0.425915450 -37.185134888
-0.427767426 0.048245713 0.902601182 344.488464355 0.112138577 0.993692577 0.000030787 -4.221217632 -0.896905720 0.101229377 -0.430479228 -38.342018127
-0.432259977 0.048340116 0.900453091 346.940063477 0.113429151 0.993545532 0.001113617 -4.247480869 -0.894586504 0.102618814 -0.434952885 -39.506431580
-0.436647415 0.047844540 0.898360312 349.384582520 0.114261471 0.993447363 0.002628039 -4.267962933 -0.892347038 0.103795305 -0.439252704 -40.684722900
-0.440714061 0.047302008 0.896401167 351.841735840 0.113134436 0.993574619 0.003192582 -4.285732269 -0.890489578 0.102820657 -0.443233430 -41.878677368
-0.444431424 0.046605676 0.894600451 354.291839600 0.113127403 0.993570566 0.004439211 -4.300491333 -0.888641000 0.103176564 -0.446846068 -43.084487915
-0.447664559 0.045994245 0.893018663 356.734924316 0.113557249 0.993514955 0.005755237 -4.313841820 -0.886961758 0.103984974 -0.449983954 -44.299446106
-0.450834572 0.045635149 0.891440928 359.171905518 0.111206099 0.993782997 0.005366662 -4.325161934 -0.885653079 0.101552948 -0.453106195 -45.519927979
-0.453976423 0.045342714 0.889859855 361.564483643 0.107742287 0.994169712 0.004308620 -4.338035583 -0.884475529 0.097831368 -0.456214488 -46.729797363
-0.457462102 0.045861579 0.888046324 363.858612061 0.105442524 0.994421124 0.002961757 -4.351391792 -0.882955432 0.094992563 -0.459745258 -47.896820068
-0.460757047 0.044099260 0.886430681 366.139038086 0.104173340 0.994548321 0.004670089 -4.365822792 -0.881391406 0.094494037 -0.462838650 -49.070732117
-0.464332581 0.043899197 0.884572923 368.380187988 0.105654068 0.994384289 0.006111334 -4.375891685 -0.879336238 0.096296243 -0.466362774 -50.236900330
-0.467611939 0.045130510 0.882781744 370.549835205 0.106420726 0.994305968 0.005539336 -4.385318756 -0.877504170 0.096536353 -0.469751656 -51.373245239
-0.471082360 0.044616759 0.880960822 372.623474121 0.104949012 0.994461179 0.005755023 -4.398547173 -0.875823617 0.095166869 -0.473155141 -52.462203979
-0.474336326 0.041597590 0.879360974 374.751464844 0.103329673 0.994609475 0.008687703 -4.406651497 -0.874258459 0.094984807 -0.476077199 -53.597801208
-0.477853745 0.040154681 0.877521694 376.856933594 0.101835206 0.994751871 0.009935196 -4.407583714 -0.872516632 0.094110005 -0.479434609 -54.728622437
-0.480989128 0.040230762 0.875803351 379.039123535 0.101676375 0.994766176 0.010144995 -4.406952381 -0.870810568 0.093928032 -0.482561827 -55.917335510
-0.483884156 0.040743932 0.874183416 381.444641113 0.101559475 0.994781196 0.009851151 -4.408177376 -0.869218826 0.093548320 -0.485496223 -57.232109070
-0.486782700 0.040483229 0.872584879 383.844940186 0.101793617 0.994749129 0.010635876 -4.411141872 -0.867571533 0.094000809 -0.488347054 -58.557113647
-0.489869833 0.040006634 0.870877445 386.238708496 0.101726055 0.994746149 0.011524084 -4.415920734 -0.865840077 0.094236121 -0.491365254 -59.888023376
-0.493109077 0.039180007 0.869085073 388.624511719 0.098894529 0.995034754 0.011253568 -4.419352055 -0.864328027 0.091496885 -0.494534791 -61.221237183
-0.495640069 0.037009310 0.867739439 390.655273438 0.088305831 0.996062040 0.007956680 -4.420855999 -0.864026964 0.080570005 -0.496955901 -62.356681824
-0.499540448 0.041108884 0.865314960 392.493774414 0.080514230 0.996753573 -0.000872894 -4.441950321 -0.862540722 0.069234043 -0.501227975 -63.374114990
-0.501956403 0.048197486 0.863549292 394.129119873 0.085582502 0.996314287 -0.005860910 -4.459113598 -0.860647976 0.070962697 -0.504230618 -64.245216370
-0.502520025 0.048158403 0.863223612 395.803070068 0.092922613 0.995672762 -0.001453327 -4.494141102 -0.859557152 0.079482570 -0.504819989 -65.230422974
-0.505102873 0.038507368 0.862200141 397.640991211 0.092272505 0.995688081 0.009586825 -4.509372234 -0.858112156 0.084399581 -0.506477535 -66.302169800
-0.509526551 0.028729552 0.859975636 399.387268066 0.087593064 0.995982766 0.018624755 -4.501522541 -0.855984509 0.084817581 -0.509995461 -67.317138672
-0.512530267 0.022136843 0.858384311 400.875183105 0.078938916 0.996649683 0.021430831 -4.460300446 -0.855032444 0.078743763 -0.512559891 -68.164916992
-0.514973342 0.022283677 0.856916964 402.077117920 0.078310013 0.996705472 0.021142412 -4.434676170 -0.853621125 0.077992849 -0.515021086 -68.903236389
-0.516748905 0.027477846 0.855696440 403.224639893 0.084013686 0.996288836 0.018742727 -4.411750317 -0.852004349 0.081575379 -0.517138958 -69.630737305
-0.518739462 0.034717169 0.854227722 404.337585449 0.089657232 0.995875299 0.013971403 -4.397833347 -0.850217640 0.083835080 -0.519711792 -70.344818115
-0.521225393 0.038135257 0.852567077 405.424072266 0.090804666 0.995808840 0.010971867 -4.389906406 -0.848573983 0.083135761 -0.522502959 -71.035659790
-0.524044275 0.038523089 0.850819826 406.577636719 0.091190912 0.995772362 0.011080880 -4.389254093 -0.846794546 0.083393782 -0.525340974 -71.780136108
-0.527013719 0.037855648 0.849013805 407.757843018 0.092109725 0.995667338 0.012781215 -4.386945724 -0.844850063 0.084938161 -0.528216541 -72.541854858
-0.529463887 0.037031803 0.847524345 408.924987793 0.092331015 0.995627999 0.014177783 -4.379213810 -0.843292475 0.085759267 -0.530567527 -73.301422119
-0.531085551 0.037655871 0.846481562 410.083862305 0.093289383 0.995537698 0.014243415 -4.373156071 -0.842166424 0.086532071 -0.532227933 -74.072540283
-0.532582283 0.037952535 0.845527709 411.229827881 0.093683176 0.995499551 0.014325060 -4.368698597 -0.841176987 0.086840793 -0.533740282 -74.829696655
-0.534078360 0.038666740 0.844551146 412.380615234 0.094588287 0.995415211 0.014241961 -4.365411282 -0.840126514 0.087490775 -0.535286427 -75.591125488
-0.535472631 0.037853915 0.843704700 413.496948242 0.095784724 0.995271802 0.016137313 -4.359780788 -0.839102805 0.089454904 -0.536565959 -76.338134766
-0.536571860 0.037301414 0.843030691 414.651519775 0.098193884 0.994996369 0.018472970 -4.346741199 -0.838121533 0.092692330 -0.537549198 -77.125976562
-0.538215578 0.036817607 0.842003584 415.809448242 0.099768773 0.994804621 0.020273959 -4.325153351 -0.836880684 0.094917193 -0.539092004 -77.899337769
-0.540095687 0.037715614 0.840758979 416.961181641 0.098430842 0.994970679 0.018597621 -4.299407005 -0.835827172 0.092800900 -0.541091084 -78.672424316
-0.541620731 0.039175510 0.839710534 418.097534180 0.094508827 0.995418668 0.014519133 -4.278037071 -0.835292935 0.087223716 -0.542841077 -79.447463989
-0.543091774 0.039322738 0.838753045 419.258483887 0.091097742 0.995766580 0.012301756 -4.266887665 -0.834716439 0.083089299 -0.544374108 -80.238830566
-0.543867946 0.038512196 0.838287532 420.444488525 0.089567631 0.995904624 0.012356682 -4.263979435 -0.834376633 0.081803627 -0.545089424 -81.045791626
-0.544303358 0.037482291 0.838051558 421.596282959 0.086873807 0.996149123 0.011870034 -4.263953209 -0.834377587 0.079265423 -0.545462847 -81.853256226
-0.544624209 0.036899772 0.837869108 422.752685547 0.083761074 0.996430397 0.010562766 -4.267079830 -0.834486246 0.075933345 -0.545770228 -82.666152954
-0.544418514 0.036294695 0.838028967 423.942108154 0.082454026 0.996540964 0.010405727 -4.276065826 -0.834750533 0.074763708 -0.545527399 -83.499160767
-0.544120371 0.034431502 0.838301361 425.196838379 0.082523979 0.996509492 0.012634609 -4.284876823 -0.834938109 0.076054484 -0.545061886 -84.364562988
-0.543904781 0.032668099 0.838511765 426.525939941 0.085390337 0.996210158 0.016576843 -4.288583755 -0.834790349 0.080616802 -0.544632316 -85.274993896
-0.543623030 0.031410784 0.838742495 428.144226074 0.091867544 0.995522916 0.022260837 -4.275008202 -0.834285975 0.089154460 -0.544074059 -86.366531372
-0.542317569 0.030673195 0.839614451 430.219024658 0.096976712 0.994939864 0.026290819 -4.238428116 -0.834557354 0.095680758 -0.542547226 -87.728836060
-0.540752709 0.029086413 0.840679526 432.481079102 0.091256291 0.995532513 0.024254870 -4.200693130 -0.836216331 0.089832939 -0.540990472 -89.178756714
-0.540114462 0.029826760 0.841063738 434.739074707 0.084384210 0.996255159 0.018859472 -4.174131393 -0.837349772 0.081158541 -0.540608048 -90.614776611
-0.538490593 0.028408866 0.842153430 437.019714355 0.079587989 0.996678650 0.017268611 -4.161097050 -0.838863730 0.076324061 -0.538962364 -92.056808472
-0.535844326 0.028694617 0.843829989 439.305755615 0.077910915 0.996839046 0.015576780 -4.149120808 -0.840713739 0.074090071 -0.536385417 -93.498077393
-0.532677233 0.029231951 0.845814466 441.590789795 0.080024667 0.996665597 0.015952414 -4.136110306 -0.842526019 0.076183267 -0.533239365 -94.939346313
-0.529485881 0.029068643 0.847821653 443.872558594 0.080498911 0.996625006 0.016102968 -4.120580196 -0.844490230 0.076774761 -0.530037940 -96.368423462
-0.527012408 0.030492472 0.849311471 446.160705566 0.077993147 0.996874571 0.012605648 -4.109849930 -0.846270740 0.072883561 -0.527742445 -97.784484863
-0.525578618 0.026417589 0.850335836 448.460510254 0.070956312 0.997396827 0.012870511 -4.105540752 -0.847780228 0.067100942 -0.526083946 -99.192764282
-0.525056005 0.021164464 0.850805581 450.769195557 0.062163003 0.997974575 0.013537047 -4.103491783 -0.848793924 0.059996136 -0.525307178 -100.589309692
-0.524744213 0.018823888 0.851052940 453.074737549 0.054935589 0.998420656 0.011788831 -4.099403381 -0.849484921 0.052939016 -0.524948657 -101.986679077
-0.524191141 0.018492997 0.851400852 455.379943848 0.052772570 0.998548567 0.010801853 -4.097214222 -0.849963307 0.050592672 -0.524405241 -103.383728027
-0.523074508 0.018178340 0.852094114 457.692230225 0.054565854 0.998436153 0.012195879 -4.098453999 -0.850537956 0.052874409 -0.523247361 -104.788124084
-0.521527469 0.016755285 0.853070974 459.996459961 0.055910662 0.998329818 0.014572754 -4.094172955 -0.851400077 0.055295661 -0.521592259 -106.187713623
-0.520075023 0.014468065 0.853998959 462.282409668 0.053947281 0.998417020 0.015938465 -4.084159851 -0.852414429 0.054359943 -0.520031393 -107.568832397
-0.519169033 0.014591703 0.854547858 464.574035645 0.051562756 0.998568118 0.014275311 -4.071576118 -0.853113949 0.051473964 -0.519177139 -108.946128845
-0.518263698 0.015949111 0.855073154 466.866516113 0.050384179 0.998659253 0.011910710 -4.064558029 -0.853734553 0.049254861 -0.518371642 -110.321510315
-0.517122746 0.017351817 0.855736256 469.161743164 0.050419524 0.998676360 0.010218328 -4.063744545 -0.854424119 0.048429772 -0.517312229 -111.690292358
-0.515861690 0.017446842 0.856495082 471.477081299 0.051532496 0.998614430 0.010695843 -4.064991951 -0.855119705 0.049654718 -0.516045272 -113.068878174
