1.000000000 0.000000000 0.000000000 0.000000000 0.000000000 1.000000000 0.000000000 0.000000000 0.000000000 0.000000000 1.000000000 0.000000000
0.999999046 0.001095033 -0.000817585 0.006456701 -0.001093455 0.999997556 0.001928942 0.012516597 0.000819696 -0.001928047 0.999997795 0.211936235
0.999994218 0.003072219 -0.001443237 -0.003654267 -0.003069456 0.999993503 0.001912661 0.012532545 0.001449104 -0.001908220 0.999997139 0.858462811
0.999986470 0.004331858 -0.002866683 -0.016430639 -0.004326972 0.999989212 0.001708760 -0.006767401 0.002874054 -0.001696333 0.999994457 2.387279749
0.999979019 0.004878440 -0.004248912 -0.032180075 -0.004871844 0.999986947 0.001561521 -0.026173888 0.004256474 -0.001540789 0.999989808 3.910229921
0.999973238 0.004802029 -0.005505718 -0.048725568 -0.004792064 0.999986887 0.001821852 -0.045173571 0.005514394 -0.001795420 0.999983251 5.431071758
0.999963522 0.004626091 -0.007169256 -0.066032827 -0.004610632 0.999987066 0.002171389 -0.063781552 0.007179208 -0.002138255 0.999971986 6.946094513
0.999958336 0.002685439 -0.008712427 -0.083724141 -0.002673889 0.999995589 0.001337178 -0.082142688 0.008715979 -0.001313826 0.999961197 8.454503059
0.999948502 0.001455797 -0.010034598 -0.103442498 -0.001439676 0.999997735 0.001613693 -0.100430503 0.010036925 -0.001599164 0.999948382 9.964987755
0.999934793 0.001734655 -0.011281318 -0.126535729 -0.001716875 0.999997318 0.001585607 -0.119506262 0.011284038 -0.001566135 0.999935150 11.472031593
0.999921441 0.002209577 -0.012311582 -0.152071610 -0.002190237 0.999996543 0.001584135 -0.137891859 0.012315040 -0.001557046 0.999923110 12.975684166
0.999910057 0.003753500 -0.012856929 -0.180772200 -0.003726976 0.999991059 0.002086555 -0.155742243 0.012864646 -0.002038450 0.999915242 14.478753090
0.999898255 0.005073871 -0.013306920 -0.210644409 -0.005036828 0.999983549 0.002815898 -0.172641113 0.013320991 -0.002748587 0.999907553 15.978426933
0.999885321 0.005780593 -0.013978027 -0.239109233 -0.005730391 0.999977231 0.003629039 -0.188321233 0.013998685 -0.003548523 0.999895751 17.473472595
0.999879241 0.005664733 -0.014450796 -0.267294377 -0.005613424 0.999978065 0.003588870 -0.204373971 0.014470809 -0.003507319 0.999889195 18.960042953
0.999867439 0.006411916 -0.014946479 -0.296966493 -0.006356513 0.999973059 0.003751484 -0.220766723 0.014970129 -0.003655980 0.999881327 20.436260223
0.999861717 0.006985097 -0.015069393 -0.326589584 -0.006920742 0.999966979 0.004318767 -0.236485511 0.015099060 -0.004213880 0.999877214 21.910118103
0.999857068 0.007953780 -0.014897217 -0.357909858 -0.007871553 0.999953747 0.005570310 -0.251356930 0.014940834 -0.005452251 0.999873579 23.377126694
0.999856532 0.008131177 -0.014842246 -0.387912184 -0.008068736 0.999958575 0.004262297 -0.266894281 0.014876288 -0.004141928 0.999880850 24.833946228
0.999853969 0.008525284 -0.014793973 -0.416994095 -0.008492541 0.999961555 0.002274981 -0.282875896 0.014812800 -0.002149010 0.999888062 26.278726578
0.999874592 0.006567791 -0.014387424 -0.444712996 -0.006538784 0.999976695 0.002062405 -0.299564779 0.014400637 -0.001968069 0.999894381 27.723630905
0.999884367 0.005615776 -0.014113210 -0.471175015 -0.005548735 0.999973416 0.004785096 -0.316296220 0.014139709 -0.004706232 0.999888957 29.160581589
0.999894679 0.003972181 -0.013940752 -0.496951491 -0.003888811 0.999974668 0.006002461 -0.332276404 0.013964244 -0.005947616 0.999884784 30.587631226
0.999900758 0.003072915 -0.013728374 -0.521262169 -0.002999430 0.999981344 0.005370208 -0.346492141 0.013744622 -0.005328497 0.999891400 31.997472763
0.999906838 0.003085129 -0.013273982 -0.546832561 -0.003038212 0.999989271 0.003553259 -0.361730099 0.013284806 -0.003512599 0.999905586 33.394653320
0.999910295 0.003904914 -0.012787077 -0.572146654 -0.003868824 0.999988675 0.002845968 -0.378832161 0.012798050 -0.002796241 0.999914169 34.779781342
0.999919057 0.004537395 -0.011858119 -0.596996605 -0.004515359 0.999988317 0.001884538 -0.398684919 0.011866535 -0.001830842 0.999927938 36.143199921
0.999931514 0.005004578 -0.010546277 -0.619685411 -0.004973532 0.999983430 0.002968166 -0.418524623 0.010560961 -0.002915511 0.999939919 37.493740082
0.999944806 0.005245228 -0.009055354 -0.639471471 -0.005199688 0.999974012 0.005045567 -0.437921762 0.009081586 -0.004998204 0.999946237 38.825386047
0.999962270 0.004564675 -0.007340266 -0.655816436 -0.004519816 0.999971330 0.006116553 -0.455657870 0.007367979 -0.006083146 0.999954343 40.140911102
0.999974668 0.004882400 -0.005074978 -0.668561101 -0.004848149 0.999965727 0.006739965 -0.470944643 0.005107718 -0.006715192 0.999964416 41.434906006
0.999988079 0.004474456 -0.001665189 -0.678644061 -0.004464172 0.999971509 0.006130328 -0.486221850 0.001692576 -0.006122822 0.999979854 42.714492798
0.999990821 0.003636574 0.001983250 -0.682543337 -0.003645113 0.999984264 0.004318579 -0.501903534 -0.001967511 -0.004325768 0.999988735 43.971466064
0.999978900 0.003436206 0.005413641 -0.682051539 -0.003449874 0.999991119 0.002517210 -0.517654419 -0.005404941 -0.002535834 0.999982238 45.216621399
0.999947608 0.003555162 0.009550733 -0.676825404 -0.003585077 0.999988973 0.003116743 -0.534382463 -0.009539548 -0.003150818 0.999949515 46.449081421
0.999881983 0.003802592 0.014850404 -0.664847434 -0.003846328 0.999988616 0.002917630 -0.551660180 -0.014839138 -0.002974404 0.999885440 47.669124603
0.999758542 0.005360546 0.021282492 -0.647006989 -0.005403304 0.999983788 0.001952002 -0.567629218 -0.021271685 -0.002066526 0.999771595 48.877239227
0.999565482 0.006700310 0.028685562 -0.622815847 -0.006758641 0.999975562 0.001936849 -0.584175050 -0.028671883 -0.002129883 0.999586582 50.080131531
0.999280691 0.007744358 0.037105553 -0.588024497 -0.007857266 0.999965191 0.002897926 -0.600975156 -0.037081826 -0.003187390 0.999307096 51.267063141
0.998823464 0.009939096 0.047454778 -0.542351961 -0.010115451 0.999943078 0.003477438 -0.617454827 -0.047417518 -0.003953373 0.998867333 52.442337036
0.998096287 0.012201590 0.060446680 -0.485380173 -0.012428708 0.999917567 0.003382616 -0.633342743 -0.060400408 -0.004127450 0.998165429 53.603649139
0.997056544 0.014241072 0.075327918 -0.411967754 -0.014567787 0.999887228 0.003789374 -0.648135304 -0.075265445 -0.004875579 0.997151375 54.750682831
0.995662093 0.016517416 0.091559038 -0.321310997 -0.017044626 0.999842763 0.004978996 -0.661913037 -0.091462389 -0.006517985 0.995786965 55.885269165
0.993875563 0.016574271 0.109249413 -0.207757473 -0.017300168 0.999834657 0.005699688 -0.676238775 -0.109136857 -0.007554811 0.993997812 57.004810333
0.991602600 0.016163310 0.128303349 -0.073598385 -0.016904395 0.999846637 0.004689012 -0.689495444 -0.128207847 -0.006818526 0.991723716 58.111091614
0.988786578 0.015196279 0.148556069 0.081961632 -0.015928864 0.999866664 0.003742703 -0.701609969 -0.148479372 -0.006067064 0.988896668 59.202659607
0.985462248 0.012424602 0.169435978 0.261125565 -0.013194180 0.999907672 0.003416733 -0.713384211 -0.169377849 -0.005602630 0.985535026 60.279266357
0.981492817 0.007368910 0.191353753 0.465199471 -0.008557412 0.999949455 0.005385358 -0.725053668 -0.191304386 -0.006923182 0.981506109 61.342239380
0.976707339 0.002010366 0.214563265 0.692912102 -0.003545951 0.999971390 0.006772160 -0.737384439 -0.214543477 -0.007375248 0.976686358 62.386932373
0.971157372 -0.003011023 0.238417745 0.944645882 0.001584202 0.999980211 0.006175971 -0.749322653 -0.238431588 -0.005620137 0.971142828 63.411296844
0.964605331 -0.009013115 0.263540924 1.220785141 0.008172557 0.999958158 0.004285701 -0.759850740 -0.263568580 -0.001980205 0.964638352 64.414161682
0.957017422 -0.012551606 0.289756030 1.521394730 0.011636693 0.999921143 0.004880345 -0.769450307 -0.289794475 -0.001298773 0.957087755 65.400711060
0.948309422 -0.015126803 0.316983968 1.843946457 0.013549674 0.999883175 0.007179429 -0.780089378 -0.317055553 -0.002513289 0.948403299 66.372299194
0.938533127 -0.019524615 0.344634265 2.193944931 0.017138228 0.999804258 0.009970021 -0.788506508 -0.344761401 -0.003450772 0.938683748 67.318176270
0.927492082 -0.022574227 0.373158455 2.569902420 0.020517267 0.999745369 0.009483594 -0.796193421 -0.373277456 -0.001139765 0.927718759 68.243591309
0.915283740 -0.021912539 0.402211428 2.964323044 0.021469342 0.999754667 0.005610569 -0.804968834 -0.402235538 0.003499951 0.915529251 69.144592285
0.902087212 -0.023067394 0.430934906 3.384601593 0.025499821 0.999675632 0.000131943 -0.813469887 -0.430798054 0.010869735 0.902382612 70.020584106
0.887762487 -0.025088970 0.459615886 3.831857681 0.029407665 0.999565840 -0.002238682 -0.825919688 -0.459360063 0.015503644 0.888114572 70.875007629
0.871878922 -0.025821947 0.489038676 4.302791595 0.029008422 0.999579370 0.001061810 -0.839768767 -0.488860309 0.013260467 0.872260988 71.719688416
0.853962839 -0.024882568 0.519737244 4.800018311 0.025022045 0.999664903 0.006746383 -0.852811396 -0.519730806 0.007243725 0.854299068 72.550064087
0.834096491 -0.025200455 0.551041067 5.322566986 0.023316501 0.999674678 0.010423997 -0.865457654 -0.551124275 0.004153726 0.834412754 73.350646973
0.812738419 -0.019063797 0.582315385 5.863388062 0.019508967 0.999795437 0.005502544 -0.873647034 -0.582300901 0.006888241 0.812944055 74.120765686
0.790585756 -0.012251084 0.612227321 6.429676056 0.016792390 0.999858558 -0.001676617 -0.881107748 -0.612119913 0.011606269 0.790679574 74.863639832
0.767941475 -0.010018517 0.640440345 7.027294159 0.016198825 0.999862552 -0.003782721 -0.890270650 -0.640314162 0.013279287 0.767998159 75.582733154
0.744464874 -0.012582399 0.667541862 7.653171539 0.017466825 0.999848187 -0.000633582 -0.904305816 -0.667432368 0.012131514 0.744571388 76.276786804
0.719789505 -0.012927251 0.694070756 8.299259186 0.017914303 0.999840558 0.000044182 -0.921695411 -0.693960369 0.012401992 0.719906151 76.945472717
0.694277227 -0.011033447 0.719621837 8.959102631 0.018725313 0.999821901 -0.002736260 -0.936150789 -0.719463110 0.015374868 0.694360137 77.580711365
0.667856097 -0.008622149 0.744239271 9.637817383 0.018791329 0.999810398 -0.005279731 -0.947328448 -0.744052410 0.017511347 0.667891502 78.190132141
0.640706897 -0.006314519 0.767758310 10.340835571 0.017343288 0.999831021 -0.006250033 -0.961156607 -0.767588854 0.017319893 0.640708208 78.778274536
0.612459540 -0.004927854 0.790485501 11.066532135 0.017514797 0.999820650 -0.007337430 -0.978652418 -0.790307283 0.018339073 0.612435937 79.342796326
0.583530366 0.001569731 0.812088370 11.808467865 0.016311573 0.999774814 -0.013653284 -0.997882187 -0.811926782 0.021213554 0.583373249 79.879455566
0.553321362 0.010876752 0.832895577 12.565483093 0.015363575 0.999612391 -0.023260456 -1.019709349 -0.832825482 0.025666766 0.552939713 80.385848999
0.522204459 0.019189881 0.852603137 13.345119476 0.014619008 0.999399543 -0.031447776 -1.046598911 -0.852694333 0.028886389 0.521610260 80.868103027
0.490179300 0.023977906 0.871290565 14.152030945 0.012413101 0.999329209 -0.034485012 -1.079667807 -0.871532679 0.027719267 0.489552677 81.328361511
0.457519203 0.023435079 0.888889670 14.984086990 0.010671368 0.999437034 -0.031842239 -1.117653251 -0.889135182 0.024054114 0.457011402 81.761840820
0.424139857 0.022033418 0.905327439 15.834503174 0.006248385 0.999610066 -0.027255343 -1.154822946 -0.905574679 0.017216925 0.423836619 82.168243408
0.389551580 0.023188625 0.920711517 16.701850891 0.002342449 0.999655902 -0.026167963 -1.191281557 -0.921001256 0.012350509 0.389363110 82.545883179
0.354221165 0.026031729 0.934798121 17.583805084 -0.004622480 0.999650180 -0.026086098 -1.225275636 -0.935149789 0.004919183 0.354217410 82.893318176
0.318315864 0.027914535 0.947572470 18.486310959 -0.009341805 0.999611259 -0.026309371 -1.256482363 -0.947938263 -0.000477327 0.318452775 83.205970764
0.282097608 0.027243787 0.958997607 19.408689499 -0.011786075 0.999620676 -0.024930850 -1.288653851 -0.959312856 -0.004269866 0.282311767 83.484054565
0.245826721 0.026769986 0.968942583 20.342845917 -0.012356752 0.999624968 -0.024482673 -1.321004987 -0.969234824 -0.005954464 0.246065244 83.722732544
0.209812045 0.026275029 0.977387249 21.286413193 -0.011432316 0.999637544 -0.024419028 -1.352396965 -0.977674603 -0.006050371 0.210036308 83.925338745
0.174305409 0.025078312 0.984370887 22.243768692 -0.009037234 0.999675393 -0.023867946 -1.380522966 -0.984649897 -0.004735654 0.174475372 84.092010498
0.139754772 0.024254901 0.989887595 23.211280823 -0.000741860 0.999703407 -0.024390647 -1.412946463 -0.990185738 0.002674375 0.139731169 84.216232300
0.105899602 0.027759340 0.993987918 24.178836823 0.001616082 0.999605119 -0.028088372 -1.447344422 -0.994375348 0.004580935 0.105812833 84.314933777
0.073235244 0.032853335 0.996772051 25.156879425 0.002673536 0.999448240 -0.033137955 -1.480598569 -0.997310877 0.005091796 0.073106900 84.384254456
0.044116348 0.036799323 0.998347104 26.137022018 0.009737862 0.999259174 -0.037263229 -1.519344211 -0.998978794 0.011365703 0.043725222 84.419189453
0.018570349 0.035007816 0.999213099 27.126483917 0.011733788 0.999311388 -0.035229318 -1.559459805 -0.999758542 0.012378801 0.018146694 84.432495117
-0.003747761 0.031982414 0.999480009 28.123416901 0.013581844 0.999398947 -0.031928875 -1.601419806 -0.999900460 0.013455143 -0.004179969 84.427566528
-0.022653714 0.029336324 0.999311447 29.123474121 0.014119107 0.999480188 -0.029021185 -1.643372059 -0.999643445 0.013451971 -0.023056269 84.404457092
-0.039317258 0.032463510 0.998697937 30.117980957 0.015836284 0.999368072 -0.031861819 -1.683424830 -0.999101162 0.014562972 -0.039806560 84.366127014
-0.054084212 0.036759496 0.997858167 31.111179352 0.018772531 0.999184251 -0.035790857 -1.723429441 -0.998359859 0.016796626 -0.054730207 84.311439514
-0.066002794 0.042206157 0.996925056 32.111846924 0.023428861 0.998896539 -0.040738449 -1.764110088 -0.997544229 0.020667989 -0.066918828 84.238754272
-0.074924685 0.045843016 0.996133447 33.113403320 0.028957319 0.998622835 -0.043779511 -1.810752988 -0.996768534 0.025565211 -0.076149017 84.156646729
-0.080736518 0.051360745 0.995409906 34.118438721 0.032905176 0.998265803 -0.048839178 -1.862319469 -0.996191919 0.028811056 -0.082286581 84.068717957
-0.084464841 0.056236934 0.994836807 35.123237610 0.034797724 0.997964859 -0.053459294 -1.918202758 -0.995818436 0.030102657 -0.086249903 83.982109070
-0.087432414 0.060467020 0.994332194 36.135822296 0.036997177 0.997665882 -0.057416528 -1.979196191 -0.995482981 0.031767443 -0.089465484 83.890899658
-0.090187222 0.063496865 0.993897140 37.151817322 0.037349857 0.997480392 -0.060336594 -2.044759989 -0.995223999 0.031680349 -0.092331618 83.798316956
-0.092697814 0.066969827 0.993438184 38.170017242 0.038383197 0.997235537 -0.063644253 -2.115608692 -0.994953990 0.032231670 -0.095012113 83.703414917
-0.094736494 0.070768088 0.992982388 39.186958313 0.039624777 0.996948957 -0.067270309 -2.187359333 -0.994713247 0.032973785 -0.097251669 83.604225159
-0.096896246 0.072214611 0.992669702 40.210876465 0.042315919 0.996762991 -0.068381824 -2.261596680 -0.994394243 0.035379823 -0.099638440 83.500053406
-0.099038169 0.070938833 0.992550373 41.242874146 0.042517640 0.996847928 -0.067003489 -2.337698221 -0.994174600 0.035565015 -0.101742178 83.395927429
-0.101544179 0.070595570 0.992321670 42.272888184 0.041984346 0.996895969 -0.066624716 -2.414156437 -0.993944347 0.034896646 -0.104192927 83.293731689
-0.103505865 0.072055466 0.992013872 43.311058044 0.041944075 0.996802986 -0.068026878 -2.487174988 -0.993743718 0.034567952 -0.106197290 83.178382874
-0.105655745 0.074132562 0.991634190 44.359493256 0.040933363 0.996697724 -0.070149757 -2.564373732 -0.993559659 0.033179216 -0.108341366 83.057426453
-0.107859932 0.076286204 0.991233468 45.414295197 0.039589807 0.996591806 -0.072390638 -2.644184828 -0.993377149 0.031434707 -0.110512510 82.930732727
-0.110327132 0.079835489 0.990682244 46.457778931 0.037409198 0.996397436 -0.076129943 -2.727697372 -0.993190706 0.028661456 -0.112916268 82.816322327
-0.112461559 0.083915636 0.990104854 47.504226685 0.034186155 0.996165931 -0.080546260 -2.815618753 -0.993067563 0.024789538 -0.114899158 82.700492859
-0.115102775 0.086260147 0.989599645 48.555801392 0.032007404 0.996028781 -0.083097652 -2.905227661 -0.992837608 0.022109769 -0.117406651 82.581100464
-0.117923006 0.084778786 0.989395678 49.615135193 0.030133083 0.996197164 -0.081770092 -2.996765137 -0.992565215 0.020170992 -0.120029226 82.458244324
-0.120904334 0.080558509 0.989388466 50.680812836 0.027202591 0.996597409 -0.077821277 -3.088824987 -0.992291272 0.017505011 -0.122684367 82.333900452
-0.123334222 0.079001285 0.989214122 51.745773315 0.027378034 0.996718824 -0.076187171 -3.178162098 -0.991987348 0.017686261 -0.125092477 82.204376221
-0.125194266 0.079344839 0.988952816 52.815269470 0.026869092 0.996703804 -0.076565243 -3.268556356 -0.991768241 0.016986746 -0.126913533 82.068862915
-0.126402110 0.082173854 0.988568127 53.885147095 0.028349133 0.996456444 -0.079204716 -3.357442856 -0.991573811 0.018013416 -0.128283784 81.931297302
-0.126851052 0.084675185 0.988299489 54.959911346 0.029055879 0.996240735 -0.081626140 -3.452953100 -0.991496086 0.018361565 -0.128834516 81.790237427
-0.127300337 0.085464239 0.988173783 56.038284302 0.027685313 0.996200144 -0.082591869 -3.544664145 -0.991477668 0.016843941 -0.129182756 81.654624939
-0.127728611 0.084573202 0.988195181 57.113475800 0.024502086 0.996323943 -0.082101874 -3.635717392 -0.991506338 0.013726095 -0.129331335 81.528251648
-0.128082246 0.083896019 0.988207221 58.199863434 0.020621514 0.996426702 -0.081921056 -3.732492924 -0.991549015 0.009885702 -0.129354671 81.398086548
-0.128312066 0.085001387 0.988082886 59.290901184 0.016795654 0.996364772 -0.083532751 -3.829310894 -0.991591573 0.005877247 -0.129273325 81.266410828
-0.128793150 0.085182585 0.988004684 60.385498047 0.012554893 0.996365488 -0.084266782 -3.925605774 -0.991591930 0.001551318 -0.129394546 81.135337830
-0.129323259 0.084626377 0.987983286 61.488052368 0.009110916 0.996412218 -0.084155753 -4.024207592 -0.991560638 -0.001881859 -0.129630357 81.002815247
-0.129765153 0.079515651 0.988349736 62.597946167 0.009496618 0.996834576 -0.078951396 -4.120102406 -0.991499424 -0.000859154 -0.130109578 80.863143921
-0.130172044 0.070920587 0.988950253 63.718818665 0.012744930 0.997477055 -0.069854483 -4.211792946 -0.991409600 0.003511005 -0.130747572 80.716484070
-0.130155787 0.065628409 0.989317596 64.839729309 0.018221190 0.997798085 -0.063793741 -4.298197269 -0.991326213 0.009723425 -0.131065071 80.566421509
-0.129481152 0.068178259 0.989233673 65.956062317 0.026554544 0.997515321 -0.065273277 -4.376125813 -0.991226375 0.017817004 -0.130969912 80.410827637
-0.128469348 0.073971935 0.988949358 67.069969177 0.032103024 0.997003078 -0.070403986 -4.454410076 -0.991193891 0.022703523 -0.130459085 80.259796143
-0.127791941 0.079811580 0.988582969 68.187156677 0.035684671 0.996482790 -0.075836457 -4.539275169 -0.991158903 0.025585990 -0.130190566 80.113700867
-0.127306223 0.084253460 0.988277078 69.314254761 0.036390044 0.996112883 -0.080233835 -4.632081032 -0.991195798 0.025749192 -0.129877374 79.969757080
-0.127440348 0.081389926 0.988499701 70.451110840 0.033309873 0.996417761 -0.077747449 -4.725326538 -0.991286814 0.023018653 -0.129694924 79.831214905
-0.127387837 0.076825783 0.988871694 71.600051880 0.032550965 0.996783733 -0.073247202 -4.821063042 -0.991318822 0.022857936 -0.129478917 79.687049866
-0.127503216 0.074773826 0.989014030 72.750877380 0.030135233 0.996987283 -0.071491614 -4.911255836 -0.991380394 0.020688770 -0.129372418 79.546051025
-0.127509564 0.075449504 0.988961816 73.903434753 0.028277969 0.996975005 -0.072414868 -4.999930859 -0.991434216 0.018732259 -0.129257426 79.402923584
-0.127239987 0.080713123 0.988580942 75.058868408 0.029192552 0.996557951 -0.077607028 -5.090530396 -0.991442382 0.018984500 -0.129158244 79.251739502
-0.126559123 0.083371654 0.988447726 76.217193604 0.028817438 0.996351600 -0.080348566 -5.183531761 -0.991540432 0.018315701 -0.128499955 79.100524902
-0.126394480 0.082292572 0.988559246 77.379211426 0.029106338 0.996432900 -0.079226568 -5.281493187 -0.991553128 0.018759551 -0.128338873 78.956771851
-0.125847355 0.075500518 0.989170849 78.556823730 0.030866312 0.996916354 -0.072164729 -5.381010056 -0.991569400 0.021450333 -0.127789736 78.803321838
-0.126402393 0.073952988 0.989216983 79.731826782 0.030197505 0.997043312 -0.070679426 -5.473208427 -0.991519392 0.020937858 -0.128261879 78.658721924
-0.126305610 0.077005684 0.988996387 80.905052185 0.027781177 0.996867359 -0.074070565 -5.563264847 -0.991602361 0.018119972 -0.128049269 78.516174316
-0.126342118 0.080150373 0.988741815 82.082687378 0.027192619 0.996637225 -0.077315696 -5.654986858 -0.991614103 0.017118270 -0.128096774 78.372901917
-0.126486346 0.079615071 0.988766670 83.271331787 0.026339818 0.996693492 -0.076883852 -5.751447678 -0.991618752 0.016319193 -0.128165185 78.225921631
-0.126333326 0.076047130 0.989066720 84.465492249 0.026051495 0.996969223 -0.073327146 -5.849598885 -0.991645873 0.016503027 -0.127931580 78.077255249
-0.125700563 0.074885026 0.989236057 85.661552429 0.026767749 0.997041583 -0.072074540 -5.946425438 -0.991707206 0.017419832 -0.127333194 77.928787231
-0.124647625 0.075450324 0.989326358 86.858024597 0.028337462 0.996969998 -0.072462924 -6.039450645 -0.991796494 0.019002687 -0.126408011 77.779022217
-0.123664983 0.075785078 0.989424050 88.064155579 0.030833298 0.996892989 -0.072503366 -6.132343769 -0.991845071 0.021541102 -0.125617445 77.626976013
-0.122727983 0.075183719 0.989586592 89.272590637 0.030541003 0.996941805 -0.071954817 -6.227926254 -0.991970479 0.021392118 -0.124648847 77.480323792
-0.121481724 0.075938955 0.989682734 90.486686707 0.031848039 0.996855557 -0.072580017 -6.322119713 -0.992082834 0.022702333 -0.123518258 77.333175659
-0.120552555 0.074200839 0.989928126 91.710250854 0.031990051 0.996976554 -0.070833422 -6.417342186 -0.992191553 0.023128729 -0.122561797 77.189743042
-0.119541533 0.073356196 0.990113676 92.937126160 0.030459551 0.997069716 -0.070194013 -6.511861801 -0.992362022 0.021767344 -0.121425658 77.046615601
-0.118238427 0.072711885 0.990317702 94.165161133 0.031619396 0.997086823 -0.069433704 -6.603414536 -0.992481828 0.023103543 -0.120193101 76.901733398
-0.116891518 0.073839307 0.990394235 95.397750854 0.029720485 0.997047246 -0.070827529 -6.697155476 -0.992700040 0.021155879 -0.118740901 76.761978149
-0.115320921 0.076574013 0.990370691 96.635963440 0.030208856 0.996834874 -0.073556244 -6.791652679 -0.992868841 0.021435415 -0.117269129 76.619117737
-0.114319988 0.075497560 0.990569353 97.894134521 0.028258106 0.996953249 -0.072722889 -6.889021873 -0.993041992 0.019677961 -0.116105124 76.477043152
-0.114086196 0.074073441 0.990703762 99.144630432 0.024770239 0.997120023 -0.071700722 -6.989877701 -0.993162036 0.016359931 -0.115592465 76.343917847
-0.114278086 0.075122133 0.990602732 100.390289307 0.022260051 0.997081637 -0.073045500 -7.085228443 -0.993199408 0.013703389 -0.115616828 76.212387085
-0.114867248 0.074527092 0.990579605 101.646530151 0.019740153 0.997157574 -0.072732940 -7.181976318 -0.993184745 0.011199580 -0.116011947 76.076980591
-0.116224937 0.071918115 0.990614057 102.916442871 0.017369721 0.997371197 -0.070370756 -7.281781673 -0.993071079 0.009027870 -0.117168605 75.940361023
-0.117700867 0.070504546 0.990541458 104.179824829 0.015319799 0.997488022 -0.069178648 -7.378978252 -0.992931008 0.007032523 -0.118485346 75.800415039
-0.119352743 0.069963627 0.990382135 105.443283081 0.013633083 0.997536957 -0.068826146 -7.472700119 -0.992758214 0.005287389 -0.120012611 75.658012390
-0.121081039 0.070170544 0.990157604 106.708007812 0.013758579 0.997522593 -0.069010034 -7.569725037 -0.992547274 0.005267376 -0.121746525 75.509414673
-0.123499498 0.068919517 0.989946842 107.974937439 0.013422200 0.997611582 -0.067778684 -7.664549828 -0.992253900 0.004916648 -0.124129586 75.356872559
-0.126735613 0.064114332 0.989860773 109.241577148 0.010730394 0.997940779 -0.063263856 -7.758909702 -0.991878271 0.002603823 -0.127162591 75.204666138
-0.130928531 0.064126819 0.989314079 110.502166748 0.010424543 0.997941375 -0.063306451 -7.852585793 -0.991336703 0.002024539 -0.131327465 75.044174194
-0.136593521 0.069786377 0.988164425 111.748176575 0.005289779 0.997554362 -0.069718339 -7.946189880 -0.990612805 -0.004295887 -0.136628598 74.887565613
-0.143784821 0.072874673 0.986920476 112.990211487 0.006141813 0.997332990 -0.072748773 -8.042549133 -0.989589632 -0.004398672 -0.143848926 74.714599609
-0.152808979 0.068946250 0.985846162 114.236267090 0.008003058 0.997618616 -0.068529099 -8.144306183 -0.988223135 -0.002582065 -0.152996868 74.527549744
-0.163611829 0.066704437 0.984265387 115.489875793 0.010145894 0.997774065 -0.065933436 -8.247594833 -0.986472309 -0.000801223 -0.163924426 74.323577881
-0.176444411 0.067497656 0.981991947 116.734489441 0.010546836 0.997720063 -0.066683702 -8.343820572 -0.984253764 -0.001409047 -0.176754013 74.105400085
-0.190677702 0.067774937 0.979308605 117.963302612 0.012658838 0.997702181 -0.066583179 -8.436533928 -0.981570721 -0.000299007 -0.191097528 73.873893738
-0.205228657 0.065554924 0.976514459 119.181739807 0.013292540 0.997850657 -0.064193659 -8.530999184 -0.978623509 -0.000194009 -0.205658913 73.626464844
-0.220523685 0.068380974 0.972980022 120.385467529 0.017755955 0.997657359 -0.066090971 -8.624206543 -0.975219727 0.002701576 -0.221221209 73.356811523
-0.235884100 0.071635686 0.969135523 121.575370789 0.018351717 0.997431755 -0.069260493 -8.722265244 -0.971607625 0.001447858 -0.236592934 73.081054688
-0.251085013 0.075444922 0.965018630 122.766052246 0.018400963 0.997151673 -0.073169395 -8.819940567 -0.967789829 -0.000614458 -0.251758069 72.779174805
-0.267126441 0.073186167 0.960876644 123.951522827 0.015045693 0.997309029 -0.071778327 -8.919715881 -0.963543773 -0.004716829 -0.267508775 72.464210510
-0.283082783 0.067450777 0.956719041 125.131782532 0.009647923 0.997675657 -0.067483589 -9.017284393 -0.959046721 -0.009873084 -0.283075571 72.131805420
-0.298634708 0.063505106 0.952250540 126.304199219 0.005903800 0.997889400 -0.064697243 -9.108005524 -0.954348981 -0.013698930 -0.298379332 71.779014587
-0.313713908 0.064807996 0.947301507 127.468780518 0.004124145 0.997753501 -0.066893816 -9.200312614 -0.949508190 -0.017078696 -0.313276440 71.407241821
-0.328026980 0.066712171 0.942308068 128.616668701 0.004013459 0.997594655 -0.069229119 -9.291411400 -0.944659531 -0.018927094 -0.327505648 71.018157959
-0.341876328 0.069018133 0.937205374 129.758773804 0.005745115 0.997436166 -0.071357951 -9.386195183 -0.939727068 -0.019011226 -0.341396272 70.609413147
-0.355840683 0.068892099 0.932002127 130.890808105 0.007844784 0.997466147 -0.070735924 -9.481802940 -0.934513330 -0.017859347 -0.355479389 70.183929443
-0.369904399 0.066900782 0.926656246 132.020370483 0.007639331 0.997591257 -0.068972513 -9.578236580 -0.929037988 -0.018434189 -0.369524360 69.742294312
-0.384281605 0.065543041 0.920884848 133.137359619 0.007454079 0.997666478 -0.067897335 -9.673389435 -0.923185408 -0.019227324 -0.383873314 69.286102295
-0.398991615 0.066843539 0.914513409 134.245010376 0.006068459 0.997512162 -0.070262462 -9.767385483 -0.916934133 -0.022484429 -0.398404419 68.815277100
-0.413737833 0.068961054 0.907778800 135.339508057 0.007037404 0.997341573 -0.072557382 -9.861378670 -0.910368443 -0.023631308 -0.413122982 68.325248718
-0.428333104 0.070593372 0.900857508 136.429107666 0.008255289 0.997209907 -0.074218586 -9.958751678 -0.903582811 -0.024353418 -0.427720547 67.816001892
-0.442597836 0.073199138 0.893725932 137.510086060 0.011041663 0.997034132 -0.076192260 -10.058141708 -0.896651745 -0.023854293 -0.442093164 67.284744263
-0.457208276 0.076614268 0.886051714 138.588867188 0.010899197 0.996692538 -0.080556951 -10.158763885 -0.889292359 -0.027174037 -0.456530839 66.734664917
-0.472151190 0.078950785 0.877973258 139.665008545 0.012049135 0.996468186 -0.083126575 -10.261600494 -0.881434739 -0.028669473 -0.471434712 66.165931702
-0.487323880 0.076313093 0.869878590 140.742095947 0.010905098 0.996630132 -0.081323519 -10.366559982 -0.873152792 -0.030144759 -0.486513585 65.573699951
-0.503206193 0.071879551 0.861169994 141.815490723 0.008153949 0.996887267 -0.078442894 -10.472087860 -0.864127398 -0.032450989 -0.502225637 64.962867737
-0.519205272 0.071975440 0.851611674 142.875106812 0.007735793 0.996804416 -0.079530329 -10.575559616 -0.854614079 -0.034704644 -0.518102527 64.333755493
-0.535052538 0.071060531 0.841823161 143.928466797 0.006446437 0.996772408 -0.080042943 -10.677675247 -0.844793975 -0.037400365 -0.533783257 63.680915833
-0.550855875 0.069926001 0.831664085 144.972518921 0.005861669 0.996785462 -0.079926841 -10.783181190 -0.834579527 -0.039153192 -0.549494505 63.008239746
-0.566416740 0.069379397 0.821191609 146.005554199 0.004598719 0.996702552 -0.081035674 -10.890558243 -0.824105978 -0.042123482 -0.564867437 62.313552856
-0.581790984 0.068696991 0.810430169 147.029342651 0.004204231 0.996669173 -0.081465609 -10.996854782 -0.813327253 -0.043988675 -0.580141425 61.599979401
-0.597057164 0.066169217 0.799463153 148.044799805 0.003815640 0.996817112 -0.079654001 -11.101182938 -0.802189291 -0.044507481 -0.595408857 60.862079620
-0.612090051 0.062785454 0.788289726 149.052703857 0.003961147 0.997075975 -0.076339021 -11.206171036 -0.790777802 -0.043603785 -0.610548437 60.098476410
-0.626986027 0.061436266 0.776602268 150.044647217 0.005134434 0.997191608 -0.074741594 -11.308161736 -0.779013157 -0.042874489 -0.625540197 59.316020966
-0.641721368 0.059935961 0.764590323 151.017425537 0.004454988 0.997218132 -0.074432462 -11.408414841 -0.766924441 -0.044358622 -0.640202641 58.518962860
-0.656578541 0.061258797 0.751763821 151.975601196 0.003420725 0.996929944 -0.078248948 -11.511194229 -0.754249394 -0.048804969 -0.654771805 57.704013824
-0.671890497 0.060734879 0.738154054 152.923538208 0.001384703 0.996735334 -0.080750376 -11.614843369 -0.740648746 -0.053233244 -0.669780612 56.869224548
-0.687743068 0.057731852 0.723652840 153.860656738 -0.000169030 0.996822178 -0.079685442 -11.722051620 -0.725953639 -0.054925404 -0.685547233 56.009479523
-0.704054654 0.050314449 0.708358884 154.785949707 -0.003681342 0.997217000 -0.074490860 -11.828231812 -0.710135520 -0.055053331 -0.701909542 55.125003815
-0.720816374 0.048025064 0.691458046 155.690124512 -0.004378133 0.997263372 -0.073828667 -11.932620049 -0.693111479 -0.056244183 -0.718633115 54.216487885
-0.738127112 0.045336679 0.673134327 156.578598022 -0.006102472 0.997252166 -0.073858187 -12.032970428 -0.674633145 -0.058624487 -0.735821784 53.279602051
-0.755199313 0.041933481 0.654150128 157.436950684 -0.008917276 0.997204185 -0.074219264 -12.134743690 -0.655433476 -0.061883539 -0.752713680 52.314250946
-0.771708071 0.039717250 0.634732962 158.282669067 -0.008710626 0.997296453 -0.072994307 -12.241642952 -0.635916114 -0.061859209 -0.769275308 51.323570251
-0.787356853 0.042819481 0.615006030 159.059173584 -0.005815904 0.997026801 -0.076863185 -12.339309692 -0.616468787 -0.064095564 -0.784766495 50.350666046
-0.802319407 0.041950978 0.595416188 159.851318359 -0.002768770 0.997256935 -0.073994145 -12.448347092 -0.596887231 -0.061015487 -0.800002098 49.315971375
-0.816317499 0.043782931 0.575938940 160.597595215 0.001541131 0.997286618 -0.073629402 -12.553462029 -0.577600002 -0.059217364 -0.814169586 48.256553650
-0.830332100 0.044688348 0.555471122 161.326980591 0.002947032 0.997119725 -0.075814173 -12.659511566 -0.557259321 -0.061313950 -0.828071952 47.192878723
-0.843739390 0.046332140 0.534746051 162.027130127 0.003932210 0.996776283 -0.080159470 -12.765860558 -0.536736369 -0.065531008 -0.841201782 46.117435455
-0.856296599 0.046932459 0.514344037 162.699996948 0.006633984 0.996782005 -0.079908997 -12.874188423 -0.516439617 -0.065013677 -0.853852570 45.035648346
-0.867689312 0.045105595 0.495052606 163.353607178 0.007716457 0.996979058 -0.077312559 -12.984631538 -0.497044683 -0.063263275 -0.865416229 43.921947479
-0.877759218 0.046731234 0.476813555 163.979492188 0.010278010 0.996841192 -0.078777000 -13.096163750 -0.478989094 -0.064246587 -0.875467062 42.789604187
-0.887119710 0.049366564 0.458887666 164.579238892 0.012888318 0.996527135 -0.082289390 -13.207156181 -0.461356580 -0.067086294 -0.884675264 41.682472229
-0.896389902 0.047023334 0.440760881 165.172897339 0.011293413 0.996459007 -0.083341047 -13.327866554 -0.443119407 -0.069728434 -0.893747151 40.597927094
-0.904666722 0.044049099 0.423832595 165.746520996 0.010011063 0.996567190 -0.082204983 -13.450013161 -0.425998926 -0.070125155 -0.902002335 39.472454071
-0.911981881 0.041806053 0.408090115 166.294647217 0.008937811 0.996584415 -0.082119316 -13.571807861 -0.410129517 -0.071243964 -0.909240901 38.350692749
-0.918470919 0.039598167 0.393496513 166.815109253 0.008182448 0.996666491 -0.081197076 -13.692486763 -0.395400316 -0.071357436 -0.915733337 37.196861267
-0.924582243 0.036898836 0.379186332 167.323577881 0.006887125 0.996756852 -0.080201708 -13.811582565 -0.380916119 -0.071541630 -0.921838164 36.029724121
-0.930210531 0.031876620 0.365634471 167.817596436 0.004211917 0.997084737 -0.076211810 -13.927444458 -0.366998136 -0.069353059 -0.927633464 34.854286194
-0.935167134 0.028325813 0.353066981 168.294464111 0.002689721 0.997338355 -0.072889931 -14.037033081 -0.354192138 -0.067214660 -0.932754695 33.660575867
-0.939235926 0.028438723 0.342086852 168.741744995 0.004911885 0.997575700 -0.069445245 -14.142900467 -0.343232691 -0.063545227 -0.937099040 32.462699890
-0.942222536 0.032633558 0.333388627 169.176773071 0.009353766 0.997420490 -0.071196176 -14.245567322 -0.334852189 -0.063964255 -0.940097809 31.250234604
-0.944346488 0.037629992 0.326787353 169.599472046 0.014598225 0.997252703 -0.072649010 -14.348176956 -0.328623533 -0.063835368 -0.942301929 30.046154022
-0.946114004 0.040932707 0.321230620 170.017990112 0.017681492 0.997030973 -0.074969247 -14.452730179 -0.323345751 -0.065249659 -0.944029212 28.826187134
-0.947895408 0.037965491 0.316305846 170.436019897 0.015310801 0.997157216 -0.073803477 -14.557558060 -0.318208843 -0.065115124 -0.945782423 27.611028671
-0.949746728 0.030681476 0.311506242 170.857986450 0.009231426 0.997499049 -0.070101887 -14.661446571 -0.312878162 -0.063703448 -0.947655141 26.382205963
-0.951507509 0.024453487 0.306646109 171.272720337 0.003644194 0.997663498 -0.068250723 -14.762514114 -0.307598710 -0.063823655 -0.949373841 25.152885437
-0.953136921 0.017948532 0.302000284 171.684524536 -0.003266186 0.997571886 -0.069596007 -14.861512184 -0.302516282 -0.067320973 -0.950764358 23.922838211
-0.954333365 0.015364549 0.298342645 172.084899902 -0.006538796 0.997365057 -0.072279960 -14.961605072 -0.298667192 -0.070930034 -0.951718271 22.693153381
-0.955072522 0.015785174 0.295945853 172.479003906 -0.006637255 0.997192919 -0.074607819 -15.066215515 -0.296292871 -0.073220193 -0.952286839 21.460208893
-0.955361485 0.016284309 0.294984490 172.870864868 -0.006612461 0.997052968 -0.076456785 -15.174573898 -0.295360267 -0.074994482 -0.952438533 20.231006622
-0.955269456 0.019013910 0.295119196 173.257965088 -0.004279624 0.996939600 -0.078083262 -15.285239220 -0.295700788 -0.075853594 -0.952264786 18.994705200
-0.954992175 0.019898821 0.295956939 173.647628784 -0.003867000 0.996829271 -0.079500206 -15.397983551 -0.296600610 -0.077066593 -0.951887429 17.765644073
-0.954577506 0.020914305 0.297222286 174.039672852 -0.003453423 0.996691883 -0.081224158 -15.512558937 -0.297937900 -0.078561224 -0.951347589 16.531105042
-0.954054832 0.022176530 0.298804641 174.433624268 -0.002160351 0.996724308 -0.080871984 -15.627968788 -0.299619377 -0.077801868 -0.950881720 15.305156708
-0.953344285 0.021597708 0.301106036 174.829757690 -0.003060212 0.996696830 -0.081179880 -15.743977547 -0.301864833 -0.078313857 -0.950129151 14.082633972
-0.952175200 0.020530520 0.304856628 175.227478027 -0.004497622 0.996692240 -0.081169568 -15.858144760 -0.305514783 -0.078658834 -0.948933244 12.862800598
-0.950667381 0.019316375 0.309604764 175.631698608 -0.005448014 0.996867895 -0.078923441 -15.970238686 -0.310159653 -0.076716706 -0.947584510 11.643623352
-0.948877573 0.017218744 0.315169394 176.046112061 -0.007164451 0.997081101 -0.076043628 -16.082576752 -0.315558851 -0.074414134 -0.945983946 10.432182312
-0.946600020 0.015016918 0.322055399 176.467041016 -0.009068896 0.997281551 -0.073157161 -16.189968109 -0.322278500 -0.072171286 -0.943889976 9.223518372
-0.944074929 0.017416390 0.329266042 176.890487671 -0.007091271 0.997302949 -0.073083915 -16.295368195 -0.329650849 -0.071331635 -0.941404581 8.019611359
-0.941045105 0.017832061 0.337806165 177.326293945 -0.007344581 0.997299492 -0.073105343 -16.399614334 -0.338197500 -0.071276501 -0.938372314 6.819072723
-0.937488198 0.021153959 0.347369015 177.770584106 -0.005504890 0.997126997 -0.075579271 -16.504940033 -0.347969860 -0.072766937 -0.934677720 5.619876862
-0.933507860 0.022559727 0.357842088 178.227554321 -0.004482039 0.997208834 -0.074560039 -16.608953476 -0.358525306 -0.071206294 -0.930800617 4.428543091
-0.928836107 0.024663135 0.369664729 178.705154419 -0.003738045 0.997109592 -0.075916968 -16.716018677 -0.370468557 -0.071896277 -0.926058650 3.235671997
-0.923343956 0.026869040 0.383028358 179.193191528 -0.002922167 0.997030377 -0.076984785 -16.824489594 -0.383959383 -0.072202757 -0.920522928 2.052921295
-0.917507827 0.029496659 0.396618277 179.701751709 -0.001241866 0.997031033 -0.077022284 -16.932765961 -0.397712559 -0.071161151 -0.914746583 0.870178223
-0.911601722 0.028904783 0.410053104 180.233352661 -0.001771785 0.997241616 -0.074234679 -17.043651581 -0.411067724 -0.068399027 -0.909035444 -0.306327820
-0.905182004 0.031837620 0.423826069 180.771759033 0.000157023 0.997217894 -0.074575059 -17.152862549 -0.425021082 -0.067437515 -0.902668118 -1.467544556
-0.898520768 0.034323253 0.437583119 181.330322266 0.002338374 0.997300446 -0.073424838 -17.260200500 -0.438921928 -0.064950578 -0.896174908 -2.622192383
-0.891381741 0.036240846 0.451798618 181.903076172 0.004538192 0.997464359 -0.071057416 -17.367351532 -0.453228176 -0.061288990 -0.889285386 -3.760101318
-0.883758783 0.038314983 0.466367990 182.490463257 0.007419393 0.997666717 -0.067904688 -17.474214554 -0.467881471 -0.056551263 -0.881980419 -4.887847900
-0.875551820 0.041287962 0.481353223 183.088912964 0.010703977 0.997757256 -0.066112414 -17.577640533 -0.483003199 -0.052732520 -0.874029577 -5.997451782
-0.866807997 0.044506602 0.496648461 183.713699341 0.014115938 0.997802138 -0.064780071 -17.677314758 -0.498439908 -0.049141299 -0.865530670 -7.083374023
-0.856806397 0.047226720 0.513467729 184.353027344 0.016857989 0.997832537 -0.063646220 -17.774347305 -0.515360475 -0.045876518 -0.855745018 -8.156608582
-0.846213877 0.050248794 0.530465662 185.009170532 0.019983428 0.997838318 -0.062642828 -17.870355606 -0.532466590 -0.042408779 -0.845388353 -9.211250305
-0.835253656 0.052235194 0.547375143 185.685729980 0.021661006 0.997833014 -0.062168550 -17.962268829 -0.549436212 -0.040069886 -0.834574699 -10.256950378
-0.823862314 0.054213099 0.564188480 186.383483887 0.023144703 0.997805119 -0.062082119 -18.055109024 -0.566315591 -0.038089223 -0.823308289 -11.277381897
-0.816857994 0.029238753 0.576094449 186.256591797 -0.014787016 0.997327089 -0.071584538 -18.374641418 -0.576647758 -0.066993222 -0.814242244 -11.704925537
-0.801459253 0.025498781 0.597502887 186.392227173 -0.016378427 0.997782290 -0.064550027 -18.590806961 -0.597823977 -0.061520472 -0.799264073 -12.470954895
-0.781863391 0.021838320 0.623064697 186.685775757 -0.017857373 0.998194039 -0.057395115 -18.805210114 -0.623192906 -0.056001533 -0.780061305 -13.363800049
