1.000000000 0.000000000 0.000000000 0.000000000 0.000000000 1.000000000 0.000000000 0.000000000 0.000000000 0.000000000 1.000000000 0.000000000
0.999997199 0.002178445 0.000917996 0.004298854 -0.002173948 0.999985754 -0.004872560 -0.003337989 -0.000928597 0.004870550 0.999987721 0.350646317
0.999998868 0.001239105 0.000866798 0.029272161 -0.001234280 0.999983847 -0.005544567 -0.017036781 -0.000873654 0.005543491 0.999984264 0.936772108
0.999999464 -0.000714780 0.000621641 0.020676836 0.000715978 0.999998033 -0.001928074 -0.004204248 -0.000620261 0.001928519 0.999997973 1.921772599
0.999995112 -0.003097341 -0.000055007 0.020902399 0.003097540 0.999986887 0.004080543 -0.006375125 0.000042368 -0.004080693 0.999991715 2.878813267
0.999976993 -0.006648260 -0.001332577 0.021968622 0.006653640 0.999969721 0.004074010 -0.004294115 0.001305451 -0.004082785 0.999990821 3.825452566
0.999953508 -0.009334302 -0.002392252 0.021184335 0.009337333 0.999955773 0.001258758 -0.001461163 0.002380396 -0.001281037 0.999996424 4.764903545
0.999945760 -0.009933718 -0.003079198 0.015573425 0.009926884 0.999948263 -0.002227612 -0.000058933 0.003101168 0.002196923 0.999992788 5.708827496
0.999946594 -0.009569868 -0.003874682 0.007845549 0.009559147 0.999950528 -0.002776908 -0.001078693 0.003901066 0.002739720 0.999988675 6.641381741
0.999945998 -0.009214077 -0.004804131 -0.000689369 0.009209609 0.999957144 -0.000952015 -0.001547415 0.004812698 0.000907718 0.999988019 7.572241306
0.999943912 -0.009064069 -0.005475049 -0.009571627 0.009075048 0.999956846 0.001983408 -0.002190867 0.005456836 -0.002032985 0.999983132 8.500335693
0.999936879 -0.009275401 -0.006342519 -0.018427253 0.009297212 0.999950945 0.003417608 -0.001068790 0.006310510 -0.003476362 0.999974072 9.420878410
0.999919713 -0.010672760 -0.006835922 -0.027332984 0.010701419 0.999934077 0.004169435 0.002421893 0.006790973 -0.004242256 0.999967992 10.339217186
0.999911964 -0.010882705 -0.007583401 -0.037269399 0.010913941 0.999932230 0.004089680 0.005647708 0.007538380 -0.004172088 0.999963045 11.249301910
0.999903381 -0.011209064 -0.008223137 -0.049201421 0.011230875 0.999933600 0.002610703 0.008342594 0.008193327 -0.002702807 0.999962866 12.161475182
0.999884009 -0.011767761 -0.009670175 -0.060049765 0.011773926 0.999930680 0.000580587 0.010686722 0.009662671 -0.000694377 0.999953091 13.068452835
0.999851763 -0.013083478 -0.011195482 -0.072058111 0.013075677 0.999914348 -0.000769980 0.012545035 0.011204596 0.000623476 0.999937117 13.977440834
0.999836922 -0.012748820 -0.012786301 -0.087247431 0.012731409 0.999918103 -0.001442308 0.012002246 0.012803641 0.001279283 0.999917209 14.882410049
0.999831975 -0.011501555 -0.014275334 -0.106026731 0.011469295 0.999931753 -0.002339892 0.010351013 0.014301272 0.002175769 0.999895334 15.785020828
0.999823868 -0.010042833 -0.015853688 -0.126429841 0.010006633 0.999947309 -0.002361152 0.009197954 0.015876563 0.002202092 0.999871552 16.680995941
0.999795496 -0.010471439 -0.017299179 -0.146208450 0.010445810 0.999944329 -0.001571206 0.008124895 0.017314671 0.001390179 0.999849141 17.577543259
0.999775350 -0.009997798 -0.018684620 -0.166553408 0.009994844 0.999950051 -0.000251546 0.006424351 0.018686201 0.000064738 0.999825537 18.465677261
0.999753296 -0.009639585 -0.020007122 -0.189559147 0.009648114 0.999953508 0.000329691 0.005608418 0.020003010 -0.000522642 0.999799848 19.353771210
0.999710262 -0.010689473 -0.021559026 -0.210632488 0.010694497 0.999942958 0.000117758 0.005991225 0.021556530 -0.000348289 0.999767721 20.232723236
0.999673486 -0.010799547 -0.023152709 -0.234267622 0.010795226 0.999941826 -0.000311599 0.005802877 0.023154724 0.000061556 0.999731958 21.106639862
0.999647915 -0.010686472 -0.024283355 -0.258925557 0.010691841 0.999943018 0.000091243 0.005382810 0.024280990 -0.000350847 0.999705136 21.972862244
0.999624789 -0.010482740 -0.025303435 -0.284940004 0.010536532 0.999942601 0.001993362 0.007427454 0.025281083 -0.002259226 0.999677896 22.837108612
0.999592960 -0.011703243 -0.026014734 -0.309102535 0.011829926 0.999919057 0.004721049 0.009654105 0.025957370 -0.005026881 0.999650419 23.689674377
0.999576330 -0.011569753 -0.026703890 -0.334447742 0.011741385 0.999911547 0.006279308 0.010979682 0.026628874 -0.006590190 0.999623656 24.532646179
0.999565005 -0.010975562 -0.027373888 -0.361889601 0.011121173 0.999924958 0.005172809 0.012604006 0.027315054 -0.005474988 0.999612033 25.361925125
0.999557316 -0.009393792 -0.028228072 -0.391207635 0.009469571 0.999952137 0.002552030 0.015100811 0.028202740 -0.002818209 0.999598324 26.177892685
0.999539912 -0.008944090 -0.028979054 -0.419562191 0.008971677 0.999959588 0.000822009 0.017373029 0.028970525 -0.001081622 0.999579847 26.979825974
0.999517620 -0.008104689 -0.029979585 -0.448134661 0.008121925 0.999967098 0.000453087 0.018044554 0.029974923 -0.000696361 0.999550521 27.778039932
0.999482095 -0.008234391 -0.031103306 -0.477418572 0.008237246 0.999966323 -0.000036404 0.015982574 0.031102553 -0.000219821 0.999516368 28.565124512
0.999420702 -0.007917847 -0.033096321 -0.507158041 0.007894253 0.999968648 -0.000843476 0.014368873 0.033101965 0.000581715 0.999451995 29.349414825
0.999353826 -0.007863210 -0.035069682 -0.537875473 0.007834383 0.999969065 -0.000959333 0.014505832 0.035076130 0.000683963 0.999384642 30.120498657
0.999285936 -0.007788519 -0.036967572 -0.570776761 0.007797123 0.999969780 0.000088571 0.016511636 0.036965761 -0.000376749 0.999316633 30.881826401
0.999209881 -0.008069060 -0.038910437 -0.603738546 0.008170741 0.999963641 0.002454889 0.015489455 0.038889211 -0.002770878 0.999239862 31.637571335
0.999139011 -0.007016764 -0.040884756 -0.638600886 0.007183866 0.999966502 0.003941711 0.016281694 0.040855728 -0.004232030 0.999156296 32.384563446
0.999068975 -0.005751185 -0.042753790 -0.675365090 0.005933158 0.999973893 0.004130640 0.018286131 0.042728927 -0.004380461 0.999077260 33.119102478
0.998996854 -0.003192496 -0.044664323 -0.713957369 0.003342624 0.999989033 0.003286968 0.020625576 0.044653349 -0.003432969 0.998996794 33.842758179
0.998921990 -0.001590983 -0.046390641 -0.754293740 0.001712974 0.999995291 0.002590050 0.022254050 0.046386302 -0.002666725 0.998920202 34.550651550
0.998848379 -0.001251474 -0.047958400 -0.792619586 0.001428478 0.999992311 0.003656722 0.025888309 0.047953457 -0.003721021 0.998842657 35.254127502
0.998792291 0.000098273 -0.049128469 -0.830807805 0.000170495 0.999985039 0.005466544 0.029667407 0.049128275 -0.005468320 0.998777568 35.951911926
0.998786151 0.002928892 -0.049164992 -0.872016311 -0.002634487 0.999978304 0.006051866 0.030392125 0.049181659 -0.005914999 0.998772383 36.636089325
0.998828888 0.006078978 -0.047995050 -0.913641036 -0.005893252 0.999974608 0.004010329 0.030048311 0.048018221 -0.003722789 0.998839676 37.303272247
0.998899698 0.007699865 -0.046257537 -0.950429797 -0.007668274 0.999970317 0.000860413 0.031618040 0.046262797 -0.000504752 0.998929322 37.953273773
0.998996913 0.008264461 -0.044005916 -0.983332694 -0.008321009 0.999964833 -0.001101913 0.035523333 0.043995269 0.001466979 0.999030709 38.596717834
0.999120772 0.009406508 -0.040849313 -1.013673544 -0.009430306 0.999955475 -0.000389860 0.038980030 0.040843833 0.000774738 0.999165416 39.242530823
0.999192119 0.014090498 -0.037631188 -1.045557857 -0.014012398 0.999899089 0.002338497 0.037659593 0.037660349 -0.001809307 0.999289155 39.879238129
0.999261200 0.018362651 -0.033756100 -1.075267911 -0.018175390 0.999817789 0.005846174 0.036925718 0.033857308 -0.005228328 0.999413192 40.502918243
0.999294460 0.023382487 -0.029382693 -1.102780342 -0.023193656 0.999708354 0.006751409 0.039225072 0.029531987 -0.006065157 0.999545634 41.108329773
0.999343932 0.027128832 -0.023982577 -1.123953104 -0.026969329 0.999612212 0.006950007 0.043379247 0.024161825 -0.006298658 0.999688506 41.696319580
0.999358118 0.030888980 -0.018130075 -1.140070200 -0.030731570 0.999488235 0.008898305 0.047906935 0.018395655 -0.008335433 0.999796212 42.268943787
0.999296963 0.035683196 -0.011485999 -1.155180335 -0.035568327 0.999316812 0.010055357 0.051207423 0.011836955 -0.009639754 0.999883652 42.823284149
0.999232352 0.038927447 -0.004365657 -1.163684011 -0.038883943 0.999197185 0.009646202 0.052803993 0.004737651 -0.009469045 0.999944150 43.356575012
0.999100089 0.042308100 0.002956764 -1.167149782 -0.042334955 0.999056458 0.009697946 0.054102689 -0.002543678 -0.009814396 0.999948740 43.869323730
0.998856008 0.046645056 0.010512542 -1.167522669 -0.046742540 0.998864532 0.009225289 0.056264073 -0.010070300 -0.009706123 0.999902368 44.356369019
0.998533428 0.051004894 0.018138103 -1.165971041 -0.051129393 0.998671114 0.006466768 0.058577776 -0.017784167 -0.007384678 0.999814749 44.819740295
0.998258650 0.052878100 0.026135836 -1.156230569 -0.052981991 0.998589993 0.003297631 0.060293823 -0.025924623 -0.004676620 0.999653101 45.262996674
0.997997165 0.053314153 0.034040511 -1.141692400 -0.053447951 0.998566031 0.003031585 0.060853869 -0.033830084 -0.004844912 0.999416053 45.686363220
0.997732580 0.052574903 0.042014189 -1.122316122 -0.052806847 0.998594880 0.004428728 0.060322642 -0.041722339 -0.006637326 0.999107361 46.085208893
0.997269273 0.054306060 0.050044872 -1.101902246 -0.054631669 0.998493314 0.005160261 0.060624152 -0.049689248 -0.007880209 0.998733819 46.461879730
0.996612489 0.057357062 0.058933448 -1.084249258 -0.057767242 0.998316109 0.005278431 0.060976654 -0.058531474 -0.008664977 0.998247981 46.813640594
0.995768726 0.062070567 0.067758895 -1.066919327 -0.062533319 0.998031616 0.004727530 0.059282914 -0.067332111 -0.008944719 0.997690618 47.140010834
0.994878054 0.065752640 0.076769397 -1.045125008 -0.066311389 0.997787654 0.004748887 0.057502925 -0.076287337 -0.009815254 0.997037649 47.443836212
0.994149864 0.065145649 0.086148217 -1.016710281 -0.065852523 0.997814834 0.005385817 0.055696726 -0.085609138 -0.011027393 0.996267855 47.722106934
0.993238389 0.063944392 0.096892104 -0.984135628 -0.064592019 0.997905314 0.003558776 0.052520081 -0.096461639 -0.009793177 0.995288551 47.990467072
0.992118418 0.062491886 0.108605176 -0.938879967 -0.062749512 0.998028755 -0.001047401 0.053315561 -0.108456597 -0.005775781 0.994084418 48.259094238
0.990503073 0.063432068 0.121980734 -0.902922630 -0.063274644 0.997982800 -0.005167789 0.054365039 -0.122062527 -0.002599581 0.992519021 48.527027130
0.988342464 0.065124147 0.137612462 -0.865515709 -0.064699575 0.997876167 -0.007561045 0.056456298 -0.137812644 -0.001430567 0.990457356 48.800273895
0.985662937 0.066574685 0.155034706 -0.857338428 -0.065882720 0.997781157 -0.009603150 0.075298756 -0.155330122 -0.000748641 0.987862408 49.112537384
0.982481837 0.066954687 0.173912644 -0.871830940 -0.066005841 0.997755945 -0.011240688 0.089812100 -0.174275056 -0.000435477 0.984696925 49.436470032
0.979171693 0.065995067 0.192006692 -0.809444427 -0.064798526 0.997819960 -0.012511565 0.089010596 -0.192413881 -0.000190781 0.981313884 49.690555573
0.975256681 0.064886734 0.211337030 -0.740439415 -0.063574858 0.997892380 -0.013003682 0.088342369 -0.211735457 -0.000753795 0.977326751 49.941902161
0.970653892 0.065125406 0.231492490 -0.666781425 -0.063527644 0.997876883 -0.014357966 0.086865366 -0.231936157 -0.000769559 0.972730696 50.188953400
0.965266883 0.067109279 0.252498329 -0.588377953 -0.065000109 0.997745752 -0.016695298 0.086335599 -0.253049582 -0.000297001 0.967453301 50.438697815
0.958969831 0.068376265 0.275137722 -0.501304626 -0.065727472 0.997659624 -0.018847212 0.082213104 -0.275782615 -0.000010198 0.961219966 50.677722931
0.951522410 0.069490440 0.299625188 -0.406309128 -0.066524446 0.997582316 -0.020101510 0.078124285 -0.300297737 -0.000805362 0.953845084 50.926124573
0.942837775 0.072268896 0.325320274 -0.304090500 -0.069154382 0.997381866 -0.021143220 0.073659182 -0.325996608 -0.002562697 0.945367455 51.176864624
0.932886481 0.074303731 0.352421612 -0.195178986 -0.071011335 0.997226775 -0.022280538 0.065096617 -0.353099883 -0.004240717 0.935576022 51.412918091
0.921615839 0.074936777 0.380798846 -0.073198318 -0.071306527 0.997173965 -0.023654917 0.056002259 -0.381495446 -0.005352702 0.924355209 51.651527405
0.908879101 0.072979845 0.410623610 0.066152573 -0.068400286 0.997322798 -0.025855487 0.048355341 -0.411411434 -0.004587257 0.911438107 51.884208679
0.893801212 0.070204303 0.442933261 0.213937759 -0.064196184 0.997528315 -0.028564505 0.039374113 -0.443844020 -0.002903634 0.896099329 52.111854553
0.876304328 0.069490761 0.476718843 0.371904373 -0.061249595 0.997582495 -0.032827500 0.030314565 -0.477847725 -0.000431949 0.878442466 52.335632324
0.856585503 0.071277067 0.511057734 0.539779663 -0.060379267 0.997455180 -0.037912916 0.020805597 -0.512459755 0.001618369 0.858709633 52.561553955
0.834613025 0.073197000 0.545950890 0.716615677 -0.059714217 0.997313559 -0.042425230 0.010521531 -0.547589898 0.002807619 0.836742043 52.779251099
0.809814155 0.076106951 0.581728160 0.913873672 -0.060612723 0.997097611 -0.046071328 -0.000790596 -0.583546340 0.002049091 0.812077045 53.007366180
0.782223582 0.079932004 0.617847979 1.124702454 -0.063144021 0.996800065 -0.049014449 -0.015105486 -0.619789004 -0.000673143 0.784767985 53.236736298
0.752112746 0.084148139 0.653639436 1.354024887 -0.066463485 0.996443272 -0.051803473 -0.031942129 -0.655674040 -0.004481105 0.755030572 53.466861725
0.718952596 0.085175425 0.689819753 1.608421326 -0.065830231 0.996346116 -0.054413330 -0.049479485 -0.691934407 -0.006290388 0.721932948 53.690746307
0.682256937 0.082657486 0.726424277 1.894138336 -0.061845254 0.996551991 -0.055309471 -0.069147348 -0.728491724 -0.007190624 0.685016811 53.912815094
0.643076777 0.081165493 0.761487663 2.204036713 -0.058508378 0.996668518 -0.056822591 -0.089203000 -0.763563037 -0.008012118 0.645683408 54.129405975
0.600806653 0.080580041 0.795322061 2.540357590 -0.055946231 0.996705532 -0.058720477 -0.109220982 -0.797434032 -0.009215618 0.603335440 54.339572906
0.554656506 0.080249988 0.828199923 2.900257111 -0.051943325 0.996736407 -0.061793510 -0.130534410 -0.830456376 -0.008745278 0.557014823 54.540916443
0.506600738 0.079077847 0.858546138 3.287506104 -0.048439000 0.996822655 -0.063231729 -0.155342340 -0.860818923 -0.009553876 0.508821487 54.729389191
0.458120286 0.077024393 0.885546327 3.695060730 -0.046224795 0.996954918 -0.062801152 -0.181806207 -0.887687445 -0.012163712 0.460285664 54.903373718
0.408473998 0.074881956 0.909692705 4.129325867 -0.045811467 0.997054994 -0.061502781 -0.205352545 -0.911619544 -0.016552065 0.410701483 55.069942474
0.358316362 0.074655853 0.930610001 4.579450607 -0.048524722 0.996939480 -0.061293311 -0.226989150 -0.932338238 -0.023195207 0.360842377 55.222400665
0.308997184 0.074979715 0.948102176 5.051024437 -0.046101414 0.996896327 -0.063813597 -0.248762846 -0.949944913 -0.023990640 0.311494768 55.355754852
0.261926025 0.071709678 0.962419569 5.540045738 -0.034743510 0.997289777 -0.064852275 -0.278891563 -0.964462340 -0.016451336 0.263707548 55.450374603
0.217876613 0.065842450 0.973752260 6.050557137 -0.021365266 0.997804284 -0.062688321 -0.308650374 -0.975742340 -0.007146156 0.218804836 55.523101807
0.175597236 0.064979285 0.982314765 6.576010704 -0.012120155 0.997886181 -0.063842751 -0.334138453 -0.984387398 -0.000695184 0.176013529 55.587337494
0.136929557 0.066585235 0.988339841 7.109232426 -0.008658561 0.997780383 -0.066021681 -0.356963336 -0.990542889 0.000482730 0.137202054 55.642974854
0.104351886 0.067332156 0.992258132 7.656965733 0.000420325 0.997702301 -0.067745820 -0.389891624 -0.994540334 0.007486490 0.104083687 55.674732208
0.075525485 0.065540567 0.994987130 8.212761879 0.007823081 0.997767687 -0.066317573 -0.428240895 -0.997113168 0.012792551 0.074844003 55.690929413
0.050340354 0.063907765 0.996684849 8.787030220 0.014952457 0.997790277 -0.064733908 -0.460191429 -0.998620152 0.018161638 0.049273353 55.703697205
0.030430056 0.063017011 0.997547865 9.369621277 0.019676633 0.997779191 -0.063631892 -0.487496376 -0.999343157 0.021564731 0.029122315 55.705261230
0.014473133 0.064839922 0.997790098 9.966827393 0.022570370 0.997619450 -0.065156244 -0.516758323 -0.999640405 0.023463532 0.012975018 55.706604004
0.000908574 0.064452209 0.997919917 10.566528320 0.023479529 0.997643948 -0.064455807 -0.552453279 -0.999723911 0.023489272 -0.000607090 55.700817108
-0.010947545 0.065353982 0.997801542 11.177569389 0.024194730 0.997586608 -0.065074496 -0.588043749 -0.999647319 0.023429157 -0.012502573 55.692623138
-0.020025248 0.068421386 0.997455060 11.797865868 0.029046144 0.997273982 -0.067825854 -0.620082796 -0.999377549 0.027614024 -0.021958265 55.670921326
-0.026591815 0.070695952 0.997142851 12.429856300 0.033355612 0.997003078 -0.069796532 -0.650063336 -0.999089718 0.031404335 -0.028870469 55.647144318
-0.031385161 0.070180930 0.997039914 13.073534012 0.033832688 0.997034371 -0.069115579 -0.683501124 -0.998934507 0.031563371 -0.033666734 55.625396729
-0.035088245 0.067587614 0.997095585 13.732250214 0.031448215 0.997290671 -0.066494189 -0.717371225 -0.998889267 0.029023744 -0.037118938 55.607242584
-0.037655093 0.060858026 0.997435391 14.404959679 0.029450798 0.997777522 -0.059767090 -0.750906050 -0.998856664 0.027124770 -0.039363965 55.584556580
-0.039087929 0.055351950 0.997700870 15.091421127 0.030769436 0.998057306 -0.054166265 -0.784174740 -0.998761833 0.028581487 -0.040715396 55.561176300
-0.039591294 0.052841328 0.997817159 15.782827377 0.033416294 0.998111725 -0.051531062 -0.818714321 -0.998656929 0.031303216 -0.041282557 55.530242920
-0.039287973 0.055191893 0.997701883 16.477859497 0.036691979 0.997879267 -0.053756867 -0.853888035 -0.998553932 0.034495711 -0.041230008 55.498031616
-0.038459226 0.062629856 0.997294903 17.176557541 0.037726816 0.997412980 -0.061182402 -0.886991501 -0.998547733 0.035271786 -0.040722813 55.469249725
-0.036153145 0.070764206 0.996837139 17.888061523 0.038519707 0.996846735 -0.069367900 -0.919440269 -0.998603702 0.035890054 -0.038765218 55.442371368
-0.033853684 0.071688950 0.996851742 18.614225388 0.039231326 0.996750236 -0.070349351 -0.953020692 -0.998656511 0.036726285 -0.036556371 55.414722443
-0.031767569 0.067356266 0.997222483 19.356321335 0.038587347 0.997065067 -0.066116408 -0.994691730 -0.998750150 0.036379866 -0.034273695 55.393688202
-0.029300755 0.060866453 0.997715056 20.103744507 0.038115781 0.997486055 -0.059733104 -1.041336179 -0.998843670 0.036278524 -0.031547315 55.375179291
-0.026559800 0.059167724 0.997894049 20.846458435 0.036243465 0.997647047 -0.058188442 -1.086507082 -0.998989999 0.034621704 -0.028641999 55.361850739
-0.023242231 0.064596802 0.997640193 21.579942703 0.044093706 0.997004926 -0.063528441 -1.129418135 -0.998757064 0.042513162 -0.026021181 55.336574554
-0.019810284 0.070269071 0.997330785 22.311725616 0.045732081 0.996546328 -0.069305435 -1.170082092 -0.998757303 0.044237107 -0.022955660 55.318214417
-0.017579431 0.070813380 0.997334063 23.054693222 0.039755672 0.996749043 -0.070071109 -1.212967515 -0.999054849 0.038417913 -0.020337751 55.318031311
-0.014356150 0.067314416 0.997627914 23.798086166 0.035247814 0.997144997 -0.066774637 -1.258029580 -0.999275506 0.034205627 -0.016688086 55.319438934
-0.009634608 0.063650005 0.997925222 24.545906067 0.039304294 0.997224629 -0.063225888 -1.310294151 -0.999180913 0.038613640 -0.012109822 55.308261871
-0.006133881 0.064715758 0.997884333 25.287921906 0.044005651 0.996953964 -0.064384982 -1.357766509 -0.999012470 0.043517672 -0.008963288 55.298660278
-0.003339088 0.069304481 0.997589409 26.028705597 0.043744806 0.996650279 -0.069092847 -1.402567148 -0.999037266 0.043408699 -0.006359842 55.299617767
0.000346133 0.070127919 0.997537315 26.774206161 0.040062785 0.996735811 -0.070085496 -1.445895553 -0.999197125 0.039988440 -0.002464739 55.307510376
0.003849357 0.069642402 0.997564018 27.520019531 0.039189424 0.996794760 -0.069739960 -1.494204879 -0.999224544 0.039362468 0.001107553 55.316864014
0.007487453 0.066515468 0.997756660 28.268739700 0.043283314 0.996828198 -0.066778414 -1.543753147 -0.999034941 0.043686278 0.004584477 55.318687439
0.011087550 0.067090541 0.997684717 29.013832092 0.047819804 0.996568978 -0.067546993 -1.593605638 -0.998794615 0.048458081 0.007841039 55.320583344
0.014615533 0.067892723 0.997584999 29.760553360 0.050739415 0.996355951 -0.068552509 -1.641357183 -0.998605132 0.051618882 0.011117228 55.327690125
0.017246218 0.067815773 0.997548103 30.508235931 0.051195282 0.996328115 -0.068617977 -1.687861919 -0.998539865 0.052253235 0.013710837 55.342517853
0.020644592 0.066357575 0.997581720 31.259672165 0.052615028 0.996339738 -0.067363851 -1.735114098 -0.998401523 0.053878561 0.017077420 55.358757019
0.024382140 0.065273710 0.997568846 32.011627197 0.054636415 0.996287286 -0.066525295 -1.785863876 -0.998208761 0.056125693 0.020725092 55.373920441
0.027188687 0.065562278 0.997477353 32.764556885 0.052956618 0.996350765 -0.066931747 -1.831565619 -0.998226762 0.054642897 0.023617316 55.397937775
0.030148201 0.067265913 0.997278869 33.513805389 0.050219275 0.996370554 -0.068722844 -1.878461123 -0.998283267 0.052154567 0.026660541 55.426963806
0.032874893 0.067289308 0.997191131 34.272781372 0.051863879 0.996271431 -0.068937100 -1.926813126 -0.998113096 0.053984582 0.029262252 55.452793121
0.035532381 0.066978998 0.997120857 35.032413483 0.049647525 0.996400774 -0.068699859 -1.975012779 -0.998134732 0.051945735 0.032078966 55.483951569
0.037774697 0.067346759 0.997013748 35.793411255 0.047961488 0.996453881 -0.069126152 -2.022404194 -0.998134851 0.050429564 0.034410518 55.518508911
0.040509056 0.067358866 0.996905565 36.555473328 0.044975061 0.996590376 -0.069165193 -2.072720528 -0.998166621 0.047637772 0.037341278 55.556365967
0.043854047 0.069296919 0.996631086 37.323028564 0.043590710 0.996508121 -0.071206525 -2.122630596 -0.998086691 0.046566617 0.040680032 55.593193054
0.047142088 0.072672516 0.996240497 38.093132019 0.042498104 0.996300578 -0.074687958 -2.175426722 -0.997983932 0.045859337 0.043879066 55.633304596
0.050552946 0.074771307 0.995917976 38.866668701 0.042628095 0.996122777 -0.076950565 -2.229657888 -0.997811496 0.046344228 0.047169413 55.674034119
0.053417057 0.077036798 0.995595753 39.648017883 0.036455050 0.996204138 -0.079039894 -2.281896591 -0.997906804 0.040516607 0.050405744 55.726734161
0.056050804 0.076177873 0.995517075 40.431903839 0.032769229 0.996407032 -0.078091070 -2.337153196 -0.997890115 0.036999427 0.053352971 55.781017303
0.059725735 0.076701753 0.995263100 41.218669891 0.034836240 0.996275485 -0.078870364 -2.396874189 -0.997606933 0.039381851 0.056831140 55.829128265
0.063636683 0.077750891 0.994939327 42.009803772 0.034146886 0.996206522 -0.080034040 -2.457018375 -0.997388899 0.039067216 0.060740184 55.881179810
0.067273080 0.078657299 0.994628787 42.801658630 0.030208841 0.996269464 -0.080830358 -2.512358665 -0.997277200 0.035484329 0.064645834 55.944087982
0.071397170 0.076728143 0.994491935 43.601520538 0.029212307 0.996447802 -0.078976348 -2.568532944 -0.997020185 0.034690127 0.068902031 56.007072449
0.076250374 0.076533951 0.994146645 44.403907776 0.029728539 0.996431649 -0.078990072 -2.632299900 -0.996645570 0.035577599 0.073702917 56.068607330
0.081211664 0.080090523 0.993473351 45.204113007 0.026212689 0.996249437 -0.082457148 -2.693622112 -0.996352136 0.032738127 0.078807585 56.142837524
0.087189257 0.088641182 0.992239773 45.999732971 0.024474815 0.995541632 -0.091086850 -2.756162882 -0.995891094 0.032226715 0.084630966 56.221393585
0.094470456 0.093418963 0.991134286 46.805713654 0.022845067 0.995121300 -0.095972300 -2.821960926 -0.995265543 0.031709116 0.091875307 56.303955078
0.101539478 0.096305534 0.990158617 47.613861084 0.018547844 0.994946480 -0.098673359 -2.892870426 -0.994658589 0.028384576 0.099240020 56.400070190
0.108507656 0.094506606 0.989592612 48.429107666 0.014657385 0.995209992 -0.096650295 -2.967829227 -0.993987560 0.024992164 0.106602594 56.501823425
0.115977637 0.092786357 0.988908052 49.244564056 0.014524335 0.995361686 -0.095095381 -3.041469574 -0.993145645 0.025392190 0.114091963 56.604057312
0.123180330 0.089315489 0.988356531 50.067321777 0.013984951 0.995686114 -0.091720887 -3.113109112 -0.992285848 0.025120353 0.121399790 56.713996887
0.130392849 0.083880797 0.987907231 50.889099121 0.011575053 0.996217489 -0.086114272 -3.183087826 -0.991394877 0.022663791 0.128928661 56.832611084
0.137411222 0.076411352 0.987561941 51.712364197 0.009079416 0.996880352 -0.078395784 -3.248221159 -0.990472555 0.019738968 0.136288747 56.958728790
0.144858047 0.073646516 0.986707389 52.523200989 0.009088115 0.997084558 -0.075755373 -3.315779209 -0.989410877 0.019941106 0.143766344 57.083843231
0.151844874 0.075459518 0.985519230 53.322631836 0.008940629 0.996935427 -0.077711269 -3.378207684 -0.988363981 0.020611241 0.150704786 57.212394714
0.157629967 0.082112052 0.984077930 54.109157562 0.009598074 0.996361971 -0.084674560 -3.437911987 -0.987451792 0.022792526 0.156268343 57.343784332
0.162604481 0.085690230 0.982962906 54.892032623 0.008125625 0.996071219 -0.088177219 -3.500004292 -0.986658096 0.022325221 0.161269292 57.479660034
0.167574972 0.088811122 0.981850386 55.667850494 0.006635754 0.995809436 -0.091206387 -3.567843199 -0.985837042 0.021799250 0.166283354 57.618194580
0.172800556 0.088437811 0.980978012 56.441566467 0.004097301 0.995887160 -0.090503752 -3.635796309 -0.984948456 0.019658478 0.171727449 57.762924194
0.178124219 0.085560270 0.980280638 57.209907532 0.008069471 0.996051610 -0.088403165 -3.701942205 -0.983975112 0.023657115 0.176730424 57.900066376
0.182633042 0.078804903 0.980017245 57.973648071 0.008831467 0.996610403 -0.081785083 -3.764612198 -0.983141661 0.023591675 0.181317970 58.043334961
0.185924172 0.072744563 0.979866982 58.732315063 0.006776503 0.997136414 -0.075312540 -3.827601433 -0.982540905 0.020642519 0.184898794 58.192588806
0.189084992 0.069393255 0.979505181 59.472232819 0.003025658 0.997453511 -0.071248993 -3.885383844 -0.981956244 0.016435787 0.188393474 58.345684052
0.192206755 0.069490954 0.978890479 60.202178955 0.001515123 0.997466981 -0.071107291 -3.939175367 -0.981353462 0.015150466 0.191614613 58.495288849
0.194438592 0.071686685 0.978291094 60.919147491 -0.000367753 0.997330844 -0.073008865 -3.990829468 -0.980914652 0.013835997 0.193945929 58.642421722
0.195670143 0.076075055 0.977714002 61.626182556 -0.004528312 0.997045636 -0.076673083 -4.044255257 -0.980659425 0.010575256 0.195436537 58.796852112
0.197641954 0.080175519 0.976989508 62.325027466 -0.005794558 0.996727347 -0.080623187 -4.099652290 -0.980257332 0.010273317 0.197459638 58.945907593
0.199698031 0.085652247 0.976106226 63.013130188 -0.006403396 0.996264517 -0.086111203 -4.155238152 -0.979836702 0.010945855 0.199500486 59.092163086
0.201382756 0.087831430 0.975566208 63.693340302 -0.005718085 0.996059656 -0.088496231 -4.209883690 -0.979496121 0.012243260 0.201091394 59.234458923
0.202563852 0.087880380 0.975317299 64.365936279 -0.008347021 0.996083438 -0.088018030 -4.266047478 -0.979233682 0.009688287 0.202503994 59.383674622
0.203163877 0.085163780 0.975433409 65.032241821 -0.008594910 0.996326566 -0.085197881 -4.324173927 -0.979107141 0.008925385 0.203149512 59.526344299
0.204003409 0.082710862 0.975469291 65.690643311 -0.008527032 0.996536493 -0.082713962 -4.381023407 -0.978933215 0.008556088 0.204002067 59.664546967
0.203750551 0.081513204 0.975622952 66.338470459 -0.007548802 0.996628702 -0.081691824 -4.434327126 -0.978993893 0.009279985 0.203678951 59.802047729
0.202274919 0.080822334 0.975987494 66.974288940 -0.007876475 0.996690392 -0.080904447 -4.487749100 -0.979297280 0.008677615 0.202242017 59.937343597
0.200625643 0.081700481 0.976254761 67.604469299 -0.009056049 0.996628284 -0.081544489 -4.541563034 -0.979626298 0.007518922 0.200688988 60.072052002
0.198234573 0.084507331 0.976504326 68.220565796 -0.009874294 0.996397614 -0.084224477 -4.594913483 -0.980104983 0.007053928 0.198354855 60.202953339
0.196037218 0.088375054 0.976605535 68.827285767 -0.008086777 0.996042132 -0.088510714 -4.648396969 -0.980563283 0.009453816 0.195975929 60.324596405
0.194361717 0.088939197 0.976889014 69.433006287 -0.005862848 0.995968401 -0.089509837 -4.699183464 -0.980912566 0.011669949 0.194099471 60.442832947
0.192056119 0.087918684 0.977437198 70.028007507 -0.006662474 0.996072590 -0.088285871 -4.746948719 -0.981361449 0.010443705 0.191887513 60.562770844
0.189596474 0.084991865 0.978176057 70.613563538 -0.006863886 0.996336579 -0.085239470 -4.797280312 -0.981838167 0.009447029 0.189485222 60.678680420
0.187469721 0.081013471 0.978923321 71.192810059 -0.006623454 0.996674299 -0.081214145 -4.851310730 -0.982248068 0.008741355 0.187382802 60.791114807
0.185595378 0.080013782 0.979362607 71.759254456 -0.003026811 0.996720552 -0.080858424 -4.902765751 -0.982621670 0.012042619 0.185228840 60.894996643
0.183898211 0.081475548 0.979562223 72.312545776 0.000692474 0.996547341 -0.083018385 -4.947907925 -0.982945085 0.015945276 0.183206812 60.993431091
0.181356490 0.083568975 0.979859591 72.862518311 0.004827014 0.996294737 -0.085864156 -4.991541386 -0.983405590 0.020301847 0.180281088 61.091609955
0.179646984 0.085349359 0.980021000 73.411094666 0.004286819 0.996151328 -0.087540038 -5.036475182 -0.983721793 0.019927504 0.178589687 61.192871094
0.178378135 0.087862343 0.980030715 73.956512451 0.003954925 0.995932817 -0.090007946 -5.083614349 -0.983954132 0.019931419 0.177305087 61.294589996
0.177136809 0.086132169 0.980409384 74.508239746 0.005816516 0.996053636 -0.088557534 -5.133548737 -0.984169066 0.021389393 0.175936729 61.393390656
0.177847311 0.084543355 0.980419099 75.059761047 0.011935533 0.996043563 -0.088055857 -5.178969383 -0.983985722 0.027362356 0.176134571 61.486557007
0.180211917 0.082747646 0.980140448 75.614051819 0.016796559 0.996050596 -0.087179199 -5.220904827 -0.983484447 0.032173757 0.178110242 61.579216003
0.182088792 0.082080476 0.979849517 76.166824341 0.019710995 0.996004462 -0.087096766 -5.265960693 -0.983084500 0.035173193 0.179743260 61.682277679
0.185334459 0.081692316 0.979273260 76.724533081 0.017166922 0.996116817 -0.086346455 -5.314611912 -0.982525408 0.032814115 0.183212310 61.796787262
0.190731436 0.082240686 0.978190482 77.285491943 0.016052356 0.996089339 -0.086875543 -5.361390114 -0.981510997 0.032272197 0.188665360 61.913597107
0.197435066 0.081059016 0.976958334 77.848548889 0.017385844 0.996128976 -0.086163230 -5.405035019 -0.980161786 0.033996928 0.195261464 62.028465271
0.204999238 0.081342712 0.975375473 78.419906616 0.015447836 0.996147215 -0.086321793 -5.447740555 -0.978640258 0.032763384 0.202952802 62.156295776
0.213357344 0.079118997 0.973764658 78.994812012 0.015963446 0.996299684 -0.084447742 -5.493715286 -0.976843774 0.033562224 0.211304814 62.289329529
0.222302407 0.078803964 0.971787095 79.574661255 0.012345540 0.996420383 -0.083625726 -5.543348789 -0.974899590 0.030587468 0.220533773 62.432197571
0.231963113 0.078448504 0.969555318 80.160957336 0.011263964 0.996458769 -0.083320245 -5.590256691 -0.972659349 0.030248294 0.230258018 62.582214355
0.241503328 0.082307510 0.966902316 80.749809265 0.005760247 0.996256948 -0.086245112 -5.636919975 -0.970382869 0.026398115 0.240125254 62.742885590
0.250930578 0.084506892 0.964308560 81.348472595 0.002378189 0.996124864 -0.087914035 -5.682342529 -0.968002141 0.024353649 0.249757215 62.912509918
0.261664003 0.087205380 0.961210608 81.955833435 -0.001823182 0.995952249 -0.089861073 -5.732541561 -0.965157270 0.021760970 0.260763913 63.090980530
0.271868378 0.088895150 0.958218992 82.568649292 -0.003146086 0.995800734 -0.091489106 -5.785302162 -0.962329268 0.021858379 0.271006435 63.275249481
0.281684548 0.089714684 0.955302835 83.190444946 -0.006440099 0.995773196 -0.091616459 -5.838459015 -0.959485412 0.019654715 0.281071752 63.470432281
0.292004973 0.090100437 0.952162504 83.824073792 -0.007260568 0.995732546 -0.091996759 -5.891220570 -0.956389129 0.019950293 0.291413069 63.675601959
0.302166104 0.091123044 0.948889196 84.465232849 -0.011546751 0.995697141 -0.091941178 -5.942947388 -0.953185320 0.016824933 0.301918179 63.893188477
0.312775344 0.086231381 0.945903957 85.119216919 -0.011173159 0.996135235 -0.087116130 -5.995635033 -0.949761391 0.016679056 0.312530071 64.115180969
0.323502541 0.079278916 0.942899466 85.788330078 -0.007754524 0.996672392 -0.081139669 -6.049441338 -0.946195543 0.018937171 0.323040873 64.348007202
0.334404707 0.074833676 0.939453006 86.463890076 -0.006221351 0.996995807 -0.077202871 -6.104793549 -0.942408979 0.019972358 0.333865702 64.591537476
0.344661027 0.071714863 0.935983062 87.146026611 -0.007079568 0.997247517 -0.073802061 -6.153270721 -0.938700438 0.018810360 0.344220191 64.851646423
0.354186088 0.069420084 0.932594061 87.838729858 -0.001075890 0.997270286 -0.073825896 -6.200121880 -0.935174167 0.025144763 0.353294164 65.112884521
0.362890244 0.063992687 0.929631114 88.544235229 0.005560871 0.997472405 -0.070833445 -6.243105888 -0.931815207 0.030874353 0.361617237 65.381370544
0.369937927 0.054545179 0.927453041 89.263153076 0.015182120 0.997786582 -0.064737439 -6.287806988 -0.928932250 0.038029581 0.368291080 65.657028198
0.377082139 0.050159853 0.924819648 89.984024048 0.020546090 0.997833371 -0.062497362 -6.334513187 -0.925951660 0.042568114 0.375234693 65.945816040
0.384372175 0.050204389 0.921811283 90.701606750 0.022474669 0.997715175 -0.063709758 -6.385263443 -0.922904432 0.045205709 0.382365763 66.243324280
0.391898036 0.056438245 0.918275118 91.414817810 0.024814090 0.997104764 -0.071873330 -6.431028843 -0.919673800 0.050953224 0.389363050 66.545570374
0.399181128 0.060789909 0.914853752 92.130805969 0.028494462 0.996494889 -0.078647897 -6.478770256 -0.916429102 0.057463091 0.396049947 66.852218628
0.404521406 0.062840208 0.912366152 92.844635010 0.026676744 0.996400833 -0.080456063 -6.534624100 -0.914139211 0.056885220 0.401389182 67.173095703
0.408983678 0.064476758 0.910260201 93.552795410 0.019480826 0.996656239 -0.079349346 -6.594553947 -0.912333667 0.050185263 0.406360179 67.505516052
0.412873626 0.068076141 0.908239722 94.247856140 0.012798309 0.996670365 -0.080522336 -6.656818390 -0.910698354 0.044869531 0.410627753 67.838699341
0.416857779 0.071353585 0.906166017 94.933471680 0.011771540 0.996406674 -0.083874568 -6.717261314 -0.908895493 0.045630775 0.414519936 68.161697388
0.420880228 0.075461239 0.903971314 95.610481262 0.008538495 0.996159971 -0.087132417 -6.778613091 -0.907076001 0.044390906 0.418619752 68.485893250
0.424296379 0.078582704 0.902106345 96.280281067 0.005253912 0.995996773 -0.089232691 -6.840829849 -0.905508041 0.042600729 0.422185093 68.813362122
0.428161681 0.077125400 0.900404274 96.945159912 0.003983823 0.996180654 -0.087223716 -6.903362274 -0.903693259 0.040932938 0.426219225 69.138885498
0.432352841 0.073986180 0.898663223 97.597877502 0.005024995 0.996414721 -0.084451579 -6.965005875 -0.901690423 0.041028693 0.430431038 69.451248169
0.435800016 0.071289465 0.897214949 98.240592957 0.004721208 0.996663332 -0.081484534 -7.025124550 -0.900031030 0.039746929 0.434009433 69.767410278
0.439301074 0.070341378 0.895580888 98.873222351 0.003690233 0.996779919 -0.080100015 -7.084582329 -0.898332238 0.038492952 0.437626958 70.086273193
0.442717731 0.071986757 0.893765986 99.492958069 0.001696001 0.996702909 -0.081117757 -7.141110420 -0.896659434 0.037428133 0.441136032 70.399810791
0.445477813 0.072541796 0.892348528 100.104888916 0.002658844 0.996600211 -0.082344137 -7.195266247 -0.895289004 0.039055139 0.443770468 70.708587646
0.447649747 0.070678703 0.891410589 100.709327698 0.004729888 0.996670067 -0.081399888 -7.248997688 -0.894196332 0.040654954 0.445824862 71.012046814
0.449327499 0.069521874 0.890657187 101.304183960 0.006779336 0.996673107 -0.081217289 -7.302737713 -0.893341303 0.042531271 0.447361469 71.312461853
0.451085865 0.069430649 0.889775097 101.890571594 0.005429349 0.996737242 -0.080529630 -7.357674599 -0.892463863 0.041156724 0.449237287 71.616714478
0.453071564 0.068792500 0.888815165 102.469345093 0.006962933 0.996714413 -0.080693066 -7.409052372 -0.891446948 0.042748541 0.451104045 71.913444519
0.455722421 0.070678115 0.887310743 103.041351318 0.006489040 0.996551991 -0.082712464 -7.455530167 -0.890098095 0.043451764 0.453692734 72.209388733
0.458611697 0.070670873 0.885821521 103.603073120 0.009479135 0.996386588 -0.084399417 -7.507348061 -0.888586044 0.047103424 0.456284851 72.498527527
0.461691737 0.069935814 0.884278476 104.155052185 0.011172280 0.996349335 -0.084632464 -7.560915947 -0.886969924 0.048953567 0.459225059 72.786415100
0.464900583 0.068166412 0.882734179 104.698326111 0.014261811 0.996325433 -0.084449321 -7.611148834 -0.885247827 0.051849987 0.462220311 73.070510864
0.468324900 0.067228384 0.880994380 105.231262207 0.015591526 0.996316671 -0.084316917 -7.661812782 -0.883418560 0.053223807 0.465551943 73.353469849
0.471554190 0.066824697 0.879300833 105.755348206 0.016577071 0.996276438 -0.084604606 -7.711171150 -0.881681144 0.054471940 0.468690753 73.636672974
0.474933326 0.066059090 0.877538264 106.268325806 0.017177049 0.996292472 -0.084295116 -7.759218693 -0.879854023 0.055108141 0.472038001 73.916442871
0.478420436 0.065639310 0.875673592 106.781837463 0.018795680 0.996208131 -0.084943429 -7.804857254 -0.877929628 0.057097614 0.475372821 74.196304321
0.482376784 0.067052633 0.873392999 107.284591675 0.018359030 0.996072710 -0.086610861 -7.849704742 -0.875771284 0.057813779 0.479251593 74.475730896
0.486759782 0.067392819 0.870931685 107.783531189 0.020267973 0.995879531 -0.088389046 -7.896086693 -0.873300612 0.060676314 0.483388364 74.750434875
0.491493881 0.070806667 0.867997169 108.279190063 0.018013630 0.995649219 -0.091419943 -7.945717812 -0.870694637 0.060568180 0.488080204 75.036682129
0.496953964 0.076705739 0.864379406 108.767524719 0.014501649 0.995212197 -0.096653379 -7.995824814 -0.867655754 0.060567256 0.493462443 75.325927734
0.502955973 0.083866104 0.860232949 109.252136230 0.009167918 0.994707227 -0.102336645 -8.045320511 -0.864263415 0.059357412 0.499525219 75.615486145
0.509077430 0.090275176 0.855972826 109.733772278 0.003972764 0.994227231 -0.107219003 -8.095869064 -0.860711455 0.057983391 0.505780220 75.912940979
0.515724361 0.094839230 0.851488650 110.220039368 0.000337258 0.993831456 -0.110897817 -8.148047447 -0.856754541 0.057479907 0.512511313 76.209114075
0.521445394 0.095368698 0.847937763 110.709785461 -0.003987547 0.993995607 -0.109343939 -8.200119019 -0.853275299 0.053635746 0.518694997 76.512008667
0.526867807 0.094560288 0.844670236 111.205993652 -0.010498537 0.994439781 -0.104778491 -8.255313873 -0.849882424 0.046336643 0.524931431 76.839225769
0.532685995 0.092184901 0.841276705 111.705039978 -0.016711101 0.995001376 -0.098448485 -8.310712814 -0.846147895 0.038383506 0.531564116 77.169830322
0.538413286 0.090387531 0.837818801 112.209968567 -0.023007663 0.995436549 -0.092606567 -8.366636276 -0.842366576 0.030584380 0.538036227 77.516502380
0.544569969 0.088525400 0.834029853 112.719490051 -0.025729066 0.995709002 -0.088886909 -8.419597626 -0.838320613 0.026946357 0.544511199 77.861000061
0.550837338 0.092299193 0.829492569 113.234817505 -0.030889347 0.995439470 -0.090251952 -8.467737198 -0.834040582 0.024091676 0.551176548 78.219108582
0.556872249 0.096301734 0.824995875 113.751953125 -0.034859885 0.995090067 -0.092626520 -8.518989563 -0.829866111 0.022821890 0.557495534 78.587226868
0.562992752 0.099726669 0.820422232 114.280769348 -0.037808694 0.994761229 -0.094973400 -8.571907043 -0.825596452 0.022450248 0.563814342 78.963455200
0.569266021 0.101917960 0.815811038 114.820350647 -0.040093657 0.994547129 -0.096270233 -8.624376297 -0.821175158 0.022094538 0.570248425 79.354019165
