1.000000000 0.000000000 0.000000000 0.000000000 0.000000000 1.000000000 0.000000000 0.000000000 0.000000000 0.000000000 1.000000000 0.000000000
0.999998868 0.000636679 0.001353309 -0.020945655 -0.000636992 0.999999762 0.000230885 0.008851345 -0.001353162 -0.000231747 0.999999046 0.070271201
0.999995232 0.001766702 0.002525915 -0.046100486 -0.001764303 0.999997973 -0.000951759 0.014311216 -0.002527592 0.000947298 0.999996364 0.198534191
0.999996603 0.000498450 0.002557136 -0.047413547 -0.000493152 0.999997735 -0.002072074 -0.008422414 -0.002558164 0.002070806 0.999994576 1.531143308
0.999996006 0.000212136 0.002812041 -0.049894217 -0.000206372 0.999997854 -0.002049896 -0.031884558 -0.002812470 0.002049308 0.999993920 2.861791134
0.999995470 -0.000301601 0.002985709 -0.053352769 0.000305213 0.999999225 -0.001209473 -0.055938318 -0.002985342 0.001210379 0.999994814 4.198646545
0.999993145 -0.001810305 0.003221936 -0.053608075 0.001810449 0.999998391 -0.000041890 -0.079273321 -0.003221855 0.000047723 0.999994814 5.535242558
0.999994099 -0.001402441 0.003118834 -0.055763550 0.001401024 0.999998927 0.000456668 -0.102008797 -0.003119471 -0.000452295 0.999995053 6.878241062
0.999995708 -0.000552128 0.002861026 -0.060328942 0.000556022 0.999998927 -0.001360292 -0.125055045 -0.002860271 0.001361877 0.999994993 8.218308449
0.999993205 0.002235903 0.002923768 -0.067896590 -0.002225424 0.999991119 -0.003582360 -0.149033606 -0.002931751 0.003575829 0.999989331 9.560579300
0.999978423 0.005712089 0.003210166 -0.076664969 -0.005697746 0.999973834 -0.004460094 -0.175458938 -0.003235559 0.004441709 0.999984920 10.911156654
0.999961674 0.008060637 0.003372088 -0.084749848 -0.008045162 0.999957144 -0.004578565 -0.203286007 -0.003408849 0.004551262 0.999983847 12.267059326
0.999951959 0.009085984 0.003622660 -0.090394199 -0.009072645 0.999952078 -0.003682368 -0.231402546 -0.003655944 0.003649327 0.999986708 13.624286652
0.999969602 0.006598837 0.004120911 -0.090023682 -0.006594919 0.999977827 -0.000963955 -0.256128043 -0.004127180 0.000936750 0.999991119 14.988294601
0.999987364 0.002555781 0.004308468 -0.086436048 -0.002559243 0.999996483 0.000798373 -0.280391216 -0.004306413 -0.000809390 0.999990404 16.355031967
0.999991655 0.000277520 0.004041528 -0.083299801 -0.000271217 0.999998808 -0.001559953 -0.303200692 -0.004041957 0.001558845 0.999990642 17.724372864
0.999991477 -0.000785058 0.004034515 -0.081604503 0.000799248 0.999993563 -0.003516861 -0.327524424 -0.004031727 0.003520058 0.999985695 19.093416214
0.999987721 0.001554273 0.004683156 -0.085594252 -0.001530502 0.999985993 -0.005075348 -0.355731159 -0.004690979 0.005068121 0.999976218 20.463054657
0.999974906 0.004269829 0.005624624 -0.091508783 -0.004252727 0.999986231 -0.003048990 -0.380168647 -0.005637567 0.003024995 0.999979615 21.841011047
0.999969482 0.004742226 0.006189294 -0.091826916 -0.004745286 0.999988616 0.000479721 -0.404007196 -0.006186950 -0.000509075 0.999980748 23.230199814
0.999974191 0.002396845 0.006733306 -0.086933270 -0.002413119 0.999994099 0.002410182 -0.422911763 -0.006727491 -0.002426366 0.999974430 24.621873856
0.999978602 -0.001433786 0.006336153 -0.077949837 0.001430671 0.999998748 0.000496671 -0.443215013 -0.006336858 -0.000487593 0.999979794 26.013359070
0.999978483 -0.001605248 0.006326343 -0.073939949 0.001616763 0.999996960 -0.001815051 -0.465839207 -0.006323411 0.001825243 0.999978304 27.405170441
0.999973774 -0.001847051 0.006966387 -0.070229173 0.001877118 0.999988914 -0.004311517 -0.491856337 -0.006958346 0.004324485 0.999966383 28.796962738
0.999969542 0.001553492 0.007606576 -0.071301520 -0.001514696 0.999985754 -0.005103152 -0.520444870 -0.007614396 0.005091479 0.999957979 30.191537857
0.999965131 0.002405672 0.007960702 -0.069351852 -0.002347873 0.999970794 -0.007261604 -0.550575435 -0.007977940 0.007242666 0.999941885 31.588449478
0.999961734 0.003354655 0.008043548 -0.066256791 -0.003301160 0.999972343 -0.006654564 -0.581529140 -0.008065651 0.006627761 0.999945462 32.986320496
0.999962926 0.003258927 0.007935513 -0.062370539 -0.003215653 0.999979854 -0.005459725 -0.611900568 -0.007953147 0.005434010 0.999953568 34.391407013
0.999960899 0.004362872 0.007656103 -0.060311735 -0.004333256 0.999982953 -0.003880565 -0.641929686 -0.007672905 0.003847242 0.999963105 35.798526764
0.999945402 0.007035712 0.007689733 -0.061108261 -0.007008683 0.999969125 -0.003536142 -0.670912027 -0.007714376 0.003482058 0.999964118 37.215911865
0.999924064 0.009331471 0.007996123 -0.062588513 -0.009300349 0.999948978 -0.003920530 -0.698606253 -0.008032303 0.003845870 0.999960244 38.630516052
0.999901891 0.011455611 0.008005336 -0.063440859 -0.011427933 0.999928534 -0.003494711 -0.726572096 -0.008044802 0.003402888 0.999961734 40.051994324
0.999894977 0.012192599 0.007784171 -0.062524050 -0.012164330 0.999919236 -0.003668707 -0.752785504 -0.007828278 0.003573637 0.999962866 41.470214844
0.999909103 0.011224668 0.007411652 -0.059116811 -0.011196705 0.999929965 -0.003803926 -0.781273246 -0.007453834 0.003720599 0.999965131 42.886299133
0.999922514 0.010363827 0.006847439 -0.056456357 -0.010334468 0.999937236 -0.004309641 -0.808507800 -0.006891676 0.004238546 0.999967158 44.301368713
0.999934494 0.009709258 0.005981500 -0.054122448 -0.009684335 0.999944270 -0.004181732 -0.836305141 -0.006021772 0.004123536 0.999973178 45.724224091
0.999937057 0.009943038 0.005110947 -0.054702058 -0.009927195 0.999945819 -0.003116050 -0.863815546 -0.005141654 0.003065120 0.999981940 47.148296356
0.999937654 0.010366227 0.004037560 -0.057121083 -0.010351799 0.999939919 -0.003578033 -0.891321242 -0.004074410 0.003536017 0.999985278 48.580078125
0.999937832 0.010714094 0.002915208 -0.060601473 -0.010704488 0.999937177 -0.003291490 -0.917826712 -0.002950292 0.003260083 0.999990165 50.015186310
0.999939442 0.010783657 0.001935094 -0.066187426 -0.010778872 0.999938726 -0.002466401 -0.945373297 -0.001961573 0.002445397 0.999994934 51.449531555
0.999955893 0.009218839 0.001342549 -0.070526950 -0.009216641 0.999956012 -0.001634148 -0.972476006 -0.001357554 0.001621706 0.999997497 52.884498596
0.999967515 0.007924559 0.000851478 -0.074360803 -0.007923237 0.999967217 -0.001544302 -0.999866486 -0.000863687 0.001537509 0.999998212 54.329193115
0.999984086 0.005486774 0.000428977 -0.077328235 -0.005485789 0.999982178 -0.002260469 -1.026997447 -0.000441371 0.002258084 0.999997079 55.771350861
0.999989152 0.004471760 0.000406136 -0.081514947 -0.004470936 0.999987781 -0.002000534 -1.055053711 -0.000415076 0.001998701 0.999997616 57.217510223
0.999993742 0.003184300 0.000891893 -0.086201124 -0.003183087 0.999993861 -0.001355709 -1.083644032 -0.000896204 0.001352865 0.999998391 58.658393860
0.999996126 0.002077688 0.001375268 -0.089857116 -0.002076651 0.999997258 -0.000752965 -1.112083912 -0.001376828 0.000750109 0.999998450 60.098716736
0.999997497 0.000297911 0.001865624 -0.091341138 -0.000295843 0.999999106 -0.001105017 -1.141334653 -0.001865952 0.001104466 0.999997318 61.534904480
0.999995589 -0.001460853 0.002288923 -0.092192844 0.001465077 0.999996960 -0.001842079 -1.170784950 -0.002286225 0.001845428 0.999995351 62.967617035
0.999994576 -0.000893051 0.002929129 -0.094923258 0.000899498 0.999996960 -0.002198549 -1.200915217 -0.002927157 0.002201175 0.999992967 64.392700195
0.999991775 0.000575938 0.003827140 -0.099720061 -0.000566645 0.999996662 -0.002427923 -1.230677128 -0.003828526 0.002425739 0.999989390 65.819808960
0.999981463 0.003863439 0.004527533 -0.105990946 -0.003858309 0.999991477 -0.001140781 -1.260789871 -0.004531902 0.001123295 0.999988556 67.239593506
0.999960124 0.007066782 0.005305456 -0.110755742 -0.007067776 0.999974608 0.000168777 -1.289508820 -0.005304129 -0.000206265 0.999985397 68.658126831
0.999918163 0.011168569 0.006106612 -0.115825504 -0.011172290 0.999937057 0.000575288 -1.316081762 -0.006099805 -0.000643463 0.999980688 70.070755005
0.999856889 0.015416989 0.006839109 -0.122606874 -0.015418628 0.999880672 0.000186782 -1.341836214 -0.006835415 -0.000292202 0.999976099 71.481231689
0.999798298 0.018541822 0.007603835 -0.126621187 -0.018539047 0.999827743 -0.000435715 -1.368600845 -0.007610606 0.000294663 0.999970496 72.884857178
0.999757528 0.020325629 0.008365406 -0.127467215 -0.020321267 0.999792874 -0.000606875 -1.396255732 -0.008376013 0.000436736 0.999964297 74.288070679
0.999749839 0.020533161 0.008775990 -0.125935912 -0.020530902 0.999788761 -0.000347824 -1.422462702 -0.008781282 0.000167561 0.999960840 75.690422058
0.999769032 0.019485764 0.008969609 -0.121346176 -0.019480305 0.999809623 -0.000695782 -1.449829578 -0.008981462 0.000520894 0.999958992 77.083953857
0.999795675 0.018082265 0.008944178 -0.115567327 -0.018068582 0.999835074 -0.001608514 -1.477783442 -0.008971793 0.001446581 0.999958158 78.470939636
0.999806046 0.017613063 0.008714110 -0.109924674 -0.017599011 0.999843299 -0.001686824 -1.507482886 -0.008742457 0.001533141 0.999960065 79.855888367
0.999810278 0.017488375 0.008490673 -0.106397390 -0.017476220 0.999845624 -0.001503843 -1.537218094 -0.008515667 0.001355177 0.999962211 81.247123718
0.999818504 0.017242573 0.008004622 -0.102450728 -0.017227210 0.999849081 -0.001984168 -1.566488504 -0.008037632 0.001845915 0.999965370 82.634040833
0.999825180 0.017164992 0.007313307 -0.100909054 -0.017153723 0.999851048 -0.001600982 -1.595394492 -0.007339703 0.001475256 0.999971330 84.020599365
0.999844551 0.016385561 0.006383336 -0.099444926 -0.016381180 0.999864995 -0.000737507 -1.623319626 -0.006394563 0.000632829 0.999978781 85.406150818
0.999884307 0.014160386 0.005394673 -0.098236591 -0.014161663 0.999899209 0.000199004 -1.649878979 -0.005391315 -0.000275376 0.999984801 86.792266846
0.999919891 0.011859097 0.004242457 -0.096109271 -0.011861931 0.999928951 0.000644350 -1.674997330 -0.004234516 -0.000694620 0.999990165 88.177284241
0.999944389 0.009822947 0.003633407 -0.096481621 -0.009825042 0.999951005 0.000559123 -1.699222565 -0.003627738 -0.000594787 0.999992609 89.551605225
0.999959350 0.008345600 0.003176529 -0.097218364 -0.008345718 0.999964595 0.000024807 -1.724801540 -0.003176213 -0.000051313 0.999994397 90.919212341
0.999968588 0.007249583 0.002953026 -0.099241346 -0.007248175 0.999973118 -0.000485689 -1.749699593 -0.002956466 0.000464274 0.999994993 92.290191650
0.999965549 0.007696398 0.002855559 -0.102352291 -0.007693225 0.999969244 -0.001119636 -1.776709437 -0.002864089 0.001097633 0.999994695 93.652481079
0.999967039 0.007438251 0.003028212 -0.105501890 -0.007433119 0.999970317 -0.001702876 -1.804159045 -0.003040789 0.001680316 0.999993443 95.012130737
0.999958515 0.008427526 0.003239814 -0.111117333 -0.008419355 0.999960780 -0.002527391 -1.832279086 -0.003260987 0.002500014 0.999991119 96.369186401
0.999946237 0.009648057 0.003592265 -0.116103351 -0.009640317 0.999950647 -0.002165938 -1.862370372 -0.003612986 0.002131196 0.999990702 97.723114014
0.999939740 0.010178756 0.003934280 -0.120402932 -0.010175729 0.999947309 -0.000788829 -1.889764905 -0.003942104 0.000748752 0.999991477 99.075569153
0.999926865 0.011312517 0.004100257 -0.124575496 -0.011314643 0.999935329 0.000495124 -1.917607307 -0.004094391 -0.000541478 0.999991000 100.429710388
0.999933839 0.010606240 0.004282487 -0.126651257 -0.010602111 0.999942839 -0.000985633 -1.945167303 -0.004292698 0.000940168 0.999989927 101.772682190
0.999931753 0.010680180 0.004557193 -0.130968392 -0.010664438 0.999936521 -0.003465265 -1.971624613 -0.004593915 0.003416435 0.999983191 103.119865417
0.999939084 0.010019585 0.004476734 -0.132693648 -0.009998688 0.999938488 -0.004666150 -2.000741959 -0.004523213 0.004621111 0.999978662 104.462036133
0.999957860 0.007831611 0.004627878 -0.132551700 -0.007815318 0.999962628 -0.003528271 -2.029886007 -0.004655339 0.003491960 0.999982655 105.806373596
0.999970734 0.005369846 0.005311903 -0.131045341 -0.005361475 0.999983788 -0.001588851 -2.058112144 -0.005320351 0.001560329 0.999984145 107.154273987
0.999972284 0.003865252 0.006235727 -0.128738940 -0.003858502 0.999991238 -0.001093799 -2.085307360 -0.006239906 0.001069712 0.999979615 108.498130798
0.999969542 0.003109508 0.007043398 -0.125936568 -0.003091491 0.999991238 -0.002567084 -2.112095594 -0.007051325 0.002545238 0.999971569 109.839874268
0.999955297 0.005196848 0.007804180 -0.125681400 -0.005157867 0.999973357 -0.005006419 -2.140120983 -0.007829998 0.004965951 0.999956667 111.180526733
0.999931335 0.007300873 0.009076272 -0.124392152 -0.007235929 0.999947309 -0.007167418 -2.170063496 -0.009128132 0.007101262 0.999932766 112.519599915
0.999889493 0.010286821 0.010653883 -0.124948382 -0.010211179 0.999921679 -0.007129977 -2.201250076 -0.010726405 0.007020413 0.999917448 113.857368469
0.999860048 0.011451186 0.012127619 -0.119249105 -0.011388837 0.999920905 -0.005197516 -2.233091593 -0.012186189 0.005058678 0.999912560 115.200172424
0.999845445 0.011511303 0.013229741 -0.109879613 -0.011472091 0.999928772 -0.003035799 -2.262943268 -0.013263759 0.002883564 0.999907553 116.545783997
0.999841750 0.010753799 0.014115981 -0.097557783 -0.010718106 0.999938369 -0.002601622 -2.290228128 -0.014143104 0.002449920 0.999896646 117.890022278
0.999819815 0.011125732 0.015325299 -0.085993886 -0.011076958 0.999932528 -0.003263578 -2.316569805 -0.015360592 0.003093240 0.999876857 119.229560852
0.999773920 0.013012989 0.016766412 -0.075068474 -0.012949994 0.999907911 -0.003860200 -2.343740463 -0.016815120 0.003642210 0.999851584 120.575599670
0.999723077 0.015024147 0.018059023 -0.063753843 -0.014949286 0.999878228 -0.004272975 -2.372128963 -0.018121051 0.004001832 0.999827266 121.922355652
0.999689162 0.015729072 0.019295555 -0.050526619 -0.015626684 0.999862134 -0.005445410 -2.400016785 -0.019378575 0.005142201 0.999798536 123.271133423
0.999651432 0.016774109 0.020346193 -0.034687519 -0.016649218 0.999840736 -0.006292029 -2.429303408 -0.020448525 0.005951098 0.999772727 124.617729187
0.999641836 0.015899992 0.021485278 -0.016069651 -0.015761502 0.999853134 -0.006599783 -2.458696604 -0.021587089 0.006258789 0.999746919 125.968414307
0.999629796 0.015325025 0.022441112 0.004101753 -0.015203025 0.999867916 -0.005596907 -2.488464117 -0.022523951 0.005253673 0.999731958 127.321380615
0.999631345 0.013804483 0.023340799 0.026622772 -0.013697309 0.999894083 -0.004745285 -2.518362045 -0.023403864 0.004423839 0.999715805 128.675384521
0.999633610 0.012922608 0.023744479 0.049605608 -0.012820004 0.999906957 -0.004468285 -2.547639370 -0.023800045 0.004162253 0.999707520 130.029663086
0.999659002 0.010549807 0.023845082 0.074963808 -0.010448123 0.999934971 -0.004384816 -2.575748205 -0.023889821 0.004134194 0.999705553 131.384109497
0.999677658 0.008831501 0.023761729 0.098049402 -0.008745271 0.999953926 -0.003730327 -2.603602409 -0.023793612 0.003521331 0.999710202 132.737716675
0.999700069 0.007240201 0.023356948 0.120440722 -0.007144402 0.999964893 -0.004182240 -2.632203102 -0.023386436 0.004014124 0.999717951 134.085891724
0.999733090 0.005878538 0.022303116 0.142973661 -0.005783694 0.999973238 -0.004314831 -2.660065651 -0.022327906 0.004184695 0.999741316 135.442245483
0.999765992 0.004268770 0.021169592 0.168519258 -0.004196370 0.999984384 -0.003463446 -2.688035727 -0.021184072 0.003373809 0.999769270 136.793807983
0.999791443 0.002618303 0.020214332 0.190237284 -0.002551774 0.999990404 -0.003316460 -2.717104435 -0.020222845 0.003264194 0.999789536 138.147415161
0.999816954 0.001977320 0.018989639 0.211099863 -0.001915309 0.999991953 -0.003283421 -2.745299816 -0.018996000 0.003246458 0.999813676 139.496215820
0.999839485 0.001406993 0.017817708 0.230317593 -0.001338257 0.999990880 -0.003869359 -2.774285793 -0.017823007 0.003844902 0.999833167 140.848892212
0.999856591 0.001167228 0.016846135 0.246672153 -0.001096142 0.999989748 -0.004228564 -2.803328991 -0.016850915 0.004209502 0.999848604 142.201522827
0.999870896 -0.001289262 0.015972015 0.263669014 0.001396362 0.999975920 -0.006696518 -2.833951473 -0.015963014 0.006717966 0.999849379 143.546112061
0.999864101 -0.006740577 0.014989512 0.284265518 0.006849057 0.999949872 -0.007197851 -2.864227533 -0.014940258 0.007299548 0.999861121 144.895080566
0.999795020 -0.014637350 0.013929059 0.310108423 0.014706989 0.999879003 -0.004910451 -2.895691395 -0.013855513 0.005114309 0.999890327 146.245697021
0.999690890 -0.021494374 0.012426799 0.334898233 0.021540126 0.999760926 -0.003559856 -2.922060013 -0.012347323 0.003826439 0.999915838 147.593658447
0.999626040 -0.024745531 0.011568380 0.352868915 0.024828771 0.999665737 -0.007108358 -2.950609684 -0.011388624 0.007392938 0.999907196 148.941680908
0.999635279 -0.024135442 0.012042456 0.364370942 0.024260880 0.999650955 -0.010381872 -2.982303619 -0.011787698 0.010670261 0.999872983 150.293624878
0.999691784 -0.021103369 0.013013739 0.373263955 0.021265654 0.999695480 -0.012460752 -3.020782948 -0.012746829 0.012733674 0.999837041 151.650314331
0.999678552 -0.021187048 0.013863359 0.384875417 0.021361876 0.999691844 -0.012586975 -3.060182571 -0.013592420 0.012879095 0.999824047 152.993896484
0.999591887 -0.024551818 0.014553638 0.402004004 0.024687324 0.999652088 -0.009205727 -3.096937180 -0.014322572 0.009561274 0.999851108 154.347900391
0.999443412 -0.029727938 0.015078792 0.423801303 0.029830044 0.999532580 -0.006592907 -3.131040573 -0.014875764 0.007039052 0.999863982 155.701354980
0.999322474 -0.033493433 0.015199943 0.445823073 0.033578232 0.999421000 -0.005359048 -3.161370754 -0.015011665 0.005865816 0.999869525 157.054855347
0.999265313 -0.035113391 0.015305136 0.465615273 0.035201255 0.999364376 -0.005510300 -3.192071438 -0.015101939 0.006045024 0.999867082 158.410385132
0.999315441 -0.033154108 0.016363135 0.479501963 0.033237599 0.999434948 -0.004857477 -3.222373962 -0.016192861 0.005398034 0.999853730 159.762054443
0.999417305 -0.029216964 0.017604919 0.491449118 0.029321009 0.999553204 -0.005681369 -3.254503727 -0.017431077 0.006194262 0.999828219 161.116500854
0.999497116 -0.025638061 0.018613590 0.504401445 0.025787136 0.999636292 -0.007814128 -3.287120819 -0.018406494 0.008290202 0.999795675 162.476425171
0.999550939 -0.022768781 0.019439926 0.520628691 0.022934401 0.999701619 -0.008340097 -3.319564819 -0.019244244 0.008782210 0.999775708 163.838195801
0.999580562 -0.020992180 0.019911733 0.538496971 0.021137314 0.999750674 -0.007107207 -3.353107452 -0.019757586 0.007525120 0.999775946 165.207794189
0.999619007 -0.019127445 0.019860493 0.554913521 0.019278539 0.999785721 -0.007444856 -3.387887955 -0.019713854 0.007824914 0.999774516 166.573593140
0.999662280 -0.017130625 0.019501826 0.572205067 0.017325737 0.999800384 -0.009880709 -3.422456264 -0.019328689 0.010215270 0.999760449 167.941497803
0.999729395 -0.013252114 0.019077182 0.587557793 0.013495778 0.999827623 -0.012701666 -3.459513664 -0.018905584 0.012955708 0.999736786 169.313613892
0.999785304 -0.008040911 0.019057736 0.598310471 0.008308450 0.999866843 -0.014001744 -3.499611139 -0.018942626 0.014157098 0.999719799 170.687286377
0.999804318 -0.003535138 0.019422695 0.610057354 0.003783847 0.999910593 -0.012784179 -3.539824963 -0.019375773 0.012855192 0.999729037 172.067382812
0.999797702 -0.000737286 0.020060413 0.624113321 0.000955431 0.999939859 -0.010867698 -3.578958750 -0.020051207 0.010884682 0.999739170 173.454925537
0.999797583 0.000046665 0.020079061 0.642225027 0.000127279 0.999961913 -0.008662533 -3.614054680 -0.020078715 0.008663352 0.999760330 174.850189209
0.999808013 -0.003364389 0.019256957 0.666825056 0.003514397 0.999963343 -0.007762291 -3.646423578 -0.019230142 0.007828492 0.999783814 176.251373291
0.999829948 -0.005463578 0.017562490 0.687794447 0.005599219 0.999954402 -0.007684469 -3.677817822 -0.017519711 0.007781513 0.999815702 177.655883789
0.999860108 -0.005915315 0.015588560 0.706761360 0.006102868 0.999908864 -0.012012687 -3.713308334 -0.015516085 0.012106160 0.999805808 179.047119141
0.999889553 -0.004251943 0.014173672 0.719058275 0.004483638 0.999855816 -0.016356748 -3.751266003 -0.014102083 0.016418513 0.999765158 180.446441650
0.999907374 0.000354176 0.013538059 0.725085378 -0.000123323 0.999854267 -0.017050784 -3.793743610 -0.013542127 0.017047556 0.999762356 181.859680176
0.999902427 0.003527369 0.013446305 0.730565071 -0.003309930 0.999863625 -0.016160749 -3.837026119 -0.013501478 0.016114688 0.999778390 183.281204224
0.999889493 0.005615415 0.013689486 0.737779975 -0.005440667 0.999903262 -0.012770930 -3.877418995 -0.013759878 0.012695059 0.999824166 184.699172974
0.999882400 0.006192401 0.013959283 0.749323487 -0.006040932 0.999922216 -0.010868679 -3.916459084 -0.014025506 0.010783093 0.999842882 186.115783691
0.999884605 0.005590892 0.014053073 0.762876272 -0.005450303 0.999934494 -0.010024378 -3.951216221 -0.014108202 0.009946646 0.999850452 187.534790039
0.999893069 0.003860688 0.014027195 0.777163386 -0.003727300 0.999947309 -0.009524731 -3.986271858 -0.014063230 0.009471447 0.999855638 188.958862305
0.999898672 0.001254084 0.014092251 0.793972850 -0.001126573 0.999957860 -0.009054220 -4.021424294 -0.014103020 0.009037451 0.999859095 190.386627197
0.999896586 -0.001599730 0.014205986 0.813420296 0.001728334 0.999957085 -0.009046521 -4.058018208 -0.014190909 0.009070162 0.999857545 191.816482544
0.999880791 -0.004880278 0.014563763 0.832547426 0.004997879 0.999954641 -0.008050624 -4.092072964 -0.014523818 0.008122474 0.999860883 193.249069214
0.999843955 -0.009341867 0.014910847 0.854859114 0.009440528 0.999933422 -0.006561090 -4.125886917 -0.014848567 0.006700853 0.999866664 194.686187744
0.999811649 -0.012015232 0.015162014 0.876193523 0.012118948 0.999903083 -0.006768103 -4.159097195 -0.015079230 0.006950596 0.999861479 196.126815796
0.999830663 -0.009961165 0.015396171 0.891222000 0.010134229 0.999885321 -0.011204664 -4.194531441 -0.015282800 0.011358820 0.999818027 197.565155029
0.999869943 -0.002717740 0.015820973 0.899408579 0.002974868 0.999863029 -0.016252680 -4.234484196 -0.015774639 0.016297664 0.999742091 199.002532959
0.999832511 0.006247962 0.017133795 0.901248455 -0.005968130 0.999848306 -0.016336355 -4.278002739 -0.017233269 0.016231392 0.999719083 200.444244385
0.999732018 0.014044133 0.018335555 0.905586004 -0.013811848 0.999823034 -0.012735919 -4.321198463 -0.018511184 0.012479283 0.999750197 201.897003174
0.999702990 0.015007979 0.019133624 0.920016050 -0.014806301 0.999833286 -0.010640443 -4.359782219 -0.019290131 0.010354009 0.999759734 203.354080200
0.999738574 0.013150067 0.018638849 0.940668583 -0.012961277 0.999863386 -0.010214950 -4.396253586 -0.018770630 0.009970714 0.999773383 204.814834595
0.999797225 0.009935362 0.017447205 0.964568138 -0.009756492 0.999898911 -0.010308689 -4.433796883 -0.017547857 0.010136393 0.999794006 206.275924683
0.999830961 0.007987469 0.016489139 0.985712528 -0.007806806 0.999908686 -0.010993181 -4.472401619 -0.016575439 0.010862613 0.999802887 207.739974976
0.999837041 0.008459293 0.015878148 1.002364159 -0.008275334 0.999897838 -0.011617316 -4.512175083 -0.015974799 0.011484044 0.999805748 209.206756592
0.999827385 0.009879624 0.015658611 1.016748190 -0.009700262 0.999886513 -0.011490915 -4.552780151 -0.015770355 0.011337056 0.999810696 210.680450439
0.999814630 0.011097410 0.015660217 1.028698444 -0.010931431 0.999883175 -0.010646268 -4.593012810 -0.015776532 0.010473122 0.999820054 212.153060913
0.999825239 0.010392111 0.015463959 1.042464256 -0.010219404 0.999884546 -0.011207282 -4.632970810 -0.015578639 0.011047310 0.999816895 213.634048462
0.999833941 0.010051194 0.015125308 1.057108164 -0.009866854 0.999876261 -0.012214666 -4.673477173 -0.015246205 0.012063419 0.999810278 215.109664917
0.999843955 0.009266484 0.014960437 1.071638107 -0.009079523 0.999879956 -0.012518249 -4.715510845 -0.015074637 0.012380481 0.999809086 216.589889526
0.999844968 0.009554003 0.014709840 1.084175348 -0.009368683 0.999876022 -0.012617677 -4.758082867 -0.014828565 0.012477932 0.999811471 218.077575684
0.999845505 0.009865767 0.014455370 1.097330332 -0.009680136 0.999869943 -0.012857273 -4.801085472 -0.014580335 0.012715383 0.999812126 219.562973022
0.999848783 0.009829197 0.014253921 1.109654188 -0.009643979 0.999868274 -0.013006627 -4.845227242 -0.014379887 0.012867222 0.999813139 221.054122925
0.999844670 0.010791294 0.013840158 1.121712446 -0.010607329 0.999854684 -0.013298928 -4.889600277 -0.013981662 0.013150081 0.999815047 222.548355103
0.999850571 0.010509331 0.013629105 1.133060217 -0.010325789 0.999855399 -0.013469641 -4.932785988 -0.013768691 0.013326922 0.999815643 224.042358398
0.999848425 0.010995110 0.013395919 1.144461513 -0.010814613 0.999850094 -0.013474353 -4.976724625 -0.013542063 0.013327466 0.999818742 225.539489746
0.999857306 0.010213749 0.013350361 1.156661034 -0.010032521 0.999856949 -0.013573579 -5.020734787 -0.013487087 0.013437732 0.999818027 227.038757324
0.999869227 0.008785203 0.013472724 1.169191003 -0.008598138 0.999866009 -0.013881896 -5.064991951 -0.013592872 0.013764267 0.999812126 228.542556763
0.999874592 0.007718944 0.013726031 1.181777835 -0.007531023 0.999877274 -0.013691432 -5.109969139 -0.013830030 0.013586373 0.999811292 230.048065186
0.999880612 0.006328115 0.014001077 1.196080685 -0.006147112 0.999896824 -0.012934483 -5.155347347 -0.014081482 0.012846898 0.999817610 231.553085327
0.999879479 0.006367640 0.014062908 1.207893848 -0.006187898 0.999898374 -0.012789301 -5.199407578 -0.014142916 0.012700764 0.999818563 233.059112549
0.999873519 0.006860023 0.014254488 1.219487190 -0.006671852 0.999889612 -0.013208106 -5.243737221 -0.014343522 0.013111359 0.999810338 234.567108154
0.999860585 0.007579447 0.014788287 1.229978085 -0.007371922 0.999873400 -0.014038955 -5.288018703 -0.014892823 0.013928007 0.999791265 236.073471069
0.999839544 0.008909822 0.015453555 1.242293358 -0.008701907 0.999870479 -0.013470936 -5.333309650 -0.015571580 0.013334326 0.999789000 237.582931519
0.999823570 0.009191014 0.016293908 1.255671740 -0.009005580 0.999893367 -0.011418929 -5.378823757 -0.016397126 0.011270205 0.999801219 239.107467651
0.999812484 0.008995759 0.017067900 1.271102905 -0.008808013 0.999899268 -0.011044714 -5.421493053 -0.017165544 0.010892333 0.999792457 240.629287720
0.999797642 0.009311991 0.017755169 1.287362814 -0.009087817 0.999877572 -0.012666246 -5.465557098 -0.017870950 0.012502354 0.999761343 242.156814575
0.999781013 0.009609831 0.018513612 1.303082228 -0.009351128 0.999857128 -0.014011119 -5.511303902 -0.018645620 0.013834959 0.999729574 243.687164307
0.999766350 0.010400169 0.018874960 1.321785212 -0.010145094 0.999855578 -0.013560856 -5.556633472 -0.019013278 0.013366231 0.999729097 245.222000122
0.999768496 0.009971472 0.018990856 1.340258837 -0.009737279 0.999874890 -0.012385802 -5.602805138 -0.019111991 0.012198044 0.999742091 246.757461548
0.999773741 0.010116748 0.018634422 1.362695217 -0.009891630 0.999876499 -0.012134644 -5.646212101 -0.018754890 0.011947602 0.999751866 248.308609009
0.999770761 0.010403843 0.018635543 1.380681276 -0.010179549 0.999873996 -0.012091883 -5.690172195 -0.018759003 0.011899441 0.999752402 249.849746704
0.999757171 0.011550916 0.018687464 1.402533770 -0.011331400 0.999864876 -0.011811698 -5.733900070 -0.018821383 0.011597107 0.999754786 251.410583496
0.999737680 0.012745251 0.018950338 1.420767546 -0.012523578 0.999851167 -0.011771869 -5.777350426 -0.019097563 0.011531487 0.999750257 252.959304810
0.999735594 0.012875476 0.018972753 1.440030336 -0.012659294 0.999852955 -0.011472031 -5.821397781 -0.019117676 0.011228846 0.999753296 254.508331299
0.999752522 0.011403643 0.019023560 1.461338758 -0.011189613 0.999872148 -0.011320779 -5.863735199 -0.019150237 0.011105141 0.999754071 256.060363770
0.999772727 0.009492520 0.019011024 1.484331131 -0.009292998 0.999899983 -0.010557401 -5.906412125 -0.019109350 0.010378361 0.999762714 257.612548828
0.999790370 0.006956762 0.019179221 1.509226322 -0.006769751 0.999927938 -0.009799603 -5.949607849 -0.019246018 0.009667736 0.999767184 259.155578613
0.999804437 0.005533845 0.018914923 1.533495903 -0.005337796 0.999930561 -0.010400841 -5.995459557 -0.018971175 0.010297870 0.999766231 260.695648193
0.999813378 0.004199966 0.018779578 1.556714058 -0.003988253 0.999927044 -0.011298036 -6.039164543 -0.018825665 0.011221061 0.999759018 262.238342285
0.999807894 0.002482382 0.019366618 1.579301596 -0.002298400 0.999950945 -0.009517651 -6.082340240 -0.019389303 0.009471336 0.999766350 263.794647217
0.999802947 0.000408935 0.019774402 1.602396488 -0.000257745 0.999969542 -0.007648843 -6.123961449 -0.019776950 0.007642263 0.999774396 265.351959229
0.999797583 -0.000472856 0.020038836 1.624115944 0.000643075 0.999962568 -0.008489984 -6.161957741 -0.020034092 0.008501179 0.999762356 266.903778076
0.999786556 -0.000883776 0.020571489 1.647438765 0.001079624 0.999952972 -0.009512322 -6.200889587 -0.020562140 0.009532528 0.999742270 268.455505371
0.999770403 -0.000324928 0.021358574 1.670135498 0.000532714 0.999951363 -0.009724548 -6.242736816 -0.021354401 0.009733722 0.999723792 270.006317139
0.999747038 0.001146833 0.022397770 1.694134712 -0.000931893 0.999952197 -0.009605623 -6.285676003 -0.022407746 0.009582349 0.999702156 271.556182861
0.999720216 0.002559484 0.023455607 1.719272137 -0.002328401 0.999947309 -0.009874928 -6.328663826 -0.023479676 0.009817579 0.999675333 273.103179932
0.999692559 0.003439293 0.024498727 1.747644901 -0.003195999 0.999944031 -0.009964081 -6.374250412 -0.024531657 0.009882748 0.999649346 274.650665283
0.999661267 0.004355192 0.025601719 1.774018764 -0.004094773 0.999938190 -0.010216480 -6.416331291 -0.025644664 0.010108217 0.999619246 276.200164795
0.999635935 0.004707193 0.026510838 1.804505825 -0.004418888 0.999929309 -0.010923930 -6.460530281 -0.026560418 0.010802835 0.999588072 277.747009277
0.999615550 0.004062188 0.027373657 1.837543964 -0.003747887 0.999925315 -0.011524291 -6.503527641 -0.027418466 0.011417299 0.999558091 279.311035156
0.999595523 0.002961999 0.028229656 1.876510620 -0.002648447 0.999932945 -0.011138903 -6.545178890 -0.028260805 0.011059664 0.999538839 280.879028320
0.999575615 0.001870040 0.029014464 1.913012028 -0.001576030 0.999945700 -0.010153560 -6.589220047 -0.029031929 0.010103554 0.999526799 282.446990967
0.999563515 0.000504472 0.029483931 1.952505589 -0.000215257 0.999950409 -0.009812348 -6.632701874 -0.029487468 0.009801745 0.999516547 283.998138428
0.999561608 -0.000412429 0.029549468 1.993358135 0.000773688 0.999923646 -0.012215910 -6.677235603 -0.029542224 0.012233452 0.999488056 285.548919678
0.999566734 -0.002113501 0.029302821 2.034446239 0.002532255 0.999893665 -0.014261559 -6.722971916 -0.029269610 0.014329622 0.999468207 287.103210449
0.999588490 -0.002671956 0.028503736 2.075358391 0.003080053 0.999891758 -0.014283806 -6.768465996 -0.028462531 0.014365759 0.999490976 288.656707764
0.999607623 -0.004140640 0.027642909 2.114554405 0.004537807 0.999885738 -0.014321308 -6.812853813 -0.027580500 0.014441166 0.999514639 290.215942383
0.999633074 -0.004392264 0.026667144 2.152350426 0.004793010 0.999874830 -0.014983239 -6.858813286 -0.026598034 0.015105596 0.999531448 291.772888184
0.999652565 -0.004513408 0.025905555 2.190242290 0.004911388 0.999869168 -0.015320521 -6.905395508 -0.025833052 0.015442470 0.999546349 293.328460693
0.999667227 -0.005034103 0.025237534 2.225580215 0.005411839 0.999872565 -0.014922208 -6.952418804 -0.025159238 0.015053861 0.999569476 294.904052734
0.999687970 -0.005951686 0.024195924 2.262422562 0.006313876 0.999867499 -0.014921075 -6.997801781 -0.024103940 0.015069219 0.999595165 296.494506836
0.999708951 -0.006899843 0.023049889 2.298306465 0.007217433 0.999878585 -0.013724525 -7.042459965 -0.022952421 0.013886922 0.999639392 298.074676514
0.999734640 -0.005392867 0.022324787 2.329516888 0.005677435 0.999901950 -0.012703851 -7.084564686 -0.022254111 0.012827254 0.999669313 299.656036377
0.999719501 -0.005330860 0.023004331 2.359970093 0.005625749 0.999901295 -0.012774072 -7.127345085 -0.022933986 0.012899932 0.999653041 301.239654541
0.999701083 -0.005199371 0.023826048 2.391871929 0.005514330 0.999896824 -0.013173303 -7.170674324 -0.023755120 0.013300776 0.999628663 302.831695557
0.999686301 -0.006473576 0.024131447 2.424555302 0.006801970 0.999883831 -0.013552152 -7.213366985 -0.024040937 0.013712070 0.999616265 304.421478271
0.999669731 -0.008493286 0.024188297 2.461079597 0.008852878 0.999850094 -0.014799058 -7.256828308 -0.024059001 0.015008337 0.999597192 306.013519287
0.999649346 -0.009821846 0.024526166 2.496599674 0.010240078 0.999802113 -0.016986232 -7.303775787 -0.024354504 0.017231463 0.999554098 307.617004395
0.999648035 -0.010302021 0.024381248 2.529830933 0.010744547 0.999777436 -0.018090101 -7.356345177 -0.024189482 0.018345740 0.999538302 309.218353271
0.999705613 -0.009536436 0.022237182 2.557827473 0.009964110 0.999764800 -0.019202342 -7.410314560 -0.022048850 0.019418307 0.999567568 310.834686279
0.999758303 -0.008511744 0.020190042 2.582585573 0.008886523 0.999787569 -0.018547013 -7.465221882 -0.020027895 0.018721992 0.999623239 312.460571289
0.999772668 -0.007358599 0.019930322 2.605080843 0.007665375 0.999851704 -0.015361051 -7.518426895 -0.019814342 0.015510371 0.999682546 314.100036621
0.999747872 -0.008881331 0.020541951 2.631803989 0.009136481 0.999880791 -0.012361540 -7.566634178 -0.020429730 0.012546135 0.999711752 315.744232178
0.999737203 -0.009685577 0.020701125 2.660510302 0.009929694 0.999880910 -0.011723349 -7.612076283 -0.020585127 0.011925857 0.999716163 317.383666992
0.999719501 -0.010587167 0.021110123 2.687821388 0.010863579 0.999855220 -0.013023361 -7.658474922 -0.020969201 0.013249073 0.999691486 319.019012451
0.999698877 -0.011492931 0.021607546 2.714940548 0.011778607 0.999843299 -0.013141563 -7.706285477 -0.021453137 0.013392149 0.999679327 320.659362793
0.999690890 -0.011433139 0.022006003 2.742394447 0.011717984 0.999847591 -0.012859786 -7.757343292 -0.021855637 0.013113709 0.999674380 322.301300049
0.999681115 -0.011242561 0.022539198 2.771980286 0.011536280 0.999848604 -0.012944886 -7.808078766 -0.022390269 0.013200812 0.999661386 323.946502686
0.999687552 -0.009495080 0.023050332 2.799204350 0.009819607 0.999852657 -0.014007807 -7.860152245 -0.022913948 0.014229814 0.999635398 325.581054688
0.999676764 -0.008716606 0.023817275 2.828121185 0.009066248 0.999851048 -0.014612745 -7.913033009 -0.023686372 0.014823995 0.999608696 327.217651367
0.999645650 -0.010018680 0.024602806 2.861695766 0.010333703 0.999864578 -0.012711443 -7.965026855 -0.024472144 0.012961211 0.999615788 328.851562500
0.999632776 -0.010827197 0.024780883 2.894873619 0.011126044 0.999865472 -0.011954425 -8.015296936 -0.024648136 0.012225782 0.999620736 330.477233887
0.999620259 -0.011952646 0.024769604 2.930040836 0.012282462 0.999836087 -0.013206968 -8.064244270 -0.024607703 0.013506218 0.999605298 332.102874756
0.999632299 -0.010485148 0.024947420 2.959940910 0.010816697 0.999853194 -0.013193052 -8.115341187 -0.024805443 0.013458083 0.999601066 333.725463867
0.999651968 -0.008711895 0.024840910 2.989217281 0.009091780 0.999841511 -0.015221739 -8.167450905 -0.024704380 0.015442328 0.999574900 335.343505859
0.999677777 -0.006910677 0.024365110 3.017780304 0.007356620 0.999804974 -0.018261481 -8.222257614 -0.024234176 0.018434884 0.999535680 336.955780029
0.999699891 -0.005568747 0.023795016 3.044417381 0.005993368 0.999822140 -0.017811857 -8.279758453 -0.023691613 0.017949162 0.999557495 338.560089111
0.999723315 -0.004729609 0.022977950 3.071389198 0.005061319 0.999882281 -0.014400279 -8.334953308 -0.022907156 0.014512625 0.999631643 340.180297852
0.999748051 -0.003567988 0.022093356 3.096790791 0.003826212 0.999923527 -0.011657660 -8.386650085 -0.022050083 0.011739283 0.999687314 341.799407959
0.999775112 -0.002972499 0.020927466 3.121006966 0.003243621 0.999909878 -0.012934308 -8.436012268 -0.020887144 0.012999306 0.999696672 343.406524658
0.999805629 -0.003572383 0.019319521 3.144264221 0.003852462 0.999886394 -0.014480499 -8.486093521 -0.019265613 0.014552132 0.999707699 345.012725830
0.999831200 -0.004930452 0.017621566 3.167658091 0.005161953 0.999899328 -0.013117218 -8.538153648 -0.017555127 0.013205986 0.999757886 346.625305176
0.999834299 -0.006443502 0.016944764 3.187925577 0.006658202 0.999896526 -0.012646011 -8.589938164 -0.016861536 0.012756756 0.999775708 348.238098145
0.999836147 -0.006685078 0.016744835 3.206835032 0.006911592 0.999883533 -0.013507390 -8.640020370 -0.016652599 0.013620930 0.999767721 349.847930908
0.999833345 -0.007383430 0.016617624 3.226062775 0.007622764 0.999866188 -0.014386640 -8.692045212 -0.016509188 0.014510937 0.999757588 351.458343506
0.999830008 -0.007684427 0.016682388 3.245417118 0.007925472 0.999863088 -0.014432561 -8.745378494 -0.016569208 0.014562344 0.999755919 353.066741943
0.999821782 -0.008170714 0.016934881 3.263632298 0.008418184 0.999856710 -0.014594769 -8.798838615 -0.016813213 0.014734751 0.999749243 354.668487549
0.999811113 -0.008748739 0.017274775 3.281641722 0.009010557 0.999843478 -0.015137976 -8.853059769 -0.017139643 0.015290794 0.999735355 356.264678955
0.999805152 -0.009093237 0.017443659 3.300347090 0.009368647 0.999830365 -0.015773367 -8.907097816 -0.017297283 0.015933739 0.999722600 357.855773926
0.999792457 -0.009927151 0.017706731 3.321537256 0.010202880 0.999825656 -0.015551322 -8.960891724 -0.017549278 0.015728779 0.999721467 359.453765869
0.999789298 -0.009754448 0.017975563 3.342862368 0.010050680 0.999812603 -0.016464585 -9.013957024 -0.017811613 0.016641816 0.999701977 361.042114258
0.999767005 -0.011110475 0.018418903 3.360668182 0.011440570 0.999772787 -0.017914996 -9.066964149 -0.018215690 0.018121580 0.999668956 362.639251709
0.999741256 -0.012603262 0.018849609 3.381676435 0.012911488 0.999782145 -0.016321499 -9.119330406 -0.018639818 0.016560683 0.999688268 364.224609375
0.999717236 -0.013978221 0.019152097 3.402350664 0.014281180 0.999772370 -0.015775120 -9.171253204 -0.018927244 0.016044207 0.999691308 365.833648682
0.999701440 -0.014257318 0.019759880 3.421156168 0.014593760 0.999747872 -0.016988913 -9.222366333 -0.019512702 0.017272245 0.999659598 367.446411133
0.999706507 -0.012921234 0.020411680 3.441444874 0.013283533 0.999753594 -0.017715728 -9.276167870 -0.020177763 0.017981704 0.999633849 369.060028076
0.999709606 -0.011406780 0.021152414 3.463345051 0.011767568 0.999784827 -0.017012104 -9.330558777 -0.020953832 0.017256113 0.999630690 370.677215576
0.999703646 -0.010130834 0.022062110 3.485013485 0.010491299 0.999811113 -0.016285419 -9.383501053 -0.021892983 0.016512088 0.999623179 372.290313721
0.999683022 -0.010008856 0.023031374 3.509857178 0.010394121 0.999805808 -0.016670136 -9.437349319 -0.022860080 0.016904276 0.999594986 373.907714844
0.999662280 -0.010157938 0.023854055 3.535798073 0.010582898 0.999785125 -0.017757535 -9.490459442 -0.023668574 0.018004015 0.999556899 375.519256592
0.999643087 -0.009910922 0.024739809 3.560281754 0.010361069 0.999780774 -0.018134691 -9.545347214 -0.024554674 0.018384587 0.999528706 377.120452881
0.999618590 -0.009461468 0.025877422 3.585340500 0.009939791 0.999779761 -0.018419234 -9.601024628 -0.025697473 0.018669467 0.999494672 378.719879150
0.999586344 -0.008099317 0.027532864 3.604865551 0.008609668 0.999791205 -0.018469125 -9.657628059 -0.027377557 0.018698573 0.999449432 380.317901611
0.999565303 -0.006764008 0.028635068 3.634504318 0.007278923 0.999811888 -0.017916877 -9.715326309 -0.028508522 0.018117558 0.999428630 381.924926758
0.999551892 -0.005615881 0.029344242 3.668833256 0.006164793 0.999806046 -0.018649811 -9.772110939 -0.029233847 0.018822394 0.999394596 383.552703857
0.999545813 -0.004903621 0.029677918 3.707955837 0.005477093 0.999798119 -0.019273564 -9.829060555 -0.029577453 0.019427400 0.999372900 385.185394287
