1.000000000 0.000000000 0.000000000 0.000000000 0.000000000 1.000000000 0.000000000 0.000000000 0.000000000 0.000000000 1.000000000 0.000000000
0.999997318 -0.001722259 -0.001547021 -0.001382509 0.001720926 0.999998152 -0.000862582 -0.011055416 0.001548504 0.000859917 0.999998450 0.566233814
0.999993920 -0.002256418 -0.002649089 -0.007013016 0.002250171 0.999994695 -0.002358866 -0.023513522 0.002654398 0.002352891 0.999993742 1.129063368
0.999986291 -0.002571589 -0.004558253 -0.013148097 0.002554820 0.999989986 -0.003680900 -0.036835179 0.004567673 0.003669203 0.999982893 1.690126896
0.999967873 -0.004672872 -0.006513784 -0.017172555 0.004637128 0.999974191 -0.005491853 -0.047956683 0.006539279 0.005461471 0.999963760 2.249876976
0.999941826 -0.007078198 -0.008139243 -0.021631239 0.007017289 0.999947369 -0.007487723 -0.059364378 0.008191815 0.007430172 0.999938905 2.816213846
0.999919295 -0.008333635 -0.009588720 -0.028522408 0.008254960 0.999932230 -0.008215455 -0.070725106 0.009656535 0.008135638 0.999920368 3.390102863
0.999903262 -0.008518136 -0.010995105 -0.038068779 0.008435420 0.999935985 -0.007547596 -0.084323496 0.011058692 0.007454119 0.999911129 3.972948790
0.999886096 -0.008907334 -0.012185405 -0.047610912 0.008811351 0.999929965 -0.007908007 -0.100511804 0.012254990 0.007799737 0.999894559 4.563552380
0.999877214 -0.008263266 -0.013314002 -0.060327481 0.008122013 0.999910593 -0.010628697 -0.117188081 0.013400638 0.010519256 0.999854922 5.160711288
0.999871671 -0.006600379 -0.014598298 -0.074904718 0.006388639 0.999874592 -0.014503709 -0.132421643 0.014692192 0.014408589 0.999788404 5.767320156
0.999859869 -0.005216018 -0.015909716 -0.089989603 0.004926357 0.999822557 -0.018191578 -0.146844745 0.016001776 0.018110655 0.999708056 6.383881569
0.999846995 -0.003465030 -0.017147612 -0.106502935 0.003152914 0.999829710 -0.018195301 -0.159511343 0.017207732 0.018138457 0.999687493 7.014976025
0.999831915 -0.000888056 -0.018314609 -0.125608489 0.000679247 0.999934852 -0.011404204 -0.171310425 0.018323539 0.011389851 0.999767363 7.665879250
0.999818146 0.000029528 -0.019073879 -0.144337520 -0.000048238 0.999999702 -0.000980335 -0.183786690 0.019073838 0.000981082 0.999817669 8.334343910
0.999803841 0.001265822 -0.019767381 -0.166315347 -0.001152461 0.999983013 0.005745194 -0.199313134 0.019774310 -0.005721278 0.999788165 9.015099525
0.999774992 0.003430210 -0.020936165 -0.189704001 -0.003330364 0.999983072 0.004802133 -0.213993147 0.020952277 -0.004731320 0.999769390 9.700741768
0.999750018 0.005589412 -0.021651071 -0.214959368 -0.005645615 0.999981046 -0.002535466 -0.219688386 0.021636480 0.002657073 0.999762416 10.395582199
0.999727786 0.005164324 -0.022758130 -0.235784590 -0.005360583 0.999949098 -0.008571081 -0.220483750 0.022712696 0.008690749 0.999704361 11.108429909
0.999708414 0.003087782 -0.023954391 -0.254136950 -0.003255486 0.999970615 -0.006965044 -0.224914640 0.023932170 0.007041002 0.999688804 11.846525192
0.999701083 0.002309508 -0.024341527 -0.275767148 -0.002254308 0.999994993 0.002294928 -0.235172391 0.024346685 -0.002239356 0.999700904 12.611944199
0.999692440 0.002015505 -0.024725068 -0.299915582 -0.001774755 0.999951005 0.009755192 -0.242629305 0.024743499 -0.009708297 0.999646604 13.394666672
0.999681234 0.001174594 -0.025229443 -0.324074060 -0.000866416 0.999925077 0.012222501 -0.246427789 0.025241893 -0.012196727 0.999606848 14.188416481
0.999679029 -0.000759863 -0.025331421 -0.346117526 0.001043913 0.999936879 0.011202035 -0.247499406 0.025321292 -0.011224866 0.999616206 14.995106697
0.999689698 -0.001243693 -0.024885867 -0.369163215 0.001460082 0.999961376 0.008679032 -0.246473536 0.024874097 -0.008712658 0.999652565 15.820002556
0.999705136 0.001351087 -0.024248727 -0.397767425 -0.001223973 0.999985516 0.005256196 -0.248400867 0.024255460 -0.005224952 0.999692082 16.660108566
0.999728978 -0.001879147 -0.023207225 -0.418808550 0.001873521 0.999998331 -0.000264146 -0.255664676 0.023207664 0.000220609 0.999730527 17.514608383
0.999736965 -0.004759032 -0.022440134 -0.437873453 0.004611615 0.999967515 -0.006616479 -0.267030120 0.022470880 0.006511264 0.999726176 18.385831833
0.999767005 -0.003716859 -0.021264048 -0.462119907 0.003461287 0.999921501 -0.012043159 -0.278989136 0.021307131 0.011966763 0.999701262 19.274631500
0.999775469 -0.002400506 -0.021054307 -0.488606215 0.002129269 0.999914587 -0.012895637 -0.296503097 0.021083448 0.012847923 0.999695182 20.183792114
0.999772072 -0.002253025 -0.021229539 -0.512207747 0.001993769 0.999923110 -0.012225286 -0.319768041 0.021255443 0.012180187 0.999699891 21.112653732
0.999774516 -0.000876070 -0.021213582 -0.537711561 0.000587236 0.999906957 -0.013617896 -0.343122870 0.021223526 0.013602383 0.999682307 22.051446915
0.999777615 0.001957580 -0.020992819 -0.567166984 -0.002287888 0.999873638 -0.015721783 -0.366056085 0.020959379 0.015766334 0.999656081 23.005149841
0.999762416 0.005507007 -0.021089446 -0.597724319 -0.005856963 0.999845445 -0.016568186 -0.390565693 0.020994937 0.016687782 0.999640405 23.973987579
0.999752104 0.007112303 -0.021095302 -0.625362813 -0.007461045 0.999835908 -0.016499337 -0.419692487 0.020974481 0.016652659 0.999641418 24.950576782
0.999742746 0.007784723 -0.021303667 -0.652468443 -0.008139092 0.999828994 -0.016598307 -0.449577421 0.021170802 0.016767446 0.999635279 25.937215805
0.999739826 0.007809500 -0.021428453 -0.678749382 -0.008163010 0.999831080 -0.016459577 -0.478668362 0.021296285 0.016630232 0.999634922 26.933364868
0.999724984 0.008602085 -0.021814825 -0.705501378 -0.008937899 0.999842167 -0.015343387 -0.508275032 0.021679388 0.015534164 0.999644399 27.938388824
0.999714017 0.009116451 -0.022107702 -0.731647968 -0.009415356 0.999864995 -0.013454280 -0.536046922 0.021982057 0.013658601 0.999665201 28.952354431
0.999702632 0.009615445 -0.022409862 -0.759049296 -0.009892787 0.999875367 -0.012297999 -0.565390527 0.022288812 0.012516057 0.999673367 29.971073151
0.999702811 0.009453706 -0.022479733 -0.788380802 -0.009753811 0.999864280 -0.013278009 -0.595300674 0.022351157 0.013493352 0.999659300 30.991695404
0.999687016 0.010699479 -0.022626670 -0.819815814 -0.011023569 0.999837816 -0.014247282 -0.622061133 0.022470560 0.014492275 0.999642670 32.019691467
0.999683201 0.010321119 -0.022970846 -0.849750936 -0.010631618 0.999853253 -0.013436054 -0.648898721 0.022828801 0.013676039 0.999646008 33.060016632
0.999678254 0.009462143 -0.023545278 -0.877625287 -0.009717676 0.999894917 -0.010762008 -0.676579535 0.023440976 0.010987376 0.999665082 34.110481262
0.999665797 0.009740887 -0.023957524 -0.908889711 -0.009914616 0.999925315 -0.007143362 -0.701788366 0.023886157 0.007378529 0.999687672 35.169925690
0.999653935 0.009791257 -0.024428956 -0.942033589 -0.009910888 0.999939561 -0.004780665 -0.726518631 0.024380673 0.005021148 0.999690354 36.234260559
0.999643743 0.009676955 -0.024886191 -0.974171519 -0.009788108 0.999942660 -0.004348409 -0.747944534 0.024842683 0.004590476 0.999681056 37.304805756
0.999636829 0.009162528 -0.025351737 -1.006731749 -0.009313121 0.999939680 -0.005828239 -0.768834293 0.025296805 0.006062250 0.999661803 38.380546570
0.999615610 0.009595825 -0.026019191 -1.041266441 -0.009764008 0.999932230 -0.006344311 -0.790630579 0.025956549 0.006595950 0.999641478 39.463798523
0.999601603 0.009225315 -0.026684426 -1.075513363 -0.009365236 0.999943018 -0.005123168 -0.813874841 0.026635645 0.005371060 0.999630928 40.546466827
0.999581873 0.009287233 -0.027382838 -1.111838698 -0.009376417 0.999951065 -0.003129944 -0.837517381 0.027352430 0.003385416 0.999620318 41.632129669
0.999567091 0.009318010 -0.027906841 -1.148918986 -0.009339476 0.999956191 -0.000638685 -0.860127330 0.027899662 0.000899071 0.999610543 42.717521667
0.999544263 0.010529277 -0.028290162 -1.188402414 -0.010555115 0.999944031 -0.000763787 -0.884313881 0.028280534 0.001062072 0.999599755 43.798488617
0.999523818 0.011692399 -0.028552039 -1.228381634 -0.011826942 0.999919713 -0.004547590 -0.907772303 0.028496569 0.004883137 0.999582231 44.876541138
0.999508440 0.012990825 -0.028528865 -1.268532753 -0.013240682 0.999875546 -0.008586394 -0.931616008 0.028413765 0.008959945 0.999556303 45.957508087
0.999507427 0.013306969 -0.028418420 -1.307059288 -0.013563000 0.999868989 -0.008835319 -0.958376348 0.028297117 0.009216436 0.999557316 47.045913696
0.999508381 0.013687954 -0.028205529 -1.345394373 -0.013864790 0.999885440 -0.006083294 -0.986087680 0.028119022 0.006471398 0.999583900 48.135627747
0.999508739 0.014324129 -0.027874190 -1.383762240 -0.014440037 0.999887943 -0.003961091 -1.012020707 0.027814321 0.004361679 0.999603927 49.225605011
0.999531388 0.012741459 -0.027830089 -1.418430209 -0.012824401 0.999913812 -0.002803472 -1.033956766 0.027791964 0.003159092 0.999608994 50.313785553
0.999546289 0.012643334 -0.027335184 -1.456028223 -0.012748195 0.999912083 -0.003664882 -1.059008837 0.027286436 0.004011723 0.999619782 51.401412964
0.999568105 0.011916391 -0.026852582 -1.492630601 -0.012066573 0.999912620 -0.005437321 -1.082400560 0.026785422 0.005759023 0.999624789 52.489418030
0.999576330 0.011896724 -0.026551550 -1.527168632 -0.012102974 0.999897897 -0.007620246 -1.107792020 0.026458165 0.007938403 0.999618530 53.577163696
0.999593854 0.010802034 -0.026364172 -1.561410546 -0.011070059 0.999888599 -0.010041122 -1.138104916 0.026252748 0.010328928 0.999602139 54.660675049
0.999616146 0.009146441 -0.026140334 -1.594143391 -0.009499708 0.999865055 -0.013421859 -1.169239759 0.026014021 0.013665066 0.999568343 55.744953156
0.999636650 0.007428526 -0.025902774 -1.624952674 -0.007823452 0.999854445 -0.015178235 -1.200992584 0.025786234 0.015375404 0.999549389 56.830661774
0.999653816 0.005746292 -0.025670029 -1.655944228 -0.006079055 0.999898493 -0.012903528 -1.234217405 0.025593258 0.013055142 0.999587357 57.918224335
0.999666333 0.004404928 -0.025442749 -1.686222792 -0.004586062 0.999964774 -0.007065103 -1.264243960 0.025410712 0.007179460 0.999651492 59.012207031
0.999678016 0.003125866 -0.025169941 -1.716282725 -0.003153448 0.999994695 -0.001055968 -1.290412664 0.025166485 0.001135031 0.999682784 60.104766846
0.999685228 0.001258693 -0.025048621 -1.745543957 -0.001268135 0.999999344 -0.000360782 -1.313172698 0.025048129 0.000392465 0.999686301 61.195724487
0.999690235 -0.002019235 -0.024797013 -1.773273587 0.001936556 0.999992669 -0.003357613 -1.334113240 0.024803586 0.003308584 0.999687016 62.284832001
0.999684930 -0.003522015 -0.024852533 -1.801427603 0.003359025 0.999972761 -0.006596731 -1.356138229 0.024875073 0.006511205 0.999669373 63.375465393
0.999688268 -0.001605841 -0.024918674 -1.836162210 0.001342175 0.999943137 -0.010593945 -1.385775089 0.024934251 0.010557229 0.999633372 64.464645386
0.999695361 -0.001409821 -0.024644423 -1.871279478 0.001044321 0.999889553 -0.014837312 -1.416517138 0.024662597 0.014807085 0.999586165 65.550933838
0.999712944 0.001576090 -0.023908060 -1.907971621 -0.001946224 0.999878705 -0.015465869 -1.448361635 0.023880763 0.015507990 0.999594510 66.646545410
0.999719262 0.005393259 -0.023073044 -1.945851564 -0.005666533 0.999914527 -0.011794613 -1.482647896 0.023007439 0.011922078 0.999664247 67.745002747
0.999714732 0.006834837 -0.022886746 -1.980072021 -0.007059405 0.999927759 -0.009745458 -1.513927102 0.022818461 0.009904278 0.999690533 68.844741821
0.999719739 0.006266867 -0.022830058 -2.011490822 -0.006473550 0.999938846 -0.008990116 -1.542579889 0.022772299 0.009135421 0.999698937 69.942390442
0.999731243 0.004597923 -0.022721522 -2.041176319 -0.004784412 0.999955416 -0.008159723 -1.572644949 0.022682967 0.008266272 0.999708533 71.039611816
0.999731302 0.003447812 -0.022923462 -2.070348263 -0.003602823 0.999971032 -0.006724021 -1.601682663 0.022899596 0.006804836 0.999714553 72.134826660
0.999730527 0.001913494 -0.023135116 -2.099599600 -0.002022134 0.999987185 -0.004673131 -1.628349900 0.023125853 0.004718687 0.999721408 73.231964111
0.999718487 0.000746030 -0.023716144 -2.128607750 -0.000816902 0.999995410 -0.002978618 -1.655575752 0.023713781 0.002997190 0.999713957 74.328727722
0.999705315 -0.000027060 -0.024275977 -2.157823086 -0.000074471 0.999991417 -0.004181305 -1.683148742 0.024275854 0.004181916 0.999696195 75.421844482
0.999691904 0.000218803 -0.024823925 -2.189765453 -0.000416737 0.999968410 -0.007968460 -1.710209489 0.024821367 0.007976383 0.999659777 76.510543823
0.999674857 0.000695990 -0.025493743 -2.221786022 -0.000951086 0.999949753 -0.009995311 -1.738591671 0.025485480 0.010016340 0.999624729 77.593368530
0.999654770 0.002609535 -0.026152143 -2.256994963 -0.002827360 0.999961793 -0.008295499 -1.768345356 0.026129467 0.008366609 0.999623299 78.678291321
0.999634922 0.003590940 -0.026787734 -2.291814327 -0.003699803 0.999985278 -0.004015322 -1.796243906 0.026772896 0.004113000 0.999632835 79.763320923
0.999612868 0.005149755 -0.027350038 -2.329349756 -0.005152647 0.999986827 -0.000035096 -1.821680784 0.027349470 0.000176045 0.999625683 80.845329285
0.999591529 0.006065053 -0.027936582 -2.365659952 -0.006050099 0.999981582 0.000619926 -1.843889713 0.027939798 -0.000450617 0.999609292 81.916847229
0.999576032 0.005859668 -0.028529176 -2.402086973 -0.005904337 0.999981463 -0.001481625 -1.864564061 0.028519941 0.001649478 0.999591649 82.980102539
0.999560595 0.005743382 -0.029085658 -2.438495874 -0.005812091 0.999980569 -0.002278187 -1.886173606 0.029071977 0.002446271 0.999574125 84.038574219
0.999549627 0.004927650 -0.029613396 -2.474693060 -0.005001328 0.999984324 -0.002414333 -1.911355257 0.029601013 0.002561386 0.999558508 85.087501526
0.999532759 0.003754631 -0.030346235 -2.509979725 -0.003819441 0.999990284 -0.002077897 -1.936292887 0.030338118 0.002192867 0.999537230 86.121078491
0.999518871 0.002428823 -0.030935923 -2.544914007 -0.002449377 0.999996543 -0.000626385 -1.959895492 0.030934274 0.000701892 0.999521196 87.143516541
0.999499679 0.002438228 -0.031546805 -2.581523657 -0.002372462 0.999994755 0.002122113 -1.983786464 0.031551786 -0.002046172 0.999500036 88.144515991
0.999472976 0.001442510 -0.032442082 -2.617717743 -0.001345052 0.999994278 0.003025840 -2.006533861 0.032446232 -0.002980574 0.999469042 89.128105164
0.999401450 0.000497638 -0.034602467 -2.655199528 -0.000384189 0.999994278 0.003285352 -2.027081966 0.034603879 -0.003270056 0.999395728 90.089477539
0.999281764 -0.000335252 -0.037900917 -2.694877386 0.000427088 0.999996781 0.002415099 -2.048265457 0.037899956 -0.002429516 0.999278545 91.025985718
0.999149144 -0.000447835 -0.041250780 -2.738059998 0.000512716 0.999998391 0.001562397 -2.068779469 0.041249983 -0.001582182 0.999147654 91.939506531
0.999016225 -0.000611799 -0.044349499 -2.783257484 0.000694350 0.999997795 0.001846135 -2.088026285 0.044348244 -0.001875078 0.999014378 92.831588745
0.998872459 0.000493856 -0.047480479 -2.830980778 -0.000352900 0.999995291 0.002977168 -2.107683420 0.047481693 -0.002957020 0.998867750 93.699119568
0.998726726 0.001392942 -0.050439171 -2.880401134 -0.001185609 0.999990523 0.004140337 -2.127721548 0.050444420 -0.004075231 0.998718739 94.541870117
0.998570025 0.002408890 -0.053416826 -2.930889845 -0.002110351 0.999981582 0.005644631 -2.144123316 0.053429402 -0.005523797 0.998556554 95.361419678
0.998421550 0.003991080 -0.056032766 -2.983592272 -0.003637288 0.999972522 0.006414644 -2.159138203 0.056056786 -0.006200678 0.998408496 96.154182434
0.998267472 0.006108998 -0.058530953 -3.037890196 -0.005714975 0.999959648 0.006896912 -2.175483465 0.058570687 -0.006550427 0.998261988 96.917282104
0.998099208 0.008001837 -0.061116226 -3.092373610 -0.007665460 0.999953866 0.005736379 -2.192157984 0.061159268 -0.005256958 0.998114467 97.649803162
0.997929513 0.009301024 -0.063651480 -3.145433187 -0.009189418 0.999955356 0.002045931 -2.208997488 0.063667625 -0.001456741 0.997970402 98.349395752
0.997741163 0.011749670 -0.066149622 -3.199224710 -0.011881585 0.999927878 -0.001601167 -2.225050688 0.066125989 0.002383545 0.997808695 99.017616272
0.997586906 0.013490934 -0.068114579 -3.252198458 -0.013812176 0.999895275 -0.004247502 -2.240275860 0.068050101 0.005178095 0.997668743 99.657249451
0.997505665 0.015529078 -0.068866000 -3.303292513 -0.015925778 0.999859273 -0.005215293 -2.256354809 0.068775289 0.006299061 0.997612596 100.269615173
0.997531652 0.017871972 -0.067914471 -3.351627111 -0.018236084 0.999822199 -0.004745261 -2.273772478 0.067817546 0.005972072 0.997680247 100.856468201
0.997660100 0.021721002 -0.064835005 -3.398012638 -0.021972699 0.999753177 -0.003171794 -2.290706396 0.064750075 0.004589005 0.997891665 101.421821594
0.997951567 0.024307016 -0.059185274 -3.436882973 -0.024448972 0.999699295 -0.001675720 -2.306447744 0.059126712 0.003119338 0.998246312 101.963844299
0.998351336 0.025126014 -0.051617820 -3.465456963 -0.025146848 0.999683380 0.000245536 -2.319299459 0.051607616 0.001052925 0.998667538 102.484169006
0.998812556 0.024972407 -0.041844867 -3.484091520 -0.024879858 0.999686241 0.002730713 -2.330503464 0.041899901 -0.001686346 0.999121070 102.983322144
0.999253213 0.024512740 -0.029887531 -3.494959593 -0.024404531 0.999693871 0.003979425 -2.342772961 0.029975884 -0.003247034 0.999546111 103.459327698
0.999587774 0.023626558 -0.016346280 -3.496564865 -0.023561576 0.999713302 0.004155522 -2.355025053 0.016439714 -0.003768636 0.999858499 103.912750244
0.999726832 0.023371063 -0.001066290 -3.490009785 -0.023367360 0.999720931 0.003349971 -2.366777897 0.001144223 -0.003324112 0.999994576 104.347206116
0.999613822 0.021933887 0.017098330 -3.472464085 -0.021944592 0.999758661 0.000439612 -2.380096197 -0.017084628 -0.000814628 0.999854386 104.770591736
0.999033749 0.021366311 0.038418815 -3.443502426 -0.021223880 0.999765873 -0.004111007 -2.391566515 -0.038497746 0.003291672 0.999253988 105.183959961
0.997832716 0.019237472 0.062934384 -3.401105881 -0.018721128 0.999785662 -0.008783773 -2.402796030 -0.063089974 0.007586569 0.997979701 105.589523315
0.995780110 0.016836965 0.090219580 -3.343539238 -0.015868779 0.999808013 -0.011437985 -2.414412022 -0.090394989 0.009958087 0.995856941 105.986846924
0.992645383 0.014079276 0.120242611 -3.272522926 -0.012656930 0.999840081 -0.012584539 -2.426053047 -0.120400734 0.010970125 0.992665529 106.375015259
0.988159418 0.011735742 0.152985215 -3.189996719 -0.009648169 0.999849379 -0.014380850 -2.438689709 -0.153131127 0.012734588 0.988124549 106.753608704
0.981934190 0.009168749 0.189003527 -3.092855453 -0.006298266 0.999854922 -0.015782507 -2.452393532 -0.189121068 0.014307033 0.981850326 107.125732422
0.973705828 0.005841614 0.227736741 -2.979860306 -0.002238766 0.999867558 -0.016075373 -2.466936588 -0.227800757 0.015142882 0.973590732 107.485328674
0.963366449 0.003721819 0.268165082 -2.855985641 0.000807823 0.999858201 -0.016778970 -2.482345104 -0.268189847 0.016380973 0.963227570 107.832351685
0.950654447 0.004729617 0.310217679 -2.722684860 0.000827861 0.999840856 -0.017780701 -2.496278048 -0.310252696 0.017160166 0.950500011 108.170028687
0.934914529 0.006818003 0.354809225 -2.575546265 -0.000389570 0.999833882 -0.018186303 -2.509903431 -0.354874611 0.016864464 0.934762597 108.496482849
0.916598439 0.006873459 0.399751395 -2.410221100 -0.000122998 0.999856293 -0.016909868 -2.520690441 -0.399810582 0.015450438 0.916468382 108.813819885
0.895733833 0.006195822 0.444548905 -2.227531433 0.000880275 0.999875486 -0.015709307 -2.531090260 -0.444591284 0.014462730 0.895617545 109.120559692
0.871867537 0.004996503 0.489717692 -2.032104492 0.003337457 0.999863327 -0.016143277 -2.543998718 -0.489731789 0.015709260 0.871732414 109.413558960
0.845894396 0.005463369 0.533323646 -1.822277069 0.005004534 0.999821424 -0.018179785 -2.558042049 -0.533328176 0.018047266 0.845716655 109.693595886
0.817427874 0.007683148 0.575980842 -1.599098206 0.005835776 0.999748468 -0.021617997 -2.570913553 -0.576002419 0.021032503 0.817178130 109.964065552
0.785839677 0.012511320 0.618304729 -1.360797882 0.004623135 0.999647796 -0.026103575 -2.581362009 -0.618413925 0.023371793 0.785505772 110.230697632
0.751064837 0.018872632 0.659959674 -1.109539032 0.001432921 0.999541581 -0.030214284 -2.588751316 -0.660227835 0.023638610 0.750694215 110.485015869
0.712895632 0.023805387 0.700866997 -0.839076996 -0.000520699 0.999440610 -0.033417009 -2.593174934 -0.701270878 0.023457956 0.712509871 110.728050232
0.672700047 0.024341557 0.739515722 -0.545028687 0.002176346 0.999388516 -0.034875140 -2.599594593 -0.739912927 0.025070008 0.672236443 110.954254150
0.630790532 0.021984808 0.775642514 -0.231544495 0.006712994 0.999405742 -0.033786494 -2.607453108 -0.775924921 0.026519146 0.630268633 111.160614014
0.585693479 0.020052833 0.810285449 0.095802307 0.008804860 0.999476731 -0.031099288 -2.614389420 -0.810485542 0.025349159 0.585210919 111.362167358
0.538527191 0.018664494 0.842402101 0.434844971 0.010270743 0.999534190 -0.028711803 -2.621317863 -0.842546105 0.024114247 0.538085341 111.543151855
0.489937007 0.016121836 0.871609330 0.787014008 0.012369477 0.999599040 -0.025442174 -2.633209229 -0.871670485 0.023246480 0.489541918 111.702362061
0.438593000 0.012419622 0.898600638 1.154388428 0.015261561 0.999656618 -0.021265257 -2.646034002 -0.898556650 0.023040902 0.438253552 111.843765259
0.386355311 0.012531301 0.922265470 1.530708313 0.013182629 0.999729872 -0.019106314 -2.659455061 -0.922256231 0.019539773 0.386086404 111.972579956
0.334797740 0.017475972 0.942128599 1.918159485 0.010120561 0.999702990 -0.022140417 -2.671207905 -0.942236066 0.016947497 0.334522039 112.084922791
0.284217298 0.022592001 0.958494246 2.313737869 0.009979423 0.999597788 -0.026519965 -2.681586266 -0.958708286 0.017102718 0.283878088 112.171173096
0.236961082 0.024835875 0.971202254 2.729673386 0.011597637 0.999528885 -0.028389929 -2.692686558 -0.971450448 0.017991025 0.236561924 112.248939514
0.195291549 0.024601420 0.980437160 3.163959503 0.019173365 0.999397695 -0.028896291 -2.706438541 -0.980558276 0.024441551 0.194702715 112.304153442
0.159817606 0.024713002 0.986837626 3.621393204 0.027517915 0.999185801 -0.029478734 -2.716480255 -0.986763358 0.031867012 0.159007877 112.348983765
0.129094839 0.026314082 0.991283655 4.085806847 0.032436177 0.999000192 -0.030743087 -2.722857237 -0.991102099 0.036122311 0.128112733 112.389602661
0.100811154 0.024866361 0.994595408 4.568810463 0.030854203 0.999127984 -0.028107032 -2.736797571 -0.994427443 0.033521026 0.099956483 112.431076050
0.075076707 0.021350361 0.996949852 5.071468353 0.025061892 0.999413908 -0.023290461 -2.749253750 -0.996863127 0.026734088 0.074498020 112.471580505
0.050866984 0.017326456 0.998555720 5.593054771 0.020548740 0.999618948 -0.018391678 -2.762814283 -0.998494327 0.021454658 0.050491966 112.500968933
0.028257605 0.014908953 0.999490082 6.125050068 0.024956748 0.999565840 -0.015615673 -2.781236410 -0.999289453 0.025385348 0.027873639 112.503219604
0.008046858 0.015657973 0.999845624 6.672774315 0.033363461 0.999315798 -0.015918199 -2.799803495 -0.999411285 0.033486474 0.007519320 112.487815857
-0.009301513 0.018183306 0.999792039 7.236920357 0.038371112 0.999104023 -0.017813824 -2.816167593 -0.999220669 0.038197510 -0.009990536 112.466331482
-0.023796275 0.023748282 0.999435306 7.821091652 0.038873576 0.998983026 -0.022811979 -2.824773073 -0.998961210 0.038308863 -0.024694920 112.450798035
-0.034805268 0.028485065 0.998988688 8.428643227 0.036530461 0.998961270 -0.027211562 -2.834254980 -0.998726666 0.035546493 -0.035809338 112.435012817
-0.041346595 0.028399266 0.998741746 9.053550720 0.039030448 0.998878241 -0.026787350 -2.849588156 -0.998382688 0.037873849 -0.042408302 112.407638550
-0.044065945 0.025417814 0.998705804 9.703867912 0.045193616 0.998702943 -0.023423672 -2.869944811 -0.998006284 0.044103026 -0.045157172 112.372558594
-0.043701634 0.023795396 0.998761773 10.372848511 0.046952762 0.998659790 -0.021738524 -2.889605761 -0.997941136 0.045944706 -0.044759981 112.345649719
-0.041908685 0.023429394 0.998847246 11.058517456 0.045907095 0.998713672 -0.021500142 -2.910734177 -0.998066604 0.044953242 -0.042930018 112.324806213
-0.040635321 0.023780279 0.998891532 11.754130363 0.042395610 0.998856783 -0.022054788 -2.932069302 -0.998274624 0.041452523 -0.041596707 112.308326721
-0.039615635 0.025011584 0.998902500 12.472698212 0.041347645 0.998870790 -0.023370985 -2.952413321 -0.998359501 0.040376518 -0.040604740 112.288627625
-0.038819581 0.025916357 0.998910666 13.201683998 0.041143414 0.998856604 -0.024316056 -2.974842072 -0.998399258 0.040154763 -0.039841160 112.266181946
-0.038165703 0.025551494 0.998945236 13.951022148 0.040749356 0.998880625 -0.023992976 -2.998493195 -0.998440564 0.039790776 -0.039163861 112.244361877
-0.037709516 0.024225898 0.998995602 14.714759827 0.039654840 0.998954237 -0.022728033 -3.023486376 -0.998502016 0.038758054 -0.038630426 112.223976135
-0.037481260 0.023171512 0.999029219 15.488225937 0.040497329 0.998944402 -0.021650186 -3.046825409 -0.998476744 0.039646644 -0.038379747 112.199851990
-0.038164079 0.021065565 0.999049962 16.271183014 0.041114144 0.998963535 -0.019493174 -3.071766138 -0.998425663 0.040331252 -0.038990289 112.172515869
-0.039415952 0.019387461 0.999035478 17.059574127 0.038700275 0.999090552 -0.017861657 -3.097500086 -0.998473525 0.037959006 -0.040130071 112.148460388
-0.040619098 0.018398693 0.999005854 17.858245850 0.037914906 0.999138057 -0.016859531 -3.121550322 -0.998455405 0.037192494 -0.041281343 112.121147156
-0.041873202 0.016099695 0.998993933 18.664779663 0.040374458 0.999080002 -0.014408770 -3.141942978 -0.998307228 0.039730590 -0.042484358 112.086334229
-0.043079820 0.014593217 0.998965800 19.484085083 0.041660745 0.999049187 -0.012797835 -3.164352417 -0.998203099 0.041066416 -0.043646488 112.051651001
-0.044937909 0.013677302 0.998896897 20.307327271 0.038809814 0.999174535 -0.011935147 -3.190727234 -0.998236120 0.038230751 -0.045431297 112.023147583
-0.045949966 0.018406251 0.998774886 21.132520676 0.036116309 0.999206364 -0.016752623 -3.213320255 -0.998291135 0.035302360 -0.046577934 111.994674683
-0.046797775 0.023142388 0.998637021 21.963310242 0.037486300 0.999067247 -0.021395691 -3.237555981 -0.998201191 0.036434017 -0.047621325 111.957969666
-0.047914680 0.024790652 0.998544574 22.805343628 0.037816238 0.999019444 -0.022987850 -3.265223026 -0.998135805 0.036659822 -0.048804868 111.920349121
-0.049417842 0.022565166 0.998524010 23.655502319 0.034414455 0.999188781 -0.020876989 -3.294574261 -0.998185575 0.033332046 -0.050153997 111.888290405
-0.050658260 0.018300274 0.998549104 24.506263733 0.031585529 0.999360561 -0.016712757 -3.324744225 -0.998216927 0.030693142 -0.051203564 111.855972290
-0.050938368 0.013023652 0.998617649 25.360774994 0.029960588 0.999484003 -0.011506700 -3.352647066 -0.998252749 0.029333116 -0.051301956 111.818855286
-0.051454738 0.007347471 0.998649001 26.212276459 0.026366875 0.999633610 -0.005996182 -3.374920845 -0.998327732 0.026022788 -0.051629286 111.786300659
-0.051633149 0.006099222 0.998648047 27.057744980 0.023729706 0.999705553 -0.004878793 -3.399621487 -0.998384714 0.023445781 -0.051762369 111.754554749
-0.050817050 0.012942587 0.998624742 27.897081375 0.026574314 0.999578536 -0.011602670 -3.428797483 -0.998354912 0.025948223 -0.051139258 111.715484619
-0.049887896 0.024253510 0.998460948 28.727117538 0.028963905 0.999318838 -0.022827188 -3.453119278 -0.998335302 0.027780596 -0.050556075 111.676383972
-0.049484726 0.029483415 0.998340189 29.561491013 0.030840470 0.999131739 -0.027978132 -3.478388548 -0.998299241 0.029404866 -0.050350722 111.639801025
-0.048231259 0.024036404 0.998547494 30.404235840 0.032524809 0.999217212 -0.022481536 -3.511314154 -0.998307049 0.031393334 -0.048974961 111.600662231
-0.047382619 0.016328055 0.998743951 31.248382568 0.035410762 0.999264479 -0.014656609 -3.544039726 -0.998249471 0.034671895 -0.047925647 111.561325073
-0.047092177 0.013481487 0.998800159 32.081584930 0.036638819 0.999258637 -0.011760207 -3.571965933 -0.998218894 0.036041118 -0.047550891 111.524261475
-0.047363859 0.014061023 0.998779237 32.907176971 0.035321299 0.999298334 -0.012393340 -3.598899126 -0.998253465 0.034691263 -0.047826957 111.492301941
-0.048492741 0.014894981 0.998712957 33.731597900 0.032409124 0.999384940 -0.013331378 -3.625423431 -0.998298168 0.031721015 -0.048945334 111.462821960
-0.050502319 0.014968386 0.998612285 34.552024841 0.030288858 0.999449909 -0.013449164 -3.652163506 -0.998265088 0.029567683 -0.050927591 111.429176331
-0.052709777 0.014867749 0.998499572 35.373050690 0.029610379 0.999472022 -0.013319133 -3.679199696 -0.998171151 0.028863980 -0.053121880 111.392288208
-0.055054337 0.015125617 0.998369217 36.194072723 0.028345725 0.999505043 -0.013579731 -3.706541061 -0.998081326 0.027551945 -0.055455536 111.356048584
-0.057261571 0.015401789 0.998240769 37.007717133 0.026701992 0.999546111 -0.013890242 -3.732985258 -0.998002470 0.025859710 -0.057646539 111.318176270
-0.059403162 0.014504749 0.998129129 37.813365936 0.025017340 0.999601185 -0.013037256 -3.757440805 -0.997920930 0.024196148 -0.059742037 111.278182983
-0.061581217 0.013457496 0.998011768 38.611534119 0.025535120 0.999602258 -0.011903332 -3.783873081 -0.997775793 0.024751399 -0.061900061 111.234054565
-0.063578367 0.013642574 0.997883976 39.398517609 0.025392331 0.999604106 -0.012048273 -3.809246540 -0.997654259 0.024572656 -0.063899308 111.189292908
-0.065421686 0.014734042 0.997749388 40.178989410 0.025633244 0.999585032 -0.013080405 -3.833372593 -0.997528911 0.024719875 -0.065771915 111.140983582
-0.066358492 0.014971610 0.997683942 40.955459595 0.026428791 0.999562204 -0.013241957 -3.858464718 -0.997446120 0.025488934 -0.066724822 111.089828491
-0.067556269 0.013931999 0.997618675 41.734485626 0.028904876 0.999509275 -0.012001046 -3.883625507 -0.997297108 0.028025366 -0.067925528 111.036659241
-0.069010660 0.013339119 0.997527182 42.506900787 0.029426150 0.999501884 -0.011329783 -3.908837318 -0.997182250 0.028571576 -0.069368511 110.984512329
-0.070288703 0.012895392 0.997444034 43.274410248 0.028369596 0.999536991 -0.010923290 -3.932660103 -0.997123718 0.027529361 -0.070621677 110.935813904
-0.071638316 0.011979682 0.997359395 44.030235291 0.026787145 0.999589503 -0.010082412 -3.955606461 -0.997071385 0.025994183 -0.071929492 110.889106750
-0.072506227 0.010847317 0.997309625 44.768466949 0.025964089 0.999621689 -0.008984837 -3.976985931 -0.997030377 0.025242839 -0.072760127 110.841674805
-0.073229395 0.010697688 0.997258425 45.488239288 0.026685776 0.999604583 -0.008763310 -3.999282837 -0.996958554 0.025970938 -0.073485613 110.791984558
-0.073426008 0.013247253 0.997213364 46.195861816 0.026876478 0.999574065 -0.011299677 -4.022942066 -0.996938944 0.025971951 -0.073750474 110.744262695
-0.073504061 0.016102854 0.997165501 46.894813538 0.027442560 0.999522865 -0.014118057 -4.045904160 -0.996917844 0.026327100 -0.073910579 110.694931030
-0.073596962 0.017815093 0.997129500 47.593250275 0.026054358 0.999532580 -0.015934996 -4.069151402 -0.996948123 0.024806863 -0.074026428 110.647438049
-0.073738433 0.018821869 0.997100532 48.289051056 0.027088575 0.999489963 -0.016863704 -4.093053341 -0.996910155 0.025766594 -0.074210361 110.599151611
-0.073731519 0.018801939 0.997101426 48.984901428 0.028813735 0.999444127 -0.016715471 -4.116439819 -0.996862233 0.027497819 -0.074231967 110.548469543
-0.074009739 0.018397311 0.997088432 49.675888062 0.029759876 0.999424338 -0.016231474 -4.140584469 -0.996813834 0.028471997 -0.074514322 110.498947144
-0.074410923 0.018466959 0.997057080 50.364017487 0.026231654 0.999517977 -0.016554864 -4.163204193 -0.996883154 0.024922652 -0.074859120 110.456825256
-0.074121132 0.018628497 0.997075796 51.047023773 0.023917034 0.999570310 -0.016897159 -4.190473080 -0.996962965 0.022594711 -0.074534476 110.412315369
-0.074091271 0.017562423 0.997097373 51.732021332 0.026499346 0.999525726 -0.015636120 -4.213025570 -0.996899843 0.025263984 -0.074521199 110.362609863
-0.075137533 0.017164033 0.997026026 52.412700653 0.027157221 0.999515355 -0.015160288 -4.233259201 -0.996803880 0.025937399 -0.075566925 110.313354492
-0.078781024 0.016616084 0.996754050 53.087684631 0.023982311 0.999602497 -0.014768075 -4.256957054 -0.996604085 0.022741070 -0.079147868 110.268608093
-0.084049650 0.016118422 0.996331751 53.759498596 0.020433448 0.999686003 -0.014448949 -4.281219959 -0.996252596 0.019144110 -0.084352285 110.220062256
-0.089801043 0.020128217 0.995756984 54.417480469 0.024242325 0.999542832 -0.018018499 -4.303950310 -0.995665312 0.022521429 -0.090247631 110.156585693
-0.096265234 0.023114137 0.995087922 55.085811615 0.026826525 0.999426544 -0.020619724 -4.324524403 -0.994994760 0.024709843 -0.096829802 110.086189270
-0.103571147 0.024788257 0.994313657 55.759250641 0.026056439 0.999413073 -0.022201270 -4.347345829 -0.994281232 0.023608917 -0.104155950 110.018371582
-0.109930351 0.023972142 0.993650794 56.442180634 0.022542633 0.999511182 -0.021619586 -4.371921539 -0.993684232 0.020022905 -0.110416725 109.949966431
-0.115404233 0.022723852 0.993059397 57.130149841 0.022241820 0.999545872 -0.020287560 -4.397973537 -0.993070304 0.019746222 -0.115856968 109.873481750
-0.120001733 0.023364894 0.992499471 57.819957733 0.020111348 0.999574184 -0.021099830 -4.421483040 -0.992570698 0.017428525 -0.120420262 109.794456482
-0.124172725 0.022826198 0.991998732 58.519912720 0.018062599 0.999620795 -0.020740630 -4.442646503 -0.992096961 0.015342696 -0.124537669 109.714401245
-0.126812205 0.019840056 0.991729021 59.228191376 0.018836329 0.999667048 -0.017590279 -4.462931633 -0.991748571 0.016449910 -0.127143443 109.627464294
-0.128512323 0.016937938 0.991564035 59.942115784 0.020951539 0.999676406 -0.014361098 -4.484910011 -0.991487324 0.018929254 -0.128825366 109.535110474
-0.130154774 0.014237304 0.991392255 60.663322449 0.020545712 0.999720037 -0.011659579 -4.507366657 -0.991281569 0.018851347 -0.130410597 109.446105957
-0.131508708 0.013983505 0.991217196 61.391799927 0.019718632 0.999738693 -0.011487592 -4.526297092 -0.991119742 0.018034762 -0.131749839 109.356552124
-0.132030323 0.017891258 0.991084993 62.121490479 0.021531619 0.999652147 -0.015177533 -4.545433521 -0.991012573 0.019335812 -0.132369354 109.261512756
-0.132315919 0.022080222 0.990962386 62.856594086 0.027360054 0.999451399 -0.018616203 -4.567958832 -0.990830719 0.024649611 -0.132847220 109.160247803
-0.132852137 0.027187310 0.990763783 63.596679688 0.034708135 0.999137402 -0.022763073 -4.593779564 -0.990528762 0.031363487 -0.133680925 109.052780151
-0.133616805 0.028426051 0.990626097 64.344123840 0.035468563 0.999084592 -0.023884736 -4.617749214 -0.990399063 0.031944729 -0.134502530 108.953239441
-0.134107322 0.026200328 0.990621269 65.096656799 0.033508897 0.999197841 -0.021890851 -4.644690990 -0.990400970 0.030258952 -0.134877488 108.858757019
-0.133981287 0.021383148 0.990754008 65.850860596 0.033811297 0.999282897 -0.016994884 -4.671884537 -0.990407705 0.031221729 -0.134608045 108.760047913
-0.134238020 0.019515974 0.990757823 66.601089478 0.035834406 0.999246955 -0.014827996 -4.698765755 -0.990301788 0.033512786 -0.134836107 108.659103394
-0.135321766 0.019182879 0.990616918 67.346580505 0.036039017 0.999245405 -0.014426928 -4.725399017 -0.990146875 0.033748623 -0.135910794 108.560226440
-0.137083054 0.020120837 0.990356088 68.091712952 0.034603193 0.999279976 -0.015512453 -4.750425816 -0.989955842 0.032143034 -0.137680382 108.462974548
-0.139300317 0.020777119 0.990033150 68.833435059 0.033760354 0.999297500 -0.016221387 -4.775524616 -0.989675403 0.031164272 -0.139903709 108.363357544
-0.141498521 0.021094490 0.989714622 69.576797485 0.034891248 0.999257207 -0.016309530 -4.799619675 -0.989324331 0.032224648 -0.142129242 108.259658813
-0.143255830 0.021205058 0.989459395 70.322326660 0.035292771 0.999243200 -0.016304990 -4.825073719 -0.989057124 0.032585029 -0.143895626 108.151733398
-0.145201132 0.020897415 0.989182293 71.072021484 0.035002701 0.999258757 -0.015972290 -4.850172520 -0.988783658 0.032304902 -0.145824745 108.043350220
-0.146955192 0.021250784 0.988915801 71.832672119 0.032848921 0.999321759 -0.016592983 -4.872989655 -0.988598466 0.030046416 -0.147553340 107.939788818
-0.148088649 0.022774333 0.988712788 72.594680786 0.032523196 0.999305427 -0.018147033 -4.898678780 -0.988439977 0.029468764 -0.148726195 107.830726624
-0.149005622 0.022939764 0.988571286 73.359672546 0.030531488 0.999360144 -0.018588174 -4.926466942 -0.988365769 0.027412832 -0.149610385 107.721992493
-0.150393665 0.023208020 0.988354743 74.125343323 0.029882573 0.999373555 -0.018919662 -4.951690674 -0.988175333 0.026689205 -0.150992677 107.611495972
-0.151414156 0.021524597 0.988237023 74.898361206 0.030421797 0.999389887 -0.017106403 -4.977876663 -0.988002956 0.027473822 -0.151976332 107.495666504
-0.152464047 0.019135103 0.988124728 75.679748535 0.028075997 0.999492109 -0.015023218 -5.002414703 -0.987910986 0.025452109 -0.152923569 107.381057739
-0.154295057 0.016977999 0.987879872 76.461624146 0.025040669 0.999597549 -0.013268336 -5.026022911 -0.987708271 0.022689961 -0.154657826 107.267539978
-0.156339854 0.016513357 0.987566113 77.249542236 0.026707340 0.999564469 -0.012485998 -5.049861431 -0.987342954 0.024423232 -0.156712517 107.144134521
-0.158199191 0.017175265 0.987258792 78.042930603 0.027875258 0.999526978 -0.012921949 -5.072852135 -0.987014532 0.025475876 -0.158602878 107.018867493
-0.160513371 0.018458152 0.986861885 78.840896606 0.027484260 0.999520183 -0.014224590 -5.095524311 -0.986651778 0.024839960 -0.160943419 106.894195557
-0.162016734 0.022196855 0.986539125 79.645996094 0.029547106 0.999407113 -0.017633932 -5.118217468 -0.986346483 0.026292419 -0.162576228 106.764801025
-0.162542686 0.026314870 0.986351490 80.456237793 0.031904515 0.999261022 -0.021401674 -5.143328190 -0.986186504 0.027990418 -0.163261831 106.632171631
-0.163649708 0.030450065 0.986049354 81.274429321 0.033359025 0.999121964 -0.025317321 -5.169775486 -0.985955179 0.028750511 -0.164521560 106.498718262
-0.163347289 0.031706113 0.986059844 82.095710754 0.035877690 0.999012470 -0.026179211 -5.199292183 -0.985916913 0.031101286 -0.164323270 106.362655640
-0.162928835 0.031241208 0.986143887 82.929061890 0.039691567 0.998896241 -0.025087427 -5.231270313 -0.985840023 0.035054181 -0.163988724 106.223060608
-0.162922263 0.029378932 0.986202180 83.773475647 0.040321246 0.998919070 -0.023096617 -5.262918472 -0.985815406 0.036002003 -0.163930476 106.088668823
-0.162282571 0.027836233 0.986352503 84.618759155 0.039713588 0.998975575 -0.021658471 -5.293056011 -0.985945702 0.035656847 -0.163221538 105.957427979
-0.160587072 0.025346734 0.986697018 85.467910767 0.038769379 0.999059916 -0.019354509 -5.325103760 -0.986260772 0.035145592 -0.161418527 105.824546814
-0.158958808 0.022207946 0.987036288 86.315597534 0.039452132 0.999090612 -0.016125521 -5.353779316 -0.986497462 0.036377445 -0.159690127 105.691184998
-0.157397434 0.018864507 0.987356067 87.167366028 0.039863281 0.999123275 -0.012734596 -5.381831646 -0.986731350 0.037354898 -0.158011153 105.559127808
-0.155973122 0.018623967 0.987586498 88.022895813 0.038169838 0.999188304 -0.012814441 -5.410489082 -0.987024307 0.035697363 -0.156557113 105.432769775
-0.154528350 0.022985714 0.987721801 88.873703003 0.039671022 0.999066651 -0.017043212 -5.439136505 -0.987192333 0.036550324 -0.155295730 105.302818298
-0.152702019 0.029267399 0.987839699 89.725936890 0.040315121 0.998913109 -0.023363482 -5.468304157 -0.987450480 0.036257278 -0.153715670 105.175498962
-0.151305303 0.032740317 0.987945557 90.582809448 0.038220473 0.998896956 -0.027249709 -5.498261929 -0.987748682 0.033636767 -0.152389497 105.051017761
-0.149872988 0.030157467 0.988246083 91.448593140 0.036995854 0.999005079 -0.024875145 -5.533378124 -0.988013685 0.032832947 -0.150839314 104.925994873
