1.000000000 0.000000000 0.000000000 0.000000000 0.000000000 1.000000000 0.000000000 0.000000000 0.000000000 0.000000000 1.000000000 0.000000000
0.999997079 -0.001210085 -0.002089702 0.063977674 0.001209085 0.999999166 -0.000479584 -0.031873077 0.002090281 0.000477056 0.999997675 0.306026638
0.999999404 -0.000886705 -0.000612094 0.056588344 0.000886721 0.999999642 0.000025882 -0.053024195 0.000612071 -0.000026424 0.999999762 1.512177110
0.999998689 -0.001538272 0.000427264 0.052531742 0.001538114 0.999998808 0.000369417 -0.074289605 -0.000427832 -0.000368759 0.999999762 2.719304562
0.999997437 -0.001885517 0.001227000 0.049010571 0.001884936 0.999998152 0.000474443 -0.095311999 -0.001227892 -0.000472129 0.999999046 3.924087048
0.999995232 -0.002192237 0.002163238 0.046324559 0.002191008 0.999997497 0.000570265 -0.116061606 -0.002164482 -0.000565522 0.999997437 5.124886036
0.999994159 -0.001891745 0.002838652 0.045287620 0.001892829 0.999998212 -0.000379389 -0.137060374 -0.002837928 0.000384759 0.999995828 6.327087879
0.999991357 -0.002284685 0.003468486 0.046508022 0.002287356 0.999997139 -0.000766201 -0.156830162 -0.003466725 0.000774128 0.999993622 7.533850670
0.999990642 -0.002613597 0.003443344 0.046946947 0.002611064 0.999996364 0.000739952 -0.178058237 -0.003445265 -0.000730954 0.999993742 8.736113548
0.999992251 -0.003235335 0.002237435 0.044271350 0.003231693 0.999993503 0.001629466 -0.198811695 -0.002242692 -0.001622222 0.999996126 9.944221497
0.999990761 -0.004278795 -0.000045575 0.039037801 0.004278840 0.999990463 0.001046612 -0.217769101 0.000041097 -0.001046797 0.999999285 11.145678520
0.999990046 -0.003936508 -0.002065228 0.029992627 0.003937533 0.999992371 0.000492166 -0.236344859 0.002063275 -0.000500292 0.999997556 12.347133636
0.999988139 -0.003601924 -0.003276698 0.019051343 0.003602649 0.999993682 0.000215033 -0.255631149 0.003275903 -0.000226835 0.999994397 13.549151421
0.999990106 -0.002006620 -0.003958007 0.004858684 0.002006338 0.999998152 -0.000075298 -0.274770886 0.003958151 0.000067357 0.999992013 14.754096031
0.999987364 -0.002227227 -0.004507197 -0.006302007 0.002226688 0.999997616 -0.000124748 -0.294230819 0.004507464 0.000114711 0.999989629 15.957329750
0.999983072 -0.002809658 -0.005090428 -0.016764514 0.002811141 0.999996126 0.000283775 -0.314709216 0.005089611 -0.000298080 0.999986827 17.160512924
0.999979734 -0.003163792 -0.005510263 -0.029600292 0.003166429 0.999995053 0.000469519 -0.335716069 0.005508749 -0.000486957 0.999984443 18.363479614
0.999976575 -0.002882986 -0.006198381 -0.042700499 0.002880198 0.999995887 -0.000458912 -0.357397169 0.006199677 0.000441049 0.999980450 19.564138412
0.999971688 -0.003217597 -0.006797113 -0.055525333 0.003208688 0.999994099 -0.001321336 -0.378455579 0.006801323 0.001299489 0.999975741 20.765277863
0.999968469 -0.002324907 -0.007577460 -0.072506607 0.002318980 0.999997139 -0.000790976 -0.400200337 0.007579275 0.000773379 0.999970734 21.966167450
0.999962091 -0.002358566 -0.008383605 -0.088104635 0.002350729 0.999997139 -0.000944625 -0.422967315 0.008385802 0.000924880 0.999963880 23.168310165
0.999954641 -0.002454822 -0.009201750 -0.105489269 0.002439476 0.999995887 -0.001678693 -0.445391089 0.009205827 0.001656168 0.999955714 24.376062393
0.999948144 -0.002106741 -0.009968429 -0.124237075 0.002095885 0.999997497 -0.001099515 -0.466329336 0.009970711 0.001078564 0.999949217 25.580362320
0.999937296 -0.003435285 -0.010664295 -0.142224148 0.003441856 0.999994278 0.000597683 -0.487436920 0.010662174 -0.000634350 0.999942422 26.789388657
0.999926567 -0.003699328 -0.011537888 -0.160504162 0.003706175 0.999993265 0.000571985 -0.506895363 0.011535686 -0.000614704 0.999932766 27.994529724
0.999914825 -0.004382484 -0.012295907 -0.179912493 0.004377966 0.999990642 -0.000394536 -0.526488185 0.012297511 0.000340671 0.999923825 29.197706223
0.999901891 -0.004708713 -0.013190299 -0.201239660 0.004688488 0.999988139 -0.001564058 -0.547117293 0.013197497 0.001502060 0.999911308 30.401712418
0.999894142 -0.004155166 -0.013941932 -0.222602010 0.004133191 0.999990463 -0.001604684 -0.569419146 0.013948455 0.001546888 0.999901056 31.609375000
0.999882638 -0.004737618 -0.014567259 -0.245200559 0.004721010 0.999988437 -0.001174447 -0.591531515 0.014572643 0.001105535 0.999892771 32.815227509
0.999872029 -0.005017387 -0.015187979 -0.269336998 0.005003179 0.999987364 -0.000973413 -0.613500178 0.015192658 0.000897299 0.999883711 34.022384644
0.999860346 -0.005572182 -0.015750965 -0.292038798 0.005553636 0.999984205 -0.001220917 -0.634601951 0.015757503 0.001133270 0.999874771 35.228263855
0.999853253 -0.005598727 -0.016189726 -0.317859232 0.005577798 0.999983966 -0.001337612 -0.656288147 0.016196942 0.001247112 0.999867678 36.431556702
0.999846518 -0.006411328 -0.016299102 -0.342634350 0.006398648 0.999979556 -0.000830003 -0.677354336 0.016304074 0.000725583 0.999866366 37.640842438
0.999853790 -0.005973415 -0.016017741 -0.370852768 0.005979186 0.999982417 0.000312391 -0.697258651 0.016015576 -0.000408119 0.999871194 38.852378845
0.999859095 -0.005406810 -0.015885791 -0.397495449 0.005423670 0.999985158 0.001018468 -0.717349470 0.015880032 -0.001104483 0.999872804 40.064151764
0.999865770 -0.004593319 -0.015719425 -0.425583601 0.004600905 0.999989688 0.000446454 -0.736709535 0.015717197 -0.000518717 0.999875844 41.273071289
0.999874592 -0.003455152 -0.015451365 -0.453640878 0.003461319 0.999994397 0.000372409 -0.755343020 0.015449974 -0.000425845 0.999880135 42.481571198
0.999891460 -0.000619013 -0.014721622 -0.483015418 0.000649948 0.999998033 0.002096758 -0.774235249 0.014720281 -0.002106097 0.999888957 43.689586639
0.999915183 -0.000430163 -0.013008284 -0.507964492 0.000495710 0.999987602 0.005036298 -0.790826201 0.013005944 -0.005042315 0.999902248 44.902114868
0.999939144 0.000212792 -0.011021775 -0.531636655 -0.000127267 0.999970317 0.007759884 -0.804437399 0.011023086 -0.007758002 0.999908745 46.115734100
0.999956310 0.000730947 -0.009307386 -0.551310897 -0.000628239 0.999939620 0.011033499 -0.813593030 0.009314876 -0.011027159 0.999895275 47.330787659
0.999969006 0.000173016 -0.007856552 -0.568192005 -0.000076139 0.999924600 0.012329700 -0.822864115 0.007858083 -0.012328708 0.999892592 48.541774750
0.999978900 -0.001578303 -0.006285735 -0.579259396 0.001646019 0.999941111 0.010782566 -0.828692555 0.006268338 -0.010792674 0.999921560 49.750644684
0.999986827 -0.000476154 -0.005081982 -0.593771994 0.000522095 0.999959588 0.009042774 -0.836181402 0.005077461 -0.009045298 0.999945581 50.958599091
0.999990404 -0.000016295 -0.004329073 -0.605592966 0.000053265 0.999964178 0.008540451 -0.845818281 0.004328771 -0.008540593 0.999953628 52.164306641
0.999990344 -0.000532267 -0.004319573 -0.614607930 0.000566859 0.999968350 0.008011330 -0.856809497 0.004315165 -0.008013694 0.999957979 53.373294830
0.999986291 -0.001389406 -0.005016289 -0.626513422 0.001423581 0.999976337 0.006815916 -0.867133379 0.005006692 -0.006822959 0.999963641 54.589347839
0.999977231 -0.001103517 -0.006640574 -0.640154243 0.001151016 0.999974310 0.007153384 -0.877547383 0.006632500 -0.007160860 0.999951839 55.806938171
0.999966621 -0.001050974 -0.008079103 -0.654861569 0.001118693 0.999964774 0.008382188 -0.889992833 0.008069998 -0.008390941 0.999931693 57.026672363
0.999956906 -0.001215303 -0.009181370 -0.670620680 0.001294730 0.999962211 0.008650048 -0.901512086 0.009170500 -0.008661556 0.999919891 58.241790771
0.999949157 -0.000251223 -0.010046060 -0.689583123 0.000335391 0.999965191 0.008377590 -0.913072586 0.010043597 -0.008380531 0.999913812 59.450847626
0.999942482 0.000090572 -0.010694607 -0.708231330 -0.000002723 0.999966562 0.008214185 -0.924522281 0.010694985 -0.008213681 0.999908447 60.665725708
0.999939799 -0.000833126 -0.010917431 -0.726203144 0.000916550 0.999970734 0.007638776 -0.936664701 0.010910738 -0.007648321 0.999910593 61.878734589
0.999935329 -0.001980845 -0.011174300 -0.743362248 0.002055252 0.999975979 0.006651263 -0.949842691 0.011160851 -0.006673798 0.999914765 63.085643768
0.999930799 -0.002366503 -0.011496026 -0.763073862 0.002457632 0.999965906 0.007919374 -0.962884247 0.011476885 -0.007947077 0.999901950 64.292633057
0.999926090 -0.002669761 -0.011837360 -0.781346381 0.002781384 0.999951959 0.009423333 -0.976290464 0.011811625 -0.009455557 0.999884903 65.505012512
0.999925196 -0.002170040 -0.012014026 -0.802420080 0.002262825 0.999967992 0.007714927 -0.988227069 0.011996891 -0.007741534 0.999897361 66.710433960
0.999926269 -0.000422435 -0.012107068 -0.824939489 0.000500627 0.999979377 0.006456236 -0.998723567 0.012104081 -0.006461822 0.999905229 67.918937683
0.999925137 0.001770048 -0.012078185 -0.850255430 -0.001688422 0.999975979 0.006765217 -1.012382627 0.012089858 -0.006744318 0.999903560 69.122322083
0.999922216 0.003566335 -0.011918150 -0.874112070 -0.003484096 0.999970376 0.006914331 -1.026219726 0.011942444 -0.006872269 0.999904454 70.323883057
0.999919713 0.005104077 -0.011575077 -0.898796499 -0.005020192 0.999961376 0.007265017 -1.038204074 0.011611699 -0.007206326 0.999906003 71.525436401
0.999929607 0.005555796 -0.010455851 -0.920576811 -0.005469928 0.999951601 0.008223863 -1.051154613 0.010501024 -0.008166090 0.999910891 72.723083496
0.999938667 0.007294459 -0.008296760 -0.941127479 -0.007219633 0.999933720 0.009014143 -1.064297199 0.008361951 -0.008953690 0.999924302 73.917892456
0.999967396 0.005764656 -0.005585890 -0.954940557 -0.005725921 0.999960005 0.006926908 -1.079972029 0.005625589 -0.006894699 0.999959767 75.106559753
0.999990880 0.002870600 -0.003062069 -0.962366760 -0.002865035 0.999994576 0.001821854 -1.093886137 0.003067274 -0.001813068 0.999993086 76.286727905
0.999992251 0.003818688 -0.000619798 -0.970017850 -0.003817882 0.999992192 0.001305356 -1.109520555 0.000624773 -0.001302984 0.999998331 77.472206116
0.999993324 0.002771085 0.002224099 -0.972089887 -0.002781815 0.999984801 0.004833551 -1.128579259 -0.002210675 -0.004839708 0.999985218 78.658332825
0.999978900 0.003088755 0.005654077 -0.972330332 -0.003123302 0.999976814 0.006110516 -1.145311117 -0.005635074 -0.006128048 0.999964714 79.840911865
0.999946237 0.003252099 0.009820043 -0.968238890 -0.003293983 0.999985874 0.004251543 -1.159987330 -0.009806079 -0.004283663 0.999942124 81.012588501
0.999909222 0.002394645 0.013241554 -0.957325697 -0.002411437 0.999996662 0.001251942 -1.178950787 -0.013238509 -0.001283763 0.999911010 82.180702209
0.999859333 0.001021595 0.016726112 -0.942252636 -0.000985858 0.999997556 -0.002144913 -1.200753689 -0.016728256 0.002128118 0.999857187 83.347549438
0.999796093 0.000426362 0.020178597 -0.924001694 -0.000362618 0.999995232 -0.003162757 -1.224038839 -0.020179838 0.003154790 0.999790728 84.520492554
0.999714911 0.000188060 0.023868361 -0.900946617 -0.000153621 0.999999225 -0.001444848 -1.248568058 -0.023868602 0.001440765 0.999713540 85.688697815
0.999613762 0.001211945 0.027756073 -0.877540350 -0.001184815 0.999999166 -0.000994023 -1.273057103 -0.027757239 0.000960750 0.999613643 86.852928162
0.999500871 0.000862496 0.031571306 -0.848849535 -0.000763346 0.999995112 -0.003152545 -1.297225356 -0.031573854 0.003126867 0.999495924 88.016647339
0.999385118 0.000844190 0.035045568 -0.816679955 -0.000649235 0.999984562 -0.005574014 -1.320410013 -0.035049714 0.005547827 0.999369562 89.180892944
0.999267638 0.000844588 0.038252648 -0.777754068 -0.000616787 0.999982297 -0.005966680 -1.346291780 -0.038256995 0.005938709 0.999249756 90.337890625
0.999151766 -0.000502541 0.041170809 -0.734699488 0.000700668 0.999988556 -0.004798088 -1.372488737 -0.041167907 0.004822859 0.999140024 91.498596191
0.999030709 -0.001114388 0.043998778 -0.689023495 0.001264786 0.999993801 -0.003390583 -1.396915555 -0.043994695 0.003442940 0.999025226 92.665046692
0.998908043 -0.001847758 0.046677843 -0.639703751 0.001926361 0.999997079 -0.001639084 -1.419881701 -0.046674654 0.001727208 0.998908103 93.832046509
0.998785675 -0.003350481 0.049148157 -0.585558414 0.003387568 0.999994397 -0.000671331 -1.441945434 -0.049145605 0.000837006 0.998790801 94.999816895
0.998657286 -0.004376599 0.051612891 -0.532050133 0.004538334 0.999985516 -0.003016859 -1.464094043 -0.051598925 0.003247041 0.998661995 96.170783997
0.998526990 -0.005723071 0.053949442 -0.473353863 0.006090309 0.999959767 -0.006645123 -1.487040281 -0.053909212 0.006963897 0.998521090 97.339370728
0.998416245 -0.005013551 0.056030951 -0.413681984 0.005551967 0.999940336 -0.009457747 -1.513317585 -0.055980161 0.009753840 0.998383701 98.509605408
0.998319387 -0.004902960 0.057738364 -0.352317810 0.005512272 0.999931157 -0.010398451 -1.541440487 -0.057683371 0.010699237 0.998277068 99.688041687
0.998297095 -0.004775105 0.058134153 -0.290583134 0.005355928 0.999937594 -0.009839376 -1.570670605 -0.058083512 0.010133976 0.998259783 100.872093201
0.998336971 -0.004571520 0.057462797 -0.229319572 0.005043983 0.999955058 -0.008079730 -1.599681020 -0.057423249 0.008356128 0.998314440 102.066596985
0.998413622 -0.005191234 0.056060091 -0.167612553 0.005572981 0.999962747 -0.006655409 -1.628223658 -0.056023426 0.006957266 0.998404682 103.263816833
0.998520851 -0.004704000 0.054160848 -0.110263824 0.005026676 0.999970794 -0.005823065 -1.653748751 -0.054131847 0.006086696 0.998514771 104.468055725
0.998654127 -0.004442862 0.051668201 -0.054224491 0.004727577 0.999974787 -0.005389546 -1.678718090 -0.051642921 0.005626553 0.998649240 105.680900574
0.998808026 -0.003828158 0.048655108 -0.002597332 0.004101126 0.999976933 -0.005511723 -1.703171968 -0.048632868 0.005704692 0.998799980 106.895614624
0.998987734 -0.002400782 0.044913039 0.043665886 0.002670890 0.999979258 -0.005955057 -1.729037642 -0.044897795 0.006068985 0.998972714 108.112838745
0.999156415 -0.002206396 0.041000158 0.086748123 0.002436682 0.999982119 -0.005567667 -1.754439592 -0.040987119 0.005662873 0.999143183 109.333450317
0.999311626 -0.001647524 0.037052378 0.124299526 0.001818252 0.999988437 -0.004574632 -1.780043125 -0.037044398 0.004638853 0.999302387 110.557121277
0.999459922 -0.001300383 0.032826826 0.157688379 0.001423657 0.999992549 -0.003732336 -1.806369901 -0.032821715 0.003777055 0.999453664 111.781478882
0.999594688 -0.001292729 0.028426733 0.185403347 0.001384148 0.999994516 -0.003196650 -1.831128836 -0.028422436 0.003234702 0.999590218 113.008636475
0.999718606 -0.000644128 0.023697253 0.207467318 0.000719303 0.999995172 -0.003164108 -1.854599357 -0.023695089 0.003180264 0.999713659 114.239997864
0.999824405 0.000084204 0.018719781 0.224494100 -0.000023573 0.999995232 -0.003239347 -1.879065990 -0.018719964 0.003238338 0.999818981 115.472457886
0.999903977 0.000529939 0.013827842 0.234929919 -0.000480341 0.999993920 -0.003590305 -1.903354287 -0.013829656 0.003583318 0.999897420 116.707878113
0.999955952 0.001681183 0.009203710 0.237807274 -0.001642216 0.999990165 -0.004240549 -1.928885221 -0.009210750 0.004225248 0.999948144 117.947265625
0.999976814 0.003658526 0.005708646 0.236362368 -0.003634259 0.999984860 -0.004256933 -1.954065084 -0.005724136 0.004236087 0.999974012 119.190193176
0.999976397 0.005760730 0.003675620 0.231336161 -0.005745273 0.999975204 -0.004204630 -1.979639649 -0.003699753 0.004183413 0.999983728 120.436538696
0.999972403 0.006920886 0.002598270 0.226012290 -0.006909188 0.999966621 -0.004488059 -2.005532742 -0.002629247 0.004469983 0.999985874 121.682083130
0.999957860 0.009015686 0.001582201 0.217707574 -0.009008865 0.999950767 -0.004273070 -2.031014442 -0.001620653 0.004258636 0.999988973 122.931739807
0.999946594 0.010287199 0.000731418 0.207827941 -0.010284619 0.999941647 -0.003463943 -2.056043386 -0.000767015 0.003456236 0.999993026 124.179786682
0.999948859 0.010093623 0.000094659 0.201638654 -0.010093300 0.999944866 -0.003059815 -2.081567764 -0.000125545 0.003058704 0.999994695 125.431602478
0.999903023 0.013892340 -0.000745215 0.188187480 -0.013893200 0.999903381 -0.001139045 -2.102380276 0.000729311 0.001149291 0.999998450 126.693260193
0.999888361 0.014877257 -0.001257371 0.174917102 -0.014874763 0.999887943 0.001980985 -2.121461391 0.001286694 -0.001962055 0.999996603 127.959487915
0.999903321 0.013778303 -0.001744382 0.164283842 -0.013775587 0.999904394 0.001568048 -2.140047312 0.001765812 -0.001543862 0.999996603 129.222595215
0.999902368 0.013798969 -0.002107966 0.151438802 -0.013799080 0.999905229 -0.000031234 -2.156051397 0.002107326 0.000060322 0.999997079 130.485382080
0.999935508 0.010997841 -0.002809559 0.143896818 -0.010995244 0.999939501 0.000943232 -2.174509287 0.002819754 -0.000912275 0.999994993 131.752258301
0.999953926 0.008861355 -0.003678062 0.135398030 -0.008851206 0.999957442 0.002770018 -2.193177223 0.003702441 -0.002737329 0.999988794 133.019165039
0.999977410 0.005438478 -0.003966368 0.129431963 -0.005420093 0.999975026 0.004634100 -2.210613251 0.003991461 -0.004612489 0.999980807 134.293136597
0.999984801 0.003507465 -0.004264109 0.120869696 -0.003483204 0.999978244 0.005686521 -2.226898909 0.004283951 -0.005671572 0.999974132 135.568511963
0.999991775 -0.000663335 -0.004004563 0.113810837 0.000678676 0.999992967 0.003832290 -2.241561413 0.004001983 -0.003834969 0.999984026 136.841751099
0.999987245 -0.003195988 -0.003896218 0.107063472 0.003206871 0.999991417 0.002792208 -2.256649733 0.003887251 -0.002804661 0.999987960 138.119033813
0.999983132 -0.004528236 -0.003639881 0.098641872 0.004537337 0.999987006 0.002497578 -2.274180174 0.003628514 -0.002514045 0.999989629 139.400360107
0.999983788 -0.004718873 -0.003186276 0.089081079 0.004728126 0.999985099 0.002905446 -2.291736841 0.003172509 -0.002920457 0.999990046 140.683990479
0.999988198 -0.004139606 -0.002533091 0.079057097 0.004151782 0.999980271 0.004823680 -2.307769775 0.002513064 -0.004834132 0.999984562 141.968383789
0.999996722 -0.001845824 -0.001758310 0.067696840 0.001857001 0.999978423 0.006380923 -2.325181723 0.001746486 -0.006384157 0.999977469 143.254425049
0.999997497 -0.001861470 -0.001172206 0.059658706 0.001866902 0.999987960 0.004657783 -2.342805386 0.001163514 -0.004659951 0.999987841 144.531768799
0.999999106 -0.001127407 -0.000584298 0.049430937 0.001129009 0.999996066 0.002767120 -2.359670877 0.000581169 -0.002767771 0.999995351 145.812362671
0.999999344 -0.001090924 -0.000066487 0.042052958 0.001090934 0.999999881 0.000293449 -2.380465984 0.000066161 -0.000293518 0.999999285 147.093688965
0.999997437 -0.002221193 0.000293720 0.037238650 0.002222302 0.999990582 -0.003864146 -2.404312611 -0.000285139 0.003864788 0.999991834 148.372360229
0.999997437 -0.002153309 0.000717800 0.031655654 0.002158509 0.999971271 -0.007337060 -2.432866573 -0.000701985 0.007338585 0.999972165 149.652496338
0.999996722 -0.002348969 0.000979130 0.026308276 0.002357002 0.999963343 -0.008295758 -2.464133263 -0.000959612 0.008298032 0.999964476 150.933059692
0.999996245 -0.002538362 0.000970374 0.020517394 0.002546065 0.999965012 -0.008031292 -2.497479200 -0.000949958 0.008033725 0.999966621 152.214004517
0.999997854 -0.001835661 0.000902566 0.014102682 0.001842420 0.999970257 -0.007556194 -2.529885292 -0.000888673 0.007557836 0.999970376 153.494140625
0.999999106 -0.001015150 0.000818223 0.006825656 0.001020468 0.999978662 -0.006537510 -2.561886787 -0.000811574 0.006538334 0.999977648 154.768554688
0.999999702 -0.000509756 0.000490612 -0.000095099 0.000512669 0.999982536 -0.005977877 -2.593554020 -0.000487561 0.005978124 0.999981344 156.037933350
1.000000000 -0.000234956 -0.000020651 -0.006439283 0.000234809 0.999980032 -0.006368945 -2.624185562 0.000022141 0.006368937 0.999979079 157.309829712
0.999999881 0.000180898 -0.000663426 -0.014735192 -0.000184960 0.999981582 -0.006110438 -2.654178143 0.000662302 0.006110556 0.999980390 158.584564209
0.999999225 -0.000295964 -0.001290474 -0.022132427 0.000289535 0.999987900 -0.004970660 -2.683322906 0.001291922 0.004970280 0.999986172 159.861297607
0.999998152 0.000648144 -0.001841984 -0.032459348 -0.000656704 0.999989212 -0.004644580 -2.712511539 0.001838947 0.004645778 0.999986887 161.140243530
0.999996424 0.001267399 -0.002409987 -0.044158041 -0.001280994 0.999983549 -0.005643405 -2.741063595 0.002402787 0.005646469 0.999980569 162.412719727
0.999993563 0.001725242 -0.003181927 -0.054967493 -0.001747204 0.999974966 -0.006908714 -2.770427704 0.003169919 0.006914225 0.999970436 163.684234619
0.999989331 0.002632984 -0.003821512 -0.068362236 -0.002659438 0.999972820 -0.006930850 -2.800210476 0.003803150 0.006940936 0.999968112 164.956436157
0.999987662 0.002248836 -0.004451061 -0.080744028 -0.002284021 0.999966443 -0.007912938 -2.831452370 0.004433106 0.007923003 0.999958158 166.229537964
0.999982715 0.002819178 -0.005177196 -0.095583498 -0.002865652 0.999955773 -0.008988980 -2.863161087 0.005151614 0.009003655 0.999945581 167.503631592
0.999978423 0.003092496 -0.005813387 -0.109656632 -0.003143254 0.999957204 -0.008740538 -2.895263910 0.005786097 0.008758617 0.999944329 168.780120850
0.999973416 0.003398783 -0.006479174 -0.125531852 -0.003447094 0.999966443 -0.007458139 -2.926856995 0.006453597 0.007480268 0.999950826 170.055603027
0.999968588 0.003357672 -0.007205659 -0.140754104 -0.003409143 0.999968886 -0.007141185 -2.958245277 0.007181446 0.007165520 0.999948144 171.329040527
0.999961555 0.003648527 -0.007997639 -0.155040979 -0.003703151 0.999970138 -0.006824427 -2.989965439 0.007972489 0.006853776 0.999944270 172.606002808
0.999953687 0.004215924 -0.008676812 -0.173000693 -0.004273036 0.999969542 -0.006572924 -3.020745754 0.008648824 0.006609689 0.999940336 173.881912231
0.999947727 0.004496493 -0.009206685 -0.192449570 -0.004565464 0.999961793 -0.007482850 -3.051015854 0.009172674 0.007524483 0.999929130 175.154083252
0.999937534 0.005562638 -0.009715963 -0.212717772 -0.005640851 0.999952018 -0.008039959 -3.081662655 0.009670760 0.008094256 0.999920011 176.429382324
0.999933422 0.005747506 -0.010029502 -0.232724547 -0.005824854 0.999953568 -0.007698621 -3.114022493 0.009984776 0.007756521 0.999919653 177.704177856
0.999932289 0.005646950 -0.010205457 -0.253904700 -0.005737293 0.999944627 -0.008843712 -3.147266388 0.010154939 0.008901655 0.999908388 178.975891113
0.999938309 0.004353748 -0.010248405 -0.272869110 -0.004461286 0.999935210 -0.010492591 -3.180026531 0.010202046 0.010537651 0.999891996 180.248397827
0.999945104 0.001346288 -0.010413306 -0.288672090 -0.001454501 0.999945223 -0.010390100 -3.214652538 0.010398734 0.010404665 0.999891281 181.520385742
0.999940872 0.001662223 -0.010766673 -0.307254553 -0.001734518 0.999976218 -0.006707704 -3.247088909 0.010755252 0.006725973 0.999918818 182.790115356
0.999941707 0.000935279 -0.010782468 -0.326305628 -0.000962287 0.999996722 -0.002498709 -3.277779579 0.010780081 0.002508936 0.999938011 184.061981201
0.999939203 0.002110274 -0.010855395 -0.346823454 -0.002144606 0.999993026 -0.003150778 -3.304877758 0.010848655 0.003173863 0.999935329 185.323760986
0.999935806 0.003602573 -0.010777582 -0.368657351 -0.003670712 0.999973655 -0.006308052 -3.332371712 0.010754558 0.006347199 0.999921322 186.580139160
0.999932349 0.003867878 -0.011000278 -0.390258551 -0.003958229 0.999958813 -0.008202419 -3.363085270 0.010968084 0.008245394 0.999905169 187.832092285
0.999931097 0.003572699 -0.011213619 -0.408148289 -0.003661545 0.999962270 -0.007911438 -3.396551132 0.011184915 0.007951940 0.999905169 189.088378906
0.999931991 0.003431724 -0.011179913 -0.427743435 -0.003508359 0.999970734 -0.006841156 -3.428128242 0.011156091 0.006879904 0.999913394 190.343475342
0.999933898 0.003610407 -0.010953406 -0.448633909 -0.003661936 0.999982595 -0.004686782 -3.460444450 0.010936277 0.004726576 0.999928355 191.599044800
0.999943137 0.003019231 -0.010268857 -0.466770530 -0.003059266 0.999988079 -0.003884024 -3.490759850 0.010256992 0.003915212 0.999939084 192.851028442
0.999956429 0.003043183 -0.008871921 -0.484889507 -0.003083236 0.999985456 -0.004502927 -3.520477772 0.008858076 0.004530079 0.999949813 194.091949463
0.999971271 0.002048967 -0.007414937 -0.500992537 -0.002094104 0.999979675 -0.006082967 -3.549152851 0.007402316 0.006098308 0.999953568 195.332229614
0.999980211 0.001797437 -0.006155731 -0.515365720 -0.001844126 0.999969900 -0.007585227 -3.580606461 0.006141907 0.007596415 0.999951839 196.566329956
0.999988914 0.001148047 -0.004730515 -0.527428865 -0.001186869 0.999965906 -0.008209383 -3.612772465 0.004720925 0.008214893 0.999954641 197.795410156
0.999994040 0.001449009 -0.003348071 -0.539806128 -0.001474067 0.999971271 -0.007490293 -3.646079063 0.003337120 0.007495171 0.999965847 199.022766113
0.999998331 0.000985424 -0.001954775 -0.548810780 -0.000996406 0.999984086 -0.005618211 -3.678012848 0.001949208 0.005620141 0.999981880 200.243286133
0.999998331 0.002020835 -0.000815752 -0.557315767 -0.002025097 0.999984562 -0.005242121 -3.709706306 0.000805150 0.005243755 0.999985456 201.455276489
0.999999106 0.001799836 0.000348390 -0.563369095 -0.001797997 0.999985039 -0.005244763 -3.738785744 -0.000357820 0.005244122 0.999985695 202.663391113
0.999997139 0.002271598 0.001415186 -0.568974793 -0.002264288 0.999984503 -0.005154617 -3.767895222 -0.001426867 0.005151389 0.999985218 203.864654541
0.999995053 0.002159973 0.002556085 -0.572841525 -0.002147566 0.999986291 -0.004851593 -3.799038887 -0.002566522 0.004846071 0.999984443 205.057495117
0.999991179 0.002558726 0.003528336 -0.578853786 -0.002541104 0.999984682 -0.004993493 -3.827924490 -0.003541050 0.004984474 0.999980867 206.250823975
0.999987721 0.002506833 0.004433116 -0.581840396 -0.002485020 0.999985158 -0.004922152 -3.857098579 -0.004445381 0.004911066 0.999977529 207.434341431
0.999986410 0.001496333 0.005121940 -0.582314491 -0.001471215 0.999987245 -0.004906955 -3.886767864 -0.005129207 0.004899344 0.999974310 208.603469849
0.999985397 0.001365580 0.005366635 -0.582941532 -0.001343180 0.999990761 -0.004177855 -3.914951324 -0.005372280 0.004170578 0.999976337 209.759460449
0.999987125 0.000962397 0.005120110 -0.584298372 -0.000946185 0.999994934 -0.003170404 -3.943811417 -0.005123125 0.003165512 0.999981403 210.898635864
0.999989629 0.001234023 0.004544402 -0.586540282 -0.001219382 0.999994457 -0.003226159 -3.972705841 -0.004548348 0.003220578 0.999983966 212.022857666
0.999991000 0.001542864 0.004130115 -0.587974429 -0.001525546 0.999990463 -0.004196224 -4.001430511 -0.004136541 0.004189878 0.999982178 213.125534058
0.999992371 0.001736549 0.003693727 -0.591674209 -0.001718026 0.999986351 -0.005015536 -4.030345917 -0.003702379 0.005009144 0.999980092 214.214797974
0.999994636 0.001621014 0.003075364 -0.594585896 -0.001605356 0.999986172 -0.005091542 -4.059265137 -0.003083568 0.005086569 0.999981821 215.289077759
0.999998212 0.001158949 0.001919973 -0.598750114 -0.001149101 0.999986589 -0.005129380 -4.087734222 -0.001925887 0.005127155 0.999984503 216.352371216
1.000000358 0.000621925 0.000364862 -0.603928447 -0.000620309 0.999990344 -0.004449012 -4.114193916 -0.000367623 0.004448780 0.999989569 217.406814575
0.999999285 -0.000468765 -0.001620672 -0.609519124 0.000464198 0.999996483 -0.002809095 -4.140697002 0.001621982 0.002808336 0.999994218 218.449279785
0.999993682 -0.000121382 -0.003769481 -0.619257212 0.000116959 0.999999821 -0.001169929 -4.165973186 0.003769617 0.001169478 0.999991775 219.477539062
0.999982357 0.000149815 -0.006055839 -0.632459760 -0.000156394 0.999999940 -0.001083733 -4.190870762 0.006055668 0.001084659 0.999980628 220.488067627
0.999961913 0.000437396 -0.008788049 -0.645373940 -0.000451058 0.999999225 -0.001551192 -4.214429855 0.008787351 0.001555094 0.999959648 221.478439331
0.999933541 0.000550401 -0.011572657 -0.662333727 -0.000566990 0.999999404 -0.001429080 -4.236508846 0.011571845 0.001435544 0.999931455 222.448593140
0.999893725 0.001034576 -0.014587446 -0.680790186 -0.001047444 0.999999642 -0.000873613 -4.261398792 0.014586515 0.000888798 0.999892712 223.401870728
0.999846101 0.001327502 -0.017531721 -0.702724695 -0.001347432 0.999998987 -0.001124319 -4.285637379 0.017530184 0.001147767 0.999845147 224.328811646
0.999786556 0.001181593 -0.020660127 -0.726075172 -0.001214810 0.999998510 -0.001594670 -4.308666706 0.020658182 0.001619425 0.999784768 225.233062744
0.999713480 0.001066975 -0.023939207 -0.751711369 -0.001119172 0.999997556 -0.002166553 -4.331649780 0.023936801 0.002192721 0.999710500 226.112976074
0.999633610 0.002226548 -0.027001923 -0.782678604 -0.002293222 0.999994934 -0.002438045 -4.353258610 0.026996315 0.002499068 0.999631822 226.970199585
0.999550760 0.002466168 -0.029893940 -0.815093517 -0.002561954 0.999992251 -0.003165856 -4.375242710 0.029885862 0.003241015 0.999547362 227.807312012
0.999473631 0.004319138 -0.032174900 -0.849894047 -0.004425555 0.999985576 -0.003236556 -4.396258354 0.032160405 0.003377238 0.999476373 228.625122070
0.999447584 0.005144233 -0.032855336 -0.883257866 -0.005238503 0.999982953 -0.002783422 -4.416355610 0.032840408 0.002953992 0.999455571 229.423049927
0.999456525 0.005131309 -0.032583993 -0.913904190 -0.005193864 0.999985397 -0.001835049 -4.436712742 0.032574058 0.002003285 0.999466717 230.202514648
0.999468148 0.005204491 -0.032212187 -0.942099571 -0.005241089 0.999986291 -0.001051441 -4.457140923 0.032206230 0.001219707 0.999479830 230.963073730
0.999481261 0.004951929 -0.031844731 -0.969996452 -0.005002192 0.999986947 -0.001498472 -4.476866245 0.031836852 0.001656985 0.999491096 231.706558228
0.999487817 0.005487243 -0.031551715 -0.997745991 -0.005597879 0.999979079 -0.003418821 -4.495260239 0.031532250 0.003593686 0.999495685 232.439620972
0.999514341 0.005433907 -0.030707411 -1.024017334 -0.005607344 0.999969363 -0.005564355 -4.513693810 0.030676192 0.005733829 0.999512255 233.168365479
0.999548137 0.005494122 -0.029575992 -1.048293114 -0.005701718 0.999960244 -0.006938884 -4.532188416 0.029536651 0.007104369 0.999537826 233.896545410
0.999584615 0.006069363 -0.028199501 -1.072499275 -0.006282764 0.999952853 -0.007484657 -4.550739288 0.028152708 0.007658704 0.999573648 234.626953125
0.999635994 0.005431448 -0.026455253 -1.093507767 -0.005638224 0.999954820 -0.007747375 -4.568848610 0.026411939 0.007893699 0.999619186 235.352615356
0.999683857 0.005214652 -0.024632033 -1.113125801 -0.005408678 0.999955535 -0.007816517 -4.587467194 0.024590140 0.007947255 0.999665320 236.076889038
0.999729931 0.005279760 -0.022671307 -1.131814480 -0.005462741 0.999953747 -0.008016238 -4.607069492 0.022627899 0.008137901 0.999710083 236.794464111
0.999776423 0.005055140 -0.020571435 -1.148295164 -0.005227759 0.999952316 -0.008345569 -4.627094746 0.020528236 0.008451225 0.999752820 237.506439209
0.999831438 0.005124577 -0.017679043 -1.163545609 -0.005265541 0.999955475 -0.007935597 -4.646471977 0.017637569 0.008027330 0.999811471 238.214935303
0.999888062 0.004053144 -0.014455041 -1.174618483 -0.004159013 0.999965549 -0.007300798 -4.664933205 0.014424936 0.007360082 0.999868095 238.918777466
0.999928236 0.003086593 -0.011649057 -1.182122350 -0.003168415 0.999971211 -0.007011109 -4.684647083 0.011627072 0.007047498 0.999906838 239.620101929
0.999960184 0.002636476 -0.008612327 -1.189065456 -0.002696007 0.999973357 -0.006906771 -4.704595089 0.008593889 0.006929700 0.999938250 240.317764282
0.999982715 0.002223797 -0.005592251 -1.195236921 -0.002264387 0.999971926 -0.007260359 -4.722878933 0.005575951 0.007272881 0.999957204 241.012786865
0.999995649 0.002024197 -0.002520347 -1.199868441 -0.002043129 0.999970376 -0.007527630 -4.740164757 0.002505051 0.007532729 0.999967694 241.708724976
0.999996722 0.002851501 0.000408202 -1.202930093 -0.002847949 0.999960959 -0.008474439 -4.757076263 -0.000432335 0.008473227 0.999963284 242.400527954
0.999990702 0.002880727 0.003453066 -1.203780651 -0.002849266 0.999955714 -0.009084076 -4.774900913 -0.003479057 0.009074130 0.999952018 243.098648071
0.999975979 0.003038117 0.006356754 -1.202541113 -0.002986015 0.999962986 -0.008191450 -4.792558670 -0.006381373 0.008172252 0.999945462 243.798477173
0.999956131 0.003150051 0.008913720 -1.199149609 -0.003082152 0.999967217 -0.007621947 -4.810502529 -0.008937398 0.007594121 0.999930501 244.501708984
0.999933720 0.002850028 0.011234033 -1.193660498 -0.002762779 0.999966919 -0.007775195 -4.829068661 -0.011255777 0.007743623 0.999905884 245.204315186
0.999906778 0.002765141 0.013438940 -1.186258316 -0.002639155 0.999953449 -0.009384148 -4.847519875 -0.013464214 0.009347782 0.999864876 245.910079956
0.999883413 0.002981307 0.015030337 -1.177473545 -0.002805043 0.999928236 -0.011735293 -4.865707397 -0.015064191 0.011691736 0.999817371 246.618011475
0.999870837 0.001871687 0.016013380 -1.168071747 -0.001658339 0.999910831 -0.013326578 -4.884183407 -0.016036838 0.013298269 0.999782145 247.332931519
0.999868512 0.001862765 0.016154500 -1.158730507 -0.001640005 0.999904573 -0.013792245 -4.904036999 -0.016178589 0.013763906 0.999773622 248.053573608
0.999868810 0.000731617 0.016235448 -1.147079468 -0.000499417 0.999898612 -0.014302108 -4.925973892 -0.016244208 0.014292089 0.999765158 248.786056519
0.999868453 0.001161599 0.016224969 -1.137347698 -0.000926945 0.999896049 -0.014463197 -4.948368073 -0.016240025 0.014446224 0.999762952 249.528701782
0.999867618 0.001329914 0.016272198 -1.129040241 -0.001091750 0.999893367 -0.014636988 -4.972047806 -0.016289873 0.014617253 0.999759674 250.270202637
0.999864101 0.000405368 0.016531212 -1.118491173 -0.000130802 0.999863148 -0.016607210 -4.994368553 -0.016535621 0.016602751 0.999724627 251.020706177
0.999853671 -0.003682616 0.016758734 -1.102064133 0.003994355 0.999819875 -0.018606886 -5.020613670 -0.016687136 0.018671058 0.999685645 251.779312134
0.999827027 -0.007154983 0.017220682 -1.085239410 0.007490031 0.999783456 -0.019471424 -5.042682648 -0.017077575 0.019596994 0.999661267 252.546554565
0.999833465 -0.004787841 0.017659534 -1.076303959 0.005061890 0.999867976 -0.015507045 -5.062842369 -0.017582895 0.015593817 0.999723017 253.327636719
0.999833286 -0.000824867 0.018287040 -1.071352005 0.000998625 0.999955475 -0.009495122 -5.083085060 -0.018278327 0.009511782 0.999786913 254.117172241
0.999817789 -0.001850071 0.019044498 -1.057975292 0.001964419 0.999981225 -0.005987697 -5.105079651 -0.019032994 0.006024010 0.999799907 254.914993286
0.999770939 -0.002751523 0.021269612 -1.039742947 0.002927673 0.999962687 -0.008255465 -5.123211861 -0.021246029 0.008315830 0.999738872 255.708618164
0.999674976 -0.001525898 0.025483223 -1.026634693 0.001893952 0.999895275 -0.014425484 -5.139379501 -0.025458455 0.014469027 0.999570370 256.514282227
0.999571860 0.000510350 0.029290559 -1.009043217 0.000017588 0.999838710 -0.018021325 -5.159918785 -0.029294932 0.018014073 0.999407768 257.319915771
0.999477983 0.001739897 0.032290243 -0.985888481 -0.001163687 0.999841034 -0.017855175 -5.182367325 -0.032316066 0.017808231 0.999318302 258.142150879
0.999369323 0.000041861 0.035537466 -0.956998825 0.000514004 0.999878824 -0.015632596 -5.207298756 -0.035533704 0.015640961 0.999245346 258.971435547
0.999260843 -0.003225788 0.038330927 -0.921297073 0.003706247 0.999916613 -0.012470208 -5.231550217 -0.038287371 0.012603024 0.999186635 259.810760498
0.999143243 -0.005965072 0.040980246 -0.882725716 0.006415932 0.999921501 -0.010879326 -5.254561424 -0.040911995 0.011132904 0.999100089 260.655426025
0.999008298 -0.005971659 0.044147186 -0.847160339 0.006431469 0.999927759 -0.010280803 -5.280410767 -0.044082463 0.010554513 0.998971462 261.495574951
0.998904884 -0.003925416 0.046644706 -0.813461304 0.004505479 0.999915063 -0.012337267 -5.305593014 -0.046592157 0.012533879 0.998834729 262.334381104
0.998796403 -0.003261546 0.048961252 -0.775749207 0.003980533 0.999886811 -0.014594629 -5.329407215 -0.048907951 0.014771916 0.998693407 263.173309326
0.998671174 -0.002977421 0.051469177 -0.734215736 0.003737130 0.999886692 -0.014670656 -5.353083611 -0.051419497 0.014843470 0.998566151 264.015289307
0.998521388 -0.002113698 0.054339170 -0.692819595 0.002807776 0.999916732 -0.012700018 -5.377589703 -0.054307632 0.012833780 0.998441100 264.861297607
0.998354077 -0.000701329 0.057365373 -0.649566650 0.001337324 0.999939680 -0.011049187 -5.404737473 -0.057353966 0.011107686 0.998291492 265.704895020
0.998186946 -0.000357531 0.060206540 -0.602983475 0.001028533 0.999939382 -0.011114472 -5.429929733 -0.060198713 0.011156215 0.998123467 266.548126221
0.998026609 -0.000484485 0.062807135 -0.553014755 0.001215007 0.999933720 -0.011593601 -5.453605652 -0.062797137 0.011647001 0.997957826 267.390930176
0.997862875 -0.002247715 0.065320514 -0.496952057 0.003042396 0.999924123 -0.012069018 -5.476719856 -0.065288201 0.012241923 0.997790754 268.233917236
0.997735143 -0.005589268 0.067049459 -0.436807632 0.006365502 0.999916673 -0.011369021 -5.500905037 -0.066980094 0.011770041 0.997684300 269.075897217
0.997676253 -0.006677533 0.067820527 -0.378950119 0.007473500 0.999907672 -0.011489468 -5.524950027 -0.067737304 0.011969593 0.997630775 269.924407959
0.997629762 -0.007657092 0.068399608 -0.321920395 0.008460049 0.999900103 -0.011457288 -5.549849510 -0.068304807 0.012008760 0.997591674 270.776184082
0.997596681 -0.007854682 0.068856202 -0.266393661 0.008659395 0.999899089 -0.011396216 -5.573377609 -0.068759501 0.011965049 0.997560978 271.628936768
0.997608304 -0.007775953 0.068697855 -0.209377289 0.008540908 0.999906123 -0.010848403 -5.597032547 -0.068606824 0.011409166 0.997577965 272.479217529
0.997653067 -0.007437401 0.068081431 -0.153598785 0.008165934 0.999913812 -0.010428911 -5.621951103 -0.067997769 0.010960354 0.997624755 273.335571289
0.997740865 -0.007944618 0.066724688 -0.096282959 0.008713181 0.999900162 -0.011235381 -5.647390366 -0.066628523 0.011791350 0.997707725 274.191131592
0.997858047 -0.007938977 0.064948060 -0.040887833 0.008749378 0.999888539 -0.012202855 -5.671748638 -0.064843729 0.012744938 0.997813523 275.050384521
0.997973561 -0.007222319 0.063233964 0.010948181 0.008054964 0.999885261 -0.012922762 -5.697021484 -0.063133180 0.013405886 0.997914553 275.906005859
0.998103082 -0.006347988 0.061252050 0.063066483 0.007163655 0.999889672 -0.013106262 -5.725746155 -0.061161894 0.013520153 0.998035908 276.756744385
0.998222232 -0.005273700 0.059385151 0.110614777 0.006073037 0.999894500 -0.013287892 -5.753487587 -0.059308596 0.013624877 0.998146296 277.611328125
0.998355210 -0.004925035 0.057135902 0.155867577 0.005661877 0.999903917 -0.012741695 -5.780266762 -0.057067461 0.013044196 0.998284757 278.463958740
0.998522043 -0.005347052 0.054102607 0.199678421 0.005966288 0.999919713 -0.011290655 -5.806419373 -0.054037698 0.011596725 0.998471200 279.314514160
0.998740256 -0.006763030 0.049739089 0.240592003 0.007214989 0.999935448 -0.008912768 -5.832054615 -0.049675435 0.009260379 0.998722136 280.158172607
0.998973429 -0.007930506 0.044620216 0.277417183 0.008258596 0.999941409 -0.007173529 -5.857833862 -0.044560555 0.007534642 0.998977840 280.989685059
0.999180198 -0.008519348 0.039600052 0.309961319 0.008758952 0.999945581 -0.005881153 -5.880848408 -0.039547645 0.006223166 0.999197900 281.827606201
0.999359369 -0.008857813 0.034700062 0.335151672 0.009041604 0.999947011 -0.005143242 -5.902825832 -0.034652539 0.005453667 0.999384105 282.657806396
0.999509573 -0.009550485 0.029846787 0.358671188 0.009697926 0.999942660 -0.004799167 -5.923593521 -0.029799109 0.005086244 0.999542594 283.476593018
0.999637485 -0.010250469 0.024926957 0.377893448 0.010369428 0.999936700 -0.004647901 -5.942611217 -0.024877619 0.004904673 0.999678016 284.289703369
0.999730468 -0.010411981 0.020786162 0.390480042 0.010520023 0.999932885 -0.005095256 -5.962296963 -0.020731606 0.005312531 0.999770522 285.081481934
0.999809504 -0.009907491 0.016859945 0.397583008 0.009997641 0.999937296 -0.005271317 -5.982701302 -0.016806563 0.005438849 0.999843597 285.855926514
0.999870658 -0.009589071 0.012963925 0.402952671 0.009660222 0.999939859 -0.005437285 -6.002722740 -0.012910914 0.005561793 0.999900758 286.611236572
