1.000000000 0.000000000 0.000000000 0.000000000 0.000000000 1.000000000 0.000000000 0.000000000 0.000000000 0.000000000 1.000000000 0.000000000
0.999979198 0.000523365 -0.006428891 -0.008901688 -0.000521463 0.999999821 0.000297436 -0.000752977 0.006429045 -0.000294077 0.999979317 0.093479149
0.999909341 0.001131320 -0.013416624 -0.019069366 -0.001128362 0.999999344 0.000228079 -0.001729362 0.013416872 -0.000212919 0.999909997 0.189673766
0.999779940 0.001481943 -0.020924434 -0.031226307 -0.001492823 0.999998748 -0.000504347 -0.002112287 0.020923661 0.000535473 0.999780953 0.289598256
0.999543428 0.002107761 -0.030139729 -0.045281909 -0.002166913 0.999995768 -0.001930065 -0.002234298 0.030135537 0.001994494 0.999543846 0.395086408
0.999132216 0.002274011 -0.041588310 -0.062722892 -0.002421104 0.999990940 -0.003486868 -0.002686119 0.041580006 0.003584532 0.999128759 0.510800302
0.998477876 0.002254440 -0.055106618 -0.085133910 -0.002502716 0.999986947 -0.004436774 -0.002942743 0.055095900 0.004567937 0.998470604 0.638620853
0.997447729 0.002350486 -0.071361311 -0.112332456 -0.002674619 0.999986470 -0.004446925 -0.003489617 0.071349896 0.004626440 0.997440577 0.778522432
0.995949388 0.000925550 -0.089910224 -0.143795922 -0.001334305 0.999988973 -0.004486260 -0.004643757 0.089905083 0.004588056 0.995939732 0.930335581
0.993960440 -0.000125768 -0.109738588 -0.181648836 -0.000389493 0.999988914 -0.004673900 -0.006640891 0.109737970 0.004688414 0.993949473 1.092243791
0.991259038 -0.000128307 -0.131928548 -0.227746502 -0.000546185 0.999986708 -0.005076351 -0.009587014 0.131927460 0.005104037 0.991246223 1.261106372
0.987755001 0.003620324 -0.155970007 -0.285928279 -0.004691082 0.999967575 -0.006497604 -0.013492279 0.155941457 0.007149711 0.987740338 1.434555173
0.983397067 0.008036460 -0.181287825 -0.352971584 -0.009641333 0.999921501 -0.007973118 -0.018905222 0.181209534 0.009588601 0.983397663 1.612295032
0.978005350 0.011039849 -0.208286181 -0.424828380 -0.013179694 0.999873400 -0.008888531 -0.024053531 0.208161756 0.011438183 0.978027463 1.797258854
0.971261919 0.011927798 -0.237713397 -0.499894083 -0.014481588 0.999854386 -0.008999713 -0.027647922 0.237571478 0.012183548 0.971293628 1.986475348
0.963196754 0.014038336 -0.268429756 -0.586179793 -0.016911747 0.999821484 -0.008395153 -0.030869346 0.268264025 0.012625804 0.963262677 2.179112673
0.953723192 0.016068131 -0.300255746 -0.682571471 -0.019142542 0.999789834 -0.007300225 -0.033607546 0.300075412 0.012710055 0.953830779 2.373646498
0.942412138 0.018271003 -0.333953828 -0.784702003 -0.021568082 0.999748051 -0.006167389 -0.034761354 0.333757102 0.013014968 0.942569315 2.566746712
0.929889262 0.020678096 -0.367257595 -0.895271778 -0.024455678 0.999684751 -0.005634991 -0.036871120 0.367025375 0.014221453 0.930102170 2.754584551
0.915963590 0.023499778 -0.400572300 -1.014817595 -0.027783820 0.999601781 -0.004889380 -0.037335780 0.400297999 0.015607927 0.916252196 2.940604925
0.899833322 0.024086943 -0.435568064 -1.140240312 -0.028803326 0.999575794 -0.004227734 -0.035591196 0.435281456 0.016350063 0.900146067 3.128410101
0.881272435 0.019661190 -0.472199082 -1.267771482 -0.024881862 0.999678314 -0.004813282 -0.036165692 0.471952677 0.015991006 0.881478906 3.314303637
0.859908581 0.014829710 -0.510232329 -1.406533957 -0.020312112 0.999779880 -0.005174321 -0.038701348 0.510043442 0.014813340 0.860021234 3.499510050
0.834747910 0.016705712 -0.550378561 -1.565719843 -0.021168679 0.999774039 -0.001759826 -0.045015775 0.550224960 0.013119795 0.834913552 3.675800085
0.805450797 0.022693962 -0.592227697 -1.747325182 -0.026410621 0.999647975 0.002386787 -0.052224468 0.592073619 0.013718662 0.805767179 3.844782829
0.772428393 0.025861127 -0.634574890 -1.940363646 -0.029713454 0.999547660 0.004566709 -0.057091583 0.634406149 0.015327955 0.772848010 4.010792732
0.735891938 0.025330396 -0.676624775 -2.143379211 -0.029257532 0.999555826 0.005599509 -0.060033724 0.676466227 0.015675735 0.736306906 4.175226212
0.695516109 0.021356395 -0.718192756 -2.361075878 -0.023506101 0.999699056 0.006963447 -0.059743717 0.718125582 0.012038716 0.695809543 4.343157768
0.652160525 0.017898442 -0.757869303 -2.596934557 -0.018442625 0.999799550 0.007741845 -0.058032319 0.757856250 0.008928169 0.652360618 4.503904343
0.606608152 0.017456312 -0.794809043 -2.856504440 -0.016006643 0.999824047 0.009742570 -0.054614659 0.794839501 0.006812295 0.606781602 4.655322552
0.557855368 0.018144563 -0.829739571 -3.135731697 -0.013899621 0.999824762 0.012518872 -0.048953563 0.829821408 0.004549337 0.558010638 4.795392990
0.506081641 0.018856054 -0.862279236 -3.433341503 -0.012699507 0.999815285 0.014410157 -0.042254820 0.862391651 0.003657793 0.506228566 4.922378540
0.452634424 0.020361779 -0.891463459 -3.746743917 -0.011994762 0.999787569 0.016745731 -0.036453746 0.891615152 0.003113188 0.452783406 5.032253265
0.397409260 0.022636853 -0.917361975 -4.073953152 -0.010877848 0.999741375 0.019957269 -0.032968342 0.917576730 0.002047704 0.397553682 5.128599644
0.341668725 0.024801727 -0.939492941 -4.417082310 -0.010253454 0.999690294 0.022661969 -0.030597731 0.939764321 0.001890144 0.341818094 5.207145691
0.286349714 0.028078061 -0.957713544 -4.779377460 -0.007348978 0.999605179 0.027108941 -0.031816617 0.958096862 -0.000724442 0.286443889 5.273863792
0.232362449 0.030085389 -0.972163677 -5.156775951 -0.002474994 0.999536276 0.030340917 -0.032411695 0.972626030 -0.004644015 0.232330084 5.331160545
0.181433976 0.030562233 -0.982927918 -5.549778938 0.000561151 0.999513268 0.031181501 -0.029676646 0.983402967 -0.006208979 0.181329370 5.368554115
0.133880466 0.031632125 -0.990492344 -5.962986469 -0.001266702 0.999494731 0.031748410 -0.023233801 0.990996718 -0.002995858 0.133853704 5.384292126
0.091402620 0.031967431 -0.995300651 -6.393066883 -0.002990842 0.999488652 0.031827278 -0.013016671 0.995809555 0.000067665 0.091452360 5.386446953
0.053479306 0.030536558 -0.998101771 -6.840576649 -0.004106104 0.999530315 0.030360242 -0.001723260 0.998560667 0.002474643 0.053580340 5.378945351
0.019005548 0.027893282 -0.999430060 -7.303806305 -0.002873235 0.999607801 0.027843598 0.007526010 0.999815404 0.002342393 0.019078992 5.362663269
-0.012389969 0.025184134 -0.999606013 -7.780262947 -0.002231517 0.999679267 0.025213635 0.013912320 0.999920845 0.002543014 -0.012329061 5.334562778
-0.038980454 0.023389693 -0.998966098 -8.271433830 -0.002425227 0.999720514 0.023501985 0.020410210 0.999237180 0.003338821 -0.038912117 5.295546055
-0.059740469 0.021086641 -0.997991085 -8.781359673 -0.002712587 0.999769330 0.021286584 0.030492380 0.998210430 0.003978793 -0.059668787 5.246852875
-0.076038249 0.020227358 -0.996899605 -9.309566498 -0.002005842 0.999788821 0.020438965 0.044133887 0.997103095 0.003553751 -0.075980932 5.194003105
-0.089128487 0.020676021 -0.995805383 -9.850662231 -0.001086053 0.999781549 0.020855775 0.052835822 0.996019781 0.002940326 -0.089085877 5.137207508
-0.098690510 0.021916401 -0.994876623 -10.407341957 -0.002186961 0.999749839 0.022240695 0.055048108 0.995115936 0.004370685 -0.098617211 5.071409225
-0.105356559 0.023272019 -0.994162023 -10.983679771 -0.004003344 0.999707758 0.023826087 0.059235156 0.994426608 0.006490191 -0.105231918 4.998407364
-0.109813794 0.024243727 -0.993656278 -11.577155113 -0.003647544 0.999685585 0.024793930 0.069817543 0.993945658 0.006347104 -0.109690152 4.927729607
-0.111197315 0.024840837 -0.993487597 -12.184239388 -0.001522978 0.999681652 0.025166159 0.083488405 0.993797243 0.004311451 -0.111123390 4.858520508
-0.110267721 0.027069408 -0.993532896 -12.808116913 0.000615529 0.999630153 0.027167205 0.094637066 0.993901849 0.002384095 -0.110242918 4.791036606
-0.108821847 0.029534912 -0.993622065 -13.449157715 -0.000097435 0.999557674 0.029722003 0.103146017 0.994061351 0.003331194 -0.108770140 4.719675064
-0.107170753 0.029434159 -0.993804514 -14.104151726 -0.002216523 0.999551594 0.029843386 0.113741338 0.994238317 0.005401107 -0.107056767 4.644667625
-0.105639488 0.026825301 -0.994042337 -14.773648262 -0.003884132 0.999616861 0.027388496 0.127053857 0.994396985 0.006754281 -0.105494134 4.570216179
-0.104461238 0.026705403 -0.994170010 -15.459023476 -0.004184334 0.999618292 0.027291402 0.143297851 0.994520307 0.007010816 -0.104308933 4.499383450
-0.102773726 0.029432777 -0.994268894 -16.160913467 -0.003768415 0.999542832 0.029978417 0.160209626 0.994697750 0.006827792 -0.102615148 4.427589417
-0.100860655 0.032916419 -0.994355559 -16.877391815 -0.004755947 0.999424577 0.033566624 0.175342768 0.994889259 0.008114632 -0.100645378 4.351163387
-0.099145673 0.035043810 -0.994455338 -17.608322144 -0.005257401 0.999346673 0.035740323 0.187321007 0.995059133 0.008771725 -0.098895974 4.276871681
-0.097351722 0.034359258 -0.994656444 -18.356159210 -0.007193694 0.999352992 0.035225563 0.205997258 0.995224178 0.010584502 -0.097040869 4.198649406
-0.095640250 0.031149223 -0.994928122 -19.115139008 -0.009398783 0.999436915 0.032193866 0.227196753 0.995371640 0.012430122 -0.095292971 4.120337486
-0.094079949 0.030496668 -0.995096982 -19.889879227 -0.010345751 0.999446273 0.031608075 0.246061981 0.995510936 0.013268694 -0.093711652 4.041076183
-0.092430077 0.032779031 -0.995179117 -20.677745819 -0.007726321 0.999403834 0.033635776 0.264960825 0.995689332 0.010798008 -0.092121013 3.967305660
-0.091359690 0.034885515 -0.995206416 -21.471443176 -0.005375729 0.999353826 0.035524383 0.281571805 0.995803535 0.008595431 -0.091112427 3.896584034
-0.089996561 0.036618713 -0.995268285 -22.274282455 -0.004346653 0.999299347 0.037160065 0.298004925 0.995932698 0.007670336 -0.089773647 3.820392132
-0.089268014 0.031971693 -0.995493948 -23.077028275 -0.004188865 0.999463201 0.032474790 0.312672496 0.995998979 0.007068925 -0.089085475 3.743789196
-0.088949472 0.025112307 -0.995719135 -23.889823914 -0.002743882 0.999671638 0.025457095 0.324301183 0.996032357 0.004996509 -0.088850670 3.668487072
-0.089121334 0.020572023 -0.995807946 -24.712919235 0.000304332 0.999786675 0.020626975 0.339913040 0.996020734 0.001535226 -0.089107901 3.598126888
-0.089606404 0.021369174 -0.995747626 -25.547723770 0.001488342 0.999770999 0.021321582 0.352705300 0.995976210 0.000428513 -0.089616992 3.521220207
-0.089480713 0.028821722 -0.995571077 -26.393703461 0.000963714 0.999582767 0.028851232 0.361033916 0.995988190 0.001622155 -0.089470446 3.438099861
-0.089759044 0.035869986 -0.995316982 -27.244300842 -0.000509630 0.999348998 0.036061242 0.376402140 0.995963335 0.003744034 -0.089681596 3.354830027
-0.090043962 0.041265499 -0.995082140 -28.095527649 -0.002667250 0.999127209 0.041674584 0.391841531 0.995934188 0.006406643 -0.089854561 3.269692183
-0.090289347 0.041478831 -0.995051086 -28.938438416 -0.004233952 0.999106824 0.042032067 0.409969628 0.995906532 0.008008013 -0.090032339 3.184687614
-0.090550639 0.037998933 -0.995166302 -29.777744293 -0.004346290 0.999246716 0.038550194 0.427966833 0.995882332 0.007815996 -0.090316534 3.102635622
-0.090832062 0.035213538 -0.995243132 -30.615127563 -0.004607412 0.999348521 0.035779297 0.447748542 0.995855570 0.007835372 -0.090609893 3.020359993
-0.090907469 0.036332794 -0.995196044 -31.456829071 -0.006169185 0.999293923 0.037045930 0.467008114 0.995840192 0.009507271 -0.090618394 2.936678886
-0.090761110 0.038614657 -0.995123446 -32.299472809 -0.006869289 0.999199331 0.039399330 0.483765483 0.995848954 0.010411685 -0.090422444 2.853824854
-0.090545297 0.036898192 -0.995208204 -33.140468597 -0.007629485 0.999257803 0.037742458 0.499260664 0.995863080 0.011010301 -0.090195835 2.770176888
-0.090010218 0.031644460 -0.995437682 -33.975086212 -0.008429490 0.999434471 0.032533724 0.516138792 0.995905101 0.011319375 -0.089691825 2.686981201
-0.089783430 0.027389500 -0.995584309 -34.807842255 -0.009731578 0.999549389 0.028376188 0.532160759 0.995913804 0.012236296 -0.089475676 2.605749130
-0.089138269 0.028139025 -0.995621383 -35.649433136 -0.009233746 0.999533832 0.029076306 0.544902444 0.995976627 0.011785099 -0.088836111 2.524598122
-0.088402055 0.030627742 -0.995613575 -36.490287781 -0.008192440 0.999470294 0.031473815 0.554389596 0.996051311 0.010938825 -0.088103540 2.445280790
-0.087944612 0.035536759 -0.995490968 -37.329380035 -0.007951329 0.999305844 0.036375396 0.568226457 0.996093690 0.011114464 -0.087600246 2.367976427
-0.087360926 0.041094430 -0.995328486 -38.168258667 -0.007056298 0.999097466 0.041869391 0.586746573 0.996151865 0.010681045 -0.086991347 2.293401480
-0.087555081 0.044292912 -0.995174170 -39.004383087 -0.007278965 0.998955190 0.045101605 0.603933573 0.996133149 0.011192671 -0.087140441 2.217489004
-0.087262988 0.044242650 -0.995202065 -39.836688995 -0.007000912 0.998960674 0.045023616 0.623534679 0.996160746 0.010896176 -0.086861789 2.141716957
-0.087257877 0.039917190 -0.995385408 -40.667800903 -0.006764136 0.999149442 0.040661097 0.644292653 0.996162891 0.010280887 -0.086912900 2.067498684
-0.086826131 0.035514235 -0.995589972 -41.497951508 -0.007718618 0.999309659 0.036320075 0.663071513 0.996193647 0.010838077 -0.086491331 1.988308430
-0.086749874 0.032866374 -0.995687544 -42.326450348 -0.011591385 0.999353945 0.033997312 0.677480221 0.996162772 0.014490634 -0.086312123 1.907052040
-0.087284297 0.030936044 -0.995702803 -43.156337738 -0.014610639 0.999369681 0.032330770 0.694754362 0.996076405 0.017369799 -0.086776555 1.824894905
-0.087985411 0.029232699 -0.995692432 -43.984889984 -0.012301396 0.999460459 0.030430354 0.701955855 0.996045828 0.014925809 -0.087577626 1.750190020
-0.089140467 0.025558230 -0.995690882 -44.810550690 -0.008725860 0.999611557 0.026440069 0.712511897 0.995980859 0.011045112 -0.088882096 1.677876472
-0.089758232 0.024072673 -0.995672405 -45.633937836 -0.004460729 0.999687314 0.024571881 0.724283695 0.995953619 0.006646922 -0.089622088 1.603017330
-0.091592245 0.027543422 -0.995415390 -46.459888458 -0.004126905 0.999597549 0.028038887 0.733472943 0.995788097 0.006676095 -0.091440998 1.524288654
-0.093068518 0.033832017 -0.995084524 -47.284473419 -0.001765289 0.999414563 0.034144346 0.741586506 0.995658219 0.004934336 -0.092953607 1.443971157
-0.094995908 0.037408356 -0.994774401 -48.104545593 0.000274049 0.999293804 0.037552152 0.755410790 0.995477676 0.003294638 -0.094938375 1.367049217
-0.096456707 0.036498219 -0.994667530 -48.915046692 0.000226748 0.999327481 0.036647230 0.768367410 0.995337188 0.003309290 -0.096399404 1.284893990
-0.097497262 0.032565176 -0.994702697 -49.716300964 -0.003138740 0.999448657 0.033028211 0.778754532 0.995230854 0.006342234 -0.097340599 1.196906567
-0.098702557 0.028779883 -0.994700491 -50.514896393 -0.007910385 0.999526620 0.029704459 0.791683435 0.995085537 0.010800338 -0.098427460 1.104536057
-0.100072213 0.027173184 -0.994608879 -51.309055328 -0.012104033 0.999518871 0.028525183 0.802948713 0.994906545 0.014893329 -0.099694476 1.014132977
-0.101067148 0.028121706 -0.994482040 -52.102897644 -0.013752853 0.999464512 0.029660290 0.811531425 0.994784415 0.016674621 -0.100625575 0.924169064
-0.102068454 0.029553285 -0.994338274 -52.890495300 -0.013529124 0.999423921 0.031093216 0.820747972 0.994685233 0.016626133 -0.101609148 0.840620518
-0.103006899 0.028916189 -0.994260252 -53.671894073 -0.015514759 0.999408126 0.030673273 0.830671191 0.994559467 0.018585242 -0.102496624 0.751946449
-0.103554234 0.028709223 -0.994209468 -54.452320099 -0.016398752 0.999397278 0.030567098 0.839067817 0.994488418 0.019469120 -0.103020340 0.663311005
-0.104040302 0.030259581 -0.994112730 -55.232841492 -0.014729260 0.999379754 0.031961426 0.852109551 0.994463742 0.017967794 -0.103529394 0.579005241
-0.104366302 0.033058055 -0.993989348 -56.009147644 -0.013719974 0.999303579 0.034675367 0.864514470 0.994444072 0.017256416 -0.103839368 0.496358395
-0.104513437 0.037208516 -0.993827164 -56.779773712 -0.013895053 0.999146819 0.038868930 0.876622915 0.994426250 0.017871572 -0.103906557 0.410181522
-0.105110154 0.039279953 -0.993684590 -57.543159485 -0.013813164 0.999064624 0.040953770 0.890000224 0.994364440 0.018030547 -0.104468584 0.326091766
-0.105780140 0.039210044 -0.993616223 -58.303806305 -0.013305651 0.999076068 0.040842034 0.905273438 0.994300365 0.017540950 -0.105160020 0.242518425
-0.106092162 0.037160307 -0.993661702 -59.052127838 -0.012421267 0.999172926 0.038692631 0.920809984 0.994278491 0.016447484 -0.105542168 0.160558224
-0.106250241 0.033665314 -0.993769169 -59.788463593 -0.011826999 0.999312282 0.035117589 0.933172226 0.994268656 0.015484528 -0.105778351 0.077786446
-0.105907284 0.030815065 -0.993898273 -60.512752533 -0.012081601 0.999405086 0.032273185 0.944230139 0.994302213 0.015425817 -0.105471350 -0.005357265
-0.104565158 0.028428435 -0.994111538 -61.224769592 -0.012587020 0.999472499 0.029905707 0.953916073 0.994437993 0.015639966 -0.104151547 -0.086637974
-0.102163047 0.027704980 -0.994381607 -61.921672821 -0.014814186 0.999457836 0.029368430 0.959946513 0.994656980 0.017731294 -0.101696596 -0.166064262
-0.097913250 0.028640706 -0.994782567 -62.605491638 -0.015099253 0.999427080 0.030260596 0.965626359 0.995080054 0.017983358 -0.097424045 -0.239248753
-0.091946878 0.030203044 -0.995305657 -63.272911072 -0.014402091 0.999394059 0.031657584 0.972659945 0.995659351 0.017245267 -0.091455534 -0.302351952
-0.084569953 0.031687070 -0.995913506 -63.928501129 -0.013563574 0.999364078 0.032948636 0.979737043 0.996324837 0.016294576 -0.084085725 -0.358353138
-0.075704768 0.033080749 -0.996581256 -64.566917419 -0.014706259 0.999302864 0.034288242 0.985175133 0.997021437 0.017251732 -0.075164840 -0.409134388
-0.063666716 0.034753028 -0.997365773 -65.187202454 -0.017055847 0.999208689 0.035905991 0.991101027 0.997825086 0.019296903 -0.063022934 -0.453573704
-0.048730299 0.036097251 -0.998159409 -65.792343140 -0.020238928 0.999104857 0.037119508 1.001417994 0.998606503 0.022010492 -0.047955438 -0.484587431
-0.030200845 0.037263528 -0.998848915 -66.378150940 -0.021870144 0.999040008 0.037931919 1.010574102 0.999304473 0.022990519 -0.029356200 -0.499505281
-0.008002268 0.038093559 -0.999242127 -66.947494507 -0.022786396 0.999006808 0.038267072 1.017698646 0.999708176 0.023075324 -0.007125592 -0.495759577
0.017640065 0.038419876 -0.999105811 -67.494316101 -0.022239536 0.999028385 0.038024232 1.025183916 0.999596894 0.021548873 0.018478114 -0.473845482
0.047055505 0.037846118 -0.998174906 -68.024032593 -0.020785931 0.999101758 0.036901377 1.035023689 0.998675823 0.019011559 0.047800671 -0.430641651
0.081424713 0.037800647 -0.995962322 -68.526741028 -0.019599967 0.999147058 0.036319125 1.042503834 0.996486604 0.016563527 0.082096964 -0.370731354
0.119361363 0.038037285 -0.992121875 -69.012397766 -0.018986775 0.999169588 0.036023200 1.050333261 0.992669225 0.014537384 0.119985282 -0.291160583
0.160377234 0.037605464 -0.986339033 -69.489219666 -0.018808490 0.999208033 0.035037875 1.058492303 0.986876428 0.012932237 0.160958394 -0.193231583
0.205937654 0.038428232 -0.977810204 -69.944412231 -0.017917607 0.999208212 0.035495527 1.065451860 0.978400886 0.010210116 0.206464052 -0.074544907
0.254754454 0.036853388 -0.966303229 -70.388931274 -0.014806067 0.999304056 0.034208551 1.071881890 0.966892123 0.005592331 0.255123764 0.067083359
0.305287659 0.031677403 -0.951733053 -70.810714722 -0.007350585 0.999494195 0.030909223 1.077209830 0.952231467 -0.002440455 0.305367142 0.237676620
0.357097417 0.026203694 -0.933699608 -71.214874268 -0.002200243 0.999626279 0.027212391 1.081442118 0.934064329 -0.007663161 0.357022762 0.428045273
0.409942955 0.021199029 -0.911864758 -71.612365723 0.002864798 0.999694109 0.024528790 1.090055466 0.912106395 -0.012667768 0.409757972 0.640104294
0.461566031 0.020479152 -0.886869371 -72.002395630 0.002347674 0.999700844 0.024306424 1.101224422 0.887102425 -0.013301154 0.461381078 0.871042252
0.510196090 0.018813543 -0.859852254 -72.377212524 0.004047524 0.999696195 0.024274927 1.111926436 0.860048234 -0.015865302 0.509966254 1.125440598
0.555863738 0.014101876 -0.831153750 -72.733116150 0.011921413 0.999617159 0.024932994 1.120908260 0.831187606 -0.023767933 0.555484056 1.405715942
0.600436568 0.006891171 -0.799642622 -73.066879272 0.022722475 0.999411166 0.025674608 1.128949761 0.799349070 -0.033585899 0.599927723 1.706302643
0.643801808 0.001284230 -0.765191078 -73.392852783 0.024566762 0.999447465 0.022346886 1.136642218 0.764797330 -0.033185299 0.643415928 2.009658813
0.685140371 -0.003648687 -0.728401959 -73.693878174 0.021748897 0.999643147 0.015449786 1.140570879 0.728085935 -0.026427260 0.684976578 2.328445435
0.726018548 -0.010946834 -0.687587976 -73.982727051 0.018761560 0.999815524 0.003892479 1.149651170 0.687418699 -0.015726265 0.726091325 2.664871216
0.765682817 -0.014049832 -0.643064857 -74.266754150 0.014668822 0.999881923 -0.004379831 1.155321002 0.643050611 -0.006079460 0.765799820 3.031642914
0.803164423 -0.015815608 -0.595547318 -74.546081543 0.014060176 0.999871433 -0.007591250 1.161399007 0.595591187 -0.002276489 0.803285062 3.435714722
0.837485552 -0.017876230 -0.546166956 -74.811172485 0.015081611 0.999839306 -0.009599146 1.165843606 0.546250880 -0.000197934 0.837622166 3.875270844
0.868206859 -0.016963476 -0.495912313 -75.057449341 0.012783675 0.999847472 -0.011820685 1.164633274 0.496037215 0.003923220 0.868292868 4.336688995
0.894174814 -0.015992021 -0.447432160 -75.283645630 0.012740178 0.999865115 -0.010276252 1.157145023 0.447536111 0.003488399 0.894259512 4.827116013
0.915431023 -0.010295541 -0.402342826 -75.511749268 0.007209235 0.999930978 -0.009184401 1.151522040 0.402409613 0.005507100 0.915443659 5.351366043
0.932857454 -0.006848162 -0.360180289 -75.714355469 0.003105680 0.999934137 -0.010968292 1.152132154 0.360231549 0.009113250 0.932818890 5.883031845
0.946246088 -0.001815645 -0.323442250 -75.898429871 -0.001196800 0.999956906 -0.009114584 1.141580820 0.323444545 0.009011731 0.946204662 6.434297562
0.956010222 -0.001331469 -0.293329656 -76.056076050 -0.000735134 0.999974787 -0.006934982 1.128937960 0.293331295 0.006845544 0.955986857 7.001459122
0.963149667 -0.001997284 -0.268958062 -76.204078674 0.000620800 0.999985456 -0.005202801 1.116725206 0.268964052 0.004844097 0.963138461 7.588695526
0.968729615 -0.001801277 -0.248111844 -76.346405029 0.001137373 0.999994516 -0.002819158 1.105288506 0.248115122 0.002448794 0.968727887 8.194730759
0.973247707 0.000552117 -0.229756847 -76.494659424 -0.000585790 0.999999285 -0.000078357 1.098900795 0.229756102 0.000210834 0.973248601 8.824575424
0.976727605 0.005515600 -0.214411721 -76.638259888 -0.005276229 0.999984026 0.001688681 1.091343760 0.214417100 -0.000518117 0.976742506 9.465396881
0.979531884 0.009084588 -0.201083094 -76.777595520 -0.008649245 0.999957383 0.003043468 1.084741592 0.201101601 -0.001241983 0.979570031 10.124406815
0.982143342 0.007614349 -0.187978968 -76.903625488 -0.007201015 0.999969363 0.002881624 1.079488039 0.187994570 -0.001476552 0.982169330 10.800310135
0.984662771 0.007523898 -0.174304962 -77.022109985 -0.007179749 0.999970257 0.002604863 1.074735522 0.174318790 -0.001313469 0.984688759 11.489764214
0.987130702 0.007957056 -0.159716219 -77.135818481 -0.007532282 0.999965727 0.003264766 1.072128534 0.159736127 -0.002019747 0.987158120 12.196321487
0.989310265 0.009261983 -0.145530254 -77.242424011 -0.008796552 0.999953330 0.003841330 1.068462849 0.145558432 -0.002520129 0.989346743 12.917312622
0.991092801 0.009308239 -0.132846206 -77.340263367 -0.009250775 0.999956071 0.001049745 1.059973121 0.132849544 0.000188513 0.991136551 13.646270752
0.992512882 0.009751976 -0.121748507 -77.432594299 -0.010338089 0.999937177 -0.004183414 1.049646974 0.121699415 0.005410722 0.992552638 14.385636330
0.993670344 0.007746810 -0.112066597 -77.515968323 -0.008965168 0.999905467 -0.010371908 1.041873217 0.111974984 0.011310944 0.993646920 15.136027336
0.994555235 0.007598106 -0.103932060 -77.597320557 -0.008750727 0.999904573 -0.010638680 1.033480406 0.103840679 0.011490228 0.994527698 15.904470444
0.995221078 0.009461790 -0.097186692 -77.677703857 -0.009946310 0.999939799 -0.004502211 1.020178080 0.097137630 0.005447329 0.995256186 16.683174133
0.995659888 0.013762710 -0.092042342 -77.760055542 -0.013480120 0.999901712 0.003691163 1.004875898 0.092083476 -0.002434427 0.995748401 17.465112686
0.996043265 0.014349383 -0.087702662 -77.835800171 -0.013756809 0.999877691 0.007357283 0.993828952 0.087796882 -0.006121691 0.996119678 18.244041443
0.996361792 0.013226543 -0.084190175 -77.905334473 -0.012746358 0.999898732 0.006238468 0.985901535 0.084263533 -0.005142683 0.996430337 19.018531799
0.996637106 0.012932989 -0.080914021 -77.974090576 -0.012546517 0.999906778 0.005282873 0.978602052 0.080974162 -0.004249944 0.996707261 19.793025970
0.996896684 0.011326293 -0.077901587 -78.038131714 -0.010786887 0.999914289 0.007341457 0.973331511 0.077977434 -0.006478383 0.996934116 20.571422577
0.997109950 0.009248238 -0.075406171 -78.097351074 -0.008537964 0.999915540 0.009736159 0.965781331 0.075489193 -0.009064231 0.997105598 21.349237442
0.997367263 0.007521870 -0.072124116 -78.159721375 -0.006708973 0.999910653 0.011506381 0.955470562 0.072203584 -0.010992236 0.997329473 22.128290176
0.997559369 0.006453585 -0.069524348 -78.213813782 -0.005929926 0.999951899 0.007735722 0.948855937 0.069570273 -0.007304591 0.997550488 22.897369385
0.997665167 0.009154668 -0.067684203 -78.273559570 -0.009153923 0.999957323 0.000321011 0.940729976 0.067683615 0.000299297 0.997706950 23.658857346
0.997782230 0.009612449 -0.065869622 -78.329620361 -0.010123693 0.999920428 -0.007432243 0.929416656 0.065792277 0.008082590 0.997800767 24.419582367
0.997871161 0.010329481 -0.064397611 -78.385108948 -0.011099209 0.999870360 -0.011606633 0.914560378 0.064268716 0.012296675 0.997857034 25.181201935
0.998007834 0.011729089 -0.061994836 -78.441421509 -0.012376402 0.999871969 -0.010067925 0.897811174 0.061868154 0.010815127 0.998025954 25.949644089
0.998136163 0.014854272 -0.059195310 -78.500572205 -0.015243277 0.999864280 -0.006125657 0.877403915 0.059095617 0.007016554 0.998227835 26.718278885
0.998227298 0.018303296 -0.056638446 -78.557556152 -0.018388972 0.999829650 -0.000992170 0.858180761 0.056609992 0.002031912 0.998394489 27.489543915
0.998429179 0.015867995 -0.053743079 -78.605766296 -0.015845966 0.999873340 0.000835734 0.844910860 0.053748876 0.000017168 0.998554707 28.253067017
0.998550355 0.013329715 -0.052154534 -78.650512695 -0.013318851 0.999910474 0.000555593 0.832061052 0.052156612 0.000139830 0.998639047 29.013530731
0.998628795 0.011446449 -0.051090442 -78.689514160 -0.011437003 0.999933839 0.000477022 0.818182230 0.051091850 0.000107935 0.998694062 29.769504547
0.998703182 0.011119215 -0.049688425 -78.735366821 -0.011201346 0.999935687 -0.001375011 0.806349695 0.049669258 0.001929787 0.998763978 30.526958466
0.998763084 0.009225338 -0.048866611 -78.775436401 -0.009366953 0.999952197 -0.002670009 0.794284940 0.048838962 0.003124422 0.998801768 31.290452957
0.998817980 0.008603518 -0.047849104 -78.818283081 -0.008736284 0.999958158 -0.002566444 0.779928327 0.047824342 0.002981418 0.998851299 32.061317444
0.998839915 0.011732224 -0.046711694 -78.867675781 -0.011817681 0.999928534 -0.001553983 0.768063188 0.046689443 0.002104186 0.998907268 32.843296051
0.998858750 0.011256992 -0.046426196 -78.911888123 -0.011387187 0.999931574 -0.002541074 0.756631553 0.046393722 0.003066820 0.998918533 33.624263763
0.998803139 0.010629711 -0.047750462 -78.955245972 -0.010767504 0.999938130 -0.002629665 0.742482960 0.047718875 0.003140655 0.998855829 34.406593323
0.998735547 0.008312611 -0.049588881 -78.996704102 -0.008428015 0.999961853 -0.002118781 0.729109824 0.049568694 0.002534023 0.998767495 35.194705963
0.998571038 0.010000214 -0.052506134 -79.046379089 -0.010134513 0.999945641 -0.002292379 0.716442227 0.052479669 0.002821211 0.998617947 35.989864349
0.998383403 0.013478045 -0.055227648 -79.102462769 -0.013641214 0.999903202 -0.002578781 0.701324463 0.055186864 0.003327965 0.998470426 36.787994385
0.998255074 0.013874978 -0.057402752 -79.164138794 -0.014332881 0.999868214 -0.007573262 0.685738385 0.057289418 0.008382775 0.998322368 37.587520599
0.998115063 0.014881639 -0.059545979 -79.224128723 -0.015566783 0.999817252 -0.011059077 0.669958591 0.059369840 0.011965149 0.998164296 38.390964508
0.998030841 0.014012279 -0.061149061 -79.283691406 -0.014826136 0.999806821 -0.012876240 0.654093385 0.060956132 0.013757464 0.998045504 39.207466125
0.997905791 0.014007118 -0.063158423 -79.344512939 -0.014765020 0.999823928 -0.011549499 0.634313405 0.062984832 0.012457822 0.997936547 40.033481598
0.997794449 0.012390869 -0.065220669 -79.402946472 -0.013124637 0.999854803 -0.010834353 0.613511086 0.065076262 0.011666434 0.997811973 40.869850159
0.997687280 0.011740293 -0.066957243 -79.462913513 -0.012386029 0.999880314 -0.009237196 0.597175837 0.066840075 0.010045147 0.997713029 41.713253021
0.997642159 0.011282355 -0.067705236 -79.529441833 -0.011688057 0.999915600 -0.005599247 0.579706013 0.067635663 0.006377368 0.997689664 42.561462402
0.997605562 0.010921897 -0.068301082 -79.595741272 -0.011008827 0.999938667 -0.000896673 0.563576102 0.068286397 0.001646424 0.997664273 43.418991089
0.997666359 0.010823268 -0.067422010 -79.660461426 -0.010776062 0.999941051 0.001063636 0.550076842 0.067428842 -0.000334626 0.997723877 44.281017303
0.997777641 0.013839439 -0.065187499 -79.727485657 -0.013801405 0.999903917 0.001033554 0.538671792 0.065194838 -0.000131597 0.997872353 45.141723633
0.997909904 0.013844951 -0.063129134 -79.788177490 -0.013893552 0.999903142 -0.000331179 0.527551889 0.063117743 0.001207557 0.998005152 46.009689331
0.998045504 0.011250247 -0.061479222 -79.842063904 -0.011429738 0.999931097 -0.002568820 0.513318598 0.061445389 0.003266473 0.998104930 46.881977081
0.998187661 0.007319837 -0.059740283 -79.891273499 -0.007587932 0.999962032 -0.004262244 0.498543322 0.059706122 0.004707806 0.998204589 47.757907867
0.998310208 0.005791782 -0.057829212 -79.942939758 -0.006068437 0.999970794 -0.004609705 0.485070467 0.057800133 0.004952830 0.998315573 48.640930176
0.998370409 0.002985731 -0.056996431 -79.990989685 -0.003110733 0.999992847 -0.002104725 0.468604177 0.056989048 0.002278582 0.998371840 49.529357910
0.998430252 0.000108291 -0.056017730 -80.042274475 -0.000086546 0.999999821 0.000390462 0.451587349 0.056017075 -0.000385011 0.998429418 50.407379150
0.998481452 -0.000394904 -0.055096313 -80.092102051 0.000426273 0.999999702 0.000557468 0.435701758 0.055095386 -0.000580117 0.998480618 51.283615112
0.998543203 0.001077523 -0.053955466 -80.146522522 -0.001216986 0.999995828 -0.002552141 0.415709257 0.053951792 0.002614074 0.998539805 52.156051636
0.998569071 0.003593207 -0.053365678 -80.197341919 -0.004048832 0.999956131 -0.008432321 0.399359852 0.053332344 0.008636305 0.998539150 53.031200409
0.998620391 0.005341344 -0.052247874 -80.251258850 -0.006071493 0.999885857 -0.013826211 0.376406550 0.052167367 0.014124334 0.998538077 53.902275085
0.998630583 0.009746030 -0.051410124 -80.307357788 -0.010765866 0.999749839 -0.019598063 0.349954963 0.051205575 0.020124670 0.998485029 54.762500763
0.998690546 0.009138975 -0.050342914 -80.355285645 -0.010182338 0.999737620 -0.020508051 0.322088838 0.050141588 0.020993769 0.998521149 55.625953674
0.998721957 0.005800521 -0.050215341 -80.397232056 -0.006546122 0.999870241 -0.014696595 0.298691630 0.050122906 0.015006497 0.998629868 56.490203857
0.998697519 0.005018056 -0.050783429 -80.444595337 -0.005315538 0.999969244 -0.005724696 0.272021741 0.050752461 0.005987153 0.998692930 57.355083466
0.998664498 0.003706400 -0.051539652 -80.501220703 -0.003611320 0.999991357 0.001937605 0.249337465 0.051545706 -0.001748914 0.998668730 58.215633392
0.998570919 0.001441290 -0.053430088 -80.554016113 -0.001454225 0.999998629 -0.000203371 0.232159674 0.053429045 0.000280757 0.998571217 59.059089661
0.998478115 -0.003521750 -0.055044569 -80.599807739 0.003337815 0.999988258 -0.003433234 0.212653339 0.055055339 0.003244261 0.998477638 59.895702362
0.998338103 -0.005046824 -0.057414427 -80.652259827 0.004763621 0.999975562 -0.005068460 0.194451660 0.057437930 0.004786518 0.998337150 60.736125946
0.998199046 -0.002890286 -0.059927490 -80.710380554 0.002452271 0.999969482 -0.007381424 0.171465218 0.059946321 0.007221148 0.998175085 61.567672729
0.998018861 -0.001508923 -0.062903598 -80.774887085 0.000828299 0.999940574 -0.010844890 0.150052905 0.062915541 0.010771275 0.997960329 62.396831512
0.997753799 -0.000939706 -0.066988155 -80.834487915 -0.000013773 0.999898434 -0.014231749 0.126097620 0.066994041 0.014200674 0.997651875 63.224105835
0.997545421 0.000841402 -0.070023701 -80.899986267 -0.002121728 0.999831617 -0.018211948 0.099466681 0.069995902 0.018315785 0.997378767 64.041412354
0.997323990 0.005413388 -0.072913066 -80.974578857 -0.006771018 0.999807835 -0.018385736 0.071511865 0.072798841 0.018830203 0.997168660 64.853080750
0.997034729 0.008870919 -0.076444559 -81.047973633 -0.010181622 0.999807239 -0.016773354 0.047890306 0.076280341 0.017501911 0.996932566 65.662345886
0.996703207 0.011613856 -0.080302261 -81.122093201 -0.012521314 0.999862909 -0.010806404 0.020594835 0.080165073 0.011776234 0.996711791 66.461410522
0.996360123 0.012331436 -0.084351510 -81.198028564 -0.012831288 0.999902844 -0.005386410 -0.003278494 0.084276229 0.006449114 0.996421337 67.270271301
0.995951653 0.011147771 -0.089201286 -81.278205872 -0.011356034 0.999933541 -0.001827734 -0.022819340 0.089174323 0.002833279 0.996011794 68.061134338
0.995368779 0.010406832 -0.095568761 -81.360733032 -0.010546708 0.999943614 -0.000958724 -0.038404673 0.095552713 0.001962194 0.995422184 68.854217529
0.994797885 0.008008901 -0.101556703 -81.442886353 -0.007777009 0.999965906 0.002678981 -0.053066701 0.101574004 -0.001875265 0.994826019 69.644958496
0.994114459 0.008478554 -0.108005598 -81.533279419 -0.008287877 0.999962866 0.002214080 -0.068150073 0.108019680 -0.001305938 0.994147718 70.429336548
0.993395448 0.012948464 -0.114011511 -81.634635925 -0.012878290 0.999915957 0.001351913 -0.082731806 0.114018753 0.000125257 0.993478477 71.213912964
0.992695212 0.014709535 -0.119751759 -81.742492676 -0.015126719 0.999881923 -0.002575591 -0.094334766 0.119699061 0.004368200 0.992800355 71.994506836
0.991979957 0.013195246 -0.125707075 -81.845787048 -0.014002033 0.999886215 -0.005536645 -0.108082563 0.125619009 0.007252367 0.992051840 72.768371582
0.991298914 0.014246098 -0.130859226 -81.958824158 -0.015280099 0.999859095 -0.006901007 -0.125120878 0.130741775 0.008840474 0.991376877 73.543327332
0.990663230 0.015827550 -0.135411710 -82.076751709 -0.016244974 0.999865770 -0.001978286 -0.137149647 0.135361493 0.004159546 0.990787327 74.317077637
0.989817858 0.016339697 -0.141400665 -82.196403503 -0.016214615 0.999866128 0.002036667 -0.150890738 0.141414300 0.000276799 0.989950299 75.086524963
0.988945782 0.015536455 -0.147463188 -82.317863464 -0.015081381 0.999877036 0.004203550 -0.170399666 0.147509679 -0.001933161 0.989058495 75.849945068
0.987936974 0.013036055 -0.154308110 -82.442497253 -0.013176682 0.999912798 0.000111308 -0.182104170 0.154295400 0.001923278 0.988022745 76.604835510
0.986647904 0.011267447 -0.162479535 -82.573860168 -0.012609897 0.999893963 -0.007233428 -0.192499846 0.162380114 0.009185671 0.986685336 77.355209351
0.985173821 0.008664006 -0.171342075 -82.712577820 -0.010398697 0.999902964 -0.009229282 -0.208523989 0.171244785 0.010874158 0.985168397 78.102302551
0.983285189 0.008450453 -0.181877285 -82.861206055 -0.009806840 0.999930084 -0.006559740 -0.226795018 0.181808427 0.008233713 0.983299375 78.853599548
0.981164634 0.008324957 -0.192995161 -83.019119263 -0.008623831 0.999962270 -0.000708640 -0.238301247 0.192981288 0.002359627 0.981199503 79.599746704
0.978772342 0.010053237 -0.204705238 -83.187194824 -0.008834817 0.999937296 0.006865095 -0.251108706 0.204760760 -0.004910854 0.978799760 80.345069885
0.976358056 0.010716722 -0.215894699 -83.360992432 -0.008732685 0.999910295 0.010141615 -0.262772620 0.215983316 -0.008016529 0.976364136 81.078399658
0.973769724 0.014335289 -0.227084577 -83.546051025 -0.013452111 0.999894619 0.005436326 -0.275225759 0.227137893 -0.002238988 0.973860085 81.794380188
0.970954061 0.014056405 -0.238853917 -83.737297058 -0.015419333 0.999873638 -0.003838517 -0.286356479 0.238769114 0.007409966 0.971048117 82.504295349
0.967874527 0.011719395 -0.251161128 -83.933601379 -0.014443230 0.999855101 -0.009004394 -0.292528391 0.251018524 0.012342677 0.967903674 83.217803955
0.964684010 0.010313999 -0.263208807 -84.139068604 -0.011877122 0.999919951 -0.004348305 -0.301225632 0.263142169 0.007320879 0.964729309 83.940658569
0.961564124 0.011408747 -0.274344206 -84.361175537 -0.011002860 0.999934793 0.003018238 -0.319006175 0.274360031 0.000116317 0.961627066 84.666946411
0.958116591 0.011536336 -0.286146760 -84.592575073 -0.009581261 0.999920130 0.008231568 -0.333854735 0.286218166 -0.005145180 0.958150744 85.393753052
0.954348683 0.009197688 -0.298553735 -84.828460693 -0.007732841 0.999951363 0.006087354 -0.342914104 0.298594475 -0.003500813 0.954373658 86.110351562
0.950751722 0.007359304 -0.309866488 -85.070480347 -0.007246979 0.999972463 0.001513592 -0.352860093 0.309868366 0.000806523 0.950779140 86.823181152
0.947809577 0.003035267 -0.318822503 -85.312927246 -0.005035810 0.999972463 -0.005450748 -0.366324455 0.318796337 0.006771781 0.947799146 87.529022217
0.945192039 -0.001273953 -0.326512843 -85.559844971 -0.002610692 0.999930918 -0.011458922 -0.378965139 0.326504081 0.011683289 0.945123613 88.237739563
0.942593575 -0.001699557 -0.333938062 -85.817260742 -0.003006673 0.999903321 -0.013575803 -0.394834757 0.333928019 0.013800491 0.942497551 88.949859619
0.939816654 0.003313906 -0.341663301 -86.087783813 -0.008521520 0.999869227 -0.013742208 -0.416004181 0.341572285 0.015826624 0.939722300 89.655120850
0.936904192 0.002795526 -0.349575162 -86.360458374 -0.007351326 0.999904394 -0.011706335 -0.435427845 0.349508196 0.013537535 0.936835527 90.366523743
0.933870018 0.003112237 -0.357599229 -86.637405396 -0.005407126 0.999970615 -0.005417854 -0.447109103 0.357571095 0.006993135 0.933859706 91.082672119
0.931222320 0.004620567 -0.364422619 -86.921401978 -0.003967716 0.999988794 0.002540116 -0.459630847 0.364429504 -0.000919507 0.931230545 91.799888611
0.928769708 0.014284080 -0.370382220 -87.222732544 -0.011681689 0.999888718 0.009268478 -0.476766586 0.370472670 -0.004281620 0.928833485 92.513275146
0.926408291 0.021187276 -0.375924081 -87.532119751 -0.020320321 0.999773741 0.006271360 -0.487952709 0.375971109 0.001829023 0.926629543 93.212997437
0.924189508 0.017695708 -0.381524265 -87.828796387 -0.019805774 0.999802470 -0.001604325 -0.496096134 0.381419688 0.009039051 0.924357772 93.914230347
0.922203958 0.009865393 -0.386578679 -88.123596191 -0.014580699 0.999850571 -0.009267101 -0.506844103 0.386428893 0.014182720 0.922209859 94.621986389
0.920631707 0.010520581 -0.390291095 -88.434417725 -0.015638331 0.999828100 -0.009937133 -0.520813942 0.390118837 0.015251913 0.920637906 95.330650330
0.918687642 0.016442051 -0.394642979 -88.758300781 -0.019985382 0.999788165 -0.004869622 -0.537725508 0.394478709 0.012360724 0.918821692 96.042221069
0.916303277 0.018611923 -0.400052905 -89.078033447 -0.020642420 0.999786437 -0.000766838 -0.554477155 0.399952531 0.008960687 0.916491807 96.754768372
0.914179146 0.014899354 -0.405037105 -89.398941040 -0.017515328 0.999842525 -0.002753187 -0.574639797 0.404931724 0.009611236 0.914296150 97.465438843
0.912097096 0.013291962 -0.409759164 -89.723884583 -0.018667329 0.999783993 -0.009120805 -0.592619240 0.409548759 0.015968144 0.912148237 98.164749146
0.910033822 0.010747369 -0.414395154 -90.053268433 -0.019011177 0.999693871 -0.015822437 -0.609216213 0.414097637 0.022277066 0.909959555 98.862754822
