1.000000000 0.000000000 0.000000000 0.000000000 0.000000000 1.000000000 0.000000000 0.000000000 0.000000000 0.000000000 1.000000000 0.000000000
0.999996364 0.002692705 0.000267119 -0.005337803 -0.002693135 0.999995053 0.001622968 -0.016800007 -0.000262747 -0.001623682 0.999998629 0.787883162
0.999985576 0.005347184 0.000517642 -0.013265516 -0.005348214 0.999983668 0.002008306 -0.033449750 -0.000506895 -0.002011046 0.999997854 1.558410645
0.999978006 0.006579039 0.000876555 -0.017520949 -0.006580540 0.999976873 0.001721414 -0.049852591 -0.000865210 -0.001727145 0.999998152 2.318999529
0.999963284 0.008521100 0.000951728 -0.021953087 -0.008522436 0.999962687 0.001409003 -0.065298289 -0.000939686 -0.001417062 0.999998569 3.057060480
0.999962091 0.008621901 0.001247916 -0.024514476 -0.008623303 0.999962211 0.001121892 -0.079220489 -0.001238195 -0.001132611 0.999998629 3.778621912
0.999960959 0.008720210 0.001475231 -0.026323400 -0.008723355 0.999959707 0.002138799 -0.095481619 -0.001456520 -0.002151584 0.999996662 4.484717846
0.999952435 0.009529269 0.002106921 -0.029879346 -0.009539233 0.999943137 0.004770170 -0.106698878 -0.002061344 -0.004790042 0.999986470 5.165514946
0.999950886 0.009283066 0.003485238 -0.028229060 -0.009312992 0.999919057 0.008670833 -0.115406640 -0.003404463 -0.008702865 0.999956429 5.827773094
0.999952555 0.008526722 0.004717791 -0.023540135 -0.008583521 0.999889314 0.012152893 -0.124694951 -0.004613644 -0.012192812 0.999915123 6.467831612
0.999954343 0.007655286 0.005725882 -0.020712338 -0.007736833 0.999867022 0.014357801 -0.133988082 -0.005615206 -0.014401445 0.999880731 7.081416607
0.999943018 0.008144824 0.006912990 -0.019051872 -0.008242615 0.999864817 0.014237407 -0.143748522 -0.006796095 -0.014293577 0.999875009 7.665133476
0.999926746 0.009091989 0.007996501 -0.016878687 -0.009184019 0.999891281 0.011548076 -0.151385397 -0.007890636 -0.011620671 0.999901593 8.219786644
0.999918878 0.009103818 0.008921726 -0.012847550 -0.009181315 0.999920249 0.008684125 -0.156506374 -0.008841954 -0.008765332 0.999922752 8.748269081
0.999917626 0.007339803 0.010538178 -0.005041853 -0.007414986 0.999947309 0.007112901 -0.160953164 -0.010485414 -0.007190454 0.999919415 9.249226570
0.999917269 0.003503707 0.012385243 0.005728476 -0.003561460 0.999982953 0.004643954 -0.167691439 -0.012368759 -0.004687679 0.999912679 9.722128868
0.999897242 0.001699835 0.014239838 0.015339091 -0.001748227 0.999992728 0.003386457 -0.175180018 -0.014233979 -0.003411003 0.999893069 10.167706490
0.999848187 0.005921678 0.016391307 0.015730917 -0.005945494 0.999981463 0.001404553 -0.185841992 -0.016382685 -0.001501793 0.999864817 10.579200745
0.999757588 0.010258464 0.019485604 0.016423091 -0.010272383 0.999947131 0.000614312 -0.194653571 -0.019478275 -0.000814327 0.999810100 10.961488724
0.999678969 0.010789840 0.022931647 0.024396509 -0.010828827 0.999940217 0.001576497 -0.200742617 -0.022913262 -0.001824313 0.999736011 11.314745903
0.999640405 0.006569522 0.026004696 0.040840119 -0.006623200 0.999976277 0.001978428 -0.205823198 -0.025991078 -0.002149949 0.999660015 11.637082100
0.999593556 0.001778251 0.028456587 0.061345935 -0.001825379 0.999997199 0.001630109 -0.207580954 -0.028453603 -0.001681388 0.999593735 11.928669930
0.999520063 -0.001813821 0.030932125 0.074619144 0.001720865 0.999994040 0.003031415 -0.215153769 -0.030937437 -0.002976727 0.999516964 12.193340302
0.999432087 -0.002062502 0.033636387 0.082697213 0.001928482 0.999990225 0.004016273 -0.220125765 -0.033644341 -0.003949122 0.999426067 12.425934792
0.999359131 -0.001311275 0.035773776 0.089806944 0.001204534 0.999994874 0.003005079 -0.224277914 -0.035777532 -0.002960060 0.999355435 12.631507874
0.999277413 -0.000311979 0.038010877 0.096243322 0.000255305 0.999999046 0.001495730 -0.228123873 -0.038011301 -0.001484943 0.999276161 12.818818092
0.999173164 0.001837797 0.040618621 0.100108743 -0.001869079 0.999998152 0.000732094 -0.233776003 -0.040617198 -0.000807406 0.999174535 12.991265297
0.999099016 0.004639119 0.042188719 0.107362002 -0.004641991 0.999989390 -0.000029990 -0.239424706 -0.042188413 -0.000165875 0.999109685 13.159326553
0.999033153 0.005990910 0.043555833 0.112605304 -0.005934173 0.999981582 -0.001431895 -0.245566398 -0.043563604 0.001172044 0.999049962 13.324125290
0.998951435 0.005119791 0.045498215 0.122359812 -0.004976265 0.999982417 -0.003267353 -0.248756632 -0.045514144 0.003037517 0.998959124 13.476618767
0.998888671 0.003734869 0.046987008 0.133310914 -0.003514688 0.999982655 -0.004767853 -0.251342952 -0.047004003 0.004597411 0.998884022 13.622486115
0.998833239 0.003011140 0.048199970 0.142500281 -0.002730723 0.999979198 -0.005882672 -0.253764212 -0.048216674 0.005744188 0.998820245 13.761406898
0.998753428 0.003714564 0.049778607 0.148705840 -0.003357648 0.999968290 -0.007251882 -0.257028699 -0.049803957 0.007075703 0.998733878 13.894150734
0.998691261 0.004588348 0.050938040 0.158844233 -0.004110523 0.999946833 -0.009481432 -0.258864820 -0.050978828 0.009259640 0.998656690 14.025320053
0.998649955 0.004711255 0.051729921 0.167545915 -0.004109574 0.999922991 -0.011731513 -0.260741562 -0.051781196 0.011503086 0.998592138 14.159993172
0.998613775 0.003925248 0.052489050 0.175773978 -0.003187640 0.999895334 -0.014129020 -0.263266206 -0.052539006 0.013942115 0.998521507 14.285358429
0.998643637 0.003047243 0.051976617 0.183744192 -0.002214113 0.999868512 -0.016079070 -0.266443253 -0.052018773 0.015942179 0.998518825 14.411083221
0.998752356 0.002657228 0.049866538 0.190431476 -0.001794144 0.999848127 -0.017344754 -0.268739223 -0.049905051 0.017233644 0.998605251 14.541113853
0.998896420 0.002817138 0.046883881 0.193580389 -0.001956682 0.999829233 -0.018388800 -0.271194518 -0.046927676 0.018276762 0.998731077 14.669613838
0.999079883 0.003357168 0.042755358 0.195873886 -0.002517914 0.999803543 -0.019668059 -0.273469657 -0.042812977 0.019542305 0.998891950 14.802031517
0.999325097 0.003471643 0.036566466 0.212683737 -0.002709760 0.999778807 -0.020864634 -0.274924040 -0.036630787 0.020751463 0.999113560 14.955311775
0.999549210 0.003390818 0.029825427 0.211049274 -0.002742992 0.999760091 -0.021734823 -0.276056588 -0.029891955 0.021643214 0.999318957 15.085571289
0.999740422 0.003331715 0.022532018 0.209968716 -0.002825154 0.999743462 -0.022476582 -0.279339969 -0.022601103 0.022407092 0.999493599 15.216471672
0.999891877 0.003260101 0.014335303 0.205541581 -0.002922607 0.999719679 -0.023501301 -0.281225473 -0.014407877 0.023456860 0.999621212 15.351985931
0.999989152 0.002102797 0.004123151 0.199238941 -0.001999987 0.999690950 -0.024783235 -0.283777416 -0.004173968 0.024774723 0.999684513 15.491735458
0.999959350 0.000594435 -0.008980609 0.189277768 -0.000832041 0.999649167 -0.026476771 -0.287416577 0.008961752 0.026483169 0.999609292 15.637183189
0.999680281 -0.000024405 -0.025275890 0.170743763 -0.000691451 0.999598980 -0.028312482 -0.292906970 0.025266480 0.028320909 0.999279678 15.795090675
0.998998940 0.000351406 -0.044727169 0.146307111 -0.001661119 0.999570966 -0.029248416 -0.298373282 0.044697732 0.029293437 0.998571157 15.967640877
0.997771502 0.001180156 -0.066709511 0.113378644 -0.003107322 0.999580801 -0.028792523 -0.304889381 0.066647604 0.028935649 0.997357070 16.157226562
0.995880604 0.001766886 -0.090655357 0.078384042 -0.004258730 0.999618292 -0.027300902 -0.312317193 0.090572551 0.027574513 0.995508194 16.373367310
0.993054390 0.002866577 -0.117618367 0.025872231 -0.005970576 0.999643087 -0.026046539 -0.315262794 0.117501773 0.026567876 0.992717385 16.595886230
0.988993406 0.003984869 -0.147903085 -0.034601688 -0.007585612 0.999688387 -0.023789177 -0.326207995 0.147762254 0.024649275 0.988715827 16.828287125
0.983401835 0.003854158 -0.181398183 -0.098913908 -0.007628863 0.999768674 -0.020115798 -0.336342275 0.181278780 0.021165771 0.983204067 17.080022812
0.975884140 0.005055925 -0.218229339 -0.190672398 -0.008810074 0.999829590 -0.016233131 -0.341228962 0.218110174 0.017764270 0.975762606 17.336755753
0.966052830 0.006812558 -0.258253634 -0.288687229 -0.009907129 0.999894142 -0.010683192 -0.350298613 0.258153588 0.012879075 0.966018200 17.595497131
0.953976035 0.010824248 -0.299686641 -0.403429985 -0.013116818 0.999898314 -0.005639164 -0.360504657 0.299595237 0.009310553 0.954021215 17.857002258
0.939742327 0.014668741 -0.341567695 -0.551047802 -0.016075652 0.999870121 -0.001288572 -0.363547027 0.341504574 0.006701838 0.939856470 18.137029648
0.922917008 0.017179478 -0.384614766 -0.691112041 -0.016641827 0.999850512 0.004726512 -0.377375573 0.384638608 0.002038503 0.923065186 18.406534195
0.903665543 0.020684632 -0.427738398 -0.878314972 -0.017098013 0.999779224 0.012225190 -0.377920717 0.427897006 -0.003734021 0.903820038 18.700275421
0.881793261 0.025091128 -0.470967531 -1.056769371 -0.018270764 0.999651670 0.019048778 -0.387018144 0.471281648 -0.008192157 0.881944954 18.964740753
0.856975913 0.030337205 -0.514462292 -1.278058052 -0.021175213 0.999495566 0.023666004 -0.387259662 0.514921069 -0.009387352 0.857186377 19.246219635
0.829205453 0.033573035 -0.557934344 -1.504213333 -0.022211550 0.999385178 0.027125888 -0.389991820 0.558502316 -0.010100354 0.829441667 19.505203247
0.798387170 0.037381899 -0.600982547 -1.762913704 -0.025041997 0.999268830 0.028888311 -0.384360641 0.601623356 -0.008014259 0.798740029 19.776920319
0.764968157 0.039924182 -0.642829061 -2.038514137 -0.025490355 0.999171615 0.031721972 -0.379332662 0.643563390 -0.007880364 0.765352488 20.030700684
0.728043318 0.043982841 -0.684118330 -2.344963074 -0.026909608 0.999004126 0.035589874 -0.366041899 0.685002685 -0.007501621 0.728502095 20.296957016
0.689464450 0.045208711 -0.722906888 -2.671508789 -0.024955690 0.998940408 0.038669921 -0.354320884 0.723889470 -0.008620901 0.689862490 20.550460815
0.648596644 0.045352489 -0.759779572 -3.031214714 -0.022664571 0.998931408 0.040279925 -0.341824234 0.760794878 -0.008905351 0.648931623 20.809024811
0.606281400 0.044195995 -0.794020891 -3.412594795 -0.017403372 0.998952806 0.042314228 -0.329342961 0.795059800 -0.011835689 0.606415868 21.051916122
0.561488211 0.044383891 -0.826293230 -3.821199417 -0.012964110 0.998909831 0.044846445 -0.313004375 0.827383280 -0.014468597 0.561451674 21.293750763
0.514866590 0.045805335 -0.856045365 -4.258397102 -0.011125836 0.998844504 0.046754640 -0.293043137 0.857198179 -0.014548186 0.514781535 21.513854980
0.464821726 0.045435183 -0.884237409 -4.720179558 -0.009848200 0.998886168 0.046149272 -0.270693600 0.885349274 -0.012743045 0.464751810 21.718273163
0.412241369 0.044305488 -0.909996390 -5.207510948 -0.004587072 0.998905241 0.046556231 -0.249568880 0.911062896 -0.015018195 0.411993772 21.906242371
0.358367532 0.043489389 -0.932566762 -5.718584061 0.000836547 0.998899162 0.046904206 -0.229304016 0.933580041 -0.017589087 0.357937098 22.073810577
0.303974241 0.042432107 -0.951734424 -6.255015373 0.003517885 0.998951018 0.045660775 -0.203086495 0.952673554 -0.017227799 0.303506494 22.216081619
0.250436127 0.048229795 -0.966930568 -6.824195385 0.004524190 0.998689234 0.050985657 -0.173513174 0.968122482 -0.017143235 0.249890119 22.330825806
0.198749289 0.053274300 -0.978600860 -7.416952133 0.007542334 0.998409033 0.055884436 -0.146506310 0.980021238 -0.018487940 0.198031709 22.423181534
0.150180876 0.054587021 -0.987150013 -8.024793625 0.013413696 0.998270392 0.057242647 -0.120673358 0.988567531 -0.021838091 0.149189264 22.495304108
0.105782062 0.056041613 -0.992808461 -8.652580261 0.016220197 0.998180687 0.058073089 -0.098572612 0.994256973 -0.022246653 0.104681015 22.539028168
0.065348029 0.054291502 -0.996384025 -9.298554420 0.016250838 0.998328686 0.055463254 -0.069339454 0.997730196 -0.019816503 0.064356893 22.555915833
0.029665828 0.049889352 -0.998313665 -9.964733124 0.013882036 0.998636842 0.050318010 -0.031574667 0.999463439 -0.015351362 0.028933197 22.551610947
0.001022527 0.049843650 -0.998755872 -10.652049065 0.011759212 0.998687565 0.049852241 0.004348338 0.999930501 -0.011795570 0.000435322 22.530679703
-0.019953558 0.053925943 -0.998344898 -11.363631248 0.010580797 0.998499990 0.053722810 0.037354648 0.999745011 -0.009491337 -0.020493960 22.499347687
-0.032812297 0.059840102 -0.997667909 -12.098045349 0.012113766 0.998156786 0.059470974 0.071758270 0.999388278 -0.010134151 -0.033476464 22.465770721
-0.040706974 0.062412780 -0.997219265 -12.850763321 0.011824096 0.998007596 0.061979406 0.106998920 0.999101281 -0.009268236 -0.041363608 22.426902771
-0.044520970 0.059679762 -0.997223675 -13.621160507 0.013085352 0.998163342 0.059151776 0.142620206 0.998922944 -0.010415540 -0.045219906 22.388534546
-0.043759454 0.055756301 -0.997484446 -14.409371376 0.020668790 0.998278558 0.054893907 0.182983458 0.998828411 -0.018214686 -0.044836301 22.359907150
-0.039546013 0.053978361 -0.997758150 -15.220583916 0.032471746 0.998082042 0.052708834 0.229596257 0.998690188 -0.030314548 -0.041222703 22.345567703
-0.034008931 0.054073785 -0.997957051 -16.053251266 0.032928810 0.998054028 0.052956827 0.268781602 0.998879075 -0.031060560 -0.035723094 22.321254730
-0.028783295 0.052723043 -0.998193622 -16.900182724 0.031181460 0.998169601 0.051822603 0.299371600 0.999099433 -0.029633533 -0.030374356 22.291126251
-0.025861310 0.046354875 -0.998589575 -17.766912460 0.034959495 0.998355448 0.045438584 0.336504102 0.999054313 -0.033735111 -0.027439086 22.277069092
-0.023849450 0.035597768 -0.999081075 -18.643508911 0.032913391 0.998852253 0.034803886 0.368302226 0.999173999 -0.032053120 -0.024993487 22.253843307
-0.023256315 0.027301196 -0.999356329 -19.547372818 0.025450720 0.999319494 0.026707880 0.393102944 0.999405921 -0.024813220 -0.023935093 22.219276428
-0.024879403 0.024370130 -0.999392927 -20.481702805 0.020015160 0.999514818 0.023874789 0.419424683 0.999490440 -0.019409029 -0.025354872 22.186426163
-0.028310306 0.030498698 -0.999133289 -21.442087173 0.010899646 0.999484718 0.030200537 0.439267635 0.999540091 -0.010035220 -0.028627910 22.139608383
-0.033112656 0.038514327 -0.998708844 -22.423076630 0.006081607 0.999246776 0.038333390 0.465062410 0.999433577 -0.004804437 -0.033321720 22.091508865
-0.037677608 0.047993787 -0.998136282 -23.419584274 0.004655300 0.998843789 0.047852028 0.501160979 0.999279499 -0.002843678 -0.037857253 22.046243668
-0.039307363 0.057814188 -0.997552812 -24.437887192 0.003505561 0.998326719 0.057720877 0.544729233 0.999221504 -0.001228130 -0.039444052 21.999414444
-0.040344954 0.065515243 -0.997035205 -25.465560913 0.005448385 0.997847736 0.065348133 0.590772390 0.999171317 -0.002795775 -0.040614866 21.954973221
-0.041860543 0.066338576 -0.996918201 -26.494001389 0.006531447 0.997790277 0.066122323 0.643871188 0.999102473 -0.003743415 -0.042201117 21.909923553
-0.043602951 0.063648909 -0.997018874 -27.520038605 0.005528800 0.997968733 0.063467711 0.695629656 0.999034047 -0.002744944 -0.043866076 21.859556198
-0.046434946 0.058795594 -0.997188926 -28.551345825 0.005493829 0.998266220 0.058603276 0.743602633 0.998906553 -0.002757152 -0.046677265 21.805850983
-0.050944090 0.053742249 -0.997253776 -29.584260941 0.005528463 0.998550892 0.053529713 0.786020339 0.998686492 -0.002786265 -0.051167194 21.744762421
-0.056630526 0.049195480 -0.997181833 -30.624414444 0.005694021 0.998784900 0.048951194 0.825934410 0.998379290 -0.002905848 -0.056841649 21.678630829
-0.063395143 0.047344886 -0.996864200 -31.672111511 0.004727562 0.998877108 0.047139820 0.864941061 0.997977614 -0.001724306 -0.063547611 21.603303909
-0.069910534 0.049766794 -0.996310413 -32.733833313 0.004922909 0.998759747 0.049543682 0.904880702 0.997541368 -0.001441124 -0.070068665 21.521816254
-0.076311424 0.054634292 -0.995585442 -33.803516388 0.003488911 0.998506129 0.054527126 0.944479823 0.997078240 0.000687531 -0.076387890 21.431652069
-0.082441166 0.057481334 -0.994936228 -34.876266479 0.000661559 0.998338103 0.057623036 0.988593102 0.996595979 0.004092301 -0.082342044 21.332239151
-0.087138772 0.059677955 -0.994406402 -35.949218750 -0.002498499 0.998187780 0.060123809 1.036470890 0.996193290 0.007723641 -0.086831607 21.226787567
-0.089755937 0.060882110 -0.994100571 -37.026824951 -0.007013330 0.998066425 0.061758194 1.085326672 0.995939374 0.012515130 -0.089155272 21.115703583
-0.091357097 0.062111236 -0.993878663 -38.103946686 -0.011007449 0.997928917 0.063376136 1.135215282 0.995757639 0.016729940 -0.090484083 21.003536224
-0.092850089 0.061584234 -0.993773043 -39.186485291 -0.012476637 0.997934937 0.063007832 1.185988307 0.995602071 0.018249238 -0.091889873 20.892717361
-0.094252266 0.060739528 -0.993693054 -40.272041321 -0.012874605 0.997979224 0.062222648 1.237762928 0.995465159 0.018658048 -0.093279697 20.783603668
-0.095239885 0.059981447 -0.993644953 -41.359184265 -0.014151936 0.998000443 0.061600789 1.288641214 0.995353818 0.019928871 -0.094200499 20.670877457
-0.096198298 0.059098579 -0.993605673 -42.450786591 -0.016455438 0.998004794 0.060953394 1.338175416 0.995226204 0.022213841 -0.095033772 20.555747986
-0.096973136 0.056594189 -0.993676126 -43.547832489 -0.020999791 0.998043358 0.058892280 1.387115955 0.995065391 0.026577981 -0.095594831 20.435928345
-0.097287782 0.051702201 -0.993911862 -44.645687103 -0.026293756 0.998167515 0.054497287 1.432907343 0.994908929 0.031435620 -0.095749959 20.314727783
-0.096420571 0.051013831 -0.994031906 -45.752353668 -0.027832683 0.998156905 0.053925253 1.481490374 0.994951487 0.032866105 -0.094822891 20.197797775
-0.094675578 0.055214792 -0.993975103 -46.866699219 -0.028676542 0.997895002 0.058163930 1.528180361 0.995095074 0.034010503 -0.092892818 20.082382202
-0.092795692 0.058309540 -0.993975639 -47.988670349 -0.028782129 0.997709334 0.061215580 1.577158809 0.995269120 0.034289304 -0.090904757 19.970226288
-0.091213867 0.057851315 -0.994148850 -49.105735779 -0.026874723 0.997804523 0.060529783 1.631898880 0.995468616 0.032238659 -0.089458756 19.864021301
-0.088677399 0.056992654 -0.994427860 -50.227241516 -0.026606767 0.997869849 0.059562523 1.683286190 0.995704889 0.031740390 -0.086971998 19.760194778
-0.084569179 0.057494942 -0.994756818 -51.351428986 -0.030951610 0.997700393 0.060296390 1.733947873 0.995936692 0.035888568 -0.082595043 19.653102875
-0.078899011 0.058337953 -0.995173454 -52.483390808 -0.035991527 0.997468591 0.061325919 1.785565495 0.996232629 0.040656406 -0.076599494 19.549512863
-0.073008224 0.057908200 -0.995648026 -53.617233276 -0.039743584 0.997350991 0.060921490 1.838041544 0.996539056 0.044018421 -0.070513219 19.454341888
-0.067178696 0.057049427 -0.996107876 -54.752159119 -0.041221969 0.997352839 0.059900731 1.890927792 0.996888995 0.045085620 -0.064649038 19.369146347
-0.061418973 0.056309894 -0.996521711 -55.888305664 -0.040742233 0.997433782 0.058872461 1.940764070 0.997280121 0.044216443 -0.058967024 19.293491364
-0.056044549 0.056062076 -0.996852338 -57.022644043 -0.038876638 0.997542620 0.058286548 1.989068151 0.997671068 0.042020947 -0.053727176 19.227508545
-0.050612837 0.056728058 -0.997105181 -58.167324066 -0.037968218 0.997554362 0.058680825 2.038854599 0.997996271 0.040828347 -0.048335060 19.166034698
-0.044881262 0.058371406 -0.997284830 -59.318885803 -0.036919240 0.997512519 0.060046185 2.088662148 0.998309791 0.039513987 -0.042614453 19.110813141
-0.039423522 0.059665281 -0.997438848 -60.474517822 -0.037648894 0.997418106 0.061152052 2.140862703 0.998512983 0.039963346 -0.037075244 19.059631348
-0.034120962 0.058890030 -0.997680187 -61.633541107 -0.037199039 0.997495711 0.060151301 2.191555977 0.998725116 0.039165225 -0.031844690 19.015769958
-0.029247031 0.054344084 -0.998092890 -62.786880493 -0.037390806 0.997762442 0.055421695 2.241995096 0.998872638 0.038940474 -0.027149443 18.977523804
-0.024891954 0.048959531 -0.998489559 -63.942977905 -0.037190132 0.998063087 0.049865693 2.288109303 0.998998165 0.038375266 -0.023022749 18.944038391
-0.021185275 0.048333399 -0.998605609 -65.110214233 -0.037073180 0.998105586 0.049095631 2.332841873 0.999087989 0.038061649 -0.019353086 18.914531708
-0.017794117 0.050725028 -0.998553097 -66.281654358 -0.036333200 0.998019576 0.051345315 2.372898102 0.999181390 0.037194319 -0.015915688 18.886716843
-0.015473200 0.050189264 -0.998618901 -67.452919006 -0.036611654 0.998040974 0.050727449 2.417792797 0.999209821 0.037346058 -0.013605189 18.859075546
-0.014309259 0.049875665 -0.998651981 -68.630088806 -0.038450159 0.997988760 0.050393414 2.462893963 0.999158084 0.039119471 -0.012362555 18.831405640
-0.013246879 0.050726060 -0.998623848 -69.811088562 -0.039615251 0.997901380 0.051214810 2.505754232 0.999127209 0.040239222 -0.011209361 18.806182861
-0.011970110 0.050387684 -0.998656988 -70.993240356 -0.040283296 0.997894287 0.050831981 2.546792030 0.999116600 0.040837716 -0.009914918 18.782760620
-0.010710655 0.048342094 -0.998772502 -72.177688599 -0.040661987 0.997983217 0.048739888 2.587726831 0.999115467 0.041134164 -0.008723175 18.762712479
-0.009904840 0.047049027 -0.998842418 -73.364715576 -0.039023925 0.998112977 0.047401588 2.628770113 0.999189019 0.039448299 -0.008049915 18.745655060
-0.009512207 0.046921320 -0.998852253 -74.553382874 -0.035692863 0.998245656 0.047232684 2.667486668 0.999317348 0.036101226 -0.007820567 18.733688354
-0.009192373 0.047584642 -0.998823941 -75.743255615 -0.033501264 0.998291314 0.047867540 2.706006765 0.999396205 0.033901908 -0.007582326 18.719493866
-0.009039037 0.050257463 -0.998694360 -76.932785034 -0.033250120 0.998168588 0.050531887 2.745796680 0.999405980 0.033663500 -0.007351219 18.703498840
-0.008775198 0.053821154 -0.998511016 -78.124832153 -0.035443991 0.997905910 0.054099977 2.786612034 0.999332964 0.035865985 -0.006848990 18.685815811
-0.008115198 0.053796463 -0.998517990 -79.315124512 -0.037552867 0.997830689 0.054064583 2.829612970 0.999261439 0.037935987 -0.006077185 18.666345596
-0.007919989 0.051741939 -0.998628080 -80.498352051 -0.038639840 0.997898400 0.052010521 2.872097254 0.999221563 0.038998783 -0.005903848 18.650575638
-0.007779172 0.049286935 -0.998753369 -81.684463501 -0.038473997 0.998029888 0.049550850 2.913734436 0.999229074 0.038811531 -0.005867384 18.636526108
-0.007845905 0.048440374 -0.998794258 -82.869720459 -0.036282089 0.998154104 0.048694283 2.954718828 0.999310553 0.036620419 -0.006073709 18.626176834
-0.007801306 0.049857929 -0.998724937 -84.052673340 -0.035016965 0.998129606 0.050101690 2.993876696 0.999356031 0.035363201 -0.006040647 18.615234375
-0.007476531 0.052547183 -0.998589575 -85.227920532 -0.034310754 0.998016179 0.052773852 3.032900333 0.999382913 0.034656927 -0.005658575 18.602966309
-0.006916256 0.054759789 -0.998474717 -86.412139893 -0.034656722 0.997885823 0.054967508 3.075812101 0.999374986 0.034984030 -0.005003647 18.589828491
-0.006845288 0.054926097 -0.998466015 -87.591369629 -0.035885394 0.997833014 0.055137239 3.118935108 0.999332249 0.036207780 -0.004859217 18.578290939
-0.006511049 0.052712373 -0.998587608 -88.767692566 -0.035156380 0.997979581 0.052909456 3.162728786 0.999360323 0.035451230 -0.004644525 18.567388535
-0.006293183 0.051253419 -0.998665035 -89.941612244 -0.033522647 0.998112857 0.051436279 3.205917120 0.999417782 0.033801597 -0.004562962 18.558513641
-0.006251093 0.052173432 -0.998617649 -91.116523743 -0.031846713 0.998120427 0.052346762 3.247231245 0.999472857 0.032129917 -0.004577599 18.550210953
-0.006127192 0.055006772 -0.998466253 -92.293251038 -0.029509334 0.998040497 0.055164348 3.289719105 0.999545395 0.029802077 -0.004491778 18.542907715
-0.006065689 0.057395536 -0.998332202 -93.463958740 -0.028222570 0.997943282 0.057544600 3.334831238 0.999582887 0.028524552 -0.004433171 18.535112381
-0.005633442 0.059108600 -0.998234868 -94.633674622 -0.028712546 0.997829556 0.059246603 3.381743193 0.999571502 0.028995624 -0.003923865 18.522697449
-0.005355917 0.060976248 -0.998123944 -95.805397034 -0.031094028 0.997645617 0.061113834 3.430367231 0.999501765 0.031363022 -0.003447116 18.508749008
-0.005221919 0.060223695 -0.998170257 -96.976585388 -0.033164419 0.997624516 0.060364224 3.477397680 0.999435663 0.033418968 -0.003212037 18.496900558
-0.005211277 0.056291234 -0.998399734 -98.139968872 -0.035578087 0.997770965 0.056441445 3.523813486 0.999352694 0.035815299 -0.003196732 18.483133316
-0.004986900 0.054424874 -0.998504400 -99.304473877 -0.036788486 0.997830987 0.054571867 3.571121454 0.999310017 0.037005622 -0.002973680 18.471349716
-0.005082885 0.052608188 -0.998601258 -100.461326599 -0.036731560 0.997930586 0.052759778 3.615614891 0.999311686 0.036948368 -0.003139791 18.462715149
-0.004959179 0.052803300 -0.998591602 -101.624534607 -0.035143174 0.997978032 0.052945334 3.662553549 0.999369442 0.035356261 -0.003093282 18.455307007
-0.005137952 0.054717798 -0.998487592 -102.788398743 -0.034955688 0.997880876 0.054864381 3.709583044 0.999375105 0.035184726 -0.003214172 18.447149277
-0.005129896 0.056709051 -0.998376548 -103.955963135 -0.033618528 0.997815669 0.056849889 3.755444288 0.999420941 0.033855591 -0.003212021 18.439603806
-0.005742744 0.055670582 -0.998431683 -105.128021240 -0.037211265 0.997744858 0.055846263 3.804686546 0.999290347 0.037473630 -0.003658028 18.424455643
-0.006094357 0.056839682 -0.998363733 -106.304634094 -0.041220158 0.997519493 0.057043195 3.853894234 0.999130845 0.041500378 -0.003736107 18.406726837
-0.006347090 0.056100771 -0.998404026 -107.482566833 -0.044489406 0.997419655 0.056328248 3.901956081 0.998989105 0.044775948 -0.003834630 18.389999390
-0.006702733 0.052247904 -0.998610854 -108.668739319 -0.045389183 0.997587681 0.052499004 3.949351549 0.998946249 0.045678027 -0.004314885 18.376186371
-0.007469839 0.048301447 -0.998804092 -109.854614258 -0.045434162 0.997783601 0.048591860 3.995014668 0.998938739 0.045742813 -0.005258560 18.361848831
-0.008783403 0.047328562 -0.998839974 -111.039756775 -0.042130236 0.997973680 0.047657963 4.031205177 0.999072790 0.042499971 -0.006771456 18.357694626
-0.009279484 0.046436839 -0.998877406 -112.254386902 -0.037702873 0.998193383 0.046755269 4.077096939 0.999245167 0.038094409 -0.007511731 18.348398209
-0.009766120 0.048226781 -0.998787880 -113.473266602 -0.036888331 0.998137832 0.048556060 4.120145798 0.999270976 0.037317824 -0.007968742 18.331445694
-0.010458576 0.052124090 -0.998585045 -114.707237244 -0.036188297 0.997965395 0.052470721 4.166408062 0.999289632 0.036685858 -0.008550830 18.311458588
-0.010859571 0.052012164 -0.998586655 -115.947067261 -0.034773596 0.998021483 0.052360851 4.217997551 0.999335468 0.035293069 -0.009029252 18.291942596
-0.011364063 0.047535956 -0.998804152 -117.181617737 -0.034884270 0.998241365 0.047906030 4.266723156 0.999325991 0.035386965 -0.009685637 18.271720886
-0.012212031 0.043658227 -0.998971105 -118.428321838 -0.035138577 0.998409390 0.044063203 4.313403130 0.999307096 0.035640523 -0.010658339 18.251054764
-0.013076478 0.042070527 -0.999028325 -119.682159424 -0.034447156 0.998501360 0.042499181 4.354938984 0.999320209 0.034969423 -0.011607492 18.229026794
-0.013556904 0.043190546 -0.998974144 -120.946678162 -0.036523756 0.998377502 0.043660354 4.395724297 0.999239922 0.037078187 -0.011957251 18.201160431
-0.014028714 0.047835238 -0.998755932 -122.212104797 -0.041206270 0.997977734 0.048376702 4.437285423 0.999051273 0.041833676 -0.012029055 18.171127319
-0.014247585 0.050984308 -0.998597085 -123.486419678 -0.046589367 0.997579515 0.051597022 4.481470108 0.998811603 0.047259148 -0.011837598 18.138488770
-0.014352855 0.050809316 -0.998604536 -124.754211426 -0.053919785 0.997214496 0.051513523 4.528768063 0.998441219 0.054583915 -0.011573070 18.102672577
-0.014203753 0.048791517 -0.998707175 -126.021606445 -0.056966621 0.997145891 0.049525365 4.573345184 0.998274148 0.057596438 -0.011383547 18.071859360
-0.014702152 0.047507960 -0.998761833 -127.292404175 -0.059090715 0.997082472 0.048297852 4.616346836 0.998143435 0.059727654 -0.011851801 18.042917252
-0.015359361 0.046898860 -0.998780727 -128.561859131 -0.059081603 0.997110426 0.047728922 4.654928684 0.998134077 0.059742674 -0.012543941 18.017435074
-0.016060529 0.046018377 -0.998810649 -129.822570801 -0.056682628 0.997290969 0.046859726 4.689778328 0.998262107 0.057367824 -0.013408399 17.997411728
-0.016594229 0.046581861 -0.998775840 -131.082443237 -0.056603421 0.997267425 0.047451887 4.728393078 0.998257935 0.057321578 -0.013912016 17.972030640
-0.017208293 0.051613033 -0.998518109 -132.352569580 -0.056431897 0.997023761 0.052508250 4.771162033 0.998257279 0.057251867 -0.014244278 17.943355560
-0.017669531 0.055674583 -0.998291790 -133.627197266 -0.055222020 0.996869147 0.056572568 4.817079067 0.998316944 0.056127325 -0.014539567 17.914014816
-0.017513132 0.054208770 -0.998375237 -134.895217896 -0.055885784 0.996914089 0.055109676 4.869050503 0.998282731 0.056760147 -0.014429410 17.881155014
-0.016660025 0.052737270 -0.998468578 -136.157531738 -0.055755045 0.997004211 0.053590138 4.918814182 0.998304725 0.056562513 -0.013669571 17.852127075
-0.015456299 0.052086703 -0.998522043 -137.418350220 -0.054849446 0.997093439 0.052861106 4.963447094 0.998374224 0.055585451 -0.012554267 17.825624466
-0.014416595 0.051393703 -0.998573542 -138.674255371 -0.055165835 0.997115254 0.052115001 5.007364273 0.998372376 0.055838492 -0.011539649 17.798549652
-0.013568187 0.053438041 -0.998478174 -139.935226440 -0.055159677 0.997009397 0.054108903 5.052602768 0.998384595 0.055809926 -0.010579803 17.774927139
-0.012631405 0.057121340 -0.998286486 -141.193008423 -0.056136500 0.996750951 0.057743687 5.098741531 0.998342454 0.056769729 -0.009383587 17.751781464
-0.011218229 0.058075853 -0.998248279 -142.445693970 -0.057531364 0.996619821 0.058627550 5.148061752 0.998279989 0.058088321 -0.007838940 17.729232788
-0.010391865 0.055327807 -0.998413384 -143.696594238 -0.059772592 0.996647358 0.055851981 5.198918343 0.998157144 0.060258191 -0.007049753 17.706069946
-0.010199203 0.052189671 -0.998584330 -144.942108154 -0.058449388 0.996897578 0.052698407 5.246626854 0.998237550 0.058904152 -0.007116918 17.688411713
-0.010132615 0.050607279 -0.998666584 -146.193359375 -0.055575438 0.997145414 0.051094003 5.289989471 0.998402536 0.056019079 -0.007290983 17.672639847
-0.010329605 0.050003577 -0.998694897 -147.440139771 -0.054273095 0.997247815 0.050492398 5.331789970 0.998472154 0.054723870 -0.007587141 17.654779434
-0.010466103 0.050236315 -0.998681724 -148.681030273 -0.051654190 0.997375786 0.050711874 5.373405457 0.998609662 0.052116890 -0.007843536 17.638139725
-0.010644373 0.048717454 -0.998755217 -149.924209595 -0.049639888 0.997554421 0.049187850 5.413017273 0.998709917 0.050101701 -0.008199824 17.622470856
-0.010456711 0.048826702 -0.998751819 -151.169387817 -0.048998196 0.997581422 0.049282406 5.455633163 0.998743653 0.049452394 -0.008038815 17.601339340
-0.010598026 0.051398683 -0.998621285 -152.417861938 -0.046637170 0.997565031 0.051839184 5.498404503 0.998855114 0.047122300 -0.008174946 17.585420609
-0.010751386 0.052684546 -0.998552561 -153.660949707 -0.044213358 0.997608542 0.053110704 5.542681694 0.998963714 0.044720408 -0.008396128 17.568321228
-0.010796597 0.051105332 -0.998634219 -154.898849487 -0.042146619 0.997781456 0.051517282 5.587830067 0.999052584 0.042645294 -0.008618543 17.551116943
-0.011401094 0.051260244 -0.998619616 -156.142807007 -0.043460470 0.997715175 0.051709935 5.633389473 0.998989582 0.043990053 -0.009147068 17.528671265
-0.011291484 0.055852171 -0.998374462 -157.385421753 -0.044419676 0.997424304 0.056301322 5.681149483 0.998948574 0.044983223 -0.008781283 17.507562637
-0.010848498 0.062427774 -0.997989893 -158.628097534 -0.049514733 0.996790707 0.062890917 5.731868744 0.998714030 0.050097506 -0.007722400 17.481613159
-0.009372456 0.062302098 -0.998012722 -159.865631104 -0.054321494 0.996550977 0.062720910 5.788956642 0.998479068 0.054801423 -0.005955597 17.452753067
-0.007963080 0.058488116 -0.998255730 -161.094573975 -0.058049180 0.996576786 0.058852725 5.843391418 0.998281538 0.058416609 -0.004540442 17.429410934
-0.006306566 0.052938797 -0.998577237 -162.323532104 -0.059914429 0.996782899 0.053221993 5.893231392 0.998183131 0.060164873 -0.003114286 17.412055969
-0.005455335 0.051332079 -0.998666108 -163.557037354 -0.062432352 0.996715188 0.051572755 5.937500000 0.998033881 0.062630475 -0.002232439 17.394531250
-0.003989215 0.048123397 -0.998832762 -164.791412354 -0.057219673 0.997193158 0.048272841 5.976682663 0.998353302 0.057345502 -0.001224218 17.384269714
-0.003820853 0.043671250 -0.999037981 -166.015655518 -0.053835645 0.997587383 0.043813650 6.015179634 0.998542130 0.053951308 -0.001460370 17.377540588
-0.004072879 0.040375046 -0.999175668 -167.244537354 -0.047565185 0.998044968 0.040523164 6.047113895 0.998859525 0.047691055 -0.002144277 17.375402451
-0.005092700 0.043279964 -0.999049366 -168.475662231 -0.045314174 0.998025894 0.043466534 6.084237099 0.998959422 0.045492496 -0.003121259 17.368764877
-0.004390763 0.049581289 -0.998759806 -169.718551636 -0.045821860 0.997710168 0.049730547 6.120741844 0.998939574 0.045983423 -0.002108610 17.357997894
-0.002857695 0.052753218 -0.998602867 -170.948410034 -0.047514737 0.997471452 0.052829359 6.162313461 0.998866081 0.047599394 -0.000343719 17.345897675
-0.001056588 0.049362324 -0.998779774 -172.171066284 -0.048503768 0.997601867 0.049355350 6.205860615 0.998822033 0.048496794 0.001340401 17.337472916
-0.000321104 0.049421161 -0.998777330 -173.394210815 -0.050725691 0.997490346 0.049373720 6.248135567 0.998712182 0.050679591 0.002186822 17.328639984
0.000552277 0.050466269 -0.998725057 -174.619979858 -0.048700508 0.997541070 0.050379436 6.285820961 0.998812914 0.048610657 0.003008850 17.325946808
0.001158641 0.048475362 -0.998823225 -175.830383301 -0.048849262 0.997633755 0.048360910 6.324386120 0.998805106 0.048735797 0.003524083 17.321895599
0.002784875 0.047046389 -0.998888314 -177.011993408 -0.049037259 0.997696519 0.046853475 6.358971119 0.998792648 0.048852321 0.005085686 17.318067551
0.004558067 0.048885498 -0.998793483 -178.174255371 -0.050550137 0.997537673 0.048593290 6.390548706 0.998710811 0.050267715 0.007018215 17.314268112
0.005897678 0.050750200 -0.998693407 -179.309417725 -0.050553679 0.997448444 0.050388336 6.418792725 0.998703539 0.050190520 0.008448445 17.314630508
0.006326120 0.052116036 -0.998620450 -180.411880493 -0.051542312 0.997329593 0.051722094 6.448717117 0.998650312 0.051144067 0.008995613 17.315179825
0.006687450 0.053233448 -0.998559237 -181.491897583 -0.051967878 0.997250199 0.052815568 6.479729652 0.998625875 0.051539861 0.009435694 17.313629150
0.006667003 0.054149073 -0.998510242 -182.537109375 -0.051350534 0.997233272 0.053736899 6.507452488 0.998657823 0.050915834 0.009429341 17.314050674
0.007287082 0.053104367 -0.998561978 -183.557296753 -0.051755894 0.997269869 0.052657887 6.538878918 0.998632610 0.051297814 0.010015853 17.312112808
0.008902459 0.052950852 -0.998557091 -184.538681030 -0.052763864 0.997230172 0.052410025 6.567826271 0.998566687 0.052221213 0.011671893 17.311656952
0.010425313 0.053749550 -0.998499632 -185.489608765 -0.053585820 0.997148871 0.053117286 6.594120979 0.998508155 0.052951720 0.013276003 17.312789917
0.009895762 0.052110299 -0.998591900 -186.429412842 -0.052178908 0.997306943 0.051526103 6.618618488 0.998588085 0.051595606 0.012588374 17.316804886
0.006817342 0.049093544 -0.998770535 -187.365203857 -0.050095353 0.997556150 0.048691861 6.642925739 0.998720527 0.049701881 0.009260241 17.319618225
0.002375470 0.045392059 -0.998966098 -188.309921265 -0.050352026 0.997706831 0.045215055 6.670908451 0.998728037 0.050192609 0.004655804 17.305593491
-0.002714134 0.042419311 -0.999095917 -189.237304688 -0.052003928 0.997741461 0.042503014 6.694777489 0.998642504 0.052072331 -0.000501834 17.297245026
-0.006364863 0.041491766 -0.999118209 -190.168533325 -0.054100901 0.997660637 0.041775823 6.722200394 0.998514414 0.054319158 -0.004105033 17.279310226
-0.009127377 0.042127553 -0.999070108 -191.099578857 -0.055906083 0.997527421 0.042573180 6.746476173 0.998393536 0.056242753 -0.006749426 17.260572433
-0.010933463 0.043829359 -0.998978674 -192.027450562 -0.054734398 0.997514546 0.044364098 6.770766735 0.998440087 0.055163603 -0.008507109 17.244825363
-0.012455874 0.045292530 -0.998895586 -192.953338623 -0.051823247 0.997601449 0.045879997 6.796047211 0.998577595 0.052337542 -0.010078586 17.232244492
-0.013841936 0.045735374 -0.998857141 -193.876235962 -0.050327227 0.997655034 0.046377677 6.820705891 0.998635888 0.050911725 -0.011507535 17.216283798
-0.014798020 0.044586107 -0.998895407 -194.790618896 -0.050785400 0.997682095 0.045284227 6.845724106 0.998598933 0.051399481 -0.012499189 17.196949005
-0.015488439 0.043389104 -0.998937666 -195.702041626 -0.052594546 0.997639298 0.044148114 6.871574879 0.998494804 0.053222515 -0.013169639 17.174869537
-0.015291959 0.042707760 -0.998970032 -196.613235474 -0.056260798 0.997467518 0.043504681 6.897043228 0.998298049 0.056868177 -0.012850250 17.149942398
-0.014384324 0.040964913 -0.999056518 -197.529052734 -0.058929559 0.997388542 0.041744910 6.921553612 0.998157501 0.059474491 -0.011932511 17.126369476
-0.013414274 0.038290266 -0.999176085 -198.445327759 -0.059123050 0.997487426 0.039019231 6.944564342 0.998159587 0.059597805 -0.011116527 17.107040405
-0.012880800 0.035699837 -0.999279082 -199.366500854 -0.058849260 0.997602761 0.036398459 6.967067719 0.998182833 0.059275724 -0.010748807 17.091156006
-0.012212940 0.035326298 -0.999300718 -200.296157837 -0.058862906 0.997616887 0.035986096 6.988551617 0.998190343 0.059261292 -0.010104222 17.075119019
-0.011639481 0.037963975 -0.999210715 -201.233474731 -0.056247033 0.997671425 0.038560636 7.011240005 0.998348117 0.056651514 -0.009476815 17.062116623
-0.011617212 0.039246958 -0.999161482 -202.175552368 -0.055795938 0.997646689 0.039836138 7.032188416 0.998373687 0.056211986 -0.009399850 17.047824860
-0.010696364 0.035506077 -0.999311686 -203.118209839 -0.050896510 0.998054147 0.036006123 7.052735329 0.998645663 0.051246662 -0.008868212 17.036327362
-0.010649936 0.032105975 -0.999427140 -204.066268921 -0.049367763 0.998248100 0.032594111 7.077867985 0.998722970 0.049686659 -0.009046077 17.024414062
-0.009886488 0.032515094 -0.999421775 -205.027084351 -0.053703174 0.998010993 0.033000384 7.102364063 0.998507023 0.053998429 -0.008120460 17.001976013
-0.008255841 0.036584884 -0.999295950 -205.998291016 -0.055047251 0.997797966 0.036984771 7.122036457 0.998448670 0.055313874 -0.006223565 16.983991623
-0.006247931 0.035881631 -0.999336004 -206.972473145 -0.052636746 0.997958183 0.036161199 7.146299839 0.998593271 0.052827783 -0.004346280 16.973621368
-0.004116477 0.036901206 -0.999309897 -207.953582764 -0.051149998 0.998002350 0.037063580 7.177281857 0.998681605 0.051267318 -0.002220556 16.966491699
-0.002298596 0.041542068 -0.999133646 -208.946853638 -0.051749960 0.997792482 0.041605324 7.205985546 0.998656511 0.051800806 -0.000143519 16.956375122
-0.000998192 0.045082431 -0.998982310 -209.937240601 -0.047822006 0.997837603 0.045078516 7.237901688 0.998854458 0.047818381 0.001160102 16.957214355
0.000306233 0.045708682 -0.998954415 -210.949371338 -0.047447674 0.997829854 0.045642652 7.267892838 0.998872697 0.047384143 0.002474540 16.953752518
0.002179675 0.045760736 -0.998949707 -211.961410522 -0.050321758 0.997691333 0.045593262 7.307143211 0.998729706 0.050169591 0.004477604 16.950658798
0.005223616 0.047414158 -0.998861372 -212.990798950 -0.052981980 0.997484922 0.047071733 7.341953278 0.998580933 0.052675821 0.007722774 16.944866180
0.008841723 0.047569968 -0.998828471 -214.021743774 -0.053970933 0.997434080 0.047025785 7.375892639 0.998502433 0.053491957 0.011386630 16.946500778
0.012130820 0.045060780 -0.998910248 -215.057083130 -0.056841649 0.997399211 0.044302307 7.409195900 0.998308599 0.056242343 0.014660799 16.947204590
