1.000000000 0.000000000 0.000000000 0.000000000 0.000000000 1.000000000 0.000000000 0.000000000 0.000000000 0.000000000 1.000000000 0.000000000
0.999931633 -0.002830870 0.011343153 0.015812002 0.002818190 0.999995410 0.001133632 -0.005586171 -0.011346310 -0.001101587 0.999935031 0.294448704
0.999826074 -0.005003008 0.017964484 0.028549079 0.004982604 0.999986887 0.001180374 -0.009615215 -0.017970154 -0.001090659 0.999837935 0.591156423
0.999773681 -0.007851247 0.019770425 0.040021591 0.007856634 0.999969125 -0.000194870 -0.011411583 -0.019768285 0.000350155 0.999804556 0.892472625
0.999806643 -0.009413466 0.017261913 0.051829532 0.009440831 0.999954283 -0.001504498 -0.015559247 -0.017246962 0.001667174 0.999849916 1.193290114
0.999874651 -0.011970978 0.010359233 0.055118009 0.012002083 0.999923587 -0.002945706 -0.017302915 -0.010323179 0.003069669 0.999942064 1.508977771
0.999904394 -0.013642004 -0.002237606 0.052201755 0.013631337 0.999895930 -0.004714899 -0.022942005 0.002301695 0.004683947 0.999986470 1.826298237
0.999731779 -0.012792534 -0.019303430 0.040112633 0.012703511 0.999908090 -0.004727384 -0.031211112 0.019362135 0.004480895 0.999802589 2.152829647
0.999195158 -0.008161738 -0.039272051 0.015006252 0.007997462 0.999958575 -0.004338317 -0.040111408 0.039305840 0.004020749 0.999219239 2.487223864
0.998202503 -0.004526631 -0.059758782 -0.014730036 0.004225877 0.999977708 -0.005158237 -0.048299037 0.059780814 0.004896433 0.998199642 2.828614473
0.996723413 -0.004222586 -0.080771707 -0.047306404 0.003798216 0.999978006 -0.005406866 -0.053773269 0.080792837 0.005082363 0.996718466 3.185989857
0.994776726 -0.005469365 -0.101924904 -0.095710456 0.004995569 0.999975264 -0.004903147 -0.056102805 0.101949297 0.004368364 0.994780421 3.553410769
0.992516398 -0.006860663 -0.121916220 -0.152321428 0.006411564 0.999970973 -0.004075594 -0.060061984 0.121940747 0.003263420 0.992532432 3.936993837
0.990163743 -0.005896469 -0.139787480 -0.222026020 0.005502515 0.999979615 -0.003204555 -0.067604393 0.139803663 0.002403850 0.990176797 4.334399700
0.987760186 -0.005023723 -0.155896962 -0.293970525 0.004743827 0.999986231 -0.002167386 -0.077070042 0.155905873 0.001401308 0.987771332 4.745655537
0.985485792 -0.004469326 -0.169697568 -0.375023693 0.004137382 0.999988616 -0.002309652 -0.082728423 0.169706106 0.001574024 0.985493958 5.167489052
0.983303070 -0.006003887 -0.181875050 -0.462543964 0.005505623 0.999979496 -0.003244353 -0.088807032 0.181890965 0.002188845 0.983316779 5.603455067
0.981431544 -0.009823404 -0.191559821 -0.554562032 0.008925591 0.999944687 -0.005549189 -0.095407993 0.191603899 0.003736364 0.981465757 6.053699970
0.979873419 -0.009083748 -0.199411452 -0.657162249 0.007738782 0.999941647 -0.007523080 -0.100158900 0.199468315 0.005828467 0.979887426 6.518526554
0.978325188 -0.009105842 -0.206872731 -0.766075611 0.007383421 0.999931276 -0.009096533 -0.106706783 0.206941515 0.007371943 0.978326023 6.994677544
0.976592243 -0.009726080 -0.214878470 -0.882595301 0.007315321 0.999900937 -0.012011570 -0.114850968 0.214974225 0.010158504 0.976567626 7.482372284
0.974774003 -0.013793308 -0.222766906 -0.998516083 0.011016359 0.999845266 -0.013703614 -0.125200450 0.222921669 0.010903851 0.974776030 7.985804081
0.972878456 -0.020173945 -0.230434597 -1.119055152 0.017157398 0.999738872 -0.015087182 -0.136168689 0.230678976 0.010724343 0.972971499 8.501015663
0.970770240 -0.020864038 -0.239101529 -1.254073977 0.017155914 0.999698162 -0.017579501 -0.149602428 0.239396378 0.012963660 0.970836043 9.027796745
0.968695343 -0.016808832 -0.247682333 -1.408303261 0.011745451 0.999690890 -0.021906555 -0.161326230 0.247974247 0.018311650 0.968594134 9.559555054
0.966488361 -0.013925511 -0.256331176 -1.569180489 0.007790887 0.999658704 -0.024932388 -0.177455381 0.256591141 0.022099834 0.966267943 10.103970528
0.964231968 -0.016196646 -0.264563948 -1.730526805 0.009436585 0.999596000 -0.026802752 -0.197006524 0.264891475 0.023347504 0.963996172 10.658792496
0.961778939 -0.019309422 -0.273144603 -1.893948436 0.011762799 0.999503016 -0.029239491 -0.216412798 0.273573816 0.024909001 0.961529076 11.236798286
0.959517360 -0.018941186 -0.281011134 -2.074201584 0.010439901 0.999442160 -0.031718843 -0.239635691 0.281455457 0.027501073 0.959180713 11.819111824
0.957166135 -0.018240089 -0.288963705 -2.266275167 0.008417296 0.999344647 -0.035199508 -0.265209734 0.289416701 0.031259507 0.956693292 12.412919044
0.954860449 -0.019297553 -0.296426624 -2.461678743 0.007649859 0.999153972 -0.040403496 -0.293128937 0.296955824 0.036312107 0.954200983 13.012640953
0.953095615 -0.020680994 -0.301961333 -2.665024281 0.006461524 0.998825610 -0.048013579 -0.325815141 0.302600026 0.043810438 0.952110589 13.623374939
0.951813817 -0.021373523 -0.305930167 -2.875572681 0.004381592 0.998414218 -0.056121185 -0.362498015 0.306644827 0.052076492 0.950398624 14.243455887
0.950523376 -0.021513976 -0.309906512 -3.092158794 0.001475762 0.997900248 -0.064748719 -0.404306710 0.310649127 0.061087869 0.948559940 14.876338959
0.949178040 -0.020910103 -0.314043641 -3.318487167 -0.002402966 0.997279942 -0.073665112 -0.451014996 0.314730138 0.070675999 0.946546555 15.519923210
0.947857380 -0.020208625 -0.318052560 -3.550549269 -0.005809499 0.996725917 -0.080643997 -0.504838288 0.318641275 0.078286797 0.944637179 16.168066025
0.946281195 -0.018212050 -0.322831124 -3.791470051 -0.010614745 0.996124566 -0.087308794 -0.565469205 0.323170453 0.086045504 0.942421079 16.826604843
0.944711566 -0.017046491 -0.327458411 -4.039307117 -0.014331948 0.995546639 -0.093172505 -0.630820513 0.327588767 0.092714339 0.940260649 17.491975784
0.943107367 -0.014858522 -0.332155526 -4.296369553 -0.019037314 0.994948685 -0.098561332 -0.702789187 0.331942528 0.099277347 0.938061059 18.167549133
0.941479325 -0.012319157 -0.336845100 -4.561230659 -0.023354152 0.994546115 -0.101647377 -0.777130723 0.336260527 0.103565708 0.936057448 18.852548599
0.939733863 -0.011147863 -0.341723979 -4.833634377 -0.025660571 0.994349599 -0.103004128 -0.855545402 0.340941727 0.105565421 0.934138417 19.554349899
0.937578022 -0.010612329 -0.347612113 -5.111170292 -0.026646763 0.994403541 -0.102229901 -0.936983228 0.346752018 0.105111346 0.932048559 20.264507294
0.935310781 -0.010135699 -0.353681266 -5.397618294 -0.027340397 0.994530320 -0.100802675 -1.018411756 0.352768868 0.103951715 0.929918289 20.984647751
0.932748318 -0.010324089 -0.360379517 -5.687263489 -0.027298812 0.994697511 -0.099151745 -1.098463058 0.359492630 0.102321655 0.927520990 21.707090378
0.929604888 -0.009344589 -0.368438125 -5.992671013 -0.028106479 0.994969547 -0.096150450 -1.179836273 0.367483675 0.099737540 0.924666405 22.441818237
0.926381290 -0.007201138 -0.376517117 -6.312096119 -0.029052794 0.995470285 -0.090520404 -1.259134173 0.375463933 0.094795369 0.921976507 23.185289383
0.922929585 -0.003510026 -0.384951800 -6.643372059 -0.031870641 0.995828748 -0.085490547 -1.336661696 0.383646578 0.091170497 0.918968558 23.933593750
0.919358313 0.000286035 -0.393420279 -6.984152794 -0.035170905 0.996055245 -0.081464410 -1.413917542 0.391845405 0.088732019 0.915742218 24.687969208
0.915570199 0.001162842 -0.402155548 -7.334373474 -0.036314625 0.996149302 -0.079795524 -1.486443162 0.400514573 0.087662630 0.912087262 25.450452805
0.911577404 0.001194309 -0.411125720 -7.693838120 -0.037106931 0.996153116 -0.079382338 -1.556522489 0.409449756 0.087618850 0.908115506 26.220104218
0.907829821 0.001296447 -0.419335276 -8.067224503 -0.037602205 0.996217966 -0.078325979 -1.625134587 0.417648345 0.086874679 0.904445827 26.996232986
0.903992116 0.002442819 -0.427540779 -8.453292847 -0.039050907 0.996275127 -0.076876841 -1.694765687 0.425760984 0.086191989 0.900720954 27.780647278
0.900169790 0.001561288 -0.435534984 -8.850329399 -0.037914429 0.996477783 -0.074789919 -1.764825821 0.433884680 0.083836772 0.897059143 28.581525803
0.896289110 0.001763754 -0.443465382 -9.255078316 -0.036956076 0.996810377 -0.070727497 -1.833211899 0.441926688 0.079781108 0.893496156 29.390998840
0.892594039 0.003635380 -0.450845242 -9.675583839 -0.036942538 0.997194350 -0.065098830 -1.897996426 0.449344188 0.074762277 0.890224755 30.206024170
0.888779938 0.003749956 -0.458317518 -10.106096268 -0.035670333 0.997499228 -0.061011177 -1.963284612 0.456943005 0.070573926 0.886691689 31.025058746
0.885090888 0.002677080 -0.465409011 -10.549257278 -0.034200832 0.997653604 -0.059302770 -2.024732351 0.464158684 0.068405800 0.883106470 31.852289200
0.881773889 0.001780717 -0.471667588 -10.998147964 -0.033220999 0.997743547 -0.058339175 -2.082936287 0.470499933 0.067111298 0.879844069 32.681026459
0.878575921 0.002074615 -0.477596700 -11.463106155 -0.033081271 0.997852862 -0.056520998 -2.140290260 0.476454526 0.065457568 0.876758873 33.519161224
0.875605106 0.000659391 -0.483025849 -11.940336227 -0.031319700 0.997971833 -0.055412412 -2.198443890 0.482010186 0.063647687 0.873850644 34.368534088
0.872923434 -0.000857668 -0.487855047 -12.423578262 -0.030017104 0.998009205 -0.055464391 -2.256987333 0.486931801 0.063060261 0.871160328 35.221450806
0.870718420 -0.002418826 -0.491774410 -12.919156075 -0.028875753 0.998010993 -0.056035161 -2.314347982 0.490932256 0.062991306 0.868917286 36.089084625
0.869406283 -0.001869607 -0.494092852 -13.420528412 -0.030009195 0.997946858 -0.056580339 -2.373804569 0.493184566 0.064018741 0.867565691 36.947132111
0.868981957 -0.001811799 -0.494838923 -13.934652328 -0.029658008 0.998004854 -0.055736214 -2.434480667 0.493953019 0.063109815 0.867194951 37.826305389
0.868856072 -0.001369014 -0.495061338 -14.452404022 -0.029299222 0.998101056 -0.054181583 -2.496544123 0.494195879 0.061581019 0.867166519 38.718044281
0.868574560 -0.002761563 -0.495549262 -14.975051880 -0.027481215 0.998177171 -0.053730283 -2.559293032 0.494794726 0.060287166 0.866915941 39.620079041
0.868017495 -0.004841643 -0.496508449 -15.505691528 -0.025739616 0.998169065 -0.054732621 -2.621280670 0.495864809 0.060288921 0.866304159 40.533603668
0.866991341 -0.007118141 -0.498270780 -16.043241501 -0.023540786 0.998196423 -0.055220887 -2.685359955 0.497765601 0.059605818 0.865260720 41.453723907
0.865457118 -0.007574712 -0.500924349 -16.587570190 -0.022078471 0.998337388 -0.053241730 -2.751264572 0.500495255 0.057138178 0.863851488 42.381847382
0.863349259 -0.006952291 -0.504557490 -17.138847351 -0.020850979 0.998559415 -0.049437273 -2.816581011 0.504174769 0.053202249 0.861961186 43.314498901
0.860516548 -0.007227661 -0.509369969 -17.692720413 -0.018521896 0.998794079 -0.045462728 -2.880824089 0.509084582 0.048556030 0.859345675 44.240928650
0.856523275 -0.007473309 -0.516053200 -18.255783081 -0.017495088 0.998899937 -0.043503348 -2.944164515 0.515810788 0.046290133 0.855450869 45.161903381
0.851227820 -0.011215703 -0.524675250 -18.821891785 -0.015073950 0.998836398 -0.045807429 -3.006046295 0.524578691 0.046901599 0.850068927 46.073268890
0.845102012 -0.014828717 -0.534398019 -19.400144577 -0.013501350 0.998704314 -0.049063660 -3.068382502 0.534433305 0.048679017 0.843807578 46.979290009
0.838894188 -0.015311755 -0.544077992 -19.991418839 -0.013192840 0.998738527 -0.048448641 -3.129164219 0.544133723 0.047821328 0.837634504 47.879661560
0.833122015 -0.012016127 -0.552957535 -20.598388672 -0.014298716 0.998961747 -0.043251477 -3.190958261 0.552903354 0.043940455 0.832085848 48.775886536
0.827970266 -0.007233578 -0.560724139 -21.214319229 -0.017548759 0.999092638 -0.038801372 -3.251514912 0.560496390 0.041966502 0.827092826 49.663879395
0.823974013 -0.007216523 -0.566580474 -21.835956573 -0.019032413 0.999002039 -0.040402979 -3.307273388 0.566306829 0.044074513 0.823015213 50.544837952
0.820510566 -0.009464194 -0.571551859 -22.455532074 -0.019573227 0.998811364 -0.044638082 -3.365385056 0.571295261 0.047813252 0.819350660 51.419002533
0.817560077 -0.011624530 -0.575724900 -23.083587646 -0.022197708 0.998416841 -0.051681075 -3.427134514 0.575414538 0.055032276 0.816008270 52.284683228
0.814352572 -0.012871699 -0.580226898 -23.715944290 -0.022080610 0.998343050 -0.053137410 -3.493222713 0.579949737 0.056084484 0.812719345 53.154052734
0.811109245 -0.011133805 -0.584787726 -24.357841492 -0.021793911 0.998549104 -0.049239881 -3.558659315 0.584487855 0.052683860 0.809690237 54.022914886
0.808145642 -0.008370147 -0.588922262 -25.007799149 -0.021735886 0.998794019 -0.044022448 -3.623085022 0.588580847 0.048377421 0.806989551 54.890594482
0.805286050 -0.006361754 -0.592851579 -25.662273407 -0.022421140 0.998900414 -0.041174185 -3.680329084 0.592461765 0.046449527 0.804258227 55.753822327
0.802311540 -0.006015313 -0.596874297 -26.319850922 -0.023603834 0.998847365 -0.041794382 -3.736390114 0.596437991 0.047620755 0.801245213 56.611557007
0.798903406 -0.007088257 -0.601416647 -26.979007721 -0.023920765 0.998764932 -0.043546967 -3.794712543 0.600982904 0.049176287 0.797747612 57.465595245
0.795072079 -0.009705305 -0.606436431 -27.643594742 -0.023049150 0.998666167 -0.046201177 -3.853666782 0.606076300 0.050711229 0.793788254 58.321117401
0.791010618 -0.010656089 -0.611708760 -28.317211151 -0.022635311 0.998653889 -0.046666823 -3.913673401 0.611382961 0.050760292 0.789705038 59.169956207
0.786661148 -0.010748729 -0.617290676 -28.996088028 -0.022332227 0.998698592 -0.045849744 -3.975432158 0.616980493 0.049853805 0.785397708 60.015838623
0.782004297 -0.010125862 -0.623189986 -29.684936523 -0.023158411 0.998705566 -0.045287505 -4.036929607 0.622842133 0.049847234 0.780757964 60.856395721
0.776893198 -0.011200699 -0.629531980 -30.381587982 -0.023274541 0.998647511 -0.046490680 -4.098722458 0.629201651 0.050770488 0.775582135 61.695190430
0.771674097 -0.012380522 -0.635896921 -31.081806183 -0.023139630 0.998602033 -0.047522567 -4.160964966 0.635596752 0.051386483 0.770309210 62.524093628
0.766351044 -0.013566249 -0.642278016 -31.791095734 -0.022913866 0.998563588 -0.048432007 -4.224410057 0.642012894 0.051833123 0.764939785 63.351856232
0.761013508 -0.014731068 -0.648568094 -32.509857178 -0.023081508 0.998494208 -0.049762268 -4.287486553 0.648324966 0.052839808 0.759528041 64.174560547
0.755218565 -0.016330762 -0.655268848 -33.252910614 -0.022578040 0.998448133 -0.050905455 -4.352410316 0.655083716 0.053239562 0.753678262 65.021156311
0.749139369 -0.017720997 -0.662174702 -34.014339447 -0.021318555 0.998479247 -0.050839458 -4.419970512 0.662069082 0.052202564 0.747622669 65.882629395
0.743027925 -0.017513778 -0.669030607 -34.775260925 -0.020563656 0.998588026 -0.048978940 -4.489423275 0.668944180 0.050150558 0.741619051 66.714851379
0.736613393 -0.018020008 -0.676073313 -35.540477753 -0.019827602 0.998639882 -0.048220754 -4.556395054 0.676023066 0.048925083 0.735254586 67.538696289
0.730276942 -0.019902214 -0.682860732 -36.315570831 -0.018624745 0.998623967 -0.049023237 -4.623824120 0.682897091 0.048518766 0.728901744 68.352958679
0.723816633 -0.021872472 -0.689644992 -37.087223053 -0.018330244 0.998535037 -0.050907578 -4.687860489 0.689748645 0.049489237 0.722355723 69.151687622
0.717733562 -0.021443661 -0.695987225 -37.885074615 -0.019356107 0.998525023 -0.050725903 -4.755893707 0.696048558 0.049879398 0.716260374 69.963165283
0.712338984 -0.021215554 -0.701514602 -38.694896698 -0.019374380 0.998567581 -0.049872525 -4.823480606 0.701568007 0.049117662 0.710907996 70.771560669
0.707537115 -0.020642307 -0.706374288 -39.516571045 -0.020606162 0.998545527 -0.049820486 -4.892282009 0.706375539 0.049805623 0.706083179 71.576644897
0.702790082 -0.021615142 -0.711068511 -40.343112946 -0.020707883 0.998493075 -0.050819125 -4.961727619 0.711095691 0.050440013 0.701283991 72.378425598
0.697863758 -0.023273485 -0.715851903 -41.179244995 -0.021560067 0.998336256 -0.053475816 -5.033602715 0.715905786 0.052752770 0.696201503 73.172676086
0.692873955 -0.025808452 -0.720596313 -42.021522522 -0.021158671 0.998201132 -0.056095660 -5.105108261 0.720748007 0.054114208 0.691082001 73.971305847
0.687944233 -0.026418805 -0.725282133 -42.874061584 -0.021473194 0.998158872 -0.056726243 -5.179461479 0.725445688 0.054598738 0.686110795 74.766334534
0.683270574 -0.026157232 -0.729696214 -43.741790771 -0.020831037 0.998252809 -0.055289835 -5.256102085 0.729867876 0.052978359 0.681532502 75.562950134
0.678206146 -0.026114574 -0.734407127 -44.612434387 -0.020376930 0.998315752 -0.054316409 -5.333781719 0.734589040 0.051802810 0.676532269 76.355926514
0.673154891 -0.027315851 -0.738996327 -45.491306305 -0.019612882 0.998306453 -0.054766305 -5.409833908 0.739241183 0.051360182 0.671479642 77.145133972
0.668355405 -0.028512763 -0.743294656 -46.378723145 -0.018657610 0.998307705 -0.055071559 -5.484247208 0.743608057 0.050675604 0.666692913 77.932525635
0.664039493 -0.029160514 -0.747127891 -47.273574829 -0.017807091 0.998338580 -0.054792035 -5.561467171 0.747485280 0.049688380 0.662417650 78.715873718
0.660062075 -0.030254612 -0.750600934 -48.177963257 -0.016413370 0.998368859 -0.054674987 -5.638591766 0.751031697 0.048408896 0.658489525 79.501144409
0.656200945 -0.033167172 -0.753856242 -49.081962585 -0.013774570 0.998340130 -0.055913832 -5.716746330 0.754460394 0.047074880 0.654655516 80.279411316
0.652151823 -0.037980650 -0.757135689 -49.991683960 -0.010646005 0.998186409 -0.059242439 -5.795327663 0.758013487 0.046695650 0.650565386 81.052864075
0.647473693 -0.042196356 -0.760917962 -50.907943726 -0.006486403 0.998124182 -0.060869850 -5.875221729 0.762060106 0.044347364 0.645986199 81.825607300
0.640972078 -0.045757022 -0.766198456 -51.832649231 -0.001637592 0.998137355 -0.060978223 -5.959066868 0.767562449 0.040340167 0.639703929 82.594436646
0.632658660 -0.049622871 -0.772838712 -52.767585754 0.003130189 0.998100281 -0.061524145 -6.044641972 0.774424493 0.036504760 0.631612599 83.359672546
0.623739362 -0.050659612 -0.779988289 -53.722152710 0.005783310 0.998168766 -0.060205448 -6.128503799 0.781610847 0.033041708 0.622890770 84.120231628
0.615021288 -0.049186114 -0.786974251 -54.692863464 0.006119281 0.998319805 -0.057613023 -6.213941574 0.788486779 0.030617623 0.614289463 84.870933533
0.606145024 -0.048914019 -0.793847799 -55.672836304 0.005535845 0.998341858 -0.057287272 -6.299003124 0.795334697 0.030329885 0.605411410 85.608016968
0.596655548 -0.050433535 -0.800910354 -56.664276123 0.004767270 0.998227894 -0.059307173 -6.377198219 0.802483201 0.031567909 0.595839322 86.341323853
0.586772144 -0.052762128 -0.808030427 -57.670764923 0.005409458 0.998107612 -0.061245393 -6.461065769 0.809733808 0.031566203 0.585947812 87.068099976
0.576953411 -0.054581210 -0.814950466 -58.690162659 0.005995024 0.998020291 -0.062598020 -6.545574188 0.816754937 0.031230602 0.576139033 87.785583496
0.566853166 -0.055485427 -0.821947336 -59.721031189 0.008879924 0.998082399 -0.061251353 -6.633432388 0.823770821 0.027421799 0.566259503 88.493347168
0.556685805 -0.055609457 -0.828858912 -60.760795593 0.010103565 0.998135865 -0.060180645 -6.723027229 0.830661535 0.025127387 0.556210637 89.185943604
0.546497583 -0.056336962 -0.835562825 -61.812149048 0.010277871 0.998110354 -0.060574327 -6.810426235 0.837397456 0.024516022 0.546044528 89.864715576
0.536589861 -0.057327341 -0.841892898 -62.877140045 0.009519996 0.998036981 -0.061892025 -6.899024963 0.843789339 0.025195919 0.536082864 90.530319214
0.526868284 -0.057790227 -0.847979307 -63.951931000 0.007966176 0.997977257 -0.063063085 -6.988737583 0.849909425 0.026470892 0.526263535 91.184684753
0.517429829 -0.058974203 -0.853690326 -65.037544250 0.006968581 0.997879267 -0.064711235 -7.081174850 0.855697155 0.027534621 0.516743958 91.825920105
0.508083522 -0.058846220 -0.859294415 -66.131278992 0.005980706 0.997879803 -0.064800523 -7.173623085 0.861286819 0.027785007 0.507358849 92.461662292
0.499669641 -0.056796212 -0.864351332 -67.242935181 0.005174663 0.998025537 -0.062588453 -7.266675472 0.866200447 0.026800942 0.498977602 93.090118408
0.491970062 -0.055372052 -0.868848681 -68.357124329 0.005765094 0.998160243 -0.060348704 -7.357967854 0.870592713 0.024680881 0.491384804 93.712142944
0.484694541 -0.055768609 -0.872903049 -69.472976685 0.005827481 0.998148620 -0.060534529 -7.448391914 0.874663889 0.024254046 0.484122783 94.318618774
0.477426320 -0.058896914 -0.876694918 -70.591941833 0.007554230 0.997988820 -0.062931627 -7.539904594 0.878639102 0.023422573 0.476911575 94.921401978
0.470950782 -0.062632717 -0.879932523 -71.708335876 0.010441659 0.997801781 -0.065433994 -7.633396149 0.882097542 0.021628344 0.470570028 95.510643005
0.465042591 -0.065519251 -0.882859766 -72.834281921 0.011441713 0.997618675 -0.068008885 -7.730038166 0.885214210 0.021525713 0.464685380 96.097320557
0.459770918 -0.069181696 -0.885338008 -73.966766357 0.013431081 0.997388065 -0.070962444 -7.833058357 0.887935758 0.020735539 0.459499866 96.681640625
0.454955876 -0.070242517 -0.887738585 -75.102523804 0.016420729 0.997375965 -0.070502117 -7.940535069 0.890362382 0.017498150 0.454916060 97.267677307
0.450769603 -0.067748040 -0.890064955 -76.247375488 0.018396601 0.997608542 -0.066616885 -8.048159599 0.892450511 0.013654799 0.450938493 97.848495483
0.447052300 -0.066043109 -0.892065585 -77.392700195 0.021952514 0.997779906 -0.062868133 -8.151906967 0.894238234 0.008522354 0.447510183 98.429412842
0.443510443 -0.065660477 -0.893860042 -78.538398743 0.024065681 0.997825205 -0.061356649 -8.251254082 0.895945907 0.005701055 0.444126695 99.004959106
0.440637767 -0.065632917 -0.895281613 -79.680892944 0.025951827 0.997837663 -0.060378302 -8.347697258 0.897309721 0.003370852 0.441388816 99.566528320
0.438362122 -0.064960398 -0.896447003 -80.812179565 0.027775833 0.997887015 -0.058728743 -8.439302444 0.898369014 0.000844981 0.439240724 100.112579346
0.436147839 -0.064141206 -0.897585332 -81.942108154 0.029487636 0.997939050 -0.056983996 -8.531593323 0.899391532 -0.001614144 0.437140971 100.657730103
0.434125960 -0.065712243 -0.898451507 -83.063331604 0.031780694 0.997831821 -0.057624593 -8.615489960 0.900291324 -0.003537004 0.435273707 101.193099976
0.432176590 -0.066521853 -0.899331152 -84.177673340 0.033916630 0.997768462 -0.057504267 -8.700422287 0.901150763 -0.005650212 0.433468997 101.722290039
0.430146784 -0.066187143 -0.900328457 -85.283523560 0.036711887 0.997765779 -0.055810422 -8.783810616 0.902011991 -0.009046013 0.431616127 102.241073608
0.428693622 -0.065620340 -0.901062906 -86.386169434 0.038097043 0.997784197 -0.054538853 -8.869256973 0.902646124 -0.010947306 0.430244237 102.752273560
0.427426398 -0.067073703 -0.901557744 -87.472991943 0.040256158 0.997666359 -0.055138547 -8.954251289 0.903153300 -0.012725517 0.429129630 103.260299683
0.426476866 -0.068508528 -0.901899397 -88.552078247 0.041604761 0.997557580 -0.056101266 -9.038804054 0.903540671 -0.013597361 0.428286046 103.764633179
0.426228017 -0.069812268 -0.901916981 -89.620315552 0.041464906 0.997477114 -0.057613511 -9.125717163 0.903664589 -0.012841354 0.428048074 104.262847900
0.426581293 -0.070382893 -0.901705503 -90.667289734 0.040994383 0.997447312 -0.058462262 -9.215970993 0.903519332 -0.012025898 0.428378195 104.754852295
0.429029524 -0.070081741 -0.900566757 -91.705543518 0.038821775 0.997494817 -0.059129931 -9.303730965 0.902455509 -0.009593059 0.430675983 105.240226746
0.433329612 -0.070296787 -0.898488760 -92.736465454 0.037100516 0.997499347 -0.060150135 -9.392061234 0.900471151 -0.007269504 0.434854627 105.731399536
0.438416749 -0.070771582 -0.895980120 -93.754974365 0.035994444 0.997477472 -0.061175968 -9.479743958 0.898050427 -0.005429670 0.439858735 106.221878052
0.444148272 -0.070880756 -0.893144131 -94.768165588 0.035751764 0.997473657 -0.061381537 -9.565854073 0.895239294 -0.004668914 0.445560873 106.722686768
0.451021165 -0.069426775 -0.889807880 -95.773780823 0.034648232 0.997580171 -0.060273290 -9.653450012 0.891840041 -0.003645673 0.452335894 107.225692749
0.459091425 -0.067915805 -0.885788202 -96.767402649 0.033363510 0.997687936 -0.059203591 -9.739546776 0.887761891 -0.002373084 0.460296482 107.731689453
0.467997313 -0.067324951 -0.881160617 -97.755439758 0.033086158 0.997729421 -0.058658786 -9.823358536 0.883109868 -0.001702007 0.469162762 108.247314453
0.477333456 -0.066987075 -0.876164138 -98.733978271 0.032681972 0.997753561 -0.058478028 -9.904233932 0.878113806 -0.000721202 0.478450865 108.774993896
0.487081230 -0.067859828 -0.870715201 -99.701004028 0.032198668 0.997694194 -0.059743937 -9.986267090 0.872762442 0.001064340 0.488143563 109.310417175
0.497353792 -0.069074720 -0.864792407 -100.649345398 0.030401165 0.997600555 -0.062198520 -10.068533897 0.867014527 0.004644032 0.498260885 109.848281860
0.508804440 -0.069898210 -0.858038604 -101.592872620 0.029038627 0.997524440 -0.064041607 -10.152235031 0.860391617 0.007668453 0.509575129 110.396804810
0.521085322 -0.067945540 -0.850794673 -102.523727417 0.026910815 0.997638524 -0.063190609 -10.236224174 0.853079677 0.010032176 0.521683753 110.955825806
0.533991277 -0.065412112 -0.842954695 -103.446365356 0.025797810 0.997798979 -0.061085492 -10.320013046 0.845095813 0.010872793 0.534503937 111.525421143
0.546592414 -0.062728517 -0.835044861 -104.357856750 0.025078742 0.997969270 -0.058551639 -10.402134895 0.837022603 0.011062069 0.547056198 112.106620789
0.558286905 -0.062113423 -0.827318370 -105.241973877 0.025257681 0.998003721 -0.057883833 -10.480167389 0.829262853 0.011419703 0.558741748 112.693473816
0.569635332 -0.062600344 -0.819508910 -106.117729187 0.025969762 0.997968137 -0.058180965 -10.555899620 0.821486473 0.011859544 0.570104182 113.293991089
0.580655158 -0.063854404 -0.811640501 -106.983085632 0.026591416 0.997875035 -0.059482306 -10.632308006 0.813714623 0.012956099 0.581119835 113.903434753
0.591488719 -0.065873876 -0.803616643 -107.825592041 0.029222246 0.997753620 -0.060279071 -10.708811760 0.805782735 0.012170976 0.592085838 114.520019531
0.602034390 -0.066167958 -0.795722663 -108.661895752 0.030089816 0.997732580 -0.060200412 -10.782969475 0.797902167 0.012299631 0.602661133 115.150756836
0.612845421 -0.064463086 -0.787567914 -109.499221802 0.029875137 0.997844398 -0.058427073 -10.852802277 0.789637208 0.012278129 0.613451004 115.783752441
0.622688651 -0.062410057 -0.779975653 -110.309326172 0.030865958 0.997997165 -0.055213504 -10.921355247 0.781859875 0.010306180 0.623368740 116.425857544
0.632601559 -0.061231799 -0.772051990 -111.101493835 0.030072350 0.998059750 -0.054516021 -10.987045288 0.773892581 0.011269560 0.633216321 117.067047119
0.642670751 -0.061230626 -0.763690650 -111.870590210 0.028524380 0.998022318 -0.056014493 -11.050792694 0.765610456 0.014215135 0.643147111 117.698791504
0.652181029 -0.060764086 -0.755622804 -112.633117676 0.026822653 0.998007655 -0.057104960 -11.124583244 0.757587671 0.016975030 0.652512431 118.345756531
0.661348283 -0.060751691 -0.747613430 -113.366203308 0.026964223 0.997995853 -0.057245087 -11.187328339 0.749593318 0.017700188 0.661661863 118.987022400
0.670406640 -0.058805425 -0.739658773 -114.102012634 0.026859274 0.998124361 -0.055009827 -11.259962082 0.741506696 0.017012317 0.670729518 119.648269653
0.678983688 -0.057142835 -0.731924891 -114.819854736 0.027101297 0.998237431 -0.052793391 -11.328783035 0.733651996 0.016009798 0.679336548 120.310234070
0.687022150 -0.056771137 -0.724414289 -115.522338867 0.027682852 0.998264253 -0.051978394 -11.395788193 0.726108015 0.015656512 0.687402248 120.973526001
0.694667518 -0.056088839 -0.717139721 -116.214271545 0.026760282 0.998280168 -0.052155659 -11.460589409 0.718831956 0.017040044 0.694974780 121.640480042
0.702000558 -0.055298030 -0.710025072 -116.895446777 0.026405936 0.998316169 -0.051643185 -11.523813248 0.711685777 0.017504729 0.702279747 122.310829163
0.709143639 -0.052686006 -0.703091562 -117.567581177 0.025689356 0.998472452 -0.048909865 -11.585878372 0.704594731 0.016622206 0.709415078 122.984161377
0.716536999 -0.049857795 -0.695763707 -118.225540161 0.024711011 0.998630404 -0.046112172 -11.649022102 0.697110176 0.015848117 0.716788650 123.655136108
0.723872423 -0.048287109 -0.688240767 -118.867286682 0.023762919 0.998700738 -0.045075893 -11.709247589 0.689523399 0.016274644 0.724080384 124.321792603
0.731332839 -0.047367837 -0.680372596 -119.491950989 0.023092154 0.998732865 -0.044710480 -11.766164780 0.681628525 0.016987033 0.731501043 124.987289429
0.739214003 -0.044530548 -0.671995521 -120.103218079 0.020634389 0.998840511 -0.043490924 -11.820455551 0.673153341 0.018282937 0.739276767 125.650382996
0.748061895 -0.041815981 -0.662308872 -120.697143555 0.019979464 0.998979330 -0.040505938 -11.873455048 0.663326979 0.017068429 0.748134911 126.316307068
0.757437348 -0.037917055 -0.651804626 -121.277290344 0.018166762 0.999149561 -0.037012063 -11.925512314 0.652653933 0.016193185 0.757482886 126.982467651
0.767435014 -0.035793487 -0.640125334 -121.838447571 0.016480746 0.999211788 -0.036113806 -11.974114418 0.640913546 0.017165311 0.767421007 127.646728516
0.777233183 -0.034896821 -0.628242731 -122.383316040 0.015051102 0.999206305 -0.036882084 -12.021278381 0.629031360 0.019210288 0.777142465 128.315307617
0.786914170 -0.036065020 -0.616005957 -122.911926270 0.015372938 0.999126673 -0.038857285 -12.065249443 0.616869569 0.021107588 0.786782324 128.990112305
0.796710968 -0.035147961 -0.603335857 -123.429039001 0.015068209 0.999152362 -0.038308930 -12.109425545 0.604171038 0.021430014 0.796566367 129.672195435
0.806726217 -0.033558134 -0.589969933 -123.935455322 0.014792539 0.999220192 -0.036609363 -12.154878616 0.590738535 0.020806640 0.806594610 130.362670898
0.816635966 -0.031289708 -0.576302528 -124.429229736 0.014557572 0.999328375 -0.033628941 -12.196995735 0.576967835 0.019073091 0.816544116 131.061248779
0.826072216 -0.029965108 -0.562765121 -124.908409119 0.014963515 0.999399662 -0.031249564 -12.237885475 0.563363731 0.017393511 0.826025784 131.764755249
0.834924221 -0.028548205 -0.549622059 -125.375679016 0.015532255 0.999478281 -0.028319543 -12.275854111 0.550143898 0.015107851 0.834933102 132.476928711
0.842891097 -0.027746782 -0.537366390 -125.833000183 0.016195998 0.999525368 -0.026205843 -12.312318802 0.537838578 0.013385533 0.842941403 133.193817139
0.849944234 -0.028112276 -0.526120245 -126.278884888 0.017788108 0.999537408 -0.024671856 -12.347394943 0.526570380 0.011611067 0.850052118 133.917419434
0.856432915 -0.027851781 -0.515504360 -126.718231201 0.017920662 0.999545693 -0.024231201 -12.380660057 0.515945196 0.011514269 0.856544077 134.647064209
0.863017499 -0.026871877 -0.504456639 -127.150833130 0.016993556 0.999563396 -0.024173351 -12.411989212 0.504886150 0.012289563 0.863098383 135.382537842
0.869571865 -0.024914956 -0.493175328 -127.577407837 0.015505083 0.999611437 -0.023161121 -12.443802834 0.493560970 0.012493581 0.869621396 136.125595093
0.875720441 -0.023842460 -0.482227057 -127.995437622 0.014745769 0.999634802 -0.022646140 -12.475983620 0.482591033 0.012720928 0.875753403 136.877243042
0.881398737 -0.024375109 -0.471741438 -128.401763916 0.015577339 0.999624431 -0.022546489 -12.508224487 0.472113997 0.012524018 0.881448507 137.635543823
0.886366844 -0.025625078 -0.462271452 -128.802474976 0.016637968 0.999585211 -0.023508063 -12.538874626 0.462682217 0.013145559 0.886426687 138.402038574
0.890578091 -0.026119431 -0.454077601 -129.199142456 0.017107612 0.999566913 -0.023944056 -12.569609642 0.454506487 0.013555917 0.890640199 139.178161621
0.893953502 -0.025259927 -0.447445035 -129.596496582 0.016647113 0.999592900 -0.023171339 -12.599614143 0.447848380 0.013265477 0.894011021 139.965835571
0.897029817 -0.023579767 -0.441338271 -129.992019653 0.016546357 0.999667525 -0.019779265 -12.627481461 0.441657990 0.010440094 0.897122622 140.765670776
0.900146008 -0.019375542 -0.435154736 -130.391494751 0.014052408 0.999781966 -0.015447604 -12.654154778 0.435359269 0.007790167 0.900223076 141.578857422
0.903370917 -0.016770680 -0.428529710 -130.785934448 0.012542105 0.999840856 -0.012689515 -12.678423882 0.428674400 0.006088708 0.903438449 142.401428223
0.906541824 -0.013909494 -0.421884149 -131.183120728 0.010487479 0.999890685 -0.010430889 -12.697862625 0.421983182 0.005031568 0.906589627 143.240814209
0.909743369 -0.012260632 -0.414987296 -131.578002930 0.009723123 0.999918938 -0.008226957 -12.715438843 0.415054619 0.003449478 0.909789860 144.093994141
0.912933528 -0.010958848 -0.407958478 -131.969940186 0.009594914 0.999939561 -0.005389422 -12.730295181 0.407992870 0.001005886 0.912984610 144.963348389
0.916228294 -0.011019145 -0.400502384 -132.359649658 0.010511811 0.999938786 -0.003463765 -12.743645668 0.400516063 -0.001036378 0.916289151 145.848953247
0.919615030 -0.011303907 -0.392655462 -132.743591309 0.011237344 0.999933898 -0.002468128 -12.756265640 0.392657399 -0.002142651 0.919682324 146.746032715
0.923132718 -0.012059632 -0.384289593 -133.123794556 0.012048502 0.999924541 -0.002436570 -12.767427444 0.384290010 -0.002380811 0.923209369 147.656631470
0.926811337 -0.014583681 -0.375241250 -133.497940063 0.014532571 0.999890089 -0.002966413 -12.779149055 0.375243306 -0.002703889 0.926922381 148.583694458
0.930648863 -0.016156526 -0.365553856 -133.868041992 0.015712291 0.999867857 -0.004190243 -12.791567802 0.365573287 -0.001844016 0.930780768 149.526641846
0.934910417 -0.017216701 -0.354463011 -134.232116699 0.016060175 0.999851882 -0.006204657 -12.805846214 0.354517281 0.000108090 0.935049415 150.483505249
0.939896584 -0.015403233 -0.341108769 -134.590820312 0.013881675 0.999880016 -0.006901134 -12.820215225 0.341174126 0.001751222 0.939998865 151.458938599
0.945705891 -0.011761436 -0.324807823 -134.939941406 0.010533016 0.999929368 -0.005540079 -12.836004257 0.324849963 0.001818108 0.945764124 152.452606201
0.951910794 -0.008249895 -0.306260824 -135.273315430 0.007865920 0.999966204 -0.002487912 -12.851016045 0.306270957 -0.000040727 0.951944649 153.466674805
0.958136916 -0.005037337 -0.286262572 -135.589263916 0.005037939 0.999987245 -0.000734391 -12.863678932 0.286262453 -0.000738503 0.958151281 154.498138428
0.964227378 -0.003519266 -0.265049070 -135.883636475 0.003701218 0.999993265 0.000187078 -12.874846458 0.265046507 -0.001161369 0.964235306 155.543762207
0.969842136 -0.002298472 -0.243718505 -136.155303955 0.002817145 0.999994636 0.001779664 -12.883491516 0.243712991 -0.002412563 0.969844639 156.609588623
0.975008070 -0.001653160 -0.222158253 -136.404052734 0.002719583 0.999986351 0.004494493 -12.890199661 0.222147584 -0.004986329 0.975000560 157.690475464
0.979779780 0.000465099 -0.200072810 -136.636505127 0.001190450 0.999966264 0.008154397 -12.895657539 0.200069666 -0.008227680 0.979747415 158.792816162
0.984058022 0.002389908 -0.177825689 -136.844726562 -0.000188074 0.999923408 0.012397865 -12.895473480 0.177841499 -0.012166767 0.983984232 159.909225464
0.987832069 0.003971434 -0.155466482 -137.027130127 -0.001566279 0.999877512 0.015590091 -12.891155243 0.155509025 -0.015156884 0.987718463 161.034393311
0.991047740 0.005606755 -0.133380473 -137.188827515 -0.003547515 0.999871254 0.015671618 -12.887210846 0.133450791 -0.015058156 0.990941167 162.182586670
0.993766844 0.004684580 -0.111369178 -137.325088501 -0.003182909 0.999902010 0.013657859 -12.880037308 0.111421868 -0.013218246 0.993685424 163.339508057
0.995897830 0.004607988 -0.090354502 -137.438446045 -0.003473272 0.999913454 0.012711895 -12.872970581 0.090404868 -0.012345921 0.995828629 164.518890381
0.997537851 0.003146520 -0.070041239 -137.525314331 -0.002124220 0.999890566 0.014665611 -12.866404533 0.070079297 -0.014480720 0.997436464 165.709899902
0.998737812 0.003545320 -0.050075971 -137.590988159 -0.002727596 0.999862313 0.016388910 -12.860374451 0.050126724 -0.016231641 0.998611033 166.918609619
0.999548197 0.003807961 -0.029772833 -137.634490967 -0.003290141 0.999843121 0.017422589 -12.851921082 0.029834054 -0.017316762 0.999404907 168.137847900
0.999941409 0.005262084 -0.009328574 -137.655868530 -0.005092514 0.999823272 0.018111054 -12.841557503 0.009421729 -0.018062489 0.999792576 169.372238159
0.999919474 0.005527692 0.011314929 -137.651077271 -0.005739760 0.999807179 0.018794596 -12.831141472 -0.011209369 -0.018858032 0.999759436 170.618621826
0.999462545 0.007708866 0.031822622 -137.622970581 -0.008298500 0.999795854 0.018437654 -12.820469856 -0.031674534 -0.018691830 0.999323487 171.874588013
0.998606861 0.008691313 0.052022368 -137.568847656 -0.009608407 0.999802649 0.017404284 -12.810723305 -0.051861361 -0.017879896 0.998494267 173.141891479
0.997390270 0.008653293 0.071662843 -137.488159180 -0.009765528 0.999837220 0.015184176 -12.802721977 -0.071520351 -0.015844384 0.997313142 174.422836304
0.995810688 0.010756034 0.090790972 -137.384780884 -0.011963598 0.999847114 0.012766423 -12.796648026 -0.090640351 -0.013799133 0.995787919 175.712753296
0.993868530 0.010954901 0.110013746 -137.253753662 -0.012258838 0.999862492 0.011182827 -12.794207573 -0.109876700 -0.012462908 0.993866920 177.012054443
0.991579950 0.011218168 0.129000440 -137.096572876 -0.012395519 0.999888659 0.008327218 -12.795426369 -0.128893256 -0.009856135 0.991609335 178.316253662
0.988960147 0.012291575 0.147662878 -136.912551880 -0.012901552 0.999911904 0.003173543 -12.801078796 -0.147611469 -0.005043588 0.989032388 179.631958008
0.986080706 0.014167242 0.165654868 -136.705902100 -0.013814877 0.999899447 -0.003279382 -12.813163757 -0.165685266 0.000945238 0.986178100 180.951614380
0.982915819 0.016032862 0.183349311 -136.474349976 -0.014776096 0.999857306 -0.008218901 -12.832049370 -0.183455557 0.005369307 0.983013213 182.280181885
0.979434788 0.018422225 0.200911671 -136.216156006 -0.016322643 0.999793828 -0.012102198 -12.860082626 -0.201093808 0.008573912 0.979534268 183.614166260
0.975606978 0.020440299 0.218565315 -135.931182861 -0.017626083 0.999734998 -0.014818312 -12.890563011 -0.218810946 0.010604404 0.975709438 184.955291748
0.971551776 0.019667316 0.236003548 -135.617767334 -0.016719554 0.999755442 -0.014485407 -12.924769402 -0.236231402 0.010127459 0.971643865 186.302459717
0.967232943 0.018873004 0.253182143 -135.276443481 -0.015618028 0.999767780 -0.014860291 -12.962394714 -0.253404438 0.010419167 0.967303991 187.655670166
0.962674618 0.018889245 0.269995511 -134.912368774 -0.014041384 0.999704063 -0.019875806 -13.000392914 -0.270291716 0.015342841 0.962655962 189.001617432
0.957907736 0.019940019 0.286377728 -134.522415161 -0.013607117 0.999617398 -0.024087198 -13.040700912 -0.286749184 0.019176561 0.957813442 190.350051880
0.952743948 0.022160143 0.302960277 -134.107849121 -0.015665017 0.999593019 -0.023852563 -13.090440750 -0.303366274 0.017979525 0.952704072 191.708282471
0.946993470 0.024413476 0.320318907 -133.667053223 -0.017539864 0.999550402 -0.024326902 -13.139410973 -0.320769548 0.017419085 0.946996748 193.069305420
0.940775573 0.028117109 0.337857306 -133.201507568 -0.020131961 0.999429703 -0.027116245 -13.190198898 -0.338427782 0.018708587 0.940805972 194.427185059
0.934370518 0.028822716 0.355131030 -132.706359863 -0.019019423 0.999336600 -0.031065758 -13.244562149 -0.355791539 0.022272561 0.934299648 195.778808594
0.927728951 0.029846111 0.372055322 -132.179138184 -0.018885439 0.999274909 -0.033070095 -13.306673050 -0.372773200 0.023653679 0.927620649 197.134094238
0.920584142 0.030284809 0.389364362 -131.624084473 -0.016768152 0.999134719 -0.038067460 -13.375178337 -0.390181065 0.028515402 0.920296252 198.483718872
0.912280262 0.033500824 0.408190161 -131.047393799 -0.017018154 0.998889208 -0.043945909 -13.447033882 -0.409209698 0.033144377 0.911837876 199.823028564
0.902378082 0.036985599 0.429351419 -130.434616089 -0.018547529 0.998720646 -0.047050975 -13.528892517 -0.430542976 0.034494385 0.901910424 201.165832520
0.890699983 0.039882477 0.452835381 -129.785812378 -0.020276271 0.998638451 -0.048070695 -13.615796089 -0.454136610 0.033634782 0.890296698 202.501068115
