1.000000000 0.000000000 0.000000000 0.000000000 0.000000000 1.000000000 0.000000000 0.000000000 0.000000000 0.000000000 1.000000000 0.000000000
0.999873638 0.001517080 0.015823722 0.010146072 -0.001501619 0.999998391 -0.000988926 -0.001084278 -0.015825197 0.000965040 0.999874294 0.129196823
0.999291837 0.004453579 0.037362032 0.025718121 -0.004435819 0.999989986 -0.000558238 -0.001787409 -0.037364148 0.000392112 0.999301612 0.276703149
0.997893155 0.005984234 0.064601898 0.053959642 -0.006046737 0.999981403 0.000772021 -0.002469312 -0.064596079 -0.001161025 0.997910798 0.439582437
0.995091140 0.005536698 0.098807745 0.096849538 -0.005860306 0.999978364 0.002985189 -0.002909638 -0.098789081 -0.003549579 0.995102048 0.616920412
0.990546107 0.002329735 0.137160257 0.155620188 -0.003041197 0.999982953 0.004977758 -0.002727175 -0.137146339 -0.005347830 0.990536332 0.805762291
0.984211326 -0.000683260 0.176995993 0.228212863 -0.000267389 0.999985635 0.005347108 -0.001512238 -0.176997110 -0.005310011 0.984197021 1.006948233
0.975321054 -0.000690877 0.220790207 0.312507868 -0.000755409 0.999978781 0.006465994 0.002005608 -0.220789999 -0.006473207 0.975299835 1.220750093
0.963075221 -0.000479398 0.269232005 0.407431781 -0.002110196 0.999954224 0.009328955 0.007255749 -0.269224167 -0.009552617 0.963030100 1.447309017
0.948360980 -0.004341224 0.317163289 0.527715981 -0.000930939 0.999863923 0.016469434 0.008281905 -0.317191631 -0.015914228 0.948227882 1.684529543
0.931168020 -0.013807164 0.364328325 0.676747084 0.005328541 0.999691308 0.024266934 0.008825306 -0.364550918 -0.020655256 0.930954158 1.917927861
0.909506440 -0.019219281 0.415245116 0.832474828 0.008107424 0.999560654 0.028506257 0.012906089 -0.415610552 -0.022560051 0.909262776 2.147399902
0.883872032 -0.020665571 0.467271656 1.001295209 0.006149422 0.999450445 0.032569721 0.017664887 -0.467687964 -0.025914015 0.883513570 2.378583908
0.855201721 -0.023076821 0.517780960 1.192669511 0.004496159 0.999300957 0.037111379 0.024222329 -0.518275499 -0.029409684 0.854707778 2.608029127
0.822546422 -0.028020160 0.568006992 1.406931400 0.005493863 0.999130368 0.041331939 0.032004319 -0.568671227 -0.030876879 0.821985066 2.832309723
0.786163807 -0.033510968 0.617108703 1.642623782 0.007598733 0.998977423 0.044567272 0.039338268 -0.617971182 -0.030347921 0.785614610 3.051429272
0.747680783 -0.037540417 0.662996173 1.899681926 0.008333706 0.998852551 0.047159225 0.049239010 -0.664005876 -0.029734822 0.747135699 3.269103289
0.707351804 -0.040597327 0.705694735 2.179495096 0.009337839 0.998798788 0.048099294 0.063119218 -0.706799805 -0.027433451 0.706881285 3.482551336
0.665076196 -0.042249799 0.745579243 2.482498646 0.008360787 0.998756886 0.049138598 0.080196649 -0.746728420 -0.026447281 0.664602697 3.696850300
0.622069359 -0.042273760 0.781820059 2.807528734 0.003418300 0.998678386 0.051279671 0.096733212 -0.782954574 -0.029227007 0.621391654 3.913882732
0.579975009 -0.043027472 0.813497365 3.159993649 0.000590115 0.998625875 0.052398574 0.112948835 -0.814634085 -0.029909791 0.579203248 4.125679016
0.539532542 -0.044255279 0.840801001 3.540679932 -0.001304869 0.998572230 0.053396855 0.130446225 -0.841963708 -0.029906459 0.538704455 4.332039833
0.500685155 -0.046441678 0.864382863 3.951287746 -0.002767809 0.998468459 0.055249088 0.148119181 -0.865624964 -0.030054830 0.499789774 4.535872936
0.463098049 -0.046158861 0.885104358 4.387801647 -0.005857432 0.998461425 0.055135217 0.167606875 -0.886287689 -0.030717432 0.462115079 4.737720013
0.426470339 -0.045488320 0.903357089 4.851616383 -0.006751957 0.998546362 0.053469129 0.188163906 -0.904476285 -0.028902410 0.425543249 4.929457188
0.392794281 -0.044082116 0.918569326 5.344878674 -0.005437735 0.998721302 0.050253890 0.211693004 -0.919610322 -0.024734357 0.392052263 5.112879753
0.363158345 -0.042312361 0.930766344 5.867450714 -0.003303031 0.998903215 0.046698615 0.235031158 -0.931721568 -0.020033320 0.362620294 5.290847301
0.337722242 -0.040433466 0.940377057 6.418048859 -0.002100622 0.999041736 0.043710299 0.259698719 -0.941243470 -0.016737297 0.337313592 5.469287872
0.317554057 -0.039834503 0.947403193 6.997578144 -0.000936557 0.999103308 0.042322215 0.284194827 -0.948239684 -0.014326869 0.317232013 5.648639202
0.302864462 -0.040348638 0.952179253 7.602343559 0.000033936 0.999103427 0.042326275 0.308339804 -0.953033686 -0.012786795 0.302594304 5.831031799
0.291413963 -0.041876480 0.955679953 8.232963562 0.001035361 0.999053955 0.043461379 0.330881268 -0.956596851 -0.011675750 0.291181684 6.014461517
0.280426502 -0.043769397 0.958877087 8.887280464 -0.000233337 0.998956084 0.045667134 0.355480224 -0.959875762 -0.013029989 0.280123591 6.203861713
0.269830465 -0.045519866 0.961831272 9.566768646 -0.001637016 0.998858273 0.047731481 0.381746501 -0.962906718 -0.014453916 0.269447923 6.393496513
0.259648174 -0.047281571 0.964545131 10.266729355 -0.002504551 0.998763859 0.049633186 0.410157651 -0.965700388 -0.015302891 0.259208798 6.581298828
0.249358803 -0.049130648 0.967164099 10.993063927 -0.003496953 0.998659551 0.051632196 0.440037429 -0.968405187 -0.016257046 0.248852745 6.768163681
0.238849550 -0.050625980 0.969736040 11.738888741 -0.003675484 0.998585224 0.053037386 0.472173214 -0.971049845 -0.016232179 0.238325566 6.950534821
0.228437781 -0.051932633 0.972172439 12.505863190 -0.003784649 0.998520732 0.054229468 0.505122960 -0.973551512 -0.016067363 0.227903277 7.128850937
0.217757195 -0.054740749 0.974466681 13.289429665 -0.005106113 0.998347878 0.057223327 0.540935040 -0.975989938 -0.017436503 0.217117921 7.305030346
0.206359357 -0.058433730 0.976729929 14.084372520 -0.006810534 0.998104751 0.061151419 0.577212095 -0.978452861 -0.019271195 0.205570295 7.473372459
0.194119841 -0.062269721 0.978999436 14.884096146 -0.007727323 0.997854829 0.065001234 0.614943027 -0.980947614 -0.020183049 0.193222225 7.631320000
0.181001261 -0.064576149 0.981360435 15.688286781 -0.008688007 0.997697830 0.067253619 0.651774108 -0.983444512 -0.020699035 0.180023596 7.778832436
0.166894987 -0.065173388 0.983818173 16.497127533 -0.009057751 0.997669280 0.067627512 0.690219581 -0.985933125 -0.020197853 0.165915728 7.913991451
0.152310088 -0.064177394 0.986246765 17.312982559 -0.010486136 0.997728169 0.066543929 0.730534554 -0.988277256 -0.020477206 0.151291147 8.040583611
0.135474101 -0.063011482 0.988775134 18.135353088 -0.011098726 0.997816265 0.065108322 0.772285104 -0.990718842 -0.019794609 0.134478971 8.152907372
0.114776455 -0.061523668 0.991484284 18.962749481 -0.013706394 0.997887075 0.063507654 0.809354901 -0.993296921 -0.020878835 0.113690719 8.248967171
0.088966437 -0.060119215 0.994218528 19.795923233 -0.018262867 0.997910380 0.061976682 0.848091483 -0.995867312 -0.023671106 0.087682620 8.325200081
0.058474079 -0.059663340 0.996504366 20.633966446 -0.022231277 0.997886896 0.061050635 0.884484529 -0.998041511 -0.025723418 0.057024136 8.374643326
0.025061056 -0.059533317 0.997911692 21.478172302 -0.025512803 0.997861803 0.060171068 0.920001507 -0.999360502 -0.026967455 0.023488626 8.394096375
-0.009453088 -0.058977693 0.998214483 22.322216034 -0.027288066 0.997902393 0.058700833 0.952727556 -0.999583066 -0.026684418 -0.011042655 8.382449150
-0.043635413 -0.057660036 0.997382224 23.170036316 -0.028394386 0.998001099 0.056453574 0.985658407 -0.998644114 -0.025856653 -0.045185432 8.341721535
-0.076652505 -0.055849358 0.995492458 24.013824463 -0.030796237 0.998085856 0.053623557 1.015486121 -0.996582508 -0.026547009 -0.078225762 8.275409698
-0.109306067 -0.052950770 0.992596805 24.858860016 -0.033273607 0.998215079 0.049586352 1.043136597 -0.993451476 -0.027607156 -0.110872880 8.181972504
-0.141918838 -0.048362181 0.988696277 25.699928284 -0.030565977 0.998543262 0.044456366 1.067104101 -0.989406586 -0.023911238 -0.143190429 8.054571152
-0.173643351 -0.042313281 0.983899236 26.532896042 -0.025471693 0.998934865 0.038464546 1.087678909 -0.984479487 -0.018382428 -0.174536288 7.895154476
-0.204272687 -0.035812721 0.978258729 27.360795975 -0.019320391 0.999283016 0.032548063 1.103297114 -0.978723705 -0.012251619 -0.204818279 7.709005833
-0.233346149 -0.029839981 0.971935749 28.184730530 -0.013452356 0.999532104 0.027457537 1.115580559 -0.972300887 -0.006667675 -0.233638525 7.497111797
-0.261384904 -0.023506219 0.964948416 29.003971100 -0.005101614 0.999722719 0.022971403 1.122753143 -0.965221465 0.001081630 -0.261432558 7.258303642
-0.287566364 -0.012846854 0.957674563 29.809833527 0.000763979 0.999906242 0.013642780 1.121145248 -0.957760692 0.004654903 -0.287529767 6.998522282
-0.312746137 0.002990928 0.949832082 30.601776123 0.005604746 0.999983251 -0.001303408 1.110786915 -0.949820518 0.004915982 -0.312757790 6.722149849
-0.337383062 0.020368598 0.941147089 31.385814667 0.006570951 0.999792159 -0.019282240 1.091875315 -0.941344798 -0.000321232 -0.337447047 6.432677269
-0.362529933 0.035391901 0.931300044 32.159114838 0.006886891 0.999352872 -0.035297211 1.063870907 -0.931946874 -0.006382499 -0.362539262 6.126121521
-0.386879325 0.045800220 0.920992434 32.925910950 0.010808155 0.998922229 -0.045135442 1.020662785 -0.922067285 -0.007507705 -0.386957586 5.794270515
-0.410244286 0.050035235 0.910602331 33.686332703 0.013876104 0.998720467 -0.048625637 0.971604824 -0.911870301 -0.007312743 -0.410413861 5.440479279
-0.432537019 0.049788628 0.900240541 34.442092896 0.017553002 0.998749733 -0.046803091 0.918808103 -0.901445568 -0.004442110 -0.432870299 5.066802025
-0.452636123 0.045585837 0.890529513 35.183612823 0.021132015 0.998960137 -0.040395424 0.866700053 -0.891445100 0.000534292 -0.453128994 4.677442551
-0.470150262 0.044645790 0.881456673 35.910461426 0.029156735 0.998960137 -0.035045758 0.817083120 -0.882104874 0.009223668 -0.470963299 4.269748688
-0.483811438 0.045022104 0.874013603 36.624359131 0.031373873 0.998925984 -0.034089521 0.770477533 -0.874609947 0.010928330 -0.484704554 3.863622665
-0.494812250 0.049259376 0.867602944 37.326030731 0.035354264 0.998706400 -0.036539681 0.725628376 -0.868280709 0.012593213 -0.495913923 3.454071045
-0.504527271 0.051759657 0.861843109 38.020092010 0.036128495 0.998592556 -0.038822614 0.680781722 -0.862639844 0.011550060 -0.505687356 3.041869164
-0.515065670 0.051116087 0.855625510 38.709045410 0.030253433 0.998682201 -0.041450646 0.632216096 -0.856616974 0.004535842 -0.515933573 2.630956650
-0.526099265 0.049778868 0.848965585 39.394203186 0.029778225 0.998751342 -0.040108141 0.584882498 -0.849902034 0.004179840 -0.526924849 2.207929611
-0.534631133 0.051232994 0.843531609 40.069900513 0.031838205 0.998672903 -0.040476628 0.542052984 -0.844485939 0.005216483 -0.535552979 1.770563126
-0.541691244 0.054411970 0.838815212 40.749176025 0.035062127 0.998496532 -0.042127691 0.495569229 -0.839846373 0.006590462 -0.542784810 1.323572159
-0.545054495 0.057363503 0.836436450 41.440795898 0.036195517 0.998336256 -0.044880331 0.451483011 -0.837619245 0.005813033 -0.546224177 0.870634079
-0.544680178 0.059637908 0.836521208 42.150009155 0.035993375 0.998211324 -0.047729068 0.407049060 -0.837871373 0.004112151 -0.545852900 0.407606125
-0.541363001 0.059871342 0.838655174 42.875610352 0.037920613 0.998184860 -0.046781886 0.359255672 -0.839933693 0.006476349 -0.542650938 -0.061416626
-0.535544813 0.058707356 0.842464328 43.622165680 0.035977215 0.998260856 -0.046693817 0.308728695 -0.843740523 0.005302910 -0.536725760 -0.530309677
-0.528647542 0.057329845 0.846903741 44.384136200 0.033677943 0.998347461 -0.046559438 0.259695530 -0.848173440 0.003908467 -0.529704869 -0.998519897
-0.521579623 0.056809545 0.851309657 45.167613983 0.031959184 0.998381197 -0.047043204 0.208483338 -0.852603972 0.002670402 -0.522551239 -1.471300125
-0.515281796 0.055349186 0.855232179 45.968791962 0.029037867 0.998466671 -0.047123633 0.155575156 -0.856528878 0.000552190 -0.516099274 -1.946388245
-0.511025488 0.052998208 0.857930720 46.787490845 0.024507293 0.998589635 -0.047089610 0.102939606 -0.859215975 -0.003038407 -0.511604190 -2.424070358
-0.509715259 0.050383970 0.858867168 47.622585297 0.020390622 0.998710513 -0.046486348 0.048880219 -0.860101402 -0.006181933 -0.510085821 -2.907819748
-0.510182440 0.047782287 0.858738363 48.470481873 0.017125947 0.998821616 -0.045402236 -0.005962014 -0.859895587 -0.008456680 -0.510400057 -3.400909424
-0.511085093 0.046819437 0.858254492 49.327621460 0.016170284 0.998862088 -0.044860564 -0.061379552 -0.859377861 -0.009049313 -0.511261046 -3.904985428
-0.511555374 0.046102304 0.858013034 50.194004059 0.015917864 0.998896360 -0.044181794 -0.115758181 -0.859102786 -0.008943662 -0.511725068 -4.416852951
-0.511768520 0.045709021 0.857907116 51.072448730 0.015892871 0.998916209 -0.043741364 -0.171369553 -0.858976245 -0.008750809 -0.511940718 -4.935907364
-0.511789143 0.044955511 0.857934594 51.959232330 0.016059045 0.998955786 -0.042765193 -0.226480961 -0.858960927 -0.008109110 -0.511977136 -5.461826324
-0.511899829 0.044798508 0.857876837 52.848953247 0.015769783 0.998960793 -0.042756043 -0.283425808 -0.858900249 -0.008358240 -0.512074828 -5.989374161
-0.512132406 0.043202572 0.857819736 53.745426178 0.014048697 0.999021649 -0.041926663 -0.341755390 -0.858791530 -0.009420713 -0.512238741 -6.517404556
-0.512153208 0.042495899 0.857842743 54.645355225 0.013616898 0.999051213 -0.041361492 -0.402265549 -0.858786106 -0.009502220 -0.512246370 -7.048101425
-0.511565804 0.041718464 0.858231306 55.541221619 0.012687102 0.999078631 -0.041002639 -0.463781834 -0.859150410 -0.010087029 -0.511624038 -7.576969147
-0.510326684 0.040145032 0.859043539 56.433853149 0.012274179 0.999148130 -0.039400794 -0.523937106 -0.859892905 -0.009563173 -0.510385096 -8.099910736
-0.508330226 0.038089760 0.860319972 57.328376770 0.012551913 0.999243021 -0.036823988 -0.583183050 -0.861070752 -0.007920029 -0.508423805 -8.623495102
-0.505941868 0.036770694 0.861784041 58.219863892 0.013045669 0.999302983 -0.034979433 -0.640674591 -0.862468958 -0.006454951 -0.506069124 -9.142766953
-0.503618598 0.036611266 0.863150477 59.112888336 0.013381573 0.999312460 -0.034579013 -0.695901155 -0.863822401 -0.005864263 -0.503762543 -9.658624649
-0.501557112 0.036949657 0.864335537 60.008056641 0.013689918 0.999301493 -0.034775347 -0.750000477 -0.865016103 -0.005609085 -0.501712859 -10.172555923
-0.500679493 0.037476040 0.864821613 60.898483276 0.013618301 0.999279797 -0.035418458 -0.805353045 -0.865525603 -0.005955839 -0.500829577 -10.682794571
-0.501573920 0.038826901 0.864243448 61.785697937 0.012973496 0.999217689 -0.037361413 -0.862526655 -0.865017414 -0.007527195 -0.501685560 -11.191049576
-0.504543424 0.040610559 0.862431288 62.664222717 0.011794453 0.999124229 -0.040147178 -0.921174407 -0.863305688 -0.010084036 -0.504580855 -11.697563171
-0.509061217 0.041068885 0.859750569 63.539176941 0.010557741 0.999083877 -0.041473340 -0.980118394 -0.860665560 -0.012035388 -0.509028733 -12.208786011
-0.514486909 0.039814577 0.856574118 64.410636902 0.012013302 0.999158144 -0.039226469 -1.037787199 -0.857414305 -0.009891159 -0.514532328 -12.729557037
-0.519974351 0.037487336 0.853359640 65.279411316 0.013227173 0.999270082 -0.035837401 -1.096734881 -0.854079723 -0.007346928 -0.520090878 -13.256780624
-0.525288999 0.034879420 0.850209475 66.138290405 0.010408283 0.999348223 -0.034567162 -1.154436231 -0.850860536 -0.009308465 -0.525309741 -13.779474258
-0.530261874 0.038258061 0.846971154 66.987564087 0.012576283 0.999226451 -0.037261900 -1.208648682 -0.847740948 -0.009106752 -0.530332923 -14.309457779
-0.535302341 0.039839976 0.843721330 67.828002930 0.013073635 0.999158204 -0.038884994 -1.263315320 -0.844559669 -0.009784659 -0.535372734 -14.838624954
-0.540010571 0.040893555 0.840665042 68.661804199 0.012032509 0.999092042 -0.040870924 -1.321404576 -0.841572464 -0.011955356 -0.540012538 -15.368030548
-0.543787241 0.040855244 0.838228941 69.490570068 0.010720651 0.999071002 -0.041739848 -1.380152225 -0.839155018 -0.013711168 -0.543720067 -15.898689270
-0.547059059 0.040400207 0.836119354 70.313644409 0.011972315 0.999110162 -0.040442441 -1.437023163 -0.837008655 -0.012114054 -0.547056079 -16.436069489
-0.549412549 0.033714641 0.834871590 71.138626099 0.012907689 0.999408841 -0.031864870 -1.488300085 -0.835451663 -0.006730632 -0.549523175 -16.978570938
-0.551585615 0.024965042 0.833745480 71.961730957 0.012384446 0.999687016 -0.021740638 -1.539265871 -0.834026575 -0.001666280 -0.551722348 -17.519016266
-0.553242922 0.023622740 0.832685947 72.778518677 0.013595883 0.999720752 -0.019328212 -1.583064556 -0.832909405 0.000627967 -0.553409755 -18.056180954
-0.554411471 0.028027607 0.831771612 73.580574036 0.013286042 0.999603450 -0.024827218 -1.620209694 -0.832137048 -0.002713479 -0.554564118 -18.585033417
-0.555540979 0.034518108 0.830773354 74.376403809 0.015340976 0.999393284 -0.031265620 -1.664672136 -0.831348062 -0.004624395 -0.555733621 -19.116930008
-0.555918336 0.038127549 0.830363095 75.173210144 0.020566424 0.999272525 -0.032114372 -1.709172249 -0.830982983 -0.000775305 -0.556298137 -19.656074524
-0.555753291 0.039415661 0.830413282 75.967208862 0.024114085 0.999219418 -0.031289753 -1.759034872 -0.830998063 0.002635335 -0.556269944 -20.193872452
-0.555280328 0.035875276 0.830890119 76.767105103 0.022702144 0.999350667 -0.027977165 -1.804995894 -0.831353903 0.003327882 -0.555734336 -20.726882935
-0.554577112 0.031121634 0.831551254 77.566032410 0.021411477 0.999503076 -0.023127714 -1.843653440 -0.831857443 0.004978703 -0.554967999 -21.256351471
-0.553819060 0.024312003 0.832283020 78.364868164 0.018252296 0.999687850 -0.017056650 -1.884336710 -0.832437515 0.005744842 -0.554090023 -21.781532288
-0.553345859 0.018521372 0.832746625 79.164710999 0.009907410 0.999828398 -0.015654204 -1.922245145 -0.832893252 -0.000411760 -0.553434432 -22.294651031
-0.551929355 0.013273476 0.833786309 79.965522766 0.002599201 0.999895811 -0.014197325 -1.952013135 -0.833887458 -0.005668670 -0.551906347 -22.804441452
-0.549778283 0.014262374 0.835189939 80.755111694 0.006250541 0.999896467 -0.012960526 -1.984782219 -0.835288107 -0.001904950 -0.549810171 -23.325740814
-0.546667337 0.017466305 0.837168753 81.541854858 0.010420873 0.999846876 -0.014055583 -2.020165205 -0.837285817 0.001040377 -0.546765387 -23.843334198
-0.541403294 0.020654202 0.840510309 82.334739685 0.012592103 0.999785304 -0.016457114 -2.049167395 -0.840669632 0.001673936 -0.541546702 -24.350858688
-0.533543229 0.023024458 0.845460415 83.125595093 0.017861521 0.999713123 -0.015953414 -2.081605434 -0.845584989 0.006589452 -0.533801019 -24.856756210
-0.525377154 0.026429616 0.850459933 83.921691895 0.025462907 0.999558091 -0.015333263 -2.118167877 -0.850489140 0.013599511 -0.525817752 -25.357883453
-0.515478253 0.025309853 0.856529772 84.723289490 0.022742638 0.999615669 -0.015850944 -2.146417856 -0.856601596 0.011309006 -0.515855551 -25.836048126
-0.504706264 0.022996858 0.862985909 85.536956787 0.020590601 0.999681413 -0.014597395 -2.174053192 -0.863046348 0.010402081 -0.505018651 -26.301200867
-0.493147194 0.019807966 0.869721413 86.352706909 0.020957040 0.999721050 -0.010885738 -2.204225540 -0.869694173 0.012858590 -0.493424445 -26.760517120
-0.482009053 0.019041052 0.875960350 87.172508240 0.020565044 0.999734223 -0.010415394 -2.233881950 -0.875925660 0.012993924 -0.482272297 -27.206119537
-0.470114052 0.018231381 0.882418394 87.995773315 0.021164583 0.999731958 -0.009379616 -2.258981228 -0.882352710 0.014266600 -0.470373571 -27.639354706
-0.457883120 0.019370401 0.888802290 88.821075439 0.022895854 0.999687910 -0.009991821 -2.287078142 -0.888718307 0.015774880 -0.458183438 -28.065591812
-0.445851892 0.023060175 0.894810617 89.646659851 0.022350891 0.999643147 -0.014625199 -2.321233988 -0.894828439 0.013479222 -0.446207881 -28.471834183
-0.434049934 0.032169767 0.900315166 90.475494385 0.024379998 0.999415636 -0.023957005 -2.346875668 -0.900559664 0.011551229 -0.434580296 -28.872264862
-0.421588212 0.036513597 0.906052887 91.309875488 0.023187755 0.999296367 -0.029481992 -2.377439976 -0.906491697 0.008580155 -0.422137856 -29.255268097
-0.410106242 0.032950692 0.911443293 92.159675598 0.021218229 0.999421418 -0.026584122 -2.415841103 -0.911791682 0.008436981 -0.410567820 -29.629997253
-0.398433298 0.029210426 0.916733027 93.004821777 0.019298537 0.999538422 -0.023461346 -2.455847979 -0.916994989 0.008343905 -0.398812860 -29.989347458
-0.388839662 0.029795717 0.920824528 93.853019714 0.016063938 0.999544263 -0.025559556 -2.497183561 -0.921166182 0.004853580 -0.389140725 -30.336875916
-0.382060111 0.034002386 0.923512697 94.693572998 0.010694629 0.999418616 -0.032372754 -2.540387869 -0.924076319 -0.002491631 -0.382201374 -30.668054581
-0.377315819 0.038643293 0.925279021 95.540634155 0.004189380 0.999189973 -0.040021762 -2.584160805 -0.926075816 -0.011224414 -0.377171874 -30.994062424
-0.373979568 0.040496074 0.926553369 96.386047363 0.000923586 0.999062002 -0.043292388 -2.633839369 -0.927437186 -0.015334628 -0.373665929 -31.322269440
-0.370357841 0.040154777 0.928022027 97.235183716 -0.000572448 0.999055147 -0.043456826 -2.688892365 -0.928889573 -0.016625727 -0.369984776 -31.650560379
-0.365445614 0.040191922 0.929965734 98.085006714 -0.001426825 0.999042094 -0.043738045 -2.740990162 -0.930832207 -0.017310683 -0.365038037 -31.977270126
-0.359756321 0.035631258 0.932366908 98.945053101 -0.004202752 0.999198616 -0.039806973 -2.796869993 -0.933037460 -0.018239222 -0.359318137 -32.301078796
-0.354503632 0.031903140 0.934511423 99.798362732 -0.004417434 0.999349535 -0.035792414 -2.849322796 -0.935044825 -0.016816592 -0.354131877 -32.617599487
-0.348719329 0.028833833 0.936784744 100.649215698 -0.006170049 0.999434412 -0.033059008 -2.901631355 -0.937207460 -0.017308228 -0.348344058 -32.927642822
-0.343121737 0.027002908 0.938903928 101.503646851 -0.014541545 0.999314249 -0.034054540 -2.947396040 -0.939178944 -0.025337869 -0.342493564 -33.221286774
-0.337047994 0.027047327 0.941100061 102.355957031 -0.021718521 0.999097824 -0.036492560 -2.991927147 -0.941237450 -0.032738943 -0.336156398 -33.505088806
-0.330288082 0.031290017 0.943362594 103.202842712 -0.019839415 0.998999417 -0.040081583 -3.041139603 -0.943672240 -0.031954128 -0.329336703 -33.796501160
-0.323365211 0.034675188 0.945639849 104.047515869 -0.017878933 0.998926103 -0.042742919 -3.089432240 -0.946105838 -0.030728502 -0.322397768 -34.082206726
-0.316867232 0.032819223 0.947903037 104.908798218 -0.019149097 0.998976052 -0.040988762 -3.135700703 -0.948277116 -0.031139378 -0.315914124 -34.362617493
-0.309927285 0.028015103 0.950348616 105.772079468 -0.019709421 0.999161482 -0.035881717 -3.186252832 -0.950556517 -0.029851422 -0.309115022 -34.637191772
-0.302888125 0.025341295 0.952690303 106.634216309 -0.021200310 0.999219716 -0.033319205 -3.233901501 -0.952790737 -0.030289207 -0.302114427 -34.904685974
-0.296590298 0.028638303 0.954576433 107.489746094 -0.023088329 0.999042869 -0.037146010 -3.278372049 -0.954726219 -0.033056602 -0.295645088 -35.159770966
-0.290191174 0.031462062 0.956452549 108.351318359 -0.022509245 0.998958409 -0.039689697 -3.325697422 -0.956704438 -0.033046506 -0.289180607 -35.413066864
-0.283525527 0.032031495 0.958430767 109.213523865 -0.025066964 0.998852670 -0.040797845 -3.372478962 -0.958637536 -0.035592061 -0.282397181 -35.657184601
-0.276587784 0.031486876 0.960473835 110.080314636 -0.025248695 0.998879731 -0.040016830 -3.423918247 -0.960657418 -0.035318758 -0.275482804 -35.897495270
-0.268675596 0.031429734 0.962719023 110.947181702 -0.021144979 0.999034047 -0.038516484 -3.473323345 -0.962999165 -0.030704996 -0.267751336 -36.136837006
-0.260886550 0.032622620 0.964819252 111.812393188 -0.018412139 0.999078751 -0.038759675 -3.522935867 -0.965194345 -0.027876148 -0.260045379 -36.372318268
-0.254243046 0.033222705 0.966570675 112.680442810 -0.017166391 0.999097109 -0.038856111 -3.572749853 -0.966988385 -0.026471313 -0.253443092 -36.597496033
-0.247400835 0.032134198 0.968381405 113.551048279 -0.022970300 0.998974264 -0.039017837 -3.619793415 -0.968641341 -0.031896938 -0.246408790 -36.808242798
-0.241447031 0.030641692 0.969931304 114.421745300 -0.026717531 0.998912394 -0.038208134 -3.666229486 -0.970046461 -0.035139289 -0.240365595 -37.014678955
-0.236717090 0.030906979 0.971088052 115.294219971 -0.023717251 0.999012113 -0.037577182 -3.714673042 -0.971289337 -0.031926587 -0.235750079 -37.226142883
-0.231657878 0.031962365 0.972273231 116.174514771 -0.020704627 0.999071538 -0.037776534 -3.763453484 -0.972577214 -0.028881669 -0.230780914 -37.441062927
-0.226841837 0.033258900 0.973364711 117.043792725 -0.019776510 0.999053240 -0.038745578 -3.811909914 -0.973731041 -0.028038761 -0.225969180 -37.638710022
-0.220900625 0.032646663 0.974750936 117.919296265 -0.013535107 0.999240577 -0.036534268 -3.857392311 -0.975202680 -0.021263691 -0.220290840 -37.840972900
-0.215225533 0.031781040 0.976048231 118.795585632 -0.005799172 0.999410927 -0.033820536 -3.902317286 -0.976547420 -0.012939212 -0.214914352 -38.044738770
-0.210299462 0.030875398 0.977150559 119.670562744 -0.003945735 0.999466062 -0.032429729 -3.951560020 -0.977629244 -0.010675436 -0.210065246 -38.233936310
-0.206076801 0.032594569 0.977993965 120.544685364 -0.005788397 0.999386847 -0.034527283 -3.994547129 -0.978518903 -0.012776186 -0.205761686 -38.411525726
-0.202576682 0.034466513 0.978660822 121.418151855 -0.007455453 0.999297082 -0.036736548 -4.037150383 -0.979238272 -0.014738222 -0.202177212 -38.583457947
-0.200901836 0.033694107 0.979032874 122.295860291 -0.010351258 0.999279380 -0.036515065 -4.084604263 -0.979556978 -0.017470058 -0.200408176 -38.753349304
-0.199979633 0.032668572 0.979256392 123.177909851 -0.011129824 0.999303520 -0.035610296 -4.127792835 -0.979736865 -0.018020175 -0.199476719 -38.925712585
-0.198675454 0.028400384 0.979654849 124.053848267 -0.009611435 0.999475241 -0.030924246 -4.169646740 -0.980018258 -0.015559668 -0.198298201 -39.105445862
-0.197471216 0.023125902 0.980036974 124.925415039 -0.010230027 0.999618351 -0.025649305 -4.216779232 -0.980255246 -0.015090693 -0.197159231 -39.277690887
-0.196439415 0.021310341 0.980285466 125.800582886 -0.009149914 0.999680161 -0.023565564 -4.258910179 -0.980473280 -0.013598626 -0.196181551 -39.452301025
-0.195111722 0.026038548 0.980436444 126.661117554 -0.009346573 0.999552369 -0.028406303 -4.296050072 -0.980736554 -0.014706011 -0.194780961 -39.621223450
-0.195068181 0.029709617 0.980340719 127.518875122 -0.009667909 0.999433994 -0.032212019 -4.334064484 -0.980742157 -0.015761275 -0.194670469 -39.787914276
-0.195139006 0.028809868 0.980353475 128.386215210 -0.012712431 0.999409914 -0.031900343 -4.374375343 -0.980693281 -0.018687565 -0.194657579 -39.952922821
-0.194475010 0.027875505 0.980512500 129.249313354 -0.014564557 0.999403596 -0.031301361 -4.420164585 -0.980799317 -0.020367948 -0.193952993 -40.118988037
-0.193536997 0.028609548 0.980676889 130.110900879 -0.008914115 0.999481976 -0.030917404 -4.468636036 -0.981052518 -0.014725421 -0.193181619 -40.294803619
-0.192949563 0.031062862 0.980717957 130.926361084 -0.010874973 0.999369383 -0.033793256 -4.508410931 -0.981148481 -0.017185565 -0.192490026 -40.442783356
-0.193164051 0.031914491 0.980648577 131.775268555 -0.018907310 0.999163747 -0.036241397 -4.555822849 -0.980984628 -0.025541846 -0.192399040 -40.596397400
-0.192844346 0.033239100 0.980667472 132.615493774 -0.025026215 0.998933911 -0.038779590 -4.602331638 -0.980910361 -0.032020699 -0.191806838 -40.745128632
-0.192559719 0.036831304 0.980594993 133.437759399 -0.022282341 0.998873174 -0.041893478 -4.649739742 -0.981032431 -0.029916832 -0.191521958 -40.900550842
-0.192256063 0.037806407 0.980617404 134.266387939 -0.020531582 0.998883605 -0.042536031 -4.701432228 -0.981130242 -0.028311320 -0.191265106 -41.056869507
-0.190812722 0.038834136 0.980859220 135.080444336 -0.022528591 0.998780310 -0.043926358 -4.749546051 -0.981368184 -0.030478965 -0.189705044 -41.200901031
-0.188898385 0.038351294 0.981248677 135.904663086 -0.014183332 0.999025941 -0.041776560 -4.797018051 -0.981894493 -0.021808790 -0.188170344 -41.362594604
-0.185553417 0.035192642 0.982005000 136.718063354 -0.009554132 0.999246180 -0.037615877 -4.846438408 -0.982587934 -0.016361851 -0.185077250 -41.517520905
-0.183673099 0.030403404 0.982518256 137.539688110 -0.005951930 0.999468386 -0.032040633 -4.893333912 -0.982969642 -0.011732778 -0.183394447 -41.670967102
-0.179928571 0.030059190 0.983221531 138.350799561 -0.004485261 0.999497116 -0.031377628 -4.936923027 -0.983669579 -0.010055635 -0.179703236 -41.816387177
-0.175029740 0.035108402 0.983938217 139.162933350 -0.004033224 0.999329627 -0.036375109 -4.982059956 -0.984555066 -0.010335068 -0.174770772 -41.956466675
-0.168754786 0.038194600 0.984919012 139.977432251 -0.003088054 0.999223173 -0.039278474 -5.026089668 -0.985653400 -0.009669817 -0.168505803 -42.088241577
-0.160653770 0.038900200 0.986245155 140.788619995 -0.003253196 0.999196351 -0.039941020 -5.065397739 -0.987005651 -0.009625030 -0.160398170 -42.214134216
-0.151338831 0.034508489 0.987880647 141.595016479 -0.002025884 0.999377131 -0.035220496 -5.110942364 -0.988480031 -0.007331466 -0.151174709 -42.328933716
-0.139389187 0.033110265 0.989685178 142.401748657 0.001727814 0.999447048 -0.033193562 -5.155557632 -0.990236282 -0.002916741 -0.139369369 -42.442558289
-0.125501111 0.035942830 0.991443396 143.203216553 0.006080523 0.999352276 -0.035459906 -5.195788860 -0.992074966 0.001578325 -0.125638410 -42.545310974
-0.111254260 0.036865544 0.993109226 144.009277344 0.005864086 0.999318361 -0.036439154 -5.237219334 -0.993774712 0.001769753 -0.111394688 -42.632232666
-0.097264312 0.036925364 0.994574547 144.808898926 0.007739178 0.999309063 -0.036344334 -5.280253410 -0.995228529 0.004162265 -0.097482972 -42.709114075
-0.083640270 0.038711898 0.995744944 145.601531982 0.008576528 0.999235868 -0.038127247 -5.324378967 -0.996459186 0.005351146 -0.083908461 -42.771327972
-0.069894150 0.044883806 0.996545255 146.396301270 0.005922524 0.998987973 -0.044578489 -5.375784874 -0.997536957 0.002786373 -0.070089318 -42.820480347
-0.057245649 0.053925015 0.996903896 147.177581787 -0.000987269 0.998536348 -0.054070055 -5.425451279 -0.998359680 -0.004079398 -0.057108715 -42.849098206
-0.043391492 0.061919995 0.997138560 147.952865601 -0.004752624 0.998053133 -0.062183630 -5.476407051 -0.999046683 -0.007437171 -0.043012816 -42.870788574
-0.030375350 0.062553912 0.997580409 148.730316162 -0.005257661 0.998015702 -0.062741332 -5.530369759 -0.999524653 -0.007150636 -0.029986288 -42.885871887
-0.018648434 0.058682844 0.998103678 149.513549805 -0.008996094 0.998225510 -0.058858138 -5.589109421 -0.999785483 -0.010076547 -0.018087545 -42.889255524
-0.008045454 0.056313727 0.998381853 150.292556763 -0.012994875 0.998322546 -0.056415141 -5.650906086 -0.999883115 -0.013427629 -0.007300287 -42.881584167
0.000824723 0.062848970 0.998023868 151.051269531 -0.016789183 0.997882903 -0.062826276 -5.711907387 -0.999858558 -0.016704090 0.001878019 -42.866329193
0.007328160 0.070785619 0.997465789 151.806289673 -0.019668654 0.997308314 -0.070629984 -5.770579338 -0.999779582 -0.019101117 0.008700553 -42.849826813
0.010280803 0.073804177 0.997220933 152.566238403 -0.022514245 0.997036457 -0.073558457 -5.826958179 -0.999693573 -0.021695329 0.011911839 -42.831386566
0.010091890 0.069269761 0.997548103 153.328231812 -0.024835084 0.997307003 -0.069001824 -5.889894962 -0.999640524 -0.024077721 0.011784889 -42.813842773
0.008075409 0.065013975 0.997852862 154.084960938 -0.026291171 0.997552752 -0.064781703 -5.958375931 -0.999621630 -0.025711464 0.009764805 -42.797546387
0.005109977 0.062221412 0.998050451 154.841781616 -0.024601636 0.997767746 -0.062077876 -6.017374992 -0.999684215 -0.024236348 0.006629184 -42.790245056
0.002296088 0.062701978 0.998030901 155.591735840 -0.022754466 0.997776806 -0.062633716 -6.072271824 -0.999738455 -0.022565736 0.003717605 -42.787590027
-0.001385989 0.062657304 0.998035371 156.337081909 -0.020940509 0.997814059 -0.062672570 -6.133301735 -0.999779761 -0.020986121 -0.000071008 -42.786369324
-0.006261464 0.061195254 0.998107493 157.083099365 -0.021860711 0.997878432 -0.061318416 -6.194036484 -0.999741375 -0.022203170 -0.004910530 -42.784713745
-0.011651729 0.061664131 0.998030186 157.828506470 -0.022860765 0.997819006 -0.061918039 -6.245657921 -0.999670684 -0.023537075 -0.010216744 -42.788200378
-0.017774701 0.059834827 0.998051286 158.572906494 -0.024172133 0.997889936 -0.060255695 -6.300830364 -0.999549747 -0.025195939 -0.016290966 -42.793907166
-0.023752961 0.057104900 0.998086870 159.319213867 -0.021743033 0.998101234 -0.057623230 -6.361800194 -0.999481320 -0.023070043 -0.022466326 -42.809093475
-0.029126689 0.057062637 0.997946918 160.056137085 -0.022262782 0.998084247 -0.057720318 -6.415515900 -0.999327719 -0.023898160 -0.027800612 -42.826770782
-0.034701347 0.058375705 0.997692645 160.787719727 -0.023939397 0.997957289 -0.059223905 -6.469231129 -0.999110937 -0.025939193 -0.033233073 -42.843765259
-0.038997751 0.060674310 0.997396767 161.514831543 -0.024322305 0.997801006 -0.061649952 -6.527441025 -0.998943269 -0.026663080 -0.037436355 -42.863109589
-0.041560579 0.062880248 0.997156620 162.240707397 -0.024126031 0.997663200 -0.063917793 -6.585657120 -0.998844564 -0.026713775 -0.039946493 -42.888854980
-0.043240871 0.064393207 0.996988595 162.962722778 -0.021135803 0.997638047 -0.065351918 -6.640436649 -0.998840988 -0.023897909 -0.041777819 -42.918487549
-0.042424265 0.062892660 0.997119427 163.684005737 -0.017673288 0.997812927 -0.063688427 -6.696417332 -0.998943269 -0.020324193 -0.041220050 -42.949958801
-0.038366899 0.059228152 0.997508109 164.402572632 -0.015048113 0.998094082 -0.059841823 -6.755464554 -0.999150395 -0.017306441 -0.037402593 -42.977451324
-0.030953206 0.058974519 0.997780681 165.110000610 -0.013738535 0.998138070 -0.059421904 -6.814601898 -0.999426365 -0.015547229 -0.030085448 -42.994327545
-0.019705612 0.059780940 0.998018205 165.809860229 -0.011047600 0.998136520 -0.060006224 -6.868743420 -0.999744654 -0.012208053 -0.019008566 -43.003646851
-0.005169697 0.060009465 0.998185694 166.508560181 -0.008305765 0.998160422 -0.060051031 -6.921735764 -0.999952078 -0.008601029 -0.004661884 -43.004505157
0.010146119 0.057645652 0.998286784 167.207717896 -0.009161891 0.998300076 -0.057553377 -6.971086502 -0.999906480 -0.008562142 0.010656878 -42.987651825
0.026190996 0.052813534 0.998262048 167.902740479 -0.014048643 0.998523891 -0.052458875 -7.022043228 -0.999558151 -0.012650161 0.026894148 -42.952701569
0.042653378 0.046273321 0.998019099 168.594039917 -0.015317559 0.998839438 -0.045656793 -7.067924023 -0.998972356 -0.013339683 0.043312505 -42.911640167
0.059776034 0.038996432 0.997451067 169.279510498 -0.015479097 0.999152303 -0.038135372 -7.108393669 -0.998091638 -0.013159942 0.060328811 -42.861427307
0.077319659 0.031634018 0.996505618 169.961776733 -0.016050741 0.999406219 -0.030480776 -7.145312786 -0.996877134 -0.013637765 0.077781305 -42.797256470
0.094288424 0.025815887 0.995211422 170.630599976 -0.017694354 0.999548972 -0.024252068 -7.180030346 -0.995387614 -0.015322807 0.094702490 -42.717666626
0.112126067 0.023592807 0.993415117 171.288803101 -0.018523831 0.999593794 -0.021648839 -7.212084293 -0.993521273 -0.015974328 0.112517327 -42.629798889
0.130073816 0.022333035 0.991254032 171.940582275 -0.017301511 0.999644995 -0.020251822 -7.238086700 -0.991353393 -0.014515839 0.130413800 -42.533702850
0.147376269 0.021894228 0.988839507 172.586990356 -0.018554378 0.999640107 -0.019368097 -7.260869980 -0.988906443 -0.015492777 0.147729203 -42.423416138
0.163327292 0.020986538 0.986350000 173.225448608 -0.023556378 0.999571443 -0.017367270 -7.283185959 -0.986290634 -0.020398153 0.163751364 -42.298332214
0.177669555 0.017531928 0.983935416 173.861694336 -0.025940314 0.999577105 -0.013126651 -7.306748390 -0.983748257 -0.023191251 0.178048879 -42.167678833
0.189925566 0.013728170 0.981703877 174.491333008 -0.022567507 0.999698877 -0.009613844 -7.327023506 -0.981539071 -0.020328559 0.190177888 -42.040222168
0.200674623 0.012747008 0.979576349 175.113662720 -0.020609528 0.999748826 -0.008787535 -7.346096516 -0.979441106 -0.018425040 0.200886607 -41.906269073
0.210371092 0.016544133 0.977482915 175.720092773 -0.025031487 0.999619901 -0.011531670 -7.368773460 -0.977301061 -0.022041785 0.210704923 -41.759475708
0.219221830 0.023655556 0.975389838 176.322326660 -0.029134410 0.999418855 -0.017690329 -7.392453194 -0.975239873 -0.024539145 0.219783261 -41.605461121
0.228347346 0.033588778 0.973001778 176.915954590 -0.029210942 0.999191105 -0.027637599 -7.413572788 -0.973141313 -0.022111179 0.229143396 -41.457378387
0.236693442 0.039475199 0.970783770 177.514587402 -0.023559511 0.999113679 -0.034883037 -7.434042931 -0.971298575 -0.014614463 0.237413242 -41.314422607
0.243365765 0.037721477 0.969202518 178.122085571 -0.022971835 0.999187291 -0.033120353 -7.454803467 -0.969662368 -0.014203865 0.244034067 -41.160049438
0.249187917 0.030250959 0.967984259 178.737152100 -0.025570778 0.999369025 -0.024649169 -7.478104591 -0.968117416 -0.018609688 0.249803811 -40.990146637
0.253371775 0.019960232 0.967164636 179.352371216 -0.030194301 0.999463022 -0.012716752 -7.502895355 -0.966897607 -0.025980638 0.253837973 -40.814979553
0.255289406 0.012066600 0.966791093 179.965774536 -0.030528309 0.999524117 -0.004413948 -7.527136803 -0.966382563 -0.028387500 0.255535901 -40.645103455
0.256260872 0.011469752 0.966541231 180.574127197 -0.027102599 0.999621689 -0.004676610 -7.546273708 -0.966227591 -0.024997192 0.256474376 -40.484439850
0.257457376 0.013730278 0.966193676 181.177642822 -0.023809589 0.999685645 -0.007861843 -7.559567928 -0.965996206 -0.020980438 0.257702947 -40.324218750
0.259142339 0.013310333 0.965749145 181.790969849 -0.020428382 0.999756932 -0.008297496 -7.570480347 -0.965623021 -0.017578311 0.259350836 -40.161804199
0.260776013 0.011207869 0.965336025 182.406219482 -0.022420863 0.999733388 -0.005550526 -7.580018520 -0.965138972 -0.020196069 0.260957181 -39.987949371
0.263465255 0.007686523 0.964640021 183.023193359 -0.022783082 0.999739110 -0.001743686 -7.592999458 -0.964399755 -0.021517914 0.263571113 -39.812488556
0.266500086 0.002741941 0.963832736 183.645965576 -0.022279626 0.999746501 0.003316151 -7.605484009 -0.963577330 -0.022357427 0.266493112 -39.635589600
0.270871937 0.000108593 0.962617218 184.268310547 -0.020983696 0.999763191 0.005791774 -7.612900734 -0.962386727 -0.021767935 0.270809531 -39.456005096
0.276976258 -0.002001875 0.960876465 184.892562866 -0.019195180 0.999786913 0.007615960 -7.616358757 -0.960685074 -0.020553483 0.276878238 -39.270378113
0.284814090 -0.005029767 0.958571434 185.517654419 -0.017738326 0.999787569 0.010516440 -7.621863365 -0.958418727 -0.019998526 0.284663767 -39.079105377
0.294337541 -0.006726545 0.955679715 186.145355225 -0.015360412 0.999812961 0.011767930 -7.628003120 -0.955578148 -0.018143227 0.294178575 -38.878398895
0.305457592 -0.004646021 0.952196240 186.768432617 -0.016870022 0.999804914 0.010290031 -7.634154320 -0.952056289 -0.019206583 0.305319011 -38.668235779
0.316892564 -0.000821942 0.948462963 187.389389038 -0.018069763 0.999813020 0.006903696 -7.638549805 -0.948289394 -0.019326074 0.316817850 -38.447536469
0.328525752 0.002427121 0.944493651 188.014358521 -0.019443361 0.999802291 0.004193722 -7.641000271 -0.944294989 -0.019741723 0.328507394 -38.218299866
0.340185285 0.002793651 0.940356016 188.640136719 -0.018262649 0.999826789 0.003636348 -7.643828869 -0.940181255 -0.018410277 0.340176791 -37.983314514
0.351369679 -0.000156170 0.936238587 189.275238037 -0.017515449 0.999824107 0.006740252 -7.647523403 -0.936073065 -0.018766811 0.351304501 -37.736919403
0.362373739 -0.001455779 0.932033479 189.907592773 -0.018765634 0.999784887 0.008857604 -7.653739452 -0.931844056 -0.020699814 0.362267882 -37.477008820
