1.000000000 0.000000000 0.000000000 0.000000000 0.000000000 1.000000000 0.000000000 0.000000000 0.000000000 0.000000000 1.000000000 0.000000000
0.999990702 -0.002732182 -0.003332036 -0.000584746 0.002725150 0.999994040 -0.002113417 -0.005294497 0.003337790 0.002104318 0.999992192 0.683947742
0.999971628 -0.001433626 -0.007392707 -0.009815977 0.001406220 0.999992132 -0.003711042 -0.007670220 0.007397969 0.003700541 0.999965787 1.385811210
0.999934733 -0.001438699 -0.011327085 -0.023735182 0.001379808 0.999985516 -0.005205291 -0.010242393 0.011334410 0.005189323 0.999922216 2.107191324
0.999867618 -0.000175991 -0.016267555 -0.039991185 0.000081940 0.999983311 -0.005782004 -0.016831068 0.016268302 0.005779907 0.999850869 2.845549583
0.999786496 -0.001299680 -0.020617008 -0.058227494 0.001177436 0.999981701 -0.005940354 -0.027008995 0.020624351 0.005914812 0.999769688 3.595972061
0.999685526 0.000387507 -0.025067357 -0.083214529 -0.000567793 0.999974012 -0.007185351 -0.035665415 0.025063919 0.007197325 0.999659836 4.362464428
0.999546409 0.003059212 -0.029953508 -0.114352793 -0.003294913 0.999963880 -0.007822681 -0.044022504 0.029928492 0.007917828 0.999520540 5.144174576
0.999409258 0.003434896 -0.034191635 -0.147816122 -0.003648933 0.999974072 -0.006199517 -0.053058412 0.034169450 0.006320619 0.999395907 5.941834927
0.999253154 0.002522760 -0.038556594 -0.182982445 -0.002657023 0.999990582 -0.003431384 -0.064356014 0.038547557 0.003531268 0.999250352 6.744736195
0.999114096 0.002207405 -0.042023029 -0.220788553 -0.002239982 0.999997199 -0.000728143 -0.075131483 0.042021297 0.000821628 0.999116123 7.562916756
0.998997390 0.003675558 -0.044616215 -0.264550745 -0.003740430 0.999992073 -0.001370598 -0.084448874 0.044610817 0.001536107 0.999003112 8.384711266
0.998903513 0.003198259 -0.046706960 -0.307570487 -0.003275589 0.999993384 -0.001579178 -0.092141956 0.046701603 0.001730439 0.998907208 9.213554382
0.998821914 0.000167485 -0.048525758 -0.347012341 -0.000270236 0.999997735 -0.002110892 -0.099024877 0.048525296 0.002121518 0.998819530 10.055224419
0.998721302 0.000078819 -0.050553918 -0.390609652 -0.000142005 0.999999166 -0.001246257 -0.108442947 0.050553776 0.001251842 0.998720407 10.905320168
0.998648226 -0.001346428 -0.051961020 -0.437507302 0.001280265 0.999998331 -0.001306569 -0.120015129 0.051962696 0.001238279 0.998648167 11.764980316
0.998546600 0.000868874 -0.053888440 -0.488655031 -0.001063330 0.999992967 -0.003579907 -0.129843503 0.053884953 0.003632005 0.998540401 12.634497643
0.998471856 0.001216922 -0.055249542 -0.540481806 -0.001560368 0.999979794 -0.006173548 -0.139848679 0.055240907 0.006250323 0.998453379 13.510437012
0.998357892 0.004893406 -0.057074081 -0.596817374 -0.005339638 0.999956489 -0.007668587 -0.152342886 0.057034060 0.007960751 0.998340487 14.392864227
0.998291433 0.005791887 -0.058144078 -0.654852509 -0.006225843 0.999954164 -0.007285081 -0.165715918 0.058099210 0.007634629 0.998281598 15.289129257
0.998210549 0.004895863 -0.059596572 -0.709139347 -0.005246777 0.999969900 -0.005733098 -0.180236101 0.059566710 0.006035527 0.998206079 16.189697266
0.998116791 0.005622047 -0.061084103 -0.766312301 -0.005890205 0.999973953 -0.004210810 -0.192707613 0.061058834 0.004562677 0.998123646 17.097358704
0.998061538 0.005216765 -0.062015317 -0.826808453 -0.005482726 0.999976635 -0.004119239 -0.206235886 0.061992377 0.004451265 0.998066604 18.009357452
0.997956693 0.004958743 -0.063701302 -0.886143565 -0.005281539 0.999974132 -0.004899959 -0.219371483 0.063675359 0.005226385 0.997956872 18.923934937
0.997899711 0.003546259 -0.064680994 -0.946875751 -0.003920652 0.999976456 -0.005662294 -0.231443465 0.064659394 0.005903991 0.997889817 19.843297958
0.997858286 0.003612045 -0.065314077 -1.009919882 -0.003877176 0.999984920 -0.003933054 -0.243007302 0.065298900 0.004177862 0.997856855 20.775199890
0.997860968 0.005009433 -0.065180331 -1.077903271 -0.005052108 0.999987304 -0.000489929 -0.255485445 0.065177061 0.000818179 0.997873127 21.712738037
0.997913420 0.005850551 -0.064300552 -1.143686652 -0.005650737 0.999978662 0.003288911 -0.264988065 0.064318471 -0.002918702 0.997924984 22.654916763
0.998018622 0.004631607 -0.062748872 -1.204879880 -0.004258151 0.999972522 0.006084024 -0.270403773 0.062775351 -0.005804773 0.998010635 23.603733063
0.998115838 0.004672243 -0.061178178 -1.264300346 -0.004255286 0.999966979 0.006943942 -0.275054246 0.061208632 -0.006670527 0.998102486 24.557653427
0.998198688 0.004839822 -0.059799660 -1.324681044 -0.004603059 0.999981165 0.004096368 -0.280310988 0.059818383 -0.003813728 0.998201907 25.516843796
0.998255312 0.005690422 -0.058771797 -1.386542678 -0.005744469 0.999983311 -0.000750720 -0.285682410 0.058766581 0.001087023 0.998271048 26.474332809
0.998323143 0.004333714 -0.057726245 -1.441174388 -0.004550170 0.999983191 -0.003618796 -0.293077439 0.057709631 0.003875393 0.998325825 27.440864563
0.998375237 0.001528194 -0.056959782 -1.495218396 -0.001677200 0.999995470 -0.002568307 -0.302569091 0.056955624 0.002659668 0.998373091 28.415922165
0.998360634 -0.000375636 -0.057236411 -1.551207900 0.000513251 0.999997199 0.002389612 -0.312525034 0.057235379 -0.002415070 0.998357773 29.401779175
0.998307288 -0.004212902 -0.058006413 -1.606752872 0.004560228 0.999972582 0.005856604 -0.322640270 0.057980184 -0.006111211 0.998298943 30.389177322
0.998180449 -0.012021985 -0.059089210 -1.651931286 0.012357206 0.999909699 0.005310940 -0.329698205 0.059020065 -0.006031452 0.998238504 31.373708725
0.998058498 -0.014417320 -0.060592558 -1.707328677 0.014530949 0.999893486 0.001435020 -0.334416091 0.060565453 -0.002312700 0.998161435 32.366477966
0.997967720 -0.014343848 -0.062087186 -1.771991372 0.014214145 0.999895871 -0.002530308 -0.340974689 0.062117055 0.001642650 0.998067498 33.364730835
0.997841775 -0.013206374 -0.064322777 -1.837322235 0.013021748 0.999909818 -0.003288799 -0.349117517 0.064360470 0.002444107 0.997923732 34.369297028
0.997779131 -0.013431857 -0.065242268 -1.902629733 0.013338814 0.999909282 -0.001861577 -0.360257268 0.065261409 0.000987189 0.997867644 35.377677917
0.997737348 -0.010496252 -0.066409051 -1.974876761 0.010579654 0.999943674 0.000904227 -0.371396184 0.066395871 -0.001604764 0.997792065 36.386806488
0.997630358 -0.010993670 -0.067920126 -2.042436361 0.011169635 0.999935329 0.002211462 -0.377108216 0.067891449 -0.002964863 0.997688293 37.404502869
0.997564912 -0.009912689 -0.069037832 -2.110463142 0.010270901 0.999935627 0.004835532 -0.383451343 0.068985499 -0.005532836 0.997602284 38.418552399
0.997563064 -0.010109966 -0.069037743 -2.180319071 0.010680877 0.999911785 0.007905350 -0.390231520 0.068951748 -0.008623464 0.997582734 39.433235168
0.997571945 -0.004528808 -0.069498889 -2.264525890 0.005250348 0.999934196 0.010202826 -0.392531663 0.069448173 -0.010542940 0.997529685 40.453189850
0.997559786 -0.004744641 -0.069659278 -2.338690281 0.005426751 0.999939263 0.009606065 -0.396183819 0.069609523 -0.009960645 0.997524500 41.460319519
0.997556746 -0.004838759 -0.069697998 -2.406095028 0.005401135 0.999954462 0.007882502 -0.397226602 0.069656752 -0.008239685 0.997536838 42.468486786
0.997558773 -0.002806197 -0.069778062 -2.479579926 0.003217720 0.999978244 0.005785830 -0.404422730 0.069760345 -0.005996230 0.997545660 43.475498199
0.997484505 -0.003331984 -0.070809297 -2.552765608 0.003757780 0.999975741 0.005880858 -0.411968559 0.070788041 -0.006132146 0.997472346 44.477024078
0.997386634 -0.005516793 -0.072040103 -2.623288155 0.006043164 0.999956727 0.007090658 -0.418004721 0.071997911 -0.007507474 0.997376382 45.474071503
0.997329235 -0.004979620 -0.072869375 -2.698053837 0.005591144 0.999951005 0.008190444 -0.426506847 0.072825044 -0.008575987 0.997307837 46.466758728
0.997321844 -0.002649655 -0.073092163 -2.776609421 0.002997655 0.999984801 0.004651776 -0.436446428 0.073078766 -0.004858420 0.997314274 47.454441071
0.997271836 -0.002246786 -0.073783547 -2.854766846 0.002289956 0.999997437 0.000500455 -0.444928110 0.073782265 -0.000668050 0.997274041 48.435260773
0.997228324 -0.001429758 -0.074390858 -2.931553602 0.001384140 0.999998987 -0.000664823 -0.455169469 0.074391760 0.000560013 0.997228920 49.417011261
0.997218430 -0.002767945 -0.074485466 -3.005120277 0.002994861 0.999991298 0.002934895 -0.468171775 0.074476734 -0.003149803 0.997217655 50.399734497
0.997186899 -0.004773075 -0.074805334 -3.074214935 0.005244585 0.999967694 0.006107955 -0.479588181 0.074773811 -0.006483094 0.997179389 51.378124237
0.997158110 -0.006706035 -0.075040333 -3.145521164 0.007231050 0.999951422 0.006726879 -0.488757223 0.074991614 -0.007250378 0.997157812 52.341838837
0.997122765 -0.009830683 -0.075165205 -3.218028784 0.010271861 0.999932408 0.005485069 -0.497074097 0.075106226 -0.006241370 0.997156084 53.309482574
0.997058213 -0.012723571 -0.075586043 -3.289067268 0.013076246 0.999906003 0.004172756 -0.504479527 0.075525872 -0.005148861 0.997130573 54.274368286
0.996968806 -0.014106368 -0.076515198 -3.366109371 0.014566189 0.999879241 0.005454687 -0.514809012 0.076429032 -0.006552686 0.997053504 55.238224030
0.996830106 -0.017243620 -0.077669814 -3.438094378 0.018038571 0.999791980 0.009544950 -0.519900084 0.077489071 -0.010915741 0.996933460 56.204803467
0.996763289 -0.018224254 -0.078302391 -3.513352871 0.019420452 0.999705911 0.014542239 -0.522527456 0.078014359 -0.016015831 0.996823668 57.174617767
0.996761084 -0.016269777 -0.078759283 -3.594749451 0.017649107 0.999702454 0.016848838 -0.525414824 0.078461714 -0.018184287 0.996751428 58.123981476
0.996670663 -0.015204883 -0.080105156 -3.675514698 0.016292203 0.999783695 0.012937561 -0.528978884 0.079891130 -0.014199567 0.996702552 59.066814423
0.996596992 -0.013730991 -0.081280410 -3.756320477 0.014200862 0.999885798 0.005205527 -0.532513916 0.081199668 -0.006342059 0.996677756 59.992580414
0.996550739 -0.012299808 -0.082071140 -3.837342739 0.012370943 0.999923587 0.000358273 -0.538829446 0.082060479 -0.001372330 0.996626437 60.917751312
0.996511757 -0.007551003 -0.083113067 -3.922705889 0.007687439 0.999969721 0.001321614 -0.549656272 0.083100595 -0.001955925 0.996539354 61.834190369
0.996458828 -0.004837238 -0.083945036 -4.007045269 0.005156281 0.999980450 0.003584197 -0.562004268 0.083926067 -0.004004342 0.996464014 62.736053467
0.996369660 -0.002435740 -0.085099660 -4.088340759 0.002889755 0.999982417 0.005212300 -0.575534821 0.085085481 -0.005439287 0.996358812 63.619743347
0.996280789 -0.001800542 -0.086150460 -4.168879509 0.002233058 0.999985576 0.004924340 -0.583067417 0.086140335 -0.005098397 0.996269941 64.489982605
0.996145785 -0.000088738 -0.087715998 -4.251140118 0.000598694 0.999983311 0.005787403 -0.592299163 0.087714031 -0.005817606 0.996128678 65.352172852
0.996031404 0.000760776 -0.089002922 -4.332270622 -0.000187162 0.999979317 0.006453030 -0.604861736 0.089006007 -0.006410756 0.996010482 66.195182800
0.995899856 0.000607655 -0.090463258 -4.411819458 0.000018473 0.999976158 0.006920331 -0.614124775 0.090465330 -0.006893621 0.995875835 67.030853271
0.995786309 0.000332549 -0.091706313 -4.490375996 0.000402598 0.999968112 0.007997680 -0.620568216 0.091706067 -0.008000894 0.995754063 67.848510742
0.995662093 0.002950567 -0.092998169 -4.570824623 -0.001963154 0.999940932 0.010707227 -0.626627803 0.093024276 -0.010478202 0.995608866 68.650497437
0.995538056 0.004349167 -0.094262987 -4.650203705 -0.002961227 0.999885321 0.014858992 -0.632154346 0.094316818 -0.014513547 0.995436549 69.443939209
0.995367944 0.007487238 -0.095848396 -4.734114647 -0.005919437 0.999844372 0.016630972 -0.636319995 0.095958002 -0.015986558 0.995257080 70.221076965
0.995219469 0.010208827 -0.097130738 -4.816181183 -0.009033859 0.999881029 0.012528823 -0.642615259 0.097247079 -0.011591456 0.995192945 70.972839355
0.995095134 0.010064486 -0.098410904 -4.893290520 -0.009596223 0.999940574 0.005230405 -0.649385929 0.098457687 -0.004260373 0.995132267 71.703491211
0.994965613 0.009158656 -0.099799611 -4.967396736 -0.009274029 0.999957025 -0.000692218 -0.653774083 0.099788971 0.001614283 0.995007515 72.416053772
0.994911969 0.010107432 -0.100240260 -5.041428089 -0.010356048 0.999944806 -0.001960204 -0.658200741 0.100214891 0.002988328 0.994961500 73.111656189
0.994808793 0.012918842 -0.100939497 -5.118558407 -0.012816777 0.999916852 0.001659606 -0.669954002 0.100952543 -0.000357266 0.994891405 73.794029236
0.994679511 0.013226537 -0.102166288 -5.190654755 -0.012891185 0.999909401 0.003941989 -0.684761167 0.102209188 -0.002603965 0.994759679 74.452156067
0.994609356 0.010134669 -0.103198111 -5.254945755 -0.010126621 0.999949038 0.000601869 -0.694221079 0.103198938 0.000446429 0.994660676 75.087303162
0.994671047 0.002028571 -0.103081703 -5.310674667 -0.002522131 0.999986410 -0.004657993 -0.705079079 0.103070840 0.004893159 0.994662106 75.703651428
0.994781792 -0.002028470 -0.102006830 -5.366731644 0.001070810 0.999955237 -0.009442160 -0.715927899 0.102021404 0.009283660 0.994738996 76.300926208
0.995103359 0.000508338 -0.098838955 -5.428228855 -0.001474597 0.999952197 -0.009703354 -0.725624800 0.098829284 0.009801594 0.995056152 76.887428284
0.995492280 0.005444917 -0.094687276 -5.491376400 -0.006108473 0.999959111 -0.006719488 -0.737064719 0.094646797 0.007267597 0.995484471 77.460861206
0.995931268 0.003843534 -0.090036139 -5.538038731 -0.004196054 0.999984622 -0.003726430 -0.746565938 0.090020441 0.004089070 0.995931566 78.020919800
0.996429026 0.000133355 -0.084436543 -5.570899010 -0.000086862 1.000000000 0.000554215 -0.757656336 0.084436633 -0.000544894 0.996428728 78.568504333
0.997080326 -0.004295026 -0.076242357 -5.600122452 0.004623807 0.999981046 0.004136216 -0.771712482 0.076223128 -0.004476660 0.997080743 79.102043152
0.997860789 -0.000719713 -0.065373793 -5.633201122 0.000992662 0.999991179 0.004142716 -0.781736672 0.065370239 -0.004198739 0.997852325 79.619148254
0.998727739 0.004483591 -0.050230756 -5.659609318 -0.004306090 0.999984443 0.003641263 -0.787093997 0.050246306 -0.003420324 0.998731017 80.123527527
0.999442697 0.009531585 -0.031994727 -5.674688339 -0.009398591 0.999946892 0.004304448 -0.792127490 0.032034069 -0.004001335 0.999478817 80.617233276
0.999921322 0.007840012 -0.009814527 -5.665280819 -0.007790875 0.999957263 0.005034317 -0.797758043 0.009853609 -0.004957447 0.999939203 81.096923828
0.999858320 0.004220520 0.016305994 -5.633798122 -0.004321084 0.999972165 0.006137481 -0.804660082 -0.016279601 -0.006207062 0.999848247 81.563278198
0.998936951 0.003030018 0.046001576 -5.592125893 -0.003398695 0.999963045 0.007938492 -0.811883867 -0.045975771 -0.008086388 0.998909891 82.021408081
0.996865809 0.002539465 0.079072304 -5.534913063 -0.003309693 0.999948680 0.009611370 -0.817560196 -0.079043768 -0.009842941 0.996822655 82.471626282
0.993135810 0.002379331 0.116944246 -5.463186264 -0.003628308 0.999938965 0.010468446 -0.823530734 -0.116912119 -0.010820890 0.993083477 82.910064697
0.987295270 0.002562157 0.158876568 -5.370114326 -0.004322813 0.999933362 0.010737361 -0.826957166 -0.158838347 -0.011287731 0.987240255 83.342048645
0.978921652 0.002280881 0.204224169 -5.258657455 -0.004626120 0.999929070 0.011007016 -0.832065701 -0.204184458 -0.011719760 0.978862464 83.756233215
0.967312694 0.004371576 0.253549606 -5.132152557 -0.006977926 0.999931991 0.009381071 -0.841282666 -0.253491223 -0.010843666 0.967276931 84.151878357
0.951666772 0.005262995 0.307087809 -4.980842590 -0.007741217 0.999946892 0.006852606 -0.848591506 -0.307035238 -0.008898620 0.951656640 84.536567688
0.931633830 0.005384609 0.363359004 -4.810615540 -0.007778430 0.999956965 0.005125176 -0.855817437 -0.363315612 -0.007601141 0.931635141 84.901359558
0.907064378 0.005853660 0.420951366 -4.619588852 -0.008142473 0.999960423 0.003640147 -0.861251116 -0.420913279 -0.006729424 0.907075942 85.246292114
0.877614260 0.005916241 0.479331344 -4.405300140 -0.007816295 0.999967694 0.001968678 -0.865283430 -0.479304016 -0.005474327 0.877631962 85.574966431
0.843699455 0.004028312 0.536800981 -4.168746948 -0.005117333 0.999987006 0.000538821 -0.875302136 -0.536791503 -0.003201585 0.843708813 85.881149292
0.806258917 0.003470842 0.591552854 -3.914237976 -0.004288528 0.999991000 -0.000022213 -0.886099696 -0.591547310 -0.002518974 0.806266248 86.169586182
0.765784562 0.002065263 0.643094122 -3.638774872 -0.003776812 0.999992251 0.001285945 -0.893284440 -0.643086135 -0.003413594 0.765786171 86.442123413
0.722300947 0.001742586 0.691576838 -3.347640991 -0.005616360 0.999978840 0.003346207 -0.894587696 -0.691556096 -0.006301103 0.722295344 86.703071594
0.676384807 0.000759079 0.736548305 -3.042663574 -0.004880172 0.999982476 0.003450982 -0.893968523 -0.736532271 -0.005928665 0.676376343 86.935638428
0.629230976 -0.000552019 0.777218401 -2.723232269 -0.001791779 0.999996364 0.002160868 -0.896532118 -0.777216256 -0.002752281 0.629227459 87.140716553
0.581910431 -0.003248864 0.813246667 -2.390178680 0.003770357 0.999992371 0.001297067 -0.900685012 -0.813244224 0.002311458 0.581918001 87.321563721
0.535118401 -0.001175964 0.844776392 -2.055511475 0.001591378 0.999998868 0.000384000 -0.905864775 -0.844775558 0.001138878 0.535119414 87.486038208
0.487354398 0.001687096 0.873202741 -1.713577271 -0.002518393 0.999996960 -0.000526492 -0.911190867 -0.873200655 -0.001942473 0.487356961 87.645103455
0.441459835 0.003898510 0.897272646 -1.365230560 -0.003482484 0.999990702 -0.002631407 -0.915289819 -0.897274256 -0.001963071 0.441469252 87.783210754
0.398765326 0.001387906 0.917052031 -1.011577606 0.003476693 0.999989569 -0.003025205 -0.918512821 -0.917046607 0.004394660 0.398756117 87.893577576
0.358925849 -0.005948049 0.933347166 -0.641441345 0.018335285 0.999831855 -0.000679225 -0.917532742 -0.933185995 0.017356982 0.358974367 87.981536865
0.323318452 -0.009424456 0.946243405 -0.268844604 0.022288023 0.999749124 0.002341861 -0.916508198 -0.946027815 0.020332728 0.323447198 88.073539734
0.289863050 -0.005228478 0.957054019 0.105159760 0.019744802 0.999805093 -0.000518072 -0.918409169 -0.956864476 0.019047009 0.289909691 88.172264099
0.258592129 0.002388781 0.965983689 0.479017258 0.008731474 0.999950409 -0.004810171 -0.929824769 -0.965947211 0.009678336 0.258558363 88.271789551
0.230240449 0.006647422 0.973111093 0.857112885 0.004249752 0.999960423 -0.007836329 -0.944165349 -0.973124623 0.005939722 0.230203032 88.351692200
0.204532683 0.008416716 0.978823721 1.251451492 0.005296101 0.999939203 -0.009704936 -0.955289125 -0.978845417 0.007168927 0.204475567 88.416503906
0.180892155 0.009826784 0.983453989 1.657860756 0.012687278 0.999843836 -0.012324187 -0.962168753 -0.983421147 0.014706701 0.180739164 88.466201782
0.160786405 0.016204067 0.986856401 2.071520805 0.019492352 0.999618292 -0.019589458 -0.959148407 -0.986796796 0.022385865 0.160409108 88.507553101
0.140916124 0.023056621 0.989753187 2.501914978 0.021446470 0.999423265 -0.026335327 -0.955545187 -0.989789248 0.024937779 0.140340284 88.557121277
0.123162627 0.023866609 0.992099583 2.945278168 0.018948410 0.999472082 -0.026396280 -0.965878367 -0.992205620 0.022049738 0.122645333 88.609306335
0.107679792 0.019435931 0.993995726 3.410135269 0.016917309 0.999628544 -0.021378715 -0.985052407 -0.994041741 0.019117784 0.107310921 88.653610229
0.093173839 0.016211797 0.995518029 3.886455536 0.017401962 0.999688387 -0.017908411 -1.001406074 -0.995497942 0.018992554 0.092862621 88.689308167
0.079798482 0.013813072 0.996715426 4.374625206 0.019741559 0.999686241 -0.015434768 -1.014068365 -0.996615708 0.020908387 0.079500668 88.719055176
0.068077222 0.013002773 0.997595429 4.876116276 0.023389596 0.999619722 -0.014625282 -1.025022388 -0.997406006 0.024328999 0.067747131 88.742897034
0.057950892 0.013696386 0.998225629 5.401685238 0.026479656 0.999533176 -0.015251561 -1.034716368 -0.997968376 0.027316509 0.057561107 88.762962341
0.049946852 0.014275950 0.998650014 5.938229084 0.028586689 0.999467850 -0.015717378 -1.045020819 -0.998342872 0.029333128 0.049512118 88.784034729
0.044219121 0.014715889 0.998913586 6.493245125 0.030436663 0.999407649 -0.016070500 -1.054924369 -0.998558283 0.031114217 0.043744966 88.803756714
0.038646463 0.015817009 0.999127924 7.064286709 0.031654947 0.999353707 -0.017044993 -1.065884590 -0.998751462 0.032286070 0.038120750 88.820365906
0.032532867 0.016629741 0.999332428 7.653388977 0.032213233 0.999324858 -0.017678292 -1.076568842 -0.998951554 0.032766856 0.031975150 88.837638855
0.028109033 0.016607257 0.999467075 8.259075165 0.034574714 0.999247789 -0.017575981 -1.090844274 -0.999006748 0.035050325 0.027513646 88.850570679
0.025163580 0.016585566 0.999545932 8.886681557 0.036056913 0.999197066 -0.017487494 -1.104705811 -0.999033034 0.036480598 0.024545293 88.862976074
0.021887071 0.016181190 0.999629676 9.533943176 0.036725074 0.999181449 -0.016978025 -1.118270040 -0.999085784 0.037083078 0.021274848 88.878700256
0.019301174 0.015728446 0.999690175 10.200508118 0.038601480 0.999119401 -0.016464733 -1.131001234 -0.999068379 0.038907316 0.018676983 88.891181946
0.018553147 0.015457532 0.999708533 10.879094124 0.042781897 0.998952806 -0.016239805 -1.145152092 -0.998912334 0.043070730 0.017872369 88.899047852
0.019391781 0.015207247 0.999696314 11.576539993 0.046100538 0.998807609 -0.016087951 -1.159855962 -0.998748720 0.046398520 0.018667547 88.910301208
0.021746201 0.015013405 0.999650955 12.291988373 0.048084669 0.998714745 -0.016045354 -1.178301692 -0.998606622 0.048416805 0.020996287 88.926681519
0.025589542 0.014893819 0.999561608 13.024366379 0.050757106 0.998580337 -0.016178600 -1.195294380 -0.998383343 0.051148854 0.024797199 88.944496155
0.029823067 0.014423029 0.999451220 13.775884628 0.051184144 0.998562396 -0.015937492 -1.210316658 -0.998244107 0.051631358 0.029041914 88.968162537
0.033954915 0.012837697 0.999340951 14.545137405 0.052785389 0.998499215 -0.014620371 -1.224796891 -0.998028636 0.053247031 0.033226263 88.993087769
0.037711456 0.011229824 0.999225736 15.328203201 0.052346904 0.998542249 -0.013197733 -1.242353320 -0.997916996 0.052804079 0.037068579 89.032012939
0.041776400 0.009061724 0.999086022 16.126602173 0.049256969 0.998724699 -0.011118092 -1.259220004 -0.997912347 0.049676415 0.041276716 89.073081970
0.045912772 0.007987802 0.998913765 16.935100555 0.048466817 0.998772979 -0.010214329 -1.274152279 -0.997769296 0.048883129 0.045469239 89.114364624
0.049959570 0.008912646 0.998711646 17.750801086 0.045804508 0.998888075 -0.011205529 -1.290544152 -0.997700691 0.046305317 0.049495716 89.161697388
0.053195812 0.013002765 0.998499572 18.570623398 0.043980028 0.998914838 -0.015351226 -1.309445143 -0.997615397 0.044730663 0.052566163 89.209648132
0.054625582 0.018260973 0.998340070 19.394632339 0.038137648 0.999065399 -0.020360976 -1.328911304 -0.997778654 0.039186575 0.053878032 89.264274597
0.054595958 0.021133298 0.998285055 20.226005554 0.035326466 0.999109745 -0.023082733 -1.356540442 -0.997883618 0.036526114 0.053800717 89.312118530
0.054677404 0.020635262 0.998291016 21.063777924 0.033053864 0.999201536 -0.022464460 -1.382497072 -0.997957110 0.034225676 0.053951606 89.365493774
0.054647222 0.018680120 0.998331189 21.887149811 0.030142760 0.999338925 -0.020348927 -1.414594293 -0.998050869 0.031204479 0.054047957 89.418090820
0.054488603 0.017562132 0.998360157 22.712902069 0.031304970 0.999324262 -0.019287638 -1.438866615 -0.998023868 0.032304600 0.053901926 89.464225769
0.054961830 0.016900923 0.998345733 23.541057587 0.028847605 0.999412894 -0.018507121 -1.465730906 -0.998071849 0.029817075 0.054441951 89.515068054
0.055228021 0.017219819 0.998325467 24.364727020 0.027425058 0.999448240 -0.018756343 -1.492947340 -0.998097301 0.028415021 0.054725230 89.563812256
0.055411786 0.017730737 0.998306334 25.189971924 0.024696777 0.999512434 -0.019122958 -1.520368576 -0.998158455 0.025714587 0.054946806 89.613975525
0.054238059 0.019032273 0.998346865 26.010505676 0.021984335 0.999553621 -0.020249628 -1.547679305 -0.998286366 0.023046298 0.053795379 89.663780212
0.051516458 0.018714674 0.998496950 26.830142975 0.019210609 0.999621212 -0.019726887 -1.571868658 -0.998487711 0.020197999 0.051137362 89.710205078
0.047631390 0.017498022 0.998711884 27.648645401 0.016673911 0.999693811 -0.018310439 -1.598091006 -0.998726010 0.017524593 0.047324989 89.754112244
0.042801924 0.015114974 0.998969376 28.468759537 0.014851831 0.999765873 -0.015763355 -1.623256683 -0.998973429 0.015511238 0.042567357 89.793045044
0.036595859 0.013018524 0.999245524 29.285562515 0.012792914 0.999827623 -0.013494615 -1.648198247 -0.999248445 0.013277121 0.036422953 89.826187134
0.029161204 0.013303620 0.999486387 30.094543457 0.012134434 0.999833405 -0.013662260 -1.672202945 -0.999501407 0.012526620 0.028994869 89.851150513
0.020426240 0.014307534 0.999689221 30.901893616 0.011789196 0.999824941 -0.014550347 -1.694965243 -0.999722123 0.012082751 0.020253953 89.867652893
0.010349287 0.014625051 0.999839723 31.710418701 0.011715440 0.999823034 -0.014746054 -1.718128204 -0.999878109 0.011866183 0.010176079 89.878074646
0.000397311 0.013611554 0.999907494 32.516464233 0.012974222 0.999823511 -0.013615550 -1.741334438 -0.999915957 0.012978439 0.000220606 89.868293762
-0.010322964 0.012654827 0.999866843 33.316078186 0.012027848 0.999849558 -0.012530412 -1.763368607 -0.999874651 0.011896904 -0.010473654 89.858749390
-0.021472972 0.011886055 0.999699056 34.110481262 0.013387298 0.999843478 -0.011600205 -1.783996105 -0.999679983 0.013134186 -0.021628762 89.837776184
-0.032452028 0.012291865 0.999398053 34.905876160 0.013441090 0.999839842 -0.011860829 -1.803967237 -0.999383092 0.013048099 -0.032612059 89.810668945
-0.043394584 0.012941497 0.998974502 35.692756653 0.014014511 0.999826014 -0.012343735 -1.825538635 -0.998959959 0.013464494 -0.043568417 89.773200989
-0.053943112 0.014086972 0.998444974 36.475036621 0.013967532 0.999813855 -0.013351644 -1.848024607 -0.998446465 0.013225590 -0.054129831 89.728454590
-0.064402029 0.015267687 0.997807562 37.247943878 0.014709226 0.999789357 -0.014348607 -1.865695000 -0.997815788 0.013752907 -0.064613044 89.678985596
-0.073823795 0.015880758 0.997145116 38.016685486 0.015530366 0.999770761 -0.014772763 -1.889609814 -0.997150540 0.014395456 -0.074053511 89.618324280
-0.083390132 0.016317850 0.996383607 38.780693054 0.016103826 0.999757886 -0.015025316 -1.913871408 -0.996387005 0.014792633 -0.083632722 89.552688599
-0.092731424 0.016636174 0.995552361 39.556926727 0.016344339 0.999751508 -0.015183919 -1.938388109 -0.995557189 0.014863628 -0.092980318 89.484390259
-0.101240352 0.016097534 0.994732022 40.303497314 0.017411370 0.999745011 -0.014406568 -1.960873365 -0.994709790 0.015861129 -0.101494849 89.406120300
-0.108661868 0.014914677 0.993967116 41.040973663 0.019008156 0.999736249 -0.012923227 -1.982847214 -0.993897259 0.017489225 -0.108916715 89.323822021
-0.113862544 0.013277819 0.993407965 41.775566101 0.021792185 0.999703884 -0.010864173 -2.003348589 -0.993257642 0.020411514 -0.114118181 89.235816956
-0.117632993 0.011785569 0.992987454 42.490806580 0.024853269 0.999651790 -0.008920437 -2.021968603 -0.992746234 0.023629643 -0.117884934 89.145751953
-0.120487817 0.010564921 0.992658794 43.200408936 0.026246386 0.999628246 -0.007453319 -2.041499615 -0.992367864 0.025155678 -0.120720305 89.061500549
-0.122241497 0.009741461 0.992452741 43.890609741 0.026618948 0.999624670 -0.006533152 -2.057314873 -0.992143512 0.025619430 -0.122454941 88.976692200
-0.122932911 0.010291259 0.992361784 44.563495636 0.027666757 0.999593496 -0.006938901 -2.072556257 -0.992029369 0.026602419 -0.123167664 88.890502930
-0.122038685 0.011318137 0.992460907 45.224925995 0.028586609 0.999560595 -0.007883907 -2.089804173 -0.992113650 0.027408961 -0.122308612 88.809082031
-0.119100124 0.012903716 0.992798567 45.862525940 0.029510971 0.999520123 -0.009450803 -2.107300520 -0.992443740 0.028172864 -0.119423762 88.733421326
-0.113957852 0.013492625 0.993394136 46.488418579 0.029779539 0.999505162 -0.010159428 -2.122397900 -0.993039250 0.028425075 -0.114303298 88.665069580
-0.105872363 0.014283670 0.994277298 47.095138550 0.029486550 0.999502480 -0.011218935 -2.138533592 -0.993942559 0.028130034 -0.106240891 88.605400085
-0.094742477 0.014212554 0.995400548 47.675392151 0.028653409 0.999523103 -0.011544156 -2.156925678 -0.995089531 0.027427902 -0.095104560 88.557594299
-0.080928154 0.014469001 0.996615052 48.238597870 0.028109582 0.999530375 -0.012228720 -2.175812006 -0.996323645 0.027024793 -0.081296891 88.520561218
-0.063774504 0.015842017 0.997838795 48.781864166 0.027449807 0.999523878 -0.014114359 -2.193674088 -0.997586906 0.026490353 -0.064179026 88.497718811
-0.042497721 0.018415822 0.998926997 49.315170288 0.026140612 0.999508679 -0.017314414 -2.211312056 -0.998754680 0.025376743 -0.042958282 88.489288330
-0.017868936 0.021414697 0.999611139 49.844234467 0.024346450 0.999483764 -0.020976733 -2.230841637 -0.999543965 0.023962153 -0.018381134 88.496696472
0.010519046 0.023174694 0.999676287 50.366844177 0.022710124 0.999468386 -0.023408815 -2.250131130 -0.999686837 0.022949012 0.009987086 88.520286560
0.043807387 0.022552608 0.998785555 50.890010834 0.020639280 0.999511719 -0.023474231 -2.269412994 -0.998826802 0.021642564 0.043320458 88.560981750
0.081893936 0.020133916 0.996437788 51.412776947 0.019792391 0.999566257 -0.021823775 -2.287160397 -0.996444583 0.021509126 0.081459820 88.624847412
0.124333486 0.016357386 0.992105722 51.918216705 0.017848313 0.999665797 -0.018718805 -2.307216644 -0.992079973 0.020034799 0.123999864 88.706665039
0.169877097 0.011894641 0.985393643 52.423454285 0.015494269 0.999771655 -0.014739305 -2.327694893 -0.985343456 0.017771827 0.169653878 88.815002441
0.218231872 0.008670945 0.975858629 52.923336029 0.011276840 0.999871552 -0.011406130 -2.342205763 -0.975831807 0.013493788 0.218105912 88.957565308
0.269836217 0.007164801 0.962879777 53.412330627 0.007914433 0.999922335 -0.009658339 -2.355264425 -0.962873816 0.010226825 0.269758403 89.123184204
0.324900270 0.006852880 0.945723653 53.877422333 0.007251546 0.999926507 -0.009736859 -2.367934227 -0.945720494 0.010021473 0.324826509 89.309822083
0.383862227 0.007374233 0.923361123 54.323760986 0.009939447 0.999877393 -0.012117337 -2.379197598 -0.923336864 0.013829094 0.383741587 89.512710571
0.444307655 0.010405506 0.895814061 54.742671967 0.011278491 0.999788523 -0.017207142 -2.396422863 -0.895803273 0.017748700 0.444096148 89.745330811
0.504823267 0.014935164 0.863093674 55.140007019 0.012682653 0.999614298 -0.024715601 -2.398954391 -0.863129556 0.023423322 0.504438818 90.004959106
0.564018190 0.019399550 0.825534701 55.516075134 0.008880571 0.999523997 -0.029555500 -2.409458876 -0.825714827 0.024001054 0.563576877 90.297409058
0.620455623 0.023333319 0.783894598 55.856636047 0.004725827 0.999428272 -0.033489347 -2.415831566 -0.784227431 0.024483200 0.619990170 90.613006592
0.674215555 0.024051713 0.738143146 56.193847656 0.003534390 0.999353409 -0.035791259 -2.428290367 -0.738526344 0.026739907 0.673694074 90.953895569
0.723445058 0.022477452 0.690016270 56.491474152 0.002990397 0.999358892 -0.035689592 -2.443784237 -0.690375686 0.027882876 0.722913444 91.320266724
0.768817365 0.018720558 0.639194667 56.761260986 0.000980452 0.999536097 -0.030453371 -2.463869810 -0.639467955 0.024039775 0.768441796 91.704742432
0.810192049 0.013867803 0.586000979 57.002479553 0.000116543 0.999716640 -0.023819532 -2.479815722 -0.586164832 0.019366689 0.809960186 92.109886169
0.847080827 0.011638925 0.531337202 57.220104218 -0.002531526 0.999837637 -0.017865490 -2.493048429 -0.531458557 0.013788423 0.846971989 92.532318115
0.879023790 0.008917490 0.476695150 57.429130554 -0.004200770 0.999931514 -0.010959364 -2.502309799 -0.476760030 0.007631063 0.879000306 92.968605042
0.904956520 0.009945844 0.425388575 57.598373413 -0.008254717 0.999949515 -0.005818564 -2.514448643 -0.425424725 0.001754096 0.904992104 93.396614075
0.925149918 0.012096950 0.379409909 57.743961334 -0.012071666 0.999924600 -0.002445657 -2.527110100 -0.379410744 -0.002317496 0.925225377 93.849014282
0.940540195 0.018747959 0.339165628 57.874977112 -0.019918703 0.999802053 -0.000029130 -2.531837702 -0.339098960 -0.006728323 0.940726638 94.316818237
0.952552378 0.023272311 0.303484797 58.001373291 -0.023970323 0.999712169 -0.001425430 -2.528967381 -0.303430587 -0.005916818 0.952835023 94.792427063
0.961842060 0.025033364 0.272459060 58.117336273 -0.025697790 0.999669552 -0.001129907 -2.532816887 -0.272397339 -0.005914791 0.962166488 95.270782471
0.967935622 0.020541808 0.250358403 58.224792480 -0.021019138 0.999779224 -0.000767198 -2.540776253 -0.250318885 -0.004519706 0.968152761 95.737663269
0.971887052 0.017393518 0.234806255 58.333961487 -0.017863305 0.999840975 -0.000126103 -2.545490742 -0.234771162 -0.004071845 0.972042084 96.223068237
0.974824429 0.021651315 0.221921727 58.434318542 -0.022097440 0.999756336 -0.000472599 -2.549388647 -0.221877873 -0.004443188 0.975064278 96.724105835
0.976845086 0.027310135 0.212199315 58.523109436 -0.027980277 0.999608934 0.000155371 -2.550468922 -0.212112129 -0.006089155 0.977226317 97.226577759
0.977829516 0.034806877 0.206491962 58.615028381 -0.035275884 0.999377131 -0.001411063 -2.550781012 -0.206412524 -0.005904397 0.978447199 97.749992371
0.978257954 0.040566511 0.203387707 58.712547302 -0.040403560 0.999171615 -0.004954962 -2.557072163 -0.203420281 -0.003370350 0.979085684 98.276580811
0.978356540 0.041860953 0.202649996 58.817848206 -0.041210029 0.999123335 -0.007432212 -2.569015503 -0.202783525 -0.001079853 0.979223013 98.810920715
0.977906585 0.040466540 0.205090657 58.934349060 -0.039041199 0.999177516 -0.010993168 -2.578595638 -0.205366880 0.002743308 0.978681147 99.355934143
0.977088273 0.039397277 0.209158853 59.054359436 -0.036609989 0.999182224 -0.017182425 -2.587358236 -0.209664792 0.009131436 0.977730572 99.909866333
0.976241231 0.039233901 0.213107511 59.183570862 -0.035281960 0.999128640 -0.022317331 -2.592813969 -0.213797420 0.014268238 0.976773679 100.475410461
0.974912345 0.045045212 0.217986017 59.292781830 -0.041348740 0.998914123 -0.021491611 -2.608058929 -0.218717381 0.011938983 0.975715160 101.057518005
0.973523378 0.047906920 0.223513067 59.425186157 -0.045092333 0.998826742 -0.017682452 -2.620628834 -0.224097908 0.007135554 0.974540472 101.655517578
0.972425222 0.045409013 0.228754088 59.559844971 -0.043660317 0.998966217 -0.012702113 -2.638331890 -0.229094371 0.002364381 0.973401308 102.263427734
0.971779108 0.040857550 0.232329682 59.719268799 -0.040254567 0.999163032 -0.007337774 -2.650469542 -0.232434988 -0.002221628 0.972609341 102.885055542
0.970960855 0.038435582 0.236132950 59.870624542 -0.038896479 0.999240041 -0.002707732 -2.661643744 -0.236057550 -0.006555627 0.971716881 103.514945984
0.970373571 0.034102518 0.239192516 60.027252197 -0.034579962 0.999399900 -0.002201364 -2.667761326 -0.239124045 -0.006135112 0.970969677 104.148712158
0.970364153 0.031387758 0.239602223 60.190505981 -0.030984789 0.999505520 -0.005449393 -2.673024178 -0.239654809 -0.002136119 0.970855772 104.795753479
0.970495939 0.030867051 0.239135340 60.352291107 -0.028715614 0.999510288 -0.012476306 -2.683528900 -0.239403322 0.005241290 0.970906079 105.450439453
0.970622063 0.033172697 0.238313422 60.511756897 -0.029449422 0.999382973 -0.019167798 -2.694293737 -0.238802209 0.011586489 0.970999062 106.117355347
0.971350670 0.035407111 0.235000342 60.712341309 -0.030836031 0.999258041 -0.023098798 -2.700716972 -0.235643908 0.015190552 0.971720695 106.851669312
0.971967101 0.033718944 0.232688054 60.876472473 -0.030147126 0.999367416 -0.018890422 -2.713748217 -0.233177856 0.011345990 0.972367942 107.554229736
0.972432375 0.029572463 0.231304124 61.047946930 -0.027718764 0.999552846 -0.011260465 -2.729856491 -0.231533736 0.004538584 0.972816288 108.270133972
0.972980022 0.029969217 0.228937611 61.213413239 -0.029529244 0.999550164 -0.005347966 -2.748992920 -0.228994951 -0.001556879 0.973426402 108.994468689
0.973275304 0.033303071 0.227215394 61.374252319 -0.032782402 0.999444664 -0.006065853 -2.761957884 -0.227291271 -0.001544911 0.973825634 109.727386475
0.973566592 0.038862798 0.225074291 61.532699585 -0.037410155 0.999243081 -0.010716835 -2.772648335 -0.225320444 0.002013494 0.974282742 110.468849182
0.974427402 0.039794821 0.221152857 61.697639465 -0.037170388 0.999181092 -0.016017810 -2.784699440 -0.221609265 0.007387852 0.975107610 111.218475342
0.975383103 0.038789380 0.217080772 61.866897583 -0.035512481 0.999189556 -0.018977556 -2.798166275 -0.217641070 0.010801304 0.975969136 111.977767944
0.976348877 0.036001146 0.213184431 62.039314270 -0.033066079 0.999303639 -0.017318536 -2.818373203 -0.213659570 0.009859756 0.976858497 112.759857178
0.977225006 0.031990431 0.209782794 62.210380554 -0.029434497 0.999450207 -0.015295405 -2.837845325 -0.210156888 0.008772201 0.977628350 113.541244507
0.977663398 0.030728098 0.207919747 62.379783630 -0.028763970 0.999509037 -0.012464022 -2.857381582 -0.208200783 0.006205026 0.978066385 114.339820862
0.978030443 0.027256330 0.206674337 62.552108765 -0.025717249 0.999618471 -0.010130297 -2.873263836 -0.206871688 0.004592651 0.978357315 115.146087646
0.978248298 0.022270659 0.206239998 62.724914551 -0.020851484 0.999742150 -0.009052481 -2.885677338 -0.206388488 0.004555173 0.978459477 115.956466675
0.978363574 0.023129238 0.205597490 62.894142151 -0.022068564 0.999729216 -0.007450918 -2.900795937 -0.205714226 0.002752477 0.978608310 116.775093079
0.978094041 0.028492402 0.206205517 63.054786682 -0.027143333 0.999588251 -0.009368936 -2.916725159 -0.206387594 0.003566606 0.978463829 117.598655701
0.977782130 0.034288868 0.206801921 63.214279175 -0.032406386 0.999397337 -0.012484489 -2.936338902 -0.207105398 0.005505415 0.978303075 118.430999756
0.977247477 0.043009661 0.207697466 63.377624512 -0.040977437 0.999061346 -0.014079116 -2.951400280 -0.208108097 0.005247874 0.978091657 119.269248962
0.976315498 0.049067669 0.210715547 63.543586731 -0.047275797 0.998790681 -0.013535946 -2.969756603 -0.211124942 0.003253613 0.977453589 120.112884521
0.975618482 0.051230770 0.213411286 63.723526001 -0.049972713 0.998687327 -0.011289027 -2.992427588 -0.213709533 0.000349051 0.976897120 120.946472168
0.975047112 0.051687449 0.215898275 63.906192780 -0.050257090 0.998663306 -0.012113717 -3.012074947 -0.216235891 0.000961034 0.976340532 121.789672852
0.974709272 0.050157454 0.217776135 64.091659546 -0.048060447 0.998733580 -0.014918794 -3.030145168 -0.218248650 0.004075073 0.975884616 122.629653931
0.974810302 0.043286338 0.218795612 64.292114258 -0.041306883 0.999054253 -0.013615504 -3.047401428 -0.219178081 0.004234777 0.975675702 123.471420288
0.975014985 0.036549874 0.219112426 64.490135193 -0.034074657 0.999306142 -0.015066293 -3.071859598 -0.219511092 0.007223689 0.975583255 124.313125610
0.974712968 0.036308262 0.220492005 64.681152344 -0.033858549 0.999316394 -0.014880682 -3.096563101 -0.220881596 0.007038864 0.975275278 125.152107239
0.974173129 0.039084632 0.222394913 64.864746094 -0.037325937 0.999230325 -0.012107410 -3.115433693 -0.222696960 0.003493628 0.974881411 126.001518250
0.973818660 0.041174415 0.223567843 65.051391602 -0.040769309 0.999148369 -0.006429607 -3.132368565 -0.223642230 -0.002853421 0.974667132 126.847869873
0.973479748 0.044596713 0.224385396 65.242660522 -0.045268949 0.998972952 -0.002150390 -3.151973009 -0.224250883 -0.008064309 0.974498153 127.690483093
0.973315597 0.043802802 0.225252435 65.429824829 -0.042939514 0.999040067 -0.008732680 -3.172288418 -0.225418806 -0.001172565 0.974261284 128.522750854
0.973606229 0.039613910 0.224770978 65.624893188 -0.035334915 0.999110699 -0.023029543 -3.195235729 -0.225483447 0.014479444 0.974139333 129.339996338
