1.000000000 0.000000000 0.000000000 0.000000000 0.000000000 1.000000000 0.000000000 0.000000000 0.000000000 0.000000000 1.000000000 0.000000000
0.999997437 -0.000542023 0.002205709 -0.021287523 0.000552466 0.999988616 -0.004736800 0.029798660 -0.002203116 0.004738006 0.999986351 0.052521884
0.999960780 -0.005398893 0.007020894 -0.051896792 0.005483754 0.999911487 -0.012124441 0.062987022 -0.006954813 0.012162467 0.999901831 0.124327503
0.999877810 -0.007519889 0.013705238 -0.087089173 0.007774127 0.999796927 -0.018592451 0.089341350 -0.013562641 0.018696725 0.999733210 0.217131108
0.999615252 -0.006474859 0.026972035 -0.173048452 0.007091642 0.999714136 -0.022834953 0.097864620 -0.026816469 0.023017444 0.999375343 0.344151616
0.998747170 -0.009135354 0.049200296 -0.285828084 0.010342397 0.999650359 -0.024334736 0.092695467 -0.048960783 0.024813097 0.998492479 0.590141892
0.997254014 -0.011036834 0.073229969 -0.371959865 0.012953525 0.999584615 -0.025750501 0.065408237 -0.072915353 0.026628377 0.996982574 0.902994394
0.994794846 -0.013731303 0.100969210 -0.462663293 0.016752418 0.999435246 -0.029134361 0.049334981 -0.100512117 0.030674189 0.994462788 1.256201148
0.992222071 -0.018370420 0.123117313 -0.441798091 0.022507153 0.999225080 -0.032293722 0.025819167 -0.122428648 0.034813568 0.991866529 1.666154623
0.988194764 -0.018624825 0.152066424 -0.463335097 0.024039930 0.999137938 -0.033849441 0.005447321 -0.151304871 0.037105501 0.987790465 2.103531599
0.980048299 -0.019028574 0.197846204 -0.268381953 0.025896033 0.999146581 -0.032181695 -0.041624889 -0.197064951 0.036663044 0.979704618 3.072049141
0.969578624 -0.018665543 0.244067401 -0.031558633 0.027052015 0.999151587 -0.031054296 -0.087709807 -0.243280694 0.036712084 0.969260931 4.024798393
0.956971526 -0.018972287 0.289560646 0.254745245 0.028742712 0.999150813 -0.029526729 -0.134119421 -0.288754553 0.036579002 0.956704140 4.960536003
0.942202926 -0.019565916 0.334470779 0.576294899 0.031135021 0.999086857 -0.029262515 -0.177720249 -0.333592772 0.037984978 0.941951692 5.882786751
0.925450087 -0.021878634 0.378237009 0.946639895 0.035262629 0.998971879 -0.028494472 -0.220908076 -0.377224684 0.039707839 0.925270140 6.783282280
0.906827033 -0.020939201 0.420982331 1.357265115 0.036411431 0.998923481 -0.028747542 -0.261323392 -0.419927150 0.041397605 0.906613171 7.670278549
0.886191070 -0.024851141 0.462653011 1.813094139 0.042072065 0.998751402 -0.026939770 -0.302562535 -0.461405814 0.043338537 0.886130095 8.527514458
0.863843322 -0.024060789 0.503185749 2.304496288 0.042924002 0.998741865 -0.025932929 -0.343921483 -0.501928687 0.044000715 0.863789082 9.360160828
0.839097321 -0.023293750 0.543482363 2.825463533 0.044682745 0.998658061 -0.026184233 -0.384810597 -0.542143106 0.046255384 0.839012086 10.168594360
0.812644601 -0.025524711 0.582200289 3.392619133 0.049910750 0.998418152 -0.025893759 -0.421761572 -0.580618382 0.050100472 0.812632859 10.948390007
0.784780979 -0.023900248 0.619312048 3.987246275 0.050517511 0.998398066 -0.025485078 -0.457693815 -0.617710829 0.051286295 0.784731209 11.696128845
0.755103886 -0.023797885 0.655173063 4.624547005 0.054194354 0.998186707 -0.026203193 -0.496727318 -0.653361380 0.055292793 0.755024254 12.431261063
0.723891616 -0.023650395 0.689508140 5.286880016 0.059473064 0.997831285 -0.028212780 -0.531216264 -0.687345505 0.061430141 0.723728180 13.122938156
0.691984117 -0.023178363 0.721540511 5.977801323 0.061691377 0.997727096 -0.027113877 -0.565108180 -0.719271958 0.063275173 0.691841066 13.784454346
0.659977078 -0.025686761 0.750846505 6.711229324 0.067153342 0.997431993 -0.024903713 -0.595068395 -0.748278499 0.066857718 0.660007060 14.420709610
0.628357470 -0.027167084 0.777450323 7.469858170 0.071507446 0.997176111 -0.022949200 -0.630605340 -0.774631321 0.070013769 0.628525615 15.028482437
0.597929120 -0.025271939 0.801150501 8.255603790 0.073405638 0.997029305 -0.023334567 -0.661396742 -0.798180640 0.072761364 0.598007798 15.617450714
0.568996072 -0.025952864 0.821930766 9.064708710 0.074274175 0.997038603 -0.019935628 -0.688456118 -0.818979144 0.072391503 0.569238484 16.165550232
0.539423883 -0.027807994 0.841575205 9.905755997 0.076872297 0.996907175 -0.016332172 -0.716088772 -0.838518202 0.073503755 0.539893031 16.702568054
0.509919524 -0.027912676 0.859769225 10.768787384 0.077322364 0.996914923 -0.013493875 -0.749177337 -0.856739938 0.073360160 0.510504603 17.222076416
0.480596542 -0.024235144 0.876607001 11.641402245 0.074837387 0.997104883 -0.013462802 -0.765931547 -0.873742938 0.072073124 0.481018603 17.714241028
0.452203393 -0.022624042 0.891628027 12.543463707 0.074903339 0.997110069 -0.012687881 -0.785842240 -0.888764262 0.072523400 0.452591002 18.177471161
0.424153030 -0.022842545 0.905302525 13.467273712 0.077100441 0.996963024 -0.010967828 -0.804708183 -0.902302504 0.074451245 0.424625903 18.607597351
0.395514011 -0.023371972 0.918162584 14.409778595 0.078907885 0.996844828 -0.008616041 -0.823623002 -0.915064096 0.075858019 0.396110088 19.019180298
0.366942763 -0.023567500 0.929944992 15.384027481 0.077743351 0.996958733 -0.005410550 -0.839035690 -0.926989257 0.074282385 0.367658854 19.408031464
0.339235634 -0.023849132 0.940399170 16.373003006 0.078521848 0.996907830 -0.003043388 -0.849733829 -0.937418640 0.074874274 0.340059131 19.768005371
0.313126206 -0.024394400 0.949398220 17.373155594 0.081300423 0.996689081 -0.001204602 -0.860853791 -0.946225286 0.077563658 0.314072520 20.103765488
0.288851649 -0.024743732 0.957054198 18.411079407 0.085655302 0.996325016 -0.000092838 -0.865552127 -0.953534484 0.082003564 0.289909303 20.414779663
0.266689509 -0.025388125 0.963448167 19.473245621 0.089794599 0.995959520 0.001389055 -0.871236205 -0.959590375 0.086141981 0.267891467 20.707174301
0.246626377 -0.026887104 0.968737543 20.559637070 0.095673688 0.995407522 0.003270220 -0.875346661 -0.964376509 0.091876186 0.248065948 20.982467651
0.229221404 -0.028509432 0.972956657 21.666337967 0.099990048 0.994972706 0.005597651 -0.876536548 -0.968225062 0.096002877 0.230919540 21.238094330
0.213819653 -0.029204791 0.976436496 22.782325745 0.103122070 0.994642973 0.007167733 -0.875815809 -0.971415043 0.099159546 0.215685695 21.479127884
0.199566826 -0.030308599 0.979415417 23.907100677 0.105520181 0.994374096 0.009270609 -0.874781251 -0.974186301 0.101498000 0.201642007 21.708984375
0.186371490 -0.031345032 0.981979311 25.046585083 0.105692096 0.994330406 0.011679827 -0.871624708 -0.976777911 0.101610653 0.188627556 21.927431107
0.174271911 -0.031188829 0.984203577 26.190889359 0.105602905 0.994325936 0.012810629 -0.868728995 -0.979018807 0.101702206 0.176576495 22.131597519
0.163341999 -0.028621659 0.986154199 27.343029022 0.105697341 0.994333565 0.011351862 -0.866193771 -0.980891347 0.102379650 0.165441439 22.321723938
0.153100654 -0.025180304 0.987889767 28.525209427 0.106156074 0.994309783 0.008892176 -0.857496858 -0.982492447 0.103509098 0.154902294 22.508157730
0.143746212 -0.022796074 0.989351988 29.732841492 0.107368223 0.994192481 0.007307750 -0.848805547 -0.983772993 0.105174497 0.145358771 22.684087753
0.136379853 -0.021642147 0.990420222 30.967433929 0.107180640 0.994215190 0.006966440 -0.841632485 -0.984841704 0.105203778 0.137910292 22.854082108
0.130572513 -0.020672407 0.991223335 32.230339050 0.107068487 0.994229615 0.006631142 -0.831847489 -0.985640585 0.105262950 0.132032171 23.021942139
0.125480354 -0.019297760 0.991908431 33.506530762 0.108118556 0.994121969 0.005663428 -0.827154756 -0.986187220 0.106533073 0.126828939 23.184549332
0.120892286 -0.017514499 0.992511272 34.793159485 0.107036740 0.994244993 0.004507574 -0.824418724 -0.986878037 0.105690226 0.122070983 23.346057892
0.116843902 -0.016541149 0.993012667 36.119247437 0.107607417 0.994185925 0.003898983 -0.818909883 -0.987303555 0.106399946 0.117944248 23.503414154
0.113823429 -0.017512891 0.993346691 37.468780518 0.107349217 0.994207680 0.005227403 -0.815880060 -0.987684429 0.106039986 0.115043871 23.661401749
0.111220673 -0.019602401 0.993602574 38.845108032 0.107859217 0.994137585 0.007539575 -0.812059879 -0.987925291 0.106330603 0.112682723 23.820566177
0.108882546 -0.020758046 0.993838012 40.244251251 0.107675299 0.994145751 0.008967851 -0.804480076 -0.988205791 0.106035352 0.110480011 23.978111267
0.106594153 -0.020371137 0.994094014 41.661926270 0.110348806 0.993856192 0.008533878 -0.793657899 -0.988160312 0.108787425 0.108186953 24.131595612
0.105705060 -0.020527467 0.994185805 43.092899323 0.110166810 0.993874073 0.008807772 -0.783909678 -0.988276064 0.108595245 0.107318714 24.284923553
0.104855835 -0.019552145 0.994295359 44.554374695 0.111963913 0.993682086 0.007732696 -0.774762690 -0.988164544 0.110514365 0.106382273 24.442222595
0.104768567 -0.019223638 0.994310915 46.033493042 0.111677095 0.993716717 0.007444986 -0.766410112 -0.988206267 0.110261746 0.106256865 24.599678040
0.105545551 -0.017490841 0.994260788 47.505954742 0.111798719 0.993714988 0.005613302 -0.757117510 -0.988109827 0.110564612 0.106837414 24.755126953
0.106571853 -0.017660322 0.994148195 49.029060364 0.112341665 0.993653655 0.005608640 -0.751507699 -0.987937987 0.111086518 0.107879259 24.920597076
0.107834592 -0.018489882 0.993996918 50.571552277 0.111596398 0.993733048 0.006378383 -0.746699214 -0.987885594 0.110238649 0.109221958 25.090515137
0.109097198 -0.017733291 0.993872941 52.119838715 0.112875737 0.993594706 0.005338019 -0.739225328 -0.987601578 0.111601748 0.110399798 25.259006500
0.110103585 -0.016947808 0.993775725 53.701911926 0.112710193 0.993617833 0.004457628 -0.733589232 -0.987508714 0.111517832 0.111310825 25.437555313
0.110994756 -0.016614631 0.993682146 55.296951294 0.113703825 0.993506908 0.003910967 -0.731113076 -0.987295032 0.112551339 0.112162940 25.616064072
0.112043396 -0.016529897 0.993565857 56.921897888 0.113661170 0.993512571 0.003711592 -0.725569248 -0.987181544 0.112513967 0.113195069 25.798856735
0.112782180 -0.018415526 0.993449152 58.567211151 0.115546703 0.993287921 0.005295030 -0.721601486 -0.986878335 0.114192560 0.114152774 25.984739304
0.113249786 -0.020780988 0.993349254 60.232471466 0.117108904 0.993091345 0.007424273 -0.720330060 -0.986640692 0.115489230 0.114900745 26.175764084
0.113938570 -0.020004155 0.993286431 61.902820587 0.118775226 0.992900729 0.006371869 -0.718452573 -0.986362159 0.117251799 0.115505412 26.368709564
0.114386223 -0.018631479 0.993261755 63.596321106 0.120691650 0.992678761 0.004721466 -0.715946198 -0.986077666 0.119338274 0.115797184 26.564779282
0.114958115 -0.018761059 0.993193269 65.290405273 0.119971670 0.992765307 0.004866780 -0.716613770 -0.986099064 0.118595541 0.116376966 26.764888763
0.114901789 -0.018996166 0.993195236 67.003089905 0.120410845 0.992711186 0.005056731 -0.717136621 -0.986052036 0.119010426 0.116351366 26.967765808
0.115054838 -0.020019060 0.993157446 68.746963501 0.120232567 0.992727041 0.006081773 -0.716359377 -0.986055911 0.118710108 0.116624743 27.172996521
0.115066804 -0.020048337 0.993155420 70.498680115 0.121784858 0.992538750 0.005925955 -0.712480307 -0.985863984 0.120269381 0.116649576 27.378761292
0.114982940 -0.020303013 0.993160129 72.259567261 0.122702546 0.992424846 0.006082151 -0.707906783 -0.985760033 0.121163905 0.116602898 27.584426880
0.114603929 -0.019338636 0.993223131 74.043167114 0.123174168 0.992371857 0.005109535 -0.707422853 -0.985745370 0.121753819 0.116111465 27.795421600
0.113753863 -0.018641140 0.993334174 75.846260071 0.122671023 0.992436767 0.004576391 -0.712067604 -0.985906541 0.121332712 0.115179978 28.007461548
0.112237446 -0.017963490 0.993519187 77.648185730 0.121954829 0.992526889 0.004168394 -0.720335364 -0.986169159 0.120696604 0.113589160 28.220458984
0.110742658 -0.017180122 0.993700683 79.477500916 0.121184468 0.992623270 0.003656163 -0.723721147 -0.986433029 0.120016187 0.112007424 28.431381226
0.109641254 -0.017778557 0.993812263 81.307014465 0.120154455 0.992744982 0.004503582 -0.726572275 -0.986681998 0.118917197 0.110981718 28.640842438
0.108767360 -0.017975092 0.993904710 83.135459900 0.120084479 0.992752016 0.004812904 -0.727057457 -0.986787319 0.118829042 0.110137269 28.846530914
0.108226106 -0.018404704 0.993955851 85.007118225 0.117639706 0.993040621 0.005578679 -0.726090789 -0.987141252 0.116324939 0.109637789 29.061462402
0.106386885 -0.017401474 0.994172513 86.892112732 0.117444709 0.993067741 0.004814351 -0.724433362 -0.987364352 0.116248123 0.107692838 29.273239136
0.103204362 -0.016398305 0.994525015 88.783599854 0.116052859 0.993233502 0.004333945 -0.727227211 -0.987866521 0.114970200 0.104408860 29.493408203
0.098822169 -0.015436918 0.994985461 90.709320068 0.116528809 0.993179798 0.003835269 -0.725062430 -0.988258421 0.115565471 0.099946789 29.699394226
0.093844943 -0.015733229 0.995462537 92.636207581 0.114483044 0.993412971 0.004908246 -0.724560082 -0.988982499 0.113502964 0.095027730 29.898986816
0.088863075 -0.016233729 0.995911598 94.546463013 0.112731695 0.993606508 0.006137377 -0.730677962 -0.989643753 0.111725427 0.090124711 30.084451675
0.084130891 -0.015094324 0.996340573 96.494949341 0.111522764 0.993745863 0.005638076 -0.732286692 -0.990194201 0.110640317 0.085287817 30.260900497
0.079210907 -0.013361359 0.996768475 98.448638916 0.111934043 0.993705809 0.004425193 -0.735435486 -0.990553439 0.111221813 0.080207676 30.432758331
0.074251071 -0.011564879 0.997172534 100.411659241 0.111667551 0.993740439 0.003210161 -0.742464900 -0.990967691 0.111113451 0.075077437 30.593103409
0.069251247 -0.010881565 0.997539997 102.399208069 0.110463358 0.993875146 0.003173027 -0.748485863 -0.991464555 0.109971866 0.070028849 30.744796753
0.063679509 -0.010687953 0.997913241 104.392066956 0.108487606 0.994090974 0.003724159 -0.756042004 -0.992055953 0.108024083 0.064462461 30.893421173
0.058040649 -0.010797889 0.998255849 106.395332336 0.106830791 0.994266748 0.004543410 -0.760679901 -0.992581546 0.106380768 0.058861163 31.023803711
0.052264303 -0.011046038 0.998572230 108.413223267 0.106213085 0.994328439 0.005440037 -0.763344407 -0.992968738 0.105777122 0.053140853 31.143974304
0.046610583 -0.011229253 0.998850107 110.436576843 0.106519513 0.994291127 0.006207382 -0.765770495 -0.993217349 0.106107704 0.047540367 31.249652863
0.040591441 -0.009595320 0.999129772 112.459945679 0.106962241 0.994249463 0.005202949 -0.768819451 -0.993433893 0.106657974 0.041384090 31.350666046
0.034765948 -0.008383157 0.999360323 114.508758545 0.106736064 0.994276643 0.004627388 -0.771641612 -0.993679166 0.106506906 0.035461493 31.431589127
0.028720066 -0.008406846 0.999552190 116.558074951 0.107250564 0.994217932 0.005280391 -0.774215221 -0.993816853 0.107050888 0.029455390 31.499774933
0.022656497 -0.007989516 0.999711335 118.632987976 0.106772408 0.994268119 0.005526259 -0.772825003 -0.994025052 0.106616378 0.023379430 31.566354752
0.017249376 -0.007010047 0.999826670 120.706367493 0.106280908 0.994322836 0.005137892 -0.779190779 -0.994186223 0.106173851 0.017896226 31.603992462
0.012823019 -0.005989718 0.999899805 122.778617859 0.105473205 0.994411409 0.004604253 -0.788302422 -0.994339168 0.105403595 0.013382860 31.600944519
0.006982841 -0.003539686 0.999969363 124.927146912 0.105847478 0.994378507 0.002780790 -0.802272320 -0.994357586 0.105824791 0.007317999 31.650890350
0.001032957 -0.003377816 0.999993742 127.056755066 0.108023599 0.994143069 0.003246501 -0.809596300 -0.994147539 0.108019561 0.001391539 31.688413620
-0.003024118 -0.003781357 0.999988258 129.174240112 0.108954549 0.994038403 0.004088385 -0.824059248 -0.994041800 0.108965628 -0.002594345 31.697154999
-0.004084266 -0.002604082 0.999988258 131.256423950 0.109570563 0.993974388 0.003035973 -0.809251189 -0.993970275 0.109581657 -0.003774575 31.662721634
-0.007694518 -0.002149419 0.999968052 133.394363403 0.108594976 0.994081616 0.002972410 -0.808163285 -0.994055927 0.108614370 -0.007415812 31.664167404
-0.011878109 -0.000148420 0.999929428 135.556457520 0.106633082 0.994297385 0.001414304 -0.795049965 -0.994227111 0.106642336 -0.011794795 31.666202545
-0.014682358 0.006595025 0.999870300 137.681320190 0.103889138 0.994576275 -0.005034538 -0.703056097 -0.994480073 0.103801757 -0.015288122 31.658370972
-0.019256206 0.006988781 0.999790013 139.853149414 0.102859467 0.994683504 -0.004971954 -0.719963610 -0.994508982 0.102742136 -0.019872939 31.631164551
-0.023804560 0.008960782 0.999676287 142.032470703 0.103390448 0.994619906 -0.006453465 -0.734949112 -0.994355559 0.103203371 -0.024603192 31.601942062
-0.028166594 0.013185431 0.999516189 144.110305786 0.101084977 0.994824767 -0.010274917 -0.735665083 -0.994478643 0.100746647 -0.029353917 31.598489761
-0.032800775 0.013466145 0.999371111 146.296569824 0.100636981 0.994871974 -0.010102442 -0.773264647 -0.994382024 0.100242317 -0.033988010 31.534423828
-0.037491541 0.013013538 0.999212086 148.481109619 0.100516826 0.994893014 -0.009185754 -0.811379790 -0.994228423 0.100093238 -0.038608391 31.469627380
-0.042097718 0.013138580 0.999027014 150.675445557 0.100930013 0.994854510 -0.008830613 -0.846919417 -0.994002104 0.100460075 -0.043207418 31.393814087
-0.046335280 0.014001938 0.998827696 152.888717651 0.102434814 0.994697392 -0.009192089 -0.881682754 -0.993659616 0.101888813 -0.047524102 31.300357819
-0.049878377 0.015101870 0.998641014 155.097366333 0.102872007 0.994645417 -0.009903343 -0.920628905 -0.993442833 0.102238238 -0.051165100 31.192255020
-0.053774688 0.016720373 0.998413026 157.333801270 0.102713786 0.994648933 -0.011125123 -0.966888189 -0.993255973 0.101952545 -0.055204574 31.083766937
-0.057420772 0.017733905 0.998192489 159.570968628 0.103817433 0.994527817 -0.011696700 -1.007820845 -0.992937088 0.102958158 -0.058947857 30.958650589
-0.060792297 0.018736027 0.997974575 161.803039551 0.103775308 0.994524360 -0.012349678 -1.048276067 -0.992740750 0.102814369 -0.062403977 30.826353073
-0.064347148 0.018976277 0.997747123 164.044769287 0.104297429 0.994471669 -0.012187556 -1.087319732 -0.992461979 0.103278220 -0.065970823 30.683105469
-0.068690330 0.019164305 0.997453868 166.316390991 0.103987448 0.994507074 -0.011946493 -1.131310105 -0.992203355 0.102902085 -0.070306085 30.534942627
-0.072544821 0.019435661 0.997175694 168.584075928 0.106216379 0.994275033 -0.011651821 -1.174649239 -0.991692841 0.105071127 -0.074194118 30.370723724
-0.075897194 0.019200159 0.996930778 170.858032227 0.108129248 0.994077265 -0.010913203 -1.215545297 -0.991235137 0.106969096 -0.077523977 30.198684692
-0.078758448 0.018648699 0.996719360 173.151565552 0.108998269 0.993991971 -0.009984852 -1.255044818 -0.990916669 0.107854299 -0.080318160 30.019149780
-0.081744120 0.018166879 0.996487856 175.449951172 0.108563431 0.994047046 -0.009216655 -1.294757843 -0.990722537 0.107428730 -0.083229974 29.833320618
-0.084707104 0.018872470 0.996227145 177.759002686 0.107529968 0.994154811 -0.009690134 -1.338091135 -0.990586400 0.106303461 -0.086241543 29.641689301
-0.087797351 0.021092612 0.995915055 180.069992065 0.106789313 0.994213700 -0.011642274 -1.379265070 -0.990397453 0.105330929 -0.089542024 29.442886353
-0.091355667 0.023116445 0.995549977 182.385528564 0.106375255 0.994236946 -0.013324503 -1.424126148 -0.990120113 0.104684636 -0.093288429 29.240180969
-0.094664291 0.024571486 0.995205939 184.698577881 0.105583780 0.994304776 -0.014506043 -1.469116688 -0.989893854 0.103704423 -0.096719749 29.026201248
-0.098120242 0.025939504 0.994836390 187.021362305 0.104084127 0.994445264 -0.015663505 -1.517536163 -0.989716113 0.102009803 -0.100275315 28.807012558
-0.101763755 0.026315050 0.994460464 189.315093994 0.104951859 0.994355500 -0.015572451 -1.565184116 -0.989256442 0.102785788 -0.103951380 28.578426361
-0.105205320 0.025610246 0.994120598 191.634124756 0.104532830 0.994415104 -0.014555342 -1.615207911 -0.988940835 0.102386996 -0.107295096 28.341293335
-0.109138072 0.025057301 0.993710697 193.990234375 0.104498982 0.994432271 -0.013598458 -1.665518522 -0.988518119 0.102357693 -0.111149102 28.088609695
-0.113306545 0.024969682 0.993246138 196.341552734 0.104597196 0.994428992 -0.013067248 -1.714057446 -0.988038599 0.102410205 -0.115287296 27.825088501
-0.117205225 0.025337873 0.992784381 198.696685791 0.103809915 0.994510710 -0.013126399 -1.764123201 -0.987666786 0.101522431 -0.119192399 27.554153442
-0.121200047 0.026201958 0.992282033 201.065109253 0.103177525 0.994569302 -0.013659934 -1.815882444 -0.987250865 0.100725658 -0.123245522 27.272403717
-0.124698922 0.026725056 0.991834521 203.421844482 0.102959387 0.994589210 -0.013854621 -1.874066830 -0.986837745 0.100391068 -0.126776025 26.988002777
-0.127033606 0.026974194 0.991531372 205.734970093 0.103167810 0.994567871 -0.013839046 -1.928999901 -0.986518025 0.100536160 -0.129126638 26.686361313
-0.129824072 0.026514471 0.991182268 208.114624023 0.104294345 0.994462430 -0.012941813 -1.980915070 -0.986036241 0.101694576 -0.131870672 26.377677917
-0.132561877 0.025770392 0.990839422 210.479675293 0.105604820 0.994339108 -0.011732782 -2.029087067 -0.985532284 0.103082150 -0.134533137 26.061685562
-0.135438725 0.026201583 0.990438998 212.848724365 0.106570847 0.994236112 -0.011728848 -2.078921795 -0.985037088 0.103963442 -0.137450591 25.742113113
-0.138242990 0.027190583 0.990024805 215.231018066 0.106507488 0.994234383 -0.012433894 -2.127454758 -0.984654307 0.103726208 -0.140342131 25.413557053
-0.141312599 0.027567867 0.989580810 217.619323730 0.105890520 0.994298398 -0.012578043 -2.179749727 -0.984284997 0.103009865 -0.143426254 25.079830170
-0.144291118 0.028993636 0.989110291 219.990142822 0.105700187 0.994303346 -0.013726324 -2.235585928 -0.983873188 0.102568597 -0.146533996 24.736305237
-0.147405326 0.030315202 0.988611281 222.388275146 0.105613977 0.994298041 -0.014742148 -2.293159485 -0.983420670 0.102238134 -0.149766743 24.382076263
-0.150051832 0.030905783 0.988194764 224.755126953 0.103368267 0.994523942 -0.015407806 -2.351529121 -0.983258963 0.099836059 -0.152425021 24.028236389
-0.153463215 0.031709984 0.987645388 227.154495239 0.104367569 0.994414866 -0.015710374 -2.413820028 -0.982626736 0.100667216 -0.155915827 23.659027100
-0.156372547 0.030919423 0.987213969 229.563903809 0.105943792 0.994268537 -0.014359080 -2.474776506 -0.981999159 0.102343857 -0.158752248 23.278797150
-0.159192696 0.029900644 0.986794531 231.962585449 0.106439248 0.994234920 -0.012954971 -2.533165932 -0.981492341 0.102971368 -0.161457732 22.891906738
-0.162291169 0.029577181 0.986299396 234.332397461 0.105765328 0.994313657 -0.012414279 -2.589727163 -0.981057584 0.102301568 -0.164496824 22.501762390
-0.165607780 0.030422531 0.985722184 236.731658936 0.104640558 0.994423747 -0.013110763 -2.641274452 -0.980623841 0.100975320 -0.167868003 22.103328705
-0.169230893 0.030000411 0.985119581 239.124481201 0.103068613 0.994594812 -0.012583078 -2.696583509 -0.980171740 0.099405482 -0.171408504 21.695003510
-0.172796905 0.029584048 0.984512866 241.499252319 0.102355912 0.994676530 -0.011924412 -2.749408960 -0.979624033 0.098710269 -0.174905360 21.279655457
-0.176757336 0.030041115 0.983795643 243.899169922 0.102009863 0.994710565 -0.012046402 -2.803465366 -0.978953421 0.098227635 -0.178887054 20.856674194
-0.180874631 0.030037519 0.983047187 246.294494629 0.101719670 0.994744658 -0.011679120 -2.856078625 -0.978231192 0.097882837 -0.182979703 20.424884796
-0.185058266 0.029790549 0.982275665 248.677413940 0.101182722 0.994805992 -0.011107969 -2.910642862 -0.977504075 0.097333781 -0.187111557 19.980709076
-0.189367995 0.030032184 0.981446505 251.076904297 0.100550152 0.994870722 -0.011042005 -2.962520123 -0.976743639 0.096593641 -0.191416636 19.527652740
-0.193724990 0.030965317 0.980566740 253.460815430 0.100835800 0.994836807 -0.011494366 -3.014481068 -0.975859404 0.096649550 -0.195847362 19.067279816
-0.197403893 0.031354662 0.979820371 255.825286865 0.101339914 0.994786501 -0.011416650 -3.065989017 -0.975069642 0.097041316 -0.199552417 18.593410492
-0.201377973 0.031395469 0.979009986 258.210510254 0.101404861 0.994783998 -0.011042767 -3.117895365 -0.974249959 0.097052671 -0.203511462 18.107704163
-0.205442816 0.032208137 0.978138685 260.590850830 0.100295633 0.994889081 -0.011694126 -3.168064833 -0.973515689 0.095700637 -0.207623363 17.617893219
-0.209533080 0.032480717 0.977261603 262.975921631 0.101123206 0.994808972 -0.011382231 -3.218614340 -0.972557902 0.096438974 -0.211730137 17.112174988
-0.213341534 0.033109169 0.976416171 265.366027832 0.101819776 0.994736671 -0.011483314 -3.265661240 -0.971656859 0.096968703 -0.215590045 16.596969604
-0.217094630 0.034195170 0.975551128 267.743469238 0.103390470 0.994570315 -0.011853768 -3.313437462 -0.970659137 0.098289400 -0.219451576 16.071464539
-0.220488638 0.036010467 0.974724174 270.109802246 0.105483502 0.994338036 -0.012874017 -3.361588478 -0.969668508 0.099978857 -0.223038912 15.535957336
-0.223542497 0.036627222 0.974005282 272.497222900 0.106851168 0.994192123 -0.012863046 -3.413000345 -0.968819201 0.101198286 -0.226158038 14.989242554
-0.226667061 0.038487762 0.973211169 274.878356934 0.108686112 0.993977904 -0.013995303 -3.464869499 -0.967888594 0.102602378 -0.229485303 14.437110901
-0.229571521 0.040766660 0.972437382 277.258789062 0.110815398 0.993720353 -0.015497723 -3.517869949 -0.966962218 0.104203254 -0.232647702 13.875579834
-0.232768640 0.041341219 0.971652687 279.672882080 0.112072647 0.993580461 -0.015426074 -3.568529606 -0.966052592 0.105305061 -0.235907793 13.298656464
-0.236287057 0.042635038 0.970747173 282.076080322 0.112484880 0.993520617 -0.016255548 -3.617938042 -0.965150058 0.105353497 -0.239552081 12.719436646
-0.240055710 0.042799175 0.969814777 284.476501465 0.111705869 0.993609607 -0.016198955 -3.670600414 -0.964310169 0.104445443 -0.243302748 12.132705688
-0.243937105 0.044045758 0.968789876 286.914642334 0.112773620 0.993479431 -0.016772306 -3.723783970 -0.963211238 0.105162650 -0.247313872 11.526702881
-0.247532159 0.044574436 0.967853367 289.344848633 0.112015009 0.993559539 -0.017110016 -3.780221462 -0.962382257 0.104178928 -0.250931114 10.911468506
-0.250611275 0.044977907 0.967042029 291.773132324 0.110638127 0.993706346 -0.017545898 -3.834220409 -0.961744368 0.102594629 -0.254010409 10.290542603
-0.253508568 0.045240711 0.966274142 294.232208252 0.112183675 0.993541002 -0.017085131 -3.890623093 -0.960805595 0.104069069 -0.256946623 9.649246216
-0.255842716 0.044956330 0.965672135 296.702636719 0.113826483 0.993370712 -0.016088879 -3.946313381 -0.959993243 0.105802931 -0.259264082 8.993591309
-0.258175850 0.044897307 0.965053797 299.138305664 0.114972226 0.993248880 -0.015451065 -3.999969006 -0.959231734 0.106965385 -0.261594951 8.345390320
-0.260494798 0.044712711 0.964438975 301.622894287 0.114867046 0.993267655 -0.015023626 -4.050258636 -0.958617210 0.106868789 -0.263877213 7.676887512
-0.263015330 0.044205688 0.963778138 304.117828369 0.114642635 0.993304551 -0.014273938 -4.099583626 -0.957955658 0.106735870 -0.266322345 6.998916626
-0.266087353 0.044040117 0.962941945 306.658569336 0.116038807 0.993155062 -0.013357165 -4.148854256 -0.956938565 0.108184546 -0.269376516 6.303771973
-0.268704921 0.043922290 0.962220192 309.170410156 0.116375983 0.993122578 -0.012834260 -4.195660591 -0.956165969 0.108530797 -0.271968514 5.605621338
-0.270894647 0.045062333 0.961553276 311.673278809 0.116202109 0.993129909 -0.013804948 -4.243613720 -0.955569029 0.107994929 -0.274269998 4.899574280
-0.273810387 0.048229236 0.960573316 314.210632324 0.115915909 0.993116915 -0.016821465 -4.291792870 -0.954772532 0.106739908 -0.277516276 4.188255310
-0.277621627 0.048205953 0.959479928 316.760467529 0.114711232 0.993258595 -0.016711781 -4.347025871 -0.953816950 0.105423629 -0.281279922 3.457786560
-0.282846183 0.047078960 0.958008885 319.352569580 0.113233194 0.993449509 -0.015389168 -4.407244682 -0.952457547 0.104125693 -0.286324352 2.709632874
-0.288481891 0.044751145 0.956438661 321.863952637 0.110140920 0.993827462 -0.013279700 -4.459571362 -0.951129019 0.101512149 -0.291630268 1.974464417
-0.293762773 0.043773282 0.954875231 324.421356201 0.109439522 0.993922532 -0.011894708 -4.507962704 -0.949592412 0.101006940 -0.296768039 1.201835632
-0.298758686 0.043913707 0.953317463 326.959899902 0.109820567 0.993886650 -0.011365972 -4.552506447 -0.947988510 0.101298243 -0.301754951 0.422180176
-0.303397804 0.044538096 0.951822221 329.530761719 0.111445829 0.993710101 -0.010974227 -4.597040653 -0.946323872 0.102747120 -0.306453019 -0.382774353
-0.307735354 0.045609541 0.950377882 332.098571777 0.113011099 0.993532121 -0.011087180 -4.640677452 -0.944736421 0.103991404 -0.310899258 -1.205780029
-0.311928481 0.045406390 0.949019611 334.660949707 0.113537483 0.993481457 -0.010215594 -4.684845924 -0.943296969 0.104562856 -0.315050542 -2.035552979
-0.316701800 0.043477334 0.947527885 337.199066162 0.113082364 0.993555367 -0.007792621 -4.738522530 -0.941759765 0.104680844 -0.319577247 -2.861221313
-0.321210563 0.042045884 0.946073592 339.773742676 0.111755915 0.993716419 -0.006219913 -4.782649994 -0.940390110 0.103731483 -0.323891044 -3.722824097
-0.325695843 0.042270675 0.944528878 342.340087891 0.111396857 0.993757725 -0.006061538 -4.824085712 -0.938888788 0.103243381 -0.328371614 -4.590728760
-0.330088109 0.042164817 0.943007588 344.875549316 0.111694492 0.993728459 -0.005335408 -4.862314224 -0.937318027 0.103567660 -0.332727611 -5.472488403
-0.334648430 0.042204171 0.941397071 347.444122314 0.113330230 0.993548512 -0.004255476 -4.901425838 -0.935502887 0.105264738 -0.337272465 -6.377067566
-0.339281827 0.041331448 0.939776003 350.008911133 0.113608383 0.993522167 -0.002679828 -4.936418533 -0.933798730 0.105857268 -0.341779560 -7.289817810
-0.343119651 0.040924009 0.938399434 352.443756104 0.112513669 0.993647933 -0.002193513 -4.964460850 -0.932528079 0.104830198 -0.345544726 -8.171493530
-0.346981794 0.040261488 0.937006950 354.985412598 0.112644091 0.993635118 -0.000981602 -4.993515968 -0.931082189 0.105207756 -0.349308580 -9.103134155
-0.350030720 0.039683349 0.935896933 357.505493164 0.113239214 0.993567765 0.000223448 -5.019888401 -0.929867983 0.106058508 -0.352273136 -10.044219971
-0.352696031 0.039454024 0.934905529 359.951629639 0.110550836 0.993870616 -0.000236752 -5.043584347 -0.929184020 0.103271149 -0.354896039 -10.967781067
-0.355798632 0.039929252 0.933708847 362.376983643 0.107841395 0.994167209 -0.001420710 -5.069557667 -0.928319275 0.100187033 -0.358029425 -11.888114929
-0.359116107 0.040372267 0.932418942 364.805908203 0.104954958 0.994473696 -0.002636292 -5.097614765 -0.927372217 0.096915312 -0.361368835 -12.815078735
-0.362576395 0.039651055 0.931109667 366.676696777 0.105192035 0.994451284 -0.001386370 -5.112981796 -0.925997972 0.097442731 -0.364735663 -13.536682129
-0.366229355 0.040196884 0.929655612 368.531188965 0.108065963 0.994143844 -0.000413647 -5.127367496 -0.924227834 0.100312695 -0.368428707 -14.263397217
-0.369580954 0.041844539 0.928255498 370.247375488 0.109388448 0.993998528 -0.001255588 -5.141290665 -0.922736704 0.101076446 -0.371940345 -14.933067322
-0.373937219 0.040897042 0.926551461 371.981475830 0.106386542 0.994324744 -0.000953040 -5.159903526 -0.921331584 0.098216295 -0.376165926 -15.599380493
-0.377181590 0.038080148 0.925355792 373.729248047 0.104966730 0.994474292 0.001860698 -5.176837444 -0.920171261 0.097833455 -0.379094571 -16.304313660
-0.381537050 0.037867062 0.923577130 375.454650879 0.105039768 0.994464874 0.002619292 -5.186947823 -0.918365538 0.098011769 -0.383402765 -16.998458862
-0.385744393 0.038682915 0.921794116 377.179046631 0.105569139 0.994409323 0.002447482 -5.189778805 -0.916545391 0.098257154 -0.387671560 -17.706184387
-0.389024794 0.040088989 0.920354247 378.876098633 0.107355684 0.994218886 0.002071826 -5.208288193 -0.914950073 0.099611312 -0.391079575 -18.418304443
-0.392782599 0.039787132 0.918770075 380.582122803 0.107234403 0.994230211 0.002788787 -5.225472450 -0.913357496 0.099619195 -0.394782871 -19.097755432
-0.395140678 0.038916871 0.917795479 382.251556396 0.106196977 0.994339108 0.003558740 -5.241645813 -0.912460983 0.098873384 -0.397036642 -19.793792725
-0.396766961 0.038319953 0.917118788 383.906127930 0.102794982 0.994698703 0.002910068 -5.255758286 -0.912144780 0.095429905 -0.398602694 -20.505325317
-0.402092457 0.036204018 0.914882660 385.255554199 0.090594336 0.995888233 0.000406787 -5.276899338 -0.911105573 0.083046824 -0.403718948 -21.002647400
-0.410116911 0.039937440 0.911157668 386.304290771 0.080057785 0.996761203 -0.007655114 -5.314366341 -0.908511877 0.069805861 -0.411985874 -21.286010742
-0.413156599 0.048449546 0.909369826 387.296569824 0.089532912 0.995907247 -0.012382329 -5.358973503 -0.906247437 0.076302774 -0.415803432 -21.716415405
-0.415518403 0.048164427 0.908308268 388.467163086 0.099071406 0.995052934 -0.007442559 -5.416299820 -0.904172719 0.086894929 -0.418234408 -22.264160156
-0.419637471 0.038976505 0.906854093 389.812805176 0.101199821 0.994858146 0.004070298 -5.453107834 -0.902032018 0.093481578 -0.421424150 -22.902084351
-0.423493147 0.028678287 0.905444801 391.128265381 0.095425747 0.995350599 0.013106509 -5.449750423 -0.900858641 0.091953315 -0.424260706 -23.509613037
-0.428017676 0.023352472 0.903468132 392.378173828 0.089285746 0.995868742 0.016558297 -5.432188988 -0.899348497 0.087754130 -0.428334326 -24.079101562
-0.429725885 0.023836855 0.902644157 393.625732422 0.088927895 0.995909333 0.016036540 -5.410112858 -0.898569107 0.087161623 -0.430087686 -24.706375122
-0.431663930 0.028494900 0.901583791 394.879302979 0.094677128 0.995411813 0.013869561 -5.396933079 -0.897051454 0.091346435 -0.432381153 -25.333404541
-0.434105247 0.035257604 0.900171399 396.128814697 0.099773698 0.994968474 0.009145040 -5.388231277 -0.895319343 0.093783408 -0.435438693 -25.959259033
-0.437099338 0.038960226 0.898568451 397.376220703 0.101323418 0.994835019 0.006153590 -5.389091492 -0.893687129 0.093735814 -0.438789129 -26.580017090
-0.440494686 0.039303303 0.896893919 398.629119873 0.101306878 0.994836628 0.006159932 -5.392319679 -0.892020285 0.093575001 -0.442201823 -27.212615967
-0.443510175 0.038246728 0.895452321 399.884246826 0.101976119 0.994755030 0.008019779 -5.397116661 -0.890448511 0.094871670 -0.445084095 -27.861648560
-0.445609659 0.037126511 0.894456506 401.097198486 0.101747163 0.994766414 0.009399382 -5.394912243 -0.889425933 0.095196918 -0.447054923 -28.500106812
-0.447597325 0.037656374 0.893441319 402.325714111 0.102756761 0.994661152 0.009556686 -5.395645142 -0.888311088 0.096084736 -0.449076951 -29.157882690
-0.449961275 0.037872743 0.892243981 403.542968750 0.103099972 0.994623423 0.009775239 -5.399370193 -0.887076199 0.096388862 -0.451446533 -29.791793823
-0.450947970 0.038800128 0.891705871 404.754852295 0.104859874 0.994439662 0.009758814 -5.402559280 -0.886368573 0.097904943 -0.452509016 -30.457412720
-0.452433586 0.037776519 0.890996933 406.006866455 0.106109686 0.994285762 0.011725014 -5.402379036 -0.885462224 0.099848256 -0.453856617 -31.126724243
-0.454437941 0.036351439 0.890035629 407.284698486 0.107335657 0.994121969 0.014201278 -5.396706104 -0.884287357 0.101986215 -0.455668300 -31.790847778
-0.457970023 0.035943333 0.888240099 408.478546143 0.108636610 0.993956625 0.015791016 -5.378087044 -0.882304013 0.103727244 -0.459106863 -32.395141602
-0.460783482 0.037067000 0.886737525 409.670593262 0.107565694 0.994094968 0.014340662 -5.361098289 -0.880969346 0.101990536 -0.462049484 -33.037796021
-0.463242352 0.039075196 0.885369241 410.852172852 0.103442118 0.994583368 0.010227657 -5.344858170 -0.880173326 0.096322395 -0.464774907 -33.682388306
-0.465374410 0.039551154 0.884229243 412.087036133 0.099993505 0.994955480 0.008123227 -5.342458725 -0.879447043 0.092197575 -0.466981322 -34.352645874
-0.467867374 0.039121836 0.882931828 413.379913330 0.098541491 0.995100379 0.008125459 -5.344147682 -0.878287435 0.090807125 -0.469429821 -35.047271729
-0.468314409 0.038420647 0.882725596 414.615753174 0.095885448 0.995364308 0.007547115 -5.349314213 -0.878343105 0.088175029 -0.469827145 -35.763549805
-0.467905134 0.037910849 0.882964551 415.804077148 0.092800096 0.995664537 0.006427409 -5.361665249 -0.878892541 0.084946662 -0.469394386 -36.467529297
-0.468856484 0.037608150 0.882472694 417.043914795 0.091650039 0.995772123 0.006256945 -5.375253201 -0.878506064 0.083812334 -0.470320731 -37.172973633
-0.470876813 0.035858221 0.881469309 418.352416992 0.092357866 0.995687187 0.008832538 -5.394176483 -0.877350688 0.085569710 -0.472157419 -37.895751953
-0.470583051 0.034538526 0.881678879 419.702514648 0.097326003 0.995168686 0.012962018 -5.402568817 -0.876971185 0.091910049 -0.471670747 -38.700942993
-0.470214963 0.032790519 0.881941974 421.234588623 0.104221307 0.994380891 0.018595532 -5.390300274 -0.876376212 0.100661106 -0.470989913 -39.579360962
-0.471830875 0.032342017 0.881095052 422.955322266 0.111844562 0.993450105 0.023427181 -5.365469933 -0.874566019 0.109599426 -0.472357482 -40.523559570
-0.471757740 0.037994903 0.880908549 424.830688477 0.115490071 0.993127167 0.019013980 -5.284996033 -0.874131560 0.110706255 -0.472903162 -41.582489014
-0.471107841 0.040102672 0.881162882 426.787658691 0.109868310 0.993854880 0.013508981 -5.265035152 -0.875206053 0.103176139 -0.472618550 -42.655410767
-0.469574958 0.039183397 0.882022023 428.678924561 0.105207577 0.994380295 0.011836050 -5.262963295 -0.876601458 0.098353386 -0.471058220 -43.670700073
-0.466881961 0.039438039 0.883439124 430.527038574 0.103192523 0.994610310 0.010134563 -5.263916492 -0.878277779 0.095896013 -0.468435079 -44.658386230
-0.463894188 0.040074743 0.884983003 432.513916016 0.105544649 0.994361818 0.010297136 -5.260440826 -0.879580379 0.098182075 -0.465508193 -45.719970703
-0.461571962 0.039858855 0.886206150 434.483825684 0.106485240 0.994256794 0.010743214 -5.262460709 -0.880688012 0.099326730 -0.463165224 -46.750518799
-0.462114066 0.041074067 0.885867953 436.553710938 0.104773410 0.994459927 0.008546163 -5.282657623 -0.880609095 0.096764795 -0.463857263 -47.792999268
-0.460804969 0.037481107 0.886708796 438.690551758 0.097922675 0.995155454 0.008823359 -5.288613319 -0.882082283 0.090894833 -0.462242663 -48.901596069
-0.460179448 0.032756407 0.887220740 440.829040527 0.089197218 0.995969296 0.009492980 -5.296473980 -0.883333564 0.083506167 -0.461246163 -49.998245239
-0.460595727 0.030633550 0.887080491 442.990020752 0.082019381 0.996597767 0.008171160 -5.309144974 -0.883812010 0.076521479 -0.461541116 -51.098022461
-0.459936142 0.030726157 0.887419462 445.383239746 0.080262348 0.996749163 0.007087178 -5.316253662 -0.884316683 0.074486099 -0.460906953 -52.324569702
-0.458871275 0.030338772 0.887983918 447.722595215 0.082141295 0.996585786 0.008397808 -5.326570511 -0.884697199 0.076793745 -0.459796548 -53.520278931
-0.457092345 0.029060438 0.888943613 450.012207031 0.083860621 0.996422350 0.010546913 -5.330204010 -0.885456622 0.079368360 -0.457893848 -54.698486328
-0.455547422 0.026984844 0.889801741 452.394897461 0.082082056 0.996556342 0.011800809 -5.329459667 -0.886418939 0.078412667 -0.456193358 -55.912750244
-0.454660445 0.026848907 0.890259385 454.510192871 0.079198077 0.996805429 0.010384745 -5.333753586 -0.887136459 0.075228423 -0.455334127 -56.983520508
-0.453319997 0.028672880 0.890885770 456.652221680 0.078368969 0.996894658 0.007792720 -5.330906868 -0.887895584 0.073350489 -0.454159170 -58.080963135
-0.451723039 0.030405333 0.891639113 458.844940186 0.078443572 0.996902645 0.005746321 -5.336899757 -0.888702571 0.072539203 -0.452708751 -59.189697266
-0.449497610 0.030247124 0.892768502 461.101196289 0.078820199 0.996871948 0.005910845 -5.348125458 -0.889796913 0.073025197 -0.450475454 -60.329376221
-0.449790627 0.030390242 0.892616153 463.348266602 0.079852961 0.996787429 0.006301181 -5.352913380 -0.889556706 0.074112326 -0.450772256 -61.398605347
