1.000000000 0.000000000 0.000000000 0.000000000 0.000000000 1.000000000 0.000000000 0.000000000 0.000000000 0.000000000 1.000000000 0.000000000
0.999996781 0.002271701 -0.001104915 -0.002966143 -0.002269287 0.999995053 0.002181055 0.003008564 0.001109864 -0.002178541 0.999997020 0.334060282
0.999997199 0.001890379 -0.001405867 -0.012318542 -0.001886862 0.999995112 0.002498905 -0.000834469 0.001410584 -0.002496246 0.999995887 1.283738375
0.999993443 0.002320213 -0.002777020 -0.018792255 -0.002312868 0.999993742 0.002644616 -0.017687168 0.002783139 -0.002638175 0.999992669 2.474189758
0.999987066 0.002875218 -0.004177098 -0.034690659 -0.002864681 0.999992549 0.002526178 -0.035569079 0.004184332 -0.002514179 0.999988139 4.000276089
0.999981046 0.002822467 -0.005468937 -0.050262101 -0.002807601 0.999992311 0.002723768 -0.051306784 0.005476583 -0.002708361 0.999981403 5.518291473
0.999970496 0.002649943 -0.007211146 -0.065938741 -0.002627534 0.999991596 0.003115253 -0.068894237 0.007219342 -0.003096214 0.999969304 7.030174255
0.999960601 0.000785172 -0.008844705 -0.082843848 -0.000764953 0.999996960 0.002289010 -0.085608080 0.008846477 -0.002282154 0.999958396 8.540973663
0.999948204 -0.000395829 -0.010167826 -0.103606619 0.000421893 0.999996483 0.002561403 -0.102662161 0.010166778 -0.002565560 0.999945104 10.052025795
0.999933124 -0.000061731 -0.011564348 -0.123699971 0.000090425 0.999996841 0.002480724 -0.119151041 0.011564162 -0.002481604 0.999930084 11.558382034
0.999921203 0.000490382 -0.012536375 -0.151076823 -0.000459551 0.999996781 0.002462071 -0.135911942 0.012537545 -0.002456116 0.999918461 13.063011169
0.999911666 0.002041911 -0.013134777 -0.179655507 -0.002001866 0.999993205 0.003061216 -0.153719008 0.013140941 -0.003034652 0.999909163 14.567892075
0.999900639 0.003201487 -0.013722111 -0.206991762 -0.003149923 0.999987900 0.003777656 -0.169118077 0.013734041 -0.003734058 0.999898732 16.061962128
0.999888837 0.003999115 -0.014358028 -0.236655280 -0.003934178 0.999981880 0.004548118 -0.182815298 0.014375957 -0.004491126 0.999886632 17.558454514
0.999882042 0.003854422 -0.014863793 -0.265121907 -0.003787408 0.999982476 0.004534033 -0.197861850 0.014881011 -0.004477204 0.999879241 19.045330048
0.999873042 0.004374885 -0.015321815 -0.295368910 -0.004303318 0.999979615 0.004700761 -0.213071689 0.015342070 -0.004634230 0.999871731 20.532329559
0.999868810 0.004938586 -0.015425956 -0.326368779 -0.004858363 0.999974430 0.005233663 -0.226866543 0.015451410 -0.005158033 0.999867439 22.006860733
0.999866426 0.005941462 -0.015227254 -0.357842118 -0.005842783 0.999961674 0.006516804 -0.240518048 0.015265392 -0.006426966 0.999862909 23.467052460
0.999863982 0.006244558 -0.015266540 -0.386176080 -0.006165445 0.999967277 0.005223744 -0.258021832 0.015298664 -0.005128909 0.999870002 24.920217514
0.999861598 0.006674232 -0.015246006 -0.415349782 -0.006625962 0.999972820 0.003214474 -0.272349238 0.015267049 -0.003113010 0.999878824 26.362747192
0.999878585 0.004739502 -0.014849263 -0.444707155 -0.004695780 0.999984503 0.002977908 -0.287559181 0.014863150 -0.002907819 0.999885499 27.801864624
0.999886692 0.003808617 -0.014565208 -0.471771717 -0.003726082 0.999976873 0.005689613 -0.302327991 0.014586541 -0.005634699 0.999877930 29.233621597
0.999893606 0.002217211 -0.014417763 -0.498037815 -0.002118097 0.999974132 0.006886127 -0.316836715 0.014432657 -0.006854858 0.999872565 30.656454086
0.999898612 0.001305399 -0.014186639 -0.523133934 -0.001215972 0.999979377 0.006310485 -0.330367982 0.014194586 -0.006292595 0.999879658 32.064743042
0.999904990 0.001414862 -0.013712193 -0.551043451 -0.001352306 0.999988616 0.004570355 -0.347480267 0.013718505 -0.004551379 0.999895751 33.458805084
0.999911368 0.002233734 -0.013126954 -0.578673601 -0.002183729 0.999990225 0.003822470 -0.362797737 0.013135364 -0.003793467 0.999906778 34.843486786
0.999921322 0.002930355 -0.012201196 -0.604062319 -0.002895267 0.999991536 0.002892523 -0.382445335 0.012209570 -0.002856969 0.999921679 36.199733734
0.999934554 0.003484994 -0.010910891 -0.626146853 -0.003442748 0.999986410 0.003888377 -0.398838252 0.010924295 -0.003850560 0.999933124 37.543819427
0.999948740 0.003800274 -0.009394091 -0.646878362 -0.003744359 0.999975026 0.005962538 -0.416877329 0.009416517 -0.005927058 0.999938369 38.874164581
0.999966145 0.003197758 -0.007603493 -0.666746199 -0.003144600 0.999970496 0.006993011 -0.433789700 0.007625630 -0.006968865 0.999946892 40.190383911
0.999979973 0.003691102 -0.005172318 -0.684040606 -0.003651715 0.999964237 0.007603819 -0.448187053 0.005200200 -0.007584781 0.999957919 41.488513947
0.999993145 0.003318819 -0.001726723 -0.695127845 -0.003306636 0.999969780 0.007011563 -0.462697685 0.001749939 -0.007005807 0.999974191 42.767204285
0.999994934 0.002551897 0.001968509 -0.699209869 -0.002562053 0.999983132 0.005173711 -0.476078153 -0.001955275 -0.005178728 0.999984920 44.022792816
0.999982417 0.002417987 0.005441977 -0.700275183 -0.002436643 0.999991000 0.003424103 -0.491551757 -0.005433652 -0.003437303 0.999979675 45.260982513
0.999950528 0.002551182 0.009620530 -0.695939958 -0.002589667 0.999988496 0.003989985 -0.507224262 -0.009610246 -0.004014703 0.999946117 46.494007111
0.999883354 0.002927849 0.014995581 -0.685530007 -0.002985844 0.999987960 0.003846528 -0.524738252 -0.014984146 -0.003890855 0.999880433 47.707191467
0.999759018 0.004537676 0.021478666 -0.669635653 -0.004602873 0.999984860 0.002986987 -0.541655779 -0.021464797 -0.003085132 0.999765217 48.906169891
0.999564826 0.005928382 0.028899193 -0.645679116 -0.006017582 0.999977231 0.003000650 -0.556768477 -0.028880760 -0.003173247 0.999578178 50.105159760
0.999277115 0.006921331 0.037381180 -0.612201571 -0.007076303 0.999966800 0.004015056 -0.572949290 -0.037352167 -0.004276676 0.999293447 51.296020508
0.998815835 0.009188349 0.047778837 -0.567796946 -0.009419829 0.999944866 0.004621914 -0.588485479 -0.047733754 -0.005066511 0.998847604 52.465003967
0.998083472 0.011472456 0.060811140 -0.511217594 -0.011770807 0.999920368 0.004550231 -0.603559017 -0.060754105 -0.005257308 0.998139322 53.627010345
0.997041702 0.013455440 0.075677514 -0.437223911 -0.013874776 0.999891043 0.005018091 -0.617586851 -0.075601757 -0.006053257 0.997120142 54.771049500
0.995639443 0.015768889 0.091944411 -0.346982956 -0.016413357 0.999845624 0.006257343 -0.630924344 -0.091831580 -0.007739177 0.995744824 55.893775940
0.993842185 0.015854815 0.109666944 -0.233601093 -0.016721621 0.999835670 0.006988778 -0.643689036 -0.109538168 -0.008779554 0.993944108 57.012783051
0.991548479 0.015341853 0.128827825 -0.100825787 -0.016243061 0.999850273 0.005947676 -0.655556917 -0.128717333 -0.007989970 0.991649449 58.116870880
0.988723695 0.014542334 0.149043739 0.054200172 -0.015459637 0.999867916 0.004997864 -0.665021181 -0.148951411 -0.007245671 0.988818169 59.191265106
0.985374451 0.011774479 0.169996113 0.232563019 -0.012754884 0.999907613 0.004676257 -0.675450742 -0.169925421 -0.006776147 0.985433877 60.266220093
0.981400132 0.006769058 0.191854909 0.436833382 -0.008200230 0.999944150 0.006666644 -0.685915768 -0.191799134 -0.008115901 0.981400847 61.321899414
0.976613820 0.001465553 0.214996055 0.660911560 -0.003297167 0.999961257 0.008160913 -0.699182868 -0.214975834 -0.008678939 0.976581156 62.345024109
0.971050620 -0.003498661 0.238848224 0.912476540 0.001732863 0.999969661 0.007602557 -0.710198641 -0.238867640 -0.006968578 0.971027493 63.368297577
0.964482844 -0.009455047 0.263976038 1.186617851 0.008237215 0.999949694 0.005719907 -0.719790816 -0.264016956 -0.003342325 0.964512527 64.363830566
0.956835389 -0.012952073 0.290341645 1.481885910 0.011602541 0.999912322 0.006369104 -0.728093863 -0.290398806 -0.002725481 0.956902206 65.341278076
0.948077559 -0.015452839 0.317663461 1.801576614 0.013393636 0.999872684 0.008665359 -0.736944318 -0.317757070 -0.003960763 0.948164225 66.306991577
0.938235104 -0.019819213 0.345430195 2.149118423 0.016891081 0.999791265 0.011485014 -0.744425118 -0.345585942 -0.004940954 0.938374519 67.247406006
0.927188098 -0.022875953 0.373896986 2.522674561 0.020195905 0.999734581 0.011084552 -0.752226174 -0.374051392 -0.002726276 0.927404344 68.167015076
0.914911389 -0.022184452 0.403044730 2.912878036 0.021074191 0.999751985 0.007190122 -0.759784222 -0.403104484 0.001915520 0.915152371 69.063812256
0.901712298 -0.023330906 0.431706667 3.330991745 0.025002895 0.999685705 0.001802517 -0.768789351 -0.431613177 0.009168569 0.902012587 69.933288574
0.887281954 -0.025326155 0.460531682 3.773250580 0.028783536 0.999585450 -0.000485193 -0.781470835 -0.460328758 0.013686238 0.887643397 70.790084839
0.871356130 -0.026042445 0.489959598 4.243171692 0.028313085 0.999595106 0.002778043 -0.793464780 -0.489833772 0.011451606 0.871740997 71.632812500
0.853366852 -0.025087580 0.520706773 4.734407425 0.024235345 0.999670506 0.008445590 -0.805242002 -0.520747304 0.005412322 0.853694081 72.457382202
0.833400488 -0.025389494 0.552086234 5.254726410 0.022431886 0.999674916 0.012111330 -0.816438794 -0.552214205 0.002290746 0.833699405 73.259239197
0.812008083 -0.019234236 0.583329320 5.796478271 0.018547760 0.999802291 0.007147765 -0.822929621 -0.583351552 0.005015412 0.812204599 74.028808594
0.789837122 -0.012381952 0.613191962 6.363704681 0.015718713 0.999876380 -0.000056743 -0.828544617 -0.613115609 0.009683407 0.789934218 74.770309448
0.767178357 -0.010158877 0.641353786 6.961437225 0.015097162 0.999883413 -0.002221114 -0.835695505 -0.641256452 0.011386612 0.767242491 75.489463806
0.743613541 -0.012713602 0.668489099 7.589660645 0.016314000 0.999866426 0.000868519 -0.847830951 -0.668410957 0.010259889 0.743721843 76.185287476
0.719127774 -0.013027517 0.694756091 8.236232758 0.016710248 0.999859154 0.001452141 -0.862562120 -0.694677353 0.010565273 0.719244301 76.846855164
0.693776846 -0.011114930 0.720104456 8.902145386 0.017528336 0.999845147 -0.001454715 -0.873777926 -0.719976902 0.013631483 0.693864644 77.479003906
0.667350233 -0.008701527 0.744693398 9.581729889 0.017559463 0.999837458 -0.004052939 -0.883775055 -0.744537294 0.015781149 0.667394876 78.087356567
0.640108109 -0.006372319 0.768258691 10.284862518 0.015999291 0.999859154 -0.005037176 -0.896695614 -0.768118382 0.015515934 0.640120149 78.678855896
0.612024903 -0.004964806 0.790823102 11.022144318 0.016053021 0.999852061 -0.006146483 -0.912278593 -0.790675819 0.016456908 0.612014413 79.249954224
0.583096445 0.001568755 0.812401652 11.763912201 0.014748497 0.999812663 -0.012516296 -0.930450737 -0.812269330 0.019279918 0.582964420 79.786209106
0.552846313 0.010933339 0.833211720 12.523010254 0.013697439 0.999659419 -0.022205878 -0.950656235 -0.833170950 0.023689313 0.552508593 80.297912598
0.521695971 0.019320689 0.852912903 13.307083130 0.012725868 0.999455869 -0.030424219 -0.976556838 -0.853036940 0.026726263 0.521166503 80.790786743
0.489720434 0.024100730 0.871546507 14.113527298 0.010477025 0.999382854 -0.033522792 -1.008768797 -0.871816814 0.025548024 0.489166081 81.250297546
0.457116276 0.023522200 0.889096081 14.937215805 0.008758730 0.999482512 -0.030945795 -1.046644688 -0.889364123 0.021933194 0.456673980 81.677780151
0.424098402 0.022113807 0.905346274 15.780656815 0.004199723 0.999642789 -0.026384391 -1.083300948 -0.905606747 0.014991792 0.423854291 82.074218750
0.389620483 0.023297425 0.920681000 16.647628784 0.000224753 0.999677360 -0.025391506 -1.118560314 -0.920975804 0.010099984 0.389489770 82.450805664
0.354479164 0.026207756 0.934696853 17.526403427 -0.006834414 0.999652803 -0.025437133 -1.151317596 -0.935039401 0.002628830 0.354535371 82.793823242
0.318384111 0.028068731 0.947546363 18.423997879 -0.011648328 0.999601722 -0.025696805 -1.183289528 -0.947890580 -0.002855878 0.318584353 83.111633301
0.282229334 0.027423343 0.958955228 19.347200394 -0.014131803 0.999601543 -0.024426598 -1.214951754 -0.959243178 -0.006657867 0.282504618 83.388427734
0.245972723 0.026946979 0.968902349 20.273511887 -0.014760638 0.999601543 -0.024053540 -1.246924400 -0.969164610 -0.008385103 0.246272594 83.624374390
0.209829584 0.026454037 0.977380216 21.208213806 -0.013954535 0.999612927 -0.024059959 -1.278281212 -0.977638602 -0.008590398 0.210117653 83.824577332
0.174381167 0.025273344 0.984354019 22.166536331 -0.011556705 0.999653995 -0.023618873 -1.305565357 -0.984610677 -0.007257205 0.174613044 83.990074158
0.139785662 0.024489565 0.989879072 23.129940033 -0.003264756 0.999699891 -0.024271498 -1.337170601 -0.990176678 0.000161097 0.139823779 84.111923218
0.106109783 0.027972274 0.993961215 24.100568771 -0.000925308 0.999606311 -0.028032375 -1.370782971 -0.994354188 0.002054791 0.106094055 84.206497192
0.073543727 0.033065014 0.996743977 25.079994202 0.000165006 0.999449551 -0.033166952 -1.404019833 -0.997292280 0.002603693 0.073497921 84.274902344
0.044839095 0.037056945 0.998306990 26.060825348 0.007175578 0.999273777 -0.037415136 -1.442245245 -0.998968720 0.008841095 0.044540744 84.302024841
0.019481137 0.035253536 0.999188840 27.043449402 0.009075101 0.999330461 -0.035435490 -1.482736230 -0.999769390 0.009758067 0.019148277 84.311927795
-0.002984647 0.032266736 0.999475121 28.038532257 0.010899079 0.999420583 -0.032232448 -1.524576902 -0.999936521 0.010797162 -0.003334491 84.309921265
-0.022032242 0.029693158 0.999316514 29.027145386 0.011425065 0.999500692 -0.029446756 -1.566181064 -0.999692321 0.010768483 -0.022360390 84.288795471
-0.038663462 0.032810695 0.998713791 30.016391754 0.013188801 0.999390125 -0.032322355 -1.607576966 -0.999165595 0.011922148 -0.039072540 84.248428345
-0.053324815 0.037048988 0.997889996 31.008388519 0.016109513 0.999213040 -0.036237277 -1.648525000 -0.998447597 0.014143183 -0.053879611 84.193252563
-0.065186009 0.042419873 0.996971369 32.001449585 0.020590624 0.998940110 -0.041157365 -1.691030979 -0.997660995 0.017845389 -0.065990306 84.121704102
-0.074306369 0.045966398 0.996175706 32.991485596 0.026139539 0.998683393 -0.044132326 -1.739556432 -0.996893167 0.022760274 -0.075409994 84.043403625
-0.080109276 0.051441099 0.995458066 33.994018555 0.030078720 0.998337150 -0.049169309 -1.792156100 -0.996332467 0.026003201 -0.081523262 83.956520081
-0.083958909 0.056305390 0.994877398 34.992843628 0.031966053 0.998040318 -0.053786762 -1.848502278 -0.995956659 0.027286440 -0.085594147 83.871704102
-0.087138258 0.060376715 0.994365096 36.011398315 0.034201842 0.997754276 -0.057585318 -1.913125992 -0.995609164 0.028991252 -0.089007474 83.782180786
-0.089966565 0.063369527 0.993926883 37.022689819 0.034551807 0.997571170 -0.060474385 -1.978869200 -0.995345592 0.028901316 -0.091937490 83.691406250
-0.092441499 0.066751376 0.993478358 38.037319183 0.035575666 0.997334480 -0.063700207 -2.051179886 -0.995082676 0.029455123 -0.094569728 83.595619202
-0.094839863 0.070425570 0.992998481 39.039825439 0.036795624 0.997060478 -0.067199372 -2.125313282 -0.994812608 0.030164836 -0.097152345 83.501045227
-0.096922740 0.071871072 0.992693603 40.066062927 0.039483652 0.996881545 -0.068319246 -2.199344873 -0.994508624 0.032573503 -0.099458121 83.396408081
-0.099038281 0.070700139 0.992568970 41.096397400 0.039673228 0.996959865 -0.067054316 -2.273745537 -0.994292676 0.032737494 -0.101542011 83.295410156
-0.101811670 0.070336953 0.992314041 42.109416962 0.039134391 0.997008085 -0.066654459 -2.350396156 -0.994033992 0.032047417 -0.104259543 83.197776794
-0.103656135 0.071842305 0.992015183 43.147693634 0.039048549 0.996912539 -0.068116762 -2.422363758 -0.993846655 0.031676054 -0.106141366 83.079803467
-0.106055915 0.073952585 0.991606355 44.179218292 0.038093314 0.996800363 -0.070265710 -2.500400305 -0.993630588 0.030321503 -0.108533591 82.967826843
-0.108838513 0.075947188 0.991154015 45.208171844 0.037152790 0.996691108 -0.072291709 -2.586649656 -0.993365288 0.028956048 -0.111299947 82.853805542
-0.111112490 0.079562783 0.990617931 46.254005432 0.034933046 0.996486664 -0.076115869 -2.668179035 -0.993194103 0.026147900 -0.113501385 82.733367920
-0.113639288 0.083586603 0.989999771 47.289604187 0.031633347 0.996253669 -0.080483504 -2.756295204 -0.993018806 0.022170939 -0.115857579 82.623908997
-0.116322637 0.085908800 0.989489138 48.334808350 0.029591961 0.996109426 -0.083004788 -2.846548319 -0.992770910 0.019625613 -0.118412189 82.503486633
-0.119195752 0.084430858 0.989274383 49.394660950 0.027723901 0.996272027 -0.081687674 -2.937828064 -0.992484033 0.017689746 -0.121092066 82.379463196
-0.122188836 0.080276139 0.989255130 50.456809998 0.024808712 0.996658981 -0.077812687 -3.028784752 -0.992197037 0.015034324 -0.123772085 82.253448486
-0.124359541 0.078585379 0.989120364 51.514278412 0.025125531 0.996788144 -0.076035626 -3.118520975 -0.991919398 0.015396438 -0.125934571 82.115638733
-0.126234174 0.078961074 0.988852918 52.580875397 0.024605656 0.996769249 -0.076452121 -3.208209038 -0.991695523 0.014680524 -0.127769202 81.980842590
-0.127497122 0.081718385 0.988466859 53.645030975 0.026045844 0.996531963 -0.079025619 -3.297827005 -0.991497219 0.015669936 -0.129183337 81.843894958
-0.127955571 0.084079154 0.988209546 54.721847534 0.026980843 0.996326029 -0.081276178 -3.396398067 -0.991413176 0.016263006 -0.129753947 81.702156067
-0.128523871 0.084894344 0.988066137 55.799015045 0.025520124 0.996282101 -0.082280688 -3.487358093 -0.991378307 0.014640556 -0.130212530 81.567901611
-0.129543737 0.084017389 0.988007843 56.858596802 0.022174742 0.996399879 -0.081823528 -3.575431824 -0.991326094 0.011309111 -0.130940378 81.453109741
-0.130072922 0.083182886 0.988009095 57.946022034 0.018490836 0.996504486 -0.081463791 -3.674909115 -0.991332352 0.007672897 -0.131156296 81.324684143
-0.130232334 0.084262818 0.987896442 59.036308289 0.014731071 0.996436238 -0.083049260 -3.771141529 -0.991374373 0.003737091 -0.131009415 81.189727783
-0.130752355 0.084367149 0.987818897 60.129524231 0.010555151 0.996434331 -0.083705842 -3.868259430 -0.991359234 -0.000518145 -0.131176576 81.059341431
-0.131219789 0.083772331 0.987807512 61.232116699 0.007070149 0.996476710 -0.083568320 -3.967761755 -0.991328597 -0.003981859 -0.131349638 80.925239563
-0.131699637 0.078670807 0.988163114 62.340885162 0.007419228 0.996895909 -0.078377202 -4.062815666 -0.991262376 -0.002990833 -0.131874412 80.784355164
-0.132023066 0.070032239 0.988769770 63.453544617 0.010690428 0.997543395 -0.069226213 -4.154176712 -0.991189361 0.001430924 -0.132447332 80.635223389
-0.131763607 0.064686902 0.989168346 64.570648193 0.016144654 0.997875988 -0.063105762 -4.240354061 -0.991150081 0.007654754 -0.132527992 80.480056763
-0.131034076 0.067230269 0.989095747 65.685455322 0.024454037 0.997613251 -0.064569570 -4.317698002 -0.991076648 0.015726587 -0.132365301 80.322563171
-0.129942968 0.073024742 0.988828719 66.799072266 0.030009350 0.997116745 -0.069693245 -4.394526482 -0.991067708 0.020617986 -0.131759658 80.169609070
-0.129170313 0.078891724 0.988479376 67.909866333 0.033506364 0.996607959 -0.075162008 -4.477869987 -0.991056561 0.023411671 -0.131375417 80.022483826
-0.128726393 0.083309844 0.988174736 69.037528992 0.034228094 0.996244252 -0.079531372 -4.570252419 -0.991089642 0.023585582 -0.131094322 79.877723694
-0.129181668 0.080383934 0.988357604 70.176322937 0.031127449 0.996546209 -0.076981448 -4.663365364 -0.991132677 0.020820489 -0.131237522 79.741996765
-0.129201755 0.075720198 0.988723278 71.320442200 0.030290641 0.996916175 -0.072389387 -4.759330750 -0.991155982 0.020596251 -0.131096795 79.599502563
-0.129429832 0.073650055 0.988849819 72.468627930 0.027850892 0.997114122 -0.070620187 -4.848467350 -0.991197765 0.018400013 -0.131107390 79.459167480
-0.129741684 0.074264504 0.988762915 73.616943359 0.025868176 0.997105181 -0.071496733 -4.936734200 -0.991210818 0.016301410 -0.131287009 79.321365356
-0.129467338 0.079493292 0.988392353 74.768142700 0.026937000 0.996695280 -0.076632649 -5.026712418 -0.991218269 0.016702924 -0.131180644 79.168190002
-0.128564075 0.082200080 0.988288879 75.931922913 0.026524803 0.996487200 -0.079431422 -5.117257118 -0.991346896 0.016002163 -0.130292654 79.008346558
-0.128445461 0.081073284 0.988397419 77.086303711 0.026871810 0.996571183 -0.078251667 -5.215085983 -0.991352916 0.016508976 -0.130183533 78.865135193
-0.127747640 0.074302986 0.989019871 78.254325867 0.028787231 0.997047186 -0.071187750 -5.312129974 -0.991389394 0.019377096 -0.129509315 78.707664490
-0.128233895 0.072722845 0.989074349 79.429183960 0.028106939 0.997173488 -0.069674253 -5.403548241 -0.991346121 0.018865269 -0.129915372 78.560714722
-0.128220096 0.075755633 0.988848448 80.602233887 0.025709204 0.996996939 -0.073046274 -5.492901325 -0.991412997 0.016056530 -0.129782543 78.419250488
-0.128542796 0.078819685 0.988567114 81.767860413 0.025120459 0.996775210 -0.076207735 -5.584898472 -0.991386294 0.015037324 -0.130108178 78.283706665
-0.128784299 0.078238122 0.988581896 82.955413818 0.024260342 0.996832788 -0.075730704 -5.680687428 -0.991376340 0.014230426 -0.130274430 78.136596680
-0.128748447 0.074671581 0.988862395 84.141784668 0.023949673 0.997104049 -0.072175734 -5.777341366 -0.991388619 0.014390434 -0.130163878 77.989799500
-0.128222138 0.073445171 0.989022553 85.330604553 0.024787577 0.997179568 -0.070837326 -5.873794556 -0.991436183 0.015432574 -0.129680917 77.840751648
-0.127109468 0.073984176 0.989126027 86.523910522 0.026395341 0.997113287 -0.071189627 -5.965365887 -0.991537869 0.017059458 -0.128695264 77.688446045
-0.126131505 0.074269399 0.989229798 87.722206116 0.028847935 0.997046053 -0.071177974 -6.057518482 -0.991594434 0.019559465 -0.127901390 77.536605835
-0.124987721 0.073687971 0.989418447 88.924705505 0.028717987 0.997088730 -0.070631452 -6.151067734 -0.991742969 0.019586062 -0.126739964 77.382019043
-0.123674877 0.074443720 0.989526808 90.136505127 0.030043084 0.997005582 -0.071251482 -6.243434906 -0.991868377 0.020916443 -0.125541002 77.231826782
-0.122697718 0.072611183 0.989784598 91.353874207 0.030200589 0.997130930 -0.069406345 -6.337693214 -0.991984785 0.021376098 -0.124538533 77.086647034
-0.121628545 0.071679451 0.989984334 92.566352844 0.028673904 0.997226179 -0.068680950 -6.431588173 -0.992161810 0.020033171 -0.123346470 76.943183899
-0.120374255 0.070996612 0.990186870 93.793357849 0.029848075 0.997246981 -0.067874275 -6.521528721 -0.992280126 0.021384874 -0.122161932 76.796813965
-0.119441807 0.071976610 0.990229011 95.023605347 0.028185284 0.997212291 -0.069084466 -6.614397049 -0.992441416 0.019658331 -0.121137470 76.663146973
-0.117802605 0.074300617 0.990253687 96.256492615 0.028458396 0.997039616 -0.071424335 -6.709690094 -0.992629528 0.019767078 -0.119568296 76.517906189
-0.117300153 0.073584676 0.990366757 97.496887207 0.026858659 0.997121096 -0.070905365 -6.802404404 -0.992733598 0.018282732 -0.118938789 76.387054443
-0.116951503 0.071720108 0.990544796 98.745544434 0.022888798 0.997318447 -0.069508135 -6.904680252 -0.992874146 0.014543316 -0.118279442 76.249923706
-0.117175981 0.072689556 0.990447581 100.001419067 0.020631457 0.997280419 -0.070750214 -6.999412060 -0.992897213 0.012144164 -0.118356965 76.114784241
-0.117751621 0.072103336 0.990422189 101.256225586 0.018095177 0.997350454 -0.070456378 -7.092556477 -0.992878616 0.009625521 -0.118744321 75.975601196
-0.118991271 0.069439515 0.990464389 102.516830444 0.015687000 0.997558177 -0.068052284 -7.189931393 -0.992771745 0.007439801 -0.119789980 75.833694458
-0.120450325 0.067992434 0.990388393 103.776893616 0.013750393 0.997670114 -0.066820048 -7.283864021 -0.992624640 0.005569749 -0.121104531 75.688026428
-0.122148030 0.067399621 0.990221024 105.041282654 0.012134821 0.997718275 -0.066413060 -7.373890877 -0.992438078 0.003903943 -0.122687146 75.542205811
-0.123730883 0.067594357 0.990011275 106.303482056 0.012334600 0.997704804 -0.066578098 -7.468252182 -0.992239594 0.003973638 -0.124280602 75.387763977
-0.126087397 0.066336833 0.989798844 107.563224792 0.011845186 0.997791111 -0.065363571 -7.558820724 -0.991948783 0.003482841 -0.126594603 75.231559753
-0.129371390 0.061507110 0.989686966 108.829589844 0.009169136 0.998105824 -0.060831752 -7.650128365 -0.991554260 0.001204699 -0.129690245 75.076660156
-0.133610532 0.061448038 0.989127219 110.083518982 0.008710421 0.998110116 -0.060829483 -7.740425110 -0.990996063 0.000488265 -0.133893207 74.915382385
-0.139323533 0.067175590 0.987965941 111.328895569 0.003684898 0.997724652 -0.067319475 -7.830596924 -0.990240455 -0.005738623 -0.139254019 74.755187988
-0.146552399 0.070251480 0.986705303 112.570892334 0.004504348 0.997512043 -0.070351891 -7.924143314 -0.989193141 -0.005865762 -0.146504134 74.579849243
-0.155691758 0.066197261 0.985585213 113.812782288 0.006266434 0.997798026 -0.066027641 -8.022369385 -0.987786353 -0.004103844 -0.155763716 74.390335083
-0.166662201 0.063358746 0.983976483 115.056648254 0.007683133 0.997986436 -0.062959529 -8.133254051 -0.985984504 -0.002932939 -0.166813374 74.183601379
-0.179818824 0.063939534 0.981619656 116.300941467 0.007809872 0.997946620 -0.063572377 -8.229161263 -0.983669162 -0.003765172 -0.179948926 73.969001770
-0.194187075 0.064040229 0.978872061 117.525337219 0.009499473 0.997942746 -0.063403405 -8.320158005 -0.980918944 -0.003013340 -0.194395885 73.740592957
-0.208735958 0.061834712 0.976015449 118.748962402 0.009795479 0.998081267 -0.061137781 -8.408154488 -0.977923512 -0.003201102 -0.208941087 73.493736267
-0.224066287 0.064665593 0.972426355 119.948211670 0.014136233 0.997906864 -0.063102759 -8.496749878 -0.974471867 -0.000392745 -0.224511415 73.222099304
-0.239271775 0.068246849 0.968551338 121.130104065 0.014765009 0.997667074 -0.066650882 -8.589741707 -0.970840871 -0.001646991 -0.239721209 72.929748535
-0.253162622 0.070839435 0.964826703 122.342132568 0.014500075 0.997481287 -0.069432281 -8.709714890 -0.967315614 -0.003587585 -0.253552109 72.573303223
-0.269143552 0.068591826 0.960654497 123.528053284 0.011026293 0.997614741 -0.068141617 -8.804227829 -0.963037431 -0.007747405 -0.269257843 72.255882263
-0.285117686 0.062807307 0.956432641 124.705184937 0.005504874 0.997941673 -0.063892096 -8.896017075 -0.958477259 -0.012951711 -0.284876555 71.924377441
-0.300577343 0.058863774 0.951939464 125.869468689 0.001901207 0.998128653 -0.061119601 -8.982694626 -0.953756094 -0.016561322 -0.300126672 71.570381165
-0.315685391 0.060155656 0.946955323 127.028106689 0.000103715 0.997990549 -0.063363113 -9.070856094 -0.948864341 -0.019904587 -0.315057278 71.199142456
-0.329994917 0.062077746 0.941939592 128.171691895 -0.000013093 0.997835159 -0.065766089 -9.157339096 -0.943983197 -0.021714795 -0.329279721 70.808059692
-0.343801469 0.064303495 0.936838329 129.300994873 0.001586568 0.997691154 -0.067898124 -9.249008179 -0.939041436 -0.021857105 -0.343109578 70.398811340
-0.357903481 0.064170338 0.931551278 130.432708740 0.003593957 0.997723162 -0.067347832 -9.340553284 -0.933752120 -0.020756055 -0.357319146 69.973152161
-0.371942818 0.062209785 0.926168978 131.552398682 0.003185373 0.997831523 -0.065744072 -9.429478645 -0.928250670 -0.021502825 -0.371334344 69.532882690
-0.386437207 0.060703021 0.920316219 132.654937744 0.002741892 0.997903168 -0.064669259 -9.521074295 -0.922312081 -0.022467192 -0.385793179 69.083160400
-0.401196897 0.061966885 0.913893700 133.761154175 0.001255945 0.997745574 -0.067101143 -9.611115456 -0.915991485 -0.025772959 -0.400370151 68.611541748
-0.415723264 0.064175710 0.907224417 134.850387573 0.002222293 0.997576177 -0.069548734 -9.701663971 -0.909488916 -0.026896896 -0.414858103 68.114746094
-0.430358976 0.065713011 0.900263131 135.930816650 0.003379415 0.997457087 -0.071192034 -9.796671867 -0.902651906 -0.027595758 -0.429486603 67.609573364
-0.444673747 0.068352565 0.893081129 137.008712769 0.006143898 0.997293413 -0.073269419 -9.891615868 -0.895671904 -0.027093979 -0.443890095 67.078613281
-0.459360898 0.071709827 0.885350704 138.078063965 0.005985591 0.996963382 -0.077644385 -9.991042137 -0.888229907 -0.030367443 -0.458395123 66.536132812
-0.474218696 0.073971599 0.877294481 139.190231323 0.006728358 0.996739686 -0.080406018 -10.094399452 -0.880381823 -0.032227248 -0.473170191 65.951347351
-0.489399761 0.071289055 0.869141221 140.266403198 0.005446913 0.996883631 -0.078699753 -10.195933342 -0.872043014 -0.033781476 -0.488262773 65.356933594
-0.505246818 0.066849291 0.860382259 141.325897217 0.002750128 0.997115076 -0.075858101 -10.297449112 -0.862971067 -0.035960883 -0.503972888 64.752151489
-0.521210313 0.066900350 0.850802481 142.373046875 0.002312788 0.997030020 -0.076981708 -10.398939133 -0.853425562 -0.038155917 -0.519816935 64.125457764
-0.537018716 0.065985888 0.840986192 143.424835205 0.000990093 0.996984839 -0.077593736 -10.497845650 -0.843570352 -0.040836610 -0.535464644 63.470939636
-0.552796185 0.064961933 0.830780983 144.464263916 0.000485403 0.996981919 -0.077634856 -10.598829269 -0.833316863 -0.042512972 -0.551159263 62.798915863
-0.568346083 0.064359747 0.820268989 145.494842529 -0.000831441 0.996890783 -0.078793928 -10.702341080 -0.822789609 -0.045464203 -0.566525340 62.106742859
-0.583688438 0.063640900 0.809480309 146.517761230 -0.001279668 0.996850610 -0.079294629 -10.805993080 -0.811977148 -0.047319204 -0.581768572 61.391418457
-0.598891318 0.061072968 0.798498631 147.529846191 -0.001611880 0.996994138 -0.077463843 -10.908401489 -0.800829113 -0.047679488 -0.596992612 60.655937195
-0.613778472 0.057492886 0.787382483 148.523712158 -0.001630697 0.997250557 -0.074088201 -11.011271477 -0.789477050 -0.046757698 -0.611997068 59.896087646
-0.628691018 0.056029823 0.775634408 149.512939453 -0.000627650 0.997364402 -0.072555803 -11.110669136 -0.777655363 -0.046102002 -0.626998842 59.114456177
-0.643510997 0.054322176 0.763507187 150.477249146 -0.001532689 0.997385323 -0.072254024 -11.209255219 -0.765435874 -0.047666464 -0.641745031 58.320758820
-0.658641577 0.055602957 0.750399947 151.427673340 -0.002603872 0.997091949 -0.076167792 -11.309422493 -0.752452850 -0.052121207 -0.656581342 57.515666962
-0.673985541 0.055091191 0.736687779 152.370880127 -0.004594792 0.996883869 -0.078753002 -11.412071228 -0.738730848 -0.056463283 -0.671632051 56.683193207
-0.689493358 0.052016292 0.722422183 153.308639526 -0.006164294 0.996960580 -0.077667154 -11.518065453 -0.724266410 -0.058004182 -0.687076867 55.807220459
-0.706279457 0.044462740 0.706535995 154.224884033 -0.009955658 0.997303426 -0.072713040 -11.618061066 -0.707863688 -0.058389723 -0.703932106 54.957984924
-0.722861767 0.042126391 0.689707875 155.124267578 -0.010775578 0.997331619 -0.072209232 -11.719697952 -0.690909326 -0.059629273 -0.720478654 54.042022705
-0.739912629 0.039389066 0.671549320 156.002548218 -0.012618756 0.997296214 -0.072398834 -11.819570541 -0.672585189 -0.062042892 -0.737414777 53.111248016
-0.756562889 0.035902292 0.652935147 156.852890015 -0.015805887 0.997196317 -0.073146358 -11.914552689 -0.653730452 -0.065660022 -0.753874004 52.120803833
-0.772960961 0.033765078 0.633555114 157.697418213 -0.015636623 0.997266114 -0.072226286 -12.018356323 -0.634261549 -0.065734729 -0.770319402 51.129142761
-0.788316786 0.036404122 0.614192128 158.471527100 -0.013164175 0.997021914 -0.075991355 -12.116585732 -0.615129352 -0.067990579 -0.785489678 50.136466980
-0.803554356 0.035295904 0.594184518 159.267120361 -0.010362239 0.997259915 -0.073253095 -12.225193024 -0.595141709 -0.065019913 -0.800986528 49.116672516
-0.817575932 0.036866754 0.574639916 160.011032104 -0.006295104 0.997316718 -0.072940633 -12.330959320 -0.575786769 -0.063251913 -0.815149903 48.061294556
-0.831422985 0.037966337 0.554341912 160.731842041 -0.004734257 0.997142911 -0.075394049 -12.434543610 -0.555620372 -0.065308720 -0.828867555 46.996566772
-0.844848692 0.039652746 0.533534467 161.429107666 -0.003692337 0.996794045 -0.079929464 -12.538629532 -0.534993172 -0.069498286 -0.841993451 45.908184052
-0.857398033 0.040300548 0.513074279 162.101013184 -0.000923604 0.996807635 -0.079839952 -12.646966934 -0.514653683 -0.068928495 -0.854623437 44.818038940
-0.868888915 0.038354006 0.493519783 162.749008179 0.000116264 0.997009933 -0.077278256 -12.756774902 -0.495007724 -0.067088835 -0.866295099 43.720249176
-0.879660249 0.039812837 0.473934203 163.367187500 0.002866407 0.996916175 -0.078425735 -12.874175072 -0.475594759 -0.067629501 -0.877061367 42.707134247
-0.888838351 0.042517185 0.456245005 163.960754395 0.005499811 0.996604383 -0.082158521 -12.982482910 -0.458188593 -0.070516370 -0.886053860 41.582180023
-0.897637665 0.040135924 0.438903809 164.540893555 0.003767484 0.996507585 -0.083421379 -13.101428032 -0.440718830 -0.073228598 -0.894653738 40.458637238
-0.905109406 0.036168680 0.423638463 165.071166992 0.001735118 0.996681511 -0.081385948 -13.256812096 -0.425176054 -0.072928108 -0.902168274 39.286689758
-0.912202299 0.033966314 0.408330590 165.614807129 0.000663306 0.996679544 -0.081425443 -13.378625870 -0.409740150 -0.074005619 -0.909195840 38.139915466
-0.918178976 0.031012256 0.394950956 166.090011597 -0.000617210 0.996818542 -0.079706945 -13.524830818 -0.396166027 -0.073429003 -0.915238440 36.991500854
-0.923652828 0.027858073 0.382217467 166.541122437 -0.002355483 0.996923208 -0.078353427 -13.660796165 -0.383223921 -0.073271647 -0.920745015 35.817131042
-0.929257631 0.022735929 0.368733197 167.042190552 -0.005205228 0.997199953 -0.074604899 -13.771337509 -0.369396597 -0.071246497 -0.926536977 34.636230469
-0.934252143 0.019161649 0.356099010 167.529251099 -0.006707239 0.997434855 -0.071268916 -13.880456924 -0.356550872 -0.068971559 -0.931726992 33.438316345
-0.938714206 0.017416915 0.344257325 168.023437500 -0.006126913 0.997721970 -0.067184314 -14.013971329 -0.344643027 -0.065176100 -0.936469018 32.217781067
-0.942048609 0.021372551 0.334795922 168.475616455 -0.001923371 0.997608304 -0.069096953 -14.113279343 -0.335471720 -0.065736637 -0.939754307 31.024356842
-0.944409370 0.026419330 0.327709854 168.914871216 0.003403154 0.997498572 -0.070609130 -14.213907242 -0.328755260 -0.065568686 -0.942136645 29.813703537
-0.946212232 0.029547080 0.322195828 169.339569092 0.006304925 0.997316360 -0.072943315 -14.317631721 -0.323486239 -0.066988416 -0.943859220 28.590360641
-0.948000848 0.026591523 0.317156225 169.761291504 0.003956779 0.997411549 -0.071799591 -14.420234680 -0.318244368 -0.066811159 -0.945652008 27.372842789
-0.949753881 0.019245636 0.312406331 170.181427002 -0.002148078 0.997683704 -0.067992344 -14.523159981 -0.312991112 -0.065247059 -0.947512746 26.146289825
-0.951205075 0.013039307 0.308285087 170.585617065 -0.007729935 0.997786343 -0.066053249 -14.624848366 -0.308463633 -0.065213203 -0.948998630 24.900917053
-0.952691555 0.006618882 0.303868026 170.996704102 -0.014604179 0.997611463 -0.067517430 -14.718933105 -0.303588778 -0.068761028 -0.950319231 23.667524338
-0.953811109 0.004161065 0.300379574 171.396499634 -0.017723707 0.997382998 -0.070095584 -14.818386078 -0.299884886 -0.072181784 -0.951241195 22.438083649
-0.954379082 0.004679127 0.298562258 171.784149170 -0.017733736 0.997224271 -0.072316155 -14.920118332 -0.298071742 -0.074311636 -0.951646864 21.202909470
-0.954652011 0.005267382 0.297678471 172.177780151 -0.017626626 0.997089922 -0.074171908 -15.024955750 -0.297202706 -0.076055430 -0.951780915 19.972692490
-0.954534531 0.007968919 0.297995031 172.564559937 -0.015306723 0.997013927 -0.075692385 -15.133926392 -0.297708184 -0.076812312 -0.951562166 18.742767334
-0.954071760 0.009137256 0.299440086 172.947204590 -0.014607569 0.996927083 -0.076963253 -15.242889404 -0.299222946 -0.077802546 -0.951006353 17.516204834
-0.953613818 0.010247188 0.300859630 173.341995239 -0.014088801 0.996806264 -0.078607343 -15.353998184 -0.300704032 -0.079199776 -0.950423658 16.281127930
-0.953051746 0.011602216 0.302586347 173.735549927 -0.012682375 0.996859670 -0.078168698 -15.466043472 -0.302542865 -0.078336313 -0.949911535 15.056770325
-0.952200770 0.011327751 0.305264056 174.128158569 -0.013237840 0.996843278 -0.078283392 -15.578901291 -0.305187076 -0.078582533 -0.949044943 13.833793640
-0.950974822 0.010255326 0.309099376 174.531600952 -0.014680416 0.996826649 -0.078238674 -15.689204216 -0.308920652 -0.078940712 -0.947806358 12.612270355
-0.949394822 0.008896493 0.313960642 174.935195923 -0.015739333 0.996995389 -0.075845934 -15.798919678 -0.313691914 -0.076949254 -0.946402073 11.400436401
-0.947496772 0.006713814 0.319696158 175.341156006 -0.017533563 0.997184813 -0.072906524 -15.907626152 -0.319285423 -0.074684113 -0.944711506 10.204391479
-0.945116520 0.004532458 0.326703310 175.766052246 -0.019398646 0.997361660 -0.069954947 -16.010215759 -0.326158315 -0.072453178 -0.942534924 8.994541168
-0.942549169 0.007050535 0.333994269 176.189697266 -0.017253267 0.997415781 -0.069744915 -16.110967636 -0.333622754 -0.071500503 -0.939991653 7.798141479
-0.939315856 0.007383743 0.342975676 176.622695923 -0.017577857 0.997419298 -0.069613896 -16.210990906 -0.342604399 -0.071418218 -0.936761677 6.603134155
-0.935762644 0.010646723 0.352471322 177.075119019 -0.015753824 0.997284174 -0.071948178 -16.312454224 -0.352279961 -0.072879180 -0.933053255 5.405796051
-0.931645155 0.012196683 0.363166153 177.537658691 -0.014550429 0.997382820 -0.070823282 -16.411268234 -0.363079458 -0.071266383 -0.929029167 4.209526062
-0.926718056 0.014679804 0.375472099 178.010467529 -0.013382798 0.997313380 -0.072022572 -16.510328293 -0.375520468 -0.071769506 -0.924031556 3.026142120
-0.921149611 0.016951784 0.388840616 178.507720947 -0.012395455 0.997266650 -0.072841018 -16.614248276 -0.389012426 -0.071917333 -0.918421566 1.841499329
-0.915136516 0.019661834 0.402665764 179.016082764 -0.010585302 0.997293890 -0.072754279 -16.716485977 -0.403006405 -0.070842430 -0.912451625 0.666381836
-0.908694863 0.019259995 0.417017609 179.535217285 -0.010774962 0.997520328 -0.069549605 -16.824310303 -0.417323023 -0.067692734 -0.906233966 -0.507095337
-0.902247071 0.022214159 0.430648059 180.085205078 -0.008696232 0.997531891 -0.069675244 -16.927989960 -0.431132793 -0.066609330 -0.899826944 -1.667694092
-0.895426631 0.024603944 0.444529742 180.650497437 -0.006427781 0.997653365 -0.068166047 -17.032632828 -0.445163667 -0.063895047 -0.893167198 -2.819465637
-0.888064325 0.026599944 0.458950073 181.224044800 -0.004068753 0.997830927 -0.065705582 -17.131792068 -0.459702253 -0.060218167 -0.886029601 -3.949417114
-0.880447030 0.028626030 0.473280519 181.819580078 -0.001124474 0.998047054 -0.062458083 -17.231548309 -0.474144071 -0.055523250 -0.878695250 -5.067016602
-0.872039199 0.031592976 0.488416135 182.415557861 0.002296177 0.998167753 -0.060466379 -17.329801559 -0.489431471 -0.051607590 -0.870513856 -6.166412354
-0.862684011 0.035048757 0.504528403 183.027542114 0.006920680 0.998320520 -0.057518221 -17.429351807 -0.505696952 -0.046128381 -0.861477673 -7.219276428
-0.852610350 0.037754662 0.521182477 183.675994873 0.009773085 0.998364329 -0.056334019 -17.516424179 -0.522456706 -0.042937431 -0.851584554 -8.286041260
-0.841881931 0.040966433 0.538105667 184.338958740 0.013219244 0.998381019 -0.055325739 -17.601404190 -0.539500892 -0.039464407 -0.841060162 -9.335678101
-0.830704629 0.043039259 0.555048347 185.023712158 0.015084959 0.998381376 -0.054839354 -17.682901382 -0.556509912 -0.037182447 -0.830009043 -10.374679565
-0.819102466 0.044986375 0.571881592 185.733383179 0.016645536 0.998364508 -0.054693907 -17.766086578 -0.573406577 -0.035280660 -0.818511546 -11.393188477
-0.809937060 0.016624365 0.586282134 185.555511475 -0.022324264 0.998000085 -0.059139472 -18.167362213 -0.586092532 -0.060987573 -0.807946146 -11.885253906
-0.785358429 -0.004770574 0.619023860 185.292724609 -0.048852399 0.997329414 -0.054293301 -18.615283966 -0.617111266 -0.072880521 -0.783493996 -12.837219238
-0.756735086 -0.018451488 0.653462291 185.058288574 -0.057462621 0.997609913 -0.038375024 -19.035970688 -0.651192069 -0.066589378 -0.755986571 -13.673980713
