1.000000000 0.000000000 0.000000000 0.000000000 0.000000000 1.000000000 0.000000000 0.000000000 0.000000000 0.000000000 1.000000000 0.000000000
0.999996603 0.002236532 0.001326788 -0.002525249 -0.002229863 0.999984980 -0.005006597 -0.001779061 -0.001337966 0.005003622 0.999986589 0.437979341
0.999994934 0.000103613 0.003187520 0.002170740 -0.000084476 0.999981999 -0.006003443 -0.005472291 -0.003188084 0.006003143 0.999976873 1.221813083
0.999994576 -0.000757711 0.003179318 0.012334616 0.000763894 0.999997795 -0.001943996 -0.015775759 -0.003177838 0.001946414 0.999993086 2.151121140
0.999991655 -0.003216489 0.002475819 0.016083485 0.003206395 0.999986470 0.004070099 -0.018099785 -0.002488876 -0.004062128 0.999988735 3.111516237
0.999975801 -0.006854364 0.001193131 0.019868702 0.006849506 0.999968350 0.004029393 -0.015357930 -0.001220712 -0.004021124 0.999991238 4.057777882
0.999956012 -0.009360758 0.000121831 0.021686219 0.009360597 0.999955237 0.001254363 -0.013036107 -0.000133567 -0.001253169 0.999999225 4.999008179
0.999950051 -0.009958545 -0.000577209 0.019066090 0.009957232 0.999947786 -0.002237170 -0.012013085 0.000599458 0.002231311 0.999997437 5.932113171
0.999951959 -0.009681865 -0.001397006 0.015113990 0.009677922 0.999949098 -0.002801043 -0.012774600 0.001424056 0.002787389 0.999995112 6.868340969
0.999953747 -0.009294226 -0.002400707 0.009629548 0.009291840 0.999956250 -0.001003025 -0.013131974 0.002409925 0.000980671 0.999996781 7.795162201
0.999952674 -0.009202874 -0.003091536 0.003585417 0.009208877 0.999955714 0.001933623 -0.013878735 0.003073606 -0.001962002 0.999993503 8.724311829
0.999946833 -0.009496477 -0.003990449 -0.001940779 0.009509917 0.999949098 0.003362768 -0.012172583 0.003958313 -0.003400539 0.999986470 9.644858360
0.999931991 -0.010764144 -0.004462737 -0.009198748 0.010782361 0.999933541 0.004078483 -0.008185502 0.004418539 -0.004126326 0.999981880 10.559275627
0.999926090 -0.010944623 -0.005264657 -0.016551316 0.010965939 0.999931633 0.004037379 -0.005573805 0.005220111 -0.004094815 0.999978065 11.475830078
0.999919116 -0.011285832 -0.005828485 -0.026134923 0.011301028 0.999932766 0.002580960 -0.002970710 0.005798966 -0.002646621 0.999979794 12.380805969
0.999901235 -0.011951456 -0.007371014 -0.031960927 0.011955680 0.999928236 0.000529385 -0.000138855 0.007364159 -0.000617459 0.999972701 13.278108597
0.999871194 -0.013340340 -0.008895929 -0.041583583 0.013333611 0.999910653 -0.000815018 0.001850531 0.008906007 0.000696297 0.999960124 14.186353683
0.999860287 -0.012983987 -0.010506452 -0.054513589 0.012968855 0.999914646 -0.001506919 0.001390846 0.010525123 0.001370451 0.999943674 15.092230797
0.999857187 -0.011845070 -0.012040902 -0.070093423 0.011818168 0.999927342 -0.002302897 -0.001887850 0.012067309 0.002160267 0.999924779 15.990141869
0.999852300 -0.010429504 -0.013651521 -0.087658018 0.010398847 0.999943137 -0.002314643 -0.002940755 0.013674889 0.002172341 0.999904037 16.890737534
0.999825239 -0.010939348 -0.015153036 -0.104107335 0.010917695 0.999939144 -0.001510840 -0.004036792 0.015168648 0.001345139 0.999883950 17.784503937
0.999808252 -0.010513238 -0.016514534 -0.122765198 0.010510408 0.999944568 -0.000258087 -0.005024941 0.016516339 0.000084462 0.999863505 18.672868729
0.999788284 -0.010217019 -0.017855473 -0.143563300 0.010224089 0.999947548 0.000304770 -0.005597617 0.017851429 -0.000487262 0.999840438 19.558712006
0.999747753 -0.011330011 -0.019386848 -0.162454292 0.011333811 0.999935687 0.000086223 -0.005339053 0.019384630 -0.000305929 0.999811947 20.435901642
0.999711931 -0.011458341 -0.021085920 -0.183471590 0.011452951 0.999934256 -0.000376236 -0.005021515 0.021088848 0.000134631 0.999777496 21.308860779
0.999692976 -0.011280800 -0.022056442 -0.208209097 0.011284037 0.999936223 0.000022364 -0.005597217 0.022054790 -0.000271243 0.999756634 22.176849365
0.999671757 -0.011157384 -0.023061421 -0.231834024 0.011204966 0.999935269 0.001935181 -0.003511932 0.023038343 -0.002192949 0.999732077 23.040807724
0.999643564 -0.012350865 -0.023664687 -0.254552275 0.012464545 0.999911368 0.004662334 -0.001546919 0.023605010 -0.004955642 0.999708831 23.891458511
0.999628246 -0.012196950 -0.024377964 -0.277843237 0.012352112 0.999904215 0.006224600 -0.000368640 0.024299711 -0.006523406 0.999683261 24.733795166
0.999620855 -0.011604157 -0.024966324 -0.304093540 0.011734037 0.999918342 0.005062109 0.001851246 0.024905544 -0.005353147 0.999675274 25.561227798
0.999616325 -0.010154606 -0.025766719 -0.330894172 0.010220986 0.999944687 0.002445825 0.004312046 0.025740463 -0.002708248 0.999664724 26.379650116
0.999599397 -0.009756447 -0.026567820 -0.355768144 0.009779183 0.999951839 0.000726103 0.006636072 0.026559465 -0.000985624 0.999646485 27.184234619
0.999580503 -0.008882605 -0.027566299 -0.382292479 0.008895465 0.999960303 0.000343984 0.007648147 0.027562156 -0.000589056 0.999619663 27.981258392
0.999546826 -0.008934510 -0.028740223 -0.408659339 0.008933348 0.999960005 -0.000168737 0.005783004 0.028740596 -0.000088087 0.999586642 28.766475677
0.999489069 -0.008703888 -0.030751705 -0.436244756 0.008677833 0.999961853 -0.000980527 0.003178468 0.030759079 0.000713167 0.999526322 29.545898438
0.999429941 -0.008556190 -0.032654978 -0.465177476 0.008524339 0.999963045 -0.001114361 0.003481183 0.032663312 0.000835362 0.999465883 30.314731598
0.999362707 -0.008571689 -0.034650512 -0.494108021 0.008578022 0.999963105 0.000034172 0.004476392 0.034648947 -0.000331385 0.999399304 31.078380585
0.999283493 -0.008862924 -0.036794752 -0.522594333 0.008953467 0.999957263 0.002296816 0.005541116 0.036772829 -0.002624612 0.999320030 31.836008072
0.999216557 -0.007895696 -0.038779043 -0.555088282 0.008050656 0.999960065 0.003841563 0.005641066 0.038747162 -0.004150752 0.999240220 32.581035614
0.999147058 -0.006686300 -0.040746633 -0.588827848 0.006856356 0.999968171 0.004035284 0.007887751 0.040718362 -0.004311217 0.999161184 33.316848755
0.999081254 -0.004150459 -0.042653687 -0.625326216 0.004290200 0.999985516 0.003185219 0.010108806 0.042639852 -0.003365287 0.999084651 34.040149689
0.999010861 -0.002586161 -0.044389632 -0.664063275 0.002698263 0.999993145 0.002465734 0.012071304 0.044382952 -0.002583071 0.999011099 34.750553131
0.998943508 -0.002196475 -0.045902409 -0.701755464 0.002361594 0.999990761 0.003543322 0.014331877 0.045894206 -0.003647982 0.998939455 35.451137543
0.998893559 -0.000801040 -0.047020961 -0.739626646 0.001054164 0.999984980 0.005358722 0.017794564 0.047015969 -0.005402361 0.998879313 36.148357391
0.998892784 0.002025099 -0.047001794 -0.780107319 -0.001747100 0.999980569 0.005955011 0.017863169 0.047012944 -0.005866301 0.998876870 36.829376221
0.998934805 0.005133063 -0.045857217 -0.819607377 -0.004961801 0.999980032 0.003847780 0.018954739 0.045876060 -0.003616147 0.998940408 37.500976562
0.999003828 0.006761580 -0.044108454 -0.854870915 -0.006737773 0.999976814 0.000688443 0.020935178 0.044112101 -0.000390565 0.999026299 38.153079987
0.999096990 0.007313780 -0.041853055 -0.886856377 -0.007371774 0.999971867 -0.001231468 0.024252810 0.041842874 0.001538886 0.999122798 38.796886444
0.999217808 0.008449608 -0.038628962 -0.916299045 -0.008474267 0.999963701 -0.000474612 0.026685100 0.038623560 0.000801593 0.999253333 39.442565918
0.999287188 0.013127909 -0.035390060 -0.946264267 -0.013056363 0.999911964 0.002252028 0.025337070 0.035416514 -0.001788359 0.999370873 40.077575684
0.999350607 0.017421305 -0.031540316 -0.974187434 -0.017247388 0.999834299 0.005777885 0.024258554 0.031635754 -0.005230146 0.999485612 40.699699402
0.999377668 0.022389239 -0.027254436 -0.997433782 -0.022214932 0.999730527 0.006681785 0.026470646 0.027396699 -0.006072174 0.999606013 41.304069519
0.999420047 0.026103370 -0.021862496 -1.017146349 -0.025958667 0.999638915 0.006876679 0.030562103 0.022034116 -0.006305173 0.999737144 41.891933441
0.999427080 0.029829502 -0.015981846 -1.031928539 -0.029691599 0.999519944 0.008797498 0.035805166 0.016236607 -0.008317934 0.999833345 42.466613770
0.999358296 0.034569386 -0.009358792 -1.044888616 -0.034476098 0.999355614 0.009952712 0.038938761 0.009696824 -0.009623675 0.999906421 43.019500732
0.999282718 0.037801087 -0.002184953 -1.052500248 -0.037778575 0.999240041 0.009561963 0.040053368 0.002544747 -0.009472563 0.999951720 43.551883698
0.999137521 0.041206859 0.005077633 -1.053926826 -0.041254405 0.999101758 0.009644945 0.041202515 -0.004675634 -0.009846106 0.999940336 44.066295624
0.998886764 0.045446333 0.012628921 -1.052239895 -0.045562942 0.998919606 0.009104282 0.044538856 -0.012201526 -0.009669562 0.999878466 44.552043915
0.998550713 0.049836595 0.020307181 -1.049242735 -0.049974907 0.998729825 0.006361020 0.047046870 -0.019964386 -0.007366654 0.999773204 45.018184662
0.998259246 0.051714376 0.028354671 -1.039516926 -0.051826090 0.998650491 0.003218484 0.048363239 -0.028149979 -0.004682395 0.999592423 45.460407257
0.997978270 0.052194253 0.036259595 -1.025350094 -0.052337300 0.998624504 0.003006241 0.047967374 -0.036052812 -0.004897895 0.999337614 45.879657745
0.997697413 0.051459588 0.044176411 -1.002561331 -0.051701374 0.998652756 0.004347137 0.049017236 -0.043893196 -0.006621111 0.999013960 46.284614563
0.997219682 0.053135145 0.052240979 -0.982979059 -0.053472999 0.998555899 0.005089847 0.048583820 -0.051895093 -0.007869181 0.998621225 46.659385681
0.996542513 0.056280486 0.061115507 -0.966260910 -0.056707773 0.998376429 0.005277866 0.048290893 -0.060719255 -0.008725347 0.998116553 47.007633209
0.995682895 0.061037824 0.069923915 -0.948038578 -0.061516117 0.998094559 0.004705176 0.047329471 -0.069503494 -0.008986317 0.997541010 47.334159851
0.994772375 0.064749248 0.078960791 -0.925647020 -0.065328076 0.997852027 0.004766792 0.045434266 -0.078482553 -0.009900236 0.996866047 47.637500763
0.994032085 0.064089492 0.088273168 -0.893930912 -0.064817317 0.997882009 0.005400449 0.043644190 -0.087740146 -0.011089855 0.996081471 47.916576385
0.993087828 0.062945038 0.099064298 -0.861370564 -0.063605480 0.997968435 0.003519368 0.042395279 -0.098641552 -0.009796078 0.995074630 48.188365936
0.991576493 0.061862592 0.113790557 -0.916972637 -0.062086448 0.998069048 -0.001579186 0.062154636 -0.113668591 -0.005498972 0.993503273 48.508174896
0.989354551 0.062693417 0.131325543 -1.018036842 -0.062338728 0.998031259 -0.006814365 0.098732442 -0.131494284 -0.001444843 0.991315603 48.867218018
0.986703455 0.063945971 0.149421036 -1.066910744 -0.063112803 0.997952640 -0.010316098 0.139037967 -0.149774879 0.000748549 0.988719523 49.254692078
0.983499050 0.065040670 0.168815807 -1.129940987 -0.063753612 0.997879982 -0.013038998 0.185079992 -0.169306070 0.002061228 0.985561132 49.665950775
0.979824066 0.064949907 0.189012095 -1.188452721 -0.063087545 0.997881532 -0.015859390 0.237194777 -0.189641848 0.003615107 0.981846392 50.095069885
0.976240695 0.064004175 0.207019001 -1.121477127 -0.061796471 0.997941494 -0.017120162 0.235921204 -0.207688719 0.003920363 0.978186846 50.349960327
0.972025037 0.062892094 0.226298928 -1.048211098 -0.060479801 0.998014152 -0.017584378 0.234710574 -0.226955548 0.003405950 0.973898888 50.603889465
0.967127204 0.063092418 0.246340692 -0.969493866 -0.060298838 0.998001456 -0.018875066 0.232685447 -0.247039378 0.003400535 0.968999267 50.851917267
0.961383522 0.065119378 0.267395705 -0.888345718 -0.061707444 0.997869730 -0.021152683 0.230369091 -0.268203646 0.003835541 0.963354349 51.098892212
0.954704702 0.066349402 0.290062338 -0.797659874 -0.062268000 0.997787297 -0.023288250 0.227073908 -0.290965796 0.004171799 0.956724107 51.348636627
0.946922898 0.067452401 0.314303339 -0.695922852 -0.062924646 0.997716069 -0.024541745 0.223993063 -0.315241098 0.003461714 0.949005008 51.600639343
0.937774539 0.070202008 0.340073466 -0.592401505 -0.065450422 0.997531235 -0.025438420 0.217384100 -0.341019869 0.001597551 0.940054357 51.847270966
0.927348733 0.072266608 0.367153078 -0.480146408 -0.067241415 0.997385025 -0.026477741 0.208161473 -0.368106604 -0.000133791 0.929783344 52.082832336
0.915607512 0.072902910 0.395407736 -0.356079102 -0.067437671 0.997337937 -0.027724274 0.197778821 -0.396376491 -0.001280818 0.918086767 52.318065643
0.902276456 0.070988834 0.425272942 -0.216276169 -0.064485423 0.997476637 -0.029689219 0.187076807 -0.426307499 -0.000636014 0.904577672 52.547325134
0.886718452 0.068198875 0.457251042 -0.064874649 -0.060121506 0.997670889 -0.032212455 0.176620126 -0.458383054 0.001072762 0.888753653 52.769401550
0.868673384 0.067539439 0.490758747 0.096309662 -0.057054363 0.997709930 -0.036317553 0.166851759 -0.492087960 0.003548174 0.870537877 52.990234375
0.848360598 0.069390684 0.524850786 0.268127441 -0.056082360 0.997573614 -0.041238919 0.157021165 -0.526439190 0.005550620 0.850194275 53.213691711
0.825779855 0.071337208 0.559462130 0.452856064 -0.055295017 0.997429430 -0.045565773 0.146497965 -0.561274707 0.006691850 0.827602148 53.434650421
0.800382495 0.074165851 0.594883680 0.647994995 -0.056005109 0.997228205 -0.048975572 0.133194685 -0.596867323 0.005882683 0.802317977 53.654563904
0.772166669 0.077983923 0.630615830 0.862855911 -0.058459435 0.996949553 -0.051704392 0.118332386 -0.632724524 0.003058980 0.774370432 53.881095886
0.741377532 0.082117230 0.666044652 1.095678329 -0.061612468 0.996622026 -0.054293271 0.101116657 -0.668253303 -0.000784832 0.743932903 54.108531952
0.707613289 0.083153956 0.701689482 1.352441788 -0.060925726 0.996532798 -0.056654394 0.082872152 -0.703967869 -0.002661524 0.710226297 54.328903198
0.670289874 0.080652684 0.737703264 1.641443253 -0.056867402 0.996735632 -0.057301868 0.062823534 -0.739916801 -0.003542395 0.672688484 54.545948029
0.630544126 0.079164058 0.772105157 1.956678391 -0.053485539 0.996851563 -0.058528062 0.042206287 -0.774307847 -0.004391917 0.632793188 54.758560181
0.587704778 0.078535214 0.805254340 2.295612335 -0.050838958 0.996895313 -0.060121492 0.021623135 -0.807476223 -0.005604607 0.589872837 54.962947845
0.540995836 0.078205459 0.837380826 2.658863068 -0.046724416 0.996923983 -0.062919028 0.000346184 -0.839725912 -0.005087203 0.542985797 55.158714294
0.492418766 0.077025138 0.866943002 3.048194885 -0.043197401 0.997011423 -0.064045414 -0.024706483 -0.869285285 -0.005912515 0.494274318 55.340671539
0.443385661 0.074928850 0.893193185 3.453966141 -0.040954500 0.997152328 -0.063319825 -0.051215887 -0.895394385 -0.008505170 0.445191741 55.506927490
0.393303990 0.072731920 0.916526854 3.890462875 -0.040540129 0.997268200 -0.061742481 -0.074688554 -0.918513894 -0.012872544 0.395178080 55.666755676
0.342682570 0.072299741 0.936664581 4.339054108 -0.043200187 0.997191966 -0.061166789 -0.097620130 -0.938457012 -0.019503294 0.344843626 55.811019897
0.293391287 0.072635069 0.953228712 4.798811913 -0.040814836 0.997151732 -0.063419715 -0.120049596 -0.955120325 -0.020299083 0.295520157 55.925292969
0.246150345 0.069488250 0.966737151 5.289031029 -0.029506518 0.997501314 -0.064186640 -0.149812818 -0.968781888 -0.012725480 0.247585610 56.010437012
0.201843292 0.063748062 0.977340639 5.798962593 -0.016141044 0.997960269 -0.061759524 -0.179207802 -0.979284346 -0.003309554 0.202460438 56.074626923
0.159377471 0.062898472 0.985211611 6.321768761 -0.006896202 0.998014510 -0.062600277 -0.204811931 -0.987193167 0.003182855 0.159494713 56.126472473
0.120613888 0.064503178 0.990601301 6.854876041 -0.003507751 0.997907877 -0.064551882 -0.227188408 -0.992692828 0.004311071 0.120587729 56.172550201
0.087947130 0.065397106 0.993975759 7.403707504 0.005495402 0.997795165 -0.066134654 -0.258540332 -0.996109486 0.011278653 0.087393783 56.195941925
0.059176896 0.063595623 0.996219337 7.951427937 0.012874216 0.997836709 -0.064463623 -0.297007501 -0.998163939 0.016640304 0.058230050 56.197692871
0.033955429 0.062022429 0.997496605 8.524734497 0.019975485 0.997830689 -0.062723204 -0.328091979 -0.999223113 0.022055274 0.032642752 56.200389862
0.014105212 0.061128713 0.998029828 9.106557846 0.024723232 0.997802734 -0.061464231 -0.354820073 -0.999594152 0.025541497 0.012562834 56.190208435
-0.001791108 0.062904812 0.998017550 9.696146011 0.027692480 0.997639537 -0.062831327 -0.383891881 -0.999614358 0.027525041 -0.003528964 56.177814484
-0.015351758 0.062582843 0.997921288 10.295797348 0.028477296 0.997661531 -0.062128492 -0.416909039 -0.999476075 0.027464323 -0.017098147 56.162284851
-0.027188890 0.063476607 0.997612476 10.905411720 0.029144185 0.997607589 -0.062682040 -0.450929105 -0.999204934 0.027370347 -0.028973915 56.144474030
-0.036289822 0.066604428 0.997119009 11.522801399 0.034007255 0.997280598 -0.065377563 -0.481369793 -0.998762131 0.031536736 -0.038456265 56.113025665
-0.042881202 0.068812989 0.996707201 12.152671814 0.038299859 0.997004747 -0.067185782 -0.511602402 -0.998345375 0.035292745 -0.045388389 56.077899933
-0.047607109 0.068313934 0.996527016 12.797640800 0.038706291 0.997035086 -0.066499665 -0.543011010 -0.998115540 0.035406005 -0.050110240 56.044929504
-0.051275764 0.065687738 0.996521533 13.451089859 0.036379721 0.997294843 -0.063866831 -0.574983001 -0.998021245 0.032978356 -0.053526856 56.014656067
-0.053892858 0.058927592 0.996806026 14.125877380 0.034337968 0.997775853 -0.057128437 -0.607529879 -0.997955680 0.031149475 -0.055796549 55.983146667
-0.055205908 0.053424217 0.997044265 14.808868408 0.035589874 0.998037994 -0.051506869 -0.639188588 -0.997839987 0.032641191 -0.056999058 55.944557190
-0.055574376 0.050972540 0.997152209 15.500925064 0.038252253 0.998071253 -0.048887622 -0.672104955 -0.997721076 0.035426416 -0.057417098 55.899784088
-0.055326007 0.053407446 0.997038543 16.196063995 0.041535400 0.997826815 -0.051144876 -0.704901576 -0.997603536 0.038582750 -0.057424180 55.856681824
-0.054552183 0.060877837 0.996652961 16.896610260 0.042524192 0.997375488 -0.058594406 -0.736047149 -0.997604489 0.039185409 -0.056997888 55.817569733
-0.052150842 0.069084398 0.996246397 17.611312866 0.043192245 0.996826530 -0.066863678 -0.766306937 -0.997704208 0.039543115 -0.054969344 55.777637482
-0.050001185 0.070014618 0.996291637 18.337295532 0.043917470 0.996728718 -0.067841277 -0.798971534 -0.997782588 0.040362466 -0.052912593 55.740287781
-0.047846470 0.065713339 0.996690333 19.078529358 0.043255921 0.997033477 -0.063659489 -0.838234782 -0.997917116 0.040066876 -0.050547119 55.705718994
-0.045396063 0.059102468 0.997218788 19.822971344 0.042795897 0.997446656 -0.057167828 -0.885073483 -0.998051584 0.040081687 -0.047809605 55.674194336
-0.042734649 0.057354353 0.997438371 20.564920425 0.040975966 0.997611165 -0.055608738 -0.928714871 -0.998245418 0.038494587 -0.044982813 55.649749756
-0.039418533 0.062907949 0.997240186 21.296993256 0.048814099 0.996945620 -0.060959905 -0.970108747 -0.998029292 0.046276439 -0.042369030 55.612606049
-0.036161069 0.068539076 0.996992409 22.030214310 0.050460096 0.996497869 -0.066674903 -1.010844350 -0.998070776 0.047897313 -0.039493021 55.585716248
-0.033953220 0.069018625 0.997036874 22.773557663 0.044430546 0.996730387 -0.067484386 -1.051639199 -0.998434961 0.042007592 -0.036908835 55.574062347
-0.030707983 0.065402612 0.997385800 23.519546509 0.039969865 0.997138977 -0.064155839 -1.095390081 -0.998728454 0.037895288 -0.033234354 55.563205719
-0.025971556 0.061785653 0.997750998 24.261051178 0.044035569 0.997189760 -0.060604695 -1.145262718 -0.998691857 0.042362556 -0.028619440 55.538894653
-0.022474870 0.062953196 0.997762859 25.002592087 0.048735570 0.996897697 -0.061800852 -1.190546751 -0.998558342 0.047237594 -0.025473306 55.517051697
-0.019620065 0.067543156 0.997522831 25.743860245 0.048429180 0.996608257 -0.066528715 -1.233617425 -0.998633385 0.047003947 -0.022824679 55.506103516
-0.016062493 0.068205066 0.997541487 26.491630554 0.044797186 0.996717870 -0.067427464 -1.276745200 -0.998866498 0.043604027 -0.019065268 55.503261566
-0.012402792 0.067706525 0.997627735 27.240161896 0.043929644 0.996778309 -0.067102782 -1.323130012 -0.998957157 0.042993192 -0.015337260 55.498847961
-0.008810546 0.064634897 0.997869611 27.988355637 0.048035238 0.996783972 -0.064140514 -1.370580316 -0.998806298 0.047367815 -0.011887062 55.488685608
-0.005281188 0.065308616 0.997850597 28.734634399 0.052630484 0.996500075 -0.064941727 -1.418192029 -0.998599648 0.052174423 -0.008700024 55.479595184
-0.001713227 0.066211469 0.997803628 29.480688095 0.055427667 0.996277869 -0.066015095 -1.463471055 -0.998460770 0.055192854 -0.005376894 55.475234985
0.000832682 0.066134132 0.997809827 30.226192474 0.055872779 0.996248782 -0.066077337 -1.508314490 -0.998437226 0.055805460 -0.002865634 55.478485107
0.004215632 0.064624153 0.997900307 30.981588364 0.057394169 0.996248841 -0.064759709 -1.555255413 -0.998342335 0.057546679 0.000490674 55.481800079
0.007941951 0.063656710 0.997939765 31.733757019 0.059390761 0.996179819 -0.064017124 -1.602912664 -0.998202801 0.059776839 0.004130898 55.484577179
0.010694752 0.063920990 0.997897148 32.486854553 0.057729371 0.996250570 -0.064434253 -1.646835804 -0.998274684 0.058297098 0.006964441 55.496585846
0.013775193 0.065632179 0.997748256 33.235542297 0.055010840 0.996282279 -0.066295274 -1.690982819 -0.998390377 0.055800211 0.010113408 55.511688232
0.016501792 0.065659896 0.997705042 33.991664886 0.056757774 0.996170759 -0.066497721 -1.737068415 -0.998251259 0.057724867 0.012711802 55.524017334
0.019182943 0.065310568 0.997680128 34.752490997 0.054560568 0.996308744 -0.066269897 -1.783291578 -0.998325765 0.055705253 0.015548660 55.542320251
0.021321416 0.065606140 0.997617245 35.512607574 0.052886419 0.996373415 -0.066654667 -1.829611778 -0.998372555 0.054181583 0.017774325 55.566314697
0.024104899 0.065572277 0.997556090 36.279018402 0.049874507 0.996524990 -0.066709697 -1.878641844 -0.998464286 0.051360656 0.020750655 55.591773987
0.027384846 0.067440465 0.997346878 37.043212891 0.048489369 0.996457338 -0.068711743 -1.927405119 -0.998447955 0.050242383 0.024017591 55.616180420
0.030748770 0.070910379 0.997008026 37.810985565 0.047472857 0.996250987 -0.072320655 -1.976540804 -0.998398781 0.049554605 0.027267080 55.642265320
0.034202009 0.073009282 0.996743977 38.585491180 0.047650874 0.996074736 -0.074595354 -2.028759956 -0.998277903 0.050047047 0.030588713 55.669292450
0.037094977 0.075225435 0.996475756 39.364902496 0.041539468 0.996184647 -0.076749831 -2.078572989 -0.998447657 0.044240113 0.033828534 55.708122253
0.039704554 0.074285783 0.996445656 40.149078369 0.037760939 0.996408641 -0.075787671 -2.132304430 -0.998497427 0.040635847 0.036756761 55.749988556
0.043434191 0.074929759 0.996241808 40.935455322 0.039885171 0.996258378 -0.076669961 -2.188552141 -0.998259544 0.043065380 0.040282991 55.783969879
0.047258612 0.075957492 0.995989919 41.721851349 0.039134618 0.996198177 -0.077830300 -2.246923208 -0.998115480 0.042655837 0.044106290 55.823223114
0.050852399 0.076713838 0.995754898 42.517208099 0.035257388 0.996286035 -0.078555353 -2.301949978 -0.998083353 0.039102450 0.047958713 55.873687744
0.054978289 0.074763358 0.995684087 43.318527222 0.034241982 0.996465087 -0.076712757 -2.356543064 -0.997899890 0.038311731 0.052223817 55.923622131
0.059757553 0.074588738 0.995421767 44.122901917 0.034709182 0.996446073 -0.076749198 -2.418477535 -0.997608960 0.039136618 0.056956179 55.973281860
0.064670801 0.078052230 0.994848967 44.922374725 0.031130638 0.996293366 -0.080189236 -2.478923082 -0.997420669 0.036156181 0.062001187 56.034496307
0.070700981 0.086591542 0.993731439 45.720859528 0.029393876 0.995611548 -0.088846669 -2.540104389 -0.997064054 0.035491168 0.067845352 56.099864960
0.077825055 0.091272652 0.992779672 46.529026031 0.027674742 0.995218992 -0.093666382 -2.606100082 -0.996582508 0.034764510 0.074926920 56.171375275
0.084969051 0.094131991 0.991926670 47.333984375 0.023399990 0.995064259 -0.096434221 -2.674539089 -0.996108413 0.031405002 0.082346886 56.252750397
0.091981605 0.092298955 0.991473317 48.152908325 0.019553563 0.995335400 -0.094472535 -2.747467041 -0.995568275 0.028076569 0.089747682 56.340637207
0.099377006 0.090720236 0.990905225 48.976154327 0.019367529 0.995470166 -0.093080543 -2.817487955 -0.994860947 0.028441448 0.097169720 56.431438446
0.106557064 0.087295718 0.990466714 49.790779114 0.019075708 0.995775700 -0.089815870 -2.885333300 -0.994123161 0.028464369 0.104441628 56.527095795
0.113791749 0.081732102 0.990136623 50.618167877 0.016874790 0.996307611 -0.084180862 -2.954144716 -0.993360996 0.026287431 0.111992285 56.632305145
0.120715313 0.074286610 0.989903331 51.442985535 0.014317995 0.996962011 -0.076562375 -3.016977072 -0.992583454 0.023415683 0.119284883 56.745567322
0.128040895 0.071611732 0.989179730 52.256755829 0.014105311 0.997157514 -0.074015096 -3.081615925 -0.991668284 0.023429649 0.126666725 56.859451294
0.135035470 0.073443428 0.988114595 53.061779022 0.013963366 0.997009158 -0.076012775 -3.142447948 -0.990742087 0.024061831 0.133605972 56.975784302
0.140787095 0.080214120 0.986784637 53.853500366 0.014604260 0.996435821 -0.083082281 -3.200168371 -0.989931881 0.026108174 0.139113709 57.094406128
0.145974025 0.083737619 0.985737801 54.644748688 0.013105683 0.996160269 -0.086563803 -3.262570143 -0.989201248 0.025554838 0.144316003 57.213516235
0.150863737 0.086851224 0.984731615 55.425853729 0.011782276 0.995904505 -0.089641750 -3.328421593 -0.988483965 0.025126070 0.149222478 57.340431213
0.156448036 0.086414553 0.983898342 56.200702667 0.009412537 0.995989621 -0.088973224 -3.394934654 -0.987640977 0.023180669 0.155007154 57.466312408
0.162132606 0.083778113 0.983205736 56.969432831 0.013503238 0.996107876 -0.087104224 -3.457455873 -0.986676216 0.027398903 0.160370171 57.584053040
0.166690901 0.077050671 0.982993782 57.735134125 0.014315453 0.996648133 -0.080548525 -3.518690109 -0.985904992 0.027498711 0.165029019 57.713848114
0.170129091 0.070893735 0.982867956 58.492683411 0.012420336 0.997175515 -0.074075632 -3.580992699 -0.985343158 0.024809979 0.168767914 57.847373962
0.173336893 0.067466557 0.982548594 59.235107422 0.008673538 0.997507930 -0.070023879 -3.637353420 -0.984823942 0.020659907 0.172319606 57.987091064
0.176501006 0.067615300 0.981975019 59.967697144 0.007098037 0.997524679 -0.069961816 -3.690046549 -0.984274387 0.019318437 0.175584048 58.124351501
0.178670600 0.069807157 0.981429040 60.685981750 0.005210732 0.997399092 -0.071891710 -3.739982605 -0.983894646 0.017958906 0.177841991 58.260337830
0.180178851 0.074183308 0.980832219 61.397094727 0.001056707 0.997137189 -0.075610623 -3.792539358 -0.983632863 0.014659898 0.179584488 58.398773193
0.182032093 0.078343607 0.980166256 62.094573975 -0.000254526 0.996824980 -0.079627857 -3.847221851 -0.983292162 0.014245358 0.181473911 58.536148071
0.184276745 0.083887555 0.979287684 62.784030914 -0.000661225 0.996361732 -0.085225753 -3.900336742 -0.982873797 0.015057600 0.183661625 58.668853760
0.185732320 0.086112641 0.978819430 63.463485718 -0.000067864 0.996153891 -0.087624773 -3.953772068 -0.982600033 0.016208332 0.185023621 58.801788330
0.187098637 0.086214982 0.978550255 64.138740540 -0.002752741 0.996183515 -0.087242268 -4.008825779 -0.982336938 0.013629217 0.186621740 58.937286377
0.187453464 0.083256058 0.978738546 64.803321838 -0.002750532 0.996442497 -0.084235236 -4.067162514 -0.982269347 0.013098145 0.187015399 59.070690155
0.188270569 0.080773905 0.978789687 65.462013245 -0.002524819 0.996649027 -0.081762075 -4.122600555 -0.982113600 0.012922131 0.187843397 59.196998596
0.188075528 0.079701148 0.978915095 66.109519958 -0.001733841 0.996727705 -0.080818303 -4.175109386 -0.982152700 0.013502665 0.187598065 59.322200775
0.186714754 0.078975245 0.979234397 66.748771667 -0.001914202 0.996791124 -0.080026232 -4.227448940 -0.982411981 0.013067626 0.186266586 59.445697784
0.185118884 0.079820566 0.979468822 67.379707336 -0.002977059 0.996737182 -0.080665171 -4.279812813 -0.982711256 0.012016714 0.184752241 59.567893982
0.182819754 0.082647137 0.979666173 67.995819092 -0.003826166 0.996513009 -0.083354354 -4.332518578 -0.983138621 0.011490461 0.182498232 59.686607361
0.180693254 0.086516939 0.979726553 68.603820801 -0.001932567 0.996153295 -0.087611102 -4.385375977 -0.983537197 0.013937351 0.180165082 59.796474457
0.179129973 0.087174751 0.979955375 69.208915710 0.000213414 0.996063471 -0.088646702 -4.434612274 -0.983824968 0.016088417 0.178405970 59.902481079
0.176862702 0.086112060 0.980461061 69.803085327 -0.000546366 0.996174037 -0.087393560 -4.481679916 -0.984234929 0.014920967 0.176232859 60.010658264
0.174418569 0.083159380 0.981153548 70.392974854 -0.000720772 0.996438265 -0.084326714 -4.531723976 -0.984670997 0.014000957 0.173857003 60.117012024
0.172175527 0.079204671 0.981876731 70.971458435 -0.000618136 0.996771097 -0.080297746 -4.584795475 -0.985065818 0.013218376 0.171668291 60.221099854
0.170308918 0.078251816 0.982278585 71.540023804 0.002972913 0.996796966 -0.079923831 -4.635409832 -0.985385954 0.016531972 0.169530496 60.315643311
0.168583930 0.079710625 0.982458830 72.096366882 0.006807044 0.996607244 -0.082026593 -4.680739880 -0.985663474 0.020516001 0.167469114 60.405685425
0.165969074 0.082007982 0.982715011 72.643745422 0.010661919 0.996329010 -0.084944755 -4.722507477 -0.986072958 0.024575824 0.164485201 60.496124268
0.164174184 0.083766818 0.982868075 73.192825317 0.010148266 0.996192157 -0.086597502 -4.767171860 -0.986378789 0.024191476 0.162698701 60.589324951
0.162938163 0.086333677 0.982851684 73.739707947 0.009740385 0.995975435 -0.089101225 -4.813580036 -0.986587763 0.024091342 0.161441237 60.682167053
0.161691889 0.084647134 0.983204246 74.293495178 0.011523943 0.996084929 -0.087651253 -4.863333702 -0.986773729 0.025502872 0.160083145 60.772483826
0.162314251 0.083140567 0.983230174 74.849060059 0.017623190 0.996041119 -0.087133147 -4.908425331 -0.986581326 0.031470593 0.160206228 60.858551025
0.164782315 0.081420459 0.982963622 75.402488708 0.022439795 0.996019959 -0.086263724 -4.949996471 -0.986074328 0.036272220 0.162299171 60.940864563
0.166579440 0.080757193 0.982715428 75.960037231 0.025313536 0.995962083 -0.086136661 -4.994652748 -0.985702813 0.039224580 0.163862273 61.037422180
0.169858426 0.080403365 0.982183039 76.518447876 0.022712400 0.996082366 -0.085469075 -5.042377472 -0.985206485 0.036825359 0.167366564 61.143058777
0.175230235 0.081007853 0.981189132 77.079093933 0.021618744 0.996052682 -0.086095899 -5.088047028 -0.984289825 0.036298662 0.172786981 61.251823425
0.181869164 0.079959840 0.980066299 77.645843506 0.022742365 0.996080101 -0.085486598 -5.131027222 -0.983059525 0.037836377 0.179337502 61.359619141
0.189388722 0.080323979 0.978611290 78.218536377 0.020675441 0.996101558 -0.085760877 -5.173055649 -0.981684268 0.036475345 0.186989397 61.479492188
0.197829127 0.078053087 0.977123976 78.796539307 0.021152066 0.996253133 -0.083863609 -5.220714569 -0.980008006 0.037258837 0.195436656 61.605014801
0.206786722 0.077682242 0.975297272 79.378967285 0.017648108 0.996384978 -0.083103739 -5.268989563 -0.978226602 0.034396872 0.204667911 61.737030029
0.216491953 0.077327348 0.973217189 79.968200684 0.016562950 0.996424258 -0.082855739 -5.315762043 -0.976143599 0.034056921 0.214436784 61.877494812
0.226067021 0.081156351 0.970725238 80.559043884 0.011030332 0.996246636 -0.085858859 -5.361714363 -0.974049032 0.030117255 0.224323004 62.029018402
0.235454634 0.083266295 0.968311787 81.158050537 0.007706163 0.996132076 -0.087532505 -5.407579422 -0.971854448 0.028071877 0.233901948 62.188888550
0.246303856 0.085916497 0.965377033 81.768325806 0.003562876 0.995976269 -0.089548856 -5.457010269 -0.969185770 0.025495723 0.245006368 62.356628418
0.256576627 0.087649517 0.962541401 82.385009766 0.002106320 0.995826781 -0.091242030 -5.510549545 -0.966521323 0.025437966 0.255320907 62.531524658
0.266321629 0.088387057 0.959823132 83.008514404 -0.001102000 0.995814264 -0.091395669 -5.563022614 -0.963883281 0.023282893 0.265303910 62.717197418
0.276723415 0.088781975 0.956839621 83.644523621 -0.001975269 0.995773673 -0.091823354 -5.615906715 -0.960947335 0.023519630 0.275728881 62.911521912
0.286928177 0.089779019 0.953735828 84.288070679 -0.006272485 0.995753527 -0.091847360 -5.666850090 -0.957931340 0.020371277 0.286272526 63.118324280
0.297568619 0.084865391 0.950921118 84.944656372 -0.005848818 0.996184945 -0.087074824 -5.719856262 -0.954682291 0.020348938 0.296929330 63.329414368
0.308370441 0.077929042 0.948068917 85.617416382 -0.002381487 0.996699214 -0.081151798 -5.773563385 -0.951263130 0.022766978 0.307537794 63.550895691
0.319376320 0.073503703 0.944772959 86.296775818 -0.000844393 0.997009158 -0.077282339 -5.829262733 -0.947627366 0.023884363 0.318482786 63.782653809
0.329599142 0.070230469 0.941505253 86.983581543 -0.001492478 0.997267306 -0.073867567 -5.878031254 -0.944119632 0.022941487 0.328802913 64.032348633
0.339184076 0.068019852 0.938257694 87.680923462 0.004592799 0.997251272 -0.073957026 -5.924096584 -0.940708637 0.029394250 0.337938964 64.282730103
0.347968310 0.062667616 0.935409486 88.391632080 0.011323543 0.997410059 -0.071033709 -5.967001915 -0.937437773 0.035309602 0.346357107 64.539062500
0.354969144 0.053339727 0.933355153 89.113166809 0.020921752 0.997667968 -0.064972028 -6.011890888 -0.934643686 0.042590447 0.353024900 64.803428650
0.362107903 0.049063675 0.930843890 89.837059021 0.026236234 0.997682035 -0.062792853 -6.058649540 -0.931766689 0.047159601 0.359980911 65.079971313
0.369400948 0.049128547 0.927970529 90.557327271 0.028308142 0.997543454 -0.064080663 -6.109928608 -0.928838670 0.049940549 0.367102355 65.363357544
0.377061397 0.055488080 0.924524546 91.258666992 0.030363681 0.996926844 -0.072217204 -6.156980515 -0.925690174 0.055302259 0.374217421 65.643089294
0.384360850 0.059936345 0.921235085 91.981338501 0.034063585 0.996290207 -0.079031676 -6.204498291 -0.922553957 0.061757226 0.380892932 65.939262390
0.389734685 0.062003665 0.918837309 92.697448730 0.032201875 0.996203482 -0.080883205 -6.259705544 -0.920363784 0.061111245 0.386258066 66.246742249
0.394290775 0.063443005 0.916793168 93.412239075 0.025174867 0.996494293 -0.079785578 -6.318649292 -0.918640554 0.054538839 0.391310841 66.567550659
0.398192942 0.066998072 0.914851725 94.112327576 0.018466873 0.996541739 -0.081018411 -6.381403923 -0.917115510 0.049155373 0.395578206 66.889541626
0.402312785 0.070211783 0.912805974 94.804733276 0.017690752 0.996272624 -0.084429078 -6.441534042 -0.915331006 0.050115094 0.399570704 67.200584412
0.406344265 0.074301735 0.910694122 95.483642578 0.014356326 0.996046185 -0.087671213 -6.502707481 -0.913606882 0.048698880 0.403670520 67.511428833
0.409802616 0.077278800 0.908894897 96.159820557 0.011273052 0.995899856 -0.089759275 -6.565533638 -0.912104189 0.047029570 0.407250762 67.828239441
0.413689017 0.075724535 0.907263637 96.826988220 0.010075558 0.996093214 -0.087732948 -6.628943443 -0.910362184 0.045435313 0.411309421 68.141067505
0.417808503 0.072749503 0.905617774 97.487297058 0.010994133 0.996311188 -0.085107289 -6.690037727 -0.908468366 0.045514993 0.415466994 68.447784424
0.421310991 0.070056088 0.904206395 98.137779236 0.010722649 0.996557653 -0.082207538 -6.749987125 -0.906852603 0.044330399 0.419109106 68.755218506
0.424765915 0.069118731 0.902660906 98.769760132 0.009653767 0.996678889 -0.080860764 -6.810389042 -0.905251503 0.043060940 0.422687471 69.061515808
0.428322911 0.070642062 0.900860190 99.395164490 0.007775947 0.996614516 -0.081848003 -6.866893291 -0.903591990 0.042062379 0.426323116 69.363113403
0.431146830 0.071193583 0.899468601 100.012550354 0.008793821 0.996503413 -0.083089232 -6.921996593 -0.902238607 0.043733392 0.429012805 69.662101746
0.433330476 0.069355398 0.898562431 100.625274658 0.010888041 0.996558905 -0.082170077 -6.975465775 -0.901169121 0.045390353 0.431083769 69.956893921
0.435048133 0.068173602 0.897822559 101.227729797 0.012925109 0.996554136 -0.081933558 -7.030711651 -0.900314033 0.047249459 0.432667434 70.249084473
0.436839134 0.068011135 0.896964729 101.820129395 0.011676117 0.996625185 -0.081254296 -7.086044312 -0.899463534 0.045968097 0.434570283 70.543663025
0.438857436 0.067354120 0.896028697 102.404296875 0.013278399 0.996591747 -0.081416979 -7.137699127 -0.898458302 0.047628239 0.436466932 70.830947876
0.441508770 0.069276676 0.894578457 102.980255127 0.012706100 0.996432364 -0.083435319 -7.185864449 -0.897166550 0.048203994 0.439052939 71.117134094
0.444401473 0.069301590 0.893143058 103.545234680 0.015723439 0.996246278 -0.085125238 -7.238348007 -0.895689309 0.051873028 0.441643208 71.396362305
0.447497070 0.068610623 0.891649425 104.101860046 0.017406806 0.996195614 -0.085391335 -7.292521477 -0.894115567 0.053733107 0.444599837 71.675163269
0.450726539 0.066905253 0.890151024 104.649452209 0.020506181 0.996148109 -0.085255496 -7.342555523 -0.892426074 0.056680474 0.447618008 71.949951172
0.454188079 0.066005923 0.888457179 105.186401367 0.021880325 0.996124506 -0.085190311 -7.393014908 -0.890636742 0.058132112 0.450983196 72.223083496
0.457449824 0.065628685 0.886810124 105.714035034 0.022867581 0.996074855 -0.085510857 -7.442167759 -0.888940871 0.059396088 0.454153121 72.496696472
0.460895002 0.064799376 0.885085523 106.231292725 0.023393655 0.996097147 -0.085108757 -7.492883205 -0.887145877 0.059931550 0.457579821 72.766838074
0.464503229 0.064398475 0.883226573 106.747863770 0.025040384 0.995998561 -0.085790187 -7.539043903 -0.885217011 0.061966106 0.461031556 73.034019470
0.468546808 0.065746039 0.880988657 107.259826660 0.024644727 0.995866179 -0.087426208 -7.584984303 -0.883094549 0.062674955 0.464989185 73.307983398
0.473021179 0.066127308 0.878565729 107.766014099 0.026583746 0.995654166 -0.089253031 -7.631588936 -0.880649686 0.065574087 0.469207108 73.574462891
0.477797449 0.069506496 0.875715733 108.265907288 0.024381991 0.995431602 -0.092311539 -7.682075977 -0.878131390 0.065457866 0.473919481 73.852691650
0.483303040 0.075401872 0.872199655 108.757186890 0.020921817 0.995004594 -0.097611636 -7.732716560 -0.875202954 0.065423936 0.479310721 74.133300781
0.489253044 0.082490548 0.868231714 109.246192932 0.015690774 0.994523227 -0.103331394 -7.783226967 -0.872000396 0.064178377 0.485278726 74.419113159
0.495434642 0.088825062 0.864091575 109.734756470 0.010547129 0.994069576 -0.108233631 -7.835019112 -0.868580937 0.062736318 0.491559118 74.710823059
0.502102435 0.093334347 0.859756589 110.227539062 0.006993226 0.993688405 -0.111957997 -7.888148308 -0.864779592 0.062226795 0.498280138 75.002876282
0.507606983 0.093850784 0.856461704 110.725524902 0.002637005 0.993875802 -0.110471532 -7.940447330 -0.861584485 0.058334563 0.504250288 75.312263489
0.513082743 0.092883147 0.853298426 111.226852417 -0.003885647 0.994368970 -0.105902568 -7.997303009 -0.858330131 0.051021118 0.510553896 75.632141113
0.518914640 0.090321496 0.850040734 111.733963013 -0.010119538 0.994981706 -0.099544764 -8.054342270 -0.854766011 0.043053165 0.517224014 75.959312439
0.524697900 0.088352509 0.846690893 112.244689941 -0.016275954 0.995459080 -0.093790293 -8.110831261 -0.851132870 0.035430819 0.523752630 76.297966003
0.530845225 0.086430326 0.843049526 112.764190674 -0.018922159 0.995746732 -0.090170264 -8.164016724 -0.847257376 0.031914100 0.530222237 76.639518738
0.537090421 0.090056337 0.838703215 113.285316467 -0.024127299 0.995517969 -0.091443777 -8.214960098 -0.843179524 0.028877893 0.536855459 76.990722656
0.543050647 0.093967594 0.834425330 113.814323425 -0.028032241 0.995193660 -0.093828730 -8.268253326 -0.839231908 0.027562892 0.543074071 77.357742310
0.549184740 0.097402878 0.830004930 114.352134705 -0.030947343 0.994873703 -0.096273884 -8.321187973 -0.835127592 0.027185656 0.549383342 77.729316711
0.555583775 0.099546619 0.825479627 114.895256042 -0.033308286 0.994674921 -0.097532392 -8.376092911 -0.830793083 0.026692046 0.555940270 78.107856750
