1.000000000 0.000000000 0.000000000 0.000000000 0.000000000 1.000000000 0.000000000 0.000000000 0.000000000 0.000000000 1.000000000 0.000000000
0.999999523 0.000496269 0.000823551 -0.015792193 -0.000496652 0.999999762 0.000465010 0.006531939 -0.000823320 -0.000465419 0.999999523 0.051794596
0.999998391 0.001480371 0.001004869 -0.026192291 -0.001481959 0.999997675 0.001581655 -0.003960334 -0.001002526 -0.001583142 0.999998271 0.163546786
0.999991059 0.004202107 0.000271852 -0.036259063 -0.004202073 0.999991179 -0.000125655 -0.000152078 -0.000272377 0.000124512 0.999999940 0.274533868
0.999992251 0.003895716 0.000501283 -0.041795231 -0.003895658 0.999992490 -0.000118524 -0.021001033 -0.000501741 0.000116570 0.999999881 1.605892301
0.999994397 0.003291401 0.000509259 -0.043770079 -0.003291773 0.999994338 0.000732542 -0.042680860 -0.000506845 -0.000734214 0.999999583 2.953617811
0.999998212 0.001732655 0.000757752 -0.046407290 -0.001734134 0.999996603 0.001955268 -0.063046418 -0.000754362 -0.001956578 0.999997795 4.272240639
0.999997556 0.002095191 0.000648185 -0.051828641 -0.002096778 0.999994874 0.002458376 -0.083321236 -0.000643031 -0.002459728 0.999996781 5.611588955
0.999995470 0.003021602 0.000307802 -0.058551360 -0.003021791 0.999995291 0.000620126 -0.102740750 -0.000305927 -0.000621053 0.999999762 6.946460247
0.999982595 0.005894332 0.000281281 -0.068763860 -0.005893850 0.999981225 -0.001684829 -0.122435816 -0.000291206 0.001683142 0.999998450 8.281174660
0.999955833 0.009382562 0.000599575 -0.081701636 -0.009380992 0.999952674 -0.002571868 -0.146030977 -0.000623677 0.002566129 0.999996424 9.629739761
0.999930859 0.011742118 0.000768201 -0.093554072 -0.011739996 0.999927402 -0.002708433 -0.170718223 -0.000799948 0.002699227 0.999995947 10.976417542
0.999918401 0.012730153 0.001076761 -0.103171147 -0.012728211 0.999917388 -0.001792298 -0.196007386 -0.001099488 0.001778447 0.999997735 12.326234818
0.999945939 0.010272756 0.001602045 -0.106189303 -0.010274242 0.999946773 0.000921891 -0.218049511 -0.001592489 -0.000938300 0.999998212 13.687469482
0.999979198 0.006202797 0.001768583 -0.105908185 -0.006207692 0.999976873 0.002775423 -0.242237628 -0.001751327 -0.002786343 0.999994516 15.050502777
0.999991417 0.003861119 0.001508836 -0.104562655 -0.003861648 0.999992490 0.000347842 -0.261341870 -0.001507481 -0.000353666 0.999998808 16.409902573
0.999995112 0.002791785 0.001421968 -0.105751686 -0.002789454 0.999994755 -0.001639253 -0.282289952 -0.001426537 0.001635278 0.999997675 17.778320312
0.999985039 0.005102787 0.001964120 -0.111341879 -0.005096490 0.999981940 -0.003198099 -0.308092684 -0.001980404 0.003188042 0.999992967 19.145616531
0.999966323 0.007704732 0.002801564 -0.117943145 -0.007701703 0.999969900 -0.001090327 -0.330738574 -0.002809880 0.001068714 0.999995470 20.518299103
0.999960780 0.008160541 0.003444816 -0.122814111 -0.008168979 0.999963820 0.002442039 -0.352089643 -0.003424761 -0.002470083 0.999991000 21.899105072
0.999975324 0.005835189 0.003889313 -0.120409727 -0.005852007 0.999973595 0.004327024 -0.367333025 -0.003863961 -0.004349676 0.999983072 23.290325165
0.999992013 0.001977391 0.003476826 -0.116203919 -0.001985535 0.999995470 0.002340428 -0.385174185 -0.003472181 -0.002347311 0.999991119 24.658227921
0.999992371 0.001746130 0.003500654 -0.116125375 -0.001746298 0.999998629 0.000044903 -0.404967874 -0.003500570 -0.000051016 0.999993801 26.042711258
0.999990284 0.001504195 0.004148804 -0.116807550 -0.001493701 0.999995887 -0.002531504 -0.427454680 -0.004152593 0.002525281 0.999988079 27.433994293
0.999975324 0.005029321 0.004905423 -0.123553991 -0.005012606 0.999981642 -0.003413974 -0.452887803 -0.004922502 0.003389299 0.999982059 28.823574066
0.999968231 0.005925001 0.005324299 -0.126745328 -0.005895214 0.999967098 -0.005593254 -0.480433166 -0.005357261 0.005561688 0.999970138 30.220113754
0.999961019 0.006881177 0.005530115 -0.128523692 -0.006853633 0.999964178 -0.004984551 -0.509118319 -0.005564216 0.004946454 0.999972284 31.613042831
0.999961913 0.006739695 0.005530271 -0.130748466 -0.006718782 0.999970257 -0.003791807 -0.536570072 -0.005555660 0.003754505 0.999977350 33.014736176
0.999955535 0.007780875 0.005314073 -0.132456988 -0.007769096 0.999967396 -0.002234067 -0.564212561 -0.005331281 0.002192682 0.999983191 34.422470093
0.999930859 0.010543233 0.005189574 -0.135059074 -0.010533595 0.999942780 -0.001881808 -0.590935111 -0.005209116 0.001827013 0.999984622 35.845790863
0.999902070 0.012848930 0.005526193 -0.141922385 -0.012836655 0.999915063 -0.002251390 -0.616679192 -0.005554650 0.002180232 0.999981940 37.261825562
0.999872208 0.015002006 0.005493391 -0.145354301 -0.014992444 0.999886036 -0.001778411 -0.642394900 -0.005519443 0.001695824 0.999983072 38.682701111
0.999862731 0.015711451 0.005232198 -0.147637621 -0.015702106 0.999875069 -0.001822894 -0.666734457 -0.005260183 0.001740488 0.999984384 40.097927094
0.999880433 0.014690841 0.004775322 -0.146539703 -0.014681878 0.999890387 -0.001907652 -0.693056226 -0.004802820 0.001837314 0.999986589 41.510494232
0.999895334 0.013813540 0.004250342 -0.148219645 -0.013803373 0.999901891 -0.002413838 -0.717852056 -0.004283267 0.002354917 0.999987841 42.929058075
0.999908745 0.013060796 0.003381496 -0.149638593 -0.013053258 0.999912262 -0.002243623 -0.742379606 -0.003410501 0.002199279 0.999991596 44.345436096
0.999903858 0.013587764 0.002670319 -0.155433223 -0.013584095 0.999906778 -0.001389378 -0.765034437 -0.002688947 0.001352971 0.999995291 45.773075104
0.999901354 0.013934073 0.001606183 -0.159798786 -0.013931139 0.999901235 -0.001829181 -0.789832890 -0.001631510 0.001806624 0.999996841 47.198348999
0.999897361 0.014291725 0.000692428 -0.167165384 -0.014290580 0.999896526 -0.001643369 -0.811744809 -0.000715841 0.001633306 0.999998212 48.616935730
0.999892890 0.014617028 -0.000001814 -0.179514214 -0.014617026 0.999892533 -0.001117855 -0.835429430 -0.000014524 0.001117762 0.999999285 50.029033661
0.999913871 0.013086809 -0.000549817 -0.187614456 -0.013087036 0.999914229 -0.000397821 -0.858947814 0.000544566 0.000404982 0.999999642 51.468799591
0.999930203 0.011732114 -0.001184866 -0.192264169 -0.011732416 0.999931157 -0.000242079 -0.885133326 0.001181946 0.000255964 0.999999166 52.917785645
0.999957025 0.009069129 -0.001778182 -0.194545999 -0.009070464 0.999958575 -0.000739730 -0.913581908 0.001771402 0.000755827 0.999997973 54.361522675
0.999965727 0.008065281 -0.001694703 -0.202763796 -0.008066081 0.999967277 -0.000462303 -0.940013647 0.001690921 0.000475957 0.999998271 55.804561615
0.999976218 0.006759788 -0.001202939 -0.210235372 -0.006759580 0.999977171 0.000183175 -0.967070043 0.001204152 -0.000175040 0.999999166 57.234661102
0.999983788 0.005616737 -0.000718011 -0.214436799 -0.005616078 0.999983728 0.000926273 -0.995600760 0.000723204 -0.000922225 0.999999225 58.670890808
0.999992073 0.003913792 -0.000114786 -0.219469130 -0.003913738 0.999992132 0.000518386 -1.021364689 0.000116816 -0.000517933 0.999999762 60.101684570
0.999997675 0.002057530 0.000332289 -0.222015902 -0.002057495 0.999997795 -0.000126151 -1.049250841 -0.000332546 0.000125467 0.999999821 61.527450562
0.999995887 0.002631213 0.001053741 -0.226731271 -0.002630779 0.999996364 -0.000420176 -1.078796506 -0.001054841 0.000417402 0.999999344 62.952480316
0.999989748 0.004040565 0.001981904 -0.234038830 -0.004039315 0.999991477 -0.000638184 -1.105922103 -0.001984464 0.000630172 0.999997795 64.376167297
0.999968648 0.007403645 0.002775625 -0.244224533 -0.007405544 0.999972284 0.000672003 -1.134406447 -0.002770571 -0.000692537 0.999995828 65.796005249
0.999940217 0.010326324 0.003573214 -0.249202669 -0.010333438 0.999944568 0.001975315 -1.159750342 -0.003552618 -0.002012121 0.999991655 67.198661804
0.999888480 0.014265154 0.004397772 -0.257512331 -0.014275933 0.999895036 0.002427224 -1.183447480 -0.004362685 -0.002489736 0.999987364 68.613700867
0.999820471 0.018251173 0.005086577 -0.266065687 -0.018262492 0.999830723 0.002185737 -1.207582355 -0.005045823 -0.002278239 0.999984622 70.029800415
0.999756038 0.021341555 0.005678120 -0.268719047 -0.021351386 0.999770463 0.001674391 -1.234828830 -0.005641083 -0.001795219 0.999982476 71.432281494
0.999711812 0.023110470 0.006484547 -0.272429526 -0.023120850 0.999731421 0.001529178 -1.259187818 -0.006447463 -0.001678666 0.999977827 72.834281921
0.999700606 0.023462309 0.006930075 -0.275424778 -0.023474723 0.999722779 0.001713723 -1.282618046 -0.006887946 -0.001875892 0.999974489 74.234359741
0.999724329 0.022291334 0.007360804 -0.277784824 -0.022302393 0.999750078 0.001422658 -1.307585716 -0.007327251 -0.001586431 0.999971807 75.618621826
0.999752045 0.020983135 0.007443744 -0.275667071 -0.020987252 0.999779463 0.000473868 -1.332160473 -0.007432159 -0.000629975 0.999972105 77.003387451
0.999769211 0.020183822 0.007352209 -0.274386942 -0.020187421 0.999795973 0.000413501 -1.357289195 -0.007342362 -0.000561828 0.999972820 78.390563965
0.999769926 0.020237505 0.007096544 -0.269572198 -0.020242564 0.999794722 0.000639987 -1.387058020 -0.007082136 -0.000783493 0.999974608 79.777671814
0.999779582 0.019893952 0.006708925 -0.268351793 -0.019895678 0.999801934 0.000187953 -1.414582729 -0.006703856 -0.000321391 0.999977469 81.159271240
0.999780536 0.020062517 0.006024839 -0.269930512 -0.020065684 0.999798417 0.000463105 -1.438668966 -0.006014334 -0.000583896 0.999981701 82.551300049
0.999801159 0.019293100 0.005039380 -0.269233704 -0.019300306 0.999812663 0.001381548 -1.465053797 -0.005011782 -0.001478536 0.999986351 83.937072754
0.999846578 0.017033029 0.004074497 -0.270409167 -0.017042588 0.999851823 0.002318092 -1.487801909 -0.004034411 -0.002387177 0.999989033 85.325469971
0.999887049 0.014745221 0.002895285 -0.269741267 -0.014753234 0.999887228 0.002760051 -1.510230064 -0.002854261 -0.002802455 0.999992013 86.713157654
0.999912739 0.012968332 0.002457752 -0.275749952 -0.012974932 0.999912024 0.002682558 -1.533596873 -0.002422748 -0.002714214 0.999993384 88.072097778
0.999932587 0.011438170 0.001952308 -0.278749883 -0.011442401 0.999931931 0.002161316 -1.555943489 -0.001927455 -0.002183510 0.999995768 89.442665100
0.999944925 0.010340058 0.001755423 -0.282851875 -0.010342918 0.999944985 0.001618489 -1.577151418 -0.001738592 -0.001636556 0.999997139 90.815765381
0.999942064 0.010640881 0.001511655 -0.286406219 -0.010642716 0.999942362 0.001198652 -1.606123328 -0.001498814 -0.001214672 0.999998152 92.167640686
0.999944448 0.010388346 0.001678210 -0.291651934 -0.010389457 0.999945462 0.000643077 -1.630717754 -0.001671438 -0.000660478 0.999998391 93.528068542
0.999936581 0.011116015 0.001717734 -0.295877844 -0.011115952 0.999937832 -0.000056681 -1.656849384 -0.001718258 0.000037583 0.999998510 94.889625549
0.999923587 0.012161369 0.002130259 -0.305679321 -0.012161950 0.999925673 0.000251227 -1.681521773 -0.002127046 -0.000277116 0.999997854 96.248634338
0.999916077 0.012689641 0.002520689 -0.312940121 -0.012693819 0.999917805 0.001640150 -1.705458045 -0.002499670 -0.001672011 0.999995589 97.601127625
0.999899507 0.013872647 0.002836776 -0.322136939 -0.013880921 0.999899149 0.002911127 -1.730005622 -0.002796106 -0.002950213 0.999991894 98.939353943
0.999907672 0.013250155 0.002955348 -0.324312866 -0.013254540 0.999910891 0.001461371 -1.754337668 -0.002935723 -0.001500408 0.999994576 100.279823303
0.999906540 0.013289173 0.003134762 -0.329275787 -0.013286141 0.999911010 -0.000993331 -1.777222753 -0.003147685 0.000951590 0.999994576 101.626052856
0.999916315 0.012567660 0.003009769 -0.333002776 -0.012561521 0.999918759 -0.002057150 -1.805352569 -0.003035380 0.002019171 0.999993443 102.970298767
0.999942422 0.010229253 0.003216130 -0.336080104 -0.010226685 0.999947190 -0.000821273 -1.833093643 -0.003224363 0.000788335 0.999994516 104.311309814
0.999962091 0.007758666 0.003928550 -0.336702704 -0.007763194 0.999969125 0.001132605 -1.857902765 -0.003919642 -0.001163060 0.999991655 105.661155701
0.999969900 0.006082794 0.004809772 -0.335913539 -0.006091117 0.999979794 0.001712286 -1.882385373 -0.004799262 -0.001741532 0.999987066 107.006774902
0.999970138 0.005292903 0.005617677 -0.335646629 -0.005294872 0.999985754 0.000331241 -1.906650662 -0.005615846 -0.000360976 0.999984324 108.335632324
0.999952853 0.007336389 0.006369248 -0.336636126 -0.007323418 0.999970913 -0.002061395 -1.931089282 -0.006384188 0.002014654 0.999977708 109.675056458
0.999926329 0.009498467 0.007558384 -0.336646199 -0.009466515 0.999945939 -0.004255205 -1.957057714 -0.007598395 0.004183342 0.999962568 111.006988525
0.999879897 0.012510944 0.009148183 -0.339536905 -0.012473285 0.999913275 -0.004164608 -1.985589504 -0.009199494 0.004050001 0.999949634 112.334388733
0.999849021 0.013709559 0.010669852 -0.336026549 -0.013686259 0.999903560 -0.002255841 -2.013122320 -0.010699751 0.002109471 0.999940634 113.674842834
0.999836862 0.013772164 0.011689554 -0.327547908 -0.013772569 0.999904871 -0.000048053 -2.038672447 -0.011689105 -0.000112950 0.999931753 115.015693665
0.999838054 0.012935538 0.012513186 -0.316693425 -0.012941757 0.999915898 0.000414317 -2.062363625 -0.012506776 -0.000576193 0.999921799 116.356536865
0.999818265 0.013227426 0.013728414 -0.306980729 -0.013226358 0.999912262 -0.000170371 -2.085621834 -0.013729466 -0.000011237 0.999905944 117.694679260
0.999774694 0.015128767 0.014898130 -0.296493292 -0.015119147 0.999885142 -0.000759783 -2.109981060 -0.014907917 0.000534364 0.999888837 119.034912109
0.999721646 0.017170655 0.016179856 -0.286966324 -0.017155299 0.999852002 -0.001089017 -2.134179115 -0.016196167 0.000811144 0.999868691 120.376541138
0.999687493 0.017927784 0.017418802 -0.276730299 -0.017891010 0.999837220 -0.002265939 -2.157543182 -0.017456591 0.001953592 0.999845922 121.726036072
0.999646664 0.019067170 0.018523782 -0.265008450 -0.019013852 0.999814391 -0.003051552 -2.183129072 -0.018578539 0.002698266 0.999823928 123.070022583
0.999644339 0.018204371 0.019488212 -0.245049477 -0.018144121 0.999829888 -0.003265240 -2.209651947 -0.019544344 0.002910484 0.999804914 124.419471741
0.999635756 0.017619882 0.020442136 -0.226996183 -0.017577210 0.999842763 -0.002266633 -2.234880924 -0.020478869 0.001906493 0.999788642 125.770065308
0.999643087 0.016107621 0.021310536 -0.205270529 -0.016081825 0.999869645 -0.001382455 -2.262248516 -0.021330031 0.001039251 0.999772072 127.121307373
0.999647796 0.015237927 0.021727657 -0.184610605 -0.015218890 0.999883473 -0.001042520 -2.287682056 -0.021741018 0.000711483 0.999763548 128.471710205
0.999677777 0.012901716 0.021859633 -0.161853552 -0.012883693 0.999916315 -0.000966381 -2.311395168 -0.021870278 0.000684438 0.999760747 129.824325562
0.999698997 0.011364191 0.021742888 -0.140181303 -0.011361861 0.999935269 -0.000231958 -2.337496758 -0.021744123 -0.000015151 0.999763727 131.174316406
0.999729931 0.009856462 0.021046432 -0.112904072 -0.009849002 0.999951303 -0.000459500 -2.365501165 -0.021049941 0.000252090 0.999778569 132.529891968
0.999764025 0.008508678 0.019987823 -0.092163086 -0.008498853 0.999963641 -0.000577706 -2.388972521 -0.019992013 0.000407697 0.999800205 133.883712769
0.999799073 0.006776860 0.018867679 -0.069445372 -0.006786604 0.999976814 0.000451014 -2.414422274 -0.018864192 -0.000578970 0.999822080 135.227340698
0.999828994 0.005167796 0.017757583 -0.046003103 -0.005179972 0.999986291 0.000638066 -2.438786983 -0.017754043 -0.000729940 0.999842286 136.584625244
0.999852777 0.004630999 0.016526649 -0.028572083 -0.004642535 0.999988973 0.000657892 -2.461523056 -0.016523419 -0.000734520 0.999863386 137.934906006
0.999875486 0.004066551 0.015252149 -0.010185480 -0.004068581 0.999991715 0.000100101 -2.485013247 -0.015251619 -0.000162142 0.999883771 139.286773682
0.999894142 0.003565385 0.014107052 0.007674098 -0.003563822 0.999993563 -0.000138106 -2.510934830 -0.014107453 0.000087817 0.999900639 140.630249023
0.999912858 0.001090653 0.013155408 0.022329807 -0.001057014 0.999996066 -0.002565973 -2.536576271 -0.013158153 0.002551845 0.999910355 141.975128174
0.999917984 -0.004374720 0.012038711 0.042259216 0.004411384 0.999985635 -0.003023297 -2.561725855 -0.012025310 0.003076158 0.999923050 143.321075439
0.999866307 -0.012212959 0.010875274 0.066422224 0.012221916 0.999924958 -0.000760214 -2.586438179 -0.010865171 0.000893030 0.999940753 144.662689209
0.999774992 -0.019010667 0.009425487 0.086628437 0.019006003 0.999819160 0.000581373 -2.606965065 -0.009434836 -0.000402100 0.999955595 146.011199951
0.999717295 -0.022233203 0.008434286 0.101802826 0.022260655 0.999747157 -0.003178493 -2.626064777 -0.008361486 0.003365349 0.999959588 147.364349365
0.999720693 -0.021966115 0.008720948 0.113436818 0.022021234 0.999737799 -0.006279299 -2.653475285 -0.008580727 0.006469592 0.999942422 148.717117310
0.999772727 -0.019034369 0.009604456 0.119388938 0.019114899 0.999782383 -0.008367475 -2.685822725 -0.009443093 0.008549163 0.999919057 150.077194214
0.999763012 -0.019269573 0.010123412 0.132459521 0.019356411 0.999776065 -0.008554797 -2.717653036 -0.009956297 0.008748725 0.999912262 151.429443359
0.999673665 -0.023180788 0.010734773 0.148306012 0.023234216 0.999718130 -0.004882496 -2.751260757 -0.010618564 0.005130318 0.999930620 152.788818359
0.999531984 -0.028412441 0.011345590 0.164233446 0.028439613 0.999593079 -0.002243694 -2.779585361 -0.011277221 0.002565311 0.999933243 154.143859863
0.999418616 -0.032149054 0.011351253 0.181861520 0.032162491 0.999482155 -0.001005969 -2.804476261 -0.011313030 0.001370472 0.999935210 155.489761353
0.999366522 -0.033714745 0.011395491 0.197634101 0.033730887 0.999430120 -0.001229107 -2.828821182 -0.011347557 0.001612711 0.999934494 156.840972900
0.999413788 -0.031883795 0.012469737 0.206672430 0.031893309 0.999491096 -0.000567451 -2.852908611 -0.012445299 0.000964823 0.999922276 158.198532104
0.999513388 -0.027973548 0.013794643 0.212236643 0.027995197 0.999607027 -0.001381104 -2.879472971 -0.013750589 0.001766618 0.999904096 159.551467896
0.999598384 -0.024137134 0.014848851 0.217680693 0.024192924 0.999700844 -0.003591275 -2.906755686 -0.014757724 0.003949072 0.999883473 160.915939331
0.999650538 -0.021298544 0.015657399 0.229141951 0.021364501 0.999763489 -0.004059338 -2.934173584 -0.015567239 0.004392435 0.999869287 162.275665283
0.999672413 -0.019758826 0.016268441 0.239366770 0.019800996 0.999800980 -0.002436928 -2.966537476 -0.016217053 0.002758264 0.999864876 163.639068604
0.999714553 -0.017682277 0.016069045 0.252548933 0.017731700 0.999838471 -0.002940122 -2.993614912 -0.016014464 0.003224217 0.999866724 165.007003784
0.999753654 -0.015690152 0.015704328 0.264323235 0.015774790 0.999861717 -0.005281745 -3.023408651 -0.015619291 0.005528180 0.999862850 166.373306274
0.999810874 -0.011932984 0.015361519 0.273617506 0.012057560 0.999894977 -0.008044353 -3.054230213 -0.015263915 0.008228054 0.999849737 167.741516113
0.999856770 -0.007196769 0.015329649 0.280636549 0.007335514 0.999932468 -0.009015573 -3.089998245 -0.015263735 0.009126734 0.999841869 169.116058350
0.999875247 -0.002650481 0.015578602 0.288487911 0.002772524 0.999965668 -0.007819193 -3.123048544 -0.015557345 0.007861412 0.999848068 170.500473022
0.999870002 0.000203167 0.016131679 0.298288107 -0.000106911 0.999982238 -0.005969116 -3.154727459 -0.016132606 0.005966617 0.999852121 171.889572144
0.999868512 0.001033281 0.016185042 0.310652971 -0.000971631 0.999992251 -0.003817990 -3.182956219 -0.016188864 0.003801764 0.999861658 173.277816772
0.999879539 -0.002309881 0.015359648 0.329657793 0.002355025 0.999992967 -0.002923324 -3.208343744 -0.015352790 0.002959146 0.999877691 174.680068970
0.999899507 -0.004699402 0.013384020 0.350338936 0.004736978 0.999984920 -0.002779043 -3.232754707 -0.013370764 0.002842166 0.999906480 176.095169067
0.999920964 -0.004956588 0.011554466 0.359985948 0.005037292 0.999963045 -0.006968297 -3.264593601 -0.011519505 0.007025951 0.999908984 177.466690063
0.999943316 -0.003256005 0.010138420 0.365837336 0.003371021 0.999929905 -0.011350796 -3.294732094 -0.010100758 0.011384331 0.999884188 178.869567871
0.999954283 0.001336431 0.009468367 0.366353512 -0.001221496 0.999925613 -0.012136903 -3.329753637 -0.009483887 0.012124784 0.999881506 180.278839111
0.999946535 0.004709706 0.009208304 0.368972421 -0.004607686 0.999928117 -0.011071915 -3.370605230 -0.009259789 0.011028897 0.999896467 181.674942017
0.999932587 0.006796572 0.009424686 0.370339274 -0.006724292 0.999947965 -0.007682538 -3.403645992 -0.009476413 0.007618646 0.999926150 183.095718384
0.999925137 0.007467685 0.009700229 0.375521183 -0.007411133 0.999955475 -0.005855597 -3.434042931 -0.009743528 0.005783269 0.999935925 184.516830444
0.999928772 0.006872050 0.009775029 0.383741736 -0.006824466 0.999964893 -0.004895607 -3.464829922 -0.009808330 0.004828549 0.999940395 185.931869507
0.999939799 0.005072766 0.009748581 0.392015815 -0.005030330 0.999977887 -0.004375270 -3.492349625 -0.009770564 0.004325969 0.999943018 187.355163574
0.999950409 0.002364801 0.009693262 0.405517697 -0.002328180 0.999990284 -0.003790302 -3.522926092 -0.009702135 0.003767547 0.999945939 188.788940430
0.999951005 -0.000473618 0.009906068 0.419439912 0.000510833 0.999992967 -0.003757194 -3.552750587 -0.009904220 0.003762071 0.999944031 190.213012695
0.999940455 -0.003739682 0.010271214 0.432608008 0.003767985 0.999989271 -0.002740078 -3.579891205 -0.010260859 0.002778617 0.999943614 191.643264771
0.999909818 -0.008161177 0.010683931 0.447472811 0.008174203 0.999965966 -0.001178644 -3.607847929 -0.010673950 0.001265871 0.999942303 193.071258545
0.999880433 -0.010889616 0.010998041 0.463226795 0.010904551 0.999939859 -0.001301603 -3.634366274 -0.010983203 0.001421376 0.999938846 194.497329712
0.999897897 -0.008841918 0.011249138 0.472163320 0.008907091 0.999943912 -0.005759154 -3.661763191 -0.011197584 0.005858761 0.999920249 195.931900024
0.999931216 -0.001529391 0.011654200 0.474124789 0.001656058 0.999939680 -0.010869320 -3.693703890 -0.011636871 0.010887871 0.999873161 197.374176025
0.999888599 0.007509209 0.012914936 0.471162558 -0.007366952 0.999912202 -0.011029345 -3.727430582 -0.012996620 0.010932971 0.999855936 198.828872681
0.999783576 0.015305137 0.014106628 0.469216824 -0.015201869 0.999857187 -0.007400608 -3.762930632 -0.014217878 0.007184557 0.999873221 200.281204224
0.999757946 0.016231479 0.014864284 0.478548050 -0.016154569 0.999855638 -0.005281551 -3.793542385 -0.014947862 0.005040145 0.999875665 201.738800049
0.999794781 0.014289679 0.014383388 0.493769884 -0.014222550 0.999887705 -0.004760203 -3.824229717 -0.014449789 0.004554657 0.999885380 203.189483643
0.999853015 0.011062528 0.013125148 0.512398958 -0.010999828 0.999927938 -0.004841772 -3.853859186 -0.013177762 0.004696685 0.999902248 204.651489258
0.999885201 0.009054137 0.012176964 0.528276920 -0.008987660 0.999944627 -0.005504999 -3.883972645 -0.012226130 0.005394924 0.999910831 206.110702515
0.999888778 0.009432771 0.011584102 0.539211392 -0.009362387 0.999937654 -0.006117217 -3.914746284 -0.011641075 0.006008079 0.999914348 207.574737549
0.999875605 0.010902612 0.011431324 0.546323299 -0.010834350 0.999923408 -0.006018741 -3.946415424 -0.011496062 0.005894137 0.999916732 209.048782349
0.999863505 0.012054282 0.011326694 0.554588556 -0.011996264 0.999914825 -0.005178451 -3.978152752 -0.011388145 0.005041863 0.999922514 210.519744873
0.999876797 0.011223541 0.011009408 0.564047933 -0.011162193 0.999922097 -0.005620491 -4.011765003 -0.011071625 0.005496907 0.999923766 211.999938965
0.999883533 0.010960100 0.010669757 0.571950078 -0.010889649 0.999918818 -0.006641171 -4.043775558 -0.010741673 0.006524204 0.999921143 213.472763062
0.999894798 0.010153412 0.010397629 0.580130458 -0.010081381 0.999925137 -0.006959354 -4.077229023 -0.010467504 0.006853797 0.999921918 214.952621460
0.999894798 0.010612226 0.009941485 0.588124514 -0.010541911 0.999919415 -0.007101147 -4.111014366 -0.010016039 0.006995593 0.999925554 216.441345215
0.999893725 0.010902649 0.009730872 0.593960762 -0.010831594 0.999914765 -0.007327419 -4.145831585 -0.009809927 0.007221236 0.999925911 217.925903320
0.999898374 0.010768111 0.009394538 0.601606131 -0.010698621 0.999915421 -0.007418303 -4.181741714 -0.009473620 0.007317036 0.999928534 219.414169312
0.999895990 0.011283948 0.009041109 0.607169509 -0.011215736 0.999908686 -0.007562677 -4.220064640 -0.009125617 0.007460483 0.999930739 220.906570435
0.999901533 0.010969688 0.008806521 0.611648202 -0.010901655 0.999910831 -0.007738815 -4.254235268 -0.008890626 0.007642042 0.999931514 222.403808594
0.999900401 0.011322607 0.008490872 0.617617965 -0.011257571 0.999907374 -0.007671280 -4.290173531 -0.008576941 0.007574924 0.999934793 223.897720337
0.999909341 0.010514245 0.008474062 0.624068856 -0.010447997 0.999914944 -0.007827040 -4.324500561 -0.008555633 0.007737789 0.999933660 225.390075684
0.999924064 0.008985781 0.008489267 0.631073833 -0.008917078 0.999927521 -0.008099092 -4.359570026 -0.008561426 0.008022772 0.999931395 226.899124146
0.999931037 0.007730151 0.008893610 0.635402322 -0.007660630 0.999940097 -0.007827191 -4.396843433 -0.008953579 0.007758516 0.999930084 228.392456055
0.999937534 0.006365453 0.009245276 0.642653108 -0.006300882 0.999955833 -0.006999248 -4.435275555 -0.009289420 0.006940552 0.999932945 229.880645752
0.999936044 0.006400298 0.009384271 0.646543503 -0.006336018 0.999956548 -0.006866109 -4.470363617 -0.009427804 0.006806205 0.999932587 231.386489868
0.999930680 0.006781233 0.009672805 0.650575757 -0.006711558 0.999951541 -0.007220108 -4.505885124 -0.009721292 0.007154683 0.999927342 232.886215210
0.999920905 0.007416431 0.010212322 0.653245687 -0.007334219 0.999940753 -0.008066606 -4.539359093 -0.010271539 0.007991062 0.999915481 234.385299683
0.999901056 0.008755020 0.011061754 0.658174396 -0.008673145 0.999934912 -0.007430118 -4.577419758 -0.011126081 0.007333434 0.999911368 235.884094238
0.999897361 0.008909367 0.011269550 0.670758486 -0.008850205 0.999947071 -0.005290766 -4.612327099 -0.011316086 0.005190481 0.999922693 237.438842773
0.999894381 0.008595562 0.011765895 0.683710098 -0.008542133 0.999953330 -0.004585691 -4.651926994 -0.011804758 0.004484698 0.999920428 238.963027954
0.999883294 0.008828875 0.012508906 0.691480875 -0.008753056 0.999943316 -0.006104785 -4.687203884 -0.012562087 0.005994576 0.999903202 240.487350464
0.999875307 0.009097468 0.012947566 0.703777790 -0.009000566 0.999931455 -0.007524797 -4.719465733 -0.013015131 0.007407317 0.999888003 242.019119263
0.999869049 0.009472979 0.013160148 0.717668772 -0.009384591 0.999933422 -0.006763787 -4.758875370 -0.013223337 0.006639393 0.999890685 243.553863525
0.999872744 0.009048005 0.013173332 0.728680134 -0.008974555 0.999944150 -0.005625844 -4.794142723 -0.013223493 0.005506898 0.999897480 245.092529297
0.999874711 0.008963820 0.013086468 0.739901543 -0.008895542 0.999946892 -0.005268066 -4.829480171 -0.013132989 0.005150990 0.999900579 246.630538940
0.999877334 0.009268310 0.012668331 0.753561735 -0.009203786 0.999944627 -0.005144180 -4.862639427 -0.012715303 0.005026946 0.999906540 248.143020630
0.999866843 0.010277437 0.012719879 0.767042160 -0.010216490 0.999936402 -0.004849130 -4.895689011 -0.012768901 0.004718526 0.999907434 249.703338623
0.999850273 0.011523011 0.012948468 0.775010347 -0.011463299 0.999923706 -0.004678071 -4.928570747 -0.013001379 0.004528933 0.999905288 251.236831665
0.999852419 0.011402607 0.012890480 0.788089275 -0.011350644 0.999927521 -0.004098759 -4.964941978 -0.012936279 0.003951834 0.999908507 252.762054443
0.999867737 0.009896115 0.012945420 0.801146269 -0.009846590 0.999944270 -0.003885602 -4.997075558 -0.012983147 0.003757615 0.999908626 254.307312012
0.999884069 0.007916244 0.013043060 0.814868689 -0.007877165 0.999964535 -0.003046434 -5.029400349 -0.013066712 0.002943334 0.999910235 255.855697632
0.999903083 0.005061708 0.012998469 0.834540367 -0.005033207 0.999985218 -0.002226169 -5.059997559 -0.013009537 0.002160525 0.999913037 257.402862549
0.999912798 0.003536322 0.012760170 0.849433422 -0.003500447 0.999990165 -0.002834512 -5.093170643 -0.012770061 0.002789595 0.999914587 258.945098877
0.999916613 0.002360093 0.012724945 0.859216213 -0.002311390 0.999990284 -0.003842424 -5.123292923 -0.012733881 0.003812687 0.999911666 260.494384766
0.999912560 0.000495699 0.013243264 0.875128746 -0.000469372 0.999998271 -0.001992721 -5.154156685 -0.013244221 0.001986328 0.999910235 262.047760010
0.999906242 -0.001632170 0.013621499 0.890223742 0.001634186 0.999999046 -0.000138587 -5.183381081 -0.013621252 0.000160832 0.999907136 263.602325439
0.999901295 -0.002576325 0.013838030 0.904325008 0.002589425 0.999996603 -0.000930481 -5.210243702 -0.013835577 0.000966220 0.999903738 265.140899658
0.999896407 -0.003089190 0.014095606 0.923812866 0.003114739 0.999993920 -0.001792566 -5.239443779 -0.014089973 0.001836281 0.999898970 266.696746826
0.999887109 -0.002367353 0.014868103 0.937018394 0.002398244 0.999995470 -0.002061753 -5.269484043 -0.014863143 0.002097175 0.999887288 268.242950439
0.999875426 -0.000992206 0.015784254 0.953665018 0.001020097 0.999998391 -0.001760576 -5.303882599 -0.015782468 0.001776455 0.999873877 269.786041260
0.999862552 0.000267087 0.016609158 0.972818851 -0.000234035 0.999998510 -0.001993275 -5.336672306 -0.016609656 0.001989111 0.999859989 271.333099365
0.999844313 0.001015072 0.017645391 0.991436958 -0.000979487 0.999998033 -0.002026557 -5.371011734 -0.017647393 0.002008955 0.999842167 272.876342773
0.999825358 0.001907368 0.018617114 1.009055138 -0.001865144 0.999996185 -0.002286341 -5.400905609 -0.018621387 0.002251215 0.999823987 274.416351318
0.999805927 0.002245608 0.019598076 1.027223587 -0.002190065 0.999994040 -0.002856248 -5.433696270 -0.019604363 0.002812769 0.999803841 275.978302002
0.999786079 0.001716560 0.020637581 1.046393394 -0.001647018 0.999993503 -0.003387353 -5.466587067 -0.020643247 0.003352633 0.999781251 277.544219971
0.999773800 0.000470311 0.021286437 1.078738213 -0.000405113 0.999995649 -0.003068227 -5.492776871 -0.021287775 0.003058905 0.999768674 279.106231689
0.999759316 -0.001032268 0.021931294 1.107870579 0.001079743 0.999997616 -0.002154058 -5.519100666 -0.021929003 0.002177217 0.999757171 280.673339844
0.999746680 -0.002491038 0.022387488 1.137180805 0.002528853 0.999995947 -0.001662008 -5.552573681 -0.022383241 0.001718200 0.999747992 282.224426270
0.999743581 -0.003535148 0.022384530 1.168036938 0.003623184 0.999986291 -0.003894577 -5.586433887 -0.022370441 0.003974678 0.999741852 283.775482178
0.999745727 -0.005200375 0.021964725 1.202508450 0.005329496 0.999969363 -0.005825123 -5.621966362 -0.021933747 0.005940698 0.999741793 285.326446533
0.999757826 -0.005699491 0.021276873 1.228579521 0.005825484 0.999966323 -0.005865416 -5.653353214 -0.021242712 0.005987938 0.999756515 286.888610840
0.999765694 -0.006884501 0.020547289 1.254776478 0.007008371 0.999958217 -0.005963767 -5.683736324 -0.020505363 0.006106365 0.999771178 288.445587158
0.999792993 -0.007231164 0.019044651 1.295292854 0.007359735 0.999951065 -0.006690781 -5.714551449 -0.018995330 0.006829551 0.999796391 289.987548828
0.999803782 -0.007365635 0.018416680 1.318928719 0.007496644 0.999947667 -0.007056057 -5.746601582 -0.018363737 0.007192728 0.999805570 291.552337646
0.999811053 -0.007956053 0.017765224 1.342925072 0.008080329 0.999943912 -0.006935956 -5.779066563 -0.017709039 0.007078188 0.999818206 293.126708984
0.999812305 -0.010317971 0.016427875 1.372142553 0.010431494 0.999922574 -0.006841050 -5.812375069 -0.016356017 0.007011125 0.999841690 294.672363281
0.999820948 -0.011161455 0.015307850 1.394681215 0.011249247 0.999921143 -0.005662330 -5.845203400 -0.015243442 0.005833511 0.999866903 296.255828857
0.999846339 -0.009500219 0.014756929 1.410033703 0.009566811 0.999944806 -0.004450218 -5.877887726 -0.014713833 0.004590706 0.999881327 297.837280273
0.999835670 -0.009439810 0.015500820 1.425747156 0.009512313 0.999944508 -0.004611739 -5.907751083 -0.015456423 0.004758424 0.999869406 299.421112061
0.999823391 -0.009287741 0.016356729 1.446865082 0.009370795 0.999944031 -0.005009843 -5.939138412 -0.016309278 0.005162228 0.999853849 301.018615723
0.999806821 -0.010809831 0.016443059 1.476994514 0.010898798 0.999926865 -0.005331968 -5.970439911 -0.016384212 0.005510142 0.999850750 302.613403320
0.999782503 -0.012651470 0.016610255 1.496269226 0.012763348 0.999896824 -0.006648032 -6.000171185 -0.016524432 0.006858580 0.999840140 304.188171387
0.999759197 -0.014183778 0.016771795 1.523984671 0.014331502 0.999859631 -0.008721929 -6.036778450 -0.016645726 0.008960184 0.999821544 305.787384033
0.999759138 -0.014461529 0.016538575 1.547654152 0.014628787 0.999843061 -0.010038539 -6.073405266 -0.016390797 0.010278049 0.999813139 307.397705078
0.999801755 -0.013586532 0.014591950 1.558681488 0.013745534 0.999846995 -0.010853469 -6.118158340 -0.014442253 0.011051882 0.999834836 309.025360107
0.999841750 -0.012655418 0.012543252 1.571815252 0.012783530 0.999866843 -0.010188126 -6.160168648 -0.012412643 0.010346849 0.999869704 310.653808594
0.999860287 -0.011552600 0.012123758 1.584898710 0.011636490 0.999909043 -0.006873393 -6.201696396 -0.012043245 0.007013501 0.999903142 312.283325195
0.999837756 -0.012928827 0.012585084 1.600593090 0.012978634 0.999908626 -0.003885603 -6.237015247 -0.012533694 0.004048302 0.999913454 313.920227051
0.999824822 -0.013765766 0.012721696 1.617197037 0.013807368 0.999900103 -0.003189745 -6.269536018 -0.012676507 0.003364834 0.999914229 315.562408447
0.999812365 -0.014503045 0.012885450 1.634017944 0.014562218 0.999884248 -0.004511847 -6.302947998 -0.012818517 0.004698634 0.999907076 317.188171387
0.999796629 -0.015179313 0.013318412 1.647207499 0.015243620 0.999873102 -0.004741580 -6.335166931 -0.013244739 0.004943630 0.999900401 318.819213867
0.999791861 -0.015160354 0.013701204 1.661829948 0.015223117 0.999874651 -0.004489555 -6.371695042 -0.013631415 0.004697190 0.999896407 320.461242676
0.999785721 -0.015104362 0.014197553 1.678421736 0.015169404 0.999875426 -0.004486160 -6.409550190 -0.014128013 0.004700560 0.999889433 322.094848633
0.999802172 -0.013362537 0.014769660 1.688861132 0.013445850 0.999894679 -0.005557175 -6.445750713 -0.014693837 0.005754658 0.999875844 323.682434082
0.999798834 -0.012647496 0.015602844 1.703620672 0.012744149 0.999900520 -0.006111941 -6.485249519 -0.015523982 0.006309547 0.999859929 325.315521240
0.999767303 -0.013930152 0.016502054 1.721896648 0.014000976 0.999893665 -0.004185151 -6.523184776 -0.016441990 0.004415215 0.999855459 326.936035156
0.999751747 -0.014619498 0.016845759 1.738288164 0.014680872 0.999886394 -0.003526299 -6.558327675 -0.016792279 0.003772727 0.999852240 328.539459229
0.999735177 -0.015693707 0.016864253 1.760122299 0.015776981 0.999864399 -0.004817107 -6.593074799 -0.016786354 0.005081891 0.999846458 330.159942627
0.999754369 -0.014160082 0.017080653 1.777438402 0.014244821 0.999887168 -0.004850680 -6.629305363 -0.017010029 0.005092792 0.999842644 331.772216797
0.999776661 -0.012522938 0.017046273 1.794363022 0.012639510 0.999897718 -0.006749053 -6.669724464 -0.016959999 0.006962993 0.999832273 333.382141113
0.999804020 -0.010748375 0.016647469 1.810107708 0.010912060 0.999893069 -0.009773962 -6.710968971 -0.016540617 0.009953696 0.999813974 334.987091064
0.999826670 -0.009443767 0.016073566 1.822610140 0.009593338 0.999911547 -0.009254910 -6.755966663 -0.015984731 0.009407496 0.999828279 336.596649170
0.999837339 -0.008524187 0.015927508 1.825474024 0.008616121 0.999947071 -0.005713534 -6.800256252 -0.015877951 0.005849831 0.999857187 338.178588867
0.999860823 -0.007354848 0.015004337 1.840673685 0.007399889 0.999968708 -0.002949785 -6.838283539 -0.014982165 0.003060399 0.999883413 339.791473389
0.999881029 -0.006907025 0.013824642 1.856385946 0.006965488 0.999967456 -0.004186556 -6.874635696 -0.013795268 0.004282347 0.999896049 341.391601562
0.999888957 -0.007135727 0.013122774 1.857107162 0.007214454 0.999956727 -0.005963063 -6.909951210 -0.013079647 0.006057067 0.999896467 342.972503662
0.999898314 -0.008527374 0.011469381 1.870696545 0.008580185 0.999953330 -0.004564685 -6.948870182 -0.011429911 0.004662625 0.999924183 344.577484131
0.999888062 -0.010035401 0.011140356 1.877623200 0.010081289 0.999941349 -0.004072205 -6.987905502 -0.011098829 0.004184052 0.999930024 346.167022705
0.999877989 -0.010093828 0.011966623 1.875748873 0.010153707 0.999936700 -0.004955348 -7.024668217 -0.011915838 0.005076241 0.999916494 347.732421875
0.999872148 -0.010809238 0.011830133 1.888249159 0.010879092 0.999924183 -0.005858134 -7.062250137 -0.011765906 0.005986079 0.999913216 349.340576172
0.999868274 -0.011117162 0.011870383 1.900683403 0.011186993 0.999920905 -0.005834251 -7.103332520 -0.011804577 0.005966269 0.999912918 350.933624268
0.999860942 -0.011615505 0.012010081 1.914665461 0.011687416 0.999914587 -0.005936451 -7.143840790 -0.011940089 0.006075985 0.999910772 352.532196045
0.999850452 -0.012271376 0.012231644 1.927085638 0.012350656 0.999903500 -0.006428760 -7.184994698 -0.012151566 0.006578859 0.999904931 354.123413086
0.999839365 -0.012562597 0.012823969 1.932670593 0.012653855 0.999895453 -0.007061497 -7.225569725 -0.012733907 0.007222628 0.999893308 355.709136963
0.999833465 -0.013314568 0.012512852 1.952482939 0.013399934 0.999887705 -0.006765142 -7.265647888 -0.012421364 0.006931682 0.999899209 357.301147461
0.999831676 -0.013128334 0.012852473 1.964312553 0.013226221 0.999884367 -0.007562763 -7.305928230 -0.012751692 0.007731473 0.999889255 358.886993408
0.999807596 -0.014673240 0.013056689 1.978088140 0.014789162 0.999852121 -0.008828105 -7.347071648 -0.012925213 0.009019497 0.999876201 360.470489502
0.999761999 -0.016070772 0.014787911 1.975841999 0.016193731 0.999835372 -0.008233796 -7.370942116 -0.014653143 0.008471301 0.999857128 361.974090576
0.999735534 -0.017444054 0.015016916 1.991216898 0.017560791 0.999816835 -0.007678816 -7.409187794 -0.014880203 0.007940489 0.999858201 363.575744629
0.999722719 -0.017625067 0.015642863 2.002523184 0.017765010 0.999803424 -0.008853804 -7.448006630 -0.015483728 0.009129239 0.999838829 365.173583984
0.999737203 -0.016345169 0.016104819 2.016070604 0.016501645 0.999817967 -0.009632615 -7.486910820 -0.015944427 0.009895830 0.999824405 366.759887695
0.999749959 -0.014688875 0.016881596 2.030398846 0.014841202 0.999850452 -0.008934810 -7.528006554 -0.016747817 0.009183113 0.999818027 368.374877930
0.999755919 -0.013470873 0.017536098 2.046857357 0.013612431 0.999875963 -0.007979330 -7.570424080 -0.017426422 0.008216085 0.999814808 369.979248047
0.999739528 -0.012372589 0.019196440 2.052450657 0.012540798 0.999884188 -0.008667790 -7.606841087 -0.019086961 0.008906263 0.999778509 371.584991455
0.999721348 -0.012696127 0.019918241 2.074790955 0.012890420 0.999870718 -0.009657445 -7.647624016 -0.019793041 0.009911499 0.999755323 373.198089600
0.999709487 -0.012441029 0.020657137 2.091926098 0.012649702 0.999870360 -0.010002748 -7.690077782 -0.020530000 0.010261142 0.999736905 374.793487549
0.999692082 -0.012247902 0.021597879 2.111639977 0.012470999 0.999870479 -0.010225983 -7.733463287 -0.021469818 0.010492171 0.999714792 376.393798828
0.999674082 -0.011049801 0.023031540 2.128341675 0.011290727 0.999883175 -0.010357695 -7.775769234 -0.022914380 0.010614352 0.999681473 377.991058350
0.999638796 -0.009149652 0.025286488 2.136837006 0.009410580 0.999903977 -0.010219846 -7.818327904 -0.025190538 0.010454106 0.999628365 379.575592041
0.999579370 -0.007831732 0.027942013 2.144062042 0.008121497 0.999914646 -0.010272343 -7.866417408 -0.027859164 0.010494942 0.999557137 381.117980957
0.999575257 -0.007151940 0.028267456 2.182062149 0.007463046 0.999913037 -0.010916210 -7.909223557 -0.028186912 0.011122523 0.999541163 382.749603271
