1.000000000 0.000000000 0.000000000 0.000000000 0.000000000 1.000000000 0.000000000 0.000000000 0.000000000 0.000000000 1.000000000 0.000000000
0.999997318 -0.001722291 -0.001565278 -0.001260193 0.001720961 0.999998152 -0.000850340 -0.011240606 0.001566740 0.000847643 0.999998391 0.566746712
0.999993622 -0.002291878 -0.002737873 -0.005884456 0.002285483 0.999994636 -0.002336383 -0.023973197 0.002743213 0.002330111 0.999993503 1.131275415
0.999985874 -0.002605013 -0.004618282 -0.012543673 0.002588268 0.999989986 -0.003628093 -0.037496179 0.004627688 0.003616088 0.999982774 1.691665173
0.999967039 -0.004713749 -0.006597015 -0.016126530 0.004677887 0.999974191 -0.005441033 -0.048549458 0.006622492 0.005409994 0.999963462 2.250613213
0.999940813 -0.007107669 -0.008232598 -0.020600211 0.007046636 0.999947608 -0.007418916 -0.059740752 0.008284899 0.007360466 0.999938607 2.816152573
0.999917209 -0.008438562 -0.009714778 -0.026625816 0.008359866 0.999932051 -0.008113065 -0.072084256 0.009782581 0.008031178 0.999919891 3.388969898
0.999901354 -0.008616509 -0.011094935 -0.036054038 0.008534578 0.999936044 -0.007410890 -0.085971259 0.011158079 0.007315470 0.999911010 3.969615459
0.999883771 -0.009023307 -0.012288043 -0.046627350 0.008928397 0.999929905 -0.007756770 -0.102222957 0.012357174 0.007646158 0.999894381 4.560393810
0.999874830 -0.008398888 -0.013402843 -0.058802936 0.008258724 0.999910831 -0.010478908 -0.118158258 0.013489660 0.010366908 0.999855280 5.153203011
0.999868810 -0.006712827 -0.014739861 -0.072818801 0.006501561 0.999876022 -0.014334348 -0.133658126 0.014834258 0.014236637 0.999788702 5.757230759
0.999857306 -0.005338795 -0.016021341 -0.087898061 0.005049246 0.999823987 -0.018058941 -0.147340834 0.016114935 0.017975472 0.999708593 6.372469902
0.999847174 -0.003655256 -0.017091986 -0.106807217 0.003346581 0.999831259 -0.018053384 -0.159778476 0.017155094 0.017993428 0.999691069 6.996178150
0.999832273 -0.001072679 -0.018282292 -0.126010582 0.000867375 0.999936342 -0.011233843 -0.171691746 0.018293180 0.011216102 0.999769807 7.646396637
0.999819994 -0.000155940 -0.018973053 -0.146187782 0.000140429 0.999999464 -0.000818767 -0.183491260 0.018973172 0.000815952 0.999819815 8.315235138
0.999805689 0.000981423 -0.019688282 -0.166710645 -0.000863393 0.999981523 0.006002557 -0.199538544 0.019693810 -0.005984395 0.999788165 8.995920181
0.999777734 0.003104907 -0.020852795 -0.189205363 -0.002999515 0.999982476 0.005083530 -0.214189306 0.020868214 -0.005019854 0.999769688 9.678545952
0.999751091 0.005232171 -0.021687243 -0.212406054 -0.005280680 0.999983609 -0.002180101 -0.220795676 0.021675482 0.002294079 0.999762475 10.371415138
0.999728620 0.004818064 -0.022788666 -0.233828887 -0.005006328 0.999953687 -0.008211477 -0.222156405 0.022748040 0.008323334 0.999706745 11.082769394
0.999708533 0.002717257 -0.023986459 -0.251768649 -0.002877307 0.999973834 -0.006640528 -0.225644380 0.023967784 0.006707608 0.999690413 11.820672035
0.999700546 0.001811501 -0.024399929 -0.272610247 -0.001747814 0.999994934 0.002631227 -0.235063344 0.024404569 -0.002587795 0.999698877 12.585203171
0.999693334 0.001421064 -0.024722397 -0.295454979 -0.001171094 0.999948084 0.010122648 -0.242298007 0.024735494 -0.010090596 0.999643266 13.357295036
0.999680281 0.000610521 -0.025277523 -0.319139212 -0.000293023 0.999921083 0.012562310 -0.245565191 0.025283195 -0.012550890 0.999601662 14.150130272
0.999674976 -0.001364347 -0.025454624 -0.340458989 0.001659009 0.999931753 0.011558434 -0.246813476 0.025437117 -0.011596911 0.999609232 14.952737808
0.999688566 -0.001711194 -0.024895897 -0.365417004 0.001937994 0.999956846 0.009088660 -0.246229276 0.024879269 -0.009134080 0.999648750 15.771066666
0.999706984 0.000893394 -0.024186363 -0.395209849 -0.000756485 0.999983668 0.005669141 -0.247891992 0.024191028 -0.005649187 0.999691486 16.610618591
0.999730945 -0.002350506 -0.023076151 -0.417925239 0.002355976 0.999997258 0.000209833 -0.255745381 0.023075588 -0.000264145 0.999733746 17.459766388
0.999744415 -0.005143020 -0.022015037 -0.442896724 0.005010576 0.999969065 -0.006067071 -0.268226147 0.022045558 0.005955208 0.999739230 18.328573227
0.999775648 -0.004097455 -0.020781459 -0.467917055 0.003859405 0.999926686 -0.011482204 -0.279729933 0.020826982 0.011399420 0.999718070 19.218511581
0.999784172 -0.002707090 -0.020595156 -0.494476408 0.002453343 0.999920964 -0.012336096 -0.296725124 0.020626921 0.012282904 0.999711812 20.126832962
0.999782085 -0.002684586 -0.020701582 -0.518497407 0.002442735 0.999928594 -0.011699273 -0.318803996 0.020731512 0.011646152 0.999717176 21.053348541
0.999785841 -0.001127003 -0.020663908 -0.545582592 0.000856831 0.999914110 -0.013078867 -0.342083216 0.020676874 0.013058358 0.999700844 21.997022629
0.999789059 0.001694344 -0.020465422 -0.573744535 -0.002005231 0.999882758 -0.015179956 -0.364376068 0.020437304 0.015217790 0.999675333 22.953304291
0.999774575 0.005069552 -0.020616531 -0.601201892 -0.005402352 0.999855518 -0.016118854 -0.386168540 0.020531841 0.016226590 0.999657512 23.915008545
0.999765098 0.006671634 -0.020620301 -0.628002584 -0.007003941 0.999846101 -0.016085584 -0.414054453 0.020509813 0.016226225 0.999657989 24.893690109
0.999754667 0.007224899 -0.020934034 -0.651150882 -0.007565177 0.999839842 -0.016221480 -0.442488819 0.020813484 0.016375868 0.999649227 25.872810364
0.999750376 0.007092883 -0.021186732 -0.673945427 -0.007435405 0.999842227 -0.016132005 -0.470363230 0.021068964 0.016285507 0.999645293 26.865423203
0.999736071 0.007931622 -0.021561131 -0.700159132 -0.008257212 0.999852598 -0.015053981 -0.499112457 0.021438548 0.015228039 0.999654114 27.870721817
0.999721587 0.008476032 -0.022020124 -0.723966599 -0.008767117 0.999874949 -0.013156308 -0.526911914 0.021905858 0.013345698 0.999670863 28.880722046
0.999709964 0.009000166 -0.022334026 -0.751165926 -0.009270337 0.999884665 -0.012022932 -0.555291951 0.022223242 0.012226487 0.999678254 29.897789001
0.999708712 0.008823196 -0.022457300 -0.779840946 -0.009117353 0.999873459 -0.013029964 -0.584407568 0.022339489 0.013230919 0.999662876 30.919012070
0.999692380 0.010087086 -0.022652164 -0.810940325 -0.010406044 0.999847651 -0.014007251 -0.610894382 0.022507422 0.014238663 0.999645174 31.947917938
0.999685884 0.009677600 -0.023114316 -0.837755144 -0.009981574 0.999864578 -0.013071873 -0.638440967 0.022984687 0.013298484 0.999647379 32.990650177
0.999678373 0.008840055 -0.023764784 -0.864218414 -0.009088181 0.999904931 -0.010353238 -0.665937662 0.023671005 0.010565885 0.999664009 34.042659760
0.999666393 0.009184974 -0.024136038 -0.896378756 -0.009348519 0.999933898 -0.006671797 -0.691681802 0.024073165 0.006895205 0.999686420 35.102100372
0.999654710 0.009257214 -0.024581773 -0.929169178 -0.009364610 0.999947071 -0.004257375 -0.716837823 0.024541061 0.004486102 0.999688745 36.164867401
0.999646246 0.009157340 -0.024959635 -0.962030768 -0.009254498 0.999949992 -0.003779874 -0.738237500 0.024923775 0.004009524 0.999681294 37.233329773
0.999638915 0.008568961 -0.025459461 -0.994868040 -0.008705775 0.999948144 -0.005267824 -0.758743167 0.025413003 0.005487566 0.999661982 38.309288025
0.999615550 0.009048629 -0.026199507 -1.029173017 -0.009204260 0.999940574 -0.005825798 -0.779201150 0.026145231 0.006064704 0.999639750 39.393169403
0.999602914 0.008626315 -0.026821762 -1.063538671 -0.008752663 0.999951005 -0.004596882 -0.801746607 0.026780797 0.004829817 0.999629676 40.473571777
0.999582767 0.008644694 -0.027555261 -1.098638296 -0.008719102 0.999958515 -0.002581312 -0.824464977 0.027531808 0.002820490 0.999616861 41.555976868
0.999571383 0.008731824 -0.027939912 -1.138374686 -0.008737060 0.999961734 -0.000065346 -0.846758604 0.027938273 0.000309428 0.999609590 42.637836456
0.999550164 0.010009602 -0.028271286 -1.178128958 -0.010020917 0.999949634 -0.000258607 -0.869552970 0.028267279 0.000541792 0.999600232 43.721263885
0.999530017 0.011092483 -0.028575404 -1.216126800 -0.011211071 0.999929070 -0.003993242 -0.892006576 0.028529081 0.004311725 0.999583662 44.798522949
0.999515235 0.012383048 -0.028561169 -1.256614685 -0.012616999 0.999888182 -0.008025709 -0.916132689 0.028458595 0.008382172 0.999559820 45.884197235
0.999513447 0.012700254 -0.028481090 -1.293834686 -0.012941671 0.999881744 -0.008308194 -0.941495776 0.028372206 0.008672743 0.999559760 46.971858978
0.999513149 0.013039341 -0.028341699 -1.328917265 -0.013202420 0.999897242 -0.005574622 -0.967113018 0.028266096 0.005946085 0.999582708 48.060489655
0.999515235 0.013525080 -0.028039375 -1.367814779 -0.013623712 0.999901652 -0.003329695 -0.995064259 0.027991587 0.003710078 0.999601185 49.149223328
0.999537528 0.011852190 -0.028001592 -1.401820064 -0.011916144 0.999926746 -0.002118317 -1.016638279 0.027974434 0.002451006 0.999605536 50.235507965
0.999550641 0.011807706 -0.027549649 -1.439833879 -0.011894030 0.999924779 -0.002971685 -1.040849090 0.027512491 0.003298023 0.999615908 51.324836731
0.999569714 0.011252596 -0.027084578 -1.476960778 -0.011385319 0.999923825 -0.004751203 -1.063585520 0.027029051 0.005057523 0.999621689 52.407371521
0.999575496 0.011196112 -0.026892172 -1.509985685 -0.011387425 0.999910772 -0.006971652 -1.087522030 0.026811713 0.007274924 0.999613881 53.496242523
0.999593973 0.010109932 -0.026633903 -1.544472218 -0.010364325 0.999901772 -0.009430932 -1.116358161 0.026535939 0.009703144 0.999600649 54.573364258
0.999615014 0.008013660 -0.026556367 -1.572207689 -0.008353621 0.999884188 -0.012715385 -1.147897124 0.026451392 0.012932330 0.999566257 55.648101807
0.999634385 0.006122026 -0.026326334 -1.601856112 -0.006504170 0.999874294 -0.014454704 -1.178334594 0.026234534 0.014620651 0.999548614 56.733398438
0.999646902 0.004738715 -0.026138432 -1.633837700 -0.005057171 0.999913573 -0.012130954 -1.211778879 0.026078688 0.012258856 0.999584556 57.822536469
0.999662161 0.003241864 -0.025778264 -1.665787339 -0.003403109 0.999974906 -0.006213824 -1.242257833 0.025757469 0.006299450 0.999648273 58.914737701
0.999671757 0.001966121 -0.025534661 -1.695885420 -0.001972296 0.999998033 -0.000216759 -1.267000198 0.025534181 0.000267048 0.999673843 60.009609222
0.999675691 0.000089063 -0.025455693 -1.725326896 -0.000078020 0.999999881 0.000434623 -1.288748860 0.025455726 -0.000432497 0.999675751 61.099948883
0.999676645 -0.003146851 -0.025221314 -1.755493164 0.003083400 0.999992013 -0.002554429 -1.311079741 0.025229145 0.002475834 0.999678612 62.191444397
0.999668181 -0.004618204 -0.025328221 -1.783287525 0.004472482 0.999973238 -0.005807221 -1.331896067 0.025354356 0.005692014 0.999662220 63.283096313
0.999672055 -0.002630214 -0.025458355 -1.818212867 0.002381737 0.999949396 -0.009785706 -1.361053705 0.025482796 0.009721862 0.999627888 64.379463196
0.999682009 -0.002607869 -0.025070613 -1.850027084 0.002256490 0.999899149 -0.014033877 -1.389351010 0.025104677 0.013972842 0.999587178 65.458404541
0.999704659 0.000415787 -0.024289064 -1.887073398 -0.000772121 0.999892354 -0.014663154 -1.419619799 0.024280341 0.014677578 0.999597490 66.552223206
0.999716461 0.004267753 -0.023416188 -1.925720096 -0.004526121 0.999929488 -0.010991866 -1.453033924 0.023367617 0.011094735 0.999665380 67.650978088
0.999711037 0.005667789 -0.023345256 -1.957893968 -0.005878109 0.999942839 -0.008950423 -1.482746601 0.023293180 0.009085060 0.999687374 68.749855042
0.999715567 0.005109083 -0.023280159 -1.989011526 -0.005301696 0.999952316 -0.008219565 -1.509946108 0.023237044 0.008340649 0.999695122 69.847839355
0.999721766 0.003536190 -0.023306696 -2.017959118 -0.003710250 0.999965608 -0.007429311 -1.538691282 0.023279615 0.007513714 0.999700725 70.945915222
0.999716282 0.002327132 -0.023693742 -2.044379950 -0.002471978 0.999978602 -0.006085940 -1.565020204 0.023679063 0.006142781 0.999700725 72.031654358
0.999711931 0.000711552 -0.023978971 -2.072608471 -0.000808216 0.999991775 -0.004021904 -1.590772986 0.023975907 0.004040124 0.999704301 73.127708435
0.999696791 -0.000550951 -0.024605807 -2.100236416 0.000492901 0.999997199 -0.002365367 -1.616193414 0.024607033 0.002352519 0.999694407 74.219978333
0.999688327 -0.001368604 -0.024922250 -2.133247375 0.001280718 0.999993086 -0.003542210 -1.643341303 0.024926916 0.003509185 0.999683022 75.313102722
0.999676406 -0.001095439 -0.025405731 -2.166085720 0.000909389 0.999972880 -0.007333726 -1.669508934 0.025413064 0.007308247 0.999650240 76.399688721
0.999660671 -0.000425409 -0.026035788 -2.200569868 0.000181450 0.999956250 -0.009371965 -1.697887421 0.026038628 0.009364059 0.999616981 77.480903625
0.999641001 0.001671479 -0.026734421 -2.236308813 -0.001877605 0.999968886 -0.007686998 -1.726316094 0.026720731 0.007734432 0.999612987 78.563354492
0.999621212 0.002569916 -0.027394546 -2.270229101 -0.002665248 0.999990702 -0.003444122 -1.752366662 0.027385434 0.003515829 0.999618590 79.648109436
0.999599099 0.004045437 -0.028015802 -2.306391716 -0.004032368 0.999991953 0.000522867 -1.776917577 0.028017681 -0.000409690 0.999607265 80.730247498
0.999585509 0.004716178 -0.028399276 -2.343707323 -0.004681813 0.999988437 0.001276396 -1.799988151 0.028404962 -0.001142908 0.999595761 81.799835205
0.999567807 0.004526085 -0.029045081 -2.380486012 -0.004552816 0.999989569 -0.000854285 -1.819508195 0.029040899 0.000986150 0.999577701 82.864822388
0.999550998 0.004394498 -0.029637946 -2.416068077 -0.004445436 0.999989092 -0.001653102 -1.839951515 0.029630346 0.001784111 0.999559224 83.924102783
0.999537349 0.003636858 -0.030196713 -2.452937126 -0.003692327 0.999991953 -0.001781403 -1.864617229 0.030189974 0.001892072 0.999542296 84.974884033
0.999517381 0.002556079 -0.030958228 -2.488416433 -0.002602959 0.999995887 -0.001474143 -1.888380170 0.030954318 0.001554012 0.999519527 86.009887695
0.999499321 0.001217606 -0.031617269 -2.522378445 -0.001221769 0.999999583 -0.000112450 -1.909985304 0.031617105 0.000151021 0.999499977 87.027076721
0.999480546 0.001183375 -0.032205451 -2.558682442 -0.001094974 0.999995947 0.002762316 -1.934567928 0.032208577 -0.002725618 0.999477446 88.030204773
0.999449432 0.000138567 -0.033173867 -2.594249725 -0.000017217 0.999993682 0.003658145 -1.956483126 0.033174146 -0.003655561 0.999442875 89.012947083
0.999376714 -0.000839441 -0.035287559 -2.631052256 0.000980246 0.999992013 0.003973011 -1.976294756 0.035283923 -0.004005126 0.999369383 89.971557617
0.999253213 -0.001735984 -0.038598496 -2.669885159 0.001856140 0.999994040 0.003077263 -1.996183753 0.038592905 -0.003146611 0.999249995 90.904441833
0.999117851 -0.001937571 -0.041947182 -2.712543964 0.002032709 0.999995887 0.002225400 -2.015956640 0.041942678 -0.002308705 0.999117315 91.816665649
0.998980939 -0.002299130 -0.045073133 -2.756439686 0.002412084 0.999994457 0.002451695 -2.034275055 0.045067221 -0.002557917 0.998980701 92.705795288
0.998838663 -0.001185412 -0.048165407 -2.803606033 0.001361097 0.999992907 0.003614835 -2.053150177 0.048160762 -0.003676195 0.998832822 93.565589905
0.998691797 -0.000259295 -0.051130760 -2.853351593 0.000502596 0.999988973 0.004745542 -2.072277784 0.051128946 -0.004765032 0.998680711 94.405677795
0.998538256 0.000782585 -0.054042578 -2.904992104 -0.000445658 0.999980748 0.006246205 -2.088527679 0.054046404 -0.006212990 0.998519063 95.223030090
0.998381197 0.002257776 -0.056830876 -2.955954790 -0.001862905 0.999974132 0.007000164 -2.102747917 0.056845188 -0.006882961 0.998359203 96.021987915
0.998229146 0.004314975 -0.059327643 -3.010495663 -0.003877655 0.999964774 0.007484411 -2.118569851 0.059357829 -0.007241104 0.998210430 96.785545349
0.998060048 0.006134069 -0.061955631 -3.064518690 -0.005751891 0.999963641 0.006345043 -2.135540485 0.061992280 -0.005976371 0.998058677 97.516372681
0.997890353 0.007304335 -0.064509824 -3.116293192 -0.007146464 0.999971390 0.002677641 -2.152182341 0.064527504 -0.002210975 0.997913480 98.216789246
0.997708321 0.009696546 -0.066963069 -3.170739412 -0.009785291 0.999952078 -0.000997386 -2.167587519 0.066950165 0.001650351 0.997754931 98.885925293
0.997556984 0.011479947 -0.068909131 -3.224120140 -0.011756685 0.999924839 -0.003611740 -2.182324171 0.068862453 0.004413056 0.997616410 99.522911072
0.997473538 0.013459411 -0.069752224 -3.273767710 -0.013811084 0.999894738 -0.004561862 -2.198050499 0.069683462 0.005513687 0.997553945 100.135009766
0.997504532 0.015815886 -0.068807289 -3.322359085 -0.016134277 0.999862075 -0.004073965 -2.215184212 0.068733335 0.005173951 0.997621715 100.722023010
0.997645736 0.019648118 -0.065703556 -3.369146824 -0.019851649 0.999800384 -0.002446158 -2.232582331 0.065642349 0.003744720 0.997836292 101.285614014
0.997947156 0.022209775 -0.060068607 -3.407641649 -0.022304403 0.999751329 -0.000905020 -2.248580217 0.060033549 0.002242954 0.998193860 101.821022034
0.998356521 0.023048501 -0.052471008 -3.436873436 -0.023023879 0.999734819 0.001073941 -2.261491299 0.052481819 0.000135909 0.998621941 102.340858459
0.998828471 0.022981096 -0.042586032 -3.456264496 -0.022848178 0.999732912 0.003605590 -2.273512363 0.042657495 -0.002628352 0.999086380 102.838462830
0.999277055 0.022447491 -0.030683955 -3.467349768 -0.022309121 0.999739766 0.004844930 -2.284619331 0.030784726 -0.004156894 0.999517560 103.311042786
0.999619722 0.021578012 -0.017174046 -3.468914509 -0.021493860 0.999756575 0.005070261 -2.296730042 0.017279275 -0.004699195 0.999839783 103.762741089
0.999770224 0.021359026 -0.001836633 -3.463598967 -0.021350911 0.999763072 0.004336445 -2.308536053 0.001928829 -0.004296234 0.999989033 104.195266724
0.999668181 0.019942293 0.016313998 -3.446201324 -0.019968938 0.999800026 0.001471422 -2.321725845 -0.016281378 -0.001796708 0.999866009 104.616546631
0.999101758 0.019359412 0.037696995 -3.417748213 -0.019259907 0.999810398 -0.003001309 -2.333215475 -0.037747927 0.002272571 0.999284923 105.027984619
0.997925818 0.017142255 0.062053517 -3.373412132 -0.016704952 0.999832332 -0.007559334 -2.345469475 -0.062172659 0.006507048 0.998044312 105.430236816
0.995902121 0.014882649 0.089206472 -3.314975739 -0.014027791 0.999849916 -0.010202388 -2.355683327 -0.089344889 0.008909206 0.995961070 105.822792053
0.992777109 0.012128789 0.119360223 -3.245704651 -0.010860525 0.999877810 -0.011270396 -2.367120743 -0.119482309 0.009892670 0.992787242 106.208709717
0.988321483 0.009837106 0.152066141 -3.166428566 -0.007958608 0.999884665 -0.012956977 -2.380104065 -0.152175993 0.011595416 0.988285482 106.579460144
0.982138932 0.007434207 0.188011229 -3.074710846 -0.004820365 0.999885678 -0.014356044 -2.393188477 -0.188096359 0.013193340 0.982062161 106.939949036
0.973896027 0.004184714 0.226956457 -2.964551926 -0.000892248 0.999893248 -0.014607737 -2.406749725 -0.226993233 0.014023908 0.973795533 107.299903870
0.963597715 0.002065111 0.267349064 -2.843019485 0.002114316 0.999880373 -0.015344076 -2.420864344 -0.267348677 0.015350768 0.963477790 107.642509460
0.950967968 0.003070559 0.309274614 -2.712591171 0.002051430 0.999866307 -0.016234772 -2.434720039 -0.309283108 0.016073190 0.950834394 107.974281311
0.935241520 0.005161696 0.353973001 -2.567955017 0.000759059 0.999862432 -0.016585724 -2.447929382 -0.354009867 0.015780333 0.935108900 108.299476624
0.917007387 0.005086360 0.398838043 -2.404666901 0.001050132 0.999884725 -0.015165959 -2.459903955 -0.398869127 0.014326118 0.916896164 108.612205505
0.896223783 0.004322409 0.443581253 -2.224716187 0.002000442 0.999903202 -0.013785176 -2.471414566 -0.443597734 0.013241951 0.896128356 108.913375854
0.872445047 0.003055307 0.488702625 -2.030319214 0.004384103 0.999891639 -0.014077836 -2.484672070 -0.488692552 0.014424651 0.872336984 109.203262329
0.846624970 0.003525026 0.532178462 -1.822151184 0.005922097 0.999854088 -0.016044088 -2.498359203 -0.532157183 0.016734924 0.846480429 109.480224609
0.818284452 0.005782851 0.574784517 -1.601325989 0.006527010 0.999791801 -0.019350924 -2.511842251 -0.574776471 0.019586174 0.818076193 109.748306274
0.786738634 0.010628644 0.617194951 -1.366535187 0.005151410 0.999704182 -0.023782317 -2.522010088 -0.617264867 0.021889880 0.786451042 110.014175415
0.752276659 0.016829621 0.658632517 -1.117763519 0.001781643 0.999618411 -0.027577594 -2.531494856 -0.658845067 0.021919418 0.751959443 110.260932922
0.714364886 0.022071460 0.699425340 -0.849754333 -0.000274850 0.999511600 -0.031260446 -2.530928850 -0.699773371 0.022139121 0.714021862 110.500396729
0.674307287 0.022535030 0.738107026 -0.554603577 0.002241948 0.999467552 -0.032562759 -2.538250923 -0.738447547 0.023612093 0.673897505 110.726661682
0.632492423 0.020395333 0.774298072 -0.243885040 0.006598847 0.999475420 -0.031716943 -2.543750048 -0.774538517 0.025170188 0.632025898 110.932708740
0.587702334 0.018234575 0.808871746 0.077976227 0.008336084 0.999556839 -0.028589990 -2.554277420 -0.809034288 0.023545220 0.587289691 111.127120972
0.540541112 0.016840067 0.841149092 0.419235229 0.009599828 0.999611557 -0.026181603 -2.560130596 -0.841262758 0.022227112 0.540169358 111.312423706
0.492153883 0.014291295 0.870391011 0.773693085 0.011770621 0.999664962 -0.023069486 -2.569297075 -0.870428622 0.021598769 0.491820693 111.474205017
0.441276163 0.010420282 0.897310972 1.129718781 0.013740782 0.999737263 -0.018367134 -2.587741852 -0.897266150 0.020434720 0.441017032 111.605262756
0.389110625 0.010514101 0.921131074 1.508476257 0.011427502 0.999803185 -0.016239382 -2.600315571 -0.921120167 0.016845135 0.388913810 111.736709595
0.337778389 0.015372157 0.941100121 1.890659332 0.007648557 0.999789178 -0.019076016 -2.614419699 -0.941194594 0.013641518 0.337589592 111.846664429
0.287366122 0.020386599 0.957603812 2.281133652 0.007545251 0.999694765 -0.023546927 -2.624114990 -0.957791090 0.013991945 0.287124604 111.930717468
0.240328640 0.022619234 0.970428050 2.698358536 0.009151184 0.999631703 -0.025566246 -2.633800745 -0.970648468 0.015024860 0.240033180 112.006927490
0.198927373 0.022318743 0.979760051 3.125436783 0.016607171 0.999520719 -0.026140762 -2.647543430 -0.979873598 0.021471150 0.198461473 112.058601379
0.163695067 0.022301679 0.986258864 3.572517395 0.024940919 0.999331713 -0.026736887 -2.657579660 -0.986195803 0.028974883 0.163029537 112.099655151
0.133024737 0.023937482 0.990823627 4.034594536 0.029898481 0.999156773 -0.028152889 -2.662019730 -0.990661740 0.033369131 0.132196963 112.139762878
0.104897469 0.022471957 0.994229138 4.522953033 0.027989492 0.999282360 -0.025539247 -2.674707651 -0.994089246 0.030506957 0.104193300 112.184799194
0.079224601 0.018975936 0.996676087 5.025155067 0.022180308 0.999538243 -0.020793512 -2.685018539 -0.996610165 0.023753937 0.078767218 112.227157593
0.055083830 0.014942201 0.998369932 5.541733742 0.017618546 0.999718249 -0.015934467 -2.698511124 -0.998326361 0.018467553 0.054805156 112.256149292
0.032397598 0.012697746 0.999394298 6.089042664 0.021608593 0.999677122 -0.013401832 -2.712202787 -0.999241590 0.022029687 0.032112867 112.266677856
0.011846163 0.013643203 0.999836683 6.631194115 0.029470056 0.999468327 -0.013987344 -2.725839853 -0.999495625 0.029630935 0.011437907 112.257682800
-0.005708849 0.016288470 0.999850988 7.202951908 0.034522515 0.999274969 -0.016081978 -2.738336563 -0.999387741 0.034425545 -0.006266914 112.243423462
-0.020208512 0.021916732 0.999555528 7.787691593 0.035125628 0.999158621 -0.021197880 -2.744481564 -0.999178708 0.034681626 -0.020961229 112.230339050
-0.031187117 0.026565148 0.999160469 8.391875267 0.032559987 0.999143720 -0.025548395 -2.754832029 -0.998983264 0.031735864 -0.032025240 112.216308594
-0.037791725 0.026475230 0.998934805 9.016730309 0.035145510 0.999066234 -0.025149086 -2.769013882 -0.998667598 0.034157638 -0.038686793 112.191543579
-0.040380370 0.023510825 0.998907745 9.667469978 0.041593626 0.998896718 -0.021829162 -2.787202120 -0.998318374 0.040666729 -0.041313585 112.157470703
-0.040030766 0.021886487 0.998958647 10.335748672 0.043048356 0.998869956 -0.020159487 -2.804812670 -0.998270869 0.042196520 -0.040927570 112.134178162
-0.038267523 0.021567404 0.999034762 11.017305374 0.042003721 0.998918593 -0.019955970 -2.824864149 -0.998384535 0.041199498 -0.039131913 112.115623474
-0.036969736 0.021912230 0.999076068 11.717198372 0.038556911 0.999046862 -0.020484833 -2.845168591 -0.998572409 0.037763961 -0.037779231 112.101982117
-0.036031026 0.023203002 0.999081194 12.437856674 0.037294477 0.999065757 -0.021857651 -2.862766504 -0.998654723 0.036472645 -0.036862567 112.087402344
-0.035088237 0.024099693 0.999093533 13.168895721 0.037069757 0.999053061 -0.022796825 -2.884141684 -0.998696685 0.036236238 -0.035948236 112.065917969
-0.034429457 0.023634195 0.999127567 13.918372154 0.036650497 0.999078214 -0.022370074 -2.907351017 -0.998735130 0.035848312 -0.035263784 112.047241211
-0.033869166 0.022285275 0.999177635 14.675088882 0.035813194 0.999136865 -0.021070404 -2.931290865 -0.998784602 0.035070091 -0.034637898 112.026924133
-0.033599261 0.021209966 0.999210238 15.449038506 0.036724959 0.999126256 -0.019973282 -2.953186750 -0.998760581 0.036024861 -0.034348700 112.005256653
-0.034317937 0.019108687 0.999228179 16.230775833 0.037475005 0.999139130 -0.017819928 -2.976667404 -0.998708308 0.036834527 -0.035004359 111.981422424
-0.035446055 0.017393315 0.999220133 17.013019562 0.035212092 0.999249816 -0.016144734 -3.001712799 -0.998751402 0.034612346 -0.036031779 111.957145691
-0.036625534 0.016348688 0.999195218 17.811361313 0.034408640 0.999294281 -0.015089065 -3.025067568 -0.998736799 0.033828285 -0.037162084 111.933113098
-0.037826486 0.013943320 0.999186873 18.616237640 0.036926266 0.999239683 -0.012546130 -3.045499086 -0.998602033 0.036421642 -0.038312458 111.901451111
-0.039047521 0.012438271 0.999159932 19.430961609 0.038188051 0.999210954 -0.010946509 -3.066029072 -0.998507559 0.037728518 -0.039491564 111.869415283
-0.040929433 0.011540776 0.999095380 20.255350113 0.035374884 0.999323487 -0.010094232 -3.090745926 -0.998535812 0.034929700 -0.041309867 111.844085693
-0.041998878 0.016330734 0.998984158 21.084400177 0.032606833 0.999356568 -0.014965982 -3.111135244 -0.998585641 0.031945132 -0.042504210 111.820312500
-0.042859528 0.020986870 0.998860657 21.918323517 0.033972818 0.999232113 -0.019536955 -3.134169817 -0.998503506 0.033096749 -0.043539468 111.787620544
-0.043992985 0.022624239 0.998775601 22.759845734 0.034269828 0.999189615 -0.021124143 -3.160231352 -0.998444021 0.033298537 -0.044732537 111.753479004
-0.045515254 0.020438850 0.998754561 23.611412048 0.030750206 0.999345839 -0.019049607 -3.187336445 -0.998490453 0.029844834 -0.046113845 111.725219727
-0.046810985 0.016277302 0.998771131 24.462747574 0.027767988 0.999502242 -0.014987779 -3.216331482 -0.998517931 0.027032247 -0.047239542 111.697265625
-0.047113217 0.011073517 0.998828113 25.315967560 0.026235297 0.999607563 -0.009844679 -3.242100954 -0.998545170 0.025740715 -0.047385108 111.663352966
-0.047480848 0.005352588 0.998857796 26.170135498 0.022712234 0.999733210 -0.004277654 -3.262974739 -0.998614013 0.022483168 -0.047589615 111.632141113
-0.047572281 0.004039784 0.998859644 27.016523361 0.020046081 0.999794602 -0.003088843 -3.286214590 -0.998666823 0.019876255 -0.047643345 111.604110718
-0.046712775 0.010963788 0.998848200 27.855398178 0.022962505 0.999687493 -0.009899126 -3.313611031 -0.998644531 0.022473617 -0.046949796 111.567901611
-0.045822423 0.022223614 0.998702466 28.686544418 0.025139738 0.999461710 -0.021087056 -3.336540699 -0.998633385 0.024140833 -0.046356317 111.533416748
-0.045345601 0.027511366 0.998592615 29.523582458 0.027266707 0.999282539 -0.026292218 -3.359365463 -0.998599350 0.026036065 -0.046063077 111.499534607
-0.044151902 0.022045381 0.998781621 30.366418839 0.028757038 0.999370456 -0.020787161 -3.390698433 -0.998611033 0.027804177 -0.044757925 111.465286255
-0.043058291 0.014288411 0.998970389 31.207836151 0.031809252 0.999410510 -0.012923650 -3.422208309 -0.998566210 0.031220006 -0.043487269 111.426803589
-0.042781182 0.011425115 0.999019146 32.041851044 0.032989271 0.999405682 -0.010016839 -3.448544025 -0.998539865 0.032528348 -0.043132525 111.394721985
-0.043053787 0.012020625 0.999000371 32.868488312 0.031646196 0.999442458 -0.010662098 -3.473882675 -0.998571694 0.031155493 -0.043410052 111.366493225
-0.044197608 0.012927159 0.998939157 33.684982300 0.028614614 0.999522567 -0.011668676 -3.498706818 -0.998613119 0.028068498 -0.044546269 111.339424133
-0.046150420 0.013020997 0.998849630 34.502490997 0.026318023 0.999583960 -0.011814591 -3.523618937 -0.998587966 0.025742471 -0.046473768 111.309112549
-0.048455723 0.013053040 0.998740017 35.317771912 0.025639240 0.999601543 -0.011820372 -3.548347235 -0.998496532 0.025034139 -0.048770938 111.277130127
-0.050784186 0.013311131 0.998620927 36.127933502 0.024704169 0.999622107 -0.012068170 -3.574440718 -0.998404324 0.024057198 -0.051093690 111.243354797
-0.052926738 0.013629714 0.998505294 36.933776855 0.023401132 0.999649346 -0.012404937 -3.600528240 -0.998324513 0.022709571 -0.053226978 111.207397461
-0.055049703 0.012757014 0.998401999 37.738426208 0.021872953 0.999693990 -0.011567499 -3.623910427 -0.998244226 0.021201182 -0.055311747 111.170921326
-0.057132408 0.011693686 0.998297989 38.532043457 0.022810651 0.999685824 -0.010404498 -3.649287939 -0.998106301 0.022177367 -0.057381049 111.128318787
-0.059083596 0.011880916 0.998182178 39.323940277 0.022573963 0.999689519 -0.010562680 -3.675984144 -0.997998118 0.021908816 -0.059333310 111.085693359
-0.061040152 0.012967001 0.998050928 40.107200623 0.022627302 0.999676764 -0.011604256 -3.698721170 -0.997879088 0.021874839 -0.061313692 111.043403625
-0.061896615 0.013163363 0.997995675 40.883590698 0.023333322 0.999658942 -0.011738149 -3.721896172 -0.997810125 0.022559967 -0.062182520 110.996261597
-0.063175157 0.012100718 0.997928917 41.659893036 0.025387650 0.999622405 -0.010514060 -3.744789362 -0.997679710 0.024670813 -0.063458391 110.948463440
-0.064773552 0.011533517 0.997833133 42.430622101 0.025796972 0.999618411 -0.009879567 -3.768443823 -0.997566760 0.025101108 -0.065046228 110.902702332
-0.066033252 0.011128688 0.997755229 43.195289612 0.024594720 0.999652147 -0.009522128 -3.791264534 -0.997514546 0.023910701 -0.066283867 110.857803345
-0.067324497 0.010223237 0.997678578 43.949562073 0.022978237 0.999698162 -0.008693339 -3.812876463 -0.997466862 0.022339588 -0.067538962 110.813804626
-0.068269193 0.009049329 0.997625649 44.684780121 0.021978691 0.999729753 -0.007564381 -3.833625078 -0.997425199 0.021410059 -0.068449505 110.770454407
-0.068879694 0.008864274 0.997585416 45.397186279 0.022551930 0.999718785 -0.007326108 -3.855522871 -0.997370481 0.021992821 -0.069060087 110.723762512
-0.069161780 0.011404346 0.997540236 46.102386475 0.022741431 0.999692976 -0.009852248 -3.878304005 -0.997346580 0.022004057 -0.069399752 110.679206848
-0.069225609 0.014187898 0.997500002 46.800479889 0.022995291 0.999655962 -0.012622716 -3.900653839 -0.997336328 0.022063954 -0.069527894 110.633491516
-0.069266684 0.015890628 0.997471452 47.494876862 0.021314614 0.999668479 -0.014445500 -3.922086000 -0.997370780 0.020260092 -0.069582283 110.590110779
-0.069463469 0.016878350 0.997441590 48.192161560 0.022212729 0.999635160 -0.015368542 -3.944336891 -0.997337520 0.021088306 -0.069812894 110.544960022
-0.069376439 0.016794728 0.997448921 48.886013031 0.023547266 0.999607325 -0.015193270 -3.967092276 -0.997312963 0.022433108 -0.069744512 110.496955872
-0.069748849 0.016395049 0.997429669 49.578918457 0.024385652 0.999594271 -0.014725380 -3.989286184 -0.997266829 0.023295857 -0.070120215 110.452278137
-0.070098124 0.016614702 0.997401476 50.256965637 0.021164903 0.999661148 -0.015164856 -4.010012627 -0.997315884 0.020046841 -0.070425838 110.412208557
-0.069880292 0.016940316 0.997411311 50.939075470 0.019008014 0.999697030 -0.015647402 -4.034087658 -0.997374475 0.017865326 -0.070180953 110.372146606
-0.069762371 0.015686018 0.997440159 51.617809296 0.021200722 0.999674022 -0.014238343 -4.057195663 -0.997338593 0.020153111 -0.070072018 110.324874878
-0.070797771 0.015456988 0.997370660 52.300701141 0.022535741 0.999649704 -0.013892622 -4.073793888 -0.997236431 0.021492889 -0.071121119 110.277992249
-0.074411854 0.014890122 0.997116089 52.977893829 0.019524604 0.999718845 -0.013471921 -4.097417831 -0.997036695 0.018465798 -0.074681483 110.235252380
-0.079772636 0.014426018 0.996708453 53.649028778 0.015808141 0.999788105 -0.013205368 -4.120641708 -0.996688068 0.014702648 -0.079983607 110.190933228
-0.085542195 0.018416649 0.996164083 54.308380127 0.019286744 0.999672592 -0.016825324 -4.141079426 -0.996148229 0.017773457 -0.085869223 110.131370544
-0.092028461 0.021366544 0.995526850 54.973831177 0.021707771 0.999575377 -0.019446725 -4.160994530 -0.995520234 0.019820986 -0.092453033 110.064422607
-0.099368662 0.023131911 0.994781673 55.646171570 0.021109298 0.999553919 -0.021134280 -4.182394028 -0.994827151 0.018899024 -0.099812478 109.999191284
-0.105787158 0.022262061 0.994139314 56.321723938 0.017560018 0.999635458 -0.020516565 -4.207503796 -0.994234085 0.015286689 -0.106139347 109.935714722
-0.111227639 0.021028934 0.993572176 57.006469727 0.017282644 0.999665976 -0.019223165 -4.232410431 -0.993645012 0.015033377 -0.111553766 109.861946106
-0.115710482 0.021781569 0.993043959 57.696731567 0.015239459 0.999680877 -0.020151434 -4.254145622 -0.993166387 0.012801688 -0.116005346 109.784217834
-0.119873002 0.021116778 0.992564380 58.396106720 0.013099909 0.999720395 -0.019686939 -4.275936604 -0.992703021 0.010642539 -0.120115988 109.706977844
-0.122545183 0.018097607 0.992297709 59.105529785 0.013871576 0.999767363 -0.016520759 -4.295969486 -0.992366254 0.011740160 -0.122767597 109.623222351
-0.124334946 0.015203271 0.992123604 59.820243835 0.015951147 0.999784112 -0.013321635 -4.316517830 -0.992112398 0.014169130 -0.124550492 109.534179688
-0.125918373 0.012351466 0.991963506 60.542285919 0.015689749 0.999822378 -0.010457694 -4.340007782 -0.991916716 0.014246811 -0.126089692 109.446540833
-0.127272338 0.012081033 0.991793931 61.268333435 0.014849063 0.999837041 -0.010273499 -4.358104706 -0.991756856 0.013419646 -0.127430871 109.360542297
-0.127845466 0.015953541 0.991665542 61.997814178 0.016596830 0.999765098 -0.013944190 -4.376392841 -0.991655409 0.014675772 -0.128080115 109.269531250
-0.128068522 0.019994276 0.991563499 62.733306885 0.022668974 0.999594748 -0.017228339 -4.400233746 -0.991506398 0.020271288 -0.128469780 109.170898438
-0.128547847 0.025068108 0.991386175 63.470382690 0.030088874 0.999319017 -0.021367233 -4.425249577 -0.991246939 0.027082957 -0.129214466 109.066101074
-0.129248604 0.026261561 0.991264164 64.215568542 0.030766319 0.999274373 -0.022462230 -4.448019505 -0.991135001 0.027594315 -0.129962698 108.969635010
-0.129574865 0.023936108 0.991280437 64.963111877 0.028733389 0.999379456 -0.020375803 -4.474599838 -0.991153419 0.025842626 -0.130182117 108.877487183
-0.129384115 0.019154292 0.991409302 65.713729858 0.029120009 0.999455690 -0.015509436 -4.500154495 -0.991167068 0.026863145 -0.129871368 108.782028198
-0.129446492 0.017179275 0.991437376 66.457878113 0.031265583 0.999423563 -0.013235487 -4.526188850 -0.991093516 0.029284552 -0.129908890 108.683082581
-0.130445004 0.016899725 0.991311312 67.195594788 0.031456478 0.999422073 -0.012898690 -4.550225735 -0.990956604 0.029500572 -0.130901143 108.588020325
-0.132073984 0.017870152 0.991078436 67.937477112 0.030047797 0.999450386 -0.014016849 -4.573982239 -0.990784526 0.027928442 -0.132538244 108.493331909
-0.134240821 0.018497884 0.990775883 68.676742554 0.029010257 0.999470770 -0.014729601 -4.597445011 -0.990524292 0.026765322 -0.134706303 108.396102905
-0.136183172 0.018678127 0.990507483 69.412727356 0.030223794 0.999435365 -0.014691067 -4.622635841 -0.990222871 0.027936190 -0.136670679 108.291213989
-0.137840599 0.018887099 0.990274191 70.157104492 0.030941250 0.999412537 -0.014754542 -4.645832539 -0.989971280 0.028606521 -0.138343900 108.186653137
-0.139762983 0.018483790 0.990012288 70.903297424 0.030522013 0.999431193 -0.014350763 -4.670104504 -0.989714742 0.028211437 -0.140247568 108.082321167
-0.141168714 0.018749407 0.989807904 71.646949768 0.028988086 0.999470532 -0.014798091 -4.695650101 -0.989561260 0.026603587 -0.141637355 107.976226807
-0.142145619 0.020283490 0.989637852 72.400154114 0.028956413 0.999447584 -0.016325423 -4.720196247 -0.989422441 0.026335754 -0.142654374 107.869506836
-0.143053964 0.020403765 0.989504516 73.157684326 0.026853574 0.999499619 -0.016727613 -4.747793198 -0.989350736 0.024178755 -0.143530190 107.765388489
-0.144609764 0.020632118 0.989273489 73.929756165 0.026225630 0.999511480 -0.017012041 -4.770020485 -0.989141345 0.023484191 -0.145080104 107.662528992
-0.145588085 0.018891346 0.989164770 74.703567505 0.026575200 0.999531865 -0.015177926 -4.795166016 -0.988988519 0.024077505 -0.146021888 107.551155090
-0.146673515 0.016450498 0.989048123 75.482604980 0.024188766 0.999622524 -0.013039250 -4.818982124 -0.988889396 0.022011317 -0.147015989 107.441894531
-0.148540914 0.014331765 0.988802314 76.267768860 0.021042516 0.999714613 -0.011328862 -4.839804649 -0.988682568 0.019124065 -0.148800015 107.334991455
-0.150618136 0.013951903 0.988493502 77.056678772 0.022577275 0.999688447 -0.010669785 -4.859724045 -0.988334477 0.020710403 -0.150886104 107.218246460
-0.152480155 0.014511845 0.988199890 77.850212097 0.023767427 0.999657154 -0.011012762 -4.882347107 -0.988020957 0.021807715 -0.152772665 107.097755432
-0.154743314 0.015794795 0.987828374 78.648994446 0.023206856 0.999654770 -0.012348540 -4.902907372 -0.987682462 0.021013508 -0.155056283 106.978088379
-0.156446308 0.019494861 0.987494051 79.452865601 0.025006646 0.999563277 -0.015771387 -4.923945427 -0.987370193 0.022226512 -0.156865329 106.856544495
-0.156926081 0.023506131 0.987330496 80.262496948 0.027198702 0.999440730 -0.019471496 -4.947966576 -0.987236083 0.023798501 -0.157477513 106.729583740
-0.158156157 0.027657939 0.987026691 81.080307007 0.028639451 0.999315917 -0.023413261 -4.971425056 -0.986999035 0.024564924 -0.158839941 106.604667664
-0.157973498 0.028870137 0.987021208 81.907730103 0.030885175 0.999228179 -0.024284000 -4.999155045 -0.986960590 0.026648071 -0.158743098 106.476509094
-0.157680452 0.028461974 0.987079918 82.745178223 0.034916010 0.999120474 -0.023231529 -5.027645111 -0.986872911 0.030801702 -0.158535421 106.345382690
-0.157691792 0.026439825 0.987134397 83.583007812 0.035365377 0.999151766 -0.021112187 -5.060275078 -0.986855268 0.031581137 -0.158492893 106.216781616
-0.157104731 0.024910426 0.987267792 84.425842285 0.034808449 0.999200702 -0.019672416 -5.088509083 -0.986968756 0.031274594 -0.157846108 106.091003418
-0.155279875 0.022464711 0.987615168 85.273017883 0.033922579 0.999273360 -0.017396349 -5.119157791 -0.987288237 0.030801116 -0.155928940 105.962028503
-0.153863713 0.019335959 0.987902880 86.124755859 0.034522291 0.999303639 -0.014182330 -5.143529415 -0.987489164 0.031922493 -0.154423952 105.836692810
-0.152332574 0.016105551 0.988197982 86.982315063 0.035065014 0.999326110 -0.010881577 -5.167603016 -0.987707257 0.032993533 -0.152794525 105.709869385
-0.150790066 0.015862973 0.988438487 87.834014893 0.033461418 0.999380469 -0.010933906 -5.195334435 -0.987999618 0.031425800 -0.151227340 105.587127686
-0.149382964 0.020205956 0.988572955 88.684677124 0.034771953 0.999280453 -0.015170428 -5.221241474 -0.988168180 0.032108378 -0.149977982 105.463142395
-0.147523791 0.026540611 0.988702357 89.536979675 0.035563547 0.999136090 -0.021514272 -5.248290062 -0.988419235 0.031987872 -0.148340166 105.340263367
-0.146038368 0.030087067 0.988821387 90.392318726 0.033832565 0.999104917 -0.025403259 -5.275954247 -0.988700509 0.029744489 -0.146925479 105.218788147
-0.144511804 0.027569721 0.989118934 91.262481689 0.032437753 0.999206841 -0.023111694 -5.307374001 -0.988971591 0.028744860 -0.145291388 105.097152710
