1.000000000 0.000000000 0.000000000 0.000000000 0.000000000 1.000000000 0.000000000 0.000000000 0.000000000 0.000000000 1.000000000 0.000000000
0.999998152 0.000742644 0.001762752 -0.005391759 -0.000741026 0.999999285 -0.000918660 -0.020661637 -0.001763433 0.000917352 0.999998033 1.202357769
0.999994755 0.001085895 0.003058222 -0.005347975 -0.001084809 0.999999344 -0.000356634 -0.042885505 -0.003058608 0.000353315 0.999995232 2.406255960
0.999989450 0.000496185 0.004548455 -0.010288311 -0.000495620 0.999999881 -0.000125448 -0.063964508 -0.004548517 0.000123193 0.999989569 3.611329079
0.999985397 0.000161476 0.005386985 -0.008667553 -0.000161315 1.000000000 -0.000030206 -0.085446104 -0.005386990 0.000029336 0.999985397 4.813059330
0.999978781 -0.000161087 0.006496741 -0.008349713 0.000161204 1.000000000 -0.000017557 -0.105991855 -0.006496739 0.000018604 0.999978900 6.012063026
0.999972641 0.000473144 0.007378510 -0.007018667 -0.000465215 0.999999464 -0.001076221 -0.125800908 -0.007379015 0.001072759 0.999972105 7.212355614
0.999968529 0.000181787 0.007916716 0.000968620 -0.000170298 0.999998987 -0.001451941 -0.147642404 -0.007916973 0.001450547 0.999967515 8.411273003
0.999968648 -0.000200198 0.007905738 0.007691689 0.000199597 1.000000000 0.000076742 -0.171311602 -0.007905753 -0.000075161 0.999968648 9.610094070
0.999976158 -0.000792154 0.006837267 0.008211292 0.000786149 0.999999464 0.000880995 -0.189528793 -0.006837961 -0.000875599 0.999976158 10.828187943
0.999988079 -0.001825693 0.004510598 0.009147093 0.001823926 0.999998331 0.000395841 -0.210436866 -0.004511315 -0.000387609 0.999989688 12.027477264
0.999995470 -0.001515216 0.002529578 0.005689645 0.001515623 0.999998927 -0.000158840 -0.230026677 -0.002529336 0.000162674 0.999996781 13.224379539
0.999998093 -0.001283587 0.001346718 0.001414012 0.001284037 0.999999285 -0.000332492 -0.250498176 -0.001346291 0.000334221 0.999999046 14.434115410
0.999999583 0.000306650 0.000650830 -0.007547915 -0.000306284 0.999999881 -0.000562271 -0.271215081 -0.000651002 0.000562072 0.999999642 15.634632111
0.999999821 0.000058891 0.000290346 -0.015486655 -0.000058718 0.999999940 -0.000593632 -0.290588051 -0.000290381 0.000593615 0.999999762 16.838205338
0.999999762 -0.000385690 -0.000148577 -0.021631358 0.000385657 0.999999940 -0.000225755 -0.310481966 0.000148664 0.000225698 1.000000119 18.038745880
0.999999523 -0.000746212 -0.000437286 -0.029788230 0.000746168 0.999999821 -0.000100416 -0.331498057 0.000437361 0.000100090 1.000000000 19.242015839
0.999999285 -0.000321592 -0.001052895 -0.038438752 0.000320463 0.999999464 -0.001072447 -0.353361309 0.001053239 0.001072110 0.999999046 20.439617157
0.999998212 -0.000612474 -0.001747244 -0.045546122 0.000609287 0.999998331 -0.001824212 -0.375711024 0.001748359 0.001823145 0.999996960 21.639253616
0.999996722 0.000295440 -0.002517970 -0.056468520 -0.000298637 0.999999344 -0.001269675 -0.397996575 0.002517593 0.001270424 0.999996126 22.838893890
0.999994338 0.000016698 -0.003346737 -0.064157210 -0.000021414 0.999999166 -0.001409117 -0.421813548 0.003346711 0.001409181 0.999993503 24.038913727
0.999991238 0.000250306 -0.004181976 -0.076828398 -0.000259450 0.999997735 -0.002186229 -0.443362981 0.004181419 0.002187295 0.999989033 25.238550186
0.999987483 0.000531461 -0.004985658 -0.088683859 -0.000539263 0.999998748 -0.001563717 -0.464910805 0.004984822 0.001566386 0.999986470 26.442192078
0.999983490 -0.000809710 -0.005691348 -0.100452483 0.000810477 0.999999821 0.000132524 -0.486531585 0.005691240 -0.000137134 0.999983907 27.649679184
0.999977708 -0.001054734 -0.006591105 -0.112581164 0.001056253 0.999999464 0.000227069 -0.507700443 0.006590864 -0.000234025 0.999978423 28.848852158
0.999972045 -0.001713762 -0.007267823 -0.127206683 0.001708341 0.999998391 -0.000752032 -0.527718008 0.007269100 0.000739595 0.999973476 30.049957275
0.999964833 -0.001881630 -0.008169279 -0.143202603 0.001865452 0.999996364 -0.001987462 -0.547829926 0.008172993 0.001972153 0.999964833 31.247053146
0.999960542 -0.001098851 -0.008816779 -0.161582619 0.001082305 0.999997675 -0.001881199 -0.573598504 0.008818829 0.001871582 0.999959528 32.456253052
0.999954224 -0.001654168 -0.009433067 -0.178235576 0.001640748 0.999997675 -0.001430337 -0.596338272 0.009435413 0.001414794 0.999954581 33.661415100
0.999947667 -0.001835642 -0.010067196 -0.195445985 0.001825291 0.999997914 -0.001037243 -0.620786488 0.010069081 0.001018813 0.999948978 34.867115021
0.999941289 -0.002246866 -0.010614255 -0.211680844 0.002235033 0.999997020 -0.001126624 -0.644146204 0.010616754 0.001102834 0.999943197 36.077140808
0.999936342 -0.002050075 -0.011100039 -0.231035322 0.002036182 0.999997139 -0.001262812 -0.664891481 0.011102596 0.001240130 0.999937773 37.280666351
0.999934793 -0.002731838 -0.011094063 -0.250129938 0.002723793 0.999996126 -0.000740312 -0.685673654 0.011096042 0.000710046 0.999938369 38.500556946
0.999937296 -0.002291046 -0.010956217 -0.268042088 0.002296701 0.999997258 0.000503587 -0.705990672 0.010955033 -0.000528718 0.999940038 39.719341278
0.999940097 -0.001695615 -0.010813669 -0.288827598 0.001709161 0.999997854 0.001243549 -0.726041496 0.010811538 -0.001261956 0.999940932 40.929225922
0.999943137 -0.000852222 -0.010629428 -0.310497999 0.000859626 0.999999404 0.000691913 -0.745643258 0.010628833 -0.000701011 0.999943376 42.135883331
0.999946237 0.000166917 -0.010370691 -0.332103193 -0.000158386 0.999999583 0.000823305 -0.766639233 0.010370826 -0.000821618 0.999946058 43.337619781
0.999949396 0.002906354 -0.009641759 -0.355094224 -0.002882265 0.999992669 0.002511283 -0.784396350 0.009648988 -0.002483366 0.999950528 44.545860291
0.999964535 0.002940240 -0.007894803 -0.373983234 -0.002897133 0.999980867 0.005465895 -0.800056100 0.007910723 -0.005442829 0.999954045 45.755519867
0.999975920 0.003501029 -0.005995030 -0.390327245 -0.003451222 0.999959528 0.008298207 -0.814609051 0.006023841 -0.008277319 0.999947786 46.967468262
0.999983072 0.003998728 -0.004249662 -0.403988838 -0.003949435 0.999925494 0.011544768 -0.822729647 0.004295511 -0.011527790 0.999924600 48.181713104
0.999990463 0.003387284 -0.002782946 -0.413271695 -0.003351244 0.999911666 0.012854341 -0.831296206 0.002826242 -0.012844896 0.999913752 49.392383575
0.999997497 0.001904590 -0.001299199 -0.417244822 -0.001889788 0.999934256 0.011300804 -0.836304903 0.001320637 -0.011298324 0.999935508 50.598960876
0.999995291 0.003091733 -0.000019251 -0.427302331 -0.003091409 0.999949753 0.009517577 -0.842005610 0.000048676 -0.009517476 0.999954998 51.806194305
0.999993443 0.003573861 0.000777476 -0.431918472 -0.003580941 0.999950111 0.009305221 -0.853384495 -0.000744182 -0.009307945 0.999956667 53.015289307
0.999995649 0.002909393 0.000726477 -0.434893876 -0.002915638 0.999957383 0.008749702 -0.861828685 -0.000700990 -0.008751784 0.999961793 54.220607758
0.999997616 0.002213844 0.000088633 -0.441724837 -0.002214452 0.999968708 0.007584219 -0.871124983 -0.000071840 -0.007584400 0.999971509 55.439994812
0.999995530 0.002602896 -0.001524019 -0.450596839 -0.002590515 0.999963999 0.008070008 -0.882250845 0.001544970 -0.008066026 0.999966562 56.657863617
0.999992788 0.002661199 -0.002763761 -0.461005956 -0.002635418 0.999953270 0.009289904 -0.894407034 0.002788355 -0.009282553 0.999953389 57.878978729
0.999989688 0.002626205 -0.003749659 -0.472919375 -0.002590166 0.999950588 0.009583890 -0.904735804 0.003774645 -0.009574076 0.999947429 59.093112946
0.999982893 0.003741864 -0.004530702 -0.487454712 -0.003700037 0.999950647 0.009205116 -0.913916171 0.004564925 -0.009188194 0.999947727 60.309379578
0.999980807 0.003713448 -0.004959293 -0.501483142 -0.003668048 0.999951482 0.009132204 -0.925370395 0.004992966 -0.009113836 0.999946356 61.520576477
0.999983072 0.002699779 -0.005152445 -0.512817562 -0.002655960 0.999960244 0.008492307 -0.935703754 0.005175170 -0.008478476 0.999951005 62.730190277
0.999984026 0.001741192 -0.005375773 -0.523626149 -0.001700058 0.999969244 0.007646636 -0.949378133 0.005388925 -0.007637373 0.999956667 63.936817169
0.999984086 0.001694804 -0.005382236 -0.542045236 -0.001645930 0.999957323 0.009071805 -0.963442028 0.005397384 -0.009062800 0.999944746 65.147636414
0.999983013 0.001384310 -0.005678675 -0.553284824 -0.001324355 0.999943316 0.010547792 -0.974619925 0.005692957 -0.010540089 0.999928713 66.356033325
0.999981284 0.002011558 -0.005777553 -0.568141282 -0.001960633 0.999959111 0.008806206 -0.984342098 0.005795032 -0.008794711 0.999945045 67.557189941
0.999975801 0.003667767 -0.005913426 -0.580658078 -0.003622555 0.999964178 0.007638121 -0.994526088 0.005941230 -0.007616512 0.999953866 68.758316040
0.999965250 0.005873091 -0.005918920 -0.597432494 -0.005825860 0.999951184 0.007965303 -1.007128119 0.005965415 -0.007930541 0.999951243 69.960739136
0.999954462 0.007655650 -0.005713288 -0.614571512 -0.007609427 0.999938428 0.008068551 -1.018204689 0.005774709 -0.008024704 0.999951661 71.160446167
0.999942124 0.009035827 -0.005842367 -0.624494374 -0.008985678 0.999922872 0.008553401 -1.031497359 0.005919205 -0.008500403 0.999946892 72.352546692
0.999943554 0.009485733 -0.004798484 -0.638289213 -0.009439435 0.999909401 0.009580072 -1.044059396 0.004888925 -0.009534234 0.999943137 73.545982361
0.999933541 0.011249084 -0.002523964 -0.652560890 -0.011222529 0.999883831 0.010298417 -1.055317402 0.002639518 -0.010269404 0.999944329 74.740013123
0.999954581 0.009531920 0.000002223 -0.657422960 -0.009531605 0.999919653 0.008337621 -1.070844531 0.000077249 -0.008337260 0.999965787 75.923149109
0.999975443 0.006582913 0.002422037 -0.657137573 -0.006590763 0.999972939 0.003248450 -1.083680153 -0.002400590 -0.003264327 0.999992311 77.102958679
0.999958754 0.007630165 0.004938128 -0.658601999 -0.007643711 0.999966919 0.002730719 -1.098245859 -0.004917134 -0.002768346 0.999984622 78.285797119
0.999940217 0.007703999 0.007760253 -0.654952586 -0.007749441 0.999952793 0.005843175 -1.113259792 -0.007714877 -0.005902959 0.999953508 79.468063354
0.999906480 0.007906613 0.011156451 -0.647581577 -0.007986467 0.999942482 0.007131541 -1.128802061 -0.011099433 -0.007219971 0.999912977 80.653648376
0.999848783 0.008247785 0.015315278 -0.638730168 -0.008328486 0.999951601 0.005213151 -1.141577005 -0.015271554 -0.005339911 0.999869764 81.820388794
0.999797344 0.007371519 0.018741161 -0.623080611 -0.007414394 0.999969959 0.002219341 -1.160137892 -0.018724252 -0.002357838 0.999822617 82.998023987
0.999734759 0.005993989 0.022243151 -0.601982951 -0.005969246 0.999981403 -0.001178555 -1.181042075 -0.022249818 0.001045477 0.999752581 84.159484863
0.999653041 0.005466014 0.025769927 -0.578862667 -0.005410355 0.999982715 -0.002228993 -1.202027559 -0.025781684 0.002088806 0.999666154 85.332244873
0.999549687 0.005074016 0.029575642 -0.551529646 -0.005060519 0.999986887 -0.000531218 -1.225359440 -0.029577978 0.000381320 0.999563098 86.503028870
0.999421120 0.006006801 0.033487685 -0.521449566 -0.006007254 0.999981761 -0.000087078 -1.248739243 -0.033487633 -0.000114133 0.999439776 87.665725708
0.999294043 0.005570335 0.037153710 -0.484166622 -0.005491655 0.999982297 -0.002219400 -1.272907734 -0.037165444 0.002013808 0.999307752 88.825302124
0.999155819 0.005717243 0.040681235 -0.449402094 -0.005533968 0.999973953 -0.004616321 -1.296306968 -0.040706590 0.004387307 0.999162197 89.998474121
0.999020457 0.005674037 0.043886740 -0.403254271 -0.005458750 0.999972403 -0.005023747 -1.321555853 -0.043914065 0.004779271 0.999024570 91.156623840
0.998898387 0.004177011 0.046738520 -0.351323605 -0.004000835 0.999984443 -0.003862290 -1.346222758 -0.046753950 0.003671055 0.998900235 92.317863464
0.998762965 0.003680055 0.049588226 -0.298438072 -0.003565558 0.999990702 -0.002397197 -1.370828748 -0.049596623 0.002217432 0.998767555 93.496109009
0.998626471 0.002981340 0.052308895 -0.242806435 -0.002949906 0.999995351 -0.000678102 -1.392310262 -0.052310709 0.000522874 0.998631358 94.663864136
0.998498738 0.001314116 0.054757919 -0.179036140 -0.001330973 0.999999046 0.000271402 -1.412980676 -0.054757547 -0.000343867 0.998500228 95.830223083
0.998371303 0.000229342 0.057048377 -0.120473862 -0.000120998 0.999998093 -0.001902587 -1.438056469 -0.057048745 0.001892596 0.998370290 96.986618042
0.998234510 -0.001070986 0.059385143 -0.056195259 0.001401190 0.999983728 -0.005519009 -1.459837675 -0.059378311 0.005592489 0.998220503 98.154693604
0.998108268 -0.000435162 0.061477669 0.007428646 0.000945391 0.999965250 -0.008270556 -1.487480879 -0.061471988 0.008313046 0.998074889 99.320426941
0.998006999 -0.000473712 0.063101165 0.081465721 0.001053764 0.999957323 -0.009159445 -1.515339136 -0.063094169 0.009207700 0.997965813 100.501647949
0.997981369 -0.000338132 0.063504137 0.149399757 0.000885762 0.999962568 -0.008595555 -1.543100119 -0.063498884 0.008634471 0.997945249 101.686302185
0.998021483 -0.000164377 0.062872469 0.214837074 0.000592425 0.999976575 -0.006789599 -1.572988272 -0.062869921 0.006813427 0.997999132 102.884628296
0.998102367 -0.000793441 0.061570328 0.282905102 0.001129228 0.999984562 -0.005419086 -1.598445892 -0.061565112 0.005478343 0.998088598 104.074615479
0.998217702 -0.000298207 0.059676833 0.346314907 0.000571323 0.999989212 -0.004559547 -1.622663021 -0.059674874 0.004585526 0.998207927 105.277610779
0.998359680 -0.000048482 0.057252310 0.406884670 0.000283998 0.999991417 -0.004105495 -1.646464586 -0.057251647 0.004115033 0.998351932 106.482612610
0.998519063 0.000619141 0.054399028 0.462027550 -0.000388039 0.999990702 -0.004258696 -1.669404626 -0.054401185 0.004231293 0.998510897 107.688865662
0.998713970 0.002035602 0.050657135 0.516073227 -0.001799971 0.999987245 -0.004696636 -1.693420172 -0.050666075 0.004599427 0.998705745 108.904228210
0.998907804 0.002159209 0.046672869 0.568208694 -0.001961406 0.999988735 -0.004283418 -1.717473626 -0.046681613 0.004187208 0.998901725 110.123550415
0.999085605 0.002822532 0.042659402 0.616478443 -0.002678825 0.999990523 -0.003425457 -1.738755703 -0.042668678 0.003308059 0.999084532 111.343544006
0.999256253 0.003110856 0.038432956 0.657485485 -0.003015905 0.999992192 -0.002528259 -1.763723612 -0.038440533 0.002410480 0.999258697 112.565971375
0.999416590 0.003122728 0.034007981 0.692862511 -0.003057845 0.999993384 -0.001959670 -1.786943555 -0.034013875 0.001854546 0.999420404 113.796409607
0.999566436 0.003740492 0.029200012 0.724650621 -0.003688231 0.999991417 -0.001843367 -1.810309529 -0.029206656 0.001734882 0.999572635 115.024169922
0.999697149 0.004471346 0.024193894 0.749289036 -0.004425663 0.999988258 -0.001941346 -1.832347631 -0.024202285 0.001833695 0.999706149 116.258834839
0.999803483 0.004918877 0.019195855 0.769509196 -0.004876731 0.999985576 -0.002241647 -1.855811954 -0.019206593 0.002147604 0.999813974 117.485671997
0.999875903 0.006097055 0.014520505 0.783717930 -0.006056483 0.999977529 -0.002836297 -1.880251646 -0.014537456 0.002748014 0.999891281 118.719795227
0.999906301 0.008054427 0.011059633 0.788801253 -0.008023645 0.999963641 -0.002824786 -1.903689861 -0.011081963 0.002735795 0.999935627 119.961662292
0.999908209 0.010047344 0.009080277 0.789013743 -0.010023369 0.999945998 -0.002681518 -1.930430293 -0.009106706 0.002590269 0.999955952 121.208816528
0.999906361 0.011141709 0.007936461 0.794247866 -0.011118791 0.999933720 -0.002925358 -1.954754591 -0.007968504 0.002836853 0.999964952 122.444557190
0.999887645 0.013248597 0.006999347 0.791239381 -0.013229976 0.999908626 -0.002699287 -1.978682518 -0.007034446 0.002606395 0.999972582 123.689323425
0.999874175 0.014605239 0.006169980 0.787806809 -0.014593982 0.999891520 -0.001864900 -2.002169609 -0.006196524 0.001774633 0.999979973 124.936058044
0.999881208 0.014369051 0.005564684 0.786893249 -0.014361325 0.999895692 -0.001424748 -2.026632071 -0.005584551 0.001344674 0.999984205 126.181282043
0.999823213 0.018193481 0.004744863 0.780562520 -0.018196121 0.999834120 0.000514472 -2.045833111 -0.004734692 -0.000600709 0.999989331 127.435752869
0.999804199 0.019280668 0.004419373 0.767178774 -0.019296598 0.999807179 0.003591859 -2.060819387 -0.004349240 -0.003676428 0.999984503 128.708419800
0.999824941 0.018243602 0.004157251 0.757590175 -0.018256839 0.999828219 0.003168721 -2.077162266 -0.004098702 -0.003244058 0.999987066 129.972274780
0.999825597 0.018295430 0.003774519 0.751270711 -0.018301466 0.999831140 0.001571733 -2.091108799 -0.003745099 -0.001640529 0.999992430 131.233245850
0.999876440 0.015404952 0.003127042 0.749863207 -0.015413144 0.999877632 0.002613917 -2.108338118 -0.003086365 -0.002661783 0.999992430 132.492370605
0.999909043 0.013290503 0.002306565 0.747652411 -0.013300944 0.999900997 0.004573684 -2.126620531 -0.002245521 -0.004603942 0.999987602 133.756637573
0.999948859 0.009915323 0.002068510 0.748181343 -0.009928409 0.999930024 0.006416498 -2.140682459 -0.002004715 -0.006436702 0.999978006 135.028945923
0.999965072 0.008164594 0.001823467 0.746229708 -0.008178085 0.999938190 0.007520266 -2.155382633 -0.001761925 -0.007534912 0.999970853 136.299331665
0.999988914 0.004175749 0.002250853 0.744055271 -0.004188365 0.999975383 0.005630255 -2.167541027 -0.002227259 -0.005639615 0.999982357 137.562881470
0.999995828 0.001674447 0.002373724 0.744858027 -0.001685409 0.999987900 0.004624231 -2.180789471 -0.002365923 -0.004628207 0.999987245 138.839035034
0.999996424 0.000331929 0.002723332 0.744426966 -0.000343518 0.999990880 0.004256212 -2.195929289 -0.002721866 -0.004257126 0.999988019 140.115554810
0.999995887 0.000239306 0.002922555 0.747099876 -0.000253127 0.999988794 0.004729919 -2.213471174 -0.002921361 -0.004730634 0.999985278 141.394058228
0.999993503 0.000828711 0.003573884 0.745512903 -0.000852454 0.999977529 0.006647521 -2.227579117 -0.003568267 -0.006650520 0.999972284 142.676132202
0.999984980 0.003264531 0.004443744 0.739997685 -0.003301054 0.999960661 0.008237096 -2.242810726 -0.004416652 -0.008251638 0.999956965 143.959381104
0.999981523 0.003363953 0.005125962 0.736907840 -0.003397485 0.999972820 0.006547203 -2.257457972 -0.005103772 -0.006564492 0.999966145 145.233612061
0.999975681 0.004073326 0.005714655 0.734406471 -0.004099824 0.999980927 0.004633182 -2.270895481 -0.005695647 -0.004656493 0.999973655 146.519821167
0.999971747 0.004093673 0.006334972 0.732107937 -0.004107607 0.999989271 0.002188467 -2.290432453 -0.006325918 -0.002214421 0.999978244 147.800979614
0.999973893 0.002749395 0.006708557 0.734294474 -0.002736909 0.999994516 -0.001869444 -2.312770605 -0.006713633 0.001851042 0.999976456 149.074752808
0.999970317 0.002822302 0.007195904 0.735715687 -0.002783755 0.999981821 -0.005360951 -2.338117838 -0.007210876 0.005340770 0.999960423 150.351638794
0.999968708 0.002719310 0.007449667 0.737691164 -0.002671969 0.999976218 -0.006357134 -2.366103172 -0.007466750 0.006337040 0.999952734 151.633972168
0.999968708 0.002597067 0.007494656 0.740117073 -0.002551288 0.999978065 -0.006111048 -2.397233725 -0.007510336 0.006091746 0.999953806 152.907562256
0.999966979 0.003279748 0.007454944 0.741444230 -0.003237689 0.999978840 -0.005646545 -2.426710606 -0.007473278 0.005622230 0.999956965 154.186553955
0.999965131 0.003958686 0.007363904 0.744107485 -0.003924748 0.999981582 -0.004617053 -2.456641674 -0.007382019 0.004588000 0.999962866 155.459457397
0.999964535 0.004389060 0.007213129 0.741845369 -0.004359791 0.999982238 -0.004068367 -2.485311985 -0.007230830 0.004036783 0.999966264 156.730957031
0.999966323 0.004701471 0.006759473 0.742719054 -0.004671399 0.999979198 -0.004457648 -2.513136864 -0.006780262 0.004425930 0.999967813 158.004028320
0.999968469 0.005228367 0.006007712 0.744506598 -0.005202991 0.999977529 -0.004231666 -2.540874720 -0.006029674 0.004200283 0.999973595 159.279678345
0.999974668 0.004583856 0.005478571 0.743744195 -0.004567154 0.999985039 -0.003057056 -2.566696882 -0.005492473 0.003031966 0.999980867 160.550170898
0.999972105 0.005603135 0.004971627 0.740683019 -0.005589712 0.999980807 -0.002709383 -2.593634129 -0.004986685 0.002681526 0.999984443 161.824783325
0.999971628 0.006132768 0.004435069 0.737671673 -0.006116458 0.999974668 -0.003681234 -2.619351387 -0.004457504 0.003654011 0.999983907 163.095596313
0.999972701 0.006476720 0.003603015 0.736812472 -0.006459006 0.999967098 -0.004906531 -2.647821903 -0.003634646 0.004883135 0.999981999 164.356399536
0.999969184 0.007318495 0.002926871 0.732891083 -0.007304110 0.999961317 -0.004895325 -2.674901724 -0.002962555 0.004873805 0.999984264 165.625961304
0.999973774 0.006881371 0.002315999 0.729455113 -0.006867873 0.999959648 -0.005786006 -2.704725027 -0.002355692 0.005769958 0.999981046 166.899841309
0.999971032 0.007446109 0.001686812 0.722350836 -0.007434430 0.999948978 -0.006827476 -2.733504295 -0.001737534 0.006814749 0.999975801 168.175949097
0.999969721 0.007733568 0.001075482 0.716179013 -0.007726324 0.999948382 -0.006583719 -2.762468338 -0.001126312 0.006575221 0.999978244 169.449111938
0.999967575 0.008057629 0.000548727 0.708490670 -0.008054660 0.999953866 -0.005212924 -2.791850328 -0.000590676 0.005208346 0.999986768 170.721847534
0.999967873 0.008035949 -0.000204068 0.703865707 -0.008036828 0.999956429 -0.004733710 -2.822615623 0.000166049 0.004735208 0.999989331 171.989440918
0.999963760 0.008498921 -0.000811119 0.694442034 -0.008502442 0.999953985 -0.004441558 -2.849681139 0.000773363 0.004448304 0.999990344 173.261520386
0.999959052 0.008922440 -0.001623287 0.689181745 -0.008929111 0.999951482 -0.004148710 -2.877945900 0.001586222 0.004163045 0.999990702 174.535049438
0.999957025 0.009031665 -0.002178792 0.679283738 -0.009042391 0.999946773 -0.004964560 -2.906665802 0.002133869 0.004984058 0.999985993 175.805648804
0.999945760 0.010078541 -0.002705090 0.667929232 -0.010093153 0.999934196 -0.005442723 -2.934663296 0.002650089 0.005469741 0.999982238 177.078598022
0.999943376 0.010221703 -0.003020197 0.656115711 -0.010236706 0.999935031 -0.004994495 -2.964784861 0.002968980 0.005025140 0.999983668 178.347503662
0.999944925 0.009978238 -0.003311800 0.645695627 -0.009998216 0.999931514 -0.006072239 -2.994599342 0.003251015 0.006105028 0.999976635 179.627609253
0.999957323 0.008608527 -0.003404703 0.636296928 -0.008634541 0.999933064 -0.007701572 -3.024223328 0.003338208 0.007730654 0.999965191 180.899154663
0.999978304 0.005575669 -0.003567731 0.628918588 -0.005602689 0.999955297 -0.007608666 -3.055153608 0.003525181 0.007628501 0.999965250 182.166412354
0.999975324 0.005834667 -0.003958495 0.619138002 -0.005850105 0.999975204 -0.003899633 -3.084208012 0.003935677 0.003922704 0.999985099 183.435485840
0.999979854 0.004984133 -0.003975191 0.609553158 -0.004982777 0.999987423 0.000351127 -3.111665010 0.003976923 -0.000331305 0.999992549 184.704803467
0.999974072 0.006034969 -0.003987350 0.597042739 -0.006036123 0.999981701 -0.000277434 -3.135814667 0.003985634 0.000301502 0.999992549 185.966934204
0.999963939 0.007583696 -0.003868766 0.584267676 -0.007596906 0.999965310 -0.003411469 -3.160038948 0.003842793 0.003440747 0.999987245 187.223129272
0.999960899 0.007848986 -0.004138087 0.571323574 -0.007871121 0.999954581 -0.005360162 -3.186506510 0.004095861 0.005392534 0.999977648 188.477523804
0.999961793 0.007680133 -0.004242539 0.559997857 -0.007701618 0.999957442 -0.005071174 -3.216110468 0.004203445 0.005103664 0.999978721 189.729003906
0.999962032 0.007773585 -0.003981052 0.544048011 -0.007789686 0.999961376 -0.004045189 -3.244568825 0.003949487 0.004076057 0.999984443 190.973510742
0.999961972 0.007891251 -0.003737062 0.532242477 -0.007898510 0.999966860 -0.001931598 -3.272199154 0.003721728 0.001961051 0.999991775 192.223144531
0.999969542 0.007239040 -0.002954642 0.519262910 -0.007242328 0.999972999 -0.001103838 -3.298656464 0.002946605 0.001125212 0.999995589 193.479202271
0.999973238 0.007189443 -0.001484238 0.509303927 -0.007191997 0.999972582 -0.001722263 -3.324359655 0.001471847 0.001732899 0.999997973 194.720504761
0.999980807 0.006231244 0.000029102 0.501293004 -0.006231111 0.999974906 -0.003366698 -3.349052429 -0.000050049 0.003366461 0.999994934 195.959091187
0.999982178 0.005869231 0.001226477 0.496968329 -0.005863263 0.999971211 -0.004814629 -3.376694441 -0.001254669 0.004807361 0.999988258 197.192825317
0.999982834 0.005210492 0.002754100 0.490215033 -0.005195553 0.999971747 -0.005404104 -3.405561447 -0.002782151 0.005389711 0.999982297 198.430114746
0.999976277 0.005499193 0.004202225 0.486298740 -0.005479475 0.999973953 -0.004689243 -3.434860706 -0.004227874 0.004666115 0.999980807 199.655990601
0.999972045 0.004950151 0.005642949 0.486287177 -0.004934403 0.999983788 -0.002801277 -3.464192629 -0.005656696 0.002773362 0.999980867 200.875595093
0.999959946 0.005766660 0.006895348 0.486811817 -0.005750307 0.999980509 -0.002388970 -3.493602514 -0.006908963 0.002349231 0.999974072 202.090164185
0.999953270 0.005465935 0.008010175 0.490876913 -0.005446928 0.999982178 -0.002392762 -3.518932819 -0.008023084 0.002349027 0.999965727 203.300231934
0.999941170 0.005943435 0.009110875 0.492655277 -0.005922979 0.999979734 -0.002270533 -3.544408321 -0.009124159 0.002216443 0.999956548 204.492858887
0.999931872 0.005797214 0.010150978 0.500375509 -0.005776090 0.999980986 -0.002109051 -3.568947792 -0.010162985 0.002050283 0.999946952 205.685836792
0.999920070 0.006123820 0.011076691 0.504921794 -0.006099145 0.999978662 -0.002260132 -3.593927383 -0.011090270 0.002192401 0.999936759 206.877029419
0.999910235 0.005975058 0.012013159 0.510920405 -0.005948983 0.999979734 -0.002205150 -3.619157791 -0.012026064 0.002133494 0.999926031 208.057403564
0.999909282 0.004895128 0.012575778 0.520179272 -0.004868685 0.999985695 -0.002132406 -3.647771835 -0.012586012 0.002070994 0.999919355 209.224334717
0.999907017 0.004767438 0.012796776 0.528379679 -0.004750001 0.999987602 -0.001392591 -3.672999144 -0.012803233 0.001331685 0.999917805 210.376220703
0.999914467 0.004217104 0.012409878 0.538335562 -0.004212941 0.999990880 -0.000361628 -3.699319124 -0.012411267 0.000309322 0.999923587 211.502334595
0.999920547 0.004481049 0.011798940 0.544827223 -0.004476462 0.999989629 -0.000415127 -3.725081205 -0.011800652 0.000362284 0.999931037 212.616546631
0.999923885 0.004783910 0.011388570 0.550632715 -0.004768120 0.999987364 -0.001413125 -3.750064850 -0.011395160 0.001358724 0.999934912 213.718292236
0.999928057 0.004965567 0.010935382 0.554726720 -0.004941697 0.999985039 -0.002208617 -3.775894880 -0.010946159 0.002154427 0.999938488 214.807723999
0.999934256 0.004809344 0.010428173 0.560098886 -0.004785356 0.999985576 -0.002323859 -3.800961256 -0.010439167 0.002273813 0.999943793 215.878005981
0.999948442 0.004415817 0.009171482 0.564654708 -0.004394604 0.999987304 -0.002331769 -3.826879025 -0.009181635 0.002291352 0.999956071 216.939483643
0.999962986 0.003972830 0.007658582 0.566289306 -0.003960873 0.999990702 -0.001575649 -3.850983620 -0.007664741 0.001545264 0.999970257 217.991653442
0.999978185 0.002995701 0.005919321 0.563187659 -0.002995347 0.999995232 -0.000068462 -3.871496916 -0.005919466 0.000050737 0.999983370 219.032089233
0.999987781 0.003309410 0.003733975 0.561939120 -0.003315518 0.999992907 0.001631149 -3.894179583 -0.003728516 -0.001643503 0.999992609 220.059463501
0.999992490 0.003668378 0.001405140 0.557852983 -0.003670934 0.999991238 0.001821995 -3.917250156 -0.001398407 -0.001827135 0.999998212 221.065139771
0.999991417 0.003993448 -0.001285947 0.551754355 -0.003991781 0.999991000 0.001296676 -3.937081337 0.001291153 -0.001291527 0.999999225 222.055709839
0.999983668 0.004169252 -0.003989692 0.541004479 -0.004163571 0.999990046 0.001431477 -3.956322193 0.003995663 -0.001414837 0.999991894 223.025848389
0.999966204 0.004687725 -0.006803785 0.527375937 -0.004673733 0.999986768 0.002070989 -3.978794575 0.006813448 -0.002039114 0.999975622 223.973678589
0.999941528 0.004956657 -0.009646991 0.511012793 -0.004938846 0.999985874 0.001869071 -4.000827312 0.009656166 -0.001821311 0.999952614 224.897064209
0.999907851 0.004902686 -0.012681315 0.493247271 -0.004885925 0.999986947 0.001352318 -4.020328999 0.012687827 -0.001290228 0.999919593 225.797698975
0.999862134 0.004891624 -0.015884079 0.473395586 -0.004879383 0.999987602 0.000809295 -4.040552139 0.015887894 -0.000731673 0.999874413 226.675765991
0.999802709 0.005915710 -0.018980889 0.450035572 -0.005906316 0.999982238 0.000550844 -4.060045719 0.018983860 -0.000438622 0.999820590 227.532653809
0.999742866 0.006192803 -0.021831999 0.423758984 -0.006198611 0.999980688 -0.000198445 -4.078824043 0.021830400 0.000333729 0.999762535 228.371032715
0.999680936 0.008000841 -0.023972733 0.393922806 -0.008007836 0.999967754 -0.000195903 -4.097620964 0.023970449 0.000387817 0.999713480 229.188858032
0.999660492 0.008820277 -0.024532069 0.364767075 -0.008817348 0.999961019 0.000227472 -4.114349365 0.024533169 -0.000011081 0.999699891 229.990371704
0.999668419 0.008801369 -0.024214424 0.340197563 -0.008776275 0.999960721 0.001142247 -4.131977081 0.024223583 -0.000929350 0.999706864 230.769699097
0.999679625 0.008878022 -0.023717957 0.317374229 -0.008834632 0.999959052 0.001933422 -4.149799824 0.023734203 -0.001723257 0.999717653 231.530502319
0.999691010 0.008709630 -0.023296496 0.294862747 -0.008677957 0.999961257 0.001460109 -4.166107178 0.023308363 -0.001257487 0.999728262 232.274017334
0.999694765 0.009260057 -0.022920603 0.271892548 -0.009272720 0.999956846 -0.000446447 -4.182306290 0.022915529 0.000658854 0.999737978 233.006683350
0.999714851 0.009320416 -0.021998324 0.251455784 -0.009380664 0.999952435 -0.002637327 -4.197594166 0.021972749 0.002842942 0.999755263 233.735198975
0.999741971 0.009364137 -0.020712081 0.231143951 -0.009447055 0.999947727 -0.003909383 -4.214748383 0.020674445 0.004104051 0.999778569 234.459671021
0.999763489 0.009914514 -0.019374959 0.214198112 -0.010003005 0.999939919 -0.004475940 -4.231025219 0.019329468 0.004668696 0.999803066 235.188140869
0.999802291 0.009263597 -0.017611677 0.199291706 -0.009349067 0.999944806 -0.004777118 -4.246819973 0.017566500 0.004940834 0.999834299 235.910659790
0.999835074 0.009039311 -0.015773529 0.185501575 -0.009117375 0.999946415 -0.004884474 -4.262736320 0.015728587 0.005027489 0.999864399 236.625732422
0.999863982 0.009060055 -0.013802600 0.173164129 -0.009131600 0.999944985 -0.005129552 -4.279757023 0.013755418 0.005254903 0.999892354 237.339370728
0.999892473 0.008765288 -0.011787284 0.164472342 -0.008829265 0.999946415 -0.005387041 -4.298288345 0.011739486 0.005490542 0.999916792 238.051559448
0.999921739 0.008831595 -0.008902687 0.155684471 -0.008876700 0.999947786 -0.005040395 -4.314966679 0.008857755 0.005119035 0.999948382 238.757049561
0.999953270 0.007773663 -0.005815485 0.151699901 -0.007799314 0.999959707 -0.004402190 -4.331715107 0.005781078 0.004447348 0.999974132 239.458419800
0.999973118 0.006796651 -0.002890096 0.149133921 -0.006808409 0.999968350 -0.004079772 -4.349571228 0.002862322 0.004099345 0.999988198 240.160430908
0.999979734 0.006420144 0.000122781 0.148696691 -0.006419603 0.999971449 -0.003961597 -4.367475510 -0.000148166 0.003960735 0.999992847 240.852767944
0.999976695 0.006109171 0.003165757 0.148566365 -0.006095308 0.999971747 -0.004368882 -4.383701801 -0.003192313 0.004349491 0.999986172 241.545379639
0.999963343 0.005829094 0.006325654 0.149412274 -0.005799526 0.999972165 -0.004682038 -4.398729801 -0.006352727 0.004645189 0.999969661 242.235549927
0.999936342 0.006713218 0.009110385 0.154094219 -0.006662213 0.999961853 -0.005616897 -4.414640427 -0.009147703 0.005555852 0.999943435 242.925094604
0.999903917 0.006718060 0.012157978 0.159579039 -0.006642787 0.999958396 -0.006220707 -4.430559158 -0.012199223 0.006139355 0.999907434 243.620849609
0.999864519 0.006852525 0.014994675 0.167809010 -0.006773191 0.999962628 -0.005334928 -4.446579456 -0.015030634 0.005232651 0.999874055 244.319213867
0.999821365 0.007021235 0.017577928 0.177077293 -0.006938072 0.999964297 -0.004787431 -4.462601662 -0.017610880 0.004664626 0.999834776 245.019454956
0.999782324 0.006684913 0.019789163 0.190100193 -0.006589039 0.999966085 -0.004905749 -4.479565620 -0.019821255 0.004774297 0.999792933 245.722564697
0.999739289 0.006388561 0.021942180 0.204688549 -0.006246869 0.999959052 -0.006519798 -4.495777130 -0.021982899 0.006381037 0.999738872 246.427368164
0.999693751 0.006837220 0.023805944 0.217551708 -0.006624945 0.999937534 -0.008984212 -4.510625362 -0.023865851 0.008823757 0.999676943 247.131011963
0.999679863 0.005619341 0.024692481 0.234169006 -0.005358899 0.999929368 -0.010600807 -4.526697159 -0.024750268 0.010465100 0.999639630 247.843383789
0.999676764 0.005578091 0.024826147 0.249820232 -0.005303905 0.999924242 -0.011096288 -4.543876171 -0.024886128 0.010961036 0.999630928 248.559844971
0.999684751 0.004332631 0.024753071 0.270184994 -0.004046055 0.999924183 -0.011615586 -4.563487053 -0.024801493 0.011511781 0.999626815 249.297073364
0.999683678 0.004981438 0.024677115 0.285336018 -0.004693194 0.999920070 -0.011724638 -4.584163666 -0.024733521 0.011605127 0.999627292 250.036621094
0.999680281 0.005179363 0.024769953 0.299106598 -0.004882810 0.999915719 -0.012017637 -4.602796555 -0.024830075 0.011892860 0.999621630 250.778121948
0.999680102 0.003992597 0.024997838 0.316823959 -0.003640800 0.999893844 -0.014102696 -4.621371746 -0.025051458 0.014007184 0.999588728 251.526138306
0.999682963 -0.000041029 0.025207246 0.339670658 0.000449040 0.999868929 -0.016180739 -4.643804073 -0.025203248 0.016186938 0.999551952 252.282119751
0.999667108 -0.003250249 0.025619218 0.362002850 0.003686625 0.999848545 -0.017004412 -4.664293289 -0.025560042 0.017093211 0.999527812 253.045913696
0.999652326 -0.001100026 0.026365250 0.372718334 0.001452550 0.999909759 -0.013355324 -4.676387787 -0.026348148 0.013388989 0.999563873 253.827239990
0.999632657 0.002983064 0.026959186 0.384076118 -0.002785441 0.999969006 -0.007364894 -4.695006371 -0.026980290 0.007287105 0.999610126 254.608856201
0.999613941 0.001924527 0.027739305 0.404310703 -0.001820335 0.999991179 -0.003780800 -4.715207100 -0.027746305 0.003728855 0.999608755 255.402542114
0.999548852 0.001207259 0.030029157 0.428024292 -0.001029657 0.999981821 -0.005929018 -4.733193398 -0.030035740 0.005895434 0.999532163 256.195739746
0.999419034 0.002481139 0.034008894 0.450716972 -0.002070291 0.999924421 -0.012110421 -4.747882366 -0.034036346 0.012032989 0.999348879 256.995635986
0.999273181 0.004627019 0.037854329 0.474567413 -0.004031282 0.999867022 -0.015798712 -4.765212536 -0.037922371 0.015634637 0.999159157 257.802093506
0.999150395 0.005821077 0.040816482 0.506703377 -0.005189636 0.999865413 -0.015559083 -4.786498070 -0.040901538 0.015334047 0.999046206 258.620300293
0.999019027 0.004205133 0.044098429 0.541949272 -0.003616713 0.999903440 -0.013414571 -4.809024334 -0.044150550 0.013241929 0.998937845 259.449737549
0.998892665 0.000968019 0.047050346 0.582610130 -0.000494690 0.999949157 -0.010070632 -4.833069801 -0.047057681 0.010036215 0.998842478 260.286773682
0.998755455 -0.001638323 0.049859341 0.624416351 0.002073186 0.999960244 -0.008671336 -4.852020264 -0.049843129 0.008763924 0.998719156 261.129333496
0.998594105 -0.001520224 0.052995853 0.666188240 0.001953556 0.999965012 -0.008125870 -4.875292778 -0.052981626 0.008217987 0.998562217 261.964660645
0.998447776 0.000570608 0.055702567 0.703037262 -0.000010346 0.999949336 -0.010057847 -4.898861885 -0.055705462 0.010041670 0.998397231 262.801635742
0.998318255 0.001175150 0.057971176 0.749588966 -0.000457972 0.999923229 -0.012383006 -4.920388699 -0.057981253 0.012335640 0.998242140 263.640380859
0.998174071 0.001719616 0.060389083 0.798952103 -0.000966120 0.999921381 -0.012504298 -4.941744804 -0.060405817 0.012423133 0.998097241 264.480560303
0.997990847 0.002280666 0.063326962 0.849034309 -0.001623098 0.999944329 -0.010433177 -4.965971947 -0.063347206 0.010309441 0.997938931 265.322418213
0.997774363 0.003524366 0.066597819 0.898080826 -0.002947144 0.999957263 -0.008763494 -4.991448402 -0.066625834 0.008547727 0.997742116 266.161865234
0.997583807 0.004007534 0.069366664 0.952531815 -0.003401583 0.999954998 -0.008851346 -5.014441013 -0.069398984 0.008594013 0.997552633 267.000457764
0.997405887 0.003902781 0.071885496 1.009820938 -0.003236407 0.999950767 -0.009384039 -5.036406517 -0.071918540 0.009127056 0.997369468 267.841217041
0.997208238 0.002189312 0.074647956 1.070629120 -0.001463554 0.999951065 -0.009775695 -5.057862282 -0.074665703 0.009639165 0.997162759 268.688201904
0.997085810 -0.001004152 0.076289974 1.138990402 0.001704823 0.999956906 -0.009119734 -5.079449654 -0.076277524 0.009223232 0.997044683 269.531463623
0.997011840 -0.002000223 0.077231824 1.201215744 0.002713656 0.999954581 -0.009133713 -5.102494240 -0.077210031 0.009316014 0.996972024 270.383331299
0.996967554 -0.002976582 0.077768594 1.266750336 0.003701661 0.999951005 -0.009181079 -5.123449326 -0.077737428 0.009441124 0.996929884 271.226715088
0.996937454 -0.003100673 0.078149877 1.331089020 0.003827177 0.999950826 -0.009148235 -5.144750595 -0.078117654 0.009419323 0.996900439 272.081939697
0.996975839 -0.003119588 0.077656619 1.399549484 0.003801383 0.999955535 -0.008633346 -5.165975571 -0.077626221 0.008902451 0.996943533 272.927459717
0.997053564 -0.002725922 0.076669179 1.468650818 0.003371199 0.999959946 -0.008288227 -5.187751293 -0.076643512 0.008522287 0.997022867 273.778198242
0.997155488 -0.003185197 0.075314246 1.532852173 0.003883078 0.999950767 -0.009121657 -5.210971832 -0.075281471 0.009388176 0.997118890 274.634613037
0.997307777 -0.003214633 0.073267587 1.598793030 0.003972298 0.999940038 -0.010197712 -5.231857300 -0.073230393 0.010461312 0.997260928 275.490203857
0.997428715 -0.002463843 0.071631163 1.657192230 0.003252597 0.999935329 -0.010896786 -5.254875183 -0.071599647 0.011101770 0.997372389 276.340362549
0.997575700 -0.001630591 0.069578446 1.717786789 0.002409020 0.999935448 -0.011105369 -5.281194687 -0.069555819 0.011246076 0.997515440 277.189788818
0.997722983 -0.000450559 0.067452848 1.775279999 0.001201382 0.999937713 -0.011090923 -5.311351776 -0.067443632 0.011146721 0.997661471 278.027374268
0.997833252 -0.000019950 0.065804332 1.821256638 0.000726480 0.999942362 -0.010712910 -5.332603455 -0.065800302 0.010737518 0.997775733 278.899566650
0.998026311 -0.000422382 0.062806286 1.872099876 0.001006393 0.999956548 -0.009267266 -5.356756687 -0.062799618 0.009312200 0.997983336 279.749206543
0.998284996 -0.001917041 0.058519617 1.918954849 0.002320968 0.999974012 -0.006835232 -5.381336689 -0.058504950 0.006959349 0.998263478 280.588958740
0.998554707 -0.003585510 0.053638302 1.963917732 0.003851656 0.999980927 -0.004859345 -5.406351089 -0.053619824 0.005058933 0.998549163 281.420776367
0.998805285 -0.004182391 0.048701383 2.002182007 0.004351296 0.999985039 -0.003362715 -5.429357052 -0.048686553 0.003570627 0.998808324 282.256317139
0.999032557 -0.004549437 0.043755397 2.033995628 0.004670778 0.999985635 -0.002671382 -5.448039055 -0.043742590 0.002873186 0.999039233 283.086853027
0.999239266 -0.005391208 0.038642857 2.066851616 0.005472573 0.999983191 -0.002000177 -5.469444752 -0.038631398 0.002210147 0.999251783 283.901062012
0.999409676 -0.006321593 0.033791576 2.091685295 0.006381576 0.999978423 -0.001667610 -5.488405228 -0.033780288 0.001882286 0.999428153 284.704315186
0.999538720 -0.006555635 0.029678922 2.110863209 0.006621545 0.999975979 -0.002123157 -5.504966259 -0.029664271 0.002318714 0.999557912 285.491882324
0.999652267 -0.005923078 0.025722817 2.126444340 0.005986128 0.999979436 -0.002374957 -5.522506237 -0.025708204 0.002528127 0.999666989 286.271606445
0.999752462 -0.005959214 0.021464372 2.143095493 0.006011982 0.999979198 -0.002394926 -5.540919304 -0.021449637 0.002523393 0.999767363 287.025726318
