1.000000000 0.000000000 0.000000000 0.000000000 0.000000000 1.000000000 0.000000000 0.000000000 0.000000000 0.000000000 1.000000000 0.000000000
0.999979317 0.000545705 -0.006404266 -0.009295600 -0.000543968 0.999999821 0.000272876 -0.000589927 0.006404414 -0.000269386 0.999979436 0.093464002
0.999908388 0.001150185 -0.013486673 -0.018511623 -0.001147348 0.999999344 0.000218059 -0.001789214 0.013486914 -0.000202565 0.999909043 0.188647836
0.999777496 0.001432281 -0.021045957 -0.029511975 -0.001442737 0.999998868 -0.000481652 -0.002538829 0.021045243 0.000511908 0.999778390 0.287038743
0.999541402 0.002047898 -0.030213155 -0.044029098 -0.002106007 0.999996006 -0.001891597 -0.002944266 0.030209161 0.001954358 0.999541700 0.391547590
0.999126494 0.002209870 -0.041729327 -0.060867526 -0.002355503 0.999991417 -0.003441084 -0.003554638 0.041721366 0.003536372 0.999123037 0.506801248
0.998468697 0.002159148 -0.055277947 -0.083266892 -0.002405953 0.999987602 -0.004398657 -0.003607275 0.055267747 0.004524917 0.998461306 0.633374929
0.997434616 0.002191710 -0.071551010 -0.110342219 -0.002517439 0.999987006 -0.004462542 -0.003474974 0.071540281 0.004631218 0.997426808 0.773451805
0.995940804 0.000805663 -0.090008229 -0.142378405 -0.001211124 0.999989510 -0.004450182 -0.005428027 0.090003677 0.004541129 0.995931089 0.923703730
0.993954301 -0.000315899 -0.109795555 -0.181075424 -0.000198021 0.999989271 -0.004669773 -0.007039063 0.109795839 0.004663283 0.993943155 1.084098577
0.991242766 -0.000343761 -0.132052377 -0.226730794 -0.000325576 0.999987483 -0.005047102 -0.010311642 0.132052422 0.005045896 0.991229892 1.252948403
0.987737954 0.003286479 -0.156086981 -0.283863872 -0.004356495 0.999969542 -0.006513661 -0.014099261 0.156060800 0.007113781 0.987721801 1.422922969
0.983376682 0.007555289 -0.181420818 -0.349584341 -0.009159523 0.999926329 -0.008006413 -0.019436428 0.181346908 0.009535044 0.983372867 1.597817898
0.977956414 0.010444807 -0.208548054 -0.419490486 -0.012587411 0.999880970 -0.008949385 -0.024449017 0.208429724 0.011377186 0.977971017 1.783271670
0.971227407 0.011263252 -0.237887830 -0.495184302 -0.013803907 0.999864340 -0.009016892 -0.028691705 0.237753913 0.012041232 0.971250713 1.969841003
0.963113010 0.013236579 -0.268772095 -0.576630831 -0.016085126 0.999835551 -0.008398896 -0.033306856 0.268616676 0.012412316 0.963167012 2.159344435
0.953647196 0.015160492 -0.300545156 -0.674130380 -0.018213708 0.999807298 -0.007359565 -0.034867801 0.300375640 0.012492468 0.953739047 2.355644226
0.942308426 0.017332958 -0.334297180 -0.771945179 -0.020592932 0.999768913 -0.006209864 -0.037596188 0.334112227 0.012735764 0.942447126 2.542860746
0.929762244 0.019824376 -0.367626876 -0.879635334 -0.023545349 0.999707043 -0.005638883 -0.041542441 0.367407322 0.013898722 0.929956198 2.726169348
0.915738583 0.022551697 -0.401141673 -0.995719790 -0.026763044 0.999630034 -0.004897526 -0.042723145 0.400882691 0.015220625 0.916002870 2.910526752
0.899628758 0.023215633 -0.436038256 -1.121410847 -0.027839884 0.999603629 -0.004217813 -0.041421659 0.435767353 0.015933717 0.899918199 3.097814560
0.880992770 0.018799331 -0.472756475 -1.249982238 -0.023896731 0.999703050 -0.004778554 -0.042494755 0.472526193 0.015507202 0.881180108 3.288027525
0.859559238 0.013976700 -0.510845363 -1.387482047 -0.019297631 0.999800801 -0.005116108 -0.045562230 0.510671914 0.014255701 0.859657466 3.472464085
0.834365010 0.015829490 -0.550985336 -1.547553778 -0.020090232 0.999796867 -0.001699340 -0.051566202 0.550846398 0.012487293 0.834513068 3.652029037
0.805257857 0.021922780 -0.592519760 -1.734917998 -0.025387406 0.999674618 0.002484718 -0.058206562 0.592381358 0.013041701 0.805552065 3.826723099
0.772271991 0.025112446 -0.634795785 -1.928092003 -0.028723901 0.999576807 0.004598577 -0.062527142 0.634642541 0.014682461 0.772666276 3.993649960
0.735835195 0.024669973 -0.676711440 -2.132923126 -0.028379656 0.999581635 0.005581263 -0.065075748 0.676566064 0.015097949 0.736227214 4.159723282
0.695641816 0.020791547 -0.718088150 -2.350956440 -0.022664268 0.999718845 0.006990076 -0.065235808 0.718031406 0.011412353 0.695917070 4.328007221
0.652399600 0.017329348 -0.757677317 -2.586820126 -0.017612375 0.999815285 0.007702283 -0.063530363 0.757670701 0.008319536 0.652583897 4.488331795
0.607091129 0.016926439 -0.794452310 -2.846110821 -0.015257666 0.999837160 0.009642989 -0.060324922 0.794485927 0.006267319 0.607250094 4.637063503
0.559092343 0.017413011 -0.828922808 -3.127577305 -0.013619517 0.999837458 0.011817285 -0.051131543 0.828993857 0.004682582 0.559238255 4.772696018
0.507953405 0.018246375 -0.861191630 -3.425840378 -0.012536587 0.999826431 0.013789276 -0.046295345 0.861293554 0.003792102 0.508093596 4.894273758
0.454947829 0.019758483 -0.890299141 -3.745767593 -0.011974931 0.999799311 0.016069373 -0.038826548 0.890437782 0.003350554 0.455092758 5.005275249
0.400402695 0.021906871 -0.916077733 -4.082625389 -0.011217201 0.999756634 0.019005094 -0.031229809 0.916270792 0.002666146 0.400550634 5.101566315
0.344850302 0.024057869 -0.938349605 -4.435614109 -0.010471582 0.999707997 0.021782627 -0.028516039 0.938599408 0.002314270 0.345001161 5.181073189
0.289500773 0.027311884 -0.956788421 -4.807662010 -0.007311955 0.999626935 0.026322309 -0.031193987 0.957149923 -0.000624327 0.289592206 5.250536442
0.236005813 0.029595830 -0.971301079 -5.178009033 -0.001576340 0.999546647 0.030073460 -0.036129266 0.971750557 -0.005566396 0.235945120 5.309268951
0.184742123 0.030160943 -0.982324362 -5.571817398 0.001702131 0.999517918 0.031008961 -0.033822849 0.982785583 -0.007400691 0.184601426 5.351765633
0.137299031 0.031239595 -0.990037084 -5.979959488 -0.000066160 0.999503076 0.031529106 -0.028824106 0.990529716 -0.004263401 0.137232557 5.367230892
0.094962478 0.031255547 -0.994990289 -6.408157349 -0.002346027 0.999511421 0.031173663 -0.014155179 0.995478272 -0.000626041 0.094989084 5.369383812
0.056948788 0.029801400 -0.997932494 -6.854494572 -0.003420303 0.999554515 0.029654657 -0.003103435 0.998371422 0.001724446 0.057025045 5.364737988
0.022376597 0.027206110 -0.999379635 -7.319343567 -0.002040325 0.999629021 0.027167216 0.005018771 0.999747753 0.001431160 0.022423521 5.351311684
-0.008921247 0.024424156 -0.999662220 -7.791063786 -0.001482175 0.999700427 0.024438316 0.012062550 0.999959290 0.001699705 -0.008882649 5.324178696
-0.035575759 0.022680996 -0.999109924 -8.283326149 -0.001683911 0.999739826 0.022755258 0.017627552 0.999365747 0.002491957 -0.035528574 5.287216187
-0.056418426 0.020346608 -0.998200119 -8.797365189 -0.002102938 0.999787807 0.020497827 0.028204575 0.998405159 0.003255618 -0.056363933 5.239659786
-0.072883375 0.019544600 -0.997149289 -9.318277359 -0.001246446 0.999805570 0.019687772 0.039894596 0.997339845 0.002677812 -0.072845109 5.193326473
-0.085978746 0.019914627 -0.996098280 -9.858862877 -0.000330549 0.999799728 0.020017160 0.049044296 0.996297061 0.002050319 -0.085955210 5.138194561
-0.095569432 0.021222776 -0.995196819 -10.424147606 -0.001366024 0.999769092 0.021451460 0.051710963 0.995421946 0.003409576 -0.095518634 5.073196411
-0.102279477 0.022666736 -0.994497776 -10.996727943 -0.003527463 0.999725997 0.023148680 0.053239092 0.994749606 0.005875698 -0.102171719 5.002973080
-0.106712937 0.023644906 -0.994009018 -11.586870193 -0.003373030 0.999703050 0.024142465 0.062567383 0.994284332 0.005929145 -0.106601737 4.933292389
-0.108136952 0.024359878 -0.993837893 -12.195743561 -0.001030198 0.999696672 0.024615575 0.075697377 0.994135618 0.003685713 -0.108079284 4.866693974
-0.107053295 0.026630968 -0.993896902 -12.820271492 0.001050555 0.999643862 0.026671801 0.086305022 0.994252741 0.001811173 -0.107043400 4.796327591
-0.105592251 0.029089201 -0.993984222 -13.459453583 0.000333852 0.999573231 0.029217297 0.094902992 0.994409442 0.002753289 -0.105557136 4.727266312
-0.103957668 0.029014982 -0.994158745 -14.112812042 -0.001847742 0.999567211 0.029366044 0.104893506 0.994580090 0.004889786 -0.103859305 4.655249596
-0.102534026 0.026360687 -0.994380474 -14.775692940 -0.003642362 0.999632180 0.026875494 0.117589593 0.994722843 0.006377555 -0.102400564 4.586209297
-0.101301596 0.026213262 -0.994510591 -15.460278511 -0.003949151 0.999634385 0.026750583 0.133936495 0.994848013 0.006637359 -0.101161294 4.516585350
-0.099527031 0.028897196 -0.994615495 -16.165437698 -0.003648231 0.999560952 0.029405948 0.151664257 0.995028198 0.006555284 -0.099378169 4.445002079
-0.097682960 0.032364849 -0.994691491 -16.885694504 -0.004887920 0.999443591 0.032999489 0.165898263 0.995205581 0.008085471 -0.097470649 4.371128082
-0.096038006 0.034523804 -0.994778931 -17.618080139 -0.005346716 0.999366164 0.035199180 0.177435309 0.995363295 0.008699273 -0.095792785 4.300423145
-0.094187118 0.033875026 -0.994978189 -18.364980698 -0.007574905 0.999367774 0.034741532 0.194387376 0.995525777 0.010809083 -0.093871184 4.223035336
-0.092376962 0.030728368 -0.995250165 -19.122194290 -0.009968374 0.999445260 0.031783141 0.213685811 0.995674193 0.012857065 -0.092019647 4.143807888
-0.090793356 0.030074637 -0.995415807 -19.896368027 -0.010912715 0.999454021 0.031192012 0.232194662 0.995809913 0.013694725 -0.090415835 4.066984653
-0.089256197 0.032442443 -0.995480418 -20.678800583 -0.008153978 0.999412239 0.033301678 0.249662757 0.995975316 0.011089516 -0.088939451 4.000885963
-0.088159353 0.034617115 -0.995504856 -21.470777512 -0.005705268 0.999362171 0.035256483 0.265227437 0.996090055 0.008787825 -0.087905869 3.932846546
-0.086730368 0.036337681 -0.995569050 -22.271108627 -0.004760074 0.999308050 0.036888834 0.281431615 0.996220529 0.007938380 -0.086497650 3.859174728
-0.086002946 0.031791020 -0.995787680 -23.072860718 -0.004448141 0.999468803 0.032292705 0.294955403 0.996284962 0.007206685 -0.085816093 3.786436081
-0.085845172 0.024810029 -0.995999694 -23.878955841 -0.002952958 0.999679327 0.025156194 0.308058232 0.996304035 0.005100696 -0.085744657 3.717939377
-0.085938796 0.020302493 -0.996093690 -24.701797485 0.000117937 0.999792635 0.020367704 0.322628856 0.996300340 0.001632913 -0.085923657 3.649402857
-0.086553045 0.021165920 -0.996022522 -25.537103653 0.001351214 0.999775887 0.021128260 0.334529102 0.996246397 0.000482889 -0.086562537 3.577885866
-0.086572543 0.028638570 -0.995833993 -26.384681702 0.000941554 0.999588668 0.028664697 0.343381703 0.996245086 0.001543960 -0.086564191 3.501419544
-0.086924978 0.035745844 -0.995573521 -27.234251022 -0.000443642 0.999354601 0.035920341 0.358171463 0.996214688 0.003564070 -0.086853296 3.422726393
-0.087253638 0.041052878 -0.995340109 -28.079317093 -0.002389089 0.999139071 0.041419003 0.374426603 0.996183157 0.005991932 -0.087080717 3.342138767
-0.087590463 0.041385062 -0.995296717 -28.914319992 -0.004191839 0.999112487 0.041912619 0.389714479 0.996147752 0.007843287 -0.087339528 3.261399031
-0.087885730 0.037909500 -0.995409131 -29.752916336 -0.004232505 0.999252319 0.038429555 0.408043742 0.996121645 0.007590501 -0.087659858 3.182610512
-0.088329747 0.035120275 -0.995472193 -30.593194962 -0.004176315 0.999356389 0.035627879 0.429738045 0.996082604 0.007304423 -0.088126518 3.106009007
-0.088333011 0.036309876 -0.995429158 -31.438177109 -0.005696253 0.999300659 0.036956560 0.449011326 0.996074736 0.008934719 -0.088064700 3.023242712
-0.088237554 0.038544349 -0.995353520 -32.280063629 -0.006404695 0.999208450 0.039261386 0.465748489 0.996078968 0.009839281 -0.087921128 2.944338083
-0.087976709 0.037010320 -0.995434940 -33.121982574 -0.007378666 0.999258041 0.037804574 0.478751063 0.996095300 0.010670921 -0.087638624 2.860678673
-0.087343611 0.031781435 -0.995671332 -33.956764221 -0.008448398 0.999431551 0.032642573 0.494653344 0.996142566 0.011262963 -0.087025717 2.776320934
-0.087030046 0.027529696 -0.995825410 -34.791557312 -0.009765182 0.999546647 0.028485991 0.511354029 0.996157944 0.012203568 -0.086722031 2.694903374
-0.086402424 0.028361214 -0.995856762 -35.634845734 -0.009074981 0.999530911 0.029253218 0.522879303 0.996219099 0.011564942 -0.086104795 2.616520643
-0.085987628 0.030806666 -0.995819986 -36.473129272 -0.007880196 0.999469697 0.031600017 0.533744216 0.996265054 0.010564483 -0.085699514 2.546639442
-0.085563816 0.035772897 -0.995690525 -37.314685822 -0.007552143 0.999303341 0.036551692 0.547157109 0.996304214 0.010647114 -0.085234292 2.471908808
-0.084939241 0.041313086 -0.995529473 -38.154449463 -0.006727802 0.999093592 0.042035013 0.566263318 0.996363521 0.010268166 -0.084584571 2.397927761
-0.085003376 0.044574723 -0.995383263 -38.993972778 -0.006977077 0.998947859 0.045330167 0.582209229 0.996356249 0.010798102 -0.084603205 2.321776390
-0.084668346 0.044520374 -0.995414317 -39.831478119 -0.006552286 0.998954892 0.045236059 0.603282452 0.996387720 0.010352319 -0.084288426 2.248078108
-0.084657803 0.040123492 -0.995602131 -40.660865784 -0.006349744 0.999146998 0.040806286 0.625599265 0.996389925 0.009776407 -0.084331095 2.178115606
-0.084310554 0.035891827 -0.995793045 -41.488609314 -0.007400421 0.999301136 0.036644839 0.641988754 0.996412039 0.010458849 -0.083986282 2.102381706
-0.084197104 0.033145376 -0.995897830 -42.316841125 -0.011297537 0.999350846 0.034215435 0.658409655 0.996384978 0.014132047 -0.083768256 2.022172928
-0.084730238 0.031196686 -0.995915532 -43.143760681 -0.014472873 0.999365926 0.032536078 0.674740911 0.996298850 0.017170561 -0.084225252 1.942552805
-0.085502550 0.029510085 -0.995900989 -43.976448059 -0.012112375 0.999456823 0.030655341 0.683695555 0.996264338 0.014683851 -0.085098952 1.872549772
-0.086811870 0.025814857 -0.995890439 -44.801979065 -0.008601151 0.999607801 0.026660973 0.693955421 0.996187627 0.010880308 -0.086556062 1.804437637
-0.087465093 0.024230786 -0.995872915 -45.623485565 -0.004298356 0.999685884 0.024701059 0.706970632 0.996158361 0.006441113 -0.087333739 1.732840061
-0.089388229 0.027710464 -0.995611489 -46.449871063 -0.003982432 0.999595284 0.028178878 0.716625392 0.995988905 0.006483832 -0.089241967 1.656886578
-0.090994366 0.033996157 -0.995271146 -47.274402618 -0.001506811 0.999411583 0.034275338 0.725274146 0.995850265 0.004618567 -0.090889871 1.580862999
-0.092905603 0.037656970 -0.994962811 -48.091804504 0.000438361 0.999286175 0.037779663 0.737932682 0.995674849 0.003073811 -0.092856072 1.506298065
-0.094474770 0.036730446 -0.994849622 -48.902500153 0.000513546 0.999321103 0.036846757 0.751327753 0.995527267 0.002970208 -0.094429724 1.429324150
-0.095484793 0.032866418 -0.994888425 -49.704319000 -0.002789452 0.999442220 0.033284571 0.761477828 0.995427072 0.005953383 -0.095340125 1.342552662
-0.096822500 0.029217098 -0.994872987 -50.501544952 -0.007362755 0.999520838 0.030070145 0.774369121 0.995274603 0.010236488 -0.096561246 1.254614830
-0.098088793 0.027652023 -0.994793594 -51.295856476 -0.011479174 0.999516129 0.028915154 0.785823822 0.995111465 0.014255676 -0.097724184 1.165621758
-0.099084280 0.028751893 -0.994663775 -52.090133667 -0.013088479 0.999458492 0.030194299 0.793943942 0.994993031 0.016010428 -0.098654598 1.078038216
-0.100071780 0.030151324 -0.994523406 -52.880741119 -0.012980337 0.999416292 0.031605769 0.804133534 0.994895577 0.016072109 -0.099622265 0.994940281
-0.101001747 0.029589353 -0.994446278 -53.662475586 -0.015027490 0.999398410 0.031262968 0.812888026 0.994772673 0.018101659 -0.100496612 0.907858849
-0.101528689 0.029300978 -0.994401097 -54.438159943 -0.016008228 0.999388874 0.031082373 0.822333932 0.994703770 0.019074364 -0.100997858 0.821668625
-0.101966918 0.030959571 -0.994305968 -55.215850830 -0.014486184 0.999363542 0.032602601 0.834550738 0.994682252 0.017728101 -0.101453833 0.737108707
-0.102237865 0.033739422 -0.994187772 -55.994590759 -0.013887978 0.999279022 0.035340361 0.847607732 0.994662941 0.017420394 -0.101695880 0.654987812
-0.102400549 0.037850939 -0.994022906 -56.764106750 -0.014052668 0.999121308 0.039492704 0.860419869 0.994643927 0.018012760 -0.101778939 0.570471764
-0.102983087 0.039851900 -0.993884504 -57.526668549 -0.013998192 0.999040306 0.041509051 0.874201536 0.994584501 0.018187331 -0.102326676 0.487257004
-0.103657670 0.039918806 -0.993811786 -58.282417297 -0.013612518 0.999043941 0.041548777 0.889695764 0.994519770 0.017835140 -0.103015460 0.405600548
-0.104069836 0.037887808 -0.993848205 -59.031406403 -0.012538210 0.999144971 0.039402634 0.906243920 0.994490862 0.016561717 -0.103506126 0.327466011
-0.103972659 0.034219481 -0.993991375 -59.770961761 -0.012113518 0.999290526 0.035668969 0.921764731 0.994506240 0.015749343 -0.103484660 0.239980698
-0.103369348 0.031259999 -0.994151831 -60.520683289 -0.012144920 0.999392033 0.032687537 0.937791109 0.994568706 0.015452798 -0.102927163 0.153697491
-0.102094509 0.028860617 -0.994356096 -61.231777191 -0.012632405 0.999461114 0.030305779 0.948188066 0.994694352 0.015655175 -0.101675197 0.075232506
-0.099552400 0.028171308 -0.994633555 -61.930789948 -0.015049732 0.999442518 0.029813804 0.954518616 0.994918406 0.017937018 -0.099073209 -0.005558491
-0.095318869 0.029061774 -0.995022595 -62.613613129 -0.015413746 0.999411166 0.030666489 0.961723924 0.995327353 0.018260129 -0.094815098 -0.077925205
-0.089264914 0.030571675 -0.995538712 -63.282234192 -0.014647206 0.999380767 0.032002959 0.969907522 0.995900035 0.017438617 -0.088762157 -0.141044140
-0.081833191 0.032017171 -0.996131659 -63.939502716 -0.013660366 0.999354243 0.033242922 0.978884339 0.996552348 0.016327908 -0.081343278 -0.197133064
-0.073056027 0.033345204 -0.996770263 -64.574234009 -0.014675364 0.999296963 0.034505289 0.985559940 0.997219741 0.017148802 -0.072515622 -0.245145798
-0.060882449 0.034993026 -0.997531414 -65.199447632 -0.016980790 0.999204516 0.036088075 0.992931843 0.998000324 0.019136017 -0.060240127 -0.288852692
-0.045984164 0.036507994 -0.998274863 -65.803138733 -0.020075262 0.999096632 0.037462749 1.000873923 0.998740315 0.021763336 -0.045210034 -0.316644192
-0.027448570 0.037700146 -0.998912215 -66.388816833 -0.021652220 0.999031901 0.038299605 1.010434628 0.999388516 0.022679951 -0.026606034 -0.328243375
-0.005060297 0.038445394 -0.999248147 -66.957649231 -0.022526087 0.999002993 0.038550012 1.018154740 0.999733329 0.022704244 -0.004189566 -0.324267328
0.020643679 0.038858417 -0.999031723 -67.502311707 -0.022060581 0.999019086 0.038402043 1.025137663 0.999543369 0.021246476 0.021480311 -0.300423026
0.050120451 0.038411204 -0.998004436 -68.025581360 -0.020588163 0.999087751 0.037418921 1.033048511 0.998530865 0.018671649 0.050865181 -0.255706072
0.084586725 0.038310714 -0.995679498 -68.529792786 -0.019398093 0.999134719 0.036795691 1.042054653 0.996227205 0.016201880 0.085256293 -0.194217682
0.122577727 0.038606979 -0.991707861 -69.018150330 -0.018784629 0.999154508 0.036575012 1.049671650 0.992281020 0.014145604 0.123198912 -0.113384247
0.163750485 0.038182300 -0.985762656 -69.492492676 -0.018679459 0.999191761 0.035599474 1.057728767 0.986324787 0.012584104 0.164330944 -0.013001442
0.209302500 0.038964741 -0.977074444 -69.942008972 -0.017907413 0.999191284 0.036010694 1.064923644 0.977686822 0.009959775 0.209830523 0.104858398
0.257854939 0.037596002 -0.965451956 -70.369132996 -0.014839353 0.999279201 0.034949914 1.067067385 0.966069698 0.005314700 0.258226484 0.245862961
0.308266789 0.032407340 -0.950747967 -70.776901245 -0.007482995 0.999471605 0.031641845 1.071385384 0.951270401 -0.002639659 0.308345824 0.414154053
0.359758854 0.026905056 -0.932657480 -71.173706055 -0.002401875 0.999607801 0.027909895 1.075514555 0.933042109 -0.007800675 0.359681845 0.607336044
0.412270635 0.021858599 -0.910799384 -71.560157776 0.002689109 0.999678969 0.025208827 1.083582163 0.911057413 -0.012842065 0.412078857 0.821239471
0.462745756 0.020341743 -0.886257827 -71.934181213 0.002298202 0.999706030 0.024145585 1.100650668 0.886488080 -0.013210031 0.462562472 1.067159653
0.511249721 0.018723017 -0.859228492 -72.304779053 0.004042874 0.999699473 0.024189454 1.110212326 0.859422863 -0.015840570 0.511019707 1.321947098
0.556558549 0.014021161 -0.830690265 -72.661582947 0.011863260 0.999621868 0.024820821 1.119852066 0.830723822 -0.023668896 0.556181073 1.605968475
0.600674033 0.006722573 -0.799466133 -72.998695374 0.022634029 0.999421179 0.025409851 1.130659342 0.799173772 -0.033358123 0.600173533 1.911548615
0.643889070 0.001243862 -0.765118301 -73.321716309 0.024431283 0.999455512 0.022185044 1.136599541 0.764729023 -0.032977480 0.643507421 2.216117859
0.684913456 -0.003584114 -0.728615940 -73.611511230 0.021638133 0.999647141 0.015422888 1.138530970 0.728303313 -0.026329191 0.684748650 2.533107758
0.725374401 -0.010711473 -0.688271523 -73.882827759 0.018627491 0.999818385 0.004071562 1.143928409 0.688102663 -0.015774148 0.725441754 2.864616394
0.764969945 -0.013746576 -0.643919647 -74.166992188 0.014451399 0.999887049 -0.004177808 1.149732471 0.643904030 -0.006109617 0.765081644 3.233413696
0.802364886 -0.015384181 -0.596635997 -74.445861816 0.013758223 0.999879062 -0.007279550 1.154989481 0.596675575 -0.002367775 0.802478909 3.639904022
0.836634159 -0.016446063 -0.547515571 -74.704772949 0.013837609 0.999864936 -0.008888989 1.154298067 0.547587693 -0.000139456 0.836748123 4.071258545
0.867480040 -0.015505255 -0.497230887 -74.955291748 0.011446186 0.999871850 -0.011210009 1.154681325 0.497340828 0.004033079 0.867545724 4.534820557
0.893541992 -0.014843744 -0.448734730 -75.186706543 0.011645582 0.999883592 -0.009886093 1.150235891 0.448829174 0.003607880 0.893610120 5.030366898
0.914980710 -0.008821206 -0.403401911 -75.423507690 0.005723338 0.999944329 -0.008884458 1.147287846 0.403457791 0.005820320 0.914979577 5.555519104
0.932330966 -0.004646267 -0.361577064 -75.616523743 0.000944766 0.999945521 -0.010413313 1.142292261 0.361605674 0.009367067 0.932283878 6.078456879
0.945709348 0.000340897 -0.325014114 -75.790893555 -0.003333665 0.999957204 -0.008651411 1.131284833 0.324997246 0.009265227 0.945669413 6.613105774
0.955444992 0.000985695 -0.295168251 -75.946762085 -0.003027817 0.999974728 -0.006461665 1.117937565 0.295154393 0.007067501 0.955423236 7.181381226
0.962643027 0.000335751 -0.270774484 -76.095191956 -0.001697580 0.999987245 -0.004795323 1.106040120 0.270769447 0.005075867 0.962630570 7.766904831
0.968292058 0.000750825 -0.249820784 -76.237983704 -0.001432208 0.999995947 -0.002545860 1.096481204 0.249817938 0.002822954 0.968288481 8.369045258
0.972767413 0.003722058 -0.231754407 -76.375144958 -0.003729445 0.999993145 0.000406094 1.084350467 0.231754363 0.000469306 0.972773969 8.988313675
0.976277649 0.008585162 -0.216353685 -76.519111633 -0.008324180 0.999963284 0.002117374 1.077379465 0.216363981 -0.000266151 0.976312518 9.627827644
0.979047775 0.012470352 -0.203249663 -76.653160095 -0.012010264 0.999921978 0.003496788 1.069043398 0.203277498 -0.000982412 0.979120433 10.281566620
0.981663108 0.011208881 -0.190296024 -76.776336670 -0.010763289 0.999936581 0.003374799 1.061949492 0.190321818 -0.001264677 0.981720686 10.953826904
0.984214365 0.011210866 -0.176627040 -76.894416809 -0.010832440 0.999936759 0.003106424 1.056108117 0.176650733 -0.001144057 0.984272659 11.639249802
0.986685395 0.011549287 -0.162232459 -77.003463745 -0.011101684 0.999931991 0.003665094 1.054473042 0.162263826 -0.001815212 0.986745536 12.338978767
0.988856256 0.012933882 -0.148312822 -77.105400085 -0.012445843 0.999913990 0.004217982 1.050067782 0.148354664 -0.002325072 0.988931239 13.054702759
0.990666091 0.012977743 -0.135693699 -77.203163147 -0.012906984 0.999916077 0.001400969 1.041177630 0.135700569 0.000363531 0.990749657 13.781115532
0.992090821 0.013448939 -0.124802172 -77.294189453 -0.014028877 0.999894738 -0.003769452 1.029864788 0.124738410 0.005490496 0.992174208 14.518087387
0.993283629 0.011484781 -0.115136586 -77.381278992 -0.012713714 0.999870062 -0.009945347 1.021990776 0.115007490 0.011342383 0.993299603 15.270022392
0.994184792 0.011249524 -0.107102334 -77.462463379 -0.012416887 0.999870896 -0.010239250 1.013735533 0.106973395 0.011509600 0.994195044 16.037200928
0.994839549 0.013055978 -0.100620665 -77.541084290 -0.013530579 0.999900639 -0.004036057 0.999428332 0.100558065 0.005376709 0.994916379 16.813524246
0.995279908 0.017401040 -0.095476806 -77.624984741 -0.017083809 0.999845862 0.004138675 0.984951735 0.095534198 -0.002488001 0.995422781 17.591293335
0.995668590 0.018009307 -0.091216221 -77.700538635 -0.017368948 0.999819040 0.007808807 0.973639488 0.091340445 -0.006190619 0.995800197 18.367609024
0.995996833 0.016659243 -0.087826163 -77.769302368 -0.016135138 0.999847889 0.006673709 0.966682673 0.087924086 -0.005229872 0.996113241 19.138826370
0.996275961 0.016359845 -0.084659465 -77.839920044 -0.015928715 0.999856889 0.005765070 0.959154248 0.084741764 -0.004395050 0.996392906 19.913711548
0.996549845 0.014787965 -0.081671871 -77.905235291 -0.014190270 0.999868572 0.007893400 0.953127205 0.081777960 -0.006707187 0.996627569 20.689434052
0.996770501 0.012839006 -0.079273492 -77.965408325 -0.012056535 0.999874294 0.010340774 0.945380449 0.079396382 -0.009351578 0.996798933 21.464498520
0.997034609 0.011040641 -0.076162785 -78.026016235 -0.010148022 0.999875724 0.012096439 0.935640693 0.076286979 -0.011287624 0.997021735 22.240875244
0.997256756 0.010035499 -0.073340267 -78.086547852 -0.009450257 0.999921143 0.008321933 0.929344058 0.073418096 -0.007605983 0.997271955 23.009687424
0.997363865 0.012645271 -0.071457274 -78.151123047 -0.012619549 0.999920428 0.000810867 0.922910035 0.071461968 0.000093060 0.997443020 23.769195557
0.997520208 0.013025898 -0.069169730 -78.217941284 -0.013558761 0.999882221 -0.007240376 0.914060712 0.069067389 0.008160300 0.997578204 24.532119751
0.997615814 0.013824364 -0.067618713 -78.277259827 -0.014636028 0.999826849 -0.011523470 0.900590599 0.067447819 0.012485681 0.997644305 25.291612625
0.997746050 0.015373007 -0.065323539 -78.335617065 -0.016047716 0.999823451 -0.009817228 0.881567121 0.065161213 0.010843415 0.997815490 26.056842804
0.997859597 0.018328162 -0.062777601 -78.395553589 -0.018722016 0.999809027 -0.005691946 0.859752715 0.062661402 0.006855113 0.998010874 26.826278687
0.997955263 0.021878520 -0.060060140 -78.457443237 -0.021948924 0.999759436 -0.000513353 0.840530932 0.060034577 0.001830592 0.998194218 27.595134735
0.998174965 0.019576857 -0.057135645 -78.510452271 -0.019549387 0.999808788 0.001039115 0.830607772 0.057145189 0.000079781 0.998365521 28.363306046
0.998282909 0.016770288 -0.056131162 -78.548889160 -0.016741149 0.999859750 0.000988658 0.815563202 0.056139998 -0.000047227 0.998422623 29.111900330
0.998375535 0.015037382 -0.054963049 -78.593444824 -0.015010289 0.999887347 0.000905032 0.801388562 0.054970592 -0.000078518 0.998487651 29.869031906
0.998453438 0.014681584 -0.053628325 -78.642646790 -0.014748004 0.999891341 -0.000843655 0.789036155 0.053610239 0.001633291 0.998560250 30.628126144
0.998528540 0.013218184 -0.052599747 -78.689071655 -0.013353049 0.999908745 -0.002214085 0.778180599 0.052565809 0.002913224 0.998612881 31.386745453
0.998591661 0.012615209 -0.051538244 -78.735717773 -0.012739925 0.999917090 -0.002092822 0.764265537 0.051507704 0.002746498 0.998668551 32.154098511
0.998615980 0.015464412 -0.050275814 -78.789505005 -0.015538134 0.999879062 -0.001076530 0.752498925 0.050253220 0.001856263 0.998734474 32.931640625
0.998615861 0.014794988 -0.050476566 -78.830909729 -0.014913321 0.999887228 -0.001969263 0.741135001 0.050441876 0.002719341 0.998723030 33.714431763
0.998549402 0.014158593 -0.051954929 -78.876670837 -0.014280898 0.999896407 -0.001984279 0.727235794 0.051921595 0.002723393 0.998647213 34.497497559
0.998468637 0.011571178 -0.054103512 -78.918495178 -0.011668842 0.999931157 -0.001490280 0.716529191 0.054082688 0.002119353 0.998533905 35.285751343
0.998283982 0.013211474 -0.057051867 -78.969757080 -0.013323856 0.999910355 -0.001590499 0.704794347 0.057025876 0.002347950 0.998369753 36.089248657
0.998073459 0.016624684 -0.059777953 -79.029685974 -0.016763333 0.999858260 -0.001819304 0.689728498 0.059739366 0.002817908 0.998209774 36.888263702
0.997937322 0.017256655 -0.061835513 -79.096267700 -0.017729577 0.999818027 -0.007108160 0.677816153 0.061701722 0.008189842 0.998060822 37.683235168
0.997802377 0.018018764 -0.063765712 -79.163375854 -0.018730290 0.999768972 -0.010578879 0.661654592 0.063560493 0.011750004 0.997908652 38.481613159
0.997700751 0.016893931 -0.065636329 -79.221244812 -0.017743152 0.999766350 -0.012377523 0.646275640 0.065412015 0.013513683 0.997766674 39.303096771
0.997545421 0.017063895 -0.067913972 -79.279571533 -0.017849246 0.999780834 -0.010974388 0.627102017 0.067711949 0.012159686 0.997630656 40.131923676
0.997410834 0.015197432 -0.070292406 -79.337081909 -0.015953051 0.999821067 -0.010201311 0.607598841 0.070124924 0.011296301 0.997474074 40.968650818
0.997298658 0.014512463 -0.072007798 -79.398658752 -0.015168395 0.999848604 -0.008571186 0.591726542 0.071872637 0.009640299 0.997367024 41.810977936
0.997257829 0.014188749 -0.072634473 -79.469734192 -0.014572330 0.999882877 -0.004754236 0.573160350 0.072558641 0.005799681 0.997347057 42.642341614
0.997221947 0.014128137 -0.073138148 -79.539833069 -0.014161749 0.999900222 0.000058544 0.555488348 0.073131785 0.000977415 0.997321546 43.490585327
0.997274876 0.013988988 -0.072440937 -79.605911255 -0.013874802 0.999902010 0.002078790 0.542296469 0.072463043 -0.001067988 0.997370243 44.351058960
0.997389734 0.016774932 -0.070234060 -79.677207947 -0.016670486 0.999859273 0.002072511 0.531544387 0.070259064 -0.000896232 0.997528136 45.212184906
0.997513771 0.017234461 -0.068336636 -79.741821289 -0.017213726 0.999851942 0.000891751 0.519680381 0.068342023 0.000286827 0.997661650 46.083568573
0.997671843 0.014615648 -0.066616736 -79.802177429 -0.014740854 0.999890804 -0.001388793 0.507256925 0.066589281 0.002367578 0.997777343 46.955612183
0.997846484 0.010720662 -0.064714648 -79.859245300 -0.010944910 0.999935627 -0.003112191 0.493957698 0.064677253 0.003813812 0.997898698 47.831375122
0.997975647 0.009324390 -0.062915295 -79.913116455 -0.009557093 0.999948919 -0.003399272 0.480359435 0.062880531 0.003993704 0.998012900 48.711311340
0.998056054 0.006731845 -0.061962947 -79.966697693 -0.006801385 0.999976814 -0.000911969 0.465149015 0.061955515 0.001331658 0.998077869 49.591884613
0.998117328 0.003622964 -0.061232373 -80.018020630 -0.003528787 0.999992788 0.001645563 0.448754638 0.061238039 -0.001426359 0.998121977 50.467407227
0.998164654 0.002872987 -0.060495831 -80.069068909 -0.002757543 0.999994576 0.001991143 0.432289660 0.060501382 -0.001820638 0.998166203 51.342475891
0.998230398 0.004173744 -0.059323836 -80.126754761 -0.004250609 0.999990642 -0.001170123 0.414993525 0.059318557 0.001420242 0.998237848 52.211894989
0.998230100 0.006853224 -0.059078988 -80.182205200 -0.007282289 0.999948978 -0.007050883 0.397581518 0.059027806 0.007468658 0.998228192 53.088951111
0.998265862 0.008536958 -0.058247883 -80.233993530 -0.009271971 0.999880970 -0.012360714 0.374522507 0.058135584 0.012879372 0.998225451 53.961093903
0.998261034 0.013036764 -0.057493754 -80.293861389 -0.014096995 0.999737620 -0.018074501 0.348423600 0.057243198 0.018853573 0.998181999 54.820049286
0.998322785 0.012605198 -0.056509610 -80.346221924 -0.013689806 0.999728978 -0.018848091 0.320829511 0.056256872 0.019590102 0.998224020 55.682754517
0.998363376 0.008961432 -0.056488071 -80.391548157 -0.009710200 0.999868631 -0.012995446 0.299863696 0.056364354 0.013522707 0.998318434 56.549812317
0.998338521 0.008232511 -0.057034582 -80.444068909 -0.008472351 0.999956608 -0.003965274 0.273927391 0.056999620 0.004441931 0.998364091 57.413734436
0.998281121 0.007161079 -0.058172408 -80.499137878 -0.006955873 0.999969184 0.003728657 0.250985444 0.058197476 -0.003317576 0.998299360 58.269767761
0.998157084 0.005668377 -0.060423005 -80.551651001 -0.005613594 0.999984026 0.001075778 0.239102095 0.060428284 -0.000734574 0.998172104 59.117439270
0.998029351 0.000170177 -0.062752806 -80.597755432 -0.000319595 0.999997497 -0.002371616 0.222655967 0.062752388 0.002387026 0.998026192 59.958530426
0.997865558 -0.001153732 -0.065295309 -80.654075623 0.000905051 0.999992669 -0.003838564 0.203630507 0.065299399 0.003771301 0.997858465 60.795864105
0.997696400 0.001000556 -0.067832761 -80.718360901 -0.001431719 0.999979436 -0.006308499 0.183944911 0.067825183 0.006391110 0.997676730 61.628234863
0.997491300 0.002602613 -0.070744209 -80.789413452 -0.003302960 0.999947071 -0.009785054 0.162691832 0.070715129 0.009994197 0.997446418 62.455677032
0.997154176 0.002958563 -0.075334482 -80.850135803 -0.003952034 0.999907494 -0.013042298 0.140523195 0.075289063 0.013302926 0.997072995 63.274520874
0.996910334 0.004839297 -0.078400977 -80.923019409 -0.006183408 0.999838233 -0.016910823 0.114234328 0.078306586 0.017343380 0.996778369 64.088455200
0.996631384 0.009476782 -0.081463985 -81.003028870 -0.010902743 0.999795079 -0.017077643 0.087599993 0.081285559 0.017908314 0.996529877 64.901664734
0.996294200 0.013002336 -0.085025020 -81.082946777 -0.014355193 0.999779940 -0.015319681 0.064072728 0.084807232 0.016483482 0.996260881 65.714660645
0.995921969 0.015978733 -0.088792868 -81.167449951 -0.016876431 0.999814034 -0.009368868 0.038719535 0.088626750 0.010829190 0.996005952 66.521888733
0.995562851 0.016514262 -0.092640355 -81.251762390 -0.016955689 0.999848604 -0.003980190 0.016781718 0.092560716 0.005533335 0.995691597 67.326759338
0.995059729 0.015821174 -0.098010480 -81.331115723 -0.015931878 0.999873281 -0.000347274 -0.001294512 0.097992674 0.001907074 0.995185256 68.125968933
0.994406402 0.014477634 -0.104626283 -81.416053772 -0.014477117 0.999895275 0.000764087 -0.018180981 0.104626492 0.000754900 0.994511068 68.921089172
0.993770301 0.012071351 -0.110793404 -81.503257751 -0.011648289 0.999922514 0.004464670 -0.031837553 0.110838816 -0.003146274 0.993833184 69.714714050
0.993007839 0.012750825 -0.117359325 -81.597679138 -0.012373650 0.999916017 0.003941638 -0.045123905 0.117399819 -0.002461886 0.993081510 70.499130249
0.992221773 0.017239859 -0.123284787 -81.707183838 -0.017014923 0.999851465 0.002876972 -0.054707050 0.123316154 -0.000756885 0.992366910 71.295005798
0.991431892 0.019119252 -0.129219979 -81.818161011 -0.019414576 0.999811351 -0.001026324 -0.066012822 0.129176050 0.003526306 0.991615236 72.072395325
0.990668416 0.017725566 -0.135138616 -81.928596497 -0.018447274 0.999821842 -0.004090304 -0.076484531 0.135042131 0.006545097 0.990818083 72.846534729
0.989901662 0.019104516 -0.140464962 -82.045753479 -0.020069471 0.999784052 -0.005456466 -0.091849476 0.140330464 0.008220444 0.990070343 73.626670837
0.989207685 0.020923659 -0.145020768 -82.170989990 -0.021213936 0.999775171 -0.000455565 -0.103694603 0.144978702 0.003527135 0.989428222 74.398292542
0.988294303 0.021531198 -0.151034087 -82.296875000 -0.021215029 0.999768436 0.003704341 -0.117621928 0.151078910 -0.000456756 0.988521397 75.163635254
0.987346053 0.020658527 -0.157231212 -82.423843384 -0.019997807 0.999783635 0.005782992 -0.134922743 0.157316715 -0.002565502 0.987544596 75.923881531
0.986301959 0.018160190 -0.163948864 -82.558860779 -0.018115008 0.999834597 0.001770563 -0.145744115 0.163953960 0.001223654 0.986466944 76.675300598
0.984994292 0.016542917 -0.171794027 -82.702468872 -0.017728170 0.999828696 -0.005367445 -0.156596929 0.171675831 0.008332518 0.985117972 77.419715881
0.983654916 0.014598772 -0.179473072 -82.863975525 -0.016177667 0.999842405 -0.007337037 -0.171596169 0.179337740 0.010120590 0.983735263 78.169128418
0.981725872 0.014439641 -0.189753726 -83.021835327 -0.015590135 0.999868214 -0.004571882 -0.188889831 0.189662710 0.007446642 0.981820822 78.914985657
0.979572356 0.014257812 -0.200588018 -83.188415527 -0.014284799 0.999897301 0.001312764 -0.198126405 0.200586155 0.001579438 0.979674518 79.659317017
0.977162719 0.016300522 -0.211867869 -83.366546631 -0.014752806 0.999851882 0.008883752 -0.208474696 0.211981297 -0.005555191 0.977257669 80.399345398
0.974657893 0.016918004 -0.223061368 -83.545631409 -0.014565214 0.999819756 0.012188676 -0.219244838 0.223227397 -0.008630816 0.974727869 81.132690430
0.971964419 0.020717936 -0.234214827 -83.737869263 -0.019493341 0.999781787 0.007542416 -0.229557872 0.234319925 -0.002765298 0.972155333 81.847999573
0.968999028 0.020876683 -0.246182263 -83.932106018 -0.022004595 0.999756396 -0.001831423 -0.235119700 0.246084020 0.007191813 0.969221473 82.559700012
0.965813696 0.018634999 -0.258567780 -84.131767273 -0.021154692 0.999752223 -0.006965868 -0.238696873 0.258373886 0.012197673 0.965967596 83.272544861
0.962545455 0.017334267 -0.270566970 -84.343429565 -0.018610878 0.999824762 -0.002153337 -0.247084156 0.270482183 0.007108198 0.962698400 83.987625122
0.959266841 0.018468399 -0.281898350 -84.568038940 -0.017771648 0.999829650 0.005028291 -0.260215878 0.281943113 0.000186356 0.959430814 84.709167480
0.955736816 0.018306416 -0.293653697 -84.803108215 -0.016004955 0.999819756 0.010238428 -0.271250367 0.293788105 -0.005085294 0.955856681 85.430564880
0.951925874 0.015893007 -0.305916786 -85.046356201 -0.014056194 0.999867797 0.008206203 -0.278247178 0.306006581 -0.003511638 0.952022552 86.144630432
0.948190689 0.014058701 -0.317391634 -85.289009094 -0.013519199 0.999901354 0.003902119 -0.289806843 0.317415059 0.000590957 0.948286176 86.853515625
0.945175886 0.009873243 -0.326413304 -85.538085938 -0.011476904 0.999930024 -0.002987556 -0.302433223 0.326360762 0.006570002 0.945222080 87.557769775
0.942468882 0.005625441 -0.334247679 -85.789703369 -0.009129428 0.999918997 -0.008913305 -0.313285351 0.334170312 0.011452019 0.942442775 88.263778687
0.939796627 0.005257379 -0.341694683 -86.052734375 -0.009574936 0.999894559 -0.010950430 -0.327113569 0.341601014 0.013562896 0.939746857 88.975723267
0.936910629 0.010391070 -0.349415094 -86.332534790 -0.015205140 0.999823809 -0.011037467 -0.346571088 0.349238694 0.015654042 0.936902642 89.681358337
0.933891058 0.010158701 -0.357414126 -86.609687805 -0.014254003 0.999859810 -0.008825754 -0.365981162 0.357274204 0.013336889 0.933904052 90.389076233
0.930741012 0.010430626 -0.365531117 -86.889915466 -0.012180303 0.999923110 -0.002481104 -0.375787824 0.365477026 0.006761566 0.930795550 91.104415894
0.928032517 0.012013678 -0.372306347 -87.181106567 -0.010721188 0.999927521 0.005541564 -0.385709405 0.372345775 -0.001151156 0.928093135 91.819656372
0.925489306 0.021681301 -0.378153592 -87.488937378 -0.018385701 0.999755383 0.012323549 -0.400382400 0.378328174 -0.004452661 0.925660610 92.526138306
0.923004687 0.028578116 -0.383726746 -87.805786133 -0.027035123 0.999590516 0.009415112 -0.409698606 0.383838475 0.001683941 0.923398435 93.224708557
0.920739889 0.025001600 -0.389375985 -88.108932495 -0.026493562 0.999648094 0.001538596 -0.415197432 0.389277279 0.008899336 0.921077371 93.922073364
0.918748081 0.017211441 -0.394469798 -88.411560059 -0.021324620 0.999754786 -0.006045511 -0.423648059 0.394268781 0.013966240 0.918888748 94.630348206
0.917208970 0.017832462 -0.398008198 -88.731323242 -0.022333942 0.999728620 -0.006676512 -0.434398651 0.397780955 0.015012867 0.917357326 95.337921143
0.915158927 0.023800589 -0.402390748 -89.061630249 -0.026675310 0.999643385 -0.001541021 -0.448961854 0.402210414 0.012144201 0.915466487 96.048812866
0.912748575 0.025929291 -0.407698780 -89.390304565 -0.027216891 0.999626338 0.002642600 -0.463159502 0.407614768 0.008684291 0.913112402 96.762535095
0.910556376 0.022444846 -0.412775844 -89.714614868 -0.024256214 0.999705613 0.000851681 -0.482656538 0.412673235 0.009236896 0.910832107 97.469238281
0.908415675 0.020783449 -0.417551696 -90.047164917 -0.025389777 0.999662817 -0.005479731 -0.497636080 0.417296797 0.015579436 0.908636510 98.167648315
0.906305254 0.018260155 -0.422229588 -90.383651733 -0.025812136 0.999592841 -0.012175825 -0.511343956 0.421835154 0.021933675 0.906407058 98.863319397
