1.000000000 0.000000000 0.000000000 0.000000000 0.000000000 1.000000000 0.000000000 0.000000000 0.000000000 0.000000000 1.000000000 0.000000000
0.999996305 0.002712695 0.000166118 -0.002908061 -0.002712956 0.999995053 0.001596513 -0.016337579 -0.000161786 -0.001596958 0.999998689 0.787065268
0.999984860 0.005500285 0.000289568 -0.007789185 -0.005500837 0.999983013 0.001940979 -0.032249082 -0.000278887 -0.001942542 0.999998093 1.550365448
0.999975502 0.006969580 0.000666443 -0.009114527 -0.006970617 0.999974489 0.001565314 -0.047597621 -0.000655517 -0.001569921 0.999998569 2.305248022
0.999960721 0.008836372 0.000800820 -0.014633703 -0.008837327 0.999960303 0.001197579 -0.062640384 -0.000790206 -0.001204609 0.999998987 3.042019367
0.999958158 0.009068276 0.001281886 -0.019530546 -0.009069491 0.999958456 0.000944490 -0.076821074 -0.001273268 -0.000956077 0.999998748 3.763037920
0.999957025 0.009131979 0.001694764 -0.023103215 -0.009135448 0.999956191 0.002049888 -0.095752463 -0.001675970 -0.002065283 0.999996483 4.467422009
0.999948263 0.009909863 0.002337455 -0.026134685 -0.009920908 0.999939561 0.004761165 -0.107651725 -0.002290131 -0.004784108 0.999985933 5.148097992
0.999946773 0.009603880 0.003808407 -0.024676064 -0.009636683 0.999915838 0.008690373 -0.116475783 -0.003724625 -0.008726610 0.999955058 5.811974049
0.999947965 0.008831043 0.005135580 -0.022792093 -0.008893097 0.999886215 0.012188406 -0.126152337 -0.005027358 -0.012233442 0.999912560 6.451187611
0.999949217 0.007976083 0.006173329 -0.020037398 -0.008064338 0.999863863 0.014406013 -0.135649681 -0.006057584 -0.014455066 0.999877274 7.063661098
0.999936581 0.008456482 0.007440274 -0.018188782 -0.008561969 0.999861717 0.014262238 -0.145102412 -0.007318635 -0.014325039 0.999870718 7.648475647
0.999918818 0.009344182 0.008664378 -0.018146165 -0.009444028 0.999888659 0.011555444 -0.152827799 -0.008555434 -0.011636332 0.999895871 8.202144623
0.999910533 0.009309231 0.009604779 -0.013614960 -0.009393049 0.999917865 0.008719118 -0.158383578 -0.009522821 -0.008808557 0.999916017 8.730447769
0.999908328 0.007600009 0.011213932 -0.005468689 -0.007681274 0.999944448 0.007221797 -0.163666204 -0.011158422 -0.007307274 0.999911189 9.228963852
0.999907672 0.003757596 0.013060924 0.005398244 -0.003821664 0.999980927 0.004884039 -0.171650410 -0.013042320 -0.004933504 0.999902964 9.700283051
0.999888897 0.001900195 0.014787909 0.017442942 -0.001955053 0.999991357 0.003696220 -0.179800600 -0.014780757 -0.003724722 0.999884009 10.142676353
0.999836981 0.006146921 0.016984146 0.017567754 -0.006177294 0.999979496 0.001736540 -0.190372646 -0.016973123 -0.001841174 0.999854445 10.554572105
0.999745667 0.010478242 0.019977871 0.019598335 -0.010496941 0.999944568 0.000831411 -0.197964996 -0.019968051 -0.001040907 0.999800265 10.935630798
0.999666929 0.010989926 0.023352347 0.029316187 -0.011033378 0.999937713 0.001732721 -0.203439653 -0.023331845 -0.001989800 0.999725997 11.289557457
0.999627888 0.006747924 0.026434509 0.046374410 -0.006808523 0.999974430 0.002203102 -0.208757520 -0.026418965 -0.002382263 0.999648333 11.612360954
0.999585807 0.001845672 0.028725754 0.070826948 -0.001898615 0.999996543 0.001815872 -0.210134640 -0.028722303 -0.001869660 0.999585867 11.904800415
0.999516308 -0.001704521 0.031059060 0.086560637 0.001606334 0.999993563 0.003185978 -0.217672244 -0.031064289 -0.003134546 0.999512672 12.166856766
0.999427915 -0.002014449 0.033764344 0.095101774 0.001871333 0.999989212 0.004269723 -0.223767489 -0.033772573 -0.004204098 0.999420881 12.398613930
0.999357641 -0.001283823 0.035818875 0.103307277 0.001166156 0.999993861 0.003305753 -0.228327051 -0.035822891 -0.003261860 0.999352992 12.604915619
0.999278486 -0.000323119 0.037983283 0.110767156 0.000254042 0.999998331 0.001823431 -0.232359067 -0.037983812 -0.001812467 0.999276876 12.791800499
0.999177456 0.001791131 0.040513784 0.115876108 -0.001833620 0.999997795 0.001011611 -0.237681538 -0.040511880 -0.001085066 0.999178588 12.964471817
0.999105930 0.004416978 0.042046037 0.124723226 -0.004440680 0.999990046 0.000470342 -0.245574117 -0.042043537 -0.000656635 0.999115586 13.131576538
0.999037206 0.005736225 0.043495215 0.129666090 -0.005702923 0.999983430 -0.000889672 -0.252796441 -0.043499582 0.000640765 0.999053299 13.292493820
0.998955131 0.004839884 0.045446396 0.139201880 -0.004725812 0.999985456 -0.002617150 -0.257264197 -0.045458388 0.002399643 0.998963356 13.443783760
0.998892128 0.003493389 0.046931781 0.150106668 -0.003302012 0.999985933 -0.004154670 -0.259357780 -0.046945632 0.003995097 0.998889625 13.587653160
0.998837411 0.002733603 0.048130874 0.159513712 -0.002485127 0.999983370 -0.005221567 -0.262049496 -0.048144333 0.005095884 0.998827517 13.726230621
0.998760045 0.003428316 0.049666680 0.166227162 -0.003104802 0.999973536 -0.006589374 -0.265588462 -0.049687944 0.006426998 0.998744249 13.857872963
0.998700142 0.004345101 0.050785299 0.175246179 -0.003910504 0.999955058 -0.008653756 -0.268942475 -0.050820593 0.008443913 0.998672247 13.984629631
0.998656988 0.004410700 0.051619742 0.183225334 -0.003857823 0.999934256 -0.010805293 -0.273043334 -0.051663987 0.010591644 0.998608470 14.112834930
0.998617768 0.003511531 0.052442521 0.189405918 -0.002828850 0.999910474 -0.013086249 -0.276909709 -0.052483760 0.012919808 0.998538256 14.234513283
0.998650849 0.002490444 0.051866394 0.198420107 -0.001716596 0.999886632 -0.014959200 -0.280563086 -0.051897746 0.014849986 0.998542130 14.358963013
0.998758435 0.002066479 0.049771644 0.204369366 -0.001260401 0.999867618 -0.016221456 -0.283062756 -0.049798559 0.016138583 0.998628974 14.486986160
0.998901546 0.002091963 0.046809606 0.206760883 -0.001292255 0.999852836 -0.017107973 -0.287375957 -0.046838503 0.017028695 0.998757362 14.612603188
0.999082148 0.002659371 0.042752739 0.206679463 -0.001877706 0.999830544 -0.018313125 -0.291117311 -0.042794179 0.018216042 0.998917997 14.737309456
0.999317825 0.002831668 0.036821473 0.212312490 -0.002118375 0.999809623 -0.019396244 -0.294778079 -0.036869369 0.019305015 0.999133706 14.869478226
0.999538183 0.002788332 0.030259790 0.204771161 -0.002178010 0.999793887 -0.020183610 -0.297073066 -0.030309811 0.020108385 0.999338388 14.990792274
0.999728858 0.002793444 0.023114230 0.200333521 -0.002309665 0.999778271 -0.020930111 -0.300730139 -0.023167556 0.020871054 0.999513865 15.117798805
0.999885619 0.002746481 0.014870642 0.198065326 -0.002419341 0.999755621 -0.021972395 -0.301885128 -0.014927337 0.021933910 0.999648094 15.255709648
0.999986708 0.001566580 0.004895544 0.186670721 -0.001452575 0.999729693 -0.023204725 -0.305678427 -0.004930550 0.023197306 0.999718845 15.386662483
0.999967217 0.000057280 -0.008098016 0.176606268 -0.000258796 0.999690175 -0.024886053 -0.308625907 0.008094099 0.024887335 0.999657512 15.535145760
0.999702334 -0.000580016 -0.024390649 0.157720864 -0.000072922 0.999641776 -0.026760686 -0.313314676 0.024397455 0.026754498 0.999344349 15.692066193
0.999050140 -0.000263640 -0.043574639 0.128686666 -0.000944027 0.999615967 -0.027692055 -0.319063365 0.043565221 0.027706888 0.998666406 15.861143112
0.997874320 0.000608333 -0.065164931 0.088174462 -0.002387939 0.999626040 -0.027234882 -0.325537980 0.065124035 0.027332596 0.997502923 16.048042297
0.996038020 0.001196846 -0.088919535 0.045822382 -0.003495463 0.999663413 -0.025699334 -0.333928764 0.088858888 0.025908329 0.995707273 16.256692886
0.993265450 0.002277874 -0.115838036 -0.006205082 -0.005126734 0.999691367 -0.024301507 -0.339643687 0.115746960 0.024731718 0.992970824 16.473972321
0.989282548 0.003453751 -0.145973131 -0.066786051 -0.006740403 0.999734402 -0.022026861 -0.351975501 0.145858347 0.022774709 0.989043474 16.697614670
0.983829260 0.003448650 -0.179076165 -0.141624689 -0.006845084 0.999807894 -0.018352006 -0.363957971 0.178978547 0.019281033 0.983664274 16.933761597
0.976279080 0.004609138 -0.216466665 -0.220968723 -0.007897819 0.999865949 -0.014329952 -0.372166812 0.216371670 0.015699647 0.976184964 17.187015533
0.966612577 0.006560513 -0.256158918 -0.308913231 -0.009127330 0.999919057 -0.008832832 -0.385538459 0.256080389 0.010875969 0.966594517 17.422729492
0.954591513 0.010698160 -0.297726125 -0.417618275 -0.012383224 0.999915898 -0.003774128 -0.397663593 0.297660857 0.007289554 0.954644084 17.674053192
0.940397441 0.014566688 -0.339765757 -0.553627491 -0.015265701 0.999882996 0.000615597 -0.402801156 0.339735150 0.004607852 0.940510035 17.941768646
0.923479915 0.017451424 -0.383250117 -0.659861565 -0.016099244 0.999847353 0.006735648 -0.426683635 0.383309394 -0.000050208 0.923620224 18.174591064
0.904258013 0.020964149 -0.426471770 -0.844808102 -0.016463624 0.999762714 0.014237324 -0.427879155 0.426669329 -0.005852954 0.904388964 18.464164734
0.882310033 0.025431721 -0.469981343 -1.007730484 -0.017524542 0.999621391 0.021192368 -0.440127879 0.470342666 -0.010462043 0.882422030 18.718969345
0.857559323 0.030659854 -0.513471007 -1.226572037 -0.020303445 0.999461353 0.025769599 -0.440096825 0.513984799 -0.011673742 0.857720137 18.997344971
0.829760909 0.033924244 -0.557087302 -1.450590611 -0.021221947 0.999346554 0.029246662 -0.442459643 0.557715833 -0.012445276 0.829938948 19.256641388
0.798878312 0.037728317 -0.600308537 -1.695264816 -0.023900127 0.999233425 0.030994242 -0.439539611 0.601018071 -0.010413188 0.799167752 19.516431808
0.765650988 0.040419471 -0.641985297 -1.970647812 -0.024487937 0.999131560 0.033700407 -0.432684243 0.642790496 -0.010081867 0.765976191 19.767110825
0.728800058 0.044432949 -0.683283627 -2.270460129 -0.025685411 0.998963535 0.037564754 -0.420520127 0.684245229 -0.009826788 0.729186237 20.028152466
0.690441847 0.045869686 -0.721932352 -2.589934349 -0.023915889 0.998888969 0.040594116 -0.412220359 0.722992897 -0.010762239 0.690772057 20.270740509
0.649899602 0.045720540 -0.758643985 -2.941245079 -0.021091532 0.998889148 0.042130925 -0.398702502 0.759727836 -0.011379926 0.650142014 20.524173737
0.607769251 0.044511445 -0.792865574 -3.324027061 -0.015787436 0.998907387 0.043976825 -0.384108484 0.793957233 -0.014210464 0.607808053 20.768604279
0.563565731 0.044719040 -0.824860096 -3.728695869 -0.011241264 0.998855948 0.046471767 -0.369272053 0.825995147 -0.016917443 0.563423812 21.000865936
0.517582715 0.046313018 -0.854379117 -4.167622566 -0.009679428 0.998786807 0.048277076 -0.349922180 0.855578780 -0.016717490 0.517402887 21.214199066
0.467830300 0.045976840 -0.882621765 -4.629869938 -0.008382833 0.998831630 0.047587056 -0.327147603 0.883778870 -0.014863809 0.467668951 21.417900085
0.415260047 0.044868942 -0.908595741 -5.115170479 -0.003030166 0.998845160 0.047940824 -0.305200577 0.909698009 -0.017154722 0.414916337 21.610523224
0.361580253 0.044086985 -0.931298256 -5.629381180 0.002668021 0.998828173 0.048319660 -0.284846961 0.932337523 -0.019956170 0.361038625 21.783792496
0.307404310 0.043059450 -0.950604558 -6.162554264 0.005488856 0.998878598 0.047021098 -0.259085953 0.951563478 -0.019672230 0.306823015 21.925613403
0.253990620 0.048896063 -0.965970159 -6.728317738 0.006521880 0.998611867 0.052263200 -0.229491413 0.967184961 -0.019574314 0.253318906 22.040988922
0.199517280 0.053921945 -0.978409767 -7.334217548 0.009967020 0.998321295 0.057051785 -0.198895931 0.979843855 -0.021134658 0.198644668 22.173122406
0.150806352 0.055197466 -0.987021267 -7.943850040 0.015963560 0.998173535 0.058260195 -0.172056854 0.988434732 -0.024542393 0.149649516 22.248289108
0.106287539 0.056645077 -0.992720902 -8.569692612 0.019018888 0.998077452 0.058987014 -0.149559259 0.994153798 -0.025150042 0.105005592 22.295183182
0.066163696 0.054930337 -0.996295810 -9.211266518 0.019227691 0.998227835 0.056313753 -0.121450603 0.997623861 -0.022882406 0.064989969 22.310079575
0.030365061 0.050545137 -0.998260140 -9.875814438 0.016955180 0.998550594 0.051075585 -0.083669424 0.999395370 -0.018476605 0.029463753 22.307813644
0.001672268 0.050441358 -0.998725712 -10.563490868 0.014947725 0.998614013 0.050460726 -0.046229184 0.999887168 -0.015013074 0.000915654 22.288824081
-0.018897397 0.054521848 -0.998333871 -11.270333290 0.013738365 0.998431683 0.054267142 -0.012757003 0.999727249 -0.012689979 -0.019617118 22.254055023
-0.031910919 0.060410801 -0.997663438 -12.004380226 0.015366356 0.998083174 0.059944700 0.022154212 0.999372840 -0.013417572 -0.032778364 22.222881317
-0.039817449 0.062980048 -0.997220278 -12.756730080 0.015109909 0.997935236 0.062421881 0.058107376 0.999093056 -0.012582435 -0.040687181 22.186059952
-0.043643665 0.060289521 -0.997226357 -13.522496223 0.016218061 0.998088419 0.059631839 0.093382061 0.998915851 -0.013570536 -0.044538327 22.147867203
-0.042949531 0.056360446 -0.997486234 -14.311103821 0.023827992 0.998181045 0.055373702 0.134109080 0.998793364 -0.021389836 -0.044214681 22.120761871
-0.038767856 0.054641429 -0.997753203 -15.117869377 0.035626173 0.997944355 0.053267632 0.179882944 0.998613238 -0.033481073 -0.040635142 22.106925964
-0.033153202 0.054832015 -0.997945189 -15.939359665 0.036033724 0.997910082 0.053632986 0.216698229 0.998800695 -0.034181599 -0.035060037 22.078201294
-0.028067242 0.053499490 -0.998173416 -16.789363861 0.034466781 0.998024523 0.052522343 0.248068988 0.999011874 -0.032929685 -0.029856063 22.051439285
-0.025045861 0.047126692 -0.998574913 -17.646266937 0.038006246 0.998210669 0.046156228 0.285201848 0.998963833 -0.036796086 -0.026792463 22.034500122
-0.022571854 0.036746163 -0.999069691 -18.477409363 0.036312588 0.998694718 0.035911962 0.302752256 0.999085724 -0.035468243 -0.023877060 21.996164322
-0.021957560 0.028458636 -0.999353766 -19.379909515 0.028805511 0.999197483 0.027821261 0.328831732 0.999343991 -0.028176043 -0.022760015 21.961750031
-0.023581779 0.025579836 -0.999394596 -20.304164886 0.023253227 0.999415815 0.025031690 0.355115771 0.999451637 -0.022648884 -0.024163129 21.929107666
-0.026995208 0.031780284 -0.999130249 -21.263122559 0.014121495 0.999406695 0.031407520 0.374945790 0.999535978 -0.013261382 -0.027428286 21.882375717
-0.031804338 0.039806966 -0.998701096 -22.243259430 0.009278051 0.999174953 0.039530382 0.401834548 0.999451220 -0.008008779 -0.032147747 21.835275650
-0.036349341 0.049339034 -0.998120368 -23.238992691 0.007755970 0.998764038 0.049088381 0.438238859 0.999309063 -0.005957078 -0.036687408 21.790374756
-0.037893362 0.059265241 -0.997522771 -24.251256943 0.006445447 0.998233199 0.059062600 0.480441570 0.999261022 -0.004191412 -0.038208716 21.742809296
-0.038972337 0.066960692 -0.996994138 -25.277860641 0.008368955 0.997738719 0.066683576 0.527990341 0.999205351 -0.005744994 -0.039444912 21.699697495
-0.040415674 0.067800507 -0.996879935 -26.300859451 0.009317067 0.997676969 0.067476988 0.581587553 0.999139607 -0.006560881 -0.040953804 21.655059814
-0.042192936 0.065149851 -0.996982992 -27.330871582 0.008120759 0.997860909 0.064863533 0.634428263 0.999076486 -0.005359486 -0.042632055 21.605257034
-0.045041278 0.060284477 -0.997164488 -28.361400604 0.008002272 0.998167038 0.059983633 0.683926821 0.998953104 -0.005277853 -0.045441449 21.552381516
-0.049658533 0.055222262 -0.997238338 -29.393171310 0.008241959 0.998458743 0.054879427 0.727954149 0.998732269 -0.005493979 -0.050037447 21.495164871
-0.055391893 0.050717011 -0.997175753 -30.431461334 0.008539373 0.998696446 0.050320007 0.768767178 0.998428166 -0.005727949 -0.055753101 21.431880951
-0.062125716 0.048879247 -0.996870697 -31.480815887 0.007619725 0.998793840 0.048498683 0.809305966 0.998039305 -0.004582877 -0.062423557 21.357238770
-0.068675481 0.051296990 -0.996319294 -32.535930634 0.007788470 0.998674154 0.050881375 0.850574017 0.997608662 -0.004265512 -0.068984278 21.278106689
-0.075093672 0.056213409 -0.995590746 -33.596637726 0.006367534 0.998416305 0.055892661 0.891392291 0.997156143 -0.002142282 -0.075333029 21.190681458
-0.081292897 0.059096895 -0.994936645 -34.667289734 0.003653422 0.998251379 0.058995266 0.936741114 0.996683478 0.001160965 -0.081366986 21.094060898
-0.086063042 0.061348137 -0.994399011 -35.735885620 0.000592859 0.998105168 0.061525464 0.985142231 0.996289492 0.004705524 -0.085936666 20.992347717
-0.088786490 0.062638916 -0.994079113 -36.804023743 -0.003832233 0.997991741 0.063227706 1.033046603 0.996043444 0.009423304 -0.088368468 20.885028839
-0.090368956 0.063879751 -0.993857443 -37.880100250 -0.007885302 0.997863531 0.064854197 1.084576964 0.995877266 0.013697668 -0.089672513 20.772600174
-0.091899082 0.063428335 -0.993746102 -38.955692291 -0.009322852 0.997870684 0.064553723 1.135229588 0.995724738 0.015196971 -0.091112390 20.662832260
-0.093334787 0.062647648 -0.993661761 -40.043510437 -0.009775551 0.997912586 0.063833848 1.186756849 0.995586932 0.015671505 -0.092527889 20.554065704
-0.094368219 0.061880749 -0.993612289 -41.131160736 -0.011068565 0.997939408 0.063201450 1.239713073 0.995475888 0.016962063 -0.093489178 20.442356110
-0.095228963 0.061012279 -0.993583739 -42.221935272 -0.013305748 0.997952759 0.062555805 1.290406942 0.995366633 0.019177498 -0.094222531 20.326972961
-0.095815517 0.058525492 -0.993677080 -43.311195374 -0.017810969 0.998009324 0.060498066 1.341018081 0.995239913 0.023494998 -0.094582729 20.204498291
-0.096102960 0.053630862 -0.993925512 -44.406581879 -0.023111681 0.998157978 0.056093890 1.388326883 0.995103180 0.028362073 -0.094686784 20.083589554
-0.095182419 0.053000376 -0.994047940 -45.507549286 -0.024672115 0.998149276 0.055581447 1.437657714 0.995154202 0.029815635 -0.093698964 19.966705322
-0.093394190 0.057212502 -0.993984044 -46.616645813 -0.025458813 0.997883856 0.059829049 1.485671520 0.995303810 0.030893333 -0.091740347 19.852239609
-0.091511540 0.060325153 -0.993975163 -47.735427856 -0.025496027 0.997694135 0.062898181 1.536415339 0.995477617 0.031098319 -0.089762829 19.742443085
-0.089972913 0.059888080 -0.994142056 -48.849895477 -0.023578219 0.997782588 0.062241275 1.592426419 0.995665252 0.029040122 -0.088361703 19.638069153
-0.087316364 0.059102446 -0.994425833 -49.966213226 -0.023316374 0.997843683 0.061352875 1.644586205 0.995907903 0.028543511 -0.085750401 19.532297134
-0.083232775 0.059638746 -0.994743943 -51.089942932 -0.027656944 0.997684777 0.062129173 1.697091341 0.996146500 0.032682754 -0.081391007 19.426702499
-0.077580191 0.060587719 -0.995143414 -52.214420319 -0.032652017 0.997461796 0.063274369 1.748591185 0.996451437 0.037402272 -0.075405337 19.324792862
-0.071717180 0.060223408 -0.995605230 -53.341484070 -0.036482185 0.997349203 0.062956825 1.801660299 0.996757746 0.040836945 -0.069330357 19.229881287
-0.065963812 0.059398301 -0.996052504 -54.471637726 -0.037910204 0.997356653 0.061986659 1.855531454 0.997101724 0.041849438 -0.063538000 19.146753311
-0.060354672 0.058668219 -0.996451378 -55.599857330 -0.037408434 0.997436941 0.060992043 1.907036304 0.997475863 0.040956847 -0.058005646 19.074478149
-0.055023100 0.058463491 -0.996772170 -56.727943420 -0.035621051 0.997533858 0.060474489 1.956528187 0.997849643 0.038833559 -0.052805226 19.009481430
-0.049680896 0.059119806 -0.997013986 -57.870098114 -0.034681413 0.997542381 0.060879290 2.008476496 0.998162985 0.037602384 -0.047508799 18.950321198
-0.043992870 0.060781736 -0.997181237 -59.028873444 -0.033732511 0.997487903 0.062288601 2.062003851 0.998462260 0.036377672 -0.041832395 18.897491455
-0.038666874 0.062150754 -0.997317612 -60.180782318 -0.034327906 0.997392118 0.063486293 2.115356922 0.998662353 0.036690637 -0.036432873 18.848649979
-0.033471085 0.061393518 -0.997552335 -61.333091736 -0.033843130 0.997469425 0.062523939 2.168720245 0.998866558 0.035853043 -0.031308975 18.808090210
-0.028716855 0.056828320 -0.997970939 -62.481357574 -0.033943616 0.997751355 0.057792533 2.221303701 0.999011040 0.035534363 -0.026723664 18.771451950
-0.024752807 0.051511794 -0.998365581 -63.631397247 -0.033699404 0.998061001 0.052331574 2.268108845 0.999125600 0.034939673 -0.022969237 18.744989395
-0.021031365 0.050870661 -0.998483777 -64.795600891 -0.033578902 0.998105347 0.051558629 2.315725327 0.999214947 0.034612335 -0.019283677 18.714849472
-0.017689778 0.053348597 -0.998419285 -65.961212158 -0.032863308 0.998004913 0.053908695 2.356755257 0.999303401 0.033764999 -0.015901614 18.686983109
-0.015324507 0.052944705 -0.998479843 -67.124832153 -0.033209000 0.998019218 0.053429943 2.401145458 0.999331117 0.033977307 -0.013536256 18.654682159
-0.014176989 0.052633755 -0.998513222 -68.302543640 -0.035012707 0.997974992 0.053102471 2.449703217 0.999286473 0.035713490 -0.012305773 18.628360748
-0.012986070 0.053356897 -0.998490989 -69.476127625 -0.036344349 0.997890174 0.053797442 2.496726513 0.999255061 0.036988124 -0.011019792 18.600019455
-0.011907137 0.053204574 -0.998512626 -70.646636963 -0.036738098 0.997885942 0.053609245 2.536861420 0.999254167 0.037321791 -0.009927670 18.580801010
-0.010579670 0.051193256 -0.998632669 -71.826881409 -0.037099972 0.997980833 0.051552847 2.580273151 0.999255717 0.037594661 -0.008659381 18.559108734
-0.009839372 0.049919095 -0.998704731 -73.003921509 -0.035334904 0.998111963 0.050237551 2.622998714 0.999327183 0.035783447 -0.008057250 18.543722153
-0.009427655 0.049872447 -0.998711109 -74.186454773 -0.031964693 0.998230040 0.050150130 2.662274122 0.999444723 0.032396287 -0.007817151 18.530424118
-0.009144253 0.050528374 -0.998680830 -75.369682312 -0.029719722 0.998267531 0.050779562 2.703515053 0.999516606 0.030144855 -0.007627061 18.516973495
-0.009118337 0.053335905 -0.998535037 -76.554344177 -0.029283144 0.998133957 0.053581856 2.744387865 0.999529779 0.029728822 -0.007539819 18.502244949
-0.008814229 0.056928467 -0.998339355 -77.739387512 -0.031658366 0.997861683 0.057180699 2.788341522 0.999460220 0.032109793 -0.006993460 18.483030319
-0.008255150 0.056784891 -0.998352289 -78.922584534 -0.033832014 0.997798800 0.057033125 2.835911751 0.999393702 0.034247089 -0.006316174 18.464826584
-0.008058570 0.054753441 -0.998467386 -80.101531982 -0.034938343 0.997874677 0.055002891 2.882250309 0.999357283 0.035328049 -0.006128788 18.449447632
-0.007879217 0.052447453 -0.998592615 -81.284591675 -0.034623243 0.998010516 0.052690025 2.925817490 0.999369740 0.034989670 -0.006047981 18.437889099
-0.007940797 0.051696733 -0.998631299 -82.465736389 -0.032462936 0.998123050 0.051928516 2.968889713 0.999441743 0.032830860 -0.006248006 18.427520752
-0.007902720 0.053071722 -0.998559535 -83.641647339 -0.030912191 0.998100340 0.053291928 3.011008501 0.999491215 0.031288806 -0.006247486 18.416154861
-0.007612169 0.055855226 -0.998409808 -84.813583374 -0.030162970 0.997971654 0.056060642 3.053406477 0.999516368 0.030541752 -0.005912310 18.404533386
-0.007094710 0.058088433 -0.998286307 -85.994499207 -0.030464921 0.997835457 0.058278676 3.099961758 0.999510944 0.030826190 -0.005310034 18.393093109
-0.007023431 0.058202736 -0.998280108 -87.174354553 -0.031636454 0.997792065 0.058396820 3.148669720 0.999475121 0.031992186 -0.005166937 18.382913589
-0.006857708 0.056025453 -0.998405814 -88.346054077 -0.030764224 0.997944832 0.056210853 3.195312977 0.999503493 0.031100662 -0.005120376 18.375736237
-0.006741429 0.054513942 -0.998490274 -89.515930176 -0.029171409 0.998077273 0.054688308 3.242787600 0.999552011 0.029496051 -0.005138560 18.368276596
-0.006682321 0.055530176 -0.998434663 -90.687232971 -0.027432630 0.998071015 0.055693503 3.286666632 0.999601662 0.027761852 -0.005146434 18.359886169
-0.006278446 0.058198124 -0.998285472 -91.868202209 -0.024818193 0.997988403 0.058336873 3.335690022 0.999672592 0.025141900 -0.004821786 18.347743988
-0.006276833 0.060658466 -0.998138964 -93.035629272 -0.023527654 0.997873306 0.060790244 3.382869244 0.999703825 0.023865437 -0.004836672 18.339826584
-0.005605555 0.062333338 -0.998039722 -94.205139160 -0.024117455 0.997756600 0.062451079 3.434993029 0.999693751 0.024420248 -0.004089998 18.323675156
-0.005179955 0.064294443 -0.997917712 -95.375000000 -0.026615150 0.997568548 0.064410061 3.483868361 0.999632537 0.026893372 -0.003456496 18.305471420
-0.004961250 0.063561946 -0.997965753 -96.542251587 -0.028606514 0.997560382 0.063678309 3.534703255 0.999578714 0.028864244 -0.003131204 18.292675018
-0.005087411 0.059396766 -0.998221636 -97.695999146 -0.031045578 0.997743845 0.059526525 3.587545395 0.999505281 0.031293206 -0.003232268 18.280832291
-0.004723899 0.057391372 -0.998340905 -98.861465454 -0.032337390 0.997820973 0.057514451 3.641486406 0.999466181 0.032555416 -0.002858060 18.268072128
-0.004727555 0.055572007 -0.998443723 -100.020118713 -0.032319356 0.997924626 0.055696107 3.689888716 0.999466658 0.032532368 -0.002922033 18.259485245
-0.004646936 0.055833958 -0.998429537 -101.177627563 -0.031100830 0.997949064 0.055951800 3.738886833 0.999505639 0.031311985 -0.002901265 18.252124786
-0.004325946 0.057913817 -0.998312414 -102.343154907 -0.031213095 0.997827470 0.058020890 3.787379980 0.999503732 0.031411406 -0.002509218 18.233181000
-0.004289454 0.059957698 -0.998191953 -103.504608154 -0.029915247 0.997746527 0.060059458 3.835362434 0.999543488 0.030118775 -0.002486480 18.226282120
-0.004890915 0.058931280 -0.998250365 -104.668594360 -0.033815674 0.997681499 0.059063345 3.887025118 0.999416471 0.034045376 -0.002887115 18.212902069
-0.005172088 0.059973430 -0.998186767 -105.845901489 -0.037953712 0.997469127 0.060126927 3.942024231 0.999266446 0.038195875 -0.002883124 18.194021225
-0.005412544 0.059182618 -0.998232722 -107.021728516 -0.041105494 0.997390509 0.059355516 3.994520664 0.999140501 0.041354116 -0.002966030 18.179088593
-0.005743436 0.055439025 -0.998445749 -108.201560974 -0.041625518 0.997583628 0.055630557 4.042484760 0.999117076 0.041880332 -0.003422220 18.168590546
-0.006410964 0.051267441 -0.998664558 -109.383621216 -0.041347336 0.997817457 0.051489349 4.096471786 0.999124467 0.041622218 -0.004277542 18.155157089
-0.007319705 0.050271831 -0.998708963 -110.574485779 -0.038146574 0.997994721 0.050515428 4.138237953 0.999245524 0.038467083 -0.005387670 18.146148682
-0.007556823 0.049514767 -0.998744965 -111.783943176 -0.033314489 0.998206735 0.049740098 4.186319828 0.999416590 0.033648565 -0.005894053 18.134347916
-0.008127492 0.051329907 -0.998649001 -112.990493774 -0.032535173 0.998139679 0.051568482 4.231771469 0.999437749 0.032910343 -0.006442683 18.122093201
-0.008868187 0.055240124 -0.998434007 -114.222717285 -0.031715825 0.997955382 0.055495318 4.281500340 0.999457836 0.032158304 -0.007098407 18.105976105
-0.009729757 0.055183522 -0.998429060 -115.454566956 -0.030249458 0.998003125 0.055454735 4.334368229 0.999495208 0.030741503 -0.008041394 18.101621628
-0.010279603 0.050860912 -0.998653054 -116.687202454 -0.030361285 0.998229623 0.051151834 4.383548737 0.999486327 0.030846216 -0.008717543 18.083559036
-0.011025426 0.047004033 -0.998834074 -117.928634644 -0.030645061 0.998409808 0.047322303 4.433231354 0.999469757 0.031131083 -0.009567791 18.061025620
-0.011886071 0.045484301 -0.998894632 -119.172966003 -0.029789122 0.998505712 0.045821033 4.476692200 0.999485731 0.030300824 -0.010513713 18.041685104
-0.012266226 0.046739221 -0.998832166 -120.425704956 -0.031585418 0.998390734 0.047106419 4.518857002 0.999426126 0.032126352 -0.010770546 18.014139175
-0.012624200 0.051399644 -0.998598695 -121.687080383 -0.036302052 0.997996449 0.051827535 4.564121723 0.999261379 0.036905468 -0.010733330 17.981550217
-0.012944926 0.054557655 -0.998427093 -122.957252502 -0.041734431 0.997611225 0.055054136 4.612234592 0.999045134 0.042381465 -0.010637407 17.953903198
-0.013087389 0.054475203 -0.998429716 -124.222625732 -0.048995972 0.997280836 0.055054732 4.661676884 0.998713553 0.049639549 -0.010383072 17.922765732
-0.013011492 0.052464880 -0.998538375 -125.488456726 -0.052067943 0.997232437 0.053074710 4.710150719 0.998559058 0.052682411 -0.010244081 17.893701553
-0.013512722 0.051258955 -0.998594344 -126.754501343 -0.054334395 0.997172356 0.051921170 4.756119728 0.998431623 0.054959606 -0.010689724 17.865444183
-0.014131000 0.050631557 -0.998617768 -128.011276245 -0.054402258 0.997199118 0.051329438 4.800076485 0.998419285 0.055052381 -0.011337288 17.843429565
-0.014744195 0.049661249 -0.998657584 -129.270675659 -0.051967721 0.997378111 0.050364859 4.840332985 0.998540103 0.052640546 -0.012125093 17.821952820
-0.015258353 0.050472606 -0.998609185 -130.524032593 -0.052217770 0.997322261 0.051205408 4.878901482 0.998519301 0.052926451 -0.012582266 17.798261642
-0.015620555 0.055558112 -0.998333573 -131.796798706 -0.051996190 0.997059166 0.056300737 4.925476074 0.998525143 0.052788991 -0.012686146 17.764673233
-0.016125198 0.059590440 -0.998092830 -133.070480347 -0.050794866 0.996884882 0.060338937 4.976201057 0.998579085 0.051670969 -0.013048416 17.738405228
-0.016071133 0.058156423 -0.998178303 -134.338607788 -0.051352728 0.996941686 0.058911156 5.031375885 0.998551369 0.052205939 -0.013035831 17.712747574
-0.015240926 0.056741986 -0.998272717 -135.602813721 -0.051509731 0.997018456 0.057457078 5.084672928 0.998556197 0.052296456 -0.012273061 17.685043335
-0.014043857 0.056153595 -0.998323619 -136.861099243 -0.050564248 0.997104764 0.056796320 5.133141041 0.998622060 0.051277112 -0.011164174 17.660474777
-0.013116000 0.055473842 -0.998374164 -138.114135742 -0.050877869 0.997129738 0.056073070 5.181525230 0.998618722 0.051530603 -0.010256303 17.636711121
-0.012323723 0.057626922 -0.998262286 -139.368667603 -0.050714098 0.997017264 0.058181096 5.228368759 0.998637199 0.051342979 -0.009364810 17.616323471
-0.011373498 0.061314888 -0.998053789 -140.627197266 -0.051676057 0.996748626 0.061823558 5.279947758 0.998599231 0.052278627 -0.008168347 17.594833374
-0.009989344 0.062339142 -0.998005152 -141.875274658 -0.053003311 0.996618986 0.062783048 5.332094193 0.998544455 0.053524740 -0.006651729 17.572526932
-0.009170494 0.059648771 -0.998177469 -143.120407104 -0.054975882 0.996679783 0.060064305 5.385070801 0.998445570 0.055426523 -0.005861143 17.551374435
-0.008930503 0.056549244 -0.998359978 -144.361068726 -0.053634435 0.996935666 0.056948293 5.437159061 0.998520732 0.054055061 -0.005870493 17.533220291
-0.008838008 0.054913241 -0.998452127 -145.608963013 -0.050584547 0.997188330 0.055291444 5.486287594 0.998680651 0.050994921 -0.006035739 17.519163132
-0.008914077 0.054471079 -0.998475730 -146.844497681 -0.049111135 0.997286737 0.054844622 5.529442787 0.998753548 0.049525172 -0.006215096 17.498739243
-0.008916905 0.054712567 -0.998462439 -148.085083008 -0.046548076 0.997397184 0.055069845 5.576126099 0.998876274 0.046967570 -0.006347271 17.481109619
-0.009227772 0.053233363 -0.998539567 -149.319641113 -0.044535764 0.997569501 0.053593166 5.620525360 0.998965204 0.044965271 -0.006834896 17.469621658
-0.009220410 0.053354569 -0.998533249 -150.549484253 -0.043776345 0.997596979 0.053708728 5.666626930 0.998998821 0.044207349 -0.006862927 17.453119278
-0.009236947 0.055911377 -0.998393178 -151.799072266 -0.041417800 0.997557759 0.056247734 5.715530396 0.999099314 0.041870814 -0.006899002 17.437507629
-0.009452586 0.057254136 -0.998315096 -153.038665771 -0.038845323 0.997585237 0.057580043 5.765529633 0.999200523 0.039324161 -0.007206045 17.426368713
-0.009670946 0.055704765 -0.998400629 -154.259307861 -0.036701843 0.997755110 0.056024205 5.814375877 0.999279618 0.037184950 -0.007605108 17.413612366
-0.010285721 0.055888020 -0.998384237 -155.498855591 -0.037971858 0.997695327 0.056240607 5.864844322 0.999225974 0.038488992 -0.008140186 17.392936707
-0.009917837 0.060486089 -0.998119950 -156.740158081 -0.038933337 0.997389078 0.060828615 5.918616772 0.999192655 0.039463431 -0.007537355 17.366346359
-0.009278852 0.067121677 -0.997701824 -157.974548340 -0.044100478 0.996746838 0.067467511 5.971959591 0.998984039 0.044625159 -0.006288909 17.335643768
-0.007874917 0.067002490 -0.997721910 -159.210494995 -0.048768748 0.996540010 0.067308009 6.034011841 0.998779118 0.049187690 -0.004580383 17.309843063
-0.006677288 0.063286498 -0.997973144 -160.431152344 -0.052406598 0.996601999 0.063550152 6.091467857 0.998603642 0.052724723 -0.003338310 17.292646408
-0.005092100 0.057813287 -0.998314619 -161.653366089 -0.054195188 0.996844709 0.058004536 6.143902779 0.998517394 0.054399207 -0.001943175 17.276763916
-0.004245363 0.056248132 -0.998407960 -162.881500244 -0.056674588 0.996798873 0.056398422 6.193116665 0.998383701 0.056823779 -0.001044277 17.260112762
-0.002994982 0.053099785 -0.998584926 -164.104598999 -0.051348276 0.997264147 0.053183518 6.236092567 0.998676419 0.051434889 -0.000260548 17.254499435
-0.002826668 0.048717879 -0.998808920 -165.327041626 -0.047846790 0.997662544 0.048797321 6.279063225 0.998850703 0.047927726 -0.000489410 17.250263214
-0.003053124 0.045452349 -0.998962164 -166.550186157 -0.041579887 0.998097241 0.045540035 6.315732956 0.999130547 0.041675769 -0.001157753 17.247259140
-0.004286279 0.048424222 -0.998817980 -167.771133423 -0.039125908 0.998054385 0.048555057 6.355762959 0.999225199 0.039287772 -0.002383640 17.245292664
-0.003702074 0.054735389 -0.998494387 -169.003601074 -0.039690267 0.997706413 0.054839306 6.398177147 0.999205172 0.039833520 -0.001521464 17.237913132
-0.002271876 0.057916243 -0.998319209 -170.231536865 -0.041299205 0.997464776 0.057960596 6.445534706 0.999144256 0.041361474 0.000125434 17.227689743
-0.000520097 0.054501619 -0.998513877 -171.448028564 -0.042301685 0.997619152 0.054474764 6.494996071 0.999104798 0.042267140 0.001786306 17.219947815
0.000129235 0.054552432 -0.998511255 -172.670166016 -0.044751871 0.997511208 0.054491960 6.543613434 0.998998106 0.044678193 0.002569891 17.210391998
0.000964250 0.055639002 -0.998450816 -173.891311646 -0.042717408 0.997542202 0.055547066 6.585875988 0.999086678 0.042597659 0.003338288 17.207063675
0.001455524 0.053656295 -0.998558700 -175.097229004 -0.042730480 0.997651041 0.053545192 6.630475044 0.999085546 0.042590950 0.003744517 17.207120895
0.002942240 0.052235574 -0.998630822 -176.271942139 -0.042739779 0.997729182 0.052062444 6.669751644 0.999081910 0.042528067 0.005167747 17.200891495
0.004666364 0.054071359 -0.998526573 -177.433532715 -0.044232666 0.997571230 0.053812880 6.707157135 0.999010384 0.043916367 0.007046401 17.197988510
0.005894758 0.056009483 -0.998413205 -178.567916870 -0.044247914 0.997467220 0.055695117 6.739472389 0.999003172 0.043849379 0.008357780 17.197681427
0.006401413 0.057404146 -0.998331010 -179.671447754 -0.045315787 0.997342467 0.057056684 6.774859428 0.998952210 0.044874888 0.008985362 17.196846008
0.006763198 0.058526531 -0.998263419 -180.752334595 -0.045738705 0.997259498 0.058157749 6.812022209 0.998930573 0.045265917 0.009421239 17.194952011
0.006382341 0.059450883 -0.998211324 -181.789810181 -0.044986740 0.997237921 0.059105240 6.845260143 0.998967290 0.044529021 0.009038864 17.201789856
0.006548842 0.058531485 -0.998264611 -182.789749146 -0.045031678 0.997290373 0.058178917 6.878950119 0.998964250 0.044572502 0.009166516 17.210176468
0.008130936 0.058376811 -0.998262107 -183.771057129 -0.046074372 0.997256517 0.057942703 6.913321495 0.998905063 0.045523144 0.010797952 17.209182739
0.009445969 0.059037812 -0.998211503 -184.722579956 -0.046960350 0.997180700 0.058532428 6.947398186 0.998852253 0.046323441 0.012191421 17.212957382
0.008900979 0.057592005 -0.998300910 -185.648880005 -0.045345079 0.997336686 0.057132043 6.972720146 0.998931885 0.044759486 0.011488433 17.212310791
0.005839686 0.054572802 -0.998493135 -186.583007812 -0.043228757 0.997590423 0.054270614 7.002191544 0.999048293 0.042846680 0.008184379 17.214080811
0.001419878 0.050767362 -0.998709917 -187.522994995 -0.043382324 0.997773707 0.050658073 7.035917282 0.999057710 0.043254413 0.003618778 17.201042175
-0.003895808 0.047961049 -0.998842120 -188.451629639 -0.044769514 0.997839689 0.048087522 7.062916279 0.998989761 0.044904992 -0.001740541 17.196451187
-0.007517680 0.047072012 -0.998863697 -189.382354736 -0.046866175 0.997777641 0.047373533 7.094756126 0.998872876 0.047169041 -0.005295228 17.175737381
-0.010409065 0.047693264 -0.998808265 -190.303436279 -0.048700284 0.997652829 0.048145596 7.123765945 0.998759270 0.049143370 -0.008062296 17.157585144
-0.012369074 0.049362265 -0.998704731 -191.219894409 -0.047537629 0.997622907 0.049897518 7.153328896 0.998792887 0.048093218 -0.009993439 17.141971588
-0.013829805 0.050847054 -0.998611152 -192.144958496 -0.044628702 0.997680128 0.051417682 7.183563232 0.998907983 0.045277793 -0.011528815 17.126295090
-0.015275275 0.051361676 -0.998563707 -193.055633545 -0.043040931 0.997720897 0.051976703 7.210710526 0.998956561 0.043773051 -0.013030138 17.109020233
-0.016164036 0.050351512 -0.998601258 -193.961502075 -0.043331522 0.997758031 0.051010374 7.238095284 0.998929977 0.044095412 -0.013946320 17.086235046
-0.016864778 0.049166515 -0.998648703 -194.870422363 -0.045115482 0.997735977 0.049883459 7.268774509 0.998839438 0.045895759 -0.014608757 17.062339783
-0.016714931 0.048504300 -0.998683572 -195.779006958 -0.048691511 0.997598529 0.049266532 7.298849583 0.998673975 0.049450859 -0.014313370 17.037151337
-0.015786231 0.046805408 -0.998779655 -196.686553955 -0.051342200 0.997548401 0.047559176 7.327266693 0.998556256 0.052030288 -0.013344772 17.011091232
-0.014742466 0.044126838 -0.998917580 -197.603591919 -0.051550306 0.997663915 0.044832245 7.355603218 0.998561561 0.052155402 -0.012433609 16.989353180
-0.014137449 0.041564163 -0.999036252 -198.523132324 -0.051318079 0.997789145 0.042238463 7.383251667 0.998582244 0.051865723 -0.011973535 16.972261429
-0.013332982 0.041196287 -0.999062598 -199.446273804 -0.051423635 0.997800708 0.041830521 7.409551144 0.998587847 0.051933106 -0.011185532 16.952476501
-0.012726178 0.043838501 -0.998957872 -200.381820679 -0.048815083 0.997820199 0.044410430 7.437505722 0.998726726 0.049329344 -0.010558795 16.938543320
-0.012619281 0.045164865 -0.998900235 -201.320693970 -0.048327312 0.997784674 0.045724932 7.463219643 0.998751819 0.048851140 -0.010408966 16.922885895
-0.011715766 0.041413523 -0.999073744 -202.261276245 -0.043338474 0.998182297 0.041884780 7.489815712 0.998991668 0.043788999 -0.009900007 16.912788391
-0.011620152 0.037993312 -0.999210715 -203.207855225 -0.041805804 0.998385966 0.038448103 7.520754337 0.999058127 0.042219542 -0.010013391 16.899492264
-0.010926904 0.038400214 -0.999203026 -204.165084839 -0.046250798 0.998173773 0.038866416 7.550812244 0.998870015 0.046638589 -0.009131245 16.875410080
-0.009308447 0.042516947 -0.999052703 -205.130905151 -0.047565918 0.997946203 0.042913027 7.575528145 0.998824656 0.047920283 -0.007267310 16.857042313
-0.007256590 0.041834179 -0.999098480 -206.102752686 -0.045203660 0.998089731 0.042120252 7.605163097 0.998951435 0.045468520 -0.005352008 16.845514297
-0.005053892 0.042818300 -0.999070346 -207.078887939 -0.043819312 0.998113990 0.042998955 7.641552925 0.999026597 0.043995850 -0.003168433 16.835683823
-0.003305992 0.047418535 -0.998869836 -208.066528320 -0.044636793 0.997872829 0.047518916 7.675579071 0.998997808 0.044743419 -0.001182689 16.825527191
-0.001894013 0.050960664 -0.998699129 -209.054229736 -0.041085009 0.997853756 0.050995428 7.713374615 0.999153852 0.041128125 0.000203430 16.820983887
-0.000464606 0.051658943 -0.998664856 -210.065353394 -0.041067868 0.997821629 0.051634416 7.750530720 0.999156237 0.041037001 0.001657586 16.818582535
-0.001468155 0.051192559 -0.998687923 -211.051681519 -0.042457372 0.997785270 0.051208686 7.790953159 0.999097109 0.042476825 0.000708256 16.842273712
0.001718968 0.052888244 -0.998599231 -212.076797485 -0.045238063 0.997582495 0.052756507 7.831191540 0.998974621 0.045083981 0.004107029 16.830896378
0.005352312 0.053088598 -0.998575747 -213.103607178 -0.046247404 0.997534692 0.052785344 7.869858742 0.998915553 0.045898981 0.007793979 16.827709198
0.008300542 0.050493661 -0.998690069 -214.135833740 -0.049176984 0.997536659 0.050026603 7.908211708 0.998755515 0.048697300 0.010762873 16.825939178
