1.000000000 0.000000000 0.000000000 0.000000000 0.000000000 1.000000000 0.000000000 0.000000000 0.000000000 0.000000000 1.000000000 0.000000000
0.999931157 -0.002813294 0.011390273 0.015185907 0.002800640 0.999995470 0.001126737 -0.005464522 -0.011393392 -0.001094759 0.999934494 0.293673187
0.999825478 -0.004938179 0.018018786 0.027784659 0.004917506 0.999987185 0.001191437 -0.010122092 -0.018024439 -0.001102622 0.999836922 0.588915288
0.999771953 -0.007810348 0.019875767 0.040127847 0.007815167 0.999969363 -0.000164883 -0.012518402 -0.019873871 0.000320178 0.999802589 0.885887802
0.999801457 -0.009355235 0.017595863 0.050272003 0.009379768 0.999955058 -0.001312329 -0.018402109 -0.017582795 0.001477114 0.999844432 1.181227446
0.999873221 -0.011898933 0.010583174 0.056691162 0.011932675 0.999923766 -0.003130882 -0.017413871 -0.010545115 0.003256771 0.999939203 1.503711462
0.999904335 -0.013674618 -0.002082011 0.058193546 0.013663672 0.999893129 -0.005184180 -0.019843906 0.002152680 0.005155236 0.999984562 1.823665977
0.999733508 -0.012964306 -0.019098358 0.046545584 0.012869828 0.999904275 -0.005061494 -0.030144507 0.019162154 0.004814353 0.999804914 2.144137383
0.999201953 -0.008221574 -0.039088484 0.025378652 0.008033157 0.999955297 -0.004974909 -0.036544573 0.039127644 0.004656935 0.999223471 2.481240511
0.998202682 -0.004462192 -0.059761774 -0.001821235 0.004134388 0.999975562 -0.005607714 -0.048308820 0.059785347 0.005350557 0.998197079 2.811524391
0.996742904 -0.004113357 -0.080539100 -0.037336826 0.003649412 0.999975741 -0.005906840 -0.053751022 0.080561459 0.005593681 0.996734083 3.170568466
0.994760871 -0.005529939 -0.102079377 -0.078294009 0.005025675 0.999973714 -0.005196447 -0.058694929 0.102105454 0.004656204 0.994762719 3.529155493
0.992051482 -0.007301966 -0.125619859 -0.098726481 0.006853903 0.999968410 -0.003998658 -0.065454349 0.125645116 0.003105887 0.992070556 3.897425890
0.989597559 -0.006429049 -0.143718600 -0.167379677 0.006025244 0.999976456 -0.003244746 -0.072513118 0.143736139 0.002345052 0.989613354 4.296870232
0.987137973 -0.005503325 -0.159775347 -0.244353771 0.005223164 0.999983847 -0.002173372 -0.083008274 0.159784824 0.001310883 0.987151086 4.711698532
0.984769285 -0.005066685 -0.173791811 -0.328989387 0.004720822 0.999985874 -0.002403414 -0.087899320 0.173801631 0.001546366 0.984779656 5.125684738
0.982533574 -0.006497114 -0.185971409 -0.418938160 0.005998872 0.999976635 -0.003241737 -0.095174745 0.185988218 0.002069496 0.982550025 5.558792591
0.980581462 -0.010300755 -0.195840999 -0.510673463 0.009409250 0.999940634 -0.005482040 -0.102376282 0.195885897 0.003532870 0.980620503 6.005065918
0.978994787 -0.009452461 -0.203665286 -0.617773175 0.008115966 0.999939620 -0.007396464 -0.108218484 0.203722924 0.005588159 0.979012966 6.461716175
0.977337837 -0.009464143 -0.211473167 -0.724779367 0.007759660 0.999930382 -0.008888484 -0.116277844 0.211542636 0.007046094 0.977343738 6.931375027
0.975571096 -0.009973443 -0.219456837 -0.840795338 0.007557425 0.999901175 -0.011845855 -0.122534141 0.219553381 0.009897946 0.975550532 7.425913811
0.973641634 -0.013993680 -0.227653176 -0.955220401 0.011211374 0.999845803 -0.013510309 -0.132791072 0.227807179 0.010601895 0.973648906 7.925179482
0.971709669 -0.020424457 -0.235293567 -1.077340245 0.017412335 0.999737680 -0.014872366 -0.144127533 0.235535681 0.010354612 0.971810877 8.438731194
0.969595373 -0.020880966 -0.243821204 -1.216016412 0.017153524 0.999701381 -0.017401120 -0.157084092 0.244111806 0.012689654 0.969664514 8.957261086
0.967443943 -0.016952686 -0.252516598 -1.370897889 0.011896757 0.999697268 -0.021535665 -0.170603365 0.252805233 0.017830417 0.967353225 9.488458633
0.965177119 -0.014092402 -0.261216849 -1.534026146 0.007938806 0.999665856 -0.024597738 -0.186304748 0.261476278 0.021667425 0.964967012 10.032982826
0.962826610 -0.016477078 -0.269616574 -1.697929144 0.009732501 0.999605775 -0.026333235 -0.205580890 0.269944280 0.022730302 0.962607980 10.590464592
0.960411966 -0.019287063 -0.277914554 -1.866700888 0.011745000 0.999516666 -0.028777571 -0.224704847 0.278335422 0.024374221 0.960174978 11.161533356
0.958108127 -0.018924834 -0.285780072 -2.049402237 0.010410988 0.999456227 -0.031281728 -0.247339994 0.286216736 0.026996035 0.957784891 11.741138458
0.955661297 -0.018435687 -0.293889880 -2.239883423 0.008630484 0.999362886 -0.034625649 -0.274003714 0.294341117 0.030553993 0.955212176 12.331800461
0.953275084 -0.019560464 -0.301468879 -2.438707590 0.007954193 0.999180675 -0.039678719 -0.303490818 0.301998138 0.035426803 0.952650368 12.933923721
0.951455891 -0.021085527 -0.307061404 -2.644779444 0.006861996 0.998855770 -0.047327701 -0.334937066 0.307708114 0.042923186 0.950512409 13.543755531
0.950161219 -0.021717066 -0.311000794 -2.857928753 0.004703734 0.998455822 -0.055351060 -0.371382743 0.311722696 0.051129591 0.948796749 14.160362244
0.948759913 -0.021769024 -0.315246522 -3.074876308 0.001594966 0.997941434 -0.064111628 -0.411237001 0.315993220 0.060323767 0.946841955 14.788356781
0.947345197 -0.021262785 -0.319506586 -3.302209854 -0.002232577 0.997330070 -0.072990783 -0.457704127 0.320205510 0.069860816 0.944768906 15.428513527
0.945904553 -0.020522300 -0.323794723 -3.535171509 -0.005797381 0.996768951 -0.080111735 -0.508484781 0.324392617 0.077655256 0.942729712 16.075000763
0.944393933 -0.018546648 -0.328292072 -3.777048588 -0.010577049 0.996177852 -0.086705282 -0.568077207 0.328645468 0.085356332 0.940588534 16.707918167
0.942755759 -0.017528737 -0.333022177 -4.028339386 -0.014148913 0.995615900 -0.092458881 -0.633866191 0.333182961 0.091878079 0.938375056 17.374620438
0.941094816 -0.015580576 -0.337782919 -4.286630154 -0.018658036 0.995023370 -0.097879484 -0.703423262 0.337626994 0.098416269 0.936121047 18.046842575
0.939353943 -0.013098954 -0.342698187 -4.554857254 -0.022993639 0.994616210 -0.101043999 -0.774619102 0.342176795 0.102795988 0.933995903 18.729715347
0.937561393 -0.011973120 -0.347612888 -4.832009315 -0.025250493 0.994427264 -0.102356054 -0.852967739 0.346901327 0.104742505 0.932034791 19.434110641
0.935332239 -0.011457531 -0.353584230 -5.111605644 -0.026170306 0.994495988 -0.101453602 -0.934636354 0.352800578 0.104146279 0.929884732 20.142412186
0.933082640 -0.011133703 -0.359488904 -5.401926517 -0.026740853 0.994606853 -0.100211903 -1.011612892 0.358666033 0.103119068 0.927753031 20.857002258
0.930495977 -0.011329663 -0.366126239 -5.701418877 -0.026660450 0.994776011 -0.098539531 -1.091101766 0.365330130 0.101451755 0.925333440 21.581737518
0.927230835 -0.010579214 -0.374340147 -6.009317398 -0.027221195 0.995052695 -0.095547341 -1.170591354 0.373499125 0.098784447 0.922355950 22.320020676
0.923940837 -0.008489967 -0.382440686 -6.328418732 -0.028107690 0.995544672 -0.090006039 -1.247887850 0.381501019 0.093909815 0.919586003 23.058835983
0.920414865 -0.004795958 -0.390913188 -6.662653446 -0.030866319 0.995911956 -0.084893934 -1.325550318 0.389722347 0.090203710 0.916504264 23.802230835
0.916734576 -0.001207736 -0.399494529 -7.004990101 -0.033940502 0.996144593 -0.080895968 -1.401105046 0.398052156 0.087719195 0.913159490 24.556035995
0.912922084 -0.000155537 -0.408133179 -7.353743076 -0.035271399 0.996228576 -0.079275534 -1.471427560 0.406606406 0.086767830 0.909473896 25.303754807
0.908844173 -0.000154482 -0.417135179 -7.715928078 -0.036033764 0.996232808 -0.078878425 -1.540755749 0.415576041 0.086719155 0.905415058 26.068338394
0.904833257 0.000003667 -0.425765544 -8.082820892 -0.036608431 0.996297359 -0.077791333 -1.608440042 0.424188882 0.085974813 0.901483417 26.835552216
0.900824964 0.001019069 -0.434180617 -8.470550537 -0.037844934 0.996375561 -0.076180927 -1.676201105 0.432529420 0.085057229 0.897599041 27.622066498
0.896906316 0.000055100 -0.442219913 -8.867150307 -0.036604509 0.996577561 -0.074116729 -1.744915366 0.440702498 0.082663029 0.893839121 28.411882401
0.892826676 -0.000337788 -0.450399637 -9.273469925 -0.034946743 0.996933103 -0.070022568 -1.813707829 0.449042052 0.078258023 0.890077114 29.233573914
0.888870478 0.001199466 -0.458156377 -9.690410614 -0.034364756 0.997354209 -0.064060032 -1.885944963 0.456867516 0.072685502 0.886560440 30.058288574
0.885040581 0.001461430 -0.465510964 -10.132139206 -0.033241529 0.997640729 -0.060067546 -1.949522257 0.464325070 0.068636529 0.883001566 30.872499466
0.881317914 0.000722319 -0.472522497 -10.574693680 -0.032031190 0.997790039 -0.058217172 -2.012964725 0.471436292 0.066443309 0.879393876 31.679790497
0.877984643 -0.000052476 -0.478688210 -11.029239655 -0.031134030 0.997876525 -0.057213757 -2.070494652 0.477674812 0.065136306 0.876119018 32.496765137
0.874936044 0.000520363 -0.484237671 -11.505119324 -0.031293128 0.997969985 -0.055468973 -2.126737595 0.483225882 0.063685127 0.873176634 33.325012207
0.871959686 -0.000967854 -0.489576221 -11.979230881 -0.029398657 0.998089969 -0.054333601 -2.185493469 0.488693744 0.061769601 0.870266199 34.157573700
0.869130790 -0.002494935 -0.494575560 -12.475865364 -0.028115999 0.998120844 -0.054444093 -2.248078823 0.493782133 0.061224516 0.867427707 35.026756287
0.867233336 -0.003771404 -0.497887045 -13.002613068 -0.027320508 0.998104393 -0.055148035 -2.302332163 0.497151375 0.061428752 0.865486681 35.891056061
0.865891218 -0.003140824 -0.500221848 -13.497117996 -0.028509421 0.998045087 -0.055616770 -2.361077070 0.499418795 0.062419116 0.864109218 36.734092712
0.865337133 -0.003033389 -0.501180530 -13.993312836 -0.028223874 0.998099923 -0.054772232 -2.423624277 0.500394464 0.061541703 0.863607645 37.589717865
0.865183771 -0.002597622 -0.501447797 -14.515899658 -0.027829669 0.998196721 -0.053187381 -2.484915972 0.500681758 0.059971981 0.863551497 38.477088928
0.864922523 -0.003769480 -0.501890779 -15.041722298 -0.026243085 0.998264313 -0.052722942 -2.546797037 0.501218498 0.058772415 0.863322675 39.366821289
0.864269257 -0.005839854 -0.502995133 -15.577501297 -0.024500025 0.998257220 -0.053686980 -2.606112480 0.502432048 0.058723386 0.862620354 40.276462555
0.863157153 -0.008245068 -0.504867673 -16.117948532 -0.022177061 0.998282790 -0.054218531 -2.668103218 0.504447818 0.057995595 0.861492395 41.191879272
0.861534178 -0.008777763 -0.507623196 -16.670036316 -0.020633597 0.998419046 -0.052283704 -2.732120514 0.507279694 0.055518288 0.859991372 42.120540619
0.859356046 -0.008114565 -0.511312842 -17.224464417 -0.019417835 0.998635232 -0.048483644 -2.796442509 0.511008501 0.051593293 0.858025968 43.045661926
0.856429636 -0.008493518 -0.516193449 -17.781663895 -0.016914468 0.998866260 -0.044498675 -2.859638691 0.515986145 0.046841111 0.855315328 43.965915680
0.852312148 -0.008975174 -0.522956133 -18.344894409 -0.015552700 0.998975813 -0.042492520 -2.922331810 0.522801876 0.044350252 0.851299822 44.879165649
0.846864998 -0.012602825 -0.531658232 -18.912450790 -0.013295411 0.998905122 -0.044856701 -2.982828140 0.531641304 0.045056179 0.845770299 45.779560089
0.840610147 -0.016282512 -0.541395247 -19.493923187 -0.011675731 0.998771310 -0.048166711 -3.043408394 0.541514158 0.046810612 0.839387417 46.676895142
0.834426641 -0.016636711 -0.550867319 -20.096828461 -0.011470973 0.998803556 -0.047540445 -3.103694201 0.550999105 0.045988001 0.833237648 47.573890686
0.828326762 -0.013362922 -0.560085356 -20.707561493 -0.012550969 0.999022186 -0.042397354 -3.164587975 0.560104311 0.042148478 0.827349126 48.468097687
0.823121250 -0.008644002 -0.567799389 -21.331531525 -0.015675716 0.999157488 -0.037935428 -3.224411964 0.567649007 0.040126130 0.822292268 49.351787567
0.819127202 -0.008957271 -0.573541462 -21.956954956 -0.016879993 0.999068797 -0.039710768 -3.276088238 0.573363185 0.042209540 0.818213284 50.221740723
0.815688014 -0.011268448 -0.578381836 -22.581703186 -0.017383229 0.998881519 -0.043976348 -3.333333492 0.578230441 0.045925122 0.814579964 51.084457397
0.812630355 -0.013542509 -0.582621694 -23.215400696 -0.019933790 0.998499274 -0.051012475 -3.394946575 0.582438052 0.053068142 0.811140895 51.946826935
0.809427738 -0.014663525 -0.587036073 -23.852676392 -0.020062851 0.998414218 -0.052602716 -3.457287312 0.586876333 0.054355714 0.807849944 52.797916412
0.805784881 -0.013157834 -0.592061818 -24.500564575 -0.019277571 0.998640716 -0.048429921 -3.528217077 0.591894150 0.050437607 0.804435849 53.684055328
0.802646220 -0.010573604 -0.596361160 -25.157943726 -0.018976869 0.998884082 -0.043251481 -3.591112614 0.596153021 0.046032704 0.801549911 54.551479340
0.799733698 -0.008659132 -0.600292146 -25.813423157 -0.019427702 0.998999238 -0.040292792 -3.648415089 0.600040078 0.043885794 0.798765123 55.401767731
0.796663165 -0.008399253 -0.604364872 -26.472354889 -0.020556502 0.998948634 -0.040980242 -3.701763868 0.604073405 0.045071065 0.795652986 56.250450134
0.793155193 -0.009520628 -0.608944714 -27.137313843 -0.020852773 0.998867095 -0.042777810 -3.758263588 0.608661950 0.046627622 0.792058170 57.096721649
0.789140105 -0.012272941 -0.614090204 -27.805736542 -0.019805273 0.998772085 -0.045411885 -3.816958666 0.613893330 0.047998559 0.787928164 57.945819855
0.785018444 -0.013151002 -0.619332433 -28.486297607 -0.019507345 0.998754144 -0.045933697 -3.875253677 0.619164765 0.048140332 0.783783913 58.787433624
0.780562282 -0.013342464 -0.624935269 -29.174110413 -0.019041028 0.998800814 -0.045107331 -3.936687946 0.624787629 0.047108483 0.779372275 59.630069733
0.775730610 -0.012823525 -0.630933583 -29.865386963 -0.019649876 0.998817980 -0.044460095 -3.997483015 0.630757809 0.046886817 0.774561822 60.460056305
0.770346820 -0.014168793 -0.637467265 -30.560890198 -0.019395793 0.998769760 -0.045638178 -4.058483124 0.637329698 0.047521401 0.769124627 61.290550232
0.765141070 -0.015433521 -0.643677354 -31.271018982 -0.019113611 0.998727739 -0.046667006 -4.119749546 0.643578529 0.048009828 0.763872981 62.113258362
0.759582639 -0.016421868 -0.650203049 -31.987974167 -0.019114988 0.998685896 -0.047553912 -4.183850288 0.650129378 0.048549745 0.758270860 62.936370850
0.753985345 -0.017201342 -0.656665504 -32.724681854 -0.019879512 0.998601735 -0.048984058 -4.244792938 0.656590044 0.049987443 0.752589464 63.771778107
0.747939229 -0.018966286 -0.663495779 -33.474159241 -0.019437989 0.998537242 -0.050455444 -4.305291176 0.663482189 0.050634626 0.746476889 64.615371704
0.741425514 -0.017875545 -0.670796692 -34.258178711 -0.020371754 0.998584867 -0.049127229 -4.414225101 0.670725644 0.050089475 0.740012407 65.506919861
0.734337628 -0.015632311 -0.678603828 -35.084304810 -0.022139255 0.998651445 -0.046962462 -4.504246712 0.678423047 0.049510088 0.733001471 66.454483032
0.727833331 -0.016127048 -0.685563862 -35.858699799 -0.021404520 0.998702228 -0.046217483 -4.568794250 0.685419679 0.048312791 0.726543784 67.267791748
0.721498013 -0.017909618 -0.692184329 -36.638935089 -0.020189466 0.998696268 -0.046884798 -4.636340141 0.692121923 0.047802113 0.720196128 68.064880371
0.713404834 -0.021744214 -0.700414300 -37.404098511 -0.018271752 0.998601437 -0.049612012 -4.690908909 0.700513840 0.048191231 0.712010145 68.884246826
0.707253873 -0.021283066 -0.706638694 -38.207733154 -0.019463850 0.998581648 -0.049556810 -4.756278038 0.706691563 0.048803147 0.705836892 69.677276611
0.701238036 -0.021094793 -0.712614715 -39.014575958 -0.019580733 0.998615205 -0.048829101 -4.821757317 0.712658226 0.048194326 0.699854255 70.478256226
0.696733892 -0.020418348 -0.717038572 -39.845191956 -0.020899788 0.998592794 -0.048743840 -4.888525486 0.717024982 0.048947416 0.695327044 71.257354736
0.691903830 -0.021439863 -0.721670806 -40.684364319 -0.020957503 0.998541534 -0.049758386 -4.956083298 0.721685231 0.049552422 0.690445781 72.046401978
0.686660230 -0.023179676 -0.726608396 -41.523834229 -0.021743972 0.998389602 -0.052398335 -5.027120590 0.726653099 0.051779184 0.685050845 72.826835632
0.681674540 -0.025676183 -0.731204450 -42.380561829 -0.021383701 0.998258114 -0.054988977 -5.097457886 0.731342912 0.053120431 0.679938495 73.613922119
0.676686049 -0.026263380 -0.735802770 -43.244049072 -0.021750247 0.998214483 -0.055632539 -5.170022964 0.735950351 0.053649634 0.674906969 74.393470764
0.672049105 -0.025881942 -0.740053773 -44.121227264 -0.021209130 0.998306394 -0.054174006 -5.246520519 0.740202785 0.052103471 0.670362234 75.171836853
0.666758120 -0.025817769 -0.744826376 -45.008674622 -0.020519905 0.998384953 -0.052975949 -5.323863983 0.744991660 0.050605882 0.665152013 75.957199097
0.661728621 -0.026952963 -0.749258399 -45.900497437 -0.019877534 0.998371601 -0.053469665 -5.397820473 0.749480009 0.050275791 0.660115719 76.729789734
0.656844079 -0.028068880 -0.753503382 -46.788272858 -0.018890649 0.998380721 -0.053658195 -5.471811295 0.753789723 0.049479213 0.655250669 77.494506836
0.652288139 -0.029043829 -0.757413983 -47.673892975 -0.017528972 0.998420358 -0.053381495 -5.545169353 0.757768214 0.048096772 0.650749207 78.255737305
0.648302197 -0.030156635 -0.760785401 -48.587432861 -0.016159855 0.998445392 -0.053347792 -5.619204044 0.761211634 0.046879638 0.646807373 79.022888184
0.644286692 -0.033041425 -0.764069557 -49.503696442 -0.013480511 0.998420537 -0.054542862 -5.695659161 0.764665186 0.045441259 0.642824113 79.789505005
0.640029669 -0.037796814 -0.767419636 -50.423583984 -0.010300805 0.998277485 -0.057757881 -5.772065163 0.768281162 0.044871762 0.638538241 80.554069519
0.635185361 -0.041971158 -0.771218121 -51.350730896 -0.006058895 0.998220921 -0.059315272 -5.850256443 0.772335947 0.042348880 0.633801460 81.312324524
0.628415704 -0.045549780 -0.776542544 -52.285327911 -0.001015852 0.998235226 -0.059375715 -5.932968616 0.777877033 0.038101450 0.627260745 82.072135925
0.619875550 -0.049341403 -0.783146918 -53.228210449 0.003770583 0.998196900 -0.059905924 -6.015966892 0.784691036 0.034181267 0.618944407 82.828376770
0.610871613 -0.050337870 -0.790127337 -54.191505432 0.006497183 0.998261929 -0.058574639 -6.097880840 0.791702867 0.030647960 0.610137463 83.570404053
0.602195501 -0.048900966 -0.796849191 -55.171524048 0.007041452 0.998408854 -0.055948883 -6.180900097 0.798317552 0.028081154 0.601582050 84.297653198
0.593587101 -0.048978824 -0.803277433 -56.168884277 0.006865284 0.998418152 -0.055804130 -6.261435986 0.804740489 0.027609842 0.592984676 85.015060425
0.584004819 -0.050493013 -0.810177863 -57.173526764 0.006087331 0.998308003 -0.057829939 -6.338068962 0.811727285 0.028841110 0.583324373 85.733299255
0.573882639 -0.052824199 -0.817231596 -58.194442749 0.006661150 0.998185575 -0.059843045 -6.419078827 0.818910420 0.028899148 0.573193669 86.450012207
0.563940883 -0.055035267 -0.823978841 -59.234001160 0.007577481 0.998079717 -0.061477717 -6.496572018 0.825780392 0.028426068 0.563275218 87.159286499
0.553761840 -0.055864852 -0.830798507 -60.277656555 0.010412178 0.998133540 -0.060176693 -6.582898140 0.832610011 0.024673093 0.553310156 87.850219727
0.543519497 -0.055901185 -0.837532580 -61.324295044 0.011583714 0.998184562 -0.059106618 -6.671257496 0.839316607 0.022423817 0.543180525 88.521987915
0.533109248 -0.056444865 -0.844160974 -62.382938385 0.011717179 0.998168886 -0.059342902 -6.760252953 0.845965266 0.021745024 0.532794595 89.186729431
0.523051500 -0.057410713 -0.850364923 -63.459289551 0.010928585 0.998098433 -0.060662583 -6.847298622 0.852231145 0.022436323 0.522684395 89.835258484
0.513171196 -0.057846673 -0.856334209 -64.543121338 0.009281350 0.998041868 -0.061857250 -6.934757710 0.858236074 0.023795379 0.512703359 90.471115112
0.503199637 -0.058718316 -0.862172604 -65.628463745 0.008073201 0.997964621 -0.063254580 -7.027292252 0.864132524 0.024869138 0.502649546 91.101112366
0.493782789 -0.058535580 -0.867612541 -66.734497070 0.006988831 0.997966588 -0.063352682 -7.117987633 0.869557202 0.025218822 0.493187845 91.717773438
0.485361964 -0.056558926 -0.872481704 -67.850212097 0.006164925 0.998101950 -0.061272737 -7.206857204 0.874291718 0.024360631 0.484789342 92.322814941
0.477405638 -0.055043504 -0.876956880 -68.958419800 0.006523903 0.998230517 -0.059103869 -7.292998314 0.878658772 0.022495301 0.476919979 92.919181824
0.469879270 -0.055475157 -0.880985320 -70.086158752 0.006765686 0.998220265 -0.059248835 -7.381684303 0.882704735 0.021879291 0.469418347 93.512252808
0.462304115 -0.058670525 -0.884777963 -71.212585449 0.008699701 0.998060703 -0.061636742 -7.471156597 0.886678755 0.020797575 0.461918026 94.098022461
0.455268681 -0.062028639 -0.888190389 -72.320716858 0.010889622 0.997883499 -0.064107463 -7.562250614 0.890287459 0.019514022 0.454980612 94.660316467
0.449314445 -0.064891897 -0.891013384 -73.457351685 0.011844368 0.997703493 -0.066689231 -7.657436371 0.893295109 0.019410899 0.449051201 95.225875854
0.443751514 -0.068410210 -0.893534541 -74.595230103 0.013764556 0.997484624 -0.069532931 -7.760384560 0.896044135 0.018556189 0.443576992 95.790161133
0.437693805 -0.069598705 -0.896425903 -75.767745972 0.018168943 0.997480452 -0.068573341 -7.877657890 0.898940384 0.013726975 0.437855661 96.406784058
0.433267355 -0.067059062 -0.898766816 -76.924636841 0.020311618 0.997701168 -0.064649194 -7.983864784 0.901036501 0.009754930 0.433633506 96.970184326
0.429038316 -0.065313175 -0.900921464 -78.073280334 0.024024865 0.997854650 -0.060899269 -8.084804535 0.902966678 0.004483557 0.429687053 97.533264160
0.423571795 -0.064189725 -0.903584957 -79.243515015 0.029413722 0.997934818 -0.057103984 -8.229688644 0.905384898 -0.002390202 0.424585223 98.152709961
0.420552850 -0.064170048 -0.904995501 -80.390274048 0.031348076 0.997927666 -0.056192022 -8.320750237 0.906726420 -0.004738198 0.421692967 98.688880920
0.418149471 -0.063358463 -0.906165600 -81.531280518 0.033055384 0.997965038 -0.054523624 -8.408590317 0.907776594 -0.007154671 0.419393003 99.209197998
0.415843904 -0.062139645 -0.907310128 -82.664215088 0.034292474 0.998024583 -0.052635331 -8.500673294 0.908789277 -0.009225872 0.417153567 99.727951050
0.413879782 -0.063759774 -0.908095598 -83.785591125 0.036845740 0.997899830 -0.053272102 -8.580698967 0.909585655 -0.011411261 0.415359974 100.231285095
0.411446452 -0.066912457 -0.908974051 -84.901222229 0.036881708 0.997706771 -0.056749858 -8.639119148 0.910687566 -0.010175039 0.412970841 100.719207764
0.410896361 -0.071818419 -0.908848345 -86.155952454 0.033410661 0.997408748 -0.063711375 -8.667662621 0.911069691 -0.004186498 0.412231266 101.133438110
0.409031600 -0.071249820 -0.909733891 -87.260314941 0.034852933 0.997439265 -0.062448397 -8.762450218 0.911854506 -0.006163577 0.410467535 101.623710632
0.407884121 -0.072865322 -0.910121143 -88.371276855 0.036883283 0.997311473 -0.063316107 -8.852664948 0.912288547 -0.007742668 0.409475148 102.109512329
0.407200545 -0.073976263 -0.910337567 -89.456108093 0.038288970 0.997220695 -0.063909687 -8.949737549 0.912535846 -0.008831888 0.408901393 102.584121704
0.406678528 -0.075446643 -0.910450220 -90.531890869 0.038347200 0.997115254 -0.065499492 -9.045018196 0.912766159 -0.008276031 0.408398658 103.062774658
0.407283753 -0.075837351 -0.910147250 -91.585914612 0.037498258 0.997094512 -0.066302001 -9.145003319 0.912531674 -0.007125253 0.408944219 103.526199341
0.409668356 -0.075393990 -0.909113169 -92.635467529 0.034988686 0.997143984 -0.066927753 -9.243072510 0.911563516 -0.004390551 0.411136359 103.990280151
0.413978159 -0.075641133 -0.907138228 -93.678756714 0.033130709 0.997133136 -0.068025909 -9.339415550 0.909683943 -0.001892944 0.415297419 104.457916260
0.419176549 -0.076055057 -0.904713094 -94.692764282 0.031914312 0.997103393 -0.069035172 -9.435775757 0.907343745 0.000064580 0.420389682 104.918228149
0.424883783 -0.075790592 -0.902069151 -95.714828491 0.031446952 0.997123122 -0.068965077 -9.534298897 0.904701769 0.000934755 0.426044941 105.392471313
0.431964993 -0.074407332 -0.898815393 -96.732780457 0.030404698 0.997225702 -0.067941830 -9.629854202 0.901377976 0.002020232 0.433029026 105.871002197
0.440223575 -0.072922282 -0.894921720 -97.733734131 0.029096246 0.997331440 -0.066954292 -9.724346161 0.897416890 0.003435946 0.441170692 106.353080750
0.448970586 -0.072422683 -0.890606284 -98.710922241 0.029137330 0.997366190 -0.066415600 -9.816020966 0.893071592 0.003868712 0.449898422 106.847381592
0.458445966 -0.072068885 -0.885794878 -99.695518494 0.028761279 0.997387290 -0.066262655 -9.905858994 0.888257027 0.004901216 0.459321082 107.351074219
0.468178600 -0.072907045 -0.880620599 -100.665618896 0.028338082 0.997316301 -0.067502528 -9.998433113 0.883179545 0.006648091 0.468988240 107.862808228
0.478340954 -0.074347831 -0.875020862 -101.605911255 0.027248448 0.997186244 -0.069832169 -10.090013504 0.877751589 0.009560577 0.479021013 108.375015259
0.489947081 -0.075187564 -0.868503213 -102.561355591 0.026105285 0.997091889 -0.071592964 -10.183546066 0.871361375 0.012404197 0.490485221 108.903182983
0.502242148 -0.073371574 -0.861608148 -103.493385315 0.023942033 0.997191429 -0.070961297 -10.274171829 0.864395738 0.015011059 0.502588332 109.437194824
0.515027702 -0.070817716 -0.854242682 -104.393859863 0.022508960 0.997354567 -0.069111139 -10.357970238 0.856878161 0.016365994 0.515259564 109.966415405
0.527627647 -0.068370648 -0.846719384 -105.311492920 0.022170469 0.997524202 -0.066732459 -10.448409081 0.849186718 0.016437683 0.527837336 110.524452209
0.540081561 -0.067424133 -0.838907063 -106.221603394 0.022186998 0.997579575 -0.065893114 -10.535142899 0.841320276 0.016974786 0.540270686 111.085861206
0.552340686 -0.067113824 -0.830911815 -107.105361938 0.020936603 0.997555852 -0.066656522 -10.595710754 0.833355546 0.019420614 0.552396357 111.645858765
0.563604236 -0.068162851 -0.823227167 -107.980255127 0.021503253 0.997462153 -0.067867748 -10.683815956 0.825765073 0.020548457 0.563639998 112.239913940
0.574385703 -0.070043623 -0.815581977 -108.825187683 0.023424484 0.997330368 -0.069155499 -10.759518623 0.818249702 0.020617310 0.574493468 112.844070435
0.585062981 -0.071923040 -0.807791710 -109.662048340 0.025362471 0.997194767 -0.070417494 -10.836526871 0.810591221 0.020711051 0.585246265 113.459365845
0.595962763 -0.070174612 -0.799939394 -110.505249023 0.025314447 0.997320652 -0.068630397 -10.918580055 0.802613080 0.020651115 0.596142650 114.071899414
0.606088340 -0.068043664 -0.792480946 -111.338676453 0.026397558 0.997505665 -0.065458648 -10.999153137 0.794959307 0.018754128 0.606373012 114.698738098
0.616363406 -0.067284375 -0.784581244 -112.153106689 0.026322037 0.997546256 -0.064869471 -11.073776245 0.787021637 0.019331368 0.616622567 115.318260193
0.626751721 -0.067272469 -0.776308954 -112.946571350 0.024841258 0.997484565 -0.066383354 -11.147758484 0.778822780 0.022321369 0.626846850 115.938674927
0.636374950 -0.066726126 -0.768487751 -113.714088440 0.023048399 0.997451365 -0.067520507 -11.231502533 0.771035314 0.025255922 0.636291504 116.566436768
0.645933807 -0.066628031 -0.760479510 -114.462265015 0.023002353 0.997430027 -0.067850396 -11.299160004 0.763046801 0.026334042 0.645806849 117.185386658
0.655140758 -0.064635471 -0.752736270 -115.210830688 0.022967229 0.997576773 -0.065669909 -11.381983757 0.755157590 0.025734758 0.655038238 117.832565308
0.663876116 -0.062983796 -0.745184898 -115.944183350 0.023373364 0.997707486 -0.063504279 -11.460625648 0.747477114 0.024741489 0.663826823 118.483360291
0.672086656 -0.062628850 -0.737818420 -116.662399292 0.024009474 0.997735679 -0.062821180 -11.537289619 0.740083158 0.024506629 0.672069013 119.136566162
0.679941595 -0.061938912 -0.730644882 -117.368095398 0.023190256 0.997743726 -0.063000768 -11.612997055 0.732899427 0.025892986 0.679844439 119.787948608
0.687515855 -0.061038330 -0.723598778 -118.059455872 0.022736430 0.997781575 -0.062564112 -11.686005592 0.725813270 0.026561752 0.687379062 120.436447144
0.694925845 -0.058058020 -0.716732919 -118.741394043 0.021727331 0.997975111 -0.059773467 -11.759664536 0.718752921 0.025965417 0.694780767 121.084793091
0.702473104 -0.055235837 -0.709562719 -119.410354614 0.020820595 0.998151600 -0.057088509 -11.831876755 0.711405456 0.025329618 0.702325463 121.739364624
0.709921420 -0.053636692 -0.702234626 -120.063156128 0.019972613 0.998227537 -0.056053471 -11.902576447 0.703997493 0.025768088 0.709735096 122.389213562
0.717546999 -0.052788768 -0.694505930 -120.695587158 0.019485598 0.998254478 -0.055744432 -11.969049454 0.696237266 0.026466377 0.717323899 123.037872314
0.725600839 -0.050032321 -0.686293840 -121.317039490 0.017217094 0.998360515 -0.054579567 -12.033375740 0.687900245 0.027786979 0.725273371 123.685775757
0.734641433 -0.047394946 -0.676797390 -121.921951294 0.016871467 0.998524249 -0.051611580 -12.097522736 0.678245604 0.026497422 0.734357715 124.335769653
0.744181991 -0.043614928 -0.666550696 -122.511917114 0.015366792 0.998719513 -0.048193529 -12.159067154 0.667799890 0.025622003 0.743900061 124.990821838
0.754341662 -0.041539982 -0.655165613 -123.086845398 0.013874152 0.998781502 -0.047352239 -12.217856407 0.656335115 0.026629891 0.753999650 125.645553589
0.764301360 -0.040731926 -0.643570662 -123.639686584 0.012617514 0.998756349 -0.048227377 -12.271957397 0.644735396 0.028739983 0.763865530 126.301986694
0.774017811 -0.042022299 -0.631766915 -124.177978516 0.013221459 0.998650014 -0.050227340 -12.325246811 0.633025408 0.030523982 0.773529232 126.969589233
0.784087002 -0.041084293 -0.619288862 -124.707679749 0.013049517 0.998677015 -0.049731296 -12.378842354 0.620513439 0.030912237 0.783586562 127.639579773
0.794224501 -0.039420709 -0.606343448 -125.222175598 0.012927483 0.998763323 -0.048000332 -12.434868813 0.607486427 0.030284544 0.793752730 128.314361572
0.804871023 -0.037003320 -0.592294097 -125.713607788 0.012803907 0.998904347 -0.045006916 -12.488208771 0.593311131 0.028641082 0.804463685 128.948318481
0.814565778 -0.035626769 -0.578975260 -126.205856323 0.013395410 0.999000967 -0.042626653 -12.539057732 0.579916120 0.026966600 0.814229846 129.640686035
0.823660910 -0.034224257 -0.566048086 -126.686164856 0.014246169 0.999110639 -0.039678372 -12.588207245 0.566903114 0.024617493 0.823416650 130.342254639
0.831832588 -0.033361033 -0.554022253 -127.157272339 0.015133306 0.999183834 -0.037445206 -12.637081146 0.554819703 0.022763949 0.831659138 131.048065186
0.839080572 -0.033734422 -0.542959332 -127.616394043 0.016922696 0.999210775 -0.035929658 -12.681786537 0.543743312 0.020959534 0.838989854 131.761657715
0.845750570 -0.033480018 -0.532526076 -128.068969727 0.017286547 0.999224663 -0.035367273 -12.727155685 0.533297658 0.020706346 0.845674217 132.480667114
0.852624238 -0.032450542 -0.521515071 -128.519165039 0.016536687 0.999245346 -0.035140909 -12.771797180 0.522262216 0.021337852 0.852517903 133.203674316
0.859424591 -0.030438835 -0.510354638 -128.961181641 0.015101243 0.999301732 -0.034170836 -12.813174248 0.511038721 0.021660257 0.859284759 133.936065674
0.865758538 -0.029462948 -0.499592990 -129.389068604 0.014650561 0.999329567 -0.033546098 -12.855663300 0.500246823 0.021723494 0.865610361 134.672561646
0.871777117 -0.029994054 -0.488982618 -129.817184448 0.015662149 0.999319971 -0.033375010 -12.900018692 0.489651412 0.021437047 0.871654689 135.421249390
0.876877308 -0.031327330 -0.479691267 -130.231506348 0.016909672 0.999266505 -0.034348547 -12.939785004 0.480415791 0.022008032 0.876764655 136.179824829
0.881278813 -0.031725083 -0.471529454 -130.643218994 0.017383374 0.999244928 -0.034741346 -12.980508804 0.472275943 0.022420039 0.881165564 136.944763184
0.884808064 -0.030915752 -0.464927763 -131.056015015 0.017106894 0.999278843 -0.033891682 -13.021989822 0.465640604 0.022034155 0.884699464 137.721466064
0.887969017 -0.029269002 -0.458969682 -131.465301514 0.017175587 0.999386847 -0.030502472 -13.059501648 0.459581435 0.019202169 0.887927949 138.513305664
0.891166568 -0.025205180 -0.452974260 -131.877883911 0.014961610 0.999544919 -0.026183538 -13.095747948 0.453428388 0.016556665 0.891138792 139.317367554
0.894528985 -0.022426059 -0.446445853 -132.283660889 0.013414614 0.999637485 -0.023335885 -13.130559921 0.446807683 0.014885714 0.894506097 140.128158569
0.897801936 -0.019595355 -0.439961940 -132.695220947 0.011496712 0.999711812 -0.021065407 -13.160105705 0.440248191 0.013854438 0.897769094 140.957199097
0.901123106 -0.017994436 -0.433188379 -133.103805542 0.010856641 0.999761343 -0.018945597 -13.186363220 0.433426231 0.012369335 0.901104093 141.800598145
0.904457986 -0.016633388 -0.426236898 -133.509826660 0.010780604 0.999811411 -0.016140524 -13.211086273 0.426425338 0.010003324 0.904467344 142.661224365
0.907872498 -0.016688609 -0.418912679 -133.915115356 0.011831811 0.999829113 -0.014189172 -13.235336304 0.419078261 0.007925451 0.907915354 143.536087036
0.911399305 -0.016928442 -0.411173403 -134.315917969 0.012629542 0.999833226 -0.013169883 -13.258525848 0.411328137 0.006810078 0.911461711 144.425094604
0.915057361 -0.017757602 -0.402931184 -134.712310791 0.013595243 0.999820411 -0.013188424 -13.279129028 0.403093338 0.006590203 0.915134966 145.323120117
0.918908298 -0.020266008 -0.393949032 -135.106445312 0.016175963 0.999775112 -0.013700417 -13.301427841 0.394138366 0.006216906 0.919029951 146.245925903
0.922904909 -0.021906871 -0.384402752 -135.493103027 0.017531300 0.999735355 -0.014883851 -13.324655533 0.384627342 0.006997285 0.923045218 147.178405762
0.927478731 -0.023051044 -0.373163164 -135.878814697 0.018062284 0.999694586 -0.016860338 -13.351115227 0.373438090 0.008897413 0.927612245 148.125930786
0.932750285 -0.021296499 -0.359892160 -136.256378174 0.016060356 0.999717057 -0.017533630 -13.376437187 0.360164046 0.010574488 0.932828903 149.092346191
0.938882232 -0.017741282 -0.343779534 -136.623809814 0.012943723 0.999784052 -0.016245458 -13.401557922 0.343993843 0.010802771 0.938909590 150.077697754
0.945488214 -0.014276556 -0.325341910 -136.976043701 0.010544900 0.999856770 -0.013230617 -13.425278664 0.325484544 0.009078680 0.945503592 151.080459595
0.952120066 -0.010947391 -0.305526763 -137.312652588 0.007843903 0.999904275 -0.011383779 -13.449591637 0.305622399 0.008442189 0.952115119 152.108489990
0.958552361 -0.009517097 -0.284756005 -137.622070312 0.006837612 0.999922395 -0.010402560 -13.472071648 0.284833163 0.008024334 0.958543301 153.144027710
0.964614630 -0.008276489 -0.263531983 -137.915054321 0.006203112 0.999942839 -0.008698917 -13.492414474 0.263589263 0.006756369 0.964611173 154.196502686
0.970178187 -0.007675110 -0.242269248 -138.183273315 0.006435613 0.999961734 -0.005907337 -13.510605812 0.242305607 0.004172002 0.970190823 155.273284912
0.975407839 -0.005564615 -0.220334947 -138.436431885 0.005221449 0.999984026 -0.002140030 -13.527746201 0.220343590 0.000936918 0.975421667 156.363449097
0.980189085 -0.003572425 -0.198028922 -138.669601440 0.004082080 0.999989152 0.002165260 -13.538331032 0.198019281 -0.002930752 0.980193555 157.474243164
0.984402657 -0.001911904 -0.175916791 -138.872863770 0.002931857 0.999980211 0.005537971 -13.546671867 0.175902963 -0.005967376 0.984389186 158.596420288
0.988108516 -0.000131242 -0.153754145 -139.060211182 0.001026110 0.999982893 0.005740525 -13.554924965 0.153750971 -0.005830050 0.988092184 159.737655640
0.991287589 -0.000934673 -0.131707177 -139.220382690 0.001461042 0.999991238 0.003899622 -13.560614586 0.131702572 -0.004058096 0.991280735 160.880325317
0.993852317 -0.000916343 -0.110704839 -139.358261108 0.001265947 0.999994278 0.003087374 -13.565254211 0.110701576 -0.003208557 0.993848383 162.052947998
0.995897949 -0.002354791 -0.090446264 -139.468399048 0.002830398 0.999982655 0.005130096 -13.569955826 0.090432808 -0.005365070 0.995887935 163.238983154
0.997522414 -0.001852973 -0.070317023 -139.561431885 0.002349915 0.999972761 0.006984523 -13.575414658 0.070302345 -0.007132478 0.997500062 164.438201904
0.998743951 -0.001540327 -0.050070085 -139.629089355 0.001949871 0.999964952 0.008130797 -13.578322411 0.050055973 -0.008218234 0.998712480 165.654388428
0.999558270 -0.000169604 -0.029697493 -139.674224854 0.000434340 0.999960124 0.008906884 -13.579292297 0.029694937 -0.008915869 0.999519110 166.886535645
0.999959588 0.000295476 -0.008923140 -139.696426392 -0.000208045 0.999951959 0.009793166 -13.581001282 0.008925744 -0.009790933 0.999912143 168.132080078
0.999929547 0.002509185 0.011549346 -139.692993164 -0.002619461 0.999950945 0.009546350 -13.581143379 -0.011524701 -0.009575948 0.999887586 169.389312744
0.999490082 0.003544927 0.031713523 -139.664306641 -0.003820457 0.999955416 0.008632893 -13.583415985 -0.031681389 -0.008749670 0.999459624 170.659530640
0.998669207 0.003552580 0.051440179 -139.611434937 -0.003898408 0.999970436 0.006624860 -13.587328911 -0.051415026 -0.006816595 0.998653948 171.932235718
0.997487724 0.005558338 0.070612542 -139.532775879 -0.005875803 0.999973476 0.004289481 -13.591678619 -0.070586726 -0.004693625 0.997494519 173.227996826
0.995934069 0.005702721 0.089898467 -139.428955078 -0.005979088 0.999978125 0.002805618 -13.600526810 -0.089880422 -0.003331735 0.995946884 174.521514893
0.994004905 0.005871675 0.109172717 -139.300628662 -0.005914359 0.999982417 0.000067498 -13.612944603 -0.109170340 -0.000712793 0.994022548 175.836654663
0.991773069 0.006850373 0.127821058 -139.141540527 -0.006266074 0.999967992 -0.004972501 -13.629238129 -0.127850950 0.004130646 0.991784573 177.153457642
0.989281893 0.008545177 0.145764023 -138.959152222 -0.006968659 0.999911547 -0.011322503 -13.651430130 -0.145847812 0.010185360 0.989254475 178.471847534
0.986468434 0.010461975 0.163613960 -138.757293701 -0.007918926 0.999837458 -0.016187292 -13.678877831 -0.163756654 0.014672599 0.986391366 179.797012329
0.983367324 0.012792723 0.181174159 -138.524734497 -0.009325005 0.999756753 -0.019978965 -13.716895103 -0.181385636 0.017957201 0.983247876 181.135620117
0.979910612 0.014858153 0.198880523 -138.265884399 -0.010598260 0.999691367 -0.022466669 -13.759823799 -0.199152887 0.019907532 0.979766011 182.486160278
0.976171970 0.014189390 0.216531128 -137.984191895 -0.009675685 0.999713361 -0.021891320 -13.807375908 -0.216779649 0.019274607 0.976029992 183.831253052
0.972209036 0.013410838 0.233728051 -137.670028687 -0.008461417 0.999718308 -0.022165755 -13.854872704 -0.233959481 0.019572072 0.972049117 185.187698364
0.968033314 0.013496013 0.250456125 -137.330596924 -0.006984949 0.999614477 -0.026867418 -13.907147408 -0.250722140 0.024259131 0.967754841 186.546875000
0.963489294 0.014691760 0.267341435 -136.974639893 -0.006654175 0.999498665 -0.030945946 -13.958316803 -0.267662078 0.028037151 0.963104546 187.906677246
0.958700299 0.016908653 0.283913165 -136.584350586 -0.008555617 0.999493837 -0.030635370 -14.016506195 -0.284287483 0.026941091 0.958360195 189.275466919
0.953320861 0.019122690 0.301351190 -136.170578003 -0.010270608 0.999468505 -0.030931698 -14.075391769 -0.301782548 0.026392778 0.953011155 190.638610840
0.947572351 0.022833047 0.318722993 -135.738784790 -0.012799559 0.999355257 -0.033539396 -14.134544373 -0.319283366 0.027701499 0.947253942 191.979797363
0.941516042 0.023491463 0.336146921 -135.268905640 -0.011562867 0.999231637 -0.037444189 -14.196408272 -0.336768329 0.031367496 0.941064537 193.342819214
0.935240507 0.024438553 0.353167176 -134.768005371 -0.011314224 0.999167979 -0.039178774 -14.269974709 -0.353830874 0.032645773 0.934739172 194.710739136
0.928380966 0.024878519 0.370795101 -134.261886597 -0.009140553 0.998983324 -0.044141013 -14.343984604 -0.371516436 0.037590414 0.927664697 196.033294678
0.920530796 0.028013222 0.389663160 -133.706512451 -0.009288802 0.998713076 -0.049854621 -14.424509048 -0.390558422 0.042273216 0.919606686 197.385513306
0.911104977 0.031427588 0.410973281 -133.120605469 -0.010646157 0.998550534 -0.052758228 -14.516069412 -0.412035763 0.043693017 0.910119116 198.739410400
0.899895549 0.034316164 0.434752315 -132.503173828 -0.012207562 0.998490632 -0.053544961 -14.611658096 -0.435933709 0.042877618 0.898956358 200.085723877
