1.000000000 0.000000000 0.000000000 0.000000000 0.000000000 1.000000000 0.000000000 0.000000000 0.000000000 0.000000000 1.000000000 0.000000000
0.999872983 0.001533726 0.015862430 0.009567671 -0.001518402 0.999998391 -0.000978048 -0.001213966 -0.015863905 0.000953838 0.999873698 0.128358796
0.999291956 0.004479173 0.037356246 0.025259098 -0.004460888 0.999989867 -0.000572811 -0.002168230 -0.037358433 0.000405763 0.999301851 0.272921234
0.997898996 0.005959632 0.064513870 0.053925276 -0.006023088 0.999981463 0.000789137 -0.003859673 -0.064507976 -0.001176052 0.997916520 0.434473008
0.995093107 0.005555685 0.098786652 0.095819056 -0.005880015 0.999978065 0.002992296 -0.004276080 -0.098767869 -0.003558480 0.995104194 0.611423492
0.990583122 0.002460490 0.136889994 0.155831769 -0.003176802 0.999982297 0.005014531 -0.004919160 -0.136875242 -0.005402183 0.990573645 0.797904670
0.984280527 -0.000542202 0.176611245 0.228328243 -0.000409582 0.999985576 0.005352645 -0.003928620 -0.176611602 -0.005340842 0.984266162 0.996782541
0.975350201 -0.000450000 0.220661893 0.309995472 -0.000988494 0.999978960 0.006408528 0.000210222 -0.220660135 -0.006468682 0.975329399 1.212202191
0.963149726 -0.000140650 0.268965691 0.404371470 -0.002434592 0.999954283 0.009241031 0.005402081 -0.268954754 -0.009555317 0.963105500 1.436316609
0.948570073 -0.003889077 0.316543162 0.525395095 -0.001365274 0.999864876 0.016375678 0.005673561 -0.316564113 -0.015965648 0.948436916 1.668031573
0.931398273 -0.013281504 0.363759398 0.673733354 0.004817878 0.999696255 0.024164613 0.005574454 -0.363969922 -0.020754335 0.931179643 1.901527524
0.909974396 -0.018619485 0.414246112 0.828586638 0.007509347 0.999567389 0.028432645 0.007250112 -0.414596438 -0.022762269 0.909720778 2.120619774
0.884604692 -0.020254329 0.465901554 0.995351017 0.005750895 0.999454021 0.032530483 0.009423383 -0.466306239 -0.026097277 0.884238541 2.341003180
0.855948925 -0.022672007 0.516562998 1.185922146 0.004137770 0.999306321 0.037003350 0.016310133 -0.517043829 -0.029535569 0.855449378 2.571639299
0.823516726 -0.027663164 0.566617012 1.395310760 0.005164878 0.999134302 0.041272771 0.021899730 -0.567268491 -0.031062320 0.822947145 2.787412882
0.787308693 -0.033431370 0.615651786 1.620760560 0.007546856 0.998976409 0.044595726 0.025102943 -0.616512835 -0.030464379 0.786755443 2.992475510
0.748868525 -0.037489250 0.661657274 1.877001286 0.008313064 0.998851299 0.047185756 0.034870878 -0.662666619 -0.029835535 0.748320282 3.211079121
0.708635747 -0.040565364 0.704407215 2.152014732 0.009267094 0.998794794 0.048195802 0.047054827 -0.705513656 -0.027625473 0.708157837 3.421247959
0.666285515 -0.042422786 0.744488955 2.452258587 0.008552795 0.998749256 0.049256776 0.063854441 -0.745647728 -0.026451623 0.665815115 3.636293411
0.623255789 -0.042433102 0.780865967 2.776803970 0.003607859 0.998671889 0.051389281 0.080527216 -0.782009900 -0.029211415 0.622581303 3.854738712
0.581278503 -0.043192200 0.812557459 3.125983715 0.000852970 0.998621702 0.052472431 0.096626222 -0.813704371 -0.029808020 0.580514371 4.064723969
0.540820420 -0.044443101 0.839963078 3.503291607 -0.001090847 0.998564899 0.053537209 0.113495022 -0.841137409 -0.029870296 0.539995909 4.272496700
0.501961768 -0.046600662 0.863633394 3.913986683 -0.002543346 0.998463154 0.055354174 0.131692842 -0.864886105 -0.029982213 0.501071870 4.477303505
0.464374453 -0.046275225 0.884429157 4.350763798 -0.005712276 0.998456299 0.055240642 0.151536644 -0.885620654 -0.030704459 0.463393301 4.680199623
0.427886516 -0.045599356 0.902681470 4.812807560 -0.006708283 0.998538435 0.053621471 0.171395063 -0.903807580 -0.028999357 0.426955372 4.870854378
0.394270778 -0.044177014 0.917931914 5.305567741 -0.005418826 0.998714447 0.050392315 0.195086092 -0.918978333 -0.024842342 0.393524617 5.054680347
0.364684403 -0.042405665 0.930165112 5.820695877 -0.003394312 0.998894811 0.046869822 0.217463166 -0.931125045 -0.020249968 0.364137501 5.232025623
0.339287609 -0.040680014 0.939802587 6.357484341 -0.002153757 0.999027908 0.044021197 0.239002705 -0.940680146 -0.016959958 0.338870227 5.409883499
0.319027245 -0.040066015 0.946898282 6.934569359 -0.001028685 0.999090433 0.042621024 0.263661653 -0.947744846 -0.014571332 0.318695903 5.591206551
0.304269969 -0.040627919 0.951718986 7.530608177 -0.000111525 0.999088168 0.042685740 0.286248624 -0.952585757 -0.013094132 0.303988039 5.773865700
0.292700827 -0.042139664 0.955275059 8.151122093 0.000876268 0.999039352 0.043801758 0.309024632 -0.956203580 -0.011983734 0.292456657 5.958936691
0.281748712 -0.044037692 0.958477020 8.805644035 -0.000371670 0.998940706 0.046006091 0.333972752 -0.959488094 -0.013318395 0.281433880 6.148117542
0.271111161 -0.045747440 0.961460292 9.473716736 -0.001860194 0.998842716 0.048050702 0.360492527 -0.962546170 -0.014815586 0.270712316 6.337464333
0.261029452 -0.047571801 0.964157879 10.169721603 -0.002694230 0.998744667 0.050007761 0.388280809 -0.965327084 -0.015651159 0.260573596 6.523406029
0.250804663 -0.049399383 0.966776371 10.896373749 -0.003657171 0.998641074 0.051976349 0.419017255 -0.968030810 -0.016571574 0.250283152 6.710130692
0.240300551 -0.050955385 0.969360173 11.640445709 -0.003763765 0.998564303 0.053423576 0.450544715 -0.970691204 -0.016486157 0.239763767 6.892147064
0.230022699 -0.052367404 0.971775293 12.409550667 -0.003809636 0.998494625 0.054709043 0.481684715 -0.973177731 -0.016286427 0.229476869 7.068682194
0.219344512 -0.055154480 0.974087238 13.188797951 -0.005271722 0.998318791 0.057713617 0.517775893 -0.975633204 -0.017794279 0.218684912 7.245807648
0.208033994 -0.058861028 0.976348996 13.978453636 -0.007006705 0.998071969 0.061663605 0.553759038 -0.978096485 -0.019669112 0.207220420 7.412813187
0.195909888 -0.062868729 0.978604555 14.778977394 -0.007947322 0.997807741 0.065693446 0.588287890 -0.980589628 -0.020647280 0.194980696 7.570749283
0.182760388 -0.065133981 0.980997562 15.584407806 -0.008929379 0.997651398 0.067903318 0.626712561 -0.983116865 -0.021169737 0.181749478 7.720101357
0.168699592 -0.065717988 0.983474255 16.391197205 -0.009334071 0.997623086 0.068264611 0.665713251 -0.985623240 -0.020696029 0.167685136 7.856382370
0.154342413 -0.064835422 0.985887766 17.195951462 -0.010820556 0.997673273 0.067304492 0.703702807 -0.987958074 -0.021055792 0.153281644 7.979984283
0.137509733 -0.063773237 0.988445222 18.018165588 -0.011453127 0.997755587 0.065967292 0.744930089 -0.990434110 -0.020391932 0.136470571 8.093536377
0.116471179 -0.062212784 0.991243660 18.846092224 -0.014206608 0.997829199 0.064295441 0.783229887 -0.993092358 -0.021570774 0.115334406 8.198032379
0.090274476 -0.060859591 0.994055569 19.670347214 -0.018897682 0.997846246 0.062807895 0.822921813 -0.995737433 -0.024455292 0.088929802 8.279168129
0.059681766 -0.060408588 0.996387839 20.507829666 -0.022971453 0.997819304 0.061871361 0.860043406 -0.997952819 -0.026581071 0.058163796 8.330910683
0.025974527 -0.060283467 0.997843206 21.343906403 -0.026339613 0.997791708 0.060966041 0.895345092 -0.999315381 -0.027866365 0.024329171 8.356320381
-0.008971644 -0.059784018 0.998170853 22.185785294 -0.028273808 0.997826815 0.059509326 0.927670479 -0.999559700 -0.027688205 -0.010642642 8.352069855
-0.043188028 -0.058655836 0.997343481 23.033666611 -0.029400170 0.997916877 0.057416484 0.959642649 -0.998634040 -0.026842371 -0.044822730 8.312688828
-0.075971089 -0.056648560 0.995499432 23.874006271 -0.031792741 0.998014390 0.054365471 0.992055297 -0.996602833 -0.027519457 -0.077621460 8.245212555
-0.108679257 -0.053831391 0.992618144 24.718246460 -0.034325548 0.998139918 0.050372675 1.019332767 -0.993483782 -0.028597699 -0.110325113 8.154321671
-0.141444921 -0.049258538 0.988719702 25.557037354 -0.031655096 0.998475075 0.045216061 1.043616891 -0.989439607 -0.024902439 -0.142788738 8.028931618
-0.172910959 -0.043019459 0.983997464 26.383424759 -0.026534077 0.998886108 0.039007783 1.066380024 -0.984579682 -0.019364590 -0.173860043 7.868165970
-0.203388482 -0.036568154 0.978414953 27.211166382 -0.020708360 0.999238968 0.033041738 1.083046436 -0.978878736 -0.013541064 -0.203991175 7.682548046
-0.232516780 -0.030570453 0.972111702 28.034330368 -0.014863347 0.999500334 0.027876675 1.095890045 -0.972478509 -0.007967036 -0.232855231 7.472401619
-0.260171145 -0.024148408 0.965260386 28.849296570 -0.006461551 0.999707937 0.023268623 1.104573250 -0.965540588 -0.000183256 -0.260251403 7.232066154
-0.286501408 -0.013341478 0.957986832 29.663837433 -0.000285920 0.999903738 0.013839769 1.104195476 -0.958079398 0.003691204 -0.286477834 6.973240376
-0.311664253 0.002523122 0.950188935 30.454389572 0.004529169 0.999988616 -0.001169739 1.094313860 -0.950181127 0.003938996 -0.311672300 6.698245049
-0.336286694 0.020064343 0.941545844 31.226585388 0.005771949 0.999797702 -0.019244112 1.076230168 -0.941741586 -0.001036991 -0.336334705 6.414040565
-0.361385137 0.035299219 0.931748211 31.984865189 0.006280080 0.999352098 -0.035424575 1.048678279 -0.932395101 -0.006950473 -0.361372918 6.115060806
-0.385730177 0.045669619 0.921480656 32.751277924 0.010092361 0.998922765 -0.045283057 1.005203605 -0.922556043 -0.008167138 -0.385775834 5.785376549
-0.409141213 0.049838543 0.911109090 33.514656067 0.013197443 0.998725533 -0.048704796 0.954208732 -0.912375152 -0.007902842 -0.409277797 5.431869507
-0.431430429 0.049621772 0.900780559 34.268726349 0.016952945 0.998755217 -0.046899267 0.902063489 -0.901986480 -0.004962903 -0.431734771 5.059799194
-0.451512426 0.045424506 0.891107857 35.011341095 0.020560658 0.998967230 -0.040504821 0.849809885 -0.892027438 0.000033323 -0.451980323 4.670630455
-0.469097733 0.044402719 0.882029295 35.735282898 0.028495733 0.998975694 -0.035134785 0.799938679 -0.882685959 0.008652415 -0.469882816 4.267298698
-0.482815325 0.044669744 0.874582291 36.451656342 0.030471202 0.998949766 -0.034200143 0.753641009 -0.875191569 0.010137201 -0.483669549 3.862028122
-0.493782789 0.048896287 0.868209600 37.153549194 0.034429304 0.998733759 -0.036665965 0.708763123 -0.868903160 0.011786812 -0.494841188 3.452916145
-0.503489017 0.051332798 0.862475514 37.846870422 0.035199825 0.998622835 -0.038887307 0.663198590 -0.863283992 0.010779638 -0.504602790 3.042684555
-0.514071763 0.050656565 0.856250107 38.539909363 0.029110363 0.998709321 -0.041607395 0.616222858 -0.857252657 0.003536552 -0.514883161 2.632417679
-0.525155485 0.049316011 0.849576354 39.224674225 0.028571213 0.998777807 -0.040315852 0.569550157 -0.850526214 0.003101322 -0.525922894 2.212402344
-0.533747673 0.050739367 0.844120383 39.902633667 0.030493630 0.998703361 -0.040749703 0.527526736 -0.845093489 0.003990222 -0.534603119 1.776367188
-0.540635228 0.053907886 0.839528203 40.580406189 0.033786036 0.998530507 -0.042360354 0.479489923 -0.840578020 0.005462816 -0.541662216 1.327539444
-0.544028997 0.056905340 0.837134659 41.271648407 0.034893181 0.998368382 -0.045189328 0.436277270 -0.838340104 0.004625961 -0.545127213 0.876665115
-0.543794751 0.059130192 0.837132633 41.978801727 0.034636579 0.998245597 -0.048010588 0.391715884 -0.838502765 0.002887479 -0.544888973 0.419885635
-0.540475845 0.059382398 0.839261353 42.702114105 0.036550742 0.998221099 -0.047091328 0.344284654 -0.840564847 0.005223874 -0.541684926 -0.045972824
-0.534632742 0.058275282 0.843072891 43.447513580 0.034693401 0.998291492 -0.047003601 0.293743849 -0.844371676 0.004119378 -0.535741329 -0.513906479
-0.527716756 0.056926642 0.847510695 44.211776733 0.032520339 0.998373806 -0.046810608 0.243943334 -0.848797262 0.002858577 -0.528709948 -0.983272552
-0.520583153 0.056482594 0.851940751 44.986507416 0.030852234 0.998401701 -0.047340311 0.194158196 -0.853253007 0.001639698 -0.521493793 -1.451648712
-0.514289737 0.055050094 0.855847895 45.790374756 0.027906008 0.998483002 -0.047455594 0.141324162 -0.857161939 -0.000522641 -0.515045822 -1.926525116
-0.510053515 0.052679110 0.858528078 46.605228424 0.023333527 0.998602331 -0.047411501 0.089100838 -0.859825730 -0.004149926 -0.510569811 -2.401401520
-0.508867681 0.049981412 0.859392643 47.437171936 0.018903341 0.998720586 -0.046891417 0.036133885 -0.860636771 -0.007616153 -0.509161532 -2.879535675
-0.509296000 0.047406945 0.859284759 48.286121368 0.015640862 0.998825967 -0.045835134 -0.018637180 -0.860448718 -0.009903715 -0.509439707 -3.372705460
-0.510240734 0.046353363 0.858781695 49.138023376 0.014510285 0.998867810 -0.045293365 -0.074361086 -0.859908760 -0.010649368 -0.510335684 -3.870538712
-0.510545313 0.045644052 0.858638704 50.002300262 0.014318835 0.998902380 -0.044586286 -0.130214214 -0.859731019 -0.010468630 -0.510638535 -4.383430481
-0.510677218 0.045289170 0.858578980 50.876144409 0.014312633 0.998920560 -0.044178944 -0.185636520 -0.859652817 -0.010272669 -0.510774314 -4.900688171
-0.510721982 0.044527065 0.858592272 51.763488770 0.014486879 0.998961389 -0.043189332 -0.241232634 -0.859623313 -0.009619426 -0.510836661 -5.424600601
-0.510800958 0.044324152 0.858555853 52.660865784 0.014110360 0.998967290 -0.043178044 -0.298668385 -0.859582603 -0.009940870 -0.510899067 -5.955518723
-0.511039436 0.042799674 0.858491361 53.557525635 0.012392004 0.999022126 -0.042429082 -0.356256247 -0.859467328 -0.011044518 -0.511070132 -6.481687546
-0.511221230 0.041956183 0.858424664 54.452236176 0.011703666 0.999054432 -0.041859619 -0.417371988 -0.859368861 -0.011352823 -0.511229098 -7.002563477
-0.510783792 0.041121468 0.858725607 55.346839905 0.010503565 0.999078810 -0.041594807 -0.478265047 -0.859644413 -0.012226285 -0.510745347 -7.525144577
-0.509550095 0.039546173 0.859532058 56.240989685 0.010070519 0.999148369 -0.039999735 -0.538849115 -0.860381484 -0.011725944 -0.509514511 -8.047527313
-0.507369459 0.037503563 0.860912561 57.134113312 0.010514311 0.999247074 -0.037333261 -0.599540710 -0.861663878 -0.009889862 -0.507381856 -8.572597504
-0.505050302 0.036132228 0.862333715 58.029815674 0.010736946 0.999308586 -0.035583131 -0.657341123 -0.863022506 -0.008712453 -0.505089164 -9.090383530
-0.502716064 0.035940632 0.863704503 58.921676636 0.011056087 0.999320447 -0.035148725 -0.713886738 -0.864380240 -0.008120651 -0.502771854 -9.605178833
-0.500604630 0.036161561 0.864920914 59.816673279 0.011445276 0.999315858 -0.035156105 -0.771441698 -0.865599751 -0.007700063 -0.500676036 -10.119581223
-0.499741524 0.036838114 0.865391314 60.697078705 0.011490327 0.999288738 -0.035902500 -0.825035930 -0.866097748 -0.007998348 -0.499809474 -10.621833801
-0.500555813 0.038249448 0.864859283 61.579845428 0.010952801 0.999222815 -0.037852645 -0.882468224 -0.865634322 -0.009474743 -0.500585735 -11.127933502
-0.503574371 0.039911501 0.863029957 62.466735840 0.009531280 0.999127805 -0.040643975 -0.941887975 -0.863898695 -0.012241494 -0.503515601 -11.636173248
-0.508028090 0.040427957 0.860391557 63.341823578 0.008523352 0.999084592 -0.041912101 -1.001845360 -0.861297667 -0.013959110 -0.507907391 -12.147733688
-0.513580978 0.039138701 0.857148409 64.216285706 0.009893610 0.999162495 -0.039695252 -1.059572697 -0.857983410 -0.011906445 -0.513537943 -12.666208267
-0.519020975 0.036858894 0.853966832 65.088745117 0.011289120 0.999277890 -0.036269512 -1.118327141 -0.854686320 -0.009184112 -0.519062102 -13.194961548
-0.524306953 0.034407921 0.850834250 65.943954468 0.008766267 0.999348164 -0.035011809 -1.176132321 -0.851483583 -0.010898305 -0.524266779 -13.715965271
-0.529257476 0.037804931 0.847618997 66.792388916 0.010945806 0.999227583 -0.037732236 -1.230636358 -0.848389983 -0.010692201 -0.529262364 -14.244091034
-0.534341812 0.039368518 0.844351470 67.631599426 0.011354432 0.999158621 -0.039400913 -1.284704447 -0.845191598 -0.011466431 -0.534339190 -14.768812180
-0.539025366 0.040312424 0.841324627 68.463829041 0.010146377 0.999091983 -0.041371245 -1.342951417 -0.842227757 -0.013763766 -0.538944960 -15.295015335
-0.542737782 0.040240970 0.838937998 69.290618896 0.008790962 0.999068677 -0.042234696 -1.402045131 -0.839855433 -0.015547305 -0.542586267 -15.824731827
-0.545958877 0.039854378 0.836863756 70.114234924 0.010319756 0.999111831 -0.040848687 -1.461937428 -0.837747633 -0.013665488 -0.545885265 -16.361789703
-0.548329294 0.033026580 0.835610390 70.936203003 0.011169391 0.999419749 -0.032171559 -1.513058424 -0.836187065 -0.008307362 -0.548380017 -16.901292801
-0.550496995 0.024267796 0.834484637 71.757843018 0.010665650 0.999700069 -0.022036459 -1.564425945 -0.834768176 -0.003230699 -0.550590754 -17.438888550
-0.552183509 0.022817884 0.833410621 72.570487976 0.011782716 0.999738932 -0.019565007 -1.609356284 -0.833638549 -0.000983650 -0.552308142 -17.970542908
-0.553188503 0.027438806 0.832604408 73.371162415 0.011949192 0.999615610 -0.025003577 -1.648593664 -0.832969546 -0.003882759 -0.553303838 -18.500507355
-0.554351151 0.034001898 0.831588387 74.167526245 0.014083697 0.999405026 -0.031475108 -1.692512393 -0.832162917 -0.005736444 -0.554500341 -19.031188965
-0.554693341 0.037617180 0.831204414 74.963859558 0.019294646 0.999290109 -0.032348063 -1.736373663 -0.831830263 -0.001905486 -0.555025458 -19.570447922
-0.554579437 0.038705591 0.831230402 75.756637573 0.022434182 0.999249756 -0.031561643 -1.785886765 -0.831827462 0.001144510 -0.555031776 -20.105159760
-0.554196775 0.035150886 0.831643403 76.558776855 0.020867478 0.999380469 -0.028334735 -1.830665350 -0.832123220 0.001651260 -0.554587066 -20.636117935
-0.553422928 0.030364720 0.832346916 77.358291626 0.019757843 0.999532461 -0.023326879 -1.870717049 -0.832665205 0.003535730 -0.553764224 -21.166290283
-0.552834392 0.023463892 0.832961082 78.164710999 0.016503902 0.999715447 -0.017207609 -1.913881421 -0.833126843 0.004234133 -0.553064466 -21.691467285
-0.552329779 0.017748719 0.833437026 78.965339661 0.008191968 0.999840319 -0.015863458 -1.951704502 -0.833584666 -0.001934384 -0.552387118 -22.204164505
-0.550977409 0.012324886 0.834429383 79.766700745 0.000529805 0.999895632 -0.014419031 -1.980508804 -0.834519148 -0.007502480 -0.550926507 -22.711847305
-0.548936307 0.013233005 0.835759699 80.557258606 0.004091177 0.999905050 -0.013144842 -2.013467789 -0.835853338 -0.003796447 -0.548938334 -23.230604172
-0.545864642 0.016420642 0.837712705 81.346313477 0.008159802 0.999864519 -0.014282038 -2.048736334 -0.837832868 -0.000960500 -0.545924664 -23.747451782
-0.540610373 0.019652398 0.841043651 82.135757446 0.010440727 0.999806583 -0.016650984 -2.077989578 -0.841207564 -0.000220602 -0.540711105 -24.252326965
-0.532632887 0.022014536 0.846060157 82.921615601 0.015468801 0.999747694 -0.016275151 -2.108638525 -0.846204162 0.004418838 -0.532839000 -24.754425049
-0.524481535 0.025374662 0.851043701 83.719673157 0.022966268 0.999613523 -0.015650712 -2.145015001 -0.851111233 0.011336762 -0.524861693 -25.255189896
-0.514555395 0.024283085 0.857113361 84.522705078 0.020267088 0.999663889 -0.016154634 -2.173200846 -0.857216716 0.009058717 -0.514874578 -25.734622955
-0.503821313 0.021843648 0.863531768 85.332427979 0.017937995 0.999729037 -0.014823027 -2.201990604 -0.863620579 0.008021851 -0.504076660 -26.195274353
-0.492284924 0.018612016 0.870235205 86.153793335 0.018283334 0.999771714 -0.011039691 -2.232200146 -0.870241046 0.010476106 -0.492512912 -26.655876160
-0.481249630 0.017800439 0.876402974 86.973281860 0.017818522 0.999785721 -0.010521919 -2.261393070 -0.876401484 0.010552512 -0.481463820 -27.098594666
-0.469399869 0.017057400 0.882821083 87.792701721 0.018528940 0.999783337 -0.009465334 -2.285717249 -0.882790267 0.011914689 -0.469614416 -27.529251099
-0.457313687 0.018158400 0.889120221 88.616516113 0.020225076 0.999745131 -0.010015006 -2.313599348 -0.889074445 0.013402497 -0.457564473 -27.952190399
-0.445332527 0.021929059 0.895096779 89.438079834 0.019972842 0.999694407 -0.014554597 -2.347959042 -0.895141423 0.011395969 -0.445634633 -28.356750488
-0.433831751 0.031283956 0.900450826 90.279144287 0.023134908 0.999454200 -0.023577303 -2.375490189 -0.900695860 0.010603234 -0.434318811 -28.759128571
-0.421256840 0.035780620 0.906235576 91.113105774 0.022463312 0.999326468 -0.029014170 -2.406538486 -0.906662226 0.008134606 -0.421777010 -29.143589020
-0.409740865 0.032130219 0.911636055 91.962989807 0.020756716 0.999449015 -0.025895875 -2.447674513 -0.911964893 0.008311947 -0.410182178 -29.518526077
-0.398341328 0.028385453 0.916798294 92.822181702 0.020128397 0.999550700 -0.022201950 -2.496101141 -0.917015493 0.009609698 -0.398733884 -29.878746033
-0.388653696 0.029063007 0.920925796 93.671897888 0.017170442 0.999557137 -0.024298117 -2.536172628 -0.921222985 0.006369123 -0.388980836 -30.228790283
-0.381789804 0.033411302 0.923645437 94.506027222 0.012572796 0.999441504 -0.030956097 -2.580680132 -0.924162745 -0.000205940 -0.381996930 -30.559202194
-0.376811147 0.038325448 0.925497115 95.342361450 0.006838369 0.999231458 -0.038594596 -2.622729778 -0.926263928 -0.008214008 -0.376783788 -30.887716293
-0.373459905 0.040225770 0.926773965 96.190055847 0.003727112 0.999116302 -0.041863784 -2.671292782 -0.927637994 -0.012180274 -0.373279959 -31.216800690
-0.369785637 0.039768156 0.928265870 97.038414001 0.001560964 0.999108613 -0.042181302 -2.721765995 -0.929114997 -0.014149066 -0.369518340 -31.546794891
-0.364709646 0.040075358 0.930258811 97.880477905 0.002340653 0.999109566 -0.042123772 -2.777215481 -0.931117415 -0.013185550 -0.364478916 -31.874403000
-0.359091729 0.035481483 0.932627857 98.730201721 -0.001561278 0.999252737 -0.038617332 -2.828083038 -0.933300078 -0.015323267 -0.358768225 -32.190071106
-0.354245037 0.031308405 0.934628606 99.592369080 -0.003014696 0.999395907 -0.034620613 -2.881706238 -0.935146868 -0.015081813 -0.353936851 -32.497783661
-0.348778278 0.027800234 0.936793149 100.440498352 -0.006358507 0.999466598 -0.032027461 -2.935016394 -0.937182963 -0.017127097 -0.348415762 -32.794292450
-0.343169034 0.026024435 0.938913345 101.293212891 -0.014689293 0.999345064 -0.033068325 -2.979223251 -0.939158022 -0.025139997 -0.342562288 -33.087047577
-0.337127864 0.026072610 0.941098094 102.143997192 -0.021806438 0.999131918 -0.035492074 -3.024044514 -0.941205442 -0.032487363 -0.336266935 -33.367980957
-0.330193192 0.030211432 0.943430066 102.982017517 -0.019817540 0.999045312 -0.038928367 -3.073532104 -0.943704426 -0.031550344 -0.329279572 -33.660480499
-0.323302954 0.033549413 0.945700943 103.833053589 -0.018051954 0.998970687 -0.041610532 -3.120859623 -0.946122408 -0.030524559 -0.322364837 -33.946655273
-0.316773146 0.031736530 0.947970629 104.683540344 -0.019284369 0.999017894 -0.039889555 -3.165981293 -0.948304415 -0.030916953 -0.315850317 -34.222450256
-0.309948921 0.026736964 0.950377464 105.548141479 -0.019924900 0.999202132 -0.034608692 -3.217475414 -0.950543463 -0.029663099 -0.309169233 -34.492561340
-0.302980393 0.024028940 0.952694058 106.412811279 -0.021390978 0.999258578 -0.032006241 -3.264791727 -0.952755809 -0.030076317 -0.302242130 -34.759067535
-0.296571523 0.027454652 0.954616189 107.275939941 -0.023159660 0.999085724 -0.035928614 -3.306843519 -0.954728842 -0.032763980 -0.295664966 -35.017036438
-0.290250957 0.030018782 0.956479907 108.141876221 -0.022671282 0.999011457 -0.038233384 -3.357204676 -0.956681013 -0.032781903 -0.289283872 -35.267284393
-0.283599555 0.030529063 0.958457053 109.004394531 -0.025250157 0.998908639 -0.039288845 -3.403250694 -0.958609402 -0.035343487 -0.282519579 -35.511310577
-0.276816428 0.029929338 0.960457027 109.865989685 -0.025838729 0.998921394 -0.038575009 -3.451797485 -0.960574508 -0.035495169 -0.275744915 -35.747158051
-0.269083261 0.029505903 0.962665141 110.731826782 -0.022781370 0.999055862 -0.036989104 -3.502684355 -0.962846518 -0.031883977 -0.268157393 -35.980850220
-0.261395752 0.030729793 0.964742720 111.602317810 -0.020063641 0.999103963 -0.037260506 -3.550849438 -0.965022385 -0.029095991 -0.260545433 -36.216968536
-0.254970193 0.031178694 0.966446400 112.470809937 -0.018996514 0.999125481 -0.037244651 -3.599561930 -0.966761410 -0.027855393 -0.254155397 -36.438552856
-0.247936979 0.030083528 0.968309224 113.324905396 -0.025151998 0.998980820 -0.037476633 -3.644824505 -0.968448639 -0.033646755 -0.246928096 -36.648071289
-0.242075965 0.028594743 0.969836116 114.197296143 -0.029034834 0.998904407 -0.036699023 -3.689600706 -0.969821811 -0.037042972 -0.240980968 -36.853054047
-0.237866879 0.028518088 0.970879257 115.069610596 -0.026847299 0.998993814 -0.035921529 -3.737736225 -0.970925748 -0.034610026 -0.236862361 -37.055358887
-0.232809216 0.029732352 0.972068071 115.940185547 -0.024244325 0.999044240 -0.036363948 -3.782296181 -0.972219229 -0.032032985 -0.231866390 -37.264564514
-0.228105947 0.031094965 0.973139763 116.810737610 -0.023263004 0.999030352 -0.037375130 -3.828694820 -0.973357499 -0.031163646 -0.227161899 -37.462368011
-0.222230121 0.030476147 0.974518001 117.682228088 -0.016977685 0.999238610 -0.035120841 -3.872770548 -0.974845529 -0.024349967 -0.221544027 -37.664531708
-0.216870651 0.029415755 0.975757182 118.560302734 -0.009333724 0.999437571 -0.032204136 -3.919461012 -0.976154685 -0.016091581 -0.216474637 -37.865894318
-0.212006688 0.028475584 0.976853371 119.434585571 -0.007532362 0.999498010 -0.030770425 -3.967149496 -0.977238178 -0.013881556 -0.211686239 -38.056629181
-0.207841173 0.030214958 0.977696002 120.304672241 -0.008983072 0.999421537 -0.032796010 -4.009419441 -0.978120327 -0.015599083 -0.207450077 -38.235374451
-0.204336181 0.031962074 0.978378952 121.177253723 -0.010645259 0.999334991 -0.034869939 -4.051700115 -0.978841782 -0.017540289 -0.203860566 -38.409534454
-0.202783063 0.031311791 0.978723049 122.053474426 -0.013005292 0.999314189 -0.034665130 -4.097591877 -0.979136348 -0.019758083 -0.202237263 -38.580085754
-0.202416360 0.029951306 0.978841543 122.931632996 -0.013132624 0.999359131 -0.033294823 -4.147114277 -0.979210377 -0.019594174 -0.201893806 -38.743354797
-0.201705456 0.024994038 0.979127407 123.816841125 -0.012555619 0.999526203 -0.028101264 -4.196364403 -0.979364693 -0.017961722 -0.201296508 -38.920585632
-0.200659186 0.019777654 0.979461610 124.692817688 -0.013562074 0.999644220 -0.022963591 -4.238145828 -0.979566157 -0.017891381 -0.200320020 -39.095615387
-0.199777141 0.017839592 0.979679167 125.558311462 -0.013197000 0.999694467 -0.020895196 -4.278060436 -0.979751348 -0.017103201 -0.199481130 -39.267116547
-0.198538706 0.022491945 0.979835033 126.402198792 -0.013127011 0.999585867 -0.025605164 -4.316526890 -0.980004013 -0.017945919 -0.198161766 -39.431438446
-0.198536232 0.026139423 0.979745030 127.255020142 -0.013299927 0.999480367 -0.029361049 -4.353146076 -0.980002165 -0.018859770 -0.198085904 -39.598567963
-0.198578715 0.025302012 0.979758322 128.108108521 -0.016482964 0.999439120 -0.029151034 -4.389862537 -0.979945183 -0.021938097 -0.198050767 -39.762699127
-0.197710454 0.024501469 0.979954302 128.971527100 -0.018388236 0.999418974 -0.028698040 -4.429926872 -0.980086863 -0.023693530 -0.197145581 -39.936630249
-0.197153226 0.025279593 0.980046749 129.835220337 -0.014419350 0.999484599 -0.028681660 -4.471334457 -0.980265558 -0.019786319 -0.196687609 -40.112300873
-0.196166754 0.027867042 0.980174601 130.655258179 -0.016313983 0.999364972 -0.031677615 -4.504340172 -0.980433702 -0.022204649 -0.195588097 -40.271621704
-0.196513295 0.028742108 0.980079889 131.512298584 -0.023598665 0.999141991 -0.034032829 -4.552506447 -0.980216026 -0.029816471 -0.195666939 -40.426105499
-0.196128368 0.030137669 0.980114996 132.348114014 -0.029447794 0.998895705 -0.036607869 -4.597031116 -0.980134904 -0.036042064 -0.195024818 -40.577629089
-0.195697263 0.033738583 0.980083883 133.171401978 -0.026770238 0.998851776 -0.039729960 -4.642295837 -0.980297923 -0.034012116 -0.194569886 -40.738021851
-0.195128590 0.034915760 0.980156064 134.007736206 -0.024959188 0.998865664 -0.040551081 -4.692344666 -0.980458915 -0.032376569 -0.194036260 -40.900360107
-0.193385094 0.036045581 0.980460644 134.825668335 -0.026685327 0.998761952 -0.041981779 -4.738557816 -0.980758905 -0.034282561 -0.192184284 -41.052227020
-0.192437723 0.034693908 0.980695724 135.642105103 -0.019782292 0.999034464 -0.039224457 -4.792452812 -0.981108665 -0.026948670 -0.191566110 -41.196964264
-0.190018609 0.031812303 0.981265068 136.410766602 -0.018487416 0.999181747 -0.035973169 -4.826851368 -0.981605291 -0.024976622 -0.189275518 -41.328937531
-0.188236400 0.026969615 0.981753469 137.236083984 -0.015069203 0.999425888 -0.030344367 -4.872540951 -0.982007086 -0.020506158 -0.187722459 -41.485397339
-0.184992313 0.026599910 0.982380033 138.033737183 -0.014624686 0.999448478 -0.029816037 -4.912035942 -0.982630074 -0.019882740 -0.184501827 -41.624603271
-0.181272939 0.031246547 0.982936561 138.779479980 -0.017361214 0.999237597 -0.034966480 -4.953014851 -0.983278453 -0.023403453 -0.180592805 -41.734672546
-0.174787596 0.034500688 0.984001696 139.580490112 -0.016120899 0.999151587 -0.037895400 -4.994982719 -0.984473169 -0.022486642 -0.174083665 -41.871700287
-0.166621909 0.035206337 0.985392272 140.386291504 -0.016341429 0.999126434 -0.038460221 -5.032427788 -0.985884368 -0.022511041 -0.165901572 -42.001724243
-0.157673389 0.030551797 0.987018704 141.194412231 -0.015669296 0.999317944 -0.033435617 -5.078447819 -0.987365961 -0.020737804 -0.157087684 -42.115066528
-0.145665824 0.029208072 0.988902748 142.003265381 -0.011395400 0.999448121 -0.031198075 -5.122360229 -0.989267230 -0.015813448 -0.145253196 -42.235824585
-0.131502718 0.032184027 0.990793347 142.798828125 -0.007706062 0.999409437 -0.033486675 -5.158123493 -0.991284847 -0.012038724 -0.131177649 -42.346248627
-0.117479362 0.033009913 0.992526650 143.589187622 -0.008082009 0.999382436 -0.034194540 -5.199449539 -0.993041337 -0.012038782 -0.117140681 -42.432182312
-0.103624940 0.033016641 0.994068325 144.392868042 -0.006382061 0.999406159 -0.033859208 -5.240713120 -0.994594932 -0.009852885 -0.103353344 -42.513004303
-0.090339005 0.035066400 0.995293617 145.188323975 -0.006702529 0.999335825 -0.035817161 -5.278496742 -0.995887518 -0.009906693 -0.090044633 -42.577022552
-0.076101393 0.040988255 0.996257246 145.982467651 -0.008301876 0.999093890 -0.041739102 -5.331468582 -0.997064590 -0.011447232 -0.075692825 -42.636543274
-0.063428722 0.049899887 0.996738076 146.765426636 -0.015166435 0.998585522 -0.050957493 -5.379418850 -0.997870147 -0.018349161 -0.062582880 -42.669570923
-0.049467832 0.057758812 0.997104228 147.552947998 -0.018834917 0.998094916 -0.058750615 -5.428825855 -0.998597205 -0.021686669 -0.048286416 -42.698997498
-0.036576990 0.058790177 0.997600019 148.311859131 -0.020153547 0.998021603 -0.059553932 -5.473174095 -0.999126613 -0.022283515 -0.035320502 -42.714942932
-0.024861168 0.054788865 0.998188317 149.094253540 -0.023894114 0.998179138 -0.055383455 -5.530090332 -0.999404371 -0.025227750 -0.023507487 -42.722064972
-0.014408382 0.052615378 0.998510897 149.865280151 -0.028377302 0.998190641 -0.053007975 -5.585695267 -0.999492466 -0.029098826 -0.012889963 -42.716556549
-0.005428280 0.059244204 0.998228669 150.622299194 -0.032946583 0.997690856 -0.059391432 -5.640638351 -0.999441385 -0.033210646 -0.003464590 -42.708713531
0.001195139 0.067227334 0.997736812 151.383758545 -0.035899319 0.997097433 -0.067141220 -5.695554256 -0.999353707 -0.035737865 0.003604342 -42.698246002
0.004064307 0.070330083 0.997515380 152.138580322 -0.038936328 0.996778429 -0.070119455 -5.747564793 -0.999232471 -0.038554627 0.006788863 -42.682537079
0.003662930 0.065678053 0.997833967 152.885269165 -0.041798230 0.996978760 -0.065468319 -5.807422638 -0.999118388 -0.041467920 0.006396345 -42.665714264
0.001689933 0.061386261 0.998112500 153.647598267 -0.043219484 0.997185946 -0.061256081 -5.874023438 -0.999063194 -0.043034423 0.004337516 -42.653587341
-0.000951148 0.058653720 0.998277783 154.390548706 -0.041605700 0.997411609 -0.058642458 -5.929130077 -0.999132693 -0.041589852 0.001490899 -42.654048920
-0.003925729 0.059337549 0.998230159 155.131530762 -0.040224351 0.997420669 -0.059447601 -5.977018356 -0.999181986 -0.040386565 -0.001529530 -42.652877808
-0.007565423 0.059352830 0.998208225 155.879714966 -0.038714606 0.997471213 -0.059602395 -6.034604073 -0.999220669 -0.039096184 -0.005249209 -42.656002045
-0.012309989 0.057767019 0.998254120 156.633132935 -0.039496105 0.997522593 -0.058211718 -6.094021797 -0.999142885 -0.040143758 -0.009998654 -42.660175323
-0.017592914 0.057959605 0.998163879 157.367752075 -0.040075965 0.997475266 -0.058625955 -6.147899628 -0.999040782 -0.041033808 -0.015226441 -42.667713165
-0.023589062 0.056122568 0.998145103 158.115188599 -0.041471165 0.997508705 -0.057066835 -6.200314522 -0.998860240 -0.042740420 -0.021203548 -42.678703308
-0.029604398 0.053485144 0.998129666 158.856857300 -0.039075173 0.997742176 -0.054623324 -6.258219719 -0.998796642 -0.040619202 -0.027448334 -42.696792603
-0.034701373 0.053430516 0.997968435 159.597152710 -0.039688826 0.997708440 -0.054796644 -6.309585571 -0.998608351 -0.041509744 -0.032501973 -42.721748352
-0.040050976 0.054720014 0.997698247 160.330612183 -0.041238766 0.997558117 -0.056367774 -6.361451626 -0.998345256 -0.043401454 -0.037697300 -42.744689941
-0.044307027 0.056962721 0.997392714 161.054260254 -0.041782182 0.997393906 -0.058818858 -6.417148590 -0.998142838 -0.044279352 -0.041812241 -42.767234802
-0.046663914 0.059186183 0.997155666 161.774780273 -0.041390371 0.997271240 -0.061129976 -6.473163605 -0.998051763 -0.044125229 -0.044087548 -42.798339844
-0.048342235 0.060742978 0.996982098 162.497100830 -0.038480464 0.997294724 -0.062627882 -6.525624275 -0.998088300 -0.041391943 -0.045874752 -42.831081390
-0.047648933 0.059265565 0.997104347 163.212707520 -0.035243753 0.997516870 -0.060974278 -6.579575062 -0.998241186 -0.038047101 -0.045442592 -42.863479614
-0.043809060 0.055648062 0.997488856 163.928115845 -0.032814190 0.997828424 -0.057108182 -6.636472702 -0.998499870 -0.035233680 -0.041888591 -42.890293121
-0.036463492 0.055396941 0.997798383 164.638107300 -0.031616166 0.997898519 -0.056557871 -6.693273544 -0.998833656 -0.033608902 -0.034636147 -42.909576416
-0.025318241 0.056259103 0.998095095 165.338592529 -0.029033065 0.997952580 -0.056987520 -6.745054245 -0.999256849 -0.030420633 -0.023633754 -42.920856476
-0.010505658 0.056761436 0.998332500 166.040618896 -0.026058950 0.998032868 -0.057018615 -6.794366837 -0.999604285 -0.026614564 -0.009006589 -42.926433563
0.004699840 0.054397184 0.998508334 166.737930298 -0.026909592 0.998164535 -0.054251794 -6.841102600 -0.999625862 -0.026614523 0.006154264 -42.912097931
0.020858416 0.049718577 0.998545468 167.431045532 -0.031874668 0.998287916 -0.049039930 -6.887105465 -0.999273241 -0.030805446 0.022406701 -42.881050110
0.037341461 0.043153033 0.998370409 168.118453979 -0.032726992 0.998583972 -0.041938189 -6.930040359 -0.998765707 -0.031107664 0.038700070 -42.844070435
0.054490335 0.035873283 0.997869730 168.806304932 -0.032711189 0.998882115 -0.034123421 -6.967355728 -0.997977555 -0.030782146 0.055602081 -42.797210693
0.072133049 0.028439768 0.996989489 169.486892700 -0.033076547 0.999111772 -0.026107188 -7.001075268 -0.996845543 -0.031093808 0.073008850 -42.738315582
0.089159876 0.022541309 0.995762169 170.157913208 -0.034342352 0.999218822 -0.019544564 -7.033160686 -0.995424330 -0.032454245 0.089863524 -42.664165497
0.106917180 0.020376170 0.994059086 170.819763184 -0.035143357 0.999242544 -0.016702533 -7.060920715 -0.993645906 -0.033148807 0.107551441 -42.577369690
0.124806866 0.019141141 0.991996348 171.474990845 -0.033552755 0.999323308 -0.015061120 -7.082178116 -0.991612792 -0.031404495 0.125363797 -42.483772278
0.142024100 0.018622510 0.989687979 172.113159180 -0.034630459 0.999304175 -0.013833851 -7.100800514 -0.989256501 -0.032308631 0.142569318 -42.377555847
0.158003777 0.017647805 0.987280786 172.754714966 -0.039320733 0.999159396 -0.011567275 -7.118334293 -0.986654639 -0.036992945 0.158564001 -42.256156921
0.172473595 0.014076815 0.984913528 173.392852783 -0.041341279 0.999119997 -0.007040364 -7.137520790 -0.984145463 -0.039503321 0.172902882 -42.130821228
0.185021490 0.010241296 0.982681096 174.025131226 -0.037972983 0.999273241 -0.003264575 -7.154061317 -0.981999993 -0.036711320 0.185275033 -42.012809753
0.195835650 0.009331860 0.980592310 174.652160645 -0.035696313 0.999359608 -0.002381495 -7.167487144 -0.979986250 -0.034537151 0.196042463 -41.882217407
0.205662459 0.013104435 0.978535235 175.257568359 -0.040144444 0.999181509 -0.004943619 -7.185425758 -0.977798700 -0.038266044 0.206019312 -41.741359711
0.214595661 0.020163193 0.976494730 175.848510742 -0.044232555 0.998961449 -0.010906498 -7.206142902 -0.975700319 -0.040852390 0.215263799 -41.593544006
0.223754555 0.029951766 0.974185109 176.444854736 -0.043892987 0.998822987 -0.020627759 -7.223745346 -0.973656178 -0.038144361 0.224804983 -41.449581146
0.232059419 0.035863876 0.972040117 177.042297363 -0.038443998 0.998877108 -0.027676132 -7.241436005 -0.971941054 -0.030946635 0.233176708 -41.309593201
0.238627583 0.034003988 0.970515549 177.641662598 -0.037663635 0.998958647 -0.025739927 -7.258272171 -0.970379949 -0.030410921 0.239658937 -41.160617828
0.244431376 0.026568566 0.969302475 178.259826660 -0.040275138 0.999039888 -0.017227389 -7.275593758 -0.968829274 -0.034827903 0.245265856 -40.991729736
0.248750567 0.016176442 0.968432307 178.874740601 -0.044842232 0.998980522 -0.005168570 -7.294845581 -0.967528343 -0.042141002 0.249221444 -40.820270538
0.250765264 0.008046262 0.968014419 179.490707397 -0.044755973 0.998992264 0.003290333 -7.314334869 -0.967012227 -0.044149529 0.250871807 -40.654518127
0.251768827 0.007442328 0.967758715 180.103302002 -0.041258570 0.999143600 0.003050003 -7.328161240 -0.966907024 -0.040696241 0.251859367 -40.496509552
0.253024817 0.009442053 0.967413664 180.713684082 -0.037509594 0.999296069 0.000057322 -7.338397026 -0.966731846 -0.036301799 0.253199965 -40.340686798
0.254763067 0.008826754 0.966963232 181.327972412 -0.033764783 0.999429524 -0.000227204 -7.346310139 -0.966413260 -0.032591425 0.254914820 -40.183559418
0.256479204 0.006625156 0.966527045 181.946319580 -0.035514563 0.999365568 0.002573954 -7.350728989 -0.965896547 -0.034985956 0.256550878 -40.013141632
0.259136379 0.003037572 0.965835989 182.563919067 -0.035646375 0.999343574 0.006421064 -7.358024597 -0.965182185 -0.036092479 0.259073675 -39.840831757
0.262273192 -0.001793542 0.964992046 183.186798096 -0.035061091 0.999320030 0.011386524 -7.363416195 -0.964355946 -0.036820047 0.262030959 -39.669044495
0.266616583 -0.004348531 0.963792980 183.811416626 -0.033832282 0.999331117 0.013867989 -7.364336967 -0.963208258 -0.036304742 0.266290158 -39.491321564
0.272748291 -0.006653197 0.962062538 184.434997559 -0.031731896 0.999369562 0.015907306 -7.363808632 -0.961561501 -0.034866747 0.272364289 -39.310428619
0.280873984 -0.009662546 0.959696054 185.072830200 -0.029987300 0.999372482 0.018838391 -7.362461090 -0.959275484 -0.034069885 0.280406952 -39.126567841
0.290443271 -0.011266059 0.956825912 185.702880859 -0.027474128 0.999419987 0.020107316 -7.361899376 -0.956497133 -0.032127973 0.289964348 -38.929157257
0.301645488 -0.009277715 0.953375041 186.328292847 -0.028757565 0.999408901 0.018824512 -7.362625599 -0.952985764 -0.033095054 0.301199406 -38.722171783
0.312939286 -0.005754292 0.949755669 186.951248169 -0.029568585 0.999437630 0.015797982 -7.362517357 -0.949312270 -0.033026725 0.312592179 -38.502727509
0.324551761 -0.002509067 0.945864618 187.576156616 -0.030725705 0.999440491 0.013194005 -7.358317375 -0.945368290 -0.033344485 0.324292153 -38.276092529
0.336281627 -0.002122625 0.941759109 188.202453613 -0.029320400 0.999488890 0.012722412 -7.353837967 -0.941304445 -0.031891055 0.336046547 -38.044467926
0.347418249 -0.004984904 0.937696993 188.831604004 -0.029259555 0.999440968 0.016153852 -7.355378151 -0.937253237 -0.033048723 0.347077370 -37.801422119
