1.000000000 0.000000000 -0.000000000 -0.000000000 -0.000000000 1.000000000 0.000000000 0.000000000 -0.000000000 -0.000000000 1.000000000 -0.000000000
1.000000449 -0.000172438 -0.000515791 0.005840178 0.000172022 1.000000306 -0.000973791 -0.003246415 0.000515961 0.000973700 0.999999827 0.286501461
1.000000298 0.000030925 -0.000900048 0.009918680 -0.000033330 0.999996900 -0.002660860 -0.008523592 0.000900035 0.002660889 0.999995908 0.712341414
0.999999687 -0.000538821 -0.000876870 0.010772770 0.000535836 0.999995134 -0.003356867 -0.011022235 0.000878671 0.003356400 0.999994135 0.939212414
0.999997262 -0.002129606 -0.001016472 0.023290504 0.002124706 0.999986898 -0.004814318 -0.015958938 0.001026684 0.004812147 0.999988431 1.383834966
0.999993603 -0.003408819 -0.001385093 0.027292575 0.003399224 0.999970746 -0.006890793 -0.021922845 0.001408600 0.006886040 0.999975155 1.810667371
0.999990450 -0.004131386 -0.001317596 0.028571779 0.004121103 0.999962351 -0.007728774 -0.024627527 0.001349521 0.007723266 0.999969146 2.032554956
0.999982937 -0.005678448 -0.001438727 0.040503985 0.005664577 0.999939933 -0.009479358 -0.030091706 0.001492578 0.009471050 0.999953978 2.484149547
0.999967688 -0.007980901 -0.001212219 0.043581877 0.007966080 0.999899306 -0.011795132 -0.036540247 0.001306344 0.011785089 0.999929299 2.921940015
0.999961617 -0.008661264 -0.001185978 0.054495920 0.008645008 0.999877688 -0.013101175 -0.039929324 0.001299214 0.013090415 0.999913593 3.148654031
0.999948382 -0.010113930 -0.001182714 0.055197589 0.010095263 0.999839310 -0.014863306 -0.045598018 0.001332862 0.014850588 0.999888818 3.614349452
0.999949758 -0.009931021 -0.001280428 0.065313135 0.009911484 0.999846792 -0.014464416 -0.047555063 0.001423958 0.014451000 0.999894293 4.086889743
0.999944602 -0.010517008 -0.001168020 0.065630510 0.010500117 0.999851560 -0.013658149 -0.047554654 0.001311614 0.013645104 0.999906303 4.319753930
0.999945883 -0.010313571 -0.001417248 0.065434624 0.010294686 0.999866225 -0.012754767 -0.048801616 0.001548681 0.012739488 0.999917426 4.795439486
0.999940577 -0.010788469 -0.001665093 0.075969502 0.010767384 0.999867820 -0.012207574 -0.050474741 0.001796633 0.012188911 0.999924233 5.262999209
0.999941427 -0.010661366 -0.002091239 0.075199332 0.010635702 0.999872920 -0.011936726 -0.051442503 0.002218227 0.011913771 0.999927091 5.508811536
0.999936974 -0.010918816 -0.002597108 0.082441951 0.010888365 0.999875617 -0.011472186 -0.053510356 0.002722078 0.011443184 0.999930533 6.015230265
0.999941805 -0.010425433 -0.002800155 0.089695782 0.010392384 0.999879858 -0.011573111 -0.056528128 0.002920533 0.011543342 0.999928693 6.521643472
0.999941561 -0.010528820 -0.002738281 0.088260230 0.010495829 0.999875270 -0.011808007 -0.058420120 0.002862305 0.011778555 0.999926315 6.775421975
0.999948037 -0.009873785 -0.002753878 0.095096501 0.009839693 0.999878055 -0.012141320 -0.061871798 0.002873438 0.012113580 0.999922723 7.286814879
0.999942697 -0.010124542 -0.003570576 0.101993742 0.010083627 0.999886022 -0.011302525 -0.063326859 0.003684660 0.011265868 0.999929466 7.797222944
0.999936787 -0.010452120 -0.004127965 0.100188145 0.010410749 0.999897208 -0.009924261 -0.062516239 0.004231247 0.009880647 0.999942794 8.055002930
0.999930503 -0.010472170 -0.005465094 0.105850241 0.010436916 0.999925279 -0.006444199 -0.059596719 0.005532172 0.006386707 0.999964567 8.579386631
0.999924798 -0.010407817 -0.006481951 0.109856968 0.010377724 0.999935454 -0.004662361 -0.059672717 0.006530077 0.004594740 0.999967794 9.123681793
0.999927956 -0.009899834 -0.006787886 0.106641345 0.009868898 0.999940927 -0.004579917 -0.061157308 0.006832778 0.004512594 0.999966511 9.398387980
0.999945355 -0.007458025 -0.007344443 0.110180046 0.007423333 0.999961728 -0.004742950 -0.064553753 0.007379613 0.004688172 0.999961381 9.948642505
0.999954285 -0.005429116 -0.007918450 0.112579037 0.005406993 0.999981804 -0.002816348 -0.064498748 0.007933572 0.002773397 0.999964994 10.511870857
0.999958019 -0.004344777 -0.008062558 0.108573683 0.004334723 0.999990565 -0.001266242 -0.063534649 0.008067992 0.001231240 0.999966351 10.795559268
0.999963108 -0.003652742 -0.007805353 0.109533495 0.003659468 0.999992956 0.000843419 -0.063305069 0.007802282 -0.000871950 0.999969405 11.375728176
0.999965062 -0.003120849 -0.007818171 0.120068002 0.003131006 0.999994770 0.001283903 -0.065826494 0.007814203 -0.001308325 0.999968308 11.961707948
0.999969419 -0.001543734 -0.007655597 0.115087177 0.001550991 0.999999307 0.000939208 -0.068163576 0.007654070 -0.000951053 0.999970708 12.257334495
0.999974189 0.001009580 -0.007101853 0.116556490 -0.001019059 0.999999173 -0.001324974 -0.075289419 0.007100536 0.001332170 0.999974117 12.832478433
0.999967388 0.003791246 -0.007170146 0.116898956 -0.003806839 0.999991014 -0.002163338 -0.080053719 0.007161959 0.002190571 0.999971650 13.420589864
0.999957148 0.005150661 -0.007743162 0.111559652 -0.005162311 0.999985888 -0.001491656 -0.080668104 0.007735455 0.001531567 0.999968804 13.720212199
0.999929965 0.007744934 -0.008933051 0.109126226 -0.007733573 0.999969562 0.001300429 -0.079440160 0.008942847 -0.001231247 0.999959229 14.340244653
0.999880431 0.012600257 -0.009027463 0.095825886 -0.012537571 0.999897485 0.006958934 -0.073413218 0.009114269 -0.006844971 0.999935582 14.969424800
0.999848576 0.014606227 -0.009488486 0.099048344 -0.014510342 0.999844229 0.010093950 -0.069743891 0.009634458 -0.009954698 0.999903812 15.285859765
0.999815464 0.016241681 -0.010240202 0.095722487 -0.016128227 0.999808994 0.011062361 -0.071690350 0.010417896 -0.010895195 0.999886838 15.916834649
0.999775771 0.018231606 -0.010803040 0.091373290 -0.018141881 0.999801514 0.008345965 -0.080044511 0.010953100 -0.008148106 0.999906935 16.560726056
0.999765922 0.018918684 -0.010553778 0.083969554 -0.018848662 0.999800008 0.006694277 -0.084808258 0.010678382 -0.006493739 0.999921829 16.885235363
0.999753848 0.019550665 -0.010549090 0.078906280 -0.019533597 0.999808541 0.001722949 -0.097123178 0.010580762 -0.001516458 0.999942553 17.538071742
0.999776007 0.018401819 -0.010480862 0.084649138 -0.018435515 0.999825907 -0.003122095 -0.109087539 0.010421615 0.003314615 0.999940419 18.181790358
0.999793388 0.017709659 -0.010018989 0.087627364 -0.017755933 0.999832559 -0.004545023 -0.113374682 0.009936853 0.004721974 0.999939765 18.502164852
0.999839361 0.015288897 -0.009430165 0.083442005 -0.015354316 0.999858429 -0.006911844 -0.121285304 0.009323232 0.007055523 0.999931399 19.144065951
0.999898882 0.011548832 -0.008299942 0.098925353 -0.011623333 0.999892481 -0.008991874 -0.128560945 0.008195229 0.009087439 0.999924709 19.790649341
0.999923325 0.009202260 -0.008336531 0.101806731 -0.009283635 0.999909350 -0.009774261 -0.131804967 0.008245858 0.009850886 0.999917281 20.112026342
0.999946791 0.007394574 -0.007291720 0.105089687 -0.007466328 0.999923656 -0.009858962 -0.135900090 0.007218280 0.009912866 0.999924975 20.783691116
0.999946515 0.007841342 -0.006729480 0.108987983 -0.007888207 0.999944713 -0.006972658 -0.134831349 0.006674438 0.007025364 0.999953154 21.447414355
0.999948914 0.007851065 -0.006370396 0.110388874 -0.007886457 0.999954044 -0.005561773 -0.134401096 0.006326501 0.005611729 0.999964097 21.785752252
0.999960795 0.006677676 -0.005818777 0.122746772 -0.006673388 0.999977943 0.000749871 -0.127555559 0.005823631 -0.000711005 0.999982596 22.467293244
0.999964813 0.007497709 -0.003772102 0.135460928 -0.007459918 0.999923040 0.009931972 -0.117721455 0.003846320 -0.009903437 0.999943640 23.499144325
0.999944581 0.010267518 -0.002621387 0.137339641 -0.010245668 0.999914645 0.008195489 -0.124601748 0.002705298 -0.008168227 0.999963107 24.187732452
0.999914880 0.012994038 -0.001282131 0.138198319 -0.012990680 0.999912301 0.002588955 -0.138169719 0.001315559 -0.002572047 0.999996277 24.889235476
0.999893280 0.014624507 -0.000732446 0.149670778 -0.014625567 0.999892235 -0.001427820 -0.146775987 0.000711565 0.001438381 0.999998442 25.228365487
0.999850731 0.017292938 -0.000626081 0.153541082 -0.017296236 0.999835115 -0.005662848 -0.157659794 0.000528082 0.005672826 0.999983624 25.894012142
0.999845002 0.017637077 -0.000374956 0.156399397 -0.017638960 0.999829040 -0.005690553 -0.161588875 0.000274561 0.005696284 0.999983645 26.570660100
0.999851542 0.017227892 -0.000997941 0.158658658 -0.017232553 0.999839345 -0.004968569 -0.162260640 0.000912265 0.004985028 0.999986943 26.899027156
0.999857450 0.016816230 -0.001857679 0.162168782 -0.016823170 0.999852231 -0.003793975 -0.164115590 0.001793612 0.003824685 0.999991322 27.567715620
0.999825444 0.018464456 -0.002832005 0.154377603 -0.018473863 0.999824082 -0.003360009 -0.167341744 0.002769513 0.003411752 0.999989975 28.251494576
0.999792261 0.020218171 -0.002644939 0.155201345 -0.020225262 0.999792556 -0.002708513 -0.168148905 0.002589675 0.002761442 0.999993208 28.596800387
0.999741752 0.022617459 -0.002171722 0.156581652 -0.022618943 0.999744606 -0.000692989 -0.168613694 0.002155499 0.000741929 0.999997873 29.290408020
0.999638885 0.026629314 -0.003641211 0.149610556 -0.026627515 0.999645756 0.000526711 -0.172337036 0.003653989 -0.000429569 0.999993027 30.319494589
0.999591805 0.028305430 -0.004025639 0.152574100 -0.028308068 0.999599899 -0.000598417 -0.178019178 0.004007075 0.000712124 0.999991919 30.995135913
0.999559690 0.029433231 -0.003776722 0.153284471 -0.029444777 0.999561992 -0.003047982 -0.186184403 0.003685390 0.003157851 0.999988300 31.697666782
0.999546984 0.029815167 -0.004288396 0.153048521 -0.029833514 0.999546270 -0.004275599 -0.190319533 0.004159081 0.004401594 0.999981729 32.055907017
0.999479224 0.032066049 -0.003813164 0.152802728 -0.032086477 0.999471218 -0.005419714 -0.196259626 0.003637389 0.005539236 0.999978086 32.769411699
0.999405530 0.034208241 -0.004335072 0.142397773 -0.034230731 0.999400367 -0.005243851 -0.200066181 0.004153064 0.005389117 0.999977198 33.484077033
0.999398277 0.034403772 -0.004425180 0.142469199 -0.034425512 0.999395425 -0.004938516 -0.201594379 0.004252687 0.005087884 0.999977662 33.838346645
0.999393694 0.034584762 -0.004139317 0.152069007 -0.034602639 0.999392177 -0.004325075 -0.204588814 0.003987243 0.004465680 0.999981985 34.553709526
0.999388768 0.034613098 -0.004954447 0.150961184 -0.034635594 0.999390220 -0.004519139 -0.209116916 0.004795008 0.004687969 0.999977810 35.277186851
0.999379788 0.034826696 -0.005216368 0.151556578 -0.034853222 0.999380433 -0.005078235 -0.212064260 0.005036340 0.005256888 0.999973880 35.625469553
0.999343046 0.035990855 -0.004435349 0.152996133 -0.036017094 0.999334005 -0.005989612 -0.217548617 0.004216790 0.006145409 0.999972650 36.319048012
0.999295847 0.037336051 -0.003864899 0.162250444 -0.037355312 0.999289474 -0.005041678 -0.219920259 0.003673867 0.005182494 0.999980291 37.038400287
0.999248454 0.038570626 -0.003968513 0.161639610 -0.038588274 0.999245368 -0.004460374 -0.220942812 0.003793525 0.004610144 0.999982494 37.400644387
0.999272284 0.037822503 -0.004986651 0.160174843 -0.037841036 0.999277953 -0.003664972 -0.223878206 0.004844489 0.003851002 0.999980899 38.128116743
0.999340094 0.035951252 -0.005326514 0.168014878 -0.035970991 0.999346938 -0.003650653 -0.228185091 0.005191860 0.003839841 0.999979287 38.864397312
0.999326007 0.036220967 -0.006065022 0.167183487 -0.036249450 0.999332040 -0.004669349 -0.232007769 0.005891897 0.004886051 0.999970971 39.229614467
0.999176651 0.040007872 -0.006807724 0.156160242 -0.040058301 0.999170253 -0.007452991 -0.240728211 0.006503929 0.007719560 0.999949271 39.952222790
0.999194320 0.039827592 -0.005065616 0.163357320 -0.039872678 0.999163754 -0.009137377 -0.247859163 0.004697485 0.009331983 0.999945957 40.696458493
0.999250262 0.038441960 -0.004595808 0.161516939 -0.038487586 0.999206838 -0.010292609 -0.252143266 0.004196510 0.010461766 0.999936760 41.073630290
0.999300069 0.037203688 -0.003915466 0.169461967 -0.037245891 0.999242406 -0.011325410 -0.258183213 0.003491209 0.011463312 0.999928178 41.808904342
0.999391862 0.034762858 -0.002692789 0.177240089 -0.034793738 0.999317637 -0.012403920 -0.264406722 0.002259779 0.012490061 0.999919086 42.546170215
0.999449272 0.033119593 -0.002195418 0.186392574 -0.033147771 0.999348022 -0.014356339 -0.269836561 0.001718555 0.014421188 0.999894752 42.912222665
0.999594596 0.028457197 -0.001016852 0.195014481 -0.028471628 0.999402831 -0.019591187 -0.283088366 0.000458740 0.019612229 0.999807440 43.640479695
0.999697957 0.024585374 -0.000871069 0.211860443 -0.024598671 0.999448145 -0.022349371 -0.292093611 0.000321166 0.022364032 0.999749822 44.389534914
0.999906470 0.013634166 -0.001123751 0.236317217 -0.013651550 0.999757264 -0.017301497 -0.290508693 0.000887624 0.017315228 0.999850108 45.520678793
0.999977411 0.006031460 -0.003208988 0.253433564 -0.006070709 0.999905159 -0.012372788 -0.286611105 0.003134053 0.012391972 0.999918700 46.264826788
0.999986225 0.003013509 -0.004424431 0.262262338 -0.003061152 0.999937612 -0.010818063 -0.286101820 0.004391649 0.010831456 0.999931649 46.633903088
0.999976894 0.000354688 -0.006864062 0.268495699 -0.000428677 0.999942515 -0.010780038 -0.290367696 0.006859806 0.010782710 0.999918819 47.389116323
0.999970643 -0.000971905 -0.007599364 0.286130162 0.000889607 0.999941640 -0.010827293 -0.294555468 0.007609523 0.010820220 0.999912374 48.128235107
0.999964082 -0.001081452 -0.008419201 0.284333282 0.000997172 0.999950130 -0.010006202 -0.295363081 0.008429649 0.009997447 0.999914716 48.504430666
0.999949131 -0.001140359 -0.010067531 0.281328121 0.001057529 0.999965741 -0.008235357 -0.296710810 0.010076618 0.008224282 0.999915528 49.249848235
0.999915888 0.003244287 -0.012558593 0.276563729 -0.003339924 0.999965871 -0.007601247 -0.302055877 0.012533495 0.007642547 0.999892363 50.371442823
0.999884786 0.006225008 -0.013868738 0.272047207 -0.006313178 0.999960187 -0.006327772 -0.304275729 0.013828843 0.006414588 0.999884329 51.134791308
0.999836195 0.010167880 -0.014987291 0.256341289 -0.010212547 0.999944187 -0.002912530 -0.303023623 0.014956926 0.003065114 0.999883039 51.911265546
0.999790878 0.013208621 -0.015645071 0.253858374 -0.013236010 0.999911119 -0.001645892 -0.303005617 0.015622067 0.001852619 0.999876058 52.295437453
0.999648466 0.021063308 -0.016113116 0.238608020 -0.021066601 0.999778383 -0.000038224 -0.304539328 0.016108734 0.000377661 0.999870422 53.066913282
0.999434915 0.030075838 -0.015051815 0.223132387 -0.030077840 0.999547829 0.000091667 -0.308473197 0.015047814 0.000361110 0.999886997 53.841364492
0.999317795 0.033886933 -0.014712373 0.220507941 -0.033891937 0.999425460 -0.000092848 -0.310788569 0.014700884 0.000591408 0.999891428 54.227515724
0.998997644 0.042255302 -0.014775724 0.199750182 -0.042298853 0.999101594 -0.002654147 -0.323699596 0.014650295 0.003276486 0.999887678 55.775240579
0.998724299 0.048374944 -0.014498752 0.187599076 -0.048433784 0.998820084 -0.003733942 -0.327333611 0.014301109 0.004431410 0.999887740 56.155557293
0.998225793 0.057833666 -0.014156077 0.171010336 -0.057941545 0.998293100 -0.007336237 -0.337232010 0.013707633 0.008143449 0.999873176 56.943924046
0.998457588 0.053499111 -0.014839871 0.173894531 -0.053689624 0.998476662 -0.012751452 -0.351395373 0.014135109 0.013528530 0.999808433 57.739933942
0.998767907 0.047559086 -0.014169556 0.180543779 -0.047783634 0.998730651 -0.015955539 -0.359608634 0.013392839 0.016612953 0.999772165 58.135863522
0.998896858 0.044808491 -0.014087217 0.184756141 -0.045090014 0.998775906 -0.020350955 -0.371703554 0.013158171 0.020963701 0.999694001 58.915942343
0.998747708 0.047039005 -0.017084399 0.178356089 -0.047343277 0.998719658 -0.017866217 -0.371912932 0.016222197 0.018652609 0.999694740 59.701224272
0.998817272 0.045301535 -0.017698272 0.174230384 -0.045560049 0.998856787 -0.014487010 -0.368794180 0.017021853 0.015276198 0.999737989 60.104346629
0.998954854 0.039643328 -0.022756882 0.165848891 -0.039871225 0.999158493 -0.009653870 -0.365859969 0.022355067 0.010551126 0.999694409 60.912565031
0.998949993 0.037776559 -0.025919533 0.148123272 -0.038063878 0.999219039 -0.010681708 -0.372546899 0.025495719 0.011657082 0.999607012 61.713904217
0.998984995 0.036761433 -0.026034237 0.144701119 -0.037109513 0.999226614 -0.013017497 -0.378899810 0.025535597 0.013970399 0.999576359 62.109996417
0.999045375 0.035546172 -0.025408733 0.136716630 -0.035949427 0.999232595 -0.015597238 -0.388114187 0.024834851 0.016495764 0.999555600 62.915154879
0.998998722 0.036196486 -0.026308540 0.118357044 -0.036478111 0.999281725 -0.010306800 -0.384062774 0.025916612 0.011256159 0.999600680 63.722535139
0.998998365 0.036402378 -0.026031479 0.114320516 -0.036603247 0.999303751 -0.007283375 -0.381337199 0.025748227 0.008228911 0.999634726 64.124658768
0.999023277 0.034837700 -0.027200178 0.096400491 -0.035040832 0.999361779 -0.007026243 -0.385877891 0.026938016 0.007972486 0.999605663 64.928003314
0.999152553 0.031634396 -0.026336880 0.098744243 -0.032039877 0.999372626 -0.015116381 -0.404388401 0.025842264 0.015947399 0.999538415 65.730963049
0.999202307 0.030374697 -0.025926148 0.094856779 -0.030885924 0.999332243 -0.019552028 -0.414291739 0.025314903 0.020337201 0.999472758 66.133013276
0.999258849 0.030295432 -0.023742931 0.085598011 -0.030814378 0.999287626 -0.021802998 -0.422977993 0.023065475 0.022518448 0.999479890 66.953121461
0.999397492 0.025616392 -0.023425374 0.085119980 -0.025979071 0.999545825 -0.015311731 -0.417284249 0.023022553 0.015911066 0.999608235 67.786115184
0.999464420 0.022813092 -0.023458593 0.079899412 -0.023101217 0.999660864 -0.012086704 -0.414513721 0.023174989 0.012622154 0.999651476 68.202189284
0.999488890 0.019520617 -0.025332428 0.070388643 -0.019781198 0.999753912 -0.010078763 -0.416174158 0.025129421 0.010574713 0.999628768 69.024331191
0.999496869 0.016463195 -0.027134958 0.061546254 -0.016793020 0.999788084 -0.011974125 -0.424326514 0.026932061 0.012423766 0.999560421 69.839460261
0.999517192 0.015424454 -0.026991582 0.056834126 -0.015784125 0.999789076 -0.013165182 -0.428821417 0.026782789 0.013584850 0.999549406 70.250509915
0.999484852 0.016118478 -0.027774557 0.045770264 -0.016508496 0.999767979 -0.013871034 -0.434980453 0.027544480 0.014322384 0.999518376 71.091558104
0.999398124 0.016994868 -0.030240900 0.014823698 -0.017381983 0.999770406 -0.012585503 -0.437968375 0.030020028 0.013103574 0.999463607 71.929939010
0.999398573 0.016819422 -0.030321786 0.009490161 -0.017198176 0.999777156 -0.012276338 -0.439951015 0.030108532 0.012790436 0.999464879 72.347978371
0.999417199 0.016906809 -0.029670449 -0.000145498 -0.017286044 0.999771523 -0.012571110 -0.445354707 0.029451145 0.013076658 0.999480945 73.172091409
0.999409819 0.015891151 -0.030480392 -0.035146317 -0.016378129 0.999741881 -0.015796239 -0.458439528 0.030221555 0.016286119 0.999410394 74.414514304
0.999432570 0.014308185 -0.030492024 -0.045610959 -0.014826452 0.999748408 -0.016840018 -0.465230988 0.030243388 0.017282525 0.999393265 75.248583712
0.999412147 0.013529882 -0.031513792 -0.057029640 -0.014059657 0.999763372 -0.016651697 -0.469977300 0.031280999 0.017084954 0.999365147 76.093625886
0.999376557 0.013157461 -0.032783938 -0.072653837 -0.013716845 0.999763515 -0.016897348 -0.473009706 0.032553898 0.017336496 0.999320046 76.514800284
0.999344821 0.012989428 -0.033801901 -0.083220049 -0.013574121 0.999761153 -0.017126057 -0.478358079 0.033571446 0.017573661 0.999281381 77.349874524
0.999267488 0.013461761 -0.035834636 -0.115319497 -0.014089025 0.999751393 -0.017310939 -0.483940821 0.035592687 0.017803142 0.999208186 78.202190558
0.999244933 0.013885359 -0.036283429 -0.121914920 -0.014519595 0.999745467 -0.017276541 -0.486445247 0.036034248 0.017790271 0.999192459 78.635173540
0.999186108 0.014775399 -0.037532115 -0.145245100 -0.015416867 0.999739104 -0.016858317 -0.491000419 0.037273144 0.017423227 0.999153700 79.502290393
0.999151873 0.014455801 -0.038558829 -0.167800066 -0.015126917 0.999738493 -0.017170901 -0.496774387 0.038300515 0.017739568 0.999108704 80.360432169
0.999141241 0.013866972 -0.039043479 -0.183841824 -0.014564630 0.999738891 -0.017642403 -0.500240699 0.038788589 0.018195982 0.999081473 80.786586263
0.999094347 0.013784671 -0.040259521 -0.206972641 -0.014548564 0.999719433 -0.018743154 -0.507362072 0.039989857 0.019311812 0.999013053 81.651695314
0.999150836 0.013822116 -0.038816822 -0.231292808 -0.014585753 0.999704821 -0.019459645 -0.513988530 0.038536349 0.020009283 0.999057193 82.530757451
0.999173053 0.013589935 -0.038336229 -0.248096088 -0.014358873 0.999699867 -0.019856071 -0.517395947 0.038054934 0.020390110 0.999068130 82.965879880
0.999231296 0.013024372 -0.036970588 -0.272426523 -0.013771952 0.999704363 -0.020038944 -0.523152480 0.036698660 0.020532688 0.999115396 83.844947073
0.999310321 0.011345800 -0.035377221 -0.286876777 -0.012067299 0.999722801 -0.020249367 -0.528893102 0.035137693 0.020662213 0.999168729 84.725855437
0.999321883 0.011288474 -0.035061495 -0.303523891 -0.011994946 0.999728572 -0.020006214 -0.531207035 0.034826140 0.020413215 0.999185103 85.158991335
0.999345678 0.011674188 -0.034231775 -0.316321135 -0.012310638 0.999754202 -0.018442328 -0.533752157 0.034008065 0.018851650 0.999244006 86.019989400
0.999403454 0.011515386 -0.032569937 -0.340437150 -0.012062722 0.999788841 -0.016660263 -0.536188610 0.032371241 0.017043190 0.999330768 86.896086560
0.999426723 0.011554991 -0.031828507 -0.347465831 -0.012070379 0.999798917 -0.016047437 -0.537797058 0.031636613 0.016422411 0.999364668 87.334056967
0.999456966 0.011648168 -0.030847527 -0.371881313 -0.012152708 0.999795060 -0.016220855 -0.543510384 0.030652268 0.016586915 0.999392440 88.214120855
0.999527666 0.012040524 -0.028277401 -0.377629051 -0.012517694 0.999781670 -0.016760462 -0.549730095 0.028069374 0.017106550 0.999460084 89.110817725
0.999526199 0.012103500 -0.028309890 -0.394771335 -0.012591076 0.999774375 -0.017108834 -0.553064673 0.028096449 0.017457150 0.999452949 89.549926351
0.999591398 0.010986407 -0.026411009 -0.400865514 -0.011442681 0.999787049 -0.017186626 -0.558581600 0.026216591 0.017481769 0.999503977 90.450613080
0.999639698 0.010198391 -0.024843370 -0.407991815 -0.010605862 0.999810957 -0.016328365 -0.562600121 0.024672097 0.016585927 0.999558396 91.363265840
0.999669431 0.010267090 -0.023595006 -0.415945855 -0.010643682 0.999817361 -0.015893806 -0.564593212 0.023427576 0.016139678 0.999594909 91.812194892
0.999690323 0.009381098 -0.023047199 -0.421454388 -0.009744566 0.999829134 -0.015708581 -0.569592662 0.022895831 0.015928290 0.999611492 92.705909523
0.999777864 0.008736732 -0.019173747 -0.423893290 -0.009071236 0.999807815 -0.017429361 -0.580340714 0.019017750 0.017599424 0.999664137 94.037418690
0.999806984 0.007549480 -0.018152805 -0.429396275 -0.007867673 0.999816458 -0.017519522 -0.585810124 0.018017181 0.017658926 0.999681813 94.931130589
0.999853806 0.006472173 -0.015875499 -0.425348878 -0.006758582 0.999814827 -0.018055858 -0.591970717 0.015755833 0.018160533 0.999710609 95.830665325
0.999846659 0.005895919 -0.016515446 -0.434302230 -0.006198686 0.999813399 -0.018341048 -0.595245163 0.016404261 0.018440563 0.999695571 96.291544252
0.999861013 0.005430855 -0.015797510 -0.432186231 -0.005738117 0.999794391 -0.019474015 -0.602501803 0.015688627 0.019561888 0.999685478 97.213990820
0.999873419 0.005565366 -0.014914572 -0.429411342 -0.005859625 0.999788311 -0.019763864 -0.608284260 0.014801459 0.019848739 0.999693108 98.128474407
0.999877214 0.005623794 -0.014613381 -0.427573198 -0.005904146 0.999798214 -0.019212049 -0.609968254 0.014502402 0.019295953 0.999708346 98.580242777
0.999875428 0.005902083 -0.014633252 -0.423895374 -0.006168011 0.999816391 -0.018194408 -0.613466231 0.014523135 0.018282334 0.999727645 99.483778763
0.999891804 0.006282714 -0.013307836 -0.418516387 -0.006518823 0.999821339 -0.017775178 -0.617848357 0.013193856 0.017859996 0.999753523 100.367380738
0.999895469 0.006813885 -0.012763633 -0.426040356 -0.007039909 0.999817731 -0.017750795 -0.620467451 0.012640439 0.017838756 0.999760676 100.811323933
0.999875523 0.008281112 -0.013428771 -0.431198553 -0.008525760 0.999796921 -0.018264287 -0.626499657 0.013274749 0.018376465 0.999742952 101.701046787
0.999878111 0.008392653 -0.013204828 -0.426987436 -0.008637411 0.999790357 -0.018588053 -0.632206711 0.013046188 0.018699903 0.999739655 102.598591271
0.999871230 0.008511477 -0.013601444 -0.424968694 -0.008764291 0.999788455 -0.018635504 -0.634867044 0.013439961 0.018752314 0.999733816 103.048361080
0.999868354 0.008926355 -0.013585200 -0.431900708 -0.009185097 0.999775567 -0.019108902 -0.641021804 0.013411660 0.019231188 0.999724942 103.959008537
0.999884741 0.009334138 -0.012001235 -0.430302541 -0.009569256 0.999761060 -0.019689609 -0.647379254 0.011814593 0.019802183 0.999733808 104.887438993
0.999891197 0.009099286 -0.011638267 -0.429385035 -0.009325784 0.999766104 -0.019555458 -0.649847857 0.011457607 0.019661877 0.999741401 105.350163682
0.999897885 0.007512341 -0.012170928 -0.425396532 -0.007720251 0.999823562 -0.017129252 -0.651018880 0.012040166 0.017221485 0.999779019 106.249727418
0.999920962 0.007093647 -0.010392870 -0.421910399 -0.007248340 0.999862541 -0.014924787 -0.652600599 0.010285609 0.014998926 0.999834350 107.155267429
0.999929908 0.006812004 -0.009721855 -0.420656720 -0.006954544 0.999868534 -0.014705797 -0.654902062 0.009620467 0.014772365 0.999844545 107.614007316
0.999928570 0.004996069 -0.010926072 -0.416923779 -0.005175306 0.999852048 -0.016446651 -0.663069637 0.010842325 0.016502016 0.999804881 108.517516161
0.999919926 0.003366510 -0.012202239 -0.415392601 -0.003584711 0.999833423 -0.017903408 -0.670913748 0.012139959 0.017945695 0.999765069 109.446934419
0.999919454 0.002774470 -0.012414031 -0.404426118 -0.002995460 0.999836956 -0.017820593 -0.673342865 0.012362720 0.017856296 0.999763739 109.909507530
0.999924986 0.001358668 -0.012190605 -0.400830390 -0.001564426 0.999856747 -0.016892287 -0.677047613 0.012165894 0.016910124 0.999782980 110.814038757
0.999900894 -0.000804293 -0.014105505 -0.405839030 0.000573137 0.999866322 -0.016385948 -0.681426384 0.014116885 0.016376264 0.999766633 111.701778334
0.999889252 -0.001455349 -0.014809629 -0.413275475 0.001210801 0.999862976 -0.016509897 -0.684298667 0.014831600 0.016490095 0.999754279 112.144723614
0.999885019 -0.002526501 -0.014983306 -0.409406550 0.002277791 0.999859915 -0.016598130 -0.689662906 0.015023174 0.016562078 0.999749997 113.046255866
0.999868184 -0.005495810 -0.015292951 -0.404606482 0.005239050 0.999846078 -0.016780557 -0.695132459 0.015382848 0.016698217 0.999742581 113.936826625
0.999846476 -0.006652652 -0.016232747 -0.411977236 0.006393581 0.999852322 -0.015961877 -0.696408091 0.016336581 0.015855627 0.999740760 114.378784742
0.999849618 -0.005808733 -0.016343184 -0.408672526 0.005593755 0.999898435 -0.013170293 -0.696943478 0.016418010 0.013076892 0.999779522 115.286323721
0.999852544 -0.005345019 -0.016318854 -0.415955514 0.005203126 0.999948699 -0.008726017 -0.694849314 0.016364613 0.008639821 0.999828923 116.200008453
0.999855707 -0.005673019 -0.016010822 -0.415125533 0.005538385 0.999949501 -0.008441957 -0.697064728 0.016057853 0.008352060 0.999835891 116.663731058
0.999877708 -0.008084852 -0.013380134 -0.402933413 0.007938679 0.999908594 -0.010943845 -0.706581684 0.013467389 0.010836271 0.999851141 117.586012680
0.999903591 -0.009211471 -0.010448114 -0.389718494 0.009065602 0.999861890 -0.013926834 -0.716807113 0.010575024 0.013830752 0.999848509 118.496332861
0.999915208 -0.008881761 -0.009584949 -0.387436115 0.008742485 0.999857510 -0.014478681 -0.720317007 0.009712209 0.014393643 0.999849667 118.943108401
0.999929261 -0.009291418 -0.007441964 -0.383382512 0.009208571 0.999896262 -0.011093330 -0.719841382 0.007544264 0.011024010 0.999910856 119.841685264
0.999910118 -0.010441731 -0.008457140 -0.401680741 0.010365760 0.999906076 -0.008980581 -0.721867819 0.008550220 0.008892099 0.999923505 120.767455178
0.999923256 -0.009880466 -0.007577276 -0.400593378 0.009812994 0.999913124 -0.008894395 -0.724402838 0.007664593 0.008819348 0.999931429 121.228186595
0.999968285 -0.006615221 -0.004569479 -0.387803740 0.006580844 0.999950481 -0.007504677 -0.727246059 0.004619003 0.007474355 0.999960996 122.142535457
0.999986447 -0.005071788 -0.001315578 -0.382631551 0.005064942 0.999974107 -0.005174105 -0.728432037 0.001341862 0.005167372 0.999985717 123.028148896
0.999987629 -0.005104238 0.000473001 -0.369404697 0.005106156 0.999979051 -0.004076461 -0.728988018 -0.000452109 0.004078831 0.999991245 123.463828917
0.999986106 -0.004080517 0.003329251 -0.361024185 0.004100210 0.999974325 -0.005924885 -0.736992226 -0.003304925 0.005938450 0.999976874 124.312534314
0.999966976 -0.005295796 0.006140226 -0.344107355 0.005346007 0.999952730 -0.008185870 -0.745719079 -0.006096623 0.008218430 0.999947826 125.179019687
0.999945691 -0.005600283 0.008815936 -0.321419414 0.005664608 0.999958264 -0.007286656 -0.746563067 -0.008774789 0.007336200 0.999934863 125.621521331
0.999898445 -0.007243554 0.012313749 -0.295426108 0.007283173 0.999968547 -0.003172844 -0.744479249 -0.012290334 0.003262194 0.999919144 126.497882166
0.999874559 -0.008528130 0.013376906 -0.268918275 0.008522205 0.999963602 0.000502421 -0.743014644 -0.013380661 -0.000388367 0.999910853 127.368260740
0.999866007 -0.008680727 0.013865674 -0.254991222 0.008676612 0.999962929 0.000358727 -0.745596141 -0.013868289 -0.000238370 0.999904132 127.795957440
0.999808258 -0.008697801 0.017571331 -0.217799148 0.008741351 0.999959496 -0.002401273 -0.754940384 -0.017549765 0.002554407 0.999843144 128.660142721
0.999732927 -0.008297359 0.021562085 -0.188939544 0.008438997 0.999943333 -0.006484468 -0.766508150 -0.021507411 0.006664696 0.999746121 129.504538015
0.999662927 -0.008231983 0.024616540 -0.164854745 0.008427968 0.999933921 -0.007867902 -0.771103195 -0.024549337 0.008072719 0.999666411 129.931074760
0.999541523 -0.009160480 0.028873446 -0.127693239 0.009426827 0.999914429 -0.009100655 -0.777857661 -0.028788052 0.009368649 0.999542118 130.795275093
0.999421383 -0.008831487 0.032869819 -0.080594004 0.009133381 0.999917480 -0.009044825 -0.782309623 -0.032786569 0.009339802 0.999418571 131.660333445
0.999359616 -0.008994664 0.034639124 -0.056115132 0.009312635 0.999916523 -0.009028365 -0.784480933 -0.034554928 0.009345163 0.999358897 132.081902059
0.999233282 -0.010173940 0.037811858 -0.006980333 0.010536502 0.999901004 -0.009401206 -0.789499917 -0.037712645 0.009792399 0.999240899 132.923042469
0.999094101 -0.010399131 0.041277421 0.042829645 0.010810568 0.999894014 -0.009756174 -0.794424599 -0.041171979 0.010193556 0.999099670 133.756211878
0.999001889 -0.010504926 0.043421787 0.066979190 0.010956101 0.999889225 -0.010165034 -0.797342999 -0.043310469 0.010630610 0.999005661 134.181761924
0.998894886 -0.010651286 0.045778232 0.124136960 0.011150060 0.999881467 -0.010653372 -0.802565406 -0.045659637 0.011152021 0.998894965 135.046663989
0.998736537 -0.010744298 0.049089549 0.181962474 0.011284002 0.999879682 -0.010729876 -0.807063565 -0.048969002 0.011270248 0.998736537 135.903598715
0.998708229 -0.010509813 0.049723400 0.206434736 0.011039813 0.999885420 -0.010395747 -0.808674923 -0.049608350 0.010931242 0.998709240 136.325170584
0.998630245 -0.010601309 0.051246888 0.255888477 0.011120234 0.999890385 -0.009850971 -0.812066892 -0.051136887 0.010407355 0.998637347 137.162334676
0.998497291 -0.010322357 0.053826426 0.317013802 0.010888707 0.999888341 -0.010238611 -0.816810268 -0.053714958 0.010809315 0.998498073 137.980406677
0.998403728 -0.010560582 0.055497897 0.342861559 0.011193825 0.999876267 -0.011111242 -0.820362839 -0.055373753 0.011714730 0.998396952 138.386024165
0.998144559 -0.010810229 0.059929354 0.412786130 0.011572524 0.999856515 -0.012386804 -0.826618427 -0.059786941 0.013057349 0.998125581 139.218882222
0.997871249 -0.010626598 0.064343603 0.491213146 0.011446440 0.999858456 -0.012386212 -0.830726907 -0.064202759 0.013096342 0.997851410 140.069536935
0.997742706 -0.010450593 0.066341643 0.525569368 0.011289161 0.999861102 -0.012277365 -0.832642327 -0.066203879 0.012998583 0.997721428 140.492948115
0.997551935 -0.010866408 0.069082337 0.593442795 0.011747411 0.999855369 -0.012359320 -0.837011007 -0.068937711 0.013140596 0.997534669 141.349731786
0.997105539 -0.014392394 0.074654827 0.680576930 0.015394385 0.999798897 -0.012863283 -0.841988543 -0.074454494 0.013975313 0.997126411 142.216172737
0.996888722 -0.016100431 0.077167382 0.734530031 0.017163132 0.999767203 -0.013127582 -0.844345677 -0.076937729 0.014411161 0.996932119 142.645256395
0.996536791 -0.018443905 0.081090857 0.823912617 0.019484434 0.999738274 -0.012058678 -0.846440165 -0.080847754 0.013596916 0.996633664 143.484810126
0.996100289 -0.021369290 0.085608249 0.912517394 0.022314341 0.999700213 -0.010096706 -0.847095875 -0.085366660 0.011967611 0.996278226 144.333340212
0.995759419 -0.022728519 0.089143917 0.966446537 0.023637109 0.999679520 -0.009150704 -0.847423185 -0.088907201 0.011218994 0.995977174 144.762435668
0.995412441 -0.025013422 0.092355546 1.064869818 0.025899929 0.999629178 -0.008413059 -0.849999606 -0.092110665 0.010766450 0.995690392 145.613792113
0.995077507 -0.026753723 0.095418610 1.172848320 0.027677722 0.999582432 -0.008373590 -0.853677175 -0.095154831 0.010973328 0.995402319 146.470969011
0.994916953 -0.027482795 0.096879294 1.226453565 0.028405463 0.999563442 -0.008156779 -0.855211536 -0.096612693 0.010867213 0.995262652 146.904043226
0.994865113 -0.027440039 0.097417487 1.313224854 0.028301286 0.999571894 -0.007469524 -0.858096407 -0.097170785 0.010188209 0.995215602 147.774482114
0.994502626 -0.026784936 0.101227259 1.420245068 0.027525560 0.999604393 -0.005926305 -0.859368860 -0.101028538 0.008680054 0.994845505 148.642633871
0.994346335 -0.026587466 0.102810445 1.473413514 0.027242147 0.999617184 -0.004968132 -0.859707267 -0.102638451 0.007740801 0.994689157 149.080697255
