1.000000000 0.000000000 -0.000000000 -0.000000000 0.000000000 1.000000000 0.000000000 -0.000000000 0.000000000 0.000000000 1.000000000 0.000000000
1.000000100 0.000277151 0.000383942 0.016642663 -0.000278053 0.999996857 0.002526132 -0.001526675 -0.000383741 -0.002526294 0.999997254 0.997107510
0.999999701 0.000853105 0.000626236 0.020906088 -0.000855881 0.999990217 0.004334776 -0.001571127 -0.000622287 -0.004335313 0.999990538 1.505905673
0.999995724 0.002119167 0.002340069 0.031804883 -0.002132225 0.999982478 0.005587211 -0.005632201 -0.002328358 -0.005592210 0.999981399 2.517890594
0.999991037 0.003616182 0.002177094 0.042013419 -0.003619246 0.999993135 0.001386377 -0.018900980 -0.002172407 -0.001394254 0.999996323 3.532607596
0.999994265 0.002801943 0.002160517 0.040642560 -0.002798020 0.999995167 -0.001799995 -0.027714039 -0.002166519 0.001793914 0.999996255 4.029316320
0.999992929 -0.001960502 0.003359802 0.062752074 0.001973092 0.999991489 -0.003763307 -0.036980644 -0.003352850 0.003769814 0.999987668 5.013340605
0.999996048 -0.001278857 0.002632913 0.078167842 0.001277606 0.999999387 0.000454636 -0.035597159 -0.002633376 -0.000451279 0.999996987 6.013259895
0.999991115 -0.002165440 0.003576534 0.086474795 0.002158297 0.999996172 0.001982624 -0.036035822 -0.003581202 -0.001974908 0.999992144 6.511815786
0.999976006 -0.004774946 0.005122792 0.115691907 0.004775173 0.999989365 -0.000033155 -0.045008407 -0.005122133 0.000057607 0.999987298 7.505081133
0.999961384 -0.006211382 0.006344338 0.134191927 0.006228501 0.999977265 -0.002687738 -0.055416954 -0.006327578 0.002727120 0.999976260 8.498406707
0.999961168 -0.006521476 0.005967189 0.133675016 0.006537718 0.999975384 -0.002712721 -0.058718607 -0.005949583 0.002751582 0.999978169 8.992359039
0.999964865 -0.005695755 0.006301417 0.142893725 0.005701326 0.999984038 -0.000871746 -0.061660487 -0.006296934 0.000907656 0.999980348 9.981148994
0.999961387 -0.005236330 0.007060371 0.156989967 0.005241807 0.999986097 -0.000759359 -0.067299656 -0.007057098 0.000796286 0.999974479 10.957819769
0.999956693 -0.005966124 0.007170506 0.183556582 0.005974434 0.999982192 -0.001151545 -0.076478987 -0.007163881 0.001194278 0.999973899 12.422786356
0.999950241 -0.006187142 0.007847963 0.195265704 0.006192933 0.999981247 -0.000714361 -0.081563014 -0.007843437 0.000762902 0.999968557 13.378120215
0.999946757 -0.005634615 0.008669084 0.208793973 0.005641123 0.999984620 -0.000725457 -0.084197159 -0.008664908 0.000774245 0.999962624 13.863629347
0.999933693 -0.005617789 0.010090698 0.222022898 0.005628666 0.999984150 -0.001054429 -0.090540690 -0.010085343 0.001111110 0.999948210 14.815231402
0.999928286 -0.005508745 0.010626626 0.244225662 0.005529816 0.999983054 -0.001953524 -0.097407841 -0.010616298 0.002012098 0.999941319 15.771414741
0.999916111 -0.005684314 0.011642030 0.259621500 0.005713707 0.999980705 -0.002490529 -0.100889594 -0.011627700 0.002556789 0.999929150 16.252263898
0.999912936 -0.005337495 0.012069424 0.282548994 0.005378117 0.999980507 -0.003335649 -0.107592292 -0.012051708 0.003400200 0.999921814 17.206586559
0.999901209 -0.006051875 0.012681594 0.301930162 0.006089930 0.999977227 -0.002969004 -0.112358158 -0.012663502 0.003045925 0.999914965 18.142374031
0.999894954 -0.006248429 0.013113820 0.317964461 0.006279209 0.999977813 -0.002312310 -0.113727409 -0.013099787 0.002394361 0.999911103 18.621375322
0.999883375 -0.006618877 0.013780769 0.342394850 0.006635275 0.999978044 -0.001143458 -0.116802649 -0.013772688 0.001234720 0.999904118 19.544141594
0.999878160 -0.005378164 0.014715375 0.367011490 0.005415530 0.999982103 -0.002499959 -0.124083676 -0.014702157 0.002579332 0.999888987 20.466880205
0.999875738 -0.003671844 0.015371536 0.386731819 0.003708956 0.999990484 -0.002388095 -0.126039255 -0.015362837 0.002444735 0.999879322 20.936568840
0.999867361 -0.002340664 0.016147358 0.403749447 0.002337470 0.999997616 0.000215837 -0.127022760 -0.016147835 -0.000178075 0.999869890 21.877966468
0.999860722 -0.002058119 0.016593497 0.430074966 0.002013221 0.999994602 0.002721505 -0.127808298 -0.016599790 -0.002687745 0.999858814 22.823019247
0.999861362 -0.001706254 0.016571961 0.449887757 0.001679448 0.999997072 0.001635214 -0.131851786 -0.016574224 -0.001607207 0.999861962 23.292694150
0.999843271 -0.005137705 0.016957957 0.484219743 0.005224844 0.999973591 -0.005100421 -0.148135633 -0.016931566 0.005188224 0.999843465 24.219027397
0.999906466 -0.005430883 0.012567664 0.460721483 0.005520409 0.999959604 -0.007098444 -0.158395595 -0.012528956 0.007167173 0.999896038 25.155057421
0.999861154 -0.009745548 0.013525488 0.509942383 0.009717984 0.999950708 0.002095767 -0.150184594 -0.013545350 -0.001964053 0.999906275 26.560562067
0.999821846 -0.010871438 0.015466003 0.553069955 0.010841328 0.999939250 0.002035079 -0.154702058 -0.015487167 -0.001867061 0.999878310 27.490626550
0.999804798 -0.011283310 0.016252335 0.567298932 0.011282551 0.999936454 0.000136982 -0.160388980 -0.016253649 0.000046373 0.999868345 27.947327996
0.999784652 -0.012296878 0.016760317 0.601364590 0.012351298 0.999918862 -0.003147773 -0.170658849 -0.016720523 0.003354128 0.999854612 28.873700797
0.999830967 -0.010927921 0.014806812 0.618657836 0.010993092 0.999930939 -0.004333286 -0.177866122 -0.014757945 0.004495341 0.999880949 29.815057492
0.999828903 -0.010971140 0.014912450 0.629094165 0.011037442 0.999929729 -0.004376746 -0.180559127 -0.014864060 0.004540571 0.999879436 30.281087429
0.999848443 -0.011063997 0.013472655 0.649932756 0.011120044 0.999930605 -0.004089526 -0.185175909 -0.013426512 0.004238685 0.999900761 31.213152362
0.999862178 -0.011086760 0.012374234 0.674394997 0.011130095 0.999931971 -0.003436097 -0.188970428 -0.012335718 0.003573319 0.999917541 32.135913903
0.999860632 -0.010917481 0.012625698 0.679181593 0.010962112 0.999934184 -0.003477761 -0.191818358 -0.012587464 0.003615693 0.999914168 32.588980173
0.999885068 -0.009779040 0.011572223 0.707427636 0.009833391 0.999941051 -0.004644698 -0.198406993 -0.011526188 0.004757917 0.999922178 33.502414538
0.999893877 -0.008920746 0.011582539 0.722848757 0.009007084 0.999931835 -0.007421004 -0.208423447 -0.011515658 0.007524541 0.999905946 34.421481310
0.999903081 -0.008559538 0.010979454 0.736981290 0.008649056 0.999930205 -0.008131804 -0.211932550 -0.010910350 0.008225937 0.999907043 34.878197079
0.999917114 -0.008472376 0.009691854 0.752142720 0.008544945 0.999935515 -0.007466691 -0.216084876 -0.009627703 0.007548872 0.999925120 35.797302419
0.999912491 -0.009128666 0.009632981 0.782103391 0.009174521 0.999947456 -0.004726980 -0.216307892 -0.009589729 0.004814907 0.999942921 36.733050098
0.999918099 -0.009316581 0.008774945 0.779481208 0.009346286 0.999951183 -0.003357846 -0.217153997 -0.008744293 0.003439529 0.999956151 37.204747133
0.999910142 -0.010467333 0.008395908 0.800322454 0.010492985 0.999940407 -0.003025381 -0.221830719 -0.008364323 0.003113134 0.999960506 38.136811672
0.999861798 -0.014450816 0.008212804 0.830639261 0.014491678 0.999883295 -0.004946624 -0.230095681 -0.008140339 0.005064908 0.999954432 39.072506459
0.999822090 -0.016734846 0.008766381 0.835640865 0.016803082 0.999828445 -0.007772535 -0.237798749 -0.008634553 0.007918415 0.999931963 39.525540797
0.999754947 -0.020599234 0.008135327 0.862587962 0.020707898 0.999694503 -0.013513271 -0.252620232 -0.007855044 0.013678380 0.999875786 40.470501261
0.999641853 -0.025447062 0.008271761 0.895025968 0.025585634 0.999526991 -0.017106522 -0.263700381 -0.007833099 0.017312073 0.999819616 41.428448980
0.999610024 -0.026737552 0.008145079 0.901810332 0.026873933 0.999492753 -0.017116841 -0.266576289 -0.007683655 0.017329074 0.999820184 41.903786513
0.999492423 -0.031016503 0.007338040 0.933739573 0.031116440 0.999419302 -0.013923149 -0.266167943 -0.006901881 0.014144385 0.999876688 42.861809792
0.999412590 -0.033453247 0.007524180 0.956448077 0.033540504 0.999368299 -0.011790945 -0.267925593 -0.007125486 0.012036364 0.999901898 43.816164977
0.999485101 -0.031095015 0.008010735 0.966758320 0.031175760 0.999462417 -0.010164109 -0.267771449 -0.007690883 0.010408579 0.999916787 44.282213639
0.999610001 -0.026979838 0.007329613 0.985613565 0.027020266 0.999619802 -0.005468663 -0.265166554 -0.007179479 0.005664560 0.999958712 45.245906316
0.999693813 -0.023735625 0.007008482 0.995022890 0.023727931 0.999718295 0.001178734 -0.259642746 -0.007035271 -0.001012140 0.999974750 46.205964342
0.999736135 -0.021687971 0.007596493 1.007268522 0.021660924 0.999758977 0.003620685 -0.258107991 -0.007673066 -0.003455226 0.999965141 46.694293532
0.999833738 -0.015217455 0.010057803 1.026430796 0.015175438 0.999876507 0.004240866 -0.262436152 -0.010121577 -0.004087544 0.999940694 47.657940610
0.999899624 -0.009911968 0.010171702 1.036432500 0.009882777 0.999946970 0.002921412 -0.270288950 -0.010200981 -0.002820614 0.999944100 48.617910659
0.999913916 -0.007651168 0.010673075 1.039498981 0.007611728 0.999964464 0.003732774 -0.271859250 -0.010702087 -0.003651223 0.999936678 49.102565579
0.999942128 -0.001479577 0.010690373 1.058458634 0.001406358 0.999975481 0.006858511 -0.271611994 -0.010701009 -0.006843123 0.999919461 50.066242749
0.999905299 0.006168497 0.012330101 1.075084109 -0.006261553 0.999952765 0.007520469 -0.278714330 -0.012282914 -0.007596952 0.999896129 51.501574182
0.999853271 0.010969076 0.013204609 1.098243423 -0.011015004 0.999933565 0.003409618 -0.290651786 -0.013167086 -0.003554574 0.999907514 52.455862414
0.999795819 0.013383027 0.015171467 1.121591644 -0.013337939 0.999906166 -0.003065940 -0.306854971 -0.015211432 0.002862978 0.999880251 53.410122590
0.999772085 0.013727154 0.016380398 1.141543793 -0.013630878 0.999889425 -0.005971374 -0.314045307 -0.016460117 0.005746769 0.999848589 53.879776796
0.999773656 0.013309925 0.016630675 1.173903051 -0.013168988 0.999876925 -0.008559635 -0.323347237 -0.016742832 0.008338624 0.999825676 54.837736211
0.999818175 0.012692556 0.014236216 1.193128146 -0.012568364 0.999882859 -0.008786940 -0.329093978 -0.014346188 0.008606349 0.999859962 55.801373959
0.999830837 0.012046350 0.013912265 1.209219073 -0.011923319 0.999889500 -0.008892161 -0.331741949 -0.014017418 0.008724719 0.999863622 56.280366839
0.999826612 0.011009143 0.015054307 1.232228412 -0.010848251 0.999883494 -0.010733473 -0.340292796 -0.015170899 0.010568283 0.999829059 57.234677345
0.999814539 0.010724994 0.016015928 1.255165639 -0.010538918 0.999876861 -0.011660911 -0.347215274 -0.016138430 0.011489957 0.999803639 58.188998561
0.999807840 0.010535764 0.016570675 1.271249045 -0.010343382 0.999878572 -0.011651311 -0.349693415 -0.016691851 0.011477672 0.999794729 58.667992558
0.999821411 0.010789666 0.015555937 1.290439633 -0.010612915 0.999879380 -0.011405105 -0.354660936 -0.015677654 0.011237965 0.999814164 59.631635431
0.999819624 0.010688256 0.015735022 1.322568399 -0.010516965 0.999885061 -0.010924365 -0.358758078 -0.015850114 0.010756850 0.999816402 60.589629077
0.999828928 0.010834590 0.014986617 1.325671599 -0.010676647 0.999887753 -0.010581454 -0.361157549 -0.015099267 0.010419669 0.999831938 61.074278544
0.999821073 0.010612686 0.015673667 1.357834872 -0.010448263 0.999890253 -0.010537439 -0.366033911 -0.015784509 0.010371703 0.999822018 62.032267065
0.999859377 0.008303962 0.014616829 1.380801298 -0.008131085 0.999897244 -0.011843349 -0.373615728 -0.014713716 0.011722819 0.999823233 62.986583944
0.999856107 0.008830700 0.014533563 1.384009790 -0.008643290 0.999879592 -0.012906169 -0.378392818 -0.014645607 0.012778627 0.999811328 63.471217773
0.999858780 0.007963714 0.014780045 1.408980178 -0.007752462 0.999868012 -0.014297469 -0.386142473 -0.014891834 0.014180829 0.999788727 64.447804996
0.999841815 0.007852585 0.016011478 1.440924460 -0.007672302 0.999906938 -0.011291421 -0.386073787 -0.016098846 0.011166757 0.999808592 65.405826040
0.999822205 0.009119009 0.016514807 1.447404450 -0.008999730 0.999933476 -0.007285884 -0.382076577 -0.016580983 0.007135912 0.999837594 65.881208778
0.999820197 0.009732155 0.016270300 1.471630713 -0.009752294 0.999952153 0.001157393 -0.373023059 -0.016258125 -0.001315893 0.999867591 66.857906515
0.999817545 0.010087688 0.016258641 1.509270738 -0.010144732 0.999942831 0.003428290 -0.373838408 -0.016223436 -0.003592627 0.999861525 67.828884393
0.999790255 0.011412790 0.017041826 1.521947714 -0.011416752 0.999934999 0.000133857 -0.382043899 -0.017039255 -0.000328412 0.999854495 68.317149522
0.999748058 0.013125923 0.018220367 1.550982387 -0.013002864 0.999892111 -0.006855714 -0.398921329 -0.018308954 0.006617050 0.999810893 69.284367911
0.999726141 0.013535539 0.019097616 1.576083283 -0.013345816 0.999860500 -0.010025421 -0.409618033 -0.019231499 0.009767699 0.999767457 70.260935751
0.999740749 0.013867476 0.018094347 1.592147666 -0.013690605 0.999858211 -0.009861610 -0.411666604 -0.018228367 0.009611276 0.999788342 70.739932574
0.999738258 0.014882060 0.017408079 1.620533774 -0.014740267 0.999857755 -0.008247748 -0.413898699 -0.017528169 0.007988934 0.999814628 71.707247286
0.999738584 0.014723842 0.017512269 1.648934923 -0.014607891 0.999870702 -0.006734751 -0.416470454 -0.017608676 0.006477154 0.999824030 72.674559764
0.999726749 0.015428075 0.017573655 1.655655581 -0.015325671 0.999865089 -0.005950985 -0.417907802 -0.017663812 0.005679968 0.999828193 73.149906759
0.999724145 0.015926274 0.017286091 1.680429983 -0.015845393 0.999863662 -0.004808635 -0.421231890 -0.017361398 0.004533367 0.999839466 74.126523089
0.999699508 0.015591895 0.018947251 1.712582638 -0.015507871 0.999869531 -0.004576538 -0.425868491 -0.019016514 0.004281282 0.999809949 75.084513186
0.999694223 0.015495963 0.019271410 1.728672238 -0.015408868 0.999870755 -0.004660833 -0.428486492 -0.019341765 0.004362412 0.999803981 75.563506264
0.999729311 0.015204097 0.017630865 1.757227787 -0.015113046 0.999872529 -0.005287078 -0.434544756 -0.017709288 0.005019209 0.999831071 76.530795812
0.999717886 0.014889691 0.018518551 1.785729804 -0.014798039 0.999878051 -0.005077662 -0.439394230 -0.018591550 0.004802239 0.999815695 77.498093309
0.999720595 0.014586071 0.018589681 1.801807017 -0.014495563 0.999883099 -0.005000811 -0.441732511 -0.018660603 0.004729915 0.999815347 77.977088227
0.999727923 0.014130593 0.018598253 1.831937572 -0.014048689 0.999891014 -0.004527176 -0.445791685 -0.018660996 0.004264602 0.999817157 78.912810675
0.999752571 0.013623271 0.017598772 1.862048661 -0.013557756 0.999900966 -0.003836570 -0.449411300 -0.017648958 0.003596999 0.999838175 79.848536014
0.999761578 0.013154170 0.017457879 1.868825061 -0.013090934 0.999907817 -0.003735602 -0.452107387 -0.017505316 0.003506127 0.999841206 80.323874730
0.999745118 0.012257910 0.019001265 1.904635432 -0.012191954 0.999919217 -0.003580482 -0.456690957 -0.019043860 0.003347866 0.999813080 81.272556377
0.999756713 0.011798835 0.018628273 1.931226394 -0.011715149 0.999921147 -0.004596473 -0.463470493 -0.018680858 0.004377132 0.999816527 82.217569734
0.999742499 0.011669221 0.019488337 1.947341653 -0.011573853 0.999920800 -0.005001551 -0.466667913 -0.019545810 0.004774648 0.999797093 82.696559001
0.999712619 0.011013673 0.021293648 1.977615989 -0.010880547 0.999920925 -0.006358804 -0.473973836 -0.021362072 0.006125213 0.999752746 83.632260095
0.999702634 0.011059762 0.021753129 2.006193658 -0.010905327 0.999914446 -0.007203409 -0.480531600 -0.021831806 0.006963991 0.999737592 84.599546357
0.999706658 0.010802154 0.021698809 2.022288124 -0.010644550 0.999916942 -0.007366082 -0.483259490 -0.021776709 0.007132916 0.999737106 85.078538712
0.999699739 0.010241773 0.022285031 2.060015303 -0.010106673 0.999930007 -0.006166279 -0.486042868 -0.022346732 0.005939170 0.999732508 86.049503646
0.999744662 0.009960226 0.020300334 2.086452308 -0.009856344 0.999937668 -0.005210847 -0.489345885 -0.020351555 0.005009366 0.999780686 86.994539868
0.999731338 0.009884883 0.020965056 2.098799250 -0.009801989 0.999943971 -0.004054802 -0.490098839 -0.021004430 0.003848173 0.999772521 87.482854012
0.999732031 0.009423087 0.021178896 2.140207150 -0.009355565 0.999951556 -0.003285198 -0.493348664 -0.021209427 0.003086090 0.999770595 88.444507078
0.999729239 0.010498529 0.020781730 2.159513205 -0.010405242 0.999935636 -0.004594560 -0.500923575 -0.020828451 0.004377010 0.999773653 89.408132803
0.999709190 0.011508631 0.021215692 2.175657221 -0.011395174 0.999920800 -0.005458762 -0.504770345 -0.021276893 0.005215356 0.999759840 89.887117799
0.999638613 0.014961085 0.022344127 2.204167644 -0.014840201 0.999874380 -0.005566002 -0.509809629 -0.022424954 0.005232307 0.999734603 90.854414048
0.999597876 0.018591709 0.021451515 2.232404662 -0.018550076 0.999825923 -0.002135036 -0.508675095 -0.021487573 0.001736210 0.999767526 91.821750902
0.999599654 0.019347665 0.020674608 2.239058074 -0.019341491 0.999813114 -0.000498595 -0.508593964 -0.020680670 0.000098525 0.999786741 92.297107884
0.999581726 0.021137381 0.019769530 2.263428738 -0.021166601 0.999775964 0.001265587 -0.510320554 -0.019738637 -0.001683562 0.999803874 93.219883026
0.999507988 0.022085957 0.022282911 2.293714134 -0.022084956 0.999756171 -0.000290887 -0.517876227 -0.022284354 -0.000201390 0.999752027 94.155582478
0.999515977 0.021592510 0.022401868 2.309939995 -0.021549321 0.999765948 -0.002170094 -0.523571147 -0.022443526 0.001686262 0.999747236 94.634555319
0.999541041 0.019805012 0.022926859 2.344060069 -0.019669691 0.999787785 -0.006113198 -0.535069786 -0.023043012 0.005659385 0.999719038 95.560920038
0.999611359 0.017605089 0.021620189 2.367014992 -0.017451789 0.999821467 -0.007261014 -0.542391864 -0.021745007 0.006880827 0.999739946 96.515238626
0.999621164 0.016488597 0.022056084 2.386727800 -0.016339570 0.999843208 -0.006922366 -0.544177612 -0.022166861 0.006559300 0.999733131 96.984928378
0.999650552 0.015148632 0.021696947 2.413207718 -0.015012808 0.999867095 -0.006408884 -0.548449659 -0.021791570 0.006080881 0.999744254 97.929958226
0.999627852 0.014221497 0.023300031 2.449049499 -0.014069847 0.999879438 -0.006662606 -0.553742518 -0.023392750 0.006332245 0.999706113 98.878635208
0.999644278 0.013603281 0.022951362 2.465150602 -0.013448192 0.999886398 -0.006901675 -0.556620259 -0.023043724 0.006590530 0.999712991 99.357626577
0.999665741 0.013215378 0.022240346 2.493609264 -0.013080733 0.999895806 -0.006189623 -0.560490713 -0.022319538 0.005896581 0.999733765 100.324930514
0.999650766 0.012245916 0.023421180 2.533088411 -0.012101788 0.999907231 -0.006288409 -0.565271000 -0.023495653 0.006002714 0.999705642 101.264302067
0.999674785 0.010891226 0.023055677 2.552857846 -0.010738683 0.999920142 -0.006734915 -0.568335468 -0.023126970 0.006485130 0.999711694 101.733983409
0.999688586 0.008455408 0.023513083 2.592399815 -0.008277857 0.999937119 -0.007637879 -0.574534334 -0.023576207 0.007440784 0.999694330 102.673345633
0.999708512 0.007284208 0.023023813 2.631812601 -0.007126627 0.999950846 -0.006917773 -0.577816122 -0.023073453 0.006751645 0.999710936 103.612727042
0.999702144 0.006223624 0.023624104 2.651481168 -0.006083509 0.999963845 -0.005998109 -0.578602871 -0.023660171 0.005852629 0.999702999 104.082423364
0.999710105 0.002888187 0.023910489 2.685247319 -0.002764991 0.999983144 -0.005183589 -0.582109513 -0.023925700 0.005115933 0.999700516 105.008840647
0.999702400 0.002316769 0.024291411 2.722703923 -0.002195082 0.999984758 -0.005034922 -0.586302382 -0.024302941 0.004980080 0.999692304 105.925944617
0.999683875 0.002154307 0.025074590 2.740451701 -0.002024785 0.999984536 -0.005190075 -0.588799413 -0.025086160 0.005137583 0.999672339 106.373358244
0.999641508 0.001781248 0.026708674 2.781569118 -0.001644563 0.999985307 -0.005141498 -0.593009180 -0.026717122 0.005095728 0.999629957 107.281153303
0.999677194 0.002053219 0.025336812 2.803995103 -0.001952108 0.999990781 -0.004014748 -0.595906592 -0.025344900 0.003963928 0.999671167 108.181649297
0.999662675 0.002130587 0.025897514 2.818023671 -0.002046564 0.999993109 -0.003271812 -0.597068045 -0.025905109 0.003217734 0.999659589 108.638380507
0.999644424 0.002470371 0.026571312 2.849737638 -0.002420434 0.999995160 -0.001910473 -0.599317940 -0.026576617 0.001845453 0.999644857 109.542534608
0.999639218 0.002551879 0.026743426 2.885118169 -0.002532065 0.999997254 -0.000774182 -0.601714602 -0.026745718 0.000706135 0.999641793 110.437378944
0.999621517 0.002667833 0.027391862 2.906471459 -0.002659123 0.999997171 -0.000354862 -0.602979781 -0.027392835 0.000281871 0.999624641 110.875491873
0.999587601 0.001993624 0.028661233 2.945498646 -0.002020360 0.999997505 0.000902622 -0.605073661 -0.028659734 -0.000960152 0.999588508 111.761029401
0.999599402 0.000931964 0.028296914 2.977297112 -0.000965174 0.999999025 0.001159703 -0.609231645 -0.028295694 -0.001186524 0.999598979 112.665170953
0.999592606 0.000783969 0.028560789 2.995047987 -0.000810983 0.999999970 0.000933978 -0.611798606 -0.028560049 -0.000956813 0.999591768 113.112584119
0.999605786 -0.000730008 0.028062406 3.026938473 0.000730773 1.000000443 -0.000019293 -0.618034509 -0.028062408 0.000039800 0.999606634 114.016712004
0.999597935 -0.002014418 0.028294000 3.062533571 0.002062857 0.999996456 -0.001680757 -0.625276319 -0.028290378 0.001738436 0.999598585 114.911524474
0.999602249 -0.002793655 0.028062807 3.089564464 0.002840803 0.999995088 -0.001643003 -0.627015943 -0.028058397 0.001722033 0.999605517 115.362596930
0.999573307 -0.005220376 0.028753427 3.121306745 0.005238169 0.999986471 -0.000544317 -0.629905198 -0.028750471 0.000694680 0.999586795 116.266746826
0.999551759 -0.005845854 0.029370197 3.160317121 0.005821608 0.999983200 0.000907867 -0.631619458 -0.029375637 -0.000736540 0.999567989 117.152286851
0.999557039 -0.005081883 0.029327206 3.178017119 0.005045692 0.999986778 0.001307606 -0.633037569 -0.029334127 -0.001159064 0.999569295 117.599707573
0.999556455 -0.003992013 0.029530411 3.213583460 0.003995704 0.999992181 -0.000065177 -0.639630029 -0.029530331 0.000183152 0.999564546 118.494524314
0.999524329 -0.005255991 0.030408498 3.265889475 0.005355201 0.999980493 -0.003180908 -0.648545827 -0.030391403 0.003342235 0.999532400 119.374362023
0.999524106 -0.006435762 0.030177635 3.278091043 0.006581207 0.999967919 -0.004723986 -0.653535441 -0.030146175 0.004920326 0.999533841 119.808796608
0.999493066 -0.005874319 0.031284273 3.326557072 0.006045264 0.999967559 -0.005372878 -0.658388393 -0.031252050 0.005559209 0.999495680 120.697969837
0.999487017 -0.006324369 0.031412948 3.365445786 0.006400507 0.999977602 -0.002323977 -0.657355404 -0.031397410 0.002523802 0.999504187 121.583527931
0.999473285 -0.007717161 0.031532058 3.390355482 0.007740689 0.999969852 -0.000624945 -0.656279842 -0.031526496 0.000868689 0.999502406 122.012347455
0.999454552 -0.006854811 0.032307693 3.430876272 0.006772839 0.999973661 0.002647398 -0.654536473 -0.032325230 -0.002427144 0.999474524 122.866329973
0.999450935 -0.008295405 0.032102905 3.484701108 0.008259571 0.999965447 0.001251116 -0.660184452 -0.032112695 -0.000985299 0.999484334 123.714608928
0.999395852 -0.010638617 0.033081534 3.509872265 0.010659659 0.999942953 -0.000459320 -0.665012977 -0.033074966 0.000811652 0.999452208 124.143389621
0.999352646 -0.011851682 0.033985261 3.552934538 0.012005620 0.999918479 -0.004330618 -0.675575291 -0.033931038 0.004735831 0.999413100 125.019562652
0.999336302 -0.012627943 0.034167071 3.601194141 0.012869820 0.999894224 -0.006871021 -0.683286283 -0.034076844 0.007306181 0.999392416 125.854865390
0.999326574 -0.013368893 0.034176114 3.620564263 0.013604168 0.999885658 -0.006659706 -0.684853154 -0.034083489 0.007120143 0.999393501 126.270704888
0.999301000 -0.014469348 0.034466678 3.668413315 0.014605378 0.999887163 -0.003699014 -0.683293431 -0.034409062 0.004199806 0.999398920 127.106068599
0.999268683 -0.018120556 0.033684267 3.716313685 0.018178356 0.999833877 -0.001412353 -0.682892546 -0.033652850 0.002023621 0.999431547 127.941424689
0.999273459 -0.018400363 0.033385716 3.735693097 0.018455991 0.999828811 -0.001360064 -0.684669207 -0.033355310 0.001975220 0.999441419 128.357262807
0.999316198 -0.017448400 0.032618632 3.774477581 0.017511270 0.999845382 -0.001642760 -0.688801948 -0.032584362 0.002212833 0.999466882 129.188935231
0.999323850 -0.017800285 0.032188696 3.816750782 0.017800599 0.999841395 0.000275602 -0.689065479 -0.032188716 0.000297532 0.999481729 130.011324303
0.999322558 -0.018291768 0.031942108 3.835972698 0.018223503 0.999831700 0.002425911 -0.687285701 -0.031981402 -0.001842197 0.999487007 130.427185811
0.999418028 -0.012079143 0.031913583 3.864904249 0.011786456 0.999887373 0.009341624 -0.679308734 -0.032022885 -0.008960063 0.999446945 131.255284033
0.999398668 -0.011928092 0.032567760 3.912613059 0.011474439 0.999835138 0.014080815 -0.674582182 -0.032730951 -0.013698724 0.999370022 132.090668573
0.999379083 -0.010870689 0.033530608 3.931970350 0.010391338 0.999842427 0.014436805 -0.675859342 -0.033682123 -0.014079462 0.999333913 132.506509975
0.999441315 -0.006503221 0.032790850 3.959597824 0.006106943 0.999907807 0.012170353 -0.683518712 -0.032866386 -0.011963317 0.999388132 133.312233909
0.999444070 -0.000692464 0.033357658 3.979723348 0.000427538 0.999968442 0.007949450 -0.694591737 -0.033362304 -0.007930809 0.999411584 134.082701297
0.999420018 0.000134421 0.034053587 4.000852073 -0.000363089 0.999978045 0.006706483 -0.698305366 -0.034051437 -0.006714947 0.999397967 134.466946428
0.999444522 0.002488398 0.033243962 4.031931987 -0.002725594 0.999971212 0.007089886 -0.701276345 -0.033225966 -0.007176633 0.999422696 135.263392398
0.999439981 0.004557516 0.033153421 4.061246217 -0.004859084 0.999947876 0.009021699 -0.701940725 -0.033111223 -0.009177693 0.999409807 136.091433786
0.999405592 0.006749695 0.033815627 4.074976340 -0.007057988 0.999935236 0.009003824 -0.703882300 -0.033753252 -0.009237103 0.999387587 136.494308171
0.999387193 0.010247931 0.033494978 4.106396462 -0.010415800 0.999934388 0.004841098 -0.714535586 -0.033443334 -0.005187065 0.999427540 137.290703614
0.999371421 0.008978772 0.034306203 4.139690479 -0.009073949 0.999955423 0.002619053 -0.722419650 -0.034281225 -0.002928736 0.999407762 138.109388718
0.999385402 0.007400684 0.034278294 4.162774944 -0.007474455 0.999970357 0.002024555 -0.725212208 -0.034262154 -0.002279569 0.999410517 138.515911355
0.999425313 0.006659642 0.033231727 4.195880497 -0.006736119 0.999975453 0.002190060 -0.728840534 -0.033216716 -0.002412670 0.999445620 139.334624449
0.999426965 0.005471149 0.033416363 4.234758328 -0.005500625 0.999984438 0.000791785 -0.735081165 -0.033412114 -0.000975224 0.999441573 140.166283009
0.999386044 0.005123319 0.034664571 4.248622498 -0.005096672 0.999987169 -0.000858462 -0.740049709 -0.034669117 0.000681208 0.999398426 140.569137486
0.999435625 0.003260366 0.033453233 4.285516719 -0.003178392 0.999992500 -0.002502223 -0.746582042 -0.033461629 0.002394487 0.999437326 141.378522681
0.999463292 -0.000972890 0.032748305 4.324087078 0.000964295 0.999999584 0.000279090 -0.745879625 -0.032748831 -0.000247367 0.999463835 142.210226906
0.999469121 -0.001973461 0.032517476 4.343371816 0.001921411 0.999996981 0.001629489 -0.745518426 -0.032520562 -0.001566204 0.999470108 142.626079084
0.999415695 -0.002653893 0.034094819 4.382026233 0.002545368 0.999992187 0.003224570 -0.746714109 -0.034102751 -0.003135911 0.999413495 143.457770825
0.999410166 -0.006077736 0.033792801 4.418950536 0.006037830 0.999981163 0.001279887 -0.753925761 -0.033799962 -0.001075076 0.999427911 144.267151552
0.999392469 -0.007173071 0.034117762 4.442055795 0.007163980 0.999974581 0.000388557 -0.757187849 -0.034120529 -0.000143944 0.999417976 144.673671100
0.999397564 -0.007857786 0.033810316 4.477197162 0.007859666 0.999969115 0.000079676 -0.761703292 -0.033810704 0.000186058 0.999428604 145.514649807
0.999451320 -0.008019468 0.032152679 4.506614473 0.008001424 0.999968024 0.000689936 -0.764695341 -0.032157404 -0.000432316 0.999482897 146.342675885
0.999461215 -0.008409825 0.031748928 4.516667856 0.008379113 0.999964379 0.001098850 -0.766260379 -0.031757688 -0.000832290 0.999495506 146.754861547
0.999453194 -0.010816386 0.031271417 4.555309885 0.010733211 0.999938782 0.002827723 -0.767176341 -0.031300482 -0.002490564 0.999506497 147.586555128
0.999459217 -0.010255974 0.031254694 4.581008871 0.010123849 0.999939913 0.004382731 -0.768852793 -0.031297669 -0.004063963 0.999501717 148.423898658
0.999433247 -0.010801419 0.031900065 4.609733778 0.010683174 0.999935297 0.003877204 -0.771280637 -0.031939115 -0.003534166 0.999483781 148.843386341
0.999410324 -0.012259672 0.032073089 4.641357229 0.012206104 0.999924226 0.001865043 -0.779005951 -0.032094291 -0.001472497 0.999484118 149.693652736
0.999416235 -0.011434561 0.032202037 4.676626451 0.011445988 0.999934513 -0.000172175 -0.786408504 -0.032198276 0.000540658 0.999481611 150.534612454
0.999381350 -0.011153502 0.033378540 4.696007633 0.011162899 0.999938431 -0.000095026 -0.788225124 -0.033375888 0.000467575 0.999443109 150.950450309
0.999391070 -0.011425152 0.032968810 4.730979559 0.011370987 0.999934023 0.001828393 -0.788914400 -0.032987822 -0.001452369 0.999455257 151.791454180
0.999345636 -0.011662035 0.034259229 4.767979337 0.011550760 0.999928008 0.003443856 -0.790310972 -0.034297089 -0.003045953 0.999406941 152.654724847
0.999332582 -0.011760540 0.034603982 4.792980168 0.011632865 0.999925517 0.003887809 -0.791293348 -0.034647281 -0.003482718 0.999393763 153.083530836
0.999318413 -0.010117474 0.035502117 4.835738509 0.009982660 0.999942096 0.003972474 -0.794992535 -0.035541145 -0.003615388 0.999362307 153.959749007
0.999331258 -0.008140209 0.035646085 4.878456592 0.007983250 0.999957796 0.004543660 -0.797782633 -0.035681755 -0.004256077 0.999354014 154.835973156
0.999320721 -0.007483253 0.036100134 4.899811209 0.007310496 0.999961442 0.004915669 -0.799077781 -0.036136063 -0.004648475 0.999335778 155.274085888
0.999301032 -0.007499002 0.036635616 4.946184353 0.007301963 0.999958614 0.005509067 -0.801754906 -0.036675828 -0.005237701 0.999313952 156.141001980
0.999277752 -0.007508344 0.037253650 4.992735786 0.007373778 0.999966586 0.003746201 -0.808457999 -0.037280617 -0.003468807 0.999299239 157.007891594
0.999251556 -0.007369703 0.037980578 5.017817135 0.007255947 0.999968680 0.003131660 -0.811258555 -0.038002831 -0.002853750 0.999274148 157.436685625
0.999288231 -0.007202598 0.037029738 5.055049175 0.007149938 0.999973787 0.001553275 -0.817899875 -0.037040122 -0.001287447 0.999313632 158.299921798
0.999284442 -0.006642020 0.037256639 5.095795149 0.006578796 0.999977455 0.001817596 -0.821241415 -0.037268020 -0.001571198 0.999304729 159.153870873
0.999300415 -0.006267729 0.036870114 5.117141361 0.006188090 0.999978123 0.002274058 -0.822346753 -0.036884319 -0.002044332 0.999317712 159.591984853
0.999318433 -0.006519410 0.036337429 5.154216347 0.006421449 0.999975486 0.002812183 -0.825441625 -0.036355942 -0.002576953 0.999335497 160.455244350
0.999328508 -0.006897200 0.035987949 5.182151114 0.006856663 0.999976405 0.001246482 -0.832520673 -0.035995606 -0.000998928 0.999351118 161.314823795
0.999326821 -0.007189632 0.035994722 5.207293514 0.007201312 0.999973928 -0.000193539 -0.836699848 -0.035992313 0.000452618 0.999352601 161.743608759
0.999315842 -0.008059137 0.036115313 5.248275290 0.008173537 0.999962652 -0.003020290 -0.845366055 -0.036089376 0.003313442 0.999342953 162.597522814
0.999325973 -0.007962396 0.035848981 5.285396287 0.008078542 0.999962477 -0.003095232 -0.849499887 -0.035823370 0.003382751 0.999352745 163.460775478
0.999375669 -0.007665560 0.034502155 5.293742827 0.007739415 0.999967902 -0.002007887 -0.850086995 -0.034486164 0.002273595 0.999402830 163.904547818
0.999405740 -0.008431715 0.033423667 5.334341481 0.008429459 0.999964454 0.000207586 -0.850101866 -0.033424253 0.000074212 0.999441193 164.758518772
0.999427713 -0.008906939 0.032642832 5.358470769 0.008889093 0.999960553 0.000692229 -0.853897287 -0.032648237 -0.000401706 0.999466744 165.627428614
0.999433082 -0.008109498 0.032679027 5.376233589 0.008105154 0.999967204 0.000265625 -0.856733977 -0.032679944 -0.000000593 0.999466426 166.074840006
0.999436772 -0.007164195 0.032804519 5.419041922 0.007178790 0.999974334 -0.000326835 -0.861562034 -0.032801675 0.000562095 0.999461703 166.951050752
0.999434911 -0.006501499 0.032997695 5.461803360 0.006514509 0.999979055 -0.000286749 -0.865331151 -0.032994516 0.000501500 0.999455692 167.827268462
0.999463320 -0.005854534 0.032230734 5.473893443 0.005871582 0.999982883 -0.000433978 -0.867803286 -0.032227334 0.000622952 0.999480150 168.261719605
0.999501916 -0.004752888 0.031221768 5.507393000 0.004785267 0.999988420 -0.000962025 -0.872809330 -0.031217508 0.001110896 0.999512319 169.134275332
0.999509220 -0.005799376 0.030785890 5.548221704 0.005856357 0.999981661 -0.001761627 -0.878018998 -0.030775344 0.001941060 0.999524219 169.988212120
0.999507890 -0.006090251 0.030785619 5.569656397 0.006168172 0.999978277 -0.002439249 -0.881122336 -0.030769474 0.002627884 0.999522929 170.426312960
0.999537567 -0.007680079 0.029426241 5.610491737 0.007782301 0.999964623 -0.003360099 -0.886481855 -0.029399795 0.003587535 0.999560833 171.280248762
0.999529303 -0.007763053 0.029678694 5.643894408 0.007840393 0.999966624 -0.002493158 -0.889300089 -0.029658431 0.002724620 0.999557042 172.152818879
0.999528159 -0.007494544 0.029803205 5.655888931 0.007537123 0.999971303 -0.001314300 -0.889614385 -0.029792924 0.001538260 0.999555668 172.587284213
0.999483476 -0.008742175 0.030924344 5.702058569 0.008682737 0.999960931 0.002054459 -0.887696112 -0.030941243 -0.001784863 0.999519475 173.454230530
0.999501839 -0.010119338 0.029905887 5.741085314 0.010027104 0.999944522 0.003232945 -0.889780002 -0.029938094 -0.002931546 0.999547955 174.339768124
0.999522429 -0.009303306 0.029491355 5.753227157 0.009236129 0.999954433 0.002413401 -0.893420967 -0.029512744 -0.002139925 0.999562377 174.774211579
0.999483080 -0.007739240 0.031214142 5.794105853 0.007713383 0.999970242 0.000950323 -0.899759505 -0.031220322 -0.000709046 0.999512142 175.628140943
0.999477361 -0.007305294 0.031490781 5.834915534 0.007297002 0.999973756 0.000377753 -0.904539604 -0.031492545 -0.000147793 0.999503781 176.482080557
0.999512566 -0.007785781 0.030239660 5.847001634 0.007780222 0.999969965 0.000302539 -0.906921829 -0.030241252 -0.000067181 0.999543148 176.916532290
