1.000000000 0.000000000 -0.000000000 0.000000000 0.000000000 1.000000000 0.000000000 0.000000000 0.000000000 0.000000000 1.000000000 -0.000000000
0.999999524 -0.000551889 -0.000541437 0.015814524 0.000550468 0.999997141 -0.002321474 -0.010182372 0.000542921 0.002321245 0.999996451 0.877075401
0.999999825 -0.000493727 0.000639787 0.035441876 0.000495321 0.999996686 -0.002661242 -0.016847134 -0.000637857 0.002661617 0.999996014 1.744986812
0.999999788 0.000211105 0.000760135 0.043242642 -0.000209542 0.999997976 -0.002183659 -0.019115414 -0.000761393 0.002183511 0.999996986 2.183546482
0.999997338 0.001607186 0.001252552 0.053587424 -0.001606030 0.999998275 -0.001070653 -0.023497912 -0.001255095 0.001068645 0.999998474 3.047535508
0.999998890 -0.000686379 0.000881883 0.073131840 0.000686324 0.999999457 -0.000085143 -0.027964305 -0.000881789 0.000085797 0.999999286 3.915464028
0.999998317 -0.001344755 0.001151669 0.078369715 0.001345187 0.999998809 -0.000448005 -0.031502855 -0.001151360 0.000449541 0.999998455 4.309368051
0.999998659 -0.000566341 0.001408329 0.096755203 0.000568913 0.999997773 -0.001911934 -0.039851974 -0.001407026 0.001912769 0.999997191 5.154943472
0.999997406 -0.000558112 0.002193846 0.115027599 0.000561368 0.999998788 -0.001563815 -0.045203317 -0.002192320 0.001565054 0.999996033 6.000542224
0.999994669 -0.000834488 0.003010249 0.117577646 0.000837325 0.999998989 -0.000968575 -0.047477417 -0.003009549 0.000971114 0.999994439 6.425970334
0.999997290 -0.001103880 0.002069955 0.131847217 0.001103118 0.999999047 0.000344498 -0.051310104 -0.002070579 -0.000342171 0.999997356 7.280772272
0.999991474 -0.003336826 0.002482963 0.156747906 0.003337554 0.999994398 -0.000352633 -0.058568601 -0.002482042 0.000360940 0.999996561 8.161810577
0.999989351 -0.004141150 0.002060741 0.155508122 0.004145331 0.999989615 -0.002082910 -0.064969859 -0.002052277 0.002091487 0.999995131 8.596397934
0.999993869 -0.002618564 0.002165688 0.171370899 0.002629753 0.999982687 -0.005213184 -0.076431282 -0.002151923 0.005218833 0.999983636 9.473463380
0.999992065 -0.002257211 0.003147744 0.192418425 0.002280046 0.999971068 -0.007298827 -0.086138182 -0.003131727 0.007305980 0.999968143 10.363673996
0.999991090 -0.003240767 0.002693884 0.200307027 0.003262530 0.999961281 -0.008159009 -0.090734734 -0.002667905 0.008167749 0.999963111 10.802215546
0.999992507 -0.003168575 0.002078156 0.212095731 0.003187313 0.999953481 -0.009127618 -0.098788903 -0.002048837 0.009134218 0.999955776 11.688498876
0.999996061 -0.002015231 0.001665322 0.229060890 0.002030067 0.999956822 -0.009020297 -0.104868712 -0.001647371 0.009023628 0.999957755 12.587929088
0.999997526 -0.001431312 0.001342334 0.236789653 0.001441135 0.999971291 -0.007421380 -0.105228407 -0.001332216 0.007423265 0.999970832 13.026503612
0.999997421 -0.001832329 0.000761789 0.248289216 0.001835133 0.999991015 -0.003843706 -0.105618260 -0.000754796 0.003845161 0.999991676 13.912846592
0.999996511 -0.002610181 0.000680243 0.269031012 0.002610875 0.999995676 -0.001145614 -0.107221171 -0.000677849 0.001147395 0.999998495 14.803120280
0.999996716 -0.002167801 0.001340777 0.272952226 0.002169789 0.999996286 -0.001538889 -0.111238372 -0.001337966 0.001541738 0.999997857 15.250857705
0.999998124 -0.000910643 0.001744581 0.289954705 0.000913961 0.999997218 -0.001985052 -0.118307447 -0.001742857 0.001986687 0.999995864 16.150280217
0.999998771 -0.000500150 0.001295420 0.306904031 0.000502100 0.999998634 -0.001607927 -0.123967566 -0.001295407 0.001608601 0.999997447 17.049713695
0.999998122 -0.000514010 0.001719234 0.310804888 0.000516678 0.999998612 -0.001671933 -0.127445168 -0.001718638 0.001672850 0.999996855 17.497455320
0.999999465 0.000712619 0.000150356 0.309459366 -0.000712264 0.999996242 -0.002522803 -0.135705445 -0.000152220 0.002522718 0.999996390 18.388988265
0.999998797 0.000930986 0.000996567 0.322646379 -0.000926247 0.999987596 -0.004821585 -0.146222181 -0.001000969 0.004820720 0.999987235 19.297575311
0.999998363 0.001686566 0.000894789 0.331797955 -0.001682078 0.999985799 -0.004986798 -0.149693962 -0.000903907 0.004985307 0.999986465 19.758448496
0.999998166 0.001039640 0.001597619 0.354001392 -0.001032273 0.999988182 -0.004630774 -0.155438195 -0.001602277 0.004629192 0.999987069 20.671012833
0.999997679 0.000574800 0.001796225 0.370925838 -0.000568024 0.999992092 -0.003803403 -0.160438804 -0.001798123 0.003802358 0.999990771 21.570451444
0.999997736 0.000100126 0.002145815 0.380062334 -0.000092266 0.999993208 -0.003672793 -0.163510881 -0.002145805 0.003672576 0.999990244 22.031327739
0.999995310 -0.000873698 0.002940553 0.393060482 0.000882330 0.999994888 -0.002976990 -0.169021330 -0.002938553 0.002979536 0.999990482 22.939953748
0.999992224 0.000238726 0.003924505 0.415219436 -0.000231038 0.999997621 -0.001978052 -0.173586437 -0.003925222 0.001977157 0.999989814 23.852527262
0.999995597 0.000982355 0.002724048 0.415088818 -0.000980608 0.999998852 -0.000668720 -0.174785947 -0.002724053 0.000666021 0.999995435 24.309477984
0.999994921 0.000749110 0.003182394 0.433336931 -0.000748997 0.999999847 -0.000052786 -0.180270590 -0.003182361 0.000050425 0.999994364 25.231235708
0.999993004 0.001980169 0.003049907 0.449047032 -0.001977897 0.999997492 -0.000797256 -0.187685015 -0.003051559 0.000791306 0.999994858 26.108332651
0.999990896 0.002991874 0.003075006 0.452981817 -0.002987605 0.999994615 -0.001445169 -0.192061949 -0.003079906 0.001436017 0.999993361 26.556067277
0.999980246 0.004699677 0.004042311 0.455565608 -0.004691306 0.999986932 -0.002105361 -0.199892328 -0.004052394 0.002086349 0.999989359 27.438412202
0.999981980 0.005369544 0.002637121 0.468499670 -0.005368225 0.999985227 -0.000551863 -0.203704037 -0.002640169 0.000537656 0.999995812 28.347051432
0.999975868 0.005880849 0.003701379 0.481534568 -0.005881587 0.999982183 0.000171339 -0.205526822 -0.003700821 -0.000193116 0.999992479 28.798746084
0.999966953 0.006582652 0.004752355 0.498438279 -0.006589031 0.999977479 0.001298931 -0.209977839 -0.004744470 -0.001330249 0.999987698 29.698188971
0.999957224 0.007285422 0.005642288 0.515444152 -0.007290375 0.999973423 0.000833217 -0.217136847 -0.005637065 -0.000874294 0.999983496 30.597610783
0.999962049 0.007524833 0.004420506 0.515405516 -0.007528279 0.999971578 0.000729344 -0.220774548 -0.004414316 -0.000762515 0.999989667 31.054542529
0.999950285 0.008848670 0.004498301 0.523183857 -0.008852805 0.999960664 0.000875486 -0.227110210 -0.004491336 -0.000915312 0.999989499 31.950030601
0.999946140 0.009416700 0.004419044 0.534875678 -0.009423051 0.999954262 0.001412509 -0.232596283 -0.004405566 -0.001454064 0.999989077 32.836333919
0.999937771 0.010067683 0.004805326 0.544011798 -0.010075057 0.999947589 0.001507477 -0.235658368 -0.004790393 -0.001555743 0.999987095 33.297210292
0.999935157 0.010681119 0.004034468 0.551822559 -0.010685879 0.999941838 0.001143468 -0.242853392 -0.004022651 -0.001186527 0.999990887 34.192691676
0.999929492 0.011214789 0.003717203 0.559630304 -0.011218133 0.999936652 0.000849096 -0.249968476 -0.003708105 -0.000890755 0.999992637 35.088173682
0.999931479 0.011286144 0.002956498 0.563517589 -0.011289036 0.999936015 0.000943967 -0.253086344 -0.002946138 -0.000977287 0.999994357 35.535918107
0.999909458 0.013315383 0.002155206 0.580439773 -0.013319089 0.999909985 0.001654987 -0.258026998 -0.002133640 -0.001683532 0.999995618 36.435357184
0.999889587 0.014575053 0.002870647 0.586940438 -0.014578890 0.999892913 0.001314432 -0.265097721 -0.002851345 -0.001356114 0.999994738 37.308516654
0.999879589 0.015463378 0.001374520 0.589552686 -0.015464606 0.999880198 0.000795627 -0.269020598 -0.001362092 -0.000816841 0.999998573 37.733931933
0.999830350 0.018407879 0.000866912 0.596155889 -0.018406814 0.999829979 -0.001280142 -0.278809305 -0.000889965 0.001263990 0.999997990 38.607070250
0.999854417 0.017015506 0.001554866 0.611963628 -0.017010145 0.999849129 -0.003396476 -0.288811810 -0.001613376 0.003369522 0.999992867 39.484147050
0.999872911 0.015872384 0.001003641 0.619802845 -0.015868922 0.999868480 -0.003459108 -0.292099334 -0.001057975 0.003442813 0.999993511 39.922698788
0.999891068 0.014715272 0.000174089 0.630315382 -0.014714391 0.999879502 -0.004907427 -0.300928534 -0.000246677 0.004904305 0.999987542 40.786653206
0.999928220 0.011957155 0.001051151 0.651402867 -0.011949089 0.999900663 -0.007473609 -0.311694648 -0.001140639 0.007460582 0.999971055 41.676855578
0.999949303 0.009983532 0.000956779 0.655498621 -0.009972946 0.999894484 -0.010527473 -0.320338418 -0.001061433 0.010517391 0.999943461 42.124556996
0.999971812 0.007366677 0.001373649 0.672702407 -0.007346825 0.999874939 -0.013984340 -0.332743535 -0.001476409 0.013973943 0.999901088 43.023937979
0.999975845 0.006845951 0.000493124 0.679078292 -0.006839385 0.999900063 -0.012340039 -0.336506711 -0.000577840 0.012336375 0.999923397 43.897123191
0.999977004 0.006633885 0.001168931 0.688016498 -0.006623113 0.999936424 -0.009087460 -0.334322687 -0.001229425 0.009079459 0.999957844 44.358040394
0.999994635 0.003131326 -0.000434445 0.695460083 -0.003132915 0.999988375 -0.003555399 -0.331784930 0.000423243 0.003556736 0.999993156 45.253597526
0.999993694 0.003566053 0.000093980 0.703234654 -0.003565860 0.999987821 -0.003292431 -0.338020666 -0.000105501 0.003292036 0.999994070 46.149086375
0.999991014 0.003989213 0.001387101 0.711139466 -0.003983163 0.999982300 -0.004386542 -0.343046900 -0.001405046 0.004380962 0.999988688 46.587624581
0.999995059 0.002195355 0.002266675 0.723043149 -0.002179556 0.999973108 -0.007029771 -0.354148808 -0.002281812 0.007024819 0.999972521 47.473884192
0.999991547 0.002066190 0.003499807 0.743879189 -0.002046023 0.999981025 -0.005774375 -0.358249866 -0.003511939 0.005767231 0.999977024 48.364138437
0.999989751 0.001840712 0.004047291 0.756886945 -0.001822195 0.999987592 -0.004609410 -0.359353185 -0.004055791 0.004601974 0.999980498 48.815838688
0.999994936 0.001719176 0.002486242 0.764596299 -0.001710882 0.999992528 -0.003382879 -0.363860203 -0.002491542 0.003378596 0.999990694 49.711340992
0.999992542 0.001447082 0.003606965 0.780346360 -0.001430433 0.999988412 -0.004651095 -0.372333842 -0.003614295 0.004645868 0.999982366 50.588429692
0.999991491 0.001768835 0.003781530 0.788275298 -0.001745624 0.999979803 -0.006161031 -0.377999602 -0.003792048 0.006154402 0.999973120 51.026962921
0.999987987 0.003200641 0.003664656 0.800156739 -0.003168983 0.999957664 -0.008621951 -0.388511948 -0.003692699 0.008610258 0.999955524 51.913227120
0.999984139 0.004282970 0.003649300 0.808069284 -0.004244315 0.999935306 -0.010572905 -0.398404971 -0.003693982 0.010557279 0.999937049 52.808687506
0.999980822 0.004695914 0.003992735 0.811951669 -0.004654441 0.999935451 -0.010373185 -0.401392936 -0.004041471 0.010354430 0.999937716 53.256432942
0.999975888 0.004866165 0.004998151 0.823699283 -0.004812905 0.999931836 -0.010639842 -0.408357912 -0.005049593 0.010615541 0.999930085 54.142724749
0.999981687 0.003124161 0.005187763 0.853746269 -0.003073490 0.999947886 -0.009769155 -0.412842642 -0.005217651 0.009753035 0.999938589 55.036916156
0.999986719 0.001521025 0.004913296 0.857663712 -0.001471658 0.999948102 -0.010062466 -0.416759917 -0.004929033 0.010055128 0.999936937 55.484654359
0.999993604 -0.000362185 0.003510043 0.874632264 0.000396927 0.999950052 -0.009932743 -0.422929659 -0.003506967 0.009934100 0.999943859 56.384083870
0.999997193 -0.001357112 0.001938348 0.887772909 0.001379368 0.999931849 -0.011562221 -0.432217306 -0.001922543 0.011564927 0.999931160 57.292680482
0.999995623 -0.002380367 0.001489820 0.896971984 0.002398569 0.999919528 -0.012427858 -0.436948153 -0.001460273 0.012431368 0.999921753 57.753543868
0.999991148 -0.004194526 0.000297375 0.920468177 0.004197699 0.999920814 -0.011829031 -0.442357028 -0.000247139 0.011830205 0.999930115 58.688433696
0.999980081 -0.006341111 -0.000164589 0.930669173 0.006339448 0.999944032 -0.008472488 -0.443705177 0.000218355 0.008471290 0.999963824 59.628606347
0.999970020 -0.007600914 -0.001102701 0.935783243 0.007592806 0.999946824 -0.007029206 -0.444738985 0.001155952 0.007020690 0.999974057 60.098689873
0.999953535 -0.009135828 -0.003072139 0.946122590 0.009117388 0.999940647 -0.005931539 -0.449754414 0.003126709 0.005903274 0.999977041 61.038833982
0.999932282 -0.011070562 -0.003553505 0.951434390 0.011040993 0.999905015 -0.008215104 -0.460691275 0.003643553 0.008175357 0.999959873 61.965800491
0.999910623 -0.012640288 -0.004330438 0.960696043 0.012596101 0.999869546 -0.010065456 -0.467080892 0.004457178 0.010010041 0.999939618 62.426650967
0.999876193 -0.014617136 -0.005812582 0.960674188 0.014552260 0.999832640 -0.011041818 -0.475825204 0.005973546 0.010955894 0.999922164 63.340503026
0.999858307 -0.014866567 -0.007918349 0.961785627 0.014792672 0.999847063 -0.009297937 -0.480007295 0.008055504 0.009179497 0.999924652 64.276713473
0.999843438 -0.015734365 -0.008121341 0.953734934 0.015676191 0.999850948 -0.007173820 -0.480437811 0.008232429 0.007045406 0.999940778 64.752052913
0.999788823 -0.018694230 -0.008474943 0.964214141 0.018624758 0.999792659 -0.008190706 -0.489160491 0.008625677 0.008031167 0.999930333 65.692168169
0.999751754 -0.020420535 -0.008884265 0.969672584 0.020305783 0.999711848 -0.012801778 -0.503984469 0.009142994 0.012618198 0.999878505 66.619104426
0.999730896 -0.021479286 -0.008748703 0.965904057 0.021336463 0.999642327 -0.016095363 -0.513338149 0.009091271 0.015904375 0.999831600 67.085183053
0.999661055 -0.024271806 -0.009394560 0.975217173 0.024085684 0.999521378 -0.019427515 -0.525753695 0.009860615 0.019194648 0.999766729 68.002946687
0.999495330 -0.029430143 -0.011925240 0.977630791 0.029219007 0.999419803 -0.017499985 -0.529850243 0.012432758 0.017142743 0.999775466 68.961480681
0.999378032 -0.032528886 -0.013626384 0.978827610 0.032304001 0.999343170 -0.016405091 -0.531633713 0.014150671 0.015954720 0.999772544 69.440749739
0.999162060 -0.038504334 -0.013839599 0.981423686 0.038262614 0.999117364 -0.017318751 -0.540566673 0.014493545 0.016774728 0.999753986 70.399246092
0.998892603 -0.044807072 -0.014332177 0.988136433 0.044499164 0.998785874 -0.021119284 -0.554036050 0.015260873 0.020458219 0.999673927 71.348515772
0.998792964 -0.046896327 -0.014572593 0.989474242 0.046565841 0.998667668 -0.022238362 -0.559556748 0.015596302 0.021532917 0.999646414 71.827755744
0.998657626 -0.049489904 -0.015273168 0.997038303 0.049200102 0.998612212 -0.018791784 -0.560989447 0.016182486 0.018015190 0.999706276 72.799441984
0.998414168 -0.053815267 -0.016524035 1.000343195 0.053649133 0.998505867 -0.010329980 -0.554108530 0.017055259 0.009427109 0.999809340 73.780384294
0.998369139 -0.054538355 -0.016832459 0.997433898 0.054434158 0.998495967 -0.006577989 -0.551635376 0.017165759 0.005651023 0.999836687 74.268877847
0.998344449 -0.054218882 -0.019186403 0.986589264 0.054178654 0.998527864 -0.002602012 -0.552650470 0.019298217 0.001558228 0.999812412 75.232687041
0.998333451 -0.053861245 -0.020710691 0.990448690 0.053813623 0.998547036 -0.002847695 -0.560468651 0.020834331 0.001728474 0.999781341 76.213514951
0.998331390 -0.053297314 -0.022204883 0.974695817 0.053232655 0.998575877 -0.003487091 -0.565905892 0.022359311 0.002299272 0.999747207 76.707198158
0.998410514 -0.051668680 -0.022484140 0.970578622 0.051634679 0.998664079 -0.002082430 -0.571456192 0.022561700 0.000918171 0.999744987 77.706426451
0.998499604 -0.049105234 -0.024211606 0.947986007 0.049141943 0.998791396 0.000926292 -0.574820200 0.024136538 -0.002114677 0.999705884 78.697791465
0.998532943 -0.047848376 -0.025332338 0.936101000 0.047898625 0.998851582 0.001386985 -0.578198749 0.025236433 -0.002598288 0.999677461 79.182299327
0.998657564 -0.045642007 -0.024510081 0.937181370 0.045743405 0.998946244 0.003592896 -0.582334273 0.024319793 -0.004709180 0.999693004 80.194670146
0.998758587 -0.041974498 -0.026816757 0.906738044 0.042154552 0.999091836 0.006187422 -0.586767925 0.026532933 -0.007310183 0.999621079 81.204409568
0.998814663 -0.040210698 -0.027401644 0.900030999 0.040436145 0.999152168 0.007728021 -0.588212084 0.027067516 -0.008826914 0.999594547 81.702063999
0.998927329 -0.035889949 -0.029265532 0.873580319 0.036180199 0.999300179 0.009452458 -0.593894591 0.028906218 -0.010501039 0.999527179 82.702602335
0.999081708 -0.030464056 -0.030115566 0.847179401 0.030789971 0.999471367 0.010421406 -0.600896120 0.029782385 -0.011339084 0.999491971 83.703130405
0.999159517 -0.028037367 -0.029896048 0.840610707 0.028342445 0.999549725 0.009833948 -0.606007559 0.029606944 -0.010672935 0.999504487 84.200756295
0.999245034 -0.023006026 -0.031291855 0.823616384 0.023245587 0.999703030 0.007317834 -0.618578913 0.031114628 -0.008039619 0.999482799 85.205181164
0.999291409 -0.019092684 -0.032418252 0.802557413 0.019322148 0.999790677 0.006782722 -0.627992828 0.032282160 -0.007404230 0.999450955 86.218821973
0.999284658 -0.017415325 -0.033555281 0.792020200 0.017646694 0.999822349 0.006613116 -0.632494938 0.033433968 -0.007200509 0.999414602 86.725643972
0.999320030 -0.015629295 -0.033377068 0.780118266 0.015857283 0.999852962 0.006580764 -0.640863584 0.033269163 -0.007105539 0.999420538 87.743233064
0.999304367 -0.014349076 -0.034412136 0.763104340 0.014509431 0.999885211 0.004418721 -0.652915324 0.034344472 -0.004914967 0.999397570 88.747661977
0.999319989 -0.013927681 -0.034150298 0.752612364 0.014059523 0.999894791 0.003625514 -0.658616544 0.034095551 -0.004103159 0.999409144 89.254474644
0.999281349 -0.013585200 -0.035393155 0.731691744 0.013628684 0.999906253 0.000991091 -0.671697739 0.035376671 -0.001472708 0.999372893 90.268086912
0.999241862 -0.012424793 -0.036898127 0.706712507 0.012441124 0.999922806 0.000216182 -0.681781375 0.036892853 -0.000675026 0.999318926 91.290913875
0.999225716 -0.011692621 -0.037563428 0.692198481 0.011726850 0.999930984 0.000694295 -0.685454318 0.037553297 -0.001134180 0.999293437 91.806933694
0.999214940 -0.011681861 -0.037858429 0.676233029 0.011790282 0.999926594 0.002645311 -0.690695503 0.037824420 -0.003089595 0.999279056 92.833738493
0.999109538 -0.011275380 -0.040646092 0.638045678 0.011414097 0.999929234 0.003183282 -0.699026701 0.040606049 -0.003644350 0.999168357 93.861830314
0.999108842 -0.010296137 -0.040932182 0.623510164 0.010468270 0.999937194 0.003995916 -0.702130067 0.040888881 -0.004420847 0.999153386 94.377854566
0.998996746 -0.009910471 -0.043661974 0.589370120 0.010043499 0.999945748 0.002829112 -0.713159045 0.043631657 -0.003264728 0.999041894 95.396734024
0.998985573 -0.009677782 -0.043976574 0.555059682 0.009880321 0.999941643 0.004394059 -0.719671374 0.043932005 -0.004824063 0.999022929 96.415648634
0.998950447 -0.008495563 -0.045012139 0.540517006 0.008742322 0.999947855 0.005289882 -0.722584880 0.044964826 -0.005677844 0.998971771 96.931674364
0.998969918 -0.006456186 -0.044912479 0.507327421 0.006900212 0.999928645 0.009740255 -0.724205231 0.044846356 -0.010040109 0.998943665 97.972949928
0.998971627 -0.004792703 -0.045083649 0.478342721 0.005250704 0.999935191 0.010049221 -0.732700265 0.045032842 -0.010275596 0.998932137 99.004980622
0.998997711 -0.003088575 -0.044663808 0.439004772 0.003424197 0.999966556 0.007442787 -0.750573791 0.044639004 -0.007588180 0.998974516 100.543795363
0.998992990 -0.001634512 -0.044829149 0.404833440 0.001941736 0.999974976 0.006813413 -0.760773385 0.044816942 -0.006893613 0.998971307 101.562681276
0.998929827 -0.000471880 -0.046248594 0.386420635 0.000780095 0.999977125 0.006648576 -0.765685627 0.046244164 -0.006677498 0.998907653 102.087882816
0.998912636 0.001102558 -0.046608769 0.349317193 -0.000603688 0.999942564 0.010717822 -0.768145574 0.046618259 -0.010678046 0.998855135 103.138343213
0.998851255 0.002557692 -0.047838318 0.311076311 -0.001981425 0.999924557 0.012092064 -0.775057824 0.047865873 -0.011983292 0.998781290 104.166446077
0.998843644 0.003993130 -0.047910499 0.287375090 -0.003393360 0.999915041 0.012594886 -0.778976628 0.047956119 -0.012417742 0.998772199 104.678523835
0.998908082 0.005482049 -0.046399184 0.253301017 -0.004999134 0.999932524 0.010519081 -0.791754310 0.046453381 -0.010275654 0.998867263 105.697389683
0.998917751 0.006937840 -0.045982281 0.216515367 -0.006498314 0.999931556 0.009704481 -0.802638009 0.046046202 -0.009395145 0.998894705 106.747784520
0.998886436 0.007475967 -0.046577266 0.194145353 -0.007022364 0.999926108 0.009896522 -0.807240699 0.046648116 -0.009558423 0.998865288 107.282179836
0.998947706 0.008648311 -0.045040593 0.158443990 -0.008087854 0.999888103 0.012614353 -0.812263139 0.045144989 -0.012236713 0.998905367 108.354943170
0.998862915 0.010916453 -0.046409807 0.116370300 -0.010354769 0.999870446 0.012326585 -0.822163392 0.046538654 -0.011831985 0.998846144 109.392214146
0.998920704 0.010651324 -0.045200510 0.097967674 -0.010111766 0.999875280 0.012151191 -0.827345434 0.045324355 -0.011680926 0.998904109 109.917413586
0.998939831 0.011507737 -0.044579002 0.059844032 -0.010992209 0.999869547 0.011795913 -0.837365380 0.044708615 -0.011293356 0.998935540 110.945492264
0.998995218 0.012768223 -0.042953907 0.034655195 -0.012162201 0.999823575 0.014343368 -0.841893137 0.043128644 -0.013806538 0.998973513 111.968362468
0.998963402 0.012340847 -0.043807099 0.010956236 -0.011700198 0.999821493 0.014852726 -0.845871897 0.043982473 -0.014324744 0.998929210 112.480439759
0.999024123 0.011690240 -0.042598886 -0.012686517 -0.011109816 0.999842415 0.013838602 -0.856779316 0.042753809 -0.013351801 0.998996008 113.525583192
0.998956711 0.011410038 -0.044226259 -0.041495922 -0.010913533 0.999875259 0.011452601 -0.869920903 0.044351014 -0.010957914 0.998955485 114.557577723
0.998974551 0.011270178 -0.043843265 -0.059873291 -0.010804245 0.999882388 0.010850711 -0.875772449 0.043960825 -0.010365846 0.998978934 115.082771953
0.998955680 0.011440611 -0.044227130 -0.096696638 -0.010980164 0.999883106 0.010643102 -0.885656889 0.044343536 -0.010146339 0.998964020 116.133174566
0.998863061 0.011702023 -0.046208585 -0.146758221 -0.011185603 0.999871732 0.011419443 -0.898429247 0.046336007 -0.010889594 0.998866018 117.721925989
0.998756007 0.012119144 -0.048367247 -0.183662618 -0.011532706 0.999856626 0.012386169 -0.906165281 0.048510421 -0.011812917 0.998752149 118.772345323
0.998672551 0.013799670 -0.049615326 -0.233692195 -0.013151108 0.999823909 0.013377325 -0.914347245 0.049790694 -0.012707138 0.998678603 119.828012405
0.998609199 0.014571367 -0.050663653 -0.256078420 -0.013889518 0.999808756 0.013785964 -0.918520255 0.050854724 -0.013062971 0.998620105 120.362411065
0.998551636 0.015027207 -0.051657279 -0.298206017 -0.014300140 0.999793548 0.014416533 -0.926991567 0.051863793 -0.013656965 0.998560976 121.399693163
0.998497627 0.015325935 -0.052609152 -0.338991852 -0.014578026 0.999787803 0.014574175 -0.936426559 0.052820978 -0.013785272 0.998508411 122.459290641
0.998405589 0.016032876 -0.054118769 -0.366576018 -0.015285093 0.999782102 0.014204781 -0.942004351 0.054334857 -0.013354883 0.998432783 122.980546853
0.998320168 0.016352520 -0.055588161 -0.407264593 -0.015661882 0.999795208 0.012838555 -0.954017431 0.055786572 -0.011946408 0.998371194 124.040124267
0.998192593 0.016007398 -0.057918304 -0.461166559 -0.015285406 0.999800469 0.012889487 -0.964138176 0.058113159 -0.011980868 0.998238099 125.104967626
0.998063835 0.016535103 -0.059963874 -0.492748650 -0.015756129 0.999785172 0.013442984 -0.968327217 0.060173025 -0.012472145 0.998109467 125.635426014
0.997912517 0.018342940 -0.061924023 -0.554664181 -0.017411867 0.999727524 0.015543011 -0.975200807 0.062192672 -0.014432263 0.997959795 126.718677378
0.998011430 0.017129517 -0.060659932 -0.603331639 -0.016189321 0.999741785 0.015959624 -0.984886051 0.060918248 -0.014945817 0.998030385 127.796655642
0.998017283 0.016319427 -0.060790452 -0.629601186 -0.015394690 0.999759223 0.015650702 -0.990708055 0.061031191 -0.014683856 0.998026917 128.340232835
0.997946740 0.017058818 -0.061735880 -0.682109367 -0.016198927 0.999764917 0.014404239 -1.003171457 0.061967599 -0.013374515 0.997988106 129.427380843
0.998004159 0.014894029 -0.061358221 -0.734638659 -0.014080245 0.999807751 0.013675477 -1.015075273 0.061549989 -0.012784269 0.998021466 130.514533207
0.998057160 0.013984615 -0.060718055 -0.756968337 -0.013196992 0.999823485 0.013354934 -1.020747170 0.060894148 -0.012527688 0.998064987 131.048920201
0.998013375 0.013836582 -0.061461944 -0.810881613 -0.013022707 0.999821998 0.013624571 -1.030568138 0.061639111 -0.012797031 0.998016070 132.113765894
0.997969360 0.012579185 -0.062440881 -0.864849551 -0.011677763 0.999822129 0.014782025 -1.038940180 0.062615498 -0.014022717 0.997938854 133.178622863
0.997915976 0.012168085 -0.063370140 -0.896445212 -0.011198678 0.999815375 0.015632685 -1.042769487 0.063548639 -0.014890440 0.997866869 133.709084051
0.997851760 0.012552131 -0.064298704 -0.954355281 -0.011494982 0.999792544 0.016785437 -1.051231681 0.064495568 -0.016010279 0.997789358 134.783131685
0.997823091 0.010512576 -0.065101055 -1.016108335 -0.009450520 0.999817211 0.016601934 -1.062412077 0.065263499 -0.015950514 0.997740453 135.866349531
0.997832777 0.009707512 -0.065071961 -1.042373735 -0.008668829 0.999830367 0.016227693 -1.068344001 0.065218900 -0.015628393 0.997748309 136.409925868
0.997807775 0.008886156 -0.065578871 -1.109351873 -0.007875188 0.999846372 0.015659349 -1.080209713 0.065708168 -0.015108499 0.997724272 137.480006866
0.997934776 0.007751185 -0.063760007 -1.156661359 -0.006785391 0.999858869 0.015350837 -1.091288317 0.063869128 -0.014886498 0.997846518 138.580297166
0.997959689 0.006793095 -0.063477875 -1.186894147 -0.005823045 0.999863054 0.015454720 -1.096640888 0.063574216 -0.015053566 0.997863241 139.133069379
0.998079609 0.006315391 -0.061611369 -1.238216258 -0.005322016 0.999853756 0.016276488 -1.105941030 0.061704986 -0.015917350 0.997966585 140.242564887
0.998202435 0.005558757 -0.059666032 -1.279058796 -0.004531416 0.999838958 0.017342331 -1.114649960 0.059752527 -0.017040710 0.998067110 141.378328026
0.998282043 0.005179057 -0.058364061 -1.300119468 -0.004155278 0.999835258 0.017649978 -1.119356967 0.058446299 -0.017377152 0.998139349 141.935045411
0.998271641 0.005081315 -0.058546590 -1.346118104 -0.004079898 0.999843202 0.017211502 -1.130579857 0.058624285 -0.016942868 0.998135525 143.057657469
0.998256295 0.004164649 -0.058874526 -1.397324482 -0.003216440 0.999863140 0.016193398 -1.142947723 0.058933283 -0.015975774 0.998133871 144.167129102
0.998277001 0.003736736 -0.058548296 -1.419669239 -0.002800564 0.999867217 0.016065235 -1.148219917 0.058600631 -0.015873583 0.998155225 144.701519207
0.998251852 0.001423899 -0.059085049 -1.460519538 -0.000400826 0.999849894 0.017326346 -1.155946176 0.059101091 -0.017272436 0.998102360 145.761129984
0.998251670 0.001430645 -0.059082550 -1.509187372 -0.000389000 0.999844583 0.017639816 -1.165621427 0.059098032 -0.017586007 0.998096791 146.839108325
0.998281917 0.001755621 -0.058573537 -1.527582459 -0.000743305 0.999850061 0.017302376 -1.171003321 0.058594327 -0.017229006 0.998132684 147.364306210
0.998338949 0.000540647 -0.057604572 -1.581374725 0.000370855 0.999875232 0.015813568 -1.184031909 0.057606230 -0.015808616 0.998214017 148.429126939
0.998276176 0.001514897 -0.058667543 -1.631328529 -0.000595515 0.999876535 0.015687370 -1.194222384 0.058684637 -0.015625352 0.998153848 149.484778389
0.998279477 0.002138420 -0.058585038 -1.649765837 -0.001204774 0.999871953 0.015969884 -1.198485108 0.058611612 -0.015871722 0.998154611 150.009984985
0.998184037 0.001989440 -0.060194371 -1.708931717 -0.001011025 0.999866828 0.016283033 -1.208261933 0.060218512 -0.016192593 0.998053692 151.061699507
0.998217826 0.000897247 -0.059668963 -1.754901546 0.000032042 0.999878648 0.015573582 -1.219471434 0.059675790 -0.015547695 0.998096407 152.108151660
0.998198120 0.000899588 -0.059999251 -1.782463848 -0.000002794 0.999887848 0.014945340 -1.225628796 0.060006025 -0.014918266 0.998086758 152.629403361
0.998075540 0.000598064 -0.062011547 -1.841571673 0.000293297 0.999897118 0.014365849 -1.236944479 0.062012904 -0.014356344 0.997971369 153.681105907
0.998011205 -0.000723528 -0.063034207 -1.900764318 0.001682004 0.999884102 0.015156669 -1.246011831 0.063015366 -0.015232577 0.997896021 154.732825951
0.997971624 -0.001190543 -0.063648942 -1.928411063 0.002202585 0.999872007 0.015834187 -1.249930853 0.063621343 -0.015942223 0.997845827 155.254095073
0.998010746 -0.000888046 -0.063034460 -1.982362037 0.001945019 0.999858067 0.016710205 -1.258752561 0.063010586 -0.016799498 0.997871087 156.318948543
0.998015805 -0.001253607 -0.062940314 -2.034956767 0.002327477 0.999852672 0.016994153 -1.268144841 0.062909829 -0.017106852 0.997872519 157.329960443
0.998067082 -0.001785939 -0.062114931 -2.057349400 0.002885527 0.999840709 0.017619112 -1.272147976 0.062073530 -0.017764281 0.997913570 157.864360425
0.998031509 -0.001032110 -0.062706854 -2.113945446 0.002216600 0.999820145 0.018824052 -1.280061571 0.062676679 -0.018925970 0.997854223 158.884575201
0.998091503 -0.000500954 -0.061755835 -2.166595969 0.001736542 0.999799711 0.019957152 -1.287974947 0.061733290 -0.020026252 0.997891626 159.895598612
0.998135871 -0.001066311 -0.061018036 -2.190284750 0.002313180 0.999789851 0.020368086 -1.292223506 0.060982618 -0.020471220 0.997928115 160.407673803
0.998142638 -0.000874688 -0.060916918 -2.233795577 0.002228853 0.999751973 0.022167382 -1.298631955 0.060882297 -0.022261915 0.997895912 161.422649074
0.998123248 -0.000480661 -0.061235155 -2.287695126 0.001851303 0.999748917 0.022330981 -1.308039829 0.061208814 -0.022402431 0.997873390 162.411337972
0.998206459 -0.000712570 -0.059857338 -2.307369773 0.002007293 0.999765386 0.021575185 -1.314106821 0.059828125 -0.021656534 0.997973336 162.914207644
0.998251084 -0.000047876 -0.059117967 -2.350586557 0.001166062 0.999821187 0.018881993 -1.328309489 0.059106726 -0.018917876 0.998072188 163.929122254
0.998259761 -0.000149858 -0.058962211 -2.399106460 0.001157099 0.999854152 0.017051578 -1.341129008 0.058950266 -0.017090090 0.998114676 164.930916115
0.998294373 -0.000478156 -0.058375744 -2.418800334 0.001447314 0.999862117 0.016562693 -1.346686378 0.058359400 -0.016618890 0.998157276 165.433789753
0.998291277 -0.001307157 -0.058426126 -2.462128703 0.002222169 0.999875748 0.015599186 -1.357931240 0.058398392 -0.015702313 0.998169203 166.448727384
0.998290214 -0.003381606 -0.058353727 -2.509334741 0.004191542 0.999896200 0.013763209 -1.370974986 0.058301455 -0.013984304 0.998200873 167.472842380
0.998282070 -0.004535064 -0.058415727 -2.529021452 0.005312589 0.999899574 0.013163490 -1.376722216 0.058349839 -0.013451171 0.998205652 167.975714541
0.998240087 -0.007210250 -0.058862881 -2.584153972 0.007936482 0.999894798 0.012115159 -1.388827095 0.058770106 -0.012560918 0.998192459 169.018219577
0.998251375 -0.009184729 -0.058389111 -2.626280438 0.009951847 0.999868030 0.012861929 -1.397328386 0.058262789 -0.013420456 0.998210923 170.055501441
0.998206089 -0.010613473 -0.058921950 -2.653886092 0.011394423 0.999851428 0.012935752 -1.402336600 0.058775229 -0.013583895 0.998178096 170.576762087
0.998116899 -0.015275608 -0.059399223 -2.695886648 0.016001113 0.999802669 0.011759297 -1.414175416 0.059207516 -0.012687521 0.998164165 171.614017975
0.998010752 -0.020232770 -0.059705500 -2.729866476 0.020765896 0.999749336 0.008324172 -1.429451244 0.059522064 -0.009547495 0.998181380 172.632864381
0.997899228 -0.022187349 -0.060869699 -2.766602025 0.022686365 0.999714476 0.007520088 -1.436224193 0.060685711 -0.008885152 0.998117105 173.150171144
0.997815560 -0.025603619 -0.060892078 -2.808831406 0.026249597 0.999607256 0.009834327 -1.441997507 0.060615489 -0.011411169 0.998095467 174.187474239
0.997721406 -0.028123361 -0.061325757 -2.864378979 0.029101760 0.999461622 0.015121019 -1.443100547 0.060867613 -0.016871202 0.998002523 175.230064901
0.997703761 -0.028443746 -0.061458417 -2.892142587 0.029575918 0.999407941 0.017593229 -1.443921867 0.060921464 -0.019370451 0.997953741 175.751358132
0.997767753 -0.028470768 -0.060404959 -2.937033784 0.029751233 0.999348560 0.020406937 -1.449120220 0.059784374 -0.022158417 0.997965371 176.820179949
0.997781418 -0.026803190 -0.060940838 -2.991015293 0.028171319 0.999366882 0.021704166 -1.457132529 0.060320425 -0.023372752 0.997905041 177.885039719
0.997820781 -0.025217898 -0.060962475 -3.017324046 0.026597842 0.999405714 0.021932966 -1.461915304 0.060372520 -0.023506685 0.997899073 178.428625000
0.997953948 -0.022828953 -0.059720812 -3.076454113 0.024166543 0.999471220 0.021773652 -1.472641425 0.059191767 -0.023172370 0.997976732 179.480332133
0.998094525 -0.021628018 -0.057786655 -3.121128170 0.022890628 0.999511770 0.021279029 -1.483595509 0.057297542 -0.022561218 0.998101478 180.549109155
0.998125888 -0.021557901 -0.057271210 -3.134282717 0.022795882 0.999518536 0.021053222 -1.488701782 0.056790737 -0.022319255 0.998136271 181.087440700
0.998211865 -0.021712150 -0.055688914 -3.173692107 0.022873479 0.999531681 0.020303799 -1.500019771 0.055222190 -0.021541252 0.998241274 182.169346404
0.998238279 -0.023624915 -0.054420351 -3.213162192 0.024771302 0.999482568 0.020490446 -1.509728953 0.053907845 -0.021802394 0.998307185 183.251264629
0.998217298 -0.024737511 -0.054306789 -3.240796873 0.025910734 0.999443076 0.021008644 -1.513967739 0.053756385 -0.022378285 0.998302958 183.772531263
0.998220430 -0.027089807 -0.053125384 -3.276284113 0.028212287 0.999392096 0.020496126 -1.524665969 0.052537494 -0.021958438 0.998376810 184.845250424
0.998210182 -0.028919610 -0.052346706 -3.307685216 0.029881273 0.999396797 0.017684055 -1.539091216 0.051803726 -0.019216586 0.998472246 185.908749211
0.998208959 -0.029432515 -0.052080816 -3.320811112 0.030355208 0.999394410 0.017016689 -1.544956926 0.051547947 -0.018567155 0.998497275 186.447074845
0.998183160 -0.030857633 -0.051759015 -3.364309655 0.031854757 0.999320080 0.018552839 -1.552467957 0.051150588 -0.020167908 0.998486943 187.538201545
0.998209281 -0.031640314 -0.050771741 -3.400023836 0.032765402 0.999232383 0.021484095 -1.557150649 0.050052967 -0.023109137 0.998478473 188.610967523
0.998232932 -0.031896948 -0.050124120 -3.413227389 0.033033514 0.999211756 0.022014635 -1.560957886 0.049382879 -0.023631460 0.998499864 189.149309178
0.998207765 -0.032301675 -0.050376029 -3.457927458 0.033436893 0.999201497 0.021858396 -1.571222482 0.049629861 -0.023503681 0.998490484 190.218091566
0.998202332 -0.031521374 -0.050967245 -3.497391134 0.032669051 0.999227684 0.021846028 -1.581101538 0.050239202 -0.023471799 0.998461051 191.300008469
0.998283991 -0.030634125 -0.049909250 -3.527668029 0.031793532 0.999238444 0.022605994 -1.585284976 0.049178102 -0.024153906 0.998497266 191.852789781
0.998432578 -0.028953565 -0.047905650 -3.561970329 0.030128741 0.999257506 0.023994743 -1.592789969 0.047174619 -0.025400421 0.998563018 192.947856675
