1.000000000 0.000000000 -0.000000000 0.000000000 0.000000000 1.000000000 0.000000000 0.000000000 -0.000000000 -0.000000000 1.000000000 0.000000000
0.999995272 -0.001598507 0.002471545 0.026435463 0.001600284 0.999997850 -0.000708173 -0.040522617 -0.002470497 0.000712098 0.999996588 1.102025774
0.999987942 -0.003057702 0.003628931 0.050768700 0.003072625 0.999986548 -0.004119608 -0.084933086 -0.003615715 0.004130565 0.999984966 2.181642157
0.999978188 -0.004578590 0.004751556 0.067608366 0.004607361 0.999970981 -0.006060914 -0.107569191 -0.004723922 0.006082652 0.999969991 2.723228512
0.999956897 -0.006620735 0.006442647 0.091897110 0.006669539 0.999948197 -0.007578268 -0.148692077 -0.006392752 0.007620883 0.999950745 3.802962849
0.999942777 -0.008342498 0.006579224 0.119692974 0.008380863 0.999947412 -0.005822925 -0.183705998 -0.006530503 0.005877650 0.999961700 4.873575041
0.999927347 -0.009560511 0.007360103 0.136453391 0.009593150 0.999944087 -0.004408570 -0.200486409 -0.007317501 0.004478854 0.999962889 5.415371491
0.999920100 -0.009913805 0.007804410 0.160637057 0.009925732 0.999949687 -0.001490414 -0.233845004 -0.007789064 0.001567673 0.999968339 6.495384402
0.999902998 -0.010502993 0.009119110 0.184904704 0.010522864 0.999942043 -0.002132171 -0.273409036 -0.009096209 0.002227872 0.999956201 7.575174670
0.999888743 -0.010817515 0.010215402 0.201738285 0.010857117 0.999933544 -0.003825515 -0.295595472 -0.010173983 0.003935958 0.999940219 8.116777157
0.999886395 -0.010419421 0.010858532 0.226047856 0.010487882 0.999925340 -0.006265618 -0.338257226 -0.010792567 0.006378807 0.999920963 9.196456282
0.999872336 -0.009710875 0.012668604 0.244524130 0.009776620 0.999939072 -0.005136076 -0.374367965 -0.012618650 0.005259237 0.999906084 10.263441878
0.999827702 -0.010427150 0.015325518 0.298454095 0.010483951 0.999938047 -0.003630367 -0.429062540 -0.015286970 0.003790372 0.999876167 11.879333706
0.999807697 -0.010391185 0.016612646 0.339231783 0.010468018 0.999934357 -0.004542762 -0.468332250 -0.016564666 0.004715639 0.999851964 12.944039122
0.999796178 -0.010204558 0.017428416 0.346694384 0.010287843 0.999935299 -0.004693089 -0.487818296 -0.017379489 0.004871344 0.999836592 13.482151253
0.999728676 -0.010588486 0.020721908 0.396768265 0.010672579 0.999935265 -0.003949692 -0.524262459 -0.020679868 0.004169635 0.999777706 14.550545289
0.999694588 -0.010257299 0.022478334 0.428156447 0.010316570 0.999943520 -0.002522473 -0.559462785 -0.022450811 0.002753548 0.999743718 15.611809465
0.999643981 -0.010444420 0.024545779 0.457851356 0.010490575 0.999942726 -0.001750981 -0.577001557 -0.024526883 0.002007797 0.999697254 16.147824621
0.999528445 -0.011412482 0.028484616 0.504363482 0.011473001 0.999931603 -0.001961496 -0.615517654 -0.028460134 0.002287356 0.999592032 17.225485646
0.999433870 -0.012620294 0.031187509 0.563861084 0.012782723 0.999905277 -0.005014812 -0.658559341 -0.031120756 0.005410500 0.999500782 18.297230215
0.999352004 -0.013883714 0.033198360 0.590026696 0.014110031 0.999878160 -0.006592438 -0.680568283 -0.033103571 0.007056451 0.999427195 18.842426314
0.999160155 -0.015356462 0.037991149 0.664555064 0.015646353 0.999849796 -0.007344778 -0.720040803 -0.037872120 0.007932982 0.999251587 19.930814755
0.998972353 -0.017545230 0.041781606 0.733280159 0.017803937 0.999824172 -0.005828623 -0.755180676 -0.041672298 0.006566421 0.999109885 21.006430075
0.998910053 -0.018251279 0.042955115 0.762973716 0.018483489 0.999815977 -0.005014935 -0.772619521 -0.042856199 0.005803303 0.999064681 21.542448816
0.998655551 -0.020238532 0.047718750 0.835345088 0.020553460 0.999769945 -0.006117341 -0.811932868 -0.047584020 0.007089792 0.998842047 22.608573068
0.998405124 -0.022870413 0.051615442 0.911322708 0.023322081 0.999694099 -0.008163865 -0.852461864 -0.051413182 0.009354546 0.998633412 23.665312377
0.998288572 -0.023360378 0.053607128 0.953966985 0.023859329 0.999677096 -0.008686390 -0.871858188 -0.053387106 0.009950429 0.998523973 24.195506802
0.998130878 -0.022078227 0.056984945 1.029840473 0.022472416 0.999727398 -0.006285006 -0.904692842 -0.056830304 0.007553804 0.998355473 25.252522174
0.997944707 -0.021957398 0.060190794 1.105682045 0.022150068 0.999751337 -0.002536042 -0.935169230 -0.060120639 0.003864026 0.998183749 26.309622158
0.997827352 -0.022242295 0.062014970 1.144704116 0.022375702 0.999748149 -0.001456831 -0.952170773 -0.061967229 0.002841310 0.998073591 26.849243832
0.997675258 -0.021479799 0.064676376 1.222801677 0.021627425 0.999764570 -0.001583004 -0.990120955 -0.064627289 0.002978060 0.997905461 27.928345565
0.997299088 -0.022337945 0.069967693 1.326773226 0.022616407 0.999738917 -0.003190177 -1.029957587 -0.069878326 0.004763952 0.997544325 28.995871445
0.997117365 -0.022691558 0.072396273 1.371590998 0.023044644 0.999725495 -0.004045350 -1.050732187 -0.072284879 0.005701954 0.997368270 29.548286319
0.996738139 -0.023756094 0.077120907 1.481319298 0.024287481 0.999686403 -0.005958902 -1.091463994 -0.076956311 0.007812477 0.997004054 30.628708653
0.996399604 -0.027288717 0.080269602 1.581668100 0.027859389 0.999593218 -0.005997938 -1.128865873 -0.080073395 0.008212497 0.996755531 31.705663217
0.996242370 -0.028366621 0.081833451 1.633606677 0.028856964 0.999571429 -0.004814774 -1.145296754 -0.081662379 0.007158074 0.996634294 32.239551282
0.995749439 -0.029823523 0.087139576 1.741077230 0.030180724 0.999540657 -0.002784183 -1.178424861 -0.087016365 0.005402183 0.996192428 33.297976528
0.995263200 -0.031519250 0.091959070 1.859352461 0.031923906 0.999485497 -0.002931945 -1.214160679 -0.091818793 0.005853676 0.995758166 34.328284229
0.995045645 -0.032196848 0.094060770 1.914914461 0.032660840 0.999459846 -0.003397274 -1.233076275 -0.093900520 0.006452465 0.995560416 34.852741818
0.994439820 -0.032620089 0.100122430 2.038960238 0.033225783 0.999437733 -0.004387889 -1.270726519 -0.099923001 0.007690125 0.994965311 35.895909403
0.994007816 -0.032299227 0.104424434 2.163026031 0.033133069 0.999430676 -0.006259078 -1.309855674 -0.104162481 0.009681366 0.994513319 36.939023926
0.993039023 -0.035590502 0.112274675 2.364869767 0.036606453 0.999304609 -0.006999878 -1.364744041 -0.111948191 0.011061012 0.993652024 38.504542445
0.991943381 -0.039795531 0.120269750 2.592429669 0.040395400 0.999180236 -0.002553116 -1.409857432 -0.120069871 0.007390816 0.992737866 40.058903509
0.991218833 -0.041918761 0.125408405 2.748023015 0.042487556 0.999095195 -0.001863179 -1.444143819 -0.125216496 0.007175054 0.992103665 41.103612188
0.990519239 -0.044391298 0.130003707 2.903639217 0.045055929 0.998981715 -0.002174018 -1.480118963 -0.129775411 0.008010688 0.991511149 42.148260276
0.990238294 -0.044688722 0.132025933 2.990770152 0.045325257 0.998969797 -0.001818058 -1.497249541 -0.131809580 0.007784400 0.991244765 42.674202312
0.989504227 -0.046286110 0.136884905 3.149922414 0.046731413 0.998907486 -0.000039737 -1.529254148 -0.136733959 0.006436152 0.990586387 43.709651531
0.988698856 -0.047352634 0.142240932 3.318447953 0.047823818 0.998855677 0.000106842 -1.564129020 -0.142083510 0.006696892 0.989832219 44.748585011
0.988364379 -0.047657229 0.144443960 3.399866899 0.048329192 0.998830785 -0.001145019 -1.583671991 -0.144220754 0.008112544 0.989512448 45.261511922
0.987825355 -0.047356700 0.148183080 3.572061706 0.048574993 0.998808305 -0.004611498 -1.624419088 -0.147788454 0.011753217 0.988949067 46.290893386
0.987007018 -0.047044318 0.153637297 3.742056106 0.048625372 0.998795372 -0.006547405 -1.661799370 -0.153143982 0.013932948 0.988105274 47.298125748
0.986594905 -0.047654327 0.156076553 3.839946415 0.049258634 0.998764721 -0.006425247 -1.678190120 -0.155578120 0.014027185 0.987723673 47.796070344
0.985795455 -0.048409677 0.160819196 4.019154784 0.049575229 0.998765043 -0.003240660 -1.706669324 -0.160464104 0.011167203 0.986978654 48.807209310
0.985198251 -0.048126192 0.164524149 4.207676927 0.048654479 0.998815249 0.000819755 -1.733622025 -0.164369034 0.007197194 0.986372566 49.821990288
0.984663534 -0.048346831 0.167628249 4.305541271 0.048689199 0.998811747 0.002069562 -1.748094186 -0.167529924 0.006123792 0.985847873 50.320003721
0.983861248 -0.048822202 0.172144251 4.497762434 0.049343739 0.998780444 0.001251184 -1.783117495 -0.171995721 0.007263207 0.985071093 51.325153807
0.982977528 -0.047381487 0.177511178 4.708716493 0.048548834 0.998817595 -0.002235656 -1.822872076 -0.177195609 0.010815536 0.984116105 52.337308629
0.982549868 -0.046487689 0.180092231 4.803059789 0.047932745 0.998843419 -0.003677856 -1.842423959 -0.179712775 0.012245898 0.983643255 52.844481135
0.982080354 -0.044150253 0.183214378 5.002379036 0.045176249 0.998977174 -0.001427310 -1.871424783 -0.182964341 0.009678571 0.983072263 53.831164646
0.981546808 -0.041433679 0.186679207 5.198001428 0.041112270 0.999138741 0.005594346 -1.892514881 -0.186749864 0.002183675 0.982404414 54.827473311
0.981135301 -0.040459459 0.189040169 5.305154932 0.039515011 0.999179690 0.008763500 -1.903641878 -0.189240020 -0.001128342 0.981930279 55.329194008
0.980348426 -0.037785527 0.193618782 5.523160825 0.036489382 0.999280715 0.010257853 -1.933956486 -0.193868228 -0.002991236 0.981022770 56.323004868
0.979456271 -0.036765424 0.198276197 5.744903335 0.036436316 0.999321727 0.005309352 -1.975119660 -0.198337594 0.002024147 0.980131744 57.307085168
0.979165100 -0.036208658 0.199809701 5.855795213 0.036560960 0.999329598 0.001927827 -1.997225126 -0.199745888 0.005417611 0.979832770 57.799070642
0.978606305 -0.034703376 0.202795388 6.071809370 0.036269483 0.999333790 -0.004010127 -2.039591582 -0.202520964 0.011279631 0.979212807 58.770179198
0.978090027 -0.035169913 0.205188814 6.297039253 0.036965158 0.999304352 -0.004921302 -2.073186863 -0.204873567 0.012398288 0.978710036 59.745189696
0.977742724 -0.035140099 0.206843237 6.417153485 0.036663295 0.999321505 -0.003534118 -2.087010795 -0.206579327 0.011038926 0.978367181 60.241059545
0.977416329 -0.037638922 0.207942597 6.629345151 0.038356393 0.999263899 0.000582489 -2.112183352 -0.207811291 0.007406539 0.978140772 61.222126325
0.976491396 -0.037177999 0.212324250 6.861685697 0.037563299 0.999291486 0.002220394 -2.140685464 -0.212257183 0.005807389 0.977196704 62.178636904
0.976069368 -0.036696881 0.214341459 6.976085235 0.037105334 0.999308226 0.002118990 -2.156721936 -0.214270384 0.005884905 0.976756295 62.661498799
0.975402778 -0.036911359 0.217317411 7.208495563 0.037647826 0.999290262 0.000751641 -2.190380256 -0.217190926 0.007448258 0.976100572 63.617824379
0.974993203 -0.035168605 0.219434192 7.443044900 0.035935298 0.999353602 0.000497669 -2.222868727 -0.219309843 0.007400160 0.975626764 64.596461832
0.974433001 -0.035713509 0.221821810 7.561023909 0.036486176 0.999333846 0.000614903 -2.238142303 -0.221695995 0.007494200 0.975086817 65.070009771
0.973781187 -0.036583210 0.224523499 7.815654914 0.037396513 0.999299734 0.000630627 -2.268993981 -0.224389907 0.007782205 0.974468278 66.024269209
0.973120494 -0.036589340 0.227373106 8.045871326 0.037461097 0.999297082 0.000481442 -2.299765135 -0.227231328 0.008049049 0.973807610 66.958428479
0.972630056 -0.036565051 0.229464391 8.173181013 0.037388794 0.999299846 0.000758321 -2.314761290 -0.229331094 0.007841720 0.973316865 67.435573614
0.971565800 -0.036959943 0.233866105 8.416288506 0.037573805 0.999291403 0.001831568 -2.343083163 -0.233767834 0.007007659 0.972267254 68.364066676
0.970696892 -0.038056153 0.237273851 8.668763732 0.038819166 0.999244294 0.001457767 -2.373865602 -0.237151081 0.007795588 0.971441982 69.296058700
0.970156179 -0.038371414 0.239422531 8.796107093 0.039448187 0.999221152 0.000295057 -2.391349927 -0.239247790 0.009158432 0.970915227 69.773114563
0.969188207 -0.038287370 0.243328062 9.060127604 0.039974543 0.999198465 -0.001998013 -2.426270989 -0.243056722 0.011663323 0.969941894 70.730815241
0.967845930 -0.039709288 0.248388046 9.321951089 0.041744458 0.999123934 -0.002929646 -2.458075052 -0.248054090 0.013204283 0.968655504 71.666357853
0.967469513 -0.040467505 0.249728726 9.456433783 0.042523058 0.999090854 -0.002839312 -2.472584650 -0.249387873 0.013366105 0.968311409 72.124837790
0.966098103 -0.041257299 0.254856979 9.712467653 0.043208987 0.999063143 -0.002061638 -2.501065325 -0.254533167 0.013003769 0.966976741 73.047571071
0.964983269 -0.042032304 0.258920751 9.984987356 0.043662289 0.999045695 -0.000545192 -2.527462992 -0.258651336 0.011831034 0.965898015 73.955283674
0.964453931 -0.041802649 0.260921412 10.113689089 0.043058351 0.999071478 0.000904635 -2.539288731 -0.260717133 0.010362283 0.965359519 74.400931333
0.962998603 -0.041900636 0.266228777 10.389779608 0.042628214 0.999086030 0.003047919 -2.564283973 -0.266113130 0.008413581 0.963905346 75.299352926
0.961701389 -0.041511392 0.270936001 10.656603956 0.042485993 0.999094511 0.002269795 -2.594323129 -0.270785779 0.009328131 0.962594759 76.194006306
0.960837304 -0.040563846 0.274126222 10.807626578 0.041927393 0.999120207 0.000885128 -2.610746781 -0.273920724 0.010642880 0.961693682 76.637322157
0.959720991 -0.039280224 0.278195276 11.083825962 0.041365619 0.999142558 -0.001628126 -2.643786107 -0.277893544 0.013070182 0.960523277 77.535455138
0.958361446 -0.039166719 0.282857450 11.378638829 0.041356632 0.999142374 -0.001772916 -2.672733194 -0.282546079 0.013397040 0.959160287 78.440909431
0.957598318 -0.039549942 0.285376723 11.535366136 0.041642832 0.999130946 -0.001266640 -2.686204849 -0.285078981 0.013096846 0.958414606 78.897259768
0.956629024 -0.041871879 0.288281994 11.835904787 0.043865969 0.999036957 -0.000457500 -2.713758793 -0.287985704 0.013083418 0.957545603 79.815692616
0.955622337 -0.042129961 0.291565169 12.134310513 0.044347066 0.999014806 -0.000996635 -2.742932256 -0.291236733 0.013882381 0.956550953 80.711797459
0.955193214 -0.041806885 0.293013802 12.278137273 0.044122919 0.999024985 -0.001296343 -2.758153706 -0.292673775 0.014166806 0.956106887 81.173839099
0.954081970 -0.042610958 0.296500314 12.591609874 0.044954486 0.998987933 -0.001087217 -2.786426040 -0.296154286 0.014366270 0.955032430 82.086492088
0.952881365 -0.041756889 0.300454387 12.905053940 0.043660183 0.999046266 0.000379967 -2.812589924 -0.300184232 0.012755762 0.953795882 82.999220726
0.952323090 -0.041540104 0.302248302 13.065362747 0.043258501 0.999063244 0.001009516 -2.825448573 -0.302007332 0.012113323 0.953228930 83.446251729
0.951457341 -0.040738714 0.305073188 13.369507374 0.042473469 0.999096299 0.000951449 -2.854198180 -0.304837024 0.012052142 0.952328790 84.355300350
0.950064739 -0.039526992 0.309539540 13.695930966 0.041618251 0.999132748 -0.000152551 -2.884447978 -0.309264714 0.013027370 0.950886519 85.262128306
0.949554071 -0.038807591 0.311193210 13.856264656 0.041025925 0.999157993 -0.000582842 -2.899145275 -0.310907960 0.013320313 0.950346495 85.709093340
0.948404719 -0.038707328 0.314690548 14.469583039 0.041394592 0.999140694 -0.001858115 -2.956968047 -0.314348157 0.014788622 0.949192706 87.486226419
0.947951265 -0.038439133 0.316087006 14.633495794 0.041201668 0.999148645 -0.002058929 -2.970872470 -0.315738591 0.014974997 0.948728364 87.923878573
0.946693828 -0.038900189 0.319775394 14.951974668 0.041709378 0.999127321 -0.001937995 -2.997779603 -0.319421527 0.015172275 0.947490934 88.795627989
0.945619633 -0.039285226 0.322891950 15.276193119 0.041979513 0.999117250 -0.001381758 -3.024312844 -0.322552785 0.014861469 0.946434365 89.680319391
0.945313480 -0.039404566 0.323773419 15.436521805 0.042204538 0.999107355 -0.001628238 -3.038640413 -0.323420236 0.015203789 0.946133674 90.127297690
0.944675022 -0.039469121 0.325623989 15.758630458 0.042942097 0.999071300 -0.003481899 -3.068501916 -0.325184467 0.017272137 0.945492918 90.989599779
0.943586139 -0.038029047 0.328934594 16.071432504 0.042525373 0.999074195 -0.006483154 -3.100419531 -0.328383893 0.020105488 0.944330475 91.848240853
0.943263327 -0.037419946 0.329930443 16.235366086 0.042288688 0.999076389 -0.007589122 -3.115862822 -0.329342110 0.021110844 0.943974107 92.285837794
0.941640597 -0.036996280 0.334580247 16.576126899 0.042324407 0.999066412 -0.008645587 -3.144489985 -0.333948146 0.022301834 0.942327691 93.155358656
0.940513059 -0.037291782 0.337702755 16.907541481 0.042933783 0.999034216 -0.009250740 -3.172245412 -0.337032364 0.023199280 0.941207475 94.021323552
0.939863651 -0.037629741 0.339469221 17.075032761 0.043318521 0.999018400 -0.009192832 -3.185316990 -0.338790638 0.023345254 0.940572185 94.449664259
0.938463493 -0.038473815 0.343227291 17.413606555 0.044376169 0.998971075 -0.009355855 -3.211566610 -0.342514408 0.024011203 0.939206209 95.297000525
0.936489569 -0.039010479 0.348519092 17.757894232 0.044559147 0.998975145 -0.007915342 -3.235543735 -0.347854017 0.022942247 0.937267979 96.157346897
0.935914401 -0.039268731 0.350030195 17.932552026 0.044812230 0.998964808 -0.007748646 -3.247649108 -0.349365104 0.022937681 0.936706268 96.567039615
0.934314242 -0.040473391 0.354143816 18.259611233 0.046025107 0.998913154 -0.007263915 -3.272028438 -0.353465975 0.023086195 0.935162616 97.388585842
0.932187487 -0.041576408 0.359579921 18.614660583 0.046931864 0.998878583 -0.006172431 -3.295435610 -0.358920352 0.022629566 0.933093971 98.220928680
0.931307767 -0.041741145 0.361833731 18.789312291 0.046989547 0.998878332 -0.005713561 -3.307091314 -0.361189038 0.022323398 0.932225027 98.630637531
0.929806089 -0.042115749 0.365631554 19.131444189 0.047101972 0.998878696 -0.004723819 -3.330999200 -0.365022814 0.021614128 0.930748005 99.468716488
0.927398801 -0.042177908 0.371688326 19.495836388 0.047015231 0.998885679 -0.003957343 -3.355028289 -0.371108253 0.021145020 0.928349190 100.304624255
0.926607313 -0.043281262 0.373529595 19.670482281 0.047976794 0.998842431 -0.003277901 -3.366254310 -0.372956399 0.020957998 0.927611654 100.714348523
0.924421843 -0.044955396 0.378711205 20.040587281 0.048967539 0.998799329 -0.000964347 -3.387930962 -0.378213329 0.019435917 0.925514706 101.563269264
0.922608814 -0.046628281 0.382907838 20.408545021 0.050252516 0.998736403 0.000537874 -3.410167913 -0.382448793 0.018745775 0.923786380 102.389900004
0.921615038 -0.047293779 0.385212024 20.586789994 0.050991693 0.998698601 0.000616757 -3.422079972 -0.384740820 0.019074163 0.922827915 102.790258329
0.919777237 -0.047078976 0.389605626 20.956235123 0.051438325 0.998675853 -0.000757718 -3.448191325 -0.389054550 0.020737560 0.920980992 103.585138833
0.918423817 -0.047124485 0.392781627 21.310602152 0.052285831 0.998628865 -0.002445728 -3.474374418 -0.392127881 0.022783104 0.919628865 104.363500947
0.917622583 -0.047636494 0.394586339 21.492438632 0.052991472 0.998590972 -0.002678141 -3.486412927 -0.393903446 0.023367197 0.918854831 104.754513408
0.916264648 -0.047988329 0.397687814 21.852538071 0.053870317 0.998540822 -0.003623689 -3.511692517 -0.396934341 0.024743796 0.917513139 105.545836510
0.914740891 -0.049467129 0.401001586 22.225561859 0.056103701 0.998413276 -0.004817227 -3.536981018 -0.400126626 0.026904143 0.916064880 106.331405208
0.914126805 -0.049819913 0.402355188 22.398077262 0.056893211 0.998363501 -0.005639865 -3.550006426 -0.401416215 0.028046811 0.915466324 106.718795017
0.912430353 -0.050569575 0.406094547 22.759566990 0.057699015 0.998319679 -0.005323052 -3.571985695 -0.405144122 0.028288113 0.913814828 107.478625303
0.911425956 -0.052481035 0.408103739 23.115288469 0.059398646 0.998224785 -0.004286914 -3.592220415 -0.407154195 0.028147959 0.912924907 108.225589611
0.910793387 -0.052840584 0.409464934 23.291353321 0.059527008 0.998219957 -0.003590963 -3.602264557 -0.408546660 0.027644828 0.912318751 108.603745056
0.909073465 -0.054061957 0.413112926 23.647066416 0.060326801 0.998175754 -0.002125698 -3.621879732 -0.412244167 0.026854164 0.910677176 109.350731592
0.907414370 -0.054238789 0.416721917 24.012112353 0.059926941 0.998202309 -0.000569337 -3.641377369 -0.415941849 0.025489491 0.909034004 110.101309588
0.906520304 -0.054022584 0.418692037 24.191763572 0.059448415 0.998230512 0.000085654 -3.651168240 -0.417956116 0.024812886 0.908128420 110.470132792
0.904963082 -0.053727322 0.422084816 24.560425900 0.059135210 0.998249328 0.000279943 -3.672630975 -0.421361291 0.024706654 0.906556333 111.211298955
0.902830445 -0.052160629 0.426821869 25.112397354 0.058632653 0.998277539 -0.002025396 -3.708917423 -0.425981701 0.026854263 0.904333585 112.311766422
0.901254771 -0.050974112 0.430279367 25.469591346 0.057974531 0.998312793 -0.003164739 -3.731927354 -0.429392055 0.027797509 0.902689773 113.027019931
0.899755466 -0.050127867 0.433503842 25.821006407 0.057096217 0.998363750 -0.003060700 -3.752403316 -0.432641662 0.027505320 0.901145788 113.729435785
0.899012408 -0.049965017 0.435063465 26.002079695 0.056713605 0.998386860 -0.002532365 -3.761242140 -0.434234806 0.026950547 0.900396728 114.066681919
0.897823679 -0.049856390 0.437522318 26.357046638 0.055956781 0.998431931 -0.001053864 -3.778916705 -0.436784356 0.025428487 0.899206768 114.759856955
0.896999296 -0.048665430 0.439344353 26.702704135 0.054494607 0.998513278 -0.000656680 -3.798437536 -0.438660015 0.024530901 0.898318378 115.449378506
0.896486922 -0.048474248 0.440410593 26.880217021 0.054576288 0.998508297 -0.001191923 -3.809448220 -0.439696228 0.025104448 0.897795945 115.795888045
0.895080403 -0.047215737 0.443396883 27.223753089 0.053983899 0.998538306 -0.002646144 -3.831437946 -0.442623977 0.026304713 0.896321550 116.463051116
0.894088767 -0.045449548 0.445577041 27.570859431 0.052506934 0.998614364 -0.003499381 -3.851985275 -0.444800379 0.026524592 0.895236390 117.120924609
0.893496832 -0.045072638 0.446800903 27.746192330 0.052068440 0.998636985 -0.003383518 -3.861138035 -0.446039701 0.026287300 0.894627600 117.445230909
0.892694560 -0.044595592 0.448449448 28.089686610 0.051445228 0.998670692 -0.003096353 -3.880040032 -0.447715873 0.025834604 0.893803101 118.112504763
0.891734913 -0.043027136 0.450507525 28.427450374 0.050013515 0.998742009 -0.003608693 -3.899985428 -0.449785923 0.025749430 0.892765435 118.766812610
0.890869215 -0.042606130 0.452257610 28.606372751 0.049641302 0.998760004 -0.003693942 -3.909114748 -0.451539413 0.025741393 0.891879965 119.081778423
0.890295011 -0.042487527 0.453396813 28.944115823 0.049378428 0.998774422 -0.003365475 -3.927531268 -0.452699309 0.025384270 0.891302051 119.736141124
0.888863696 -0.042065886 0.456236977 29.294759173 0.048384705 0.998825602 -0.002171831 -3.944178009 -0.455610190 0.024005274 0.889855615 120.384813239
0.888164191 -0.041962646 0.457606098 29.464334373 0.048079206 0.998842018 -0.001722209 -3.952365646 -0.457004390 0.023530902 0.889153402 120.696225594
0.887179560 -0.042564993 0.459455540 29.794159098 0.048568192 0.998818718 -0.001249244 -3.969388068 -0.458860407 0.023423167 0.888199323 121.315439843
0.886541499 -0.043298260 0.460618947 30.133321805 0.049272682 0.998784723 -0.000947910 -3.986672674 -0.460017970 0.023536231 0.887597433 121.938231929
0.886154032 -0.043218576 0.461371332 30.287827291 0.049309486 0.998782511 -0.001148154 -3.995551594 -0.460760372 0.023767383 0.887206151 122.233103667
0.885146677 -0.042823272 0.463336666 30.619094100 0.049174798 0.998788360 -0.001630484 -4.013100882 -0.462705419 0.024227654 0.886181248 122.820687785
0.883876571 -0.043084775 0.465731642 30.946754121 0.049295504 0.998782664 -0.001156824 -4.029394550 -0.465115110 0.023980934 0.884925461 123.417658282
0.882942906 -0.042430384 0.467558070 31.426732474 0.047981655 0.998848125 0.000034991 -4.052179605 -0.467021313 0.022403298 0.883962050 124.287316278
0.882177045 -0.042732627 0.468973980 31.740713068 0.047798851 0.998856422 0.001101751 -4.065864236 -0.468485290 0.021444405 0.883210970 124.836253342
0.881866794 -0.042849818 0.469546213 31.889456933 0.047791479 0.998856243 0.001395107 -4.073488246 -0.469069037 0.021209934 0.882906887 125.118241533
0.881322797 -0.042218837 0.470624538 32.199892542 0.047445577 0.998873596 0.000757282 -4.090483900 -0.470126392 0.021661591 0.882333424 125.676401128
0.879836779 -0.041946892 0.473419304 32.513908163 0.047422299 0.998874698 0.000371351 -4.106756628 -0.472902644 0.022123945 0.880836816 126.225245334
0.879119953 -0.041084109 0.474825424 32.675583950 0.046598080 0.998913247 0.000156154 -4.114949138 -0.474316233 0.021988594 0.880079699 126.501459044
0.877846756 -0.040565508 0.477219847 32.983880279 0.047005761 0.998893330 -0.001557500 -4.133094656 -0.476628483 0.023799241 0.878782089 127.037307484
0.876126514 -0.039333025 0.480473732 33.267745787 0.046334483 0.998921849 -0.002714518 -4.149960531 -0.479849427 0.024640713 0.877004626 127.553098778
0.875282292 -0.039600485 0.481987841 33.427254434 0.046768742 0.998901690 -0.002860728 -4.157244420 -0.481346044 0.025045923 0.876172842 127.807075189
0.873721502 -0.041070017 0.484689526 33.729756010 0.048423968 0.998823042 -0.002655986 -4.171686828 -0.484010248 0.025791113 0.874681880 128.330127921
0.872301352 -0.040892282 0.487254148 34.020743945 0.047847540 0.998853020 -0.001830950 -4.184328895 -0.486620953 0.024911031 0.873258071 128.827388104
0.871373056 -0.040999665 0.488903776 34.176660274 0.047914850 0.998849751 -0.001634635 -4.191426377 -0.488275379 0.024850080 0.872335913 129.090712530
0.869579961 -0.040955328 0.492090269 34.482755250 0.048048059 0.998843241 -0.001775334 -4.206135133 -0.491448389 0.025187708 0.870542138 129.604414378
0.868188188 -0.041024917 0.494535462 34.777344293 0.048149948 0.998838642 -0.001670072 -4.219613127 -0.493892744 0.025261739 0.869155433 130.092303241
0.867546928 -0.041223153 0.495642466 34.918183065 0.048480832 0.998821621 -0.001785062 -4.226822319 -0.494986477 0.025577696 0.868524413 130.339107845
0.866229670 -0.041150870 0.497948415 35.212778735 0.048578985 0.998817339 -0.001964681 -4.240789954 -0.497279060 0.025891667 0.867204361 130.826979140
0.864637871 -0.041592442 0.500671283 35.501611297 0.048954887 0.998799235 -0.001569242 -4.253392759 -0.500005591 0.025867079 0.865636102 131.301970833
0.864230281 -0.041846808 0.501353383 35.646034678 0.049348695 0.998779444 -0.001701148 -4.260218776 -0.500670303 0.026211175 0.865240985 131.539447857
0.862876285 -0.041137612 0.503737707 35.932725255 0.048962076 0.998797276 -0.002302893 -4.273771592 -0.503037658 0.026651098 0.863853305 131.992135564
0.861750754 -0.041007964 0.505670715 36.206483369 0.048911519 0.998800045 -0.002354774 -4.286715938 -0.504967844 0.026762274 0.862723237 132.450599188
0.861433191 -0.041198102 0.506196185 36.345151079 0.049083794 0.998791980 -0.002240343 -4.292726721 -0.505493417 0.026775883 0.862415274 132.675176889
0.860190128 -0.041020249 0.508321442 36.628241494 0.048920694 0.998799472 -0.002183603 -4.305513558 -0.507622414 0.026745736 0.861164142 133.137233407
0.859489157 -0.040498914 0.509547443 36.914931666 0.048729323 0.998807641 -0.002809641 -4.319036397 -0.508825946 0.027244634 0.860437785 133.589922191
0.858710657 -0.040475891 0.510859078 37.044269104 0.048775134 0.998805643 -0.002850313 -4.325354579 -0.510134224 0.027364811 0.859659032 133.810901620
0.857735170 -0.041004342 0.512452745 37.310086827 0.048838399 0.998804192 -0.001824490 -4.335276024 -0.511766211 0.026592280 0.858712992 134.234275230
0.856739845 -0.041259917 0.514095923 37.575900088 0.048462731 0.998824471 -0.000600135 -4.344867712 -0.513466738 0.025428603 0.857733027 134.657660672
0.856236339 -0.040840941 0.514967849 37.708820513 0.047990369 0.998847079 -0.000577147 -4.350682807 -0.514350769 0.025207575 0.857209239 134.869316823
0.854935386 -0.040184411 0.517174883 37.980418115 0.047441106 0.998873190 -0.000811977 -4.363208170 -0.516560761 0.025229515 0.855878923 135.305525580
0.853560606 -0.039288151 0.519509581 38.255576119 0.045974598 0.998941865 0.000008784 -4.373561674 -0.518961167 0.023876648 0.854465210 135.732470932
0.853376290 -0.038866923 0.519844240 38.397821136 0.045230965 0.998976051 0.000438850 -4.378649678 -0.519329499 0.023138498 0.854260914 135.947740414
0.852254038 -0.038205846 0.521730981 38.669407378 0.044365181 0.999014685 0.000685937 -4.390335659 -0.521243669 0.022562079 0.853109266 136.383979287
0.851857703 -0.036723225 0.522484752 38.929492421 0.042484173 0.999096076 0.000956074 -4.401140622 -0.522047893 0.021382792 0.852647783 136.794392626
0.851531728 -0.036501696 0.523030599 39.062398375 0.041850776 0.999122523 0.001591453 -4.405886503 -0.522630166 0.020533989 0.852312231 137.006087139
0.850041099 -0.036243626 0.525467270 39.337547589 0.040885041 0.999159622 0.002776969 -4.415590484 -0.525127423 0.019123162 0.850809031 137.433055796
0.849091329 -0.035615474 0.527043275 39.597634661 0.040061636 0.999192485 0.002980320 -4.426545337 -0.526723771 0.018583630 0.849833138 137.843463757
0.848919840 -0.035433694 0.527331954 39.724804149 0.039824044 0.999201535 0.003030403 -4.431894941 -0.527019213 0.018427853 0.849653455 138.042208038
0.848007303 -0.035636825 0.528785305 39.973374741 0.039533808 0.999209796 0.003940649 -4.440839606 -0.528508592 0.017563140 0.848746304 138.426830980
0.847066360 -0.034397717 0.530372874 40.231284802 0.037665533 0.999279377 0.004652897 -4.450156373 -0.530150904 0.016035400 0.847751805 138.815027815
0.846572086 -0.033501933 0.531217216 40.352713900 0.036834825 0.999312049 0.004321285 -4.455819913 -0.530997864 0.015908953 0.847224291 139.000832261
0.845834510 -0.032208682 0.532471723 40.610658447 0.035825250 0.999351418 0.003541283 -4.467684807 -0.532240497 0.016080475 0.846440384 139.388937672
0.846268771 -0.031393407 0.531829922 40.846336200 0.035025823 0.999380992 0.003258102 -4.478948848 -0.531603640 0.015870536 0.846844657 139.779231481
0.846051028 -0.031198625 0.532188414 40.967760160 0.034889840 0.999385593 0.003120911 -4.484232668 -0.531959856 0.015927354 0.846619784 139.965049551
0.845412012 -0.031269951 0.533198819 41.225700379 0.035378818 0.999370545 0.002514349 -4.495777796 -0.532942239 0.016738235 0.845986124 140.353166435
0.844698296 -0.030459702 0.534374806 41.468551949 0.034707395 0.999395383 0.002103419 -4.506615237 -0.534115712 0.016769963 0.845245096 140.724792895
0.844595709 -0.030051169 0.534560148 41.580637793 0.034222784 0.999411239 0.002112230 -4.511626881 -0.534309055 0.016510036 0.845127997 140.907033487
0.844197203 -0.029497445 0.535219194 41.823476111 0.033494476 0.999436083 0.002251152 -4.521485042 -0.534984210 0.016026460 0.844709417 141.278695082
0.843572836 -0.028337680 0.536266815 42.069910533 0.032365149 0.999473667 0.001902849 -4.531809402 -0.536039236 0.015751116 0.844045992 141.640998622
0.843218314 -0.027668445 0.536857304 42.191339902 0.031814429 0.999491720 0.001542191 -4.537492928 -0.536628011 0.015779297 0.843671669 141.826802351
0.842765138 -0.027585089 0.537573575 42.434188904 0.031936952 0.999488893 0.001219599 -4.548140508 -0.537333179 0.016140561 0.843215382 142.198435623
0.842378445 -0.027618381 0.538178106 42.659781577 0.032012459 0.999486225 0.001184773 -4.557131807 -0.537935395 0.016230256 0.842829823 142.531342605
0.842188107 -0.027352317 0.538489221 42.766115672 0.031639567 0.999497702 0.001285389 -4.561618005 -0.538254360 0.015954958 0.842630819 142.700673478
0.841622283 -0.026219467 0.539428857 42.997466856 0.030572359 0.999531478 0.000883809 -4.571634384 -0.539199641 0.015747698 0.842030916 143.046472254
0.840836694 -0.025167422 0.540703922 43.223071972 0.029699073 0.999558858 0.000340672 -4.581545007 -0.540473353 0.015771891 0.841213179 143.379346252
0.840752923 -0.024732123 0.540852163 43.332995545 0.029261997 0.999571454 0.000220727 -4.586007765 -0.540626422 0.015640796 0.841117273 143.539336638
0.840603758 -0.024176890 0.541110971 43.549245504 0.028414839 0.999595174 0.000520295 -4.594387139 -0.540905091 0.014938083 0.840951368 143.868678332
0.840074810 -0.024680622 0.541908389 43.769086699 0.029000192 0.999578595 0.000568138 -4.602872977 -0.541694340 0.015238049 0.840437490 144.188674878
0.839651866 -0.024689293 0.542562663 43.879008650 0.029042981 0.999578099 0.000539731 -4.607215823 -0.542347209 0.015304382 0.840014490 144.348669566
0.838610048 -0.024405003 0.544183956 44.089512540 0.028617190 0.999590223 0.000728410 -4.615489442 -0.543979751 0.014962141 0.838965343 144.665086483
0.837855572 -0.023324159 0.545392742 44.305781974 0.027678660 0.999616929 0.000228221 -4.625307757 -0.545189510 0.014904424 0.838180721 144.994376550
0.837288824 -0.022665301 0.546290572 44.415710956 0.027120269 0.999631260 -0.000092568 -4.630170221 -0.546087442 0.014892978 0.837594872 145.154352595
0.836362896 -0.022213916 0.547726292 44.624059203 0.026763846 0.999640996 -0.000325418 -4.638384593 -0.547522505 0.014931334 0.836657574 145.448501738
0.835844929 -0.022053501 0.548521370 44.828804448 0.026235431 0.999654966 0.000213623 -4.645623141 -0.548338277 0.014212003 0.836136173 145.752027221
0.835480730 -0.022066398 0.549076843 44.932974785 0.026235299 0.999655488 0.000254408 -4.649450533 -0.548893144 0.014192595 0.835772390 145.899111831
0.834725062 -0.022229467 0.550217074 45.137750458 0.026944755 0.999636887 -0.000490881 -4.658937426 -0.550006715 0.015235237 0.835021038 146.202556646
0.833950605 -0.022201717 0.551392220 45.340357640 0.027339448 0.999625129 -0.001099743 -4.667415772 -0.551160808 0.015991807 0.834245825 146.483767747
0.833524461 -0.022075636 0.552041471 45.435193512 0.027173086 0.999629875 -0.001054134 -4.671240790 -0.551813850 0.015879213 0.833816430 146.627265199
0.832447527 -0.022462121 0.553647823 45.628443914 0.027432029 0.999622844 -0.000690028 -4.678067974 -0.553424254 0.015762024 0.832750523 146.904948298
0.832249117 -0.022139820 0.553958940 45.831031622 0.026928661 0.999636440 -0.000504651 -4.685107377 -0.553747392 0.015337319 0.832543209 147.186211026
0.831926894 -0.022214277 0.554439663 45.925862085 0.026845958 0.999638809 -0.000230088 -4.688532689 -0.554235915 0.015075838 0.832223556 147.329722819
0.831865470 -0.022450368 0.554523018 46.119122360 0.027208960 0.999628847 -0.000346364 -4.696089337 -0.554310006 0.015376011 0.832168262 147.607379746
0.831375813 -0.021510850 0.555294122 46.312413739 0.027050564 0.999632346 -0.001776083 -4.705944294 -0.555051454 0.016497539 0.831652188 147.884954212
0.831043108 -0.021146279 0.555804871 46.401509628 0.026877516 0.999635964 -0.002154975 -4.710113227 -0.555557366 0.016729457 0.831309725 148.015510753
