1.000000000 0.000000000 0.000000000 -0.000000000 0.000000000 1.000000000 0.000000000 0.000000000 -0.000000000 -0.000000000 1.000000000 0.000000000
1.000000526 0.000029369 0.000152132 -0.001608778 -0.000029342 0.999999877 -0.000616829 -0.000462215 -0.000152509 0.000616761 0.999999665 0.036031367
1.000000066 -0.000026053 0.000222465 0.000166955 0.000026178 0.999998988 -0.000870888 -0.000474530 -0.000223932 0.000870904 0.999999631 0.058325381
0.999999450 -0.000274527 0.000425284 0.000320100 0.000275085 0.999998472 -0.001322636 -0.000269294 -0.000425860 0.001322697 0.999998989 0.116639426
0.999998791 -0.000693071 0.000825324 0.005641207 0.000694575 0.999997311 -0.001882318 -0.000006340 -0.000824289 0.001882954 0.999998142 0.183516467
0.999998621 -0.000866930 0.001101076 0.009186174 0.000869331 0.999996804 -0.002183340 0.000288921 -0.001100276 0.002184356 0.999997037 0.228099160
0.999997706 -0.001103323 0.001744503 0.007718761 0.001108295 0.999995014 -0.002903068 0.000611740 -0.001742164 0.002904954 0.999994176 0.322434905
0.999996600 -0.001409640 0.002182140 0.008023832 0.001417914 0.999991392 -0.003777747 0.001082190 -0.002178033 0.003780877 0.999990275 0.439061996
0.999995723 -0.001619568 0.002257348 0.008178195 0.001629146 0.999989384 -0.004272521 0.001227446 -0.002251374 0.004276166 0.999988424 0.497377041
0.999995162 -0.001815850 0.002619097 0.018808020 0.001829013 0.999985387 -0.005050712 0.002363143 -0.002610796 0.005055459 0.999984289 0.631120954
0.999992835 -0.001729285 0.003395217 0.014067809 0.001747511 0.999983473 -0.005369235 0.004480592 -0.003386256 0.005375143 0.999979723 0.797474092
0.999992360 -0.001640149 0.003595123 0.021137840 0.001659510 0.999983904 -0.005406494 0.006050776 -0.003587867 0.005412362 0.999979360 0.886623143
0.999994943 -0.001436798 0.002902462 0.023348027 0.001455154 0.999978384 -0.006329147 0.007883743 -0.002894246 0.006333319 0.999975326 1.083838790
0.999997598 -0.000788510 0.002165489 0.022161922 0.000804228 0.999973405 -0.007282918 0.009846608 -0.002159711 0.007284553 0.999970889 1.294782122
0.999997071 -0.000977160 0.002212362 0.022438356 0.000993315 0.999972184 -0.007318984 0.011726572 -0.002205753 0.007321179 0.999970523 1.411385710
0.999997076 -0.001552738 0.001905171 0.019609150 0.001567608 0.999968138 -0.007836851 0.014916638 -0.001894094 0.007839805 0.999967559 1.658332238
0.999998419 -0.001396583 0.000909117 0.023768321 0.001405716 0.999947874 -0.010092466 0.015952868 -0.000896042 0.010093777 0.999949140 1.936172447
0.999998793 -0.001316759 0.000272698 0.025853796 0.001319826 0.999934206 -0.011396176 0.016181084 -0.000258256 0.011396509 0.999935052 2.075097386
0.999994363 -0.003270571 -0.000344638 0.018043080 0.003265759 0.999906303 -0.013244630 0.017879234 0.000386729 0.013243463 0.999912361 2.371822303
0.999985390 -0.005368794 -0.000813244 0.025679181 0.005357110 0.999890844 -0.013737630 0.022559568 0.000885385 0.013732992 0.999905588 2.694189363
0.999982848 -0.005809054 -0.001221391 0.024325918 0.005791632 0.999888509 -0.013776857 0.025006959 0.001300757 0.013769456 0.999904119 2.846807148
0.999976902 -0.006385394 -0.002321862 0.023402437 0.006351448 0.999876222 -0.014349771 0.029529553 0.002413170 0.014334693 0.999894170 3.174342733
0.999968222 -0.007066337 -0.003666850 0.031097639 0.007004346 0.999836659 -0.016657351 0.031300893 0.003783890 0.016631147 0.999854116 3.496758301
0.999971499 -0.006067538 -0.004488816 0.026387080 0.005986206 0.999821013 -0.017922794 0.031958846 0.004596433 0.017895421 0.999829363 3.663135776
0.999971841 -0.004485836 -0.005960035 0.022101225 0.004368319 0.999798760 -0.019579592 0.034941915 0.006046100 0.019552981 0.999790559 4.004426884
0.999937485 -0.008728233 -0.006950929 0.022955711 0.008584696 0.999754075 -0.020423286 0.039342233 0.007127105 0.020362374 0.999767898 4.354258316
0.999922287 -0.010161034 -0.007185246 0.028500447 0.010019595 0.999760507 -0.019447819 0.044084251 0.007379812 0.019374334 0.999785243 4.537695603
0.999899021 -0.012269418 -0.007188195 0.032760780 0.012149889 0.999790360 -0.016443544 0.055627463 0.007387122 0.016354594 0.999839124 4.931995544
0.999876812 -0.013703806 -0.007633587 0.033658536 0.013592021 0.999802523 -0.014497874 0.065641147 0.007829601 0.014392326 0.999865783 5.340050841
0.999861795 -0.014518786 -0.008115911 0.032418408 0.014405741 0.999800337 -0.013813234 0.070263094 0.008313960 0.013694437 0.999871767 5.550949833
0.999839437 -0.015825158 -0.008444584 0.038467473 0.015727639 0.999809824 -0.011490456 0.081154213 0.008624490 0.011355711 0.999898877 5.967554456
0.999800536 -0.018394647 -0.007794255 0.035966500 0.018320508 0.999786870 -0.009475119 0.091417754 0.007965453 0.009330415 0.999924874 6.389335437
0.999750781 -0.021030723 -0.007488178 0.043317231 0.020957971 0.999733220 -0.009664156 0.094657973 0.007687850 0.009504749 0.999925598 6.595091576
0.999587892 -0.027601799 -0.007890219 0.054731261 0.027494836 0.999532133 -0.013352854 0.095910161 0.008254719 0.013130470 0.999880001 7.020420885
0.999384235 -0.034083396 -0.008310164 0.067895840 0.033942038 0.999285360 -0.016599274 0.098389607 0.008868638 0.016307028 0.999827737 7.468023539
0.999333527 -0.035686398 -0.007680910 0.068456223 0.035552516 0.999224187 -0.016915606 0.101779660 0.008277857 0.016631244 0.999827598 7.701236881
0.999301599 -0.036955916 -0.005496087 0.079890167 0.036857353 0.999174914 -0.017057282 0.109794818 0.006120307 0.016842829 0.999839563 8.184770886
0.999210025 -0.039264214 -0.006085823 0.072494610 0.039141877 0.999051720 -0.019059510 0.114287921 0.006827929 0.018806281 0.999799997 8.656401601
0.999149530 -0.040788023 -0.006073068 0.078211582 0.040664915 0.998988473 -0.019172825 0.118295500 0.006848399 0.018909645 0.999797917 8.898168603
0.998930786 -0.045896338 -0.005529098 0.091350581 0.045792955 0.998796529 -0.017553973 0.129777141 0.006327319 0.017282094 0.999830623 9.403938612
0.998430398 -0.055826236 -0.004401914 0.111986754 0.055746319 0.998307169 -0.016562462 0.145034122 0.005319014 0.016291101 0.999853235 10.173773305
0.998135243 -0.060881247 -0.004370691 0.126983537 0.060794718 0.997991735 -0.017750082 0.152464845 0.005442142 0.017451341 0.999832542 10.701904672
0.997988125 -0.063286910 -0.003840210 0.133326705 0.063217573 0.997870171 -0.016066814 0.164366227 0.004848639 0.015791777 0.999863346 11.235127385
0.997914987 -0.064456992 -0.003372355 0.140759091 0.064401189 0.997816021 -0.014637630 0.171330466 0.004308274 0.014389932 0.999886711 11.499138893
0.997837953 -0.065672124 -0.002461918 0.148834529 0.065638477 0.997772208 -0.011870416 0.185358795 0.003235985 0.011683208 0.999926793 12.054619947
0.997733042 -0.067289523 -0.000865027 0.167263562 0.067277713 0.997684827 -0.009873988 0.198632861 0.001526350 0.009793414 0.999951216 12.627241492
0.997666056 -0.068280583 -0.000168415 0.176487522 0.068276084 0.997623759 -0.009171284 0.204805055 0.000793703 0.009138374 0.999958061 12.913560017
0.997491490 -0.070775428 0.001392314 0.186387843 0.070784448 0.997458310 -0.008177118 0.216401906 -0.000811436 0.008255158 0.999965540 13.491375424
0.997243157 -0.074152864 0.002836853 0.210046173 0.074173894 0.997211212 -0.008222251 0.226714733 -0.002219991 0.008409992 0.999962201 14.072610306
0.997191676 -0.074813063 0.003532590 0.224434440 0.074837814 0.997166853 -0.007510616 0.233124583 -0.002961661 0.007753977 0.999965811 14.367488824
0.997175393 -0.074987642 0.004277108 0.236047941 0.075008050 0.997170819 -0.004837852 0.247788056 -0.003903043 0.005145054 0.999979048 14.967546904
0.997177835 -0.074822616 0.006126870 0.249443065 0.074839447 0.997191586 -0.002558511 0.262149314 -0.005918370 0.003009842 0.999978246 15.589903831
0.997213856 -0.074309698 0.006524843 0.257045655 0.074324421 0.997231893 -0.002043175 0.268479078 -0.006355116 0.002522478 0.999976751 15.912243387
0.997208586 -0.074272553 0.007630808 0.275630473 0.074278843 0.997237198 -0.000550298 0.281828425 -0.007570268 0.001115659 0.999970788 16.543181145
0.997153074 -0.075104186 0.006640044 0.298396202 0.075091909 0.997174549 0.002072676 0.302887002 -0.006777576 -0.001568137 0.999976259 17.510165308
0.997262055 -0.073578672 0.007381908 0.315340762 0.073551103 0.997283364 0.003933906 0.317323598 -0.007652734 -0.003380191 0.999965510 18.177108596
0.997348692 -0.072351050 0.007760979 0.332291617 0.072308716 0.997366060 0.005591885 0.331450300 -0.008145702 -0.005015861 0.999954041 18.844057052
0.997389370 -0.071773639 0.007960179 0.341648210 0.071722907 0.997403100 0.006485523 0.338837381 -0.008405635 -0.005897653 0.999947032 19.188672786
0.997485926 -0.070494818 0.007219488 0.355178809 0.070430543 0.997477657 0.008794378 0.354273574 -0.007822513 -0.008263755 0.999935725 19.869329256
0.997534934 -0.069914819 0.005950223 0.365326318 0.069848765 0.997500890 0.010658613 0.369189890 -0.006681019 -0.010216707 0.999925554 20.563724247
0.997627175 -0.068635948 0.005345949 0.379844374 0.068570151 0.997577784 0.011637178 0.376954578 -0.006131906 -0.011242927 0.999918334 20.916897641
0.997788785 -0.066415043 0.002596538 0.386598842 0.066374541 0.997704088 0.013415343 0.391840849 -0.003482417 -0.013213326 0.999906405 21.625022984
0.998073413 -0.062025289 -0.001474059 0.376267453 0.062039919 0.997973152 0.014180061 0.404772204 0.000590518 -0.014244165 0.999898417 22.343512714
0.998154060 -0.060626889 -0.003525721 0.377088429 0.060671342 0.998055474 0.014303047 0.410821952 0.002651594 -0.014490534 0.999891939 22.693316641
0.998356316 -0.056994527 -0.005992498 0.371891898 0.057083489 0.998242358 0.015911515 0.425440463 0.005073847 -0.016227391 0.999855766 23.420342194
0.998574375 -0.052708545 -0.008436473 0.366650280 0.052859639 0.998424135 0.018827739 0.442278207 0.007430199 -0.019246879 0.999786693 24.147330741
0.998692561 -0.050178825 -0.009821022 0.360640085 0.050367897 0.998529136 0.020063079 0.450487095 0.008799006 -0.020531455 0.999750948 24.524558367
0.998884000 -0.045651951 -0.012145355 0.362375877 0.045906903 0.998711197 0.021614282 0.465710816 0.011142063 -0.022147651 0.999692413 25.282431594
0.999043890 -0.041287458 -0.014372016 0.350481204 0.041576101 0.998926368 0.020402411 0.475940730 0.013514405 -0.020980456 0.999688773 26.036990029
0.999130956 -0.038727342 -0.015411349 0.344549404 0.039022664 0.999050910 0.019345753 0.480290952 0.014646758 -0.019930384 0.999694488 26.414281999
0.999215599 -0.035729766 -0.017093620 0.329226351 0.036053466 0.999168933 0.019022940 0.492230219 0.016398922 -0.019624308 0.999673153 27.182541782
0.999365427 -0.030395510 -0.018589873 0.318942497 0.030808075 0.999275972 0.022325292 0.510565013 0.017897236 -0.022883858 0.999578405 27.959258876
0.999444299 -0.027060096 -0.019466510 0.309525653 0.027520826 0.999337686 0.023804022 0.519413624 0.018808094 -0.024326495 0.999527101 28.350205686
0.999575700 -0.021303754 -0.019878182 0.299293589 0.021809485 0.999434654 0.025582020 0.535199299 0.019321639 -0.026004694 0.999475183 29.126965287
0.999575438 -0.018747681 -0.022305931 0.289237609 0.019243337 0.999567716 0.022219210 0.542317970 0.021878567 -0.022639019 0.999504386 29.903869411
0.999594418 -0.017330260 -0.022586994 0.279989741 0.017756001 0.999665168 0.018788261 0.542849455 0.022252444 -0.019181697 0.999568771 30.294954909
0.999628841 -0.012789746 -0.024065170 0.261491772 0.013079672 0.999843157 0.011929786 0.544022385 0.023907891 -0.012240138 0.999639098 31.077124072
0.999636121 -0.010401170 -0.024880603 0.242847167 0.010636549 0.999899543 0.009347981 0.552412822 0.024780274 -0.009609225 0.999647320 31.859172883
0.999625613 -0.009925416 -0.025490979 0.238629157 0.010178339 0.999899537 0.009813458 0.559799675 0.025389836 -0.010069263 0.999627082 32.258708025
0.999612102 -0.008114424 -0.026657783 0.221589075 0.008436220 0.999892755 0.011982280 0.576604885 0.026557057 -0.012202540 0.999573155 33.062910328
0.999607843 -0.005417568 -0.027462340 0.201229879 0.005745365 0.999912482 0.011872465 0.589741306 0.027394503 -0.012025637 0.999552362 33.880903659
0.999604971 -0.004670595 -0.027716960 0.193652947 0.004983291 0.999924789 0.011224131 0.595418694 0.027661279 -0.011357808 0.999552998 34.294197157
0.999576861 -0.004453463 -0.028737575 0.183685527 0.004721944 0.999945571 0.009284419 0.605921502 0.028693997 -0.009416233 0.999543763 35.129362319
0.999540341 -0.004090823 -0.030055429 0.173707546 0.004322402 0.999961346 0.007645783 0.616944130 0.030022007 -0.007772230 0.999519387 35.964518812
0.999512099 -0.003675656 -0.031019708 0.162710561 0.003915125 0.999962638 0.007662929 0.623921012 0.030990099 -0.007780675 0.999489644 36.391520492
0.999497377 -0.003011912 -0.031543363 0.144105773 0.003264598 0.999962427 0.007963085 0.638094756 0.031517812 -0.008062058 0.999470937 37.231790334
0.999494903 -0.003361549 -0.031610022 0.130676056 0.003615132 0.999961057 0.007967960 0.651976339 0.031581594 -0.008078191 0.999468955 38.080629005
0.999482007 -0.003690311 -0.031983022 0.116294559 0.003936868 0.999962499 0.007649199 0.658503320 0.031952737 -0.007771129 0.999459042 38.521368039
0.999505786 -0.004876415 -0.031045679 0.109841846 0.005075777 0.999966570 0.006347353 0.670790874 0.031012899 -0.006501809 0.999497812 39.401091056
0.999504203 -0.006629378 -0.030789530 0.103345060 0.006827598 0.999956250 0.006337628 0.685247678 0.030745876 -0.006544678 0.999505947 40.280777901
0.999492496 -0.007419411 -0.030974798 0.088948534 0.007623402 0.999949522 0.006472651 0.692514403 0.030923844 -0.006705489 0.999499323 40.721504599
0.999492114 -0.008318498 -0.030758535 0.087609150 0.008526383 0.999941098 0.006636163 0.707548746 0.030700515 -0.006895087 0.999504312 41.609745771
0.999491876 -0.008875983 -0.030611689 0.069151211 0.009084945 0.999936524 0.006695348 0.722237619 0.030548983 -0.006970083 0.999508636 42.508324491
0.999512266 -0.009170806 -0.029864241 0.068492994 0.009367402 0.999934600 0.006449664 0.729189986 0.029801859 -0.006726273 0.999533279 42.952454495
0.999536934 -0.008863932 -0.029120562 0.058565594 0.009083109 0.999931180 0.007404117 0.745466105 0.029052197 -0.007665180 0.999548838 43.845840853
0.999507084 -0.009970051 -0.029784501 0.040100547 0.010202469 0.999918794 0.007660071 0.760504856 0.029704889 -0.007960141 0.999527257 44.744413739
0.999493122 -0.010493142 -0.030051438 0.030877670 0.010723272 0.999914394 0.007508203 0.767549396 0.029969278 -0.007826681 0.999519792 45.193708100
0.999540147 -0.010485745 -0.028441132 0.021013433 0.010678329 0.999920485 0.006629814 0.780716589 0.028368579 -0.006930484 0.999573734 46.087146300
0.999584183 -0.008865566 -0.027442368 0.009457148 0.009075878 0.999929957 0.007550565 0.797520151 0.027373167 -0.007796521 0.999595259 47.016547523
0.999588580 -0.008025781 -0.027550929 0.000214978 0.008247636 0.999933783 0.007946395 0.805514363 0.027484432 -0.008170324 0.999588553 47.465826048
0.999582683 -0.008354997 -0.027644675 -0.016492412 0.008592386 0.999926982 0.008482921 0.821430493 0.027571475 -0.008716971 0.999581688 48.386678112
0.999551584 -0.007669927 -0.028943085 -0.024558575 0.007864871 0.999946947 0.006629960 0.833485752 0.028889348 -0.006854636 0.999558793 49.302428662
0.999560745 -0.006873989 -0.028837397 -0.032012015 0.007061328 0.999954328 0.006401017 0.840827870 0.028790245 -0.006601843 0.999563573 49.774011869
0.999545422 -0.006576485 -0.029403760 -0.052108384 0.006775783 0.999954727 0.006684170 0.856514023 0.029357995 -0.006880405 0.999545423 50.708597619
0.999485226 -0.007078900 -0.031288786 -0.063702241 0.007353574 0.999934870 0.008673218 0.875166946 0.031224594 -0.008898851 0.999473212 51.637968004
0.999454178 -0.007210567 -0.032246770 -0.084901707 0.007505892 0.999930762 0.009047636 0.883203291 0.032178189 -0.009284728 0.999438680 52.106141571
0.999385024 -0.006691522 -0.034408948 -0.104950551 0.006967363 0.999944396 0.007904804 0.896550252 0.034353523 -0.008139703 0.999376617 53.040766327
0.999333637 -0.006643324 -0.035887677 -0.130085105 0.006808317 0.999966385 0.004478673 0.905790894 0.035856445 -0.004720049 0.999345636 53.966895599
0.999317129 -0.007180242 -0.036245401 -0.137485130 0.007282375 0.999969990 0.002687694 0.910503921 0.036224191 -0.002949826 0.999339896 54.438522647
0.999255563 -0.007440108 -0.037857771 -0.157549816 0.007522157 0.999969394 0.002025746 0.924630613 0.037840877 -0.002309027 0.999281529 55.373134401
0.999207492 -0.007784811 -0.039041165 -0.177706302 0.007950167 0.999959710 0.004082349 0.943275743 0.039007050 -0.004389503 0.999229174 56.307670809
0.999159036 -0.007800809 -0.040269227 -0.190375634 0.008023205 0.999952833 0.005363643 0.952919328 0.040224614 -0.005682249 0.999174796 56.770651682
0.999075225 -0.008694917 -0.042112615 -0.222457123 0.008973802 0.999938844 0.006439649 0.970017142 0.042052617 -0.006811625 0.999092199 57.724109637
0.998991730 -0.008421794 -0.044089953 -0.245926427 0.008694177 0.999943772 0.005991627 0.984683590 0.044036351 -0.006368935 0.999009504 58.672442242
0.998952196 -0.008128257 -0.045046477 -0.261952446 0.008410934 0.999946177 0.006089854 0.992507747 0.044993649 -0.006462332 0.998966895 59.149183305
0.998921406 -0.008258268 -0.045689639 -0.294025811 0.008584255 0.999939097 0.006943712 1.009205698 0.045628717 -0.007328453 0.998931835 60.102647928
0.998880330 -0.008083835 -0.046602198 -0.329495872 0.008454995 0.999933773 0.007774820 1.026053541 0.046535760 -0.008160184 0.998883555 61.069839902
0.998857585 -0.008023693 -0.047121412 -0.340356164 0.008402163 0.999933913 0.007838149 1.034045379 0.047054525 -0.008225093 0.998858507 61.555142127
0.998862776 -0.009708239 -0.046666343 -0.367226024 0.010072573 0.999920764 0.007579570 1.049051653 0.046588337 -0.008041043 0.998882340 62.517198916
0.998768724 -0.009822588 -0.048628754 -0.406057850 0.010192532 0.999920566 0.007366966 1.064329982 0.048551693 -0.007853591 0.998789670 63.498146913
0.998735131 -0.009498450 -0.049369767 -0.411764802 0.009891989 0.999921177 0.007733322 1.073099289 0.049292117 -0.008211897 0.998750644 63.992000130
0.998631219 -0.010159095 -0.051302617 -0.452387391 0.010594360 0.999909763 0.008219082 1.089129676 0.051214196 -0.008751339 0.998649141 64.950641779
0.998557623 -0.010863534 -0.052588028 -0.491238917 0.011331261 0.999898180 0.008604145 1.105377669 0.052488469 -0.009187601 0.998579355 65.931573607
0.998506828 -0.010636836 -0.053582878 -0.514058331 0.011117858 0.999900406 0.008687557 1.113501609 0.053484419 -0.009270341 0.998525248 66.435769373
0.998423420 -0.009504761 -0.055321191 -0.561462941 0.010007005 0.999911087 0.008809461 1.129271973 0.055231630 -0.009349175 0.998430229 67.421875060
0.998344827 -0.009066799 -0.056785889 -0.617406620 0.009553125 0.999919692 0.008298093 1.143874945 0.056705757 -0.008826830 0.998352015 68.413166107
0.998356548 -0.008960247 -0.056594622 -0.640219738 0.009440464 0.999921238 0.008223198 1.151688992 0.056516193 -0.008743958 0.998363794 68.917367041
0.998253842 -0.008643307 -0.058443707 -0.685854910 0.009143130 0.999923563 0.008290800 1.167756935 0.058367167 -0.008810698 0.998256565 69.925761574
0.998239291 -0.008329486 -0.058727083 -0.728076325 0.008807845 0.999929873 0.007891308 1.182835276 0.058656679 -0.008394706 0.998242817 70.920442757
0.998214974 -0.008439123 -0.059114557 -0.750875430 0.008891694 0.999932740 0.007396833 1.189959561 0.059047436 -0.007909244 0.998223356 71.424655193
0.998194763 -0.008129481 -0.059504147 -0.799867695 0.008520547 0.999943231 0.006321843 1.204228069 0.059448880 -0.006817473 0.998207947 72.446809583
0.998167817 -0.008914397 -0.059848379 -0.840373697 0.009377262 0.999928470 0.007458569 1.222263070 0.059776805 -0.008006159 0.998179459 73.463735272
0.998099112 -0.009413628 -0.060905929 -0.868381789 0.009935481 0.999916070 0.008271983 1.231348939 0.060821984 -0.008861415 0.998109347 73.959351041
0.998059763 -0.009011506 -0.061601462 -0.912298501 0.009632186 0.999905253 0.009785688 1.250223593 0.061506380 -0.010360034 0.998052914 74.989992580
0.998050112 -0.009865490 -0.061635298 -0.966497723 0.010500688 0.999894603 0.009990392 1.266353719 0.061530300 -0.010618134 0.998048712 76.003551970
0.998048969 -0.010471677 -0.061559660 -0.989306982 0.011096324 0.999889628 0.009813941 1.273977832 0.061449503 -0.010477869 0.998054915 76.507756071
0.998110420 -0.009767204 -0.060668317 -1.040090010 0.010359444 0.999901806 0.009455305 1.288998398 0.060569247 -0.010065943 0.998112840 77.507604112
0.998192796 -0.009087833 -0.059404804 -1.077164382 0.009673797 0.999907344 0.009584254 1.305164101 0.059310390 -0.010141613 0.998187975 78.510831121
0.998222031 -0.009234908 -0.058879822 -1.099991920 0.009836622 0.999902371 0.009939128 1.313687903 0.058781022 -0.010500646 0.998216136 79.015020219
0.998268619 -0.008392140 -0.058219516 -1.142239737 0.009008267 0.999905897 0.010329474 1.330065795 0.058126168 -0.010836052 0.998250416 80.009679733
0.998339403 -0.005797083 -0.057305998 -1.193069681 0.006455559 0.999914820 0.011311836 1.347395563 0.057234404 -0.011662981 0.998292380 81.009489267
0.998352382 -0.005207674 -0.057142629 -1.219296759 0.005887285 0.999913352 0.011732201 1.356209208 0.057075956 -0.012049251 0.998297315 81.527403384
0.998411312 -0.003249698 -0.056251269 -1.264973769 0.003989472 0.999907120 0.013045045 1.374336439 0.056202770 -0.013248768 0.998331404 82.535763578
0.998440483 -0.002125616 -0.055782033 -1.314041790 0.002921169 0.999895001 0.014184453 1.392333658 0.055745276 -0.014325294 0.998342459 83.557855791
0.998507001 -0.001343308 -0.054606727 -1.336870343 0.002141835 0.999891272 0.014566974 1.400907442 0.054580474 -0.014662217 0.998401556 84.062044056
0.998582862 -0.000400930 -0.053226091 -1.368820824 0.001246863 0.999873663 0.015862687 1.419300114 0.053212443 -0.015906538 0.998456388 85.073797888
0.998700442 0.000135707 -0.050965258 -1.405929113 0.000731728 0.999855060 0.017000901 1.437135241 0.050960106 -0.017016098 0.998556031 86.076997059
0.998705323 0.000341691 -0.050857282 -1.428764977 0.000553111 0.999844748 0.017580154 1.446068901 0.050854851 -0.017585534 0.998551235 86.581179323
0.998695237 -0.000145246 -0.051055376 -1.471003656 0.001050431 0.999842374 0.017703984 1.461996948 0.051043981 -0.017734522 0.998538654 87.575846338
0.998795747 -0.000698932 -0.049058247 -1.499494683 0.001545503 0.999850763 0.017221601 1.477150797 0.049037907 -0.017276719 0.998648011 88.573924326
0.998809337 -0.001201591 -0.048765340 -1.513738064 0.002028241 0.999854417 0.016906264 1.484622757 0.048737698 -0.016985069 0.998667344 89.072965070
0.998860705 -0.000700927 -0.047717285 -1.552590606 0.001530577 0.999847562 0.017353008 1.500920733 0.047697722 -0.017406255 0.998710230 90.053896065
0.998833540 -0.000525630 -0.048280476 -1.586293870 0.001405691 0.999833179 0.018195709 1.518196110 0.048262127 -0.018242380 0.998668135 91.043374719
0.998867979 -0.000251691 -0.047567650 -1.609121611 0.001135694 0.999826923 0.018558357 1.526729908 0.047554054 -0.018591371 0.998696066 91.547563651
0.998877205 0.000837302 -0.047366514 -1.642805988 0.000055690 0.999822034 0.018850159 1.543075606 0.047372955 -0.018831641 0.998699459 92.537057807
0.998835515 0.001690785 -0.048221535 -1.683291477 -0.000758816 0.999812893 0.019338924 1.560100956 0.048244118 -0.019279865 0.998649736 93.554000332
0.998792318 0.002696882 -0.049055232 -1.711286977 -0.001729686 0.999803314 0.019749023 1.568567040 0.049098518 -0.019640330 0.998601107 94.049626436
0.998838310 0.003709685 -0.048054249 -1.743197042 -0.002758151 0.999798935 0.019852788 1.584970399 0.048118030 -0.019697182 0.998647266 95.061413439
0.998856613 0.004481772 -0.047590772 -1.776837956 -0.003585800 0.999815213 0.018894089 1.599176836 0.047665971 -0.018701843 0.998688619 96.050943268
0.998856766 0.005602576 -0.047470526 -1.799644778 -0.004723663 0.999815635 0.018607788 1.606680991 0.047565619 -0.018362358 0.998699127 96.555149369
0.998849586 0.007229452 -0.047409081 -1.829928598 -0.006345296 0.999803164 0.018775246 1.622686863 0.047533922 -0.018452812 0.998699269 97.530919341
0.998800828 0.007548286 -0.048371742 -1.868786421 -0.006619860 0.999790791 0.019326700 1.639244749 0.048507048 -0.018983364 0.998642576 98.511846002
0.998741486 0.008279424 -0.049472633 -1.891606647 -0.007326628 0.999784950 0.019411494 1.647408676 0.049621729 -0.019024630 0.998586981 99.016041102
0.998697581 0.011177429 -0.049773299 -1.930493512 -0.010154947 0.999732909 0.020749710 1.665396068 0.049990565 -0.020217262 0.998545072 99.996943925
0.998617100 0.013866569 -0.050710988 -1.974591803 -0.012690632 0.999644060 0.023438845 1.685465003 0.051017873 -0.022762875 0.998438336 100.969248082
0.998598728 0.013897933 -0.051054187 -1.994042141 -0.012667879 0.999623799 0.024337071 1.694798582 0.051372932 -0.023656228 0.998399768 101.459693826
0.998548160 0.014399507 -0.051904931 -2.032888590 -0.013138462 0.999611949 0.024555699 1.710796661 0.052237163 -0.023838153 0.998350608 102.440629822
0.998451178 0.017547043 -0.052800533 -2.073506507 -0.016254861 0.999559713 0.024803487 1.726597128 0.053211787 -0.023906762 0.998297291 103.399275304
0.998420573 0.018202981 -0.053143198 -2.098128666 -0.016844307 0.999522351 0.025902872 1.736062923 0.053588433 -0.024966840 0.998251413 103.881154887
0.998276339 0.019060482 -0.055507284 -2.145732117 -0.017539271 0.999460114 0.027765915 1.753877274 0.056006349 -0.026744424 0.998072322 104.808909022
0.998237251 0.019755361 -0.055961780 -2.191470269 -0.018275236 0.999472473 0.026840058 1.767270834 0.056461278 -0.025770046 0.998071897 105.759030683
0.998232579 0.019939064 -0.055979300 -2.217773519 -0.018535862 0.999503177 0.025475053 1.772090553 0.056458787 -0.024392480 0.998106772 106.218693930
0.998146653 0.021477412 -0.056942917 -2.268639623 -0.020168767 0.999520884 0.023457320 1.783457075 0.057418868 -0.022265403 0.998101622 107.160285434
0.998067104 0.021512895 -0.058312959 -2.311022713 -0.020157042 0.999514348 0.023741881 1.798750036 0.058794817 -0.022520621 0.998015707 108.096645571
0.998065172 0.021449914 -0.058360590 -2.332221163 -0.020071678 0.999508016 0.024101537 1.806736399 0.058847252 -0.022883618 0.998004830 108.564819972
0.997998839 0.020634835 -0.059761228 -2.374578866 -0.019248123 0.999534017 0.023688601 1.820779791 0.060222116 -0.022490885 0.997931852 109.501200945
0.997965286 0.021013822 -0.060192213 -2.408341648 -0.019704514 0.999558032 0.022263921 1.833241525 0.060632906 -0.021032571 0.997938683 110.432442399
0.997950673 0.021239944 -0.060358018 -2.438085260 -0.019934501 0.999555816 0.022149546 1.840360393 0.060800248 -0.020901046 0.997931039 110.905797159
0.997881994 0.020096493 -0.061871097 -2.483876623 -0.018716046 0.999563868 0.022810853 1.856373048 0.062301787 -0.021604575 0.997823552 111.855875146
0.997805279 0.021275610 -0.062703332 -2.529711246 -0.019762857 0.999500605 0.024648803 1.874514967 0.063196128 -0.023355594 0.997728057 112.805917628
0.997762985 0.021571127 -0.063273100 -2.554318985 -0.020001169 0.999478551 0.025340606 1.883271007 0.063785793 -0.024018413 0.997674437 113.287809045
0.997660790 0.020225183 -0.065290992 -2.608662010 -0.018578859 0.999495976 0.025726249 1.898736056 0.065777130 -0.024453084 0.997534844 114.243062058
0.997586586 0.021070421 -0.066157629 -2.659560813 -0.019474036 0.999505772 0.024683510 1.911712023 0.066643372 -0.023335694 0.997503727 115.184626724
0.997561386 0.021624214 -0.066364842 -2.689278835 -0.020082367 0.999514251 0.023812939 1.917571326 0.066846740 -0.022422119 0.997511399 115.658002488
0.997480597 0.022010938 -0.067440143 -2.759030698 -0.020587246 0.999551641 0.021734139 1.928184837 0.067886742 -0.020291041 0.997486608 116.587644528
0.997462135 0.022546866 -0.067535971 -2.809931329 -0.021188079 0.999559302 0.020768442 1.941250772 0.067973675 -0.019284770 0.997501097 117.529207694
0.997452600 0.022888454 -0.067560384 -2.839667630 -0.021552191 0.999558092 0.020441755 1.948009764 0.067998140 -0.018933676 0.997505417 118.002568455
0.997373645 0.022238946 -0.068923779 -2.907681535 -0.020958805 0.999594706 0.019241358 1.960470319 0.069323024 -0.017746263 0.997436257 118.954473504
0.997393774 0.023096210 -0.068351262 -2.958578713 -0.021902101 0.999594808 0.018169347 1.973366312 0.068742365 -0.016624983 0.997495714 119.896039505
0.997385492 0.024184379 -0.068099043 -2.988318061 -0.023014748 0.999574437 0.017906944 1.980275253 0.068502678 -0.016292894 0.997518203 120.369397765
0.997354498 0.025295430 -0.068147633 -3.047841437 -0.024072217 0.999534857 0.018710606 1.996292373 0.068588187 -0.017020687 0.997499733 121.316077614
0.997250060 0.027919787 -0.068651247 -3.098837929 -0.026575410 0.999437827 0.020418753 2.014076678 0.069181569 -0.018538175 0.997431705 122.257562102
0.997209073 0.028976274 -0.068805663 -3.128619927 -0.027564422 0.999391489 0.021381041 2.023084892 0.069383278 -0.019424798 0.997401226 122.730885357
0.997187136 0.030538201 -0.068449778 -3.188185750 -0.028997225 0.999305190 0.023394610 2.041191291 0.069115530 -0.021343947 0.997380606 123.677530367
0.997136333 0.033462164 -0.067825394 -3.239196662 -0.031794649 0.999168124 0.025517377 2.059685350 0.068621962 -0.023287879 0.997371249 124.619003019
0.997238211 0.034227352 -0.065905229 -3.260406688 -0.032560051 0.999125940 0.026208550 2.068241516 0.066743823 -0.023990353 0.997481402 125.087167919
0.997306299 0.033819504 -0.065090193 -3.309552911 -0.032206066 0.999150583 0.025680754 2.082344774 0.065902768 -0.023515336 0.997549367 126.051007596
0.997361006 0.032772851 -0.064779688 -3.350111930 -0.031248375 0.999213275 0.024408521 2.095246243 0.065527798 -0.022319926 0.997600956 127.009701420
0.997372237 0.032705758 -0.064649315 -3.374670114 -0.031230497 0.999230593 0.023700847 2.101563126 0.065374474 -0.021619540 0.997626891 127.491633510
0.997492857 0.030825464 -0.063705789 -3.420426342 -0.029383944 0.999293211 0.023443153 2.115846378 0.064382609 -0.021512465 0.997693638 128.441740335
0.997566269 0.030148838 -0.062863579 -3.459270151 -0.028709889 0.999307541 0.023670774 2.131714503 0.063532587 -0.021808427 0.997742046 129.422678498
0.997565057 0.030660279 -0.062642373 -3.487259964 -0.029210055 0.999285900 0.023937688 2.139900683 0.063330495 -0.022049644 0.997749239 129.918309269
0.997569892 0.030796965 -0.062504795 -3.534655028 -0.029356903 0.999284569 0.023828823 2.155201209 0.063192805 -0.021936036 0.997760511 130.904422790
0.997538416 0.031055355 -0.062867729 -3.582039531 -0.029635415 0.999286531 0.023393931 2.169981915 0.063548130 -0.021473274 0.997747886 131.890544980
0.997545473 0.031417391 -0.062575282 -3.610000099 -0.030040528 0.999287641 0.022823732 2.176728593 0.063247176 -0.020887967 0.997779544 132.386199755
0.997601749 0.031367373 -0.061693365 -3.657364699 -0.030069392 0.999308261 0.021857905 2.190529637 0.062335538 -0.019950426 0.997856049 133.372338280
0.997691569 0.031046603 -0.060397967 -3.704756919 -0.029783030 0.999320247 0.021709590 2.205690212 0.061030049 -0.019860643 0.997938662 134.358454135
0.997688467 0.031105834 -0.060419039 -3.724183089 -0.029829227 0.999314023 0.021918991 2.213834201 0.061058959 -0.020066060 0.997932466 134.848919716
0.997663318 0.032604043 -0.060041241 -3.771616944 -0.031279437 0.999248859 0.022871508 2.231044068 0.060741082 -0.020940117 0.997933998 135.835001399
0.997819439 0.032135026 -0.057648569 -3.803518276 -0.030864279 0.999262815 0.022800477 2.247017576 0.058338108 -0.020971473 0.998076708 136.846795570
0.997829405 0.031709235 -0.057719034 -3.826340330 -0.030424716 0.999272451 0.023000607 2.255271471 0.058404660 -0.021194673 0.998067867 137.350989169
0.997879807 0.032668171 -0.056284714 -3.868608864 -0.031360250 0.999220963 0.023967122 2.272669010 0.057022788 -0.022151269 0.998126706 138.345631680
0.997841092 0.032117958 -0.057283032 -3.909121973 -0.030709996 0.999207668 0.025291649 2.291053890 0.058049548 -0.023477972 0.998037616 139.362551535
0.997882436 0.031265167 -0.057026825 -3.926795969 -0.029821802 0.999216771 0.025988313 2.300345165 0.057794465 -0.024232700 0.998034624 139.875291793
0.997899231 0.029498654 -0.057672751 -3.979206257 -0.028058386 0.999277564 0.025625712 2.315813201 0.058386364 -0.023953791 0.998007221 140.911156032
0.997930193 0.027787822 -0.057988730 -4.024790045 -0.026414492 0.999355168 0.024316539 2.329352018 0.058626204 -0.022734526 0.998020769 141.919592738
0.997907201 0.027755817 -0.058401116 -4.047583057 -0.026412599 0.999370835 0.023647917 2.336176407 0.059019701 -0.022055961 0.998013198 142.423810174
0.997889762 0.025841672 -0.059565610 -4.093215995 -0.024463433 0.999417792 0.023754200 2.352134387 0.060144412 -0.022246943 0.997941614 143.432206541
0.997757111 0.027389006 -0.061085270 -4.144009584 -0.025989345 0.999383131 0.023591985 2.367674774 0.061692681 -0.021951495 0.997853745 144.432045914
0.997612902 0.030384612 -0.062010884 -4.171947811 -0.029055372 0.999330278 0.022226913 2.373321832 0.062644105 -0.020372206 0.997827815 144.927719025
0.997578608 0.029875855 -0.062804184 -4.222684940 -0.028636788 0.999378991 0.020538905 2.386083178 0.063378165 -0.018690723 0.997814348 145.927604738
0.997631029 0.026526168 -0.063480165 -4.277064308 -0.024911703 0.999348992 0.026090541 2.411080240 0.064130138 -0.024447311 0.997642144 146.941016271
0.997562300 0.027588378 -0.064093378 -4.303449396 -0.025641784 0.999189958 0.030998683 2.427671197 0.064896011 -0.029279648 0.997462372 147.458800701
0.997487256 0.028157797 -0.065003375 -4.352640695 -0.025879249 0.999029093 0.035633040 2.451736319 0.065942333 -0.033861363 0.997248771 148.480791732
0.997250801 0.031888877 -0.066881401 -4.420552433 -0.029578830 0.998940295 0.035249322 2.466911242 0.067933879 -0.033174167 0.997138180 149.490968986
0.997195342 0.032568015 -0.067385197 -4.443300967 -0.030377373 0.998983978 0.033282174 2.471546388 0.068399327 -0.031141996 0.997171923 149.995222928
0.997089557 0.034521394 -0.067976385 -4.504128060 -0.032640593 0.999057637 0.028587011 2.479829112 0.068897792 -0.026285089 0.997277735 151.036372876
0.997104026 0.031599512 -0.069167586 -4.556312302 -0.030161910 0.999308112 0.021731411 2.484170993 0.069805687 -0.019582282 0.997368777 152.072422644
0.997232269 0.028094792 -0.068835680 -4.577283274 -0.026800850 0.999447498 0.019650697 2.488703856 0.069349529 -0.017751493 0.997434349 152.598972100
0.997152926 0.026469218 -0.070602191 -4.645068879 -0.025125958 0.999487065 0.019847822 2.505413555 0.071090795 -0.018017405 0.997307436 153.667441230
0.997048985 0.021372365 -0.073736678 -4.709585738 -0.019659582 0.999521211 0.023877802 2.528271186 0.074210367 -0.022357766 0.996991869 154.722077992
0.997006744 0.018761827 -0.075002787 -4.730705783 -0.016851945 0.999519568 0.026016599 2.540141513 0.075453711 -0.024674807 0.996844511 155.248505096
0.996962768 0.015959323 -0.076229044 -4.800296976 -0.013908536 0.999528958 0.027359596 2.558333018 0.076628752 -0.026216297 0.996714828 156.294655708
0.996948362 0.016067264 -0.076389154 -4.868057397 -0.014057187 0.999542026 0.026779604 2.573803145 0.076784270 -0.025624072 0.996718387 157.363145508
