1.000000000 0.000000000 -0.000000000 0.000000000 0.000000000 1.000000000 0.000000000 0.000000000 0.000000000 0.000000000 1.000000000 0.000000000
0.999998561 -0.000067765 -0.001897215 0.000688146 0.000067904 0.999999283 -0.000003467 -0.015187125 0.001896357 0.000003366 0.999997840 1.068208273
0.999998133 -0.001127460 -0.001847631 0.023641059 0.001122475 0.999995014 -0.002762486 -0.034360459 0.001850244 0.002760473 0.999994248 2.132881219
0.999996421 -0.002018870 -0.001811581 0.035116925 0.002011445 0.999989416 -0.004123496 -0.043932138 0.001818377 0.004119868 0.999989701 2.665217907
0.999995069 -0.002283533 -0.002235819 0.041712528 0.002271057 0.999981901 -0.005595280 -0.061625124 0.002248083 0.005590213 0.999981964 3.741530928
0.999991753 -0.002107765 -0.003340985 0.056304302 0.002090851 0.999984503 -0.005061805 -0.075427356 0.003350888 0.005054800 0.999981358 4.812090390
0.999991082 -0.002519070 -0.003420313 0.059500527 0.002504547 0.999987638 -0.004273703 -0.081696116 0.003430426 0.004265099 0.999985326 5.350283905
0.999986064 -0.003600621 -0.003962603 0.071751219 0.003586799 0.999987207 -0.003501878 -0.095490594 0.003974262 0.003487645 0.999985485 6.434793611
0.999985581 -0.004061801 -0.003351098 0.084083803 0.004048703 0.999984052 -0.003919182 -0.111363245 0.003366468 0.003905606 0.999986382 7.519273485
0.999986130 -0.004423095 -0.002925296 0.089658117 0.004411845 0.999982917 -0.003842585 -0.118578933 0.002941062 0.003829607 0.999988832 8.043503273
0.999984670 -0.004884336 -0.002585196 0.104225481 0.004876999 0.999983714 -0.002869188 -0.131761709 0.002599201 0.002856556 0.999992159 9.114071627
0.999987048 -0.003986223 -0.003252377 0.110620293 0.003981772 0.999991131 -0.001401782 -0.144359176 0.003257037 0.001388824 0.999993193 10.190457796
0.999987017 -0.004257146 -0.002981871 0.111558114 0.004252266 0.999989767 -0.001659274 -0.152718337 0.002988063 0.001646573 0.999994261 10.742571436
0.999985770 -0.005062615 -0.001720299 0.132103016 0.005057178 0.999981708 -0.003212853 -0.170185411 0.001736237 0.003204123 0.999993179 11.821219009
0.999993171 -0.003652845 -0.000936457 0.146806209 0.003648898 0.999983355 -0.004313312 -0.186815156 0.000950779 0.004309836 0.999989914 12.891737881
0.999994686 -0.003210551 -0.001011115 0.144206003 0.003206947 0.999988076 -0.003664418 -0.193395578 0.001022089 0.003661159 0.999992464 13.421786201
0.999992399 -0.003511094 -0.001398099 0.158824155 0.003506154 0.999987825 -0.003486108 -0.207867221 0.001410162 0.003481170 0.999993230 14.492336053
0.999992118 -0.003682785 -0.001777903 0.171198472 0.003674790 0.999982399 -0.004579706 -0.224798940 0.001793685 0.004573137 0.999987925 15.576800724
0.999991753 -0.003824622 -0.001694837 0.174482887 0.003816051 0.999979272 -0.005105366 -0.233305732 0.001713403 0.005098861 0.999985057 16.114962111
0.999983302 -0.005727605 -0.000281063 0.194909676 0.005726255 0.999971818 -0.004858273 -0.247775441 0.000307837 0.004856588 0.999988297 17.193652711
0.999979500 -0.006251992 -0.001213755 0.207107217 0.006248093 0.999974162 -0.003331219 -0.260221106 0.001233089 0.003323544 0.999993560 18.278181780
0.999970482 -0.007466652 -0.001829095 0.210279819 0.007462638 0.999969825 -0.002187583 -0.265890393 0.001844279 0.002173867 0.999996474 18.816383901
0.999954070 -0.009560499 0.000614099 0.236370359 0.009560515 0.999954028 0.000178442 -0.276681401 -0.000615625 -0.000172574 0.999999462 19.903268030
0.999952359 -0.009586509 0.001652832 0.264832295 0.009583604 0.999952175 0.001804102 -0.288249486 -0.001670932 -0.001788172 0.999996891 20.976190871
0.999945858 -0.010270208 0.001842795 0.279704061 0.010267359 0.999945502 0.001615518 -0.295993077 -0.001859912 -0.001596500 0.999996705 21.530644656
0.999965271 -0.008314299 0.000875087 0.283953070 0.008314124 0.999965100 0.000319142 -0.313538433 -0.000877912 -0.000311880 0.999999390 22.620909930
0.999977774 -0.006721061 -0.000031664 0.296363608 0.006721049 0.999976467 -0.001387545 -0.331389345 0.000040203 0.001387288 0.999998645 23.705361406
0.999977051 -0.006825996 0.000372279 0.303086050 0.006826505 0.999975839 -0.001349611 -0.339137108 -0.000363563 0.001352180 0.999998786 24.265624543
0.999988675 -0.004821168 -0.000222300 0.301377995 0.004821187 0.999987845 -0.000372683 -0.352917710 0.000223099 0.000371628 1.000000243 25.347803141
0.999981292 -0.006131544 -0.000195219 0.315948508 0.006131694 0.999980687 0.000564209 -0.366180416 0.000191939 -0.000565362 1.000000002 26.418370348
0.999971734 -0.007547246 -0.000852752 0.333132615 0.007547860 0.999970775 0.000617185 -0.373202402 0.000847416 -0.000623553 0.999998847 26.958884358
0.999972587 -0.007281068 -0.001149126 0.339595537 0.007282460 0.999972295 0.001106053 -0.387528349 0.001140296 -0.001114352 0.999998303 28.035245714
0.999958438 -0.009139259 -0.000723953 0.351769456 0.009141522 0.999953237 0.003068264 -0.399374541 0.000694995 -0.003074756 0.999994952 29.119783388
0.999955003 -0.009451563 0.000315232 0.363100831 0.009450391 0.999947259 0.003867316 -0.405279445 -0.000353182 -0.003864189 0.999992360 29.652172714
0.999946163 -0.010267298 -0.001284091 0.369612180 0.010271931 0.999940777 0.003616928 -0.420834311 0.001245798 -0.003629931 0.999992478 30.728516429
0.999941471 -0.010677399 -0.001804057 0.379671794 0.010681676 0.999940097 0.002318675 -0.438427689 0.001777760 -0.002337779 0.999995332 31.826921734
0.999952119 -0.009563801 -0.001881516 0.394550647 0.009567515 0.999951842 0.001963698 -0.446351122 0.001861619 -0.001981576 0.999996474 32.381372937
0.999954265 -0.009057275 -0.002962720 0.400973017 0.009066275 0.999953981 0.003014226 -0.459647974 0.002934235 -0.003040963 0.999991335 33.457749066
0.999941639 -0.010376918 -0.003059159 0.409742375 0.010388849 0.999938662 0.003891349 -0.473102447 0.003017181 -0.003922930 0.999987855 34.520172800
0.999937766 -0.010691425 -0.003271032 0.415341100 0.010703195 0.999935925 0.003584731 -0.480937590 0.003231779 -0.003619528 0.999988355 35.044393695
0.999918545 -0.012317289 -0.003365372 0.432383013 0.012325583 0.999921214 0.002414839 -0.497515141 0.003334959 -0.002456118 0.999991845 36.100963183
0.999891542 -0.012914348 -0.007060107 0.433008165 0.012937851 0.999910901 0.003285659 -0.511103672 0.007016738 -0.003376645 0.999969492 37.169194405
0.999879487 -0.013478244 -0.007704935 0.430386699 0.013511351 0.999899670 0.004247830 -0.517144568 0.007646267 -0.004351388 0.999961530 37.699250470
0.999822238 -0.015554972 -0.010618955 0.427571069 0.015605468 0.999866950 0.004679494 -0.531422189 0.010544465 -0.004844429 0.999932742 38.745380945
0.999786907 -0.016644377 -0.012251316 0.433071302 0.016675556 0.999857513 0.002441712 -0.549921922 0.012208043 -0.002645551 0.999922303 39.785641399
0.999767338 -0.016907207 -0.013392657 0.432898793 0.016930243 0.999855527 0.001607941 -0.558708163 0.013363130 -0.001834253 0.999908540 40.301707920
0.999718720 -0.017595472 -0.015917604 0.417339079 0.017618572 0.999843907 0.001309282 -0.575192499 0.015891302 -0.001589362 0.999872798 41.381516398
0.999665541 -0.017866554 -0.018700764 0.418005965 0.017899485 0.999838051 0.001591354 -0.589840099 0.018669039 -0.001925571 0.999824014 42.449732416
0.999639741 -0.017536427 -0.020321091 0.401502524 0.017573956 0.999843476 0.001668292 -0.597815405 0.020288497 -0.002024769 0.999791624 42.977429405
0.999587833 -0.017651323 -0.022645833 0.390575760 0.017695414 0.999841640 0.001742442 -0.613066346 0.022610646 -0.002142497 0.999741913 44.029355321
0.999573132 -0.015208880 -0.024952962 0.363342868 0.015272086 0.999880096 0.002338334 -0.628135797 0.024912978 -0.002718465 0.999685989 45.092902668
0.999562203 -0.014180462 -0.025947565 0.346869743 0.014236256 0.999896115 0.001967594 -0.636880427 0.025916288 -0.002336086 0.999661972 45.620588613
0.999520214 -0.012659777 -0.028256537 0.318617073 0.012685148 0.999918924 0.000717267 -0.654674938 0.028244514 -0.001075351 0.999600788 46.648055854
0.999539457 -0.011451486 -0.028107927 0.302001361 0.011432058 0.999934435 -0.000855221 -0.672965141 0.028115368 0.000533472 0.999604876 47.691797420
0.999536275 -0.011284303 -0.028284070 0.293637007 0.011266173 0.999935746 -0.000801732 -0.680676504 0.028290628 0.000482697 0.999599522 48.213688785
0.999535218 -0.012090338 -0.027994986 0.274506981 0.012107017 0.999925868 0.000424111 -0.694562820 0.027987532 -0.000762895 0.999607501 49.271443703
0.999470051 -0.013987389 -0.029394291 0.263562500 0.014018282 0.999901230 0.000844361 -0.709364156 0.029378350 -0.001255993 0.999567587 50.323376073
0.999424841 -0.014473301 -0.030674222 0.247090163 0.014495297 0.999894528 0.000493409 -0.718128768 0.030662880 -0.000937726 0.999529313 50.851061731
0.999370487 -0.014766028 -0.032255249 0.230317360 0.014813207 0.999888905 0.001221132 -0.732432477 0.032233676 -0.001698147 0.999478392 51.894860524
0.999305573 -0.015949649 -0.033678102 0.199460217 0.016098280 0.999861102 0.004144451 -0.743535113 0.033607123 -0.004683753 0.999424568 52.936373962
0.999318308 -0.016638997 -0.032966937 0.191039563 0.016815482 0.999845538 0.005080395 -0.749817732 0.032877095 -0.005631291 0.999443911 53.458285837
0.999318204 -0.017014508 -0.032773194 0.174315975 0.017192348 0.999838877 0.005150100 -0.765370343 0.032679174 -0.005710024 0.999449765 54.502066702
0.999281482 -0.016059483 -0.034330925 0.137867523 0.016235785 0.999856262 0.004861150 -0.781990063 0.034246308 -0.005415073 0.999398658 55.535360220
0.999287911 -0.015004752 -0.034631775 0.127118387 0.015211516 0.999867514 0.005709159 -0.788584647 0.034540724 -0.006231932 0.999384091 56.071217750
0.999230213 -0.013303585 -0.036902376 0.098622404 0.013609378 0.999874626 0.008045710 -0.800204588 0.036789967 -0.008541799 0.999286816 57.098773628
0.999229866 -0.011300855 -0.037583800 0.067799908 0.011699059 0.999877175 0.010389821 -0.812186450 0.037461231 -0.010821522 0.999239292 58.140274444
0.999237619 -0.009509569 -0.037854619 0.053573768 0.009941585 0.999886991 0.011240475 -0.818550932 0.037742668 -0.011608185 0.999220474 58.654044423
0.999247899 -0.007289105 -0.038089511 0.017065079 0.007745487 0.999899946 0.011846496 -0.833641996 0.037998852 -0.012132594 0.999203969 59.687359885
0.999232144 -0.006000754 -0.038725370 -0.011115148 0.006377128 0.999932822 0.009600787 -0.853274891 0.038663832 -0.009840372 0.999204199 60.714800735
0.999263812 -0.005834340 -0.037923474 -0.019339341 0.006127858 0.999951900 0.007627245 -0.864543126 0.037875859 -0.007853980 0.999251638 61.236641040
0.999279848 -0.004961345 -0.037610194 -0.047414842 0.005110799 0.999978957 0.003876008 -0.886833683 0.037589782 -0.004065392 0.999284939 62.264043739
0.999210599 -0.005087877 -0.039409615 -0.072193264 0.005198369 0.999982301 0.002699871 -0.904788358 0.039394198 -0.002902634 0.999219348 63.313599535
0.999202787 -0.004064833 -0.039721826 -0.094543531 0.004204404 0.999985484 0.003428729 -0.911796450 0.039706947 -0.003593016 0.999204691 63.833169688
0.999201820 -0.001049906 -0.039938935 -0.123053687 0.001290481 0.999981322 0.005996330 -0.923056707 0.039931882 -0.006043139 0.999184183 64.860730729
0.999183634 0.000434065 -0.040393258 -0.153767126 -0.000161647 0.999976633 0.006744729 -0.937806136 0.040394643 -0.006732696 0.999161257 65.902191816
0.999176242 0.002194601 -0.040530494 -0.173694026 -0.001950628 0.999979033 0.006055532 -0.946910145 0.040542388 -0.005971546 0.999160476 66.407781748
0.999179449 0.004600736 -0.040247230 -0.199608763 -0.004414314 0.999979177 0.004717653 -0.964632480 0.040266903 -0.004536142 0.999178342 67.421299891
0.999157055 0.006681566 -0.040508238 -0.225560116 -0.006528368 0.999970275 0.003910164 -0.981425631 0.040532971 -0.003642392 0.999171622 68.434831373
0.999149648 0.007780474 -0.040484670 -0.247891879 -0.007609869 0.999961401 0.004363303 -0.988903311 0.040516262 -0.004051539 0.999170704 68.954394785
0.999069955 0.008878737 -0.042199078 -0.278613979 -0.008666885 0.999948778 0.005199418 -1.003432933 0.042241907 -0.004828865 0.999095473 69.995859027
0.999024590 0.009935192 -0.043027715 -0.317509420 -0.009657402 0.999930504 0.006655595 -1.017357262 0.043089833 -0.006233617 0.999052096 71.043141372
0.999022398 0.010076572 -0.043047609 -0.331654062 -0.009811871 0.999931656 0.006354331 -1.025789927 0.043107027 -0.005925811 0.999053221 71.556881662
0.999031685 0.010769598 -0.042646902 -0.359887440 -0.010568788 0.999932156 0.004932101 -1.044074007 0.042696916 -0.004476544 0.999078181 72.584341874
0.998971492 0.012694290 -0.043534817 -0.393981424 -0.012521804 0.999912509 0.004230734 -1.061041181 0.043584598 -0.003681232 0.999042832 73.603680271
0.998957728 0.013069883 -0.043730606 -0.408168587 -0.012883335 0.999906515 0.004543839 -1.068394794 0.043784826 -0.003975791 0.999033179 74.117436051
0.998940616 0.013685986 -0.043929289 -0.444713891 -0.013446826 0.999892415 0.005733872 -1.082556675 0.044002496 -0.005137064 0.999018457 75.150764852
0.998859867 0.016514161 -0.044790736 -0.486976884 -0.016283395 0.999851519 0.005509496 -1.099028461 0.044873982 -0.004773904 0.998981023 76.175919773
0.998852229 0.016963666 -0.044799517 -0.503432292 -0.016759927 0.999847419 0.004917182 -1.108222695 0.044874919 -0.004160764 0.998984365 76.703599263
0.998847342 0.017537850 -0.044687610 -0.537534544 -0.017356461 0.999838851 0.004441776 -1.124980054 0.044757640 -0.003661126 0.998990951 77.722940672
0.998718285 0.019632633 -0.046643553 -0.579839270 -0.019428818 0.999799797 0.004818001 -1.140392771 0.046727698 -0.003905577 0.998900168 78.748110796
0.998714341 0.019985882 -0.046577191 -0.602164733 -0.019764358 0.999791100 0.005209538 -1.148030310 0.046671254 -0.004282299 0.998901523 79.267671913
0.998669032 0.020636789 -0.047259069 -0.638740353 -0.020336526 0.999769245 0.006823713 -1.161422867 0.047388122 -0.005853670 0.998859435 80.301011758
0.998624197 0.019354779 -0.048731999 -0.678718171 -0.019014508 0.999791012 0.007433430 -1.176483653 0.048864651 -0.006496637 0.998784660 81.312236801
0.998542665 0.019509994 -0.050318769 -0.706814080 -0.019167676 0.999789285 0.007273931 -1.185092274 0.050449009 -0.006298871 0.998707034 81.823643257
0.998470465 0.018857456 -0.051976306 -0.748993213 -0.018572458 0.999809739 0.005957512 -1.203692188 0.052077843 -0.004983001 0.998630653 82.848767628
0.998489429 0.017091589 -0.052223988 -0.788848588 -0.016862160 0.999846311 0.004829469 -1.221860242 0.052297516 -0.003941586 0.998623748 83.859948065
0.998485826 0.016509533 -0.052472843 -0.808744778 -0.016333535 0.999858692 0.003778468 -1.231743566 0.052527401 -0.002915706 0.998615393 84.365526810
0.998509559 0.014605767 -0.052586533 -0.848504875 -0.014560355 0.999892801 0.001245162 -1.252329494 0.052597889 -0.000477678 0.998615788 85.376672538
0.998437391 0.013943601 -0.054117262 -0.894150775 -0.013974754 0.999902205 -0.000198102 -1.270959078 0.054108930 0.000954021 0.998534268 86.379705629
0.998435296 0.014151912 -0.054092526 -0.914181614 -0.014133900 0.999899368 0.000715549 -1.277425407 0.054096643 0.000050129 0.998536016 86.885333425
0.998277662 0.014572672 -0.056834724 -0.976361994 -0.014417477 0.999890828 0.003138375 -1.290078597 0.056873081 -0.002313600 0.998378274 87.900071135
0.998267480 0.012887335 -0.057413294 -1.016324851 -0.012702999 0.999913021 0.003573973 -1.305519050 0.057453671 -0.002838421 0.998343823 88.911290728
0.998187635 0.012313262 -0.058902941 -1.044352648 -0.012190341 0.999922400 0.002443424 -1.315856151 0.058928201 -0.001720922 0.998260653 89.422672371
0.998156474 0.012909861 -0.059307561 -1.094627167 -0.012900453 0.999915942 0.000538919 -1.335829033 0.059308963 0.000227154 0.998239963 90.453586446
0.998064541 0.014388365 -0.060501111 -1.150916232 -0.014312866 0.999896006 0.001678885 -1.350578444 0.060518882 -0.000809707 0.998166304 91.476434784
0.998002712 0.015106468 -0.061337634 -1.179108994 -0.014953541 0.999883706 0.002948634 -1.356729226 0.061374968 -0.002025540 0.998112687 91.987876523
0.997970210 0.015051376 -0.061874601 -1.227250309 -0.014833634 0.999882232 0.003976120 -1.371434501 0.061927050 -0.003050194 0.998076066 93.004916082
0.997902871 0.015441184 -0.062860249 -1.278782800 -0.015237224 0.999876355 0.003721555 -1.388087758 0.062909078 -0.002756040 0.998015822 93.999836823
0.997777393 0.015854603 -0.064721029 -1.312689313 -0.015652223 0.999870543 0.003631923 -1.396648357 0.064770305 -0.002610746 0.997896761 94.503103248
0.997688304 0.017063006 -0.065781338 -1.372383726 -0.016852559 0.999850446 0.003751985 -1.412986067 0.065835275 -0.002634780 0.997826871 95.503837932
0.997539454 0.017979223 -0.067758094 -1.436728806 -0.017766994 0.999834862 0.003733234 -1.430107568 0.067813363 -0.002520227 0.997694944 96.532461631
0.997536634 0.018070811 -0.067785207 -1.462505287 -0.017855581 0.999833009 0.003777737 -1.438174426 0.067841153 -0.002558102 0.997692781 97.029925731
0.997405181 0.017658727 -0.069798025 -1.522162692 -0.017463976 0.999841240 0.003398721 -1.455451310 0.069846623 -0.002170997 0.997555892 98.030646933
0.997358063 0.017768438 -0.070438199 -1.579451061 -0.017639321 0.999840704 0.002453901 -1.473445325 0.070469675 -0.001205025 0.997513084 99.017407707
0.997334900 0.017793641 -0.070762072 -1.605204708 -0.017685553 0.999841261 0.002152896 -1.482091672 0.070788947 -0.000895697 0.997491409 99.514863488
0.997331883 0.015748977 -0.071286597 -1.662535598 -0.015649317 0.999874907 0.001954906 -1.499006635 0.071307200 -0.000834154 0.997454154 100.501639752
0.997176297 0.015661054 -0.073449017 -1.728038647 -0.015544008 0.999877058 0.002163911 -1.515346280 0.073472586 -0.001016154 0.997296702 101.494233687
0.997056495 0.015238826 -0.075140847 -1.761925081 -0.015144660 0.999883610 0.001822703 -1.524416430 0.075158923 -0.000679395 0.997171193 101.997492797
0.996957555 0.013497546 -0.076769032 -1.829671178 -0.013471545 0.999908726 0.000855113 -1.543236134 0.076773591 0.000181676 0.997048219 103.004001265
0.996782534 0.014048392 -0.078916079 -1.905640223 -0.014006524 0.999900623 0.001081682 -1.560191652 0.078922326 0.000027129 0.996880796 104.016345905
0.996731805 0.014269556 -0.079515018 -1.939576265 -0.014196064 0.999897805 0.001488344 -1.568002910 0.079527268 -0.000354751 0.996833015 104.519623087
0.996625753 0.014090355 -0.080858592 -2.015574444 -0.013957139 0.999900088 0.002211453 -1.584219078 0.080880547 -0.001075444 0.996723421 105.531978341
0.996587023 0.014005497 -0.081356773 -2.083297706 -0.013981468 0.999901350 0.000863315 -1.603618272 0.081360449 0.000277044 0.996684411 106.538478490
0.996541230 0.014078263 -0.081900603 -2.125263778 -0.014146681 0.999899910 -0.000256148 -1.614461040 0.081887850 0.001413796 0.996640414 107.047521567
0.996419110 0.013513511 -0.083463808 -2.198831503 -0.013646738 0.999905940 -0.001027302 -1.632952967 0.083441816 0.002162638 0.996510177 108.045894018
0.996288649 0.012527234 -0.085163441 -2.279511452 -0.012567028 0.999920754 0.000067499 -1.649163621 0.085157110 0.001003019 0.996366822 109.086149619
0.996237827 0.012362724 -0.085769963 -2.313478597 -0.012326274 0.999923123 0.000953252 -1.656185572 0.085774631 0.000107526 0.996314181 109.589438131
0.996152492 0.011703984 -0.086853313 -2.395244466 -0.011646607 0.999930884 0.001165635 -1.673442761 0.086860229 -0.000149689 0.996220147 110.593637721
0.996052685 0.010992129 -0.088077183 -2.476940649 -0.011004490 0.999938735 0.000344251 -1.692468395 0.088074562 0.000626249 0.996113984 111.597811924
0.996009240 0.010653748 -0.088610084 -2.516598317 -0.010735990 0.999942282 -0.000453047 -1.702489645 0.088599245 0.001402523 0.996066367 112.092916660
0.995890677 0.011382520 -0.089847395 -2.600657235 -0.011505391 0.999933109 -0.000850418 -1.720958008 0.089830369 0.001880642 0.995955364 113.111048997
0.995855772 0.010790375 -0.090308262 -2.684762611 -0.010876310 0.999940102 -0.000461125 -1.738247409 0.090297342 0.001441359 0.995913788 114.129198257
0.995800045 0.010367770 -0.090965022 -2.726814118 -0.010438269 0.999945249 -0.000299284 -1.746922083 0.090956179 0.001247477 0.995854093 114.638272458
0.995660758 0.011164731 -0.092385395 -2.816656869 -0.011306347 0.999935099 -0.001010552 -1.766021827 0.092366776 0.002050605 0.995723152 115.648255010
0.995753728 0.010216080 -0.091494678 -2.892549140 -0.010418568 0.999943688 -0.001737086 -1.784925632 0.091471588 0.002682893 0.995804364 116.660571682
0.995670923 0.010055237 -0.092405690 -2.942735404 -0.010244665 0.999945751 -0.001576214 -1.793974153 0.092384248 0.002516031 0.995720826 117.175449929
0.995621495 0.009909465 -0.092952733 -3.021044349 -0.010055364 0.999948962 -0.001101799 -1.810951892 0.092936391 0.002031618 0.995669507 118.201744384
0.995535569 0.010106666 -0.093846604 -3.109795273 -0.010241851 0.999946375 -0.000959673 -1.829154969 0.093831662 0.001916500 0.995586289 119.247780796
0.995537270 0.010339216 -0.093806109 -3.159963032 -0.010484794 0.999943768 -0.001060413 -1.838673076 0.093789573 0.002039253 0.995589509 119.762652301
0.995429726 0.010409351 -0.094927045 -3.248665924 -0.010612414 0.999941970 -0.001636020 -1.858095081 0.094903320 0.002635903 0.995482738 120.808671214
0.995467382 0.011324976 -0.094425613 -3.335003324 -0.011634924 0.999928030 -0.002733297 -1.878144295 0.094386980 0.003819592 0.995528456 121.840730991
0.995446332 0.011465608 -0.094632558 -3.376986719 -0.011858663 0.999922956 -0.003592677 -1.888547449 0.094583140 0.004698492 0.995506016 122.349780378
0.995412929 0.011299810 -0.095004302 -3.455174008 -0.011820169 0.999917513 -0.004916587 -1.908612473 0.094940479 0.006017028 0.995464968 123.376030515
0.995279745 0.012203810 -0.096280113 -3.555500865 -0.012774493 0.999903897 -0.005313768 -1.927868495 0.096205445 0.006518656 0.995339651 124.405770370
0.995233295 0.012516308 -0.096717376 -3.599924950 -0.013015422 0.999904959 -0.004531452 -1.935736119 0.096650841 0.005768631 0.995301642 124.928806289
0.995089835 0.014507830 -0.097909579 -3.696966934 -0.014788567 0.999887737 -0.002143030 -1.950346530 0.097866830 0.003580377 0.995192680 125.980703686
0.995017843 0.014207584 -0.098680163 -3.785750536 -0.014425081 0.999894561 -0.001492323 -1.967720336 0.098647591 0.002908328 0.995117755 127.026752002
0.994996231 0.014723324 -0.098821444 -3.830084462 -0.014999120 0.999885073 -0.002048967 -1.977875948 0.098778959 0.003520874 0.995103299 127.549755077
0.994920592 0.016862976 -0.099238722 -3.931554666 -0.017253198 0.999846324 -0.003076258 -1.998915186 0.099170877 0.004772743 0.995058705 128.629460454
0.994893340 0.015925800 -0.099666998 -4.024922791 -0.016353689 0.999859874 -0.003478840 -2.018751306 0.099596747 0.005090974 0.995014598 129.703373690
0.994854712 0.016431767 -0.099970826 -4.077418640 -0.016878056 0.999850938 -0.003620986 -2.028591371 0.099895538 0.005289592 0.994983822 130.232190707
0.994820504 0.017025954 -0.100208587 -4.162661064 -0.017512836 0.999838207 -0.003981494 -2.047823847 0.100123918 0.005715831 0.994958075 131.300303195
0.994754428 0.014904015 -0.101200362 -4.261855936 -0.015388456 0.999873146 -0.004008637 -2.067202305 0.101126818 0.005544932 0.994858546 132.366082280
0.994750743 0.014528602 -0.101290253 -4.308561653 -0.014999012 0.999879676 -0.003885341 -2.076570849 0.101221120 0.005384202 0.994849699 132.903046786
0.994634192 0.013742793 -0.102540951 -4.413565948 -0.014219299 0.999891156 -0.003918768 -2.095931259 0.102474974 0.005355807 0.994721134 133.960685410
0.994599784 0.011681222 -0.103123127 -4.506921475 -0.012205997 0.999915150 -0.004460065 -2.116087099 0.103061361 0.005694692 0.994658457 135.034594056
0.994632309 0.010367869 -0.102949739 -4.561717459 -0.010933348 0.999927640 -0.004931175 -2.126958496 0.102890511 0.006030309 0.994673968 135.577346401
0.994624281 0.009229924 -0.103137456 -4.655091490 -0.009821840 0.999938154 -0.005233237 -2.146644748 0.103082384 0.006218070 0.994653500 136.651261788
0.994427733 0.009809672 -0.104961822 -4.762466789 -0.010363232 0.999935090 -0.004730415 -2.165238073 0.104907583 0.005791816 0.994464728 137.722861557
0.994422390 0.010168949 -0.104982536 -4.806858196 -0.010691862 0.999933162 -0.004420150 -2.173934967 0.104930643 0.005517922 0.994464179 138.245885571
0.994272683 0.010836474 -0.106318312 -4.917627820 -0.011443793 0.999921325 -0.005104964 -2.194396345 0.106253734 0.006292369 0.994319239 139.295367669
0.994206613 0.009612530 -0.107055521 -5.022536838 -0.010369920 0.999924481 -0.006520976 -2.216174629 0.106983671 0.007593323 0.994231715 140.352971584
0.994125094 0.009929295 -0.107783668 -5.077352114 -0.010725905 0.999919110 -0.006814538 -2.226556457 0.107706188 0.007930573 0.994150562 140.895730957
0.993954476 0.009996272 -0.109339891 -5.187177158 -0.010548938 0.999934124 -0.004478122 -2.242384454 0.109286882 0.005604404 0.993994771 141.981320556
0.993989824 0.007747607 -0.109196678 -5.291230575 -0.007958549 0.999967213 -0.001495809 -2.257271342 0.109180663 0.002355855 0.994018746 143.075064385
0.993920964 0.007290582 -0.109853557 -5.346050576 -0.007520783 0.999970184 -0.001682102 -2.267533275 0.109836584 0.002498000 0.993946723 143.617825479
0.993815331 0.007112504 -0.110818785 -5.461334249 -0.007654219 0.999960184 -0.004464880 -2.292245395 0.110782019 0.005285499 0.993830503 144.695146824
0.993864362 0.005491909 -0.110470052 -5.562718624 -0.006255503 0.999958662 -0.006567185 -2.315462718 0.110429415 0.007217944 0.993857640 145.774820935
0.993814205 0.004926200 -0.110949102 -5.619860808 -0.005720999 0.999960214 -0.006847102 -2.326196476 0.110909787 0.007439426 0.993802602 146.331525389
0.993860026 0.006796613 -0.110434843 -5.731889923 -0.007547173 0.999950646 -0.006380213 -2.345493662 0.110385156 0.007174466 0.993863133 147.431015321
0.993938506 0.007363446 -0.109691958 -5.843876518 -0.008123478 0.999945639 -0.006484419 -2.365869899 0.109638310 0.007336150 0.993944157 148.530489762
0.993877653 0.006157998 -0.110311866 -5.898703999 -0.006919515 0.999954482 -0.006522476 -2.375941999 0.110265718 0.007245857 0.993875675 149.073253581
0.993979939 0.003391016 -0.109512364 -6.004811877 -0.004248000 0.999961534 -0.007594402 -2.398094738 0.109481854 0.008013897 0.993956649 150.180843241
0.994044618 0.001391614 -0.108967112 -6.110839832 -0.002485839 0.999947608 -0.009907326 -2.422275693 0.108947303 0.010119155 0.993996424 151.288403785
0.994072565 -0.000348330 -0.108719277 -6.165627943 -0.000797143 0.999944382 -0.010493537 -2.433346915 0.108716279 0.010518001 0.994016940 151.831153262
0.993952212 -0.005012641 -0.109701577 -6.277701153 0.004030651 0.999949184 -0.009172402 -2.451525085 0.109741617 0.008674741 0.993922842 152.930659257
0.994142068 -0.007966918 -0.107790799 -6.372619328 0.007582628 0.999963335 -0.003975844 -2.462823497 0.107818430 0.003135240 0.994165780 154.054686175
0.993955490 -0.009824149 -0.109343354 -6.429952067 0.009725375 0.999950937 -0.001437012 -2.468721507 0.109351568 0.000364907 0.994003367 154.611460048
0.994012603 -0.014052264 -0.108362070 -6.538619142 0.014234725 0.999897740 0.000908829 -2.485331360 0.108337630 -0.002445954 0.994111686 155.733079410
0.993978321 -0.018988122 -0.107923573 -6.636404858 0.018776887 0.999818933 -0.002973531 -2.511866070 0.107959483 0.000929192 0.994154551 156.834796753
0.993958518 -0.021489148 -0.107634069 -6.687518322 0.020906395 0.999759778 -0.006540073 -2.528182983 0.107749075 0.004250373 0.994169104 157.399561781
0.994068364 -0.022332088 -0.106438453 -6.795727120 0.021270431 0.999711727 -0.011099712 -2.556422610 0.106655004 0.008769885 0.994257557 158.521014195
0.994039492 -0.025268256 -0.106053268 -6.888004993 0.024275149 0.999648000 -0.010645827 -2.575322098 0.106284292 0.008007899 0.994303429 159.630981864
0.994126552 -0.025803144 -0.105099319 -6.939434607 0.024939982 0.999643647 -0.009519956 -2.583616066 0.105306725 0.006842882 0.994416059 160.195862063
0.994243118 -0.024478398 -0.104317861 -7.036478504 0.023824408 0.999687516 -0.007511632 -2.600371919 0.104468903 0.004983114 0.994515487 161.333760771
0.994206159 -0.021878691 -0.105237416 -7.161387532 0.021391369 0.999754587 -0.005757582 -2.618428850 0.105336790 0.003473017 0.994430894 162.466978186
0.994280526 -0.019965349 -0.104913398 -7.210474489 0.019559568 0.999796369 -0.004896621 -2.626770537 0.104989618 0.002816558 0.994469336 163.017907567
0.994298037 -0.016622155 -0.105336760 -7.327196004 0.016296197 0.999858648 -0.003956186 -2.645792444 0.105386719 0.002216976 0.994429071 164.145301717
0.994457238 -0.010654763 -0.104601643 -7.447509485 0.010576300 0.999942706 -0.001305626 -2.661666815 0.104608765 0.000192053 0.994513411 165.250650196
0.994494278 -0.007899842 -0.104494421 -7.496606284 0.007905263 0.999968622 -0.000362756 -2.669758721 0.104493777 -0.000465329 0.994525963 165.801583162
0.994689103 -0.005873090 -0.102755961 -7.602744085 0.005788636 0.999982292 -0.001121057 -2.691152127 0.102760353 0.000520307 0.994705794 166.909183722
0.994686978 -0.003706082 -0.102877452 -7.711046585 0.003269749 0.999984988 -0.004409715 -2.717013845 0.102892261 0.004049938 0.994684052 168.030670272
0.994745642 -0.001315453 -0.102368203 -7.765814222 0.000763009 0.999984749 -0.005436753 -2.728604610 0.102372735 0.005330047 0.994731829 168.573412291
0.994729761 0.001558781 -0.102524787 -7.874284442 -0.002213128 0.999977653 -0.006269253 -2.750210070 0.102512132 0.006463120 0.994711192 169.694959941
0.994901367 -0.000595978 -0.100846792 -7.963061690 -0.000020777 0.999981225 -0.006115525 -2.769939133 0.100847837 0.006086383 0.994883527 170.827006555
0.994862330 0.001108492 -0.101233090 -8.030715146 -0.001700386 0.999981945 -0.005761682 -2.780139775 0.101224195 0.005904205 0.994845776 171.403478208
0.994890350 0.004827244 -0.100844006 -8.138014011 -0.005561165 0.999960114 -0.006998307 -2.802866793 0.100805290 0.007523355 0.994877700 172.561050745
0.994991340 0.005304513 -0.099819011 -8.248670978 -0.006317342 0.999931400 -0.009834123 -2.828381056 0.099758709 0.010415401 0.994957255 173.696492417
0.995105561 0.006702862 -0.098586380 -8.402658630 -0.007835252 0.999907248 -0.011104702 -2.860906239 0.098501917 0.011822769 0.995066256 175.391023292
0.995366175 0.007148306 -0.095892403 -8.491357923 -0.008354298 0.999890943 -0.012181713 -2.882613563 0.095793278 0.012926301 0.995317261 176.523041508
0.995398892 0.007193357 -0.095552508 -8.534589786 -0.008381778 0.999891700 -0.012042645 -2.892132278 0.095454698 0.012788064 0.995351846 177.082094713
0.995372815 0.004886538 -0.095968174 -8.634970526 -0.006068355 0.999909254 -0.012027076 -2.912214902 0.095899611 0.012553798 0.995311429 178.197854810
0.995409315 0.002857180 -0.095666960 -8.734170856 -0.004072893 0.999913147 -0.012515374 -2.933648881 0.095622661 0.012847521 0.995334305 179.349636496
0.995491989 0.001709162 -0.094831171 -8.779667421 -0.002981675 0.999907549 -0.013279591 -2.945098139 0.094799567 0.013502502 0.995404837 179.922612120
0.995633629 -0.001074972 -0.093334796 -8.870635353 -0.000343944 0.999884267 -0.015185455 -2.968636092 0.093339650 0.015151242 0.995518775 181.068554190
0.995682389 -0.001267521 -0.092818046 -8.967527278 -0.000165799 0.999880361 -0.015434097 -2.989248554 0.092825923 0.015382877 0.995564024 182.206397536
0.995776002 -0.001579572 -0.091797582 -9.005030035 0.000283455 0.999900288 -0.014130278 -2.996747110 0.091809801 0.014044564 0.995677148 182.773620461
0.995797443 -0.002555580 -0.091544769 -9.104589033 0.001712384 0.999954924 -0.009289049 -3.009079093 0.091563648 0.009093272 0.995758349 183.925532808
0.995915667 -0.002056835 -0.090266261 -9.193556836 0.001484700 0.999978421 -0.006405946 -3.023972408 0.090276456 0.006245746 0.995896726 185.057648840
0.995988924 -0.002424573 -0.089446156 -9.239068362 0.001807667 0.999974146 -0.006978771 -3.035042000 0.089460801 0.006789072 0.995967211 185.630629915
0.996154080 -0.002651283 -0.087578398 -9.329858732 0.001640573 0.999930715 -0.011611650 -3.063085991 0.087602619 0.011423342 0.996089667 186.776507300
0.996320176 -0.002424681 -0.085678226 -9.412698994 0.001270543 0.999907765 -0.013523821 -3.086070256 0.085702341 0.013365206 0.996231477 187.916647905
0.996321977 -0.003610293 -0.085611544 -9.464121521 0.002549300 0.999918295 -0.012499958 -3.094544066 0.085649105 0.012235735 0.996249710 188.481525523
0.996325700 -0.005014775 -0.085494569 -9.547288168 0.004214908 0.999945439 -0.009534304 -3.109245614 0.085537603 0.009138958 0.996292617 189.621785028
0.996364875 -0.006955923 -0.084902227 -9.632588019 0.006173726 0.999936236 -0.009472337 -3.129214770 0.084962037 0.008913722 0.996344806 190.775919050
0.996321368 -0.008046946 -0.085315514 -9.669943528 0.007184536 0.999920120 -0.010411929 -3.140450041 0.085391825 0.009760708 0.996299846 191.343088333
0.996329448 -0.007925176 -0.085237440 -9.765577088 0.006895442 0.999899554 -0.012369888 -3.164392118 0.085326173 0.011736740 0.996283366 192.516924869
0.996422500 -0.007697775 -0.084166063 -9.837000083 0.006758076 0.999911437 -0.011445711 -3.182296978 0.084246047 0.010835987 0.996386289 193.673419832
0.996446355 -0.007147628 -0.083926144 -9.884962535 0.006309548 0.999927658 -0.010248256 -3.190571268 0.083993257 0.009682258 0.996419881 194.260391167
0.996430699 -0.004131744 -0.084315122 -9.978467223 0.003357647 0.999951126 -0.009321672 -3.209135835 0.084348315 0.009005332 0.996395825 195.420354765
0.996442588 -0.004332653 -0.084160944 -10.069545000 0.003526326 0.999946610 -0.009727292 -3.229886239 0.084197515 0.009395963 0.996404479 196.566336851
0.996471932 -0.004176831 -0.083825002 -10.106943817 0.003348152 0.999944251 -0.010025193 -3.240022476 0.083860953 0.009709119 0.996430688 197.133521911
0.996463890 -0.001624687 -0.084012700 -10.197979862 0.000689251 0.999937266 -0.011163321 -3.261831950 0.084024794 0.011065899 0.996402041 198.279488794
0.996568087 -0.003197000 -0.082717463 -10.278431404 0.002051794 0.999900401 -0.013927853 -3.286032905 0.082752778 0.013710390 0.996475879 199.405661800
0.996613007 -0.002179440 -0.082206940 -10.315844001 0.001028196 0.999900561 -0.014044887 -3.295819449 0.082227589 0.013912758 0.996516391 199.972851880
0.996610001 0.000302981 -0.082277711 -10.398894504 -0.001374389 0.999914893 -0.012966160 -3.313468405 0.082266417 0.013035326 0.996525004 201.113069075
0.996678807 0.000610886 -0.081436519 -10.487743801 -0.001581567 0.999928652 -0.011856593 -3.331369076 0.081423144 0.011945992 0.996607704 202.245141936
0.996718956 0.001156742 -0.080927881 -10.525186713 -0.002094446 0.999931601 -0.011503594 -3.340386297 0.080907852 0.011635313 0.996654157 202.812343061
0.996945285 0.002906796 -0.078052320 -10.599998521 -0.003844139 0.999922463 -0.011861767 -3.360299087 0.078012120 0.012125611 0.996878835 203.946718345
0.996779236 0.003260687 -0.080131321 -10.685203881 -0.004347865 0.999900755 -0.013397634 -3.382666134 0.080079113 0.013702842 0.996694482 205.100817944
0.996772512 0.003364737 -0.080210271 -10.724935512 -0.004474438 0.999895927 -0.013661339 -3.393004433 0.080155650 0.013976179 0.996684379 205.681950238
0.996853597 0.003473207 -0.079192619 -10.810110557 -0.004716909 0.999868310 -0.015524486 -3.416140804 0.079127255 0.015849168 0.996738615 206.836038793
0.997008828 0.002952322 -0.077230110 -10.874333531 -0.004334006 0.999832743 -0.017730866 -3.438554979 0.077164202 0.018012475 0.996855994 207.950618623
0.996980275 0.002490090 -0.077621887 -10.903627514 -0.003867469 0.999836901 -0.017601436 -3.447558037 0.077565015 0.017848452 0.996827688 208.512010538
0.996980034 0.002329823 -0.077625186 -10.982128534 -0.003486671 0.999884512 -0.014772199 -3.461855461 0.077580835 0.014998275 0.996873465 209.624375578
0.996899352 0.001215962 -0.078676580 -11.062727323 -0.002437318 0.999877394 -0.015430143 -3.482319702 0.078646985 0.015574030 0.996780887 210.750602226
0.996829154 -0.000516445 -0.079570300 -11.097746082 -0.000796842 0.999864120 -0.016473092 -3.493452822 0.079567359 0.016484324 0.996692960 211.303822842
0.996780133 -0.002168339 -0.080154210 -11.172592535 0.000863233 0.999866256 -0.016315183 -3.512486385 0.080177610 0.016193482 0.996648935 212.438210748
0.996744292 -0.003584252 -0.080545954 -11.249869049 0.002412390 0.999889245 -0.014642552 -3.529254181 0.080588400 0.014400607 0.996643622 213.586581313
