1.000000000 0.000000000 0.000000000 0.000000000 -0.000000000 1.000000000 -0.000000000 0.000000000 0.000000000 0.000000000 1.000000000 -0.000000000
1.000000042 0.000012908 -0.000016267 0.000001042 -0.000012960 0.999999565 -0.000027135 -0.000039985 0.000017078 0.000027177 0.999999929 0.000000337
1.000000070 -0.000021227 -0.000004673 -0.000000782 0.000021150 1.000000308 0.000016493 0.000029989 0.000004783 -0.000016502 0.999999786 -0.000000253
0.999999793 -0.000020324 0.000018597 -0.000001042 0.000020246 1.000000305 0.000019607 0.000039985 -0.000018553 -0.000019598 0.999999465 -0.000000337
0.999999718 -0.000034621 0.000034912 0.000000261 0.000034505 1.000000177 -0.000009384 -0.000009996 -0.000035642 0.000009359 0.999999984 0.000000084
1.000000137 -0.000065253 -0.000015832 0.000003126 0.000065261 0.999999894 -0.000070482 -0.000119955 0.000015749 0.000070492 0.999999575 0.000001011
0.999999872 -0.000063006 0.000005581 0.000002084 0.000062968 0.999999791 -0.000051310 -0.000079970 -0.000006162 0.000051366 1.000000508 0.000000674
1.000000477 -0.000048054 0.000099422 0.000001824 0.000047993 1.000000097 -0.000041396 -0.000069974 -0.000099388 0.000041373 0.999999965 0.000000590
1.000000102 -0.000036703 0.000101844 0.000000000 0.000036662 1.000000037 0.000000897 0.000000000 -0.000101426 -0.000000861 1.000000377 -0.000000000
1.000000067 -0.000021016 0.000075978 -0.000000782 0.000020970 1.000000314 0.000016444 0.000029989 -0.000075841 -0.000016428 0.999999797 -0.000000253
1.000000177 -0.000041492 0.000072495 -0.000000521 0.000041509 0.999999802 0.000013928 0.000019993 -0.000072466 -0.000013886 1.000000462 -0.000000169
0.999999963 -0.000059339 0.000046626 -0.000001303 0.000059330 1.000000205 0.000029615 0.000049981 -0.000046444 -0.000029622 0.999999880 -0.000000421
0.999999772 -0.000067616 0.000047838 -0.000001563 0.000067615 0.999999924 0.000037379 0.000059978 -0.000047928 -0.000037334 0.999999840 -0.000000506
0.999999609 -0.000095717 0.000081081 0.000000782 0.000095646 0.999999646 -0.000016553 -0.000029989 -0.000080687 0.000016630 1.000000150 0.000000253
0.999999269 -0.000114473 0.000089286 0.000001563 0.000114371 1.000000291 -0.000032379 -0.000059978 -0.000089330 0.000032347 0.999999714 0.000000506
1.000000050 -0.000090285 0.000057367 0.000001303 0.000090252 0.999999895 -0.000029288 -0.000049981 -0.000057298 0.000029312 0.999999832 0.000000421
1.000000077 -0.000076846 0.000078911 -0.000001563 0.000076764 0.999999668 0.000039124 0.000059978 -0.000079114 -0.000039121 1.000000375 -0.000000506
0.999999838 -0.000070649 0.000096374 0.000000261 0.000070607 1.000000213 -0.000006319 -0.000009996 -0.000096750 0.000006318 1.000000338 0.000000084
0.999999693 -0.000094368 0.000083903 0.000000782 0.000094324 0.999999679 -0.000016259 -0.000029989 -0.000083504 0.000016299 1.000000197 0.000000253
0.999999399 -0.000098070 0.000071629 0.000001563 0.000098012 0.999999730 -0.000033776 -0.000059978 -0.000072223 0.000033773 1.000000120 0.000000506
0.999999635 -0.000069075 0.000082826 0.000001303 0.000068920 1.000000447 -0.000029241 -0.000049981 -0.000082596 0.000029258 1.000000282 0.000000421
0.999999556 -0.000022505 0.000089624 0.000002084 0.000022444 0.999999796 -0.000045344 -0.000079970 -0.000089299 0.000045362 0.999999823 0.000000674
0.999999850 -0.000004608 0.000078169 0.000004168 0.000004530 0.999999674 -0.000094289 -0.000159940 -0.000079250 0.000094267 1.000000011 0.000001349
0.999999920 -0.000011466 0.000053909 0.000001303 0.000011454 0.999999977 -0.000032764 -0.000049981 -0.000053136 0.000032755 1.000000506 0.000000421
1.000000056 -0.000024399 0.000039687 0.000002345 0.000024375 0.999999841 -0.000056469 -0.000089966 -0.000039799 0.000056503 0.999999737 0.000000759
0.999999694 -0.000022292 0.000015866 0.000000521 0.000022168 1.000000519 -0.000011768 -0.000019993 -0.000015741 0.000011767 1.000000374 0.000000169
0.999999781 -0.000003458 0.000073882 0.000000521 0.000003375 1.000000008 -0.000011690 -0.000019993 -0.000073584 0.000011679 0.999999984 0.000000169
1.000000212 -0.000003948 0.000098953 0.000001042 0.000003872 1.000000094 -0.000023402 -0.000039985 -0.000099041 0.000023410 0.999999813 0.000000337
1.000000229 -0.000029794 0.000138571 0.000000000 0.000029747 1.000000192 0.000003728 0.000000000 -0.000138852 -0.000003781 0.999999589 -0.000000000
1.000000020 -0.000068228 0.000143467 0.000001042 0.000068211 1.000000403 -0.000021311 -0.000039985 -0.000144113 0.000021352 0.999999875 0.000000337
0.999999816 -0.000079952 0.000149487 0.000000521 0.000079862 0.999999990 -0.000008544 -0.000019993 -0.000149867 0.000008631 1.000000587 0.000000169
0.999999900 -0.000077613 0.000151198 -0.000000261 0.000077552 0.999999913 0.000007680 0.000009996 -0.000151262 -0.000007665 0.999999781 -0.000000084
0.999999663 -0.000052456 0.000140156 0.000001563 0.000052427 0.999999890 -0.000030415 -0.000059978 -0.000140457 0.000030476 1.000000597 0.000000506
0.999999907 -0.000039300 0.000135173 0.000000261 0.000039277 0.999999994 -0.000002037 -0.000009996 -0.000134690 0.000002064 1.000000282 0.000000084
0.999999751 -0.000040659 0.000127231 0.000001042 0.000040533 1.000000134 -0.000022951 -0.000039985 -0.000127631 0.000022973 1.000000309 0.000000337
0.999999566 -0.000031607 0.000103597 0.000001824 0.000031528 1.000000504 -0.000038775 -0.000069974 -0.000103516 0.000038831 1.000000017 0.000000590
1.000000232 -0.000045929 0.000122455 0.000001303 0.000045889 1.000000049 -0.000029194 -0.000049981 -0.000122714 0.000029175 0.999999567 0.000000421
1.000000032 -0.000092397 0.000181227 0.000000521 0.000092409 0.999999633 -0.000004777 -0.000019993 -0.000181082 0.000004807 1.000000410 0.000000169
0.999999803 -0.000024110 0.000186447 0.000000782 0.000024028 1.000000495 -0.000014649 -0.000029989 -0.000186906 0.000014634 0.999999874 0.000000253
0.999999684 0.000001703 0.000181546 0.000002084 -0.000001841 1.000000413 -0.000043677 -0.000079970 -0.000181751 0.000043663 1.000000019 0.000000674
0.999999675 0.000005224 0.000176905 0.000001303 -0.000005294 1.000000376 -0.000028404 -0.000049981 -0.000176066 0.000028450 0.999999815 0.000000421
0.999999850 0.000012852 0.000174261 0.000000521 -0.000012980 1.000000410 -0.000008841 -0.000019993 -0.000174587 0.000008852 1.000000320 0.000000169
0.999999468 0.000017203 0.000146401 0.000000000 -0.000017253 1.000000437 0.000001338 0.000000000 -0.000146270 -0.000001326 1.000000454 -0.000000000
1.000000003 0.000052082 0.000165421 0.000003387 -0.000052111 0.999999999 -0.000076249 -0.000129951 -0.000165079 0.000076241 0.999999994 0.000001096
1.000000159 0.000025531 0.000133706 0.000003647 -0.000025624 1.000000348 -0.000080986 -0.000139948 -0.000132754 0.000081003 1.000000179 0.000001180
1.000000105 -0.000020230 0.000157882 0.000004950 0.000020180 1.000000423 -0.000112608 -0.000189929 -0.000157873 0.000112656 1.000000150 0.000001601
0.999999996 -0.000034724 0.000213664 0.000004950 0.000034610 1.000000012 -0.000108701 -0.000189929 -0.000213862 0.000108726 1.000000397 0.000001601
1.000000484 -0.000003461 0.000234993 0.000003908 0.000003429 0.999999629 -0.000085371 -0.000149944 -0.000235530 0.000085376 0.999999881 0.000001264
0.999999985 0.000009011 0.000269930 0.000004429 -0.000008974 1.000000041 -0.000095715 -0.000169936 -0.000269387 0.000095707 0.999999873 0.000001433
1.000000115 0.000036715 0.000274766 0.000002866 -0.000036833 1.000000498 -0.000064208 -0.000109959 -0.000275528 0.000064225 0.999999708 0.000000927
1.000000040 0.000001590 0.000284280 0.000004689 -0.000001590 0.999999914 -0.000103591 -0.000179933 -0.000283590 0.000103569 1.000000190 0.000001517
1.000000213 0.000034584 0.000202829 0.000003387 -0.000034622 1.000000515 -0.000072874 -0.000129951 -0.000203405 0.000072816 0.999999920 0.000001096
0.999999914 0.000037353 0.000181572 0.000005471 -0.000037352 1.000000032 -0.000125627 -0.000209921 -0.000182172 0.000125629 0.999999965 0.000001770
1.000000143 0.000046062 0.000182966 0.000005471 -0.000046148 1.000000253 -0.000124810 -0.000209921 -0.000182097 0.000124861 0.999999984 0.000001770
0.999999674 0.000083228 0.000140464 0.000004168 -0.000083220 0.999999973 -0.000095549 -0.000159940 -0.000140083 0.000095533 0.999999707 0.000001349
1.000000482 0.000072038 0.000081808 0.000003126 -0.000072101 1.000000477 -0.000071086 -0.000119955 -0.000081457 0.000071144 0.999999890 0.000001011
0.999999664 0.000096824 0.000078377 -0.006938250 -0.000096906 1.000000385 -0.000102266 -0.000411526 -0.000078444 0.000102277 1.000000078 -0.007191678
1.000000141 0.000103793 0.000095186 0.000004168 -0.000103839 1.000000513 -0.000095933 -0.000159940 -0.000095354 0.000095963 1.000000324 0.000001349
0.999999744 0.000094262 0.000085949 0.000002866 -0.000094275 1.000000022 -0.000067177 -0.000109959 -0.000086951 0.000067226 0.999999932 0.000000927
1.000000030 0.000116614 0.000070214 -0.006939032 -0.000116631 0.999999780 -0.000088019 -0.000381537 -0.000069794 0.000088062 1.000000527 -0.007191930
0.999999658 0.000089068 0.000089930 0.000002345 -0.000089099 0.999999802 -0.000057089 -0.000089966 -0.000089822 0.000057093 0.999999922 0.000000759
0.999999875 0.000058378 0.000107607 0.000003647 -0.000058433 1.000000229 -0.000084084 -0.000139948 -0.000107744 0.000084059 1.000000449 0.000001180
0.999999324 0.000063878 0.000108764 0.000004429 -0.000063955 1.000000514 -0.000100865 -0.000169936 -0.000108417 0.000100845 0.999999896 0.000001433
0.999999986 0.000099004 0.000173680 0.000006513 -0.000099109 0.999999830 -0.000148441 -0.000249906 -0.000174606 0.000148432 1.000000008 0.000002107
0.999999626 0.000091930 0.000164376 0.000006252 -0.000091933 0.999999614 -0.000144708 -0.000239910 -0.000164768 0.000144702 1.000000521 0.000002023
1.000000134 0.000064639 0.000153233 0.000006513 -0.000064716 0.999999959 -0.000151332 -0.000249906 -0.000153660 0.000151289 1.000000377 0.000002107
1.000000164 0.000000059 0.000131570 0.000005992 -0.000000099 1.000000133 -0.000134234 -0.000229914 -0.000130836 0.000134234 0.999999858 0.000001939
0.999999932 -0.000018280 0.000145063 0.000005992 0.000018282 0.999999668 -0.000135857 -0.000229914 -0.000145131 0.000135823 0.999999402 0.000001939
1.000000078 -0.000014593 0.000148257 0.000005471 0.000014561 0.999999658 -0.000123203 -0.000209921 -0.000147928 0.000123229 1.000000065 0.000001770
0.999999835 0.000037944 0.000135446 0.000005210 -0.000037967 1.000000002 -0.000120138 -0.000199925 -0.000136197 0.000120194 0.999999814 0.000001686
0.999999706 0.000133910 0.000147290 -0.006935385 -0.000133995 0.999999896 -0.000167048 -0.000521485 -0.000146750 0.000167012 0.999999690 -0.007190750
0.999999804 0.000173956 0.000173159 -0.006934864 -0.000174031 1.000000072 -0.000182725 -0.000541477 -0.000173304 0.000182711 1.000000272 -0.007190582
1.000000274 0.000146322 0.000160496 -0.006931216 -0.000146303 1.000000056 -0.000266249 -0.000681425 -0.000160787 0.000266243 1.000000007 -0.007189402
0.999999773 0.000051867 0.000152785 -0.006926266 -0.000051810 0.999999529 -0.000376941 -0.000871354 -0.000152355 0.000377030 1.000000046 -0.007187800
0.999999491 0.000015226 0.000149949 -0.006926266 -0.000015288 0.999999571 -0.000376665 -0.000871354 -0.000150529 0.000376665 0.999999994 -0.007187800
1.000000034 0.000016325 0.000179839 -0.006924703 -0.000016224 0.999999885 -0.000410478 -0.000931331 -0.000180216 0.000410488 1.000000084 -0.007187295
0.999999524 0.000055712 0.000173402 -0.006927308 -0.000055690 1.000000435 -0.000353923 -0.000831369 -0.000172838 0.000353964 1.000000227 -0.007188137
0.999999916 0.000080155 0.000159219 -0.006927308 -0.000080168 1.000000059 -0.000352455 -0.000831369 -0.000158491 0.000352489 0.999999964 -0.007188137
0.999999804 0.000055913 0.000147960 -0.006927308 -0.000055874 1.000000446 -0.000354650 -0.000831369 -0.000148078 0.000354604 0.999999783 -0.007188137
1.000000401 0.000011199 0.000168456 -0.006928351 -0.000011212 1.000000048 -0.000326955 -0.000791384 -0.000168227 0.000327013 0.999999924 -0.007188475
1.000000138 -0.000026475 0.000170027 -0.006928090 0.000026487 1.000000118 -0.000332985 -0.000801380 -0.000169239 0.000333066 1.000000000 -0.007188390
0.999999968 -0.000024495 0.000157089 -0.006928351 0.000024489 1.000000102 -0.000325012 -0.000791384 -0.000156496 0.000325038 0.999999708 -0.007188475
0.999999963 0.000010589 0.000184697 -0.006928351 -0.000010660 1.000000020 -0.000325515 -0.000791384 -0.000184505 0.000325517 0.999999492 -0.007188475
1.000000436 0.000034514 0.000175625 -0.006927048 -0.000034484 0.999999911 -0.000357322 -0.000841365 -0.000175820 0.000357342 0.999999586 -0.007188053
0.999999839 0.000069454 0.000128940 -0.006927048 -0.000069522 0.999999827 -0.000358004 -0.000841365 -0.000129581 0.000357960 1.000000181 -0.007188053
1.000000073 0.000075566 0.000133587 -0.006925224 -0.000075654 1.000000342 -0.000400141 -0.000911339 -0.000133771 0.000400145 0.999999892 -0.007187463
0.999999648 0.000059385 0.000133852 -0.006926006 -0.000059360 0.999999781 -0.000383643 -0.000881350 -0.000133909 0.000383667 1.000000472 -0.007187716
0.999999654 0.000046137 0.000113301 -0.006924703 -0.000046183 0.999999651 -0.000409229 -0.000931331 -0.000113504 0.000409249 1.000000313 -0.007187295
1.000000006 0.000069072 0.000098731 -0.006924443 -0.000069162 1.000000336 -0.000419570 -0.000941327 -0.000099169 0.000419620 0.999999431 -0.007187210
1.000000357 0.000118700 0.000085399 -0.006923140 -0.000118754 0.999999891 -0.000450759 -0.000991309 -0.000085330 0.000450700 0.999999444 -0.007186789
0.999999801 0.000107978 0.000110262 -0.006924182 -0.000107974 1.000000419 -0.000427830 -0.000951324 -0.000110179 0.000427804 0.999999700 -0.007187126
1.000000263 0.000105950 0.000179916 -0.006923401 -0.000105952 0.999999469 -0.000440081 -0.000981312 -0.000180204 0.000440081 0.999999614 -0.007186873
0.999999880 0.000102771 0.000204023 -0.006923401 -0.000102758 1.000000407 -0.000442440 -0.000981312 -0.000203575 0.000442422 1.000000059 -0.007186873
0.999999677 0.000084850 0.000259749 -0.006923401 -0.000084728 0.999999889 -0.000436344 -0.000981312 -0.000259594 0.000436381 1.000000287 -0.007186873
0.999999521 0.000059676 0.000247880 -0.006924443 -0.000059623 1.000000054 -0.000415139 -0.000941327 -0.000247774 0.000415213 0.999999908 -0.007187210
1.000000343 0.000057953 0.000256918 -0.006924703 -0.000057879 0.999999954 -0.000408686 -0.000931331 -0.000256968 0.000408677 0.999999309 -0.007187295
0.999999563 0.000075395 0.000226073 -0.006926527 -0.000075448 1.000000048 -0.000365849 -0.000861357 -0.000226430 0.000365843 0.999999838 -0.007187885
0.999999485 0.000086800 0.000245092 -0.006925485 -0.000086815 0.999999549 -0.000390048 -0.000901342 -0.000245436 0.000390024 1.000000366 -0.007187547
0.999999476 0.000075948 0.000220677 -0.006924964 -0.000075903 1.000000372 -0.000402568 -0.000921335 -0.000220770 0.000402556 0.999999328 -0.007187379
1.000000209 0.000023991 0.000178102 -0.006923922 -0.000023910 1.000000205 -0.000424774 -0.000961320 -0.000178737 0.000424766 0.999999460 -0.007187042
1.000000006 0.000025706 0.000205287 -0.006927048 -0.000025737 0.999999668 -0.000355724 -0.000841365 -0.000204894 0.000355703 1.000000097 -0.007188053
1.000000252 0.000047497 0.000186422 -0.006929132 -0.000047482 0.999999857 -0.000310779 -0.000761395 -0.000186328 0.000310753 1.000000113 -0.007188728
1.000000064 0.000082887 0.000122566 -0.006924703 -0.000082861 0.999999627 -0.000411483 -0.000931331 -0.000122398 0.000411454 0.999999787 -0.007187295
0.999999991 0.000122072 0.000141069 -0.006924703 -0.000122030 0.999999686 -0.000415870 -0.000931331 -0.000140475 0.000415894 1.000000149 -0.007187295
0.999999471 0.000124025 0.000148513 -0.006926266 -0.000124010 1.000000400 -0.000375852 -0.000871354 -0.000148248 0.000375893 0.999999962 -0.007187800
0.999999854 0.000053072 0.000155319 -0.006929132 -0.000053032 1.000000007 -0.000311344 -0.000761395 -0.000155173 0.000311345 0.999999568 -0.007188728
1.000000113 0.000115369 0.000157800 -0.006928611 -0.000115368 0.999999750 -0.000325637 -0.000781387 -0.000157500 0.000325602 1.000000433 -0.007188559
0.999999776 0.000156742 0.000156124 -0.006927830 -0.000156689 0.999999968 -0.000342252 -0.000811376 -0.000157177 0.000342244 0.999999828 -0.007188306
0.999999428 0.000229931 0.000148897 -0.006928090 -0.000229956 0.999999824 -0.000336310 -0.000801380 -0.000148819 0.000336253 0.999999653 -0.007188390
1.000000377 0.000218573 0.000098632 -0.006928351 -0.000218604 0.999999516 -0.000334841 -0.000791384 -0.000098679 0.000334853 0.999999461 -0.007188475
0.999999845 0.000232428 0.000088187 -0.006929132 -0.000232433 0.999999710 -0.000314926 -0.000761395 -0.000087969 0.000314940 1.000000532 -0.007188728
0.999999803 0.000232887 0.000125286 -0.006927569 -0.000232850 1.000000042 -0.000353014 -0.000821372 -0.000125450 0.000352995 0.999999369 -0.007188222
0.999999430 0.000238285 0.000095450 -0.006926527 -0.000238411 1.000000374 -0.000375546 -0.000861357 -0.000095709 0.000375578 0.999999729 -0.007187885
0.999999442 0.000242619 0.000090143 -0.006927048 -0.000242664 1.000000375 -0.000362355 -0.000841365 -0.000090017 0.000362358 1.000000237 -0.007188053
1.000000174 0.000265997 0.000096869 -0.006927830 -0.000266012 0.999999872 -0.000349085 -0.000811376 -0.000096890 0.000349125 1.000000251 -0.007188306
1.000000205 0.000197659 0.000079864 -0.006925224 -0.000197641 0.999999539 -0.000402147 -0.000911339 -0.000079753 0.000402166 1.000000373 -0.007187463
1.000000277 0.000204197 0.000073774 -0.006924964 -0.000204193 0.999999794 -0.000412226 -0.000921335 -0.000074042 0.000412252 0.999999639 -0.007187379
0.999999839 0.000189218 0.000070894 -0.006924964 -0.000189276 1.000000388 -0.000410251 -0.000921335 -0.000071340 0.000410285 0.999999572 -0.007187379
0.999999950 0.000179294 0.000092673 -0.006923922 -0.000179349 1.000000311 -0.000431827 -0.000961320 -0.000092634 0.000431823 1.000000129 -0.007187042
1.000000220 0.000172492 0.000078445 -0.006924182 -0.000172515 1.000000107 -0.000428618 -0.000951324 -0.000077832 0.000428663 0.999999852 -0.007187126
1.000000054 0.000224197 0.000071459 -0.006921838 -0.000224188 0.999999939 -0.000486209 -0.001041290 -0.000071765 0.000486228 1.000000188 -0.007186367
0.999999899 0.000183244 0.000123897 -0.006924964 -0.000183220 1.000000215 -0.000408247 -0.000921335 -0.000124430 0.000408271 0.999999785 -0.007187379
0.999999767 0.000185763 0.000112898 -0.006925745 -0.000185729 1.000000158 -0.000393745 -0.000891346 -0.000113096 0.000393747 1.000000182 -0.007187632
0.999999951 0.000182127 0.000088108 -0.006924443 -0.000182214 1.000000281 -0.000419502 -0.000941327 -0.000088368 0.000419496 0.999999950 -0.007187210
1.000000079 0.000191814 0.000081073 -0.006924443 -0.000191854 0.999999544 -0.000420937 -0.000941327 -0.000081216 0.000420876 0.999999837 -0.007187210
1.000000214 0.000203637 0.000070740 -0.006924182 -0.000203671 0.999999946 -0.000431965 -0.000951324 -0.000071218 0.000431973 1.000000450 -0.007187126
0.999999701 0.000198324 0.000091071 -0.006924443 -0.000198344 0.999999745 -0.000424636 -0.000941327 -0.000090365 0.000424596 1.000000043 -0.007187210
1.000000099 0.000236659 0.000136071 -0.006923661 -0.000236639 0.999999883 -0.000441178 -0.000971316 -0.000136731 0.000441114 1.000000263 -0.007186957
0.999999437 0.000227513 0.000152908 -0.006922619 -0.000227490 0.999999826 -0.000462590 -0.001011301 -0.000153082 0.000462594 1.000000024 -0.007186620
0.999999793 0.000269730 0.000150161 -0.006924964 -0.000269676 0.999999495 -0.000411466 -0.000921335 -0.000150618 0.000411431 0.999999567 -0.007187379
0.999999948 0.000256520 0.000138927 -0.006927048 -0.000256567 0.999999728 -0.000361283 -0.000841365 -0.000138696 0.000361336 1.000000383 -0.007188053
0.999999571 0.000272645 0.000174005 -0.006926527 -0.000272680 1.000000281 -0.000377065 -0.000861357 -0.000173937 0.000377034 1.000000422 -0.007187885
0.999999954 0.000213025 0.000163726 -0.006924703 -0.000213062 1.000000063 -0.000416836 -0.000931331 -0.000163796 0.000416790 1.000000557 -0.007187295
0.999999783 0.000202743 0.000169187 -0.006922619 -0.000202711 1.000000181 -0.000462599 -0.001011301 -0.000169540 0.000462578 0.999999604 -0.007186620
0.999999548 0.000205159 0.000193109 -0.006922880 -0.000205214 1.000000204 -0.000457861 -0.001001305 -0.000192863 0.000457882 0.999999989 -0.007186705
0.999999723 0.000203432 0.000205295 -0.006922619 -0.000203417 1.000000207 -0.000463629 -0.001011301 -0.000205605 0.000463581 0.999999543 -0.007186620
0.999999763 0.000204801 0.000165698 -0.006921317 -0.000204776 0.999999479 -0.000491560 -0.001061282 -0.000165280 0.000491617 0.999999773 -0.007186199
1.000000194 0.000210905 0.000180121 -0.006920796 -0.000210898 0.999999728 -0.000502245 -0.001081275 -0.000180783 0.000502261 1.000000113 -0.007186030
1.000000217 0.000221286 0.000166412 -0.006920274 -0.000221281 1.000000139 -0.000518949 -0.001101267 -0.000166555 0.000518920 1.000000004 -0.007185862
0.999999870 0.000210017 0.000203655 -0.006922880 -0.000210003 1.000000307 -0.000454990 -0.001001305 -0.000204135 0.000454997 0.999999445 -0.007186705
1.000000151 0.000219897 0.000205390 -0.006920014 -0.000219810 1.000000125 -0.000521565 -0.001111264 -0.000205466 0.000521512 1.000000006 -0.007185777
1.000000084 0.000264796 0.000174700 -0.006916888 -0.000264770 0.999999890 -0.000592261 -0.001231219 -0.000174698 0.000592182 1.000000028 -0.007184766
1.000000393 0.000233727 0.000157914 -0.006915585 -0.000233709 0.999999366 -0.000626117 -0.001281200 -0.000157966 0.000626080 0.999999294 -0.007184344
1.000000106 0.000215121 0.000168698 -0.006915064 -0.000215106 0.999999942 -0.000633331 -0.001301192 -0.000169435 0.000633314 1.000000249 -0.007184176
0.999999795 0.000197335 0.000137764 -0.006917148 -0.000197340 1.000000081 -0.000586146 -0.001221222 -0.000137757 0.000586109 0.999999326 -0.007184850
0.999999840 0.000204770 0.000128979 -0.006920014 -0.000204770 0.999999729 -0.000521375 -0.001111264 -0.000129210 0.000521389 1.000000069 -0.007185777
1.000000021 0.000235590 0.000134265 -0.006920796 -0.000235517 0.999999411 -0.000507092 -0.001081275 -0.000133912 0.000507084 1.000000049 -0.007186030
0.999999954 0.000261539 0.000130772 -0.006923140 -0.000261508 0.999999648 -0.000454961 -0.000991309 -0.000131584 0.000454922 1.000000279 -0.007186789
1.000000127 0.000213910 0.000131349 -0.006924443 -0.000213889 1.000000136 -0.000422816 -0.000941327 -0.000131961 0.000422746 1.000000033 -0.007187210
0.999999764 0.000189352 0.000107577 -0.006925224 -0.000189383 1.000000361 -0.000406678 -0.000911339 -0.000107409 0.000406681 1.000000192 -0.007187463
0.999999866 0.000207485 0.000085618 -0.006926527 -0.000207507 0.999999593 -0.000378215 -0.000861357 -0.000086046 0.000378222 0.999999577 -0.007187885
1.000000270 0.000285600 0.000032171 -0.006924964 -0.000285673 0.999999960 -0.000417481 -0.000921335 -0.000032373 0.000417508 0.999999653 -0.007187379
0.999999340 0.000330850 0.000032587 -0.006925485 -0.000330917 1.000000048 -0.000406771 -0.000901342 -0.000032736 0.000406778 1.000000282 -0.007187547
1.000000228 0.000332625 0.000040038 -0.006923661 -0.000332660 0.999999441 -0.000447965 -0.000971316 -0.000040486 0.000447905 1.000000035 -0.007186957
1.000000456 0.000251736 0.000012236 -0.006923922 -0.000251791 1.000000267 -0.000439985 -0.000961320 -0.000012837 0.000440034 1.000000187 -0.007187042
1.000000213 0.000157326 -0.000062560 -0.006925745 -0.000157430 1.000000413 -0.000393248 -0.000891346 0.000062081 0.000393243 0.999999908 -0.007187632
0.999999867 0.000054278 -0.000129603 -0.006926787 -0.000054429 0.999999555 -0.000372596 -0.000851361 0.000129856 0.000372617 0.999999974 -0.007187969
0.999999998 0.000175682 -0.000061914 -0.006920014 -0.000175847 1.000000008 -0.000525624 -0.001111264 0.000061517 0.000525683 0.999999560 -0.007185777
0.999999720 0.000182227 -0.000046593 -0.006913501 -0.000182382 0.999999466 -0.000678371 -0.001361170 0.000046712 0.000678425 0.999999634 -0.007183670
0.999999605 0.000139315 0.000052164 -0.006851237 -0.000139300 0.999998303 -0.002096866 -0.003750274 -0.000051939 0.002096894 0.999997834 -0.007163525
0.999999569 0.000195262 0.000168707 -0.006732962 -0.000194514 0.999988627 -0.004810121 -0.008288572 -0.000169609 0.004810174 0.999988989 -0.007125258
1.000000385 0.000273494 0.000179068 -0.006691279 -0.000272512 0.999983742 -0.005768558 -0.009887972 -0.000180289 0.005768596 0.999983375 -0.007111772
0.999999943 0.000258985 0.000134379 -0.006697271 -0.000258243 0.999984193 -0.005629663 -0.009658058 -0.000135854 0.005629660 0.999984307 -0.007113711
1.000000159 0.000217465 0.000005956 -0.007008784 -0.000217534 0.999991202 -0.004216419 -0.007176232 -0.000006750 0.004216443 0.999991283 0.007005794
1.000000066 0.000255398 -0.000056496 -0.000074702 -0.000255624 0.999991540 -0.004020566 -0.006604765 0.000055789 0.004020639 0.999992154 0.014196123
0.999999403 0.000357850 -0.000127883 -0.007499466 -0.000358483 0.999990630 -0.004426497 -0.007290673 0.000126614 0.004426573 0.999989886 0.035287622
0.999999656 0.000442358 -0.000282122 -0.008234969 -0.000443809 0.999988548 -0.004748849 -0.007482329 0.000280770 0.004748936 0.999988316 0.077710533
0.999999363 0.000491405 -0.000373490 -0.001542320 -0.000493169 0.999988796 -0.004745124 -0.007118028 0.000371685 0.004745380 0.999988794 0.099043040
0.999999807 0.000593359 -0.000584492 -0.009487206 -0.000596124 0.999988940 -0.004684298 -0.006788801 0.000581856 0.004684645 0.999988826 0.148406842
0.999999475 0.000795193 -0.000748039 -0.010476387 -0.000798948 0.999987203 -0.004921856 -0.006717797 0.000743303 0.004922533 0.999987830 0.204967970
0.999997924 0.000927671 -0.001528637 -0.012465429 -0.000935661 0.999986609 -0.005152996 -0.006165944 0.001523744 0.005154476 0.999985785 0.318086769
0.999997461 0.000943201 -0.002068728 -0.007019026 -0.000954025 0.999985592 -0.005221208 -0.005338029 0.002064213 0.005223212 0.999983861 0.410117524
0.999996621 0.000937096 -0.002313124 -0.014955836 -0.000949489 0.999985466 -0.005343525 -0.005318686 0.002308160 0.005345748 0.999983348 0.459483940
0.999994904 0.001032981 -0.002885925 -0.016943836 -0.001049148 0.999984077 -0.005593468 -0.004806817 0.002880373 0.005596493 0.999980173 0.572603076
0.999993309 0.000864079 -0.003578550 -0.012256903 -0.000883579 0.999985297 -0.005429564 -0.003250902 0.003574242 0.005432773 0.999978654 0.707048988
0.999992946 0.000808424 -0.003679220 -0.013757087 -0.000828325 0.999985550 -0.005394573 -0.002514633 0.003674223 0.005397507 0.999978718 0.791885368
0.999993264 0.000980517 -0.003472114 -0.016503516 -0.000999328 0.999985213 -0.005415377 -0.001314750 0.003466956 0.005418818 0.999979714 0.947419998
0.999994081 0.000682432 -0.003298336 -0.012312997 -0.000699945 0.999985450 -0.005298099 0.000346641 0.003294846 0.005300435 0.999980434 1.110145883
0.999994577 0.000464253 -0.003264362 -0.006875712 -0.000481027 0.999986404 -0.005137248 0.001524425 0.003261992 0.005138823 0.999981167 1.202173689
0.999994518 0.000149655 -0.003360971 -0.010133665 -0.000166085 0.999988033 -0.004880058 0.003409566 0.003359908 0.004880627 0.999982360 1.385983403
0.999994754 -0.000823708 -0.003134618 -0.013382760 0.000808627 0.999987962 -0.004798620 0.004954835 0.003139263 0.004796069 0.999983588 1.569795983
0.999994775 -0.000913623 -0.002997105 -0.008196027 0.000899699 0.999989121 -0.004620957 0.006275323 0.003001333 0.004618255 0.999985308 1.675963017
0.999995104 -0.001416998 -0.002826508 -0.005008235 0.001404474 0.999989212 -0.004409228 0.008527522 0.002832528 0.004405239 0.999985927 1.895245646
0.999995029 -0.001384164 -0.002838888 -0.002320505 0.001372164 0.999990368 -0.004207466 0.011025145 0.002844807 0.004203624 0.999986928 2.142807070
0.999994494 -0.001217482 -0.003080625 -0.004327003 0.001205019 0.999991192 -0.004027091 0.012246747 0.003085884 0.004023394 0.999987586 2.255920221
0.999993765 -0.001619433 -0.003124901 -0.002151318 0.001608323 0.999992486 -0.003526049 0.015449620 0.003130042 0.003521011 0.999988467 2.531756561
0.999995771 -0.000758038 -0.002884847 0.000281171 0.000748707 0.999994308 -0.003212357 0.018269879 0.002887274 0.003210182 0.999990914 2.793455696
0.999995417 -0.000768262 -0.002848616 -0.001970146 0.000759297 0.999994409 -0.003137184 0.019414268 0.002851114 0.003135104 0.999990955 2.920709930
0.999995545 -0.000872740 -0.002762691 0.000204236 0.000865518 0.999996251 -0.002611129 0.022667122 0.002765401 0.002608755 0.999993230 3.196545848
0.999994473 -0.000374668 -0.003252608 0.002406494 0.000365613 0.999996477 -0.002758263 0.024850378 0.003253119 0.002757090 0.999991407 3.472390785
0.999994918 -0.000473538 -0.003282771 -0.000320396 0.000462923 0.999994834 -0.003225345 0.025300542 0.003284177 0.003223761 0.999988939 3.627931736
0.999992313 -0.000394390 -0.003968603 0.001449535 0.000374910 0.999988082 -0.004908516 0.025130195 0.003970855 0.004907057 0.999980341 3.932077382
0.999991249 -0.000206203 -0.004200296 0.003190289 0.000181348 0.999982483 -0.005916286 0.026079429 0.004200817 0.005915498 0.999973673 4.236213587
0.999990667 0.000009068 -0.004355879 0.007384194 -0.000034740 0.999982885 -0.005890936 0.027610868 0.004356001 0.005891079 0.999972844 4.398940569
0.999989746 -0.000469053 -0.004537405 0.008307381 0.000444963 0.999985515 -0.005310024 0.031517265 0.004539579 0.005307994 0.999975615 4.745473134
0.999988188 -0.000193818 -0.004837545 0.002289713 0.000170636 0.999988324 -0.004791139 0.035112098 0.004838072 0.004790339 0.999976786 5.084813179
0.999987848 -0.000359387 -0.004888335 0.006465382 0.000338126 0.999990193 -0.004339077 0.037343275 0.004889773 0.004337411 0.999978650 5.247534259
0.999986954 -0.000276811 -0.005094784 0.007593791 0.000262702 0.999995991 -0.002754225 0.042846316 0.005094751 0.002752881 0.999982879 5.579912930
0.999985274 0.000953270 -0.005376691 0.008022388 -0.000965849 0.999996567 -0.002336017 0.046788215 0.005373973 0.002341210 0.999982345 5.954726059
0.999984009 0.001890688 -0.005395040 0.004754275 -0.001900887 0.999996183 -0.001879516 0.049063210 0.005391306 0.001889791 0.999983333 6.138532486
0.999973222 0.002314769 -0.006914040 0.004618202 -0.002314686 0.999997284 0.000018272 0.055729602 0.006914272 -0.000002230 0.999976026 6.541603505
0.999965611 0.001990308 -0.008065236 0.004523291 -0.001982343 0.999997537 0.001002313 0.060816587 0.008067118 -0.000986288 0.999966942 6.944687841
0.999961522 0.001466477 -0.008616303 0.000805136 -0.001463522 0.999999314 0.000355442 0.061417725 0.008616678 -0.000342844 0.999963071 7.156789245
0.999944808 -0.000409523 -0.010550914 0.000576386 0.000395947 0.999999159 -0.001288901 0.062169093 0.010551420 0.001284616 0.999943419 7.574050571
0.999909703 -0.001861402 -0.013340975 -0.003382503 0.001816831 0.999992517 -0.003347928 0.063981426 0.013347214 0.003323448 0.999905597 8.203409424
0.999882468 -0.002177005 -0.015160492 -0.004193378 0.002129482 0.999992508 -0.003144072 0.068127037 0.015167504 0.003111458 0.999879610 8.648922993
0.999847160 -0.000055151 -0.017502945 -0.019645174 0.000004749 0.999995786 -0.002874503 0.072367523 0.017502857 0.002873988 0.999843155 9.122466761
0.999835649 0.001089532 -0.018068947 -0.023634461 -0.001145539 0.999994527 -0.003081620 0.073901069 0.018065591 0.003101864 0.999831979 9.348700735
0.999816827 0.001119547 -0.019132133 -0.032104760 -0.001188891 0.999992797 -0.003612194 0.076893704 0.019127878 0.003634323 0.999811062 9.829450172
0.999788158 -0.000297882 -0.020594107 -0.040596162 0.000223063 0.999993808 -0.003632240 0.080696036 0.020595662 0.003626887 0.999781153 10.310192782
0.999772599 -0.001002997 -0.021297531 -0.037931878 0.000941662 0.999995032 -0.002887388 0.084093321 0.021299727 0.002866728 0.999769155 10.557746620
0.999753070 -0.002919812 -0.022049567 -0.046978310 0.002884940 0.999994957 -0.001609335 0.090250284 0.022054075 0.001545303 0.999755583 11.066750239
0.999722631 -0.005276451 -0.022946049 -0.055941116 0.005226437 0.999984379 -0.002237786 0.093198451 0.022957112 0.002117232 0.999734148 11.575780914
0.999707083 -0.005802167 -0.023481214 -0.053453137 0.005728786 0.999978559 -0.003187307 0.093889508 0.023498822 0.003051916 0.999719534 11.837498002
0.999677337 -0.004676405 -0.024962138 -0.069807881 0.004551197 0.999976895 -0.005066461 0.094892240 0.024985107 0.004951178 0.999675821 12.367630797
0.999662404 -0.004687893 -0.025570736 -0.079590337 0.004583613 0.999980712 -0.004134260 0.100877540 0.025589275 0.004015677 0.999664711 12.919057158
0.999648994 -0.004901152 -0.026032015 -0.084872503 0.004817014 0.999982984 -0.003291133 0.104664029 0.026047590 0.003164590 0.999656207 13.215974292
0.999602057 -0.006456030 -0.027455443 -0.094895089 0.006387987 0.999975925 -0.002564051 0.110392183 0.027472056 0.002387697 0.999619608 13.781543253
0.999541477 -0.009813726 -0.028629199 -0.098253945 0.009785114 0.999951536 -0.001137218 0.117594223 0.028638433 0.000856551 0.999589622 14.368435365
0.999508126 -0.010939364 -0.029393217 -0.110524901 0.010966564 0.999939823 0.000765340 0.122908459 0.029383050 -0.001087285 0.999568032 14.658144470
0.999428308 -0.011487746 -0.031796675 -0.121172077 0.011629636 0.999923489 0.004284039 0.133660244 0.031744192 -0.004651364 0.999485502 15.251951934
0.999363034 -0.013305959 -0.033111758 -0.131284736 0.013358333 0.999910119 0.001362246 0.133373412 0.033090695 -0.001803708 0.999450201 15.831712045
0.999341660 -0.013174048 -0.033808774 -0.136428827 0.013148936 0.999913141 -0.000964971 0.131861888 0.033819029 0.000519829 0.999428151 16.128673852
0.999282988 -0.011827801 -0.035967387 -0.160960251 0.011720172 0.999926238 -0.003200127 0.132616820 0.036002022 0.002776332 0.999348429 16.722315747
0.999217528 -0.010850306 -0.038029223 -0.178978525 0.010808509 0.999940830 -0.001304484 0.140623470 0.038040740 0.000892451 0.999275679 17.337232074
0.999165184 -0.010928790 -0.039349451 -0.191474762 0.010937300 0.999940620 0.000001800 0.145110773 0.039346475 -0.000432158 0.999225678 17.641088582
0.999071509 -0.012021361 -0.041382224 -0.209683929 0.012055652 0.999927711 0.000579390 0.150970986 0.041372047 -0.001077708 0.999142731 18.270163440
0.998941584 -0.013917018 -0.043845208 -0.220773264 0.013803073 0.999900709 -0.002899093 0.150275337 0.043881375 0.002290858 0.999034304 18.906488724
0.998879441 -0.014516265 -0.045044963 -0.233582510 0.014266703 0.999880657 -0.005854716 0.147830755 0.045124152 0.005205483 0.998968069 19.238684545
0.998743526 -0.015338527 -0.047704728 -0.259005421 0.014850734 0.999834283 -0.010561940 0.144908096 0.047859063 0.009840183 0.998805846 19.888919175
0.998607085 -0.016857001 -0.049993946 -0.284588290 0.016298077 0.999800239 -0.011564091 0.148123135 0.050179006 0.010733191 0.998682869 20.539102052
0.998523095 -0.017588247 -0.051399427 -0.304727800 0.017025470 0.999790991 -0.011364818 0.150837696 0.051588325 0.010472948 0.998613312 20.878199656
0.998306959 -0.017836526 -0.055360747 -0.330687312 0.017336419 0.999805098 -0.009499433 0.159033625 0.055519231 0.008523626 0.998421673 21.542480965
0.998095389 -0.018803730 -0.058755119 -0.371082784 0.018456571 0.999809132 -0.006444349 0.168931070 0.058865245 0.005347672 0.998251782 22.220638495
0.997926389 -0.019924744 -0.061207783 -0.384299675 0.019605416 0.999790619 -0.005812120 0.172656932 0.061310052 0.004600056 0.998107939 22.566922719
