1.000000000 -0.000000000 0.000000000 -0.000000000 -0.000000000 1.000000000 -0.000000000 0.000000000 -0.000000000 0.000000000 1.000000000 0.000000000
0.999995287 0.001937240 -0.002452088 -0.009989492 -0.001934704 0.999997884 0.001038944 -0.015019076 0.002453667 -0.001034198 0.999996642 0.189472486
0.999957944 0.006040942 -0.006949768 -0.016604878 -0.006018587 0.999976422 0.003217188 -0.043266416 0.006969279 -0.003175234 0.999971404 0.553342861
0.999892035 0.009588016 -0.011236449 -0.031311818 -0.009592668 0.999954035 -0.000362489 -0.082642270 0.011232936 0.000470258 0.999937260 0.921918874
0.999861405 0.010123217 -0.013225302 -0.033480610 -0.010208502 0.999927226 -0.006401396 -0.108426337 0.013159805 0.006535523 0.999892576 1.088285553
0.999806978 0.008599948 -0.017692024 -0.038369393 -0.008935307 0.999779840 -0.018969647 -0.162159690 0.017524305 0.019124082 0.999663770 1.435740112
0.999707976 0.009578308 -0.022204548 -0.048836550 -0.010006065 0.999764587 -0.019233987 -0.193240516 0.022016499 0.019450574 0.999568860 1.779067349
0.999647155 0.009678767 -0.024743690 -0.056319048 -0.010080422 0.999819033 -0.016159300 -0.204936550 0.024583509 0.016403156 0.999563101 1.971908217
0.999516828 0.010370291 -0.029314286 -0.073745189 -0.010764645 0.999852964 -0.013325895 -0.234031798 0.029172205 0.013635000 0.999481978 2.354009587
0.999335848 0.011876487 -0.034463897 -0.092286896 -0.012416856 0.999802495 -0.015507775 -0.271948901 0.034273016 0.015925459 0.999285670 2.733789041
0.999242628 0.012448781 -0.036883012 -0.099611512 -0.013083482 0.999769729 -0.017018399 -0.291840977 0.036663061 0.017488213 0.999174992 2.925899939
0.998993256 0.013208705 -0.042886089 -0.121920265 -0.014066582 0.999705551 -0.019762830 -0.331814763 0.042613258 0.020346190 0.998884627 3.316569736
0.998730481 0.011924061 -0.048955218 -0.140394671 -0.012994914 0.999682218 -0.021615617 -0.370638100 0.048682444 0.022224425 0.998566838 3.711950625
0.998612045 0.011387069 -0.051421132 -0.156052749 -0.012528394 0.999680791 -0.021927619 -0.389100720 0.051155304 0.022541460 0.998436158 3.909885620
0.998292505 0.012060980 -0.057168734 -0.184830643 -0.013310989 0.999679695 -0.021535524 -0.424326193 0.056891019 0.022259815 0.998132437 4.308979419
0.997918296 0.013532227 -0.063063065 -0.216184207 -0.014892212 0.999665318 -0.021145357 -0.459309480 0.062756222 0.022040438 0.997785948 4.705022368
0.997714306 0.013680975 -0.066178370 -0.231865882 -0.015087067 0.999669436 -0.020793581 -0.476547175 0.065872897 0.021744512 0.997591028 4.903066460
0.997297509 0.014479769 -0.072040618 -0.263819564 -0.015917908 0.999684113 -0.019429329 -0.511156204 0.071736941 0.020523573 0.997212398 5.314056784
0.996744222 0.014984931 -0.079223062 -0.296997809 -0.016434725 0.999708716 -0.017680302 -0.546341241 0.078935347 0.018924729 0.996700571 5.739141746
0.996460341 0.014612112 -0.082797549 -0.320264990 -0.016068541 0.999726977 -0.016951408 -0.565023360 0.082527169 0.018221913 0.996422558 5.959204230
0.995884703 0.015047940 -0.089375437 -0.364855225 -0.016530818 0.999737227 -0.015875717 -0.603211578 0.089112882 0.017287862 0.995871891 6.401560125
0.995171200 0.017191689 -0.096636914 -0.419002876 -0.018778420 0.999703417 -0.015534479 -0.643165506 0.096341394 0.017274275 0.995198440 6.847919335
0.994799768 0.017959204 -0.100260567 -0.442895079 -0.019597009 0.999689318 -0.015375521 -0.662768015 0.099953568 0.017260352 0.994843096 7.067131741
0.994042589 0.019383444 -0.107259351 -0.498308696 -0.021179270 0.999653939 -0.015629131 -0.703736147 0.106920129 0.017807787 0.994109131 7.511864412
0.993160269 0.020720801 -0.114912017 -0.553070435 -0.022720558 0.999612299 -0.016120233 -0.745178113 0.114533800 0.018620948 0.993245162 7.957322987
0.992729507 0.020384127 -0.118631595 -0.589658050 -0.022525281 0.999605784 -0.016735943 -0.767891760 0.118244953 0.019286469 0.992797716 8.192260502
0.991841594 0.019622851 -0.125962691 -0.647550495 -0.021999517 0.999605098 -0.017504620 -0.811057586 0.125569641 0.020132938 0.991880733 8.649407168
0.990978794 0.020020553 -0.132517497 -0.716912097 -0.022511352 0.999596046 -0.017324593 -0.854258888 0.132117521 0.020151477 0.991029170 9.124089082
0.990520305 0.021203717 -0.135722478 -0.749736311 -0.023768529 0.999567546 -0.017304687 -0.874726636 0.135296858 0.020366598 0.990596153 9.348153106
0.989651348 0.022627949 -0.141697992 -0.821005399 -0.025409011 0.999518086 -0.017847979 -0.919006079 0.141226579 0.021263797 0.989749630 9.820434683
0.988871857 0.024560154 -0.146732744 -0.896206637 -0.027583440 0.999446011 -0.018605472 -0.961946296 0.146194148 0.022445864 0.989001927 10.272544758
0.988518077 0.024920488 -0.149036374 -0.934108371 -0.027979189 0.999438195 -0.018461949 -0.983174503 0.148492213 0.022419887 0.988660058 10.506078362
0.987833134 0.024676783 -0.153551174 -1.001710708 -0.027715810 0.999459394 -0.017682461 -1.022778125 0.153032072 0.021723279 0.987982656 10.952020718
0.987234599 0.023757320 -0.157492922 -1.077592218 -0.026809574 0.999490667 -0.017284333 -1.063770615 0.157002047 0.021286025 0.987369285 11.403536161
0.986862133 0.023400646 -0.159863926 -1.112334469 -0.026552201 0.999492250 -0.017606116 -1.084768773 0.159371295 0.021619538 0.986982236 11.625248630
0.986193281 0.023893730 -0.163871602 -1.182464710 -0.027242846 0.999462402 -0.018220569 -1.126609935 0.163348526 0.022433374 0.986314066 12.067919283
0.985548120 0.024998180 -0.167544406 -1.262223924 -0.028318023 0.999446659 -0.017454710 -1.166502198 0.167015701 0.021947048 0.985710237 12.514924086
0.985219421 0.026310664 -0.169269128 -1.301494989 -0.029641673 0.999412859 -0.017181737 -1.185966130 0.168717940 0.021945236 0.985420100 12.731396466
0.984699619 0.027654111 -0.172053558 -1.374317697 -0.030973494 0.999382186 -0.016637441 -1.224089516 0.171487565 0.021712067 0.984946959 13.155643670
0.984277705 0.028660331 -0.174290588 -1.450332657 -0.032085063 0.999342860 -0.016863736 -1.263329289 0.173692715 0.022190855 0.984549493 13.575950920
0.984102339 0.028849673 -0.175244818 -1.492810363 -0.032308435 0.999335016 -0.016915502 -1.283162703 0.174640742 0.022308605 0.984379772 13.788549867
0.983595342 0.029222732 -0.178007506 -1.564997498 -0.032603390 0.999338877 -0.016095974 -1.320913430 0.177420028 0.021635650 0.983897846 14.213598367
0.983034160 0.030751664 -0.180829704 -1.649904409 -0.034098232 0.999299109 -0.015426229 -1.360510536 0.180229727 0.021330511 0.983393632 14.654484619
0.982822629 0.031311568 -0.181880153 -1.689170104 -0.034664093 0.999282282 -0.015282652 -1.380253313 0.181271121 0.021324860 0.983202686 14.870932164
0.982431139 0.032239674 -0.183819048 -1.772763473 -0.035662790 0.999245677 -0.015346206 -1.421305983 0.183186268 0.021632179 0.982840729 15.313224988
0.981909709 0.032560373 -0.186530495 -1.853856720 -0.036064598 0.999230535 -0.015423443 -1.461266380 0.185884777 0.021871561 0.982328899 15.743005366
0.981672495 0.032545374 -0.187777978 -1.897632429 -0.036028426 0.999235696 -0.015165064 -1.480450887 0.187141053 0.021652527 0.982095019 15.954125898
0.981250563 0.031736538 -0.190109778 -1.976241861 -0.035180844 0.999272162 -0.014769510 -1.518472517 0.189503281 0.021180896 0.981652437 16.371469221
0.980675358 0.031292813 -0.193124840 -2.053623084 -0.034817002 0.999282633 -0.014880291 -1.556107356 0.192521734 0.021316859 0.981061475 16.774701055
0.980253778 0.031472503 -0.195224557 -2.094238160 -0.035100531 0.999268651 -0.015150974 -1.575121567 0.194606064 0.021704375 0.980641902 16.973995130
0.979480535 0.031819287 -0.199011486 -2.177404573 -0.035622259 0.999243943 -0.015557336 -1.612734320 0.198366557 0.022327395 0.979873414 17.370315988
0.978698895 0.031963948 -0.202796977 -2.268211899 -0.035990442 0.999220544 -0.016197518 -1.651502703 0.202121728 0.023151295 0.979086686 17.772998810
0.978313254 0.031906388 -0.204662005 -2.310752685 -0.036067449 0.999210896 -0.016632060 -1.670648975 0.203970637 0.023653058 0.978691744 17.969976809
0.977521940 0.031761138 -0.208428735 -2.395196190 -0.036159350 0.999195412 -0.017324739 -1.708698324 0.207710844 0.024471966 0.977884057 18.364722572
0.976739173 0.030821796 -0.212208726 -2.480976642 -0.035128030 0.999246078 -0.016551521 -1.744077142 0.211538730 0.023621004 0.977084224 18.758169972
0.976346277 0.030327435 -0.214076743 -2.524845166 -0.034503738 0.999279599 -0.015798011 -1.761030902 0.213443513 0.022810739 0.976689204 18.953807034
0.975706384 0.029678347 -0.217064646 -2.608777567 -0.033697533 0.999321762 -0.014836993 -1.794833653 0.216477988 0.021791077 0.976044612 19.334016972
0.974956460 0.029346223 -0.220452863 -2.700343016 -0.033327034 0.999340916 -0.014359003 -1.830200344 0.219886738 0.021346334 0.975292426 19.720552508
0.974590924 0.029447444 -0.222050463 -2.739760386 -0.033438116 0.999339298 -0.014232921 -1.847244324 0.221485584 0.021296203 0.974931522 19.905876122
0.973892220 0.027333394 -0.225360628 -2.823014399 -0.031856484 0.999357297 -0.016457815 -1.885484499 0.224766343 0.023207440 0.974136825 20.270776803
0.973129946 0.025372162 -0.228856248 -2.906712690 -0.032347803 0.999117941 -0.026780830 -1.936615479 0.227974691 0.033464310 0.973092386 20.618079129
0.972743204 0.025221462 -0.230514319 -2.949847160 -0.033764277 0.998878310 -0.033189824 -1.963483980 0.229419067 0.040068339 0.972503215 20.782236957
0.972140562 0.021592850 -0.233400869 -3.027223607 -0.032907074 0.998459229 -0.044690050 -2.014304244 0.232077277 0.051125661 0.971353231 21.105883709
0.971365201 0.018109786 -0.236903247 -3.114856769 -0.031542198 0.998094651 -0.053032994 -2.061367292 0.235492095 0.058986830 0.970085219 21.448939711
0.970951214 0.016797100 -0.238687714 -3.154880325 -0.031101363 0.997929629 -0.056289365 -2.082896901 0.237248003 0.062077821 0.969464020 21.617413565
0.970078420 0.014836255 -0.242339550 -3.235695763 -0.030021728 0.997800981 -0.059090232 -2.119437330 0.240929975 0.064597669 0.968390179 21.954173755
0.968867434 0.015069267 -0.247122777 -3.332649214 -0.029821250 0.997981499 -0.056061243 -2.147209129 0.245779315 0.061685447 0.967361364 22.303876586
0.968082656 0.017157033 -0.250046300 -3.383138936 -0.031161956 0.998152819 -0.052158233 -2.156695862 0.248690595 0.058285499 0.966828189 22.476815493
0.966630690 0.021903449 -0.255239197 -3.476679699 -0.032107524 0.998840302 -0.035880044 -2.161427904 0.254157719 0.042877919 0.966212104 22.833178958
0.965199238 0.029051252 -0.259897143 -3.585092317 -0.033724392 0.999339095 -0.013539152 -2.156387071 0.259331968 0.021832877 0.965541606 23.204110716
0.964519351 0.031883139 -0.262081609 -3.638318121 -0.033827494 0.999423026 -0.002909312 -2.154716829 0.261838663 0.011671685 0.965041153 23.390653032
0.963180783 0.035237747 -0.266537350 -3.741445302 -0.032365431 0.999360592 0.015163415 -2.157121529 0.266901908 -0.005978119 0.963705844 23.767066502
0.961608389 0.038526131 -0.271710058 -3.854106878 -0.031065630 0.999013742 0.031708478 -2.162486989 0.272664258 -0.022049827 0.961856498 24.147376851
0.960810020 0.039196478 -0.274423457 -3.911548453 -0.030453718 0.998886089 0.036047259 -2.172945900 0.275531316 -0.026277903 0.960932751 24.343144315
0.959247784 0.041299607 -0.279531808 -4.033216487 -0.032403501 0.998812711 0.036373405 -2.208678571 0.280702554 -0.025833453 0.959446797 24.724910624
0.958186233 0.040975067 -0.283198419 -4.150087901 -0.034268260 0.999003697 0.028598973 -2.259847869 0.284088274 -0.017698070 0.958635214 25.110678824
0.957578747 0.039567277 -0.285444086 -4.219272207 -0.034279360 0.999135541 0.023499638 -2.289507057 0.286127828 -0.012718228 0.958107735 25.321506544
0.956267841 0.036908512 -0.290155613 -4.351830309 -0.034690381 0.999315966 0.012786663 -2.350162073 0.290429902 -0.002161796 0.956894467 25.749955881
0.955036713 0.032653115 -0.294687042 -4.479230128 -0.034293628 0.999411788 -0.000399546 -2.414249260 0.294500729 0.010487455 0.955594216 26.168562228
0.954270447 0.030153332 -0.297421148 -4.548332903 -0.034053853 0.999388497 -0.007940537 -2.448140912 0.297000434 0.017705803 0.954713979 26.379012989
0.952002818 0.027639327 -0.304840403 -4.691212875 -0.034863187 0.999225015 -0.018278073 -2.506831308 0.304099876 0.028028457 0.952228564 26.795347625
0.949271497 0.029671372 -0.313055644 -4.851620020 -0.037119243 0.999151596 -0.017856035 -2.548784484 0.312260890 0.028570741 0.949566715 27.239480552
0.947841317 0.030300196 -0.317300149 -4.933126409 -0.037319994 0.999173747 -0.016067740 -2.567568555 0.316551793 0.027071283 0.948189632 27.468047153
0.944927053 0.030829274 -0.325826936 -5.108130348 -0.037787503 0.999172844 -0.015047099 -2.611440407 0.325093028 0.026530656 0.945310058 27.941389228
0.942210584 0.029772589 -0.333697911 -5.278002670 -0.037123258 0.999187366 -0.015671482 -2.657360165 0.332960146 0.027153758 0.942550204 28.405011600
0.940894645 0.028345356 -0.337511177 -5.365802283 -0.035778746 0.999234069 -0.015822763 -2.680528088 0.336804634 0.026963335 0.941188298 28.641188858
0.937917589 0.026776742 -0.345823954 -5.554161955 -0.034089433 0.999304697 -0.015079730 -2.726599059 0.345179816 0.025932524 0.938178724 29.129569165
0.935093941 0.026370644 -0.353417696 -5.749507401 -0.033828898 0.999316384 -0.014941643 -2.774468795 0.352782991 0.025927681 0.935346643 29.625022262
0.933546374 0.026677857 -0.357463739 -5.851306185 -0.034483460 0.999285826 -0.015478927 -2.799800188 0.356795261 0.026776934 0.933799215 29.875472823
0.930917668 0.027709525 -0.364178457 -6.053594240 -0.036476019 0.999186587 -0.017214716 -2.851709405 0.363405576 0.029309415 0.931170159 30.377799144
0.928643203 0.026816948 -0.370004540 -6.263496003 -0.035917236 0.999197335 -0.017726354 -2.903599111 0.369233223 0.029751078 0.928860700 30.902274239
0.927463523 0.026661017 -0.372963621 -6.381196299 -0.035650479 0.999215897 -0.017225312 -2.929851717 0.372212075 0.029272175 0.927686574 31.180486576
0.924759575 0.025857862 -0.379673796 -6.608415330 -0.034174791 0.999300150 -0.015180670 -2.978488347 0.379016536 0.027013748 0.924996121 31.715876867
0.922130036 0.025769827 -0.386022636 -6.840716293 -0.033337294 0.999360460 -0.012921496 -3.027656385 0.385443134 0.024784227 0.922399076 32.260757138
0.920944902 0.026531360 -0.388790206 -6.953364392 -0.033773178 0.999359548 -0.011803258 -3.051833979 0.388227356 0.024000845 0.921251154 32.529616974
0.918403038 0.028375844 -0.394627807 -7.202217753 -0.035421523 0.999315942 -0.010579144 -3.104088472 0.394058296 0.023694301 0.918780346 33.085615924
0.915510392 0.031252046 -0.401079650 -7.454912559 -0.038484505 0.999209215 -0.009987385 -3.157124941 0.400450372 0.024578931 0.915988927 33.636936599
0.914018713 0.032651138 -0.404357877 -7.578392098 -0.040093243 0.999146403 -0.009948340 -3.183664183 0.403688221 0.025304925 0.914547229 33.908210463
0.911576144 0.035264219 -0.409618177 -7.833660082 -0.042887870 0.999035381 -0.009436398 -3.236587929 0.408890687 0.026169591 0.912208436 34.456468758
0.909152274 0.037237000 -0.414797004 -8.094017863 -0.044772127 0.998961185 -0.008453283 -3.289634774 0.414051939 0.026256806 0.909874528 35.014253398
0.908012059 0.038653150 -0.417158876 -8.230888241 -0.046082460 0.998907877 -0.007748673 -3.316550686 0.416404388 0.026259677 0.908801059 35.300727809
0.905729495 0.042331305 -0.421738445 -8.489385310 -0.049937420 0.998727457 -0.007000520 -3.368678741 0.420905901 0.027401072 0.906691390 35.845216447
0.903411728 0.045892585 -0.426312808 -8.756801345 -0.053923204 0.998522113 -0.006779295 -3.422349230 0.425372553 0.029112706 0.904550755 36.394496390
0.902225895 0.047373442 -0.428655267 -8.889868034 -0.055555232 0.998433898 -0.006588421 -3.449110578 0.427671925 0.029758279 0.903444466 36.669911047
0.899488102 0.050450312 -0.434023168 -9.159866647 -0.058944536 0.998242800 -0.006124622 -3.502180366 0.432951736 0.031092440 0.900881081 37.216172072
0.897161743 0.053335296 -0.438470644 -9.432415033 -0.062476851 0.998025147 -0.006435717 -3.556352397 0.437262103 0.033168071 0.898723055 37.759262507
0.896171977 0.054758155 -0.440317031 -9.574409129 -0.064187049 0.997916442 -0.006537474 -3.584217994 0.439041821 0.034121354 0.897819029 38.039507496
0.893587756 0.058564190 -0.445053415 -9.850829079 -0.068690240 0.997615681 -0.006642259 -3.637608478 0.443603863 0.036506285 0.895479479 38.578058909
0.891085108 0.062031870 -0.449578227 -10.122191844 -0.072578794 0.997343455 -0.006243371 -3.689182877 0.447996393 0.038193241 0.893219564 39.107234760
0.889554732 0.064139111 -0.452304748 -10.257928171 -0.074729277 0.997188786 -0.005564985 -3.713411540 0.450675785 0.038750820 0.891846432 39.364120421
0.886896935 0.065398769 -0.457315226 -10.536985948 -0.075434511 0.997144211 -0.003696904 -3.763333206 0.455767749 0.037776219 0.889297350 39.899908361
0.884125231 0.065935917 -0.462574614 -10.817935673 -0.075903680 0.997110687 -0.002946684 -3.815139670 0.461043755 0.037716350 0.886575481 40.433224119
0.882891555 0.066501803 -0.464845085 -10.959368019 -0.076597366 0.997057966 -0.002841964 -3.841387778 0.463288018 0.038115012 0.885387775 40.698699124
0.880377942 0.067583916 -0.469433958 -11.242241536 -0.077794191 0.996966353 -0.002363226 -3.893425890 0.467850411 0.038599739 0.882964958 41.229689936
0.876872587 0.067795404 -0.475919545 -11.520072221 -0.078759897 0.996888575 -0.003105539 -3.945490295 0.474228092 0.040206513 0.879483763 41.735458949
0.875044165 0.067333931 -0.479337828 -11.665357140 -0.078469273 0.996911769 -0.003208723 -3.971942770 0.477641980 0.040421273 0.877624414 41.996307124
0.870908037 0.068676642 -0.486625972 -11.963697922 -0.079828692 0.996806505 -0.002190893 -4.021840611 0.484921479 0.040754869 0.873607953 42.509054040
0.867111512 0.069588175 -0.493229821 -12.252517895 -0.080928188 0.996718080 -0.001650392 -4.070659903 0.491497059 0.041347307 0.869898001 43.002054292
0.865468217 0.069265893 -0.496153337 -12.395948432 -0.080775302 0.996731180 -0.001751344 -4.095864950 0.494410600 0.041592762 0.868233347 43.249635735
0.861817899 0.068380161 -0.502588585 -12.680298258 -0.080421798 0.996758420 -0.002289103 -4.145760378 0.500803527 0.042391900 0.864522785 43.732234728
0.857606610 0.068158931 -0.509770198 -12.972416344 -0.080153677 0.996781645 -0.001571005 -4.192788116 0.508022526 0.042207302 0.860309455 44.205871871
0.855294130 0.068216778 -0.513633568 -13.116571624 -0.080416431 0.996759944 -0.001526224 -4.216324291 0.511866075 0.042610040 0.858008228 44.437151696
0.851171311 0.068773087 -0.520363490 -13.407443660 -0.081684797 0.996656581 -0.001892162 -4.263891401 0.518493663 0.044116408 0.853942908 44.896594862
0.847455201 0.068076538 -0.526484784 -13.695167724 -0.081535174 0.996667617 -0.002369842 -4.310630938 0.524569524 0.044935464 0.850181516 45.344270111
0.845375349 0.068052629 -0.529822320 -13.836175415 -0.081783674 0.996646520 -0.002478988 -4.333319622 0.527877168 0.045426479 0.848105542 45.563783793
0.840932302 0.066632103 -0.537023120 -14.129058879 -0.080639005 0.996739767 -0.002601628 -4.379156519 0.535098679 0.045492843 0.843564147 46.005394596
0.836717472 0.062916963 -0.544008752 -14.428894353 -0.077696763 0.996967897 -0.004198556 -4.428544918 0.542096064 0.045780808 0.839069333 46.453922083
0.834738668 0.062754740 -0.547059282 -14.568036153 -0.077982467 0.996943717 -0.004628453 -4.450583699 0.545096921 0.046524561 0.837081672 46.660115815
0.830214278 0.063091113 -0.553863254 -14.863563357 -0.079148749 0.996849440 -0.005087995 -4.495232339 0.551798168 0.048061729 0.832592419 47.083077880
0.825344169 0.063885186 -0.561004626 -15.157220448 -0.081225514 0.996677917 -0.006000126 -4.539450168 0.558757539 0.050520112 0.827791403 47.492700482
0.822791391 0.064840027 -0.564634107 -15.310453851 -0.082882736 0.996539105 -0.006339610 -4.561441589 0.562268548 0.052014619 0.825317296 47.697682273
0.818164191 0.064779478 -0.571325592 -15.595917679 -0.083452576 0.996490091 -0.006521345 -4.602398318 0.568898164 0.053014100 0.820698339 48.086216388
0.813615787 0.063118371 -0.577966762 -15.880724832 -0.082284307 0.996584519 -0.006998738 -4.644077850 0.575551171 0.053251932 0.816029821 48.475454232
0.810903987 0.063176733 -0.581759047 -16.030176224 -0.082764818 0.996543239 -0.007143809 -4.664789370 0.579297740 0.053942265 0.813329834 48.669476497
0.806290522 0.062230653 -0.588238054 -16.313142616 -0.082193650 0.996590210 -0.007230933 -4.704514403 0.585782640 0.054179853 0.808655134 49.045510583
0.802359737 0.062573836 -0.593552081 -16.594253667 -0.083228067 0.996502938 -0.007453270 -4.743041801 0.591009942 0.055380530 0.804760679 49.408273501
0.800219443 0.063274274 -0.596360939 -16.731620856 -0.084603998 0.996383624 -0.007807805 -4.762279601 0.593711241 0.056702559 0.802678142 49.585656717
0.795627979 0.063612409 -0.602436627 -17.023615911 -0.085349905 0.996323142 -0.007516546 -4.800439951 0.599743610 0.057398408 0.798131018 49.951076691
0.790877587 0.065155138 -0.608497563 -17.311225035 -0.086660290 0.996219811 -0.005963636 -4.835304550 0.605808680 0.057449140 0.793533590 50.306484783
0.788415968 0.065399841 -0.611656095 -17.452492756 -0.086630114 0.996227394 -0.005145707 -4.852257033 0.609013164 0.057044867 0.791106794 50.479462909
0.784289548 0.064577528 -0.617026121 -17.727975665 -0.085874419 0.996294253 -0.004881701 -4.887828876 0.614424474 0.056815343 0.786928097 50.818037708
0.779875679 0.063192894 -0.622737834 -18.006686316 -0.084182794 0.996440658 -0.004310201 -4.922674739 0.620248639 0.055785266 0.782419284 51.152836641
0.774236798 0.063116645 -0.629741304 -18.404401849 -0.084566288 0.996409681 -0.004103810 -4.972703372 0.627221168 0.056432277 0.776794541 51.624926394
0.771016398 0.062705837 -0.633721125 -18.660816473 -0.085722881 0.996302696 -0.005712004 -5.007502385 0.631019993 0.058728458 0.773540851 51.923884578
0.769244092 0.062525833 -0.635888697 -18.786159662 -0.086479855 0.996231098 -0.006658340 -5.024728703 0.633075912 0.060113513 0.771752149 52.068994493
0.765908267 0.062300938 -0.639924984 -19.045148806 -0.087956916 0.996090037 -0.008297304 -5.059345281 0.636905537 0.062640855 0.768393163 52.364896506
0.762392511 0.061731669 -0.644165060 -19.304771606 -0.089271246 0.995954545 -0.010211443 -5.094434106 0.640928945 0.065290485 0.764819166 52.659988353
0.760602694 0.060763557 -0.646369297 -19.430761686 -0.088936955 0.995976471 -0.011025477 -5.111445516 0.643098750 0.065872161 0.762945235 52.804349304
0.756666459 0.059149683 -0.651120942 -19.699369827 -0.087665532 0.996084374 -0.011388707 -5.144631051 0.647898404 0.065698333 0.758888426 53.104539345
0.752937040 0.057647946 -0.655563879 -19.969269064 -0.086437075 0.996188550 -0.011674652 -5.177526193 0.652392040 0.065455313 0.755049843 53.403219041
0.751051370 0.056383168 -0.657832054 -20.102935548 -0.085001006 0.996312673 -0.011651673 -5.193850869 0.654750450 0.064667516 0.753074590 53.554106044
0.747085133 0.055859986 -0.662377459 -20.367799278 -0.084094673 0.996399172 -0.010820096 -5.223804589 0.659388969 0.063786098 0.749091959 53.843510404
0.741823444 0.054897532 -0.668345370 -20.629520216 -0.082644800 0.996529833 -0.009876468 -5.252661850 0.665483604 0.062561850 0.743785962 54.121170795
0.738806277 0.054886344 -0.671679854 -20.763284502 -0.082408787 0.996555587 -0.009211115 -5.266496851 0.668861201 0.062157521 0.740784976 54.256597390
0.733764132 0.056169594 -0.677078727 -21.024454050 -0.083592979 0.996468046 -0.007925537 -5.293198850 0.674243380 0.062414548 0.735867684 54.519535694
0.729490655 0.054545633 -0.681812479 -21.276633076 -0.082128810 0.996588690 -0.008144000 -5.322073025 0.679042816 0.061937639 0.731481353 54.777351856
0.726969239 0.055575098 -0.684417169 -21.405309867 -0.083672698 0.996461817 -0.007961483 -5.335665422 0.681554169 0.063054920 0.729046849 54.903262748
0.721829686 0.056339136 -0.689774414 -21.664587241 -0.085181203 0.996335338 -0.007761554 -5.363081864 0.686810151 0.064358415 0.723982631 55.152759588
0.717090610 0.054486141 -0.694848026 -21.912967375 -0.083763737 0.996450745 -0.008309020 -5.391552507 0.691929532 0.064161351 0.719109540 55.399538171
0.714349180 0.054168126 -0.697690552 -22.043567191 -0.083659061 0.996460112 -0.008292391 -5.405416387 0.694771427 0.064291816 0.716351912 55.523120570
0.709296911 0.053727212 -0.702859905 -22.289501110 -0.082729512 0.996545080 -0.007310385 -5.429996350 0.700039570 0.063332629 0.711290562 55.757635943
0.704279379 0.052759210 -0.707960326 -22.536073096 -0.081179246 0.996678002 -0.006481896 -5.454819508 0.705267258 0.062036701 0.706222516 55.991361551
0.702266802 0.052730125 -0.709958916 -22.659668530 -0.081403792 0.996659997 -0.006497915 -5.467850621 0.707244919 0.062356590 0.704213545 56.107785125
0.697019376 0.052559558 -0.715124057 -22.910733073 -0.081427665 0.996660634 -0.006114562 -5.493021755 0.712414350 0.062492932 0.698971396 56.336103007
0.692009827 0.051772379 -0.720030046 -23.156067450 -0.080899356 0.996703559 -0.006085005 -5.517946099 0.717342063 0.062460811 0.693916488 56.555673665
0.689760299 0.051783376 -0.722183884 -23.275861882 -0.081649590 0.996639530 -0.006520989 -5.530683227 0.719419760 0.063463966 0.691670233 56.661049903
0.685476707 0.052100935 -0.726228463 -23.507827098 -0.082798537 0.996544044 -0.006658487 -5.554105563 0.723371805 0.064694965 0.687421351 56.865520242
0.681015203 0.051780037 -0.730436990 -23.726432936 -0.082749730 0.996548988 -0.006506472 -5.575517996 0.727579499 0.064874451 0.682949632 57.054935496
0.678538652 0.051735832 -0.732740901 -23.848175524 -0.082917904 0.996535686 -0.006423064 -5.587222011 0.729870135 0.065115713 0.680477580 57.158099432
0.674311001 0.051327945 -0.736661838 -24.068066320 -0.082811678 0.996544778 -0.006366796 -5.608662731 0.733790377 0.065297474 0.676231009 57.345975957
0.670707652 0.051226056 -0.739951490 -24.265652875 -0.083144556 0.996517176 -0.006376142 -5.627895544 0.737048451 0.065799554 0.672629941 57.513886353
0.668773019 0.051147909 -0.741705312 -24.365089111 -0.083298417 0.996503916 -0.006388730 -5.637501197 0.738785984 0.066055564 0.670695142 57.597074403
0.664812717 0.050824334 -0.745279701 -24.549924620 -0.084232968 0.996420314 -0.007187562 -5.656510906 0.742246350 0.067555625 0.666713746 57.749002471
0.660833867 0.050488749 -0.748833116 -24.721389625 -0.085284370 0.996323933 -0.008086843 -5.674088318 0.745671923 0.069207846 0.662710225 57.885824010
0.659213164 0.050528557 -0.750256844 -24.798521236 -0.085637043 0.996293010 -0.008146317 -5.681505981 0.747064623 0.069620020 0.661095902 57.949044157
0.655016279 0.050133770 -0.753950676 -24.955359555 -0.085657799 0.996290680 -0.008169495 -5.696128997 0.750745251 0.069932856 0.656880610 58.072430941
0.650739872 0.049323901 -0.757697406 -25.097531092 -0.085450971 0.996305797 -0.008532059 -5.709878994 0.754478088 0.070298249 0.652550004 58.182197596
0.648593117 0.048767482 -0.759572155 -25.169580387 -0.085179789 0.996327421 -0.008766354 -5.716785167 0.756354764 0.070386089 0.650364607 58.235925989
0.644553780 0.048138286 -0.763042490 -25.307306333 -0.085787674 0.996267407 -0.009614380 -5.730336580 0.759731315 0.071656676 0.646277079 58.335404916
0.640734996 0.046675032 -0.766342776 -25.430342861 -0.086309236 0.996202291 -0.011487777 -5.744190105 0.762896637 0.073503162 0.642329392 58.421159052
0.638528794 0.045618288 -0.768245727 -25.488346177 -0.086513391 0.996168975 -0.012753475 -5.751362741 0.764720716 0.074607005 0.640029059 58.460397724
0.634604056 0.044022040 -0.771582673 -25.604370266 -0.087124890 0.996087293 -0.014826662 -5.764801766 0.767911220 0.076633276 0.635955803 58.538955782
0.631276789 0.043113803 -0.774358791 -25.709574810 -0.087035286 0.996084546 -0.015494528 -5.775261703 0.770659211 0.077177974 0.632557164 58.615154803
0.629272385 0.042683116 -0.776012087 -25.766332878 -0.086707882 0.996112366 -0.015522569 -5.780344592 0.772333406 0.077054318 0.630526735 58.656115806
0.624700791 0.042357552 -0.779714976 -25.890073273 -0.086979084 0.996088175 -0.015574997 -5.791025464 0.776005292 0.077548662 0.625941146 58.741384405
0.619987150 0.042664471 -0.783451989 -26.021484125 -0.087509588 0.996050850 -0.015009082 -5.801328322 0.779717858 0.077865013 0.621271601 58.833151561
0.617777829 0.042966006 -0.785178423 -26.087197608 -0.087697756 0.996041159 -0.014495806 -5.806061484 0.781447455 0.077813551 0.619100398 58.879072391
0.613825283 0.043529326 -0.788241201 -26.217977874 -0.088095026 0.996019199 -0.013598522 -5.815732756 0.784511914 0.077787348 0.615215920 58.971663903
0.609783111 0.043612347 -0.791368261 -26.349378942 -0.088575209 0.995980141 -0.013362558 -5.826543510 0.787604015 0.078243846 0.611194560 59.063385824
0.604797309 0.043028736 -0.795216768 -26.520938489 -0.088774773 0.995958295 -0.013626315 -5.841800546 0.791416969 0.078836422 0.606172242 59.184731877
0.601406265 0.041295686 -0.797875987 -26.628048984 -0.088320166 0.995978951 -0.015023230 -5.853418293 0.794047479 0.079503681 0.602634741 59.258523464
0.599594346 0.040431789 -0.799282801 -26.678414648 -0.088460734 0.995951813 -0.015979995 -5.859265999 0.795400731 0.080286728 0.600743214 59.291415250
0.596112177 0.038768007 -0.801965207 -26.795092151 -0.088713468 0.995898411 -0.017799025 -5.872151520 0.797985854 0.081755382 0.597105696 59.369254501
0.592539129 0.037940451 -0.804648671 -26.896506051 -0.088994658 0.995858851 -0.018578899 -5.881779699 0.800611505 0.082618116 0.593461529 59.434454083
0.590631151 0.037982402 -0.806047611 -26.955841517 -0.089388233 0.995823710 -0.018574275 -5.886530772 0.801976268 0.083021754 0.591559063 59.472372218
0.586643716 0.038140459 -0.808947073 -27.067505766 -0.090372844 0.995734453 -0.018590620 -5.895319657 0.804787600 0.084013007 0.587587689 59.541039021
0.582686417 0.036421811 -0.811881118 -27.185474750 -0.090464518 0.995693527 -0.020258365 -5.907894869 0.807647699 0.085250800 0.583471130 59.617369699
0.580476277 0.035229896 -0.813515426 -27.244768971 -0.090465884 0.995668848 -0.021432997 -5.914787072 0.809236967 0.086036759 0.581148969 59.655097138
0.575579481 0.032997253 -0.817080142 -27.381243304 -0.090287699 0.995640435 -0.023393431 -5.929166659 0.812746820 0.087237096 0.576049091 59.740356367
0.570548755 0.032156277 -0.820634801 -27.525436245 -0.089610117 0.995704328 -0.023285384 -5.940668589 0.816361470 0.086822617 0.570979044 59.832336780
0.567595126 0.032114664 -0.822681532 -27.602664700 -0.089110778 0.995765081 -0.022609209 -5.945646371 0.818471599 0.086142765 0.568052773 59.880092084
0.560018533 0.032000790 -0.827862058 -27.776918439 -0.088532037 0.995843303 -0.021394642 -5.957096003 0.823736753 0.085273690 0.560523269 59.983022670
0.551342357 0.030647470 -0.833716460 -27.946053222 -0.087748428 0.995911877 -0.021418862 -5.969936264 0.829652258 0.084966421 0.551777787 60.076292093
0.545594662 0.029282666 -0.837537806 -28.060286812 -0.086314177 0.996037697 -0.021403091 -5.978811601 0.833592722 0.083968827 0.545960016 60.141878776
0.533282778 0.028178499 -0.845468166 -28.277338357 -0.085562634 0.996115822 -0.020769549 -5.993748310 0.841599497 0.083416551 0.533621679 60.255764357
0.518877293 0.027196119 -0.854416954 -28.526321930 -0.086590879 0.996025123 -0.020882066 -6.011593064 0.850452767 0.084819984 0.519168737 60.378032138
0.511381370 0.026321626 -0.858951143 -28.648905830 -0.087124411 0.995968320 -0.021349547 -6.020751859 0.854926806 0.085753425 0.511612251 60.433608213
0.493882393 0.026583004 -0.869122944 -28.926695903 -0.091713497 0.995549486 -0.021666668 -6.039511912 0.864678699 0.090411123 0.494121960 60.552594051
0.472781799 0.025324079 -0.880816174 -29.202644064 -0.092851329 0.995454278 -0.021218245 -6.056377219 0.876275005 0.091816646 0.472982434 60.658370808
0.461053834 0.024789950 -0.887027144 -29.352762551 -0.094438822 0.995303287 -0.021270873 -6.065745831 0.882333404 0.093576831 0.461228371 60.712263983
0.434839236 0.022534096 -0.900226613 -29.650498059 -0.095384226 0.995215261 -0.021161887 -6.083460493 0.895443421 0.095069417 0.434907573 60.807531677
0.405959075 0.019565946 -0.913681924 -29.964900842 -0.094451475 0.995315053 -0.020651746 -6.100885609 0.908998315 0.094682474 0.405904499 60.898536581
0.390020922 0.017405514 -0.920641521 -30.127227390 -0.094051507 0.995345340 -0.021026134 -6.110473162 0.915991053 0.094788369 0.389842141 60.937816263
0.357717567 0.011950454 -0.933754070 -30.465926049 -0.093294867 0.995372642 -0.023001854 -6.131991006 0.929158263 0.095342646 0.357176889 61.014950817
0.323959822 0.006776844 -0.946047639 -30.820009133 -0.092602804 0.995399377 -0.024579980 -6.153081470 0.941528491 0.095569552 0.323096218 61.089371066
0.305914989 0.005967656 -0.952040059 -31.004822867 -0.093792678 0.995304576 -0.023899146 -6.160554860 0.947428373 0.096605520 0.305038127 61.117637522
0.268213677 0.006843151 -0.963336027 -31.379704120 -0.094547605 0.995334456 -0.019253754 -6.169699298 0.958709105 0.096245171 0.267608919 61.168542372
0.225854208 0.007068313 -0.974136657 -31.761723204 -0.095024327 0.995364513 -0.014809073 -6.177923787 0.969516117 0.095911302 0.225478096 61.195397856
0.202550408 0.006008748 -0.979253634 -31.964572202 -0.094151195 0.995467847 -0.013366219 -6.183413067 0.974735232 0.094905232 0.202197888 61.202334088
0.154387761 0.002344607 -0.988008064 -32.367722308 -0.090576617 0.995819817 -0.011790563 -6.195779080 0.983849702 0.091310823 0.153954531 61.203473252
0.103109026 0.000345923 -0.994670687 -32.782571482 -0.089399412 0.995956245 -0.008920953 -6.204007889 0.990644836 0.089842806 0.102722465 61.175472855
0.076429695 0.000703071 -0.997075405 -32.986893754 -0.089637305 0.995955754 -0.006168767 -6.204924541 0.993038182 0.089846650 0.076182823 61.149915836
0.023640677 0.002136086 -0.999718585 -33.406505140 -0.090918552 0.995857995 -0.000022123 -6.204677905 0.995578273 0.090893440 0.023736449 61.085929264
-0.030563057 0.002291027 -0.999530513 -33.842171214 -0.091352073 0.995806107 0.005075789 -6.205163299 0.995349503 0.091464441 -0.030226124 61.002674873
-0.057660924 0.001657566 -0.998334789 -34.057479478 -0.090289947 0.995891688 0.006868423 -6.205593420 0.994245134 0.090535653 -0.057274654 60.948421256
-0.112663582 0.000511575 -0.993633742 -34.490113572 -0.091075567 0.995784491 0.010839390 -6.204404769 0.989450841 0.091716877 -0.112142900 60.822110042
-0.170131002 -0.000151337 -0.985422336 -34.940789645 -0.090988923 0.995730032 0.015556148 -6.200883454 0.981212077 0.092308985 -0.169419048 60.674499648
-0.197780307 -0.001099946 -0.980246615 -35.158812786 -0.090093855 0.995787112 0.017060448 -6.199019910 0.976097704 0.091688411 -0.197046001 60.586013598
-0.253544474 -0.003884806 -0.967316272 -35.584056369 -0.090916379 0.995661217 0.019831453 -6.194026646 0.963041950 0.092973151 -0.252797256 60.390847756
-0.306924293 -0.005491734 -0.951718587 -36.014570393 -0.091441479 0.995526869 0.023744948 -6.184953915 0.947330685 0.094314437 -0.306054662 60.174218259
-0.331861192 -0.006166667 -0.943308939 -36.228255913 -0.091151539 0.995509371 0.025559727 -6.179874300 0.938914323 0.094466390 -0.330933572 60.060031082
-0.380160934 -0.007846649 -0.924887647 -36.660839840 -0.090213538 0.995510842 0.028635021 -6.168623224 0.920511128 0.094323285 -0.379162476 59.809926987
-0.423269607 -0.008688563 -0.905963214 -37.081372561 -0.089197719 0.995496119 0.032126326 -6.154185524 0.901602408 0.094407966 -0.422137946 59.543336400
-0.442157963 -0.008161978 -0.896900789 -37.297106916 -0.088660600 0.995458725 0.034649387 -6.145433741 0.892544701 0.094840244 -0.440873826 59.411489818
