1.000000000 -0.000000000 0.000000000 -0.000000000 0.000000000 1.000000000 -0.000000000 -0.000000000 -0.000000000 0.000000000 1.000000000 0.000000000
0.999946623 -0.000886652 -0.010295297 -0.013908868 0.000874025 0.999998485 -0.001230368 -0.007030433 0.010296093 0.001221290 0.999946773 0.581468549
0.999868419 -0.001194624 -0.016203065 -0.020468026 0.001174699 0.999998436 -0.001239426 -0.012058438 0.016204703 0.001220225 0.999867997 1.173441390
0.999823668 -0.001145161 -0.018781877 -0.025714187 0.001135891 0.999999693 -0.000504417 -0.013374785 0.018781666 0.000482989 0.999823830 1.476156350
0.999752573 -0.000441908 -0.022263812 -0.038734775 0.000470753 0.999998939 0.001290439 -0.015511170 0.022262530 -0.001300608 0.999751511 2.090228405
0.999697831 -0.001255073 -0.024541457 -0.050303971 0.001305716 0.999997384 0.002047685 -0.019686886 0.024538717 -0.002079076 0.999696696 2.734925667
0.999695268 -0.002181960 -0.024581446 -0.043377911 0.002237102 0.999994830 0.002215892 -0.022221862 0.024576129 -0.002270176 0.999695804 3.067242871
0.999699707 -0.004635875 -0.024083320 -0.043055775 0.004693681 0.999985952 0.002344392 -0.027724389 0.024071133 -0.002456726 0.999707243 3.742501231
0.999630534 -0.006267269 -0.026453401 -0.057668134 0.006327875 0.999977953 0.002208247 -0.033810417 0.026438484 -0.002374851 0.999647970 4.433181113
0.999531187 -0.008749526 -0.029358267 -0.074905292 0.008821474 0.999958226 0.002322097 -0.042549739 0.029335748 -0.002579959 0.999566630 5.488809374
0.999441914 -0.010104225 -0.031841909 -0.093169255 0.010160359 0.999947423 0.001602538 -0.049722146 0.031822861 -0.001925172 0.999492065 6.191957058
0.999399625 -0.010736660 -0.032959151 -0.104267762 0.010802031 0.999940285 0.001803948 -0.052410683 0.032937140 -0.002158874 0.999455396 6.550256896
0.999295060 -0.012073502 -0.035551135 -0.125622193 0.012174707 0.999922692 0.002631564 -0.057033227 0.035515928 -0.003062490 0.999364399 7.263983659
0.999220751 -0.012131683 -0.037557445 -0.142716335 0.012251327 0.999920664 0.002956627 -0.062703278 0.037518380 -0.003414455 0.999290497 7.998746334
0.999160485 -0.011984211 -0.039177811 -0.157747511 0.012114498 0.999921942 0.003089959 -0.065636410 0.039136543 -0.003561952 0.999227895 8.370480879
0.999088012 -0.012009597 -0.040983693 -0.182753516 0.012153201 0.999920543 0.003256345 -0.071505327 0.040940189 -0.003751483 0.999155038 9.096674088
0.999003318 -0.012507449 -0.042853902 -0.211411548 0.012698072 0.999910650 0.004179124 -0.076190703 0.042796674 -0.004719151 0.999072930 9.835354335
0.999010521 -0.012516576 -0.042683016 -0.214598348 0.012742408 0.999905794 0.005023361 -0.077850405 0.042615770 -0.005562345 0.999075966 10.202230675
0.998971229 -0.012466548 -0.043598158 -0.241571124 0.012762506 0.999897544 0.006516048 -0.081506703 0.043512016 -0.007065851 0.999028190 10.935161024
0.998931429 -0.013079310 -0.044331340 -0.268262537 0.013383950 0.999889299 0.006582191 -0.087594727 0.044240272 -0.007168483 0.998995457 11.667110995
0.998921259 -0.013503971 -0.044434063 -0.280484620 0.013811527 0.999882740 0.006623313 -0.090585998 0.044338889 -0.007229901 0.998990749 12.029247348
0.998895757 -0.013746622 -0.044924102 -0.299264359 0.014094587 0.999872743 0.007436689 -0.095465193 0.044816281 -0.008061665 0.998962618 12.769775346
0.998951394 -0.014271502 -0.043493337 -0.319729909 0.014693721 0.999848339 0.009402630 -0.098413573 0.043352838 -0.010031804 0.999009511 13.516078326
0.998925464 -0.014539832 -0.044012084 -0.332514110 0.015010786 0.999833812 0.010388039 -0.099791274 0.043853318 -0.011037529 0.998977571 13.880147893
0.998926638 -0.014343599 -0.044040440 -0.353541219 0.014866374 0.999822763 0.011565303 -0.104115976 0.043865976 -0.012207548 0.998962640 14.628358749
0.998978131 -0.014700522 -0.042739699 -0.368388015 0.015209358 0.999816988 0.011603773 -0.110210525 0.042560644 -0.012241943 0.999018596 15.355439668
0.998973188 -0.014709107 -0.042847236 -0.381452845 0.015224559 0.999815053 0.011727503 -0.113086357 0.042666652 -0.012367844 0.999013183 15.720456309
0.998970175 -0.015029931 -0.042809780 -0.404211740 0.015571304 0.999802306 0.012340881 -0.118119816 0.042615586 -0.012994838 0.999007496 16.438978438
0.999026839 -0.014484234 -0.041661911 -0.427532491 0.015041456 0.999801436 0.013092290 -0.122939654 0.041463747 -0.013706224 0.999046669 17.159421918
0.999030404 -0.014046039 -0.041738288 -0.441159286 0.014628919 0.999799477 0.013694100 -0.125021887 0.041537337 -0.014291329 0.999034657 17.526364824
0.999136820 -0.012096383 -0.039750676 -0.465323043 0.012714954 0.999801948 0.015345846 -0.128336338 0.039556745 -0.015837968 0.999091813 18.249700371
0.999276410 -0.010618112 -0.036521950 -0.475956537 0.011220076 0.999803662 0.016317667 -0.132718158 0.036341131 -0.016715670 0.999200100 18.962399256
0.999312727 -0.010746428 -0.035492101 -0.484526893 0.011339354 0.999798529 0.016547693 -0.135283026 0.035306618 -0.016938747 0.999232583 19.312062214
0.999362271 -0.011946327 -0.033657607 -0.495440919 0.012501793 0.999788727 0.016342358 -0.141672960 0.033455448 -0.016752688 0.999299937 20.025703850
0.999497052 -0.011628839 -0.029515974 -0.496476682 0.012108837 0.999796512 0.016134988 -0.148096718 0.029321494 -0.016484220 0.999434054 20.741194592
0.999524942 -0.011756648 -0.028515890 -0.507013408 0.012228669 0.999789972 0.016436479 -0.150598890 0.028315779 -0.016777391 0.999458434 21.097576471
0.999633216 -0.010080134 -0.025164993 -0.512264077 0.010591625 0.999738131 0.020276379 -0.150155684 0.024953285 -0.020535421 0.999477939 21.827521957
0.999723655 -0.008236462 -0.022005606 -0.517796286 0.008808730 0.999622684 0.026037975 -0.146340785 0.021782305 -0.026224643 0.999419226 22.558455787
0.999885636 -0.007566998 -0.013134674 -0.514949803 0.007921131 0.999601257 0.027120797 -0.153729954 0.012923532 -0.027221641 0.999546101 23.652275845
0.999958668 -0.006792224 -0.006038229 -0.501049166 0.006919581 0.999748823 0.021329749 -0.169749847 0.005891457 -0.021370598 0.999754531 24.352258796
0.999968960 -0.007156791 -0.003493752 -0.495807106 0.007215350 0.999828382 0.017053369 -0.180033660 0.003370161 -0.017078066 0.999849096 24.690268952
0.999944697 -0.010349614 0.002069014 -0.478816430 0.010326237 0.999885993 0.010988241 -0.196313497 -0.002182982 -0.010966273 0.999937631 25.379692231
0.999895727 -0.011774659 0.008396466 -0.453354798 0.011660480 0.999840546 0.013522461 -0.197828619 -0.008555634 -0.013423161 0.999873198 26.075888879
0.999863144 -0.012004641 0.011363043 -0.440203258 0.011813254 0.999789628 0.016760796 -0.195174023 -0.011561680 -0.016624286 0.999794879 26.422576465
0.999763130 -0.012518928 0.017786594 -0.404021897 0.012105905 0.999658863 0.023138893 -0.189988653 -0.018070692 -0.022918062 0.999574626 27.117799980
0.999622537 -0.014094724 0.023610232 -0.373504732 0.013430632 0.999516326 0.028055951 -0.187146583 -0.023995095 -0.027728230 0.999327824 27.796757695
0.999541758 -0.014915113 0.026341022 -0.357261995 0.014189799 0.999521061 0.027511295 -0.190941711 -0.026739158 -0.027124930 0.999274304 28.132833152
0.999337866 -0.017550594 0.031868088 -0.315459529 0.016765976 0.999553543 0.024722472 -0.201482057 -0.032287962 -0.024171774 0.999186524 28.808727998
0.999151076 -0.020368825 0.035803960 -0.273938252 0.019560337 0.999549194 0.022788382 -0.210520643 -0.036252322 -0.022068715 0.999098766 29.485595341
0.999100669 -0.021353341 0.036636438 -0.257976585 0.020529088 0.999531061 0.022729380 -0.213453987 -0.037104911 -0.021956809 0.999069970 29.822637872
0.998978542 -0.022759665 0.039051489 -0.225211060 0.021823207 0.999467734 0.024242656 -0.216466220 -0.039582470 -0.023365649 0.998943670 30.493867814
0.998923747 -0.023155962 0.040203083 -0.199795744 0.022116497 0.999414153 0.026111227 -0.218800979 -0.040784920 -0.025193992 0.998850709 31.154616176
0.998851686 -0.023360913 0.041842556 -0.180463363 0.022260403 0.999398684 0.026577227 -0.220746127 -0.042438629 -0.025615268 0.998770843 31.480149842
0.998616823 -0.024050243 0.046762958 -0.132762863 0.022809365 0.999378016 0.026891676 -0.225734767 -0.047381299 -0.025787828 0.998544464 32.135936569
0.998513840 -0.025207698 0.048331015 -0.095502198 0.023948032 0.999362418 0.026467593 -0.231995908 -0.048967845 -0.025270858 0.998480908 32.791782659
0.998435852 -0.025524828 0.049743971 -0.077293276 0.024232651 0.999357437 0.026408834 -0.234873766 -0.050386598 -0.025162100 0.998412581 33.121147500
0.998376089 -0.025994636 0.050694706 -0.032682713 0.024668352 0.999341687 0.026613772 -0.240142442 -0.051353797 -0.025319962 0.998359173 33.787489323
0.998255882 -0.026197170 0.052908368 0.014456062 0.024812339 0.999336514 0.026663366 -0.245617437 -0.053572812 -0.025304057 0.998243759 34.445191467
0.998186963 -0.025857549 0.054358347 0.034069385 0.024415482 0.999336529 0.027028598 -0.247744392 -0.055020773 -0.025652393 0.998155500 34.769763823
0.998073259 -0.025514983 0.056558640 0.080926965 0.023961706 0.999321319 0.027973299 -0.251687628 -0.057234647 -0.026564132 0.998007337 35.428438719
0.997987347 -0.024713571 0.058395212 0.128908292 0.023075750 0.999325448 0.028556699 -0.256238097 -0.059062703 -0.027151654 0.997885090 36.083269389
0.997878870 -0.025495439 0.059901723 0.156995337 0.023795767 0.999298671 0.028918140 -0.258389807 -0.060598160 -0.027431377 0.997785212 36.414489776
0.997786485 -0.026997459 0.060780315 0.204976366 0.025186394 0.999221735 0.030368472 -0.261350334 -0.061553217 -0.028770396 0.997689009 37.069333920
0.997664641 -0.027433669 0.062561541 0.254081419 0.025555427 0.999204224 0.030626208 -0.266398042 -0.063351910 -0.028955847 0.997571750 37.720321297
0.997605297 -0.028247089 0.063132106 0.276784846 0.026357761 0.999184973 0.030563306 -0.269134930 -0.063943868 -0.028826173 0.997537114 38.034331014
0.997438498 -0.030921494 0.064507925 0.331226702 0.028897902 0.999067463 0.032069867 -0.271757192 -0.065440234 -0.030123577 0.997401455 38.667103317
0.997257571 -0.031467265 0.066990107 0.385949675 0.029307756 0.999026151 0.032978700 -0.275501228 -0.067962344 -0.030924919 0.997208373 39.298906343
0.996948426 -0.032223965 0.071106065 0.467028334 0.029980523 0.999025567 0.032395397 -0.284395647 -0.072080645 -0.030164751 0.996943106 40.232221624
0.996873180 -0.031246049 0.072577317 0.520346705 0.028871065 0.999019758 0.033546034 -0.287810624 -0.073555292 -0.031345792 0.996799000 40.868826288
0.996815248 -0.031091431 0.073444262 0.551523674 0.028649965 0.999009089 0.034066206 -0.289612301 -0.074430652 -0.031853507 0.996717504 41.189492173
0.996626083 -0.030525440 0.076193913 0.605684359 0.027810591 0.998949081 0.036442370 -0.290832799 -0.077226326 -0.034200387 0.996426626 41.823236125
0.996454446 -0.030981829 0.078225583 0.670566338 0.028087138 0.998889063 0.037837974 -0.293722505 -0.079311301 -0.035506622 0.996217323 42.455936014
0.996402707 -0.030817409 0.078943377 0.701743525 0.027908017 0.998899827 0.037695832 -0.296684140 -0.080018814 -0.035357019 0.996166754 42.776592068
0.996408280 -0.027139321 0.080213515 0.750240442 0.024198364 0.999007342 0.037411632 -0.302537857 -0.081149167 -0.035336203 0.996075541 43.394050814
0.996279114 -0.023119862 0.083031107 0.806086928 0.019955866 0.999050638 0.038735497 -0.305639171 -0.083848981 -0.036934364 0.995793490 44.022020207
0.996216895 -0.021721567 0.084142707 0.836421334 0.018507377 0.999076211 0.038793013 -0.308305375 -0.084907994 -0.037088997 0.995698383 44.345558076
0.996032632 -0.019617000 0.086799093 0.893672516 0.016227498 0.999084479 0.039583831 -0.312235730 -0.087496743 -0.038018190 0.995439623 44.968721593
0.995736988 -0.019972940 0.090054550 0.963891479 0.016265816 0.998997795 0.041712405 -0.313669955 -0.090797498 -0.040069764 0.995063361 45.583198188
0.995591770 -0.020624782 0.091498073 0.997596581 0.016806642 0.998963007 0.042305626 -0.315247966 -0.092276466 -0.040581269 0.994906385 45.895228039
0.995276746 -0.018475327 0.095305786 1.062759869 0.014473519 0.998991368 0.042510551 -0.320279409 -0.095995952 -0.040930308 0.994539903 46.526950007
0.994758481 -0.022109395 0.099834671 1.147118151 0.018009435 0.998964823 0.041783175 -0.326894818 -0.100655366 -0.039766245 0.994126478 47.164276876
0.994522472 -0.022770187 0.102012912 1.185037687 0.018785785 0.999029317 0.039849513 -0.332809884 -0.102822649 -0.037714867 0.993984822 47.461873424
0.994214666 -0.024723418 0.104530048 1.258910163 0.020984089 0.999105151 0.036721968 -0.343367364 -0.105345802 -0.034315944 0.993843609 48.063795693
0.993915179 -0.026938126 0.106803626 1.340132043 0.023242703 0.999092550 0.035695385 -0.350292473 -0.107669069 -0.032995873 0.993639648 48.676236067
0.993746994 -0.026620914 0.108435763 1.374399358 0.022935774 0.999121426 0.035090688 -0.353994036 -0.109275568 -0.032384179 0.993483898 48.986328382
0.993640981 -0.027033950 0.109300961 1.459600550 0.023464956 0.999152863 0.033808432 -0.361594851 -0.110123174 -0.031028616 0.993433407 49.620767590
0.993540784 -0.026826820 0.110260294 1.537731665 0.023067871 0.999113003 0.035227877 -0.364380155 -0.111108270 -0.032456815 0.993278256 50.243800516
0.993348382 -0.027213872 0.111889418 1.573403108 0.023333866 0.999085476 0.035842528 -0.365870867 -0.112762818 -0.032993285 0.993074715 50.549112718
0.993081796 -0.028116770 0.114009971 1.659727420 0.024141209 0.999056212 0.036102264 -0.370729037 -0.114917946 -0.033100161 0.992823389 51.179736089
0.992862217 -0.028200239 0.115890751 1.746613296 0.024041919 0.999021439 0.037124219 -0.374240884 -0.116824265 -0.034072998 0.992567775 51.808451331
0.992669209 -0.028135600 0.117546665 1.789634698 0.023793893 0.998988169 0.038178655 -0.375069119 -0.118502130 -0.035101877 0.992333106 52.124256468
0.992417684 -0.027779599 0.119730264 1.874834988 0.023178197 0.998944747 0.039654214 -0.377850107 -0.120705626 -0.036578435 0.992014740 52.758736523
0.991976321 -0.028072564 0.123274286 1.962845219 0.023490684 0.998983536 0.038466221 -0.385219072 -0.124229043 -0.035261751 0.991626923 53.383579997
0.991784295 -0.028616716 0.124678065 2.015183713 0.024105338 0.999004689 0.037543535 -0.389527380 -0.125629387 -0.034229743 0.991487064 53.703124574
0.991490367 -0.028519570 0.127019351 2.109701581 0.024179976 0.999074537 0.035577413 -0.398388348 -0.127917555 -0.032203318 0.991261564 54.341322035
0.991110827 -0.028641396 0.129921154 2.203141983 0.024321630 0.999101406 0.034714947 -0.405632452 -0.130799138 -0.031246458 0.990916741 55.018813617
0.990989314 -0.028904865 0.130788557 2.258054713 0.024499825 0.999081726 0.035165226 -0.407757499 -0.131685535 -0.031644052 0.990786851 55.365180107
0.990550727 -0.029183172 0.134010592 2.360529885 0.024475011 0.999028345 0.036647686 -0.410920132 -0.134950519 -0.033021477 0.990302558 56.047434981
0.990327453 -0.029744317 0.135525964 2.470636490 0.024965609 0.999009776 0.036824485 -0.416441995 -0.136487148 -0.033084811 0.990089079 56.739197413
0.990153765 -0.030317798 0.136663367 2.515952045 0.025519774 0.998999892 0.036724486 -0.419504996 -0.137640898 -0.032875240 0.989936620 57.082746791
0.989971881 -0.030683523 0.137893045 2.626339607 0.025844072 0.998990341 0.036750568 -0.425288663 -0.138882367 -0.032818360 0.989765355 57.773547235
0.989655808 -0.031926527 0.139862148 2.731905232 0.027032372 0.998959202 0.036754484 -0.430921163 -0.140890349 -0.032593417 0.989488357 58.445223708
0.989402925 -0.033131476 0.141370448 2.780310580 0.028135574 0.998911905 0.037192830 -0.432924157 -0.142449175 -0.032821160 0.989258367 58.778224601
0.989083353 -0.035454207 0.143032819 2.892101987 0.030122349 0.998773995 0.039272827 -0.434987028 -0.144250266 -0.034535652 0.988938472 59.464257727
0.988614382 -0.036501930 0.145976014 3.007263897 0.030593271 0.998627509 0.042520177 -0.434931742 -0.147329230 -0.037570153 0.988374069 60.138791565
0.988366319 -0.037411025 0.147421471 3.064142571 0.031207106 0.998535959 0.044174239 -0.434849567 -0.148858518 -0.039059702 0.988087081 60.478458370
0.988155439 -0.036304368 0.149099900 3.176215568 0.030010079 0.998569803 0.044251318 -0.440554121 -0.150493441 -0.039252737 0.987831909 61.163500865
0.987778472 -0.036295988 0.151583867 3.291941154 0.030270231 0.998664787 0.041872525 -0.450442107 -0.152902280 -0.036772242 0.987557125 61.836030896
0.987564087 -0.036323085 0.152963781 3.351067708 0.030281513 0.998673422 0.041643591 -0.453644326 -0.154273677 -0.036493760 0.987354720 62.167991709
0.987172460 -0.036933166 0.155328739 3.462812535 0.030449156 0.998571367 0.043918189 -0.455116883 -0.156729276 -0.038625167 0.986885771 62.818588498
0.986916506 -0.036268421 0.157104966 3.578816975 0.029087448 0.998434958 0.047769758 -0.454017078 -0.158592406 -0.042574927 0.986425711 63.490251878
0.986801037 -0.035820091 0.157925875 3.635414555 0.028235928 0.998349657 0.050009141 -0.452943123 -0.159457683 -0.044889880 0.986183895 63.830886859
0.986599021 -0.034403165 0.159496256 3.751138804 0.026454551 0.998312957 0.051694375 -0.455681366 -0.161006426 -0.046782218 0.985844127 64.503477482
0.986504968 -0.032778128 0.160419052 3.864570783 0.025235318 0.998487758 0.048833473 -0.466254481 -0.161776876 -0.044126166 0.985840793 65.148238528
0.986246227 -0.034911333 0.161555277 3.926506836 0.027602215 0.998500690 0.047268462 -0.471684761 -0.162964025 -0.042159118 0.985730719 65.470582759
0.986185577 -0.037599942 0.161322192 4.048411838 0.030471585 0.998456342 0.046436729 -0.478552764 -0.162819760 -0.040879457 0.985808573 66.122023445
0.985856957 -0.037605512 0.163315356 4.163246930 0.030159948 0.998399796 0.047833495 -0.481495223 -0.164853586 -0.042231471 0.985413997 66.762050309
0.985718617 -0.037471846 0.164177878 4.216427507 0.029815221 0.998360559 0.048855439 -0.482369096 -0.165739990 -0.043262703 0.985219824 67.078744682
0.985517319 -0.037628298 0.165351946 4.336037770 0.029562114 0.998262210 0.050975903 -0.483872445 -0.166983731 -0.045349453 0.984916772 67.702467652
0.985363128 -0.038968931 0.165954186 4.455086358 0.030607378 0.998144234 0.052648484 -0.486132139 -0.167698284 -0.046798403 0.984726987 68.328103753
0.985346875 -0.039483645 0.165932863 4.509671594 0.031023986 0.998097737 0.053269849 -0.487635060 -0.167721370 -0.047341351 0.984697912 68.639993945
0.985072707 -0.039744062 0.167488254 4.630686517 0.030914261 0.998007764 0.055001547 -0.489777456 -0.169341578 -0.049002692 0.984338522 69.258912650
0.984925415 -0.038043726 0.168746283 4.734754114 0.028886821 0.997991189 0.056392016 -0.492480322 -0.170552343 -0.050667380 0.984045483 69.864530122
0.984867700 -0.038094398 0.169069810 4.794395757 0.028856465 0.997970232 0.056765444 -0.494305884 -0.170889387 -0.051027707 0.983968310 70.159141721
0.984787668 -0.039324356 0.169258177 4.905205600 0.030115890 0.997941006 0.056633188 -0.499412200 -0.171136518 -0.050674306 0.983943126 70.741704346
0.984589045 -0.040361349 0.170162225 5.020229370 0.031314002 0.997966491 0.055522404 -0.506145669 -0.172057626 -0.049338252 0.983850243 71.309856632
0.984515199 -0.040609798 0.170530333 5.065732983 0.031669728 0.997993962 0.054822754 -0.509679799 -0.172414854 -0.048573186 0.983825940 71.581559569
0.984307303 -0.041162439 0.171594584 5.171955633 0.032392112 0.998037246 0.053602107 -0.516276369 -0.173464647 -0.047202639 0.983708156 72.108583204
0.984105504 -0.040757770 0.172848854 5.275088178 0.032062491 0.998089712 0.052803807 -0.522253006 -0.174671675 -0.046422496 0.983531848 72.646169562
0.984080565 -0.041091049 0.172906921 5.333278825 0.032366773 0.998070629 0.052977885 -0.524159161 -0.174751403 -0.046538132 0.983512818 72.910137989
0.983888838 -0.040932831 0.174034513 5.434397713 0.031874417 0.998002933 0.054530658 -0.525702925 -0.175919359 -0.048104882 0.983228831 73.419038964
0.983680772 -0.041273914 0.175125696 5.529571015 0.031877992 0.997914816 0.056131725 -0.527008268 -0.177077447 -0.049632998 0.982945019 73.912655788
0.983575899 -0.041615402 0.175635651 5.582097029 0.032181069 0.997898908 0.056227145 -0.528917807 -0.177606757 -0.049651500 0.982848145 74.160378245
0.983440864 -0.042259037 0.176233872 5.681811892 0.032802907 0.997878657 0.056230166 -0.533222402 -0.178236998 -0.049518091 0.982740892 74.674054672
0.983179924 -0.043193010 0.177460379 5.793089964 0.033419279 0.997774344 0.057701539 -0.534861802 -0.179558509 -0.050800275 0.982435147 75.183844459
0.983143545 -0.043333060 0.177628451 5.836861171 0.033439034 0.997737396 0.058322564 -0.535794807 -0.179754463 -0.051399674 0.982367726 75.425886719
0.983110010 -0.043261785 0.177828757 5.930303129 0.033403222 0.997754240 0.058064368 -0.540178822 -0.179942765 -0.051143595 0.982347047 75.889794733
0.982941677 -0.042526171 0.178936754 6.018361485 0.032726704 0.997817192 0.057366105 -0.545228012 -0.180985615 -0.050531473 0.982187129 76.336491398
0.982819806 -0.042127255 0.179694902 6.066346547 0.032305579 0.997837583 0.057239255 -0.547398183 -0.181718846 -0.050450692 0.982055765 76.564126625
0.982621226 -0.040148193 0.181230141 6.154685726 0.030293272 0.997925066 0.056823210 -0.551989203 -0.183135179 -0.050345611 0.981798239 77.009867403
0.982250740 -0.039508894 0.183365336 6.245834508 0.029920554 0.998050927 0.054767011 -0.559368264 -0.185172402 -0.048308502 0.981517899 77.445986854
0.982015647 -0.039508336 0.184620941 6.296067042 0.030008527 0.998091734 0.053970540 -0.562642908 -0.186401243 -0.047459601 0.981326368 77.665934562
0.981380213 -0.040462765 0.187768954 6.395970091 0.031016002 0.998113625 0.052979992 -0.568108606 -0.189558740 -0.046169641 0.980783685 78.107758700
0.980608641 -0.041935186 0.191440237 6.504908888 0.032659808 0.998146850 0.051352700 -0.574722647 -0.193239353 -0.044104454 0.980160537 78.554301809
0.980114155 -0.042916084 0.193740014 6.563615556 0.033961697 0.998205690 0.049307204 -0.580231966 -0.195509069 -0.041746903 0.979812801 78.780878820
0.979295393 -0.043917004 0.197618505 6.672274188 0.035602000 0.998333172 0.045435563 -0.590824050 -0.199284800 -0.037459231 0.979225950 79.228347986
0.978552050 -0.044077943 0.201231520 6.777560656 0.035618099 0.998331033 0.045471198 -0.594644608 -0.202900177 -0.037328384 0.978487395 79.687391778
0.978124708 -0.044269414 0.203257074 6.836547745 0.035854053 0.998348091 0.044901183 -0.597545835 -0.204909254 -0.036631339 0.978094903 79.913031122
0.977244615 -0.043873825 0.207530118 6.943240458 0.036390036 0.998546889 0.039744308 -0.610485137 -0.208971811 -0.031287845 0.977420849 80.367198785
0.976583547 -0.039398740 0.211501296 7.058689318 0.033797352 0.998977589 0.030035174 -0.631560716 -0.212468655 -0.022183642 0.976916579 80.826985968
0.976023188 -0.037738777 0.214371879 7.117677665 0.033001165 0.999127010 0.025637197 -0.641191701 -0.215152749 -0.017947926 0.976415760 81.052568280
0.975126094 -0.035614749 0.218773152 7.228021863 0.031701527 0.999269155 0.021372571 -0.652404647 -0.219374524 -0.013905501 0.975541982 81.494273565
0.974255812 -0.033463401 0.222948767 7.344310647 0.029718882 0.999355772 0.020130497 -0.658506205 -0.223479658 -0.012986426 0.974622724 81.951308338
0.973808423 -0.032942957 0.224973900 7.410366364 0.028882159 0.999355678 0.021318081 -0.658483222 -0.225531886 -0.014261935 0.974131522 82.188419556
0.972656496 -0.034373400 0.229692059 7.540510180 0.028805683 0.999205561 0.027550151 -0.651694798 -0.230457602 -0.020180397 0.972873183 82.669417520
0.971356027 -0.037684427 0.234621897 7.672899706 0.029465700 0.998826739 0.038438770 -0.636581186 -0.235795631 -0.030424420 0.971326816 83.142807879
0.970695654 -0.039228084 0.237088714 7.737268380 0.029501150 0.998576882 0.044437196 -0.628037623 -0.238494613 -0.036140547 0.970471387 83.385749925
0.969452749 -0.041829366 0.241687290 7.877570081 0.029504140 0.998083556 0.054394137 -0.614395085 -0.243500464 -0.045601789 0.968828449 83.867695598
0.967903248 -0.043745737 0.247486014 8.023537269 0.029284623 0.997658357 0.061816086 -0.605318998 -0.249610770 -0.052584493 0.966917070 84.365848514
0.967199761 -0.044500939 0.250091045 8.095818558 0.028921748 0.997425212 0.065629017 -0.600596426 -0.252368490 -0.056243187 0.965995928 84.617325960
0.966184101 -0.046102565 0.253697981 8.241504007 0.027751500 0.996763330 0.075445306 -0.587078685 -0.256355032 -0.065853508 0.964336621 85.116476287
0.965271862 -0.049257982 0.256562562 8.395101488 0.028285607 0.995995847 0.084803801 -0.574262045 -0.259713250 -0.074601614 0.962799978 85.624188454
0.964741718 -0.050930063 0.258224950 8.474732860 0.028854137 0.995651313 0.088572889 -0.569536972 -0.261614121 -0.077998945 0.962016220 85.886153243
0.963563261 -0.052270650 0.262326164 8.633997135 0.029041364 0.995366972 0.091661732 -0.568276533 -0.265902444 -0.080703547 0.960616137 86.410013416
0.962673637 -0.052733759 0.265481243 8.802579591 0.029797369 0.995523685 0.089695924 -0.576315958 -0.269022911 -0.078437221 0.959934871 86.937563708
0.962406651 -0.050713931 0.266837679 8.879404532 0.028683567 0.995897456 0.085822230 -0.585772237 -0.270095241 -0.074941919 0.959912282 87.209006014
0.962193056 -0.043292221 0.268905977 9.046913170 0.024087092 0.996943860 0.074313955 -0.611704098 -0.271302520 -0.065027187 0.960295521 87.775685092
0.961360077 -0.036571699 0.272855900 9.216669428 0.020482585 0.997891439 0.061583442 -0.639530404 -0.274533211 -0.053614983 0.960082277 88.334669957
0.961022911 -0.034381079 0.274324361 9.299721129 0.019511762 0.998197322 0.056749968 -0.650636867 -0.275781162 -0.049185409 0.959961337 88.620424679
0.960521100 -0.031910073 0.276372525 9.481085530 0.018773548 0.998570401 0.050048933 -0.667588606 -0.277575477 -0.042884509 0.959746155 89.211033815
0.959784577 -0.029869466 0.279143579 9.674620785 0.017442568 0.998747546 0.046896580 -0.678449237 -0.280195868 -0.040141705 0.959103872 89.831307142
0.959508436 -0.028477117 0.280236857 9.768438110 0.015714617 0.998739042 0.047684346 -0.679785651 -0.281241730 -0.041349635 0.958746007 90.151556085
0.958812514 -0.026916505 0.282762320 9.967916862 0.013063468 0.998625088 0.050763861 -0.679705103 -0.283740626 -0.044979152 0.957845336 90.787208307
0.958270080 -0.025234681 0.284750015 10.158360720 0.010879176 0.998594314 0.051883970 -0.683046048 -0.285660239 -0.046620934 0.957196721 91.418102831
0.958029524 -0.024153279 0.285651726 10.260652071 0.009743519 0.998612068 0.051759657 -0.686037159 -0.286506201 -0.046803993 0.956934429 91.744985992
0.957496732 -0.023697967 0.287470664 10.472304038 0.009320857 0.998640897 0.051278577 -0.692495048 -0.288295431 -0.046419565 0.956415530 92.410195376
0.957061473 -0.025790044 0.288736407 10.691586699 0.011302249 0.998597046 0.051732063 -0.697362307 -0.289665701 -0.046247465 0.956010473 93.084945791
0.957021079 -0.027715995 0.288690565 10.799542060 0.012766638 0.998484734 0.053538244 -0.697010152 -0.289736932 -0.047551654 0.955924933 93.428103227
0.957074999 -0.029614656 0.288322641 11.018261602 0.013448100 0.998232075 0.057891448 -0.694914033 -0.289527778 -0.051529057 0.955781432 94.104832194
0.956788608 -0.029160959 0.289320070 11.242365980 0.012576843 0.998178156 0.059015806 -0.698752502 -0.290514108 -0.052826853 0.955411928 94.798716579
0.956574184 -0.028178573 0.290123653 11.350322367 0.011886855 0.998259704 0.057764529 -0.703890151 -0.291246505 -0.051807446 0.955244677 95.141827490
0.956478456 -0.025976672 0.290646827 11.579812550 0.011090061 0.998546341 0.052749734 -0.718843022 -0.291594960 -0.047230731 0.955375877 95.852823395
0.956493848 -0.023480949 0.290807659 11.812438968 0.009769717 0.998774707 0.048511424 -0.732596226 -0.291590255 -0.043559757 0.955551438 96.588713337
0.956291001 -0.023704528 0.291455956 11.926059767 0.010132119 0.998796401 0.047989085 -0.736550531 -0.292243599 -0.042938446 0.955379337 96.948080218
0.956034914 -0.025262778 0.292163275 12.167438678 0.011056308 0.998679360 0.050174772 -0.738900713 -0.293045278 -0.044738571 0.955051715 97.689755269
0.955377755 -0.026678289 0.294181246 12.430024912 0.011522880 0.998521392 0.053130969 -0.740167988 -0.295164462 -0.047370246 0.954271324 98.465780772
0.955086180 -0.027002585 0.295096248 12.554974472 0.011454998 0.998459651 0.054289027 -0.741405622 -0.296108987 -0.048470279 0.953923829 98.857662558
0.954476012 -0.028689886 0.296906965 12.820697498 0.012479776 0.998332959 0.056349010 -0.744453122 -0.298028348 -0.050078396 0.953242891 99.658556845
0.953871587 -0.030742160 0.298639603 13.086982821 0.014338722 0.998273370 0.056964359 -0.750064158 -0.299875353 -0.050054518 0.952664320 100.457509866
0.953463168 -0.031646941 0.299844370 13.228880238 0.015238369 0.998263096 0.056905362 -0.753571221 -0.301125080 -0.049688094 0.952289144 100.862668904
0.952981257 -0.032899093 0.301237913 13.501392364 0.016593321 0.998262955 0.056529546 -0.761072433 -0.302575825 -0.048873087 0.951871699 101.675932308
0.952331201 -0.034403860 0.303121028 13.782097370 0.018248046 0.998265340 0.055971161 -0.768956572 -0.304521287 -0.047771679 0.951307364 102.496800478
0.952110414 -0.034529031 0.303798059 13.914116580 0.018411465 0.998274980 0.055759606 -0.772729800 -0.305200335 -0.047495949 0.951103603 102.900107868
0.951121336 -0.034920965 0.306837045 14.211487786 0.018503345 0.998244709 0.056253816 -0.778881697 -0.308263882 -0.047826724 0.950097783 103.735246973
0.950425779 -0.036417663 0.308813989 14.499541984 0.019264175 0.998106203 0.058415698 -0.781993507 -0.310356368 -0.049570670 0.949326742 104.566642909
0.949986181 -0.036521220 0.310148465 14.640034583 0.019037367 0.998063774 0.059214478 -0.784021552 -0.311711314 -0.050348556 0.948842633 104.976613330
0.949263489 -0.036853730 0.312315452 14.928370725 0.019574070 0.998108095 0.058283995 -0.792674977 -0.313873047 -0.049213557 0.948188369 105.807002533
0.948141468 -0.037338858 0.315649344 15.235059107 0.020468416 0.998187939 0.056595246 -0.802756932 -0.317191648 -0.047199408 0.947186688 106.645877264
0.947565039 -0.037389003 0.317369624 15.382902330 0.020690546 0.998226572 0.055824826 -0.807672373 -0.318894372 -0.046331085 0.946657284 107.066310537
0.946813714 -0.038403240 0.319482610 15.687623775 0.021628347 0.998202647 0.055890880 -0.814651740 -0.321054813 -0.046008381 0.945942572 107.911929951
0.945669212 -0.038106145 0.322889502 15.994310927 0.020448679 0.998112892 0.057903829 -0.818153930 -0.324487296 -0.048155176 0.944663520 108.750860443
0.945521913 -0.037496378 0.323393946 16.152312841 0.019552440 0.998092552 0.058559148 -0.820535102 -0.324973608 -0.049045745 0.944451022 109.172204815
0.944819595 -0.036956292 0.325501079 16.459562158 0.018536118 0.998055388 0.059512019 -0.825900853 -0.327067601 -0.050194636 0.943667137 110.009199975
0.944413797 -0.036371664 0.326742505 16.765968673 0.017434540 0.998003663 0.060701172 -0.830851178 -0.328299244 -0.051630395 0.943162248 110.849077965
0.944263579 -0.036437445 0.327168408 16.913811533 0.017371489 0.997986163 0.061010883 -0.833826688 -0.328733456 -0.051926968 0.942994669 111.269527678
0.943306506 -0.036497140 0.329910838 17.236042282 0.017284726 0.997989271 0.060982782 -0.841099184 -0.331473435 -0.051823022 0.942040345 112.126521551
0.942577196 -0.035440504 0.332102249 17.562814174 0.016162846 0.998029126 0.060631813 -0.849131011 -0.333597068 -0.051782446 0.941292932 113.003594011
0.941992838 -0.035358952 0.333766364 17.727323678 0.015967577 0.998030430 0.060665035 -0.852744195 -0.335254615 -0.051816499 0.940701842 113.438294574
0.941127152 -0.035674062 0.336164435 18.049835038 0.015856668 0.997980689 0.061514226 -0.858428562 -0.337680461 -0.052562277 0.939791749 114.294342136
0.940428913 -0.035319194 0.338151251 18.389293737 0.014931606 0.997920260 0.062704544 -0.863612457 -0.339663072 -0.053920108 0.939000723 115.163690424
0.939755688 -0.035236484 0.340027517 18.556050455 0.014674623 0.997914618 0.062855034 -0.866950163 -0.341533674 -0.054078504 0.938312265 115.590715162
0.938485283 -0.033209826 0.343719400 18.888440733 0.012696196 0.998009929 0.061761175 -0.876168228 -0.345086929 -0.053598061 0.937039073 116.448582170
0.937329288 -0.031068220 0.347058421 19.212637632 0.010001839 0.998005787 0.062327470 -0.882333462 -0.348303332 -0.054950092 0.935770538 117.298867038
0.936510286 -0.030829928 0.349283045 19.395498776 0.009211654 0.997946952 0.063386448 -0.884165290 -0.350520202 -0.056144574 0.934870859 117.742080331
0.935392784 -0.030563608 0.352286208 19.735237754 0.007578572 0.997761248 0.066440878 -0.885981120 -0.353528727 -0.059478542 0.933530450 118.610497392
0.933965834 -0.029303122 0.356158247 20.084855549 0.005433475 0.997681947 0.067836359 -0.890790668 -0.357320951 -0.061421619 0.931960274 119.480738475
0.933010760 -0.028659821 0.358706484 20.269121554 0.004532133 0.997679834 0.067923978 -0.894331506 -0.359821382 -0.061748086 0.930976146 119.919138436
0.932455853 -0.027609126 0.360228650 20.620144252 0.003187320 0.997666049 0.068214040 -0.901080054 -0.361271716 -0.062458377 0.930366538 120.784564236
0.930978255 -0.027474514 0.364040610 20.987271884 0.002884018 0.997686741 0.067920945 -0.909032628 -0.365065140 -0.062182996 0.928902959 121.666155626
0.930402862 -0.027599954 0.365497508 21.164188049 0.003184389 0.997732022 0.067236019 -0.913875920 -0.366525151 -0.061392714 0.928380551 122.094057228
0.929051397 -0.027548976 0.368925938 21.526494321 0.003688354 0.997863770 0.065225770 -0.924767216 -0.369935080 -0.059237250 0.927167267 122.956498462
0.927226644 -0.028005473 0.373451625 21.892171415 0.004612378 0.997978170 0.063387335 -0.935250294 -0.374472978 -0.057051876 0.925481578 123.807425918
0.926514738 -0.028018131 0.375214222 22.080932076 0.004655759 0.998000747 0.063026587 -0.939460132 -0.376230427 -0.056648178 0.924792999 124.230463890
0.925690898 -0.027146793 0.377306266 22.438134812 0.003565803 0.998004109 0.063056812 -0.946508579 -0.378265796 -0.057025701 0.923939519 125.074772211
0.924421992 -0.029155440 0.380254997 22.803530096 0.005190800 0.997943307 0.063896638 -0.952170016 -0.381336695 -0.057093574 0.922671613 125.926700298
0.924021679 -0.030691963 0.381107408 22.992290630 0.006785836 0.997932754 0.063914486 -0.955699879 -0.382281150 -0.056472240 0.922318996 126.349744032
0.923008839 -0.032072228 0.383439571 23.369531294 0.008733460 0.998010063 0.062454015 -0.965447694 -0.384679368 -0.054296864 0.921452229 127.196768492
0.922403545 -0.033405941 0.384780426 23.753560344 0.010833373 0.998098708 0.060683136 -0.975839356 -0.386076515 -0.051805900 0.921011631 128.056194356
0.922099389 -0.034276120 0.385433507 23.941478224 0.011814522 0.998098654 0.060494960 -0.979743763 -0.386774033 -0.051228677 0.920751043 128.482114226
0.921653336 -0.035890928 0.386351983 24.326349026 0.013039308 0.998015702 0.061606865 -0.984931055 -0.387796512 -0.051742367 0.920291637 129.338704886
0.920758737 -0.036339822 0.388437706 24.703027416 0.013438231 0.998015884 0.061514141 -0.992235329 -0.389902413 -0.051419762 0.919419628 130.187669593
0.920033569 -0.035749237 0.390206908 24.901947502 0.013172006 0.998088485 0.060383847 -0.997830757 -0.391620536 -0.050415288 0.918745174 130.611585445
