1.000000000 0.000000000 0.000000000 0.000000000 0.000000000 1.000000000 0.000000000 -0.000000000 -0.000000000 -0.000000000 1.000000000 0.000000000
0.999998886 -0.000158389 0.001523203 0.009413362 0.000160145 0.999998977 -0.001128763 -0.032339248 -0.001523962 0.001128933 0.999998784 0.467839304
0.999983220 -0.000435183 0.005723913 0.027613096 0.000449484 0.999996590 -0.002483298 -0.095413252 -0.005723352 0.002485799 0.999980833 1.404386814
0.999962272 -0.002049900 0.008465338 0.054765783 0.002071470 0.999994568 -0.002534614 -0.156600881 -0.008461049 0.002552009 0.999960934 2.345996167
0.999940813 -0.002505543 0.010564139 0.071199013 0.002528802 0.999994448 -0.002188479 -0.186840387 -0.010559007 0.002215100 0.999942053 2.821206699
0.999874203 -0.002620447 0.015650885 0.109869817 0.002649317 0.999994634 -0.001819036 -0.247510461 -0.015646253 0.001860236 0.999876119 3.764728630
0.999851164 -0.002982985 0.016979849 0.134092935 0.003023696 0.999992581 -0.002369797 -0.312812633 -0.016973706 0.002420697 0.999853721 4.756090916
0.999829021 -0.003454514 0.018155285 0.148462606 0.003504807 0.999990599 -0.002734480 -0.345461519 -0.018146325 0.002797593 0.999832222 5.249094007
0.999766365 -0.004307994 0.021149826 0.192609182 0.004357126 0.999988007 -0.002275496 -0.408642824 -0.021140067 0.002367090 0.999774079 6.232524923
0.999694707 -0.005527219 0.024078742 0.233562247 0.005531327 0.999984245 -0.000102617 -0.468970559 -0.024077812 0.000235715 0.999710112 7.219966268
0.999662001 -0.006142516 0.025259394 0.254951785 0.006118747 0.999981127 0.001018959 -0.499519703 -0.025265328 -0.000864101 0.999680407 7.720340587
0.999642340 -0.006049444 0.026063116 0.290839886 0.005983054 0.999978696 0.002627612 -0.560234687 -0.026078969 -0.002470835 0.999657363 8.698225795
0.999560301 -0.006370968 0.028929684 0.332503956 0.006301435 0.999976937 0.002493083 -0.623645347 -0.028945394 -0.002309736 0.999578848 9.669049986
0.999551564 -0.006481477 0.029224584 0.352675596 0.006434418 0.999977972 0.001704439 -0.656694845 -0.029235314 -0.001515629 0.999571376 10.155140401
0.999511390 -0.005683024 0.030736397 0.395603030 0.005679156 0.999983803 0.000214879 -0.722486267 -0.030737816 -0.000040242 0.999527542 11.124280319
0.999476012 -0.005768071 0.031843214 0.438431190 0.005791659 0.999982602 -0.000646536 -0.788146359 -0.031839634 0.000830515 0.999492730 12.109081417
0.999433798 -0.006738543 0.032961253 0.461089179 0.006764043 0.999977052 -0.000662356 -0.820627231 -0.032956307 0.000884928 0.999456257 12.607800485
0.999372800 -0.008252744 0.034428544 0.508238743 0.008266021 0.999966194 -0.000243209 -0.885690967 -0.034425644 0.000527558 0.999407649 13.618589128
0.999295181 -0.009511243 0.036312283 0.559888591 0.009545906 0.999953803 -0.000779915 -0.952157278 -0.036304238 0.001125915 0.999340367 14.623930730
0.999280704 -0.009512748 0.036701436 0.581906024 0.009538431 0.999954023 -0.000525033 -0.984231084 -0.036694620 0.000874681 0.999325876 15.123441306
0.999144231 -0.008955885 0.040372416 0.635613101 0.008989464 0.999958888 -0.000649556 -1.048846813 -0.040365712 0.001011915 0.999184124 16.110954231
0.999080804 -0.010040624 0.041668006 0.694433548 0.010188732 0.999942649 -0.003342015 -1.117696967 -0.041632124 0.003763529 0.999125751 17.092071883
0.999031396 -0.012571982 0.042169300 0.725423966 0.012853297 0.999897280 -0.006404481 -1.155010685 -0.042084687 0.006940303 0.999090512 17.580531009
0.998909873 -0.017730212 0.043181804 0.782859188 0.018344974 0.999735454 -0.013881568 -1.232236941 -0.042925339 0.014658531 0.998971055 18.562637676
0.998783604 -0.022043975 0.044100554 0.845528059 0.022854661 0.999577231 -0.017961938 -1.303080457 -0.043686353 0.018947939 0.998866055 19.539035301
0.998696588 -0.024886013 0.044561003 0.870894121 0.025681110 0.999519454 -0.017357724 -1.333209767 -0.044108079 0.018479383 0.998856407 20.019192874
0.998485381 -0.029993352 0.046112910 0.936401515 0.030681052 0.999427190 -0.014276741 -1.390186485 -0.045658964 0.015669898 0.998834480 20.977773279
0.998307674 -0.033209673 0.047741401 1.007506565 0.033752146 0.999373665 -0.010599792 -1.447810057 -0.047359780 0.012193185 0.998803973 21.960730479
0.998239888 -0.033396488 0.049013651 1.042466362 0.033871149 0.999387208 -0.008883468 -1.476440100 -0.048686719 0.010527910 0.998758661 22.445159677
0.998214314 -0.031916852 0.050490897 1.098503600 0.032265993 0.999460925 -0.006114341 -1.532902031 -0.050268228 0.007732590 0.998706186 23.383945941
0.998072185 -0.030438484 0.054086133 1.171953528 0.030718134 0.999518133 -0.004346137 -1.589967084 -0.053928268 0.005999177 0.998527097 24.302032873
0.998055005 -0.029400017 0.054963257 1.202474673 0.029672930 0.999550788 -0.004154326 -1.620648738 -0.054817410 0.005777074 0.998480354 24.776033161
0.998056800 -0.027296836 0.056021662 1.264144519 0.027600938 0.999608009 -0.004660511 -1.683566644 -0.055872905 0.006197680 0.998418855 25.723168060
0.997969066 -0.025859375 0.058206042 1.337332369 0.026181176 0.999646108 -0.004772377 -1.745976974 -0.058062102 0.006286581 0.998293783 26.672214892
0.997991145 -0.025072271 0.058184965 1.374201060 0.025371942 0.999668173 -0.004417471 -1.776955790 -0.058055160 0.005884755 0.998296782 27.154196685
0.997897986 -0.024021382 0.060188308 1.440953958 0.024274381 0.999698998 -0.003475450 -1.837889880 -0.060086950 0.004929055 0.998181343 28.110990913
0.997839737 -0.022953141 0.061541966 1.511443344 0.023229459 0.999722549 -0.003777812 -1.901803597 -0.061438402 0.005199212 0.998097788 29.078654060
0.997822596 -0.022634943 0.061951563 1.543232149 0.022974723 0.999725015 -0.004777784 -1.934486829 -0.061826289 0.006190636 0.998068261 29.550994582
0.997659332 -0.022112141 0.064696276 1.618320640 0.022593816 0.999722550 -0.006722315 -1.999974365 -0.064529813 0.008168301 0.997882679 30.497546927
0.997496002 -0.022648487 0.066987975 1.698603780 0.023183558 0.999704742 -0.007220085 -2.062521757 -0.066804877 0.008754889 0.997727566 31.438167721
0.997395871 -0.022783151 0.068430567 1.742575788 0.023304965 0.999705311 -0.006836137 -2.092929158 -0.068254812 0.008413084 0.997632500 31.911769268
0.997383083 -0.022817640 0.068593639 1.812643966 0.023362685 0.999701759 -0.007153913 -2.154862420 -0.068410663 0.008737659 0.997619318 32.849020232
0.997228704 -0.022896289 0.070787616 1.895372647 0.023583059 0.999682240 -0.008881596 -2.220443440 -0.070562082 0.010526417 0.997451470 33.802036850
0.997112643 -0.022488309 0.072536631 1.932331005 0.023250071 0.999682674 -0.009673524 -2.252401763 -0.072295767 0.011331978 0.997319013 34.268302641
0.997032489 -0.021395566 0.073947711 2.013169217 0.022124567 0.999714625 -0.009052409 -2.314007507 -0.073733155 0.010661620 0.997220810 35.223871792
0.996945048 -0.020396290 0.075387468 2.101662315 0.021018637 0.999751504 -0.007470396 -2.374409524 -0.075216292 0.009032111 0.997126333 36.185989059
0.996797140 -0.019765390 0.077487246 2.146933069 0.020345303 0.999770451 -0.006701300 -2.404074405 -0.077337978 0.008256268 0.996971556 36.658108202
0.996590299 -0.018996178 0.080282139 2.245218112 0.019490740 0.999795512 -0.005380966 -2.463269753 -0.080163490 0.006927440 0.996757669 37.593172797
0.996265905 -0.020089562 0.083967365 2.343074826 0.020535062 0.999778855 -0.004444300 -2.521113295 -0.083860106 0.006151903 0.996458189 38.497784576
0.996178537 -0.020397703 0.084923628 2.397378930 0.020810299 0.999775719 -0.003975135 -2.550689548 -0.084823872 0.005727265 0.996379623 38.959196673
0.996115255 -0.020535177 0.085630478 2.494362965 0.020880864 0.999777406 -0.003143243 -2.610826987 -0.085546373 0.004919002 0.996322292 39.895730773
0.996095289 -0.020939269 0.085763517 2.588759002 0.021238851 0.999770859 -0.002582004 -2.671611269 -0.085690463 0.004393386 0.996312390 40.835283858
0.996160324 -0.020591509 0.085091894 2.628967618 0.020860095 0.999780157 -0.002267307 -2.701413936 -0.085026721 0.004033535 0.996370855 41.297862986
0.995945035 -0.020203745 0.087670112 2.735626010 0.020453065 0.999789320 -0.001945492 -2.761829898 -0.087613109 0.003730764 0.996148049 42.222901112
0.995883170 -0.018177261 0.088802258 2.827750525 0.018481650 0.999825881 -0.002605830 -2.822008559 -0.088740580 0.004236374 0.996046079 43.118596054
0.995862281 -0.017237574 0.089222557 2.869982683 0.017624707 0.999837992 -0.003551361 -2.852934248 -0.089147736 0.005109191 0.996005003 43.563154310
0.995813445 -0.016263462 0.089947195 2.965209121 0.016775658 0.999846889 -0.004940613 -2.915156607 -0.089853539 0.006428826 0.995934908 44.470543862
0.995664228 -0.017547521 0.091347992 3.062413069 0.018019932 0.999828565 -0.004348779 -2.973670765 -0.091257004 0.005976080 0.995809336 45.375877495
0.995663395 -0.018437868 0.091178466 3.109194007 0.018869012 0.999814605 -0.003869290 -3.001718235 -0.091090317 0.005572882 0.995827264 45.815265395
0.995454152 -0.019743726 0.093170227 3.210492858 0.020152637 0.999791225 -0.003448813 -3.058257518 -0.093082782 0.005310714 0.995644458 46.684830098
0.995246930 -0.019776851 0.095348623 3.309299142 0.020260400 0.999786022 -0.004105091 -3.115914245 -0.095247111 0.006017212 0.995435828 47.541730675
0.995147970 -0.020156964 0.096301787 3.361879110 0.020657430 0.999777402 -0.004201797 -3.144621769 -0.096196940 0.006170686 0.995343165 47.974189130
0.995000107 -0.021721964 0.097480859 3.463410197 0.022157829 0.999749143 -0.003390222 -3.198450109 -0.097383190 0.005533274 0.995232107 48.812623666
0.994885947 -0.022556293 0.098452622 3.573212308 0.022970077 0.999731495 -0.003071115 -3.253637153 -0.098357135 0.005316850 0.995137422 49.656675501
0.994801159 -0.022344214 0.099352050 3.623962534 0.022794971 0.999734623 -0.003402940 -3.281903415 -0.099250387 0.005649917 0.995046644 50.075805378
0.994787609 -0.022867909 0.099370435 3.718468779 0.023411114 0.999716696 -0.004304347 -3.338270553 -0.099243686 0.006608267 0.995041450 50.906840307
0.994653781 -0.023179504 0.100625184 3.823225255 0.023662433 0.999713380 -0.003608215 -3.392138516 -0.100513032 0.005969936 0.994918609 51.741446291
0.994620071 -0.023757768 0.100829735 3.872154783 0.024259942 0.999698172 -0.003756678 -3.419165233 -0.100710660 0.006182543 0.994897410 52.147299186
0.994698319 -0.024962256 0.099758257 3.960521526 0.025652390 0.999654522 -0.005640765 -3.474659675 -0.099584134 0.008169859 0.994995951 52.939084425
0.994737005 -0.024883564 0.099392628 4.056591559 0.025976917 0.999615346 -0.009720002 -3.533572064 -0.099113833 0.012250808 0.995000850 53.721466369
0.994640483 -0.025516797 0.100190702 4.103668172 0.026779913 0.999577788 -0.011281577 -3.562203120 -0.099860889 0.013904193 0.994904763 54.113858471
0.994694999 -0.026005956 0.099523031 4.186482363 0.027280439 0.999562317 -0.011466585 -3.613069270 -0.099181264 0.014120760 0.994969234 54.881524251
0.994832529 -0.025097077 0.098376223 4.268582499 0.026150214 0.999613866 -0.009430665 -3.661121916 -0.098101424 0.011954520 0.995104339 55.665789771
0.994932658 -0.023308066 0.097807072 4.309360399 0.024269681 0.999668450 -0.008652638 -3.685145082 -0.097573249 0.010982505 0.995167532 56.050478987
0.995099825 -0.020024324 0.096820047 4.379480741 0.020995174 0.999738926 -0.009018003 -3.735307144 -0.096615192 0.011006614 0.995261174 56.802188852
0.995141058 -0.018418239 0.096715488 4.461737825 0.019509123 0.999756037 -0.010344883 -3.787294555 -0.096502068 0.012181426 0.995258296 57.554894666
0.995146816 -0.018235782 0.096690880 4.506362227 0.019386148 0.999751597 -0.010970582 -3.813480718 -0.096467239 0.012791819 0.995254168 57.934852890
0.995263028 -0.016242788 0.095849875 4.586157153 0.017460556 0.999776690 -0.011878982 -3.863901346 -0.095635461 0.013496247 0.995324841 58.675068071
0.995322646 -0.012275016 0.095823150 4.660802535 0.013484489 0.999836798 -0.011983819 -3.913280683 -0.095660873 0.013219765 0.995326606 59.421472140
0.995347005 -0.009828059 0.095850880 4.699095668 0.011022172 0.999868467 -0.011935654 -3.937732774 -0.095722005 0.012936599 0.995323884 59.793541733
0.995568442 -0.005825391 0.093859247 4.778681758 0.006987669 0.999903079 -0.012058480 -3.988798787 -0.093780133 0.012660852 0.995512690 60.565020586
0.995695957 -0.003420544 0.092614058 4.851946188 0.004465377 0.999928516 -0.011076724 -4.037282552 -0.092570308 0.011442651 0.995640240 61.328665628
0.995908990 -0.001589167 0.090338982 4.890143439 0.002523624 0.999944055 -0.010229985 -4.061303956 -0.090318394 0.010416097 0.995858800 61.716415751
0.996198408 0.001187443 0.087102338 4.953326434 -0.000490683 0.999968027 -0.008019335 -4.106281426 -0.087109995 0.007946022 0.996167082 62.461225203
0.996619679 0.003184091 0.082086226 5.013399367 -0.002740535 0.999980957 -0.005515403 -4.149933653 -0.082103249 0.005271824 0.996609672 63.194293609
0.996802109 0.004674184 0.079766103 5.043415486 -0.004266394 0.999976503 -0.005281725 -4.173555903 -0.079788782 0.004924514 0.996799624 63.560711720
0.997098529 0.007881333 0.075707994 5.094607271 -0.007441280 0.999953380 -0.006092013 -4.221650623 -0.075753112 0.005510890 0.997111636 64.272900378
0.997492537 0.007891824 0.070324266 5.150298096 -0.007353808 0.999941440 -0.007905354 -4.271257681 -0.070382436 0.007368333 0.997493192 64.979634900
0.997626616 0.007636073 0.068427177 5.180393480 -0.007015514 0.999931793 -0.009305045 -4.296777464 -0.068494183 0.008802815 0.997613084 65.330277673
0.997983317 0.009543751 0.062750935 5.221424135 -0.008753213 0.999878476 -0.012861089 -4.348400759 -0.062866042 0.012285823 0.997946117 66.023176049
0.998348914 0.009332634 0.056678466 5.269978409 -0.008415415 0.999829940 -0.016399756 -4.401512922 -0.056822353 0.015895673 0.998258047 66.738101202
0.998491917 0.009147615 0.054125698 5.287264165 -0.008170367 0.999800579 -0.018247608 -4.427654153 -0.054282483 0.017777824 0.998367258 67.088355078
0.998812926 0.010211374 0.047624375 5.321847546 -0.009202638 0.999729727 -0.021352916 -4.478888869 -0.047829983 0.020889275 0.998637614 67.788930551
0.999109843 0.012308371 0.040339210 5.349460459 -0.011367026 0.999659675 -0.023480530 -4.527862705 -0.040615589 0.023001018 0.998910527 68.482416640
0.999217533 0.012817554 0.037410235 5.360426251 -0.011920148 0.999638134 -0.024112954 -4.551272011 -0.037706265 0.023648173 0.999009396 68.824846380
0.999432496 0.014587973 0.030353018 5.377323730 -0.013848810 0.999606354 -0.024418781 -4.595753730 -0.030697804 0.023984605 0.999241167 69.500325794
0.999625424 0.016481224 0.021859354 5.390896094 -0.015957047 0.999585969 -0.023938416 -4.640104410 -0.022245068 0.023580544 0.999474989 70.195292362
0.999723803 0.015760293 0.017413404 5.394237296 -0.015340435 0.999594501 -0.023988197 -4.662043195 -0.017784134 0.023714440 0.999560779 70.531346832
0.999844691 0.014797075 0.009558384 5.396493596 -0.014553687 0.999580613 -0.025047435 -4.706864757 -0.009925528 0.024904394 0.999640790 71.193098452
0.999896029 0.014427926 -0.000282786 5.392297310 -0.014430403 0.999560651 -0.025896773 -4.751766731 -0.000091472 0.025898150 0.999665017 71.862496856
0.999866211 0.014873585 -0.006695415 5.381552406 -0.015040584 0.999558617 -0.025630189 -4.773103711 0.006311460 0.025727459 0.999649173 72.199771889
0.999622720 0.017830444 -0.020899900 5.350524029 -0.018317872 0.999559095 -0.023370301 -4.812407411 0.020473378 0.023744332 0.999508602 72.870365068
0.999236399 0.018619339 -0.034354237 5.318196113 -0.019365431 0.999581085 -0.021516125 -4.852523481 0.033938050 0.022164980 0.999178259 73.542436136
0.999000602 0.016366097 -0.041590080 5.298516117 -0.017276279 0.999616778 -0.021620891 -4.874170228 0.041220078 0.022317780 0.998901311 73.874751228
0.998252878 0.010663284 -0.058114725 5.253297634 -0.012087527 0.999633616 -0.024210779 -4.922052380 0.057835487 0.024870913 0.998016422 74.545971613
0.997090606 0.008837053 -0.075705746 5.191556456 -0.011171447 0.999473126 -0.030467719 -4.974403284 0.075396532 0.031224705 0.996665429 75.189840237
0.996447067 0.008634170 -0.083776115 5.157180003 -0.011532081 0.999349750 -0.034169456 -5.001269380 0.083426026 0.035014199 0.995898289 75.508112153
0.994807380 0.004376605 -0.101682113 5.081909036 -0.008381804 0.999203918 -0.038994951 -5.051967068 0.101431047 0.039644733 0.994052483 76.168156792
0.992853365 0.003757491 -0.119280868 4.984974965 -0.008647918 0.999142194 -0.040508777 -5.096391466 0.119026456 0.041250906 0.992034023 76.823318249
0.991726058 0.004952003 -0.128275481 4.930127984 -0.010188749 0.999139615 -0.040200147 -5.116719110 0.127966300 0.041174472 0.990924026 77.150846418
0.989339813 0.004371016 -0.145558476 4.826377884 -0.010084114 0.999206354 -0.038535451 -5.154144432 0.145273825 0.039592527 0.988599022 77.783572047
0.986625500 0.003416437 -0.162966480 4.706037694 -0.009779899 0.999220206 -0.038261835 -5.193093226 0.162707992 0.039343950 0.985889628 78.404788973
0.985127517 0.004883303 -0.171754203 4.646110940 -0.011804732 0.999157225 -0.039300517 -5.215115308 0.171417487 0.040743491 0.984356058 78.722676516
0.981836551 0.007633765 -0.189575619 4.500827114 -0.016281342 0.998894683 -0.044100093 -5.261513206 0.189028765 0.046385567 0.980875725 79.326296625
0.978457163 0.009489743 -0.206229802 4.358098843 -0.020293960 0.998526062 -0.050337177 -5.310128102 0.205448392 0.053438005 0.977208222 79.926712648
0.976667183 0.007259950 -0.214637041 4.282317307 -0.019285273 0.998355851 -0.053985756 -5.334611196 0.213891371 0.056865413 0.975201364 80.216613000
0.972681614 0.005255267 -0.232084296 4.125609191 -0.018375779 0.998349792 -0.054408125 -5.373244460 0.231414227 0.057186489 0.971173187 80.818855842
0.968550818 0.006218131 -0.248735906 3.963233535 -0.020073963 0.998381478 -0.053207716 -5.408505118 0.248001715 0.056527481 0.967109348 81.412550758
0.966539706 0.007157109 -0.256415412 3.872798137 -0.021322036 0.998393040 -0.052504573 -5.425553161 0.255628304 0.056215029 0.965139854 81.704878532
0.962756530 0.012055148 -0.270099747 3.694539304 -0.026423806 0.998418656 -0.049624790 -5.456886956 0.269074217 0.054913691 0.961552458 82.286651825
0.959342936 0.015587887 -0.281811145 3.514453894 -0.030000353 0.998449340 -0.046900032 -5.487500089 0.280642885 0.053447650 0.958323504 82.855114598
0.957748615 0.017401008 -0.287079882 3.420282008 -0.031619100 0.998488136 -0.044964672 -5.501568506 0.285863580 0.052141994 0.956851344 83.136573453
0.954715947 0.018071283 -0.296969915 3.242781997 -0.032007352 0.998599399 -0.042132150 -5.531764303 0.295792543 0.049729394 0.953957445 83.702002408
0.952760333 0.018425342 -0.303162023 3.064225648 -0.031682168 0.998742149 -0.038868243 -5.559093609 0.302064167 0.046636987 0.952146379 84.237841646
0.951450320 0.020072069 -0.307146746 2.974024407 -0.033261069 0.998733021 -0.037765985 -5.573261076 0.305998586 0.046148473 0.950912980 84.499050217
0.948887549 0.024622010 -0.314652856 2.792910492 -0.038834902 0.998484773 -0.038980177 -5.607445487 0.313216355 0.049207312 0.948406405 85.021854482
0.946438078 0.028435075 -0.321630310 2.596395897 -0.043963183 0.998186807 -0.041118526 -5.643167610 0.319877853 0.053056008 0.945972670 85.547271421
0.945312927 0.030687211 -0.324717604 2.503601346 -0.046354237 0.998098650 -0.040620970 -5.658450911 0.322853919 0.053451526 0.944938671 85.811468664
0.942520112 0.033258838 -0.332490283 2.307892599 -0.049411999 0.997967744 -0.040243665 -5.688883964 0.330475721 0.054359424 0.942248073 86.320809565
0.940142068 0.035953014 -0.338879762 2.122390674 -0.052758182 0.997785640 -0.040506484 -5.720649602 0.336672825 0.055960418 0.939957730 86.833473859
0.939019142 0.037411127 -0.341823054 2.025189122 -0.054305809 0.997723304 -0.039986524 -5.735190523 0.339549000 0.056111115 0.938913127 87.087422779
0.937548654 0.039188451 -0.345640291 1.840481627 -0.055868908 0.997698085 -0.038426378 -5.762674923 0.343337913 0.055337013 0.937580516 87.583945895
0.936417725 0.038028265 -0.348820447 1.657141293 -0.054931752 0.997739637 -0.038692546 -5.792272275 0.346560473 0.055393640 0.936390439 88.063149354
0.935813893 0.036393511 -0.350609928 1.569602908 -0.053511937 0.997795421 -0.039257246 -5.808079595 0.348408021 0.055499312 0.935699192 88.305538449
0.934726304 0.033460848 -0.353788604 1.404326108 -0.050953539 0.997889530 -0.040242640 -5.837779089 0.351694875 0.055642655 0.934458977 88.763309758
0.934221419 0.032360474 -0.355222573 1.239147904 -0.050545422 0.997837095 -0.042030300 -5.867669787 0.353094447 0.057220457 0.933836202 89.205416016
0.933726028 0.032507557 -0.356508968 1.155047813 -0.051303804 0.997739928 -0.043392096 -5.882512117 0.354292276 0.058806567 0.933284448 89.412736106
0.932150396 0.033238442 -0.360540594 0.988016354 -0.053599233 0.997473764 -0.046619284 -5.914037089 0.358080375 0.062780967 0.931577620 89.841379636
0.930758589 0.033744633 -0.364073567 0.819807693 -0.055622830 0.997210646 -0.049772657 -5.944470140 0.361378096 0.066577076 0.930040041 90.255971444
0.929975635 0.034255703 -0.366021425 0.737026018 -0.056295547 0.997176231 -0.049709391 -5.956833684 0.363284046 0.066833900 0.929278105 90.461921352
0.928705097 0.032882848 -0.369357147 0.579842461 -0.055292184 0.997205441 -0.050247506 -5.982212611 0.366672697 0.067087743 0.927928217 90.863831460
0.927389911 0.032280874 -0.372699905 0.418812855 -0.054549278 0.997290951 -0.049356103 -6.005388625 0.370097076 0.066102844 0.926639250 91.270475141
0.926739292 0.031443781 -0.374386104 0.339267647 -0.053569032 0.997369483 -0.048835874 -6.016813895 0.371866386 0.065313625 0.925986319 91.472659702
0.925934803 0.028687666 -0.376592714 0.188648612 -0.051079709 0.997462174 -0.049606767 -6.041126144 0.374214051 0.065168866 0.925049862 91.851334080
0.924885241 0.028984120 -0.379140184 0.043864894 -0.051405145 0.997468337 -0.049145842 -6.062895336 0.376755346 0.064944025 0.924032908 92.223286042
0.924434802 0.029166385 -0.380221484 -0.029771835 -0.051797639 0.997433822 -0.049424217 -6.074213922 0.377804160 0.065384073 0.923574123 92.402938023
0.923279512 0.029577089 -0.382987931 -0.174991795 -0.052584144 0.997377192 -0.049741329 -6.095329805 0.380512524 0.066064206 0.922412860 92.744392024
0.922164512 0.031138085 -0.385541053 -0.318921260 -0.054629965 0.997247468 -0.050125489 -6.116431601 0.382919455 0.067286003 0.921328867 93.084316539
0.921672422 0.032054138 -0.386640706 -0.390509464 -0.055843898 0.997163994 -0.050451528 -6.126667953 0.383927132 0.068091317 0.920849295 93.246090181
0.920575624 0.031839931 -0.389263402 -0.527982025 -0.058437439 0.996680842 -0.056675750 -6.156202642 0.386167195 0.074921841 0.919381011 93.562164971
0.919110178 0.029133094 -0.392921618 -0.662836970 -0.057651352 0.996472747 -0.060973061 -6.182476111 0.389759181 0.078693396 0.917548513 93.875389753
0.918390801 0.027036746 -0.394749145 -0.731203403 -0.055791335 0.996544079 -0.061545509 -6.193071398 0.391720664 0.078546396 0.916726261 94.033314206
0.916937990 0.024917918 -0.398250466 -0.857548103 -0.053013384 0.996807853 -0.059689985 -6.208481469 0.395492001 0.075844556 0.915332490 94.337293557
0.915900344 0.023500699 -0.400717694 -0.985713388 -0.050818021 0.997040441 -0.057679362 -6.222642017 0.398175577 0.073192134 0.914384843 94.627996572
0.915192766 0.023324857 -0.402339545 -1.057167049 -0.050376418 0.997115169 -0.056784625 -6.229896397 0.399853893 0.072237342 0.913728323 94.774310258
0.913539460 0.025183676 -0.405969947 -1.185968255 -0.051609937 0.997191048 -0.054276756 -6.243240758 0.403462864 0.070535994 0.912272960 95.065831225
0.912041858 0.029109098 -0.409062651 -1.328212321 -0.052371947 0.997578148 -0.045779909 -6.247258407 0.406739130 0.063176646 0.911357289 95.374024174
0.911270795 0.031778763 -0.410578820 -1.401573767 -0.051739040 0.997952889 -0.037592511 -6.243171739 0.408543402 0.055499875 0.911050013 95.539019165
0.910230871 0.037290688 -0.412418718 -1.553472770 -0.050873763 0.998462403 -0.022000666 -6.236302067 0.410964294 0.041006894 0.910729278 95.875046470
0.909213280 0.038777257 -0.414519583 -1.702937401 -0.048994760 0.998700693 -0.014040164 -6.242346387 0.413436288 0.033074795 0.909932776 96.207178300
0.908430051 0.039178772 -0.416196839 -1.776436873 -0.049032302 0.998712031 -0.013008455 -6.250443515 0.415151388 0.032224301 0.909181797 96.371385804
0.906822432 0.040595021 -0.419552121 -1.931798067 -0.051680525 0.998549305 -0.015084956 -6.273331751 0.418331662 0.035362018 0.907606080 96.693663034
0.905464481 0.041192648 -0.422418551 -2.085900532 -0.054205196 0.998352120 -0.018834957 -6.299009869 0.420945867 0.039951588 0.906205303 97.014229548
0.904802289 0.041343758 -0.423818956 -2.162048820 -0.055543664 0.998231381 -0.021201257 -6.313122295 0.422192170 0.042723440 0.905499097 97.181109051
0.903219267 0.039745105 -0.427334442 -2.327819093 -0.056823730 0.998011085 -0.027281421 -6.343637064 0.425400378 0.048923819 0.903682770 97.515136519
0.901734657 0.032851472 -0.431040070 -2.492488015 -0.054187605 0.997833641 -0.037311142 -6.381939354 0.428879929 0.057001784 0.901561493 97.862782944
0.900756911 0.028560299 -0.433383835 -2.574512655 -0.052324342 0.997703454 -0.043002953 -6.402217048 0.431160529 0.061411667 0.900182960 98.036150745
0.899149397 0.021790600 -0.437098014 -2.752071262 -0.049435065 0.997424858 -0.051968000 -6.439313102 0.434839785 0.068335028 0.897911072 98.399179097
0.897569501 0.021024492 -0.440370797 -2.939923668 -0.049502125 0.997351393 -0.053279633 -6.464965092 0.438084619 0.069621446 0.896233535 98.790842988
0.896750982 0.022592025 -0.441957781 -3.040542180 -0.050922956 0.997330035 -0.052343210 -6.475004501 0.439595336 0.069444565 0.895507849 98.987063275
0.894844700 0.025104014 -0.445670602 -3.244387212 -0.053764791 0.997210388 -0.051780886 -6.497496363 0.443127150 0.070297247 0.893698558 99.382408677
0.893214636 0.025605572 -0.448899768 -3.446339175 -0.055474962 0.997025307 -0.053512353 -6.523733994 0.446194474 0.072700743 0.891978452 99.775216382
0.892549110 0.025338544 -0.450238356 -3.547637696 -0.055727281 0.996965233 -0.054366111 -6.536848848 0.447493802 0.073614982 0.891251775 99.972003089
0.891634328 0.022075841 -0.452216604 -3.746456536 -0.052675533 0.997085362 -0.055185446 -6.562376100 0.449680670 0.073025955 0.890199127 100.376683410
0.890425661 0.019085328 -0.454728671 -3.952359702 -0.049491251 0.997256139 -0.055055654 -6.586798372 0.452429932 0.071528102 0.888926379 100.789852330
0.889899586 0.018304927 -0.455788647 -4.050521369 -0.048592584 0.997313453 -0.054821050 -6.598873555 0.453560523 0.070933182 0.888398473 100.998532937
0.889105177 0.017452693 -0.457370352 -4.257725768 -0.048022911 0.997314399 -0.055298010 -6.624257876 0.455176297 0.071129949 0.887556183 101.413170072
0.888518719 0.017959258 -0.458488583 -4.477748048 -0.049417839 0.997166896 -0.056708712 -6.650992077 0.456171483 0.073044190 0.886889700 101.827371229
0.888526966 0.018056464 -0.458468571 -4.577860662 -0.049816757 0.997114421 -0.057275873 -6.664430504 0.456111918 0.073730509 0.886863625 102.038259319
0.888523171 0.015759220 -0.458560075 -4.788302771 -0.047770683 0.997155397 -0.058293402 -6.690862863 0.456336736 0.073700738 0.886749809 102.456654705
0.888491318 0.014074905 -0.458677434 -4.998726681 -0.045929397 0.997237588 -0.058367655 -6.715688677 0.456588164 0.072925881 0.886684381 102.875153929
0.888444551 0.013297873 -0.458791274 -5.100114868 -0.044922004 0.997300361 -0.058084810 -6.727824023 0.456779752 0.072214915 0.886644210 103.087656639
0.888277855 0.010597875 -0.459183216 -5.320952966 -0.041191849 0.997542905 -0.056661483 -6.751832917 0.457455073 0.069245669 0.886533624 103.534104527
0.888455917 0.010550651 -0.458840048 -5.543066637 -0.039974517 0.997715163 -0.054461333 -6.774538729 0.457217762 0.066728373 0.886848253 103.982167034
0.888317667 0.011046197 -0.459096051 -5.657888051 -0.040057393 0.997764033 -0.053501402 -6.785391676 0.457477782 0.065916418 0.886774810 104.195169098
0.887995218 0.011633746 -0.459704666 -5.874746121 -0.040202894 0.997816415 -0.052406841 -6.808671401 0.458091180 0.065018493 0.886524298 104.621420234
0.887576679 0.013159179 -0.460471772 -6.088492547 -0.041530621 0.997806944 -0.051536949 -6.833136669 0.458783720 0.064866650 0.886177053 105.059421445
0.887333300 0.014224609 -0.460908195 -6.203970683 -0.042564141 0.997783902 -0.051150170 -6.845009481 0.459159450 0.065005402 0.885973061 105.273122789
0.887151775 0.013482232 -0.461280085 -6.429990655 -0.041485598 0.997856351 -0.050621657 -6.870830944 0.459608068 0.064045619 0.885809219 105.725575108
0.886556032 0.012812831 -0.462443506 -6.664931024 -0.040359832 0.997946820 -0.049724578 -6.895664964 0.460856104 0.062747735 0.885253791 106.173151331
0.886160484 0.012182142 -0.463217483 -6.775355725 -0.039487282 0.998002955 -0.049294809 -6.908168338 0.461693152 0.061974259 0.884872568 106.396343027
0.885515889 0.011071837 -0.464477143 -7.006431506 -0.038114924 0.998077654 -0.048873939 -6.933568789 0.463043234 0.060982140 0.884235667 106.839291450
0.884745521 0.011960819 -0.465920400 -7.234940202 -0.039433049 0.998007687 -0.049260151 -6.960168427 0.464402340 0.061955350 0.883455275 107.279101573
0.884075846 0.012194780 -0.467184627 -7.348608379 -0.039979329 0.997968742 -0.049605117 -6.974228744 0.465630827 0.062532399 0.882767108 107.506018628
0.882492614 0.012272596 -0.470165231 -7.595081221 -0.040424595 0.997939018 -0.049827532 -7.000847593 0.468584472 0.062978629 0.881171352 107.951600363
0.880735679 0.013051944 -0.473428178 -7.831980789 -0.041663275 0.997879765 -0.049997166 -7.027773290 0.471772288 0.063758781 0.879412867 108.401336987
0.880201279 0.013552395 -0.474407253 -7.957159170 -0.042527038 0.997822857 -0.050398656 -7.041652665 0.472691281 0.064536021 0.878862059 108.626386611
0.878788971 0.012678346 -0.477041148 -8.194095589 -0.042903280 0.997698064 -0.052519285 -7.071831366 0.475276726 0.066619989 0.877311137 109.075912980
0.877052330 0.012067661 -0.480241622 -8.443734902 -0.044046610 0.997493556 -0.055375878 -7.102104262 0.478370251 0.069720558 0.875386837 109.509431837
0.876297268 0.012465101 -0.481608004 -8.567627084 -0.044979831 0.997415944 -0.056026596 -7.116348734 0.479665141 0.070758660 0.874594029 109.732927467
0.875276106 0.012794531 -0.483454339 -8.815409525 -0.046212543 0.997288486 -0.057273074 -7.144668043 0.481410695 0.072471356 0.873494485 110.179929691
0.874495446 0.011749835 -0.484891332 -9.061393990 -0.046631391 0.997112157 -0.059937215 -7.176232583 0.482786976 0.075025963 0.872517950 110.640079261
0.873987860 0.011205262 -0.485818758 -9.185949789 -0.046998276 0.996996577 -0.061554574 -7.192105611 0.483669463 0.076630545 0.871890181 110.864234829
0.872774173 0.009362154 -0.488034132 -9.428560982 -0.045611513 0.997006150 -0.062443375 -7.219550333 0.485987662 0.076758969 0.870588330 111.305171997
0.872072150 0.008013697 -0.489310128 -9.667265874 -0.043766113 0.997136394 -0.061671625 -7.243879404 0.487414827 0.075197292 0.869926745 111.741719352
0.871499759 0.007786818 -0.490333772 -9.787926336 -0.043876927 0.997101844 -0.062150564 -7.257604700 0.488428341 0.075678569 0.869315573 111.961422547
0.870140905 0.006407698 -0.492759753 -10.024748786 -0.043700275 0.996979132 -0.064203885 -7.286617522 0.490859967 0.077400217 0.867793587 112.395371579
0.868664131 0.005085552 -0.495374654 -10.275649881 -0.043215837 0.996912934 -0.065546635 -7.314369956 0.493512954 0.078346056 0.866203201 112.830583740
0.867839375 0.005216074 -0.496816967 -10.398129006 -0.043595949 0.996887824 -0.065687156 -7.326676094 0.494927472 0.078665166 0.865366311 113.037021563
0.866349623 0.004370142 -0.499419195 -10.634173530 -0.043462650 0.996827491 -0.066672612 -7.352864546 0.497543585 0.079467802 0.863791895 113.454735254
0.865307402 0.002575704 -0.501234842 -10.867681829 -0.043602924 0.996582885 -0.070152744 -7.382976326 0.499341929 0.082558969 0.862462931 113.869134571
0.864498854 0.001679857 -0.502631898 -10.988889225 -0.043409384 0.996507147 -0.071331324 -7.396924815 0.500757156 0.083484658 0.861553455 114.073935846
0.862838510 0.000895349 -0.505477849 -11.227398734 -0.043226654 0.996466119 -0.072021766 -7.421795948 0.503627611 0.083993344 0.859828248 114.479142780
0.861283498 -0.000534138 -0.508123782 -11.463976061 -0.042431926 0.996431381 -0.072970763 -7.446960275 0.506349463 0.084409226 0.858187355 114.882035169
0.860587479 -0.001406808 -0.509299301 -11.581952077 -0.042160140 0.996367396 -0.073992298 -7.460419523 0.507553455 0.085149020 0.857403290 115.083042075
0.859220915 -0.004269618 -0.511587107 -11.811463279 -0.040825860 0.996203594 -0.076882111 -7.488295375 0.509972762 0.086944691 0.855785703 115.477342028
0.857914813 -0.006170443 -0.513753255 -12.046770572 -0.040140001 0.996066482 -0.078993067 -7.515251731 0.512220031 0.088391397 0.854294328 115.878588195
0.857074541 -0.006523171 -0.515151395 -12.173125025 -0.040031002 0.996053539 -0.079213582 -7.527939399 0.513635218 0.088513918 0.853431420 116.089592547
0.855914310 -0.007041078 -0.517069254 -12.409576286 -0.039812653 0.996042689 -0.079465976 -7.550870144 0.515582887 0.088602000 0.852247338 116.476976609
0.855317137 -0.007445892 -0.518050460 -12.651212022 -0.040267252 0.995916937 -0.080796787 -7.575842965 0.516536821 0.089967348 0.851525540 116.870350268
0.854967705 -0.008637791 -0.518608297 -12.764664693 -0.039468429 0.995879150 -0.081654057 -7.588669164 0.517176725 0.090280237 0.851104362 117.066041703
0.854375957 -0.010047608 -0.519557633 -12.992205280 -0.038651328 0.995814935 -0.082817182 -7.613445507 0.518215741 0.090838630 0.850412222 117.458246396
0.853643773 -0.011849283 -0.520721164 -13.226198678 -0.037282392 0.995786298 -0.083778508 -7.638322218 0.519520321 0.090930775 0.849606212 117.858096582
0.853289776 -0.012399673 -0.521289838 -13.346087093 -0.036559875 0.995834045 -0.083531674 -7.649742028 0.520153470 0.090335024 0.849282532 118.061530899
0.852616520 -0.013011789 -0.522374826 -13.599960315 -0.035815979 0.995883869 -0.083264947 -7.672887890 0.521308296 0.089702464 0.848640787 118.469561406
0.852371645 -0.014049558 -0.522747629 -13.854609767 -0.035116765 0.995844776 -0.084024774 -7.698708444 0.521755836 0.089977526 0.848337061 118.893836928
0.852465845 -0.014275780 -0.522587522 -13.978382666 -0.035050001 0.995816936 -0.084378448 -7.711318046 0.521605829 0.090246349 0.848400707 119.101785534
0.853222822 -0.016020929 -0.521299272 -14.220881019 -0.033507897 0.995779455 -0.085446151 -7.737696674 0.520468043 0.090372362 0.849085232 119.527138914
0.853927169 -0.018689503 -0.520056195 -14.467922613 -0.031673280 0.995635679 -0.087788004 -7.766464574 0.519426387 0.091436540 0.849608915 119.957694253
0.854319092 -0.020314421 -0.519351011 -14.593016640 -0.030913703 0.995481048 -0.089790489 -7.781792446 0.518828238 0.092764820 0.849830895 120.166997561
0.854931414 -0.023651967 -0.518201059 -14.835590281 -0.030010460 0.995031507 -0.094927306 -7.814816782 0.517871169 0.096707809 0.849974997 120.591921403
0.855675473 -0.025813759 -0.516868245 -15.090306541 -0.030044815 0.994592390 -0.099411924 -7.846534653 0.516639609 0.100593558 0.850273115 121.015815758
0.855953470 -0.026157125 -0.516390271 -15.219276462 -0.030858029 0.994354591 -0.101517372 -7.862293949 0.516129905 0.102828918 0.850315396 121.229682371
0.857088166 -0.027530312 -0.514433180 -15.463771883 -0.031640137 0.993873163 -0.105903006 -7.894107065 0.514196469 0.107045010 0.850966590 121.656980092
0.858308736 -0.027220897 -0.512410449 -15.723625592 -0.033520639 0.993484150 -0.108925718 -7.923715940 0.512036599 0.110668223 0.851804775 122.087132345
0.859238541 -0.025541685 -0.510936733 -15.847510991 -0.035503594 0.993367900 -0.109364683 -7.937361700 0.510340961 0.112110471 0.852633739 122.310666672
