1.000000000 0.000000000 0.000000000 0.000000000 -0.000000000 1.000000000 -0.000000000 0.000000000 -0.000000000 -0.000000000 1.000000000 0.000000000
0.999999285 0.000828163 0.000595847 0.005579166 -0.000828439 0.999999021 0.000478146 -0.000246256 -0.000596472 -0.000478647 1.000000299 0.215335832
0.999995054 0.002755259 0.001658087 0.006271766 -0.002758282 0.999994559 0.001823737 -0.000220787 -0.001654348 -0.001828306 0.999997264 0.672287715
0.999987574 0.004437635 0.002301723 0.009637898 -0.004445354 0.999983610 0.003366548 -0.000007696 -0.002287405 -0.003376750 0.999992309 1.160750442
0.999984961 0.004895492 0.002554443 0.013935584 -0.004907186 0.999976610 0.004583750 0.000891841 -0.002533155 -0.004596221 0.999986585 1.398416366
0.999983920 0.005165544 0.002404511 0.026482569 -0.005183427 0.999957677 0.007489701 0.003462719 -0.002366198 -0.007502109 0.999969565 1.882937620
0.999975862 0.006669136 0.002079308 0.029847698 -0.006688249 0.999933795 0.009320361 0.004185803 -0.002017338 -0.009334051 0.999954922 2.371402898
0.999967299 0.007843873 0.001999339 0.024960660 -0.007864082 0.999915077 0.010313065 0.004697523 -0.001919470 -0.010328536 0.999945563 2.613020150
0.999950912 0.009882067 0.000854212 0.027045115 -0.009892054 0.999870602 0.012623675 0.006156405 -0.000729820 -0.012631563 0.999919996 3.123813470
0.999930848 0.011764484 0.000032231 0.027849877 -0.011763592 0.999815782 0.015127567 0.007851094 0.000144164 -0.015126915 0.999885710 3.656932329
0.999920587 0.012559883 -0.000466162 0.025637353 -0.012550837 0.999792801 0.016024869 0.008050444 0.000666790 -0.016017818 0.999872049 3.930057924
0.999894243 0.014428978 -0.001599691 0.027726090 -0.014399610 0.999750534 0.017054248 0.007329359 0.001845139 -0.017029488 0.999853583 4.440840338
0.999864949 0.016272949 -0.002286790 0.028536904 -0.016229840 0.999709618 0.017761077 0.005944093 0.002574118 -0.017721586 0.999839782 4.973943790
0.999847103 0.017309694 -0.002315823 0.026327818 -0.017266213 0.999695016 0.017636708 0.004393470 0.002618861 -0.017593995 0.999841962 5.247060631
0.999841499 0.017568897 -0.002727520 0.031100263 -0.017523362 0.999719733 0.015886432 -0.001319915 0.003005599 -0.015836167 0.999870344 5.789327977
0.999855466 0.016439360 -0.004225548 0.031924436 -0.016384558 0.999784446 0.012695243 -0.009505080 0.004432684 -0.012624187 0.999910643 6.322397411
0.999864571 0.015838274 -0.004458154 0.038905908 -0.015788126 0.999813162 0.011076072 -0.013637843 0.004631564 -0.011004214 0.999928902 6.591548067
0.999870715 0.015215375 -0.005117775 0.043681949 -0.015172755 0.999849847 0.008265917 -0.021181201 0.005241144 -0.008187212 0.999952888 7.133806258
0.999863649 0.015114763 -0.006677227 0.044500778 -0.015070448 0.999864354 0.006630413 -0.026646406 0.006776397 -0.006528909 0.999956415 7.666889299
0.999853854 0.015393251 -0.007397595 0.042293735 -0.015349726 0.999864216 0.005906693 -0.029237014 0.007487101 -0.005792260 0.999955340 7.940000938
0.999846507 0.014858943 -0.009243215 0.029970570 -0.014810499 0.999875933 0.005283717 -0.032981882 0.009319326 -0.005146027 0.999943619 8.467860308
0.999851215 0.013633081 -0.010580064 0.039968269 -0.013574254 0.999892139 0.005613067 -0.035079315 0.010654996 -0.005468670 0.999929185 8.997006928
0.999848170 0.013170518 -0.011435164 0.037758593 -0.013106217 0.999897566 0.005686341 -0.036329943 0.011507430 -0.005535612 0.999918645 9.270125270
0.999835232 0.012367102 -0.013317089 0.030666438 -0.012295811 0.999909592 0.005421249 -0.039388816 0.013382382 -0.005256654 0.999896819 9.784849258
0.999824595 0.011113911 -0.015051872 0.027526759 -0.011033957 0.999923916 0.005380762 -0.042115878 0.015110159 -0.005213784 0.999872478 10.308760451
0.999818156 0.010736935 -0.015719132 0.030549625 -0.010653987 0.999928024 0.005352001 -0.043460498 0.015774256 -0.005183559 0.999862323 10.568739508
0.999802522 0.010419711 -0.016907162 0.018226912 -0.010343408 0.999935556 0.004590684 -0.047435363 0.016952617 -0.004414929 0.999846805 11.096597728
0.999788025 0.009920204 -0.018025584 0.015092970 -0.009870828 0.999946726 0.002824636 -0.053082381 0.018051689 -0.002646114 0.999834168 11.620494314
0.999781779 0.009729919 -0.018478497 0.008932075 -0.009688977 0.999949744 0.002304196 -0.055304811 0.018499318 -0.002124680 0.999826611 11.884422248
0.999779981 0.008758522 -0.019087917 0.013696839 -0.008705830 0.999957581 0.002840247 -0.057108254 0.019111668 -0.002673463 0.999814595 12.426709154
0.999774830 0.008058921 -0.019640953 0.001370550 -0.007998591 0.999962799 0.003149745 -0.059263147 0.019665525 -0.002991930 0.999802412 12.954576478
0.999767481 0.007771548 -0.020101261 0.004394556 -0.007717093 0.999965412 0.002783286 -0.061187758 0.020121664 -0.002627541 0.999794323 13.214552634
0.999764518 0.005498526 -0.020999930 0.002538027 -0.005468034 0.999983772 0.001508492 -0.065910600 0.021006507 -0.001393322 0.999778422 13.716129483
0.999759510 0.003050549 -0.021725702 -0.007225655 -0.003041431 0.999994924 0.000452173 -0.070177080 0.021726398 -0.000385990 0.999764138 14.199337524
0.999761202 0.001877993 -0.021771964 -0.012109569 -0.001866679 0.999997185 0.000539626 -0.071255336 0.021771924 -0.000498871 0.999763727 14.440946822
0.999756417 0.001724444 -0.022022167 -0.016644953 -0.001710891 0.999998369 0.000633727 -0.073455841 0.022022853 -0.000595900 0.999757489 14.911026384
0.999740067 -0.000289898 -0.022781760 -0.011994513 0.000303923 0.999999524 0.000611720 -0.075828521 0.022780751 -0.000618495 0.999740286 15.377151816
0.999737721 -0.000441402 -0.022903504 -0.020831375 0.000455768 0.999999295 0.000621901 -0.076998591 0.022903237 -0.000632188 0.999738291 15.609575108
0.999735569 0.001532497 -0.022932287 -0.029323734 -0.001490864 0.999997002 0.001832102 -0.077240941 0.022935264 -0.001797438 0.999736113 16.070478920
0.999733684 0.000590302 -0.023077829 -0.037820298 -0.000490855 0.999989679 0.004314285 -0.075343323 0.023079584 -0.004301827 0.999725240 16.531393437
0.999733563 -0.000269064 -0.023104863 -0.033521158 0.000387050 0.999986032 0.005101997 -0.075183775 0.023102882 -0.005109622 0.999720554 16.769055659
0.999727369 -0.000670909 -0.023344110 -0.036775887 0.000780917 0.999988295 0.004703347 -0.078110078 0.023340165 -0.004720310 0.999717350 17.216807230
0.999719030 -0.000967345 -0.023669317 -0.040029849 0.001064206 0.999990628 0.004079566 -0.081426376 0.023665007 -0.004103626 0.999712102 17.664556849
0.999717446 -0.000948685 -0.023761606 -0.043638000 0.001070870 0.999985917 0.005129585 -0.080740468 0.023754988 -0.005153564 0.999705018 17.883850613
0.999718228 -0.000448700 -0.023704621 -0.046902769 0.000631759 0.999969781 0.007715907 -0.078556848 0.023699481 -0.007728813 0.999690155 18.331627746
0.999723377 0.001150354 -0.023482405 -0.062022629 -0.000940302 0.999958927 0.008953689 -0.078558642 0.023491499 -0.008929182 0.999684581 18.751837310
0.999732198 0.001469863 -0.023084676 -0.056442991 -0.001255654 0.999955209 0.009291242 -0.079044895 0.023096641 -0.009259842 0.999691176 18.967171941
0.999728451 0.002826063 -0.023125330 -0.062378756 -0.002574156 0.999936844 0.010915676 -0.078338878 0.023153739 -0.010853145 0.999672967 19.383431776
0.999708804 0.003855714 -0.023829987 -0.073554469 -0.003503007 0.999883298 0.014825281 -0.073768925 0.023883401 -0.014737533 0.999606006 19.812849756
0.999706377 0.003849597 -0.023934316 -0.077165233 -0.003451868 0.999855344 0.016635753 -0.071753036 0.023994616 -0.016548339 0.999575693 20.032150173
0.999709662 0.005040329 -0.023564021 -0.083105772 -0.004577441 0.999795667 0.019657257 -0.068617056 0.023657562 -0.019543706 0.999529044 20.448422165
0.999699463 0.005764870 -0.023842253 -0.089045623 -0.005229233 0.999733051 0.022466078 -0.065831070 0.023964075 -0.022334743 0.999463414 20.864692405
0.999695886 0.006053539 -0.023906208 -0.087422293 -0.005486543 0.999703817 0.023712222 -0.064699162 0.024041842 -0.023573922 0.999432975 21.070849586
0.999687688 0.007740668 -0.023747879 -0.092079466 -0.007136324 0.999650517 0.025427748 -0.063668960 0.023936175 -0.025250353 0.999394827 21.464786683
0.999692618 0.009005907 -0.023082526 -0.096736128 -0.008381829 0.999599723 0.026995502 -0.062898753 0.023315943 -0.026793756 0.999369742 21.858722480
0.999700328 0.009322779 -0.022637918 -0.093832025 -0.008693965 0.999577947 0.027718835 -0.062552643 0.022885649 -0.027513760 0.999359943 22.042551369
0.999711581 0.010649605 -0.021529383 -0.097209466 -0.010018476 0.999522940 0.029214624 -0.061778247 0.021829069 -0.028990495 0.999341962 22.414162827
0.999715157 0.010818982 -0.021250155 -0.101865087 -0.010168464 0.999482630 0.030486051 -0.061538033 0.021567798 -0.030261336 0.999309813 22.808095973
0.999718560 0.010886661 -0.021061329 -0.104191600 -0.010236246 0.999474063 0.030745545 -0.062077916 0.021385330 -0.030521302 0.999305832 23.005059244
0.999721658 0.011516169 -0.020616089 -0.103613206 -0.010863854 0.999444925 0.031478697 -0.062681683 0.020966596 -0.031246009 0.999292536 23.385849353
0.999736176 0.010792800 -0.020253807 -0.103037581 -0.010119869 0.999402406 0.033039450 -0.061875471 0.020597641 -0.032825807 0.999248707 23.766646516
0.999747695 0.009876397 -0.020149137 -0.105363368 -0.009206064 0.999408994 0.033097352 -0.062785348 0.020463662 -0.032903541 0.999249625 23.963607936
0.999783007 0.007947114 -0.019266165 -0.108729218 -0.007342326 0.999484236 0.031258780 -0.067910864 0.019503608 -0.031110606 0.999325748 24.335189879
0.999828701 0.005401356 -0.017703748 -0.102908910 -0.004882901 0.999561226 0.029200960 -0.073378552 0.017852421 -0.029109609 0.999417728 24.702816842
0.999843878 0.004603674 -0.017055306 -0.094769829 -0.004105666 0.999567337 0.029119766 -0.074366416 0.017181753 -0.029045307 0.999431170 24.873500244
0.999867595 0.003816201 -0.015799470 -0.092915671 -0.003327829 0.999519376 0.030818309 -0.073206019 0.015908633 -0.030761713 0.999400717 25.231974818
0.999872747 0.006563418 -0.014510336 -0.096304173 -0.006044389 0.999350139 0.035525192 -0.066801706 0.014733490 -0.035433041 0.999263924 25.603614440
0.999866256 0.008635980 -0.013872895 -0.097361702 -0.008093888 0.999218792 0.038665628 -0.062127477 0.014195394 -0.038548250 0.999156141 25.778279435
0.999832210 0.013054103 -0.012847637 -0.100754959 -0.012468191 0.998923245 0.044668110 -0.053303200 0.013416716 -0.044500561 0.998919474 26.149931163
0.999780165 0.016713735 -0.012657947 -0.104147842 -0.016053981 0.998592561 0.050538151 -0.044668921 0.013484087 -0.050323956 0.998642321 26.521581940
0.999764010 0.017722833 -0.012589295 -0.101252560 -0.017022009 0.998408544 0.053749964 -0.039832877 0.013520765 -0.053522985 0.998475887 26.705433291
0.999762049 0.018074844 -0.012174651 -0.104654658 -0.017283379 0.997910716 0.062241440 -0.026508668 0.013273390 -0.062016247 0.997987616 27.077107529
0.999789005 0.017072016 -0.011422992 -0.104105359 -0.016216381 0.997328733 0.071210999 -0.012302655 0.012607566 -0.071010877 0.997396568 27.457971725
0.999793889 0.017018749 -0.011043800 -0.101212061 -0.016144260 0.997056328 0.074943245 -0.006456627 0.012285689 -0.074749638 0.997126953 27.641828128
0.999780273 0.018398076 -0.010011346 -0.104603511 -0.017535746 0.996615814 0.080296578 0.001447663 0.011454006 -0.080103445 0.996721187 28.013475254
0.999754825 0.020270297 -0.008871890 -0.094845873 -0.019468032 0.996384494 0.082696177 0.004021671 0.010516297 -0.082503257 0.996535796 28.390327991
0.999754990 0.020650318 -0.008007758 -0.101128341 -0.019908382 0.996291335 0.083701775 0.004919951 0.009705499 -0.083521929 0.996458750 28.578112911
0.999716700 0.022817595 -0.006694048 -0.096603403 -0.022156227 0.996029199 0.086215213 0.007667950 0.008633742 -0.086042651 0.996254359 28.968105334
0.999666288 0.025250490 -0.005497954 -0.092079093 -0.024662383 0.995735404 0.088892342 0.010735944 0.007718545 -0.088727139 0.996026149 29.358099357
0.999666738 0.025362674 -0.004851669 -0.090455822 -0.024822957 0.995624646 0.090081646 0.011897852 0.007113461 -0.089931199 0.995922779 29.564256687
0.999700386 0.024251378 -0.003226746 -0.081977582 -0.023848396 0.995413468 0.092636210 0.014557668 0.005458020 -0.092531631 0.995695665 29.963434214
0.999729625 0.023132353 -0.002144347 -0.073499971 -0.022822628 0.995182001 0.095351446 0.017537479 0.004339236 -0.095277210 0.995441426 30.362613342
0.999749507 0.022322159 -0.001573720 -0.071875305 -0.022067441 0.995119600 0.096173968 0.017989397 0.003712176 -0.096115122 0.995363650 30.568767121
0.999781169 0.020895188 -0.001196257 -0.063384767 -0.020686006 0.995230631 0.095327286 0.014389307 0.003181721 -0.095282126 0.995445899 30.967913332
0.999792824 0.020310488 -0.000779761 -0.054885034 -0.020152877 0.995562478 0.091916654 0.006109286 0.002642197 -0.091882025 0.995766330 31.367036132
0.999810178 0.019456740 -0.000690859 -0.053252215 -0.019314458 0.995710653 0.090482947 0.002411266 0.002447693 -0.090452608 0.995898476 31.573169151
0.999837533 0.018037553 0.000359826 -0.040805762 -0.017998063 0.995878957 0.088879367 -0.002606988 0.001243833 -0.088871419 0.996042748 31.981493814
0.999866281 0.016313837 0.001258873 -0.037543345 -0.016361475 0.996083701 0.086888829 -0.008363053 0.000162637 -0.086897839 0.996218013 32.393768054
0.999879158 0.015467689 0.001377889 -0.035911567 -0.015528888 0.996196302 0.085739753 -0.011531081 -0.000047383 -0.085750871 0.996316608 32.599903724
0.999885870 0.014976187 0.001840942 -0.024743824 -0.015077922 0.996349780 0.084021707 -0.016813521 -0.000576412 -0.084040008 0.996462912 33.030551425
0.999881827 0.014953684 0.003552493 -0.014862885 -0.015200325 0.996309113 0.084471293 -0.018240208 -0.002276804 -0.084515395 0.996419479 33.483542775
0.999877434 0.014927948 0.004657833 -0.010565139 -0.015271902 0.996212759 0.085593580 -0.017370671 -0.003362812 -0.085654267 0.996319669 33.721208549
0.999879200 0.014171734 0.006317590 -0.003247416 -0.014670336 0.996055931 0.087503244 -0.016375776 -0.005052896 -0.087585442 0.996144558 34.218860733
0.999876136 0.013808605 0.007480527 0.017211438 -0.014418068 0.995953300 0.088704518 -0.016661223 -0.006226314 -0.088801552 0.996030086 34.721738789
0.999871426 0.013578553 0.008493625 0.016279804 -0.014281353 0.995925597 0.089041205 -0.017307669 -0.007250353 -0.089151197 0.995991750 34.972535793
0.999858366 0.013456794 0.010138514 0.032787340 -0.014312777 0.995864824 0.089711820 -0.018514919 -0.008889874 -0.089844255 0.995916959 35.466223693
0.999833858 0.014149176 0.011503896 0.044063610 -0.015129175 0.995816314 0.090111165 -0.020278166 -0.010181527 -0.090270258 0.995865530 35.973047625
0.999823395 0.014145461 0.012354141 0.047086457 -0.015201959 0.995817257 0.090088174 -0.021612787 -0.011028682 -0.090260163 0.995857683 36.233026732
0.999815710 0.013396965 0.013772177 0.066272377 -0.014578428 0.995869478 0.089614231 -0.025102377 -0.012515377 -0.089798563 0.995882299 36.758213120
0.999804519 0.013318624 0.014636920 0.071040893 -0.014570668 0.995918634 0.089064742 -0.028815792 -0.013391279 -0.089260688 0.995918281 37.300490471
0.999792781 0.013252800 0.015450789 0.083249838 -0.014574794 0.995937513 0.088855503 -0.030462585 -0.014210382 -0.089062335 0.995925316 37.556514748
0.999750791 0.013319703 0.017876203 0.101156734 -0.014849487 0.995976392 0.088368548 -0.034056364 -0.016627764 -0.088612053 0.995927846 38.104024974
0.999740447 0.012951326 0.018731556 0.115110347 -0.014550344 0.996021413 0.087911196 -0.037571960 -0.017519149 -0.088161009 0.995953010 38.642350046
0.999727314 0.012877192 0.019476326 0.122088381 -0.014531586 0.996072460 0.087340375 -0.039954749 -0.018275502 -0.087599679 0.995988281 38.911509456
0.999714103 0.012091815 0.020597154 0.149184204 -0.013819073 0.996207681 0.085892737 -0.045300679 -0.019480744 -0.086152927 0.996092126 39.455057649
0.999687605 0.011786418 0.022034290 0.161859009 -0.013627788 0.996254579 0.085378889 -0.049030462 -0.020946986 -0.085652664 0.996105090 40.015706009
0.999683883 0.011369162 0.022402462 0.178019960 -0.013246090 0.996249365 0.085504007 -0.050105448 -0.021346612 -0.085773802 0.996086508 40.280918692
0.999701976 0.010160018 0.022195514 0.191972159 -0.012022247 0.996269571 0.085448553 -0.052901055 -0.021244797 -0.085689998 0.996095870 40.819247366
0.999696185 0.009576740 0.022725228 0.207206132 -0.011468212 0.996347237 0.084617585 -0.056992452 -0.021832249 -0.084852601 0.996155116 41.335245198
0.999696188 0.009517728 0.022719219 0.215461835 -0.011404502 0.996365102 0.084415186 -0.058581062 -0.021834163 -0.084648802 0.996172103 41.582084220
0.999699855 0.009428693 0.022601835 0.230691663 -0.011312559 0.996339469 0.084726781 -0.060562490 -0.021721047 -0.084957119 0.996147710 42.098092606
0.999695028 0.009888868 0.022613666 0.241969191 -0.011773412 0.996329704 0.084782830 -0.062965728 -0.021693668 -0.085023262 0.996142851 42.604913337
0.999690573 0.009888587 0.022802566 0.259409500 -0.011789682 0.996327819 0.084803732 -0.064106523 -0.021881250 -0.085046447 0.996136758 42.847801331
0.999700943 0.009783359 0.022406116 0.266729464 -0.011678472 0.996219945 0.086076768 -0.064251611 -0.021479169 -0.086312716 0.996037237 43.345447813
0.999706993 0.009229122 0.022386423 0.287186824 -0.011159496 0.996083903 0.087697461 -0.063777069 -0.021490503 -0.087921602 0.995895678 43.848329671
0.999713333 0.008992110 0.022197333 0.300672869 -0.010913438 0.996058994 0.088015614 -0.064339688 -0.021319107 -0.088232749 0.995871690 44.082035012
0.999715512 0.009561008 0.021864559 0.305322189 -0.011456764 0.996028530 0.088291047 -0.066142377 -0.020934730 -0.088516477 0.995854929 44.548163295
0.999712993 0.010160270 0.021697283 0.327060066 -0.012063546 0.995915672 0.089473044 -0.066323635 -0.020701011 -0.089709171 0.995753289 45.028717513
0.999711545 0.010361501 0.021653451 0.335312587 -0.012274105 0.995852457 0.090146967 -0.066292270 -0.020630498 -0.090386872 0.995693304 45.275564639
0.999720749 0.010812644 0.021015763 0.343912832 -0.012684033 0.995764902 0.091057273 -0.066973159 -0.019942668 -0.091298411 0.995624245 45.750884080
0.999718029 0.011480239 0.020792328 0.352513705 -0.013342916 0.995688899 0.091783654 -0.067974043 -0.019649201 -0.092035242 0.995562301 46.226201920
0.999730226 0.011410982 0.020214216 0.365999573 -0.013227659 0.995656552 0.092150332 -0.068446664 -0.019075877 -0.092393034 0.995540462 46.459907711
0.999742194 0.011281185 0.019705424 0.366696044 -0.013054821 0.995642168 0.092333769 -0.070391166 -0.018578423 -0.092567272 0.995533752 46.916849739
0.999737778 0.011729868 0.019676696 0.381811725 -0.013494168 0.995660779 0.092071887 -0.073031829 -0.018511939 -0.092313283 0.995558092 47.356696202
0.999732684 0.012175980 0.019659132 0.387393426 -0.013931959 0.995678380 0.091808724 -0.074568066 -0.018457132 -0.092058193 0.995583064 47.572025581
0.999701493 0.013724765 0.020212504 0.402514058 -0.015494171 0.995806372 0.090162191 -0.079728692 -0.018891121 -0.090448541 0.995722366 48.011859437
0.999651149 0.016779628 0.020396965 0.413678520 -0.018537595 0.995832361 0.089299272 -0.083341156 -0.018814607 -0.089646342 0.995796161 48.442515493
0.999664924 0.016024922 0.020328946 0.419257313 -0.017790314 0.995794618 0.089862291 -0.083397415 -0.018803276 -0.090193945 0.995747213 48.657852275
0.999727988 0.011505033 0.020281979 0.443556716 -0.013289242 0.995838769 0.090154830 -0.085140269 -0.019160087 -0.090399952 0.995721829 49.093749961
0.999747211 0.011327419 0.019417161 0.459954880 -0.013011648 0.995952251 0.088936281 -0.089436718 -0.018331093 -0.089166523 0.995848365 49.511263780
0.999747906 0.012317955 0.018750504 0.461585027 -0.013926069 0.996004576 0.088203470 -0.091774758 -0.017589440 -0.088442413 0.995926474 49.717403602
0.999748586 0.014093252 0.017439599 0.468797818 -0.015558310 0.996090816 0.086943705 -0.096129028 -0.016146383 -0.087193232 0.996060838 50.138870401
0.999691274 0.019198343 0.015771147 0.472052632 -0.020498929 0.996003028 0.086933283 -0.098015150 -0.014039994 -0.087229904 0.996089725 50.551164001
0.999647008 0.022178250 0.014644908 0.464496052 -0.023364321 0.995975881 0.086518399 -0.099721022 -0.012667637 -0.086830054 0.996142681 50.761260253
0.999629533 0.023534267 0.013690060 0.472994724 -0.024595224 0.996217593 0.083334550 -0.107461051 -0.011677791 -0.083640452 0.996428260 51.160385754
0.999698474 0.021875076 0.011164849 0.476262425 -0.022698159 0.996545640 0.079873266 -0.115907076 -0.009379577 -0.080102682 0.996742949 51.572646538
0.999733183 0.021219773 0.009103349 0.483126961 -0.021870050 0.996668541 0.078562372 -0.119279095 -0.007406391 -0.078740595 0.996868093 51.765642373
0.999787859 0.019474437 0.006728508 0.482445094 -0.019919616 0.997054301 0.074061126 -0.129536909 -0.005267297 -0.074179592 0.997231320 52.168708548
0.999823607 0.018495817 0.003387604 0.487007851 -0.018679175 0.997642819 0.066018442 -0.146038623 -0.002159517 -0.066070139 0.997812702 52.558604672
0.999802156 0.019825104 0.001233642 0.480743890 -0.019863501 0.997892001 0.061773365 -0.154560203 -0.000007222 -0.061785756 0.998089553 52.746342469
0.999761825 0.021582004 -0.003147988 0.477394032 -0.021374832 0.998236918 0.055361307 -0.167825598 0.004336840 -0.055280965 0.998461523 53.117883692
0.999769882 0.020212503 -0.007186839 0.474035373 -0.019816098 0.998475553 0.051501587 -0.176611059 0.008215589 -0.051347415 0.998647585 53.489447326
0.999774053 0.019112151 -0.009326806 0.467762375 -0.018624328 0.998582984 0.049851329 -0.180532708 0.010265485 -0.049666475 0.998713639 53.677208134
0.999788359 0.014948676 -0.014112694 0.469634312 -0.014278072 0.998816809 0.046479745 -0.188422176 0.014790016 -0.046268453 0.998820426 54.035637436
0.999748809 0.011678048 -0.019127310 0.458361387 -0.010809920 0.998933340 0.044878224 -0.193131330 0.019631288 -0.044660248 0.998809831 54.388850370
0.999705028 0.011375266 -0.021468577 0.457312542 -0.010388660 0.998908857 0.045518714 -0.192877034 0.021962082 -0.045282322 0.998733620 54.563493254
0.999582986 0.010332762 -0.026974937 0.446022604 -0.009008404 0.998768906 0.048763979 -0.188926317 0.027444199 -0.048500611 0.998446392 54.916749510
0.999415747 0.009850525 -0.032718549 0.425548255 -0.008149950 0.998628517 0.051707938 -0.185523413 0.033183110 -0.051411222 0.998126112 55.273956294
0.999329962 0.009021971 -0.035476468 0.420548113 -0.007176439 0.998630423 0.051807113 -0.186200920 0.035894634 -0.051517856 0.998027741 55.439408971
0.999167582 0.005937654 -0.040356941 0.415786931 -0.003914185 0.998738940 0.050033276 -0.190989876 0.040602837 -0.049833751 0.997932567 55.757158332
0.998978450 0.003444530 -0.045048232 0.407071131 -0.001250198 0.998814576 0.048646903 -0.195020659 0.045162206 -0.048540961 0.997800044 56.065725940
0.998870183 0.001785806 -0.047485747 0.398118079 0.000527582 0.998814761 0.048659583 -0.195809980 0.047515506 -0.048629766 0.997686438 56.221992512
0.998652333 -0.000173575 -0.051895535 0.385443477 0.002713272 0.998800500 0.048872271 -0.196952622 0.051823960 -0.048947305 0.997456827 56.521389022
0.998387059 -0.000374073 -0.056776495 0.360914647 0.003077279 0.998864512 0.047530768 -0.200720672 0.056692864 -0.047628895 0.997255880 56.793215761
0.998278835 -0.000072966 -0.058641505 0.353244156 0.002805463 0.998912957 0.046515393 -0.203205778 0.058573843 -0.046599918 0.997195350 56.927149490
0.998068479 -0.000071031 -0.062121541 0.337904195 0.002820757 0.999019289 0.044176647 -0.208695980 0.062056799 -0.044266593 0.997090619 57.195014345
0.997807359 0.001706784 -0.066159410 0.314656099 0.001098005 0.999102019 0.042334785 -0.213229829 0.066171664 -0.042314671 0.996911226 57.444512893
0.997649326 0.002451949 -0.068477947 0.303030950 0.000408539 0.999128195 0.041727380 -0.214936762 0.068519796 -0.041657298 0.996779764 57.569264969
0.997344374 0.002948576 -0.072777057 0.281058479 0.000027060 0.999164608 0.040851565 -0.217636448 0.072836558 -0.040745071 0.996511058 57.796448332
0.997099735 0.001972346 -0.076079565 0.259082983 0.001141747 0.999163142 0.040867010 -0.218796157 0.076096061 -0.040835412 0.996264589 58.023639400
0.996960783 0.000965311 -0.077890439 0.257919146 0.002248297 0.999150038 0.041160119 -0.218771103 0.077863175 -0.041210191 0.996112168 58.122122511
0.996706979 -0.001165058 -0.081078344 0.233267840 0.004554691 0.999122135 0.041634335 -0.218958451 0.080958474 -0.041866483 0.995837879 58.317808537
0.996502206 -0.002455915 -0.083526391 0.219082286 0.005959577 0.999110645 0.041723655 -0.219673780 0.083349581 -0.042075556 0.995632232 58.487214293
0.996403654 -0.002549633 -0.084692224 0.210013594 0.006089557 0.999116741 0.041565524 -0.220362347 0.084510621 -0.041931771 0.995539992 58.567322742
0.996239900 -0.002349475 -0.086605834 0.193156454 0.005911774 0.999145762 0.040899142 -0.222255283 0.086435487 -0.041257453 0.995402758 58.705212702
0.996070433 -0.002209522 -0.088540724 0.186766638 0.005718189 0.999206473 0.039393763 -0.225476187 0.088382342 -0.039745257 0.995294057 58.816818389
0.995976381 -0.002421866 -0.089578411 0.175027303 0.005866398 0.999252235 0.038209644 -0.227822355 0.089417411 -0.038581536 0.995246915 58.865408641
0.995791589 -0.003298778 -0.091589190 0.164686759 0.006619405 0.999330750 0.035975161 -0.232265057 0.091408545 -0.036429999 0.995147159 58.967822670
0.995599685 -0.004832492 -0.093587250 0.158292482 0.008211485 0.999326413 0.035754020 -0.233215994 0.093350706 -0.036365230 0.994969736 59.079439714
0.995483468 -0.005388168 -0.094785115 0.150500831 0.008852218 0.999306696 0.036164214 -0.232790388 0.094523650 -0.036840013 0.994841388 59.137229377
0.995269298 -0.006272767 -0.096953881 0.140150051 0.009892596 0.999269184 0.036900345 -0.232023167 0.096651645 -0.037684883 0.994605327 59.239669469
0.995020947 -0.006768576 -0.099438483 0.129801962 0.010480420 0.999265344 0.036853083 -0.232625926 0.099115812 -0.037711786 0.994361498 59.342102709
0.994902632 -0.006794127 -0.100609957 0.122012786 0.010519953 0.999275836 0.036548011 -0.233460301 0.100288248 -0.037420190 0.994254745 59.399886069
0.994669307 -0.006528301 -0.102909410 0.110387029 0.010295347 0.999294176 0.036116985 -0.234857238 0.102599951 -0.036983970 0.994035239 59.524639695
0.994424408 -0.006337808 -0.105260676 0.097479045 0.010245278 0.999276115 0.036622500 -0.234728388 0.104952200 -0.037496715 0.993770072 59.671725314
0.994292256 -0.006328128 -0.106501273 0.084454262 0.010355687 0.999249634 0.037306456 -0.233908794 0.106184231 -0.038196447 0.993613351 59.742655763
0.993936979 -0.006316560 -0.109767476 0.062359354 0.010573552 0.999212536 0.038243108 -0.233047778 0.109438631 -0.039171929 0.993222266 59.893698313
0.993596724 -0.005399771 -0.112858464 0.040266999 0.009797510 0.999212019 0.038448716 -0.233486742 0.112561590 -0.039308263 0.992867045 60.044734360
0.993392718 -0.005030305 -0.114655910 0.035150863 0.009501371 0.999213792 0.038482521 -0.233883497 0.114371556 -0.039317682 0.992659864 60.134029815
0.992896566 -0.004376625 -0.118897105 0.002594525 0.009021300 0.999215256 0.038554701 -0.234694469 0.118635200 -0.039353508 0.992157879 60.311341630
0.992278931 -0.004334059 -0.123950917 -0.024728780 0.009159835 0.999220711 0.038389029 -0.235849429 0.123687477 -0.039227989 0.991546303 60.475512909
0.991905425 -0.005433176 -0.126860659 -0.039030602 0.010396289 0.999203915 0.038493178 -0.236144008 0.126550052 -0.039500554 0.991173622 60.568762144
0.989894389 -0.009809002 -0.141467783 -0.101465445 0.015266828 0.999177450 0.037546584 -0.239768295 0.140982384 -0.039326957 0.989231277 60.954885662
0.989233829 -0.009547079 -0.146032055 -0.120998592 0.015163851 0.999185376 0.037397506 -0.240588873 0.145555689 -0.039209284 0.988573473 61.061271080
0.987539770 -0.008088503 -0.157160121 -0.178433979 0.014010741 0.999230979 0.036611429 -0.243185659 0.156743389 -0.038357201 0.986894883 61.281943672
0.985382991 -0.008373430 -0.170148433 -0.231915338 0.014632478 0.999259307 0.035565292 -0.246240622 0.169723835 -0.037535081 0.984776900 61.511799518
0.984138548 -0.008720289 -0.177188998 -0.265865495 0.015197585 0.999262777 0.035231210 -0.247485022 0.176751452 -0.037365317 0.983546688 61.635274899
0.981440874 -0.010031467 -0.191500345 -0.333766929 0.017020002 0.999245852 0.034883563 -0.249403831 0.191006114 -0.037495556 0.980873136 61.882228511
0.978484698 -0.010835745 -0.206034859 -0.397719305 0.018589912 0.999187787 0.035736831 -0.249250854 0.205479849 -0.038798145 0.977892364 62.138378033
0.976944010 -0.010985530 -0.213212153 -0.440857506 0.019129294 0.999162578 0.036170319 -0.249193096 0.212635947 -0.039414978 0.976336615 62.265813196
0.973351863 -0.010609654 -0.229070598 -0.528410674 0.019455239 0.999147634 0.036391309 -0.250331751 0.228488686 -0.039878160 0.972729806 62.543001608
0.969173332 -0.009144179 -0.246210547 -0.630380459 0.018657757 0.999165165 0.036334916 -0.252094225 0.245672371 -0.039808556 0.968535700 62.837278982
0.966779196 -0.008471182 -0.255471703 -0.683982212 0.018406546 0.999162511 0.036524271 -0.252628470 0.254948548 -0.040013295 0.966127357 62.990988811
0.961793265 -0.007986851 -0.273661059 -0.789908776 0.018963956 0.999116635 0.037489920 -0.252532788 0.273120062 -0.041247261 0.961095781 63.276089935
0.955846395 -0.007213833 -0.293779173 -0.915487348 0.019553655 0.999044457 0.039088639 -0.251516955 0.293215294 -0.043107142 0.955074472 63.591426559
0.952768915 -0.006147047 -0.303633312 -0.987460827 0.019047069 0.999036307 0.039542122 -0.251666850 0.303096962 -0.043457868 0.951968744 63.753044848
0.945748032 -0.007200617 -0.324822372 -1.122224418 0.021685561 0.998924029 0.040995541 -0.250888835 0.324176809 -0.045815460 0.944886847 64.072333551
0.936944155 -0.008371327 -0.349379774 -1.280594655 0.025132267 0.998738197 0.043467819 -0.248422496 0.348573831 -0.049507647 0.935973193 64.412676050
0.931969782 -0.008187345 -0.362443258 -1.352569451 0.025996133 0.998680498 0.044285676 -0.247902402 0.361601938 -0.050695138 0.930953670 64.574297691
0.921070702 -0.008002284 -0.389311714 -1.541162656 0.027542895 0.998623571 0.044636868 -0.249197099 0.388418054 -0.051836604 0.920024316 64.894971275
0.909371426 -0.007543201 -0.415916092 -1.720571234 0.028963380 0.998557116 0.045216364 -0.250053981 0.414974901 -0.053164848 0.908278963 65.211693781
0.902934281 -0.006179127 -0.429734751 -1.818820745 0.028412077 0.998566714 0.045339744 -0.250813143 0.428837882 -0.053148420 0.901816800 65.362844468
0.888411232 -0.003283819 -0.459036500 -2.037642399 0.027043592 0.998611492 0.045195857 -0.253078918 0.458249980 -0.052566521 0.887267597 65.663863094
0.872404328 -0.002709059 -0.488776730 -2.252510673 0.028282811 0.998588968 0.044946549 -0.255472875 0.487965339 -0.053035638 0.871250771 65.974066624
0.863983850 -0.002216564 -0.503514291 -2.369129553 0.028578026 0.998593551 0.044641196 -0.257047671 0.502707204 -0.052958750 0.862834000 66.133119768
0.846635013 -0.003500278 -0.532163016 -2.610266844 0.030538549 0.998649353 0.042016291 -0.263620842 0.531297127 -0.051824018 0.845599404 66.432837837
0.826681832 -0.005954647 -0.562638170 -2.855349480 0.032455421 0.998783125 0.037115946 -0.274155770 0.561732800 -0.048943807 0.825869897 66.723350541
0.816041807 -0.006928612 -0.577951026 -2.996958531 0.032898670 0.998863230 0.034476787 -0.279715592 0.577056024 -0.047148301 0.815342716 66.849594834
0.791555007 -0.009227765 -0.611028190 -3.277508307 0.035457460 0.998894387 0.030847983 -0.287997652 0.610067196 -0.046083429 0.791008577 67.133607522
0.765769900 -0.004071236 -0.643102598 -3.579107487 0.029441869 0.999152774 0.028732435 -0.293973017 0.642440948 -0.040936643 0.765242122 67.394028381
0.752154762 -0.000204580 -0.658986196 -3.729911123 0.025564481 0.999255485 0.028868568 -0.294900730 0.658489923 -0.038560336 0.751601531 67.524249115
0.724317714 0.000358458 -0.689466328 -4.039416788 0.024859667 0.999335949 0.026635787 -0.300759728 0.689017751 -0.036432680 0.723828948 67.766299464
0.693958014 -0.003430347 -0.720007343 -4.371240016 0.028210969 0.999349725 0.022429025 -0.309946137 0.719462561 -0.035876961 0.693604125 68.007054159
0.678386718 -0.004619851 -0.734690405 -4.552269980 0.029813677 0.999329585 0.021244868 -0.312924911 0.734099760 -0.036316075 0.678070695 68.117614532
0.646999906 -0.003756739 -0.762480666 -4.897247383 0.031306431 0.999275066 0.021641459 -0.314191077 0.761846733 -0.037872591 0.646649561 68.353176571
0.615282139 -0.002554901 -0.788302534 -5.254085791 0.032910714 0.999205848 0.022448775 -0.314632702 0.787619104 -0.039755999 0.614878326 68.561186097
0.598343932 0.000114823 -0.801239196 -5.425937947 0.031398160 0.999227676 0.023590509 -0.313703712 0.800623784 -0.039272745 0.597880056 68.667812750
0.563322078 0.005036190 -0.826222746 -5.813004725 0.026241936 0.999367933 0.023983448 -0.315156415 0.825820631 -0.035192100 0.562834056 68.856167118
0.528274521 0.006156360 -0.849051521 -6.189596105 0.022279766 0.999528505 0.021109769 -0.322047023 0.848781005 -0.030068412 0.527888976 69.018216653
0.510835520 0.005289801 -0.859662437 -6.386436015 0.021857775 0.999577294 0.019139158 -0.326333042 0.859400515 -0.028567266 0.510504983 69.092028304
0.476144269 0.006340823 -0.879344515 -6.780124066 0.019297761 0.999657401 0.017657680 -0.330715142 0.879155239 -0.025377061 0.475860012 69.239672565
0.443208908 0.009850436 -0.896364064 -7.201382143 0.018632958 0.999621681 0.020198366 -0.328190812 0.896224268 -0.025654089 0.442858968 69.399211182
0.423426007 0.011527659 -0.905857287 -7.420557121 0.018748411 0.999593108 0.021484083 -0.326894374 0.905736194 -0.026080366 0.423038798 69.471771750
0.397831294 0.010307210 -0.917400456 -7.841798695 0.018238184 0.999650037 0.019140305 -0.332769919 0.917277594 -0.024346315 0.397504875 69.631268346
0.372641513 0.002024870 -0.927973387 -8.252549272 0.016790121 0.999818554 0.008924071 -0.352023252 0.927823213 -0.018906320 0.372541213 69.764420390
0.362152429 -0.003748291 -0.932111451 -8.457278673 0.015172719 0.999882778 0.001874224 -0.364842776 0.931995487 -0.014821449 0.362167895 69.819818259
0.342915311 -0.012855922 -0.939277996 -8.844424078 0.012391423 0.999881249 -0.009161506 -0.385034444 0.939284503 -0.008497322 0.343034653 69.931920258
0.326894887 -0.020628143 -0.944835777 -9.268319340 0.011526894 0.999773779 -0.017839514 -0.401197461 0.944990229 -0.005059335 0.327060054 70.059855485
0.320350452 -0.024387241 -0.946984639 -9.487477677 0.012115184 0.999691787 -0.021646213 -0.408370897 0.947221390 -0.004538464 0.320548114 70.132373682
0.309074552 -0.028860206 -0.950599904 -9.929759303 0.014275807 0.999567437 -0.025705374 -0.416699675 0.950930394 -0.005625650 0.309353974 70.268254636
0.298622371 -0.024206585 -0.954064601 -10.390442203 0.015742028 0.999667042 -0.020436337 -0.409604327 0.954241716 -0.008916209 0.298905038 70.412119287
0.294212774 -0.017881973 -0.955572072 -10.631957926 0.015096757 0.999786337 -0.014061178 -0.399835476 0.955620806 -0.010289152 0.294421025 70.483443230
0.287389253 -0.002690368 -0.957809550 -11.137320981 0.012210926 0.999924451 0.000855229 -0.376475291 0.957736634 -0.011941602 0.287401672 70.624831229
0.283316085 0.003893956 -0.959018910 -11.620330757 0.009520067 0.999931062 0.006872475 -0.367967425 0.958979846 -0.011077069 0.283260362 70.767423938
0.281732766 0.004282443 -0.959483107 -11.857873276 0.009093196 0.999933111 0.007132993 -0.368416606 0.959450475 -0.010734425 0.281675775 70.847882310
