1.000000000 0.000000000 0.000000000 0.000000000 0.000000000 1.000000000 0.000000000 0.000000000 -0.000000000 -0.000000000 1.000000000 -0.000000000
0.999999502 -0.000227454 -0.000422569 -0.000072602 0.000227962 0.999999182 0.001184159 -0.003947298 0.000422994 -0.001184191 0.999998277 0.473764108
0.999999518 -0.001112169 0.000010755 0.021165964 0.001112135 0.999995269 0.002960323 -0.012203729 -0.000013312 -0.002960319 0.999995663 1.413241663
0.999999055 -0.000374004 -0.000905961 0.022744604 0.000375124 0.999999050 0.001281323 -0.026945910 0.000906149 -0.001281667 0.999997871 2.361983689
0.999999596 -0.000355155 -0.000804308 0.030476495 0.000355214 0.999999846 0.000032981 -0.034592773 0.000804474 -0.000033302 0.999999071 2.815951961
0.999995942 -0.001618889 -0.002194896 0.040215506 0.001612738 0.999995068 -0.002753478 -0.050631397 0.002200121 0.002749933 0.999993377 3.732128220
0.999982327 -0.004410393 -0.003882510 0.043444937 0.004389843 0.999976015 -0.005295247 -0.066579771 0.003905863 0.005278143 0.999978559 4.655904581
0.999974460 -0.005394519 -0.004664274 0.045407395 0.005366741 0.999967637 -0.005942517 -0.073472316 0.004696054 0.005917282 0.999970985 5.118131512
0.999982712 -0.003948471 -0.004323563 0.051888782 0.003922028 0.999973531 -0.006105659 -0.085385106 0.004347853 0.006088640 0.999971879 6.058009994
0.999981646 -0.003799706 -0.004572147 0.058694784 0.003779876 0.999983453 -0.004325339 -0.093845323 0.004589043 0.004308013 0.999979796 6.985131805
0.999972042 -0.005081734 -0.005439009 0.062882740 0.005060472 0.999979492 -0.003922841 -0.098915577 0.005459105 0.003895243 0.999977615 7.449332262
0.999955166 -0.005976305 -0.007346724 0.058771933 0.005940412 0.999969749 -0.004897467 -0.112399360 0.007376751 0.004853600 0.999960624 8.380088559
0.999958970 -0.004691960 -0.007730333 0.064258318 0.004650260 0.999974507 -0.005403298 -0.124392215 0.007756085 0.005367128 0.999955456 9.279614642
0.999961724 -0.003807158 -0.007831550 0.062384574 0.003765563 0.999978818 -0.005320432 -0.130057480 0.007852425 0.005290756 0.999954963 9.738606246
0.999955105 -0.004104457 -0.008550757 0.066224931 0.004062038 0.999979439 -0.004971539 -0.141004057 0.008571662 0.004936622 0.999950674 10.663095973
0.999944852 -0.005547322 -0.008920680 0.066759739 0.005494363 0.999967234 -0.005954964 -0.154187161 0.008953227 0.005905686 0.999941641 11.571506312
0.999950081 -0.003691903 -0.009224042 0.067982349 0.003626896 0.999968466 -0.007049045 -0.161753769 0.009249891 0.007015235 0.999932671 12.033074559
0.999947130 -0.002042406 -0.010005894 0.061609718 0.001958462 0.999962477 -0.008389124 -0.175840483 0.010023753 0.008369116 0.999914409 12.961872737
0.999941221 -0.002640916 -0.010515752 0.062100268 0.002533539 0.999944765 -0.010208344 -0.190727039 0.010542247 0.010181101 0.999892033 13.896512310
0.999936421 -0.001691099 -0.011162185 0.062527055 0.001573045 0.999942244 -0.010579355 -0.197088694 0.011179573 0.010561130 0.999881747 14.357445616
0.999926395 -0.000821459 -0.012108865 0.054517223 0.000705665 0.999953865 -0.009562967 -0.207236300 0.012116164 0.009553735 0.999880762 15.284993232
0.999903890 -0.001938184 -0.013706583 0.045632666 0.001852850 0.999978864 -0.006235356 -0.213530340 0.013719249 0.006209363 0.999886175 16.211939374
0.999906048 -0.000910520 -0.013658361 0.039435540 0.000854415 0.999991182 -0.004106076 -0.215963754 0.013661967 0.004094058 0.999898011 16.680521276
0.999909425 0.002323987 -0.013207655 0.038615587 -0.002347864 0.999995135 -0.001794961 -0.223528595 0.013203094 0.001825796 0.999910913 17.601152732
0.999905047 0.000748437 -0.013745243 0.040540874 -0.000774900 0.999997969 -0.001914833 -0.235557816 0.013743823 0.001925262 0.999903263 18.537128742
0.999894877 -0.000603495 -0.014482184 0.034487557 0.000566150 0.999996593 -0.002576971 -0.242818703 0.014484045 0.002568472 0.999891340 19.005649647
0.999880582 -0.001610984 -0.015351569 0.035383112 0.001548995 0.999990242 -0.004045740 -0.256951274 0.015358492 0.004021504 0.999873594 19.927498451
0.999883447 -0.003516445 -0.014845565 0.036115504 0.003483563 0.999991672 -0.002239358 -0.265606713 0.014854072 0.002187374 0.999886917 20.849416461
0.999870226 -0.005267097 -0.015204736 0.036430637 0.005262645 0.999986042 -0.000327718 -0.268220329 0.015206819 0.000247645 0.999884222 21.310397124
0.999852415 -0.005755759 -0.016204664 0.030595688 0.005800892 0.999979417 0.002741263 -0.274846534 0.016189018 -0.002834833 0.999864581 22.239939736
0.999848780 -0.005575664 -0.016431752 0.024851550 0.005642623 0.999976118 0.004036580 -0.284521142 0.016408964 -0.004128744 0.999856601 23.169443830
0.999840760 -0.006154114 -0.016735832 0.025261067 0.006222887 0.999972322 0.004059203 -0.290303100 0.016709926 -0.004162715 0.999851408 23.630384460
0.999837032 -0.005501952 -0.017186096 0.024907155 0.005598221 0.999968551 0.005557167 -0.299162882 0.017155582 -0.005652472 0.999836635 24.538199258
0.999829448 -0.004917046 -0.017790337 0.019065953 0.005072657 0.999948758 0.008715347 -0.305579196 0.017746545 -0.008804135 0.999803449 25.467744522
0.999850243 -0.002659355 -0.017076830 0.011772401 0.002844040 0.999937828 0.010804581 -0.307877133 0.017047406 -0.010851461 0.999795747 25.922227506
0.999838701 -0.000019396 -0.017914877 0.010269660 0.000256410 0.999912523 0.013232852 -0.314842358 0.017913170 -0.013235322 0.999751938 26.815965614
0.999817248 0.000534330 -0.019110859 -0.005131017 -0.000306617 0.999929260 0.011916326 -0.328797782 0.019116224 -0.011908304 0.999746274 27.710712691
0.999825153 0.001396130 -0.018644436 -0.005719374 -0.001209867 0.999949524 0.010000135 -0.337752530 0.018658024 -0.009975786 0.999776043 28.157512602
0.999803845 0.003595144 -0.019446269 -0.027351836 -0.003529124 0.999987499 0.003431664 -0.360942821 0.019458517 -0.003362391 0.999804687 29.059741955
0.999801267 0.003620701 -0.019574666 -0.030549904 -0.003695776 0.999985945 -0.003796594 -0.384338347 0.019560553 0.003868206 0.999801091 29.925071200
0.999796687 0.003579373 -0.019855065 -0.046356228 -0.003682988 0.999979181 -0.005184312 -0.392641745 0.019836242 0.005256362 0.999788725 30.358876006
0.999774900 0.004253922 -0.020770621 -0.057606617 -0.004327082 0.999984632 -0.003475507 -0.400829386 0.020755483 0.003564658 0.999777567 31.217895741
0.999763270 0.005252298 -0.021089218 -0.068001154 -0.005190793 0.999981497 0.002970504 -0.401076734 0.021104953 -0.002860385 0.999773108 32.091116435
0.999771676 0.004583073 -0.020866150 -0.068756247 -0.004493413 0.999980119 0.004344669 -0.404434413 0.020885943 -0.004249953 0.999772772 32.537987067
0.999778485 0.003460270 -0.020775372 -0.079749684 -0.003438211 0.999992984 0.001097941 -0.421247539 0.020779270 -0.001026326 0.999783279 33.396897816
0.999781709 -0.000393531 -0.020878871 -0.082993604 0.000286554 0.999986663 -0.005123345 -0.443103870 0.020880578 0.005116297 0.999768276 34.262246510
0.999779212 -0.001100909 -0.020975647 -0.084664394 0.000947536 0.999973033 -0.007320254 -0.452392894 0.020982636 0.007298739 0.999753136 34.694941568
0.999786410 -0.000557219 -0.020647035 -0.094682288 0.000387040 0.999965372 -0.008246410 -0.465283623 0.020651442 0.008236664 0.999752772 35.568002508
0.999786975 -0.002643799 -0.020467057 -0.105916896 0.002506581 0.999973994 -0.006725978 -0.474000987 0.020483890 0.006673243 0.999767227 36.427015550
0.999783635 -0.004331274 -0.020328336 -0.101221619 0.004204299 0.999971776 -0.006282929 -0.478562783 0.020354846 0.006196066 0.999773775 36.852171377
0.999792253 -0.003802614 -0.020042735 -0.104796330 0.003680633 0.999974441 -0.006118742 -0.489314928 0.020065770 0.006043754 0.999779496 37.717660377
0.999800091 -0.000022647 -0.019994929 -0.123562211 -0.000098007 0.999982160 -0.006029689 -0.500315252 0.019994254 0.006030389 0.999781661 38.570142905
0.999793712 0.000364842 -0.020304406 -0.125311307 -0.000501385 0.999976849 -0.006721930 -0.506975652 0.020301253 0.006730750 0.999770930 39.002871177
0.999798544 0.002386725 -0.019917149 -0.129977979 -0.002520537 0.999973878 -0.006695363 -0.517742240 0.019900578 0.006744165 0.999779381 39.854259365
0.999779164 0.006389986 -0.020002389 -0.141262013 -0.006479412 0.999968970 -0.004406205 -0.524800473 0.019974013 0.004534887 0.999789772 40.713293371
0.999762475 0.007352611 -0.020499539 -0.149646633 -0.007403700 0.999969480 -0.002416126 -0.527142837 0.020481421 0.002567297 0.999786561 41.153675164
0.999765987 0.008437645 -0.019930767 -0.161132238 -0.008360854 0.999956716 0.003929939 -0.527434613 0.019963427 -0.003762379 0.999793612 42.012794667
0.999703914 0.012730390 -0.020695994 -0.187610122 -0.012604061 0.999901263 0.006223501 -0.534651072 0.020774192 -0.005960794 0.999766155 42.858823338
0.999678309 0.014099306 -0.021065311 -0.196947954 -0.013989057 0.999887845 0.005372804 -0.541665441 0.021139230 -0.005076340 0.999762699 43.285045469
0.999667824 0.014341596 -0.021400879 -0.215462541 -0.014331745 0.999896887 0.000618222 -0.561101348 0.021408164 -0.000311283 0.999770953 44.137421410
0.999649486 0.014336872 -0.022246592 -0.231786955 -0.014431257 0.999887135 -0.004088883 -0.580718259 0.022185226 0.004408535 0.999743486 45.017996323
0.999633247 0.014584522 -0.022811297 -0.241133720 -0.014696092 0.999880233 -0.004730061 -0.587432785 0.022740541 0.005063583 0.999728311 45.444222243
0.999618587 0.015841129 -0.022632032 -0.259967784 -0.015918524 0.999868085 -0.003244041 -0.596144307 0.022578701 0.003603110 0.999738210 46.296733691
0.999631760 0.015618233 -0.022180955 -0.272392013 -0.015620941 0.999878243 0.000052521 -0.601597831 0.022180003 0.000294029 0.999753450 47.141687344
0.999629079 0.015390699 -0.022462889 -0.281875143 -0.015347121 0.999879520 0.002114213 -0.603734754 0.022492283 -0.001768719 0.999744876 47.567971104
0.999617301 0.015358601 -0.022985028 -0.285572227 -0.015255323 0.999872696 0.004665858 -0.610379049 0.023054478 -0.004313389 0.999724579 48.433512008
0.999613062 0.015565424 -0.023046494 -0.297928570 -0.015417391 0.999859035 0.006586487 -0.618111381 0.023146051 -0.006228645 0.999712295 49.278436867
0.999626966 0.014579004 -0.023085134 -0.307288734 -0.014437720 0.999876047 0.006277259 -0.624376142 0.023174229 -0.005941507 0.999713529 49.704668470
0.999667276 0.012670014 -0.022459015 -0.312803218 -0.012637872 0.999918512 0.001576331 -0.643352883 0.022476837 -0.001291905 0.999746118 50.541852290
0.999682095 0.011686082 -0.022327794 -0.325984447 -0.011728793 0.999929098 -0.001782352 -0.660064964 0.022305617 0.002043601 0.999748777 51.372563057
0.999723531 0.010295511 -0.021135442 -0.328788286 -0.010365139 0.999941494 -0.003187970 -0.667989154 0.021101467 0.003406190 0.999771321 51.791174731
0.999715223 0.009537857 -0.021865143 -0.341093716 -0.009589143 0.999950989 -0.002243039 -0.677430590 0.021842806 0.002452089 0.999758393 52.636077995
0.999738643 0.007560367 -0.021586765 -0.345886928 -0.007553474 0.999971077 0.000399725 -0.683949403 0.021588916 -0.000236603 0.999766844 53.487519856
0.999743983 0.006633556 -0.021623101 -0.355318550 -0.006602967 0.999977435 0.001484430 -0.687815420 0.021632353 -0.001341209 0.999765259 53.913781768
0.999743423 0.007321381 -0.021455211 -0.366640397 -0.007223990 0.999963239 0.004611954 -0.693604318 0.021488389 -0.004455688 0.999758226 54.772831812
0.999748807 0.008387670 -0.020782754 -0.377846422 -0.008275550 0.999950668 0.005475294 -0.703281180 0.020828838 -0.005301948 0.999768730 55.631832731
0.999755174 0.009035890 -0.020200564 -0.387210754 -0.008932657 0.999946361 0.005198212 -0.709406015 0.020247045 -0.005016501 0.999782291 56.058066102
0.999749640 0.011424941 -0.019239315 -0.391875937 -0.011327187 0.999921811 0.005182689 -0.720222577 0.019297868 -0.004963496 0.999800982 56.909453658
0.999761140 0.010750151 -0.019019786 -0.396506880 -0.010664600 0.999932465 0.004592624 -0.732188538 0.019068329 -0.004388652 0.999808316 57.760826692
0.999791072 0.009373245 -0.018172210 -0.399372649 -0.009294886 0.999947390 0.004393339 -0.738033816 0.018212683 -0.004223443 0.999825442 58.179464634
0.999794154 0.009513227 -0.017932367 -0.397612217 -0.009409506 0.999938074 0.005859992 -0.746122103 0.017987128 -0.005690013 0.999821918 59.023287702
0.999818832 0.008511266 -0.017009103 -0.395877390 -0.008377924 0.999933218 0.007891114 -0.753350841 0.017075916 -0.007747127 0.999824252 59.867121631
0.999815658 0.008911937 -0.017022757 -0.398839330 -0.008751598 0.999917049 0.009474419 -0.755967809 0.017106353 -0.009323628 0.999809733 60.285800363
0.999817025 0.009051804 -0.016843003 -0.398160734 -0.008873199 0.999903983 0.010645088 -0.764410362 0.016938311 -0.010493678 0.999801446 61.115518326
0.999814295 0.007907751 -0.017571017 -0.404922898 -0.007753368 0.999931247 0.008835107 -0.778174283 0.017640917 -0.008697236 0.999806065 61.938667383
0.999814315 0.008774594 -0.017128219 -0.401281768 -0.008632066 0.999927134 0.008377910 -0.784019858 0.017200607 -0.008228422 0.999817262 62.349706359
0.999776646 0.013120713 -0.016553540 -0.408070729 -0.013007740 0.999891138 0.006910888 -0.796884250 0.016643451 -0.006693945 0.999838280 63.172866782
0.999762920 0.014731133 -0.016043757 -0.407350152 -0.014616930 0.999866701 0.007217341 -0.806736065 0.016147732 -0.006981113 0.999845053 64.002566938
0.999727353 0.016855860 -0.016148429 -0.417906783 -0.016716618 0.999822411 0.008716085 -0.809507107 0.016292677 -0.008443697 0.999831068 64.414742056
0.999610118 0.022261048 -0.016828382 -0.440164112 -0.022051130 0.999677475 0.012557608 -0.813314549 0.017102856 -0.012181608 0.999778904 65.225013581
0.999650668 0.021126535 -0.015894847 -0.439757951 -0.020822136 0.999601497 0.019078820 -0.812611890 0.016291745 -0.018741231 0.999691296 66.054847097
0.999726600 0.017942501 -0.014960548 -0.427553433 -0.017621947 0.999617521 0.021292575 -0.814151114 0.015337215 -0.021023175 0.999661321 66.486542784
0.999818053 0.012704797 -0.014204492 -0.425698318 -0.012402830 0.999698979 0.021152942 -0.825417737 0.014468981 -0.020972806 0.999674833 67.330325692
0.999856716 0.009579823 -0.013912402 -0.424786591 -0.009329585 0.999795004 0.017939314 -0.841686193 0.014082045 -0.017806920 0.999741659 68.159944771
0.999865784 0.007786664 -0.014414703 -0.419962391 -0.007557528 0.999844972 0.015885533 -0.850575723 0.014536541 -0.015774346 0.999769470 68.585045915
0.999856704 0.004180672 -0.016392142 -0.425673385 -0.003934712 0.999879145 0.015011204 -0.862955918 0.016453511 -0.014944599 0.999753264 69.422313085
0.999843834 -0.000481170 -0.017630363 -0.431651156 0.000821988 0.999812901 0.019335219 -0.866380801 0.017617872 -0.019346668 0.999656590 70.259693409
0.999846334 -0.002563182 -0.017342170 -0.427054728 0.002939210 0.999760096 0.021691373 -0.867624334 0.017282046 -0.021739035 0.999613798 70.684891164
0.999840379 -0.002259580 -0.017719454 -0.431877120 0.002697649 0.999690568 0.024741313 -0.873163659 0.017658772 -0.024785158 0.999536306 71.536345401
0.999840040 -0.001748703 -0.017794804 -0.436501214 0.002175224 0.999710085 0.023981855 -0.885359499 0.017749161 -0.024016727 0.999553482 72.387715530
0.999851195 -0.002163697 -0.017097235 -0.431767528 0.002567997 0.999716739 0.023660208 -0.891210620 0.017041647 -0.023700587 0.999573212 72.812855066
0.999871329 -0.002330078 -0.015877967 -0.423490370 0.002723264 0.999689018 0.024788684 -0.899629031 0.015815337 -0.024828680 0.999566613 73.649075001
0.999888820 -0.001598963 -0.014806882 -0.429388346 0.002005068 0.999621257 0.027455247 -0.905732512 0.014757541 -0.027481848 0.999512937 74.486421480
0.999895334 -0.000835797 -0.014441090 -0.432316046 0.001245134 0.999597271 0.028361963 -0.909498878 0.014411576 -0.028376965 0.999493129 74.905085690
0.999901680 0.001645869 -0.013934020 -0.438032399 -0.001262460 0.999621610 0.027481600 -0.921699167 0.013973826 -0.027461323 0.999524750 75.742355133
0.999897870 0.004115814 -0.013662692 -0.434982305 -0.003771307 0.999676267 0.025146831 -0.936409537 0.013761695 -0.025092731 0.999590201 76.600195158
0.999903456 0.004609544 -0.013079824 -0.444322222 -0.004289173 0.999692711 0.024417478 -0.943353943 0.013188493 -0.024359100 0.999616066 77.026418173
0.999918368 0.005271316 -0.011594223 -0.432814737 -0.004960478 0.999631895 0.026676594 -0.950199824 0.011731347 -0.026616840 0.999576300 77.904959866
0.999911231 0.007601898 -0.010950594 -0.443165804 -0.007246838 0.999458438 0.032102718 -0.951906408 0.011189118 -0.032020500 0.999424051 78.778162122
0.999909241 0.008582974 -0.010423668 -0.437479798 -0.008218896 0.999371635 0.034487378 -0.953055539 0.010713246 -0.034398525 0.999350925 79.217461699
0.999925268 0.007887047 -0.009284984 -0.433560752 -0.007542000 0.999300178 0.036633133 -0.960265385 0.009567822 -0.036560387 0.999285199 80.089497125
0.999942453 0.005865802 -0.009002992 -0.434722281 -0.005568689 0.999450481 0.032685303 -0.978684614 0.009190358 -0.032633237 0.999424674 80.983090507
0.999945777 0.004884646 -0.009198082 -0.428787660 -0.004603299 0.999528213 0.030373383 -0.988179376 0.009341916 -0.030329356 0.999496143 81.422284633
0.999956728 0.004265336 -0.008191673 -0.424632505 -0.004034516 0.999599987 0.028002021 -1.003315071 0.008307838 -0.027967722 0.999574255 82.294219913
0.999958125 0.003901955 -0.008254289 -0.419532474 -0.003665273 0.999586495 0.028500805 -1.013498909 0.008362607 -0.028469381 0.999559448 83.180318391
0.999959334 0.003880327 -0.008112133 -0.421369999 -0.003639070 0.999556083 0.029549056 -1.017190863 0.008223765 -0.029518364 0.999530125 83.613084170
0.999954189 0.004042292 -0.008623672 -0.417455717 -0.003766907 0.999489275 0.031722251 -1.024240792 0.008747713 -0.031688368 0.999459705 84.485121617
0.999956902 0.004526860 -0.008075957 -0.413525655 -0.004253058 0.999425482 0.033609768 -1.031820443 0.008223293 -0.033573955 0.999402529 85.357152370
0.999954609 0.005097232 -0.008000180 -0.414238765 -0.004821643 0.999406636 0.034103590 -1.036587384 0.008169373 -0.034063470 0.999386126 85.804005196
0.999951403 0.005230692 -0.008297905 -0.409155408 -0.004938165 0.999378568 0.034895814 -1.046211514 0.008475539 -0.034853151 0.999356461 86.690110746
0.999957466 0.004378205 -0.008108450 -0.406290509 -0.004081939 0.999335861 0.036210022 -1.054705138 0.008261897 -0.036175290 0.999310599 87.548029322
0.999952378 0.004541435 -0.008555415 -0.408127141 -0.004220127 0.999298346 0.037214444 -1.058427077 0.008718353 -0.037176586 0.999270618 87.980794723
0.999949539 0.005114730 -0.008623960 -0.404256925 -0.004764017 0.999180097 0.040208446 -1.063997780 0.008822900 -0.040165248 0.999153638 88.852850860
0.999955515 0.005294327 -0.007789940 -0.401409296 -0.004964119 0.999112856 0.041824876 -1.071911708 0.008005408 -0.041784326 0.999094091 89.710776761
0.999951868 0.005749005 -0.007911289 -0.395636647 -0.005407369 0.999079526 0.042553739 -1.075969317 0.008148648 -0.042508856 0.999062820 90.150039588
0.999940713 0.007239533 -0.008134792 -0.398211995 -0.006870564 0.998985302 0.044503098 -1.083598645 0.008449339 -0.044444581 0.998976196 91.029668675
0.999943422 0.007029938 -0.007914719 -0.394256923 -0.006659394 0.998922852 0.045911172 -1.092017858 0.008229302 -0.045855858 0.998914026 91.901688820
0.999943512 0.006511980 -0.008373830 -0.396026265 -0.006123191 0.998938235 0.045656064 -1.097998614 0.008663233 -0.045602199 0.998922282 92.334425680
0.999947678 0.007007545 -0.007401409 -0.391875576 -0.006680280 0.999037104 0.043362530 -1.112984388 0.007698923 -0.043310792 0.999032212 93.206362854
0.999952927 0.006553594 -0.007095517 -0.387717741 -0.006257790 0.999141198 0.040946363 -1.128210037 0.007357455 -0.040900062 0.999135982 94.078296997
0.999960066 0.005254698 -0.007192680 -0.388295676 -0.004970852 0.999229239 0.038931610 -1.137514601 0.007392875 -0.038894229 0.999215668 94.525092488
0.999960510 0.003905821 -0.007929302 -0.389384556 -0.003637720 0.999430352 0.033553377 -1.158372553 0.008056297 -0.033523169 0.999404725 95.418655056
0.999956436 0.005352238 -0.007570845 -0.385091546 -0.005134684 0.999581140 0.028467251 -1.178135827 0.007720573 -0.028427147 0.999566226 96.290531864
0.999958522 0.005241941 -0.007433124 -0.385750468 -0.005032361 0.999596349 0.027949789 -1.184721815 0.007577483 -0.027911215 0.999581382 96.737361706
0.999962262 0.005367646 -0.006796600 -0.380870766 -0.005142913 0.999452674 0.032671367 -1.187509524 0.006968198 -0.032635148 0.999442277 97.623553637
0.999957263 0.005130680 -0.007678843 -0.381424165 -0.004835769 0.999268011 0.037938778 -1.189672812 0.007868286 -0.037900020 0.999250334 98.531453048
0.999971936 0.003563011 -0.006646402 -0.374574144 -0.003300295 0.999228570 0.039131133 -1.193226234 0.006780767 -0.039108076 0.999211406 98.984822875
0.999986730 -0.000831812 -0.005017820 -0.359488867 0.001012189 0.999349243 0.036051831 -1.210163479 0.004984240 -0.036056431 0.999336661 99.905538948
0.999965049 -0.006962489 -0.004589662 -0.345434215 0.007104523 0.999472060 0.031692703 -1.229174090 0.004367169 -0.031724182 0.999486765 100.812128193
0.999944798 -0.009465118 -0.004517917 -0.338465396 0.009599003 0.999485884 0.030600136 -1.236715424 0.004226384 -0.030641771 0.999520979 101.265447631
0.999895626 -0.013819047 -0.004106481 -0.323597172 0.013941863 0.999404609 0.031569952 -1.246366483 0.003667875 -0.031623896 0.999492598 102.186255768
0.999823139 -0.018493298 -0.003531961 -0.309935838 0.018604572 0.999227006 0.034625706 -1.252174007 0.002889638 -0.034685255 0.999393613 103.093011840
0.999794667 -0.019971811 -0.003518281 -0.295519709 0.020086456 0.999138308 0.036314248 -1.254613857 0.002790112 -0.036377413 0.999334079 103.552897405
0.999759014 -0.021721495 -0.003013798 -0.280736044 0.021822185 0.999007772 0.038825354 -1.261426403 0.002167478 -0.038881816 0.999241307 104.473741407
0.999730306 -0.023126669 -0.002075836 -0.263666631 0.023190703 0.998947279 0.039586935 -1.271628272 0.001158921 -0.039624341 0.999213085 105.422743843
0.999728804 -0.023183835 -0.002141942 -0.262127637 0.023249713 0.998968992 0.038983543 -1.278655127 0.001236249 -0.039022811 0.999237535 105.897769372
0.999758885 -0.021865879 -0.001774701 -0.252592473 0.021918049 0.999015699 0.038553033 -1.291040008 0.000930783 -0.038582677 0.999254885 106.840242556
0.999726831 -0.023323401 -0.001353124 -0.243008778 0.023357557 0.999033431 0.037224550 -1.305054036 0.000484260 -0.037245962 0.999305555 107.782695156
0.999752147 -0.022249632 -0.000927159 -0.234947402 0.022268585 0.999097915 0.036163778 -1.312600915 0.000122089 -0.036175392 0.999345170 108.250115153
0.999780590 -0.020935152 -0.000306665 -0.219881180 0.020933728 0.999227414 0.033269769 -1.328898496 -0.000388975 -0.033268817 0.999445781 109.170839308
0.999803351 -0.019823181 0.000487894 -0.211451673 0.019796284 0.999258165 0.033017794 -1.340838061 -0.001142261 -0.033001705 0.999453720 110.099217490
0.999835352 -0.018119232 0.000892035 -0.209983543 0.018078733 0.999266102 0.033751812 -1.345486161 -0.001502926 -0.033730178 0.999429857 110.574273076
0.999877906 -0.015593723 0.000966841 -0.199433236 0.015550654 0.999271147 0.034845989 -1.355277948 -0.001508915 -0.034826658 0.999392062 111.530879654
0.999900840 -0.014080566 0.000773654 -0.188782590 0.014046102 0.999321917 0.034024547 -1.368437972 -0.001251732 -0.034010285 0.999420601 112.487443674
0.999914194 -0.013056559 0.000511485 -0.186198381 0.013031189 0.999323878 0.034373977 -1.373881206 -0.000960380 -0.034364341 0.999408427 112.976589842
0.999928931 -0.011898826 -0.000341150 -0.169239430 0.011903182 0.999238626 0.037159802 -1.380375016 -0.000100751 -0.037161253 0.999309154 113.925639130
0.999923923 -0.012286553 -0.000895299 -0.157735315 0.012312835 0.999084330 0.040980187 -1.385514788 0.000391141 -0.040988119 0.999159744 114.896405118
0.999929100 -0.011783660 -0.001351615 -0.156295469 0.011830211 0.999037160 0.042232625 -1.389213386 0.000852465 -0.042245701 0.999106736 115.371472702
0.999936033 -0.011012410 -0.002711712 -0.152070737 0.011112155 0.999136502 0.040026873 -1.405091690 0.002268751 -0.040054408 0.999194032 116.335601336
0.999940326 -0.010302311 -0.003543285 -0.146704321 0.010426269 0.999261254 0.036974550 -1.422624676 0.003159998 -0.037009300 0.999310210 117.313809692
0.999957966 -0.008133265 -0.004137120 -0.144093316 0.008279937 0.999289316 0.036776010 -1.428967439 0.003835831 -0.036808627 0.999314635 117.802944495
0.999973593 -0.005273305 -0.004944083 -0.146561572 0.005458513 0.999253683 0.038226380 -1.438598716 0.004739625 -0.038252350 0.999256191 118.774751024
0.999974228 -0.003547890 -0.006207367 -0.150100053 0.003788447 0.999224117 0.039186119 -1.448974056 0.006062883 -0.039208644 0.999212576 119.732447522
0.999974831 -0.002395532 -0.006678287 -0.155064982 0.002651828 0.999249552 0.038646494 -1.456100562 0.006580941 -0.038663215 0.999230164 120.215070754
0.999963752 -0.002869186 -0.007979069 -0.151964962 0.003162411 0.999310625 0.036987820 -1.470893885 0.007868031 -0.037011703 0.999283736 121.165112468
0.999963381 -0.001947287 -0.008342217 -0.155556144 0.002271180 0.999236305 0.038995169 -1.479500150 0.008260317 -0.039012644 0.999203607 122.122831320
0.999962665 -0.000694022 -0.008613233 -0.146547808 0.001044293 0.999169358 0.040729403 -1.482165135 0.008578947 -0.040736778 0.999132645 122.604413631
0.999953805 -0.000330974 -0.009604618 -0.150152984 0.000743510 0.999075586 0.042985777 -1.490301646 0.009581583 -0.042990928 0.999028772 123.562138418
0.999947152 0.000058892 -0.010229667 -0.153542892 0.000362404 0.999151351 0.041177432 -1.505664375 0.010223613 -0.041178969 0.999099163 124.519771899
0.999938389 0.000837475 -0.011047500 -0.153050602 -0.000399567 0.999216267 0.039578543 -1.514224878 0.011071825 -0.039571629 0.999154795 124.980677421
0.999925509 0.003802466 -0.011590731 -0.157612266 -0.003346427 0.999229283 0.039116667 -1.526923452 0.011731841 -0.039074996 0.999167461 125.924243935
0.999893224 0.005923924 -0.013319038 -0.168792780 -0.005374416 0.999147816 0.040925547 -1.535863697 0.013550463 -0.040849615 0.999073029 126.875456898
0.999885349 0.005886260 -0.013968790 -0.174908920 -0.005302826 0.999127160 0.041441258 -1.541015688 0.014200806 -0.041362396 0.999042361 127.344004450
0.999868729 0.006455790 -0.014847691 -0.178314906 -0.005858587 0.999185785 0.039921565 -1.555838699 0.015093604 -0.039829222 0.999092211 128.301644750
0.999844719 0.007186287 -0.016061276 -0.195757278 -0.006583051 0.999282235 0.037299922 -1.573004340 0.016318598 -0.037188396 0.999174458 129.260352744
0.999841717 0.007560168 -0.016090253 -0.187731334 -0.006962338 0.999295194 0.036896057 -1.579361843 0.016358184 -0.036778231 0.999189568 129.727787769
0.999826438 0.007072508 -0.017202774 -0.198820739 -0.006430640 0.999291040 0.037082755 -1.591360486 0.017452894 -0.036965734 0.999163841 130.678962089
0.999817345 0.005575801 -0.018290935 -0.209877095 -0.004902220 0.999315548 0.036670791 -1.604468549 0.018482933 -0.036574429 0.999159832 131.630122390
0.999815909 0.004389939 -0.018641369 -0.213715823 -0.003723473 0.999357484 0.035638529 -1.612730010 0.018786012 -0.035562608 0.999190627 132.126831911
0.999804835 0.003892034 -0.019373242 -0.217176594 -0.003208424 0.999375124 0.035192579 -1.625713984 0.019497922 -0.035123576 0.999192597 133.084495448
0.999784364 0.004374232 -0.020314493 -0.234854480 -0.003619133 0.999305910 0.037063222 -1.634973765 0.020462735 -0.036981642 0.999106378 134.043303335
0.999774815 0.004017502 -0.020824940 -0.239884614 -0.003228116 0.999279722 0.037805497 -1.639911417 0.020961881 -0.037729697 0.999067921 134.525954224
0.999765829 0.004552185 -0.021134016 -0.249903496 -0.003736547 0.999251942 0.038476052 -1.651175994 0.021294242 -0.038388068 0.999035757 135.491238448
0.999755569 0.003665376 -0.021793604 -0.260913404 -0.002853437 0.999304290 0.037170688 -1.665843240 0.021915551 -0.037099320 0.999070759 136.442379049
0.999760921 0.004262472 -0.021447133 -0.265954554 -0.003442836 0.999267768 0.038110239 -1.670411086 0.021594842 -0.038027326 0.999043572 136.925034611
0.999714710 0.007836315 -0.022545484 -0.278316054 -0.006895980 0.999114713 0.041490014 -1.676377339 0.022850860 -0.041322717 0.998884427 137.862184522
0.999720573 0.005914196 -0.022899806 -0.282866999 -0.004972133 0.999147560 0.040977631 -1.689435725 0.023122758 -0.040852287 0.998897482 138.805746490
0.999712871 0.004843852 -0.023477175 -0.288842605 -0.003928854 0.999236342 0.038865544 -1.699305246 0.023648350 -0.038762139 0.998968123 139.274234433
0.999711135 0.006746402 -0.023054425 -0.307296547 -0.005945630 0.999382023 0.034629920 -1.719183918 0.023273745 -0.034482858 0.999134108 140.218807517
0.999730941 0.005625914 -0.022491560 -0.310755531 -0.004854462 0.999402702 0.034207716 -1.732227861 0.022671354 -0.034089358 0.999161151 141.176470297
0.999725818 0.004928939 -0.022885383 -0.314723777 -0.004111568 0.999356044 0.035627978 -1.736141598 0.023046825 -0.035524012 0.999102177 141.673234753
0.999725321 0.003606161 -0.023140778 -0.331251940 -0.002758333 0.999326862 0.036565360 -1.747325920 0.023257297 -0.036491480 0.999062915 142.646118952
0.999732293 0.001641078 -0.023090638 -0.341159169 -0.000827560 0.999379715 0.035200306 -1.762338535 0.023134112 -0.035171762 0.999113021 143.611355818
0.999736504 0.001109482 -0.022923667 -0.347196109 -0.000323832 0.999413027 0.034247815 -1.770149134 0.022948894 -0.034231288 0.999149784 144.079869777
0.999751704 0.000759910 -0.022254270 -0.359319416 -0.000019019 0.999446475 0.033277025 -1.784111201 0.022267820 -0.033268316 0.999198344 145.016918658
0.999746040 0.000454903 -0.022520239 -0.370620813 0.000390315 0.999295917 0.037513503 -1.788993570 0.022522151 -0.037512726 0.999041450 145.968182895
0.999746641 -0.000510340 -0.022494067 -0.370324140 0.001403299 0.999210075 0.039703785 -1.790987511 0.022455954 -0.039725311 0.998957750 146.429171388
0.999756276 -0.001894320 -0.021995953 -0.381568371 0.002836522 0.999076337 0.042883396 -1.797788876 0.021894767 -0.042935344 0.998837616 147.380411377
0.999746894 -0.001574630 -0.022435738 -0.393609203 0.002478344 0.999184325 0.040309630 -1.814519493 0.022354961 -0.040354976 0.998934639 148.317425277
0.999754128 -0.001453472 -0.022111686 -0.399598504 0.002302948 0.999258379 0.038445379 -1.823929255 0.022039796 -0.038486881 0.999015738 148.785919029
0.999751283 -0.001238182 -0.022254272 -0.412806923 0.002066005 0.999305217 0.037215146 -1.838135645 0.022192904 -0.037251832 0.999058821 149.708864194
0.999740772 -0.002908951 -0.022558376 -0.425145497 0.003817601 0.999178397 0.040342941 -1.844871495 0.022423161 -0.040418633 0.998931046 150.646004382
0.999735712 -0.003477759 -0.022701395 -0.431313444 0.004426349 0.999112903 0.041871325 -1.848284396 0.022535518 -0.041960800 0.998864316 151.114573907
0.999738472 -0.003892505 -0.022530640 -0.438051288 0.004818562 0.999139191 0.041199650 -1.861271721 0.022351391 -0.041297432 0.998896590 152.029935514
0.999731466 -0.006513859 -0.022227527 -0.444636687 0.007348653 0.999262541 0.037686605 -1.879376367 0.021965241 -0.037839845 0.999041745 152.945232462
0.999723454 -0.007672743 -0.022221245 -0.444160773 0.008479996 0.999298980 0.036467776 -1.887387158 0.021926469 -0.036646107 0.999087551 153.406144929
0.999680766 -0.011161815 -0.022663103 -0.450896235 0.011968588 0.999287471 0.035783078 -1.900454441 0.022248079 -0.036042874 0.999102090 154.321505526
0.999630848 -0.016229893 -0.021783417 -0.449050148 0.017033881 0.999161234 0.037247568 -1.909825054 0.021160867 -0.037604929 0.999067922 155.257515129
0.999627556 -0.016366676 -0.021833257 -0.448723998 0.017206560 0.999096414 0.038850003 -1.912808478 0.021177799 -0.039211265 0.999006057 155.718491119
0.999649727 -0.015479558 -0.021438340 -0.455668773 0.016371584 0.998980250 0.042080595 -1.918849439 0.020766007 -0.042416915 0.998883837 156.633940496
0.999605891 -0.017859433 -0.021669842 -0.457083680 0.018777087 0.998902477 0.042908041 -1.928763121 0.020880769 -0.043297931 0.998843711 157.527641349
0.999563448 -0.019393169 -0.022274142 -0.458828607 0.020320289 0.998903217 0.042183248 -1.935563448 0.021431244 -0.042617434 0.998861252 157.960367853
0.999563347 -0.019449829 -0.022232348 -0.466581594 0.020327330 0.998994401 0.039951852 -1.951143866 0.021432743 -0.040386293 0.998954136 158.861596066
0.999584755 -0.019196496 -0.021479960 -0.467871747 0.020011759 0.999061209 0.038406879 -1.965245356 0.020722798 -0.038820778 0.999030745 159.755244004
0.999601276 -0.019109412 -0.020774564 -0.469567845 0.019864529 0.999126022 0.036774661 -1.973684824 0.020053270 -0.037172700 0.999107272 160.187949797
0.999651986 -0.016533445 -0.020552799 -0.480422535 0.017164370 0.999375062 0.030908731 -1.995155512 0.020029267 -0.031250699 0.999310370 161.046801696
0.999728104 -0.011610772 -0.020212208 -0.489231753 0.012170805 0.999539305 0.027812311 -2.011949746 0.019880324 -0.028050774 0.999408678 161.933913942
0.999754237 -0.009646935 -0.019939878 -0.491067790 0.010219131 0.999532676 0.028796526 -2.015691674 0.019653172 -0.028993247 0.999385592 162.366679090
0.999753016 -0.010444312 -0.019629247 -0.496192389 0.011177651 0.999229477 0.037628109 -2.011086311 0.019221275 -0.037838228 0.999099332 163.218261509
0.999800003 -0.006391676 -0.018943442 -0.505642051 0.007270548 0.998882414 0.046693539 -2.006381800 0.018624068 -0.046821978 0.998729559 164.105645400
0.999836962 -0.003362630 -0.017732704 -0.499962000 0.004230676 0.998782728 0.049144671 -2.007331036 0.017545767 -0.049211650 0.998634425 164.544947503
0.999846223 0.000940251 -0.017509248 -0.510141270 -0.000042638 0.998688791 0.051199668 -2.014804600 0.017534290 -0.051191019 0.998533982 165.418076891
0.999809501 0.006305993 -0.018458455 -0.534459647 -0.005300426 0.998524926 0.054027879 -2.021172601 0.018773077 -0.053919730 0.998368184 166.292317541
0.999759806 0.010367178 -0.019311362 -0.550434790 -0.009276895 0.998403029 0.055715536 -2.023808966 0.019858703 -0.055523038 0.998259729 166.726193951
0.999693261 0.015500578 -0.019303765 -0.567050098 -0.014387803 0.998298538 0.056508644 -2.033660989 0.020148053 -0.056213600 0.998214834 167.606892247
0.999613078 0.021195286 -0.018014728 -0.584521554 -0.020218473 0.998400919 0.052779486 -2.051443310 0.019105392 -0.052394744 0.998443492 168.473389712
0.999563393 0.023819310 -0.017464749 -0.593719448 -0.022933355 0.998521514 0.049285453 -2.063155220 0.018613120 -0.048863416 0.998632057 168.899552488
0.999479574 0.027429591 -0.016969273 -0.604616417 -0.026657957 0.998669430 0.044140072 -2.083206651 0.018158478 -0.043664627 0.998880879 169.758422319
0.999419704 0.029675725 -0.016716882 -0.623238489 -0.028960925 0.998718466 0.041491216 -2.099034447 0.017927298 -0.040982948 0.998998467 170.610843850
0.999383172 0.030664899 -0.017116860 -0.632562327 -0.029952978 0.998733811 0.040402863 -2.106518570 0.018334833 -0.039865237 0.999036083 171.037060046
0.999305891 0.032238465 -0.018683885 -0.658836853 -0.031494707 0.998749682 0.038818731 -2.120561455 0.019912306 -0.038203284 0.999071415 171.883002462
0.999291236 0.032118111 -0.019615581 -0.669958022 -0.031355152 0.998783988 0.038043234 -2.133086826 0.020813544 -0.037401231 0.999083402 172.741967389
0.999281879 0.031982385 -0.020307330 -0.680452425 -0.031185651 0.998775332 0.038409777 -2.137946774 0.021511115 -0.037748878 0.999055880 173.154116113
0.999256289 0.032255795 -0.021137096 -0.700388573 -0.031393134 0.998708497 0.039951368 -2.146332918 0.022398984 -0.039258054 0.998977453 173.992531043
0.999248669 0.032686525 -0.020819149 -0.711633901 -0.031800903 0.998630274 0.041534487 -2.154690471 0.022147830 -0.040841222 0.998920115 174.851548631
