1.000000000 0.000000000 -0.000000000 -0.000000000 0.000000000 1.000000000 0.000000000 0.000000000 0.000000000 0.000000000 1.000000000 0.000000000
0.999996491 0.002568732 0.000573700 -0.003106240 -0.002571798 0.999981300 0.005476452 0.002641655 -0.000559699 -0.005477917 0.999985136 0.192293768
0.999980383 0.006116480 0.001546183 -0.001599424 -0.006140672 0.999849426 0.016221402 0.007624202 -0.001446755 -0.016230598 0.999867835 0.583237010
0.999966821 0.008011769 0.001362604 0.000024074 -0.008042539 0.999671276 0.024356765 0.008091209 -0.001166244 -0.024366900 0.999702610 0.974016868
0.999973604 0.007349381 0.000825002 0.003405659 -0.007368925 0.999607976 0.027013559 0.006240836 -0.000626049 -0.027018934 0.999634839 1.158428162
0.999993164 0.003730168 0.000729543 0.013026217 -0.003749726 0.999569471 0.029090142 -0.004342302 -0.000621108 -0.029092730 0.999576814 1.555174787
0.999995496 0.002749633 0.001554808 0.025114149 -0.002786481 0.999701592 0.024255444 -0.033244948 -0.001487988 -0.024259725 0.999704891 2.121650285
0.999987697 0.004709165 0.001882674 0.018214366 -0.004746881 0.999776390 0.020603061 -0.053212097 -0.001785011 -0.020611790 0.999786276 2.491237673
0.999964122 0.008177559 0.002391339 0.020247797 -0.008223172 0.999770851 0.019760888 -0.068609417 -0.002228978 -0.019779931 0.999802124 2.881443523
0.999952315 0.009462662 0.002517447 0.026462762 -0.009510063 0.999763128 0.019566330 -0.076413099 -0.002330914 -0.019589350 0.999805483 3.093812472
0.999946358 0.009887130 0.003111859 0.036265053 -0.009940237 0.999795630 0.017581643 -0.094029288 -0.002936905 -0.017611634 0.999840691 3.490304626
0.999951924 0.008962417 0.003901503 0.042383986 -0.009024535 0.999827231 0.016233769 -0.111987861 -0.003754523 -0.016268218 0.999860828 3.922677394
0.999962015 0.007755223 0.004120975 0.040889980 -0.007820395 0.999840302 0.016049086 -0.119890384 -0.003994955 -0.016080694 0.999862655 4.128676180
0.999974592 0.005442095 0.004610071 0.058310633 -0.005515999 0.999853751 0.016198015 -0.133901196 -0.004520524 -0.016223119 0.999858344 4.531665371
0.999978399 0.004725987 0.004638552 0.068013797 -0.004801391 0.999853546 0.016402584 -0.147681175 -0.004559355 -0.016424543 0.999854683 4.928296328
0.999981659 0.004093893 0.004655995 0.066485199 -0.004172146 0.999847628 0.016942295 -0.154245020 -0.004585374 -0.016961404 0.999845607 5.134343550
0.999982554 0.004033135 0.004390817 0.072377481 -0.004122251 0.999781418 0.020496512 -0.163432259 -0.004306581 -0.020514246 0.999780477 5.567033685
0.999979856 0.003853012 0.005081726 0.079411399 -0.003996960 0.999581913 0.028637541 -0.164951667 -0.004968796 -0.028657259 0.999576897 6.014087790
0.999977822 0.003353934 0.005754461 0.086719986 -0.003548233 0.999412205 0.034097093 -0.163229354 -0.005636523 -0.034116757 0.999402686 6.240887941
0.999985654 0.002362831 0.004874930 0.101325026 -0.002580447 0.998976584 0.045154095 -0.159315192 -0.004763117 -0.045166047 0.998968520 6.694505231
0.999990249 0.000257351 0.004400777 0.110989163 -0.000497724 0.998501375 0.054725844 -0.158925676 -0.004379926 -0.054727431 0.998491546 7.169801465
0.999988700 -0.001187614 0.004594076 0.112012568 0.000916994 0.998286861 0.058494698 -0.160553586 -0.004655500 -0.058489866 0.998277291 7.404200340
0.999983259 -0.003518653 0.004577835 0.128333099 0.003229328 0.998087374 0.061739246 -0.171179654 -0.004785307 -0.061723484 0.998081851 7.871378062
0.999972331 -0.006158897 0.004223213 0.138725463 0.005913532 0.998422792 0.055836349 -0.198972296 -0.004559467 -0.055809879 0.998430889 8.345654600
0.999972563 -0.006419435 0.003694015 0.140244246 0.006230660 0.998777772 0.049038372 -0.219771267 -0.004003647 -0.049014084 0.998790705 8.579359822
0.999976795 -0.005476509 0.004159621 0.143553897 0.005351715 0.999551386 0.029464151 -0.271898807 -0.004319400 -0.029441286 0.999557608 9.046389282
0.999983037 -0.002840740 0.005051081 0.154519341 0.002786172 0.999937855 0.010782895 -0.321869539 -0.005080972 -0.010768622 0.999929157 9.519863366
0.999984118 -0.001738584 0.005384632 0.157436615 0.001724189 0.999995154 0.002693910 -0.344940860 -0.005389086 -0.002684619 0.999982026 9.767572899
0.999987518 0.000454941 0.004981597 0.156734031 -0.000406407 0.999952514 -0.009717629 -0.384683357 -0.004985711 0.009715524 0.999940111 10.270943480
0.999988711 -0.001762141 0.004408980 0.178795409 0.001822675 0.999904222 -0.013747105 -0.410083208 -0.004384031 0.013754940 0.999896307 10.793932772
0.999987084 -0.003233199 0.003977899 0.182645738 0.003282903 0.999915942 -0.012533573 -0.417414673 -0.003936639 0.012546439 0.999913948 11.056298339
0.999980281 -0.005143426 0.003703888 0.191568059 0.005170017 0.999961200 -0.007201207 -0.427506714 -0.003666269 0.007220239 0.999967162 11.595281388
0.999988483 -0.004097000 0.002565525 0.194237724 0.004108228 0.999981871 -0.004370321 -0.442207734 -0.002547137 0.004380739 0.999987155 12.141817617
0.999996309 -0.001278804 0.002538618 0.193062738 0.001286178 0.999994910 -0.002875934 -0.449797072 -0.002534243 0.002879209 0.999992479 12.425980327
0.999960895 0.008702468 0.001840246 0.182942099 -0.008704711 0.999960922 0.001237507 -0.462686948 -0.001828387 -0.001253520 0.999997774 12.988021973
0.999929447 0.011898698 0.000609349 0.181911626 -0.011901464 0.999917290 0.004923325 -0.477080994 -0.000550658 -0.004930270 0.999987947 13.570462312
0.999944705 0.010557032 -0.000254041 0.188478137 -0.010555253 0.999926936 0.005853639 -0.485830248 0.000315596 -0.005850728 0.999982859 13.860949640
0.999974510 0.007113125 -0.001276216 0.196694007 -0.007105592 0.999957858 0.005743644 -0.507772493 0.001317438 -0.005734370 0.999982848 14.463569984
0.999982846 0.005309048 -0.002651372 0.203570501 -0.005294934 0.999971664 0.005288287 -0.529730128 0.002679774 -0.005274129 0.999983085 15.052103242
0.999970165 0.006862681 -0.003757529 0.203856476 -0.006846224 0.999966747 0.004358802 -0.542009427 0.003787260 -0.004332998 0.999983430 15.350182788
0.999931313 0.011025089 -0.004144211 0.192985502 -0.011007874 0.999930598 0.004142032 -0.565051186 0.004189509 -0.004096086 0.999982721 15.975923178
0.999889909 0.013530303 -0.006105511 0.189791746 -0.013501565 0.999897482 0.004711396 -0.586765318 0.006169246 -0.004628512 0.999970757 16.608078192
0.999880168 0.013821604 -0.007011858 0.194094040 -0.013788801 0.999894148 0.004702219 -0.598928515 0.007076677 -0.004604980 0.999964435 16.948421528
0.999887511 0.012152660 -0.008803849 0.201395136 -0.012120491 0.999919346 0.003695612 -0.624658930 0.008847976 -0.003588461 0.999954878 17.614970870
0.999881210 0.011501977 -0.010300949 0.197360952 -0.011482837 0.999932736 0.001913542 -0.653038388 0.010322871 -0.001795034 0.999945580 18.310950779
0.999869464 0.012004888 -0.010790662 0.195337019 -0.011993147 0.999927761 0.001151300 -0.666963379 0.010804338 -0.001021730 0.999941366 18.658950313
0.999834381 0.012466734 -0.013302128 0.189883693 -0.012457219 0.999922433 0.000793504 -0.692271277 0.013311017 -0.000627629 0.999911223 19.340954829
0.999784405 0.014072896 -0.015312923 0.171681625 -0.014058621 0.999900705 0.001032081 -0.717376442 0.015325912 -0.000816619 0.999882206 20.038406566
0.999761371 0.014709263 -0.016184894 0.170952409 -0.014686525 0.999891027 0.001522366 -0.729557750 0.016205372 -0.001284278 0.999868089 20.400555720
0.999709700 0.016076710 -0.017971292 0.158084093 -0.016017714 0.999866086 0.003420695 -0.753682262 0.018024125 -0.003131869 0.999832927 21.154389059
0.999684112 0.016329869 -0.019115132 0.152937396 -0.016233911 0.999854764 0.005163334 -0.778197450 0.019197744 -0.004851366 0.999803979 21.914574849
0.999660324 0.016543131 -0.020147201 0.153560720 -0.016432254 0.999849348 0.005657003 -0.790872864 0.020238880 -0.005323982 0.999781195 22.290792654
0.999630254 0.016282130 -0.021816290 0.142104834 -0.016148644 0.999850310 0.006278939 -0.817809193 0.021915225 -0.005924276 0.999742211 23.058610785
0.999580697 0.015559182 -0.024431002 0.130663404 -0.015402709 0.999859543 0.006576780 -0.845304969 0.024530173 -0.006197784 0.999680115 23.826408674
0.999554400 0.015881213 -0.025288793 0.126303749 -0.015721224 0.999855678 0.006510446 -0.859876638 0.025388388 -0.006109971 0.999658672 24.224364341
0.999455694 0.016645077 -0.028497521 0.102179920 -0.016483496 0.999846429 0.005892471 -0.889737145 0.028591235 -0.005419503 0.999576597 25.007516555
0.999363110 0.016377552 -0.031714455 0.087139544 -0.016230262 0.999856819 0.004893941 -0.920842078 0.031790045 -0.004376128 0.999485330 25.811076859
0.999327063 0.016040498 -0.032991454 0.076435075 -0.015900540 0.999863508 0.004499327 -0.936456250 0.033059118 -0.003971762 0.999445487 26.216714749
0.999243190 0.015474731 -0.035714334 0.056371191 -0.015346536 0.999874912 0.003858799 -0.967888988 0.035769692 -0.003307735 0.999354346 27.042069665
0.999115278 0.016000187 -0.038902349 0.029924805 -0.015869918 0.999867603 0.003655356 -0.998905669 0.038955676 -0.003034780 0.999236629 27.875159578
0.999066735 0.016359032 -0.039984760 0.015553498 -0.016232915 0.999862227 0.003475957 -1.015501594 0.040036998 -0.002823592 0.999194579 28.316654950
0.998936945 0.015317091 -0.043489598 -0.014578312 -0.015158632 0.999876816 0.003970332 -1.046780739 0.043545672 -0.003306930 0.999046243 29.185628369
0.998805565 0.015004057 -0.046504553 -0.051087204 -0.014795660 0.999879418 0.004821904 -1.077853621 0.046572085 -0.004128050 0.998906225 30.062329194
0.998770174 0.014712054 -0.047353385 -0.065519433 -0.014442979 0.999877214 0.006018255 -1.092091875 0.047436734 -0.005326948 0.998859660 30.503909872
0.998575858 0.013997384 -0.051493800 -0.107087199 -0.013604519 0.999875619 0.007971378 -1.122123913 0.051598985 -0.007259502 0.998641736 31.402454830
0.998467995 0.013985711 -0.053537211 -0.153588898 -0.013559870 0.999873535 0.008308536 -1.155950330 0.053646483 -0.007569886 0.998531752 32.322668972
0.998407015 0.014299644 -0.054576127 -0.172952219 -0.013895539 0.999873184 0.007774688 -1.174092855 0.054680168 -0.007003997 0.998479264 32.785914857
0.998299989 0.013100734 -0.056798074 -0.220700103 -0.012791112 0.999901487 0.005810091 -1.211541099 0.056868492 -0.005073664 0.998368573 33.691911423
0.998239483 0.011721172 -0.058154209 -0.260794517 -0.011439727 0.999920925 0.005167824 -1.246742625 0.058209883 -0.004493545 0.998294583 34.604355867
0.998169442 0.011468354 -0.059396815 -0.280188816 -0.011171136 0.999923364 0.005331786 -1.263686334 0.059453865 -0.004658516 0.998220505 35.067645128
0.998066846 0.012127835 -0.060952254 -0.328116368 -0.011704864 0.999905251 0.007291590 -1.294181448 0.061035006 -0.006564110 0.998114756 35.973893274
0.997818081 0.013256095 -0.064674325 -0.395169228 -0.012624909 0.999868942 0.010158235 -1.324287546 0.064800641 -0.009319596 0.997854720 36.903315326
0.997753071 0.013786435 -0.065566704 -0.419621626 -0.013066259 0.999849908 0.011399732 -1.340220381 0.065714587 -0.010517340 0.997782588 37.388447635
0.997682402 0.014166781 -0.066554359 -0.481199529 -0.013338302 0.999827775 0.012875386 -1.374810428 0.066725760 -0.011957868 0.997699782 38.374053566
0.997594707 0.016855551 -0.067241781 -0.535030256 -0.015981948 0.999781134 0.013507545 -1.410780173 0.067455369 -0.012400407 0.997644991 39.365976163
0.997520886 0.016727049 -0.068351667 -0.559441093 -0.015815719 0.999778964 0.013851827 -1.428321419 0.068568327 -0.012736505 0.997564947 39.851050276
0.997569885 0.013775148 -0.068311948 -0.614698707 -0.012686815 0.999786234 0.016339251 -1.460919900 0.068522643 -0.015432896 0.997530521 40.829008324
0.997340759 0.014081743 -0.071511044 -0.684026625 -0.012782755 0.999745352 0.018588616 -1.494020357 0.071754791 -0.017625170 0.997266950 41.808301564
0.997228510 0.014697103 -0.072936628 -0.721164262 -0.013342025 0.999729936 0.019030393 -1.512208031 0.073196690 -0.018004582 0.997155138 42.308792175
0.997188183 0.016098278 -0.073187447 -0.781210214 -0.014925471 0.999752112 0.016542513 -1.554235325 0.073435774 -0.015403602 0.997181404 43.308215539
0.996981777 0.021557796 -0.074591418 -0.861697100 -0.020565750 0.999689756 0.014041185 -1.596808085 0.074871152 -0.012464763 0.997115463 44.316692466
0.996935438 0.024470129 -0.074310424 -0.891108471 -0.023483663 0.999625023 0.014118904 -1.615566258 0.074628724 -0.012330594 0.997135147 44.823529021
0.996762189 0.028653671 -0.075125822 -0.959057260 -0.027552473 0.999497374 0.015654001 -1.650189804 0.075536733 -0.013533488 0.997051295 45.816853683
0.996517894 0.033062110 -0.076540074 -1.030621258 -0.031908118 0.999358918 0.016250308 -1.687793130 0.077028993 -0.013751475 0.996934362 46.845963533
0.996375856 0.034615240 -0.077705194 -1.074062922 -0.033515697 0.999319718 0.015408684 -1.708601748 0.078186106 -0.012748477 0.996857332 47.354079254
0.996278222 0.034890278 -0.078825380 -1.136802080 -0.033993931 0.999341980 0.012684969 -1.750100375 0.079216377 -0.009958181 0.996807800 48.325348687
0.996131977 0.034448848 -0.080835454 -1.208211966 -0.033740266 0.999379280 0.010114799 -1.793667809 0.081133875 -0.007348220 0.996676243 49.354242741
0.996120358 0.033623880 -0.081325265 -1.243978734 -0.032899272 0.999406125 0.010232540 -1.813058889 0.081621775 -0.007517375 0.996635592 49.868776340
0.996039845 0.030985216 -0.083338297 -1.321937883 -0.030093691 0.999476271 0.011931465 -1.849756642 0.083663732 -0.009376251 0.996449881 50.905638898
0.995926010 0.029865814 -0.085084976 -1.399867863 -0.028869325 0.999499700 0.012917231 -1.887583280 0.085428873 -0.010408240 0.996289883 51.942460610
0.995828051 0.029633222 -0.086302636 -1.448320902 -0.028682834 0.999513285 0.012231287 -1.909189239 0.086623017 -0.009704875 0.996194006 52.472353955
0.995719754 0.027673379 -0.088192938 -1.527457828 -0.026890439 0.999588075 0.010053145 -1.952156204 0.088434487 -0.007638527 0.996052778 53.494903149
0.995496557 0.026851758 -0.090918348 -1.614416276 -0.026030150 0.999608608 0.010209436 -1.990866314 0.091156688 -0.007796844 0.995806776 54.511239779
0.995354579 0.026767915 -0.092482659 -1.664273228 -0.025892231 0.999608431 0.010655598 -2.009990130 0.092732263 -0.008211484 0.995657268 55.027136404
0.995235367 0.025699661 -0.094058647 -1.742135315 -0.024854754 0.999639448 0.010142928 -2.050444173 0.094286211 -0.007756737 0.995515663 56.063863051
0.995094280 0.023531382 -0.096093560 -1.828937585 -0.022972162 0.999712317 0.006921071 -2.095198311 0.096228966 -0.004679548 0.995348184 57.079980994
0.995039227 0.022179290 -0.096981726 -1.872342593 -0.021757161 0.999748530 0.005407716 -2.117425528 0.097077654 -0.003270869 0.995271656 57.588045388
0.994939185 0.019028283 -0.098663392 -1.959279615 -0.018605579 0.999813760 0.005202247 -2.156964818 0.098744360 -0.003340243 0.995107201 58.604352016
0.994768573 0.016801346 -0.100766663 -2.059061667 -0.016107908 0.999840429 0.007690694 -2.192575057 0.100879842 -0.006027343 0.994880716 59.636240693
0.994691348 0.017157893 -0.101465233 -2.108947014 -0.016352139 0.999828010 0.008767414 -2.210599959 0.101599036 -0.007061721 0.994800754 60.152177079
0.994338490 0.019176314 -0.104522891 -2.217694548 -0.018346086 0.999792303 0.008897506 -2.249531260 0.104671788 -0.006929588 0.994482736 61.163492475
0.994085033 0.023380493 -0.106059731 -2.327721309 -0.022727555 0.999714619 0.007360240 -2.290805653 0.106201730 -0.004906275 0.994332693 62.160636563
0.993919117 0.026416450 -0.106898316 -2.385245928 -0.025848244 0.999643314 0.006697422 -2.311626731 0.107037924 -0.003893542 0.994247367 62.670105191
0.993754985 0.029128460 -0.107720055 -2.493877555 -0.028837833 0.999575063 0.004254714 -2.355043601 0.107798758 -0.001121709 0.994172229 63.681258289
0.993770649 0.028064862 -0.107853311 -2.588311869 -0.028313645 0.999598844 -0.000775573 -2.402873639 0.107788620 0.003824446 0.994166200 64.690898352
0.993772198 0.026448484 -0.108246219 -2.645717483 -0.027026437 0.999627441 -0.003875081 -2.428300168 0.108104071 0.006776457 0.994116565 65.200200343
0.993942430 0.023073960 -0.107456174 -2.733889590 -0.023923547 0.999691405 -0.006624764 -2.471890861 0.107270417 0.009155295 0.994187510 66.202273853
0.993628741 0.020124776 -0.110895020 -2.830056434 -0.020603605 0.999782696 -0.003174419 -2.504521321 0.110807049 0.005438969 0.993827528 67.198377342
0.993583903 0.018563754 -0.111566735 -2.880032390 -0.018680341 0.999825699 -0.000000265 -2.519039687 0.111547842 0.002084371 0.993756674 67.714440603
0.993395689 0.016731273 -0.113515195 -2.987671071 -0.016190170 0.999852513 0.005686203 -2.549034412 0.113593073 -0.003810849 0.993520022 68.740165875
0.993149174 0.016656346 -0.115664402 -3.097865627 -0.015834641 0.999842490 0.008018978 -2.583815219 0.115780226 -0.006132527 0.993255746 69.737544916
0.993063081 0.017016327 -0.116348560 -3.142741405 -0.016070417 0.999829814 0.009062233 -2.600972850 0.116483499 -0.007129687 0.993167585 70.231706209
0.992857754 0.018786112 -0.117819510 -3.259309170 -0.017538708 0.999778874 0.011614628 -2.635697246 0.118011745 -0.009465281 0.992967072 71.236807234
0.992793008 0.021322705 -0.117929520 -3.369490043 -0.019858757 0.999710625 0.013574290 -2.671007530 0.118185707 -0.011134530 0.992929249 72.234167117
0.992696304 0.022020541 -0.118621088 -3.428397406 -0.020539078 0.999695536 0.013696082 -2.690165657 0.118887102 -0.011159744 0.992845575 72.729609384
0.992705086 0.022458113 -0.118459174 -3.530682670 -0.021219518 0.999706662 0.011706611 -2.732599964 0.118687770 -0.009107536 0.992889488 73.733078090
0.992723885 0.023322254 -0.118134534 -3.639280480 -0.022458223 0.999710898 0.008639903 -2.777325542 0.118302342 -0.005923949 0.992960357 74.744183837
0.992575723 0.024128709 -0.119209783 -3.698111174 -0.023454490 0.999699610 0.007054463 -2.799450737 0.119344177 -0.004206082 0.992844649 75.239518748
0.992514438 0.025776940 -0.119377411 -3.813095100 -0.025420296 0.999667187 0.004509630 -2.843620397 0.119454404 -0.001441268 0.992838967 76.258364552
0.992436983 0.027052610 -0.119743010 -3.928194418 -0.026702836 0.999632715 0.004524396 -2.883324468 0.119821630 -0.001292724 0.992794992 77.277371931
0.992365791 0.027625240 -0.120197216 -3.987123722 -0.027204224 0.999617009 0.005142070 -2.901633434 0.120293473 -0.001832951 0.992737204 77.772844922
0.992224362 0.029853482 -0.120828957 -4.103600104 -0.029384854 0.999551801 0.005658077 -2.939894336 0.120944342 -0.002063561 0.992656800 78.777817988
0.992140529 0.031714225 -0.121048175 -4.213636675 -0.031407480 0.999497012 0.004440438 -2.980789103 0.121128740 -0.000603705 0.992636833 79.774975812
0.992010878 0.032612563 -0.121865553 -4.280252750 -0.032309456 0.999468041 0.004462368 -3.000056061 0.121945951 -0.000489365 0.992537007 80.264047555
0.992054475 0.034139333 -0.121093900 -4.381367465 -0.033607292 0.999414309 0.006433524 -3.035941433 0.121242701 -0.002312737 0.992620258 81.281839746
0.991841277 0.033652407 -0.122958057 -4.500581455 -0.032942504 0.999426452 0.007801887 -3.071955366 0.123150636 -0.003687703 0.992381381 82.258721053
0.991751732 0.033528566 -0.123713539 -4.559468423 -0.032851462 0.999432226 0.007508503 -3.091902713 0.123895817 -0.003382418 0.992289858 82.754134765
0.991579636 0.033179033 -0.125178978 -4.684944362 -0.032597185 0.999446375 0.006693705 -3.132165982 0.125332501 -0.002556845 0.992111810 83.738582264
0.991681750 0.031970151 -0.124684741 -4.796447831 -0.031192843 0.999479466 0.008181390 -3.168141015 0.124881008 -0.004224076 0.992162782 84.721831565
0.991702674 0.031865737 -0.124546218 -4.856736130 -0.030986038 0.999478978 0.008993587 -3.185706120 0.124768690 -0.005059796 0.992173286 85.203244942
0.991659622 0.032011722 -0.124849556 -4.968138665 -0.031236415 0.999478468 0.008162351 -3.225587294 0.125045852 -0.004194485 0.992142440 86.186352910
0.991622986 0.032244277 -0.125079491 -5.084447253 -0.031860465 0.999479450 0.005067460 -3.270341782 0.125178314 -0.001040040 0.992134160 87.191091023
0.991704772 0.032160237 -0.124446241 -5.143275623 -0.031973339 0.999482286 0.003498850 -3.292556888 0.124494268 0.000509138 0.992220171 87.686422681
0.991545812 0.032505601 -0.125622814 -5.262300134 -0.032685493 0.999465690 0.000628383 -3.335903577 0.125577278 0.003482988 0.992078003 88.663038673
0.991448006 0.032655536 -0.126351647 -5.380116408 -0.032795120 0.999461621 0.000975152 -3.374159890 0.126315780 0.003176887 0.991985590 89.653925375
0.991430737 0.034806181 -0.125914641 -5.439123156 -0.034672873 0.999393578 0.003250360 -3.389471816 0.125952086 0.001143322 0.992035904 90.149506806
0.991334647 0.037868101 -0.125784442 -5.558602517 -0.036858099 0.999267062 0.010348484 -3.415215895 0.126084562 -0.005622635 0.992003876 91.126759700
0.991347603 0.035987057 -0.126237074 -5.670240996 -0.034387343 0.999298759 0.014828868 -3.445966090 0.126682594 -0.010359575 0.991889175 92.110198048
0.991353159 0.035376650 -0.126366791 -5.730439461 -0.033917455 0.999330842 0.013679658 -3.467007761 0.126766128 -0.009275341 0.991889922 92.591485634
0.991265466 0.034466139 -0.127300631 -5.842887345 -0.033963983 0.999403894 0.006113189 -3.518283084 0.127436130 -0.001736150 0.991845507 93.560094806
0.991334197 0.032416315 -0.127304626 -5.955443391 -0.032554819 0.999469031 0.000991996 -3.565372542 0.127270180 0.003160891 0.991863085 94.528855432
0.991281861 0.031985113 -0.127817709 -6.008053438 -0.031918848 0.999487696 0.002567370 -3.581649981 0.127834689 0.001534794 0.991794896 95.016681986
0.991250017 0.030925889 -0.128326392 -6.121140488 -0.029997427 0.999507961 0.009161365 -3.608189741 0.128547163 -0.005231770 0.991689286 95.986186147
0.991257589 0.028114857 -0.128917949 -6.232716238 -0.026752692 0.999566879 0.012285657 -3.641367537 0.129207332 -0.008729332 0.991579196 96.969536659
0.991286994 0.026597344 -0.129007121 -6.291604498 -0.025246101 0.999607974 0.012098000 -3.661264933 0.129278022 -0.008735644 0.991570069 97.464952177
0.991286984 0.023482692 -0.129613268 -6.404312591 -0.022325156 0.999697090 0.010376103 -3.702470204 0.129818552 -0.007391993 0.991510587 98.433925707
0.991331949 0.019781884 -0.129881745 -6.510512724 -0.019242070 0.999799990 0.005410221 -3.748946735 0.129962906 -0.002864118 0.991514748 99.394988567
0.991298543 0.017988654 -0.130399463 -6.564193160 -0.018040377 0.999837293 0.000784725 -3.775649280 0.130392557 0.001574544 0.991461220 99.868351386
0.991402059 0.011129347 -0.130375605 -6.671511180 -0.012455380 0.999879070 -0.009359702 -3.830712733 0.130256662 0.010903087 0.991420565 100.815017022
0.991302159 0.003812978 -0.131553548 -6.770059649 -0.005569763 0.999900408 -0.012989406 -3.874872613 0.131490528 0.013609135 0.991224512 101.782530291
0.991264997 0.002115116 -0.131868804 -6.829084726 -0.003482577 0.999942590 -0.010140790 -3.889475241 0.131839501 0.010511459 0.991215047 102.278137386
0.991408083 -0.000668775 -0.130804761 -6.941071958 0.000957353 0.999997045 0.002142702 -3.906728769 0.130803323 -0.002249497 0.991405910 103.262064074
0.991242761 -0.007582918 -0.131832752 -7.040150398 0.009001942 0.999907459 0.010170205 -3.930378911 0.131743498 -0.011267997 0.991220110 104.230319432
0.991160504 -0.009718135 -0.132313638 -7.092713980 0.011233890 0.999879575 0.010713551 -3.948454574 0.132193371 -0.012105232 0.991150297 104.718080922
0.991029700 -0.008896800 -0.133349238 -7.214385232 0.009868003 0.999929112 0.006623929 -3.993070819 0.133281497 -0.007880378 0.991046608 105.666477918
0.991077252 -0.005239986 -0.133190463 -7.342408267 0.005597016 0.999981258 0.002305680 -4.038459835 0.133176356 -0.003030564 0.991087686 106.622566897
0.991270513 -0.002954877 -0.131816552 -7.396278697 0.003224132 0.999993599 0.001828580 -4.057809644 0.131810528 -0.002237661 0.991272928 107.096195755
0.991497774 0.001342408 -0.130121758 -7.507876648 -0.000660699 0.999985828 0.005281694 -4.090128289 0.130127499 -0.005150912 0.991484438 108.079577353
0.991566412 0.003819573 -0.129542290 -7.627190022 -0.002701224 0.999957577 0.008807213 -4.122296022 0.129570952 -0.008383037 0.991534766 109.056597824
0.991551864 0.005549592 -0.129596113 -7.686086284 -0.004461565 0.999952562 0.008684122 -4.141883724 0.129638122 -0.008032538 0.991528683 109.552024548
0.991655560 0.008443308 -0.128642719 -7.805083949 -0.007836612 0.999955621 0.005220922 -4.186269387 0.128680695 -0.004169271 0.991677872 110.528602947
0.991588964 0.013164176 -0.128756456 -7.925415567 -0.013111290 0.999912828 0.001258565 -4.230880232 0.128762374 0.000440229 0.991675393 111.491086668
0.991556729 0.014412212 -0.128875810 -7.985669274 -0.014370221 0.999895993 0.001255346 -4.249784016 0.128880126 0.000607212 0.991659745 111.972451608
0.991557267 0.014023600 -0.128916381 -8.103693870 -0.013328543 0.999891880 0.006252094 -4.279978293 0.128989808 -0.004481050 0.991635859 112.963630013
0.991408641 0.018866111 -0.129432816 -8.221747120 -0.017501822 0.999779098 0.011669206 -4.309063665 0.129623972 -0.009303686 0.991519765 113.954848541
0.991212008 0.021822372 -0.130471901 -8.288381265 -0.020427402 0.999719367 0.012019613 -4.327631314 0.130697848 -0.009248747 0.991379104 114.443945586
0.991037605 0.022925381 -0.131603778 -8.415028785 -0.022174355 0.999728897 0.007169804 -4.374403557 0.131733254 -0.004187331 0.991276818 115.414071046
0.990974828 0.018742304 -0.132733633 -8.532384529 -0.019249921 0.999811223 -0.002542005 -4.430482263 0.132660903 0.005074181 0.991148381 116.404312894
0.990857882 0.016640887 -0.133884125 -8.598753817 -0.017860798 0.999809446 -0.007915600 -4.459299786 0.133726816 0.010234491 0.990965553 116.893039075
0.990705155 0.014566941 -0.135247604 -8.716298006 -0.016556821 0.999770826 -0.013600588 -4.508085696 0.135017900 0.015713394 0.990718779 117.883544792
0.990287100 0.015141140 -0.138213918 -8.847014553 -0.016581296 0.999819859 -0.009274597 -4.540275068 0.138048854 0.011476169 0.990359245 118.890090897
0.990051955 0.014660367 -0.139939036 -8.913765895 -0.015679122 0.999857806 -0.006180887 -4.554307198 0.139829010 0.008313483 0.990140984 119.379352047
0.989657378 0.014022928 -0.142770881 -9.053527432 -0.014494994 0.999891959 -0.002267810 -4.586740673 0.142724300 0.004313803 0.989753191 120.365436203
0.989337398 0.015045898 -0.144866553 -9.186835476 -0.015276192 0.999883197 -0.000478128 -4.622337490 0.144842535 0.002685996 0.989451254 121.343685959
0.989248361 0.015119431 -0.145466137 -9.253500856 -0.015180912 0.999884924 0.000686822 -4.639696333 0.145459872 0.001528851 0.989363331 121.832826741
0.988928311 0.014612989 -0.147678063 -9.393168170 -0.014402439 0.999893425 0.002494859 -4.675776206 0.147698907 -0.000340377 0.989032670 122.818778962
0.988953685 0.012646357 -0.147684574 -9.526340688 -0.012576003 0.999919653 0.001410083 -4.716617842 0.147691206 0.000462755 0.989033699 123.796838948
0.988906205 0.012274007 -0.148039310 -9.594222051 -0.012474806 0.999921704 -0.000428408 -4.738767358 0.148022577 0.002270363 0.988981666 124.271719863
0.988594055 0.012464145 -0.150086787 -9.736368053 -0.013161435 0.999906691 -0.003653937 -4.782620363 0.150028103 0.005587598 0.988666011 125.229217774
0.988356956 0.012063204 -0.151673656 -9.870954809 -0.012731866 0.999912667 -0.003438773 -4.820580251 0.151619804 0.005329748 0.988424884 126.193295499
0.988343031 0.011992991 -0.151771689 -9.939004740 -0.012368589 0.999921955 -0.001531353 -4.836206211 0.151742131 0.003390673 0.988414713 126.668412451
0.988189564 0.011709243 -0.152789667 -10.075145647 -0.011356965 0.999929993 0.003177925 -4.865869700 0.152815891 -0.001405224 0.988254017 127.618703828
0.987910171 0.011621330 -0.154592157 -10.225245599 -0.010927884 0.999926343 0.005334181 -4.900340912 0.154642638 -0.003580323 0.987964689 128.570174608
0.987925411 0.011189497 -0.154529503 -10.286813125 -0.010614182 0.999932869 0.004546954 -4.920249109 0.154570718 -0.002851823 0.987977629 129.037416676
0.987569480 0.009460910 -0.156900769 -10.423916516 -0.009480365 0.999954686 0.000623808 -4.964513579 0.156900517 0.000871395 0.987614139 129.973093226
0.987290553 0.009032515 -0.158669297 -10.567325742 -0.009880076 0.999940933 -0.004553887 -5.011329063 0.158618973 0.006063587 0.987321745 130.916397418
0.987166777 0.009293433 -0.159424895 -10.642893616 -0.010544442 0.999920158 -0.007003478 -5.034446561 0.159346963 0.008594680 0.987185291 131.384876723
0.986907768 0.008102802 -0.161082087 -10.786431914 -0.009726492 0.999909902 -0.009293925 -5.076266979 0.160992239 0.010739005 0.986897758 132.328361648
0.986407819 0.007723538 -0.164138128 -10.942849058 -0.009175786 0.999925364 -0.008091378 -5.112849639 0.164063950 0.009487513 0.986403919 133.287475973
0.986285283 0.007833416 -0.164863359 -11.010902345 -0.008964152 0.999940686 -0.006116314 -5.128345727 0.164805704 0.007510290 0.986297798 133.762597625
0.985919524 0.006043091 -0.167116896 -11.163704022 -0.006799556 0.999968943 -0.003955150 -5.161958598 0.167088024 0.005035769 0.985929729 134.685926401
0.985476031 0.003838256 -0.169772362 -11.321328888 -0.004915162 0.999970879 -0.005923784 -5.203651614 0.169744366 0.006672139 0.985466088 135.630769292
0.985216523 0.003306350 -0.171283282 -11.396910703 -0.004756084 0.999956008 -0.008054977 -5.226229645 0.171248789 0.008750476 0.985189056 136.099268116
0.984835743 0.002427941 -0.173474457 -11.555778915 -0.004666340 0.999911463 -0.012496773 -5.271654380 0.173429226 0.013116742 0.984758798 137.029889455
0.984368686 0.001550422 -0.176114467 -11.714746512 -0.004208537 0.999882327 -0.014720870 -5.313232915 0.176071030 0.015231877 0.984259475 137.960649959
0.984222235 0.001431634 -0.176933078 -11.796753681 -0.004222755 0.999872959 -0.015399807 -5.333736528 0.176887788 0.015903915 0.984102743 138.436943783
0.983954025 0.001956832 -0.178411774 -11.955835894 -0.004719595 0.999875230 -0.015062589 -5.370879445 0.178360282 0.015662924 0.983841119 139.367864777
0.983584952 0.002215166 -0.180435310 -12.122691873 -0.004700797 0.999899802 -0.013349695 -5.405613680 0.180387942 0.013978710 0.983496966 140.292506336
0.983277286 0.002055191 -0.182104979 -12.199715288 -0.004588827 0.999898167 -0.013493309 -5.424251009 0.182058881 0.014103294 0.983186315 140.747061214
0.982927750 -0.000274909 -0.183994484 -12.359972954 -0.002915650 0.999849864 -0.017070417 -5.467753049 0.183971964 0.017315359 0.982779662 141.663665591
0.982359529 -0.003625507 -0.186971639 -12.529298328 -0.000227151 0.999787872 -0.020580575 -5.510620060 0.187006424 0.020259932 0.982149990 142.559839828
0.982190546 -0.004372199 -0.187839284 -12.606312966 0.000453921 0.999781055 -0.020898250 -5.529597054 0.187890002 0.020440723 0.981977449 143.014382415
0.981599844 -0.004163134 -0.190904098 -12.780867848 0.000448574 0.999809645 -0.019497356 -5.564819745 0.190949563 0.019052906 0.981415085 143.932639715
0.981058788 -0.004942477 -0.193651351 -12.949039452 0.001367735 0.999826606 -0.018589259 -5.600488462 0.193709980 0.017972242 0.980894443 144.843160932
0.980724851 -0.005048686 -0.195329397 -13.033795329 0.001506249 0.999832116 -0.018280068 -5.618315530 0.195389313 0.017633442 0.980567872 145.291378540
0.980124354 -0.005445056 -0.198313159 -13.204676661 0.002063300 0.999848742 -0.017255690 -5.652816212 0.198377080 0.016503540 0.979987163 146.173768961
0.979416863 -0.005750373 -0.201766670 -13.380536843 0.002387291 0.999854239 -0.016908002 -5.689372991 0.201834246 0.016078240 0.979287349 147.077891459
0.979000254 -0.005700640 -0.203779735 -13.472947222 0.002094226 0.999837356 -0.017908851 -5.709406818 0.203848858 0.017106009 0.978852872 147.519662635
0.977823499 -0.006834407 -0.209319082 -13.665508445 0.002859731 0.999810369 -0.019285683 -5.748354517 0.209411576 0.018259442 0.977657119 148.396878922
0.976730455 -0.007635682 -0.214337176 -13.844038600 0.003487897 0.999799361 -0.019723605 -5.785281741 0.214444896 0.018517074 0.976560192 149.272814957
0.976088034 -0.007775829 -0.217236441 -13.944210095 0.003594047 0.999800403 -0.019638568 -5.803396402 0.217346156 0.018388190 0.975921229 149.708288986
0.974718348 -0.007897539 -0.223298809 -14.144530885 0.003525322 0.999794697 -0.019972476 -5.840484877 0.223410341 0.018680296 0.974545768 150.579205957
0.973192949 -0.006920687 -0.229885673 -14.351159058 0.002024042 0.999766581 -0.021529444 -5.880064424 0.229981394 0.020486990 0.972979768 151.457752738
0.972085048 -0.006354638 -0.234542935 -14.459005191 0.001145776 0.999749504 -0.022338500 -5.899606614 0.234626342 0.021446201 0.971849164 151.886808529
0.970228273 -0.006262054 -0.242112399 -14.681074021 0.000579592 0.999722773 -0.023534689 -5.938504712 0.242192562 0.022693751 0.969962578 152.752646793
0.968148899 -0.006863135 -0.250281674 -14.917267368 0.000999290 0.999722498 -0.023548939 -5.975806858 0.250374190 0.022548737 0.967886314 153.619896159
0.967266363 -0.006756981 -0.253673594 -15.025173648 0.000960611 0.999736125 -0.022966709 -5.993021348 0.253762036 0.021971265 0.967017191 154.049036171
0.965487220 -0.005484801 -0.260396153 -15.256420156 -0.000146098 0.999766976 -0.021600407 -6.027028622 0.260453929 0.020892867 0.965260669 154.894598280
0.963385601 -0.005174399 -0.268069596 -15.493950296 -0.000742595 0.999758051 -0.021966428 -6.064446059 0.268118709 0.021361239 0.963149068 155.747756945
0.962415722 -0.005416998 -0.271527310 -15.614494058 -0.000932341 0.999728932 -0.023249722 -6.085763562 0.271580223 0.022629049 0.962149482 156.192188387
0.960045630 -0.004603606 -0.279807660 -15.864610568 -0.002981357 0.999639921 -0.026676285 -6.129262059 0.279830267 0.026444641 0.959685304 157.060566911
0.957699833 -0.002536614 -0.287759406 -16.135268430 -0.005664258 0.999601580 -0.027663119 -6.169419861 0.287714738 0.028122841 0.957303040 157.938139608
0.956440734 -0.001376805 -0.291924006 -16.271339845 -0.006695987 0.999621982 -0.026652953 -6.186689241 0.291850897 0.027446662 0.956069834 158.369984347
0.953967700 0.000467190 -0.299910783 -16.537171163 -0.007881994 0.999692475 -0.023514268 -6.218896770 0.299807279 0.024795747 0.953677858 159.226038231
0.951608068 0.001684544 -0.307311666 -16.804228014 -0.009268029 0.999687539 -0.023219402 -6.255525336 0.307175989 0.024943925 0.951325653 160.067845622
0.950134868 0.000808624 -0.311840230 -16.949225673 -0.009153946 0.999638466 -0.025298912 -6.277634279 0.311707527 0.026891916 0.949797280 160.479062137
0.947027509 -0.001115720 -0.321150205 -17.230132116 -0.009004262 0.999508384 -0.030024817 -6.323306383 0.321026507 0.031326022 0.946552401 161.321895669
0.943850346 -0.001408211 -0.330371681 -17.532974013 -0.009487837 0.999462691 -0.031366407 -6.363535275 0.330238456 0.032739645 0.943329907 162.159912917
0.941995987 -0.001795984 -0.335620460 -17.683064105 -0.009336096 0.999458483 -0.031552420 -6.383304657 0.335495911 0.032855662 0.941469003 162.593020557
0.939122883 -0.001275380 -0.343582006 -17.993653178 -0.010385385 0.999430974 -0.032096854 -6.422153851 0.343427111 0.033711072 0.938574491 163.424721139
0.936180748 -0.000283297 -0.351519588 -18.297805796 -0.012613268 0.999328751 -0.034397627 -6.463507038 0.351293244 0.036636165 0.935548124 164.248611178
0.934351909 -0.001003140 -0.356350662 -18.458269928 -0.012480696 0.999290400 -0.035537785 -6.483935518 0.356133225 0.037652349 0.933676052 164.647155324
0.931407189 -0.001663458 -0.363976151 -18.777862688 -0.012845035 0.999216893 -0.037436906 -6.524627236 0.363753934 0.039544325 0.930655262 165.458336123
0.928215176 -0.000698038 -0.372044846 -19.111610425 -0.014275243 0.999195347 -0.037490221 -6.562544167 0.371771178 0.040109987 0.927457803 166.270970677
0.926956209 0.000071659 -0.375171430 -19.279850903 -0.015124867 0.999194211 -0.037179067 -6.580464064 0.374866506 0.040137765 0.926209327 166.663239002
