1.000000000 0.000000000 -0.000000000 0.000000000 -0.000000000 1.000000000 0.000000000 0.000000000 -0.000000000 -0.000000000 1.000000000 0.000000000
0.999986829 0.000153571 -0.005029449 -0.005484499 -0.000152105 0.999999330 0.000296044 -0.007300640 0.005029444 -0.000295372 0.999987319 0.431644596
0.999917202 0.000511434 -0.012794539 -0.013913898 -0.000528843 0.999999133 -0.001359902 -0.025610243 0.012794110 0.001366542 0.999917025 1.285166434
0.999794175 0.001303013 -0.020226269 -0.034376829 -0.001410295 0.999985282 -0.005286343 -0.048251440 0.020219308 0.005313848 0.999781604 2.145869031
0.999738767 0.001564075 -0.022790498 -0.037322498 -0.001729125 0.999972386 -0.007223549 -0.059230418 0.022778150 0.007261049 0.999713833 2.567746821
0.999553692 0.001994630 -0.029803518 -0.065114015 -0.002278530 0.999952448 -0.009493796 -0.079017090 0.029783377 0.009557456 0.999510133 3.416362405
0.999343756 0.002987458 -0.036098452 -0.095480737 -0.003301100 0.999956681 -0.008633978 -0.093706128 0.036071336 0.008747461 0.999310696 4.274770741
0.999223956 0.002972813 -0.039269438 -0.120385501 -0.003273051 0.999965347 -0.007582850 -0.100214961 0.039245550 0.007705538 0.999199278 4.701550558
0.998959821 0.003266577 -0.045482636 -0.155614984 -0.003528352 0.999977144 -0.005675477 -0.112879224 0.045463553 0.005830088 0.998948313 5.538157147
0.998650622 0.002580092 -0.051867313 -0.190727402 -0.002916946 0.999975183 -0.006419535 -0.130111223 0.051849463 0.006562161 0.998633014 6.374680238
0.998519646 0.002355754 -0.054328944 -0.213090519 -0.002778486 0.999965990 -0.007705664 -0.140408340 0.054309840 0.007845144 0.998492655 6.791691240
0.998193316 0.000817180 -0.060072294 -0.255340427 -0.001488576 0.999937231 -0.011132713 -0.162242121 0.060060474 0.011202006 0.998132040 7.615991018
0.997860807 0.002427392 -0.065325480 -0.309782430 -0.003302608 0.999905836 -0.013292993 -0.182220560 0.065288256 0.013480337 0.997775437 8.447584651
0.997618400 0.002874441 -0.068905279 -0.339427768 -0.003850307 0.999893958 -0.014032338 -0.191472256 0.068857821 0.014264256 0.997524148 8.852475570
0.997220552 0.002698770 -0.074451000 -0.398764808 -0.003779708 0.999888912 -0.014380958 -0.208166545 0.074404572 0.014622416 0.997121230 9.662290479
0.996698465 0.003918604 -0.081092006 -0.465363576 -0.005124505 0.999879603 -0.014668557 -0.224615016 0.081024820 0.015035738 0.996598032 10.459970688
0.996480914 0.004893632 -0.083670273 -0.495045801 -0.006132722 0.999874859 -0.014558353 -0.232427425 0.083588754 0.015020307 0.996386537 10.864887917
0.996069521 0.004587440 -0.088450508 -0.561655328 -0.005893455 0.999876868 -0.014509471 -0.248456105 0.088373003 0.014973671 0.995974528 11.662575800
0.995319505 0.007298750 -0.096354020 -0.647671545 -0.008710049 0.999860702 -0.014234496 -0.264222715 0.096237310 0.015007135 0.995244665 12.455389221
0.995016970 0.008315281 -0.099357364 -0.687085676 -0.009681324 0.999865028 -0.013274834 -0.270789642 0.099233585 0.014170614 0.994962735 12.857889591
0.994288326 0.008908935 -0.106351048 -0.770732897 -0.010169403 0.999883828 -0.011315599 -0.283607874 0.106237703 0.012332494 0.994264052 13.641057341
0.993613427 0.007744179 -0.112564808 -0.856808543 -0.008871448 0.999915318 -0.009516714 -0.297055634 0.112482600 0.010454592 0.993598719 14.433913151
0.993303292 0.007511334 -0.115289135 -0.903478767 -0.008549994 0.999926777 -0.008517858 -0.303596635 0.115217030 0.009446564 0.993295104 14.824274802
0.992397338 0.007971563 -0.122816228 -0.999250457 -0.008870789 0.999937400 -0.006776072 -0.317198219 0.122755202 0.007813979 0.992406346 15.614688173
0.991448209 0.008470318 -0.130222144 -1.107059285 -0.009315086 0.999939293 -0.005878581 -0.331937522 0.130163939 0.007041393 0.991467367 16.371102795
0.990859564 0.008293164 -0.134638128 -1.160962803 -0.009109760 0.999943327 -0.005450356 -0.339342156 0.134586117 0.006627063 0.990879924 16.749309466
0.989727179 0.008548680 -0.142708184 -1.271194933 -0.009344191 0.999943899 -0.004904616 -0.354910887 0.142659458 0.006187793 0.989752833 17.515408492
0.988632048 0.008219023 -0.150130987 -1.388633460 -0.009142887 0.999942729 -0.005464301 -0.372392732 0.150077968 0.006774772 0.988650835 18.269333354
0.988193455 0.007467221 -0.153025428 -1.442496761 -0.008470595 0.999946947 -0.005905496 -0.381366588 0.152973599 0.007131939 0.988203848 18.647511340
0.987043868 0.006607026 -0.160309966 -1.564781655 -0.007634643 0.999954357 -0.005794843 -0.397463341 0.160264660 0.006943625 0.987049024 19.379622762
0.985798444 0.008510115 -0.167717553 -1.687151338 -0.009285390 0.999949379 -0.003838507 -0.410251732 0.167676831 0.005341319 0.985827404 20.111794661
0.985140516 0.009074255 -0.171510712 -1.755577799 -0.009764846 0.999947527 -0.003183052 -0.417184722 0.171473328 0.004810557 0.985176341 20.465731568
0.984100952 0.011215901 -0.177254092 -1.889897251 -0.012366894 0.999909299 -0.005389809 -0.437573088 0.177178048 0.007496226 0.984149669 21.205024480
0.982620756 0.013315427 -0.185144104 -2.033692192 -0.015937642 0.999792391 -0.012681856 -0.466721015 0.184937017 0.015412162 0.982629614 21.941717641
0.982042578 0.013441090 -0.188176379 -2.111604134 -0.016905916 0.999715246 -0.016819803 -0.482023758 0.187897149 0.019699084 0.981990543 22.293061924
0.980971350 0.014423049 -0.193612722 -2.248363557 -0.018174245 0.999679346 -0.017612070 -0.499537930 0.193297028 0.020795713 0.980919289 23.000869050
0.979941751 0.014654323 -0.198743806 -2.392502798 -0.018096820 0.999715739 -0.015515261 -0.512198569 0.198460409 0.018800679 0.979928170 23.696625706
0.979289446 0.015225639 -0.201891825 -2.463404048 -0.018430613 0.999732329 -0.014004259 -0.517951983 0.201624905 0.017435278 0.979307865 24.060283742
0.978283032 0.014427739 -0.206766903 -2.600213955 -0.017321434 0.999775119 -0.012191558 -0.530443186 0.206544751 0.015508307 0.978314285 24.726944796
0.977154596 0.011080565 -0.212238924 -2.751489149 -0.014106010 0.999819491 -0.012745853 -0.547765575 0.212059568 0.015448568 0.977134735 25.410477043
0.976593735 0.009454207 -0.214880802 -2.817433391 -0.012538165 0.999837031 -0.012993237 -0.556167997 0.214723078 0.015383325 0.976553900 25.754687522
0.975483783 0.010086049 -0.219838998 -2.968827444 -0.012805124 0.999857758 -0.010946703 -0.568852684 0.219697861 0.013493384 0.975474027 26.438304546
0.974240084 0.014313880 -0.225057666 -3.132436389 -0.016344942 0.999840859 -0.007163708 -0.578792472 0.224919705 0.010657770 0.974318976 27.129231686
0.973720748 0.015795803 -0.227195416 -3.217822159 -0.017693244 0.999823705 -0.006317079 -0.585573499 0.227055963 0.010170976 0.973828034 27.468592552
0.972581684 0.015678088 -0.232030689 -3.364121133 -0.018325089 0.999789326 -0.009256728 -0.606294525 0.231836996 0.013254950 0.972664042 28.132663539
0.971269344 0.013372261 -0.237605896 -3.527195492 -0.017723212 0.999712242 -0.016184930 -0.634040032 0.237321338 0.019931100 0.971226677 28.782027300
0.970710742 0.012270146 -0.239935769 -3.609989920 -0.017278638 0.999674293 -0.018781834 -0.646548382 0.239627561 0.022377529 0.970606396 29.111583905
0.969440882 0.013276897 -0.244963883 -3.770915837 -0.018527956 0.999644908 -0.019144083 -0.662739774 0.244623003 0.023097756 0.969343141 29.751459307
0.968436424 0.016755763 -0.248695919 -3.939246164 -0.021443670 0.999639791 -0.016152629 -0.673118108 0.248336025 0.020975766 0.968446495 30.379301780
0.968032725 0.019311291 -0.250076982 -4.019824779 -0.023488502 0.999629339 -0.013729640 -0.676701040 0.249719580 0.019164677 0.968128113 30.699321974
0.967098816 0.021587315 -0.253482624 -4.188190968 -0.024901928 0.999640992 -0.009874549 -0.685680068 0.253178801 0.015861874 0.967289528 31.327190026
0.966226742 0.021676925 -0.256780031 -4.351570178 -0.024676113 0.999659933 -0.008462952 -0.698477524 0.256509695 0.014513478 0.966432189 31.935589144
0.965873557 0.021886797 -0.258085535 -4.429613037 -0.024840052 0.999657862 -0.008187450 -0.705618853 0.257818332 0.014318975 0.966086932 32.245844725
0.965025482 0.020390538 -0.261361681 -4.590539744 -0.023029020 0.999710151 -0.007035972 -0.718726316 0.261142783 0.012808848 0.965215099 32.844538610
0.964410729 0.021497263 -0.263530356 -4.756360699 -0.023807849 0.999700618 -0.005577296 -0.731633557 0.263331834 0.011652849 0.964634557 33.462635288
0.963962180 0.022750332 -0.265062749 -4.836876555 -0.024846447 0.999681017 -0.004557465 -0.737665276 0.264874896 0.010979094 0.964219698 33.782610719
0.962999627 0.024024118 -0.268430012 -5.012416096 -0.025659001 0.999666939 -0.002583463 -0.749846778 0.268278966 0.009375479 0.963295777 34.398281037
0.962399558 0.024020214 -0.270571728 -5.185503134 -0.025192291 0.999682495 -0.000859262 -0.762338286 0.270465479 0.007643301 0.962698668 35.004246121
0.962001882 0.023119137 -0.272061999 -5.263553934 -0.024125728 0.999708913 -0.000354930 -0.769169769 0.271974885 0.006905113 0.962279594 35.314507366
0.960857764 0.022601379 -0.276117247 -5.431761324 -0.023144417 0.999730748 0.001292238 -0.781291781 0.276072525 0.005148956 0.961122986 35.901080072
0.960370842 0.022041352 -0.277851980 -5.602366655 -0.022350568 0.999748080 0.002054951 -0.795232732 0.277827827 0.004236604 0.960620967 36.497319095
0.960042880 0.021264284 -0.279043410 -5.687647163 -0.021577462 0.999764775 0.001949475 -0.803067779 0.279019616 0.004149467 0.960276415 36.795422802
0.959456912 0.020639354 -0.281095893 -5.848439385 -0.021502793 0.999768372 0.000012749 -0.821422641 0.281031445 0.006032052 0.959679306 37.394020765
0.958926963 0.019735327 -0.282964957 -6.023625702 -0.021942946 0.999748778 -0.004634093 -0.844333369 0.282802555 0.010652890 0.959119079 37.968257061
0.958644809 0.018954385 -0.283971561 -6.106393509 -0.021676146 0.999744059 -0.006444842 -0.854827259 0.283777053 0.012333786 0.958810823 38.256612598
0.958567188 0.019703988 -0.284181666 -6.267125553 -0.023053107 0.999697988 -0.008444898 -0.872477013 0.283929772 0.014646252 0.958733281 38.813985558
0.958033026 0.020082528 -0.285951731 -6.440051998 -0.023659737 0.999679078 -0.009059813 -0.888181472 0.285678275 0.015445154 0.958200690 39.378654019
0.957775170 0.019774451 -0.286837254 -6.520490514 -0.023148557 0.999696499 -0.008376137 -0.894177750 0.286585094 0.014662287 0.957942275 39.657392205
0.957148053 0.018917828 -0.288979735 -6.679014943 -0.021283249 0.999760883 -0.005044833 -0.902582246 0.288815476 0.010979082 0.957321794 40.205234602
0.956826055 0.017074541 -0.290157955 -6.849581871 -0.018978631 0.999813130 -0.003749261 -0.914968509 0.290040031 0.009094211 0.956970855 40.760264152
0.956561888 0.017254849 -0.291017680 -6.927590937 -0.018913351 0.999816891 -0.002886746 -0.920375240 0.290914950 0.008265508 0.956713035 41.029313550
0.956482538 0.021284729 -0.291011670 -7.093429351 -0.021764920 0.999762129 0.001587434 -0.926494929 0.290976519 0.004815490 0.956717905 41.565058520
0.956461001 0.016288746 -0.291403447 -7.239806257 -0.015580323 0.999867274 0.004751833 -0.935015627 0.291442427 -0.000004746 0.956588279 42.105638852
0.956355940 0.011678770 -0.291969482 -7.305526143 -0.011530153 0.999930582 0.002229671 -0.946065821 0.291975756 0.001234025 0.956424812 42.367325148
0.955997562 0.009863033 -0.293206589 -7.463157362 -0.014461091 0.999803964 -0.013518098 -0.986269103 0.293016016 0.017163369 0.955953273 42.873348373
0.955753318 0.009296524 -0.294020903 -7.613320665 -0.019906274 0.999253598 -0.033112947 -1.031710270 0.293493893 0.037500750 0.955224774 43.350177150
0.955705901 0.008558176 -0.294198150 -7.695819011 -0.021237577 0.998976317 -0.039930202 -1.049665006 0.293555700 0.044409551 0.954909521 43.597158412
0.955840655 0.011920007 -0.293642623 -7.848971986 -0.026881221 0.998534152 -0.046967536 -1.073836552 0.292652746 0.052786958 0.954760747 44.084075563
0.955169022 0.009323937 -0.295913048 -7.992939443 -0.022668123 0.998873056 -0.041696033 -1.077934144 0.295191350 0.046534572 0.954303556 44.573799292
0.954816963 0.008044416 -0.297083238 -8.066380607 -0.018828795 0.999262825 -0.033457157 -1.070807406 0.296595438 0.037539228 0.954264528 44.823678667
0.954185515 0.012872392 -0.298938151 -8.206184896 -0.017238475 0.999779742 -0.011972968 -1.046579354 0.298718604 0.016577653 0.954197191 45.294521054
0.954331153 0.018003018 -0.298207961 -8.352832859 -0.018931912 0.999820977 -0.000226382 -1.038417402 0.298151020 0.005861773 0.954500064 45.752930561
0.954431600 0.017681829 -0.297903081 -8.421008855 -0.018877944 0.999821249 -0.001138167 -1.045963715 0.297829817 0.006710119 0.954595457 45.983142581
0.954218697 0.017512246 -0.298596151 -8.561791979 -0.022071565 0.999685492 -0.011903534 -1.075873219 0.298294302 0.017949088 0.954304521 46.421457011
0.954361855 0.017105666 -0.298162674 -8.705010188 -0.025042813 0.999425556 -0.022819944 -1.106152381 0.297601671 0.029245327 0.954241614 46.869464250
0.954417314 0.015866569 -0.298052652 -8.770667847 -0.024601775 0.999370113 -0.025578504 -1.116577427 0.297459431 0.031745202 0.954206235 47.089924081
0.954148880 0.014276624 -0.298990634 -8.904623178 -0.023244871 0.999379139 -0.026459967 -1.129801139 0.298427718 0.032196757 0.953888706 47.540682719
0.953214388 0.013572238 -0.301990194 -9.043621863 -0.021250026 0.999528368 -0.022152804 -1.133953567 0.301547670 0.027533668 0.953053068 47.969768420
0.952845898 0.013041715 -0.303172918 -9.107080105 -0.019854617 0.999614158 -0.019400392 -1.134813513 0.302803341 0.024504964 0.952738050 48.180703535
0.952385365 0.012593354 -0.304634581 -9.233866202 -0.018639308 0.999682808 -0.016946277 -1.141620885 0.304324648 0.021817576 0.952318682 48.602480764
0.952033976 0.014408479 -0.305652919 -9.370235889 -0.020636247 0.999639284 -0.017153710 -1.152969907 0.305296105 0.022638437 0.951988327 49.021735346
0.951825872 0.014851352 -0.306279392 -9.436055697 -0.020816590 0.999651711 -0.016218955 -1.157068088 0.305932227 0.021813306 0.951803336 49.242310831
0.951330707 0.015791877 -0.307766568 -9.572573189 -0.020794550 0.999699806 -0.012981419 -1.162649968 0.307469470 0.018749490 0.951373199 49.661670836
0.950779616 0.016093080 -0.309449328 -9.706630748 -0.020250617 0.999742950 -0.010227389 -1.168831711 0.309205548 0.015990617 0.950860256 50.071320309
0.950382854 0.015351172 -0.310703719 -9.767560918 -0.019274785 0.999768668 -0.009561644 -1.172950203 0.310485611 0.015076048 0.950458084 50.272496291
0.949670697 0.013989496 -0.312937421 -9.899039686 -0.018018145 0.999787973 -0.009985101 -1.184369511 0.312731746 0.015121152 0.949720789 50.672350455
0.948836921 0.016091460 -0.315355636 -10.025713605 -0.019911202 0.999762161 -0.008894480 -1.192500770 0.315137898 0.014718507 0.948931204 51.052865592
0.948366808 0.017537880 -0.316690218 -10.096423584 -0.020613674 0.999767584 -0.006364173 -1.193504706 0.316505201 0.012563756 0.948507519 51.251658881
0.947524611 0.020439755 -0.319027052 -10.235497088 -0.021300541 0.999773006 0.000790941 -1.191684635 0.318971034 0.006046018 0.947744981 51.639615867
0.946565818 0.025811583 -0.321475392 -10.362490438 -0.024200892 0.999666637 0.009006297 -1.187352069 0.321601182 -0.000745053 0.946874375 52.020358842
0.946058797 0.026847264 -0.322879840 -10.430832702 -0.023891939 0.999628263 0.013113665 -1.185357651 0.323112419 -0.004692039 0.946348340 52.209507374
0.945569529 0.022822506 -0.324618442 -10.548130777 -0.016708936 0.999626654 0.021608641 -1.180841275 0.324990760 -0.015008436 0.945598172 52.592693336
0.944668191 0.024565260 -0.327106331 -10.687097718 -0.016897151 0.999512348 0.026263844 -1.183179144 0.327592364 -0.019283426 0.944622372 52.980574315
0.944128176 0.026474495 -0.328511446 -10.757681922 -0.019015959 0.999483497 0.025896702 -1.189090648 0.329027745 -0.018202828 0.944144375 53.179277894
0.943101082 0.028206110 -0.331306648 -10.896201352 -0.022682773 0.999531699 0.020526982 -1.208889865 0.331730890 -0.011844112 0.943299305 53.566839682
0.942084173 0.028661158 -0.334147718 -11.027227249 -0.026461968 0.999588051 0.011132789 -1.234926473 0.334329332 -0.001645848 0.942454587 53.925188751
0.941549230 0.029756850 -0.335558666 -11.104858775 -0.029440727 0.999548266 0.006030338 -1.248958015 0.335587122 0.004201301 0.941999346 54.111604703
0.940671187 0.030108395 -0.337980222 -11.231051133 -0.032887621 0.999455961 -0.002498287 -1.272826018 0.337721446 0.013465491 0.941149516 54.450594281
0.940114888 0.021841582 -0.340154803 -11.337867285 -0.026968982 0.999582851 -0.010352685 -1.295766679 0.339787040 0.018906380 0.940312461 54.794480064
0.939455233 0.018877341 -0.342150255 -11.400979986 -0.025237509 0.999580769 -0.014146235 -1.307056000 0.341740231 0.021924799 0.939538351 54.963986638
0.938013024 0.013263786 -0.346346038 -11.529713223 -0.021590936 0.999562806 -0.020195322 -1.327165704 0.345926580 0.026421409 0.937888958 55.312744484
0.937376695 0.013167214 -0.348068486 -11.663502110 -0.021804844 0.999543277 -0.020910016 -1.337724363 0.347634342 0.027190116 0.937235915 55.639838163
0.937171364 0.016202598 -0.348492199 -11.729300165 -0.024427220 0.999517185 -0.019218994 -1.339618179 0.348012951 0.026524214 0.937114431 55.819216053
0.936392525 0.020718729 -0.350340925 -11.865748533 -0.027728280 0.999502315 -0.015002795 -1.341790832 0.349856084 0.023762913 0.936502038 56.156162594
0.936215010 0.023701425 -0.350627153 -11.985010142 -0.030847109 0.999413937 -0.014807724 -1.349937106 0.350071603 0.024679056 0.936397741 56.466340866
0.936588415 0.024051763 -0.349602899 -12.036118001 -0.031536847 0.999379133 -0.015732865 -1.355775387 0.349007691 0.025760626 0.936765530 56.628687144
0.937775431 0.022180149 -0.346533458 -12.145626186 -0.029771549 0.999418990 -0.016598041 -1.366006728 0.345963669 0.025882075 0.937890540 56.941266927
0.938989236 0.019969520 -0.343365116 -12.247853943 -0.027841390 0.999449608 -0.018010640 -1.377213523 0.342815970 0.026471553 0.939028952 57.265968071
0.939667470 0.018908722 -0.341564735 -12.306214052 -0.027002200 0.999455140 -0.018955782 -1.383175804 0.341020749 0.027035148 0.939666744 57.416172890
0.941737474 0.017093240 -0.335913434 -12.393872265 -0.025379285 0.999471685 -0.020291893 -1.393619398 0.335389564 0.027634863 0.941673920 57.723928480
0.944743225 0.017988795 -0.327316468 -12.493705923 -0.026207558 0.999442213 -0.020715723 -1.402857330 0.326761546 0.028149239 0.944686900 58.038966048
0.946395319 0.017343568 -0.322542207 -12.530268317 -0.025443650 0.999457428 -0.020913920 -1.406992875 0.322004818 0.027999538 0.946323190 58.184383946
0.950089738 0.016012748 -0.311565360 -12.605852012 -0.023668290 0.999503043 -0.020805326 -1.414704083 0.311077868 0.027141167 0.949996371 58.484929543
0.954745137 0.016555730 -0.296963572 -12.688792962 -0.023466948 0.999529488 -0.019722691 -1.421495265 0.296497863 0.025798961 0.954684761 58.814590658
0.962627353 0.011995733 -0.270561165 -12.767024532 -0.018012151 0.999642439 -0.019764819 -1.433486023 0.270227391 0.023899565 0.962499982 59.289709159
0.967892944 0.014471911 -0.250945615 -12.815966194 -0.020010813 0.999608314 -0.019534559 -1.440675627 0.250565301 0.023929021 0.967803246 59.607282736
0.970461468 0.014744345 -0.240801786 -12.835605141 -0.019903992 0.999620889 -0.019008472 -1.443563828 0.240430435 0.023239908 0.970388139 59.767302255
0.975655744 0.016499585 -0.218685313 -12.877303519 -0.021023997 0.999609846 -0.018378157 -1.450279605 0.218297278 0.022528428 0.975621698 60.097023686
0.980600297 0.020996816 -0.194887636 -12.901999830 -0.024908820 0.999533815 -0.017643793 -1.455762574 0.194426536 0.022155935 0.980666960 60.400108581
0.982926851 0.022478144 -0.182617226 -12.907086139 -0.025956343 0.999523435 -0.016678241 -1.457227901 0.182155709 0.021133563 0.983042558 60.543194603
0.987636372 0.020745318 -0.155378510 -12.902677154 -0.023523421 0.999594591 -0.016062002 -1.462919064 0.154982545 0.019518505 0.987723968 60.853594571
0.991895418 0.020143886 -0.125450660 -12.903138851 -0.022269652 0.999630695 -0.015565095 -1.469329550 0.125090805 0.018232724 0.991977189 61.183380523
0.993808489 0.019224324 -0.109427718 -12.893677882 -0.021010139 0.999663460 -0.015190009 -1.472216050 0.109099040 0.017395048 0.993878191 61.350718952
0.997086436 0.016928790 -0.074366375 -12.852900080 -0.018091322 0.999723928 -0.014985545 -1.478431191 0.074092270 0.016287285 0.997118282 61.680567414
0.999167021 0.018297922 -0.036461222 -12.807335341 -0.018823531 0.999723198 -0.014124051 -1.483712573 0.036192839 0.014798644 0.999235332 62.032271703
0.999668052 0.019549290 -0.016763172 -12.776044125 -0.019781172 0.999708905 -0.013778753 -1.486041708 0.016489477 0.014105819 0.999763933 62.194800007
0.999475446 0.021071510 0.024562641 -12.696510836 -0.020757377 0.999699945 -0.012977696 -1.490522106 -0.024828297 0.012461051 0.999613521 62.534438685
0.997475192 0.021347568 0.067720567 -12.609659464 -0.020481512 0.999699788 -0.013456704 -1.497447231 -0.067987981 0.012035697 0.997612768 62.886171867
0.995713004 0.021501575 0.089959177 -12.561388190 -0.020356310 0.999700140 -0.013629388 -1.500737928 -0.090224465 0.011739738 0.995851655 63.063261412
0.990764522 0.021193628 0.133926272 -12.443048182 -0.019597100 0.999720253 -0.013228092 -1.505482592 -0.134168367 0.010481373 0.990902442 63.412653765
0.984050649 0.019551361 0.176808588 -12.302928391 -0.017768876 0.999774475 -0.011660024 -1.507700866 -0.176996097 0.008332417 0.984176529 63.757271987
0.980103144 0.018217846 0.197647881 -12.230416887 -0.016333346 0.999803695 -0.011160718 -1.509085028 -0.197812765 0.007710391 0.980209061 63.919876504
0.970722376 0.015100222 0.239726590 -12.080552125 -0.012920926 0.999859265 -0.010660080 -1.513058532 -0.239853841 0.007250497 0.970781250 64.266902266
0.959687465 0.013054862 0.280765518 -11.908867874 -0.010675258 0.999892721 -0.010003368 -1.516054879 -0.280865870 0.006602812 0.959723970 64.609125578
0.953679287 0.011001873 0.300623653 -11.816982725 -0.008662475 0.999920563 -0.009113675 -1.516411748 -0.300700237 0.006087363 0.953698895 64.776628126
0.940941522 0.011333514 0.338379084 -11.640461861 -0.009278106 0.999927416 -0.007691417 -1.517359431 -0.338441385 0.004097647 0.940978623 65.099489754
0.926493226 0.012659537 0.376096681 -11.451814991 -0.011172688 0.999918181 -0.006134291 -1.517583733 -0.376144121 0.001481317 0.926559578 65.415104665
0.918693312 0.012653482 0.394767905 -11.347810241 -0.011616363 0.999919660 -0.005017312 -1.516967344 -0.394799332 0.000023645 0.918766646 65.575365065
0.902047550 0.012716572 0.431448381 -11.122882929 -0.013121620 0.999911556 -0.002037722 -1.514267331 -0.431436077 -0.003823118 0.902135376 65.910491504
0.884841427 0.008357305 0.465816055 -10.876052365 -0.009120309 0.999957723 -0.000616028 -1.513858542 -0.465801217 -0.003703333 0.884881834 66.240755747
0.875915206 0.006222260 0.482425020 -10.750188421 -0.007019896 0.999974820 -0.000151968 -1.513814228 -0.482413822 -0.003253423 0.875937283 66.396185375
0.857658461 0.003751621 0.514204929 -10.498459253 -0.004760850 0.999987928 0.000644789 -1.513775576 -0.514196187 -0.003001062 0.857666756 66.707043719
0.838272552 0.003083350 0.545242260 -10.224853472 -0.003854253 0.999992519 0.000270576 -1.514988663 -0.545236699 -0.002328298 0.838278001 67.013058867
0.828328440 0.003260474 0.560233043 -10.079554405 -0.003660847 0.999992827 -0.000407186 -1.516315869 -0.560229861 -0.001713666 0.828335066 67.173342677
0.808703452 0.003811782 0.588204224 -9.786508890 -0.003233286 0.999992318 -0.002035006 -1.519080386 -0.588206772 -0.000256118 0.808709382 67.484208718
0.789128356 0.001901288 0.614224711 -9.483874918 -0.001468757 0.999997761 -0.001208470 -1.517493158 -0.614225789 0.000051531 0.789129262 67.797593935
0.779751920 -0.001024488 0.626086929 -9.326531816 0.001186268 0.999999448 0.000158807 -1.514898566 -0.626086023 0.000618940 0.779752739 67.950689496
0.761615313 -0.003991572 0.648016703 -9.009337265 0.004277169 0.999989867 0.001132664 -1.512198311 -0.648014805 0.001909033 0.761624931 68.247135552
0.744592378 -0.005439401 0.667496454 -8.682372640 0.007059658 0.999975278 0.000273709 -1.512232799 -0.667481370 0.004508476 0.744612774 68.545971244
0.735982230 -0.006641386 0.676968016 -8.512827452 0.009086814 0.999958534 -0.000068892 -1.511883354 -0.676939587 0.006202207 0.736011964 68.691765824
0.719697137 -0.008079137 0.694240825 -8.166532985 0.010888739 0.999940480 0.000348555 -1.509181397 -0.694201542 0.007308614 0.719742911 68.995530790
0.705501039 -0.009140480 0.708649561 -7.817786014 0.012636138 0.999920301 0.000317432 -1.506789447 -0.708594985 0.008730676 0.705560320 69.289590524
0.698984007 -0.010197105 0.715063487 -7.640999079 0.014395527 0.999896052 0.000187052 -1.505906206 -0.714990888 0.010163004 0.699059013 69.447534054
0.686939274 -0.013758850 0.726583628 -7.272912277 0.018729204 0.999824213 0.001225712 -1.501167617 -0.726471967 0.012766372 0.687076775 69.746515937
0.676199348 -0.016594638 0.736531290 -6.909775310 0.020342857 0.999785610 0.003849458 -1.494059881 -0.736436870 0.012380130 0.676392667 70.064940260
0.671583554 -0.017938808 0.740710705 -6.711211153 0.021440996 0.999758749 0.004772466 -1.490550300 -0.740617499 0.012676484 0.671806108 70.218111485
0.663379914 -0.019773315 0.748020844 -6.318902033 0.023880144 0.999700579 0.005248194 -1.486259467 -0.747900410 0.014381304 0.663654564 70.543803195
0.656148250 -0.020049120 0.754365865 -5.916918642 0.023500014 0.999704857 0.006129285 -1.480965229 -0.754265934 0.013705876 0.656425519 70.871952874
0.651823301 -0.021274009 0.758072265 -5.711111200 0.024101621 0.999682369 0.007330770 -1.476981823 -0.757987555 0.013492401 0.652129140 71.037271953
0.642834283 -0.024460080 0.765613900 -5.280118830 0.026098941 0.999608866 0.010022249 -1.468137642 -0.765559371 0.013539073 0.643222133 71.372805403
0.634945020 -0.026247602 0.772111075 -4.849112627 0.026324446 0.999577137 0.012332309 -1.459833195 -0.772108318 0.012495036 0.635368404 71.708328987
0.631413010 -0.027673188 0.774952153 -4.633637575 0.026482097 0.999549792 0.014116403 -1.454586513 -0.774993742 0.011609078 0.631862071 71.876110786
0.625528500 -0.027822237 0.779704341 -4.183121451 0.027528629 0.999529118 0.013580949 -1.450572138 -0.779714436 0.012968938 0.626000346 72.216435200
0.620757969 -0.026781900 0.783544634 -3.725354357 0.026570712 0.999561097 0.013114939 -1.446383788 -0.783551616 0.012678129 0.621197195 72.568901988
0.617384837 -0.026179417 0.786225074 -3.490385777 0.026476312 0.999570763 0.012492761 -1.444787497 -0.786215591 0.013103486 0.617812722 72.741496310
0.611317761 -0.023507592 0.791036266 -3.022826066 0.025728666 0.999620502 0.009822933 -1.444213456 -0.790966742 0.014347367 0.611690273 73.096336655
0.604849627 -0.018029468 0.796135137 -2.552763645 0.022369068 0.999734034 0.005645671 -1.445908450 -0.796024651 0.014394027 0.605092342 73.441435955
0.602420118 -0.015753077 0.798023901 -2.320189933 0.020895403 0.999773297 0.003961920 -1.446251038 -0.797905732 0.014288275 0.602612965 73.623694401
0.599222153 -0.014190429 0.800456425 -1.840669183 0.016864330 0.999844622 0.005100505 -1.438516804 -0.800404323 0.010442758 0.599369549 73.971405693
0.596768788 -0.016252703 0.802248026 -1.344300298 0.015638392 0.999840384 0.008622713 -1.426596683 -0.802260523 0.007400146 0.596927412 74.333772323
0.595784592 -0.016805984 0.802967414 -1.092421592 0.016256706 0.999828402 0.008864088 -1.423233305 -0.802978576 0.007772495 0.595956006 74.520977766
0.594072335 -0.013846769 0.804292639 -0.595769906 0.015418204 0.999863892 0.005825445 -1.422347716 -0.804263358 0.008940014 0.594204934 74.883142685
0.593401868 -0.007532434 0.804869969 -0.091761714 0.012193274 0.999925693 0.000368138 -1.425406112 -0.804812906 0.009595578 0.593449874 75.257374701
0.593174825 -0.002701368 0.805069188 0.160295280 0.009495555 0.999948641 -0.003641096 -1.428999287 -0.805017164 0.009804410 0.593169805 75.444452979
0.592851913 0.006586740 0.805283889 0.674116326 0.005164700 0.999914914 -0.011981083 -1.436461600 -0.805294167 0.011262166 0.592767983 75.821044118
0.592766538 0.011213782 0.805296393 1.185262264 0.001197699 0.999889229 -0.014805097 -1.434928210 -0.805373500 0.009740537 0.592687894 76.207499264
0.593166068 0.012203149 0.804987164 1.437168892 0.000211279 0.999882470 -0.015313284 -1.432654292 -0.805079771 0.009253375 0.593093677 76.394684792
0.593164590 0.014441710 0.804951434 1.960493606 0.001548690 0.999816299 -0.019079071 -1.432456500 -0.805079049 0.012563644 0.593033868 76.773855583
0.592419611 0.017855513 0.805430899 2.500798634 0.001888972 0.999720521 -0.023552147 -1.433230264 -0.805626228 0.015474193 0.592220768 77.167587434
0.592511117 0.019309768 0.805330734 2.772157291 0.002081488 0.999672783 -0.025501011 -1.432987539 -0.805559258 0.016785941 0.592277350 77.359615085
0.592595623 0.024148061 0.805137621 3.300318638 -0.000153547 0.999554244 -0.029866179 -1.433795027 -0.805499406 0.017575030 0.592335388 77.760606259
0.591931260 0.027341917 0.805523905 3.840542720 -0.001924858 0.999469852 -0.032510534 -1.431410357 -0.805985690 0.017693515 0.591669905 78.154395845
0.591999163 0.027998675 0.805451593 4.102148721 -0.002230797 0.999449721 -0.033102689 -1.429112550 -0.805934919 0.017799921 0.591736094 78.344021437
0.591898996 0.028624914 0.805503456 4.661706487 -0.001572468 0.999408515 -0.034360192 -1.424141360 -0.806009847 0.019071186 0.591594273 78.742737558
0.591900874 0.027596636 0.805537581 5.218760773 -0.000280770 0.999420714 -0.034032550 -1.416871149 -0.806010442 0.019917745 0.591566605 79.151195270
0.591899633 0.026829564 0.805564595 5.506965260 0.000232271 0.999439745 -0.033457305 -1.412352580 -0.806011477 0.019990474 0.591562868 79.357879903
0.591150738 0.025436985 0.806159314 6.076104054 0.000583491 0.999488494 -0.031965123 -1.402739789 -0.806560402 0.019366659 0.590834453 79.759120498
0.591431374 0.025018713 0.805966359 6.642831586 0.000220236 0.999513372 -0.031188432 -1.394426194 -0.806354400 0.018623408 0.591138283 80.170036910
0.591529493 0.024940557 0.805897156 6.940750561 0.000239351 0.999515901 -0.031108294 -1.390473445 -0.806282835 0.018594427 0.591238380 80.379150826
0.591461719 0.024428361 0.805962471 7.524448417 0.000625516 0.999526966 -0.030754235 -1.382741600 -0.806332621 0.018694034 0.591166607 80.804635423
0.591887774 0.024366661 0.805651134 8.091211299 0.000790985 0.999525090 -0.030811540 -1.375807321 -0.806019211 0.018874339 0.591588165 81.215526622
0.592111142 0.024523034 0.805482653 8.369749969 0.000715680 0.999520511 -0.030956588 -1.372621993 -0.805855562 0.018906232 0.591810379 81.419747256
0.592206107 0.024296317 0.805419769 8.953451154 0.000753848 0.999527804 -0.030706059 -1.365020083 -0.805785350 0.018791424 0.591908027 81.845229478
0.593213244 0.023430387 0.804703887 9.520224283 0.002545518 0.999516757 -0.030979275 -1.358485607 -0.805040102 0.020425756 0.592868182 82.256113368
0.593947279 0.023096515 0.804171293 9.806012897 0.003069157 0.999515179 -0.030973793 -1.355086323 -0.804497007 0.020864963 0.593589429 82.472477107
0.594718431 0.022544994 0.803617623 10.392134567 0.003079108 0.999535614 -0.030320069 -1.346545040 -0.803927366 0.020506317 0.594372975 82.888276934
0.596867211 0.023802025 0.801986917 10.983121047 0.001627189 0.999521924 -0.030875667 -1.340108492 -0.802337755 0.019733675 0.596543172 83.325877046
0.598022646 0.025006965 0.801088342 11.278643105 0.000877003 0.999492428 -0.031855166 -1.338014661 -0.801477783 0.019752662 0.597697774 83.544656547
0.600533574 0.026820889 0.799149530 11.867229850 -0.000261558 0.999443700 -0.033346509 -1.333327086 -0.799599556 0.019816655 0.600206735 83.991924254
0.602702999 0.026123447 0.797536945 12.448463675 -0.000343197 0.999472266 -0.032478570 -1.324835457 -0.797964684 0.019301264 0.602395027 84.427122306
0.603245391 0.025963982 0.797133118 12.743913496 -0.001128181 0.999496867 -0.031701548 -1.319923023 -0.797554749 0.018224448 0.602970732 84.645953331
0.604249373 0.026056317 0.796368299 13.334808270 -0.003480657 0.999541974 -0.030063101 -1.309908248 -0.796786925 0.015393762 0.604063833 85.083618853
0.605914462 0.026878136 0.795074855 13.913644922 -0.004703740 0.999532219 -0.030205252 -1.303265542 -0.795515471 0.014561968 0.605757659 85.528482673
0.606697091 0.027655200 0.794451040 14.209166467 -0.004793561 0.999503647 -0.031132599 -1.301151721 -0.794917562 0.015079850 0.606529853 85.747262540
0.608572348 0.028901924 0.792971279 14.797743735 -0.005301548 0.999462087 -0.032359355 -1.296094329 -0.793479644 0.015489029 0.608398578 86.194537007
0.610807957 0.028940561 0.791249694 15.376577312 -0.005368520 0.999459970 -0.032411818 -1.289331683 -0.791760719 0.015549544 0.610633653 86.639403020
0.611666904 0.028864233 0.790588208 15.662378222 -0.004890159 0.999453233 -0.032706561 -1.286412162 -0.791099655 0.016139452 0.611473901 86.855757989
0.612350174 0.029418290 0.790038606 16.233970821 -0.005339681 0.999438306 -0.033076913 -1.280213298 -0.790568635 0.016036147 0.612163012 87.288474503
0.612845560 0.031029857 0.789592927 16.788627933 -0.006969748 0.999401915 -0.033865452 -1.274792010 -0.790171820 0.015251011 0.612695669 87.706597984
0.613594314 0.032271883 0.788960788 17.055059041 -0.007963153 0.999366296 -0.034685276 -1.273049707 -0.789581049 0.015000169 0.613463271 87.918052180
0.615300090 0.034982239 0.787515438 17.600017035 -0.011380496 0.999304434 -0.035498340 -1.267662303 -0.788210246 0.012879856 0.615271459 88.333735416
0.616081008 0.038132861 0.786759066 18.142525855 -0.015780001 0.999224201 -0.036073950 -1.262094828 -0.787524385 0.009809396 0.616204670 88.759121509
0.616461455 0.039208920 0.786408516 18.408914697 -0.017730521 0.999197167 -0.035919406 -1.258703342 -0.787185031 0.008199464 0.616661831 88.970605852
0.616539015 0.035587544 0.786519480 18.917340701 -0.017000891 0.999346359 -0.031890514 -1.246425115 -0.787140263 0.006290200 0.616740879 89.366956979
0.616025054 0.026609164 0.787276315 19.440215854 -0.011575526 0.999626610 -0.024728840 -1.228686015 -0.787640787 0.006120438 0.616103685 89.746448425
0.616105094 0.021808132 0.787362346 19.691947780 -0.008656774 0.999743589 -0.020916740 -1.219595475 -0.787616563 0.006070940 0.616136034 89.933758561
0.615119013 0.010452500 0.788364705 20.207607570 0.001796627 0.999891068 -0.014658928 -1.203419661 -0.788431254 0.010433470 0.615033868 90.301082236
0.613108044 0.002378479 0.789995014 20.711128034 0.007036063 0.999939444 -0.008471237 -1.187447486 -0.789966818 0.010752261 0.613054402 90.675662130
0.612180339 0.000173162 0.790717373 20.962812315 0.004567059 0.999982449 -0.003754814 -1.176497867 -0.790704710 0.005909841 0.612168606 90.863006249
0.611730766 -0.006960380 0.791034657 21.446764708 0.003256959 0.999974809 0.006280041 -1.153966744 -0.791058525 -0.001265305 0.611738417 91.232826787
0.611548692 -0.016553790 0.791033313 21.933163202 0.006190210 0.999850737 0.016137997 -1.131495751 -0.791182382 -0.004972556 0.611559966 91.592946659
0.611696459 -0.017470176 0.790899515 22.177819629 0.008388319 0.999843517 0.015597833 -1.129425793 -0.791047547 -0.002906817 0.611747096 91.767989267
0.612421680 -0.023892852 0.790169033 22.645115238 0.014679869 0.999714821 0.018851276 -1.118546858 -0.790393964 0.000054649 0.612597899 92.123017984
0.613114085 -0.019712865 0.789747984 23.112686220 0.012008898 0.999805782 0.015633053 -1.118412599 -0.789902165 -0.000100854 0.613231391 92.477850289
0.612403853 -0.017141735 0.790358858 23.354944449 0.009780723 0.999852429 0.014106810 -1.118151584 -0.790483482 -0.000908814 0.612481916 92.662559396
