1.000000000 0.000000000 0.000000000 0.000000000 0.000000000 1.000000000 -0.000000000 0.000000000 0.000000000 0.000000000 1.000000000 -0.000000000
0.999999425 -0.000369142 0.000285772 0.006253954 0.000369038 1.000000489 0.000307634 -0.020911078 -0.000286749 -0.000307517 1.000000434 0.463918072
0.999999113 -0.000479747 0.000643756 0.015767032 0.000479311 1.000000512 0.000636812 -0.063571679 -0.000644219 -0.000636394 0.999999565 1.400214595
0.999999076 -0.000488000 0.001014928 0.027258713 0.000487378 0.999999740 0.000573461 -0.106715392 -0.001015224 -0.000573024 0.999999321 2.330822898
0.999997483 -0.000516920 0.001948292 0.033499764 0.000515934 1.000000262 0.000444005 -0.128375566 -0.001948235 -0.000443038 0.999998065 2.794706489
0.999996855 0.000388097 0.002299015 0.041350729 -0.000389736 0.999999910 0.000686188 -0.171404310 -0.002298679 -0.000687072 0.999997528 3.735707719
0.999994317 0.001678737 0.002671508 0.060977394 -0.001683151 0.999998206 0.001628908 -0.213255546 -0.002668474 -0.001633317 0.999995522 4.673474871
0.999991247 0.002255044 0.003503386 0.064255442 -0.002263063 0.999995181 0.002275552 -0.233906395 -0.003497955 -0.002283535 0.999991681 5.145903894
0.999988292 0.003883695 0.002993763 0.077925479 -0.003895008 0.999986177 0.003751622 -0.275516836 -0.002979662 -0.003763223 0.999989041 6.100680077
0.999973669 0.006210412 0.003735309 0.083804379 -0.006227724 0.999970331 0.004614619 -0.317682926 -0.003707153 -0.004637707 0.999982207 7.047386996
0.999963534 0.006914602 0.004994479 0.097163153 -0.006938549 0.999964558 0.004763008 -0.339432108 -0.004961286 -0.004797548 0.999976252 7.521198837
0.999941232 0.009585649 0.005036857 0.113198608 -0.009612452 0.999940188 0.005306555 -0.425352045 -0.004985826 -0.005354687 0.999973640 9.402263298
0.999936712 0.010204279 0.004635015 0.118787063 -0.010230050 0.999932355 0.005564660 -0.446448334 -0.004578192 -0.005611776 0.999974054 9.868061505
0.999916775 0.011619732 0.005600703 0.136394349 -0.011650841 0.999917721 0.005541235 -0.490183602 -0.005536333 -0.005606047 0.999969318 10.811407918
0.999893253 0.012666230 0.007255249 0.151186513 -0.012701848 0.999908369 0.004876412 -0.533969366 -0.007192820 -0.004967938 0.999961826 11.732543364
0.999888416 0.013157256 0.007043647 0.156431810 -0.013191018 0.999902412 0.004755898 -0.555762532 -0.006980675 -0.004848270 0.999964213 12.199253824
0.999880888 0.013615640 0.007269917 0.174394814 -0.013656085 0.999891470 0.005531818 -0.598071802 -0.007193934 -0.005630385 0.999958174 13.141721545
0.999866096 0.013848105 0.008674031 0.193377829 -0.013909820 0.999878438 0.007098131 -0.638839780 -0.008575721 -0.007217872 0.999936845 14.081427220
0.999837900 0.014840387 0.010149707 0.208417813 -0.014921533 0.999857591 0.007965000 -0.659112157 -0.010030712 -0.008115120 0.999916996 14.550585386
0.999813347 0.015873129 0.010954457 0.226736706 -0.015977633 0.999827181 0.009516527 -0.699985443 -0.010801915 -0.009689791 0.999895213 15.492174874
0.999783542 0.017217984 0.011638538 0.246684507 -0.017335615 0.999799120 0.010079862 -0.742418260 -0.011462905 -0.010279472 0.999881636 16.428970926
0.999770526 0.017760811 0.011936324 0.251595593 -0.017879138 0.999791878 0.009874836 -0.764388929 -0.011758678 -0.010086028 0.999880663 16.896617546
0.999778415 0.016927541 0.012501357 0.281922890 -0.017039236 0.999816360 0.008877019 -0.809800094 -0.012348264 -0.009087997 0.999882667 17.833765549
0.999770860 0.016726135 0.013352723 0.304142215 -0.016830961 0.999828655 0.007773443 -0.854935627 -0.013219964 -0.007996399 0.999880452 18.763826883
0.999751163 0.016630421 0.014850539 0.322464961 -0.016742878 0.999831841 0.007478453 -0.876878814 -0.014724551 -0.007725273 0.999862276 19.223464838
0.999753457 0.016307912 0.015089818 0.344716286 -0.016421537 0.999838147 0.007430345 -0.920156589 -0.014966577 -0.007676335 0.999858649 20.153611684
0.999713194 0.017094298 0.016784367 0.372781693 -0.017237234 0.999816336 0.008406277 -0.962305711 -0.016637588 -0.008693098 0.999823662 21.097520150
0.999695644 0.018190285 0.016649000 0.386817838 -0.018342391 0.999791460 0.009021481 -0.983180514 -0.016481059 -0.009324106 0.999820756 21.569483578
0.999620851 0.020982673 0.017805634 0.413896610 -0.021167786 0.999724076 0.010272259 -1.024933267 -0.017585727 -0.010645261 0.999788816 22.516243280
0.999556141 0.023338494 0.018525514 0.439495042 -0.023547685 0.999661415 0.011148161 -1.066146359 -0.018259532 -0.011579375 0.999766384 23.437041859
0.999503884 0.024259819 0.020080509 0.457169838 -0.024491455 0.999636027 0.011364975 -1.087255986 -0.019796663 -0.011851133 0.999733624 23.898606844
0.999411438 0.026564960 0.021693742 0.491168819 -0.026809115 0.999580451 0.011040093 -1.130984289 -0.021392240 -0.011615127 0.999703957 24.825444674
0.999347490 0.028091763 0.022691049 0.519033787 -0.028326237 0.999548603 0.010075428 -1.175189748 -0.022397306 -0.010711560 0.999691829 25.739495202
0.999308521 0.028877314 0.023411307 0.538355555 -0.029115763 0.999526983 0.009904487 -1.196810171 -0.023114127 -0.010579336 0.999677554 26.196315023
0.999244305 0.029803431 0.024953619 0.570227450 -0.030054982 0.999500658 0.009763668 -1.239095338 -0.024649980 -0.010506244 0.999640888 27.099121977
0.999211041 0.030957181 0.024881569 0.597453070 -0.031204537 0.999467010 0.009612160 -1.281967840 -0.024570777 -0.010381005 0.999644480 28.015122522
0.999169672 0.031445790 0.025898315 0.617440509 -0.031701175 0.999452821 0.009507791 -1.303393064 -0.025585460 -0.010320865 0.999619472 28.470062667
0.999116115 0.032357542 0.026820514 0.648656024 -0.032625589 0.999421548 0.009616322 -1.345334081 -0.026494221 -0.010482924 0.999594092 29.374774123
0.999017024 0.034460914 0.027884545 0.675100867 -0.034757425 0.999344107 0.010216366 -1.385504096 -0.027515008 -0.011175492 0.999558715 30.263024438
0.998975803 0.035128543 0.028524426 0.687985378 -0.035435398 0.999319317 0.010321649 -1.405981348 -0.028142231 -0.011321803 0.999539917 30.708075870
0.998887238 0.036169639 0.030264501 0.729953483 -0.036492739 0.999282622 0.010190925 -1.448465933 -0.029873851 -0.011283976 0.999490518 31.612307019
0.998901091 0.036115790 0.029874900 0.763471663 -0.036419580 0.999290453 0.009682355 -1.491301848 -0.029504284 -0.010759649 0.999507037 32.510366971
0.998873911 0.035903252 0.030997976 0.778668301 -0.036211862 0.999300086 0.009451220 -1.512124661 -0.030637530 -0.010563126 0.999475139 32.948792185
0.998788165 0.036970707 0.032473933 0.823470367 -0.037280201 0.999264795 0.008974315 -1.553529908 -0.032118225 -0.010174142 0.999432449 33.814810756
0.998763994 0.037095291 0.033071802 0.862161130 -0.037398959 0.999264072 0.008609138 -1.594093902 -0.032728766 -0.009835280 0.999416130 34.668102712
0.998754296 0.037165936 0.033284657 0.882681585 -0.037480658 0.999258832 0.008881150 -1.613445012 -0.032929590 -0.010117646 0.999406447 35.091486382
0.998680366 0.037793105 0.034777159 0.919749118 -0.038150388 0.999225628 0.009665563 -1.652119872 -0.034384890 -0.010979578 0.999348912 35.949586946
0.998686909 0.037779692 0.034598265 0.950032449 -0.038155772 0.999219403 0.010272197 -1.690568173 -0.034183353 -0.011578865 0.999348377 36.796821260
0.998653195 0.038017254 0.035310083 0.971207049 -0.038399938 0.999210608 0.010221598 -1.710393276 -0.034893503 -0.011563702 0.999324270 37.218294452
0.998633836 0.038518240 0.035299529 1.014862299 -0.038874029 0.999200131 0.009446488 -1.751121310 -0.034907595 -0.010805759 0.999332013 38.057413901
0.998682390 0.038072787 0.034417108 1.047755151 -0.038390121 0.999225871 0.008605074 -1.791875090 -0.034062758 -0.009914956 0.999370749 38.896987452
0.998660942 0.038685206 0.034355190 1.069932042 -0.039008441 0.999200477 0.008786045 -1.811187659 -0.033987869 -0.010114463 0.999371038 39.315651244
0.998615402 0.040970884 0.033003589 1.095772720 -0.041313207 0.999099518 0.009753959 -1.848047021 -0.032574682 -0.011103867 0.999408167 40.145471706
0.998528994 0.043175920 0.032806429 1.124270232 -0.043550364 0.998993712 0.010784218 -1.884465177 -0.032308342 -0.012197070 0.999403281 40.967757834
0.998520264 0.043935982 0.032045734 1.140325668 -0.044299475 0.998961287 0.010721348 -1.903525781 -0.031541435 -0.012125067 0.999428987 41.373667886
0.998481618 0.045036506 0.031717077 1.171075435 -0.045357573 0.998926847 0.009472628 -1.943765304 -0.031256778 -0.010896906 0.999452230 42.189167805
0.998452673 0.046040502 0.031169780 1.198027918 -0.046311681 0.998895625 0.008032234 -1.983399267 -0.030766162 -0.009463256 0.999482087 42.985319946
0.998437712 0.046842693 0.030445525 1.215071882 -0.047098663 0.998861039 0.007742434 -2.002746373 -0.030048581 -0.009164330 0.999506246 43.388383819
0.998470241 0.046457363 0.029983500 1.237418175 -0.046705356 0.998880582 0.007620948 -2.040640480 -0.029595991 -0.009009669 0.999521228 44.197836671
0.998519108 0.046453329 0.028320016 1.264539441 -0.046672386 0.998885161 0.007122063 -2.080055889 -0.027957477 -0.008433353 0.999573485 45.023762158
0.998576516 0.045880742 0.027182704 1.280582662 -0.046078844 0.998915673 0.006703622 -2.099825638 -0.026846283 -0.007946650 0.999608360 45.429639567
0.998650959 0.044417393 0.026892122 1.311683501 -0.044598169 0.998986377 0.006156227 -2.138908838 -0.026591157 -0.007347221 0.999619990 46.244248381
0.998619779 0.045755030 0.025781560 1.337058002 -0.045959085 0.998916530 0.007374256 -2.174026837 -0.025416331 -0.008549007 0.999640569 47.045330043
0.998625275 0.045859351 0.025379439 1.347688795 -0.046079782 0.998904362 0.008165964 -2.190832459 -0.024977886 -0.009324254 0.999644177 47.436689891
0.998777008 0.044010474 0.022533121 1.363602476 -0.044212689 0.998986155 0.008553468 -2.227313720 -0.022133950 -0.009539279 0.999710145 48.234386768
0.998903463 0.041578706 0.021493208 1.394515262 -0.041727470 0.999108020 0.006515237 -2.267734124 -0.021202924 -0.007405042 0.999748517 49.019170745
0.998991827 0.039708294 0.020934729 1.405726563 -0.039813312 0.999197409 0.004620769 -2.289288582 -0.020734611 -0.005449635 0.999770081 49.408423345
0.999209074 0.034735950 0.019322563 1.438585093 -0.034764534 0.999394856 0.001138960 -2.332099797 -0.019271333 -0.001809794 0.999812423 50.187431292
0.999288378 0.033119043 0.018028212 1.460130308 -0.033145719 0.999450181 0.001179154 -2.368469995 -0.017979902 -0.001775856 0.999836872 50.969079664
0.999328395 0.032263317 0.017385616 1.471106668 -0.032310749 0.999475559 0.002447421 -2.384438909 -0.017298027 -0.003007536 0.999845956 51.359533695
0.999450647 0.029111422 0.015815146 1.490752249 -0.029201831 0.999559087 0.005511285 -2.415741526 -0.015648664 -0.005970058 0.999860103 52.147081309
0.999540009 0.026792436 0.014182867 1.510365486 -0.026900678 0.999610347 0.007490919 -2.448921877 -0.013976326 -0.007868979 0.999871754 52.934542491
0.999575563 0.026026901 0.013112244 1.522972989 -0.026131212 0.999627910 0.007842226 -2.466320479 -0.012903985 -0.008181568 0.999883422 53.320209063
0.999611991 0.025313751 0.011632503 1.537073323 -0.025404755 0.999648130 0.007735178 -2.502369666 -0.011433096 -0.008027699 0.999902502 54.092884194
0.999638413 0.024956001 0.009997131 1.547078119 -0.025041755 0.999650094 0.008537565 -2.535903315 -0.009780806 -0.008784788 0.999913755 54.847243794
0.999655542 0.024576348 0.009141897 1.552925336 -0.024662572 0.999652042 0.009441555 -2.551687032 -0.008907719 -0.009663846 0.999914058 55.222108020
0.999687376 0.023461343 0.008658707 1.578354116 -0.023555041 0.999663827 0.010868156 -2.583718673 -0.008400306 -0.011068709 0.999903893 55.962860845
0.999698572 0.023303200 0.007700206 1.589050905 -0.023399005 0.999647180 0.012581373 -2.615528967 -0.007404553 -0.012757767 0.999891700 56.715411110
0.999712034 0.022746835 0.007649434 1.595240421 -0.022850999 0.999643937 0.013809188 -2.630665747 -0.007333355 -0.013979951 0.999875159 57.089360784
0.999737787 0.021862921 0.006702213 1.605475333 -0.021967214 0.999632685 0.015893609 -2.660484978 -0.006352193 -0.016036621 0.999851005 57.813183741
0.999742148 0.022055249 0.005377492 1.612364516 -0.022144149 0.999609934 0.017065720 -2.692288989 -0.004999778 -0.017180422 0.999839982 58.546358644
0.999741004 0.022270505 0.004698291 1.619515203 -0.022348250 0.999603121 0.017186493 -2.709300355 -0.004314509 -0.017286972 0.999841243 58.917389041
0.999725071 0.023083885 0.004057148 1.628343246 -0.023148496 0.999594049 0.016652336 -2.743894694 -0.003671003 -0.016741733 0.999853066 59.644769523
0.999678149 0.025032662 0.004056532 1.628401432 -0.025094800 0.999556919 0.016045630 -2.778188867 -0.003652851 -0.016142313 0.999863611 60.366953127
0.999652912 0.026035304 0.003969040 1.639859538 -0.026095483 0.999532227 0.015948255 -2.795060076 -0.003552141 -0.016046355 0.999864992 60.725713679
0.999611827 0.027704250 0.002746873 1.636170849 -0.027746765 0.999473665 0.016808064 -2.825822220 -0.002279951 -0.016877724 0.999855308 61.428684210
0.999590255 0.028507831 0.002444694 1.646245924 -0.028547881 0.999426254 0.018261262 -2.855340632 -0.001922786 -0.018323577 0.999830357 62.122757729
0.999568155 0.029301061 0.002314630 1.651609071 -0.029339512 0.999393239 0.018778747 -2.870421732 -0.001762755 -0.018838482 0.999821169 62.468835341
0.999543860 0.030069614 0.002657205 1.655216093 -0.030115820 0.999357142 0.019488871 -2.900584815 -0.002069680 -0.019559949 0.999806761 63.151058178
0.999506516 0.031354220 0.001908251 1.660784342 -0.031385213 0.999322160 0.019252099 -2.932239793 -0.001303934 -0.019302449 0.999812675 63.827546361
0.999477601 0.032284100 0.001275251 1.668123340 -0.032302762 0.999292750 0.019284820 -2.947963813 -0.000652711 -0.019315998 0.999812889 64.167928398
0.999434839 0.033576462 0.001427516 1.667272224 -0.033598262 0.999238077 0.019880257 -2.977436873 -0.000759855 -0.019916945 0.999801169 64.832696005
0.999372214 0.035426136 0.000426008 1.669067963 -0.035427592 0.999167247 0.020242500 -3.007048027 0.000290761 -0.020244912 0.999795168 65.489902614
0.999368058 0.035545027 0.000492826 1.679400243 -0.035547783 0.999158427 0.020506507 -3.022023493 0.000236754 -0.020511075 0.999789987 65.821820133
0.999345701 0.036163262 0.000996447 1.683514647 -0.036176259 0.999130995 0.020733077 -3.051600666 -0.000246055 -0.020755508 0.999784299 66.472417993
0.999339449 0.036308793 0.001263717 1.688796254 -0.036327067 0.999133190 0.020368401 -3.080736319 -0.000523752 -0.020400880 0.999791664 67.089495568
0.999338310 0.036366480 0.000953227 1.694336872 -0.036378429 0.999128793 0.020479866 -3.095159313 -0.000207935 -0.020500949 0.999789731 67.404895857
0.999299308 0.037435259 0.000203993 1.695984473 -0.037431600 0.999086776 0.020625735 -3.123790468 0.000567990 -0.020618878 0.999787500 68.032384289
0.999266198 0.038292872 0.000225899 1.698278132 -0.038289724 0.999063324 0.020197145 -3.153365049 0.000547501 -0.020191043 0.999796117 68.657940635
0.999248104 0.038758824 -0.000080285 1.696696725 -0.038749649 0.999051434 0.019885860 -3.167948733 0.000851629 -0.019867833 0.999802144 68.963401180
0.999222859 0.039408561 -0.000003026 1.705625930 -0.039401151 0.999034874 0.019440162 -3.196799838 0.000767903 -0.019424949 0.999811527 69.570104220
0.999225553 0.039349172 -0.000381913 1.706455077 -0.039334712 0.999042634 0.019166208 -3.224915866 0.001135395 -0.019136292 0.999816793 70.169741738
0.999217988 0.039527625 -0.000578697 1.708865802 -0.039509356 0.999035680 0.019198585 -3.238438222 0.001336871 -0.019160747 0.999815654 70.463919171
0.999239811 0.038974116 -0.000406790 1.707558917 -0.038959694 0.999064643 0.018808199 -3.265630487 0.001139489 -0.018778043 0.999823433 71.039501907
0.999237446 0.039050422 0.000273549 1.720343987 -0.039048685 0.999059547 0.018873660 -3.291751094 0.000463550 -0.018869889 0.999821528 71.605235380
0.999227427 0.039289154 0.000801873 1.717976815 -0.039297369 0.999044091 0.019172297 -3.303921943 -0.000048539 -0.019188976 0.999815746 71.882932363
0.999227943 0.039263359 0.000990800 1.727315672 -0.039275297 0.999035174 0.019679607 -3.328280668 -0.000217219 -0.019703401 0.999805983 72.428426954
0.999257706 0.038494985 0.001576199 1.736649197 -0.038518894 0.999058077 0.020019785 -3.352949020 -0.000804564 -0.020065683 0.999798613 72.973907292
0.999256656 0.038510562 0.001362831 1.737274962 -0.038530579 0.999046449 0.020564714 -3.364391290 -0.000569881 -0.020601936 0.999787719 73.243138837
0.999274237 0.038025777 0.002241988 1.749947507 -0.038065470 0.999042646 0.021573243 -3.387464392 -0.001419285 -0.021642993 0.999765123 73.779249301
0.999272052 0.038060090 0.002391573 1.760459762 -0.038103089 0.999038980 0.021674816 -3.411022032 -0.001564780 -0.021750200 0.999762427 74.291240158
0.999280966 0.037858714 0.002069534 1.756943021 -0.037894767 0.999048884 0.021587812 -3.422675475 -0.001249899 -0.021650734 0.999765471 74.542030663
0.999289911 0.037605276 0.002399463 1.763997880 -0.037648816 0.999054708 0.021759889 -3.445120449 -0.001578530 -0.021834665 0.999760117 75.033752754
0.999299569 0.037278468 0.003102425 1.776694253 -0.037337815 0.999061468 0.021954494 -3.466875060 -0.002280930 -0.022054994 0.999754363 75.509453006
0.999304466 0.037136859 0.003333328 1.782122088 -0.037199918 0.999078827 0.021400030 -3.478330370 -0.002535737 -0.021509089 0.999765743 75.734755710
0.999313708 0.036878638 0.003528017 1.783551176 -0.036943376 0.999108032 0.020473300 -3.500616651 -0.002770481 -0.020589584 0.999784506 76.182067822
0.999279115 0.037648858 0.004784817 1.797454494 -0.037742711 0.999060914 0.021320276 -3.519622526 -0.003978412 -0.021485528 0.999761079 76.624353990
0.999281420 0.037434029 0.005916367 1.796134603 -0.037554360 0.999058774 0.021717549 -3.528733831 -0.005097809 -0.021924170 0.999746670 76.838887910
0.999308047 0.036360088 0.007841672 1.808874760 -0.036523007 0.999097047 0.021734457 -3.548011348 -0.007043831 -0.022005748 0.999733365 77.254231281
0.999323621 0.035392101 0.009992629 1.825274903 -0.035605849 0.999122857 0.022080901 -3.566285184 -0.009202000 -0.022421736 0.999706572 77.659233217
0.999335328 0.034851781 0.010689673 1.828932918 -0.035085600 0.999131114 0.022517328 -3.574781470 -0.009896377 -0.022877465 0.999689303 77.859630490
0.999347332 0.034120352 0.011810331 1.848341483 -0.034391846 0.999130530 0.023592335 -3.591427812 -0.010995344 -0.023983148 0.999652527 78.256208366
0.999323931 0.034230975 0.013379409 1.857191273 -0.034557247 0.999091111 0.024963067 -3.605923626 -0.012513487 -0.025408552 0.999598701 78.622632900
0.999338274 0.032844637 0.015596886 1.875434448 -0.033208994 0.999167522 0.023698334 -3.632421399 -0.014805507 -0.024200625 0.999597767 79.142532111
0.999368182 0.031409357 0.016644601 1.895830594 -0.031787295 0.999232209 0.022944688 -3.649474017 -0.015910454 -0.023459261 0.999598026 79.475787393
0.999382339 0.030593171 0.017284437 1.902325322 -0.030989220 0.999252711 0.023121378 -3.656731159 -0.016564220 -0.023642733 0.999583126 79.637979445
0.999445607 0.028694645 0.016867573 1.916972075 -0.029086456 0.999301900 0.023457987 -3.671156960 -0.016182643 -0.023935631 0.999582452 79.957645970
0.999452473 0.028825761 0.016206349 1.929115895 -0.029187035 0.999321335 0.022510713 -3.686734213 -0.015546645 -0.022971340 0.999615253 80.254106521
0.999447568 0.029059676 0.016095463 1.931463644 -0.029409155 0.999327938 0.021914531 -3.694462213 -0.015447976 -0.022375790 0.999629838 80.397845578
0.999433645 0.029496664 0.016161775 1.939155692 -0.029834041 0.999333768 0.021042901 -3.708979888 -0.015530329 -0.021513158 0.999648050 80.676867911
0.999415701 0.030323646 0.015739503 1.941059809 -0.030635921 0.999331280 0.019993016 -3.723108048 -0.015123116 -0.020463502 0.999675992 80.942198504
0.999415217 0.030466566 0.015544906 1.949051652 -0.030767655 0.999336333 0.019507386 -3.729995866 -0.014940772 -0.019974203 0.999688869 81.069922619
0.999427064 0.030077447 0.015527871 1.953617936 -0.030366343 0.999364244 0.018712618 -3.743373192 -0.014954512 -0.019173392 0.999704153 81.327733130
0.999444350 0.029523847 0.015433974 1.959865085 -0.029809713 0.999382474 0.018629801 -3.755293688 -0.014875257 -0.019079502 0.999707044 81.580889046
0.999459206 0.029101025 0.015321832 1.966543651 -0.029384533 0.999395214 0.018605660 -3.761523169 -0.014771346 -0.019045780 0.999710101 81.712420785
0.999470441 0.028888827 0.014988916 1.970973496 -0.029156808 0.999413389 0.017976606 -3.773241315 -0.014461238 -0.018404172 0.999725844 81.940544382
0.999465760 0.028757293 0.015546074 1.982038371 -0.029025458 0.999429194 0.017299240 -3.784265948 -0.015040070 -0.017741267 0.999729397 82.149813293
0.999473207 0.028517949 0.015508087 1.980795555 -0.028781495 0.999441078 0.017037456 -3.789032332 -0.015013906 -0.017474841 0.999734207 82.243605406
0.999457982 0.028935341 0.015699362 1.987073586 -0.029191738 0.999440974 0.016352817 -3.799224831 -0.015218136 -0.016802242 0.999743410 82.436369960
0.999473779 0.028629626 0.015255613 1.996012923 -0.028872046 0.999457063 0.015909180 -3.808716437 -0.014791352 -0.016341314 0.999757254 82.621612133
0.999481086 0.028298366 0.015368236 1.996098352 -0.028539313 0.999470283 0.015682580 -3.813272204 -0.014916582 -0.016113025 0.999759198 82.711636619
0.999480866 0.028087531 0.015777551 2.005711962 -0.028333375 0.999477265 0.015572816 -3.822069213 -0.015331727 -0.016011807 0.999754612 82.895022104
0.999488148 0.027818163 0.015810877 2.008208021 -0.028058714 0.999491443 0.015195851 -3.830767225 -0.015380780 -0.015631732 0.999759764 83.068479797
0.999489293 0.027771767 0.015805672 2.011601674 -0.028003801 0.999501057 0.014648607 -3.835515586 -0.015390913 -0.015083706 0.999767887 83.149052115
0.999477389 0.028171334 0.015829559 2.013607641 -0.028389290 0.999503686 0.013716996 -3.843860559 -0.015435972 -0.014159262 0.999780438 83.293707104
0.999470115 0.028443454 0.015831826 2.023075866 -0.028657768 0.999499150 0.013476686 -3.851517760 -0.015440775 -0.013923298 0.999784363 83.447381768
0.999470286 0.028531743 0.015637536 2.019044078 -0.028742792 0.999496770 0.013440431 -3.854816472 -0.015246786 -0.013882872 0.999787724 83.519032795
0.999477533 0.028641954 0.014974456 2.023391248 -0.028839412 0.999497857 0.013131215 -3.861819043 -0.014590338 -0.013556211 0.999801875 83.657139261
0.999490117 0.028377765 0.014630778 2.028406153 -0.028567985 0.999508595 0.012952960 -3.868506559 -0.014255730 -0.013364352 0.999809568 83.793371569
0.999490718 0.028283963 0.014788600 2.026368969 -0.028477497 0.999510203 0.013036715 -3.871359503 -0.014412098 -0.013451201 0.999805878 83.859377133
0.999495776 0.028151717 0.014680935 2.034712571 -0.028346180 0.999511037 0.013206088 -3.877051046 -0.014302161 -0.013615585 0.999805514 83.986211981
0.999499869 0.027992761 0.014694654 2.037267211 -0.028186447 0.999516756 0.013142268 -3.882413001 -0.014319798 -0.013549838 0.999805670 84.099352331
0.999501321 0.027951174 0.014672087 2.040531823 -0.028142555 0.999519753 0.012997182 -3.885072700 -0.014301620 -0.013403630 0.999807842 84.150257503
0.999502786 0.027809234 0.014822862 2.039295716 -0.028001928 0.999524334 0.012954413 -3.889449553 -0.014455680 -0.013363023 0.999806162 84.244067546
0.999503837 0.027691796 0.014982302 2.039723270 -0.027888223 0.999526248 0.013058051 -3.893368372 -0.014614144 -0.013469425 0.999802774 84.333177021
0.999506994 0.027648118 0.014867536 2.045313428 -0.027842230 0.999527633 0.013010364 -3.895594572 -0.014500861 -0.013417908 0.999805027 84.377491834
0.999503557 0.027638342 0.015105971 2.048393687 -0.027836343 0.999528174 0.013055521 -3.899311894 -0.014738416 -0.013469493 0.999800587 84.459055940
0.999504119 0.027534502 0.015279637 2.052131702 -0.027732789 0.999532624 0.012914296 -3.903293462 -0.014917615 -0.013331562 0.999799847 84.538719222
0.999503615 0.027538435 0.015279016 2.049609587 -0.027732231 0.999535985 0.012618772 -3.905493730 -0.014925196 -0.013036280 0.999803731 84.575935873
0.999502355 0.027430663 0.015570723 2.055652847 -0.027617327 0.999548258 0.011903204 -3.910220377 -0.015237196 -0.012327277 0.999807797 84.648954546
0.999500334 0.027179616 0.016106809 2.053931810 -0.027366165 0.999560324 0.011473124 -3.913944553 -0.015788025 -0.011908161 0.999804267 84.713975677
0.999500298 0.027147529 0.016148719 2.062841892 -0.027334684 0.999561272 0.011481051 -3.915684165 -0.015830276 -0.011916766 0.999803423 84.748869584
0.999501354 0.027130703 0.016163840 2.062133985 -0.027320492 0.999559649 0.011635134 -3.918266566 -0.015841007 -0.012070962 0.999802173 84.811110279
0.999494293 0.027147319 0.016546289 2.060427743 -0.027342479 0.999558070 0.011683319 -3.921131778 -0.016222052 -0.012129891 0.999795503 84.876170947
0.999488890 0.027195528 0.016768472 2.059576687 -0.027394964 0.999555720 0.011774043 -3.922444529 -0.016441414 -0.012227379 0.999790346 84.908706798
0.999483478 0.027222246 0.017075993 2.061858448 -0.027429753 0.999551619 0.012034164 -3.924488123 -0.016740700 -0.012496306 0.999781684 84.962473321
0.999477888 0.027310507 0.017256595 2.067456521 -0.027523752 0.999546849 0.012239865 -3.926254877 -0.016915108 -0.012708480 0.999776034 85.006809282
0.999475351 0.027347563 0.017342930 2.069921775 -0.027562488 0.999544867 0.012272974 -3.927290787 -0.016999238 -0.012744529 0.999774860 85.029914572
0.999472469 0.027322054 0.017540716 2.073858251 -0.027541630 0.999544230 0.012396850 -3.929395720 -0.017194625 -0.012873416 0.999769866 85.078956620
0.999465220 0.027471600 0.017726253 2.068695991 -0.027696387 0.999537518 0.012560312 -3.931068364 -0.017373105 -0.013044574 0.999764264 85.123752200
0.999465044 0.027429209 0.017786957 2.071160041 -0.027654780 0.999539177 0.012557811 -3.932174190 -0.017435159 -0.013042986 0.999763253 85.146854272
0.999462575 0.027403790 0.017956876 2.079400323 -0.027628167 0.999542010 0.012366298 -3.934348712 -0.017610013 -0.012855766 0.999762367 85.183616821
0.999461451 0.027327149 0.018143214 2.078878834 -0.027554294 0.999544231 0.012382086 -3.935753634 -0.017796296 -0.012875336 0.999758572 85.215204099
0.999462361 0.027278693 0.018207553 2.074234794 -0.027507282 0.999545009 0.012423382 -3.936211126 -0.017860934 -0.012917611 0.999757409 85.228403666
0.999460661 0.027309898 0.018228843 2.075698274 -0.027535834 0.999545743 0.012254129 -3.937729607 -0.017886013 -0.012749478 0.999759200 85.254319735
0.999462413 0.027327711 0.018109933 2.078157507 -0.027549352 0.999547236 0.012100406 -3.939115095 -0.017771359 -0.012592818 0.999763182 85.277408934
0.999462281 0.027364820 0.018059826 2.084601474 -0.027584817 0.999547851 0.012041441 -3.939868737 -0.017722961 -0.012533051 0.999764406 85.289195252
0.999469310 0.027213727 0.017904257 2.083081134 -0.027430334 0.999552381 0.011959658 -3.941586434 -0.017571091 -0.012444426 0.999767907 85.323601124
0.999471109 0.027191282 0.017847644 2.080755932 -0.027405648 0.999554735 0.011873832 -3.941999957 -0.017516426 -0.012356646 0.999770011 85.330192403
0.999470973 0.027135945 0.017894014 2.086868440 -0.027350138 0.999556742 0.011831193 -3.942771294 -0.017565179 -0.012314300 0.999769776 85.342922237
0.999467660 0.027155489 0.018071638 2.085210800 -0.027372565 0.999555554 0.011872658 -3.942879751 -0.017742290 -0.012361044 0.999766061 85.347638896
0.999466851 0.027134312 0.018135936 2.084877621 -0.027351327 0.999556748 0.011824118 -3.942997326 -0.017807501 -0.012313814 0.999765537 85.348577815
0.999464459 0.027154026 0.018264145 2.085537098 -0.027370185 0.999557339 0.011688176 -3.943161693 -0.017938527 -0.012181771 0.999764921 85.346681588
0.999463616 0.027130554 0.018311254 2.086523905 -0.027342290 0.999561853 0.011406827 -3.943548075 -0.017993936 -0.011901288 0.999767076 85.343830812
0.999463730 0.027101802 0.018357636 2.086850203 -0.027310775 0.999564057 0.011225535 -3.943830017 -0.018045682 -0.011720889 0.999768731 85.342873504
0.999461846 0.027110336 0.018442282 2.087508820 -0.027317359 0.999566401 0.011059686 -3.944044324 -0.018134663 -0.011557490 0.999768559 85.340974979
0.999459948 0.027176325 0.018482713 2.088175007 -0.027385292 0.999563214 0.011143261 -3.943819160 -0.018171995 -0.011643449 0.999767035 85.339096682
0.999458526 0.027227091 0.018451493 2.088175695 -0.027436122 0.999561412 0.011166701 -3.943779209 -0.018139517 -0.011666814 0.999767592 85.339098521
0.999457001 0.027321821 0.018409676 2.088831215 -0.027525520 0.999561636 0.010901748 -3.944173298 -0.018104373 -0.011402607 0.999770927 85.337191721
0.999457909 0.027343994 0.018358269 2.089154244 -0.027541988 0.999565008 0.010614485 -3.944645012 -0.018060154 -0.011114378 0.999775299 85.336225677
0.999456774 0.027365468 0.018359325 2.089146502 -0.027558847 0.999566896 0.010358626 -3.945094469 -0.018067593 -0.010858917 0.999778176 85.336204989
0.999454755 0.027429183 0.018382364 2.089783269 -0.027606901 0.999574583 0.009481601 -3.946577245 -0.018114782 -0.009983960 0.999786244 85.334248077
0.999456376 0.027247132 0.018571102 2.090097179 -0.027415974 0.999584879 0.008895671 -3.947578320 -0.018321944 -0.009399953 0.999787889 85.333257667
0.999453164 0.027246494 0.018703844 2.090093394 -0.027414174 0.999586066 0.008765273 -3.947798055 -0.018457736 -0.009273247 0.999786968 85.333247553
0.999450581 0.027209294 0.018917734 2.090728785 -0.027361598 0.999595298 0.007837327 -3.949360735 -0.018696308 -0.008350577 0.999790163 85.331286962
0.999449961 0.027053897 0.019160310 2.090369627 -0.027191203 0.999606856 0.006938741 -3.950986490 -0.018965550 -0.007455948 0.999792960 85.332156460
0.999446673 0.027024361 0.019372136 2.088704418 -0.027159315 0.999609276 0.006735816 -3.951534417 -0.019182917 -0.007258205 0.999789395 85.336852891
0.999435710 0.026946303 0.020050518 2.092170071 -0.027090019 0.999609227 0.006927943 -3.952167660 -0.019855557 -0.007467205 0.999774889 85.357143724
0.999418490 0.026809212 0.021048158 2.093300371 -0.026955640 0.999614164 0.006698662 -3.953803716 -0.020860920 -0.007262134 0.999756199 85.383998711
0.999407382 0.026772016 0.021642844 2.097418103 -0.026918732 0.999616976 0.006513027 -3.955030809 -0.021460642 -0.007091791 0.999744874 85.402373549
0.999382332 0.026684157 0.022860923 2.103332839 -0.026832512 0.999620748 0.006204992 -3.957638830 -0.022687109 -0.006814588 0.999718944 85.445726457
0.999348010 0.026910319 0.024059184 2.106930114 -0.027063532 0.999615975 0.006061314 -3.960210917 -0.023887084 -0.006708540 0.999692605 85.495691332
0.999328293 0.027004201 0.024767953 2.107734288 -0.027161219 0.999613584 0.006023067 -3.961555042 -0.024596001 -0.006691713 0.999675346 85.523504087
0.999273907 0.027156875 0.026718700 2.115120417 -0.027320782 0.999610718 0.005786795 -3.965222098 -0.026551299 -0.006512581 0.999625868 85.592794212
0.999212027 0.027089172 0.028995275 2.120187881 -0.027264963 0.999612817 0.005681558 -3.968923135 -0.028830567 -0.006467583 0.999563710 85.668693085
0.999180775 0.026937825 0.030188464 2.126445947 -0.027123579 0.999616214 0.005757691 -3.970824292 -0.030022004 -0.006571752 0.999527397 85.711134199
0.999108558 0.026654434 0.032734679 2.135307254 -0.026856013 0.999623715 0.005732917 -3.975330648 -0.032569100 -0.006606918 0.999447733 85.806371655
0.999016822 0.026446880 0.035560238 2.136870614 -0.026668405 0.999627949 0.005765594 -3.980565908 -0.035394669 -0.006708242 0.999350936 85.922350828
0.998965986 0.026289993 0.037075858 2.145261959 -0.026525283 0.999631863 0.005865892 -3.983550635 -0.036908017 -0.006843303 0.999295415 85.988839369
0.998849542 0.026139520 0.040208351 2.160719845 -0.026407489 0.999632874 0.006145798 -3.989530945 -0.040032578 -0.007200496 0.999172261 86.125593273
0.998716348 0.026389403 0.043237096 2.171184168 -0.026668017 0.999627462 0.005878580 -3.997035179 -0.043066762 -0.007024166 0.999048008 86.276441987
0.998654319 0.026509651 0.044571872 2.174254964 -0.026785190 0.999626220 0.005594798 -4.001301838 -0.044406673 -0.006781165 0.998990923 86.357980807
0.998544892 0.026798358 0.046792968 2.185847522 -0.027064583 0.999621142 0.005062982 -4.010561983 -0.046639691 -0.006322111 0.998892187 86.535678991
0.998454171 0.026853336 0.048669666 2.200909519 -0.027121702 0.999620357 0.004860844 -4.020235637 -0.048520935 -0.006173360 0.998803155 86.733678123
0.998407285 0.026926255 0.049575882 2.206450902 -0.027197465 0.999618728 0.004802807 -4.025228580 -0.049428441 -0.006143513 0.998759127 86.838336485
0.998349544 0.027114490 0.050630208 2.219194234 -0.027389352 0.999614416 0.004741407 -4.034936215 -0.050482325 -0.006120285 0.998706629 87.042944366
0.998336986 0.026761726 0.051047532 2.237053116 -0.027031758 0.999623941 0.004605422 -4.045618095 -0.050905301 -0.005977689 0.998685778 87.263105732
0.998323379 0.026915910 0.051230071 2.237945300 -0.027177915 0.999621469 0.004422767 -4.051368169 -0.051092042 -0.005807664 0.998676958 87.380949869
0.998338539 0.027601931 0.050585487 2.250161120 -0.027850329 0.999603633 0.004209834 -4.062830305 -0.050449456 -0.005611660 0.998711016 87.617128936
0.998377748 0.027184921 0.050014706 2.266186612 -0.027449756 0.999612701 0.004613482 -4.074178867 -0.049870098 -0.005978863 0.998738408 87.872688883
0.998418865 0.027158624 0.049217036 2.271554654 -0.027444662 0.999610470 0.005143471 -4.079590205 -0.049058685 -0.006486089 0.998774793 88.008035602
0.998473523 0.027707891 0.047766001 2.279946094 -0.028000341 0.999593066 0.005462972 -4.091955043 -0.047595490 -0.006792060 0.998843304 88.285268369
0.998553892 0.027126825 0.046406783 2.296719157 -0.027341384 0.999618451 0.003992485 -4.107933767 -0.046280514 -0.005255498 0.998915033 88.568489815
0.998608581 0.026646635 0.045500373 2.300047175 -0.026806884 0.999636919 0.002912801 -4.116427691 -0.045406034 -0.004128433 0.998960203 88.709360626
0.998704160 0.026190871 0.043639872 2.312826214 -0.026261195 0.999655288 0.001037148 -4.133577611 -0.043597973 -0.002181822 0.999047218 89.003860127
0.998800125 0.025452448 0.041831433 2.328731877 -0.025438364 0.999676602 -0.000871704 -4.151817940 -0.041840233 -0.000193386 0.999124711 89.319573749
0.998842796 0.024813707 0.041181504 2.337170112 -0.024742606 0.999691845 -0.002236886 -4.161595736 -0.041224520 0.001215318 0.999149029 89.475983794
0.998925192 0.023588917 0.039896616 2.355002421 -0.023356743 0.999708370 -0.006277185 -4.183335538 -0.040033609 0.005338647 0.999184532 89.785870354
0.998975655 0.023139263 0.038873870 2.362411190 -0.022758004 0.999689660 -0.010223489 -4.204653908 -0.039098638 0.009328372 0.999191942 90.095287268
0.998992406 0.023616515 0.038161804 2.368858778 -0.023189097 0.999663890 -0.011606873 -4.214647747 -0.038422508 0.010710176 0.999204269 90.257353351
0.999021266 0.024689684 0.036684822 2.381766514 -0.024191927 0.999610758 -0.013951841 -4.233906306 -0.037015970 0.013050711 0.999229299 90.581519077
0.999070710 0.024609888 0.035380995 2.393346694 -0.024045155 0.999578453 -0.016301373 -4.253335528 -0.035767360 0.015435515 0.999240836 90.909454270
