1.000000000 -0.000000000 0.000000000 0.000000000 0.000000000 1.000000000 -0.000000000 0.000000000 0.000000000 0.000000000 1.000000000 0.000000000
0.999998557 -0.001545838 -0.000447942 -0.002699547 0.001547677 0.999991408 0.004017703 -0.005077100 0.000441920 -0.004018321 0.999992654 0.200654499
0.999991060 -0.004206754 -0.000999527 0.008748942 0.004217531 0.999931319 0.010945862 -0.017804536 0.000952511 -0.010949888 0.999939496 0.613718734
0.999987887 -0.005033135 -0.000274915 0.013335878 0.005037114 0.999843425 0.017009949 -0.033121312 0.000188914 -0.017011062 0.999855280 1.044373727
1.000000085 0.000184994 -0.000895270 0.011255068 -0.000161791 0.999667146 0.025801772 -0.056269307 0.000900110 -0.025801577 0.999666994 1.685790778
0.999977873 0.006670585 -0.000755771 0.002918553 -0.006645463 0.999546044 0.029387916 -0.076259778 0.000951562 -0.029382289 0.999568599 2.121881328
0.999963215 0.008616980 -0.000477142 0.010217532 -0.008599110 0.999530316 0.029415063 -0.090162623 0.000729533 -0.029409780 0.999567816 2.351658345
0.999935502 0.011346117 -0.000873490 0.008722989 -0.011320320 0.999615878 0.025317574 -0.124741424 0.001160585 -0.025306020 0.999679658 2.797018666
0.999939509 0.010768846 -0.002410533 0.007248944 -0.010723910 0.999781918 0.017921583 -0.165329021 0.002602706 -0.017894591 0.999837083 3.242012410
0.999955242 0.009182767 -0.002498838 0.007058774 -0.009148406 0.999868662 0.013451020 -0.186928215 0.002622128 -0.013427470 0.999906680 3.463028429
0.999975106 0.006908837 -0.001744355 0.017015342 -0.006901296 0.999967441 0.004281591 -0.232146923 0.001773781 -0.004269408 0.999989196 3.933664019
0.999971066 0.007564956 -0.001303059 0.022267257 -0.007569946 0.999963845 -0.003929040 -0.276233224 0.001272767 0.003938824 0.999991582 4.416512558
0.999961042 0.008828882 -0.000143301 0.032765796 -0.008829615 0.999936024 -0.007091977 -0.296979980 0.000080325 0.007093088 0.999975107 4.665373242
0.999910781 0.013265758 0.001840700 0.028595020 -0.013244595 0.999851806 -0.011062505 -0.334878784 -0.001987428 0.011037200 0.999937181 5.172886989
0.999842504 0.017428393 0.003367937 0.035103793 -0.017386337 0.999776384 -0.012106792 -0.369240157 -0.003578783 0.012046442 0.999921460 5.708409203
0.999824479 0.018338045 0.003847710 0.038355336 -0.018290082 0.999759431 -0.012135563 -0.385587397 -0.004069793 0.012063169 0.999919012 5.976221156
0.999828417 0.017939204 0.004577827 0.045869518 -0.017882976 0.999768296 -0.012028651 -0.419594784 -0.004792939 0.011944829 0.999916934 6.536871018
0.999874074 0.014944936 0.005304907 0.061253830 -0.014888658 0.999834754 -0.010489064 -0.451587117 -0.005461120 0.010408863 0.999930981 7.105001137
0.999906633 0.012702996 0.005043353 0.068039367 -0.012656228 0.999878068 -0.009194732 -0.466815001 -0.005159959 0.009130095 0.999945545 7.391448426
0.999918276 0.011959743 0.004542023 0.083777759 -0.011930006 0.999908268 -0.006496810 -0.496603329 -0.004620167 0.006442205 0.999968449 7.958778861
0.999899824 0.013581427 0.004176561 0.083333925 -0.013559396 0.999894630 -0.005236997 -0.529780773 -0.004247487 0.005179893 0.999978118 8.540030510
0.999888534 0.014203039 0.004604619 0.088680802 -0.014179313 0.999886602 -0.005149297 -0.547276885 -0.004677358 0.005083489 0.999976815 8.830075996
0.999870877 0.015448261 0.004384789 0.097209280 -0.015424147 0.999866562 -0.005484212 -0.583535430 -0.004469524 0.005415920 0.999975876 9.415694574
0.999878460 0.015240022 0.003400425 0.110365081 -0.015219260 0.999866425 -0.006050145 -0.621175614 -0.003492067 0.005997729 0.999976330 10.016993480
0.999869350 0.015848974 0.003151994 0.108124264 -0.015829005 0.999855520 -0.006244849 -0.640398900 -0.003250999 0.006194100 0.999976247 10.326550609
0.999860889 0.016369825 0.003262279 0.127278693 -0.016347497 0.999844546 -0.006752883 -0.680326276 -0.003372569 0.006698718 0.999972366 10.967646506
0.999846887 0.017264217 0.002933134 0.127421795 -0.017243345 0.999827496 -0.006964882 -0.719395901 -0.003053448 0.006913251 0.999972097 11.602487371
0.999835883 0.018016276 0.001810428 0.132335762 -0.018003080 0.999813249 -0.007025432 -0.738906068 -0.001937018 0.006991768 0.999973967 11.921252611
0.999824352 0.018728124 0.000496078 0.132476854 -0.018724191 0.999801672 -0.006903315 -0.777386792 -0.000626037 0.006892898 0.999976198 12.556129403
0.999791722 0.020409232 0.000918910 0.129364789 -0.020402544 0.999769586 -0.006711779 -0.816229866 -0.001056023 0.006691731 0.999977189 13.199391380
0.999781157 0.020896166 0.000735721 0.129940338 -0.020890935 0.999760754 -0.006502740 -0.835966979 -0.000871356 0.006486022 0.999979253 13.529352497
0.999741584 0.022743363 -0.000171872 0.137527401 -0.022743944 0.999719996 -0.006631139 -0.877011921 0.000020766 0.006633361 0.999978766 14.200272806
0.999714986 0.023881775 -0.000072433 0.142076816 -0.023881735 0.999693619 -0.006653219 -0.938613588 -0.000086273 0.006653126 0.999978397 15.210445665
0.999692660 0.024789749 0.000333010 0.144597823 -0.024787336 0.999677174 -0.005686106 -0.978584130 -0.000474837 0.005676114 0.999984443 15.894509528
0.999674469 0.025512280 0.000210876 0.152832537 -0.025510762 0.999661080 -0.005330457 -1.020401101 -0.000346465 0.005323429 0.999986044 16.591422933
0.999672054 0.025624177 0.000215061 0.156590314 -0.025622597 0.999657333 -0.005447643 -1.041901597 -0.000354374 0.005440366 0.999985738 16.940777663
0.999672738 0.025584963 -0.000516069 0.160494441 -0.025587661 0.999654327 -0.006100280 -1.086241234 0.000360510 0.006111493 0.999981345 17.648746890
0.999646543 0.026572313 0.000381740 0.169029433 -0.026568636 0.999618646 -0.007618322 -1.133000574 -0.000584435 0.007605533 0.999971044 18.372333117
0.999648045 0.026508589 0.001388113 0.180670687 -0.026495730 0.999612484 -0.008563823 -1.156398720 -0.001615193 0.008524090 0.999962297 18.728929403
0.999675973 0.025332999 0.002467321 0.191009145 -0.025308606 0.999635337 -0.009430158 -1.201829966 -0.002705933 0.009364691 0.999952383 19.447925935
0.999727798 0.022988798 0.004033507 0.208860110 -0.022949515 0.999691830 -0.009519354 -1.246412097 -0.004251627 0.009424308 0.999946846 20.175265738
0.999736133 0.022504598 0.004547556 0.216523191 -0.022458235 0.999698703 -0.009996905 -1.269639815 -0.004771172 0.009892185 0.999940481 20.542148000
0.999746631 0.021911449 0.005260940 0.229672464 -0.021860450 0.999716182 -0.009558476 -1.313957921 -0.005468065 0.009441133 0.999940749 21.281647775
0.999740249 0.021824173 0.006600426 0.247154197 -0.021768377 0.999728078 -0.008401705 -1.356302339 -0.006782228 0.008255934 0.999943104 22.010058237
0.999724440 0.022530601 0.006651339 0.244041771 -0.022477547 0.999715800 -0.007942176 -1.377856901 -0.006828273 0.007790528 0.999946387 22.377158394
0.999723636 0.022684492 0.006199922 0.253571956 -0.022642984 0.999721581 -0.006680551 -1.421267839 -0.006349967 0.006538386 0.999959324 23.126054948
0.999769226 0.020674347 0.005917089 0.272436060 -0.020632693 0.999763010 -0.007003753 -1.467761761 -0.006060816 0.006880029 0.999958288 23.878384170
0.999767013 0.020777042 0.005920859 0.276486454 -0.020731038 0.999755827 -0.007719236 -1.491958813 -0.006079626 0.007594724 0.999952765 24.254548731
0.999770839 0.020782175 0.005181411 0.288922220 -0.020735820 0.999746636 -0.008840462 -1.539117850 -0.005363849 0.008730998 0.999948172 24.995743477
0.999784954 0.020364399 0.003967107 0.305331495 -0.020325356 0.999747311 -0.009633253 -1.585079865 -0.004162574 0.009550525 0.999946197 25.726735672
0.999791255 0.020256053 0.002868141 0.311908260 -0.020227158 0.999747894 -0.009775628 -1.607862755 -0.003065466 0.009715555 0.999948963 26.096447502
0.999791088 0.020346894 0.002202182 0.322162032 -0.020327132 0.999756452 -0.008641611 -1.651387253 -0.002377590 0.008595021 0.999960892 26.843468840
0.999808700 0.019516505 0.001370654 0.331331293 -0.019505821 0.999782806 -0.007438474 -1.694995937 -0.001515778 0.007410441 0.999971933 27.593287473
0.999814307 0.019278625 0.000704750 0.327857602 -0.019273161 0.999790168 -0.006979347 -1.716648431 -0.000839311 0.006964448 0.999976203 27.961315799
0.999832778 0.018293246 0.000025196 0.336666755 -0.018292767 0.999815421 -0.005987702 -1.760694413 -0.000134883 0.005986317 0.999982574 28.712041897
0.999828169 0.018501684 -0.001195580 0.344033128 -0.018507965 0.999813733 -0.005495332 -1.805800874 0.001093192 0.005516549 0.999984047 29.466439873
0.999827182 0.018563726 -0.001519164 0.340562059 -0.018571779 0.999812848 -0.005474313 -1.828221935 0.001416575 0.005501688 0.999984344 29.834421311
0.999838966 0.017795367 -0.002516019 0.347206004 -0.017807796 0.999828838 -0.005021264 -1.873554204 0.002426214 0.005065243 0.999984360 30.590673798
0.999821786 0.018705656 -0.002639166 0.355292457 -0.018716297 0.999817384 -0.004089081 -1.917746142 0.002561710 0.004137904 0.999988193 31.343259279
0.999811309 0.019158019 -0.003107196 0.361505471 -0.019169896 0.999808932 -0.003848714 -1.939898322 0.003033342 0.003907617 0.999987974 31.713943730
0.999799120 0.019556523 -0.004452226 0.359625541 -0.019575466 0.999799544 -0.004243736 -1.984686947 0.004368033 0.004330112 0.999981517 32.436831861
0.999783518 0.020097939 -0.005488570 0.365262408 -0.020123202 0.999787021 -0.004604015 -2.029884112 0.005393808 0.004713456 0.999974603 33.167986539
0.999764647 0.020866279 -0.005999937 0.365406375 -0.020894919 0.999770717 -0.004768044 -2.052024555 0.005898228 0.004892301 0.999971032 33.526643662
0.999720823 0.022675201 -0.006707286 0.361355823 -0.022707810 0.999730533 -0.004827796 -2.096512425 0.006595628 0.004978820 0.999966623 34.255155002
0.999688498 0.023698158 -0.007903566 0.356937911 -0.023729401 0.999710908 -0.003890399 -2.139311558 0.007808883 0.004076781 0.999961291 34.984703510
0.999658661 0.024695031 -0.008582866 0.357802093 -0.024726968 0.999688475 -0.003632235 -2.160577404 0.008490539 0.003843352 0.999956429 35.341545703
0.999623219 0.025589250 -0.009916274 0.352376524 -0.025623804 0.999666415 -0.003378038 -2.203071749 0.009826413 0.003630901 0.999945522 36.046006753
0.999612875 0.025465735 -0.011182782 0.350565515 -0.025502741 0.999669884 -0.003184638 -2.245145738 0.011097936 0.003468600 0.999933166 36.741152014
0.999615870 0.025158638 -0.011653956 0.346443969 -0.025196806 0.999677831 -0.003143645 -2.265966314 0.011571637 0.003436122 0.999927895 37.083190897
0.999612630 0.025007299 -0.012249474 0.347886117 -0.025046255 0.999682019 -0.003036914 -2.307677951 0.012169702 0.003342580 0.999920341 37.769950972
0.999593755 0.025150947 -0.013422018 0.340728115 -0.025194959 0.999678304 -0.003123865 -2.349404601 0.013338355 0.003460782 0.999905509 38.451221092
0.999593865 0.025347566 -0.013023588 0.338775795 -0.025391594 0.999673208 -0.003225865 -2.370116695 0.012937146 0.003555304 0.999909890 38.787661733
0.999575240 0.025906285 -0.013399157 0.337402940 -0.025958992 0.999656651 -0.003774403 -2.411713761 0.013296436 0.004120701 0.999903927 39.453993463
0.999552589 0.026059698 -0.014671470 0.339647844 -0.026134448 0.999646898 -0.004926065 -2.453828721 0.014537175 0.005307326 0.999880696 40.110952163
0.999544763 0.025838700 -0.015589278 0.331264224 -0.025923665 0.999650451 -0.005278356 -2.474337550 0.015446690 0.005680135 0.999864436 40.436311305
0.999523900 0.025500426 -0.017376380 0.326993756 -0.025586308 0.999661564 -0.004741025 -2.514522162 0.017249851 0.005183460 0.999837902 41.110202352
0.999485673 0.026178768 -0.018534048 0.306597281 -0.026237767 0.999652303 -0.002950513 -2.551658196 0.018450572 0.003435365 0.999824447 41.770498874
0.999476950 0.026229445 -0.018921738 0.306445703 -0.026272212 0.999653536 -0.002018567 -2.570243685 0.018861971 0.002514765 0.999819017 42.102398534
0.999436095 0.026677897 -0.020399160 0.296091886 -0.026673992 0.999644160 0.000462060 -2.606224377 0.020403905 0.000082396 0.999792098 42.764518005
0.999399352 0.027270698 -0.021393031 0.285091407 -0.027227225 0.999626786 0.002318440 -2.641722500 0.021447990 -0.001734563 0.999768989 43.400626720
0.999380339 0.027577667 -0.021880495 0.280679253 -0.027527161 0.999618086 0.002605802 -2.660435422 0.021944152 -0.002001772 0.999757705 43.715819846
0.999349336 0.027453844 -0.023400371 0.270052024 -0.027402064 0.999621659 0.002529559 -2.699349062 0.023460428 -0.001886623 0.999723633 44.350786048
0.999281728 0.028201150 -0.025303368 0.252268683 -0.028146489 0.999600834 0.002513108 -2.737586547 0.025363907 -0.001799079 0.999676675 44.976567888
0.999259241 0.028694284 -0.025664377 0.250028445 -0.028646815 0.999587946 0.002215032 -2.756979517 0.025717281 -0.001478135 0.999668338 45.286114665
0.999221909 0.029072372 -0.026668911 0.239112277 -0.029026266 0.999576668 0.002113588 -2.794274592 0.026719316 -0.001337810 0.999642629 45.894205273
0.999169925 0.028835814 -0.028794262 0.222123282 -0.028782471 0.999583652 0.002263356 -2.830449996 0.028847348 -0.001432681 0.999583080 46.490336144
0.999165937 0.028598137 -0.029140798 0.212363658 -0.028540938 0.999590478 0.002375222 -2.848675840 0.029197195 -0.001541428 0.999572604 46.791662654
0.999124914 0.029351674 -0.029802591 0.206143768 -0.029287559 0.999568142 0.002583041 -2.884647898 0.029865434 -0.001707951 0.999553135 47.387690109
0.999088538 0.028889348 -0.031426729 0.185610803 -0.028805295 0.999580506 0.003123733 -2.919018111 0.031502895 -0.002215651 0.999501983 47.965364062
0.999066766 0.028749496 -0.032250267 0.180186976 -0.028654526 0.999583757 0.003401116 -2.936248443 0.032334480 -0.002473821 0.999474541 48.255541583
0.998997580 0.028564667 -0.034476087 0.158640362 -0.028435188 0.999586659 0.004238896 -2.968557144 0.034583255 -0.003254313 0.999397368 48.808235250
0.998966165 0.027226451 -0.036402281 0.143889037 -0.027064561 0.999622071 0.004932805 -3.001769691 0.036523018 -0.003942446 0.999325504 49.371033532
0.998932384 0.026951176 -0.037535320 0.131671078 -0.026774670 0.999628027 0.005197466 -3.018435544 0.037661641 -0.004186845 0.999282382 49.651085734
0.998849782 0.026997949 -0.039620487 0.106583831 -0.026786293 0.999624170 0.005862309 -3.049917231 0.039764010 -0.004794321 0.999198547 50.185262807
0.998763128 0.027855094 -0.041199509 0.087279586 -0.027613942 0.999598597 0.006408869 -3.080640506 0.041360473 -0.005263275 0.999130896 50.704539852
0.998706364 0.028565073 -0.042076913 0.075135349 -0.028318908 0.999578236 0.006434594 -3.095999100 0.042243333 -0.005234685 0.999093713 50.956763324
0.998609895 0.028855576 -0.044122865 0.055548498 -0.028620809 0.999573001 0.005943974 -3.126960348 0.044274943 -0.004672809 0.999008964 51.449051512
0.998531370 0.027891092 -0.046458524 0.038493092 -0.027677825 0.999603735 0.005226783 -3.157994663 0.046585614 -0.003933163 0.998907190 51.934796239
0.998506384 0.027451045 -0.047244952 0.025340450 -0.027258464 0.999618012 0.004714940 -3.172828878 0.047356399 -0.003419954 0.998872906 52.161945650
0.998511727 0.024968803 -0.048484924 0.007639674 -0.024842584 0.999686811 0.003202564 -3.203759916 0.048549244 -0.001993239 0.998819334 52.621656482
0.998455557 0.024537730 -0.049854528 -0.010350858 -0.024480584 0.999699439 0.001756125 -3.232832834 0.049882462 -0.000532852 0.998754991 53.054506333
0.998407474 0.024843837 -0.050659659 -0.018443539 -0.024816342 0.999691681 0.001171409 -3.246954781 0.050673504 0.000087688 0.998715348 53.268621188
0.998304164 0.025336608 -0.052412756 -0.039619330 -0.025343557 0.999679060 0.000531025 -3.273375973 0.052409024 0.000798362 0.998625388 53.682131621
0.998238138 0.025916433 -0.053384196 -0.064337047 -0.025956532 0.999663755 -0.000057289 -3.298590857 0.053364943 0.001442956 0.998574662 54.077148600
0.998167747 0.026450694 -0.054432838 -0.073444740 -0.026496659 0.999649033 -0.000124226 -3.310252036 0.054410748 0.001566347 0.998517857 54.266307526
0.998129069 0.026032846 -0.055331441 -0.097370393 -0.026082161 0.999660761 -0.000170533 -3.332736087 0.055308084 0.001613488 0.998467952 54.631714335
0.998096274 0.025170184 -0.056305660 -0.110817038 -0.025206978 0.999683142 0.000056938 -3.353058859 0.056289075 0.001362610 0.998414343 54.970162835
0.998044460 0.024894507 -0.057330728 -0.120935553 -0.024944096 0.999689022 -0.000149375 -3.363486982 0.057309405 0.001579255 0.998355856 55.134290934
0.998014999 0.024701535 -0.057942395 -0.137197679 -0.024771208 0.999693675 -0.000484790 -3.383555443 0.057912649 0.001919174 0.998319844 55.452319615
0.997992430 0.023579060 -0.058788309 -0.148761076 -0.023671916 0.999720370 -0.000882914 -3.403019549 0.058751468 0.002272799 0.998270620 55.758241300
0.997984006 0.023292535 -0.059034511 -0.154543727 -0.023388297 0.999726050 -0.000932638 -3.412472123 0.058995833 0.002311461 0.998255724 55.911219193
0.997911169 0.023977789 -0.059987215 -0.167117436 -0.024118587 0.999708251 -0.001625072 -3.430852892 0.059929975 0.003068517 0.998198263 56.192100917
0.997803236 0.024495821 -0.061551840 -0.182867379 -0.024725249 0.999690747 -0.002969320 -3.449227004 0.061459952 0.004484695 0.998100014 56.453481857
0.997759267 0.024555513 -0.062239836 -0.188212456 -0.024830426 0.999685254 -0.003648377 -3.458032972 0.062130493 0.005185696 0.998054848 56.577656571
0.997637555 0.025550838 -0.063778000 -0.208519065 -0.025888353 0.999655198 -0.004471121 -3.472819860 0.063642036 0.006111727 0.997954249 56.795583256
0.997557161 0.025532586 -0.065022102 -0.224128851 -0.025914594 0.999651605 -0.005038805 -3.486443434 0.064870725 0.006711548 0.997871992 57.001437045
0.997512633 0.025277531 -0.065811531 -0.230488394 -0.025679645 0.999657269 -0.005272266 -3.492948337 0.065654663 0.006949298 0.997818432 57.100646088
0.997342763 0.025542684 -0.068236013 -0.243566258 -0.026025351 0.999642972 -0.006194385 -3.506784715 0.068053703 0.007953911 0.997650048 57.299947891
0.997197087 0.025107485 -0.070489004 -0.261991219 -0.025688926 0.999642968 -0.007354736 -3.520243811 0.070278996 0.009144878 0.997486133 57.485376380
0.997133121 0.025173486 -0.071354798 -0.265820338 -0.025787523 0.999638578 -0.007698010 -3.526522338 0.071134530 0.009516140 0.997421862 57.578060229
0.996937477 0.026421827 -0.073605998 -0.282078797 -0.027126118 0.999595457 -0.008585120 -3.539074440 0.073348842 0.010555520 0.997250959 57.757939191
0.996736136 0.027050346 -0.076060042 -0.303683840 -0.027874784 0.999563427 -0.009799307 -3.551398980 0.075761048 0.011887547 0.997055039 57.923935705
0.996663867 0.027146758 -0.076970269 -0.313583777 -0.028016808 0.999555375 -0.010247529 -3.557146738 0.076657932 0.012369788 0.996980940 58.004623891
0.996473148 0.027396499 -0.079322208 -0.322613526 -0.028373952 0.999534443 -0.011221875 -3.568738350 0.078977240 0.013433015 0.996785894 58.165878579
0.996374577 0.027089261 -0.080649438 -0.335180434 -0.028221182 0.999518298 -0.012929371 -3.580521049 0.080259459 0.015158482 0.996659409 58.308554562
0.996332791 0.026915453 -0.081221653 -0.349345067 -0.028088004 0.999517217 -0.013328061 -3.585188493 0.080823204 0.015560612 0.996606835 58.372609894
0.996212070 0.027144786 -0.082612269 -0.360837748 -0.028344704 0.999508844 -0.013386905 -3.593872627 0.082207768 0.015677842 0.996491874 58.512672480
0.996082370 0.028667805 -0.083660086 -0.369079893 -0.029868083 0.999467984 -0.013131502 -3.601425843 0.083239100 0.015578821 0.996408200 58.644396769
0.996011415 0.029600075 -0.084176329 -0.382163284 -0.030805991 0.999440482 -0.013064339 -3.605050888 0.083741948 0.015605501 0.996365567 58.705713263
0.995872918 0.031009699 -0.085293955 -0.388598013 -0.032222755 0.999397880 -0.012882654 -3.612433851 0.084843133 0.015577958 0.996272754 58.832777221
0.995764489 0.031648903 -0.086325810 -0.401826975 -0.032862815 0.999380216 -0.012676552 -3.619222392 0.085871160 0.015459846 0.996186832 58.949717686
0.995723046 0.031701496 -0.086778294 -0.411296181 -0.032917262 0.999379001 -0.012614327 -3.622317285 0.086324483 0.015417010 0.996148236 59.001725089
0.995667596 0.031560979 -0.087470594 -0.417658720 -0.032764149 0.999386811 -0.012353726 -3.627943825 0.087027082 0.015166172 0.996091196 59.100987718
0.995620775 0.031418108 -0.088049362 -0.430454126 -0.032605988 0.999395322 -0.012085678 -3.632907957 0.087616219 0.014903719 0.996043249 59.189196858
0.995603039 0.031505592 -0.088220033 -0.427708315 -0.032687161 0.999394150 -0.011981837 -3.635657313 0.087788023 0.014812863 0.996029648 59.237372946
0.995513133 0.031879525 -0.089098283 -0.439058523 -0.033047365 0.999386134 -0.011662361 -3.640269644 0.088671980 0.014554616 0.995954569 59.321866974
0.995429438 0.032430835 -0.089832629 -0.448962240 -0.033596361 0.999369844 -0.011492749 -3.644909468 0.089402589 0.014458334 0.995890573 59.402622752
0.995407279 0.032595182 -0.090011099 -0.453371792 -0.033759238 0.999365356 -0.011439814 -3.647202259 0.089581553 0.014426134 0.995875068 59.441601080
0.995378253 0.032664521 -0.090315448 -0.459299957 -0.033819164 0.999365121 -0.011283693 -3.651243943 0.089888916 0.014286059 0.995849347 59.512117770
0.995312797 0.032657521 -0.091030839 -0.461252740 -0.033807074 0.999366982 -0.011114870 -3.654637581 0.090610002 0.014140216 0.995786216 59.572398417
0.995272638 0.032671054 -0.091461499 -0.461325644 -0.033818989 0.999367248 -0.011029842 -3.656184394 0.091042834 0.014070913 0.995747844 59.600212533
0.995216209 0.032802247 -0.092030933 -0.470072899 -0.033940087 0.999366211 -0.010826327 -3.658913740 0.091617281 0.013898179 0.995697351 59.650373950
0.995185542 0.033014070 -0.092284563 -0.476651813 -0.034137128 0.999360991 -0.010617124 -3.661275088 0.091874627 0.013716416 0.995676368 59.694952957
0.995168483 0.033027464 -0.092458023 -0.474556411 -0.034143560 0.999361804 -0.010515722 -3.662443922 0.092051352 0.013621733 0.995661532 59.717185272
0.995125131 0.033000988 -0.092935587 -0.478243126 -0.034118730 0.999363025 -0.010463996 -3.664630682 0.092530367 0.013583803 0.995617913 59.754301781
0.995100148 0.032967154 -0.093219610 -0.480123038 -0.034080393 0.999365893 -0.010375794 -3.666467525 0.092818561 0.013502070 0.995591554 59.786768921
0.995101771 0.032917489 -0.093215880 -0.484460094 -0.034026403 0.999367740 -0.010331359 -3.667093727 0.092817185 0.013452595 0.995592549 59.797940440
0.995106103 0.032884618 -0.093182222 -0.483087427 -0.033984512 0.999370386 -0.010241398 -3.668398535 0.092786017 0.013358112 0.995596183 59.822032747
0.995095386 0.032813903 -0.093318674 -0.488869578 -0.033919331 0.999372606 -0.010284869 -3.669406481 0.092922388 0.013399883 0.995583465 59.836917551
0.995099255 0.032721264 -0.093314861 -0.490674440 -0.033859282 0.999370191 -0.010638809 -3.670325338 0.092907217 0.013746303 0.995580077 59.841532211
0.995116540 0.032474002 -0.093211943 -0.483512063 -0.033713523 0.999362743 -0.011754770 -3.672838069 0.092770426 0.014839902 0.995577350 59.850604531
0.995114585 0.032325258 -0.093289277 -0.484588027 -0.033693251 0.999346034 -0.013126714 -3.675427583 0.092804242 0.016205762 0.995553141 59.853248984
0.995104498 0.032263765 -0.093411900 -0.485307596 -0.033683808 0.999339944 -0.013665884 -3.676491827 0.092908370 0.016745544 0.995534238 59.855052345
0.995073818 0.032271813 -0.093736987 -0.484219339 -0.033760772 0.999327894 -0.014342183 -3.677505595 0.093210806 0.017436181 0.995493709 59.852188068
0.995092227 0.032180648 -0.093579312 -0.488844517 -0.033676139 0.999329082 -0.014446087 -3.676752783 0.093051299 0.017526575 0.995507633 59.836469377
0.995105714 0.032172934 -0.093434203 -0.486675393 -0.033677452 0.999326822 -0.014569960 -3.676614357 0.092902791 0.017645295 0.995519729 59.830872961
0.995105391 0.032120499 -0.093457519 -0.483781151 -0.033672348 0.999319965 -0.015075742 -3.677038654 0.092909432 0.018148895 0.995509236 59.823373929
0.995081105 0.031921528 -0.093778938 -0.481970671 -0.033531777 0.999315956 -0.015644830 -3.677766726 0.093215015 0.018712571 0.995470367 59.818658794
0.995067156 0.031937436 -0.093928468 -0.482692725 -0.033562327 0.999312938 -0.015770270 -3.678102328 0.093360282 0.018845038 0.995453908 59.820506607
0.995062279 0.031977024 -0.093963487 -0.488115313 -0.033578346 0.999316626 -0.015511197 -3.678513273 0.093402522 0.018589742 0.995455383 59.834493689
0.995046742 0.031968751 -0.094130318 -0.487465585 -0.033562294 0.999318392 -0.015395261 -3.679894168 0.093573718 0.018478216 0.995440803 59.860449640
0.995027229 0.031965859 -0.094341406 -0.492886198 -0.033569736 0.999316762 -0.015463947 -3.680884033 0.093781665 0.018554037 0.995420094 59.874401404
0.994988315 0.032002888 -0.094738711 -0.496572096 -0.033622274 0.999313823 -0.015546074 -3.683310347 0.094175913 0.018653555 0.995381033 59.911503299
0.994967715 0.032076164 -0.094924389 -0.502065784 -0.033695455 0.999312731 -0.015505700 -3.685797119 0.094361073 0.018626282 0.995364096 59.953272224
0.994956181 0.032061530 -0.095050154 -0.501054110 -0.033680733 0.999313074 -0.015480063 -3.687279710 0.094488609 0.018603427 0.995352313 59.978287828
0.994917977 0.031905549 -0.095499091 -0.511246562 -0.033518744 0.999321332 -0.015336243 -3.690360856 0.094944861 0.018459335 0.995311583 60.032164356
0.994867071 0.031808571 -0.096060928 -0.512838182 -0.033411785 0.999328136 -0.015128295 -3.693626618 0.095514175 0.018260267 0.995261093 60.091518661
0.994848537 0.031752172 -0.096277484 -0.515079223 -0.033354930 0.999330575 -0.015083428 -3.695601318 0.095734032 0.018217132 0.995241041 60.124911534
0.994819233 0.031805629 -0.096560612 -0.522814327 -0.033399872 0.999330660 -0.014939555 -3.699952995 0.096020730 0.018087350 0.995215275 60.200080030
0.994733690 0.032070664 -0.097348852 -0.533440404 -0.033670325 0.999323764 -0.014834877 -3.704838588 0.096806668 0.018034571 0.995140272 60.282689101
0.994673073 0.032230793 -0.097914764 -0.540018092 -0.033840849 0.999317648 -0.014827082 -3.707559266 0.097369960 0.018061668 0.995084320 60.327246186
0.994541722 0.032483743 -0.099152353 -0.547825658 -0.034101922 0.999311043 -0.014669332 -3.713587514 0.098607206 0.017970580 0.994964918 60.430220882
0.994426797 0.032491834 -0.100294788 -0.563223199 -0.034105451 0.999315148 -0.014415599 -3.720674184 0.099757277 0.017755947 0.994854066 60.552748019
0.994373990 0.032290216 -0.100889185 -0.569511267 -0.033921612 0.999319498 -0.014496810 -3.725213055 0.100352138 0.017837601 0.994792250 60.624168521
0.994248197 0.032112292 -0.102174860 -0.585699205 -0.033821054 0.999315312 -0.015036091 -3.735519647 0.101621605 0.018405357 0.994652636 60.776275991
0.994086626 0.033090639 -0.103427526 -0.604416169 -0.034901425 0.999267273 -0.015747276 -3.746461852 0.102830433 0.019263927 0.994512976 60.934883689
0.993991422 0.033712773 -0.104135418 -0.615401877 -0.035562175 0.999240270 -0.015953273 -3.751924483 0.103518444 0.019560695 0.994435842 61.018391700
0.993776632 0.034381768 -0.105953300 -0.633472893 -0.036265152 0.999216446 -0.015900323 -3.763139649 0.105322216 0.019643753 0.994244661 61.203022941
0.993515473 0.035091595 -0.108143727 -0.663033977 -0.037060307 0.999181872 -0.016249118 -3.775213166 0.107484783 0.020151623 0.994003039 61.389585925
0.993378371 0.035458897 -0.109283337 -0.669391477 -0.037518347 0.999154466 -0.016846298 -3.782316953 0.108593614 0.020834893 0.993868185 61.488758432
0.993107920 0.035445954 -0.111715603 -0.695766827 -0.037696262 0.999126368 -0.018094878 -3.797181937 0.110975871 0.022181537 0.993575420 61.694652309
0.992788917 0.035834992 -0.114397144 -0.727927085 -0.038245202 0.999089708 -0.018943368 -3.812246374 0.113613804 0.023181933 0.993254844 61.915480313
0.992184550 0.036202751 -0.119416081 -0.768625646 -0.038655471 0.999085643 -0.018286782 -3.831129406 0.118644712 0.022760027 0.992675905 62.241286104
0.991723683 0.036333693 -0.123144152 -0.804043217 -0.038878355 0.999076901 -0.018323870 -3.845338465 0.122364353 0.022959914 0.992219771 62.470573583
0.991478691 0.035876393 -0.125232905 -0.817992599 -0.038485808 0.999088314 -0.018479082 -3.852941715 0.124455715 0.023141402 0.991955555 62.589332632
0.990906046 0.033451259 -0.130337516 -0.851671879 -0.036235149 0.999162525 -0.019046139 -3.869635268 0.129590657 0.023595794 0.991287489 62.841706306
0.990068700 0.032686954 -0.136732126 -0.891130926 -0.035763531 0.999158868 -0.020105034 -3.888035464 0.135959358 0.024795409 0.990404793 63.108922158
0.989691946 0.032710469 -0.139431504 -0.918737900 -0.035955256 0.999137025 -0.020815780 -3.897104618 0.138629365 0.025614589 0.990012806 63.235180747
0.989026999 0.031949724 -0.144243389 -0.962894961 -0.035473572 0.999130230 -0.021923926 -3.916318780 0.143417254 0.026800132 0.989300044 63.514490807
0.988200932 0.031082942 -0.149975599 -1.015356187 -0.035125151 0.999086380 -0.024378692 -3.939232666 0.149079887 0.029359009 0.988389864 63.815060458
0.987693240 0.031556145 -0.153189875 -1.041581879 -0.036022801 0.999000552 -0.026470127 -3.952131920 0.152200925 0.031662714 0.987842952 63.965257294
0.986684789 0.031638468 -0.159539418 -1.095113995 -0.037075389 0.998824733 -0.031217693 -3.979122548 0.158364114 0.036717016 0.986698407 64.268380667
0.985610521 0.030446242 -0.166269713 -1.148284845 -0.036908671 0.998673917 -0.035916493 -4.006015244 0.164954919 0.041536552 0.985426229 64.570575872
0.985024503 0.030018785 -0.169780382 -1.184192816 -0.037073753 0.998569793 -0.038536610 -4.019712393 0.168380261 0.044254010 0.984728036 64.718037422
0.983783279 0.029391818 -0.176936753 -1.248491960 -0.037695891 0.998331647 -0.043755156 -4.047515231 0.175355658 0.049715516 0.983249399 65.021227067
0.982546583 0.027497329 -0.183974067 -1.306292312 -0.036893190 0.998173328 -0.047845200 -4.072387479 0.182321691 0.053797646 0.981765911 65.307780916
0.981897595 0.026689943 -0.187523739 -1.333608611 -0.036455867 0.998141911 -0.048824093 -4.083584250 0.185871883 0.054776567 0.981046340 65.460884044
0.980307694 0.026690533 -0.195667030 -1.410879386 -0.036815709 0.998154975 -0.048293382 -4.101937116 0.194016631 0.054546040 0.979480465 65.770370883
0.978674433 0.026627205 -0.203686886 -1.484620901 -0.036656505 0.998286810 -0.045625343 -4.117783213 0.202123164 0.052118757 0.977973248 66.098577699
0.977783772 0.026831486 -0.207893286 -1.529589718 -0.036714582 0.998365073 -0.043826881 -4.125364616 0.206377117 0.050486018 0.977169603 66.269765936
0.974073352 0.029679805 -0.224278830 -1.716064263 -0.038032257 0.998731157 -0.033012850 -4.152082704 0.223014288 0.040686813 0.973965797 66.999462033
0.973119420 0.029994985 -0.228339399 -1.766460401 -0.037863829 0.998828424 -0.030158143 -4.158687639 0.227166449 0.037993345 0.973114840 67.184721993
0.971293849 0.031758167 -0.235755750 -1.856845621 -0.038560443 0.998961524 -0.024298004 -4.171562522 0.234738767 0.032691452 0.971509051 67.556080672
0.969266240 0.031623470 -0.243975263 -1.958708754 -0.037843954 0.999067098 -0.020850273 -4.188859113 0.243086872 0.029442534 0.969558112 67.929153705
0.965879946 0.031293882 -0.257093869 -2.116276167 -0.038058114 0.999047769 -0.021375395 -4.223802066 0.256179195 0.030430672 0.966150070 68.472916769
0.963728174 0.030138641 -0.265178355 -2.228889166 -0.037089195 0.999086469 -0.021241648 -4.246941488 0.264296020 0.030306494 0.963965485 68.845749173
0.962645013 0.030649229 -0.269025989 -2.283253127 -0.037312759 0.999110277 -0.019689644 -4.256410338 0.268182503 0.028992303 0.962932271 69.041109993
0.960503364 0.032012296 -0.276420546 -2.404210640 -0.037382496 0.999200980 -0.014179106 -4.271421538 0.275745184 0.023952431 0.960932756 69.435923572
0.958376058 0.034723346 -0.283390081 -2.536302744 -0.038611162 0.999221247 -0.008143537 -4.285496323 0.282886158 0.018746620 0.958970914 69.831844244
0.957205873 0.037348589 -0.286988316 -2.602890575 -0.040548861 0.999164105 -0.005213774 -4.292715548 0.286553342 0.016627728 0.957920561 70.031194702
0.954580403 0.044073999 -0.294677545 -2.737516167 -0.045721640 0.998954220 0.001299111 -4.306118384 0.294426295 0.012233051 0.955596147 70.433695371
0.951945152 0.049121445 -0.302303168 -2.881461785 -0.049265606 0.998760678 0.007152637 -4.320510644 0.302279309 0.008084267 0.953185488 70.832514927
0.950501809 0.051091811 -0.306491846 -2.951294908 -0.050823937 0.998668754 0.008859819 -4.330397920 0.306536202 0.007155795 0.951832855 71.040109907
0.947308502 0.053244257 -0.315866997 -3.099910585 -0.052733734 0.998556948 0.010169479 -4.353798866 0.315952190 0.007023205 0.948749674 71.450523738
0.944265855 0.052036991 -0.325046694 -3.250236597 -0.052426488 0.998596954 0.007566309 -4.382910038 0.324983859 0.009896407 0.945668287 71.837351443
0.942808565 0.051447942 -0.329341689 -3.317155321 -0.052562629 0.998602640 0.005524869 -4.399130594 0.329165376 0.012102229 0.944195447 72.037086903
0.939920180 0.051366928 -0.337508027 -3.470716785 -0.054571944 0.998510071 -0.000008817 -4.433794439 0.337004352 0.018426779 0.941322786 72.431983149
0.936861502 0.052264455 -0.345774464 -3.637202721 -0.058602822 0.998250449 -0.007894372 -4.472832538 0.344756604 0.027659286 0.938285074 72.832333219
0.935278959 0.052928765 -0.349931720 -3.720662348 -0.060938080 0.998070876 -0.011909367 -4.493298727 0.348626035 0.032462796 0.936699727 73.046871784
0.931921807 0.054422006 -0.358552171 -3.899083624 -0.065327723 0.997695677 -0.018362286 -4.531585990 0.356726115 0.040535720 0.933329070 73.478094394
0.928158089 0.055551323 -0.368019001 -4.083225314 -0.068831924 0.997362108 -0.023047925 -4.566060489 0.365767559 0.046723515 0.929533560 73.896587421
0.926546014 0.055700191 -0.372035900 -4.175297283 -0.070069214 0.997224100 -0.025204033 -4.582968352 0.369598807 0.049421006 0.927876810 74.105854029
0.923423996 0.056202091 -0.379643975 -4.363419666 -0.072609319 0.996938032 -0.029025044 -4.616533801 0.376849967 0.054368109 0.924677590 74.534678092
0.920122258 0.056247618 -0.387571905 -4.549379260 -0.074347358 0.996724095 -0.031853078 -4.648104285 0.384510295 0.058123782 0.921289248 74.958019000
0.918250549 0.056169514 -0.391996250 -4.642542685 -0.074944001 0.996650176 -0.032745209 -4.663060130 0.388843453 0.059446025 0.919384344 75.170207125
0.914421617 0.056428205 -0.400810146 -4.838561860 -0.076118115 0.996541355 -0.033360258 -4.690825206 0.397540508 0.061014339 0.915554544 75.592027723
0.910637866 0.058394990 -0.409058851 -5.048972496 -0.078595663 0.996369332 -0.032731602 -4.716928245 0.405662154 0.061956974 0.911920748 76.023406973
0.908993333 0.059411919 -0.412555084 -5.153274464 -0.079825123 0.996282284 -0.032406650 -4.729789834 0.409095567 0.062389671 0.910356503 76.236772827
0.905269965 0.061072346 -0.420425422 -5.360428912 -0.082243018 0.996086519 -0.032392892 -4.756418866 0.416801121 0.063901404 0.906749652 76.659712696
0.901555087 0.062230182 -0.428166297 -5.581963073 -0.084428943 0.995882536 -0.033032588 -4.784829441 0.424347234 0.065930313 0.903096470 77.092001136
0.899809009 0.062642729 -0.431763665 -5.689514181 -0.085291726 0.995800870 -0.033274389 -4.799231185 0.427865399 0.066766499 0.901373805 77.313680321
