1.000000000 0.000000000 -0.000000000 0.000000000 0.000000000 1.000000000 0.000000000 0.000000000 0.000000000 -0.000000000 1.000000000 -0.000000000
0.999975618 0.000069716 -0.006848595 -0.015905007 -0.000078285 0.999999716 -0.001236090 -0.011738403 0.006848130 0.001236548 0.999975855 0.466454710
0.999900935 0.001228845 -0.014023407 -0.030065682 -0.001246852 0.999998962 -0.001274972 -0.021550660 0.014021468 0.001292289 0.999900913 0.952862642
0.999832672 0.000911932 -0.018234021 -0.037074232 -0.000939592 0.999998294 -0.001506196 -0.026852903 0.018232323 0.001523085 0.999832057 1.196556546
0.999656375 0.000952051 -0.026188498 -0.061881564 -0.001002562 0.999997529 -0.001913195 -0.037870928 0.026187209 0.001938784 0.999654968 1.675918659
0.999349220 0.001462575 -0.036037748 -0.087103712 -0.001539852 0.999997269 -0.002113558 -0.048234479 0.036034407 0.002167624 0.999347676 2.151310939
0.999170226 0.001648809 -0.040673636 -0.104987845 -0.001748710 0.999995698 -0.002416670 -0.054076002 0.040669423 0.002485803 0.999169386 2.385980897
0.998651956 0.002521990 -0.051843916 -0.141268749 -0.002760275 0.999986501 -0.004523909 -0.067976292 0.051831872 0.004660878 0.998644963 2.848306301
0.997968454 0.004350317 -0.063546237 -0.188600367 -0.004795933 0.999965444 -0.006859813 -0.082597500 0.063513964 0.007150663 0.997954720 3.299612657
0.997571174 0.005371428 -0.069445647 -0.207406981 -0.005904529 0.999954801 -0.007472096 -0.088608849 0.069402693 0.007863968 0.997557157 3.524321882
0.996636579 0.006044105 -0.081717987 -0.264025451 -0.006714669 0.999946561 -0.007932583 -0.100861380 0.081665173 0.008454564 0.996623670 3.985581433
0.995569217 0.006440288 -0.093805786 -0.321042730 -0.007401992 0.999923584 -0.009907150 -0.115654420 0.093734999 0.010557587 0.995541000 4.440815732
0.994987894 0.005923155 -0.099811437 -0.350404232 -0.007123158 0.999906578 -0.011669580 -0.124318340 0.099732916 0.012322029 0.994937466 4.658450180
0.993802214 0.003657920 -0.111101814 -0.418063105 -0.005230817 0.999890394 -0.013868819 -0.140396971 0.111038399 0.014364032 0.993711887 5.106637063
0.992581620 0.003652742 -0.121519541 -0.485870261 -0.005274304 0.999901982 -0.013024042 -0.151195227 0.121460152 0.013568360 0.992502631 5.556921104
0.991949311 0.004368455 -0.126554472 -0.525190745 -0.006041587 0.999899639 -0.012838773 -0.157193268 0.126485861 0.013500031 0.991875708 5.777544561
0.990529090 0.005603126 -0.137181605 -0.594271090 -0.007630432 0.999869400 -0.014256368 -0.171460182 0.137083664 0.015168116 0.990442605 6.211827439
0.988967978 0.005385175 -0.148029732 -0.673547387 -0.007678527 0.999859024 -0.014925114 -0.185210548 0.147928355 0.015897107 0.988870133 6.645073372
0.988102181 0.005359026 -0.153703502 -0.713381417 -0.007515797 0.999881336 -0.013454091 -0.188997553 0.153613029 0.014449168 0.988025340 6.861758151
0.986287989 0.007271765 -0.164869674 -0.803996764 -0.008749211 0.999928015 -0.008236839 -0.193037803 0.164797573 0.009566310 0.986280152 7.288176756
0.984500284 0.006058494 -0.175277734 -0.886292583 -0.007092246 0.999960883 -0.005271252 -0.200380886 0.175239565 0.006432709 0.984503992 7.693670400
0.983513955 0.004921792 -0.180760880 -0.927483530 -0.005624306 0.999978887 -0.003373354 -0.203373926 0.180740967 0.004334443 0.983520564 7.896430804
0.981616353 0.005325116 -0.190788105 -1.011338243 -0.006104673 0.999975134 -0.003497991 -0.215566697 0.190765602 0.004598352 0.981624877 8.281912710
0.979915401 0.007424378 -0.199273235 -1.105797373 -0.010608690 0.999832383 -0.014916040 -0.247286999 0.199129034 0.016730440 0.979829833 8.648033272
0.979227858 0.007146427 -0.202634325 -1.148213216 -0.012160373 0.999649554 -0.023508833 -0.267751942 0.202396011 0.025484573 0.978971720 8.825550626
0.977410354 0.006297724 -0.211255490 -1.242253294 -0.012346724 0.999551079 -0.027326111 -0.286951644 0.210988693 0.029317175 0.977047930 9.204866332
0.975170428 0.007319307 -0.221333927 -1.347674551 -0.013743187 0.999527921 -0.027496983 -0.300191005 0.221028870 0.029856057 0.974809866 9.574292454
0.974117382 0.007084697 -0.225930537 -1.391035854 -0.013808371 0.999507512 -0.028192846 -0.307221648 0.225620035 0.030582879 0.973735323 9.751082973
0.972245571 0.005843492 -0.233888348 -1.479986775 -0.012742352 0.999526664 -0.027995722 -0.318521474 0.233614584 0.030199035 0.971860258 10.082813148
0.970186725 0.004885007 -0.242305872 -1.571953596 -0.012205991 0.999513522 -0.028721184 -0.330827740 0.242047357 0.030822485 0.969774676 10.381663976
0.969115830 0.005612849 -0.246540275 -1.617302265 -0.013036008 0.999509603 -0.028487150 -0.335952992 0.246258810 0.030821254 0.968713039 10.538577965
0.966930215 0.009866651 -0.254846579 -1.709880109 -0.015771741 0.999652221 -0.021137768 -0.334212230 0.254549236 0.024458172 0.966750174 10.840697156
0.964579220 0.019278158 -0.263086082 -1.812790897 -0.020936178 0.999775201 -0.003499314 -0.315081996 0.262958906 0.008883360 0.964765439 11.152074461
0.963295301 0.023663468 -0.267396143 -1.869497877 -0.023103612 0.999719482 0.005240610 -0.305779494 0.267445020 0.001129481 0.963571981 11.305242748
0.960798046 0.028944840 -0.275731898 -1.963103274 -0.024632899 0.999514506 0.019089746 -0.292252830 0.276150521 -0.011549363 0.961044992 11.604610644
0.958765947 0.029880879 -0.282621964 -2.065690549 -0.023147984 0.999363653 0.027133402 -0.289993484 0.283252960 -0.019472462 0.958847319 11.907684397
0.957991270 0.028637675 -0.285361437 -2.111800677 -0.021130039 0.999346243 0.029354532 -0.291941876 0.286015647 -0.022091687 0.957970403 12.058687573
0.956640190 0.025615048 -0.290141707 -2.194897726 -0.017361853 0.999369159 0.030984515 -0.300041345 0.290753027 -0.024603622 0.956481724 12.347716820
0.954611628 0.026739739 -0.296650244 -2.296260707 -0.018248019 0.999341642 0.031358173 -0.311198280 0.297293503 -0.024521590 0.954470968 12.654504970
0.953503869 0.027544470 -0.300117306 -2.351949985 -0.019101999 0.999336225 0.031029364 -0.317940332 0.300772766 -0.023853845 0.953397133 12.807352112
0.951361562 0.029068056 -0.306701078 -2.463366874 -0.021445386 0.999372690 0.028195360 -0.335234081 0.307328702 -0.020246578 0.951387727 13.109982945
0.949422619 0.031426692 -0.312422916 -2.564966999 -0.025515566 0.999410450 0.022992071 -0.355894202 0.312961195 -0.013857521 0.949664369 13.407619280
0.948435832 0.031270955 -0.315421729 -2.620640179 -0.026289232 0.999453873 0.020037733 -0.367304002 0.315875614 -0.010712248 0.948739473 13.557385794
0.946324769 0.029428105 -0.321873161 -2.731038650 -0.026565301 0.999558818 0.013283887 -0.391825662 0.322122037 -0.004020153 0.946688733 13.865846354
0.944110484 0.025887126 -0.328609774 -2.851404055 -0.025312151 0.999662199 0.006028521 -0.417970029 0.328654817 0.002626203 0.944445992 14.174222884
0.942820135 0.023383041 -0.332478832 -2.906214787 -0.023726812 0.999714725 0.003026801 -0.429734864 0.332454766 0.005034954 0.943105533 14.332943892
0.940100717 0.019873030 -0.340316244 -3.026002100 -0.021174339 0.999776295 -0.000109621 -0.448808630 0.340237942 0.007309037 0.940310443 14.652415013
0.937393491 0.020652275 -0.347658172 -3.156311848 -0.022295618 0.999751129 -0.000726324 -0.463689989 0.347556613 0.008432077 0.937620299 14.969927031
0.936069102 0.021404310 -0.351164168 -3.231080233 -0.023389679 0.999725637 -0.001411802 -0.472439987 0.351037945 0.009535206 0.936312092 15.132588216
0.933353104 0.023226585 -0.358206112 -3.370574120 -0.026007390 0.999657274 -0.002946363 -0.489514631 0.358015016 0.012065979 0.933637955 15.457970650
0.930319290 0.026297779 -0.365804541 -3.511033435 -0.030330270 0.999526655 -0.005279873 -0.507553366 0.365492517 0.016006890 0.930676796 15.772380720
0.929117231 0.026599314 -0.368826767 -3.584576996 -0.031312010 0.999486572 -0.006796549 -0.517957469 0.368456540 0.017863491 0.929472892 15.946957597
0.926753417 0.024789242 -0.374850534 -3.722294089 -0.030272282 0.999503327 -0.008744763 -0.536560376 0.374447970 0.019451871 0.927043173 16.290232644
0.924464877 0.022079136 -0.380625621 -3.869657063 -0.027908445 0.999562295 -0.009801837 -0.554490958 0.380242885 0.019684159 0.924676745 16.638448263
0.923393873 0.020559623 -0.383300130 -3.944007469 -0.026680650 0.999587494 -0.010658827 -0.563945320 0.382923093 0.020069033 0.923561689 16.805078284
0.921350778 0.019222132 -0.388255521 -4.091518898 -0.026348876 0.999568369 -0.013039203 -0.583949382 0.387837537 0.022243756 0.921458775 17.150265201
0.919001146 0.020516177 -0.393719504 -4.257033433 -0.028577340 0.999485252 -0.014621774 -0.603797908 0.393217262 0.024688898 0.919113805 17.518253998
0.917834196 0.020908595 -0.396410757 -4.349797870 -0.029314361 0.999455179 -0.015157092 -0.613974894 0.395878013 0.025532241 0.917947581 17.702689655
0.915619356 0.022122919 -0.401437418 -4.523787891 -0.031280227 0.999378474 -0.016270427 -0.633947097 0.400827748 0.027454506 0.915741587 18.087551894
0.913544690 0.022052843 -0.406139037 -4.706757083 -0.032646360 0.999283532 -0.019172707 -0.657872676 0.405425041 0.030774071 0.913609352 18.481245053
0.912443320 0.020446350 -0.408690513 -4.798636737 -0.032098804 0.999250460 -0.021672357 -0.671699458 0.407940874 0.032893290 0.912415433 18.672577790
0.910259738 0.016120090 -0.413722729 -4.973245264 -0.030057639 0.999178590 -0.027199901 -0.699576439 0.412944805 0.037194514 0.909995416 19.045333008
0.908040783 0.012694866 -0.418688532 -5.148060116 -0.028193058 0.999126315 -0.030850004 -0.724200605 0.417931527 0.039817096 0.907605467 19.418153333
0.906977126 0.010944987 -0.421037463 -5.230360435 -0.027218212 0.999096239 -0.032660067 -0.736179260 0.420299093 0.041081881 0.906454280 19.605591679
0.905282809 0.008264868 -0.424727955 -5.414611770 -0.026285993 0.998985371 -0.036587439 -0.761961039 0.423994515 0.044286394 0.904580663 19.984311684
0.904317057 0.007091299 -0.426802216 -5.599101075 -0.025897798 0.998931414 -0.038275593 -0.783991107 0.426074366 0.045666476 0.903534778 20.363106782
0.904043938 0.007033782 -0.427380797 -5.681889717 -0.025809946 0.998938616 -0.038155533 -0.792685078 0.426657975 0.045524952 0.903265738 20.547623673
0.904352449 0.005776158 -0.426745872 -5.856592914 -0.024856785 0.998924153 -0.039155054 -0.813184278 0.426060490 0.046017469 0.903523149 20.924509497
0.905234428 0.004178443 -0.424889653 -6.022111430 -0.022579888 0.999012565 -0.038281982 -0.830027403 0.424310204 0.044248182 0.904434595 21.294549916
0.906274419 0.003421953 -0.422674643 -6.104313834 -0.021987249 0.998995853 -0.039055643 -0.840607108 0.422116523 0.044688620 0.905438690 21.484007730
0.909102603 0.001302386 -0.416568950 -6.267909540 -0.018974829 0.999087421 -0.038285967 -0.858337871 0.416138932 0.042710190 0.908297200 21.873945051
0.913068051 -0.001311812 -0.407803552 -6.412151645 -0.015446008 0.999166083 -0.037797339 -0.875445590 0.407513367 0.040810437 0.912286357 22.256032077
0.915425963 -0.001701208 -0.402482333 -6.484245529 -0.014574763 0.999195128 -0.037372804 -0.883692118 0.402221328 0.040078099 0.914663771 22.447579608
0.921082748 -0.001733144 -0.389361749 -6.618075506 -0.013708078 0.999226658 -0.036875560 -0.900310546 0.389124968 0.039302924 0.920345437 22.833710911
0.927714328 -0.003581853 -0.373272277 -6.741339113 -0.010551571 0.999303562 -0.035813165 -0.915928772 0.373140587 0.037162938 0.927029845 23.225888186
0.931088465 -0.003787463 -0.364771940 -6.802654787 -0.009715965 0.999333926 -0.035176139 -0.923572181 0.364662833 0.036296193 0.930431372 23.425465207
0.938319079 -0.002548279 -0.345759877 -6.916244758 -0.009941038 0.999361081 -0.034343015 -0.938828995 0.345625973 0.035661945 0.937693872 23.813718332
0.945955819 -0.001569217 -0.324289767 -7.008920152 -0.009491690 0.999426505 -0.032523338 -0.951588544 0.324154193 0.033843656 0.945398569 24.212081878
0.950054930 -0.001418486 -0.312079304 -7.060031831 -0.008578392 0.999493936 -0.030657729 -0.956932681 0.311964352 0.031803624 0.949561161 24.414743671
0.958348822 -0.000308609 -0.285598223 -7.123169432 -0.007430137 0.999634411 -0.026012239 -0.963515064 0.285501727 0.027050820 0.957995508 24.810398309
0.966655221 -0.000211828 -0.256078979 -7.175928173 -0.006013681 0.999704976 -0.023527227 -0.973497623 0.256008893 0.024282706 0.966369216 25.207032174
0.970732228 -0.000556338 -0.240161290 -7.196914279 -0.005030937 0.999730934 -0.022650634 -0.978988583 0.240109242 0.023195935 0.970468466 25.408849947
0.978303386 -0.001981348 -0.207164430 -7.228920191 -0.002246989 0.999794716 -0.020172377 -0.988337820 0.207161046 0.020200169 0.978098072 25.812569723
0.987955155 -0.001998232 -0.154721847 -7.241166836 -0.000264804 0.999893325 -0.014604065 -0.997281698 0.154734120 0.014469084 0.987849438 26.427393095
0.992771046 0.000054357 -0.120019374 -7.234264651 -0.001438620 0.999933903 -0.011445964 -1.002666769 0.120011225 0.011535878 0.992705234 26.819449619
0.996537202 -0.001457024 -0.083131487 -7.206549420 0.000654916 0.999953231 -0.009674033 -1.009839188 0.083141042 0.009586103 0.996490941 27.217547869
0.997954894 -0.001419869 -0.063897740 -7.187680806 0.000862817 0.999961880 -0.008743868 -1.013048086 0.063907967 0.008670894 0.997917384 27.416630322
0.999711466 -0.003031900 -0.023808081 -7.129986650 0.002834026 0.999961985 -0.008333721 -1.020997976 0.023831831 0.008263805 0.999681268 27.811880462
0.999802056 -0.008027475 0.018165421 -7.051400336 0.008211326 0.999915617 -0.010074265 -1.031982459 -0.018082998 0.010221419 0.999784124 28.213147364
0.996687627 -0.010434768 0.080650747 -6.914878095 0.011193739 0.999897875 -0.008965060 -1.040307820 -0.080548792 0.009838141 0.996701832 28.804858774
0.992359912 -0.011229229 0.122861999 -6.797875355 0.012108155 0.999906350 -0.006409799 -1.041048031 -0.122778556 0.007848463 0.992402204 29.193592391
0.989522221 -0.010264160 0.144010432 -6.739551013 0.011142359 0.999924540 -0.005294303 -1.041569842 -0.143945091 0.006843459 0.989561454 29.385964697
0.982329748 -0.010483776 0.186860313 -6.594294970 0.011265599 0.999932011 -0.003123520 -1.040894709 -0.186814710 0.005173433 0.982381205 29.754966627
0.973108861 -0.012406113 0.230008709 -6.440020332 0.012994322 0.999915662 -0.001043450 -1.039830365 -0.229975761 0.004004205 0.973187415 30.113074831
0.967696291 -0.014128271 0.251721266 -6.353078596 0.014380934 0.999896447 0.000835643 -1.037320302 -0.251707270 0.002811360 0.967798590 30.290726472
0.955784585 -0.018169135 0.293502595 -6.171053626 0.017341400 0.999835562 0.005422000 -1.029853671 -0.293552958 -0.000092496 0.955942452 30.627211340
0.941560604 -0.019495396 0.336276378 -5.980224247 0.017753058 0.999808715 0.008254829 -1.024506368 -0.336372788 -0.001802495 0.941726630 30.948769337
0.933560885 -0.018409411 0.357945932 -5.874999306 0.016250266 0.999827852 0.009039065 -1.022153776 -0.358049617 -0.002621763 0.933698589 31.106606260
0.916049055 -0.017081735 0.400701390 -5.665858334 0.013655890 0.999841900 0.011403788 -1.015940186 -0.400833465 -0.004974541 0.916136756 31.409365763
0.895652903 -0.018481379 0.444368367 -5.437589522 0.013723275 0.999809132 0.013921771 -1.008486953 -0.444540649 -0.006370884 0.895735280 31.702295846
0.884722443 -0.019713433 0.465699381 -5.313856432 0.014247098 0.999782898 0.015255002 -1.003952919 -0.465898653 -0.006861608 0.884810626 31.844347798
0.861858747 -0.022978697 0.506626843 -5.068404017 0.016463411 0.999714874 0.017336090 -0.995505922 -0.506880005 -0.006600449 0.861991156 32.106533138
0.836462675 -0.025711338 0.547419345 -4.804340291 0.018365244 0.999652741 0.018889487 -0.986503890 -0.547715504 -0.005746893 0.836644555 32.352900953
0.823684327 -0.027873105 0.566362083 -4.672502860 0.020298798 0.999601060 0.019673072 -0.981880185 -0.566683894 -0.004707932 0.823921058 32.474095850
0.795473806 -0.030251638 0.605232338 -4.399695666 0.021497949 0.999533314 0.021704843 -0.971094064 -0.605606350 -0.004254333 0.795752398 32.707606391
0.766433595 -0.031374605 0.641556275 -4.118142472 0.020770976 0.999495417 0.024065040 -0.958563766 -0.641986957 -0.005118494 0.766697179 32.928258861
0.751431461 -0.031825128 0.659042559 -3.978060472 0.019946234 0.999475117 0.025522090 -0.951647196 -0.659509748 -0.006032689 0.751671827 33.031628000
0.719984689 -0.034494253 0.693131812 -3.678386189 0.019762065 0.999377901 0.029207043 -0.935247247 -0.693708142 -0.007330886 0.720218719 33.233542090
0.688857631 -0.038509116 0.723872921 -3.370503952 0.021156326 0.999230552 0.033024801 -0.917448478 -0.724587554 -0.007434873 0.689142607 33.416616794
0.673474710 -0.040227160 0.738114162 -3.221859943 0.021496568 0.999161904 0.034840103 -0.908829679 -0.738896614 -0.007597010 0.673775415 33.505135555
0.641967084 -0.043513922 0.765495431 -2.905287218 0.022704515 0.999029731 0.037748142 -0.891354205 -0.766395407 -0.006852825 0.642332476 33.673319337
0.610265944 -0.045767852 0.790873441 -2.578710759 0.023252230 0.998934627 0.039866102 -0.874307514 -0.791854909 -0.005939357 0.610679289 33.840550355
0.595538368 -0.046936535 0.801953801 -2.421111353 0.023599559 0.998882851 0.040937048 -0.865774475 -0.802979136 -0.005453871 0.595980539 33.917170148
0.566756426 -0.048682554 0.822446003 -2.096290170 0.023097002 0.998799896 0.043204848 -0.847538772 -0.823561139 -0.005490602 0.567199789 34.066501764
0.537192519 -0.050355973 0.841954539 -1.762010986 0.022334319 0.998715541 0.045481556 -0.828484705 -0.843163650 -0.005627849 0.537627237 34.209926909
0.522097014 -0.050777300 0.851372519 -1.605158300 0.021532791 0.998692691 0.046358860 -0.819949831 -0.852613630 -0.005871482 0.522507486 34.278580872
0.490662994 -0.051835237 0.869805635 -1.252349264 0.022029940 0.998648094 0.047086126 -0.801999107 -0.871070175 -0.003941665 0.491141484 34.404163834
0.461732327 -0.054270465 0.885357477 -0.910385525 0.024930252 0.998526693 0.048205739 -0.783593838 -0.886669051 -0.000185965 0.462404349 34.521738475
0.447861712 -0.055712590 0.892364620 -0.724378572 0.026799127 0.998445169 0.048885323 -0.773134543 -0.893700185 0.002020790 0.448658208 34.580628275
0.422934553 -0.058567533 0.904265582 -0.352148491 0.029941884 0.998267545 0.050651716 -0.751210115 -0.905665335 0.005653086 0.423955382 34.701415207
0.402075699 -0.060985330 0.913572863 0.009642156 0.030281412 0.998119618 0.053301905 -0.727873159 -0.915105388 0.006232839 0.403166021 34.819191661
0.392048235 -0.062391025 0.917825978 0.185465723 0.029804715 0.998035131 0.055112303 -0.715624109 -0.919461145 0.005748892 0.393137006 34.878065734
0.374051424 -0.062758438 0.925281791 0.557480803 0.027437862 0.998020450 0.056599967 -0.693252709 -0.927000945 0.004216436 0.375033061 34.996870146
0.358543889 -0.062790267 0.931397918 0.939344106 0.026611525 0.998018052 0.057037104 -0.671801047 -0.933132371 0.004335542 0.359504380 35.112720499
0.351586792 -0.062607095 0.934058845 1.135321882 0.026482400 0.998026955 0.056926440 -0.661251680 -0.935779775 0.004721564 0.352551549 35.170667918
0.340216126 -0.062386475 0.938274399 1.517531106 0.026975117 0.998034180 0.056578624 -0.640839660 -0.939959667 0.006061169 0.341230093 35.289484662
0.329719088 -0.063130601 0.941964899 1.929946005 0.028625592 0.997971927 0.056864078 -0.617423365 -0.943644464 0.008215195 0.330858252 35.410507658
0.325086127 -0.063299367 0.943563051 2.136106983 0.028972491 0.997956164 0.056966291 -0.605718220 -0.945239402 0.008818416 0.326256199 35.470521229
0.316180512 -0.063658711 0.946559906 2.548622421 0.029975193 0.997918360 0.057099948 -0.582415653 -0.948224985 0.010319415 0.317430617 35.592537682
0.308596664 -0.063050722 0.949100821 2.971699893 0.029837524 0.997951237 0.056594391 -0.559515805 -0.950724791 0.010853954 0.309845711 35.719576291
0.304825907 -0.062962366 0.950324054 3.188095337 0.029985599 0.997952453 0.056499657 -0.547463097 -0.951935987 0.011273464 0.306089075 35.781639836
0.297444255 -0.062817071 0.952669784 3.620513182 0.030564667 0.997948462 0.056259585 -0.523361753 -0.954248995 0.012383937 0.298754398 35.901783911
0.290266082 -0.062634776 0.954893669 4.062775995 0.031197522 0.997944851 0.055975233 -0.498657490 -0.956436854 0.013542588 0.291624514 36.020000138
0.286719091 -0.062428982 0.955978401 4.289133402 0.031853088 0.997944660 0.055616013 -0.486375019 -0.957484307 0.014504701 0.288117370 36.081124100
0.280854144 -0.062230723 0.957730551 4.761892841 0.033607529 0.997921441 0.054986790 -0.460310807 -0.959161921 0.016743665 0.282361362 36.203505132
0.274913791 -0.062445293 0.959438031 5.224181925 0.034889446 0.997879333 0.054950069 -0.433817913 -0.960835002 0.018367723 0.276509390 36.321860261
0.268569944 -0.062374059 0.961237714 5.943044310 0.038050224 0.997809317 0.054115841 -0.393670686 -0.962507860 0.022041413 0.270355235 36.502517196
0.266337986 -0.060671740 0.961967284 6.416221187 0.039257319 0.997872139 0.052067011 -0.369773627 -0.963079346 0.023896836 0.268152913 36.627842052
0.265570567 -0.059611504 0.962246220 6.652884578 0.040039260 0.997907398 0.050770240 -0.358271101 -0.963258957 0.025044539 0.267401128 36.690993419
0.265036770 -0.058207800 0.962479452 7.146453807 0.041016780 0.997953761 0.049058346 -0.332471582 -0.963365516 0.026475527 0.266881916 36.820442389
0.265817890 -0.057597046 0.962300639 7.640598332 0.042150345 0.997953388 0.048087662 -0.305442639 -0.963101092 0.027778725 0.267701949 36.956886100
0.266477640 -0.057123814 0.962146621 7.897631924 0.042981782 0.997954176 0.047345341 -0.291688426 -0.962881652 0.028738304 0.268387219 37.024168572
0.267814505 -0.056195596 0.961829753 8.401732082 0.043612069 0.997982096 0.046164221 -0.264329939 -0.962482994 0.029583909 0.269724675 37.159674697
0.272137908 -0.055766136 0.960640811 8.927004856 0.045585843 0.997946120 0.045017769 -0.235599661 -0.961177839 0.031540541 0.274120673 37.307260181
0.274599000 -0.055704495 0.959943816 9.184836340 0.046249194 0.997930256 0.044678855 -0.221182731 -0.960445115 0.032127882 0.276606909 37.383517519
0.279565305 -0.054415358 0.958583522 9.710810989 0.046402544 0.997992029 0.043119427 -0.193218620 -0.959004304 0.032425948 0.281528680 37.538057801
0.284483672 -0.052967420 0.957215799 10.247233841 0.047350366 0.998030965 0.041153213 -0.165333961 -0.957510655 0.033617095 0.286431389 37.696630978
0.286977852 -0.052543779 0.956494235 10.505461153 0.047305700 0.998054435 0.040633490 -0.151272167 -0.956767879 0.033586773 0.288905362 37.776864141
0.291758663 -0.051901894 0.955082167 11.031727835 0.047003864 0.998098743 0.039880633 -0.122026805 -0.955335982 0.033257020 0.293643426 37.935413002
0.298298537 -0.051609850 0.953075967 11.558869622 0.048791585 0.998056606 0.038774438 -0.093336038 -0.953224572 0.034935749 0.300236968 38.102912364
0.302176664 -0.051592043 0.951854526 11.827659508 0.049121196 0.998051004 0.038501843 -0.078214175 -0.951984698 0.035121839 0.304121895 38.189192696
0.311453603 -0.053844108 0.948733812 12.355768437 0.051553621 0.997880709 0.039709007 -0.045643718 -0.948861555 0.036543191 0.313569677 38.369714247
0.322313293 -0.053815944 0.945101584 12.894913707 0.051184134 0.997913694 0.039367464 -0.015068381 -0.945247377 0.035685499 0.324395308 38.559209015
0.327791957 -0.052731568 0.943276763 13.154748380 0.051857778 0.997940383 0.037766568 -0.002806290 -0.943325390 0.036536681 0.329851693 38.655337890
0.338445158 -0.049407135 0.939687345 13.705652301 0.052605553 0.998053112 0.033528990 0.021742931 -0.939514278 0.038084995 0.340384615 38.858703859
0.351171043 -0.047250488 0.935118318 14.247529216 0.050919617 0.998212246 0.031316320 0.048978188 -0.934925849 0.036618471 0.352948301 39.075016575
0.356943211 -0.046987004 0.932943168 14.518030167 0.053281196 0.998132361 0.029884834 0.062136730 -0.932605157 0.039041145 0.358779758 39.178185077
0.369410161 -0.044768361 0.928187141 15.040354393 0.052339503 0.998256068 0.027317127 0.087473699 -0.927790926 0.038489545 0.371109044 39.399335363
0.383165147 -0.045015261 0.922582062 15.573877063 0.052288473 0.998267279 0.026991734 0.117087811 -0.922198078 0.037898074 0.384855036 39.635558811
0.389619535 -0.046629692 0.919794551 15.845385029 0.054330498 0.998142340 0.027587436 0.133497431 -0.919371818 0.039224254 0.391428835 39.751736921
0.404429963 -0.048476218 0.913283418 16.380105125 0.055645380 0.998048539 0.028334023 0.164832023 -0.912874238 0.039360828 0.406338429 40.001935073
0.420867283 -0.050501244 0.905714626 16.926798507 0.058621902 0.997876417 0.028399501 0.195584593 -0.905225518 0.041142302 0.422933826 40.272087795
0.429757965 -0.051160672 0.901493296 17.190145354 0.059825034 0.997813358 0.028107237 0.209857026 -0.900958937 0.041852575 0.431879097 40.407090511
0.448173771 -0.051973995 0.892433339 17.707542885 0.060590635 0.997779508 0.027680847 0.237974704 -0.891889996 0.041667284 0.450327538 40.685001709
0.466717701 -0.054558301 0.882721515 18.226838992 0.062034776 0.997657237 0.028862594 0.268529440 -0.882226960 0.041288827 0.469008882 40.984867821
0.476272592 -0.055269157 0.877557859 18.481960073 0.061823961 0.997657816 0.029279561 0.283155202 -0.877120862 0.040309052 0.478574644 41.139740727
0.495116935 -0.054392081 0.867121814 18.993164773 0.060347991 0.997781696 0.028129835 0.309002408 -0.866727542 0.038401480 0.497300899 41.457384265
0.512650927 -0.051651103 0.857041451 19.505507140 0.058468169 0.997972473 0.025170912 0.331626934 -0.856603632 0.037205779 0.514631063 41.784920633
0.520729201 -0.049538225 0.852283261 19.752433742 0.056624003 0.998121313 0.023418751 0.341698807 -0.851841769 0.036064815 0.522554906 41.956578306
0.533642494 -0.045497868 0.844484701 20.276321291 0.052527059 0.998407549 0.020597883 0.364605322 -0.844077192 0.033366400 0.535181650 42.300103603
0.544213270 -0.043632369 0.837810870 20.790832931 0.051049200 0.998518855 0.018841966 0.388341873 -0.837391294 0.032515537 0.545634407 42.651559830
0.549181649 -0.043328131 0.834578344 21.058280814 0.051087353 0.998527866 0.018222506 0.401226235 -0.834140057 0.032628915 0.550586812 42.829351299
0.558347861 -0.044005103 0.828438100 21.572404671 0.051355085 0.998510431 0.018426819 0.428133741 -0.828015035 0.032255955 0.559775900 43.178879529
0.565256140 -0.044599930 0.823708058 22.097887095 0.050273013 0.998543929 0.019567268 0.456793966 -0.823381901 0.030349697 0.566675786 43.543430393
0.567957389 -0.044038254 0.821878603 22.365570141 0.049167713 0.998600213 0.019529937 0.470384828 -0.821587650 0.029317676 0.569327672 43.724223203
0.571942232 -0.043916103 0.819116863 22.901761972 0.048389052 0.998633572 0.019753285 0.497790237 -0.818864548 0.028338583 0.573285962 44.094774902
0.576138445 -0.045081814 0.816107139 23.438314097 0.048361298 0.998609354 0.021021887 0.526872042 -0.815918873 0.027356504 0.577517436 44.470338822
0.578710594 -0.046068105 0.814230455 23.706669813 0.048869038 0.998568058 0.021764202 0.541628489 -0.814066695 0.027195444 0.580133484 44.659120830
0.582536057 -0.047962187 0.811387736 24.233495230 0.050367959 0.998469848 0.022858873 0.569714265 -0.811242347 0.027551796 0.584060414 45.037600463
0.585622931 -0.048104122 0.809153793 24.770797331 0.049782288 0.998487535 0.023330073 0.597271579 -0.809052378 0.026618904 0.587132410 45.420104003
0.585854066 -0.047839255 0.809002765 25.039167695 0.049510048 0.998504371 0.023191430 0.610325766 -0.808902269 0.026466925 0.587346678 45.607856205
0.587607568 -0.046979493 0.807780481 25.577204041 0.049382066 0.998534729 0.022151137 0.635135271 -0.807636499 0.026873679 0.589066133 45.996279146
0.590389606 -0.045678384 0.805823935 26.136809554 0.049788697 0.998556857 0.020125508 0.659478689 -0.805580579 0.028239005 0.591811683 46.399731860
0.591997469 -0.044693233 0.804699661 26.416542467 0.049744790 0.998583840 0.018865609 0.671280195 -0.804403318 0.028861178 0.593382164 46.600455074
0.592819584 -0.042193156 0.804228710 26.965336953 0.048928493 0.998669096 0.016327562 0.694066581 -0.803846626 0.029670413 0.594095371 46.994863471
0.594550079 -0.039971764 0.803063848 27.514505114 0.048569497 0.998725690 0.013752040 0.716847060 -0.802589952 0.030828187 0.595733632 47.393254684
0.595461628 -0.039207714 0.802426709 27.794205117 0.048456877 0.998742928 0.012841246 0.729167421 -0.801920357 0.031236602 0.596612949 47.593988283
0.596826938 -0.038048327 0.801466877 28.343550848 0.048508896 0.998759313 0.011291342 0.753562393 -0.800901628 0.032139307 0.597931749 47.995399012
0.598913242 -0.036411796 0.799985007 28.894221217 0.047856157 0.998808502 0.009633464 0.777672277 -0.799382379 0.032514621 0.599941364 48.410744302
0.599708605 -0.035361818 0.799436638 29.185060447 0.047002085 0.998854868 0.008923471 0.790789409 -0.798836744 0.032223627 0.600683495 48.623494200
0.601301398 -0.033442125 0.798321718 29.746621589 0.046045219 0.998913944 0.007163383 0.815199101 -0.797693955 0.032451532 0.602187818 49.047858642
0.603938249 -0.031836351 0.796394366 30.307972793 0.045355052 0.998956202 0.005539220 0.839975943 -0.795739115 0.032775212 0.604751390 49.470238966
0.604987528 -0.031262116 0.795620591 30.588465624 0.044864715 0.998980354 0.005137553 0.853038843 -0.794969309 0.032587196 0.605773329 49.679949028
0.606695077 -0.030232796 0.794358716 31.150006330 0.042767871 0.999070964 0.005359716 0.880713363 -0.793783035 0.030721307 0.607423811 50.106370285
0.608943229 -0.030941207 0.792609014 31.690185459 0.044876328 0.998983078 0.004519820 0.905581201 -0.791942056 0.032817146 0.609712336 50.517696262
0.609713156 -0.031149029 0.792008513 31.970221256 0.046980725 0.998890976 0.003118173 0.917021565 -0.791227991 0.035307961 0.610500942 50.721399447
0.611374799 -0.033586312 0.790627012 32.531135044 0.054393518 0.998519528 0.000356284 0.939866554 -0.789468134 0.042787190 0.612296730 51.137766703
0.613037452 -0.033038179 0.789362120 33.093428166 0.053030049 0.998593380 0.000610834 0.967449437 -0.788271353 0.041485464 0.613926855 51.572151994
0.613517667 -0.032344208 0.789017331 33.374795379 0.051491487 0.998673640 0.000900112 0.981440488 -0.787999821 0.040075395 0.614369384 51.791837967
0.615039874 -0.032913226 0.787808561 33.937597790 0.047800356 0.998847499 0.004412300 1.014236036 -0.787045379 0.034943704 0.615904230 52.235289194
0.617456636 -0.038596843 0.785656825 34.520574296 0.050362653 0.998686000 0.009481658 1.050903671 -0.784989979 0.033713314 0.618589865 52.681908225
0.619031926 -0.041645111 0.784260808 34.801756070 0.052634089 0.998548591 0.011478852 1.067818263 -0.783599383 0.034173065 0.620325130 52.901652716
0.620111930 -0.042549888 0.783357948 35.374853257 0.052762520 0.998529750 0.012470128 1.097067935 -0.782736416 0.033599032 0.621445106 53.345084519
0.621255179 -0.040857999 0.782542346 35.949416128 0.049370825 0.998697289 0.012948649 1.125280201 -0.782051319 0.030590302 0.622462242 53.803431559
0.621691042 -0.037959516 0.782341770 36.241931429 0.044232804 0.998932438 0.013318795 1.139928331 -0.782011874 0.026324969 0.622706411 54.035131037
0.624113811 -0.029525721 0.780774335 36.817742275 0.036174871 0.999306300 0.008873088 1.160236219 -0.780494628 0.022706629 0.624749351 54.501285731
0.625777460 -0.022421244 0.779678384 37.393290478 0.034891787 0.999391487 0.000734837 1.174385573 -0.779220468 0.026744475 0.626178575 54.960347024
0.627077041 -0.013724543 0.778836075 38.283292671 0.035025938 0.999330444 -0.010590894 1.198362609 -0.778169252 0.033920722 0.627137303 55.667046145
0.627020297 -0.009177760 0.778948198 38.869431469 0.032185941 0.999382075 -0.014133436 1.220486855 -0.778337286 0.033933145 0.626928375 56.137271680
0.627099713 -0.009566490 0.778880041 39.172751469 0.031384972 0.999423318 -0.012993830 1.236791798 -0.778305797 0.032593554 0.627038192 56.378017471
0.628172930 -0.011966365 0.777981155 39.789598537 0.029986213 0.999511775 -0.008838465 1.273123830 -0.777494730 0.028880807 0.628225235 56.863618040
0.629485155 -0.012734410 0.776907604 40.386408758 0.028570406 0.999568738 -0.006765044 1.304891325 -0.776486522 0.026455034 0.629577442 57.347032677
0.630133156 -0.012625334 0.776383819 40.700790955 0.028101224 0.999583829 -0.006552873 1.320264816 -0.775977803 0.025946557 0.630225694 57.597768709
0.630346411 -0.011840445 0.776222357 41.329252557 0.027098362 0.999610592 -0.006757964 1.349900175 -0.775840258 0.025294221 0.630421937 58.095235589
0.631305274 -0.009773041 0.775472157 41.948273972 0.025542593 0.999640745 -0.008196004 1.376965021 -0.775112988 0.024981751 0.631327670 58.597578135
0.631650329 -0.008989316 0.775201023 42.262753002 0.025144098 0.999644777 -0.008896083 1.390811886 -0.774844836 0.025110859 0.631651922 58.848283610
0.632353514 -0.008510384 0.774632646 42.891800751 0.024881145 0.999646855 -0.009328783 1.420034277 -0.774280185 0.025172850 0.632341568 59.351716625
0.634026074 -0.007954836 0.773270843 43.511446103 0.024166632 0.999662888 -0.009531232 1.449033012 -0.772933604 0.024730394 0.634004598 59.862063747
0.634485045 -0.008272836 0.772890239 43.836214478 0.024103059 0.999668483 -0.009086811 1.465304890 -0.772559028 0.024394464 0.634473787 60.116852245
0.635380607 -0.010208397 0.772130879 44.465934081 0.024424118 0.999678236 -0.006881814 1.498648378 -0.771811523 0.023231203 0.635425409 60.630325081
0.635966712 -0.011581922 0.771628960 45.105897735 0.025257190 0.999664188 -0.005812004 1.530716993 -0.771302807 0.023185429 0.636045436 61.144819683
0.636408673 -0.011633615 0.771263199 45.431275675 0.025304042 0.999663466 -0.005801089 1.546206719 -0.770936124 0.023207921 0.636489063 61.405566926
0.636314154 -0.009629558 0.771368875 46.092471621 0.023619365 0.999696996 -0.007004250 1.575763666 -0.771067316 0.022676179 0.636348686 61.930071691
0.637122831 -0.007123391 0.770728849 46.733554773 0.022745306 0.999695694 -0.009562918 1.601953429 -0.770425778 0.023623239 0.637090664 62.452414491
0.637028701 -0.006211796 0.770813747 47.080100990 0.022139210 0.999703095 -0.010240463 1.617412027 -0.770520796 0.023588714 0.636976697 62.724217279
0.639239459 -0.005609952 0.768986654 47.721577795 0.021194081 0.999722021 -0.010324903 1.647694888 -0.768715049 0.022898029 0.639180667 63.253612140
0.641383523 -0.007907589 0.767179624 48.351883544 0.022354780 0.999714977 -0.008384955 1.680625408 -0.766894577 0.022528090 0.641376950 63.773051110
0.642220060 -0.008302279 0.766475017 48.667524558 0.021987029 0.999729980 -0.007593907 1.696751518 -0.766204380 0.021729473 0.642228234 64.037742474
0.643209843 -0.008611888 0.765640422 49.309014562 0.021456905 0.999747187 -0.006780998 1.728297609 -0.765388313 0.020789911 0.643232767 64.568158352
0.644536855 -0.008874298 0.764520710 49.951114222 0.022414645 0.999722616 -0.007292643 1.757588781 -0.764243770 0.021836849 0.644557137 65.103507763
