1.000000000 0.000000000 -0.000000000 -0.000000000 -0.000000000 1.000000000 0.000000000 -0.000000000 0.000000000 -0.000000000 1.000000000 -0.000000000
0.999992479 0.001157744 0.003629224 0.008058552 -0.001158806 0.999998701 0.000271060 -0.000169137 -0.003629509 -0.000275289 0.999993864 0.300540109
0.999934297 0.003318330 0.010992730 0.031440264 -0.003322408 0.999994212 0.000347447 -0.001362855 -0.010991095 -0.000383968 0.999939509 0.882564256
0.999841746 0.005017892 0.017059565 0.049998163 -0.005025379 0.999987608 0.000393269 -0.002525265 -0.017057006 -0.000478964 0.999854536 1.449731298
0.999765911 0.005105449 0.021003078 0.068712180 -0.005117006 0.999986728 0.000494472 -0.003077514 -0.021000783 -0.000601855 0.999779116 1.733348263
0.999608761 0.003627866 0.027733484 0.106981517 -0.003642463 0.999992621 0.000473626 -0.004563885 -0.027731858 -0.000574487 0.999614954 2.301114434
0.999403855 0.003804353 0.034302363 0.143542603 -0.003797212 0.999992933 -0.000274381 -0.007286338 -0.034303441 0.000143947 0.999411393 2.867812160
0.999296507 0.003471304 0.037331523 0.160554780 -0.003450849 0.999993529 -0.000613775 -0.008574710 -0.037333709 0.000484495 0.999302840 3.150361670
0.999069030 0.004097922 0.042943142 0.196630411 -0.004085244 0.999991041 -0.000384274 -0.009697037 -0.042943921 0.000208462 0.999077751 3.740380926
0.998836908 0.004273656 0.048021800 0.239993343 -0.004299123 0.999990454 0.000426042 -0.009904957 -0.048019515 -0.000632023 0.998846707 4.311347619
0.998712629 0.004227589 0.050542597 0.260404840 -0.004272964 0.999990782 0.000788947 -0.010061053 -0.050538480 -0.001003920 0.998722133 4.596031365
0.998409386 0.003307419 0.056272155 0.313827226 -0.003384462 0.999993488 0.001273121 -0.010870289 -0.056268334 -0.001461559 0.998414957 5.137882305
0.998115736 0.002085025 0.061320508 0.361333434 -0.002214371 0.999995573 0.002041305 -0.011116225 -0.061316661 -0.002173246 0.998116625 5.676003376
0.997928883 0.000664794 0.064312333 0.390713557 -0.000824924 0.999996453 0.002463005 -0.011221655 -0.064309998 -0.002510986 0.997926734 5.942698843
0.997608237 -0.000290221 0.069119267 0.441948776 0.000049895 0.999993591 0.003477447 -0.011156890 -0.069119431 -0.003465714 0.997602480 6.506803879
0.997254988 0.000030177 0.074040468 0.497567048 -0.000316552 0.999992280 0.003854691 -0.012160185 -0.074039928 -0.003867587 0.997247715 7.026402071
0.997047833 0.000069194 0.076780254 0.524650218 -0.000357368 0.999992556 0.003738611 -0.013149950 -0.076779692 -0.003755024 0.997040626 7.279837612
0.996654188 0.000200956 0.081728215 0.580242846 -0.000442519 0.999995297 0.002936582 -0.016153076 -0.081727347 -0.002962948 0.996650811 7.799431839
0.996128043 0.000880999 0.087901641 0.638628141 -0.001076891 0.999997197 0.002180489 -0.019072061 -0.087899147 -0.002266716 0.996127303 8.308966048
0.995903059 0.000370996 0.090427572 0.670441366 -0.000532350 0.999997812 0.001759302 -0.020601576 -0.090426793 -0.001800287 0.995902012 8.541747150
0.995277653 0.000738812 0.097062481 0.730911991 -0.000718490 0.999999181 -0.000245055 -0.025532951 -0.097063313 0.000174154 0.995278503 8.993514470
0.994493642 0.002032204 0.104771391 0.796466981 -0.001844744 0.999996606 -0.001886645 -0.029905814 -0.104774942 0.001682967 0.994494877 9.448480885
0.993977946 0.002560428 0.109549601 0.831915586 -0.002308392 0.999993886 -0.002428140 -0.031623071 -0.109556070 0.002160616 0.993978825 9.671734427
0.992875955 0.003662479 0.119095535 0.904508995 -0.003290201 0.999989274 -0.003322803 -0.034761423 -0.119106914 0.002907269 0.992877514 10.119308093
0.991532768 0.002147050 0.129837342 0.990046230 -0.001608358 0.999989521 -0.004254220 -0.038068495 -0.129845854 0.004009366 0.991526279 10.563217213
0.990766095 0.001743759 0.135572082 1.031675026 -0.001130622 0.999988909 -0.004599930 -0.039489256 -0.135579098 0.004404162 0.990757046 10.778543149
0.989042607 0.000946630 0.147628891 1.120024675 -0.000274858 0.999988979 -0.004570934 -0.041172315 -0.147631576 0.004480246 0.989032206 11.212395303
0.987098959 0.000946829 0.160107014 1.217364107 -0.000393011 0.999994153 -0.003490811 -0.041154849 -0.160108709 0.003382824 0.987093593 11.628262449
0.985953555 0.002075239 0.167006466 1.264333201 -0.001538234 0.999993362 -0.003344952 -0.041787247 -0.167012551 0.003041048 0.985949951 11.835128755
0.983655781 0.005976901 0.179957977 1.357916183 -0.005388414 0.999977953 -0.003759084 -0.044220301 -0.179977183 0.002727942 0.983667418 12.225007695
0.981153698 0.007960768 0.193061857 1.462457393 -0.006921760 0.999957791 -0.006055854 -0.049957864 -0.193102352 0.004605377 0.981168503 12.621809055
0.979938990 0.007315359 0.199162434 1.516637753 -0.005667240 0.999944252 -0.008844361 -0.055605356 -0.199215901 0.007538212 0.979927204 12.809611043
0.977412197 0.007795999 0.211196523 1.622174520 -0.004526394 0.999861995 -0.015960702 -0.069424276 -0.211292718 0.014644200 0.977313301 13.195270200
0.974827427 0.006994155 0.222849230 1.736120447 -0.002261434 0.999766777 -0.021485633 -0.080560975 -0.222948435 0.020440889 0.974616118 13.550754119
0.973319453 0.005199873 0.229396393 1.793717950 0.000030383 0.999740314 -0.022791021 -0.083686307 -0.229455123 0.022189875 0.973066782 13.740693098
0.970103615 0.001697946 0.242683514 1.914578815 0.003630503 0.999762100 -0.021507542 -0.083489217 -0.242662868 0.021745646 0.969867261 14.100463469
0.966580851 0.000831731 0.256359483 2.041437407 0.003564573 0.999854542 -0.016684295 -0.077495964 -0.256335875 0.017040538 0.966437260 14.463976316
0.964631281 0.000922175 0.263601982 2.100818044 0.002796185 0.999901449 -0.013730639 -0.073545706 -0.263588985 0.013982093 0.964534098 14.654995319
0.960778561 0.000147986 0.277315932 2.235089367 0.001737797 0.999976661 -0.006554482 -0.063659813 -0.277310132 0.006779297 0.960756761 15.034972043
0.957270022 -0.000127479 0.289193709 2.370487420 -0.000430840 0.999998424 0.001866809 -0.051626138 -0.289193313 -0.001911661 0.957268960 15.403826845
0.955444846 -0.000408585 0.295167448 2.439437310 -0.001183562 0.999985809 0.005215355 -0.047047039 -0.295165040 -0.005332317 0.955431717 15.589050891
0.951287182 -0.002326473 0.308296020 2.586236605 -0.000401937 0.999961642 0.008786007 -0.043227722 -0.308304726 -0.008481932 0.951249729 15.941500021
0.946916297 -0.004358577 0.321450638 2.736035548 0.002443447 0.999976268 0.006360743 -0.049715032 -0.321470744 -0.005237623 0.946905591 16.307719887
0.944912355 -0.004146446 0.327296499 2.815506397 0.003212476 0.999988440 0.003394080 -0.056008160 -0.327306701 -0.002155725 0.944916376 16.475999995
0.940909794 -0.005009560 0.338617999 2.966329235 0.006219834 0.999977414 -0.002489121 -0.068367012 -0.338597751 0.004448171 0.940920728 16.831082040
0.936350591 -0.003325667 0.351048663 3.125881178 0.006426909 0.999949930 -0.007669478 -0.079625156 -0.351005917 0.009437455 0.936326480 17.179837066
0.934079735 -0.000940211 0.357062777 3.202583337 0.004674229 0.999942975 -0.009594955 -0.084132583 -0.357033628 0.010631447 0.934031521 17.358180900
0.929551005 0.002114469 0.368685751 3.362219009 0.002043078 0.999938329 -0.010886026 -0.088861278 -0.368686736 0.010872338 0.929491027 17.706948871
0.924664219 0.003339013 0.380768825 3.525291570 0.000409280 0.999951978 -0.009762717 -0.089527943 -0.380783003 0.009183061 0.924619333 18.057856886
0.922181988 0.001702721 0.386751571 3.617549171 0.001647845 0.999963669 -0.008331818 -0.088510290 -0.386751713 0.008320750 0.922147066 18.234146456
0.917023726 -0.000527872 0.398830303 3.804915024 0.003502457 0.999970763 -0.006729857 -0.088672165 -0.398815683 0.007568337 0.917000257 18.612171590
0.911349028 -0.002340938 0.411627466 4.000104695 0.005800745 0.999957350 -0.007156169 -0.092341037 -0.411594112 0.008909493 0.911324391 18.983327572
0.908091039 -0.002626564 0.418762714 4.104176573 0.006184990 0.999955686 -0.007140322 -0.093859867 -0.418725810 0.009074105 0.908067996 19.167074083
0.900606824 -0.000264031 0.434634091 4.320515509 0.003983571 0.999962297 -0.007647034 -0.097976372 -0.434616275 0.008618365 0.900574235 19.551554124
0.892484299 0.000579224 0.451077747 4.543610772 0.003767606 0.999954739 -0.008738505 -0.103128046 -0.451062715 0.009498437 0.892442288 19.940296096
0.887877509 -0.000823120 0.460079001 4.664607576 0.005367225 0.999948572 -0.008568938 -0.104575018 -0.460048876 0.010077483 0.887837045 20.134702707
0.878011111 -0.004788626 0.478615848 4.918744353 0.008814619 0.999942301 -0.006165715 -0.104086075 -0.478559178 0.009632403 0.878002700 20.519325426
0.866539737 -0.009292352 0.499021724 5.175694057 0.012340538 0.999920108 -0.002809529 -0.101933123 -0.498955460 0.008592774 0.866584897 20.893891258
0.860204655 -0.010593313 0.509838925 5.315851165 0.012779482 0.999917568 -0.000785691 -0.100422557 -0.509788991 0.007191288 0.860269812 21.076711327
0.846164806 -0.012054677 0.532784523 5.589352893 0.013472584 0.999908389 0.001226525 -0.100745888 -0.532751392 0.006140158 0.846250141 21.438080850
0.831132336 -0.011994636 0.555945439 5.870930399 0.013636955 0.999905716 0.001185996 -0.104656339 -0.555907965 0.006595660 0.831218022 21.780921885
0.823047597 -0.013454838 0.567812892 6.022569658 0.014876454 0.999887242 0.002129580 -0.105050663 -0.567777523 0.006694316 0.823155337 21.947348790
0.806727497 -0.018043779 0.590647679 6.341935388 0.019032442 0.999808335 0.004547980 -0.105105602 -0.590617158 0.007572453 0.806917148 22.290331016
0.790106334 -0.020083028 0.612640793 6.662110879 0.021258033 0.999759064 0.005357202 -0.108002208 -0.612601720 0.008790743 0.790342989 22.633840605
0.781610422 -0.019338360 0.623466224 6.832568342 0.021431087 0.999761873 0.004142851 -0.112388277 -0.623397727 0.010123469 0.781839212 22.800326371
0.765042829 -0.018690858 0.643707575 7.164137510 0.024535456 0.999699124 -0.000132805 -0.124089191 -0.643511393 0.015895298 0.765271688 23.127429119
0.748349292 -0.019091213 0.663029617 7.503638715 0.026784759 0.999640409 -0.001448102 -0.130857813 -0.662763151 0.018842760 0.748591634 23.447679447
0.739986215 -0.020780693 0.672299600 7.678636717 0.028136482 0.999603818 -0.000071670 -0.130833918 -0.672032538 0.018969306 0.740278915 23.605179765
0.723260005 -0.028255564 0.689996874 8.027443392 0.036845894 0.999318142 0.002300162 -0.131012557 -0.689592739 0.023759969 0.723808122 23.895795599
0.706953034 -0.028911335 0.706670008 8.388639070 0.038146281 0.999268021 0.002720462 -0.135169332 -0.706231520 0.025033608 0.707538534 24.206057693
0.699382740 -0.028670241 0.714171459 8.568071058 0.039066990 0.999234817 0.001855912 -0.139044773 -0.713678799 0.026602592 0.699968032 24.354556091
0.684306270 -0.030869702 0.728540966 8.949222569 0.043219771 0.999063677 0.001736525 -0.144195583 -0.727912403 0.030299042 0.684999733 24.653756807
0.670689636 -0.033884173 0.740963565 9.321977074 0.045385002 0.998958838 0.004601482 -0.144277752 -0.740348085 0.030542467 0.671530022 24.947637593
0.664211554 -0.035443918 0.746703785 9.505094706 0.046632750 0.998894163 0.005933677 -0.144421266 -0.746088283 0.030879724 0.665130759 25.086616202
0.649809679 -0.037649272 0.759164182 9.879166353 0.049517429 0.998747328 0.007146297 -0.147235373 -0.758482844 0.032948093 0.650860539 25.357706211
0.635813606 -0.037666953 0.770923076 10.261890172 0.052410488 0.998609778 0.005566455 -0.154948266 -0.770061655 0.036865210 0.636904138 25.622457307
0.629278177 -0.037038587 0.776295954 10.444950745 0.053446238 0.998560936 0.004318845 -0.159541404 -0.775340303 0.038772415 0.630353039 25.761427095
0.614618162 -0.036540504 0.787978004 10.841723834 0.055447445 0.998456508 0.003052204 -0.166935095 -0.786873319 0.041815442 0.615696309 26.011388431
0.599099669 -0.037415544 0.799799693 11.237649338 0.060263891 0.998180896 0.001554588 -0.174436869 -0.798404025 0.047267762 0.600264888 26.260816555
0.591512179 -0.037774543 0.805410504 11.440093838 0.062755287 0.998028836 0.000719438 -0.178362407 -0.803850739 0.050118220 0.592716754 26.376536081
0.577983204 -0.038532385 0.815138133 11.843050196 0.066978336 0.997754278 -0.000327017 -0.185219621 -0.813295026 0.054785618 0.579266755 26.618570287
0.565419476 -0.041016698 0.823782737 12.238421873 0.072513081 0.997367163 -0.000111338 -0.189649878 -0.821609854 0.059797944 0.566905585 26.855812324
0.560100264 -0.042714442 0.827322542 12.438361312 0.075253935 0.997163631 0.000535994 -0.190959916 -0.824999437 0.061959118 0.561726837 26.969938042
0.548986122 -0.046236817 0.834551460 12.841053886 0.079512661 0.996829229 0.002922323 -0.191855987 -0.832041242 0.064753094 0.550922182 27.188132709
0.538016282 -0.046917312 0.841627888 13.231619061 0.080349777 0.996757737 0.004200963 -0.194905051 -0.839096581 0.065364344 0.540042150 27.410520318
0.532589310 -0.046472717 0.845096927 13.429250392 0.080702573 0.996730581 0.003951451 -0.197969350 -0.842517029 0.066097079 0.534599211 27.511384385
0.523397304 -0.046614067 0.850812200 13.811585381 0.081988081 0.996624452 0.004165818 -0.202669336 -0.848135009 0.067576185 0.525452718 27.716779563
0.515373003 -0.048494625 0.855592608 14.203515654 0.083873681 0.996458340 0.005956809 -0.204710653 -0.852852137 0.068691745 0.517615316 27.916383809
0.511820230 -0.049405433 0.857670539 14.390765406 0.084822665 0.996372842 0.006776694 -0.205762109 -0.854894798 0.069281398 0.514154983 28.022515071
0.502836950 -0.051361932 0.862853973 14.787163258 0.088547955 0.996042445 0.007687672 -0.209082983 -0.859833615 0.072538327 0.505395478 28.213122591
0.495526861 -0.053854750 0.866921284 15.171474871 0.092250624 0.995693602 0.009124385 -0.211347119 -0.863680578 0.075452710 0.498361298 28.407929414
0.492260251 -0.055655210 0.868666674 15.358997483 0.093506546 0.995559767 0.010796356 -0.210848837 -0.865411315 0.075911422 0.495279013 28.502404570
0.486004735 -0.059211653 0.871948154 15.733222945 0.093411364 0.995506354 0.015536728 -0.207790539 -0.868950262 0.073898914 0.489352174 28.690825971
0.478830792 -0.062202579 0.875700088 16.101524920 0.092206579 0.995532400 0.020296046 -0.204738893 -0.873051482 0.071027062 0.482427535 28.875516374
0.475774194 -0.063024389 0.877306602 16.289047276 0.091057325 0.995599266 0.022140865 -0.204260610 -0.874842103 0.069351158 0.479419463 28.969991490
0.470626397 -0.063883116 0.880016836 16.665767541 0.088188782 0.995786365 0.025124458 -0.204617745 -0.877914615 0.065783350 0.474277625 29.160005114
0.465938290 -0.065660517 0.882377458 17.039962999 0.086126777 0.995872358 0.028626817 -0.203899250 -0.880616222 0.062658041 0.469670455 29.348421876
0.463549304 -0.066951624 0.883537761 17.224949263 0.085712351 0.995853019 0.030493365 -0.203225262 -0.881916355 0.061594965 0.467365560 29.441298387
0.458908053 -0.068935352 0.885805147 17.603622687 0.084624983 0.995844576 0.033657139 -0.202976393 -0.884444292 0.059515742 0.462835040 29.620720028
0.455145600 -0.070289626 0.887638431 17.976120537 0.081743671 0.995967437 0.036952999 -0.202664050 -0.886657137 0.055739843 0.459056607 29.808069989
0.453595068 -0.070834107 0.888388130 18.157715943 0.079929102 0.996052874 0.038608078 -0.202462395 -0.887616806 0.053495595 0.457466329 29.898813572
0.450418324 -0.071973249 0.889911833 18.521756651 0.076041089 0.996215972 0.042083433 -0.201771016 -0.889573961 0.048714705 0.454187090 30.080834307
0.448276026 -0.072399743 0.890958184 18.884105007 0.070199962 0.996487618 0.045654681 -0.201075823 -0.891134743 0.042079426 0.451784076 30.261789053
0.447589754 -0.072564607 0.891289702 19.067391483 0.067394639 0.996605045 0.047294400 -0.200977973 -0.891696460 0.038899685 0.450960475 30.353598425
0.446408526 -0.073128696 0.891835694 19.434811508 0.062261466 0.996778082 0.050568723 -0.200714185 -0.892660933 0.032952690 0.449523346 30.537750303
0.445464709 -0.072586860 0.892351822 19.790373533 0.055679810 0.997024056 0.053305595 -0.201323628 -0.893566315 0.025940171 0.448181658 30.714438480
0.445232011 -0.071523060 0.892553559 19.960691435 0.052219047 0.997181994 0.053858785 -0.202986896 -0.893891527 0.022628668 0.447712419 30.809908573
0.443825982 -0.069714455 0.893396733 20.314483918 0.050016126 0.997341707 0.052978331 -0.209612017 -0.894716445 0.021171063 0.446132888 30.985518828
0.443683752 -0.069179430 0.893508840 20.655663006 0.043494418 0.997503721 0.055633403 -0.210029059 -0.895127933 0.014179112 0.445584574 31.153146422
0.443217673 -0.069593726 0.893707848 20.818397766 0.040713478 0.997515520 0.057486066 -0.209145380 -0.895489647 0.010907198 0.444949811 31.243824583
0.442251835 -0.070867356 0.894086699 21.164669167 0.037170614 0.997464782 0.060675225 -0.208383963 -0.896120138 0.006399939 0.443764843 31.414652502
0.441234859 -0.069549297 0.894691666 21.516813151 0.032044109 0.997577752 0.061743873 -0.211585559 -0.896819281 0.001425970 0.442394967 31.589203548
0.439153829 -0.066063824 0.895979579 22.064245993 0.027487334 0.997813405 0.060099750 -0.222285491 -0.897991197 -0.001764940 0.440009841 31.851351698
0.437240139 -0.066428702 0.896887845 22.404545567 0.026362194 0.997786628 0.061049919 -0.225300408 -0.898958077 -0.003049644 0.438024521 32.018441144
0.436635130 -0.066328926 0.897190036 22.574257457 0.026504738 0.997793849 0.060867407 -0.227961815 -0.899247840 -0.002797155 0.437430043 32.101717081
0.435899721 -0.061089218 0.897919414 22.926536333 0.023024372 0.998124184 0.056729172 -0.240372765 -0.899700479 -0.004054274 0.436489363 32.264590690
0.433948666 -0.056907167 0.899138300 23.274578176 0.022742650 0.998376922 0.052211732 -0.253254142 -0.900651123 -0.002208417 0.434538011 32.424798377
0.433089569 -0.055350665 0.899650197 23.450177137 0.022728684 0.998465406 0.050488718 -0.258748658 -0.901064519 -0.001418364 0.433683179 32.511799682
0.431325811 -0.052121899 0.900688991 23.811802286 0.020392991 0.998637859 0.048024123 -0.268190834 -0.901966221 -0.002346248 0.431800887 32.680542153
0.429932588 -0.049711515 0.901491354 24.187210385 0.020721286 0.998762799 0.045193215 -0.278353590 -0.902623585 -0.000749946 0.430430197 32.846151982
0.429155657 -0.048527661 0.901925829 24.363659240 0.021268801 0.998821220 0.043620793 -0.283560037 -0.902980376 0.000462679 0.429682868 32.933686856
0.427092812 -0.046389639 0.903017046 24.738228087 0.021655304 0.998920742 0.041074243 -0.293180931 -0.903948777 0.002012504 0.427636725 33.098764761
0.425119594 -0.045957467 0.903969223 25.119611346 0.021742752 0.998940410 0.040560392 -0.299307375 -0.904876631 0.002411765 0.425669077 33.268113578
0.423939689 -0.046151785 0.904513670 25.309044291 0.021788079 0.998930867 0.040757361 -0.301542807 -0.905428636 0.002429004 0.424492128 33.351990130
0.421141981 -0.046360826 0.905808829 25.708219808 0.020994309 0.998923198 0.041365516 -0.305949440 -0.906752256 0.001596070 0.421661735 33.532535311
0.417351592 -0.045913053 0.907584660 26.116094169 0.020052044 0.998944726 0.041313833 -0.311615166 -0.908524138 0.000956488 0.417832178 33.706748795
0.414837716 -0.045925809 0.908734669 26.321851413 0.020036258 0.998943686 0.041338168 -0.314356915 -0.909674904 0.001059081 0.415320475 33.789092124
0.409265707 -0.046726330 0.911217431 26.743523470 0.021456955 0.998904027 0.041585559 -0.319593318 -0.912162639 0.002532337 0.409820037 33.960175245
0.402718753 -0.047324476 0.914098979 27.189982994 0.022556111 0.998872191 0.041775887 -0.325245115 -0.915046226 0.003794651 0.403332549 34.135055302
0.399586728 -0.047327464 0.915472821 27.420528473 0.022578291 0.998870875 0.041783874 -0.328342264 -0.916417573 0.003973483 0.400204364 34.221195685
0.392759128 -0.047690958 0.918403459 27.877387783 0.023756118 0.998847634 0.041708800 -0.334587023 -0.919334225 0.005436137 0.393439768 34.390811361
0.386756150 -0.047273702 0.920968790 28.330604661 0.023388116 0.998866142 0.041450411 -0.341193994 -0.921885145 0.005508564 0.387423585 34.569953507
0.383785884 -0.046940365 0.922228041 28.559453942 0.022971347 0.998883201 0.041282474 -0.344587304 -0.923136565 0.005341172 0.384435847 34.655027307
0.377863394 -0.046318140 0.924701787 29.018832802 0.023565443 0.998904881 0.040405365 -0.352317659 -0.925561104 0.006523267 0.378541844 34.826239032
0.372137623 -0.045952863 0.927039562 29.468062811 0.024481686 0.998912417 0.039687997 -0.359615168 -0.927855425 0.007926052 0.372857869 34.991055640
0.369183679 -0.046073924 0.928213111 29.697174951 0.024231491 0.998908329 0.039945240 -0.362238674 -0.929040851 0.007744757 0.369897469 35.064471787
0.362032077 -0.046636944 0.930997663 30.150917930 0.024428869 0.998878906 0.040537723 -0.367276038 -0.931845961 0.008067271 0.362766145 35.220298686
0.353991676 -0.046067501 0.934112475 30.620715554 0.023783956 0.998906802 0.040249649 -0.374119481 -0.934945761 0.007968873 0.354700630 35.386248964
0.349458857 -0.045618174 0.935840410 30.866994706 0.022741921 0.998932499 0.040201362 -0.377521189 -0.936676473 0.007234041 0.350123500 35.458664346
0.340112376 -0.045879359 0.939264608 31.354238357 0.022271454 0.998922180 0.040728749 -0.383113135 -0.940121349 0.007066400 0.340767027 35.611958704
0.330331071 -0.046290248 0.942728735 31.845958435 0.023195507 0.998892902 0.040920331 -0.389294696 -0.943580326 0.008349734 0.331039466 35.756257703
0.325262778 -0.046038090 0.944502275 32.096462440 0.023459590 0.998899482 0.040610585 -0.393175898 -0.945332451 0.008948525 0.325984458 35.831337123
0.314471645 -0.045122016 0.948193177 32.600254141 0.023757593 0.998930544 0.039657044 -0.401554101 -0.948969844 0.010055761 0.315207135 35.971434558
0.303484052 -0.045176050 0.951764255 33.120395400 0.024365378 0.998916049 0.039644862 -0.408468788 -0.952524863 0.011158521 0.304256416 36.110002674
0.297745683 -0.045057855 0.953580610 33.381314064 0.023900528 0.998923929 0.039737587 -0.411783050 -0.954345961 0.010959440 0.298502629 36.179820014
0.285981922 -0.045021049 0.957176555 33.887077003 0.023589975 0.998923062 0.039936520 -0.418145367 -0.957944620 0.011158606 0.286736626 36.309328262
0.274761165 -0.045704116 0.960425238 34.398180239 0.024249174 0.998880881 0.040596772 -0.423719322 -0.961207167 0.012135023 0.275562196 36.430376880
0.270560301 -0.045760856 0.961614999 34.660201014 0.023876185 0.998881042 0.040816386 -0.426805641 -0.962406677 0.011916451 0.271350018 36.489068490
0.260128173 -0.045496115 0.964501119 35.170439098 0.023984047 0.998885375 0.040649422 -0.433857565 -0.965276676 0.012558637 0.260929654 36.609581181
0.248529761 -0.045011711 0.967577558 35.684560804 0.024552433 0.998891753 0.040161871 -0.441467330 -0.968313258 0.013774919 0.249359446 36.708906399
0.242986722 -0.044478335 0.969009036 35.947414933 0.024012277 0.998917283 0.039829825 -0.445555472 -0.969733129 0.013589998 0.243792473 36.768129020
0.232299240 -0.044115818 0.971643273 36.483787373 0.025124836 0.998909299 0.039346895 -0.453434923 -0.972319806 0.015272065 0.233155105 36.869652469
0.219508661 -0.042667121 0.974676616 37.001528304 0.025126524 0.998959020 0.038071273 -0.462492324 -0.975287186 0.016133318 0.220352338 36.959447628
0.213503441 -0.041414905 0.976064082 37.251080450 0.025007562 0.999005188 0.036918132 -0.467809983 -0.976622545 0.016526797 0.214326544 36.998480668
0.201154971 -0.039408944 0.978765928 37.753826149 0.026674340 0.999040331 0.034743115 -0.478163082 -0.979196325 0.019119193 0.202013023 37.067020118
0.188273534 -0.039151422 0.981335758 38.258309975 0.027279498 0.999027783 0.034623535 -0.484950296 -0.981737688 0.020251658 0.189159445 37.136632634
0.180756990 -0.038977496 0.982755004 38.503657912 0.027233875 0.999029045 0.034613836 -0.488178596 -0.983150864 0.020507515 0.181643382 37.173004826
0.166299164 -0.037926847 0.985345449 38.998226382 0.027606120 0.999047446 0.033795009 -0.496052967 -0.985688611 0.021581526 0.167187912 37.224560033
0.150425440 -0.036830647 0.987935044 39.495587646 0.027525806 0.999074124 0.033054738 -0.503833196 -0.988238500 0.022221482 0.151300205 37.266055241
0.142413895 -0.036618008 0.989129674 39.736956793 0.027930395 0.999065988 0.032964464 -0.507122088 -0.989413100 0.022932211 0.143303962 37.288103144
0.125902001 -0.036512093 0.991370587 40.229517710 0.028136254 0.999052085 0.033221750 -0.513041164 -0.991643404 0.023710721 0.126809993 37.314744875
0.109813606 -0.035772938 0.993308316 40.714450094 0.028198035 0.999062241 0.032862671 -0.519952994 -0.993552897 0.024400548 0.110719740 37.336587658
0.101765142 -0.035218752 0.994184396 40.949297563 0.028316934 0.999070253 0.032493270 -0.523636729 -0.994405091 0.024845650 0.102667557 37.342711617
0.084963342 -0.034165760 0.995798251 41.421785937 0.028515504 0.999086079 0.031845542 -0.530860061 -0.995976475 0.025689982 0.085859776 37.344899634
0.069391142 -0.032983455 0.997043838 41.875405074 0.028383462 0.999114023 0.031076519 -0.538071312 -0.997186184 0.026143185 0.070266178 37.347020902
0.061749124 -0.032213409 0.997571898 42.100095357 0.028334143 0.999132679 0.030509982 -0.541972146 -0.997689159 0.026381332 0.062608189 37.346748456
0.045682577 -0.029952182 0.998506329 42.546329074 0.028727080 0.999176718 0.028657968 -0.550946218 -0.998543332 0.027375034 0.046504921 37.332410070
0.029588106 -0.027110892 0.999194011 42.987727054 0.029737976 0.999213191 0.026230729 -0.560818903 -0.999119851 0.028937900 0.030371469 37.303212735
0.021748893 -0.025779964 0.999430672 43.210120382 0.030861519 0.999208429 0.025102550 -0.565604073 -0.999287351 0.030298031 0.022527449 37.289680363
0.007276558 -0.022817768 0.999712961 43.643649026 0.032914747 0.999203603 0.022566473 -0.575519462 -0.999432319 0.032741082 0.008022007 37.267345142
-0.008000852 -0.019801665 0.999771850 44.051796370 0.033807943 0.999226514 0.020061332 -0.585067677 -0.999396565 0.033960663 -0.007325176 37.229020713
-0.015594554 -0.019125764 0.999695014 44.260667812 0.033269624 0.999253633 0.019636290 -0.588502451 -0.999324839 0.033565668 -0.014946660 37.206963053
-0.031237108 -0.019554937 0.999320614 44.668889526 0.031215630 0.999301569 0.020530308 -0.592251155 -0.999024831 0.031835700 -0.030605203 37.168650122
-0.047575184 -0.020957737 0.998647618 45.087792606 0.030123019 0.999294918 0.022406319 -0.594363141 -0.998413567 0.031148344 -0.046910459 37.113418052
-0.056113112 -0.021688074 0.998188592 45.294156807 0.029457700 0.999293141 0.023367984 -0.595352400 -0.997990326 0.030715637 -0.055434688 37.089766246
-0.072430412 -0.023375909 0.997099626 45.702065115 0.027536887 0.999297592 0.025427635 -0.597009635 -0.996993373 0.029298761 -0.071735972 37.027606106
-0.088992179 -0.024347078 0.995734192 46.112753908 0.028201806 0.999238697 0.026953187 -0.599532648 -0.995633145 0.030480160 -0.088238868 36.955384063
-0.097671422 -0.024672939 0.994912166 46.313441197 0.028254982 0.999221235 0.027553545 -0.601028647 -0.994817553 0.030802477 -0.096898538 36.916341088
-0.114008660 -0.024888301 0.993167600 46.686379464 0.028346918 0.999197852 0.028293315 -0.604467420 -0.993076038 0.031378917 -0.113211164 36.843983683
-0.130197058 -0.024108886 0.991194757 47.051937696 0.029500271 0.999167822 0.028177750 -0.609249049 -0.991049873 0.032909235 -0.129377537 36.755167455
-0.137970974 -0.023674931 0.990153067 47.221643222 0.029503564 0.999171926 0.028001616 -0.611726058 -0.989997017 0.033076416 -0.137157986 36.720252971
-0.153975186 -0.022867587 0.987809508 47.583811622 0.029105182 0.999192707 0.027667811 -0.616900026 -0.987646830 0.033010550 -0.153185430 36.629303974
-0.168898693 -0.023053440 0.985363471 47.929667648 0.027317244 0.999232777 0.028060251 -0.620637754 -0.985255124 0.031656670 -0.168138997 36.539890044
-0.175581127 -0.023349348 0.984188136 48.096842469 0.025422552 0.999277900 0.028242762 -0.622499094 -0.984136681 0.029979458 -0.174860596 36.503377788
-0.189233098 -0.023960228 0.981639949 48.435086888 0.022693382 0.999328216 0.028766543 -0.625909689 -0.981669900 0.027720311 -0.188562720 36.409167526
-0.201256253 -0.026797721 0.979171748 48.770592365 0.020666219 0.999286827 0.031595812 -0.625214779 -0.979320758 0.026594670 -0.200559738 36.325025589
-0.206137225 -0.028573894 0.978105610 48.947619942 0.020456282 0.999228963 0.033502225 -0.624067609 -0.978309383 0.026914458 -0.205393554 36.271063915
-0.215681020 -0.030181649 0.975997306 49.272958232 0.021422412 0.999135242 0.035631179 -0.624369732 -0.976228585 0.028593192 -0.214847911 36.180524027
-0.224371086 -0.029499583 0.974056581 49.606114954 0.023054415 0.999100839 0.035568490 -0.628598816 -0.974231032 0.030436866 -0.223489610 36.083114155
-0.228436216 -0.028955524 0.973127584 49.769304316 0.023839095 0.999091214 0.035324108 -0.631040704 -0.973267313 0.031267836 -0.227538462 36.032276579
-0.235293789 -0.027614922 0.971531497 50.087808447 0.025292532 0.999083194 0.034523568 -0.636377147 -0.971595298 0.032695655 -0.234379631 35.937462728
-0.240879754 -0.025252197 0.970226391 50.394178896 0.024777925 0.999175709 0.032157255 -0.644356542 -0.970239007 0.031786272 -0.240055311 35.846840846
-0.243487413 -0.023899566 0.969609431 50.542705666 0.024346457 0.999230745 0.030743425 -0.648685723 -0.969599075 0.031092176 -0.242717459 35.798597744
-0.248250147 -0.021751483 0.968451720 50.834437757 0.022753473 0.999341249 0.028277725 -0.656662570 -0.968429157 0.029055556 -0.247591763 35.710574082
-0.252316385 -0.019686539 0.967444251 51.115763010 0.020778349 0.999451647 0.025756914 -0.664596408 -0.967422134 0.026600788 -0.251769536 35.627813711
-0.254299077 -0.018476879 0.966949226 51.245170378 0.019940606 0.999504378 0.024343078 -0.668693397 -0.966920274 0.025472023 -0.253805318 35.591163475
-0.257525511 -0.016204991 0.966135573 51.506781757 0.018626826 0.999589981 0.021731059 -0.676493258 -0.966092697 0.023592367 -0.257118252 35.507803598
-0.260242608 -0.016717438 0.965398258 51.752722804 0.017483966 0.999604500 0.022022949 -0.679048977 -0.965384993 0.022610383 -0.259847693 35.438178515
-0.262040239 -0.017677875 0.964894336 51.876264642 0.017731563 0.999574703 0.023128608 -0.678632998 -0.964893732 0.023169737 -0.261616062 35.397806241
-0.264753081 -0.020531466 0.964097711 52.109577420 0.017871787 0.999497314 0.026193108 -0.676140541 -0.964150985 0.024164821 -0.264253209 35.320196198
-0.266481308 -0.023992760 0.963540711 52.328851442 0.016528137 0.999429462 0.029457453 -0.673147354 -0.963698495 0.023775333 -0.265932253 35.257377541
-0.267258501 -0.026071783 0.963271886 52.438621869 0.015621429 0.999384790 0.031383359 -0.671110872 -0.963498208 0.023435206 -0.266687697 35.220139693
-0.269279953 -0.030193603 0.962588207 52.669161599 0.013937053 0.999281682 0.035243273 -0.667172685 -0.962961237 0.022905967 -0.268666441 35.152592703
-0.271240039 -0.032616417 0.961958298 52.875464097 0.012000264 0.999233232 0.037263832 -0.666170597 -0.962437258 0.021651198 -0.270640291 35.093434309
-0.272089008 -0.032446974 0.961724985 52.976473108 0.011871638 0.999242351 0.037071407 -0.667754610 -0.962199466 0.021504008 -0.271497551 35.062518484
-0.273724459 -0.031422047 0.961294667 53.183810913 0.012600661 0.999263157 0.036251087 -0.671734139 -0.961725990 0.022035760 -0.273127455 34.992224034
-0.275226087 -0.031922220 0.960848855 53.382472185 0.013530757 0.999221250 0.037072751 -0.672714722 -0.961284087 0.023204432 -0.274579756 34.928264729
-0.276166495 -0.032760813 0.960550980 53.476481116 0.013057275 0.999198425 0.037832994 -0.672543498 -0.961021422 0.022990383 -0.275517762 34.904747580
-0.277811644 -0.034907070 0.960001085 53.684729720 0.012242922 0.999129257 0.039872739 -0.671485359 -0.960557649 0.022830363 -0.277143503 34.834996115
-0.278484760 -0.035660324 0.959778629 53.877214007 0.012092428 0.999100733 0.040630064 -0.672512460 -0.960364963 0.022920891 -0.277803525 34.778964912
-0.279080114 -0.034283622 0.959655523 53.974806901 0.011459701 0.999172132 0.039027902 -0.676538640 -0.960199542 0.021889310 -0.278456318 34.745912254
-0.280596599 -0.026699837 0.959453809 54.145691218 0.011380285 0.999450339 0.031141059 -0.692536676 -0.959758482 0.019656868 -0.280137899 34.688185603
-0.282157049 -0.016201821 0.959231349 54.305264820 0.012509722 0.999710429 0.020565163 -0.712989416 -0.959286297 0.017802314 -0.281872887 34.635180328
-0.282648587 -0.012002703 0.959147745 54.395772365 0.012087054 0.999797896 0.016073195 -0.721909797 -0.959147768 0.016136353 -0.282446550 34.609513163
-0.283830998 -0.007096162 0.958847751 54.577963036 0.010451724 0.999890208 0.010493708 -0.733793100 -0.958817720 0.013000046 -0.283725446 34.547064463
-0.284234732 -0.000351701 0.958754591 54.838365751 0.008401221 0.999960929 0.002857444 -0.750130204 -0.958717968 0.008866888 -0.284220964 34.474813842
-0.284639146 0.007048420 0.958608253 54.996322782 0.009536743 0.999944046 -0.004520670 -0.764669629 -0.958587243 0.007855227 -0.284690093 34.420754294
-0.284596948 0.009649819 0.958598115 55.154406753 0.013255562 0.999893527 -0.006130125 -0.769309890 -0.958556145 0.010962134 -0.284694943 34.366714373
-0.284826402 0.010298314 0.958523807 55.236554989 0.015651589 0.999858639 -0.006091608 -0.770221878 -0.958451721 0.013267381 -0.284947625 34.335733106
-0.285637691 0.009818932 0.958286882 55.404265144 0.018723662 0.999813154 -0.004663503 -0.769793672 -0.958155337 0.016610544 -0.285768580 34.275907030
-0.285611479 0.011289321 0.958278867 55.557037154 0.021125144 0.999761197 -0.005481823 -0.773012481 -0.958113280 0.018678096 -0.285781642 34.230331119
-0.285054426 0.012304682 0.958431974 55.631295923 0.021501545 0.999747991 -0.006440217 -0.775537041 -0.958270535 0.018771944 -0.285246805 34.206208854
-0.284128964 0.011092132 0.958721515 55.773698408 0.020254071 0.999779395 -0.005564671 -0.775803086 -0.958572308 0.017836869 -0.284290926 34.165902001
-0.284552823 0.010810680 0.958598868 55.918029817 0.019662831 0.999792066 -0.005438523 -0.777352967 -0.958458671 0.017301294 -0.284706956 34.114999420
-0.284839128 0.010902032 0.958513643 55.983593589 0.019646634 0.999791986 -0.005533229 -0.778318460 -0.958374173 0.017255422 -0.284994067 34.097209447
-0.284583861 0.011571429 0.958580748 56.119196150 0.020065830 0.999779926 -0.006111656 -0.780949051 -0.958441676 0.017495479 -0.284753269 34.052633923
-0.284216084 0.011366742 0.958692926 56.247794270 0.020079831 0.999780397 -0.005901071 -0.782164375 -0.958550482 0.017573138 -0.284382522 34.015456402
-0.284340680 0.011256747 0.958656978 56.315311329 0.020569275 0.999772731 -0.005638651 -0.782513864 -0.958503122 0.018115511 -0.284507221 33.987074467
-0.284906390 0.008717264 0.958515396 56.438888813 0.020911309 0.999777096 -0.002876936 -0.779318120 -0.958327334 0.019224151 -0.285025698 33.946707704
-0.284890245 0.005254819 0.958545014 56.563330937 0.020862510 0.999781553 0.000719673 -0.774684403 -0.958333414 0.020202674 -0.284937959 33.906876790
-0.284699652 0.003980481 0.958608141 56.626389263 0.021095388 0.999774661 0.002113648 -0.773064393 -0.958384971 0.020823942 -0.284719960 33.887492949
-0.284842060 0.001973396 0.958571580 56.744612857 0.019591567 0.999800325 0.003763362 -0.771716921 -0.958374502 0.019851851 -0.284823954 33.855583713
-0.285513324 0.003933202 0.958366329 56.855980752 0.018590433 0.999826421 0.001435011 -0.777083628 -0.958194375 0.018226153 -0.285537063 33.819397184
-0.285359020 0.005372078 0.958405596 56.906881418 0.019163972 0.999816634 0.000101743 -0.779976411 -0.958229500 0.018395872 -0.285409656 33.804201606
