1.000000000 0.000000000 0.000000000 0.000000000 0.000000000 1.000000000 0.000000000 0.000000000 -0.000000000 0.000000000 1.000000000 -0.000000000
0.999998099 -0.001712400 0.001351840 0.016785350 0.001707958 0.999992835 0.003217065 0.015207617 -0.001357395 -0.003214780 0.999993795 0.354321219
0.999998939 -0.001403493 0.001239458 0.015320217 0.001398122 0.999989666 0.004237965 0.022176269 -0.001245489 -0.004236119 0.999990424 0.535465456
0.999999047 -0.001646955 0.000709279 0.032301717 0.001643546 0.999988666 0.004569888 0.032545507 -0.000716862 -0.004568701 0.999989218 0.897920263
0.999999815 -0.000176715 0.000753214 0.039852968 0.000173038 0.999988409 0.004799874 0.043373639 -0.000754073 -0.004799732 0.999988943 1.272821470
0.999999329 0.001152435 0.001197206 0.048129783 -0.001157500 0.999990756 0.004135964 0.047030054 -0.001192496 -0.004137337 0.999991159 1.450595172
0.999988255 0.004881024 0.000313960 0.045150494 -0.004881611 0.999986571 0.001532120 0.053060900 -0.000306542 -0.001533654 0.999998881 1.818107443
0.999980621 0.006276655 -0.000272201 0.050949021 -0.006277046 0.999980114 -0.000992076 0.058304076 0.000265899 0.000993794 0.999999556 2.159192296
0.999981002 0.006197750 -0.000398229 0.048485102 -0.006198609 0.999979401 -0.001845458 0.061601995 0.000386736 0.001847846 0.999998529 2.321454956
0.999977724 0.006626462 -0.000855247 0.053971958 -0.006629327 0.999972608 -0.003349572 0.068396936 0.000832991 0.003355096 0.999994568 2.654500665
0.999981371 0.006056079 -0.001294869 0.059128531 -0.006061534 0.999973401 -0.004140266 0.076214186 0.001269698 0.004148084 0.999990494 2.979522446
0.999977181 0.006608280 -0.001541187 0.066616943 -0.006615561 0.999967313 -0.004706062 0.079580545 0.001509932 0.004716175 0.999988307 3.140316061
0.999959974 0.008669289 -0.002131971 0.061802575 -0.008682031 0.999944229 -0.006032427 0.086799900 0.002079569 0.006050640 0.999979781 3.466822102
0.999944126 0.010407158 -0.002105295 0.066351363 -0.010423000 0.999916992 -0.007590157 0.092953907 0.002026128 0.007611747 0.999969659 3.779899850
0.999931966 0.011330243 -0.002716213 0.073827107 -0.011350585 0.999907047 -0.007563212 0.097262216 0.002630270 0.007593556 0.999968475 3.939667078
0.999894300 0.013845864 -0.004580564 0.068517262 -0.013874037 0.999885217 -0.006155542 0.108618195 0.004494715 0.006218391 0.999970515 4.252063782
0.999867776 0.014525754 -0.007293990 0.072003168 -0.014562996 0.999881376 -0.005069022 0.118394400 0.007219467 0.005174602 0.999960901 4.539055150
0.999845787 0.014617573 -0.009747570 0.068923658 -0.014661030 0.999882952 -0.004398282 0.123714041 0.009682140 0.004540544 0.999943381 4.686269929
0.999773794 0.013948551 -0.016095336 0.053143965 -0.014002160 0.999896891 -0.003216198 0.134604113 0.016048769 0.003440924 0.999865908 4.989154592
0.999655647 0.013265494 -0.022650831 0.036786361 -0.013339352 0.999905993 -0.003108742 0.143378488 0.022607429 0.003409851 0.999739140 5.281107544
0.999567855 0.013087815 -0.026347337 0.033544924 -0.013186161 0.999906425 -0.003558356 0.146696032 0.026298272 0.003904263 0.999646898 5.426381218
0.999298877 0.013608484 -0.034900852 0.007198120 -0.013765532 0.999896084 -0.004261135 0.154353048 0.034839175 0.004738630 0.999382210 5.719833357
0.998875933 0.015074280 -0.044950836 -0.019418895 -0.015266821 0.999875296 -0.003941919 0.163439034 0.044885809 0.004623732 0.998981604 6.006249200
0.998581172 0.015574491 -0.050927895 -0.032790121 -0.015779666 0.999869064 -0.003628120 0.168151233 0.050864679 0.004426539 0.998695993 6.147953281
0.997884120 0.016183464 -0.062975190 -0.060265117 -0.016389614 0.999862207 -0.002756957 0.177572359 0.062921241 0.003783230 0.998011371 6.415372433
0.996884024 0.015627042 -0.077327434 -0.098025509 -0.015844454 0.999872188 -0.002196761 0.186565859 0.077283180 0.003415123 0.997003395 6.677275719
0.996258580 0.014833386 -0.085144124 -0.122053142 -0.015073249 0.999884053 -0.002174263 0.190713933 0.085101951 0.003449438 0.996366113 6.805473305
0.994609859 0.013197659 -0.102852128 -0.179561509 -0.013454022 0.999907550 -0.001797962 0.200121224 0.102818036 0.003172031 0.994694952 7.073296815
0.992583371 0.012454328 -0.120928172 -0.238013209 -0.012735593 0.999918061 -0.001552817 0.208737736 0.120898675 0.003081449 0.992660005 7.321156670
0.991324304 0.012159043 -0.130875321 -0.271940827 -0.012481892 0.999920720 -0.001646378 0.213004258 0.130845157 0.003265644 0.991397502 7.451817249
0.988416718 0.011838847 -0.151301534 -0.340148818 -0.012200016 0.999924601 -0.001458814 0.221920270 0.151272200 0.003287733 0.988486653 7.705132852
0.984544131 0.010660104 -0.174812097 -0.417550258 -0.011054914 0.999938412 -0.001284749 0.231520342 0.174787489 0.003197408 0.984600872 7.975884979
0.982405177 0.008994370 -0.186546753 -0.461825827 -0.009383577 0.999955323 -0.001203486 0.236184227 0.186527353 0.002932800 0.982445864 8.099007348
0.977298183 0.004921106 -0.211810689 -0.549821174 -0.005105284 0.999987275 -0.000322282 0.246998342 0.211806138 0.001396329 0.977311063 8.356201883
0.970942216 0.003843266 -0.239284723 -0.657286290 -0.003483057 0.999992211 0.001928668 0.260931781 0.239290354 -0.001039193 0.970947687 8.623236170
0.967321344 0.003742551 -0.253527037 -0.710986166 -0.003127943 0.999990824 0.002827581 0.267525964 0.253534725 -0.001942167 0.967324596 8.757763337
0.959342411 0.005278963 -0.282198524 -0.838819710 -0.004142054 0.999980793 0.004625316 0.281151902 0.282216844 -0.003268423 0.959345078 9.017747428
0.950105030 0.007552699 -0.311839191 -0.976113026 -0.005788942 0.999961077 0.006581482 0.295699177 0.311877313 -0.004447857 0.950112733 9.289165311
0.945284598 0.008207350 -0.326143129 -1.050063646 -0.006136503 0.999954010 0.007377960 0.302729252 0.326188843 -0.004972923 0.945291544 9.418619559
0.934891115 0.009072128 -0.354820025 -1.188599975 -0.006375408 0.999940994 0.008768746 0.315774004 0.354878829 -0.005935685 0.934893759 9.664098326
0.923624876 0.009749266 -0.383174977 -1.337064434 -0.005976209 0.999920711 0.011036195 0.330741185 0.383251873 -0.007903348 0.923609922 9.909989610
0.917365237 0.010181613 -0.397917624 -1.420994476 -0.005613009 0.999904516 0.012644657 0.339536772 0.398009078 -0.009366347 0.917334145 10.038861564
0.904456649 0.012413343 -0.426385629 -1.589404733 -0.006550868 0.999863171 0.015213314 0.355801436 0.426516231 -0.010966647 0.904414055 10.285651082
0.891001481 0.013609516 -0.453797908 -1.768213477 -0.007006228 0.999844123 0.016229484 0.369723366 0.453947301 -0.011281085 0.890956847 10.525980449
0.884245699 0.014797824 -0.466787739 -1.852621304 -0.007861062 0.999827994 0.016804696 0.376647164 0.466956089 -0.011190043 0.884209428 10.645912320
0.870041921 0.019070420 -0.492609688 -2.040986867 -0.010482079 0.999741074 0.020189950 0.395241169 0.492867508 -0.012402510 0.870016747 10.892571102
0.855774893 0.022415336 -0.516862483 -2.239466418 -0.011426196 0.999635830 0.024433883 0.415679365 0.517222248 -0.015004159 0.855719361 11.135647373
0.848547850 0.022495352 -0.528640634 -2.343825689 -0.010329571 0.999609203 0.025956239 0.425042391 0.529017496 -0.016564454 0.848449939 11.255445351
0.833473803 0.020951292 -0.552161745 -2.552417336 -0.007109052 0.999604854 0.027198426 0.440866829 0.552514033 -0.018743796 0.833293312 11.500121282
0.818406003 0.018978812 -0.574326534 -2.770867129 -0.003984292 0.999618212 0.027355319 0.455395331 0.574626851 -0.020099445 0.818169714 11.749299490
0.810524513 0.018894212 -0.585400519 -2.884843884 -0.003138818 0.999605341 0.027917308 0.463797474 0.585696414 -0.020790162 0.810264441 11.878586710
0.794743916 0.020183978 -0.606609634 -3.132415098 -0.001798105 0.999521085 0.030901876 0.484721732 0.606942536 -0.023468348 0.794399611 12.142974871
0.779340550 0.020638096 -0.626260367 -3.380563874 -0.000122100 0.999462498 0.032784973 0.503540284 0.626600644 -0.025474169 0.778924327 12.396431034
0.770911273 0.019956469 -0.636630263 -3.504905758 0.000873530 0.999474992 0.032388546 0.510548714 0.636941680 -0.025524810 0.770489307 12.519230831
0.754969973 0.016769661 -0.655545800 -3.754130514 0.003450154 0.999557495 0.029543544 0.520895638 0.655751322 -0.024566181 0.754577936 12.755942015
0.737940521 0.013462587 -0.674732219 -4.003627939 0.006972412 0.999595776 0.027570240 0.532601604 0.674829623 -0.025049720 0.737548010 12.985618912
0.728415161 0.012946365 -0.685014378 -4.147852741 0.008315396 0.999580539 0.027733819 0.541394096 0.685086357 -0.025897853 0.728002120 13.110302280
0.687929798 0.015500433 -0.725611477 -4.763944982 0.015333445 0.999237932 0.035882857 0.591219084 0.725615430 -0.035811014 0.687168110 13.616481575
0.677593387 0.016088910 -0.735261076 -4.927998277 0.016955894 0.999153085 0.037489496 0.603344042 0.735241582 -0.037869641 0.676746347 13.743004018
0.656571491 0.016901555 -0.754074477 -5.237421719 0.018848615 0.999069179 0.038804298 0.622932949 0.754029098 -0.039691001 0.655642097 13.970264353
0.634892647 0.016979276 -0.772414441 -5.557309741 0.021731343 0.998970109 0.039821793 0.642205794 0.772294770 -0.042068121 0.633869792 14.188008340
0.623840707 0.017607586 -0.781353140 -5.732235149 0.022656070 0.998918385 0.040599294 0.652839265 0.781223213 -0.043029885 0.622767247 14.297053662
0.601820750 0.018378642 -0.798420164 -6.072047199 0.025549037 0.998779928 0.042248856 0.674028955 0.798222700 -0.045825047 0.600617812 14.515678085
0.580122028 0.017494069 -0.814341848 -6.422060291 0.029622310 0.998655161 0.042556060 0.693283810 0.813991451 -0.048810393 0.578823689 14.731827911
0.569231061 0.017159727 -0.821998784 -6.597259015 0.031429629 0.998597083 0.042611375 0.702653184 0.821576537 -0.050090867 0.567893036 14.835912963
0.547828011 0.016693044 -0.836425019 -6.967476475 0.034926043 0.998472549 0.042802482 0.722360994 0.835861912 -0.052661442 0.546407626 15.047988698
0.527582274 0.016002881 -0.849354101 -7.348016198 0.037359487 0.998418195 0.042017653 0.740592256 0.848682828 -0.053899228 0.526149447 15.254578708
0.517086561 0.015668505 -0.855789691 -7.543401355 0.038434301 0.998398920 0.041502360 0.749622481 0.855070513 -0.054351942 0.515656799 15.355611750
0.495146462 0.015144154 -0.868678479 -7.934503328 0.040298781 0.998371745 0.040375541 0.767363701 0.867874970 -0.054998449 0.493729555 15.550691775
0.472160023 0.014785398 -0.881389523 -8.355672056 0.041212103 0.998396202 0.038825612 0.785443644 0.880549862 -0.054655846 0.470792978 15.745166707
0.461063369 0.014713176 -0.887245265 -8.571307606 0.041688527 0.998399058 0.038220330 0.794919751 0.886388014 -0.054609982 0.459712812 15.841126541
0.438837906 0.014278896 -0.898453650 -9.003036855 0.043496154 0.998363584 0.037112034 0.813861180 0.897512892 -0.055365432 0.437498125 16.023053330
0.415042675 0.013048180 -0.909708377 -9.425565955 0.046103500 0.998310904 0.035353259 0.831006774 0.908633482 -0.056613919 0.413739948 16.188574863
0.402444155 0.012401947 -0.915360349 -9.651996341 0.047444755 0.998281815 0.034384885 0.839887550 0.914214042 -0.057267088 0.401164902 16.268031142
0.377038272 0.011920026 -0.926121499 -10.105373225 0.048095452 0.998316057 0.032429744 0.857291594 0.924948262 -0.056769470 0.375829673 16.415961466
0.351572863 0.014575474 -0.936047521 -10.559403650 0.044110846 0.998510252 0.032115926 0.876940051 0.935120837 -0.052580995 0.350405890 16.547838191
0.339271427 0.015759170 -0.940556493 -10.786624573 0.042369741 0.998588396 0.032014916 0.886772413 0.939734487 -0.050712895 0.338125400 16.609279384
0.315190839 0.016521272 -0.948884617 -11.251382010 0.040678725 0.998693891 0.030900830 0.905150394 0.948156753 -0.048338997 0.314107651 16.726670593
0.291974475 0.015902599 -0.956293996 -11.726340166 0.041281054 0.998720201 0.029212132 0.922905108 0.955535074 -0.048006013 0.290944762 16.840550196
0.280761379 0.015302531 -0.959656356 -11.963866146 0.042463412 0.998696056 0.028348397 0.931750418 0.958837871 -0.048709347 0.279744903 16.896491600
0.258874219 0.013679954 -0.965814649 -12.439172113 0.045217218 0.998631400 0.026264731 0.948726377 0.964851889 -0.050470748 0.257901163 17.003398349
0.238788131 0.012693495 -0.970988863 -12.934709862 0.046414819 0.998622383 0.024469349 0.966677672 0.969961525 -0.050911252 0.237870286 17.105216676
0.228763167 0.012973133 -0.973395942 -13.182704314 0.045942065 0.998653021 0.024106935 0.976398614 0.972397313 -0.050234560 0.227859963 17.150608168
0.209727055 0.014062444 -0.977658716 -13.698728608 0.044005307 0.998747588 0.023805866 0.997193764 0.976769600 -0.048014881 0.208845555 17.240289146
0.192154211 0.016402171 -0.981228088 -14.195213663 0.042237050 0.998795384 0.024967217 1.019450712 0.980455953 -0.046241717 0.191230227 17.318000090
0.184431174 0.018268391 -0.982676099 -14.443421793 0.042336243 0.998751604 0.026513068 1.032208967 0.981933306 -0.046492703 0.183427687 17.356309069
0.170219400 0.022469017 -0.985149863 -14.959498245 0.046101356 0.998463495 0.030738413 1.060636697 0.984327030 -0.050649059 0.168921813 17.438775484
0.156474480 0.023472123 -0.987403023 -15.476212598 0.048305027 0.998338915 0.031387094 1.082637331 0.986499857 -0.052607820 0.155081357 17.512432718
0.149966579 0.023408305 -0.988414126 -15.724860536 0.048949311 0.998317682 0.031069794 1.091999527 0.987478957 -0.053041597 0.148568685 17.543844054
0.137240689 0.023056314 -0.990270101 -16.252182408 0.048423131 0.998377191 0.029956140 1.110919867 0.989353579 -0.052063131 0.135901656 17.607065055
0.124787443 0.021772847 -0.991944799 -16.779838721 0.047966968 0.998457897 0.027950135 1.128139481 0.991023267 -0.051068389 0.123550657 17.664339015
0.120671663 0.019986128 -0.992491688 -17.038619526 0.048262930 0.998496633 0.025975262 1.134901685 0.991519306 -0.051034999 0.119525663 17.695293505
0.112512992 0.016607437 -0.993511428 -17.576236192 0.047796098 0.998612870 0.022105608 1.149219937 0.992500603 -0.049973216 0.111563077 17.756116556
0.105843916 0.015684962 -0.994259240 -18.123763485 0.049134107 0.998571644 0.020983671 1.168563263 0.993168013 -0.051073100 0.104922082 17.815264326
0.103327945 0.016322189 -0.994513629 -18.412340618 0.049805294 0.998526500 0.021562831 1.180753106 0.993399760 -0.051760157 0.102362768 17.847466126
0.098747593 0.017801856 -0.994953895 -18.959774537 0.050115371 0.998482234 0.022839012 1.204055274 0.993850058 -0.052117723 0.097705623 17.905500816
0.093478408 0.018115154 -0.995456877 -19.786155707 0.049186699 0.998529682 0.022790052 1.235651490 0.994406210 -0.051093552 0.092449982 17.990384901
0.091064365 0.018328679 -0.995676283 -20.323826610 0.048485653 0.998563456 0.022816339 1.256240803 0.994664354 -0.050353764 0.090044815 18.045031832
0.088890018 0.018545136 -0.995868699 -20.881458411 0.048393988 0.998565383 0.022915023 1.277698043 0.994865730 -0.050230951 0.087865056 18.100589340
0.087788219 0.018762851 -0.995962803 -21.150284733 0.048368972 0.998562641 0.023075415 1.288252432 0.994964034 -0.050199405 0.086754594 18.127905342
0.086113891 0.019007959 -0.996104023 -21.678010679 0.048455132 0.998555059 0.023243841 1.308700402 0.995106149 -0.050267953 0.085068377 18.181089255
0.084103706 0.019590458 -0.996264322 -22.225821904 0.048738157 0.998529379 0.023749538 1.330384679 0.995264655 -0.050553594 0.083025206 18.232175204
0.083199450 0.019642303 -0.996339334 -22.504733016 0.048899726 0.998520396 0.023768787 1.341009246 0.995332637 -0.050698284 0.082115864 18.257958311
0.081553210 0.019967998 -0.996468772 -23.062544353 0.048835981 0.998518167 0.024005961 1.362568062 0.995472491 -0.050621331 0.080457176 18.309515625
0.079808356 0.020198522 -0.996605804 -23.640189045 0.048399066 0.998537357 0.024113543 1.384716330 0.995635081 -0.050159248 0.078714026 18.364989476
0.079020389 0.020056964 -0.996671124 -23.929048625 0.048428919 0.998539337 0.023934352 1.395382344 0.995696182 -0.050158986 0.077933687 18.392238470
0.077333783 0.019334715 -0.996818113 -24.516871183 0.048458538 0.998557612 0.023127963 1.416255097 0.995827384 -0.050092935 0.076285265 18.445218778
0.074933941 0.019205027 -0.997003499 -25.124670467 0.048663377 0.998553142 0.022892396 1.438847817 0.996000234 -0.050232958 0.073890906 18.498085861
0.073440456 0.019082356 -0.997116935 -25.423607111 0.048589542 0.998560821 0.022688887 1.449803784 0.996115187 -0.050115763 0.072407548 18.523795644
0.071622644 0.017855209 -0.997272290 -26.031332224 0.048687532 0.998584800 0.021375497 1.470599594 0.996242664 -0.050085626 0.070652076 18.579712320
0.069952797 0.017039952 -0.997404716 -26.619257017 0.048028224 0.998637096 0.020429471 1.491168501 0.996393748 -0.049332647 0.069039102 18.630702721
0.068987067 0.016841102 -0.997476103 -26.918195768 0.048263579 0.998630258 0.020198704 1.502064529 0.996449589 -0.049535165 0.068079881 18.656414227
0.066627378 0.017086024 -0.997631751 -27.536052452 0.047773007 0.998651697 0.020294162 1.525506625 0.996633391 -0.049012027 0.065721331 18.707726024
0.063980386 0.017546122 -0.997796734 -28.154130135 0.047173840 0.998674507 0.020586483 1.549173092 0.996835583 -0.048387031 0.063067861 18.754034778
0.063258491 0.017742511 -0.997839318 -28.453139167 0.047180804 0.998670481 0.020748474 1.560674337 0.996881194 -0.048391406 0.062337303 18.777730255
0.060810634 0.018813598 -0.997972488 -29.061382932 0.046779367 0.998670027 0.021677297 1.584947450 0.997052687 -0.048002776 0.059849770 18.819556541
0.058363292 0.019699090 -0.998101074 -29.689557721 0.046194578 0.998680822 0.022411866 1.609636035 0.997226118 -0.047414887 0.057376398 18.863305726
0.057058598 0.019250017 -0.998186040 -29.998778706 0.045620546 0.998719697 0.021868260 1.620194342 0.997328762 -0.046785537 0.056107373 18.883498783
0.055386389 0.018478650 -0.998294168 -30.627194454 0.044377589 0.998794848 0.020950160 1.641934725 0.997478744 -0.045462194 0.054499646 18.924334732
0.053429426 0.018307849 -0.998403862 -31.245399652 0.044362461 0.998800721 0.020689268 1.664578087 0.997585754 -0.045397077 0.052553239 18.968674248
0.052433592 0.018147425 -0.998459775 -31.554554246 0.044177607 0.998813510 0.020473876 1.675722870 0.997647377 -0.045183115 0.051569714 18.989849771
0.051450781 0.017879951 -0.998516141 -32.192919191 0.043553111 0.998847852 0.020130134 1.698786300 0.997725309 -0.044524184 0.050612870 19.031115460
0.050728611 0.018351165 -0.998544626 -32.831238840 0.043008247 0.998863722 0.020542071 1.723138402 0.997785883 -0.043987749 0.049881781 19.072344117
0.050518472 0.019138756 -0.998540173 -33.160396872 0.042156796 0.998884557 0.021278272 1.736545515 0.997832804 -0.043170223 0.049655347 19.092391510
0.050165053 0.020596294 -0.998528764 -33.798842336 0.042020461 0.998858421 0.022714293 1.762527619 0.997857042 -0.043098118 0.049242344 19.129576052
0.051652512 0.021404426 -0.998436440 -34.456869228 0.042087549 0.998834943 0.023590454 1.788452320 0.997778607 -0.043240152 0.050691533 19.176691633
0.052203333 0.022102388 -0.998392016 -34.785934156 0.042468905 0.998801036 0.024332115 1.801903547 0.997733486 -0.043670878 0.051202129 19.198736396
0.054151816 0.023395254 -0.998258760 -35.423823099 0.043036180 0.998741934 0.025741204 1.828090396 0.997604904 -0.044355190 0.053076879 19.247906881
0.057172867 0.023398888 -0.998090233 -36.071870921 0.042165850 0.998776608 0.025830429 1.852239595 0.997474090 -0.043562141 0.056116275 19.295605043
0.058630943 0.022845367 -0.998019078 -36.400921749 0.041284757 0.998827257 0.025289417 1.863487252 0.997425722 -0.042685667 0.057619178 19.319711766
0.062051995 0.021405193 -0.997844106 -37.068696774 0.040182569 0.998905630 0.023926882 1.886036477 0.997264445 -0.041580579 0.061123974 19.375386657
0.067373588 0.021326580 -0.997500144 -37.725839674 0.040119386 0.998904667 0.024066473 1.911063695 0.996920987 -0.041640567 0.066444188 19.442514407
0.070040564 0.021347786 -0.997315655 -38.054432030 0.039804897 0.998915084 0.024177575 1.923633706 0.996749622 -0.041391476 0.069114858 19.475577002
0.075629641 0.021918980 -0.996895675 -38.721384998 0.038382672 0.998953852 0.024876242 1.950035158 0.996397417 -0.040144897 0.074709195 19.546130978
0.080492721 0.023580958 -0.996476079 -39.388321841 0.036601151 0.998975489 0.026596764 1.978197715 0.996082910 -0.038613108 0.079547304 19.615635028
0.082423437 0.024276646 -0.996301622 -39.716729420 0.037229323 0.998930814 0.027420715 1.992117575 0.995902436 -0.039351685 0.081431512 19.651656790
0.086969421 0.024543096 -0.995909096 -40.383217216 0.039054144 0.998843527 0.028026010 2.018729606 0.995444980 -0.041331763 0.085910430 19.732197905
0.089187190 0.024526209 -0.995713200 -41.040123668 0.039309325 0.998830997 0.028124088 2.043972001 0.995239145 -0.041649098 0.088118845 19.804316066
0.089528118 0.024391784 -0.995686140 -41.378710518 0.039088195 0.998844168 0.027983911 2.056576387 0.995217164 -0.041424846 0.088471287 19.837845433
0.090500918 0.023415506 -0.995621537 -42.055739091 0.038784032 0.998881980 0.027017761 2.080704590 0.995140824 -0.041059316 0.089491693 19.908932493
0.088979286 0.023199237 -0.995763182 -42.742836680 0.040237651 0.998828376 0.026866280 2.106654088 0.995220720 -0.042457701 0.087941548 19.977437019
0.087857581 0.023560190 -0.995854782 -43.081343795 0.040785933 0.998796840 0.027228139 2.120224558 0.995298416 -0.043009119 0.086790961 20.011937943
0.083526403 0.025324013 -0.996183663 -43.738847229 0.041622685 0.998715941 0.028878354 2.148018130 0.995636660 -0.043875914 0.082365130 20.068993010
0.078349703 0.027865627 -0.996536797 -44.406375057 0.043483962 0.998562623 0.031341143 2.177600110 0.995977703 -0.045788922 0.077025418 20.124465805
0.075925222 0.029232921 -0.996684813 -44.735170180 0.043489279 0.998521671 0.032599776 2.192215536 0.996165123 -0.045820250 0.074541662 20.151473709
0.069954049 0.032032667 -0.997035864 -45.403166339 0.042337538 0.998488521 0.035049883 2.221497029 0.996652010 -0.044663993 0.068492160 20.196961950
0.065418266 0.032783795 -0.997319721 -46.041328950 0.042712651 0.998452516 0.035622798 2.246409793 0.996943234 -0.044928503 0.063916850 20.241172453
0.063144557 0.031943435 -0.997493101 -46.370442658 0.043245797 0.998461526 0.034712105 2.257170871 0.997067238 -0.045329363 0.061666004 20.264293840
0.058646668 0.030770429 -0.997804476 -47.038437628 0.043691325 0.998488353 0.033359554 2.279974435 0.997322735 -0.045551902 0.057213647 20.314964827
0.053983471 0.027576188 -0.998161302 -47.706836564 0.043938170 0.998584822 0.029964278 2.299099311 0.997575327 -0.045474939 0.052695447 20.359745612
0.051805831 0.025430815 -0.998333870 -48.026139124 0.044701552 0.998614243 0.027757746 2.307214545 0.997656551 -0.046065048 0.050597310 20.380476633
0.047261910 0.022159935 -0.998636639 -48.674996659 0.044841931 0.998699102 0.024283555 2.325257998 0.997875400 -0.045928503 0.046206763 20.415359103
0.042993384 0.019156344 -0.998891665 -49.323975065 0.045762817 0.998728740 0.021122978 2.343769730 0.998027169 -0.046620263 0.042062104 20.447230161
0.041100493 0.017880315 -0.998995135 -49.653442904 0.045921921 0.998749617 0.019765364 2.353572238 0.998099421 -0.046688201 0.040228029 20.463383861
0.037341613 0.017935261 -0.999141664 -50.322299395 0.045703312 0.998762049 0.019636661 2.377912626 0.998257209 -0.046397380 0.036475703 20.494024306
0.033712405 0.020512130 -0.999221592 -50.951168132 0.044625346 0.998761134 0.022008409 2.404998387 0.998435215 -0.045332513 0.032755350 20.520716184
0.031796629 0.021684389 -0.999259125 -51.280630085 0.044216311 0.998754882 0.023080548 2.418875458 0.998515917 -0.044917416 0.030798245 20.533754840
0.028887246 0.023178332 -0.999314619 -51.919681604 0.044706291 0.998701029 0.024456533 2.444545848 0.998582709 -0.045382145 0.027813560 20.557957192
0.025899391 0.027163226 -0.999295858 -52.558866367 0.043624125 0.998647379 0.028276343 2.474239615 0.998712789 -0.044325658 0.024679378 20.576048015
0.024555659 0.028733331 -0.999286253 -52.868570512 0.043267062 0.998619504 0.029777498 2.487982606 0.998762310 -0.043967349 0.023278577 20.583158409
0.022667237 0.030156782 -0.999288890 -53.478099481 0.042177957 0.998626526 0.031093620 2.512157590 0.998853147 -0.042852727 0.021364203 20.597006585
0.021430685 0.031210999 -0.999283584 -54.087319614 0.042979503 0.998559929 0.032110236 2.536002471 0.998846235 -0.043636931 0.020058449 20.617859479
0.020506511 0.031743763 -0.999286171 -54.387008494 0.043269863 0.998531421 0.032607818 2.547697322 0.998853576 -0.043907650 0.019102915 20.626559608
0.019439649 0.029623528 -0.999372485 -54.996516610 0.043095566 0.998607052 0.030439218 2.565953801 0.998882184 -0.043660161 0.018135902 20.645574453
0.018539776 0.029314148 -0.999398383 -55.605865636 0.044030358 0.998575995 0.030106932 2.587434038 0.998858912 -0.044561980 0.017222769 20.665495979
0.017979224 0.029327759 -0.999408742 -55.915568323 0.044418830 0.998559826 0.030102018 2.598613829 0.998851586 -0.044933821 0.016650651 20.674678668
0.015880628 0.029551250 -0.999437622 -56.535151126 0.044703654 0.998542508 0.030235219 2.621134927 0.998873976 -0.045158624 0.014536513 20.689042129
0.014914770 0.029998872 -0.999438539 -57.124489043 0.045337947 0.998501208 0.030647399 2.643175767 0.998860931 -0.045769614 0.013532341 20.708012026
0.013995252 0.030129245 -0.999448310 -57.404331199 0.045030402 0.998513230 0.030731675 2.653359196 0.998888257 -0.045435644 0.012617783 20.713821431
0.013342300 0.029593489 -0.999472915 -57.973905285 0.044284761 0.998563253 0.030157808 2.672832622 0.998930000 -0.044663736 0.012012674 20.728931629
0.011983668 0.027825134 -0.999540959 -58.523775963 0.043147830 0.998666796 0.028318198 2.689321984 0.998997340 -0.043467361 0.010767101 20.739194783
0.011188564 0.025480755 -0.999612811 -58.813938924 0.041376143 0.998807425 0.025923416 2.695465665 0.999081544 -0.041650166 0.010120899 20.741590758
0.010008478 0.019961665 -0.999750497 -59.374205900 0.038875449 0.999037542 0.020336619 2.705767492 0.999194500 -0.039069331 0.009222755 20.748502202
0.009535530 0.017417431 -0.999802944 -59.944038501 0.039036557 0.999079217 0.017777238 2.721793231 0.999192238 -0.039198360 0.008846893 20.760713517
0.009520114 0.017430674 -0.999803541 -60.223745389 0.039697555 0.999052757 0.017795682 2.731917959 0.999167040 -0.039859127 0.008819182 20.769522565
0.009765026 0.018620187 -0.999778912 -60.783183800 0.039808355 0.999026346 0.018995055 2.754071295 0.999159588 -0.039985079 0.009014371 20.785087312
0.009694724 0.020757187 -0.999738129 -61.352735495 0.039503399 0.998996522 0.021125030 2.778088801 0.999173142 -0.039697911 0.008865127 20.797068975
0.009482786 0.022353876 -0.999705658 -61.632535191 0.039186431 0.998974265 0.022709325 2.790782564 0.999187642 -0.039390270 0.008597061 20.801806922
0.009761882 0.024259484 -0.999657928 -62.221972938 0.038425611 0.998958507 0.024617799 2.815192645 0.999214220 -0.038652813 0.008819528 20.816711461
0.010089360 0.025638520 -0.999620484 -62.811535391 0.038156346 0.998933195 0.026006094 2.838659538 0.999221212 -0.038404204 0.009100332 20.829644465
0.009780697 0.026548505 -0.999599561 -63.101311646 0.038246046 0.998905642 0.026904377 2.850595571 0.999221209 -0.038493811 0.008754549 20.835871265
0.009765587 0.027788801 -0.999566212 -63.680758384 0.039211015 0.998834027 0.028151618 2.873569801 0.999183756 -0.039468853 0.008664620 20.851348624
0.010271169 0.027608980 -0.999566229 -64.260244069 0.039863434 0.998813233 0.027997855 2.894133594 0.999152437 -0.040133758 0.009158401 20.867894568
0.010480558 0.028209268 -0.999547273 -64.549944777 0.040566548 0.998766603 0.028612697 2.905614255 0.999122588 -0.040847989 0.009323323 20.876133092
0.010750739 0.029064075 -0.999520492 -65.129414689 0.041072883 0.998720552 0.029482748 2.927929164 0.999098231 -0.041370148 0.009543356 20.891629397
0.010413489 0.027823208 -0.999559375 -65.699170041 0.041192335 0.998752341 0.028230000 2.946152639 0.999097757 -0.041468168 0.009254440 20.903777557
0.010423531 0.026955767 -0.999582539 -65.979024459 0.040854427 0.998790761 0.027360506 2.954684848 0.999111449 -0.041122569 0.009309725 20.910633730
0.010261800 0.026426287 -0.999598503 -66.558672801 0.040903335 0.998803230 0.026825246 2.974528144 0.999110682 -0.041162123 0.009168645 20.924202422
0.010050992 0.026013212 -0.999611415 -67.168214005 0.042827168 0.998732721 0.026421077 2.995750329 0.999032375 -0.043076006 0.008924225 20.940134087
0.010206841 0.026358095 -0.999601021 -67.457976538 0.043776238 0.998682111 0.026780984 3.006774381 0.998989356 -0.044032147 0.009039572 20.947386414
0.010455263 0.027537606 -0.999566508 -68.067420478 0.045695045 0.998563004 0.027988033 3.030763715 0.998900711 -0.045967866 0.009182014 20.963238562
0.010964093 0.028745869 -0.999526797 -68.666692143 0.047556945 0.998440280 0.029236387 3.054567150 0.998808433 -0.047854958 0.009579969 20.982625568
0.011205943 0.028786783 -0.999523114 -68.956332050 0.048763642 0.998380938 0.029300645 3.065172872 0.998747399 -0.049068736 0.009784156 20.992887873
0.011037493 0.026816975 -0.999579786 -69.555846023 0.049180657 0.998415860 0.027328903 3.083384987 0.998728962 -0.049461709 0.009701122 21.011436233
0.011085797 0.022508095 -0.999685949 -70.155453370 0.049685064 0.998498951 0.023032529 3.097638259 0.998704024 -0.049924788 0.009950872 21.031097675
0.010934870 0.019994551 -0.999741078 -70.465308097 0.050056157 0.998535409 0.020518134 3.104492506 0.998687013 -0.050267522 0.009918019 21.040404664
0.011136949 0.015628658 -0.999816432 -71.044760262 0.053109802 0.998457140 0.016199109 3.118195844 0.998526730 -0.053280392 0.010289820 21.063143665
0.010614249 0.013893058 -0.999847151 -71.654190751 0.056136887 0.998317776 0.014467919 3.137358469 0.998367033 -0.056281900 0.009816497 21.083131790
0.010257677 0.013817495 -0.999852537 -71.964087371 0.055539451 0.998352786 0.014366654 3.148230259 0.998403911 -0.055678536 0.009473387 21.088326054
0.010387617 0.013018006 -0.999862080 -72.563625627 0.054414666 0.998426387 0.013564704 3.168356242 0.998464354 -0.054548019 0.009662904 21.104820780
0.010413749 0.014029748 -0.999847462 -73.173036885 0.054125499 0.998427872 0.014573617 3.191973040 0.998479979 -0.054269029 0.009638092 21.121682952
0.010147819 0.014196858 -0.999848482 -73.462811708 0.054166989 0.998422873 0.014726510 3.202647452 0.998480283 -0.054308260 0.009362902 21.128945326
0.009753166 0.016478128 -0.999816491 -74.062021924 0.055304040 0.998324616 0.016993093 3.228199086 0.998421880 -0.055459680 0.008825508 21.148282096
0.009425301 0.022100532 -0.999711211 -74.651285186 0.054455024 0.998260312 0.022581948 3.258875632 0.998472241 -0.054652085 0.008205495 21.162007241
0.009351402 0.025189994 -0.999639552 -74.940884443 0.053912427 0.998215689 0.025658570 3.274544899 0.998502416 -0.054132884 0.007976685 21.169126081
0.008604554 0.030127550 -0.999509391 -75.540168884 0.053701540 0.998089777 0.030547149 3.304496602 0.998520046 -0.053938115 0.006970289 21.183339815
0.008561463 0.035431033 -0.999335931 -76.149173449 0.056188195 0.997775896 0.035857210 3.335776744 0.998383592 -0.056457920 0.006551726 21.202979729
0.008769709 0.037323251 -0.999265383 -76.438699238 0.057791156 0.997613725 0.037768870 3.349629122 0.998290362 -0.058079919 0.006591875 21.213148737
0.008698412 0.038248441 -0.999230459 -77.008182732 0.057723409 0.997583055 0.038687909 3.371679893 0.998294532 -0.058015527 0.006469603 21.228184873
0.008388180 0.037175219 -0.999273542 -77.547983396 0.055746474 0.997737145 0.037586089 3.388981089 0.998409676 -0.056021337 0.006296870 21.238956257
0.008459142 0.036156172 -0.999310449 -77.817962408 0.052822838 0.997935116 0.036553596 3.396695571 0.998568682 -0.053095706 0.006531768 21.243369531
0.008332664 0.033973633 -0.999388588 -78.357878973 0.049037041 0.998206187 0.034342419 3.412001742 0.998762287 -0.049293206 0.006651811 21.253198926
0.007021838 0.032698426 -0.999440450 -78.897497290 0.052900589 0.998053442 0.033024769 3.429281278 0.998575751 -0.053102945 0.005278375 21.267968208
0.006048125 0.032683434 -0.999447638 -79.157428787 0.053155829 0.998042561 0.032959208 3.438469832 0.998568335 -0.053325775 0.004298956 21.271871363
0.006062507 0.034340542 -0.999392372 -79.676714601 0.056444816 0.997804550 0.034628529 3.460244237 0.998387426 -0.056620476 0.004110941 21.289573237
0.007036562 0.039962509 -0.999176656 -80.196090143 0.055162067 0.997664029 0.040290572 3.488582323 0.998452706 -0.055400197 0.004815721 21.300091263
0.007210461 0.041254066 -0.999123105 -80.465926947 0.052549985 0.997752305 0.041576814 3.500342638 0.998592446 -0.052803748 0.005026431 21.304388275
0.007177846 0.039476947 -0.999195367 -80.975726518 0.051498528 0.997880295 0.039795024 3.515437036 0.998647494 -0.051742722 0.005129759 21.315818433
0.006790931 0.034360088 -0.999386741 -81.455733947 0.050603982 0.998117031 0.034660391 3.523682340 0.998695843 -0.050808363 0.005039470 21.327041448
0.006400734 0.032423896 -0.999453940 -81.705753440 0.049587882 0.998233941 0.032701990 3.529187358 0.998749642 -0.049770137 0.004781613 21.331582013
0.006215221 0.028408393 -0.999576944 -82.185596134 0.050579832 0.998308268 0.028686873 3.539514677 0.998701406 -0.050736722 0.004767856 21.344743837
0.005528074 0.022719698 -0.999727160 -82.665681542 0.050232120 0.998473423 0.022969043 3.546843845 0.998722953 -0.050345299 0.004378385 21.354993860
0.005307833 0.021785438 -0.999748460 -82.895578562 0.050214386 0.998496015 0.022024767 3.553473045 0.998724726 -0.050318715 0.004205873 21.360565239
0.005816284 0.023453745 -0.999708534 -83.374982638 0.051424024 0.998395070 0.023722251 3.573674351 0.998660151 -0.051547033 0.004600864 21.375441960
0.005509387 0.026708924 -0.999628550 -83.844542289 0.052562920 0.998253760 0.026961972 3.596083575 0.998602598 -0.052691888 0.004095949 21.384790879
0.005321334 0.027571132 -0.999606436 -84.074424967 0.051896167 0.998264677 0.027810538 3.605725512 0.998638475 -0.052023697 0.003881347 21.388277046
0.005267028 0.028089414 -0.999591742 -84.534310087 0.050474409 0.998323325 0.028319831 3.622904474 0.998711580 -0.050602929 0.003840424 21.394310547
0.005132671 0.028502620 -0.999581020 -84.984125517 0.048767427 0.998396936 0.028719387 3.639583701 0.998797160 -0.048894436 0.003734560 21.401889286
0.005208904 0.028807117 -0.999572104 -85.204012269 0.048013705 0.998424806 0.029024372 3.647929643 0.998833040 -0.048144324 0.003817614 21.405944254
0.005205326 0.028341123 -0.999585474 -85.643802251 0.048239748 0.998427741 0.028559592 3.662850431 0.998822076 -0.048368355 0.003830130 21.415104403
0.004599307 0.027476486 -0.999612243 -86.073632852 0.049509437 0.998390205 0.027670798 3.676737873 0.998762960 -0.049617460 0.003231651 21.423826486
0.004420457 0.027045403 -0.999625101 -86.283486432 0.050080726 0.998374110 0.027233118 3.683545149 0.998735824 -0.050182305 0.003058840 21.429456548
