1.000000000 -0.000000000 -0.000000000 0.000000000 0.000000000 1.000000000 0.000000000 0.000000000 0.000000000 -0.000000000 1.000000000 0.000000000
0.999971710 -0.007115359 -0.002546068 0.002140462 0.007104622 0.999966212 -0.004212088 0.001395410 0.002575358 0.004193934 0.999987536 0.206261250
0.999952165 -0.008491761 -0.004982181 0.012062334 0.008463679 0.999948577 -0.005643206 0.007852401 0.005029045 0.005600792 0.999970856 0.418547252
0.999957074 -0.007302710 -0.005773431 0.004534954 0.007279198 0.999965439 -0.004087678 0.015393081 0.005802035 0.004045538 0.999974710 0.540174871
0.999971384 -0.001672655 -0.007395165 -0.002741359 0.001687622 0.999996683 0.002017254 0.035865731 0.007390574 -0.002029674 0.999969824 0.789441316
0.999926632 0.005888892 -0.010559883 -0.016211624 -0.005827688 0.999965893 0.005811242 0.052906909 0.010593248 -0.005749104 0.999927163 1.046679586
0.999820834 0.011932757 -0.014738579 -0.035545236 -0.011835525 0.999907732 0.006664779 0.070596407 0.014816383 -0.006489062 0.999868618 1.439892120
0.999821713 0.009805060 -0.016150189 -0.037931879 -0.009705330 0.999933294 0.006241556 0.081791903 0.016210302 -0.006083599 0.999849685 1.731730240
0.999818357 0.008254091 -0.017183968 -0.028188147 -0.008151019 0.999949053 0.006062335 0.087637737 0.017232913 -0.005921107 0.999833065 1.879956334
0.999812141 0.004596134 -0.018873869 -0.030567339 -0.004499459 0.999977038 0.005159150 0.098003966 0.018896942 -0.005073165 0.999808295 2.171828517
0.999796573 0.003370124 -0.019879767 -0.029754559 -0.003284839 0.999985696 0.004319343 0.109732092 0.019893218 -0.004253067 0.999792807 2.491771826
0.999782579 0.004100821 -0.020476615 -0.040291640 -0.004014114 0.999982893 0.004271949 0.116062438 0.020492492 -0.004188756 0.999780774 2.649407103
0.999753825 0.004941960 -0.021643491 -0.047317186 -0.004848825 0.999978869 0.004357505 0.129063386 0.021664152 -0.004251420 0.999755324 2.963065468
0.999730805 0.005992448 -0.022453841 -0.046514999 -0.005899853 0.999974481 0.004185593 0.141970470 0.022478150 -0.004051967 0.999738626 3.282960351
0.999722160 0.006498852 -0.022679807 -0.050815665 -0.006420436 0.999973473 0.003529863 0.147006463 0.022701202 -0.003383202 0.999735661 3.432817922
0.999698875 0.007396173 -0.023408830 -0.056209675 -0.007367612 0.999971962 0.001303785 0.156731855 0.023416837 -0.001130874 0.999724248 3.760674369
0.999704330 0.006667632 -0.023399198 -0.061630617 -0.006648236 0.999978107 0.000904749 0.169454599 0.023404451 -0.000748823 0.999724993 4.088407697
0.999704195 0.006135454 -0.023564089 -0.064339696 -0.006122609 0.999981627 0.000618107 0.175661108 0.023566821 -0.000473617 0.999722337 4.252280722
0.999694409 0.005176788 -0.024191590 -0.064949250 -0.005207061 0.999986351 -0.001187396 0.187819002 0.024183984 0.001313086 0.999705890 4.622227855
0.999688094 0.005069482 -0.024448552 -0.071779419 -0.005155059 0.999980808 -0.003440125 0.199512802 0.024430389 0.003565171 0.999695330 5.000024925
0.999683950 0.005589663 -0.024504345 -0.072885600 -0.005693240 0.999975543 -0.004159653 0.205630939 0.024479872 0.004297865 0.999690654 5.177965114
0.999669998 0.005581717 -0.025100927 -0.079749254 -0.005688496 0.999975661 -0.004185352 0.221051448 0.025076019 0.004326827 0.999675540 5.555609105
0.999637163 0.008776961 -0.025471716 -0.083424707 -0.008879251 0.999953208 -0.003904266 0.238253482 0.025435600 0.004129033 0.999667416 5.961306986
0.999611479 0.011017707 -0.025608831 -0.095388880 -0.011139746 0.999927490 -0.004629807 0.245543128 0.025555765 0.004913345 0.999660846 6.168924335
0.999581074 0.012777046 -0.025963310 -0.103654310 -0.012963748 0.999891153 -0.007038253 0.259105425 0.025869640 0.007371961 0.999638016 6.596666130
0.999587160 0.012009731 -0.026100204 -0.111932577 -0.012236034 0.999888802 -0.008531111 0.274096460 0.025994304 0.008847083 0.999623123 7.024349238
0.999580223 0.011749299 -0.026490048 -0.109855944 -0.011978566 0.999891719 -0.008515026 0.282595594 0.026386696 0.008828858 0.999612652 7.230318695
0.999587244 0.010205278 -0.026861334 -0.122793224 -0.010425468 0.999913161 -0.008071729 0.301630103 0.026775667 0.008348478 0.999606303 7.679730120
0.999581883 0.010944820 -0.026761430 -0.123251299 -0.011198223 0.999893477 -0.009336576 0.317366533 0.026655667 0.009632429 0.999598328 8.113615272
0.999533626 0.014593239 -0.026844837 -0.133619666 -0.014867460 0.999839233 -0.010043326 0.325357110 0.026693110 0.010437760 0.999589132 8.335267364
0.999406503 0.021054757 -0.027285517 -0.154416817 -0.021264041 0.999746319 -0.007404802 0.348062323 0.027122159 0.007980664 0.999600118 8.778295349
0.999359090 0.022779949 -0.027635548 -0.159627898 -0.022802652 0.999740016 -0.000509015 0.378302986 0.027616136 0.001138922 0.999618163 9.233479130
0.999364511 0.022737599 -0.027482553 -0.162221679 -0.022686264 0.999740259 0.002175485 0.392114474 0.027524433 -0.001550571 0.999619522 9.461124783
0.999388636 0.021416911 -0.027652026 -0.173588199 -0.021304344 0.999763514 0.004357496 0.414637452 0.027738456 -0.003765705 0.999607484 9.924456450
0.999376998 0.022880259 -0.026865104 -0.177146019 -0.022687326 0.999714935 0.007466440 0.439184695 0.027028017 -0.006852288 0.999610758 10.393937630
0.999295534 0.026481894 -0.026592719 -0.184371071 -0.026222276 0.999605135 0.010067333 0.453952385 0.026847761 -0.009362909 0.999594935 10.643438413
0.999125978 0.031933055 -0.026988809 -0.198745857 -0.031664732 0.999445443 0.010311561 0.475105171 0.027302727 -0.009447910 0.999581981 11.142784304
0.999231857 0.027738063 -0.027710428 -0.212970092 -0.027722563 0.999615573 0.000942083 0.479502758 0.027725185 -0.000173053 0.999615451 11.642818435
0.999294258 0.024951436 -0.028097970 -0.220076913 -0.025076578 0.999677289 -0.004112459 0.481112073 0.027985633 0.004814230 0.999595949 11.892859713
0.999330685 0.022155151 -0.029123605 -0.221784299 -0.022371481 0.999724472 -0.007121706 0.498458924 0.028957411 0.007768531 0.999550097 12.440785204
0.999261382 0.024501804 -0.029619196 -0.245414177 -0.024722892 0.999668842 -0.007123164 0.520694847 0.029434673 0.007850212 0.999535297 12.983875418
0.999166541 0.027474993 -0.030211325 -0.257215382 -0.027731614 0.999582310 -0.008111976 0.530284159 0.029975276 0.008943114 0.999510362 13.255483317
0.999035692 0.031464921 -0.030620073 -0.274638740 -0.031687407 0.999474922 -0.006807006 0.554552789 0.030388896 0.007770785 0.999507614 13.790659163
0.999024688 0.029442160 -0.032927787 -0.284330513 -0.029428752 0.999566217 0.000889915 0.589428102 0.032939075 0.000080078 0.999457459 14.331631989
0.999014998 0.027809328 -0.034587396 -0.294596149 -0.027682821 0.999608230 0.004131231 0.606422422 0.034687996 -0.003169566 0.999392952 14.616999253
0.998977786 0.026207280 -0.036844097 -0.308823406 -0.026023916 0.999647001 0.005446955 0.631593355 0.036972942 -0.004482459 0.999305758 15.180265106
0.998919317 0.027215694 -0.037677723 -0.337081505 -0.027033243 0.999620819 0.005341402 0.654445780 0.037808448 -0.004317049 0.999274668 15.745224404
0.998857393 0.028246209 -0.038553866 -0.345702768 -0.028061315 0.999592223 0.005327601 0.666735806 0.038687874 -0.004239611 0.999242415 16.044848437
0.998725672 0.030817924 -0.039965901 -0.366141932 -0.030622695 0.999516608 0.005486029 0.690473502 0.040114884 -0.004255105 0.999185510 16.616004034
0.998671881 0.031352507 -0.040885315 -0.392825860 -0.031095970 0.999492581 0.006895434 0.716434731 0.041080434 -0.005614864 0.999139577 17.194899170
0.998652029 0.031376807 -0.041364033 -0.393640397 -0.031068831 0.999485263 0.008069006 0.730968828 0.041594396 -0.006772992 0.999111142 17.500663686
0.998587856 0.032823274 -0.041781992 -0.412502966 -0.032448716 0.999426916 0.009611247 0.757545566 0.042072200 -0.008241824 0.999080221 18.085766201
0.998492677 0.034850858 -0.042415695 -0.437572146 -0.034466117 0.999357964 0.009769552 0.782099588 0.042728525 -0.008292838 0.999052323 18.678782674
0.998497764 0.035029356 -0.042140380 -0.439971447 -0.034631047 0.999349054 0.010145243 0.794703840 0.042467070 -0.008670639 0.999059328 18.970562927
0.998432334 0.035000141 -0.043690282 -0.457236953 -0.034519009 0.999335394 0.011717314 0.821841632 0.044071018 -0.010190745 0.998976399 19.569705930
0.998362671 0.034541468 -0.045595269 -0.486953475 -0.033977719 0.999337109 0.013081295 0.849140276 0.046016370 -0.011510658 0.998873526 20.184504072
0.998352534 0.033935458 -0.046265375 -0.492396591 -0.033313366 0.999344502 0.014151604 0.864330840 0.046714663 -0.012586988 0.998829182 20.512136031
0.998370609 0.032683563 -0.046789525 -0.518934787 -0.031939464 0.999352534 0.016563090 0.894510040 0.047300102 -0.015041583 0.998767335 21.154942920
0.998404361 0.030112070 -0.047775812 -0.536058152 -0.029213170 0.999385034 0.019403028 0.926265451 0.048330411 -0.017976376 0.998669497 21.817981260
0.998312064 0.031583719 -0.048752832 -0.561778220 -0.030624799 0.999324815 0.020292666 0.941510907 0.049359787 -0.018765294 0.998604273 22.155040048
0.998224758 0.032218455 -0.050088854 -0.591330426 -0.031182526 0.999285995 0.021327195 0.970959349 0.050740133 -0.019727381 0.998516799 22.833834895
0.998158406 0.030441073 -0.052479184 -0.619436688 -0.029328316 0.999330962 0.021845670 0.997350345 0.053107781 -0.020266266 0.998382208 23.462733854
0.998083002 0.031337636 -0.053383072 -0.632692454 -0.030193804 0.999299590 0.022100696 1.010956256 0.054037455 -0.020446425 0.998328972 23.784198243
0.997947317 0.031377893 -0.055831372 -0.668468059 -0.030138825 0.999283297 0.022898389 1.040250332 0.056509390 -0.021168638 0.998177111 24.470830304
0.997840027 0.031680974 -0.057554371 -0.696434423 -0.030303398 0.999236814 0.024651325 1.071508725 0.058291433 -0.022853903 0.998037164 25.163614340
0.997891602 0.029789977 -0.057663460 -0.708100309 -0.028358869 0.999273453 0.025478981 1.086474984 0.058380354 -0.023790000 0.998010456 25.499086386
0.997803749 0.029750113 -0.059193493 -0.750118253 -0.028174512 0.999230891 0.027276193 1.117722831 0.059958878 -0.025548438 0.997873052 26.193469066
0.997775746 0.030223855 -0.059417024 -0.776472562 -0.028597000 0.999197979 0.028044270 1.147873753 0.060215616 -0.026282737 0.997839074 26.900362128
0.997811063 0.028783844 -0.059544923 -0.786521186 -0.027183313 0.999251366 0.027516637 1.161153052 0.060291694 -0.025837638 0.997845918 27.249967001
0.997754133 0.027223541 -0.061216417 -0.812833661 -0.025694840 0.999341235 0.025621280 1.186648087 0.061872344 -0.023990728 0.997795292 27.957051309
0.997706526 0.024902286 -0.062946223 -0.842165892 -0.023505251 0.999462702 0.022837548 1.212051801 0.063480114 -0.021305560 0.997755220 28.700097310
0.997661894 0.024749565 -0.063712245 -0.864664363 -0.023392349 0.999485767 0.021960103 1.225362066 0.064223353 -0.020418261 0.997726142 29.065362657
0.997591803 0.023154816 -0.065382263 -0.892420628 -0.021856279 0.999550575 0.020506158 1.253674760 0.065827715 -0.019027726 0.997648931 29.822352703
0.997418350 0.023817401 -0.067744451 -0.934283593 -0.022331830 0.999495266 0.022602081 1.288111486 0.068247928 -0.021030852 0.997446156 30.580689407
0.997345935 0.023627886 -0.068867027 -0.955216243 -0.022038797 0.999475106 0.023743296 1.305459735 0.069391324 -0.022162440 0.997343447 30.959852424
0.997337221 0.020464240 -0.070007771 -0.997074091 -0.018708778 0.999496578 0.025639599 1.339326965 0.070496494 -0.024261515 0.997216003 31.718212522
0.997505433 0.018653784 -0.068081196 -1.031081224 -0.016932135 0.999524082 0.025777572 1.370542590 0.068529252 -0.024560428 0.997346501 32.482914199
0.997577253 0.018598839 -0.067038583 -1.044160466 -0.016954195 0.999542892 0.025019655 1.384939499 0.067472100 -0.023822440 0.997436471 32.868431107
0.997752578 0.016631286 -0.064918327 -1.062507017 -0.015078466 0.999590602 0.024336312 1.415397901 0.065296163 -0.023302684 0.997593049 33.645629212
0.997944177 0.012471008 -0.062865424 -1.087094472 -0.010942630 0.999637420 0.024598638 1.447650214 0.063148592 -0.023860047 0.997718902 34.430584503
0.998025000 0.010279589 -0.061977690 -1.100188436 -0.008753679 0.999653702 0.024843035 1.463685675 0.062210310 -0.024251366 0.997767909 34.816034106
0.998176609 0.007116319 -0.059949532 -1.116965215 -0.005569378 0.999648008 0.025931145 1.497742448 0.060113043 -0.025549883 0.997863949 35.607147938
0.998305993 0.003864423 -0.058053742 -1.146199294 -0.002287927 0.999627459 0.027198980 1.532659454 0.058136728 -0.027020082 0.997941836 36.413888180
0.998328333 0.002105200 -0.057764593 -1.162319837 -0.000548457 0.999636561 0.026953433 1.549362923 0.057798836 -0.026876638 0.997965585 36.835268286
0.998327599 -0.001497199 -0.057800346 -1.188330793 0.003020157 0.999650755 0.026270384 1.582174889 0.057739861 -0.026400957 0.997982024 37.670222065
0.998418391 -0.005727881 -0.055945618 -1.208129123 0.007221948 0.999622214 0.026539404 1.616340162 0.055771927 -0.026901337 0.998080275 38.497289382
0.998443457 -0.008050869 -0.055195960 -1.218034259 0.009556085 0.999587894 0.027060249 1.634087212 0.054955677 -0.027545471 0.998108418 38.910795749
0.998518275 -0.010496653 -0.053407379 -1.244063977 0.011982660 0.999547896 0.027580176 1.668987334 0.053092785 -0.028179153 0.998191521 39.745663755
0.998544807 -0.013015481 -0.052336869 -1.262255998 0.014453422 0.999526383 0.027191521 1.702684571 0.051957209 -0.027908236 0.998259211 40.586813832
0.998558712 -0.013709730 -0.051897406 -1.270550873 0.015116798 0.999526293 0.026817878 1.719523973 0.051504602 -0.027563629 0.998291912 41.014421016
0.998578935 -0.015125302 -0.051110718 -1.288759412 0.016546252 0.999485330 0.027493427 1.755059586 0.050667868 -0.028299964 0.998313604 41.855495580
0.998607305 -0.017828220 -0.049668970 -1.313244675 0.019401965 0.999319561 0.031384935 1.796375590 0.049075683 -0.032304774 0.998272137 42.704163580
0.998618989 -0.018911012 -0.049016078 -1.315344161 0.020545655 0.999242231 0.033062279 1.816486604 0.048353095 -0.034023602 0.998250491 43.123805506
0.998597142 -0.020227727 -0.048942769 -1.339764967 0.021846106 0.999224242 0.032760510 1.850628945 0.048241714 -0.033783656 0.998264117 43.972768173
0.998616602 -0.022492590 -0.047543861 -1.357885438 0.023828682 0.999331771 0.027724033 1.876363217 0.046888166 -0.028818578 0.998483709 44.814245338
0.998623395 -0.022976604 -0.047158436 -1.373971777 0.024185938 0.999389126 0.025235960 1.889260049 0.046548974 -0.026341748 0.998568120 45.235781806
0.998549591 -0.024323189 -0.048033955 -1.388948306 0.025468830 0.999402604 0.023384518 1.921701496 0.047436458 -0.024573839 0.998571844 46.105110535
0.998421239 -0.027304777 -0.049089499 -1.416468496 0.028669948 0.999215803 0.027324386 1.964614686 0.048304951 -0.028688589 0.998419908 46.989670871
0.998356113 -0.028422741 -0.049771829 -1.429438274 0.029930093 0.999107667 0.029806562 1.987266000 0.048880424 -0.031247171 0.998315381 47.438933732
0.998219807 -0.030145249 -0.051467866 -1.456933417 0.031823577 0.998977961 0.032106284 2.027391652 0.050448066 -0.033686938 0.998157896 48.323608569
0.998185041 -0.030329233 -0.052031001 -1.485959460 0.031927884 0.999034641 0.030173133 2.059592755 0.051065183 -0.031779482 0.998189362 49.194545382
0.998181532 -0.029719967 -0.052448901 -1.506698349 0.031277642 0.999086633 0.029132649 2.075813697 0.051534574 -0.030720118 0.998198783 49.637839715
0.998117099 -0.028982038 -0.054063619 -1.540335914 0.030420498 0.999199556 0.025976377 2.106772944 0.053266821 -0.027571996 0.998199055 50.530721946
0.998144524 -0.028616989 -0.053759092 -1.567769922 0.029960876 0.999254475 0.024359620 2.140094607 0.053021641 -0.025924978 0.998255987 51.415676265
0.998151366 -0.028658443 -0.053609385 -1.582294659 0.029987907 0.999258377 0.024160540 2.157499006 0.052876555 -0.025723466 0.998269421 51.851091114
0.998177963 -0.028880131 -0.052986989 -1.609746980 0.030171249 0.999263277 0.023732330 2.192858869 0.052261080 -0.025287631 0.998312817 52.735961712
0.998124632 -0.028495297 -0.054188564 -1.643423956 0.029784066 0.999289010 0.023126152 2.228204241 0.053490060 -0.024696633 0.998262739 53.628663777
0.998126935 -0.028375428 -0.054194294 -1.656351720 0.029652596 0.999298204 0.022910576 2.246179686 0.053505305 -0.024474637 0.998266767 54.078118705
0.998049466 -0.029654419 -0.054938745 -1.694674243 0.030971313 0.999248936 0.023275307 2.284069857 0.054205791 -0.024931341 0.998217846 54.992610647
0.998008343 -0.029246397 -0.055899593 -1.726780100 0.030645878 0.999234353 0.024344587 2.322863733 0.055144444 -0.026009133 0.998138946 55.899234596
0.998032091 -0.028255888 -0.055976962 -1.745938174 0.029656518 0.999263204 0.024349923 2.341454131 0.055246787 -0.025962022 0.998134700 56.356495136
0.998095084 -0.027915108 -0.055017859 -1.778002108 0.029200899 0.999315754 0.022706653 2.375582129 0.054345650 -0.024269926 0.998226565 57.263310741
0.998088371 -0.028399514 -0.054899823 -1.811693448 0.029701336 0.999293541 0.023045186 2.412526089 0.054205681 -0.024631638 0.998225955 58.155947143
0.998104078 -0.027878252 -0.054879393 -1.823069933 0.029328010 0.999237501 0.025792158 2.436158087 0.054117042 -0.027352637 0.998159274 58.619233255
0.998175973 -0.027803741 -0.053589755 -1.852054022 0.029521436 0.999066924 0.031532271 2.484126958 0.052662613 -0.033056713 0.998064408 59.553607400
0.998163123 -0.028470246 -0.053479722 -1.887173441 0.030172638 0.999055226 0.031298535 2.522140120 0.052536940 -0.032854580 0.998078115 60.496221359
0.998165400 -0.028960114 -0.053184660 -1.904714971 0.030585722 0.999082151 0.030008719 2.539123489 0.052266428 -0.031580233 0.998133044 60.967611445
0.998089965 -0.030870782 -0.053519879 -1.938189388 0.032330368 0.999122539 0.026623425 2.572362419 0.052651016 -0.028302827 0.998211116 61.924485046
0.998030693 -0.032740096 -0.053499339 -1.965454502 0.034083667 0.999121209 0.024396550 2.607324330 0.052653038 -0.026171897 0.998269762 62.873457001
0.997994332 -0.033910193 -0.053463101 -1.983016770 0.035255856 0.999079751 0.024431540 2.626615660 0.052584322 -0.026267342 0.998270578 63.344752284
0.997985329 -0.034548841 -0.053217053 -2.025988789 0.035973755 0.999013331 0.026053336 2.667490241 0.052263798 -0.027915217 0.998242698 64.281016046
0.997999776 -0.035188398 -0.052533787 -2.048671915 0.036643311 0.998963612 0.026993049 2.706981105 0.051528803 -0.028863868 0.998253636 65.207907562
0.997948455 -0.036079904 -0.052894237 -2.066231400 0.037538464 0.998935189 0.026845677 2.725962708 0.051868057 -0.028776017 0.998238868 65.679215567
0.997887177 -0.036636259 -0.053657659 -2.109150184 0.038020078 0.998964635 0.024999985 2.760912524 0.052685279 -0.026987179 0.998245983 66.615722695
0.997927501 -0.036030938 -0.053321889 -2.144238900 0.037288912 0.999044806 0.022788273 2.795508705 0.052449352 -0.024729224 0.998317285 67.558477011
0.997950350 -0.035882138 -0.052982657 -2.153957276 0.037066966 0.999080810 0.021551366 2.812907759 0.052160497 -0.023471031 0.998362113 68.036082684
0.997856730 -0.036598339 -0.054254087 -2.189043749 0.037685145 0.999106684 0.019145844 2.847254161 0.053504878 -0.021149383 0.998343020 68.978847260
0.997737844 -0.037471289 -0.055808932 -2.238185930 0.038475312 0.999114595 0.017024573 2.882049610 0.055121261 -0.019133277 0.998295760 69.923191602
0.997717559 -0.037611572 -0.056084937 -2.249506935 0.038572400 0.999125615 0.016147489 2.899507063 0.055427901 -0.018273874 0.998294984 70.386731341
0.997703415 -0.038608587 -0.055658207 -2.284610913 0.039493557 0.999108779 0.014888499 2.935801744 0.055032450 -0.017052402 0.998338626 71.329415889
0.997563398 -0.041793173 -0.055875469 -2.311931237 0.042759949 0.998953864 0.016218181 2.976908227 0.055138799 -0.018567729 0.998305935 72.278135449
0.997497882 -0.043337724 -0.055864818 -2.327915744 0.044375769 0.998861787 0.017475910 2.998908713 0.055043325 -0.019911050 0.998284541 72.763382985
0.997475657 -0.042761265 -0.056697207 -2.375506826 0.043865914 0.998868517 0.018382945 3.039380697 0.055847272 -0.020823595 0.998221366 73.721557691
0.997518074 -0.041134394 -0.057152687 -2.409002878 0.042137336 0.998976361 0.016454695 3.075027500 0.056416668 -0.018822033 0.998229697 74.678332386
0.997504167 -0.040994217 -0.057484259 -2.426544498 0.041929074 0.999005909 0.015151825 3.092020860 0.056805242 -0.017524195 0.998231085 75.149722061
0.997403765 -0.041017011 -0.059198948 -2.467877261 0.041914320 0.999023189 0.013995795 3.128760644 0.058565949 -0.016440628 0.998147837 76.100219199
0.997459088 -0.039995156 -0.058972748 -2.513888247 0.041005725 0.999030760 0.016027283 3.171682015 0.058273816 -0.018404795 0.998129898 77.072356828
0.997502308 -0.038927632 -0.058939754 -2.537709643 0.040062383 0.999031889 0.018195678 3.194795464 0.058173991 -0.020511407 0.998095404 77.551325986
0.997533804 -0.038837672 -0.058468095 -2.575936167 0.040226754 0.998931623 0.022771841 3.242438717 0.057519581 -0.025067583 0.998029319 78.529502321
0.997434021 -0.039791738 -0.059515299 -2.615738658 0.041393915 0.998806027 0.025933812 3.287172988 0.058412042 -0.028330738 0.997889951 79.493734610
0.997443304 -0.040323922 -0.059013390 -2.625478670 0.041921589 0.998780424 0.026089427 3.306979916 0.057888746 -0.028496493 0.997916062 79.971241377
0.997354490 -0.040700693 -0.060231712 -2.665211407 0.042253430 0.998800727 0.024733734 3.343951046 0.059152038 -0.027213191 0.997878073 80.935792546
0.997371280 -0.039278644 -0.060894284 -2.712770440 0.040777658 0.998890589 0.023573346 3.380856181 0.059899613 -0.025994455 0.997865524 81.894113765
0.997390909 -0.038107436 -0.061313288 -2.734967661 0.039638195 0.998927008 0.023946506 3.401513351 0.060334971 -0.026314323 0.997831228 82.387247352
0.997310574 -0.036498104 -0.063564568 -2.788788425 0.038152596 0.998959151 0.025012352 3.442530350 0.062584825 -0.027370202 0.997663477 83.353230543
0.997276110 -0.036801473 -0.063932843 -2.834767003 0.038458436 0.998950388 0.024882598 3.481844907 0.062949821 -0.027273502 0.997643159 84.325516327
0.997280554 -0.036331765 -0.064130147 -2.858551233 0.037975806 0.998975972 0.024604346 3.500822011 0.063170499 -0.026972714 0.997637426 84.804655390
0.997085304 -0.038025197 -0.066143664 -2.904542200 0.039767743 0.998890266 0.025230515 3.541515349 0.065110250 -0.027787234 0.997491058 85.776884538
0.997110380 -0.036141243 -0.066824565 -2.956804773 0.038136378 0.998856407 0.028824680 3.587419581 0.065706017 -0.031289716 0.997347391 86.756730516
0.997077690 -0.034832297 -0.067995936 -2.988430650 0.036919993 0.998877318 0.029691157 3.608039181 0.066884933 -0.032114722 0.997243278 87.229569450
0.996961239 -0.035535537 -0.069322680 -3.042198627 0.037504115 0.998923152 0.027304900 3.643181370 0.068277506 -0.029821665 0.997220406 88.195793956
0.996953384 -0.035169024 -0.069627518 -3.089663398 0.036641818 0.999128953 0.019989061 3.669595773 0.068863163 -0.022479352 0.997372879 89.154546093
0.996920446 -0.034846871 -0.070252582 -3.118056008 0.036212734 0.999177838 0.018262882 3.686981330 0.069557372 -0.020750559 0.997362076 89.655644939
0.996918702 -0.034975554 -0.070217593 -3.168690726 0.036449477 0.999139275 0.019820942 3.730019644 0.069463554 -0.022319118 0.997334530 90.649672172
0.996693028 -0.036821911 -0.072446464 -3.231824487 0.038666848 0.998958398 0.024231181 3.778564087 0.071477179 -0.026952196 0.997077571 91.659134980
0.996543070 -0.037934773 -0.073917782 -3.268071223 0.039837244 0.998907311 0.024434402 3.798980913 0.072910140 -0.027294578 0.996964267 92.153876650
0.996529611 -0.037458968 -0.074346087 -3.326451621 0.039111650 0.999016801 0.020898933 3.832981158 0.073489254 -0.023734099 0.997012950 93.142042470
0.996511415 -0.038412698 -0.074098892 -3.380202092 0.039801467 0.999057481 0.017356088 3.866175069 0.073361851 -0.020244681 0.997099792 94.108347004
0.996430817 -0.039280898 -0.074722453 -3.408612298 0.040640034 0.999033700 0.016755371 3.885518896 0.073991733 -0.019732162 0.997063518 94.609365411
0.996397175 -0.038499009 -0.075565741 -3.474867020 0.039853368 0.999069351 0.016497543 3.924798424 0.074859916 -0.019449490 0.997004323 95.591081717
0.996380378 -0.038544399 -0.075768968 -3.533278838 0.039789331 0.999095508 0.014989526 3.962295580 0.075122371 -0.017949945 0.997012571 96.579103898
0.996425905 -0.037743538 -0.075568248 -3.563269499 0.038860181 0.999155530 0.013360874 3.979229985 0.074999605 -0.016249664 0.997051181 97.066157740
0.996589059 -0.036068731 -0.074231895 -3.613866871 0.037097480 0.999233213 0.012525464 4.018111971 0.073722564 -0.015236530 0.997161576 98.060355699
0.996586245 -0.036023434 -0.074292766 -3.666098472 0.037169241 0.999209970 0.014098076 4.060569248 0.073725561 -0.016811312 0.997136485 99.040343264
0.996569699 -0.036284196 -0.074377556 -3.689907479 0.037530377 0.999177049 0.015426536 4.082303916 0.073756402 -0.018164905 0.997110860 99.519369057
0.996620375 -0.036674091 -0.073504533 -3.735929148 0.038102799 0.999109487 0.018130345 4.126414236 0.072773499 -0.020869646 0.997129944 100.491457849
0.996643348 -0.036680163 -0.073195950 -3.789724866 0.038061182 0.999121238 0.017562937 4.164643698 0.072486299 -0.020289840 0.997162183 101.457555542
0.996662088 -0.037000276 -0.072779440 -3.805678490 0.038321403 0.999123808 0.016839698 4.183207220 0.072092138 -0.019572457 0.997205089 101.942944256
0.996754662 -0.037463173 -0.071257663 -3.851634894 0.038644276 0.999136323 0.015268552 4.220053957 0.070624209 -0.017972562 0.997341038 102.915331407
0.996687491 -0.038625757 -0.071567705 -3.900645796 0.039798697 0.999094514 0.015036081 4.260675956 0.070921587 -0.017834519 0.997321982 103.923521428
0.996657697 -0.038881063 -0.071847745 -3.922847327 0.040104251 0.999073280 0.015661614 4.281812702 0.071171385 -0.018490556 0.997292597 104.416635316
0.996636880 -0.039824434 -0.071625164 -3.973498024 0.041230245 0.998982667 0.018256437 4.326629445 0.070825053 -0.021148042 0.997264175 105.410589498
0.996603422 -0.041445505 -0.071161674 -4.016280322 0.042821709 0.998921867 0.017922802 4.366826322 0.070341611 -0.020909108 0.997303143 106.410966108
0.996626409 -0.041192063 -0.070996001 -4.038448097 0.042453663 0.998964680 0.016354319 4.384206387 0.070248360 -0.019313085 0.997342495 106.904234307
0.996712247 -0.041656096 -0.069500926 -4.084412401 0.042817669 0.998965894 0.015306291 4.421932347 0.068791574 -0.018231743 0.997463732 107.876585343
0.996662726 -0.043197045 -0.069266222 -4.122565581 0.044340218 0.998903496 0.015052608 4.461412811 0.068539368 -0.018073582 0.997484043 108.855096974
0.996674452 -0.043353446 -0.068996733 -4.144761725 0.044511211 0.998891715 0.015330473 4.481950087 0.068255180 -0.018350540 0.997498678 109.348235486
0.996705282 -0.044284191 -0.067960390 -4.182929537 0.045474164 0.998836561 0.016062386 4.523059111 0.067169058 -0.019099809 0.997558694 110.326680221
0.996641903 -0.044861974 -0.068506892 -4.233551059 0.046109369 0.998796008 0.016736371 4.564628723 0.067673770 -0.019838838 0.997509853 111.320767783
0.996576151 -0.045093370 -0.069298586 -4.257340944 0.046361986 0.998783815 0.016808023 4.584235271 0.068455555 -0.019963225 0.997453713 111.799880991
0.996513270 -0.045990801 -0.069620754 -4.309538701 0.047221286 0.998754380 0.016131478 4.622925875 0.068791935 -0.019362666 0.997442622 112.780023277
0.996517861 -0.046258868 -0.069373969 -4.360133559 0.047413092 0.998761766 0.015083458 4.661528108 0.068589596 -0.018320113 0.997476480 113.774232727
0.996526217 -0.046277873 -0.069241718 -4.374495417 0.047402460 0.998768096 0.014687118 4.681242165 0.068475127 -0.017918197 0.997491657 114.273637715
0.996538000 -0.046653729 -0.068813828 -4.425079592 0.047651544 0.998780690 0.012930615 4.718655448 0.068125677 -0.016164849 0.997545426 115.267896003
0.996505602 -0.046492811 -0.069390659 -4.472479875 0.047423071 0.998805167 0.011818768 4.758329834 0.068757246 -0.015068098 0.997518945 116.290188483
0.996488352 -0.046594372 -0.069569304 -4.499288709 0.047466435 0.998812962 0.010934589 4.777755139 0.068976055 -0.014198212 0.997516653 116.805267078
0.996435301 -0.046369629 -0.070471806 -4.557705823 0.047172200 0.998838908 0.009765856 4.815841774 0.069936120 -0.013055290 0.997465502 117.793265045
0.996494552 -0.046246791 -0.069723396 -4.603665639 0.046945355 0.998862397 0.008413953 4.853068176 0.069254422 -0.011657499 0.997530601 118.765636601
0.996544603 -0.045995056 -0.069167467 -4.625851190 0.046658954 0.998878931 0.008013112 4.872426493 0.068720872 -0.011212585 0.997572569 119.258823540
0.996446410 -0.045423506 -0.070930095 -4.676469928 0.046142625 0.998899008 0.008532278 4.913686378 0.070463267 -0.011774760 0.997444195 120.252923825
0.996442301 -0.043897385 -0.071949581 -4.741139258 0.044661583 0.998961185 0.009046405 4.954825813 0.071476988 -0.012227458 0.997366845 121.248627267
0.996485540 -0.043062919 -0.071853988 -4.769555298 0.043811344 0.999000524 0.008871633 4.974819066 0.071399596 -0.011988338 0.997374726 121.749618998
0.996491337 -0.042232194 -0.072254953 -4.828003654 0.043048786 0.999025346 0.009781124 5.016382630 0.071771512 -0.012857206 0.997337882 122.737474146
0.996449386 -0.042570776 -0.072634377 -4.880174120 0.043215014 0.999038806 0.007320183 5.052035918 0.072252929 -0.010433028 0.997331496 123.717741193
0.996415070 -0.042936864 -0.072896864 -4.908567089 0.043458575 0.999040268 0.005585656 5.069461439 0.072585628 -0.008733544 0.997323254 124.218838397
0.996444831 -0.042875091 -0.072519085 -4.957575567 0.043367459 0.999045405 0.005227625 5.109813676 0.072224949 -0.008353964 0.997352341 125.227039498
0.996555654 -0.042325509 -0.071319371 -5.000382014 0.042900336 0.999057900 0.006546319 5.152698179 0.070974821 -0.009583249 0.997431755 126.227305711
0.996542030 -0.042303895 -0.071517436 -5.030397811 0.042880433 0.999058866 0.006544847 5.172430113 0.071173087 -0.009588832 0.997417306 126.714244642
0.996502424 -0.041626863 -0.072461488 -5.080999402 0.042166752 0.999093332 0.005936324 5.211781684 0.072147857 -0.008970948 0.997353707 127.708423312
0.996496429 -0.041619808 -0.072551658 -5.139404487 0.042018063 0.999109087 0.003970584 5.248529502 0.072320761 -0.007005118 0.997356256 128.696476273
0.996457581 -0.041624604 -0.073072262 -5.166213949 0.041964308 0.999114107 0.003119909 5.268024746 0.072877329 -0.006175217 0.997320932 129.211551995
0.996484294 -0.040993746 -0.073071352 -5.224626754 0.041226579 0.999148901 0.001679891 5.305631804 0.072940250 -0.004686438 0.997324467 130.199569661
0.996545740 -0.040170636 -0.072683046 -5.270611437 0.040421531 0.999180952 0.001983686 5.345625761 0.072543341 -0.004914682 0.997352275 131.171827537
0.996575582 -0.039797069 -0.072488488 -5.300647972 0.040146268 0.999187925 0.003365799 5.367665656 0.072295111 -0.006264249 0.997363135 131.658671665
0.996582793 -0.039088751 -0.072776952 -5.345066922 0.039608732 0.999199323 0.005715374 5.411707586 0.072494280 -0.008578349 0.997331221 132.644826801
0.996630148 -0.038958568 -0.072188040 -5.395720762 0.039678393 0.999175714 0.008563630 5.456874020 0.071794330 -0.011398953 0.997354458 133.638766619
0.996650757 -0.039002547 -0.071880778 -5.417916098 0.039735330 0.999171269 0.008792691 5.477321375 0.071477607 -0.011619374 0.997373974 134.131908825
0.996749174 -0.038790489 -0.070623526 -5.456061826 0.039459520 0.999188262 0.008101917 5.515972571 0.070250752 -0.010862209 0.997470182 135.110454518
0.996768559 -0.038625818 -0.070434103 -5.505075601 0.039291611 0.999194967 0.008091245 5.556914288 0.070064723 -0.010832458 0.997483276 136.118631406
0.996695549 -0.039595523 -0.070928817 -5.525686442 0.040341025 0.999144762 0.009108815 5.579321462 0.070506794 -0.011940030 0.997439723 136.625756644
0.996621585 -0.039853686 -0.071818152 -5.576343424 0.040826571 0.999092968 0.012129666 5.624837587 0.071269022 -0.015020714 0.997343898 137.619682098
0.996565483 -0.040283556 -0.072361928 -5.633229280 0.041490267 0.999022552 0.015250560 5.670808806 0.071676260 -0.018200413 0.997261541 138.621419732
0.996454096 -0.040441741 -0.073787125 -5.669493521 0.041775667 0.998988703 0.016624286 5.693173911 0.073039521 -0.019647740 0.997135028 139.116081374
0.996417900 -0.040582606 -0.074195184 -5.726358460 0.042054132 0.998946128 0.018378872 5.736817187 0.073369539 -0.021433153 0.997074097 140.117914631
0.996391757 -0.041937658 -0.073793314 -5.776963193 0.043372502 0.998898230 0.017948756 5.776518449 0.072958731 -0.021084485 0.997112027 141.112078937
0.996397938 -0.041867733 -0.073752881 -5.805381388 0.043297913 0.998902188 0.017899007 5.796751491 0.072922704 -0.021027786 0.997115221 141.613060819
0.996381589 -0.042533045 -0.073585665 -5.859151072 0.043794480 0.998918469 0.015614176 5.832083512 0.072841690 -0.018780251 0.997166034 142.579277527
0.996391922 -0.043485341 -0.072885127 -5.912919228 0.044562768 0.998919714 0.013221605 5.867245684 0.072230506 -0.016421732 0.997252610 143.545501213
0.996371898 -0.044200620 -0.072730003 -5.942921649 0.045212582 0.998901233 0.012326417 5.885488933 0.072104283 -0.015569973 0.997274789 144.032501293
0.996335437 -0.045603620 -0.072358954 -5.990480144 0.046522042 0.998856275 0.011058245 5.922334121 0.071771238 -0.014383879 0.997316602 144.990824973
0.996352758 -0.045647781 -0.072093248 -6.039653925 0.046561356 0.998854913 0.011042349 5.960646463 0.071506204 -0.014358642 0.997336911 145.935024855
0.996354466 -0.046673749 -0.071409167 -6.065040963 0.047586058 0.998805481 0.011127346 5.979701948 0.070804005 -0.014484825 0.997385163 146.400097164
0.996415423 -0.047299964 -0.070141124 -6.115810910 0.048191116 0.998777019 0.011066762 6.017353323 0.069531507 -0.014407202 0.997474982 147.330260660
0.996387021 -0.048035832 -0.070041255 -6.166575829 0.048898735 0.998747294 0.010657672 6.054445193 0.069440130 -0.014043964 0.997486543 148.260447139
0.996381606 -0.048621949 -0.069709700 -6.191959456 0.049472570 0.998720387 0.010526779 6.073121013 0.069108168 -0.013937276 0.997512039 148.725535043
0.996476082 -0.047593223 -0.069070164 -6.238107916 0.048470989 0.998762823 0.011087558 6.110905224 0.068456503 -0.014396257 0.997549601 149.633798676
0.996480097 -0.049498924 -0.067668014 -6.271829419 0.050513701 0.998634430 0.013368574 6.151206218 0.066913424 -0.016739619 0.997618188 150.526297183
0.996498701 -0.049460080 -0.067420883 -6.291003114 0.050538558 0.998618636 0.014384892 6.171535081 0.066615374 -0.017741786 0.997620660 150.983486314
0.996522623 -0.050616273 -0.066197587 -6.324671652 0.051598357 0.998580961 0.013208974 6.205941283 0.065434788 -0.016578586 0.997719073 151.876226957
0.996701034 -0.048033026 -0.065431488 -6.372265726 0.048388669 0.998820930 0.003859852 6.226309330 0.065167831 -0.007013135 0.997849584 152.771142445
0.996733104 -0.045863096 -0.066485004 -6.391336361 0.045837476 0.998947456 -0.001911223 6.235168326 0.066502417 -0.001142412 0.997785700 153.228802714
0.996879571 -0.044690672 -0.065079329 -6.437453670 0.044563623 0.999001118 -0.003403105 6.269485600 0.065166095 0.000492328 0.997873821 154.137208755
0.996954974 -0.043931180 -0.064430097 -6.477448934 0.044156301 0.999022181 0.002072950 6.315237275 0.064275759 -0.004911536 0.997919893 155.037314242
0.997091679 -0.042276977 -0.063418780 -6.490447260 0.042778677 0.999063312 0.006573360 6.341065783 0.063080962 -0.009267164 0.997965142 155.486446596
