1.000000000 0.000000000 0.000000000 -0.000000000 -0.000000000 1.000000000 0.000000000 0.000000000 0.000000000 -0.000000000 1.000000000 0.000000000
1.000000219 0.000239291 0.000070132 0.003981104 -0.000239345 0.999999919 -0.000409309 -0.000706877 -0.000069770 0.000409246 0.999999976 0.308674838
0.999999112 -0.001517296 -0.000402023 0.007993696 0.001517085 0.999999036 -0.000243657 -0.000374229 0.000402311 0.000243025 1.000000032 0.617349258
0.999997036 -0.002342332 -0.000830108 0.012018789 0.002341998 0.999998048 -0.000327855 -0.000565577 0.000830458 0.000325845 0.999999234 0.768239214
0.999992465 -0.003656329 -0.000997245 0.022597304 0.003655708 0.999993922 -0.000560530 -0.001118709 0.000999927 0.000556813 0.999999148 1.085433034
0.999991601 -0.003895599 -0.001618078 0.024035573 0.003893793 0.999992388 -0.001116752 -0.002016954 0.001622805 0.001110429 0.999998003 1.398417195
0.999992872 -0.003232159 -0.001914739 0.024998485 0.003229169 0.999994480 -0.001557814 -0.002793781 0.001919936 0.001551561 0.999996308 1.554478482
0.999995370 -0.002208454 -0.002083721 0.030532176 0.002205691 0.999997396 -0.001330603 -0.002498243 0.002086250 0.001326001 0.999997201 1.860567369
0.999997730 -0.000251237 -0.002183449 0.029026618 0.000251161 1.000000625 -0.000046233 -0.000191733 0.002183583 0.000045635 0.999997524 2.158998254
0.999996138 0.001570219 -0.002265729 0.024464720 -0.001569293 0.999999280 0.000449325 0.000785404 0.002266866 -0.000445783 0.999996953 2.304816095
0.999991449 0.003802755 -0.001934348 0.025962305 -0.003800907 0.999992470 0.000983310 0.001728286 0.001938109 -0.000975982 0.999997653 2.598076432
0.999989168 0.004242749 -0.001944040 0.030463939 -0.004241237 0.999991229 0.000782244 0.001337527 0.001947110 -0.000774013 0.999997936 2.886166209
0.999988590 0.004221110 -0.002303022 0.033471231 -0.004219665 0.999990941 0.000639914 0.001047642 0.002306071 -0.000630210 0.999997072 3.038779904
0.999989061 0.003678957 -0.002884191 0.033432881 -0.003676497 0.999993269 0.000860650 0.001537858 0.002887048 -0.000850054 0.999995820 3.334625970
0.999993013 0.002539678 -0.002819712 0.041508472 -0.002536619 0.999996663 0.001108740 0.001876802 0.002822193 -0.001101597 0.999995578 3.616682509
0.999993354 0.002234138 -0.002896928 0.042515561 -0.002230157 0.999996791 0.001414772 0.002441332 0.002900352 -0.001408370 0.999994477 3.753020174
0.999985217 0.003256074 -0.004371657 0.045579962 -0.003243582 0.999991271 0.002856826 0.004856413 0.004380654 -0.002842577 0.999986089 4.043694371
0.999984837 0.003037650 -0.004625280 0.046577853 -0.003021866 0.999989651 0.003434649 0.005936911 0.004635138 -0.003420641 0.999983022 4.318093418
0.999981909 0.003745870 -0.004738222 0.047574648 -0.003729055 0.999987155 0.003569390 0.006161596 0.004751888 -0.003551688 0.999982594 4.454431219
0.999968734 0.006264148 -0.004886551 0.053143104 -0.006242945 0.999971595 0.004349447 0.007370656 0.004914090 -0.004318846 0.999978601 4.721073570
0.999939848 0.009638033 -0.005208128 0.048156182 -0.009602569 0.999931454 0.006788327 0.011770110 0.005272750 -0.006737905 0.999963155 4.986090390
0.999928430 0.010590804 -0.005554713 0.048698726 -0.010546709 0.999913146 0.007924348 0.013749700 0.005638288 -0.007865213 0.999953255 5.123289335
0.999923919 0.010825655 -0.005914711 0.051750990 -0.010772127 0.999901595 0.009014453 0.015646989 0.006011039 -0.008950069 0.999942104 5.394240656
0.999952271 0.007653775 -0.006027463 0.056770428 -0.007599995 0.999931679 0.008905948 0.015482388 0.006095236 -0.008859750 0.999942737 5.661745409
0.999975895 0.003779998 -0.005856583 0.069893656 -0.003731618 0.999959230 0.008252416 0.014128814 0.005887816 -0.008230394 0.999948406 5.797122545
0.999969792 -0.005234989 -0.005787993 0.079417958 0.005274846 0.999962704 0.006882955 0.011923768 0.005752629 -0.006913321 0.999959166 6.056871474
0.999915376 -0.011805031 -0.005494307 0.093082821 0.011844472 0.999904459 0.007192315 0.012519798 0.005409482 -0.007256830 0.999959191 6.329447568
0.999902305 -0.013062594 -0.004966780 0.095141015 0.013102724 0.999881139 0.008147990 0.014282361 0.004859054 -0.008212262 0.999953871 6.464061052
0.999927289 -0.011450555 -0.003913866 0.102363787 0.011494597 0.999869020 0.011420373 0.019852296 0.003782193 -0.011464613 0.999927618 6.728116103
0.999962573 -0.007591289 -0.004187315 0.104938789 0.007645784 0.999884480 0.013178950 0.022744838 0.004087724 -0.013210519 0.999904142 6.999928873
0.999978590 -0.004827929 -0.004415116 0.101829236 0.004882138 0.999912162 0.012356973 0.021297930 0.004355189 -0.012378243 0.999913920 7.123439056
0.999992839 0.001318278 -0.003680570 0.103033688 -0.001291294 0.999973137 0.007318112 0.012329296 0.003690516 -0.007313317 0.999966694 7.377257208
0.999980358 0.005601673 -0.002959357 0.100613923 -0.005599485 0.999984099 0.000747074 0.000971717 0.002963375 -0.000730508 0.999995448 7.637109264
0.999975693 0.006309101 -0.002889282 0.103009197 -0.006313305 0.999979565 -0.001459313 -0.002888852 0.002879651 0.001477538 0.999994482 7.770863159
0.999968729 0.006887915 -0.003937377 0.108883271 -0.006905554 0.999966246 -0.004465665 -0.008224472 0.003906252 0.004492738 0.999982753 8.056369376
0.999985965 0.002748458 -0.004461995 0.115879600 -0.002773062 0.999980992 -0.005502870 -0.010013135 0.004446780 0.005515134 0.999975025 8.340150468
0.999988108 -0.001275641 -0.004745691 0.122959305 0.001249943 0.999984785 -0.005408758 -0.009868889 0.004753006 0.005402696 0.999974686 8.485869194
0.999951687 -0.008328855 -0.005230978 0.142173199 0.008299892 0.999950348 -0.005522599 -0.010227189 0.005277280 0.005478859 0.999970950 8.768688413
0.999914366 -0.012000122 -0.005306962 0.147003106 0.011950154 0.999884998 -0.009342493 -0.016648923 0.005418565 0.009278209 0.999942476 9.036195680
0.999909785 -0.012387119 -0.005195843 0.148873281 0.012324334 0.999852744 -0.011942342 -0.021093516 0.005342917 0.011877204 0.999914805 9.170811659
0.999925890 -0.011085083 -0.005046041 0.152179970 0.011004791 0.999816808 -0.015671709 -0.027548109 0.005218628 0.015615017 0.999864327 9.440904487
0.999947729 -0.008794880 -0.005164056 0.160322196 0.008721909 0.999864812 -0.013972746 -0.024892197 0.005285828 0.013926918 0.999889271 9.742683179
0.999959393 -0.007254057 -0.005316842 0.159432985 0.007195200 0.999913997 -0.011011847 -0.019808874 0.005397084 0.010973155 0.999925307 9.902189509
0.999976524 -0.005256330 -0.004396233 0.165717967 0.005229690 0.999968544 -0.006033026 -0.011344759 0.004427703 0.006009902 0.999972311 10.227136348
0.999981690 -0.004750326 -0.003913304 0.173895039 0.004735807 0.999982292 -0.003694369 -0.007421398 0.003930366 0.003675711 0.999985181 10.548637615
0.999985033 -0.003935233 -0.003937297 0.169849789 0.003923540 0.999988327 -0.002969208 -0.006022134 0.003948291 0.002953656 0.999988025 10.713316521
0.999979670 -0.005047075 -0.003864961 0.179401447 0.005033885 0.999982157 -0.003396195 -0.006855690 0.003881976 0.003376667 0.999987299 11.051957236
0.999976610 -0.005357797 -0.004268034 0.182329987 0.005338882 0.999976970 -0.004414731 -0.008574627 0.004291169 0.004391777 0.999981105 11.401802347
0.999979023 -0.005356073 -0.003768535 0.185308544 0.005336909 0.999973181 -0.005070956 -0.009696101 0.003796014 0.005050753 0.999980543 11.574139460
0.999972459 -0.006518424 -0.003467533 0.197405157 0.006500024 0.999965463 -0.005307138 -0.010268322 0.003501772 0.005284425 0.999979726 11.908470824
0.999965851 -0.007479305 -0.003522686 0.201894761 0.007459489 0.999956664 -0.005592329 -0.010704972 0.003563947 0.005565841 0.999978008 12.255729872
0.999955194 -0.008838792 -0.003515991 0.209421503 0.008815838 0.999940172 -0.006479932 -0.012319570 0.003572418 0.006448591 0.999972590 12.440033624
0.999942714 -0.009977035 -0.003829657 0.211820430 0.009946469 0.999920194 -0.007904463 -0.014654486 0.003907654 0.007865905 0.999961405 12.810463917
0.999966595 -0.007492963 -0.003318613 0.216666821 0.007456300 0.999913198 -0.010919400 -0.019946591 0.003400840 0.010894258 0.999935186 13.176586151
0.999976088 -0.006065025 -0.003271579 0.214002213 0.006022734 0.999900721 -0.012809801 -0.023104336 0.003348999 0.012789805 0.999912590 13.358404425
0.999971221 -0.006936843 -0.003011282 0.222943144 0.006890586 0.999863023 -0.015111751 -0.027114669 0.003115669 0.015090501 0.999881375 13.737354434
0.999977601 -0.006314498 -0.002234488 0.238102046 0.006280996 0.999873006 -0.014659959 -0.026629509 0.002326437 0.014645559 0.999890295 14.145406614
0.999980208 -0.006083598 -0.001725226 0.245207566 0.006059207 0.999886681 -0.013808182 -0.025281727 0.001809875 0.013797419 0.999902811 14.350294109
0.999998946 -0.001077390 -0.001051235 0.241699848 0.001065048 0.999932264 -0.011640882 -0.021482918 0.001063700 0.011639707 0.999931398 14.750787212
0.999995824 0.002719653 -0.001156655 0.243703315 -0.002731875 0.999939923 -0.010683346 -0.019887868 0.001127558 0.010686427 0.999942449 15.161523943
0.999994906 0.003135137 -0.001246149 0.245683199 -0.003148504 0.999936425 -0.010889832 -0.020242218 0.001212349 0.010893631 0.999939983 15.375030615
0.999991653 0.003901469 -0.000991382 0.251172269 -0.003912262 0.999931305 -0.011100043 -0.020600175 0.000948197 0.011103830 0.999938185 15.819181355
0.999999685 0.000520430 -0.000048651 0.272931966 -0.000520912 0.999946377 -0.010353040 -0.019615370 0.000042954 0.010353005 0.999946506 16.275198546
0.999996814 -0.002583600 -0.000438664 0.276925981 0.002578667 0.999938546 -0.010833254 -0.020364345 0.000466321 0.010832083 0.999941667 16.504981063
0.999993449 -0.003250996 -0.001661720 0.281835482 0.003230165 0.999918355 -0.012362934 -0.022987526 0.001702120 0.012357411 0.999921956 16.969717646
0.999998165 0.001381952 -0.001056646 0.283569870 -0.001399171 0.999864685 -0.016400029 -0.029924477 0.001033876 0.016401456 0.999865241 17.439627059
0.999992422 0.003954652 -0.000178354 0.282475490 -0.003957142 0.999845089 -0.017162576 -0.031146147 0.000110568 0.017163186 0.999852719 17.678028260
0.999976908 0.006862954 -0.000314247 0.289641940 -0.006866765 0.999876847 -0.014168068 -0.026147627 0.000217108 0.014169848 0.999899239 18.159037467
0.999986782 0.004886255 -0.001416256 0.299434487 -0.004899499 0.999943847 -0.009485562 -0.018208998 0.001369425 0.009492310 0.999953580 18.635736246
0.999996690 0.002284983 -0.001524458 0.306500399 -0.002299151 0.999954537 -0.009308204 -0.017934665 0.001503084 0.009311609 0.999955163 18.880070341
0.999996984 -0.001739506 -0.001753714 0.318938849 0.001717893 0.999923553 -0.012256699 -0.023036283 0.001774682 0.012253611 0.999923926 19.371326349
0.999993005 -0.003354954 -0.001948043 0.328325082 0.003324441 0.999875715 -0.015430390 -0.028511507 0.001999500 0.015423712 0.999879046 19.848030519
0.999994824 -0.002622605 -0.001895265 0.334340495 0.002592025 0.999870727 -0.015895204 -0.029415217 0.001937333 0.015890188 0.999872146 20.094088786
0.999997384 -0.000671322 -0.002191373 0.335782364 0.000636756 0.999876575 -0.015701749 -0.029023759 0.002201881 0.015700335 0.999874299 20.604303272
0.999997497 0.000333728 -0.002390437 0.343355032 -0.000368235 0.999896644 -0.014427830 -0.026897513 0.002385020 0.014428614 0.999892963 21.163344121
0.999996874 0.000303339 -0.002386438 0.342313388 -0.000336903 0.999901425 -0.014076387 -0.026144030 0.002381762 0.014077065 0.999898195 21.441190696
0.999995655 0.001356831 -0.002723373 0.351405945 -0.001391720 0.999917031 -0.012815901 -0.024094875 0.002706583 0.012819648 0.999913749 21.997646029
0.999995615 0.001081504 -0.002672882 0.358040138 -0.001108607 0.999948301 -0.010127283 -0.019448367 0.002661951 0.010130222 0.999945518 22.558409564
0.999996200 0.001651572 -0.002457851 0.360086409 -0.001673372 0.999959545 -0.008877735 -0.017259794 0.002442844 0.008881745 0.999957569 22.831084467
0.999995225 0.002189500 -0.002173952 0.364068442 -0.002208003 0.999962113 -0.008512982 -0.016530976 0.002154973 0.008517703 0.999961271 23.376435739
0.999997101 0.001905733 -0.001524215 0.373598322 -0.001918787 0.999961734 -0.008588448 -0.016678495 0.001507999 0.008591330 0.999961918 23.951753189
0.999996342 0.002708564 -0.001018644 0.379125325 -0.002717237 0.999960423 -0.008580331 -0.016720831 0.000995321 0.008582978 0.999963266 24.238119127
0.999990694 0.004426036 -0.000080340 0.393267274 -0.004426531 0.999962034 -0.007611062 -0.015252440 0.000046164 0.007611358 0.999970736 24.825402369
0.999992059 0.003923104 0.000747882 0.402806869 -0.003917470 0.999965196 -0.007447612 -0.014962130 -0.000778001 0.007444620 0.999972228 25.420442727
0.999991641 0.003939131 0.001175265 0.403272121 -0.003930435 0.999965656 -0.007312910 -0.014597565 -0.001203842 0.007308188 0.999972853 25.715426995
0.999992849 0.002654630 0.002559746 0.422470702 -0.002637729 0.999975261 -0.006594957 -0.013588022 -0.002577277 0.006588097 0.999974669 26.313815012
0.999990218 0.002283238 0.003883125 0.447788827 -0.002263507 0.999984910 -0.005102597 -0.011449473 -0.003894466 0.005093716 0.999979810 26.921583468
0.999987644 0.002723789 0.004065791 0.450796941 -0.002704605 0.999985420 -0.004725645 -0.010775565 -0.004078234 0.004714553 0.999980599 27.231981450
0.999984489 0.002709735 0.004799150 0.462860048 -0.002687497 0.999985810 -0.004639470 -0.010697642 -0.004811392 0.004626451 0.999977594 27.862158815
0.999989782 0.001461665 0.004277008 0.483627014 -0.001449576 0.999995878 -0.002830027 -0.007929973 -0.004282008 0.002823751 0.999986759 28.497406747
0.999990150 0.000477076 0.004443393 0.492747708 -0.000468802 0.999998303 -0.001863550 -0.006356953 -0.004443539 0.001861443 0.999988117 28.817185259
0.999990427 -0.000797404 0.004469331 0.508368423 0.000804565 0.999998792 -0.001613461 -0.006089079 -0.004467734 0.001616987 0.999988375 29.441329604
0.999991707 -0.001012476 0.004019204 0.522431431 0.001020306 0.999998443 -0.001961492 -0.006875567 -0.004017233 0.001965518 0.999989861 30.087783004
0.999990537 -0.001157945 0.004134690 0.521355324 0.001166862 0.999997922 -0.002147874 -0.007025610 -0.004131981 0.002152635 0.999989246 30.405076111
0.999990334 -0.002178970 0.003839728 0.543482647 0.002191859 0.999992317 -0.003348425 -0.009484643 -0.003832851 0.003356796 0.999987302 31.057463679
0.999988344 -0.002389750 0.004157727 0.553464160 0.002407292 0.999989047 -0.004217504 -0.011005123 -0.004147748 0.004227488 0.999982487 31.710812168
0.999988403 -0.002396073 0.004156094 0.564548423 0.002414294 0.999988307 -0.004390324 -0.011495963 -0.004145519 0.004400265 0.999982354 32.046867198
0.999983790 -0.002797209 0.004967483 0.585223705 0.002818194 0.999987390 -0.004231649 -0.011520955 -0.004955041 0.004245557 0.999978674 32.721562420
0.999984287 -0.003459750 0.004386936 0.602934901 0.003471010 0.999990780 -0.002560221 -0.008892910 -0.004378368 0.002575396 0.999987327 33.401427671
0.999982662 -0.003934960 0.004395183 0.612564068 0.003941471 0.999991737 -0.001484116 -0.007167639 -0.004389055 0.001501402 0.999988817 33.740067358
0.999980228 -0.004268116 0.004562642 0.630279201 0.004267024 0.999991131 0.000242935 -0.004409654 -0.004563502 -0.000223481 0.999989714 34.419932557
0.999968895 -0.005629121 0.005471485 0.647532514 0.005613915 0.999981318 0.002781552 -0.000146649 -0.005486981 -0.002750835 0.999981431 35.100659001
0.999963090 -0.006531062 0.005584104 0.665266567 0.006510053 0.999972222 0.003781559 0.001245463 -0.005608828 -0.003745077 0.999977240 35.445232317
0.999952378 -0.007643432 0.006014177 0.681444857 0.007612405 0.999958341 0.005168891 0.003520796 -0.006052921 -0.005122913 0.999968229 36.127683258
0.999962843 -0.005862347 0.006295989 0.699055838 0.005831161 0.999971499 0.004967377 0.002840357 -0.006325276 -0.004930439 0.999968257 36.807549839
0.999974247 -0.002872428 0.006634392 0.699434249 0.002848118 0.999989498 0.003665014 0.000572187 -0.006644801 -0.003646094 0.999971734 37.141981333
0.999981969 0.001133581 0.005896115 0.714841567 -0.001134343 0.999999624 0.000129234 -0.005970759 -0.005897048 -0.000135925 0.999982480 37.805574583
0.999983669 0.001476148 0.005549902 0.724288623 -0.001469710 0.999998774 -0.001172356 -0.008267146 -0.005552290 0.001164163 0.999983560 38.479508318
0.999985592 0.000942867 0.005244879 0.734372646 -0.000937201 0.999999885 -0.001080638 -0.008276789 -0.005246418 0.001075685 0.999985804 38.817286853
0.999983207 -0.001522184 0.005606494 0.756677141 0.001515652 0.999998619 0.001171531 -0.004652550 -0.005608111 -0.001162999 0.999983427 39.509118145
0.999968199 -0.004859784 0.006338464 0.778558241 0.004828824 0.999977171 0.004902641 0.001628150 -0.006361879 -0.004871910 0.999967733 40.182087134
0.999937312 -0.009082405 0.006551173 0.795319908 0.009039192 0.999938335 0.006586179 0.004421038 -0.006611074 -0.006526587 0.999956588 40.528383585
0.999908339 -0.012217993 0.005826181 0.805428254 0.012171183 0.999894687 0.008001997 0.006970663 -0.005922857 -0.007930375 0.999951074 41.162007355
0.999867890 -0.015227689 0.005742111 0.832044090 0.015197137 0.999870882 0.005323780 0.001931434 -0.005821931 -0.005235844 0.999968983 41.806639316
0.999854664 -0.016258940 0.005119842 0.841032475 0.016239674 0.999861718 0.003782457 -0.000863544 -0.005180368 -0.003698824 0.999979139 42.126419584
0.999689427 -0.024480023 0.004768876 0.872197709 0.024477016 0.999700804 0.000696252 -0.006355916 -0.004784825 -0.000579351 0.999987891 42.783018168
0.999542920 -0.030119793 0.002719202 0.893261211 0.030124294 0.999545409 -0.001637051 -0.010432789 -0.002668361 0.001718237 0.999994378 43.437130085
0.999585988 -0.028613737 0.002937444 0.903767997 0.028622829 0.999586413 -0.003086575 -0.013236860 -0.002847735 0.003169342 0.999991354 43.774047893
0.999521435 -0.030689685 0.003982457 0.925334193 0.030711054 0.999514193 -0.005442162 -0.017469371 -0.003812542 0.005561738 0.999977125 44.427298023
0.999614098 -0.027573018 0.003334968 0.939732161 0.027601813 0.999579249 -0.008928237 -0.023948958 -0.003087591 0.009016795 0.999954504 45.072891862
0.999617398 -0.027513940 0.002838365 0.948154877 0.027545016 0.999553509 -0.011584421 -0.028667347 -0.002518387 0.011658172 0.999928934 45.393534752
0.999756057 -0.022032756 0.001698043 0.958531601 0.022054854 0.999654687 -0.014321565 -0.033891838 -0.001381874 0.014355530 0.999896343 46.046022881
0.999762588 -0.021738438 0.001696851 0.975176831 0.021759614 0.999669528 -0.013689336 -0.033069578 -0.001398181 0.013722893 0.999905009 46.707889473
0.999750946 -0.022233037 0.001822882 0.979704254 0.022255343 0.999664349 -0.013308175 -0.032374776 -0.001526610 0.013345391 0.999909539 47.035424982
0.999833474 -0.018246214 0.000470442 0.991324945 0.018250416 0.999766023 -0.011683773 -0.030034152 -0.000256402 0.011690278 0.999931468 47.686186372
0.999903601 -0.013832526 0.001141443 1.001377306 0.013844276 0.999843172 -0.011042091 -0.029215705 -0.000988864 0.011056784 0.999938519 48.339533922
0.999924186 -0.012259629 0.001252032 1.006403486 0.012272379 0.999867442 -0.010745402 -0.028806481 -0.001119843 0.010759945 0.999941306 48.666207697
0.999939722 -0.010993473 0.000686662 1.023541997 0.011000044 0.999885970 -0.010389920 -0.028567691 -0.000572349 0.010396844 0.999945732 49.307489589
0.999948790 -0.010150622 -0.000028045 1.025980028 0.010149762 0.999897365 -0.010171779 -0.028089514 0.000131895 0.010170920 0.999948362 49.934318847
0.999958550 -0.009135556 -0.000085292 1.034551099 0.009134218 0.999909551 -0.009955046 -0.027910147 0.000175862 0.009953802 0.999950191 50.254959769
0.999974801 -0.007039858 0.000522940 1.044097080 0.007044513 0.999929939 -0.009526793 -0.027291957 -0.000455285 0.009530240 0.999954378 50.869723080
0.999980833 -0.006183156 0.000357300 1.054138211 0.006186199 0.999937903 -0.009274651 -0.026961315 -0.000300344 0.009276673 0.999956783 51.503347741
0.999979037 -0.006403734 0.000347461 1.062702016 0.006406660 0.999937569 -0.009242749 -0.027021838 -0.000288012 0.009244749 0.999957376 51.823988760
0.999976866 -0.006800490 0.000045688 1.071265068 0.006800626 0.999944140 -0.008139412 -0.025116762 0.000009853 0.008139523 0.999966307 52.479921421
0.999979791 -0.006328460 0.000375700 1.087946051 0.006330784 0.999957305 -0.006769721 -0.022997066 -0.000332599 0.006771966 0.999976503 53.161510575
0.999981625 -0.005975759 0.000762730 1.091967450 0.005980410 0.999962460 -0.006347824 -0.022256577 -0.000724281 0.006352185 0.999979489 53.489907915
0.999993139 -0.003532285 0.000775843 1.102510723 0.003536928 0.999976358 -0.006028774 -0.021865613 -0.000754213 0.006031427 0.999981390 54.162116872
0.999999725 -0.000938658 0.000692609 1.118590890 0.000943065 0.999979004 -0.006458962 -0.022946771 -0.000686838 0.006459638 0.999978560 54.824846078
1.000000055 -0.000450334 0.000544015 1.119521042 0.000454090 0.999976425 -0.006973741 -0.023751320 -0.000540820 0.006973987 0.999975956 55.158415135
0.999999371 -0.000914160 0.000396799 1.131632343 0.000916382 0.999983008 -0.005820241 -0.021848176 -0.000391843 0.005820608 0.999983219 55.828037935
0.999999760 -0.000303568 0.000655473 1.143247336 0.000306385 0.999990949 -0.004385872 -0.019461514 -0.000654333 0.004386012 0.999989726 56.518245476
0.999999317 0.000674832 0.000952880 1.150822736 -0.000671271 0.999993085 -0.003784529 -0.018533043 -0.000955866 0.003783871 0.999992421 56.860332879
0.999994758 0.002939368 0.001182989 1.161928650 -0.002936567 0.999992975 -0.002425721 -0.016318624 -0.001189948 0.002422216 0.999996267 57.531679254
0.999997500 0.002109690 0.001071325 1.172024307 -0.002108523 0.999997572 -0.001116758 -0.014070831 -0.001073467 0.001114481 0.999998403 58.185026229
0.999998550 0.001757833 0.000970769 1.182104999 -0.001756753 0.999998214 -0.001088871 -0.014190424 -0.000972511 0.001087123 0.999999085 58.522804808
1.000000361 -0.000171669 0.000165145 1.195206878 0.000171701 1.000000333 -0.000337156 -0.012970354 -0.000165358 0.000337150 1.000000013 59.210427269
0.999998914 -0.001173141 0.000867309 1.218015883 0.001171422 0.999997759 0.001890929 -0.009441780 -0.000869002 -0.001889981 0.999997652 59.901396750
0.999999896 -0.000991907 0.000273023 1.216446194 0.000991348 0.999998207 0.002052066 -0.009018349 -0.000274549 -0.002051883 0.999997892 60.239274560
0.999998340 -0.001783498 -0.000631969 1.234030531 0.001784322 0.999998470 0.001313483 -0.010578384 0.000630210 -0.001314611 0.999998853 60.919141494
0.999996613 -0.002004662 -0.001649854 1.240035636 0.002007985 0.999995866 0.002054265 -0.009246472 0.001646187 -0.002057639 0.999996961 61.599106716
0.999995291 -0.001071836 -0.003110769 1.246544189 0.001077086 0.999998768 0.001696661 -0.010035796 0.003109268 -0.001699995 0.999993515 61.942918509
0.999986080 0.000870316 -0.005201880 1.245335349 -0.000869088 1.000000559 0.000230934 -0.012460269 0.005202328 -0.000226396 0.999986511 62.615228047
0.999981702 0.001701513 -0.005781417 1.249197977 -0.001708509 0.999997971 -0.001204276 -0.014853814 0.005780114 0.001214123 0.999982739 63.298642163
0.999981089 0.002327120 -0.005736852 1.246565375 -0.002338598 0.999995344 -0.001987096 -0.016018237 0.005733217 0.002000439 0.999981443 63.638244310
0.999974250 0.003736594 -0.006137716 1.252933901 -0.003761088 0.999985467 -0.003974344 -0.019439856 0.006121767 0.003997279 0.999973311 64.317349593
0.999975412 0.004512654 -0.005399333 1.262821610 -0.004547786 0.999968981 -0.006507246 -0.023822966 0.005369821 0.006531579 0.999964123 65.010145401
0.999977541 0.004525078 -0.004971412 1.265771949 -0.004560429 0.999964852 -0.007130139 -0.024822232 0.004939671 0.007152647 0.999962623 65.359990224
0.999981510 0.003835597 -0.004666247 1.280301372 -0.003873557 0.999960138 -0.008161665 -0.026727856 0.004634774 0.008179579 0.999955539 66.045028393
0.999980974 0.005060780 -0.003509826 1.298842075 -0.005095573 0.999937760 -0.009972473 -0.030100450 0.003459289 0.009990159 0.999943540 66.742895441
0.999983935 0.004646857 -0.003410554 1.301300014 -0.004681912 0.999936428 -0.010314037 -0.030604234 0.003362990 0.010329769 0.999940857 67.093601914
0.999981906 0.004453495 -0.004059876 1.308272990 -0.004495504 0.999936316 -0.010394015 -0.030705054 0.004012812 0.010412127 0.999937485 67.791567097
0.999991901 0.000608077 -0.004034054 1.320870056 -0.000647034 0.999953448 -0.009657056 -0.029399315 0.004028639 0.009659514 0.999945048 68.480051373
0.999992366 -0.000811781 -0.003903943 1.325423241 0.000777659 0.999962066 -0.008729235 -0.027736927 0.003911292 0.008726041 0.999954782 68.827309578
0.999995797 -0.001687482 -0.002424666 1.351582466 0.001667572 0.999966349 -0.008152234 -0.026884090 0.002438595 0.008148108 0.999963871 70.182832054
0.999995399 -0.002292229 -0.002145098 1.358650026 0.002275753 0.999969439 -0.007602235 -0.025969904 0.002162731 0.007597295 0.999968612 70.525781313
0.999982465 -0.005729637 -0.001883507 1.377907451 0.005719025 0.999968679 -0.005535620 -0.022549348 0.001914865 0.005524736 0.999982721 71.203060698
0.999991031 -0.003687025 -0.002107558 1.396589190 0.003677013 0.999982504 -0.004691508 -0.021500027 0.002125350 0.004683688 0.999986396 71.861479801
0.999989405 -0.004133539 -0.001997539 1.403613428 0.004123424 0.999979157 -0.005029945 -0.022133160 0.002018796 0.005021569 0.999985336 72.184706598
0.999987051 -0.004749666 -0.001636775 1.413100119 0.004740236 0.999973071 -0.005682859 -0.023238123 0.001663884 0.005675007 0.999982011 72.838916769
0.999955480 -0.009272361 -0.001827657 1.425682599 0.009262353 0.999942869 -0.005391545 -0.022648114 0.001877370 0.005374344 0.999983939 73.487955164
0.999938641 -0.010870389 -0.002265870 1.438325807 0.010859273 0.999930034 -0.004870647 -0.021926636 0.002318737 0.004845721 0.999985885 73.821424159
0.999871107 -0.016015113 -0.001385251 1.453037442 0.016011225 0.999868908 -0.002719448 -0.018050969 0.001428634 0.002696878 0.999995906 74.467013836
0.999840019 -0.017914506 -0.000465411 1.476918718 0.017914750 0.999840112 0.000507187 -0.012742658 0.000456708 -0.000515437 1.000000121 75.136535819
0.999914703 -0.013069793 0.000437131 1.474223416 0.013070414 0.999914236 -0.001400627 -0.016094108 -0.000418250 0.001406231 0.999998362 75.456415760
0.999959184 -0.008971945 0.001177392 1.489523252 0.008980010 0.999935434 -0.007016587 -0.026185428 -0.001114695 0.007026857 0.999974507 76.120010436
0.999958684 -0.009003103 0.001423473 1.502982470 0.009015751 0.999917238 -0.009179888 -0.030036773 -0.001340739 0.009192322 0.999956771 76.787050002
0.999952760 -0.009701571 0.000687485 1.507353059 0.009708956 0.999883417 -0.011791294 -0.034519598 -0.000573647 0.011797385 0.999929976 77.114587592
0.999985886 -0.005341158 -0.000819846 1.513488730 0.005325340 0.999819946 -0.018220047 -0.045745670 0.000916906 0.018215410 0.999833471 77.773972927
0.999998613 -0.001632399 -0.000328272 1.525001966 0.001625933 0.999823865 -0.018727667 -0.046835445 0.000359424 0.018727019 0.999824380 78.444458780
0.999999634 -0.001071244 0.000509212 1.522771815 0.001081912 0.999766018 -0.021639883 -0.051581964 -0.000486368 0.021640399 0.999765522 78.763477433
0.999996188 0.002567930 0.000570887 1.531604403 -0.002552811 0.999681195 -0.025120481 -0.057646974 -0.000634512 0.025118928 0.999684203 79.398828363
0.999976066 0.006850956 0.001195809 1.538765013 -0.006823447 0.999741171 -0.021704201 -0.051904560 -0.001344785 0.021695521 0.999763280 80.037621945
0.999968886 0.007664050 0.001862846 1.545391617 -0.007625467 0.999772845 -0.019910459 -0.048913645 -0.002014335 0.019895525 0.999800384 80.361709135
0.999972281 0.007070453 0.002417169 1.554915825 -0.007020910 0.999777819 -0.019912243 -0.048897151 -0.002557092 0.019894607 0.999799261 80.996195772
0.999970595 0.007417488 0.001857332 1.559260202 -0.007374806 0.999731130 -0.022000169 -0.052371968 -0.002020217 0.021985772 0.999756312 81.639302305
0.999963395 0.008216412 0.002383193 1.565785985 -0.008161668 0.999721001 -0.022164567 -0.052709529 -0.002564742 0.022144222 0.999751853 81.963390832
0.999950921 0.009202563 0.003639687 1.588006560 -0.009121942 0.999725907 -0.021584140 -0.052089972 -0.003836720 0.021549838 0.999760953 82.615777163
0.999942817 0.009943819 0.003989774 1.591548101 -0.009863777 0.999759682 -0.019605115 -0.048566579 -0.004184185 0.019564600 0.999799704 83.260604582
0.999938159 0.010242772 0.004286959 1.599170100 -0.010163289 0.999784065 -0.018173646 -0.046216788 -0.004471544 0.018128916 0.999825434 83.582968331
0.999927721 0.010963394 0.004972074 1.614929510 -0.010886972 0.999826048 -0.015151683 -0.041253037 -0.005137476 0.015096400 0.999872841 84.226833872
0.999910874 0.012060682 0.005757408 1.634162384 -0.011981979 0.999837170 -0.013520304 -0.038760086 -0.005919923 0.013450016 0.999891981 84.884390546
0.999912937 0.011592092 0.006312335 1.639757261 -0.011515141 0.999860797 -0.012102048 -0.036327498 -0.006451673 0.012028279 0.999907113 85.210201658
0.999905375 0.011810645 0.006985164 1.663064391 -0.011740177 0.999881364 -0.010055272 -0.033222469 -0.007102951 0.009972300 0.999925609 85.880586376
0.999902419 0.011647283 0.007746084 1.676751565 -0.011585911 0.999901460 -0.007925377 -0.029665238 -0.007837332 0.007834870 0.999938712 86.527899880
0.999903774 0.011472658 0.007780519 1.688878758 -0.011414085 0.999906594 -0.007537090 -0.029227921 -0.007866352 0.007447556 0.999941449 86.862230837
0.999907893 0.010924278 0.008100856 1.704005284 -0.010867984 0.999916973 -0.006965806 -0.028406562 -0.008176718 0.006877088 0.999943096 87.506959893
0.999904138 0.010922711 0.008525602 1.719637860 -0.010868838 0.999921770 -0.006340389 -0.027512917 -0.008594300 0.006247078 0.999943673 88.170550154
0.999908177 0.010333978 0.008813763 1.732281674 -0.010283304 0.999931376 -0.005783068 -0.026771448 -0.008872943 0.005691874 0.999944052 88.504019140
0.999917718 0.008869185 0.009309631 1.746925516 -0.008825716 0.999950303 -0.004701974 -0.025016779 -0.009351046 0.004619349 0.999945673 89.169332754
0.999914045 0.009030517 0.009482368 1.760009505 -0.008989848 0.999950268 -0.004329643 -0.024504415 -0.009520781 0.004243974 0.999945347 89.837232416
0.999907752 0.009435097 0.009806616 1.773650530 -0.009395474 0.999947915 -0.004081387 -0.024344097 -0.009844298 0.003988859 0.999943577 90.168977937
0.999902056 0.009637742 0.010127556 1.790758764 -0.009593823 0.999944895 -0.004377812 -0.025104849 -0.010170081 0.004280182 0.999939340 90.810260231
0.999906957 0.008901171 0.010364090 1.813965073 -0.008857326 0.999952159 -0.004272236 -0.025328294 -0.010401074 0.004180041 0.999937309 91.480646286
0.999909513 0.008794910 0.010192288 1.822025304 -0.008753487 0.999953310 -0.004104606 -0.025145190 -0.010228576 0.004014947 0.999939950 91.821872140
0.999917716 0.008133244 0.009990596 1.838130324 -0.008092949 0.999959335 -0.004068022 -0.025288749 -0.010023450 0.003986852 0.999941321 92.504324053
0.999913799 0.008219343 0.010233610 1.859326491 -0.008183468 0.999960520 -0.003550922 -0.024751678 -0.010261967 0.003466835 0.999941404 93.197880284
0.999917635 0.008106993 0.010013353 1.864347249 -0.008073945 0.999961839 -0.003340166 -0.024404396 -0.010040088 0.003259054 0.999943766 93.544277168
0.999926601 0.007369328 0.009596596 1.887565998 -0.007341711 0.999969010 -0.002916401 -0.024100054 -0.009617682 0.002845686 0.999949659 94.234386096
0.999936307 0.006662310 0.009080273 1.907244700 -0.006641373 0.999976188 -0.002329927 -0.023405928 -0.009095633 0.002269453 0.999955519 94.930527811
0.999940277 0.006391309 0.008845032 1.912775114 -0.006373275 0.999978289 -0.002064552 -0.022984389 -0.008858000 0.002008023 0.999958515 95.276062816
0.999944620 0.007014521 0.007891395 1.949160231 -0.007017913 0.999975430 0.000397154 -0.019330953 -0.007888770 -0.000452552 0.999968863 96.653793349
0.999943993 0.007165654 0.007750596 1.957263455 -0.007176707 0.999973455 0.001390654 -0.017728500 -0.007740047 -0.001446184 0.999968892 96.995018633
0.999944665 0.007831101 0.007103175 1.978043218 -0.007857272 0.999963390 0.003660978 -0.014187097 -0.007074002 -0.003716628 0.999967910 97.689435506
0.999939733 0.008963408 0.006316869 1.990720820 -0.009001622 0.999942141 0.006043486 -0.010222576 -0.006262406 -0.006099989 0.999962093 98.377918713
0.999943755 0.008687426 0.006065059 1.997332010 -0.008733315 0.999933881 0.007572058 -0.007623453 -0.005999219 -0.007624646 0.999953215 98.721729144
0.999929792 0.010236447 0.005976952 2.017182051 -0.010303758 0.999883437 0.011351576 -0.001389895 -0.005860470 -0.011412326 0.999917236 99.398145550
0.999937095 0.009665768 0.005703625 2.035021015 -0.009752702 0.999834067 0.015404891 0.005456217 -0.005552932 -0.015459576 0.999864788 100.078009106
0.999940363 0.009454933 0.005518546 2.043146644 -0.009546529 0.999813882 0.016800326 0.007798331 -0.005358675 -0.016851990 0.999844212 100.419234093
0.999941397 0.009571190 0.005079429 2.057312041 -0.009663730 0.999782661 0.018511996 0.010626246 -0.004901092 -0.018559998 0.999815810 101.105132209
0.999950951 0.009025421 0.004074852 2.062841701 -0.009104558 0.999762653 0.019827707 0.013013384 -0.003895035 -0.019863814 0.999795028 101.785958856
0.999949512 0.009159751 0.004111209 2.072389121 -0.009237691 0.999770777 0.019360095 0.012039891 -0.003932906 -0.019397129 0.999804047 102.124599627
0.999962624 0.007866954 0.003744178 2.094078267 -0.007938654 0.999777852 0.019541490 0.011983496 -0.003589166 -0.019570503 0.999801833 102.797571163
0.999975113 0.006140495 0.003502228 2.109188168 -0.006208854 0.999784006 0.019848254 0.012373082 -0.003380113 -0.019869564 0.999796648 103.462023476
0.999979118 0.005791456 0.002938207 2.110625252 -0.005847287 0.999795783 0.019345704 0.011552830 -0.002826239 -0.019362470 0.999808216 103.794730690
0.999989035 0.004203959 0.002170301 2.128655033 -0.004241157 0.999840659 0.017384069 0.007830048 -0.002096630 -0.017393094 0.999847115 104.454013561
0.999996226 0.002202591 0.001655367 2.141661790 -0.002229159 0.999866739 0.016211230 0.005675605 -0.001619682 -0.016214879 0.999867280 105.102191209
0.999995951 0.002415117 0.001319096 2.150192594 -0.002435510 0.999875537 0.015643154 0.004525582 -0.001280757 -0.015646345 0.999877088 105.422832666
0.999998898 0.001177193 0.000775746 2.164695925 -0.001188017 0.999901678 0.014029574 0.001524400 -0.000758729 -0.014030548 0.999901332 106.068425107
0.999999512 0.000883469 0.000794982 2.180835683 -0.000894910 0.999894366 0.014530619 0.002176389 -0.000782272 -0.014531281 0.999894236 106.691707447
0.999999832 0.000003577 0.000580488 2.186388448 -0.000012334 0.999886786 0.015070557 0.003101638 -0.000580026 -0.015070563 0.999885868 106.997796081
