1.000000000 0.000000000 0.000000000 0.000000000 0.000000000 1.000000000 0.000000000 0.000000000 0.000000000 -0.000000000 1.000000000 0.000000000
0.999997904 -0.000064427 -0.002314869 0.011481072 0.000065099 0.999999607 0.000275029 0.016203178 0.002314752 -0.000275113 0.999998095 0.934722801
0.999990959 -0.001279408 -0.004330084 0.021496800 0.001279573 0.999998585 0.000041813 0.031974320 0.004330177 -0.000047375 0.999991525 1.890878183
0.999985511 -0.001391132 -0.005208705 0.027356267 0.001391196 0.999998447 0.000007654 0.040122362 0.005208151 -0.000014914 0.999987096 2.377109128
0.999973814 -0.000666620 -0.007255679 0.033328608 0.000670611 0.999999226 0.000550263 0.057687893 0.007254979 -0.000555086 0.999974199 3.358916893
0.999961960 -0.001012192 -0.008673572 0.047061508 0.001026599 0.999998298 0.001656605 0.075570152 0.008671537 -0.001665383 0.999961856 4.309074778
0.999956858 -0.000685603 -0.009288200 0.057141995 0.000707845 0.999997112 0.002384133 0.084814231 0.009286495 -0.002390560 0.999955113 4.788474050
0.999932200 -0.000245510 -0.011684333 0.058144797 0.000279138 0.999995685 0.002873792 0.101876018 0.011683172 -0.002876755 0.999928461 5.740214242
0.999928879 0.000574602 -0.011966748 0.067123118 -0.000539287 0.999995565 0.002953185 0.118237838 0.011968752 -0.002946581 0.999924839 6.698062694
0.999918489 0.000940679 -0.012792437 0.075086699 -0.000900811 0.999994212 0.003121498 0.126624010 0.012795555 -0.003109699 0.999914068 7.180883123
0.999907324 -0.000044347 -0.013630576 0.075178969 0.000098012 0.999992307 0.003937639 0.144707789 0.013630571 -0.003938647 0.999899765 8.153179322
0.999900178 -0.000079764 -0.014196303 0.090070580 0.000145377 0.999989288 0.004621477 0.162160781 0.014195733 -0.004623108 0.999889202 9.120511706
0.999892809 0.000226938 -0.014677355 0.090035946 -0.000160714 0.999989861 0.004515254 0.170147316 0.014677333 -0.004512341 0.999882739 9.597242756
0.999886159 0.000360840 -0.015098883 0.097405541 -0.000306885 0.999993329 0.003571871 0.184846074 0.015099378 -0.003566802 0.999880390 10.557674585
0.999867794 0.000280952 -0.016301887 0.096936809 -0.000226021 0.999994414 0.003370706 0.201175931 0.016302799 -0.003366619 0.999862078 11.530852506
0.999858730 0.000731895 -0.016831321 0.092723246 -0.000669768 0.999992617 0.003698368 0.210105693 0.016834462 -0.003686576 0.999851618 12.014380213
0.999848554 0.000476250 -0.017419417 0.102503114 -0.000396882 0.999988995 0.004561986 0.228444293 0.017421565 -0.004554365 0.999838353 13.009083800
0.999850935 -0.000119299 -0.017284818 0.103343097 0.000260236 0.999966538 0.008147874 0.251612263 0.017283559 -0.008151136 0.999817620 13.999311433
0.999839231 -0.002925532 -0.017706736 0.104544136 0.003098549 0.999947048 0.009751524 0.262898186 0.017676744 -0.009804790 0.999796482 14.493152958
0.999824814 -0.006365732 -0.017638811 0.113167149 0.006560325 0.999917636 0.010995068 0.281756021 0.017567935 -0.011108831 0.999784710 15.470680500
0.999826723 -0.006187740 -0.017595545 0.122190844 0.006343834 0.999940247 0.008827174 0.294600579 0.017540335 -0.008937181 0.999806829 16.447459689
0.999823178 -0.005458461 -0.018018002 0.118950932 0.005586344 0.999958816 0.007054506 0.299850777 0.017977862 -0.007153905 0.999813418 16.929347364
0.999805410 -0.005374776 -0.019008923 0.116235324 0.005492299 0.999965765 0.006137616 0.314741467 0.018975404 -0.006240811 0.999801444 17.887086083
0.999790727 -0.006587340 -0.019405225 0.117356128 0.006712082 0.999957419 0.006366023 0.331804722 0.019362254 -0.006494936 0.999792538 18.857696591
0.999807360 -0.005560333 -0.018862003 0.112640369 0.005699187 0.999956363 0.007313210 0.341829535 0.018821216 -0.007419241 0.999795714 19.342057102
0.999828099 -0.005113064 -0.017867713 0.115894999 0.005266980 0.999948660 0.008577513 0.360570402 0.017823607 -0.008670124 0.999804080 20.309232377
0.999840981 -0.005349943 -0.017034704 0.119638621 0.005501236 0.999945987 0.008843482 0.377576448 0.016986870 -0.008935784 0.999815781 21.275585835
0.999836863 -0.005276519 -0.017318555 0.120260088 0.005431868 0.999944881 0.008935868 0.386208774 0.017270722 -0.009028453 0.999810887 21.770324531
0.999822136 -0.005083025 -0.018211522 0.116135258 0.005249851 0.999944639 0.009123829 0.403386447 0.018164679 -0.009217781 0.999793334 22.749449142
0.999802675 -0.007050745 -0.018575178 0.121413120 0.007205687 0.999939962 0.008285964 0.418446857 0.018516016 -0.008418181 0.999794106 23.713281187
0.999808354 -0.007392922 -0.018154007 0.119289434 0.007546099 0.999936299 0.008383107 0.426924999 0.018091092 -0.008518516 0.999800377 24.193410222
0.999793889 -0.007058512 -0.019088138 0.122008235 0.007238243 0.999929542 0.009364266 0.445131504 0.019020693 -0.009500466 0.999774885 25.161446280
0.999778606 -0.006399945 -0.020081916 0.119384651 0.006622709 0.999917178 0.011046126 0.464480586 0.020009503 -0.011176650 0.999737533 26.119108444
0.999762622 -0.006428633 -0.020856756 0.112416031 0.006661635 0.999915366 0.011122135 0.472776337 0.020783298 -0.011258413 0.999720895 26.588034729
0.999719947 -0.005931616 -0.022933560 0.109692169 0.006162398 0.999930195 0.010008421 0.487267171 0.022872572 -0.010146888 0.999687429 27.545780313
0.999679927 -0.004537411 -0.024914839 0.098454071 0.004759775 0.999949281 0.008874930 0.501783660 0.024874168 -0.008990643 0.999651125 28.498280822
0.999661071 -0.004497692 -0.025661931 0.090423490 0.004718998 0.999951633 0.008571264 0.509480519 0.025622729 -0.008689452 0.999634728 28.968920604
0.999643467 -0.002940837 -0.026572209 0.076492647 0.003178737 0.999955262 0.008913946 0.526381908 0.026544931 -0.008995237 0.999607763 29.906767854
0.999623620 -0.000717486 -0.027458219 0.066357776 0.000973294 0.999955720 0.009302245 0.543496568 0.027450385 -0.009325449 0.999580284 30.857520536
0.999632577 -0.000260677 -0.027116894 0.065798867 0.000509964 0.999957472 0.009188200 0.551508540 0.027113767 -0.009198625 0.999590680 31.335102756
0.999628451 0.001119961 -0.027265756 0.057732001 -0.000882184 0.999961529 0.008728279 0.567111962 0.027275014 -0.008700922 0.999590275 32.282474961
0.999650257 0.001962615 -0.026401542 0.047583099 -0.001734360 0.999960596 0.008665042 0.583546868 0.026417498 -0.008616209 0.999614586 33.233239316
0.999642207 0.002304754 -0.026664975 0.046516422 -0.002064831 0.999956558 0.009022731 0.592383988 0.026684408 -0.008964462 0.999603766 33.711658973
0.999673467 0.003425796 -0.025360479 0.035761763 -0.003168926 0.999943270 0.010163917 0.610612224 0.025393799 -0.010080256 0.999627129 34.644373800
0.999708058 0.003203048 -0.023966640 0.040869233 -0.002926950 0.999928986 0.011544740 0.628848550 0.024001573 -0.011471187 0.999646667 35.570410628
0.999711950 0.003533786 -0.023757823 0.038646320 -0.003240612 0.999918172 0.012366528 0.638234894 0.023799520 -0.012285982 0.999641467 36.031653727
0.999723661 0.003587252 -0.023264223 0.036889319 -0.003299331 0.999917463 0.012401425 0.654432751 0.023306825 -0.012321287 0.999653090 36.968796445
0.999715655 0.003985387 -0.023544860 0.031393687 -0.003738445 0.999937701 0.010522035 0.667479866 0.023585233 -0.010431043 0.999667982 37.911954511
0.999721165 0.004281312 -0.023237776 0.030141743 -0.004069396 0.999949114 0.009158224 0.673056692 0.023275432 -0.009061097 0.999688761 38.371559809
0.999727245 0.004463319 -0.022950165 0.021947383 -0.004267129 0.999954152 0.008590892 0.688198811 0.022987848 -0.008490596 0.999700766 39.300069593
0.999724053 0.005216011 -0.022923783 0.023359757 -0.005003709 0.999943613 0.009307327 0.705393634 0.022971473 -0.009190004 0.999694431 40.232085552
0.999728325 0.005079021 -0.022770617 0.017976341 -0.004858976 0.999940474 0.009709063 0.714212858 0.022818223 -0.009595729 0.999694527 40.698448029
0.999738517 0.004115917 -0.022528310 0.013988352 -0.003903277 0.999946993 0.009473830 0.729741271 0.022565669 -0.009383428 0.999701598 41.620138327
0.999740557 0.004122958 -0.022447194 0.010506066 -0.003927866 0.999953609 0.008730558 0.744344571 0.022481896 -0.008640071 0.999710331 42.540992903
0.999746247 0.004277062 -0.022161423 0.017276478 -0.004093659 0.999956598 0.008315342 0.751490613 0.022195467 -0.008222508 0.999720182 43.006667497
0.999741153 0.003896313 -0.022434044 0.008430556 -0.003724925 0.999963318 0.007675303 0.766206862 0.022463275 -0.007589717 0.999719421 43.917165859
0.999774791 0.003525556 -0.020934931 0.012593861 -0.003348514 0.999957811 0.008486444 0.783835768 0.020964232 -0.008414392 0.999745636 44.863786673
0.999771728 0.004219135 -0.020997184 0.011536882 -0.004028292 0.999949850 0.009121350 0.793142719 0.021034353 -0.009034682 0.999738836 45.342198263
0.999752946 0.004069462 -0.021891992 0.007894254 -0.003815725 0.999925027 0.011620512 0.813972159 0.021937518 -0.011534113 0.999693375 46.301538221
0.999732517 0.003939034 -0.022800771 -0.001033005 -0.003644574 0.999909107 0.012937663 0.833026698 0.022850305 -0.012851097 0.999657009 47.269424723
0.999724240 0.004409913 -0.023096384 -0.003695409 -0.004118338 0.999911420 0.012656864 0.840830529 0.023149554 -0.012558192 0.999653674 47.750416943
0.999728773 0.004402493 -0.022873651 -0.010719297 -0.004128494 0.999918611 0.012012942 0.856113175 0.022924728 -0.011915280 0.999666776 48.696091443
0.999748939 0.004859916 -0.021898765 -0.009205838 -0.004597006 0.999916782 0.012041667 0.872489762 0.021956048 -0.011938000 0.999688366 49.646991794
0.999740883 0.005360723 -0.022134485 -0.010792251 -0.005084137 0.999908282 0.012529355 0.881572240 0.022199440 -0.012413609 0.999676633 50.126258845
0.999747599 0.006032107 -0.021662948 -0.020130054 -0.005755651 0.999900990 0.012800101 0.897883359 0.021737255 -0.012672107 0.999684066 51.037581428
0.999752355 0.006186606 -0.021431859 -0.016776961 -0.005917147 0.999903067 0.012611875 0.913115637 0.021507690 -0.012481960 0.999691047 51.947354317
0.999746367 0.006185889 -0.021682191 -0.021650133 -0.005913132 0.999902910 0.012623363 0.921229669 0.021757650 -0.012491913 0.999685720 52.412877296
0.999735025 0.006419046 -0.022125114 -0.022328254 -0.006120622 0.999889726 0.013526370 0.938846123 0.022209184 -0.013387301 0.999664358 53.348292442
0.999749065 0.006721451 -0.021399407 -0.025627542 -0.006413802 0.999875294 0.014412955 0.956599757 0.021493484 -0.014272073 0.999667786 54.287963266
0.999753171 0.006703392 -0.021207030 -0.021486343 -0.006411972 0.999884548 0.013777709 0.963493120 0.021296233 -0.013638360 0.999680729 54.757900233
0.999772099 0.004651072 -0.020869579 -0.022541189 -0.004420693 0.999928690 0.011065973 0.974289094 0.020920599 -0.010971205 0.999721724 55.655691809
0.999738749 0.008595877 -0.021201235 -0.035014323 -0.008349817 0.999896421 0.011667687 0.991252654 0.021299442 -0.011487578 0.999707410 56.572112829
0.999759714 0.008315135 -0.020322676 -0.026586078 -0.008039198 0.999874406 0.013623400 1.002440900 0.020433680 -0.013456724 0.999701370 57.035163196
0.999781245 0.007237200 -0.019663764 -0.031600108 -0.006893339 0.999822632 0.017499297 1.024826262 0.019786501 -0.017359905 0.999654211 57.939568625
0.999743358 0.009600049 -0.020558803 -0.037404974 -0.009241633 0.999804497 0.017459746 1.040038188 0.020722707 -0.017265256 0.999636307 58.826078493
0.999758129 0.009546583 -0.019857557 -0.037759386 -0.009242324 0.999839621 0.015354741 1.043963248 0.020001066 -0.015167476 0.999685874 59.265138599
0.999776971 0.008782206 -0.019210444 -0.027767531 -0.008519898 0.999869619 0.013690357 1.056014407 0.019328464 -0.013523626 0.999721825 60.145024882
0.999810848 0.001578239 -0.019389784 -0.015572299 -0.001220675 0.999829435 0.018433520 1.078828431 0.019415512 -0.018406347 0.999642318 61.002449588
0.999811444 0.004518939 -0.018901969 -0.022598653 -0.004067576 0.999706658 0.023850889 1.095758129 0.019003994 -0.023769505 0.999537696 61.433486937
0.999736126 0.012885715 -0.019034684 -0.034739138 -0.012320587 0.999488493 0.029514502 1.120559007 0.019405139 -0.029272252 0.999384210 62.292310751
0.999633267 0.019555182 -0.018744843 -0.043905434 -0.019193802 0.999629962 0.019267181 1.117190453 0.019114839 -0.018900336 0.999638700 63.126786671
0.999500398 0.024512191 -0.019980594 -0.053133287 -0.024304386 0.999647981 0.010577188 1.109453914 0.020232522 -0.010086271 0.999744640 63.541932040
0.999246489 0.033335862 -0.019905060 -0.070785965 -0.033326202 0.999444348 0.000817001 1.107460529 0.019921616 -0.000153037 0.999802052 64.371139712
0.999276949 0.033151323 -0.018627294 -0.065991651 -0.033083393 0.999444829 0.003937153 1.127671734 0.018747694 -0.003318050 0.999819126 65.240531605
0.999303836 0.032590501 -0.018192000 -0.062434938 -0.032437602 0.999436318 0.008637754 1.143104523 0.018462990 -0.008041646 0.999797563 65.673432865
0.999534891 0.024547769 -0.018097297 -0.048581872 -0.024260350 0.999578546 0.015931926 1.169960752 0.018480770 -0.015485466 0.999709578 66.528233344
0.999710079 0.015055425 -0.018841494 -0.033202202 -0.014642762 0.999654013 0.021850989 1.194501479 0.019163604 -0.021568749 0.999584192 67.380518761
0.999756707 0.010077298 -0.019641781 -0.022347324 -0.009578636 0.999633686 0.025318831 1.207558883 0.019889231 -0.025124513 0.999486938 67.801538315
0.999817664 0.001521912 -0.019072821 -0.012485833 -0.001008640 0.999637269 0.026893159 1.224725257 0.019106737 -0.026869005 0.999456680 68.643596082
0.999785780 -0.004915618 -0.020141363 -0.004415653 0.005436193 0.999650406 0.025873375 1.237098229 0.020007086 -0.025977342 0.999462238 69.469420634
0.999792508 -0.004344411 -0.019940747 -0.003439643 0.004822491 0.999700126 0.023993406 1.240634153 0.019829845 -0.024084587 0.999513929 69.868191917
0.999753671 -0.003790045 -0.021902725 -0.013568822 0.004295983 0.999724070 0.023100495 1.252897914 0.021809512 -0.023188924 0.999494073 70.666361946
0.999782706 -0.003401426 -0.020585436 -0.013090586 0.003855429 0.999749249 0.022054751 1.264844342 0.020504752 -0.022129308 0.999544851 71.466375632
0.999814147 -0.001708707 -0.019251140 -0.012057009 0.002127824 0.999760817 0.021772547 1.271169261 0.019209390 -0.021809472 0.999578587 71.865099026
0.999832039 0.001275130 -0.018294890 -0.015259631 -0.000900553 0.999789652 0.020466664 1.282763937 0.018316985 -0.020446729 0.999623882 72.671079998
0.999822127 0.000234169 -0.018862472 -0.019200929 0.000158807 0.999782588 0.020828447 1.297991134 0.018863124 -0.020827757 0.999605354 73.516442494
0.999818894 0.000911711 -0.019037168 -0.020089087 -0.000493416 0.999758262 0.021967667 1.307198266 0.019052153 -0.021954306 0.999577666 73.937393166
0.999797449 0.002741069 -0.019936709 -0.029888791 -0.002276320 0.999725370 0.023293971 1.323993333 0.019995688 -0.023243860 0.999530270 74.773226072
0.999798387 0.003742680 -0.019768500 -0.035663679 -0.003280801 0.999722215 0.023341857 1.338094334 0.019850056 -0.023272257 0.999532584 75.583422042
0.999810906 0.003966114 -0.019065038 -0.035178517 -0.003539289 0.999743334 0.022369759 1.343275111 0.019148830 -0.022298064 0.999568456 75.983016689
0.999804756 0.005108487 -0.019136319 -0.036259281 -0.004691861 0.999751766 0.021751326 1.355967608 0.019242929 -0.021657261 0.999580628 76.785572384
0.999810392 0.006001927 -0.018549345 -0.036366581 -0.005584266 0.999730977 0.022484459 1.370687012 0.018679767 -0.022376582 0.999576030 77.567519720
0.999824643 0.005392087 -0.017950114 -0.033236112 -0.004993485 0.999741601 0.022176637 1.376900187 0.018065840 -0.022083131 0.999593643 77.962838606
0.999824474 0.002500375 -0.018600024 -0.031297897 -0.002101031 0.999767689 0.021461029 1.389018746 0.018648964 -0.021418190 0.999597722 78.741424174
0.999829342 0.001971251 -0.018364813 -0.027326134 -0.001622547 0.999817975 0.018983898 1.397956668 0.018399167 -0.018950883 0.999652147 79.516657930
0.999811306 0.002460948 -0.019269566 -0.030881884 -0.002097664 0.999820386 0.018848367 1.405051791 0.019312769 -0.018804409 0.999637002 79.941902901
0.999812677 0.002851754 -0.019180210 -0.038304474 -0.002462675 0.999790932 0.020275835 1.421316881 0.019234058 -0.020224787 0.999610611 80.735746190
0.999810137 0.001877818 -0.019417948 -0.036804081 -0.001450768 0.999757392 0.021982968 1.437649366 0.019454847 -0.021950597 0.999570591 81.515111008
0.999814368 0.001642592 -0.019220032 -0.036916629 -0.001211155 0.999747342 0.022438271 1.445013331 0.019251742 -0.022410820 0.999563754 81.896649432
0.999827119 0.001222161 -0.018581166 -0.033048426 -0.000840432 0.999788475 0.020539887 1.454649532 0.018602346 -0.020520722 0.999616893 82.653000856
0.999830607 0.001136605 -0.018405424 -0.032953498 -0.000782141 0.999814343 0.019251250 1.465172065 0.018424175 -0.019233566 0.999646165 83.396427966
0.999833238 0.001875260 -0.018183841 -0.037901901 -0.001512808 0.999799791 0.019923060 1.472793481 0.018217360 -0.019892227 0.999636862 83.766756088
0.999822101 0.004235205 -0.018422422 -0.046209791 -0.003834389 0.999755670 0.021738535 1.488739723 0.018510151 -0.021664014 0.999594260 84.504845433
0.999810601 0.004134954 -0.019018495 -0.045983842 -0.003675950 0.999702121 0.024103723 1.505609966 0.019112782 -0.024029228 0.999528858 85.248163547
0.999805295 0.002918682 -0.019544623 -0.039801587 -0.002436250 0.999692267 0.024661066 1.512838630 0.019610549 -0.024608654 0.999505346 85.619485014
0.999802726 0.002613993 -0.019687221 -0.044508263 -0.002130571 0.999696650 0.024533412 1.525278015 0.019745514 -0.024486624 0.999505918 86.351673329
0.999822611 0.003688760 -0.018487969 -0.049087445 -0.003235814 0.999694856 0.024470285 1.538178703 0.018572467 -0.024406113 0.999529817 87.102724064
0.999829542 0.003394154 -0.018205318 -0.042418675 -0.002957247 0.999708352 0.023973933 1.543552590 0.018281746 -0.023916008 0.999547219 87.473225772
0.999818777 0.002095835 -0.018959477 -0.040359302 -0.001669687 0.999745674 0.022464973 1.553262163 0.019002643 -0.022429234 0.999568364 88.194390073
0.999813951 0.002384890 -0.019154472 -0.044542528 -0.001957267 0.999748366 0.022316194 1.565636126 0.019202116 -0.022274546 0.999567839 88.925727904
0.999815839 0.002415592 -0.019054207 -0.041001249 -0.001989816 0.999748512 0.022329415 1.572042316 0.019103214 -0.022287385 0.999569284 89.301321527
0.999830771 0.001191235 -0.018413655 -0.045553194 -0.000767443 0.999734718 0.023007523 1.586262528 0.018435586 -0.022989475 0.999566436 90.052349604
0.999817784 0.001164304 -0.019091096 -0.043770516 -0.000688107 0.999688271 0.024928964 1.602276743 0.019113680 -0.024911230 0.999507647 90.793127597
0.999851181 0.001389419 -0.017237810 -0.037596927 -0.000954488 0.999681735 0.025216198 1.609085558 0.017267143 -0.025196005 0.999533874 91.164456273
0.999863780 0.001243732 -0.016479528 -0.034845137 -0.000833081 0.999689067 0.024903043 1.621200288 0.016505270 -0.024885897 0.999554449 91.903598011
0.999839334 0.001447064 -0.017924404 -0.043480438 -0.001006962 0.999698258 0.024536057 1.632715188 0.017954579 -0.024514035 0.999538969 92.604022762
0.999834288 0.000983011 -0.018200286 -0.041115614 -0.000537564 0.999699908 0.024465237 1.638690955 0.018218233 -0.024451395 0.999535636 92.962456648
0.999822585 -0.000056801 -0.018834134 -0.041201395 0.000529202 0.999685475 0.025079914 1.651889584 0.018826490 -0.025085452 0.999508679 93.668097123
0.999809506 0.000130795 -0.019549157 -0.049314072 0.000351363 0.999695920 0.024657282 1.663299076 0.019546284 -0.024659442 0.999505017 94.367672078
0.999808463 0.000510670 -0.019584766 -0.052326503 -0.000034383 0.999704121 0.024313126 1.668728029 0.019591241 -0.024307785 0.999513341 94.715761077
0.999767272 0.000481412 -0.021573172 -0.053100987 0.000033606 0.999715382 0.023866706 1.679701437 0.021578713 -0.023861922 0.999482661 95.403421027
0.999760960 -0.000421260 -0.021892439 -0.064710224 0.000947876 0.999710475 0.024052586 1.691409088 0.021876463 -0.024067595 0.999471956 96.051489477
0.999772082 -0.000142460 -0.021365850 -0.057743488 0.000659513 0.999706356 0.024196802 1.697224431 0.021356197 -0.024205368 0.999479485 96.383391315
0.999778872 0.000255703 -0.021046290 -0.059792003 0.000257220 0.999702404 0.024364675 1.708755589 0.021046966 -0.024364705 0.999482148 97.035004216
0.999775207 -0.000108182 -0.021245225 -0.071354198 0.000657664 0.999665046 0.025862715 1.722742418 0.021234817 -0.025870863 0.999440556 97.683033531
0.999776344 -0.000207316 -0.021179115 -0.071301020 0.000774006 0.999641797 0.026751059 1.729856620 0.021166249 -0.026761441 0.999418308 98.007113611
0.999777964 0.001080108 -0.021082605 -0.074349596 -0.000483632 0.999599486 0.028277107 1.743787804 0.021104968 -0.028260545 0.999378105 98.660388516
0.999740077 0.001700266 -0.022754584 -0.083445560 -0.001040546 0.999579038 0.028970182 1.755846630 0.022794765 -0.028938983 0.999321471 99.285322561
0.999754944 0.001962062 -0.022072981 -0.078205346 -0.001336748 0.999598163 0.028304270 1.760007437 0.022119610 -0.028267823 0.999355877 99.600937287
0.999752111 0.001576887 -0.022242177 -0.077915125 -0.000963753 0.999619950 0.027548562 1.769149289 0.022277072 -0.027520248 0.999374108 100.210592498
0.999730078 0.002351012 -0.023115598 -0.085186311 -0.001712712 0.999617567 0.027591185 1.779344064 0.023171723 -0.027544136 0.999352965 100.794411440
0.999720432 0.002052155 -0.023592513 -0.090130115 -0.001399054 0.999616336 0.027666202 1.784625000 0.023640448 -0.027625519 0.999338935 101.088446776
0.999700220 0.000865519 -0.024490813 -0.094268859 -0.000196166 0.999626299 0.027319507 1.794027386 0.024504914 -0.027306487 0.999327026 101.667169683
0.999699531 0.002158717 -0.024432930 -0.101657016 -0.001484990 0.999619105 0.027555534 1.804270673 0.024483088 -0.027510943 0.999322729 102.232117450
0.999699369 0.002419499 -0.024421076 -0.098755064 -0.001756689 0.999630197 0.027126840 1.808280380 0.024477009 -0.027075778 0.999334618 102.513400514
0.999695952 0.003416325 -0.024453009 -0.103603331 -0.002717462 0.999588535 0.028553796 1.820164377 0.024541212 -0.028478637 0.999293453 103.055191733
0.999679754 0.004112693 -0.025013416 -0.112771225 -0.003362339 0.999545208 0.029967324 1.831890528 0.025125011 -0.029873555 0.999238514 103.584928174
0.999682014 0.004346442 -0.024869414 -0.110364249 -0.003590888 0.999533007 0.030343846 1.837345160 0.024989900 -0.030244869 0.999230195 103.867038034
0.999669605 0.003929461 -0.025417990 -0.117280315 -0.003100538 0.999464189 0.032571330 1.850750392 0.025532708 -0.032481795 0.999146470 104.412209559
0.999648328 0.004878886 -0.026066431 -0.126563530 -0.003985053 0.999405498 0.034233672 1.862605027 0.026218053 -0.034117766 0.999074516 104.923073452
0.999654622 0.004814223 -0.025858887 -0.121159033 -0.003934795 0.999415565 0.033955750 1.866446096 0.026006605 -0.033842259 0.999089647 105.181231036
0.999646767 0.004186115 -0.026258985 -0.124271451 -0.003337411 0.999473001 0.032283465 1.872157596 0.026379840 -0.032184459 0.999134029 105.681981132
0.999638034 0.004777937 -0.026489221 -0.133451065 -0.004003690 0.999564997 0.029203232 1.875037083 0.026617595 -0.029086594 0.999222900 106.154406846
0.999644443 0.005308257 -0.026157640 -0.128229360 -0.004593313 0.999615689 0.027316266 1.875737814 0.026292581 -0.027186376 0.999284976 106.393748011
0.999662665 0.006115903 -0.025261534 -0.133133295 -0.005534825 0.999719303 0.023008802 1.876645915 0.025395582 -0.022861184 0.999416998 106.878265064
0.999622172 0.008014396 -0.026306466 -0.143747302 -0.007480974 0.999765384 0.020313711 1.880592824 0.026462672 -0.020109218 0.999448394 107.372097611
0.999626813 0.008152376 -0.026091222 -0.143654654 -0.007589973 0.999737766 0.021583095 1.887055936 0.026260838 -0.021377013 0.999426727 107.619855897
0.999613063 0.007040920 -0.026933793 -0.150317508 -0.006322022 0.999623716 0.026681057 1.904449875 0.027112066 -0.026500430 0.999281734 108.107496301
0.999598452 0.006181182 -0.027670781 -0.153524182 -0.005369992 0.999556223 0.029294543 1.917025961 0.027839446 -0.029134166 0.999187908 108.570387842
0.999608751 0.004649191 -0.027613418 -0.154153042 -0.003860956 0.999585216 0.028531198 1.919674424 0.027734902 -0.028413381 0.999211982 108.800192894
0.999633851 0.000559529 -0.027067872 -0.155432842 0.000154219 0.999651966 0.026359796 1.923901737 0.027073489 -0.026354333 0.999286290 109.259821364
0.999632252 0.003196160 -0.026956381 -0.160097225 -0.002421187 0.999584029 0.028732023 1.936415653 0.027037857 -0.028656125 0.999224152 109.744139135
0.999645556 0.002973436 -0.026492464 -0.156357764 -0.002195442 0.999566981 0.029344483 1.941581111 0.026568189 -0.029275902 0.999219031 109.985958457
0.999664316 0.003585052 -0.025664646 -0.159636673 -0.002904922 0.999644690 0.026487142 1.944941990 0.025750352 -0.026403678 0.999319698 110.467878573
0.999636820 0.004336425 -0.026610979 -0.168923560 -0.003700630 0.999707086 0.023896326 1.948339820 0.026706478 -0.023789182 0.999360540 110.921425045
0.999652246 0.002714542 -0.026243107 -0.167946171 -0.002083445 0.999708221 0.024046222 1.952531390 0.026299921 -0.023983198 0.999366477 111.148648781
0.999653959 -0.002280311 -0.026227298 -0.163789891 0.002994462 0.999624437 0.027223977 1.965870958 0.026155100 -0.027293093 0.999285948 111.599604719
0.999658076 -0.003175258 -0.025957974 -0.166627227 0.003927259 0.999572518 0.028970138 1.976630784 0.025854844 -0.029062174 0.999243399 112.042805498
0.999669695 -0.002180275 -0.025629814 -0.168965484 0.002895453 0.999605813 0.027901253 1.978454413 0.025558002 -0.027966203 0.999282445 112.256309192
0.999681098 -0.001312647 -0.025231120 -0.178485695 0.001961944 0.999666674 0.025726100 1.981979258 0.025188773 -0.025767407 0.999351002 112.672112799
0.999703399 0.001413299 -0.024344124 -0.182727464 -0.000815245 0.999697622 0.024560530 1.986979113 0.024371467 -0.024533404 0.999402316 113.079375012
0.999730479 0.001613959 -0.023187839 -0.179782122 -0.001043648 0.999697085 0.024587336 1.990527661 0.023220117 -0.024556519 0.999428784 113.284333020
0.999781652 0.001155228 -0.020882409 -0.178207352 -0.000638815 0.999694114 0.024717119 1.997646848 0.020903927 -0.024698354 0.999477394 113.682191169
0.999854012 0.001599324 -0.017016841 -0.173289493 -0.001142079 0.999638428 0.026848308 2.008463495 0.017053620 -0.026824954 0.999495494 114.093746531
0.999882630 -0.000263031 -0.015357458 -0.163317935 0.000711833 0.999572489 0.029226039 2.016171217 0.015342851 -0.029233493 0.999454950 114.306432578
0.999948334 -0.003971901 -0.009482188 -0.140921588 0.004279949 0.999455864 0.032696578 2.029028884 0.009347198 -0.032735412 0.999420846 114.708720215
0.999974745 -0.006365356 -0.003343748 -0.126943098 0.006466699 0.999492078 0.031210480 2.032587183 0.003143051 -0.031231331 0.999507816 115.067330605
0.999983015 -0.005825767 0.000464716 -0.116879081 0.005810119 0.999575395 0.028530103 2.030779951 -0.000630539 -0.028526917 0.999593414 115.241587741
0.999922926 0.009696458 0.007906917 -0.120835864 -0.009937954 0.999466565 0.031102624 2.041307958 -0.007600863 -0.031178767 0.999485699 115.591292399
0.999807961 0.006338690 0.018562101 -0.089125305 -0.007040231 0.999253939 0.037978342 2.059192847 -0.018308468 -0.038101731 0.999106621 115.940424110
0.999682268 0.005904722 0.024514915 -0.071502112 -0.006913374 0.999123815 0.041267969 2.067655670 -0.024249855 -0.041424348 0.998848421 116.102582407
0.999320735 0.002860968 0.036762934 -0.028040428 -0.004568898 0.998909761 0.046460142 2.081503821 -0.036590739 -0.046596548 0.998243660 116.394455795
0.998804688 -0.001054290 0.048883049 0.019635861 -0.001333359 0.998807803 0.048786475 2.090421652 -0.048876022 -0.048793261 0.997612865 116.698471329
0.998520503 -0.002563972 0.054328021 0.036496484 -0.000098558 0.998801433 0.048948716 2.093080544 -0.054387736 -0.048881640 0.997323299 116.842710550
0.997978442 -0.003883721 0.063434394 0.082213527 0.000859646 0.998864746 0.047630716 2.094784375 -0.063547565 -0.047479945 0.996849551 117.111664092
0.997387019 -0.002826143 0.072187535 0.111996658 -0.000610082 0.998869343 0.047535822 2.098717839 -0.072239942 -0.047455691 0.996257962 117.368386865
0.997042630 -0.002513650 0.076821671 0.133643017 -0.001301097 0.998769435 0.049566191 2.104406625 -0.076852396 -0.049519472 0.995812588 117.504909600
0.996381214 -0.005575414 0.084820637 0.175253386 0.000702906 0.998352362 0.057366109 2.121985359 -0.085000881 -0.057098807 0.994743758 117.742662725
0.995707642 0.000960441 0.092556803 0.200036666 -0.006526620 0.998185186 0.059854536 2.129662078 -0.092331084 -0.060201679 0.993907935 117.950374658
0.995194347 0.003865319 0.097845164 0.214869973 -0.009568443 0.998276753 0.057885009 2.127524628 -0.097453137 -0.058542992 0.993517470 118.040640031
0.994290265 0.000686378 0.106713307 0.266699894 -0.006167578 0.998676945 0.051042139 2.117715936 -0.106536520 -0.051408822 0.992979853 118.223238999
0.993816075 0.003165861 0.110994660 0.291038772 -0.008571478 0.998797698 0.048258221 2.115293357 -0.110708967 -0.048911249 0.992649033 118.393383662
0.993388766 0.001706731 0.114789695 0.311211182 -0.007364446 0.998777333 0.048882212 2.117569857 -0.114566873 -0.049404413 0.992187040 118.475057176
0.991944168 -0.003724745 0.126625553 0.368469979 -0.002675892 0.998728470 0.050340034 2.122240015 -0.126652166 -0.050273264 0.990672829 118.630021121
0.991046277 -0.004236103 0.133455646 0.399644048 -0.002651032 0.998674715 0.051386774 2.126152886 -0.133496134 -0.051280378 0.989722623 118.770115771
0.990709872 -0.004117403 0.135935244 0.418623495 -0.002917987 0.998667626 0.051516044 2.127199251 -0.135966358 -0.051434035 0.989378039 118.834643279
0.989577148 -0.002329510 0.143988396 0.446997526 -0.005083374 0.998681165 0.051093448 2.128298896 -0.143917514 -0.051292816 0.988260526 118.960173926
0.988103068 0.001310841 0.153789902 0.483341711 -0.009129111 0.998699953 0.050141924 2.128438668 -0.153524198 -0.050949449 0.986830585 119.091817296
0.987487810 0.002523272 0.157678420 0.501248261 -0.010469490 0.998714671 0.049585345 2.128356332 -0.157351250 -0.050615706 0.986245280 119.158067398
0.986448638 0.002553014 0.164055260 0.537071886 -0.010696051 0.998751945 0.048771814 2.128701476 -0.163726069 -0.049865626 0.985245367 119.290558849
0.985219036 0.001986514 0.171291088 0.577126434 -0.010520605 0.998746195 0.048928788 2.130622485 -0.170978578 -0.050007613 0.984005382 119.416210387
0.984531658 0.001766060 0.175200343 0.599777454 -0.010522323 0.998740347 0.049062540 2.131570765 -0.174893583 -0.050147103 0.983310007 119.474778333
0.983243622 0.000854529 0.182300428 0.638096401 -0.009802529 0.998789984 0.048188204 2.131397397 -0.182038572 -0.049167690 0.982061877 119.584150312
0.982082965 0.000761627 0.188448948 0.666308068 -0.009745490 0.998859265 0.046750890 2.130346348 -0.188198281 -0.047749721 0.980970519 119.690847546
0.981507065 0.001369416 0.191422715 0.689461078 -0.010425321 0.998872896 0.046309440 2.130189580 -0.191144390 -0.047448722 0.980415162 119.748582860
0.980127846 0.003334251 0.198342043 0.717703075 -0.012644159 0.998875073 0.045690527 2.130608001 -0.197966359 -0.047290402 0.979068035 119.855254862
0.978817355 0.004933064 0.204677049 0.753280790 -0.014438038 0.998883522 0.044971328 2.130470380 -0.204227661 -0.046973777 0.977796340 119.950013918
0.978222428 0.005478121 0.207491051 0.763603856 -0.015050204 0.998892388 0.044582549 2.130371353 -0.207015983 -0.046734420 0.977220893 119.990446117
0.977180644 0.005693005 0.212334484 0.793296754 -0.015396105 0.998909809 0.044071971 2.130522063 -0.211852134 -0.046335422 0.976203790 120.075697555
0.975970062 0.004340891 0.217864384 0.826151187 -0.014258649 0.998931105 0.043971579 2.131289876 -0.217440460 -0.046021406 0.974988681 120.155828756
0.975307911 0.003376797 0.220824597 0.839113371 -0.013432367 0.998938580 0.044050833 2.131923355 -0.220441234 -0.045929344 0.974318951 120.191990343
0.974066211 0.001235390 0.226261862 0.867140614 -0.011574664 0.998947242 0.044375370 2.133368466 -0.225969214 -0.045843468 0.973055232 120.260904033
0.972886725 0.000288175 0.231285235 0.895689037 -0.010906829 0.998944016 0.044634127 2.134638195 -0.231028564 -0.045946524 0.971861628 120.328969127
0.972296544 0.000247922 0.233750192 0.910741510 -0.010963580 0.998947110 0.044544284 2.134840047 -0.233493377 -0.045872957 0.971276079 120.361731699
0.970976143 0.000116684 0.239179704 0.941870659 -0.010881861 0.998985416 0.043688613 2.134013302 -0.238932168 -0.045023277 0.969992335 120.425574759
0.969424941 0.000153625 0.245388621 0.969838272 -0.010887438 0.999041325 0.042386189 2.132569455 -0.245147283 -0.043761900 0.968498276 120.494538054
0.968620383 0.000459877 0.248547681 0.991280442 -0.011140821 0.999073532 0.041568284 2.131517878 -0.248298671 -0.043032855 0.967727592 120.535973211
0.967039143 0.001556314 0.254625412 1.020790136 -0.011990223 0.999149675 0.039430417 2.128508258 -0.254347290 -0.041183755 0.966236439 120.602408572
0.965160708 0.003161026 0.261642046 1.048189319 -0.013275876 0.999230556 0.036900739 2.124950620 -0.261323710 -0.039088670 0.964460041 120.672259770
0.964143307 0.003868391 0.265356335 1.069095453 -0.013846890 0.999264316 0.035743802 2.123354685 -0.265023177 -0.038136515 0.963488124 120.714555880
0.962003084 0.004650918 0.273001182 1.110424095 -0.014630793 0.999296018 0.034531889 2.122157541 -0.272649305 -0.037213911 0.961394323 120.799965456
0.959461745 0.005705022 0.281783258 1.158204538 -0.016006164 0.999284242 0.034268892 2.122715884 -0.281385964 -0.037389964 0.958865922 120.893995950
0.957964939 0.006411002 0.286815391 1.183473836 -0.016955130 0.999268080 0.034294233 2.123387034 -0.286385673 -0.037715613 0.957372179 120.948310621
0.954915083 0.007112850 0.296796093 1.229679392 -0.017991723 0.999262026 0.033939096 2.123921723 -0.296335040 -0.037748845 0.954338300 121.044896341
0.951362672 0.006303072 0.308010832 1.291840113 -0.017285570 0.999307392 0.032940822 2.123256408 -0.307590618 -0.036662796 0.950812548 121.153695150
0.949259702 0.005677037 0.314443888 1.326132241 -0.016748462 0.999330369 0.032519108 2.123116740 -0.314049024 -0.036135472 0.948719439 121.212416771
0.944472569 0.004782529 0.328556184 1.393690644 -0.016285850 0.999346110 0.032268881 2.123987882 -0.328186682 -0.035827951 0.943933168 121.331543473
0.939344640 0.002724089 0.342965468 1.477757579 -0.014649573 0.999374375 0.032185986 2.125043075 -0.342663316 -0.035258024 0.938797316 121.462007890
0.936634838 0.001973545 0.350303141 1.519512713 -0.013958478 0.999399631 0.031691318 2.124798672 -0.350031133 -0.034572841 0.936100476 121.527679158
0.930652145 0.000677691 0.365905764 1.607321561 -0.012573527 0.999466567 0.030128740 2.123448081 -0.365690536 -0.032640105 0.930164870 121.671093980
0.923873414 -0.001112763 0.382698857 1.705754537 -0.010766369 0.999523807 0.028897559 2.122589864 -0.382548388 -0.030817986 0.923421791 121.816338556
