1.000000000 -0.000000000 0.000000000 0.000000000 0.000000000 1.000000000 -0.000000000 0.000000000 0.000000000 -0.000000000 1.000000000 -0.000000000
0.999999883 0.000043295 0.000095365 0.001128510 -0.000043188 0.999999371 -0.001042361 -0.001805777 -0.000094792 0.001042425 0.999999580 -0.001721202
1.000000275 0.000058986 0.000075678 0.001120208 -0.000058819 0.999999634 -0.001393711 -0.002445014 -0.000075515 0.001393705 0.999999289 -0.001751326
1.000000399 0.000069431 0.000054942 0.001120727 -0.000069356 0.999999638 -0.001369401 -0.002405062 -0.000053785 0.001369484 0.999999046 -0.001749444
1.000000285 0.000109646 0.000136862 0.001121375 -0.000109423 0.999999259 -0.001345233 -0.002355121 -0.000136210 0.001345196 0.999999005 -0.001747090
0.999999887 0.000181886 0.000290183 0.000524237 -0.000181272 0.999997404 -0.002235714 -0.003984211 -0.000289844 0.002235704 0.999997499 -0.001005810
0.999999426 0.000186116 0.000479230 -0.002363000 -0.000184872 0.999997603 -0.002464132 -0.004548705 -0.000478895 0.002464024 0.999997356 0.003057847
0.999999452 0.000165543 0.000856784 -0.002833840 -0.000163574 0.999997862 -0.002294320 -0.005071264 -0.000856471 0.002294233 0.999997209 0.021074721
0.999998516 0.000234305 0.001386315 0.000837105 -0.000231705 0.999998710 -0.001875200 -0.005748552 -0.001386297 0.001874879 0.999997458 0.050581390
0.999998088 0.000371644 0.001704495 0.000940314 -0.000368505 0.999998326 -0.001803320 -0.006419900 -0.001704066 0.001802687 0.999996996 0.067773201
0.999996880 0.000738255 0.002267319 0.005850761 -0.000733652 0.999997765 -0.002012608 -0.008975029 -0.002268625 0.002010981 0.999995667 0.112778721
0.999996021 0.001165623 0.002587272 0.007877733 -0.001159764 0.999997401 -0.002286424 -0.011804998 -0.002589108 0.002283353 0.999994355 0.161861548
0.999995048 0.001289681 0.002799699 0.003365073 -0.001282947 0.999996866 -0.002412802 -0.013093878 -0.002802653 0.002409228 0.999993770 0.185568672
0.999994114 0.001120075 0.003262645 0.007794691 -0.001110687 0.999995144 -0.002878613 -0.016940648 -0.003264572 0.002874931 0.999990582 0.248554822
0.999992804 0.000471823 0.003662522 0.007613500 -0.000459627 0.999995176 -0.003330694 -0.021015415 -0.003663272 0.003329086 0.999987482 0.318074643
0.999989812 -0.000230288 0.004443664 0.011988355 0.000244406 0.999995534 -0.003174030 -0.027820434 -0.004441999 0.003175062 0.999985148 0.467856680
0.999987064 0.000074691 0.005075161 0.015588322 -0.000060320 0.999995989 -0.002826735 -0.032704480 -0.005075155 0.002826417 0.999983618 0.584100399
0.999985300 0.000530110 0.005386688 0.020033377 -0.000516034 0.999996972 -0.002619071 -0.035362669 -0.005387603 0.002616307 0.999982388 0.647142562
0.999980134 0.001703694 0.005981668 0.020749091 -0.001689617 0.999996105 -0.002363860 -0.040581484 -0.005985644 0.002353763 0.999979752 0.767460763
0.999976044 0.002362824 0.006473950 0.023858890 -0.002345578 0.999993803 -0.002661100 -0.047476314 -0.006480004 0.002645880 0.999975503 0.901651223
0.999973863 0.002608022 0.006727420 0.022530899 -0.002588862 0.999992807 -0.002850612 -0.051153623 -0.006734474 0.002833119 0.999973325 0.972825878
0.999968492 0.003056963 0.007271060 0.026900047 -0.003035688 0.999991453 -0.002930279 -0.058398117 -0.007279356 0.002908089 0.999969500 1.122587204
0.999963871 0.003264435 0.007883933 0.026660071 -0.003241493 0.999991288 -0.002922617 -0.065740764 -0.007892935 0.002896919 0.999965198 1.278888319
0.999962369 0.003388010 0.008027176 0.031620969 -0.003358335 0.999987789 -0.003707795 -0.079130818 -0.008039260 0.003680688 0.999960575 1.531700725
0.999955722 0.003716908 0.008666973 0.034900864 -0.003670048 0.999979425 -0.005414146 -0.090165005 -0.008686455 0.005382166 0.999948180 1.700143012
0.999949460 0.004027769 0.009186401 0.035958786 -0.003968063 0.999971035 -0.006509839 -0.096147577 -0.009211622 0.006473062 0.999936456 1.785160271
0.999940743 0.004514433 0.009933335 0.045101445 -0.004431780 0.999955566 -0.008326328 -0.107872752 -0.009970139 0.008281833 0.999915902 1.962612926
0.999937355 0.004345814 0.010364670 0.046086961 -0.004246790 0.999945904 -0.009555170 -0.118171951 -0.010405140 0.009510613 0.999900625 2.134362057
0.999915620 0.000490954 0.012985015 0.072539989 -0.000299408 0.999891321 -0.014753135 -0.149594392 -0.012990488 0.014748031 0.999806582 2.598821144
0.999906885 0.000444332 0.013638866 0.077724519 -0.000222443 0.999867601 -0.016267221 -0.156900298 -0.013643997 0.016262733 0.999774666 2.695273127
0.999894548 0.000278401 0.014494255 0.083480823 0.000002512 0.999812987 -0.019381391 -0.171889928 -0.014496489 0.019379431 0.999707929 2.894703701
0.999889896 -0.000286484 0.014827971 0.085813200 0.000597798 0.999779735 -0.020999075 -0.184418697 -0.014817617 0.021005556 0.999670219 3.099158556
0.999887975 -0.000919107 0.014944713 0.094592707 0.001232747 0.999779024 -0.020987697 -0.189633046 -0.014921005 0.021003773 0.999668554 3.208024243
0.999868651 -0.002296924 0.016045545 0.101087625 0.002641384 0.999766605 -0.021479952 -0.200718452 -0.015991890 0.021519531 0.999640686 3.424044203
0.999838547 -0.004709323 0.017347791 0.118131695 0.005111757 0.999717538 -0.023225573 -0.215065656 -0.017233365 0.023310551 0.999580050 3.659632415
0.999828218 -0.006283812 0.017469253 0.124010345 0.006703114 0.999688756 -0.024051120 -0.221893248 -0.017312508 0.024164011 0.999558521 3.772512335
0.999794591 -0.009089919 0.018113564 0.136454112 0.009547571 0.999633859 -0.025339665 -0.235659415 -0.017876086 0.025507380 0.999514962 4.014672342
0.999744056 -0.010998605 0.019749406 0.147763662 0.011507002 0.999600649 -0.025816342 -0.248059281 -0.019457529 0.026037002 0.999472221 4.258532841
0.999727905 -0.010948380 0.020592188 0.155505155 0.011466799 0.999616347 -0.025227058 -0.253118033 -0.020308084 0.025456351 0.999469810 4.386265413
0.999718085 -0.009713815 0.021669368 0.157648735 0.010216346 0.999679385 -0.023202462 -0.261689008 -0.021436458 0.023417297 0.999496293 4.643395179
0.999715750 -0.009323367 0.021945720 0.169087437 0.009815361 0.999700461 -0.022419763 -0.272762606 -0.021728862 0.022628777 0.999507982 4.904541628
0.999715087 -0.009271139 0.021988138 0.176804284 0.009774403 0.999690570 -0.022892047 -0.279719092 -0.021768848 0.023100454 0.999496728 5.032184768
0.999693840 -0.010221565 0.022549667 0.181766479 0.010754857 0.999662645 -0.023655900 -0.293009266 -0.022300149 0.023891209 0.999466088 5.285001880
0.999653746 -0.010931583 0.023912595 0.197933598 0.011463228 0.999687625 -0.022206837 -0.303417538 -0.023662094 0.022473292 0.999467908 5.556858717
0.999628321 -0.011528549 0.024713490 0.208650489 0.012072350 0.999686331 -0.021971349 -0.309741760 -0.024451686 0.022261605 0.999453118 5.697664842
0.999593169 -0.012292665 0.025722196 0.223033716 0.012882894 0.999654654 -0.022907282 -0.324457991 -0.025431537 0.023229365 0.999407062 5.971772819
0.999584359 -0.012015002 0.026210140 0.233960976 0.012637565 0.999639001 -0.023715988 -0.339180416 -0.025914866 0.024037365 0.999375437 6.250788815
0.999571001 -0.012539130 0.026478509 0.242357155 0.013179039 0.999622267 -0.024134545 -0.346797230 -0.026164581 0.024473179 0.999357938 6.394806233
0.999510951 -0.015537714 0.027159444 0.259826123 0.016219464 0.999554988 -0.025066764 -0.362900935 -0.026757741 0.025494974 0.999317017 6.699205463
0.999463840 -0.016837825 0.028082186 0.276168267 0.017536886 0.999538231 -0.024837435 -0.377069018 -0.027650866 0.025316557 0.999297377 7.005332014
0.999439605 -0.017155942 0.028733535 0.284675827 0.017871138 0.999532072 -0.024822896 -0.384727931 -0.028293303 0.025322457 0.999278858 7.166570897
0.999402589 -0.016919715 0.030150690 0.306279186 0.017699124 0.999511337 -0.025773921 -0.401555684 -0.029699964 0.026292226 0.999213155 7.482433092
0.999379384 -0.015990966 0.031391575 0.323165932 0.016837523 0.999497015 -0.026890557 -0.418139849 -0.030945486 0.027402443 0.999145329 7.787627732
0.999370288 -0.015633039 0.031865275 0.326371157 0.016510080 0.999487254 -0.027448269 -0.426305312 -0.031419888 0.027957078 0.999115627 7.938981761
0.999316073 -0.014424517 0.034048721 0.346946231 0.015360036 0.999507152 -0.027377405 -0.442228362 -0.033636293 0.027881631 0.999045457 8.273746143
0.999264723 -0.013937228 0.035715036 0.365799289 0.014906056 0.999524894 -0.027007025 -0.457695059 -0.035320942 0.027519586 0.998997597 8.610986186
0.999249101 -0.013321683 0.036369720 0.376134928 0.014311105 0.999530907 -0.027083397 -0.466261936 -0.035991346 0.027583517 0.998971858 8.786951574
0.999227495 -0.012253963 0.037336450 0.394977089 0.013273088 0.999543146 -0.027171026 -0.482567631 -0.036986494 0.027645665 0.998933273 9.124152079
0.999173598 -0.011542286 0.038975668 0.413338552 0.012620084 0.999541643 -0.027522204 -0.500154979 -0.038638858 0.027991312 0.998860940 9.479333686
0.999135390 -0.011449400 0.039978590 0.421935311 0.012575827 0.999527641 -0.028039296 -0.509563952 -0.039637393 0.028517786 0.998807107 9.657713545
0.999063634 -0.011791236 0.041618520 0.450172170 0.013024175 0.999480504 -0.029480191 -0.529323284 -0.041249536 0.029994644 0.998698811 10.016109364
0.998953967 -0.012458298 0.044000145 0.478413441 0.013818390 0.999431770 -0.030742996 -0.548743021 -0.043591703 0.031318840 0.998558701 10.374521186
0.998911928 -0.012460615 0.044933502 0.490471744 0.013866669 0.999419553 -0.031116936 -0.557716313 -0.044519627 0.031706177 0.998505285 10.548013266
0.998852940 -0.012410891 0.046249923 0.513436363 0.013891181 0.999397752 -0.031825284 -0.575664960 -0.045826572 0.032431283 0.998423001 10.896633432
0.998773661 -0.011750367 0.048088346 0.543959559 0.013398678 0.999329304 -0.034097745 -0.596778540 -0.047654857 0.034700244 0.998261597 11.251693224
0.998737220 -0.010910110 0.049037019 0.554849530 0.012641938 0.999302269 -0.035146600 -0.607012394 -0.048619184 0.035722203 0.998178678 11.426762002
0.998663131 -0.008445900 0.051000428 0.574234218 0.010326049 0.999273030 -0.036715623 -0.625893981 -0.050652623 0.037193190 0.998023206 11.763023065
0.998565257 -0.005934198 0.053216924 0.604154957 0.008076272 0.999162684 -0.040127387 -0.649046162 -0.052933017 0.040499649 0.997776815 12.118804838
0.998544157 -0.004998591 0.053708622 0.615039350 0.007229456 0.999115618 -0.041422429 -0.659709503 -0.053453975 0.041750422 0.997697540 12.293853377
0.998451261 -0.005881537 0.055321103 0.647336449 0.008198942 0.999094397 -0.041757685 -0.677284207 -0.055024520 0.042146626 0.997594693 12.646625785
0.998328967 -0.007509118 0.057295505 0.681381249 0.009884217 0.999098769 -0.041282749 -0.693337625 -0.056933984 0.041780070 0.997503748 12.997015730
0.998250729 -0.008251200 0.058547535 0.696315764 0.010716906 0.999063404 -0.041925982 -0.702595408 -0.058146690 0.042480065 0.997404203 13.166404144
0.998133993 -0.008909894 0.060410132 0.734331687 0.011595235 0.998953567 -0.044246966 -0.723326008 -0.059951827 0.044864863 0.997193116 13.510847310
0.998046622 -0.007417771 0.062027434 0.760155264 0.010280399 0.998890765 -0.045960716 -0.742887562 -0.061617429 0.046508635 0.997015630 13.855301208
0.998001011 -0.005782030 0.062926711 0.773922742 0.008763205 0.998847279 -0.047203340 -0.753306027 -0.062580355 0.047660456 0.996901511 14.026271028
0.997923719 -0.001796507 0.064375560 0.800911668 0.004916342 0.998819559 -0.048336289 -0.771836743 -0.064212494 0.048552485 0.996754529 14.369137401
0.997820274 0.000700595 0.065989559 0.826107800 0.002461217 0.998852912 -0.047820744 -0.786742738 -0.065947420 0.047878909 0.996674027 14.697405298
0.997785162 0.001502869 0.066506260 0.843938631 0.001681519 0.998855945 -0.047799928 -0.794736861 -0.066501438 0.047805913 0.996640306 14.862763003
0.997744325 0.001983902 0.067095842 0.868972402 0.001376732 0.998748039 -0.050004734 -0.813526072 -0.067110048 0.049984328 0.996492722 15.173624453
0.997658262 0.001547839 0.068377546 0.894574774 0.002053359 0.998616252 -0.052564969 -0.832883570 -0.068363591 0.052582331 0.996274001 15.483641069
0.997610841 0.000752936 0.069081590 0.911712652 0.002932939 0.998578080 -0.053238554 -0.841266114 -0.069022512 0.053313967 0.996189407 15.632575073
0.997540841 -0.000306296 0.070093406 0.942544115 0.004097580 0.998535461 -0.053952065 -0.857138469 -0.069973106 0.054106597 0.996080513 15.935393463
0.997446468 0.000817507 0.071415962 0.972816578 0.003038573 0.998543272 -0.053870366 -0.871703419 -0.071354729 0.053949828 0.995990912 16.239091517
0.997396858 0.001269187 0.072094281 0.989390655 0.002630772 0.998538897 -0.053975267 -0.879148115 -0.072056714 0.054024413 0.995936687 16.388887770
0.997342674 0.002181883 0.072814472 1.010918824 0.001740702 0.998552055 -0.053764695 -0.893147097 -0.072825544 0.053748597 0.995895826 16.687659824
0.997288787 0.002851101 0.073529386 1.039931809 0.001120953 0.998545149 -0.053923165 -0.907372370 -0.073575332 0.053859440 0.995834783 16.975786540
0.997262105 0.002751428 0.073891784 1.052475351 0.001234700 0.998548728 -0.053845884 -0.914714425 -0.073931512 0.053789712 0.995811854 17.131313992
0.997203171 0.003646984 0.074649374 1.078408562 0.000373866 0.998553404 -0.053778618 -0.927092772 -0.074736874 0.053656143 0.995758887 17.389171108
0.997151874 0.003666884 0.075335745 1.102607952 0.000402694 0.998544901 -0.053933121 -0.939923681 -0.075423477 0.053809838 0.995698666 17.649461051
0.997133319 0.003794395 0.075569721 1.109766446 0.000263546 0.998561674 -0.053616300 -0.945522821 -0.075663508 0.053482521 0.995698274 17.777986208
0.997069897 0.005079526 0.076330409 1.136278116 -0.000994425 0.998569918 -0.053462153 -0.957710363 -0.076492012 0.053229609 0.995648343 18.035034264
0.997017653 0.006164984 0.076922597 1.158529874 -0.001984324 0.998522854 -0.054307428 -0.970220457 -0.077143251 0.053992894 0.995556653 18.263346584
0.996984859 0.006776655 0.077297872 1.173157227 -0.002517121 0.998480148 -0.055069861 -0.977274422 -0.077554004 0.054709279 0.995486447 18.381168508
0.996951245 0.007841383 0.077633013 1.195411580 -0.003507981 0.998435800 -0.055799390 -0.989584755 -0.077948434 0.055356920 0.995419775 18.609490242
0.996904179 0.008769838 0.078130732 1.213067965 -0.004398358 0.998424232 -0.055948331 -1.001134265 -0.078497946 0.055431508 0.995372335 18.844392245
0.996876231 0.008642698 0.078511281 1.226559025 -0.004247647 0.998423196 -0.055975670 -1.006981738 -0.078870761 0.055467287 0.995341101 18.963907129
0.996808713 0.008502655 0.079367441 1.256997891 -0.004049620 0.998417771 -0.056100126 -1.018610561 -0.079717915 0.055599744 0.995265934 19.198031703
0.996756114 0.009742726 0.079895231 1.276380962 -0.005241456 0.998397323 -0.056357214 -1.030256854 -0.080315840 0.055755640 0.995208673 19.430474989
0.996757741 0.009550154 0.079894699 1.286893642 -0.005064706 0.998409522 -0.056157809 -1.035068583 -0.080303084 0.055571084 0.995220765 19.536905494
0.996739213 0.009254996 0.080157391 1.310232706 -0.004815458 0.998453005 -0.055402575 -1.043938805 -0.080545498 0.054835958 0.995241364 19.746529793
0.996704593 0.009563692 0.080546846 1.334153992 -0.005185597 0.998507179 -0.054389364 -1.052328567 -0.080946467 0.053792519 0.995265711 19.955358682
0.996685043 0.009370681 0.080817036 1.346392320 -0.004980694 0.998509803 -0.054351466 -1.057316983 -0.081205981 0.053768789 0.995246005 20.059326705
0.996674843 0.008070848 0.081074236 1.370854057 -0.003616731 0.998484084 -0.054936158 -1.068442446 -0.081394081 0.054460310 0.995193497 20.267208621
0.996657105 0.006878886 0.081404880 1.395918122 -0.002450972 0.998517806 -0.054369493 -1.077539296 -0.081657480 0.053988235 0.995197346 20.474368085
0.996651973 0.006100387 0.081530661 1.402880058 -0.001712821 0.998551954 -0.053776587 -1.081036647 -0.081740848 0.053456921 0.995219237 20.568545392
0.996597194 0.004858686 0.082281064 1.427847919 -0.000494102 0.998595853 -0.052982270 -1.088922793 -0.082422705 0.052761364 0.995199816 20.758538462
0.996555164 0.004047098 0.082838614 1.452233299 0.000305345 0.998622841 -0.052461548 -1.097309375 -0.082936358 0.052306130 0.995180839 20.949326001
0.996552609 0.003771547 0.082874410 1.460918678 0.000555058 0.998641408 -0.052121688 -1.101153211 -0.082958073 0.051988079 0.995195739 21.041032825
0.996521924 0.003035014 0.083275816 1.482896353 0.001273409 0.998666082 -0.051634727 -1.108912528 -0.083321070 0.051561243 0.995187727 21.217898682
0.996478169 0.002266359 0.083822176 1.500729779 0.002061568 0.998670913 -0.051509158 -1.116706889 -0.083827797 0.051500599 0.995148302 21.383265802
0.996451840 0.001772089 0.084147820 1.511712260 0.002577200 0.998667432 -0.051549293 -1.121075963 -0.084126837 0.051583226 0.995119465 21.471675666
0.996444851 0.001294773 0.084231938 1.530793360 0.003073629 0.998658079 -0.051710685 -1.130118916 -0.084185178 0.051785767 0.995104135 21.652571291
0.996454442 0.002054548 0.084110015 1.552864255 0.002293950 0.998666904 -0.051570228 -1.139318663 -0.084103912 0.051580322 0.995121377 21.846592715
0.996442257 0.002591100 0.084238236 1.560966116 0.001760866 0.998669134 -0.051547630 -1.143742840 -0.084258882 0.051512601 0.995111096 21.939090242
0.996422503 0.003430120 0.084444612 1.578891594 0.000954114 0.998656522 -0.051823771 -1.153067524 -0.084507958 0.051718967 0.995079737 22.121608693
0.996424141 0.005021160 0.084346992 1.590926938 -0.000527980 0.998583741 -0.053208380 -1.163808705 -0.084494482 0.052973602 0.995014607 22.295017460
0.996452178 0.006215264 0.083931138 1.595447831 -0.001669176 0.998533538 -0.054126908 -1.169245725 -0.084143282 0.053794804 0.995000936 22.375152118
0.996474991 0.008240267 0.083488779 1.610938622 -0.003594598 0.998444546 -0.055642651 -1.180020664 -0.083816966 0.055146388 0.994954460 22.543650983
0.996496797 0.009055481 0.083136298 1.632319548 -0.004396991 0.998418950 -0.056047976 -1.189379105 -0.083511185 0.055486121 0.994960916 22.721259533
0.996531270 0.009173301 0.082706456 1.633980834 -0.004544798 0.998422052 -0.055979065 -1.193253160 -0.083088344 0.055409063 0.995000571 22.805558106
0.996558439 0.008721020 0.082432995 1.651911890 -0.004104360 0.998422640 -0.056009799 -1.202148357 -0.082790384 0.055478732 0.995021915 22.988096796
0.996563265 0.007193580 0.082524204 1.672724735 -0.002565228 0.998424392 -0.056054377 -1.210898558 -0.082797132 0.055650045 0.995011126 23.166552061
0.996580854 0.006026972 0.082404818 1.684855314 -0.001382818 0.998413370 -0.056299462 -1.215565210 -0.082612475 0.055992988 0.995008175 23.253311799
0.996629183 0.004187133 0.081927129 1.710851200 0.000453217 0.998400709 -0.056539668 -1.224376035 -0.082032299 0.056386274 0.995032940 23.424401740
0.996657073 0.003309594 0.081631610 1.733397736 0.001302508 0.998409180 -0.056381765 -1.232683664 -0.081687694 0.056299649 0.995066693 23.600423706
0.996662386 0.002688630 0.081590980 1.743231082 0.001911796 0.998414887 -0.056254007 -1.236835065 -0.081611833 0.056222210 0.995077152 23.690479932
0.996651427 0.001322578 0.081762685 1.759919523 0.003251478 0.998437510 -0.055784661 -1.244092135 -0.081708320 0.055863683 0.995090031 23.857508476
0.996717416 -0.000386492 0.080963841 1.781896420 0.004881529 0.998456832 -0.055328672 -1.251911381 -0.080817347 0.055542247 0.995180276 24.034371509
0.996737391 -0.001597597 0.080694872 1.793462939 0.006055682 0.998467010 -0.055032156 -1.255660161 -0.080481917 0.055341356 0.995218436 24.121992554
0.996712732 -0.003687881 0.080936594 1.821304676 0.008128982 0.998474989 -0.054611094 -1.264010585 -0.080611661 0.055089505 0.995222571 24.307873485
0.996678536 -0.004527166 0.081309045 1.843958700 0.008956065 0.998490482 -0.054188912 -1.272659955 -0.080939945 0.054737101 0.995214931 24.501102795
0.996678414 -0.004468449 0.081313188 1.850914928 0.008869467 0.998510244 -0.053844193 -1.276596781 -0.080950665 0.054386566 0.995233389 24.595259392
0.996677691 -0.002886400 0.081395445 1.870128163 0.007188702 0.998589946 -0.052613791 -1.284083740 -0.081127639 0.053024119 0.995292843 24.793451792
0.996635773 -0.000937851 0.081958871 1.896941225 0.005145439 0.998678648 -0.051141309 -1.291559424 -0.081801777 0.051390942 0.995322714 24.998233499
0.996630348 -0.000445025 0.082024378 1.906212457 0.004591904 0.998720380 -0.050375120 -1.294643134 -0.081896420 0.050582030 0.995356398 25.089158093
0.996671704 0.000031466 0.081527753 1.919458163 0.003992576 0.998781949 -0.049194888 -1.300887615 -0.081429528 0.049356680 0.995456003 25.261142666
0.996679535 0.000583009 0.081420065 1.941536453 0.003396372 0.998807012 -0.048728032 -1.309518041 -0.081351113 0.048842809 0.995488335 25.455190920
0.996681386 0.000866272 0.081392696 1.947905530 0.003122554 0.998800869 -0.048866808 -1.314314874 -0.081336932 0.048958838 0.995483342 25.550125041
0.996646541 0.001629696 0.081816735 1.969957876 0.002434724 0.998769416 -0.049552791 -1.324942916 -0.081796654 0.049585835 0.995414943 25.744079156
0.996655571 0.001465020 0.081699594 1.986160041 0.002596151 0.998767615 -0.049580606 -1.333911127 -0.081670265 0.049626954 0.995423050 25.929068562
0.996676150 0.001061579 0.081459621 2.002442783 0.002949854 0.998789635 -0.049108806 -1.337933461 -0.081412088 0.049185896 0.995466287 26.027355749
0.996694881 0.000423019 0.081229227 2.017512675 0.003506010 0.998830467 -0.048221283 -1.345385548 -0.081153654 0.048346712 0.995528393 26.214052707
0.996705350 -0.001085174 0.081100917 2.041308312 0.005017231 0.998820789 -0.048295025 -1.354831899 -0.080952969 0.048542809 0.995535445 26.405608355
0.996734879 -0.001852565 0.080723070 2.047671033 0.005802208 0.998795717 -0.048722070 -1.360118148 -0.080534949 0.049031378 0.995545215 26.500519411
0.996800698 -0.002938331 0.079870729 2.069715596 0.006931262 0.998737807 -0.049761345 -1.371345475 -0.079622700 0.050155793 0.995562984 26.694445285
0.996864613 -0.004634211 0.078986262 2.094187711 0.008596000 0.998717590 -0.049892234 -1.381671891 -0.078653499 0.050414791 0.995626847 26.902364856
0.996889883 -0.005259217 0.078631842 2.101823012 0.009173350 0.998732085 -0.049499699 -1.386289021 -0.078270858 0.050067011 0.995674467 27.012894791
0.996939120 -0.005676056 0.077978013 2.122275878 0.009513849 0.998756981 -0.048934075 -1.395643833 -0.077602305 0.049526119 0.995753669 27.226586512
0.997009889 -0.005383606 0.077091939 2.151003364 0.009123946 0.998794043 -0.048248672 -1.405997279 -0.076739323 0.048807781 0.995855956 27.463225345
0.997037280 -0.005400584 0.076735623 2.154603332 0.009094904 0.998811954 -0.047876293 -1.410881326 -0.076385550 0.048432403 0.995901471 27.579469063
0.997087534 -0.006008817 0.076026209 2.181585712 0.009672391 0.998805267 -0.047912351 -1.422556296 -0.075647278 0.048508227 0.995954114 27.818499773
0.997133513 -0.006095975 0.075422353 2.200973842 0.009732056 0.998803271 -0.047935477 -1.433813055 -0.075039445 0.048532109 0.995998481 28.050961416
0.997147367 -0.005995593 0.075242094 2.211585190 0.009616729 0.998808101 -0.047857389 -1.439645714 -0.074865049 0.048444437 0.996016265 28.174567258
0.997182651 -0.005419346 0.074811100 2.238092449 0.009020605 0.998812578 -0.047884323 -1.452172850 -0.074462327 0.048424327 0.996047795 28.431599310
0.997269834 -0.004720556 0.073691171 2.262845781 0.008348974 0.998764292 -0.049008609 -1.466700700 -0.073368227 0.049490068 0.996076747 28.690991232
0.997329725 -0.003752086 0.072929314 2.298395993 0.007473749 0.998679525 -0.050825065 -1.490011985 -0.072641558 0.051234373 0.996041936 29.108296836
0.997365846 -0.003458501 0.072457618 2.316930734 0.007172393 0.998669841 -0.051058776 -1.504133838 -0.072184195 0.051443924 0.996063829 29.393929910
0.997373027 -0.003661699 0.072345026 2.335811643 0.007373154 0.998666748 -0.051102591 -1.511354668 -0.072061291 0.051501828 0.996069641 29.540464505
0.997431260 -0.004014828 0.071517358 2.359062088 0.007690582 0.998658998 -0.051196373 -1.525790027 -0.071215821 0.051614885 0.996124795 29.836761839
0.997463560 -0.003643860 0.071079888 2.387017472 0.007326838 0.998640485 -0.051621827 -1.541367902 -0.070795363 0.052011713 0.996134177 30.143684366
0.997469827 -0.003445442 0.071006278 2.394839862 0.007145429 0.998626497 -0.051920268 -1.548815951 -0.070729247 0.052296349 0.996123550 30.288527789
0.997467856 -0.004179501 0.070996103 2.426249136 0.007925046 0.998586378 -0.052559251 -1.564547441 -0.070675328 0.052988810 0.996090888 30.590534765
0.997472898 -0.004674193 0.070899944 2.456033765 0.008450360 0.998555775 -0.053054575 -1.580943388 -0.070548963 0.053519576 0.996071566 30.912188033
0.997486566 -0.004639196 0.070700798 2.474433586 0.008426550 0.998539853 -0.053364901 -1.589475834 -0.070349181 0.053826557 0.996069847 31.076702318
0.997517018 -0.004662872 0.070270114 2.500189497 0.008442724 0.998527633 -0.053589655 -1.605629307 -0.069916830 0.054049893 0.996087965 31.404093375
0.997536413 -0.004066470 0.070027604 2.522487366 0.007846807 0.998521312 -0.053793875 -1.621948783 -0.069705332 0.054210881 0.996093954 31.736384920
0.997629727 -0.002847719 0.068756432 2.566843158 0.006601166 0.998496070 -0.054425710 -1.648466813 -0.068497660 0.054750546 0.996147508 32.262650820
0.997611634 -0.002447724 0.069029594 2.592112403 0.006267250 0.998457974 -0.055169089 -1.666361390 -0.068787621 0.055469964 0.996087997 32.608001327
0.997589535 -0.002427748 0.069350068 2.614073215 0.006283157 0.998443364 -0.055429885 -1.675419157 -0.069106317 0.055731981 0.996052034 32.784805994
0.997605112 -0.002832300 0.069116706 2.646947996 0.006692358 0.998426507 -0.055680816 -1.692862983 -0.068849564 0.056009967 0.996054135 33.136766518
0.997650203 -0.003779806 0.068409810 2.675899990 0.007586177 0.998432059 -0.055467196 -1.710525933 -0.068091908 0.055855844 0.996114358 33.511666527
0.997642280 -0.004409240 0.068478538 2.697969070 0.008216647 0.998429462 -0.055418701 -1.719865513 -0.068126226 0.055850729 0.996112052 33.705681362
0.997658825 -0.005599043 0.068150542 2.731059866 0.009366906 0.998437580 -0.055093292 -1.737912917 -0.067735344 0.055602709 0.996152507 34.092060340
0.997701481 -0.005567831 0.067538245 2.759534794 0.009292300 0.998445868 -0.054959409 -1.756577854 -0.067126382 0.055460712 0.996201775 34.484954630
0.997712878 -0.005636009 0.067366465 2.776989173 0.009358353 0.998439471 -0.055068287 -1.766445074 -0.066950508 0.055572769 0.996207425 34.685489014
0.997726356 -0.006630603 0.067069926 2.809019774 0.010341136 0.998426493 -0.055129071 -1.786044842 -0.066597539 0.055697348 0.996224809 35.090654388
0.997766535 -0.006099507 0.066517782 2.848637620 0.009802675 0.998411573 -0.055488212 -1.806602178 -0.066072836 0.056016299 0.996241489 35.502363411
0.997763810 -0.005971843 0.066571856 2.863781405 0.009700241 0.998393423 -0.055824083 -1.816982919 -0.066131305 0.056345008 0.996219148 35.706145802
0.997779552 -0.006849142 0.066251146 2.898796743 0.010559771 0.998385322 -0.055821822 -1.837129016 -0.065761823 0.056397529 0.996240233 36.124418620
0.997821807 -0.006553098 0.065647100 2.929780639 0.010218276 0.998398717 -0.055652053 -1.857242388 -0.065176744 0.056201654 0.996290565 36.548419342
0.997836694 -0.006838325 0.065387282 2.954921191 0.010524244 0.998365106 -0.056193204 -1.869068130 -0.064896231 0.056759776 0.996276446 36.772673654
0.997819287 -0.006790427 0.065657027 2.988867642 0.010542154 0.998320966 -0.056966515 -1.891435792 -0.065158881 0.057534508 0.996214611 37.209701331
0.997830598 -0.007430678 0.065417629 3.032831226 0.011173686 0.998310028 -0.057038359 -1.913680326 -0.064883229 0.057645618 0.996226598 37.667274827
0.997827575 -0.007639077 0.065439396 3.048664462 0.011371557 0.998317631 -0.056857408 -1.923942325 -0.064893772 0.057477991 0.996235360 37.887468211
0.997782873 -0.006938743 0.066193817 3.092062947 0.010685203 0.998350298 -0.056413247 -1.945348893 -0.065692262 0.056995465 0.996211607 38.345899249
0.997705425 -0.007189571 0.067318370 3.133128268 0.011054821 0.998300910 -0.057223450 -1.969006909 -0.066792180 0.057836396 0.996089221 38.807496393
0.997694179 -0.006512985 0.067551814 3.153658918 0.010423982 0.998279368 -0.057705903 -1.980990732 -0.067059188 0.058277015 0.996045869 39.038287670
0.997647734 -0.006286214 0.068261430 3.191848937 0.010272793 0.998252017 -0.058209333 -2.004294340 -0.067774915 0.058773664 0.995967993 39.503991775
0.997575137 -0.006289159 0.069315899 3.240616127 0.010374879 0.998219303 -0.058743262 -2.028702321 -0.068822783 0.059319945 0.995864181 39.989365800
0.997551346 -0.006147830 0.069670236 3.262412611 0.010251975 0.998223533 -0.058705742 -2.040536404 -0.069184681 0.059276216 0.995841401 40.235751478
0.997460031 -0.007717974 0.070804393 3.307736935 0.011881606 0.998212375 -0.058573284 -2.063941785 -0.070225739 0.059265866 0.995768923 40.726081063
0.997379684 -0.008836637 0.071799270 3.355480640 0.013010594 0.998239522 -0.057875719 -2.087075503 -0.071160499 0.058658171 0.995738373 41.230374692
0.997341163 -0.009295560 0.072284348 3.375549919 0.013490600 0.998239790 -0.057766154 -2.098852756 -0.071620122 0.058587747 0.995710192 41.479217203
0.997213131 -0.010095323 0.073923683 3.426165812 0.014368576 0.998242703 -0.057504420 -2.122580597 -0.073212818 0.058406408 0.995604875 41.979392574
0.997078893 -0.010847536 0.075609252 3.483796329 0.015212318 0.998235864 -0.057393932 -2.147007349 -0.074852830 0.058376435 0.995484815 42.486941836
0.997004734 -0.011265489 0.076516018 3.512034296 0.015683095 0.998229710 -0.057381633 -2.159321638 -0.075733506 0.058409754 0.995416270 42.741529763
0.996894283 -0.011889458 0.077852770 3.563901366 0.016376222 0.998225754 -0.057249885 -2.184028393 -0.077033027 0.058346970 0.995320219 43.257246347
0.996748601 -0.013404100 0.079451319 3.619206890 0.018048179 0.998152834 -0.058025426 -2.210077343 -0.078525995 0.059270718 0.995149190 43.767991369
0.996694784 -0.014344484 0.079958044 3.652152000 0.019038659 0.998120084 -0.058257775 -2.223364351 -0.078972139 0.059587477 0.995093919 44.033212490
0.996592087 -0.016641547 0.080790946 3.705865309 0.021324969 0.998120257 -0.057457645 -2.247580739 -0.079682807 0.058984623 0.995074170 44.563721476
0.996479504 -0.018250973 0.081823073 3.765447089 0.022920618 0.998140198 -0.056499964 -2.272048639 -0.080638525 0.058176472 0.995044273 45.103261541
0.996415485 -0.019095961 0.082409307 3.793792415 0.023779525 0.998134954 -0.056231334 -2.284714658 -0.081181363 0.057989475 0.995011481 45.375056341
0.996300025 -0.019502832 0.083703063 3.851050890 0.024247073 0.998134113 -0.056042352 -2.310674912 -0.082453796 0.057864517 0.994914196 45.917798285
0.996152085 -0.020112661 0.085302535 3.915910360 0.024911235 0.998144243 -0.055566513 -2.336533997 -0.084027023 0.057477687 0.994804790 46.467133771
0.996068313 -0.020187995 0.086261880 3.948395136 0.025005361 0.998166173 -0.055135404 -2.349534530 -0.084990011 0.057075598 0.994746393 46.750409894
0.996034776 -0.021016409 0.086448996 4.008042637 0.025898563 0.998109407 -0.055747072 -2.377560333 -0.085113259 0.057764874 0.994696051 47.307005738
0.995887916 -0.022446987 0.087776138 4.072978464 0.027467824 0.998029762 -0.056416724 -2.406158299 -0.086336645 0.058595729 0.994541979 47.873435602
0.995818403 -0.023959682 0.088155540 4.108913629 0.029002047 0.997988889 -0.056369249 -2.419582124 -0.086627501 0.058690195 0.994510327 48.151783466
0.995936282 -0.026370185 0.086113878 4.230651748 0.031264388 0.997942245 -0.055988665 -2.473534250 -0.084459870 0.058453453 0.994711180 49.279025336
0.996022577 -0.025357575 0.085411931 4.263118364 0.030236284 0.997955544 -0.056319633 -2.487933114 -0.083808538 0.058678247 0.994753001 49.562235561
0.996222763 -0.023439466 0.083608629 4.314108825 0.028292505 0.997954484 -0.057340452 -2.517292829 -0.082092706 0.059489344 0.994848475 50.131039321
0.996395653 -0.021807666 0.081978779 4.368534238 0.026729498 0.997875026 -0.059428500 -2.548264419 -0.080507820 0.061405579 0.994860547 50.694858810
0.996479006 -0.021553515 0.081022819 4.396955013 0.026484308 0.997830511 -0.060282816 -2.563739234 -0.079547189 0.062216399 0.994888124 50.983744693
0.996595883 -0.022342691 0.079356420 4.457958585 0.027215231 0.997775615 -0.060860136 -2.593285453 -0.077819247 0.062812695 0.994986851 51.573079681
0.996693419 -0.021959604 0.078232440 4.511404098 0.026676987 0.997855839 -0.059774070 -2.619626787 -0.076751963 0.061663396 0.995142156 52.155976926
0.996731657 -0.022135250 0.077692393 4.546293467 0.026793173 0.997873323 -0.059432115 -2.633494299 -0.076211127 0.061319530 0.995205008 52.453163433
0.996845317 -0.022203613 0.076208338 4.603860010 0.026740342 0.997897590 -0.059035699 -2.661588454 -0.074736859 0.060887182 0.995343268 53.047475161
0.997017784 -0.022478722 0.073828443 4.654388582 0.026905922 0.997863861 -0.059529847 -2.690781551 -0.072332302 0.061338799 0.995492608 53.634328274
0.997083401 -0.023183579 0.072709441 4.686378780 0.027573874 0.997819159 -0.059971829 -2.706132462 -0.071159714 0.061801755 0.995549339 53.935535134
0.997206425 -0.023961634 0.070745188 4.739857583 0.028369669 0.997674631 -0.061974489 -2.738528717 -0.069095552 0.063808343 0.995567414 54.535370486
0.997348988 -0.024169695 0.068638454 4.792066661 0.028623742 0.997496298 -0.064666992 -2.771374354 -0.066903455 0.066460160 0.995544457 55.119597315
0.997407927 -0.023698252 0.067936733 4.813561882 0.028188887 0.997427335 -0.065921952 -2.787910307 -0.066198706 0.067666142 0.995509726 55.418249812
0.997510351 -0.023058021 0.066650863 4.863592502 0.027560241 0.997343045 -0.067439380 -2.819713472 -0.064918322 0.069108365 0.995494798 56.023021425
0.997599308 -0.022165866 0.065607408 4.914688247 0.026653388 0.997306248 -0.068335005 -2.849584727 -0.063915171 0.069919522 0.995503135 56.609024527
0.997662148 -0.021338107 0.064922803 4.936205650 0.025793629 0.997312108 -0.068583929 -2.864412718 -0.063283802 0.070098177 0.995530920 56.907757513
0.997805517 -0.019949077 0.063137941 4.985689462 0.024289402 0.997338897 -0.068741427 -2.893969599 -0.061597512 0.070124194 0.995634218 57.513453035
0.997896319 -0.019279529 0.061902236 5.031723923 0.023519969 0.997372915 -0.068522248 -2.923023282 -0.060417623 0.069833928 0.995727965 58.124080581
