1.000000000 0.000000000 0.000000000 -0.000000000 0.000000000 1.000000000 0.000000000 0.000000000 0.000000000 -0.000000000 1.000000000 0.000000000
0.999999245 -0.000993500 -0.001078581 0.007377599 0.000994702 0.999999372 0.001023764 0.012677891 0.001077676 -0.001024811 0.999998812 0.619071087
0.999999587 -0.000273602 -0.000978955 0.018922999 0.000276688 0.999995230 0.003094019 0.027201798 0.000978501 -0.003094356 0.999995365 1.249021266
1.000000296 0.000200229 -0.000999769 0.022506511 -0.000196403 0.999992426 0.003764258 0.033951542 0.001001005 -0.003764113 0.999992252 1.566750575
0.999998585 0.001845161 -0.000401975 0.037439860 -0.001843575 0.999991744 0.003651683 0.044856794 0.000408752 -0.003650963 0.999994075 2.208462562
0.999995951 0.003004219 -0.000476856 0.042190333 -0.003003352 0.999994279 0.001755030 0.052636103 0.000482274 -0.001753584 0.999998509 2.830759020
0.999992662 0.003899521 -0.000209356 0.053554385 -0.003899185 0.999991175 0.001261600 0.057281326 0.000215255 -0.001260852 0.999999505 3.154732878
0.999987091 0.004873793 0.001523119 0.066228704 -0.004875289 0.999987970 0.001027887 0.067893236 -0.001517670 -0.001035326 0.999998439 3.783184955
0.999971480 0.006136461 0.004435800 0.078945956 -0.006143724 0.999980118 0.001631368 0.079984282 -0.004425575 -0.001658535 0.999988687 4.411610388
0.999958444 0.006978602 0.006012122 0.092200503 -0.006988882 0.999974333 0.001691635 0.085552547 -0.006000069 -0.001733605 0.999980852 4.733214769
0.999896182 0.009688720 0.010696273 0.112120637 -0.009710154 0.999950822 0.001956495 0.097040338 -0.010676841 -0.002060199 0.999941399 5.368641994
0.999822152 0.010450826 0.015741761 0.135755331 -0.010484138 0.999943173 0.002036363 0.108085546 -0.015719631 -0.002201092 0.999873976 5.999371490
0.999770679 0.010773581 0.018528764 0.150858601 -0.010808836 0.999940311 0.001806634 0.113137691 -0.018508306 -0.002006506 0.999826973 6.318632316
0.999660234 0.010455131 0.023897132 0.193003618 -0.010482216 0.999944965 0.001011306 0.122643676 -0.023884055 -0.001261436 0.999714120 6.974283731
0.999528392 0.009738503 0.029152902 0.233317898 -0.009766452 0.999951623 0.000817910 0.133285420 -0.029143398 -0.001102243 0.999574242 7.632267538
0.999462534 0.009084028 0.031511429 0.250707756 -0.009126658 0.999957460 0.001212542 0.139580355 -0.031498114 -0.001499535 0.999503198 7.964771173
0.999321726 0.008656175 0.035809152 0.296400853 -0.008715188 0.999961386 0.001493311 0.150984467 -0.035795089 -0.001804400 0.999357566 8.632085025
0.999218083 0.008251556 0.038682939 0.335109186 -0.008333909 0.999963397 0.001968277 0.162430087 -0.038664201 -0.002289212 0.999249565 9.276004875
0.999187732 0.007704277 0.039558870 0.358723242 -0.007822425 0.999964932 0.002834318 0.169133382 -0.039536029 -0.003141482 0.999213229 9.600658317
0.999060851 0.006424821 0.042869505 0.407797757 -0.006611822 0.999969573 0.004221639 0.181943897 -0.042840322 -0.004501175 0.999071633 10.247623089
0.998966697 0.004924320 0.045184836 0.456629496 -0.005168358 0.999972884 0.005285164 0.194466656 -0.045157227 -0.005513252 0.998964504 10.910995373
0.998934278 0.004629055 0.045925465 0.481854431 -0.004894379 0.999971723 0.005668162 0.200535975 -0.045897186 -0.005886883 0.998928919 11.249709713
0.998850190 0.003983927 0.047785735 0.535547235 -0.004268817 0.999973341 0.005861618 0.212136236 -0.047760457 -0.006058920 0.998840511 11.955247047
0.998820216 0.004247610 0.048384309 0.587918500 -0.004469833 0.999980211 0.004486173 0.221012366 -0.048364174 -0.004697129 0.998819429 12.662402017
0.998817806 0.004592007 0.048411614 0.613486151 -0.004784061 0.999981357 0.003851518 0.225562506 -0.048392757 -0.004078538 0.998819842 13.016761767
0.998862072 0.004222941 0.047520018 0.659688915 -0.004380034 0.999985151 0.003202626 0.235949157 -0.047505332 -0.003407180 0.998865503 13.731732364
0.998886143 0.004618702 0.046974326 0.702033664 -0.004775017 0.999983126 0.003216625 0.247086201 -0.046958418 -0.003437349 0.998891095 14.419374773
0.998896089 0.004559230 0.046766545 0.729516469 -0.004736095 0.999981709 0.003672167 0.253408886 -0.046747982 -0.003889618 0.998899364 14.771349744
0.998929470 0.004845935 0.045999764 0.776005232 -0.005046377 0.999977935 0.004242842 0.265572426 -0.045977701 -0.004470366 0.998932582 15.469886007
0.998987672 0.004950471 0.044711932 0.824935751 -0.005136041 0.999978645 0.004036855 0.276248272 -0.044690249 -0.004262480 0.998992262 16.165311932
0.999010799 0.005071772 0.044197703 0.842078483 -0.005257620 0.999978103 0.004091001 0.282105537 -0.044175705 -0.004319312 0.999014316 16.514225779
0.999055519 0.004365127 0.043240010 0.894945342 -0.004575773 0.999977937 0.004773893 0.294729416 -0.043217642 -0.004967296 0.999053879 17.236931287
0.999120865 0.002390200 0.041874056 0.935590045 -0.002585000 0.999985964 0.004600180 0.306254664 -0.041861791 -0.004704453 0.999112927 17.958939929
0.999132395 0.001566938 0.041619707 0.959345235 -0.001773657 0.999986497 0.004932003 0.312570195 -0.041611582 -0.005001616 0.999121308 18.315620730
0.999164142 0.001443544 0.040856601 1.010756273 -0.001683048 0.999982037 0.005828541 0.325920006 -0.040846265 -0.005892511 0.999147906 19.056284059
0.999190542 0.001552277 0.040202138 1.049938483 -0.001784798 0.999982239 0.005750076 0.337941321 -0.040192136 -0.005817175 0.999175411 19.796254661
0.999203427 0.001321482 0.039888445 1.074687731 -0.001548820 0.999982572 0.005668859 0.343774927 -0.039880268 -0.005726162 0.999188202 20.167777904
0.999255324 0.001561392 0.038566189 1.118889506 -0.001823719 0.999975683 0.006767673 0.357508122 -0.038554486 -0.006833036 0.999233508 20.901443402
0.999269606 0.003425254 0.038074715 1.167583813 -0.003713103 0.999965297 0.007492092 0.370948516 -0.038047217 -0.007627989 0.999247376 21.661644562
0.999292148 0.004129834 0.037388481 1.186157308 -0.004431578 0.999958414 0.007992267 0.378042789 -0.037353000 -0.008152328 0.999269401 22.040987934
0.999326004 0.003785124 0.036530904 1.223139667 -0.004117420 0.999951091 0.009025547 0.391809571 -0.036494374 -0.009169916 0.999292181 22.767661902
0.999336233 0.003982789 0.036214261 1.266667763 -0.004311897 0.999950443 0.009014962 0.403735960 -0.036175897 -0.009165153 0.999303570 23.502144228
0.999347954 0.004203080 0.035869981 1.291390323 -0.004507559 0.999954770 0.008413635 0.408650103 -0.035831947 -0.008569893 0.999321125 23.873684034
0.999361708 0.004814255 0.035408254 1.333615155 -0.005071003 0.999961220 0.007163057 0.418481994 -0.035371786 -0.007338045 0.999347615 24.609772655
0.999399420 0.005973681 0.034155120 1.362388250 -0.006158835 0.999967162 0.005321429 0.427659275 -0.034122163 -0.005528686 0.999402271 25.346724978
0.999422235 0.006988130 0.033258303 1.382749548 -0.007136952 0.999965529 0.004360718 0.432138653 -0.033226966 -0.004595660 0.999437440 25.723762600
0.999456895 0.007206190 0.032168200 1.413859998 -0.007343035 0.999964195 0.004139876 0.444307704 -0.032135842 -0.004373886 0.999474317 26.473926228
0.999456333 0.008568430 0.031856011 1.450387556 -0.008735865 0.999948267 0.005120593 0.458558354 -0.031809965 -0.005396066 0.999479225 27.233396137
0.999443391 0.009324745 0.032032910 1.468958731 -0.009507077 0.999939177 0.005546973 0.465572674 -0.031978722 -0.005848486 0.999471614 27.612740949
0.999410811 0.012915565 0.031802810 1.498164760 -0.013064032 0.999904415 0.004467647 0.476338964 -0.031741330 -0.004880509 0.999484294 28.365282696
0.999420014 0.012824450 0.031560069 1.535782655 -0.012906533 0.999913393 0.002400955 0.485348390 -0.031526135 -0.002806906 0.999499368 29.123278445
0.999445670 0.011186456 0.031372846 1.561504784 -0.011237696 0.999935858 0.001458878 0.489970498 -0.031353482 -0.001810578 0.999507184 29.509657273
0.999489766 0.004663346 0.031618046 1.610738457 -0.004678168 0.999988961 0.000394013 0.500590398 -0.031615505 -0.000541738 0.999499915 30.269124954
0.999455916 0.002561307 0.032903511 1.653439479 -0.002734487 0.999983162 0.005219257 0.521577792 -0.032889493 -0.005306430 0.999445536 31.037033010
0.999430410 0.001571905 0.033727169 1.678094479 -0.001833656 0.999968170 0.007731199 0.532240656 -0.033713474 -0.007788672 0.999401169 31.424871595
0.999410960 -0.001804445 0.034274205 1.731680452 0.001414088 0.999933860 0.011412073 0.551062865 -0.034291991 -0.011356921 0.999347695 32.195103875
0.999415069 -0.005423469 0.033775117 1.778030152 0.005080562 0.999934327 0.010230069 0.561261636 -0.033827817 -0.010052480 0.999377531 32.942098231
0.999425187 -0.006905435 0.033192214 1.794231771 0.006632112 0.999943175 0.008341396 0.564174833 -0.033247958 -0.008116485 0.999414650 33.308251720
0.999395159 -0.007168533 0.034037019 1.840495604 0.006986304 0.999960768 0.005471710 0.571415329 -0.034074805 -0.005230661 0.999405990 34.055299362
0.999383057 -0.001957203 0.035061679 1.879523517 0.001715892 0.999974477 0.006912829 0.586197109 -0.035074177 -0.006848415 0.999361723 34.811622570
0.999370444 0.000891642 0.035486926 1.893407830 -0.001189906 0.999964480 0.008386170 0.594885498 -0.035478009 -0.008423159 0.999335509 35.180809168
0.999371457 0.003007161 0.035316866 1.936973928 -0.003333051 0.999952590 0.009172914 0.608121123 -0.035287287 -0.009284908 0.999334539 35.915267912
0.999368148 0.003493932 0.035377876 1.972741179 -0.003714791 0.999974029 0.006182806 0.614754272 -0.035354648 -0.006310375 0.999354816 36.627236613
0.999353017 0.004134222 0.035750063 1.994510142 -0.004280086 0.999983259 0.004004713 0.616848685 -0.035732631 -0.004155130 0.999353326 36.986346298
0.999341547 0.006058809 0.035788900 2.031261298 -0.006076951 0.999981112 0.000400196 0.622650113 -0.035785453 -0.000617455 0.999359544 37.713163741
0.999281949 0.007327094 0.037191436 2.070055538 -0.007347688 0.999972997 0.000417788 0.634631516 -0.037186684 -0.000690721 0.999307778 38.437517017
0.999263354 0.007942219 0.037565013 2.091991014 -0.008007388 0.999966657 0.001584962 0.642462584 -0.037550779 -0.001884580 0.999292771 38.796523371
0.999231019 0.008735058 0.038217739 2.129519844 -0.008913932 0.999950249 0.004513632 0.658903656 -0.038175935 -0.004850841 0.999259358 39.490344510
0.999224741 0.009864062 0.038121856 2.168454888 -0.010109799 0.999929256 0.006260527 0.672909792 -0.038056607 -0.006641186 0.999253502 40.166238612
0.999216233 0.010183102 0.038270653 2.191830230 -0.010454185 0.999921374 0.006892035 0.679465248 -0.038197240 -0.007286767 0.999243313 40.507297047
0.999201088 0.011036137 0.038413549 2.228267820 -0.011362639 0.999900761 0.008293143 0.693040197 -0.038317456 -0.008723020 0.999227532 41.186336051
0.999185229 0.011941861 0.038567990 2.266765288 -0.012303777 0.999882167 0.009161877 0.705297419 -0.038453484 -0.009628948 0.999214639 41.846643611
0.999171916 0.012716697 0.038672706 2.278785903 -0.013089149 0.999869921 0.009394958 0.711159792 -0.038547948 -0.009893428 0.999207580 42.169811261
0.999148619 0.013666068 0.038932379 2.313795631 -0.014081692 0.999846117 0.010423348 0.723597675 -0.038783456 -0.010962758 0.999187218 42.818418939
0.999133016 0.014258616 0.039127807 2.357505834 -0.014729469 0.999822136 0.011772992 0.736145531 -0.038952998 -0.012339131 0.999165363 43.456044666
0.999122988 0.014571796 0.039265852 2.372246951 -0.015064135 0.999810807 0.012271553 0.742047245 -0.039078646 -0.012852296 0.999153387 43.759672144
0.999098284 0.015233444 0.039639709 2.415493180 -0.015729397 0.999801787 0.012229856 0.751936717 -0.039444796 -0.012842329 0.999139663 44.381727710
0.999107689 0.015874586 0.039143938 2.448419061 -0.016363385 0.999791424 0.012199255 0.762040371 -0.038941803 -0.012828886 0.999159383 45.000709911
0.999109535 0.016164947 0.038980282 2.466014563 -0.016654788 0.999786451 0.012276510 0.767343809 -0.038774003 -0.012914798 0.999164491 45.316829076
0.999131971 0.016870174 0.038102625 2.499933632 -0.017331914 0.999779941 0.011822931 0.776935557 -0.037895270 -0.012473097 0.999204247 45.950654259
0.999108310 0.017001068 0.038662011 2.538609294 -0.017422104 0.999792267 0.010580449 0.784429397 -0.038474289 -0.011244576 0.999196461 46.546222588
0.999108071 0.016983142 0.038659006 2.554768811 -0.017386475 0.999798057 0.010122208 0.788315931 -0.038479767 -0.010785354 0.999201381 46.831915469
0.999109589 0.016512170 0.038837687 2.585244633 -0.016894997 0.999811280 0.009551442 0.796795009 -0.038672244 -0.010199126 0.999200322 47.405641364
0.999117348 0.017072192 0.038382626 2.618629667 -0.017455515 0.999800562 0.009674678 0.806564708 -0.038209292 -0.010336133 0.999216612 47.991824923
0.999120588 0.016783604 0.038440277 2.637286637 -0.017162173 0.999807533 0.009540607 0.810882430 -0.038272343 -0.010191991 0.999215422 48.274372902
0.999121275 0.016517930 0.038519826 2.668580282 -0.016853639 0.999822814 0.008407740 0.818058053 -0.038373764 -0.009049583 0.999222738 48.830935664
0.999135271 0.016052878 0.038354173 2.704842436 -0.016348244 0.999838829 0.007400455 0.825186581 -0.038229006 -0.008021118 0.999237541 49.381225004
0.999158223 0.015549602 0.037979544 2.719992810 -0.015828925 0.999849905 0.007066461 0.829035343 -0.037863363 -0.007661722 0.999253293 49.652084804
0.999198959 0.014186078 0.037424455 2.744334182 -0.014448087 0.999873393 0.006741951 0.837371820 -0.037323729 -0.007277331 0.999276389 50.185233402
0.999192354 0.014674245 0.037420332 2.775277569 -0.014927899 0.999867103 0.006508679 0.845806773 -0.037319499 -0.007062055 0.999278859 50.726155434
0.999195150 0.014648371 0.037348998 2.792307416 -0.014902758 0.999867274 0.006542906 0.850198798 -0.037246861 -0.007094280 0.999280967 50.994652597
0.999227362 0.015090595 0.036299303 2.813785991 -0.015336720 0.999860977 0.006512848 0.858843721 -0.036195546 -0.007064531 0.999320316 51.515314728
0.999230558 0.014835875 0.036308353 2.846833640 -0.015085929 0.999864505 0.006625328 0.867490055 -0.036204572 -0.007168035 0.999319040 52.037477774
0.999240406 0.014620391 0.036122249 2.859761246 -0.014880583 0.999865173 0.006945988 0.872294745 -0.036015071 -0.007478211 0.999323199 52.295055160
0.999256972 0.014020785 0.035909357 2.891171327 -0.014281347 0.999873837 0.007011426 0.880655591 -0.035805773 -0.007519062 0.999330652 52.803173870
0.999273291 0.014128890 0.035422376 2.916606948 -0.014391172 0.999871084 0.007159792 0.889135694 -0.035316239 -0.007664338 0.999347442 53.302730940
0.999269339 0.014583030 0.035324424 2.934471733 -0.014838151 0.999866032 0.006971659 0.892813919 -0.035218107 -0.007490719 0.999351632 53.554054348
0.999275933 0.014942440 0.035004353 2.954552325 -0.015201679 0.999859160 0.007154915 0.901351176 -0.034891750 -0.007681909 0.999361295 54.044266611
0.999274994 0.015467338 0.034798704 2.986207503 -0.015741667 0.999847183 0.007625311 0.910079732 -0.034675135 -0.008167576 0.999365538 54.535976369
0.999290285 0.015618997 0.034292113 2.990903069 -0.015901279 0.999841529 0.007975226 0.914760307 -0.034162682 -0.008514830 0.999380239 54.771731305
0.999331062 0.014857667 0.033437317 3.017196255 -0.015144831 0.999850534 0.008352047 0.923306156 -0.033307774 -0.008852895 0.999406606 55.254100577
0.999340464 0.014808653 0.033166527 3.040592124 -0.015091323 0.999852164 0.008290778 0.930971146 -0.033038396 -0.008785849 0.999415534 55.724004806
0.999347579 0.014688818 0.033013624 3.055587730 -0.014968236 0.999853797 0.008232882 0.934737945 -0.032887242 -0.008721650 0.999420655 55.962845708
0.999348204 0.014752943 0.032968418 3.074263377 -0.015040707 0.999851106 0.008499564 0.942927675 -0.032837841 -0.008989909 0.999419880 56.422612425
0.999359141 0.014867959 0.032572383 3.093566579 -0.015165821 0.999845274 0.008917839 0.951335137 -0.032433603 -0.009406097 0.999429964 56.881590936
0.999369291 0.014915190 0.032227018 3.111040202 -0.015206146 0.999845982 0.008806107 0.954863515 -0.032089607 -0.009290652 0.999441905 57.117298998
0.999359788 0.014574112 0.032681303 3.131938328 -0.014855531 0.999854504 0.008387053 0.962087322 -0.032554268 -0.008867208 0.999430746 57.590348308
0.999365498 0.013833075 0.032847941 3.157190752 -0.014110118 0.999866430 0.008218887 0.969506034 -0.032729591 -0.008677149 0.999426622 58.057904121
0.999363142 0.013612225 0.033005531 3.175686862 -0.013891382 0.999869466 0.008244577 0.973531916 -0.032888437 -0.008697809 0.999421426 58.308436984
0.999379885 0.013224992 0.032659062 3.196973247 -0.013483882 0.999879490 0.007718686 0.980805629 -0.032552473 -0.008154268 0.999436708 58.797103440
0.999415856 0.013207469 0.031527757 3.219255431 -0.013429358 0.999886142 0.006838322 0.987657383 -0.031433989 -0.007257735 0.999479490 59.300611258
0.999433317 0.012764310 0.031166897 3.230506597 -0.012967656 0.999895430 0.006333457 0.990837366 -0.031081815 -0.006734057 0.999494004 59.544168432
0.999443394 0.012570075 0.030917646 3.249513066 -0.012740390 0.999904477 0.005320648 0.997098156 -0.030847096 -0.005711574 0.999507941 60.019587939
0.999454432 0.012046723 0.030784821 3.275130833 -0.012193026 0.999915452 0.004572794 1.003777234 -0.030726815 -0.004945710 0.999515125 60.502775120
0.999458401 0.011782286 0.030734291 3.288874811 -0.011919439 0.999919456 0.004285559 1.007228498 -0.030680019 -0.004649628 0.999518804 60.743190273
0.999465563 0.011047969 0.030792355 3.309794404 -0.011185725 0.999927800 0.004305349 1.015191874 -0.030741427 -0.004647544 0.999516738 61.216226262
0.999467013 0.010506905 0.030914691 3.338933562 -0.010637261 0.999935215 0.004058906 1.022849616 -0.030869942 -0.004385662 0.999513933 61.711092442
0.999483243 0.010112853 0.030523719 3.349596626 -0.010245663 0.999938398 0.004200035 1.027171073 -0.030478866 -0.004510624 0.999525347 61.955413338
0.999502701 0.008922980 0.030258374 3.371946981 -0.009067504 0.999947644 0.004642810 1.036371457 -0.030215724 -0.004914829 0.999531961 62.458878852
0.999520812 0.008894860 0.029668411 3.400879335 -0.009041169 0.999947716 0.004801314 1.044980719 -0.029624445 -0.005067240 0.999548490 62.970130222
0.999539960 0.008342263 0.029170442 3.405962291 -0.008491464 0.999951600 0.004996723 1.049681217 -0.029127804 -0.005242180 0.999562311 63.221502843
0.999572305 0.007478809 0.028267697 3.432211855 -0.007640926 0.999954780 0.005632386 1.059550380 -0.028223454 -0.005845984 0.999584777 63.752270983
0.999578438 0.007497336 0.028062303 3.457217043 -0.007673759 0.999951271 0.006187008 1.069353862 -0.028014372 -0.006399758 0.999587047 64.284608872
0.999586670 0.007219804 0.027825220 3.468283162 -0.007403058 0.999952040 0.006489859 1.074234927 -0.027776513 -0.006693208 0.999592418 64.544537734
0.999617079 0.006783523 0.026855914 3.493283999 -0.006973231 0.999951298 0.006975078 1.083888496 -0.026806689 -0.007159713 0.999615579 65.076878324
0.999637527 0.006810557 0.026071911 3.512710819 -0.007011553 0.999946842 0.007627813 1.094130984 -0.026018235 -0.007807900 0.999631803 65.616266858
0.999648458 0.006813706 0.025633444 3.523562012 -0.007024925 0.999942188 0.008161686 1.099683733 -0.025576474 -0.008338963 0.999638016 65.892585950
0.999667023 0.007846733 0.024593498 3.544615376 -0.008062022 0.999929777 0.008667805 1.109831930 -0.024524001 -0.008863157 0.999660552 66.446025661
0.999676820 0.009527417 0.023590914 3.569361834 -0.009732756 0.999915569 0.008605451 1.118797975 -0.023506088 -0.008832293 0.999684921 66.994780963
0.999683672 0.010038511 0.023093016 3.580806350 -0.010239610 0.999910622 0.008605065 1.123389145 -0.023003946 -0.008838811 0.999696616 67.270333092
0.999705599 0.009572686 0.022307671 3.600590101 -0.009764227 0.999916405 0.008497573 1.132602167 -0.022223893 -0.008712919 0.999714865 67.825358215
0.999733884 0.009194580 0.021166333 3.629189641 -0.009358370 0.999926888 0.007655368 1.140647918 -0.021093992 -0.007851468 0.999746865 68.401444767
0.999748868 0.008740954 0.020639435 3.638750914 -0.008891077 0.999934594 0.007195156 1.144565901 -0.020574302 -0.007376969 0.999760833 68.679361872
0.999769893 0.008120138 0.019873651 3.660559151 -0.008237621 0.999949409 0.005837129 1.151241908 -0.019825229 -0.005999499 0.999785848 69.215677513
0.999797196 0.007940995 0.018540215 3.683535940 -0.008019936 0.999959483 0.004192265 1.158197557 -0.018505927 -0.004340133 0.999819920 69.798842253
0.999804074 0.008033782 0.018104928 3.691626598 -0.008101022 0.999960610 0.003648747 1.162331769 -0.018074806 -0.003794749 0.999829426 70.094726360
0.999840117 0.008814147 0.015594758 3.714460983 -0.008873262 0.999953689 0.003727978 1.172457644 -0.015560897 -0.003865842 0.999872033 70.694236325
0.999889239 0.006861026 0.013233082 3.730673338 -0.006904900 0.999970374 0.003273959 1.181795445 -0.013208936 -0.003364966 0.999907290 71.285985276
0.999907853 0.005734848 0.012296046 3.743521639 -0.005773807 0.999978804 0.003141194 1.186694165 -0.012277191 -0.003211899 0.999920075 71.591983671
0.999943308 0.002338640 0.010441593 3.762072218 -0.002383619 0.999988349 0.004297152 1.199053718 -0.010430712 -0.004321859 0.999936086 72.196943387
0.999968457 0.000911972 0.007945137 3.779348253 -0.000950262 0.999987461 0.004829558 1.210308196 -0.007939266 -0.004837023 0.999956937 72.803491576
0.999973917 0.001497069 0.007093010 3.785596570 -0.001530191 0.999988144 0.004678711 1.215178399 -0.007085609 -0.004689499 0.999963661 73.101715276
0.999985435 0.002249765 0.004999138 3.799165586 -0.002277371 0.999981812 0.005538804 1.227135309 -0.004986420 -0.005550153 0.999972005 73.712956514
0.999993567 0.003378335 0.001743465 3.809055433 -0.003390933 0.999967609 0.007291575 1.240754090 -0.001718847 -0.007297480 0.999972258 74.328873519
0.999997603 0.002210182 -0.000468434 3.807263320 -0.002206479 0.999968717 0.007619618 1.246851400 0.000485372 -0.007618575 0.999971515 74.637270803
0.999990447 0.001245701 -0.004405530 3.817757514 -0.001205907 0.999958460 0.009025362 1.259888381 0.004417236 -0.009020045 0.999949385 75.252414004
0.999968275 0.003357692 -0.007249546 3.817916277 -0.003283984 0.999943314 0.010147911 1.272619847 0.007283107 -0.010123830 0.999922325 75.864493201
0.999957187 0.003809855 -0.008438246 3.821090932 -0.003720613 0.999936861 0.010562961 1.278610098 0.008477622 -0.010531146 0.999908691 76.166618145
0.999925195 0.005996350 -0.010736598 3.818217226 -0.005856177 0.999897413 0.013038905 1.293880785 0.010813645 -0.012975108 0.999857392 76.782573022
0.999906386 0.003237605 -0.013306333 3.822709401 -0.003052825 0.999898965 0.013876733 1.306087576 0.013350677 -0.013834877 0.999815382 77.389171684
0.999859574 0.000462529 -0.016793166 3.825550706 -0.000238471 0.999911540 0.013337192 1.321181475 0.016797843 -0.013331356 0.999770009 78.287823126
0.999815561 0.004255477 -0.018734716 3.818346746 -0.004039173 0.999924619 0.011570394 1.329009409 0.018783007 -0.011492587 0.999757766 78.892999723
0.999778352 0.006088490 -0.020159007 3.813996840 -0.005879778 0.999928427 0.010392387 1.332596744 0.020221102 -0.010271593 0.999742899 79.204579353
0.999696713 0.008473590 -0.023133582 3.803736335 -0.008255437 0.999920450 0.009509067 1.342134382 0.023212877 -0.009315189 0.999687060 79.813646572
0.999584447 0.010959341 -0.026662991 3.785168398 -0.010651329 0.999875188 0.011666341 1.357026784 0.026787335 -0.011377482 0.999576566 80.417194980
0.999571541 0.009106944 -0.027842830 3.788372642 -0.008757729 0.999881732 0.012637521 1.364036440 0.027955082 -0.012388266 0.999533116 80.719301561
0.999542124 0.007398292 -0.029338375 3.781514151 -0.007014965 0.999889497 0.013144816 1.375690068 0.029432388 -0.012933023 0.999483372 81.308006919
0.999465968 0.008857965 -0.031465690 3.769649439 -0.008457205 0.999881628 0.012846041 1.386091547 0.031576163 -0.012573078 0.999422149 81.903009100
0.999428457 0.010437764 -0.032147449 3.756517683 -0.010021849 0.999864824 0.013067411 1.392015472 0.032280498 -0.012737818 0.999397896 82.193506239
0.999316692 0.015586904 -0.033520667 3.742810340 -0.015153499 0.999798399 0.013144428 1.403142948 0.033719187 -0.012627502 0.999351598 82.790848194
0.999272603 0.016679825 -0.034301286 3.732418855 -0.016244422 0.999784397 0.012932407 1.413418145 0.034509911 -0.012365809 0.999328109 83.367881753
0.999263495 0.016030294 -0.034872827 3.725503174 -0.015571704 0.999788907 0.013381700 1.419470593 0.035079949 -0.012828801 0.999302639 83.650533741
0.999292769 0.013025741 -0.035276354 3.725233644 -0.012549451 0.999827787 0.013686780 1.430772958 0.035448811 -0.013234413 0.999284638 84.247020634
0.999312147 0.010380765 -0.035616871 3.720400800 -0.009925314 0.999867381 0.012938942 1.439929546 0.035747047 -0.012576582 0.999281828 84.817015790
0.999319435 0.009770570 -0.035588849 3.714040731 -0.009345871 0.999883162 0.012080264 1.443721173 0.035703546 -0.011739421 0.999293267 85.098924217
0.999320748 0.009312603 -0.035669362 3.709825578 -0.008914641 0.999896240 0.011299293 1.452755692 0.035771126 -0.010973696 0.999299830 85.668137288
0.999328958 0.009432387 -0.035395134 3.706895703 -0.009033643 0.999893873 0.011406073 1.463265070 0.035499232 -0.011078738 0.999308346 86.235755226
0.999341122 0.009333704 -0.035082774 3.703057166 -0.008940280 0.999895605 0.011351548 1.468317401 0.035186036 -0.011030466 0.999320480 86.514503810
0.999349227 0.008160541 -0.035151319 3.693095533 -0.007789847 0.999913274 0.010665398 1.477249231 0.035235893 -0.010384665 0.999324973 87.058756910
0.999290154 0.008444958 -0.036735074 3.683549719 -0.008065559 0.999913099 0.010461988 1.487180414 0.036820945 -0.010158266 0.999270268 87.618610054
0.999287030 0.008829959 -0.036725836 3.681581081 -0.008445776 0.999907653 0.010602364 1.492446199 0.036816193 -0.010284600 0.999269275 87.895001942
0.999276718 0.009187900 -0.036921568 3.667939408 -0.008795355 0.999903390 0.010776912 1.503009919 0.037017586 -0.010444395 0.999260318 88.443931349
0.999259666 0.010783171 -0.036926815 3.653278150 -0.010388385 0.999886576 0.010865251 1.513176076 0.037040034 -0.010473627 0.999258924 88.978034155
0.999273174 0.011099321 -0.036479266 3.649673685 -0.010705243 0.999882497 0.010977949 1.518216338 0.036596700 -0.010579484 0.999274230 89.240380628
0.999303072 0.011975162 -0.035356966 3.640605009 -0.011584689 0.999869982 0.011224628 1.528433204 0.035487603 -0.010807264 0.999311542 89.767423968
0.999330497 0.013890407 -0.033853274 3.634011159 -0.013513278 0.999844180 0.011340454 1.538301712 0.034006128 -0.010875454 0.999362610 90.291336449
0.999366057 0.014196063 -0.032662954 3.634125026 -0.013831351 0.999839790 0.011363320 1.543029316 0.032819808 -0.010904368 0.999401685 90.548982851
0.999403645 0.015673640 -0.030785521 3.630857766 -0.015327496 0.999816778 0.011446070 1.552415329 0.030959892 -0.010967423 0.999460275 91.052580276
0.999442809 0.017196881 -0.028621424 3.626969915 -0.016872971 0.999791415 0.011521243 1.561823470 0.028813595 -0.011031881 0.999524047 91.556961586
0.999482848 0.017006360 -0.027303541 3.625426778 -0.016708413 0.999799025 0.011100555 1.565595976 0.027487267 -0.010638653 0.999566153 91.800575714
0.999562394 0.017107372 -0.024152181 3.635796012 -0.016847243 0.999798255 0.010930294 1.573925521 0.024335319 -0.010518604 0.999648154 92.286937928
0.999605133 0.018169243 -0.021465947 3.640806736 -0.017941343 0.999781143 0.010757842 1.582192290 0.021656575 -0.010368509 0.999711718 92.763957498
0.999618897 0.018229178 -0.020765655 3.635775279 -0.018013745 0.999782594 0.010513932 1.586125469 0.020953330 -0.010135856 0.999729872 92.995872105
0.999665381 0.017939458 -0.018652091 3.643250677 -0.017754799 0.999792192 0.010015467 1.593694084 0.018828189 -0.009680994 0.999775884 93.469767115
0.999692832 0.018576644 -0.016438409 3.648490542 -0.018415136 0.999780915 0.009919381 1.601778883 0.016619754 -0.009613609 0.999815743 93.930387633
0.999717930 0.018288989 -0.015178501 3.649051377 -0.018140751 0.999787096 0.009845424 1.605752776 0.015356211 -0.009567331 0.999836030 94.155242954
0.999759897 0.017336841 -0.013417482 3.659262362 -0.017204360 0.999802435 0.009927809 1.613880430 0.013587630 -0.009694562 0.999861189 94.609588431
0.999785469 0.017251922 -0.011472023 3.661266836 -0.017131117 0.999797257 0.010539874 1.622763454 0.011651327 -0.010341118 0.999879195 95.042095615
0.999782882 0.018205544 -0.010196693 3.665180079 -0.018093322 0.999776417 0.010981444 1.627144334 0.010394863 -0.010794601 0.999888007 95.246619859
0.999781070 0.019441308 -0.007779879 3.673625127 -0.019348564 0.999742863 0.011819035 1.635814006 0.008007735 -0.011665943 0.999899809 95.654885721
0.999796226 0.019136374 -0.006463799 3.677916879 -0.019058148 0.999746886 0.011948475 1.643137370 0.006691006 -0.011822865 0.999907733 96.052263490
0.999788585 0.019736064 -0.005801276 3.686776584 -0.019664814 0.999733875 0.012084311 1.646711599 0.006038652 -0.011967682 0.999909776 96.250527995
0.999713330 0.023669725 -0.003639364 3.687459949 -0.023614730 0.999616357 0.014465126 1.658135412 0.003980731 -0.014375063 0.999888802 96.652537606
0.999699040 0.024524147 -0.001175731 3.698617957 -0.024503101 0.999580397 0.015416857 1.666584577 0.001553378 -0.015383409 0.999880669 97.041267977
0.999715973 0.023856959 0.000236748 3.706419785 -0.023857832 0.999607570 0.014670787 1.668442012 0.000113776 -0.014672275 0.999892316 97.224729643
0.999776694 0.020917612 0.003142787 3.717871302 -0.020955192 0.999702603 0.012458887 1.670850550 -0.002880427 -0.012521983 0.999917417 97.580764163
0.999771697 0.020224257 0.006946793 3.734407656 -0.020311014 0.999713739 0.012660587 1.677219657 -0.006688992 -0.012798805 0.999895921 97.930453075
0.999771753 0.019491014 0.008819171 3.737535676 -0.019606013 0.999721605 0.013151581 1.681200899 -0.008560374 -0.013321496 0.999875082 98.103748426
0.999745306 0.019394537 0.011573105 3.754335982 -0.019557612 0.999708437 0.014151910 1.688587337 -0.011294770 -0.014374662 0.999833151 98.437016684
0.999685897 0.021268172 0.013286394 3.763900047 -0.021464682 0.999659788 0.014831143 1.695427701 -0.012965798 -0.015111684 0.999802449 98.763303853
0.999618097 0.023386360 0.014742543 3.767818041 -0.023596176 0.999620102 0.014225794 1.697146048 -0.014403316 -0.014568239 0.999790578 98.919453352
0.999490507 0.025717127 0.018910343 3.789083139 -0.025967723 0.999576615 0.013131051 1.700457807 -0.018564278 -0.013615448 0.999735021 99.230902691
0.999406338 0.026411668 0.022149670 3.802604829 -0.026724665 0.999545766 0.013958467 1.707153338 -0.021770709 -0.014542154 0.999656909 99.536084438
0.999387374 0.025873120 0.023565377 3.814668267 -0.026230208 0.999543631 0.014975083 1.711262469 -0.023166191 -0.015584056 0.999610349 99.681995187
0.999390081 0.022375937 0.026824013 3.835305371 -0.022839821 0.999592689 0.017116075 1.719591431 -0.026429185 -0.017718310 0.999493680 99.962118063
0.999331709 0.020560379 0.030237743 3.857703880 -0.021088918 0.999628235 0.017266743 1.724396028 -0.029871105 -0.017892899 0.999393776 100.239951570
0.999279328 0.019950912 0.032307319 3.867439246 -0.020501867 0.999648636 0.016814415 1.725833202 -0.031960347 -0.017464675 0.999336728 100.372645253
0.999168696 0.019904230 0.035583692 3.890015550 -0.020484705 0.999662033 0.016024938 1.728686862 -0.035252627 -0.016740572 0.999238094 100.634111574
0.999094353 0.020842773 0.037107952 3.903526906 -0.021432605 0.999648807 0.015570089 1.732200165 -0.036769355 -0.016351325 0.999189749 100.890927938
0.999068662 0.020838582 0.037806299 3.915762337 -0.021438745 0.999649200 0.015540187 1.734158474 -0.037468265 -0.016336234 0.999164416 101.020475099
0.999028548 0.020546137 0.038991711 3.928889494 -0.021156029 0.999658850 0.015295013 1.737761790 -0.038663821 -0.016105080 0.999122550 101.261671797
0.999014367 0.019748221 0.039766486 3.951072026 -0.020342177 0.999687004 0.014588874 1.740375654 -0.039465065 -0.015383461 0.999102486 101.507524391
0.999016921 0.019254172 0.039940376 3.953205227 -0.019843061 0.999699009 0.014401449 1.741986400 -0.039650655 -0.015179832 0.999098511 101.617605977
0.999030168 0.018654164 0.039891122 3.973162090 -0.019238589 0.999712349 0.014319208 1.745456251 -0.039612630 -0.015072795 0.999101177 101.850177959
0.999038124 0.018775006 0.039632508 3.986518968 -0.019351032 0.999711934 0.014203396 1.748897586 -0.039354182 -0.014956690 0.999113046 102.074975246
0.999026239 0.018869936 0.039890032 3.991769345 -0.019454997 0.999707738 0.014330065 1.750887409 -0.039606870 -0.015092188 0.999101145 102.181128586
0.999031426 0.019093103 0.039661469 4.007845855 -0.019680065 0.999701776 0.014463660 1.754338102 -0.039372794 -0.015230209 0.999108713 102.386386240
0.999050936 0.018992861 0.039218332 4.021035782 -0.019570152 0.999705247 0.014389645 1.757277719 -0.038933124 -0.015143520 0.999127213 102.579172190
0.999049915 0.018902725 0.039263706 4.030627693 -0.019485362 0.999704732 0.014510486 1.759022704 -0.038976963 -0.015261798 0.999123722 102.679839955
0.999051832 0.019040774 0.039170134 4.038729444 -0.019652227 0.999689702 0.015285126 1.763136748 -0.038866527 -0.016040414 0.999116161 102.846858645
0.999078197 0.019164253 0.038418746 4.053656259 -0.019795485 0.999674270 0.016119109 1.766957421 -0.038097161 -0.016864793 0.999131631 103.005255500
0.999086188 0.019266816 0.038153035 4.058728370 -0.019891981 0.999673090 0.016076344 1.768055754 -0.037830407 -0.016820621 0.999142545 103.079404524
0.999094835 0.019409770 0.037870154 4.064750046 -0.020022012 0.999673910 0.015856372 1.769965494 -0.037549000 -0.016600272 0.999157338 103.216795397
0.999104384 0.019334447 0.037655280 4.070791158 -0.019949421 0.999672171 0.016025778 1.772544843 -0.037332603 -0.016762625 0.999162789 103.354174208
0.999116549 0.019111119 0.037430928 4.072999022 -0.019729155 0.999673504 0.016213232 1.773901651 -0.037108703 -0.016937403 0.999167654 103.415837665
0.999147924 0.018625953 0.036836889 4.079259702 -0.019235670 0.999683119 0.016268480 1.775969224 -0.036522245 -0.016963226 0.999189016 103.536823366
0.999170149 0.018385202 0.036363414 4.085118487 -0.018983445 0.999689070 0.016177308 1.777517165 -0.036054359 -0.016854192 0.999208451 103.642200382
0.999174365 0.018310528 0.036280194 4.086928518 -0.018911502 0.999688250 0.016291803 1.778494259 -0.035969756 -0.016964469 0.999209345 103.688252634
0.999180416 0.018168267 0.036197454 4.093022246 -0.018770720 0.999690009 0.016374442 1.780060115 -0.035887797 -0.017040494 0.999210649 103.777226998
0.999194586 0.018029658 0.035843645 4.101575716 -0.018613943 0.999698339 0.016036009 1.780757915 -0.035543593 -0.016690307 0.999229026 103.863079863
0.999201402 0.018014550 0.035673080 4.099882921 -0.018595561 0.999699023 0.016026095 1.781395974 -0.035373074 -0.016676697 0.999234789 103.897441595
0.999204746 0.018041813 0.035558608 4.101464392 -0.018623084 0.999697168 0.016086325 1.782575026 -0.035257011 -0.016735761 0.999238692 103.959892538
