1.000000000 0.000000000 -0.000000000 -0.000000000 0.000000000 1.000000000 0.000000000 -0.000000000 -0.000000000 -0.000000000 1.000000000 0.000000000
0.999989292 0.000386582 -0.004651304 0.011748254 -0.000371132 0.999993872 0.003330136 0.023584241 0.004652482 -0.003328438 0.999982922 0.868234012
0.999974923 0.002182156 -0.006696833 0.023339873 -0.002156360 0.999989727 0.003859437 0.042492175 0.006705137 -0.003844881 0.999969883 1.736568114
0.999958536 0.003165658 -0.008551727 0.018809942 -0.003139785 0.999990839 0.003028918 0.050306608 0.008561548 -0.003001972 0.999958453 2.167516743
0.999934893 0.003354562 -0.010910650 0.028387128 -0.003337693 0.999993073 0.001563085 0.065980496 0.010916105 -0.001526556 0.999938466 3.038239465
0.999878101 0.005051006 -0.014755271 0.032971138 -0.005028359 0.999985793 0.001577335 0.084334668 0.014762730 -0.001502994 0.999890004 3.915089882
0.999830958 0.008237097 -0.016426726 0.030004456 -0.008173689 0.999959264 0.003923022 0.097749707 0.016458786 -0.003788153 0.999857021 4.359996011
0.999756700 0.011523448 -0.018810328 0.027898475 -0.011357991 0.999895884 0.008882639 0.125032627 0.018910066 -0.008666822 0.999783506 5.245159781
0.999709351 0.012638098 -0.020543464 0.027296682 -0.012458314 0.999883010 0.008857904 0.143448521 0.020652253 -0.008599376 0.999749772 6.112570299
0.999680589 0.014260637 -0.020856497 0.020811223 -0.014116297 0.999875106 0.007053414 0.149787519 0.020954437 -0.006756813 0.999757101 6.545869906
0.999581682 0.018911186 -0.021897575 0.018206557 -0.018844415 0.999817143 0.003255714 0.162182198 0.021955136 -0.002841724 0.999754885 7.431352340
0.999462767 0.021046268 -0.025133066 -0.002779456 -0.020960112 0.999773908 0.003685784 0.182165824 0.025204423 -0.003157010 0.999677350 8.307845915
0.999425741 0.021733761 -0.026011000 -0.010244107 -0.021613399 0.999754624 0.004903027 0.194076651 0.026111031 -0.004338028 0.999649283 8.758196170
0.999349989 0.022636682 -0.028057240 -0.022669121 -0.022454885 0.999724773 0.006777670 0.216787982 0.028203089 -0.006143261 0.999582815 9.655827915
0.999280888 0.023208961 -0.029994862 -0.042266258 -0.023001947 0.999709238 0.007229711 0.237166327 0.030154140 -0.006534585 0.999523608 10.546390415
0.999217123 0.023512347 -0.031821646 -0.054211138 -0.023277064 0.999699189 0.007743561 0.248102524 0.031995279 -0.006996880 0.999463039 11.002173461
0.999123698 0.023792593 -0.034433680 -0.074393849 -0.023493463 0.999682997 0.009066843 0.269967494 0.034639156 -0.008249957 0.999365564 11.893477275
0.998995161 0.024635105 -0.037451249 -0.099106658 -0.024321570 0.999665569 0.008805672 0.289369010 0.037655725 -0.007885993 0.999259924 12.790245747
0.998932224 0.024389131 -0.039241561 -0.110483033 -0.024086182 0.999675997 0.008176525 0.298308983 0.039428555 -0.007222629 0.999195857 13.245298387
0.998750203 0.024534337 -0.043545269 -0.142946330 -0.024318309 0.999689119 0.005484327 0.313947072 0.043666858 -0.004418524 0.999036192 14.151425004
0.998591228 0.025760487 -0.046383048 -0.171972334 -0.025632280 0.999665290 0.003357103 0.331096227 0.046454314 -0.002163507 0.998918234 15.084900896
0.998459136 0.025997668 -0.049028408 -0.196781547 -0.025894478 0.999661279 0.002739191 0.340479021 0.049082927 -0.001465421 0.998793812 15.540556208
0.998252887 0.027239517 -0.052440596 -0.233529950 -0.027135075 0.999627735 0.002703945 0.360967879 0.052494799 -0.001276215 0.998619856 16.451990931
0.998007282 0.027446438 -0.056819308 -0.271520456 -0.027310941 0.999621828 0.003160511 0.382311661 0.056884018 -0.001602461 0.998379279 17.364953621
0.997960860 0.027136579 -0.057775318 -0.293114969 -0.026993390 0.999630292 0.003258097 0.392824563 0.057842901 -0.001691933 0.998323738 17.816719080
0.997663289 0.026913274 -0.062803767 -0.330524252 -0.026789881 0.999637050 0.002806771 0.412551823 0.062857141 -0.001117764 0.998021387 18.728943236
0.997285666 0.026404942 -0.068737480 -0.385838235 -0.026344535 0.999651627 0.001785452 0.431997075 0.068761037 0.000030217 0.997632929 19.647197509
0.997064050 0.026419192 -0.071878550 -0.413818637 -0.026403710 0.999650218 0.001166374 0.441548737 0.071883696 0.000734828 0.997412320 20.106714871
0.996392650 0.026435352 -0.080636270 -0.488924237 -0.026528938 0.999647611 -0.000089219 0.461284931 0.080605404 0.002228042 0.996743066 21.033306395
0.995706496 0.026275822 -0.088766794 -0.563389373 -0.026492024 0.999648376 -0.001257721 0.481173205 0.088702400 0.003603903 0.996051047 21.959121531
0.995332933 0.025687257 -0.093017584 -0.605393543 -0.025901628 0.999663897 -0.001097319 0.492494439 0.092958151 0.003501489 0.995663256 22.419986301
0.994347238 0.024650437 -0.103280668 -0.694278406 -0.024710746 0.999694514 0.000696146 0.518167544 0.103265971 0.001859941 0.994651243 23.363459675
0.993409216 0.023604462 -0.112169383 -0.799257877 -0.023498616 0.999720981 0.002266532 0.543824404 0.112191506 0.000384193 0.993685739 24.295014439
0.992897918 0.022327594 -0.116851908 -0.855312254 -0.022161594 0.999750143 0.002720252 0.556125835 0.116882904 -0.000111283 0.993145364 24.757243511
0.991919760 0.020046133 -0.125272637 -0.969202651 -0.019741301 0.999797848 0.003674904 0.581312266 0.125321491 -0.001172216 0.992115130 25.699632204
0.991074702 0.016872564 -0.132232658 -1.074594817 -0.016087537 0.999846239 0.007002656 0.610484778 0.132330382 -0.004812911 0.991193151 26.647508492
0.990623576 0.015267126 -0.135760869 -1.129135143 -0.014083753 0.999853870 0.009672883 0.626917976 0.135888801 -0.007670132 0.990694518 27.123726503
0.989512892 0.012902987 -0.143864032 -1.250501249 -0.011160084 0.999854048 0.012915471 0.656544500 0.144010101 -0.011174508 0.989512733 28.075297756
0.988370411 0.008179870 -0.151844773 -1.373947051 -0.006274791 0.999895285 0.013020913 0.680988518 0.151935560 -0.011916689 0.988318156 29.029299332
0.987773646 0.004667952 -0.155825069 -1.437707402 -0.002878730 0.999927005 0.011706280 0.690855472 0.155868255 -0.011114590 0.987714436 29.500858105
0.986198700 -0.001321046 -0.165563890 -1.574726611 0.002907580 0.999951867 0.009340790 0.711545626 0.165543936 -0.009693280 0.986154108 30.455552179
0.984861076 -0.003177830 -0.173313972 -1.715442856 0.005143775 0.999927746 0.010895275 0.738806760 0.173266522 -0.011621851 0.984806138 31.399120764
0.984061073 -0.006145779 -0.177724485 -1.791066436 0.008552349 0.999882157 0.012778372 0.754906991 0.177624755 -0.014094729 0.983997089 31.885235647
0.982359993 -0.009265955 -0.186770650 -1.955989932 0.012167670 0.999821919 0.014396174 0.783412913 0.186603859 -0.016414790 0.982297915 32.842532998
0.980356483 -0.007131631 -0.197105535 -2.136928200 0.010371524 0.999827730 0.015410093 0.811153810 0.196961426 -0.017151703 0.980260318 33.803551406
0.979460042 -0.006555891 -0.201531305 -2.234452392 0.009881086 0.999831041 0.015498323 0.824620063 0.201396199 -0.017171443 0.979359491 34.284761902
0.977535585 -0.004870831 -0.210715805 -2.435413727 0.008029972 0.999868116 0.014139801 0.848874255 0.210618497 -0.015514236 0.977444990 35.238574776
0.975780162 -0.003917126 -0.218716086 -2.636580741 0.006516385 0.999916567 0.011164322 0.870120193 0.218654036 -0.012319184 0.975724696 36.176828398
0.974903672 -0.002830944 -0.222610468 -2.741169774 0.005115557 0.999940365 0.009687281 0.881324033 0.222569647 -0.010582929 0.974858927 36.666591780
0.973278592 -0.000494945 -0.229627606 -2.952429238 0.002307945 0.999968446 0.007627069 0.904763040 0.229616646 -0.007953199 0.973248491 37.617168588
0.971689658 0.001897462 -0.236252709 -3.176790352 0.000305033 0.999956938 0.009286168 0.935400162 0.236260354 -0.009095375 0.971647262 38.583827119
0.970984320 0.003393516 -0.239118879 -3.285705839 -0.000600234 0.999930359 0.011753462 0.953352642 0.239142475 -0.011268996 0.970918761 39.063234344
0.969613538 0.004375837 -0.244603381 -3.519597102 -0.000718464 0.999886335 0.015039707 0.987133651 0.244640481 -0.014406981 0.969506315 40.025798937
0.968516847 0.004989929 -0.248895921 -3.750116004 -0.001867530 0.999916158 0.012779496 1.010915128 0.248939169 -0.011912342 0.968445171 40.968315120
0.967840780 0.003724960 -0.251538528 -3.859970162 -0.001279733 0.999950583 0.009884074 1.019812560 0.251562549 -0.009244323 0.967796057 41.448689290
0.966578183 -0.000899308 -0.256371622 -4.098298792 0.001995108 0.999990162 0.004014477 1.038062007 0.256364531 -0.004391912 0.966569904 42.400601474
0.965054390 -0.001050180 -0.262049486 -4.340197429 0.001728503 0.999995783 0.002358326 1.063542543 0.262045852 -0.002728856 0.965051369 43.356997682
0.964288420 0.000906824 -0.264851014 -4.474117445 0.000186046 0.999991008 0.004101181 1.081038325 0.264852384 -0.004004065 0.964280594 43.835319584
0.963178596 0.003838172 -0.268837295 -4.725168703 -0.000979761 0.999941351 0.010766042 1.120933846 0.268862728 -0.010106347 0.963125058 44.787380609
0.961647413 0.005215329 -0.274239727 -4.976282702 -0.001346105 0.999897248 0.014295650 1.155823950 0.274286490 -0.013378252 0.961554452 45.755172410
0.960794465 0.006768290 -0.277179973 -5.112976430 -0.003614216 0.999922551 0.011888337 1.166386409 0.277238369 -0.010420451 0.960744564 46.236735243
0.959272459 0.007142105 -0.282392623 -5.379450991 -0.005709396 0.999966452 0.005896150 1.185237322 0.282425337 -0.004043758 0.959280108 47.191405118
0.957451820 0.007872067 -0.288486722 -5.653895465 -0.006803923 0.999966131 0.004705307 1.212742799 0.288513274 -0.002542338 0.957472172 48.155940481
0.956316652 0.008173408 -0.292219249 -5.800490535 -0.006541776 0.999957119 0.006560346 1.231203820 0.292260769 -0.004362140 0.956329032 48.649704380
0.954176678 0.007346330 -0.299154609 -6.096323033 -0.004436730 0.999936144 0.010404240 1.268246336 0.299211891 -0.008600202 0.954147407 49.624698491
0.952473303 0.008259601 -0.304508749 -6.379526484 -0.005069943 0.999924065 0.011264058 1.299817803 0.304578544 -0.009184846 0.952442739 50.599970686
0.949952658 0.007811009 -0.312295935 -6.838397920 -0.004074128 0.999912393 0.012616496 1.348010226 0.312366764 -0.010712716 0.949901105 52.041342582
0.948438880 0.008129768 -0.316857444 -7.151706024 -0.003810173 0.999891590 0.014250006 1.381744696 0.316938851 -0.012308014 0.948365263 53.006034804
0.947873023 0.008058264 -0.318545378 -7.307359128 -0.003491769 0.999882862 0.014903920 1.398475654 0.318627469 -0.013014726 0.947790344 53.495035953
0.946323747 0.007408706 -0.323136180 -7.642246182 -0.002301331 0.999866268 0.016185067 1.432914768 0.323211854 -0.014572697 0.946214019 54.485999611
0.944765098 0.007150136 -0.327669387 -7.975435265 -0.002041099 0.999870949 0.015933404 1.464272287 0.327740810 -0.014384613 0.944657655 55.459086188
0.944298108 0.006760864 -0.329022907 -8.129248643 -0.001762241 0.999878229 0.015488355 1.479021409 0.329087842 -0.014045784 0.944194815 55.945810357
0.942967739 0.005956491 -0.332832650 -8.463850365 -0.001123739 0.999890879 0.014710838 1.509274770 0.332883254 -0.013497872 0.942871012 56.904843192
0.941661525 0.005049177 -0.336523300 -8.792580638 -0.000082645 0.999891037 0.014771141 1.540967424 0.336560983 -0.013881696 0.941558697 57.872510665
0.941142946 0.004759055 -0.337975352 -8.956611151 0.000367731 0.999885966 0.015103578 1.557319451 0.338008762 -0.014338856 0.941033907 58.355947012
0.940097219 0.004509451 -0.340877613 -9.282170568 0.000700975 0.999885059 0.015160515 1.588833246 0.340906912 -0.014491306 0.939984497 59.319752649
0.938755061 0.002512171 -0.344577436 -9.626379907 0.001980583 0.999917563 0.012685923 1.616785425 0.344581015 -0.012591472 0.938672087 60.290431731
0.938016664 0.002221917 -0.346584176 -9.803874384 0.002240839 0.999919693 0.012475177 1.632651007 0.346583993 -0.012478607 0.937935970 60.774490639
0.936112990 0.003118710 -0.351685155 -10.154804503 0.002122013 0.999891972 0.014515233 1.668612660 0.351692412 -0.014334164 0.936005947 61.753502750
0.935188208 0.005204275 -0.354112452 -10.506217114 0.001679599 0.999815338 0.019129950 1.709138508 0.354146434 -0.018484930 0.935007071 62.733190302
0.934872055 0.005694037 -0.354938115 -10.685546295 0.001533000 0.999797213 0.020076806 1.727135807 0.354980361 -0.019313410 0.934673896 63.219522982
0.933687076 0.005980527 -0.358040327 -11.039144699 0.001173341 0.999804112 0.019760308 1.759311650 0.358088101 -0.018870067 0.933496709 64.201708655
0.931989354 0.005880120 -0.362438845 -11.414677184 0.000303725 0.999854830 0.017002478 1.787854304 0.362485619 -0.015956248 0.931852383 65.179011329
0.931243433 0.006540026 -0.364339734 -11.598593361 -0.000993361 0.999880857 0.015409479 1.801689490 0.364396731 -0.013988080 0.931138702 65.670845024
0.930414879 0.006545154 -0.366449567 -11.961911683 -0.001735543 0.999907776 0.013452864 1.831343695 0.366504189 -0.011880761 0.930339878 66.649058022
0.929389982 0.005092367 -0.369065362 -12.329067608 -0.000345634 0.999916288 0.012926543 1.863372196 0.369099744 -0.011886250 0.929313358 67.616235358
0.929454178 0.005391270 -0.368898822 -12.500736488 -0.000750691 0.999918526 0.012722184 1.879308152 0.368936608 -0.011547725 0.929382400 68.108958204
0.928399018 0.006440291 -0.371530258 -12.878075075 -0.001489262 0.999905941 0.013611744 1.913968744 0.371582922 -0.012083816 0.928320408 69.072825689
0.927917448 0.007106241 -0.372718016 -13.247425520 -0.000822708 0.999854936 0.017015110 1.953223367 0.372785083 -0.015481986 0.927788627 70.058564530
0.927467510 0.007083850 -0.373836108 -13.434966259 -0.000173934 0.999828922 0.018514279 1.972660928 0.373902732 -0.017106452 0.927310058 70.554917110
0.926144883 0.006939387 -0.377104961 -13.826270532 0.000297657 0.999817294 0.019129563 2.007692828 0.377168851 -0.017829031 0.925972496 71.535785571
0.925289760 0.006542685 -0.379204678 -14.206927237 0.000071329 0.999848495 0.017425279 2.038135751 0.379260342 -0.016150500 0.925148921 72.503608994
0.925080066 0.007049778 -0.379705547 -14.390774803 -0.000650604 0.999855302 0.016978761 2.054019320 0.379770878 -0.015459739 0.924951157 72.995398846
0.924276639 0.007734923 -0.381644097 -14.771457459 -0.001410131 0.999857449 0.016849428 2.086819751 0.381719839 -0.015035342 0.924155693 73.947548169
0.923290974 0.006356322 -0.384048721 -15.145731287 -0.000289015 0.999874474 0.015854082 2.118133986 0.384101791 -0.014527031 0.923176588 74.907621614
0.922810043 0.005377946 -0.385218473 -15.332897822 0.000368079 0.999889983 0.014840968 2.132906802 0.385255737 -0.013837268 0.922705958 75.387677264
0.921558464 0.003623371 -0.388222738 -15.725673304 0.001927502 0.999901533 0.013907948 2.165085925 0.388234365 -0.013565257 0.921460658 76.354529411
0.920981104 0.005348841 -0.389570714 -16.115679246 0.000554189 0.999887055 0.015038799 2.200941574 0.389606539 -0.014066374 0.920873510 77.333833974
0.920336209 0.006142155 -0.391078570 -16.318051740 0.000251258 0.999867484 0.016295017 2.220127475 0.391127286 -0.015095239 0.920212409 77.816726716
0.919148096 0.007972563 -0.393832256 -16.723450913 -0.000769413 0.999829940 0.018444293 2.257937521 0.393912595 -0.016650041 0.918997503 78.783297356
0.918513883 0.012710304 -0.395182886 -17.125195403 -0.006090946 0.999819334 0.018000316 2.291044482 0.395340541 -0.014126594 0.918425631 79.745329862
0.917799499 0.013792639 -0.396804518 -17.327797339 -0.007552493 0.999822055 0.017284370 2.306512689 0.396972249 -0.012866749 0.917740373 80.212678536
0.917379028 0.013950610 -0.397770392 -17.725776363 -0.008231191 0.999836441 0.016082773 2.338223952 0.397929116 -0.011479862 0.917344063 81.170102119
0.916768441 0.015176691 -0.399131319 -18.135628656 -0.008742031 0.999800828 0.017937181 2.375868729 0.399323761 -0.012955008 0.916717370 82.142088227
0.916097700 0.015399301 -0.400659412 -18.338007844 -0.008469204 0.999782528 0.019062068 2.394854788 0.400865050 -0.014069501 0.916027950 82.624985246
0.915109158 0.013368400 -0.402983405 -18.751651709 -0.005300814 0.999762563 0.021128298 2.433115878 0.403170415 -0.017198558 0.914962731 83.601596959
0.915465921 0.011747315 -0.402223413 -19.148792958 -0.003433981 0.999765520 0.021383404 2.467737672 0.402380221 -0.018194573 0.915291969 84.573808753
0.915837121 0.010889244 -0.401402004 -19.341596813 -0.002450039 0.999764655 0.021531752 2.484928778 0.401542770 -0.018736151 0.915648367 85.060770838
0.915622436 0.012458565 -0.401846091 -19.744500737 -0.003550536 0.999730795 0.022905012 2.521358714 0.402023700 -0.019545536 0.915419881 86.024278486
0.915313259 0.013091683 -0.402530531 -20.160113003 -0.004710695 0.999751366 0.021803796 2.554627777 0.402716114 -0.018061205 0.915146145 87.018940087
0.914555188 0.011969368 -0.404283158 -20.366493947 -0.004464555 0.999799410 0.019501031 2.567955106 0.404435607 -0.016029909 0.914425759 87.506597021
0.913212159 0.007545274 -0.407415315 -20.785072214 -0.002490405 0.999913445 0.012936228 2.591682275 0.407476834 -0.010798877 0.913151478 88.488931746
0.911892463 0.007090528 -0.410367665 -21.211570191 -0.002355229 0.999924414 0.012043802 2.625562826 0.410422575 -0.010016137 0.911840644 89.481099877
0.911651400 0.008284012 -0.410880280 -21.427311262 -0.002601162 0.999892982 0.014388242 2.647110033 0.410955292 -0.012048338 0.911575728 89.964554228
0.910253872 0.011115445 -0.413902627 -21.847908698 -0.003603010 0.999814273 0.018926638 2.689562982 0.414035164 -0.015736687 0.910124398 90.933957040
0.909449309 0.014353314 -0.415566958 -22.272614501 -0.006564959 0.999774575 0.020164406 2.726306612 0.415763318 -0.015610387 0.909338318 91.892497211
0.909362679 0.015329929 -0.415722469 -22.473814842 -0.007840687 0.999775008 0.019716165 2.742549238 0.415930672 -0.014669644 0.909277877 92.373906684
0.909343662 0.015532138 -0.415756551 -22.886454569 -0.009231358 0.999810342 0.017160962 2.772851014 0.415944225 -0.011767256 0.909314000 93.349142491
0.908450910 0.015421405 -0.417707969 -23.306144591 -0.009911838 0.999832922 0.015356201 2.804456931 0.417874247 -0.009810138 0.908451363 94.317231206
0.907553722 0.014885851 -0.419671966 -23.509847545 -0.009222140 0.999837167 0.015521235 2.821859841 0.419834613 -0.010216129 0.907542923 94.801708376
0.905074066 0.013752981 -0.425031843 -23.943995963 -0.006737712 0.999815301 0.018004183 2.861228397 0.425201269 -0.013431397 0.904999303 95.771789357
0.903201352 0.010480051 -0.429089376 -24.373156895 -0.002604957 0.999817218 0.018936318 2.897746805 0.429209180 -0.015985569 0.903063453 96.735746278
0.902464204 0.007927095 -0.430691186 -24.585910520 -0.000161692 0.999836401 0.018063797 2.913639478 0.430764599 -0.016232309 0.902317966 97.215455993
0.901216177 0.004239077 -0.433348989 -25.024201264 0.002298815 0.999891061 0.014561922 2.943152619 0.433364135 -0.014119664 0.901108557 98.190386714
0.900966219 0.000818102 -0.433887278 -25.445761468 0.005456946 0.999897226 0.013216867 2.975831089 0.433853848 -0.014275669 0.900869631 99.160771870
0.899468309 0.001006658 -0.436985017 -25.673736115 0.005874847 0.999879376 0.014395853 2.995687202 0.436946309 -0.015515901 0.899353664 99.643328301
0.896675420 0.006784680 -0.442637868 -26.563640376 0.003556917 0.999739997 0.022529469 3.080543424 0.442675201 -0.021776049 0.896417460 101.578398526
0.896311379 0.008916034 -0.443335689 -26.784466998 0.002252278 0.999693302 0.024658692 3.102013092 0.443418977 -0.023100408 0.896016188 102.068039599
0.892280628 0.012052507 -0.451320902 -27.265582991 -0.000582041 0.999673485 0.025545637 3.139559341 0.451480529 -0.022531220 0.891995917 103.016480081
0.889961274 0.014815173 -0.455794520 -27.728963636 -0.004351423 0.999702569 0.023998000 3.172331589 0.456014447 -0.019373975 0.889760739 103.958998665
0.889649650 0.014450117 -0.456414357 -27.957240017 -0.005010056 0.999747646 0.021886449 3.186311714 0.456615586 -0.017184594 0.889497524 104.426057224
0.889873985 0.012168949 -0.456043739 -28.400819493 -0.004124609 0.999818233 0.018630525 3.215945899 0.456188057 -0.014697900 0.889761645 105.375923136
0.888015205 0.009400633 -0.459718832 -28.860190324 -0.002037084 0.999861712 0.016511074 3.248352896 0.459810228 -0.013725695 0.887910948 106.345058021
0.886755045 0.007688472 -0.462177006 -29.090166350 -0.000371916 0.999873334 0.015919786 3.265364656 0.462240596 -0.013945068 0.886644118 106.829994731
0.884281571 0.004127870 -0.466936498 -29.550890760 0.003964749 0.999857976 0.016347458 3.301562998 0.466937795 -0.016307043 0.884139775 107.769347452
0.880749819 0.003226495 -0.473571924 -30.023122937 0.005609154 0.999835256 0.017243949 3.338770314 0.473549508 -0.017843970 0.880586335 108.706971328
0.878910695 0.002262416 -0.476980337 -30.264684223 0.007045114 0.999818102 0.017724220 3.357609771 0.476933534 -0.018938430 0.878735523 109.174538028
0.876796401 0.000495306 -0.480861495 -30.724860544 0.008574854 0.999824593 0.016665321 3.391202372 0.480784943 -0.018735376 0.876637879 110.113173389
0.873288782 0.000717754 -0.487202820 -31.203118642 0.008140213 0.999838002 0.016064079 3.425490934 0.487134888 -0.017994563 0.873140193 111.026570653
0.870170572 0.000764533 -0.492751059 -31.458871889 0.008436272 0.999829244 0.016449337 3.444210826 0.492678601 -0.018470796 0.870014939 111.479901554
0.868721463 0.001465839 -0.495298542 -31.944761840 0.008230315 0.999814438 0.017394268 3.481410060 0.495231792 -0.019187255 0.868547863 112.386890473
0.866219901 0.001645777 -0.499660563 -32.428257797 0.008428840 0.999803976 0.017905534 3.517338467 0.499591681 -0.019721752 0.866035597 113.275190419
0.863723219 0.001628302 -0.503963975 -32.675145636 0.008647154 0.999799708 0.018050426 3.535169861 0.503892459 -0.019948496 0.863536283 113.717716478
0.860011542 0.000855415 -0.510273872 -33.173372941 0.010899766 0.999739498 0.020046411 3.573844241 0.510158382 -0.022802108 0.859778125 114.592492426
0.858400362 0.000875745 -0.512979972 -33.679299527 0.011189767 0.999728624 0.020431229 3.610283986 0.512858529 -0.023278331 0.858157714 115.476593797
0.857498224 0.001073032 -0.514485542 -33.931441446 0.010383801 0.999758010 0.019391812 3.626138711 0.514381712 -0.021970733 0.857279289 115.909723587
0.855586692 -0.001692849 -0.517657058 -34.415420385 0.011335584 0.999816012 0.015466011 3.653912300 0.517535748 -0.019100499 0.855448722 116.766950797
0.851951140 -0.002407361 -0.523616495 -34.916732198 0.011429431 0.999836370 0.013999492 3.685771373 0.523497147 -0.017911549 0.851838180 117.598094228
0.850293000 -0.001912990 -0.526304847 -35.175160449 0.012115215 0.999799640 0.015939307 3.706769407 0.526169163 -0.019929391 0.850145937 118.023221619
0.849252542 -0.001916888 -0.527983338 -35.660729950 0.014341196 0.999707935 0.019438016 3.747095852 0.527791751 -0.024079727 0.849031788 118.866875908
0.847269042 -0.002346618 -0.531159041 -36.161735523 0.017302302 0.999581564 0.023183336 3.788097704 0.530881659 -0.028832804 0.846954700 119.697823649
0.847288103 -0.002195944 -0.531129036 -36.406244276 0.017959182 0.999537860 0.024516987 3.807345519 0.530830224 -0.030311594 0.846936125 120.105979579
0.845684860 -0.000960334 -0.533681933 -36.897153717 0.018449816 0.999452874 0.027437575 3.846264216 0.533363933 -0.033049929 0.845239800 120.924601781
0.842958449 -0.000323174 -0.537978814 -37.395862022 0.018960914 0.999396388 0.029109456 3.883107523 0.537644343 -0.034738650 0.842454941 121.736922359
0.842855774 -0.000416156 -0.538139278 -37.637263510 0.019237593 0.999383825 0.029357955 3.900277979 0.537795112 -0.035097029 0.842344707 122.141257087
0.841814961 0.000686224 -0.539766430 -38.114432847 0.017563368 0.999434802 0.028662476 3.932090688 0.539481258 -0.033608669 0.841326333 122.943022461
0.840114162 0.001921050 -0.542405952 -38.609783182 0.013643243 0.999602832 0.024671941 3.958504802 0.542237325 -0.028127477 0.839754445 123.735303826
0.837874801 0.002035561 -0.545858430 -38.861675760 0.012580465 0.999654889 0.023038679 3.972231519 0.545716630 -0.026170728 0.837560367 124.120835108
0.835428986 0.002485074 -0.549593287 -39.355238427 0.009551395 0.999773197 0.019039469 3.998241922 0.549516206 -0.021155522 0.835215192 124.895182074
0.832938396 0.001110135 -0.553365756 -39.849350521 0.009588945 0.999818369 0.016439309 4.026818098 0.553283129 -0.018999125 0.832775897 125.670247256
0.832543850 -0.001717547 -0.553956585 -40.093452269 0.012578012 0.999795911 0.015803750 4.042380395 0.553816348 -0.020125070 0.832395692 126.062085296
0.830400591 -0.003890796 -0.557153237 -40.595696935 0.014804646 0.999776754 0.015083661 4.074754972 0.556969879 -0.020773946 0.830272477 126.847119905
0.828433163 -0.003773381 -0.560075995 -41.114495759 0.014870525 0.999772615 0.015260048 4.109230060 0.559891263 -0.020970612 0.828300517 127.636587369
0.827177008 -0.005430243 -0.561916057 -41.365564954 0.016619649 0.999751928 0.014803884 4.125437647 0.561696206 -0.021584267 0.827061969 128.036916059
0.824914797 -0.008224596 -0.565197227 -41.875499039 0.020018310 0.999692239 0.014669657 4.159004253 0.564902181 -0.023415563 0.824825173 128.815579108
0.823286426 -0.006651122 -0.567587570 -42.389140690 0.019340200 0.999678902 0.016338550 4.195695191 0.567297359 -0.024428544 0.823150023 129.598814082
0.822524944 -0.005290642 -0.568704508 -42.644729453 0.017879035 0.999703091 0.016558631 4.212885972 0.568447690 -0.023787788 0.822375003 129.988910017
0.821806715 -0.003275206 -0.569757552 -43.156697229 0.015263851 0.999751478 0.016269273 4.245775883 0.569562433 -0.022066921 0.821651460 130.754283308
0.819618717 -0.000786924 -0.572909239 -43.666725542 0.012611599 0.999781441 0.016669279 4.279661607 0.572770485 -0.020887757 0.819449530 131.517315886
0.817798148 -0.000999986 -0.575505025 -44.436841437 0.013964577 0.999738691 0.018106784 4.332340816 0.575336461 -0.022844431 0.817597598 132.660198386
0.816353586 -0.001233693 -0.577550495 -44.950045626 0.014471621 0.999727472 0.018319723 4.366255517 0.577370250 -0.023313496 0.816148618 133.427096008
0.814789684 0.000080373 -0.579756633 -45.217932070 0.012886072 0.999750336 0.018248774 4.382973613 0.579612713 -0.022339695 0.814585492 133.800644305
0.812915443 -0.000907100 -0.582380550 -45.737012394 0.013672993 0.999753119 0.017528370 4.415309131 0.582220442 -0.022211984 0.812726655 134.558910283
0.810577097 -0.001072096 -0.585631389 -46.277827659 0.014199861 0.999739834 0.017823941 4.449956765 0.585460328 -0.022763595 0.810381096 135.312166010
0.808758123 0.000522019 -0.588140691 -46.549445765 0.013188604 0.999732384 0.019023070 4.469079761 0.587992781 -0.023141913 0.808534141 135.690301629
0.806076292 0.000510322 -0.591811379 -47.088259316 0.014811349 0.999668544 0.021035866 4.506581741 0.591626159 -0.025722052 0.805801325 136.441176864
0.804826723 -0.001708543 -0.593507489 -47.610026176 0.016634804 0.999668026 0.019679907 4.537718776 0.593276464 -0.025711786 0.804587723 137.186937385
0.803736757 -0.000502772 -0.594984772 -47.886337555 0.014294792 0.999727299 0.018465561 4.552639062 0.594812644 -0.023346661 0.803524848 137.554951248
0.802128606 -0.002751816 -0.597144521 -48.410862911 0.014806690 0.999773657 0.015282156 4.580429311 0.596966829 -0.021100040 0.801987584 138.288252295
0.800329407 -0.003628930 -0.599549780 -48.941536192 0.016126187 0.999750594 0.015475405 4.614362709 0.599343915 -0.022053927 0.800187197 139.029153183
0.798826882 -0.003010163 -0.601553036 -49.203682231 0.015785275 0.999747808 0.015959247 4.631740083 0.601353068 -0.022244432 0.798672877 139.395729172
0.797731568 -0.001488015 -0.603011591 -49.742039912 0.014643337 0.999749343 0.016904868 4.667015392 0.602835460 -0.022315591 0.797553411 140.130255293
0.795502409 -0.002757361 -0.605944260 -50.280450474 0.016327483 0.999724190 0.016886007 4.700711947 0.605730188 -0.023326367 0.795327787 140.864815204
0.794429991 -0.002855330 -0.607348846 -50.550345507 0.016535688 0.999719919 0.016929287 4.717502755 0.607130520 -0.023492180 0.794254031 141.225057703
0.791561555 -0.000135825 -0.611089394 -51.096324666 0.015403211 0.999686979 0.019730037 4.755998490 0.610895110 -0.025030271 0.791315267 141.953168847
0.788619770 0.001622910 -0.614878774 -51.642234209 0.016416316 0.999584859 0.023693362 4.796572584 0.614661319 -0.028779110 0.788265312 142.681235507
0.787253175 0.001825703 -0.616627116 -51.912039546 0.017487182 0.999527175 0.025285545 4.816041277 0.616381178 -0.030689225 0.786849110 143.041420689
0.783944640 0.000961440 -0.620829901 -52.459670981 0.017293459 0.999576793 0.023385141 4.846278505 0.620589201 -0.029068932 0.783596303 143.755631223
0.779557449 -0.002398908 -0.626325680 -53.021623386 0.016781059 0.999713888 0.017057586 4.869412314 0.626105166 -0.023807789 0.779374114 144.471379079
0.777288687 -0.003009503 -0.629136978 -53.313402632 0.016422919 0.999744747 0.015507856 4.884058757 0.628929801 -0.022386427 0.777139146 144.826706712
0.772521732 -0.001410348 -0.634987546 -53.890378773 0.015514980 0.999741127 0.016654998 4.920178252 0.634799409 -0.022718194 0.772342983 145.529484533
0.767490886 0.000587550 -0.641059636 -54.473510201 0.016785351 0.999638019 0.021012129 4.962221067 0.640840119 -0.026887075 0.767202782 146.239866902
0.765327799 0.001637229 -0.643639401 -54.765052488 0.017686570 0.999565550 0.023573252 4.983941923 0.643398302 -0.029425070 0.764965934 146.595043115
0.760955988 0.001496803 -0.648801739 -55.341850574 0.021640773 0.999382533 0.027687375 5.025377219 0.648441730 -0.035109506 0.760453778 147.297707158
0.755902029 0.002528890 -0.654680263 -55.926546925 0.021675397 0.999347358 0.028886965 5.061769468 0.654325985 -0.036026142 0.755353717 147.994133096
0.753198416 0.002509063 -0.657789197 -56.233726766 0.021320680 0.999373921 0.028225223 5.078150482 0.657448279 -0.035283716 0.752672990 148.336731510
0.747186379 -0.000222725 -0.664614918 -56.834190530 0.021569374 0.999481307 0.023914204 5.105325951 0.664264645 -0.032203722 0.746803195 149.020662630
0.741169905 -0.000908050 -0.671317369 -57.429714514 0.018762562 0.999636799 0.019362747 5.131359293 0.671055625 -0.026946661 0.740916889 149.682809492
0.738658013 -0.000876420 -0.674080239 -57.730613223 0.017300526 0.999694722 0.017658248 5.145574018 0.673858617 -0.024705287 0.738446986 150.017722945
0.732811570 0.000471067 -0.680431662 -58.346348392 0.014674410 0.999755956 0.016496217 5.178341012 0.680272933 -0.022073579 0.732626156 150.688842292
0.726858135 0.005909977 -0.686762264 -58.963182932 0.011085846 0.999732028 0.020336285 5.219356462 0.686698004 -0.022395026 0.726597217 151.345707717
0.723587733 0.008010194 -0.690186413 -59.277927353 0.010372373 0.999693727 0.022476683 5.240656561 0.690154934 -0.023422699 0.723282408 151.681854798
0.717967977 0.011135578 -0.695987629 -59.921601952 0.008399160 0.999660378 0.024658691 5.280190153 0.696025674 -0.023549876 0.717630657 152.355599881
0.712428483 0.009545922 -0.701680085 -60.560582766 0.008482947 0.999717526 0.022213474 5.311237417 0.701693650 -0.021777779 0.712145592 153.007717899
0.709500141 0.008477387 -0.704654603 -60.883225787 0.009203256 0.999731249 0.021293856 5.327484478 0.704645542 -0.021593117 0.709230472 153.337627089
0.704832955 0.010761045 -0.709292158 -61.521901030 0.009063326 0.999666700 0.024172973 5.367654536 0.709315472 -0.023466532 0.704500032 153.989549845
0.698981628 0.012793807 -0.715024888 -62.174617109 0.009824278 0.999573296 0.027489169 5.409084571 0.715071999 -0.026239082 0.698557715 154.642830915
0.696681867 0.012950113 -0.717263054 -62.504892653 0.010429263 0.999548401 0.028176781 5.428222319 0.717304041 -0.027110847 0.696232008 154.966332187
0.691743861 0.012291060 -0.722038281 -63.171907613 0.010872022 0.999564576 0.027431236 5.463208414 0.722061193 -0.026825382 0.691309429 155.621136465
0.686785214 0.013614304 -0.726732692 -63.827572136 0.009410251 0.999574081 0.027618651 5.498753037 0.726798724 -0.025806776 0.686364848 156.246388757
0.684836291 0.015135172 -0.728539977 -64.159206769 0.008501892 0.999550423 0.028757301 5.518385365 0.728647025 -0.025888047 0.684399337 156.555802068
0.681299994 0.017770018 -0.731788857 -64.821099542 0.007103013 0.999497689 0.030883783 5.557675030 0.731970050 -0.026239029 0.680831608 157.188705530
0.678371093 0.020251649 -0.734440379 -65.511209537 0.004305957 0.999493608 0.031537616 5.595437843 0.734706486 -0.024556737 0.677940292 157.824412238
0.677370420 0.021478965 -0.735328014 -65.842863582 0.003386156 0.999472328 0.032313884 5.614490629 0.735633829 -0.024378419 0.676940489 158.133837953
0.673529454 0.023464563 -0.738788757 -66.493518709 0.001801763 0.999440845 0.033385769 5.650971483 0.739158603 -0.023817431 0.673109257 158.737261502
0.670089415 0.025907067 -0.741828411 -67.139224683 -0.000652233 0.999411049 0.034313588 5.686589988 0.742279498 -0.022509359 0.669711075 159.318894805
0.669094232 0.026895436 -0.742691313 -67.472312118 -0.002167881 0.999410851 0.034239179 5.703919105 0.743174454 -0.021299186 0.668757644 159.614280039
0.667838761 0.028397713 -0.743763842 -68.116757737 -0.005751198 0.999439324 0.032995566 5.736095358 0.744283111 -0.017758236 0.667627130 160.210064394
0.667525184 0.026928319 -0.744100118 -68.754949668 -0.006627448 0.999521309 0.030226380 5.765285970 0.744557938 -0.015245402 0.667384174 160.798181324
0.667381438 0.025721198 -0.744272189 -69.067752621 -0.007288079 0.999581035 0.028009318 5.778069706 0.744680687 -0.013268587 0.667289173 161.084547235
0.667356835 0.025331221 -0.744306855 -69.679195864 -0.009815472 0.999633189 0.025220210 5.806014330 0.744672736 -0.009525157 0.667360857 161.655842894
0.666105849 0.025340230 -0.745426107 -70.298281001 -0.011286833 0.999651124 0.023896636 5.836569863 0.745771131 -0.007504201 0.666159639 162.220736624
0.666039857 0.024454788 -0.745515676 -70.598292429 -0.010308038 0.999668695 0.023582577 5.851865614 0.745845174 -0.008022151 0.666070384 162.491586110
0.664967196 0.025245601 -0.746446081 -71.203132236 -0.009445555 0.999632412 0.025394231 5.887266349 0.746812701 -0.009835729 0.664961524 163.054990851
0.665646417 0.025240126 -0.745840430 -71.766831764 -0.001084479 0.999459384 0.032855076 5.930632851 0.746266166 -0.021061025 0.665314029 163.599991872
0.666141114 0.030393068 -0.745206224 -72.052357220 -0.001093685 0.999207922 0.039774879 5.957958131 0.745824690 -0.025680687 0.665646518 163.869198598
0.665884155 0.038723629 -0.745050128 -72.618643059 -0.001869503 0.998735304 0.050237974 6.006250683 0.746053044 -0.032059851 0.665114085 164.385939433
0.666710860 0.039234057 -0.744283537 -73.157318467 -0.001006428 0.998660063 0.051741680 6.037954395 0.745315814 -0.033747733 0.665856393 164.900264766
