1.000000000 0.000000000 0.000000000 0.000000000 0.000000000 1.000000000 0.000000000 -0.000000000 0.000000000 0.000000000 1.000000000 0.000000000
0.999987936 0.000546737 -0.004792274 -0.000134243 -0.000548404 0.999999618 -0.000346715 0.000643170 0.004792354 0.000349361 0.999988608 0.111802949
0.999974520 0.000829602 -0.007015770 -0.009154104 -0.000832240 0.999999347 -0.000372604 0.001285002 0.007015993 0.000378392 0.999974575 0.174398706
0.999934861 0.001082555 -0.011332543 -0.013799682 -0.001084470 0.999999497 -0.000163398 0.003214029 0.011332787 0.000175689 0.999935313 0.317488975
0.999877425 0.001629839 -0.015553077 -0.018470648 -0.001639509 0.999998314 -0.000609187 0.004267750 0.015553138 0.000634602 0.999878289 0.482950819
0.999846054 0.001603467 -0.017461249 -0.023033791 -0.001620325 0.999998048 -0.000951229 0.004512955 0.017460372 0.000979395 0.999846629 0.558973520
0.999779752 0.001291623 -0.020933495 -0.032188288 -0.001316022 0.999998779 -0.001151723 0.006067940 0.020932469 0.001179012 0.999779775 0.733369272
0.999703586 0.001762658 -0.024272707 -0.036886548 -0.001799313 0.999997322 -0.001488430 0.007556277 0.024270054 0.001531665 0.999703838 0.921188358
0.999664169 0.002349628 -0.025820546 -0.041476185 -0.002403231 0.999995468 -0.002045353 0.007686130 0.025816016 0.002106692 0.999663783 1.019574319
0.999597602 0.003602801 -0.028128340 -0.059592946 -0.003708421 0.999985903 -0.003705038 0.006943843 0.028115167 0.003807844 0.999597307 1.211873994
0.999558594 0.004219205 -0.029409789 -0.059832714 -0.004370221 0.999978015 -0.005072250 0.006815626 0.029388946 0.005198475 0.999554811 1.413133374
0.999548115 0.004352597 -0.029752783 -0.064422947 -0.004514628 0.999975640 -0.005380202 0.007355454 0.029728627 0.005512089 0.999542559 1.511514849
0.999545864 0.003836340 -0.029893532 -0.069175096 -0.004010341 0.999974929 -0.005763898 0.009233051 0.029871144 0.005881251 0.999536300 1.744053670
0.999564606 0.003329301 -0.029304678 -0.073954641 -0.003506410 0.999975533 -0.005995084 0.011615259 0.029284688 0.006095262 0.999552064 1.998948967
0.999567032 0.003671790 -0.029192458 -0.074116789 -0.003847843 0.999974933 -0.005976581 0.013113018 0.029170802 0.006086246 0.999555575 2.133104562
0.999596441 0.005046840 -0.027966947 -0.078924398 -0.005210998 0.999969365 -0.005799587 0.016459809 0.027937503 0.005943018 0.999592241 2.410351301
0.999721531 0.005689961 -0.022901237 -0.074922802 -0.005869856 0.999952037 -0.007797491 0.017352012 0.022856159 0.007929689 0.999706541 2.803918099
0.999825194 0.005755932 -0.017794864 -0.070760717 -0.005919324 0.999940585 -0.009146925 0.017886387 0.017742182 0.009250595 0.999799931 3.063316828
0.999917168 0.006217607 -0.011281323 -0.057691683 -0.006313945 0.999944090 -0.008525122 0.022087234 0.011228526 0.008595595 0.999899842 3.349520646
0.999950253 0.006178244 -0.007809987 -0.053400691 -0.006235952 0.999953260 -0.007379842 0.025648215 0.007763835 0.007428238 0.999942047 3.497076269
0.999973186 0.007298513 0.000765651 -0.031401268 -0.007295889 0.999967328 -0.003361254 0.035730758 -0.000789199 0.003355587 0.999994318 3.787698939
0.999915592 0.007793753 0.010379837 -0.018368500 -0.007804213 0.999968890 0.000964769 0.046535845 -0.010371651 -0.001045717 0.999945641 4.096192488
0.999857066 0.007645725 0.015094398 -0.000656012 -0.007679978 0.999968603 0.002216177 0.050267576 -0.015075368 -0.002331772 0.999883085 4.239290062
0.999676291 0.007293518 0.024392885 0.025806701 -0.007375677 0.999967780 0.003278069 0.055433766 -0.024367656 -0.003456945 0.999697103 4.543389134
0.999376987 0.006785965 0.034632926 0.052299544 -0.006897479 0.999971352 0.003100237 0.058215460 -0.034610587 -0.003337209 0.999395229 4.825152300
0.999177886 0.006622259 0.039986743 0.070015115 -0.006752252 0.999972592 0.003117462 0.059827320 -0.039964544 -0.003384891 0.999194888 4.968273071
0.998190868 0.005496288 0.059876323 0.145354940 -0.005826588 0.999968816 0.005343113 0.069893247 -0.059844976 -0.005682317 0.998191421 5.531777167
0.997872117 0.005643342 0.064951513 0.163068708 -0.006050701 0.999963556 0.006076698 0.072745032 -0.064915065 -0.006456783 0.997869753 5.674884370
0.997157803 0.006696313 0.075040730 0.207463655 -0.007235821 0.999950292 0.006919985 0.077206089 -0.074990026 -0.007443308 0.997156245 5.943233587
0.996404892 0.006123999 0.084491900 0.242922979 -0.006696134 0.999956958 0.006489773 0.079385231 -0.084447482 -0.007032220 0.996403123 6.207124562
0.996026971 0.005911000 0.088859946 0.265122459 -0.006480042 0.999960631 0.006116712 0.080235844 -0.088818949 -0.006668220 0.996025622 6.341314270
0.995222590 0.005106667 0.097499086 0.314004428 -0.005654871 0.999970164 0.005347126 0.081795784 -0.097468296 -0.005872929 0.995221116 6.600755840
0.994259479 0.003656467 0.106928546 0.353946613 -0.004209963 0.999978527 0.004951105 0.083933635 -0.106907286 -0.005372854 0.994254260 6.855707874
0.993758548 0.003555186 0.111498072 0.385084321 -0.004118737 0.999979684 0.004824534 0.085276271 -0.111477900 -0.005253665 0.993752656 6.994375411
0.992773482 0.003144562 0.119966076 0.433991649 -0.003736736 0.999982486 0.004711570 0.087731515 -0.119948193 -0.005125807 0.992767230 7.231445186
0.991762437 0.003011408 0.128053898 0.482898817 -0.003637137 0.999982791 0.004652885 0.090296752 -0.128037062 -0.005080313 0.991756152 7.468513758
0.991287335 0.003028312 0.131680977 0.496186375 -0.003627597 0.999984413 0.004311402 0.090900684 -0.131665309 -0.004751526 0.991283042 7.575860956
0.990144244 0.003100364 0.140015023 0.545123804 -0.003550171 0.999988969 0.002962933 0.090991430 -0.140003655 -0.003430809 0.990144597 7.790594608
0.989054376 0.002566314 0.147525697 0.594059720 -0.002925557 0.999993005 0.002218127 0.092122113 -0.147518740 -0.002625451 0.989055799 8.005316880
0.988543646 0.001670578 0.150926033 0.620768978 -0.001981885 0.999996472 0.001912288 0.092756803 -0.150921555 -0.002189506 0.988543563 8.108207561
0.987481177 0.000546586 0.157734987 0.669731127 -0.000789722 0.999998454 0.001478767 0.094182826 -0.157733939 -0.001584830 0.987480029 8.300564604
0.986228180 -0.000940966 0.165387266 0.718693449 0.000790373 0.999999525 0.000976387 0.095488856 -0.165387585 -0.000832257 0.986228191 8.492922960
0.985602023 -0.001782775 0.169070777 0.740946703 0.001688389 0.999997960 0.000701994 0.096030204 -0.169070460 -0.000406470 0.985603695 8.582392058
0.984258753 -0.002913077 0.176711420 0.798847675 0.002909790 0.999995399 0.000277704 0.097538276 -0.176710899 0.000240856 0.984262434 8.779231415
0.982939977 -0.003858877 0.183884110 0.852290954 0.003821970 0.999993107 0.000555168 0.100112936 -0.183885031 0.000157088 0.982947815 8.962636497
0.982263603 -0.004077965 0.187458192 0.874544339 0.004108050 0.999992045 0.000227954 0.100564289 -0.187457064 0.000546189 0.982272332 9.052106579
0.980919665 -0.003637118 0.194377828 0.923536326 0.003974245 0.999991592 -0.001344413 0.099805803 -0.194370223 0.002091245 0.980925766 9.222125528
0.979626817 -0.002449327 0.200812448 0.963616172 0.003072937 0.999991136 -0.002793770 0.098950628 -0.200803531 0.003353981 0.979625570 9.365300327
0.978865747 -0.001632650 0.204495057 0.981413974 0.002348031 0.999991750 -0.003255690 0.099018657 -0.204487149 0.003667131 0.978862691 9.441351999
0.975413791 -0.000242390 0.220381915 1.079419235 0.001177846 0.999991388 -0.004113267 0.101196818 -0.220377923 0.004271767 0.975405486 9.758987466
0.974422616 -0.000424847 0.224721053 1.106155438 0.001450981 0.999988872 -0.004401034 0.101636879 -0.224716318 0.004614478 0.974412955 9.839518280
0.969730438 -0.001408410 0.244175024 1.226549854 0.002928674 0.999978987 -0.005863152 0.102573288 -0.244160474 0.006400776 0.969713508 10.134832370
0.968384853 -0.001179544 0.249457858 1.253286973 0.002897552 0.999974275 -0.006519882 0.102383387 -0.249443225 0.007036508 0.968363443 10.215370076
0.965288422 -0.001139340 0.261182768 1.324665207 0.003222596 0.999966274 -0.007548156 0.102383027 -0.261164650 0.008127862 0.965259525 10.363045764
0.961722196 -0.001284235 0.274024026 1.396015652 0.003690191 0.999959164 -0.008264709 0.103157262 -0.274001384 0.008959565 0.961687521 10.533074974
0.959761017 -0.001505470 0.280813963 1.436174049 0.004120080 0.999954048 -0.008720658 0.103288101 -0.280786837 0.009526746 0.959723020 10.609152990
0.955519025 -0.001991904 0.294921754 1.516490524 0.005020262 0.999941744 -0.009511587 0.103769766 -0.294885420 0.010569043 0.955473555 10.761306616
0.950575404 -0.002087686 0.310485101 1.601262786 0.005545849 0.999932470 -0.010255670 0.104494764 -0.310441888 0.011470710 0.950522723 10.926880183
0.947934419 -0.002085370 0.318459857 1.641420790 0.005748882 0.999927569 -0.010564332 0.104895587 -0.318413998 0.011845031 0.947877789 11.002955246
0.942213303 -0.001654317 0.335010007 1.735131497 0.005719948 0.999921504 -0.011149691 0.105962618 -0.334964475 0.012421637 0.942148214 11.173008283
0.935701219 -0.000776950 0.352791844 1.842264747 0.005371052 0.999912901 -0.012043370 0.106480443 -0.352750816 0.013163825 0.935624283 11.338611149
0.932091994 -0.000429060 0.362222058 1.886878582 0.005250450 0.999909893 -0.012326311 0.107094600 -0.362183033 0.013391029 0.932010763 11.428106482
0.924152034 0.000487730 0.382024689 1.994010174 0.004664945 0.999910223 -0.012561447 0.108752356 -0.381995406 0.013390792 0.924067000 11.593696874
0.915041536 0.001462846 0.403356439 2.119018758 0.003921405 0.999913805 -0.012522297 0.111024181 -0.403339711 0.013040177 0.914957470 11.768246972
0.910026902 0.001958570 0.414544213 2.190448583 0.003581308 0.999914410 -0.012586009 0.112214466 -0.414532907 0.012938173 0.909942025 11.871185636
0.899504755 0.002775147 0.436901520 2.324397067 0.003221471 0.999910218 -0.012983695 0.113828386 -0.436897905 0.013086303 0.899415842 12.050226145
0.887865676 0.003322379 0.460090359 2.480677181 0.002783451 0.999917167 -0.012591936 0.117089661 -0.460093030 0.012460528 0.887782709 12.251637657
0.881180615 0.003593581 0.472766041 2.561044782 0.002486838 0.999922059 -0.012235759 0.119081951 -0.472772218 0.011957568 0.881103864 12.359050758
0.867494778 0.003813852 0.497432269 2.735201873 0.002235459 0.999930483 -0.011565003 0.122967296 -0.497441045 0.011144524 0.867426471 12.569421865
0.852877929 0.004230105 0.522092961 2.913842714 0.001920541 0.999935001 -0.011239001 0.126201387 -0.522106276 0.010588119 0.852814531 12.770860706
0.845508709 0.004613818 0.533941435 3.012115386 0.001508474 0.999938555 -0.011029246 0.127833165 -0.533959422 0.010130748 0.845449326 12.864882178
0.828961077 0.004611533 0.559287086 3.208633480 0.001548532 0.999943781 -0.010540159 0.131501337 -0.559303521 0.009603392 0.828907035 13.075282693
0.811325975 0.005758753 0.584565128 3.418572547 -0.000085487 0.999952222 -0.009732230 0.135700237 -0.584593051 0.007846047 0.811288244 13.281221221
0.801979807 0.006640123 0.597314114 3.530240193 -0.001109602 0.999952873 -0.009626358 0.137407412 -0.597349789 0.007057323 0.801950249 13.393147685
0.783826096 0.006968970 0.620940384 3.749147442 -0.001154530 0.999952040 -0.009765338 0.139833833 -0.620977943 0.006937422 0.783796871 13.581226822
0.764823324 0.006535716 0.644207745 3.976992904 -0.000413479 0.999953376 -0.009653968 0.142762276 -0.644240041 0.007117166 0.764789668 13.773783678
0.755311131 0.006220805 0.655336243 4.097626420 0.000053602 0.999954385 -0.009553867 0.144286875 -0.655365660 0.007251215 0.755276695 13.867833355
0.713947115 0.007242595 0.700161946 4.615918203 -0.000216985 0.999948942 -0.010122409 0.149043565 -0.700198929 0.007074910 0.713912787 14.261979594
0.703526855 0.008188316 0.710621379 4.736552838 -0.001047159 0.999944478 -0.010485497 0.149798210 -0.710666979 0.006632664 0.703496175 14.356037696
0.683043091 0.010339716 0.730304362 5.000182370 -0.003322178 0.999933070 -0.011049915 0.151600297 -0.730369588 0.005121390 0.683032686 14.544177728
0.661576765 0.011555626 0.749788776 5.286172004 -0.004526305 0.999924311 -0.011416840 0.153805173 -0.749863271 0.004159367 0.661579290 14.732340385
0.651214138 0.011834637 0.758801681 5.429165490 -0.005282031 0.999925174 -0.011062166 0.155822555 -0.758874508 0.003195829 0.651228660 14.826411701
0.629243686 0.011386257 0.777125091 5.737510149 -0.006764862 0.999935190 -0.009173266 0.161920008 -0.777178327 0.000515061 0.629279577 15.014558795
0.605751612 0.011063135 0.795577109 6.050339576 -0.007697739 0.999938391 -0.008043877 0.166666249 -0.795616571 -0.001251544 0.605799557 15.193781281
0.593587615 0.011183308 0.804690927 6.211238366 -0.008073231 0.999935756 -0.007941459 0.168163130 -0.804728514 -0.001782504 0.593640484 15.274462720
0.568891757 0.011866929 0.822326464 6.546433755 -0.007901776 0.999928950 -0.008963387 0.169282406 -0.822374368 -0.001398649 0.568945052 15.453751926
0.542838713 0.012460432 0.839744770 6.908472399 -0.007677613 0.999922220 -0.009874078 0.170563192 -0.839801949 -0.001087178 0.542892107 15.624127004
0.529703172 0.012235694 0.848094428 7.091732395 -0.007076241 0.999925121 -0.010006438 0.171702908 -0.848152520 -0.000700851 0.529750392 15.704839383
0.501773349 0.010196796 0.864939035 7.471672140 -0.003979832 0.999947207 -0.009479673 0.175353017 -0.864990028 0.001314312 0.501787589 15.861792961
0.473636386 0.009494350 0.880668979 7.847157116 -0.002524117 0.999952315 -0.009422900 0.178059835 -0.880716468 0.002240071 0.473638055 16.005334257
0.458796825 0.010626790 0.888477584 8.039385600 -0.002567538 0.999939874 -0.010634105 0.177217083 -0.888536760 0.002597696 0.458797153 16.068189544
0.428671891 0.013612328 0.903357496 8.414904835 -0.003283869 0.999903693 -0.013508825 0.174699578 -0.903453622 0.002824347 0.428675563 16.189426009
0.398051902 0.014709275 0.917245226 8.808325303 -0.002391192 0.999884703 -0.014996811 0.174461399 -0.917359809 0.003776204 0.398041523 16.297241960
0.383439011 0.014254367 0.923456214 9.013972535 -0.001079874 0.999887684 -0.014985757 0.175679283 -0.923565441 0.004748907 0.383411441 16.355618517
0.354370691 0.012714780 0.935018441 9.416353302 0.001658333 0.999897610 -0.014225575 0.179088295 -0.935103468 0.006591733 0.354313994 16.445515773
0.324459159 0.010555795 0.945841104 9.845546802 0.002229872 0.999926757 -0.011924273 0.185313297 -0.945896651 0.005978025 0.324412363 16.548831852
0.308898435 0.010127500 0.951040658 10.051219583 0.002115490 0.999934050 -0.011335273 0.187296493 -0.951091915 0.005513335 0.308857624 16.584838038
0.279720127 0.009803078 0.960031175 10.484926976 0.001362357 0.999943030 -0.010607489 0.190475745 -0.960080755 0.004275062 0.279691052 16.656886055
0.251260843 0.008292435 0.967883467 10.923114846 0.001262711 0.999959884 -0.008895056 0.195253606 -0.967917970 0.003457078 0.251241332 16.719977186
0.237279828 0.006732772 0.971417706 11.151146332 0.002429935 0.999969151 -0.007524151 0.198599532 -0.971437908 0.004145756 0.237256574 16.755995492
0.209189893 0.004874354 0.977863249 11.611722790 0.005784547 0.999964221 -0.006222011 0.202525617 -0.977857595 0.006958102 0.209154913 16.796760978
0.181577898 0.004660273 0.983365341 12.081240267 0.005436754 0.999968683 -0.005742828 0.205023843 -0.983360947 0.006389084 0.181547265 16.842025300
0.167835813 0.005045008 0.985802098 12.318241898 0.005643816 0.999965374 -0.006078346 0.205247372 -0.985798055 0.006583866 0.167802575 16.860198988
0.140436579 0.006929075 0.990065324 12.810152602 0.005898121 0.999952008 -0.007834850 0.203704016 -0.990072012 0.006939789 0.140389631 16.883172569
0.116078522 0.008255730 0.993205936 13.293122941 0.005464980 0.999944761 -0.008950417 0.203138547 -0.993224273 0.006466771 0.116027442 16.901652238
0.104928154 0.007448207 0.994451904 13.543571196 0.008871769 0.999925035 -0.008425318 0.204588119 -0.994440087 0.009706582 0.104855159 16.892994332
0.083204359 0.005205624 0.996518847 14.048921485 0.015892101 0.999852807 -0.006549967 0.209110513 -0.996405466 0.016381739 0.083110192 16.889083361
0.066260002 0.007679284 0.997773151 14.549799047 0.012593951 0.999884840 -0.008531837 0.206704622 -0.997722195 0.013131196 0.066155691 16.894187596
0.058387944 0.010422015 0.998239358 14.795772336 0.011306476 0.999874736 -0.011100372 0.202765816 -0.998229269 0.011934720 0.058263278 16.894528044
0.044915319 0.014509971 0.998884819 15.310076209 0.007832178 0.999859007 -0.014876315 0.197220876 -0.998959803 0.008491654 0.044796468 16.895210447
0.033067203 0.015427683 0.999334183 15.806494756 0.004611075 0.999867488 -0.015588464 0.196791516 -0.999442031 0.005123509 0.032992284 16.886870449
0.018314315 0.019184386 0.999647672 16.566792333 0.009282307 0.999769294 -0.019356728 0.191602867 -0.999789156 0.009633571 0.018132728 16.865484304
0.008449628 0.018324603 0.999796620 17.112410936 0.008200148 0.999797043 -0.018393955 0.194007670 -0.999930570 0.008353880 0.008298735 16.848227964
0.003455923 0.016454236 0.999858762 17.376277836 0.007389641 0.999837387 -0.016479470 0.197587873 -0.999966649 0.007445560 0.003334067 16.835090562
-0.005567964 0.013952746 0.999887622 17.926375461 0.004952307 0.999890618 -0.013925216 0.202591223 -0.999972359 0.004874274 -0.005635525 16.808866395
-0.012269754 0.011944836 0.999853261 18.494352202 0.002360957 0.999926596 -0.011916725 0.206748733 -0.999921697 0.002214432 -0.012296380 16.791617907
-0.015251487 0.011239161 0.999820444 18.767160980 0.001825019 0.999935435 -0.011212569 0.208311113 -0.999882317 0.001653672 -0.015270223 16.782985798
-0.021976662 0.010578213 0.999702227 19.344106746 0.003219837 0.999940073 -0.010509932 0.210116178 -0.999753199 0.002987924 -0.022009024 16.747884266
-0.027537151 0.010465563 0.999566408 19.916570916 0.004812224 0.999934733 -0.010336836 0.211092587 -0.999609180 0.004525514 -0.027585489 16.721731195
-0.030333472 0.010231114 0.999487055 20.207285433 0.005885173 0.999931898 -0.010057037 0.211834483 -0.999522329 0.005577126 -0.030391503 16.699712491
-0.034861080 0.008780778 0.999353371 20.770807405 0.007287794 0.999937202 -0.008531694 0.215048702 -0.999365146 0.006985706 -0.034922352 16.669051720
-0.037201211 0.008047075 0.999275374 21.370113622 0.008940655 0.999930312 -0.007719515 0.217016572 -0.999267987 0.008647019 -0.037269953 16.633975439
-0.036963793 0.008172162 0.999283300 21.669768040 0.009588509 0.999923556 -0.007822712 0.217100561 -0.999270763 0.009292479 -0.037038933 16.616447146
-0.037177815 0.008158954 0.999275488 22.264593445 0.009451067 0.999925019 -0.007812574 0.217699808 -0.999263703 0.009153713 -0.037251045 16.590325234
-0.037748821 0.007775852 0.999257277 22.886261523 0.009072903 0.999931432 -0.007438374 0.218860541 -0.999246392 0.008785413 -0.037815554 16.555284816
-0.038201520 0.007626267 0.999240593 23.203793005 0.009138450 0.999931957 -0.007282135 0.219508604 -0.999227978 0.008853252 -0.038268549 16.546716775
-0.037744533 0.007567738 0.999258343 23.847822639 0.008289389 0.999939637 -0.007259711 0.220072187 -0.999253021 0.008009244 -0.037804537 16.511709924
-0.037443313 0.007929648 0.999267081 24.514214017 0.006921805 0.999947065 -0.007675716 0.219908628 -0.999274815 0.006629326 -0.037494957 16.476738060
-0.037670984 0.008724415 0.999252383 24.845169555 0.007850095 0.999934037 -0.008434404 0.218967548 -0.999259754 0.007526476 -0.037736235 16.463731228
-0.037453859 0.012055823 0.999226084 25.493690151 0.010426237 0.999877735 -0.011672808 0.213920178 -0.999244294 0.009981014 -0.037574267 16.419846382
-0.039362399 0.016955670 0.999080867 26.473168583 0.009948689 0.999813263 -0.016576146 0.206351825 -0.999175185 0.009286986 -0.039523540 16.362971991
-0.039808379 0.019722543 0.999012663 27.139565997 0.007889801 0.999780452 -0.019423239 0.202038518 -0.999176455 0.007108836 -0.039954920 16.328045536
-0.040864696 0.018352101 0.998995730 27.801496717 0.009365566 0.999794008 -0.017983712 0.204981423 -0.999120530 0.008621227 -0.041027519 16.279617076
-0.040959060 0.017137525 0.999014133 28.145869025 0.010270924 0.999807685 -0.016730089 0.207460894 -0.999107740 0.009575612 -0.041126188 16.262116633
-0.040866815 0.014840921 0.999054417 28.830158204 0.011099568 0.999834468 -0.014398477 0.211936520 -0.999102383 0.010500612 -0.041024633 16.213698433
-0.042374619 0.012913490 0.999018477 29.523387253 0.010609976 0.999865966 -0.012474415 0.215774237 -0.999044733 0.010070957 -0.042505520 16.169770425
-0.041729014 0.011814884 0.999058582 29.876698893 0.010446385 0.999880169 -0.011388280 0.217985779 -0.999073917 0.009961286 -0.041846494 16.156756127
-0.042559507 0.010627034 0.999037677 30.574412680 0.010429254 0.999893706 -0.010191789 0.220492284 -0.999039401 0.009985418 -0.042664643 16.103903293
-0.042142104 0.010305294 0.999058642 31.285523520 0.010038701 0.999901159 -0.009890493 0.221644274 -0.999061011 0.009612530 -0.042239904 16.068971097
-0.042710427 0.010291575 0.999034700 31.643320713 0.009960326 0.999901225 -0.009874744 0.221964637 -0.999037584 0.009529013 -0.042808101 16.047038101
-0.043371520 0.010879428 0.998999196 32.376821275 0.010615992 0.999888907 -0.010428197 0.221484898 -0.999002175 0.010152999 -0.043481447 15.989788795
-0.044523768 0.011890672 0.998937152 33.105839876 0.011633054 0.999867889 -0.011383200 0.220426488 -0.998940453 0.011113827 -0.044656262 15.941485214
-0.044679266 0.011929205 0.998929794 33.477059016 0.011538085 0.999867868 -0.011424301 0.220607619 -0.998934682 0.011015347 -0.044810566 15.915097560
-0.045684329 0.011572407 0.998888819 34.219496046 0.012220655 0.999864878 -0.011024866 0.221829831 -0.998880751 0.011703475 -0.045818594 15.862312843
-0.046350729 0.010554929 0.998869706 34.966414323 0.013135506 0.999863856 -0.009955892 0.224120683 -0.998838344 0.012659217 -0.046482389 15.800577039
-0.046565796 0.009890152 0.998865808 35.346570454 0.013701116 0.999863400 -0.009261370 0.225643787 -0.998821089 0.013254277 -0.046693934 15.778657913
-0.046595248 0.009578626 0.998867997 36.102429343 0.014862043 0.999849819 -0.008894701 0.226786763 -0.998802966 0.014430739 -0.046730144 15.721417882
-0.046940598 0.010359818 0.998843603 36.862747001 0.015218294 0.999837420 -0.009654964 0.226123197 -0.998781789 0.014747481 -0.047090382 15.677620224
-0.046746810 0.010503174 0.998852092 37.247388204 0.015128556 0.999837592 -0.009805553 0.226085102 -0.998792201 0.014652793 -0.046897753 15.646778789
-0.045469593 0.011986685 0.998894388 38.030068406 0.015194181 0.999820864 -0.011306153 0.224144428 -0.998850411 0.014663312 -0.045642875 15.603022138
-0.046761324 0.012605476 0.998826604 38.794868576 0.015264471 0.999813054 -0.011903236 0.223679556 -0.998789680 0.014689906 -0.046945050 15.550282913
-0.046802588 0.012257559 0.998828813 39.188447367 0.015344350 0.999815598 -0.011550706 0.224573458 -0.998786579 0.014785793 -0.046981106 15.523914491
-0.046725843 0.012155227 0.998833915 39.989028190 0.015765531 0.999810123 -0.011429593 0.225332086 -0.998782597 0.015213023 -0.046908183 15.466732729
-0.045958614 0.011128492 0.998881190 40.794062909 0.014718913 0.999836784 -0.010461982 0.227633967 -0.998834621 0.014221657 -0.046114573 15.422956685
-0.046079064 0.010944936 0.998877872 41.201063749 0.015717430 0.999824532 -0.010230275 0.228318642 -0.998813490 0.015228353 -0.046242787 15.392134373
-0.045357704 0.010893463 0.998911270 41.992705603 0.017847033 0.999789886 -0.010092646 0.229095215 -0.998811319 0.017369834 -0.045541637 15.330469203
-0.044761115 0.010599379 0.998941424 42.788803055 0.018165194 0.999787154 -0.009794438 0.230245112 -0.998831968 0.017707578 -0.044943325 15.282222552
-0.044530762 0.010365487 0.998954224 43.195803953 0.018148611 0.999789772 -0.009565139 0.230889790 -0.998842689 0.017703688 -0.044708780 15.251400677
-0.043893824 0.010016964 0.998986394 43.982962145 0.020201682 0.999753982 -0.009137041 0.232257620 -0.998831733 0.019780107 -0.044085052 15.198668430
-0.043035332 0.010656143 0.999016211 44.783544626 0.022135688 0.999707873 -0.009709979 0.231876317 -0.998828151 0.021696066 -0.043257614 15.141499142
-0.042405377 0.011414011 0.999034942 45.186065076 0.022271445 0.999697173 -0.010476210 0.230902387 -0.998852578 0.021805644 -0.042646328 15.119634371
-0.040770643 0.014042203 0.999070123 46.000047896 0.021016609 0.999692262 -0.013193286 0.226906706 -0.998947341 0.020459148 -0.041052558 15.080410450
-0.039504347 0.015103728 0.999104726 46.805087909 0.019702822 0.999703142 -0.014333686 0.225568809 -0.999024910 0.019118948 -0.039789555 15.036674234
-0.039104073 0.014413785 0.999131431 47.207604839 0.019103172 0.999723935 -0.013674592 0.227014732 -0.999051856 0.018551859 -0.039367830 15.014782984
-0.038145898 0.010155266 0.999220599 48.043930950 0.018370761 0.999786659 -0.009459778 0.234981137 -0.999103062 0.017995561 -0.038323463 14.975455200
-0.038141738 0.006744846 0.999249522 48.884741945 0.017980162 0.999819856 -0.006062395 0.241516335 -0.999110412 0.017735477 -0.038256391 14.927203684
-0.037614478 0.005605891 0.999277157 49.296196462 0.018300095 0.999820207 -0.004920110 0.243894255 -0.999124456 0.018101773 -0.037709357 14.909785448
-0.036906753 0.004400808 0.999308488 50.128074014 0.019066040 0.999811368 -0.003698876 0.246647629 -0.999136453 0.018916403 -0.036983391 14.857092103
-0.035201754 0.004227133 0.999371065 50.955471321 0.019569084 0.999802758 -0.003539630 0.247642404 -0.999188197 0.019432179 -0.035276599 14.813357394
-0.034878851 0.004523284 0.999381431 51.366929518 0.019268745 0.999806800 -0.003852691 0.247490478 -0.999205541 0.019122421 -0.034958304 14.795966840
-0.033499439 0.005184113 0.999425129 52.194329124 0.018270662 0.999822650 -0.004573784 0.246905349 -0.999272115 0.018106916 -0.033587619 14.752249419
-0.034055981 0.005392854 0.999405550 53.017271502 0.017493562 0.999835341 -0.004799077 0.247066827 -0.999266970 0.017319707 -0.034143335 14.695101223
-0.033564164 0.005266544 0.999422740 53.442150585 0.016083054 0.999859790 -0.004728725 0.247505625 -0.999306848 0.015915041 -0.033643174 14.673248025
-0.033519803 0.004259130 0.999428456 54.260607222 0.013617245 0.999899705 -0.003804420 0.249688274 -0.999345561 0.013481963 -0.033573671 14.625017106
-0.032376858 0.003239804 0.999470399 55.079063801 0.011928065 0.999925141 -0.002854903 0.251910920 -0.999403966 0.011829330 -0.032412238 14.576785748
-0.031937245 0.002792413 0.999485819 55.495003159 0.010730625 0.999939552 -0.002450766 0.252887632 -0.999431927 0.010646798 -0.031964481 14.550443452
-0.030295584 0.001943633 0.999539514 56.308977254 0.008698011 0.999960394 -0.001680828 0.254891585 -0.999502966 0.008642979 -0.030310894 14.511153880
-0.028950217 0.001825102 0.999578910 57.122952977 0.008328574 0.999964241 -0.001584617 0.255775607 -0.999546047 0.008279187 -0.028963021 14.471876563
-0.028430701 0.001543304 0.999593988 57.525470839 0.008137042 0.999965832 -0.001312470 0.256581569 -0.999562108 0.008096444 -0.028441367 14.449992316
-0.028103375 0.000777922 0.999605029 58.317084294 0.007259690 0.999973356 -0.000574099 0.258552710 -0.999578053 0.007240715 -0.028107740 14.410676072
-0.026761345 0.000269894 0.999641633 59.135514990 0.006421317 0.999979598 -0.000098059 0.260240031 -0.999621374 0.006416404 -0.026761790 14.384812570
-0.027251302 -0.000112929 0.999628697 59.551454362 0.005978892 0.999982312 0.000275974 0.261206743 -0.999610865 0.005984176 -0.027249812 14.358470383
-0.028168866 -0.000993404 0.999602983 60.387788631 0.006180262 0.999980511 0.001167948 0.263563489 -0.999584212 0.006210732 -0.028161239 14.319203982
-0.028711148 -0.000254933 0.999587280 61.201766405 0.006039226 0.999981815 0.000428502 0.263037597 -0.999569460 0.006049003 -0.028708641 14.279942093
-0.028555769 0.000022619 0.999592442 61.604285677 0.005607147 0.999984402 0.000137540 0.262873617 -0.999576621 0.005608769 -0.028554284 14.258068460
-0.028203111 0.000542801 0.999602203 62.404841170 0.005139301 0.999986876 -0.000398006 0.262716942 -0.999588518 0.005125989 -0.028204932 14.223258711
-0.028369068 0.000105310 0.999597281 63.205394190 0.005163415 0.999986639 0.000041214 0.264260164 -0.999583616 0.005162436 -0.028368514 14.188430361
-0.028618462 -0.000240123 0.999590837 63.607911906 0.004447742 0.999990412 0.000367552 0.265166119 -0.999580560 0.004456505 -0.028616733 14.166545020
-0.029089312 -0.000706761 0.999576873 64.372682485 0.003783739 0.999992615 0.000817153 0.266715766 -0.999569392 0.003805928 -0.029085904 14.136145749
-0.029304214 -0.000573202 0.999570636 65.164298122 0.003333645 0.999993842 0.000671190 0.267186999 -0.999565174 0.003351890 -0.029301227 14.096845917
-0.030007212 -0.000259301 0.999550008 65.566817393 0.003604977 0.999993170 0.000367647 0.267023020 -0.999543500 0.003614382 -0.030005465 14.074972284
-0.031641540 0.000716034 0.999498847 66.358435124 0.003096507 0.999994691 -0.000618341 0.266054340 -0.999494294 0.003075385 -0.031643269 14.035688208
-0.034193340 0.001308436 0.999414205 67.154534728 0.003025206 0.999994533 -0.001205692 0.265724328 -0.999410729 0.002982160 -0.034196950 13.987457752
-0.035879578 0.001685637 0.999354611 67.557054175 0.002835889 0.999994839 -0.001584884 0.265440356 -0.999351660 0.002777195 -0.035884337 13.965585431
-0.038699668 0.003723748 0.999243828 68.335279797 0.002112374 0.999990967 -0.003644754 0.262426399 -0.999248314 0.001969722 -0.038706832 13.908417919
-0.042265276 0.006486135 0.999085825 69.109024317 0.001059981 0.999979037 -0.006447057 0.258243807 -0.999106043 0.000786502 -0.042270389 13.860202587
-0.045508632 0.007721318 0.998933638 69.484729300 0.001051132 0.999969892 -0.007681413 0.256333772 -0.998962725 0.000700489 -0.045514769 13.824898424
-0.048341901 0.008373617 0.998795348 70.240590793 0.000447024 0.999964638 -0.008361761 0.255686857 -0.998830289 0.000042273 -0.048343893 13.767677979
-0.052407404 0.006031739 0.998607940 70.978566771 0.001719440 0.999981147 -0.005949765 0.260285515 -0.998624610 0.001405268 -0.052416247 13.701433710
-0.053645112 0.004259258 0.998551274 71.340842304 0.002759058 0.999987922 -0.004117201 0.263674398 -0.998555635 0.002534212 -0.053655990 13.670527743
-0.058750349 0.001073146 0.998272144 72.092237844 0.003936384 0.999992015 -0.000843309 0.269773725 -0.998265197 0.003880021 -0.058753120 13.599810873
-0.061916544 -0.001599599 0.998080124 72.834669086 0.003724454 0.999991589 0.001833716 0.274975694 -0.998074392 0.003830827 -0.061909747 13.546982608
-0.064681743 -0.001904145 0.997903961 73.210369983 0.004846474 0.999985721 0.002222275 0.275875488 -0.997894120 0.004980056 -0.064671450 13.511647697
-0.068928772 0.000489161 0.997621242 73.966262448 0.006324590 0.999979708 -0.000053326 0.272264111 -0.997601463 0.006305864 -0.068930565 13.432097693
-0.074111430 0.004328293 0.997240467 74.686376500 0.005645837 0.999976719 -0.003920576 0.265889329 -0.997233565 0.005339681 -0.074134400 13.357007077
-0.076220278 0.005887908 0.997073598 75.039721804 0.005068135 0.999972251 -0.005517561 0.263286522 -0.997078179 0.004632739 -0.076246889 13.321683462
-0.080092613 0.007251725 0.996761275 75.733012842 0.005668901 0.999960394 -0.006819505 0.261165319 -0.996770998 0.005104299 -0.080130277 13.233096665
-0.086082431 0.006215009 0.996268329 76.412876378 0.004541021 0.999973032 -0.005845727 0.263003115 -0.996277512 0.004020818 -0.086107716 13.148922726
-0.087314469 0.005472683 0.996165475 76.757277114 0.003821127 0.999979679 -0.005158743 0.264268019 -0.996173180 0.003356044 -0.087333193 13.109073577
-0.090925452 0.003535733 0.995851752 77.437138469 0.002766011 0.999990999 -0.003297916 0.267605724 -0.995853380 0.002454634 -0.090934092 13.024883226
-0.094332573 0.001513415 0.995539538 78.094639140 0.001151989 0.999998292 -0.001411037 0.270940615 -0.995539742 0.001013694 -0.094333121 12.940665874
-0.096060765 0.000513802 0.995375189 78.430100355 0.000514538 0.999999860 -0.000466535 0.272603441 -0.995375192 0.000467305 -0.096059716 12.896329159
-0.099600943 -0.001105145 0.995026443 79.069723976 0.000251185 0.999999365 0.001135803 0.275364259 -0.995026848 0.000363047 -0.099600582 12.803151664
-0.104114464 -0.000118164 0.994565477 79.691449375 0.000339580 0.999999699 0.000154355 0.273775875 -0.994565011 0.000353811 -0.104113346 12.723417334
-0.106848094 0.000881076 0.994274659 80.004554924 -0.000025949 0.999999960 -0.000888944 0.271986097 -0.994275399 -0.000120758 -0.106847446 12.679091367
-0.111056791 0.003762347 0.993806964 80.608407825 -0.001341691 0.999991099 -0.003935689 0.266693831 -0.993813037 -0.001770475 -0.111050493 12.590431142
-0.115401093 0.005666683 0.993302863 81.225679590 -0.001092400 0.999982003 -0.005831734 0.263382204 -0.993318318 -0.001758095 -0.115393190 12.497293064
-0.116870250 0.006766729 0.993124341 81.529846694 -0.001803284 0.999974259 -0.007025626 0.261250393 -0.993145048 -0.002612001 -0.116854449 12.448487627
-0.119519168 0.009968874 0.992781946 82.169482254 -0.001097715 0.999947266 -0.010173016 0.255801711 -0.992831720 -0.002305661 -0.119501189 12.355399965
-0.123494840 0.011580733 0.992278126 82.786752899 0.000291784 0.999932285 -0.011633772 0.253260037 -0.992345005 -0.001147217 -0.123489066 12.262253461
-0.124903301 0.012273983 0.992093194 83.113278883 0.001795972 0.999924743 -0.012144783 0.252370964 -0.992167273 0.000264846 -0.124915764 12.213461458
-0.128772675 0.012295414 0.991598326 83.748449844 0.004181882 0.999921545 -0.011855539 0.252738580 -0.991665391 0.002620129 -0.128814097 12.106887546
-0.131192228 0.011362008 0.991291942 84.414918377 0.005223250 0.999928713 -0.010769674 0.254520977 -0.991343384 0.003764825 -0.131241000 12.004808397
-0.132144536 0.011335865 0.991165016 84.732503967 0.005856127 0.999926585 -0.010655353 0.254629790 -0.991213262 0.004396347 -0.132200841 11.951522262
-0.135417249 0.012904274 0.990704901 85.363196051 0.007618843 0.999899594 -0.011982617 0.252298864 -0.990759298 0.005925373 -0.135501376 11.853917272
-0.139238093 0.015443887 0.990138175 85.980495706 0.009507574 0.999852731 -0.014258441 0.248142647 -0.990213455 0.007428473 -0.139363682 11.738426438
