1.000000000 -0.000000000 0.000000000 0.000000000 0.000000000 1.000000000 0.000000000 -0.000000000 0.000000000 -0.000000000 1.000000000 0.000000000
0.999990354 -0.000222120 0.004373003 0.018810513 0.000213438 0.999998260 0.001993388 0.009490501 -0.004373596 -0.001992391 0.999988568 0.591666426
0.999961884 -0.000496451 0.008747555 0.041155071 0.000459738 0.999990625 0.004194962 0.019016131 -0.008749322 -0.004190779 0.999952581 1.161250309
0.999941773 -0.000426534 0.010775009 0.051172064 0.000370718 0.999986361 0.005177425 0.023518231 -0.010777158 -0.005173136 0.999928022 1.439067758
0.999869499 -0.000227713 0.016135587 0.079282202 0.000131114 0.999981699 0.005986674 0.030451592 -0.016136484 -0.005983810 0.999851177 2.000551780
0.999767683 0.000195808 0.021536899 0.107357967 -0.000325252 0.999981764 0.006007035 0.036015463 -0.021535385 -0.006012621 0.999749863 2.562050457
0.999700753 -0.000209000 0.024448889 0.123148319 0.000067910 0.999983556 0.005769752 0.038235179 -0.024448763 -0.005766390 0.999684274 2.831764729
0.999566005 -0.000385108 0.029454994 0.157031566 0.000226492 0.999985092 0.005390530 0.042876160 -0.029455692 -0.005381552 0.999551103 3.385145681
0.999360184 -0.001132175 0.035729533 0.199052438 0.000944660 0.999985474 0.005265456 0.047895390 -0.035734537 -0.005228398 0.999347671 3.944349551
0.999277698 -0.001194688 0.037982318 0.211313513 0.001007254 0.999987436 0.004953130 0.050269906 -0.037987437 -0.004911305 0.999265807 4.236144332
0.999051255 -0.000709286 0.043524896 0.245194502 0.000512890 0.999989702 0.004522393 0.054820921 -0.043527513 -0.004495822 0.999042405 4.789526247
0.998828589 0.000520701 0.048372185 0.290757949 -0.000757588 0.999987412 0.004878787 0.060215153 -0.048369389 -0.004909729 0.998817349 5.326643937
0.998694560 0.000525693 0.051074876 0.314700730 -0.000797239 0.999985807 0.005294673 0.063402899 -0.051071069 -0.005328498 0.998680202 5.602174816
0.998414545 0.001541329 0.056268835 0.349845839 -0.001869205 0.999981543 0.005772799 0.069087010 -0.056258827 -0.005868814 0.998398643 6.119507873
0.998109827 0.001109229 0.061440271 0.390793412 -0.001462954 0.999982210 0.005712586 0.073648305 -0.061432866 -0.005791653 0.998094231 6.628725344
0.997940738 0.000722333 0.064133153 0.410097485 -0.001059291 0.999985419 0.005220320 0.075093452 -0.064128094 -0.005277486 0.997928112 6.876365738
0.997569883 0.000418233 0.069675041 0.460337408 -0.000686353 0.999992195 0.003823206 0.076807715 -0.069672278 -0.003861739 0.997562102 7.355403908
0.997275248 0.001004325 0.073758657 0.500190857 -0.001255345 0.999993999 0.003356775 0.080081384 -0.073755119 -0.003440274 0.997269797 7.814643860
0.997063549 0.001398461 0.076558006 0.523034998 -0.001650206 0.999993159 0.003225346 0.081801570 -0.076552748 -0.003342188 0.997060113 8.040199144
0.996601887 0.002625728 0.082329159 0.568729049 -0.002889876 0.999990637 0.003089300 0.085471858 -0.082320063 -0.003316691 0.996600738 8.491307251
0.996108770 0.004453708 0.088014079 0.612095968 -0.004676745 0.999986049 0.002327203 0.087960961 -0.088001918 -0.002729783 0.996115970 8.928473432
0.995897647 0.005214441 0.090331273 0.640745082 -0.005394921 0.999984263 0.001754002 0.088658294 -0.090320940 -0.002234094 0.995910536 9.145912060
0.995470523 0.006706989 0.094834012 0.693432453 -0.006769536 0.999977247 0.000337593 0.089419949 -0.094828870 -0.000978058 0.995493039 9.552886959
0.995021876 0.007442377 0.099374484 0.740386108 -0.007580987 0.999970370 0.001017172 0.094043400 -0.099363466 -0.001765482 0.995049832 9.967948134
0.994810920 0.007231082 0.101481507 0.772624214 -0.007463531 0.999970116 0.001911320 0.096965048 -0.101465119 -0.002658847 0.994835007 10.163280794
0.994305334 0.007755612 0.106283738 0.823144281 -0.008177822 0.999960480 0.003536597 0.102913148 -0.106252550 -0.004385651 0.994329550 10.556245628
0.993755153 0.008655485 0.111245153 0.874809287 -0.009079788 0.999952838 0.003308385 0.105246112 -0.111210564 -0.004297854 0.993787090 10.913212414
0.993519064 0.009683476 0.113251500 0.896568085 -0.010081998 0.999944492 0.002946162 0.106028542 -0.113216876 -0.004068837 0.993561988 11.088786434
0.993087985 0.011821969 0.116775820 0.943615460 -0.012179330 0.999923210 0.002346605 0.107458595 -0.116738300 -0.003752625 0.993155624 11.417853750
0.992564693 0.013241280 0.120995826 0.991945522 -0.013710344 0.999901659 0.003044795 0.110761468 -0.120942689 -0.004681077 0.992648297 11.710864293
0.992299804 0.014222082 0.123040641 1.011438159 -0.014759647 0.999884981 0.003458447 0.112791810 -0.122976912 -0.005247856 0.992395279 11.872470393
0.991698959 0.015962607 0.127584704 1.053881201 -0.016443017 0.999861219 0.002712847 0.113848753 -0.127522983 -0.004788200 0.991823236 12.173632569
0.991057762 0.016191852 0.132450332 1.105626379 -0.016448253 0.999864459 0.000841706 0.112448519 -0.132418132 -0.003012772 0.991189098 12.444611273
0.990699096 0.015985900 0.135125937 1.136725449 -0.016165732 0.999869013 0.000233696 0.112293207 -0.135104253 -0.002415941 0.990828071 12.589985560
0.989941176 0.015363480 0.140640859 1.182740675 -0.015593553 0.999878359 0.000534254 0.114904714 -0.140615333 -0.002721987 0.990060481 12.869048935
0.989059570 0.014238968 0.146821923 1.242685702 -0.014448178 0.999895212 0.000358527 0.116361807 -0.146801369 -0.002475958 0.989162577 13.145824028
0.988510514 0.013672346 0.150530295 1.271496531 -0.013827907 0.999904790 -0.000013154 0.116574734 -0.150516119 -0.002068541 0.988604699 13.277239809
0.987405321 0.013530874 0.157633366 1.331455107 -0.013719590 0.999906181 0.000109140 0.118571626 -0.157616673 -0.002270429 0.987497694 13.554009126
0.986228312 0.013974168 0.164795869 1.393720993 -0.014235199 0.999898997 0.000402950 0.120959996 -0.164772961 -0.002743313 0.986327451 13.844728820
0.984521586 0.016090710 0.174522845 1.490591893 -0.016281540 0.999867397 -0.000338708 0.122108600 -0.174505043 -0.002508017 0.984652471 14.258752239
0.983296220 0.017588884 0.181159351 1.560947731 -0.017733209 0.999841921 -0.000823296 0.122975927 -0.181144838 -0.002402972 0.983453631 14.555315174
0.982681422 0.017691781 0.184456864 1.586267170 -0.017924240 0.999838961 -0.000407544 0.124853092 -0.184434214 -0.002905729 0.982840769 14.708795313
0.981522774 0.017549777 0.190537803 1.662473396 -0.017820247 0.999841372 -0.000293969 0.126506892 -0.190513286 -0.003106921 0.981679403 14.997222232
0.980210834 0.017202496 0.197203466 1.735122493 -0.017357548 0.999848588 -0.000942266 0.127205906 -0.197190078 -0.002499363 0.980362166 15.307741535
0.979528225 0.017260476 0.200566064 1.782481257 -0.017346948 0.999848550 -0.001326500 0.127187323 -0.200558467 -0.002179893 0.979678611 15.464768290
0.978022244 0.017240309 0.207784462 1.860932317 -0.017090313 0.999850725 -0.002517320 0.126743528 -0.207796753 -0.001089074 0.978171353 15.767172221
0.976542780 0.017526233 0.214607197 1.949815767 -0.017172309 0.999846480 -0.003513554 0.126569647 -0.214635857 -0.000254201 0.976693630 16.089354796
0.975838115 0.017451571 0.217793363 1.991379342 -0.017163550 0.999847640 -0.003214347 0.127963772 -0.217815700 -0.000601415 0.975989518 16.254494034
0.974375687 0.017899528 0.224211725 2.074507749 -0.017773943 0.999839076 -0.002578459 0.130802003 -0.224221279 -0.001472756 0.974536913 16.584771977
0.972744987 0.020111555 0.231000932 2.176137421 -0.019946110 0.999796783 -0.003051869 0.131549417 -0.231015287 -0.001638850 0.972948768 16.940680790
0.971749514 0.021340125 0.235046395 2.219976191 -0.021147217 0.999771043 -0.003341595 0.132055497 -0.235063036 -0.001723393 0.971977897 17.119784098
0.969917672 0.024281098 0.242218893 2.332073128 -0.024316158 0.999700178 -0.002845228 0.134462307 -0.242215096 -0.003130192 0.970217014 17.495456686
0.968117391 0.023708723 0.249370015 2.444140208 -0.023699851 0.999714275 -0.003038490 0.135679560 -0.249370688 -0.002968417 0.968403982 17.871142003
0.967118583 0.022513201 0.253326832 2.510063968 -0.022467271 0.999742961 -0.003074690 0.136109215 -0.253330662 -0.002717979 0.967375824 18.053772459
0.965113774 0.022511114 0.260858798 2.630232793 -0.022289860 0.999744193 -0.003807033 0.136275250 -0.260877511 -0.002140294 0.965368829 18.435295990
0.963026499 0.025692745 0.268179628 2.744486747 -0.024826546 0.999670218 -0.006621126 0.133085767 -0.268260370 -0.000281659 0.963346514 18.824983029
0.962068680 0.027504778 0.271417582 2.802237254 -0.026387614 0.999622052 -0.007765492 0.131717701 -0.271528651 0.000308851 0.962430494 19.001805756
0.959867120 0.030377362 0.278804976 2.935123447 -0.029115705 0.999538788 -0.008665978 0.131655459 -0.278938717 0.000200636 0.960308681 19.417067828
0.957350910 0.033261251 0.287004694 3.070326234 -0.031963485 0.999446410 -0.009207440 0.132354557 -0.287151833 -0.000358937 0.957885079 19.846276319
0.956077571 0.034556783 0.291069188 3.140825222 -0.033132712 0.999403012 -0.009821343 0.131997752 -0.291233543 -0.000253900 0.956651617 20.056824322
0.953839786 0.032728114 0.298526450 3.295715864 -0.030438853 0.999461092 -0.012315902 0.128650280 -0.298768544 0.002660648 0.954321637 20.475647879
0.951335567 0.032029768 0.306487938 3.444801283 -0.029018410 0.999475339 -0.014378165 0.126315664 -0.306786620 0.004784664 0.951765966 20.902588198
0.949937156 0.034233838 0.310559831 3.523454204 -0.031335371 0.999406236 -0.014319130 0.126986867 -0.310865983 0.003870716 0.950445885 21.118952167
0.946773557 0.038806833 0.319551332 3.672617152 -0.036010958 0.999244366 -0.014655845 0.127741101 -0.319878443 0.002368339 0.947455427 21.545859432
0.944173347 0.039713191 0.327045008 3.838049328 -0.037020974 0.999209761 -0.014455446 0.129011923 -0.327360215 0.001540906 0.944898224 21.984415101
0.943047075 0.039647530 0.330285988 3.924833350 -0.037033142 0.999213402 -0.014206904 0.129801472 -0.330589399 0.001166191 0.943773330 22.206604769
0.940401889 0.036246351 0.338128263 4.104256549 -0.033842553 0.999342718 -0.013003881 0.132356973 -0.338376562 0.000785724 0.941010192 22.642846056
0.937206940 0.030890242 0.347403852 4.302265068 -0.028868222 0.999522727 -0.010995991 0.136170410 -0.347577630 0.000276606 0.937651507 23.104682379
0.935688785 0.030230979 0.351527843 4.389071671 -0.028445328 0.999542890 -0.010244354 0.137859624 -0.351677457 -0.000413781 0.936121212 23.326862420
0.932487540 0.033712390 0.359624751 4.578871559 -0.032191900 0.999429007 -0.010217944 0.138465865 -0.359763884 -0.002048876 0.933041465 23.782906096
0.928650222 0.037084799 0.369096492 4.776785987 -0.035743395 0.999306187 -0.010474070 0.138530697 -0.369228813 -0.003466021 0.929332064 24.244782532
0.926925012 0.037707517 0.373346826 4.879773751 -0.036093397 0.999284683 -0.011315708 0.137227805 -0.373506589 -0.002986542 0.927622988 24.478648522
0.923964004 0.036137250 0.380768659 5.091586367 -0.033873903 0.999346073 -0.012646438 0.134878692 -0.380976611 -0.001213274 0.924583146 24.938250154
0.920956914 0.034377840 0.388144720 5.313824598 -0.031424294 0.999408237 -0.013956353 0.132529594 -0.388393965 0.000656041 0.921492662 25.417633317
0.919490604 0.032666602 0.391753436 5.422647695 -0.029322261 0.999464097 -0.014518249 0.131413399 -0.392017429 0.001862358 0.919955582 25.643369709
0.916685083 0.030776590 0.398421411 5.653027816 -0.026858288 0.999520295 -0.015413820 0.129612486 -0.398704854 0.003428720 0.917072965 26.128573971
0.915133310 0.032688349 0.401823183 5.875275331 -0.028492216 0.999458863 -0.016416422 0.127633250 -0.402142078 0.003574396 0.915570019 26.607953177
0.914536686 0.032359909 0.403205864 5.986418282 -0.028110886 0.999469592 -0.016453842 0.127408347 -0.403524720 0.003713188 0.914961112 26.847634597
0.914467977 0.032090908 0.403382968 6.208719993 -0.027975237 0.999479337 -0.016093218 0.127588307 -0.403689868 0.003431967 0.914889422 27.326990697
0.915261129 0.033664111 0.401450676 6.414771544 -0.029873942 0.999430551 -0.015699323 0.128011396 -0.401749878 0.002376027 0.915746390 27.794690265
0.916233657 0.033724449 0.399221528 6.520059592 -0.029671203 0.999425961 -0.016330228 0.126820087 -0.399542215 0.003116894 0.916709177 28.042509626
0.919025440 0.035515753 0.392594783 6.720191507 -0.030926645 0.999359824 -0.018010054 0.123697729 -0.392983007 0.004410035 0.919535253 28.518374734
0.923236421 0.034777335 0.382655405 6.919151133 -0.030044160 0.999380330 -0.018340146 0.123100914 -0.383055465 0.005435729 0.923708990 29.030249548
0.925642262 0.034426836 0.376830051 7.018622666 -0.029565064 0.999387767 -0.018680000 0.122472628 -0.377242394 0.006149932 0.926093907 29.286190486
0.930448620 0.036254176 0.364624318 7.211740937 -0.031353939 0.999320430 -0.019352524 0.121449205 -0.365078479 0.006574073 0.930953022 29.806197466
0.935542817 0.036664498 0.351305791 7.396748932 -0.031784073 0.999301022 -0.019651193 0.121137127 -0.351779833 0.007218590 0.936054723 30.320369868
0.937840582 0.037145102 0.345072823 7.482295179 -0.032432251 0.999284876 -0.019422802 0.121843188 -0.345546669 0.007024030 0.938374809 30.578597162
0.942397239 0.036253280 0.332525584 7.645336110 -0.032358942 0.999327860 -0.017243575 0.126305786 -0.332925976 0.005490142 0.942936811 31.089192141
0.947344363 0.032304166 0.318582060 7.808446040 -0.029572028 0.999472390 -0.013410171 0.133517360 -0.318846628 0.003282936 0.947800501 31.599757705
0.950069838 0.031871669 0.310405604 7.888241259 -0.029803108 0.999491089 -0.011405912 0.137395475 -0.310610527 0.001585326 0.950536032 31.866078655
0.955416238 0.033372071 0.293370951 8.025713838 -0.032323087 0.999442130 -0.008424460 0.143918617 -0.293488392 -0.001433826 0.955961366 32.395207421
0.960948460 0.032004912 0.274868253 8.165394118 -0.031136764 0.999486561 -0.007522444 0.146864714 -0.274967104 -0.001329875 0.961452391 32.938329031
0.963580500 0.030751000 0.265645856 8.228816234 -0.029591574 0.999527416 -0.008366844 0.146087781 -0.265776970 0.000201278 0.964034295 33.193045863
0.968956027 0.025930333 0.245867480 8.343882914 -0.023451703 0.999640368 -0.013004485 0.139902107 -0.246115713 0.006834720 0.969216522 33.718784293
0.974030849 0.022940809 0.225248400 8.461374078 -0.020134069 0.999688458 -0.014750396 0.138776173 -0.225517059 0.009832145 0.974189382 34.258423145
0.976467667 0.023313171 0.214399792 8.507386794 -0.020781455 0.999685089 -0.014055279 0.141287717 -0.214659986 0.009268918 0.976644360 34.537487590
0.980977963 0.026444841 0.192307322 8.591287899 -0.024468878 0.999620676 -0.012643041 0.146462359 -0.192567819 0.007697046 0.981253100 35.089787892
0.985101867 0.027904569 0.169688916 8.655479320 -0.026638546 0.999597918 -0.009733164 0.154813895 -0.169891601 0.005067904 0.985449213 35.652482434
0.986972486 0.027358280 0.158542289 8.687621699 -0.026552852 0.999621371 -0.007196666 0.160848972 -0.158678706 0.002893202 0.987326327 35.933809809
0.990783150 0.022167975 0.133631752 8.743749763 -0.021990018 0.999754025 -0.002807828 0.171781157 -0.133660886 -0.000156629 0.991026936 36.490649771
0.993761453 0.019038806 0.109889450 8.783442751 -0.018847034 0.999818675 -0.002783749 0.175589214 -0.109922716 0.000695315 0.993940155 37.035912035
0.994954716 0.020247442 0.098255021 8.801528871 -0.020076798 0.999794805 -0.002725094 0.177740580 -0.098289983 0.000738715 0.995157136 37.319581604
0.996836591 0.024650740 0.075558853 8.807529933 -0.024569868 0.999695854 -0.002000168 0.183790723 -0.075585172 0.000137332 0.997138690 37.877548747
0.998415763 0.023418303 0.051143822 8.821537396 -0.023245094 0.999722098 -0.003979196 0.184991062 -0.051222487 0.002784051 0.998683128 38.441394752
0.999024336 0.021544153 0.038539125 8.817442429 -0.021312822 0.999751996 -0.006403420 0.183390277 -0.038667049 0.005575827 0.999236396 38.721578141
0.999726139 0.018506846 0.014299035 8.813847797 -0.018344508 0.999766683 -0.011401307 0.180201951 -0.014506661 0.011135858 0.999832273 39.309853910
0.999819992 0.017414140 -0.007554888 8.794183908 -0.017506035 0.999771609 -0.012268520 0.184464071 0.007340574 0.012398618 0.999895959 39.886396022
0.999637370 0.019468151 -0.018593633 8.770404598 -0.019705099 0.999725574 -0.012646185 0.187049805 0.018342144 0.013007955 0.999746985 40.176962848
0.998933529 0.020863200 -0.041194346 8.722970177 -0.021312096 0.999717883 -0.010487879 0.197169432 0.040963983 0.011354646 0.999096184 40.758043550
0.997741180 0.020644693 -0.063915355 8.669826127 -0.021048233 0.999762575 -0.005646274 0.212110497 0.063783771 0.006978806 0.997938767 41.347200259
0.997053745 0.020732196 -0.073847915 8.638094361 -0.020940461 0.999778107 -0.002047002 0.221695236 0.073789876 0.003587352 0.997267473 41.631865225
0.995413836 0.020049850 -0.093530037 8.576907529 -0.019708004 0.999794840 0.004577347 0.240036646 0.093602594 -0.002713059 0.995606096 42.215158583
0.993571496 0.018786925 -0.111630747 8.501632322 -0.018014814 0.999805874 0.007921470 0.253214821 0.111757915 -0.005859547 0.993717791 42.800807826
0.992690867 0.017779756 -0.119368841 8.461635472 -0.016923322 0.999823528 0.008184709 0.257343201 0.119493937 -0.006104771 0.992816360 43.079704213
0.990675938 0.016324240 -0.135255239 8.378122780 -0.015265642 0.999844551 0.008860205 0.266164607 0.135378886 -0.006712848 0.990770532 43.659573112
0.988426264 0.014215209 -0.151035301 8.286429809 -0.013120934 0.999880370 0.008239339 0.272908397 0.151134496 -0.006162299 0.988493522 44.233637277
0.987310116 0.013133490 -0.158256506 8.240576298 -0.012059837 0.999897077 0.007742817 0.276000397 0.158341939 -0.005736052 0.987367837 44.520672355
0.984763169 0.010945004 -0.173557564 8.123355121 -0.009573886 0.999916110 0.008735260 0.286404135 0.173638342 -0.006940581 0.984784858 45.113253192
0.982006546 0.008446654 -0.188653957 8.014402792 -0.006097635 0.999896483 0.013028158 0.302414177 0.188744937 -0.011643374 0.981957285 45.711601003
0.980618551 0.007914120 -0.195765654 7.948909850 -0.004949938 0.999865833 0.015626353 0.311482029 0.195863318 -0.014354496 0.980525923 46.009000370
0.977743739 0.007116021 -0.209681227 7.809704295 -0.003282661 0.999820964 0.018624377 0.325970700 0.209776492 -0.017521554 0.977592497 46.598011164
0.975363620 0.006347548 -0.220510853 7.672590774 -0.002708710 0.999854791 0.016800196 0.332274042 0.220585265 -0.015788974 0.975239900 47.201064114
0.974138106 0.006700179 -0.225852960 7.606882806 -0.003530052 0.999889938 0.014437147 0.332775083 0.225924653 -0.013266533 0.974053976 47.498555153
0.971980531 0.005763726 -0.234990057 7.453300586 -0.004114780 0.999963668 0.007506495 0.330614796 0.235025931 -0.006329265 0.971968355 48.090044739
0.969496673 0.005050178 -0.245053107 7.305588325 -0.004804903 0.999987295 0.001599061 0.330020691 0.245058155 -0.000372889 0.969508333 48.673389965
0.966593736 0.008414847 -0.256173269 7.058602626 -0.009532648 0.999949248 -0.003121819 0.337207838 0.256134095 0.005459574 0.966625656 49.566877197
0.965207196 0.013986804 -0.261113508 6.891368609 -0.015372781 0.999876675 -0.003266075 0.347277841 0.261035604 0.007166437 0.965302317 50.160536545
0.964623974 0.015644591 -0.263164219 6.811789300 -0.017289061 0.999842670 -0.003933959 0.351262429 0.263061376 0.008344662 0.964742415 50.460290941
0.963320362 0.014689599 -0.267949873 6.654825837 -0.017392926 0.999818742 -0.007717832 0.355154746 0.267787581 0.012095250 0.963401722 51.073797927
0.962556345 0.012882600 -0.270776448 6.489918951 -0.015434380 0.999854545 -0.007296371 0.366405934 0.270643311 0.011202492 0.962614964 51.681399201
0.962312336 0.014278171 -0.271570976 6.410442012 -0.016414380 0.999849984 -0.005596187 0.374469003 0.271450338 0.009842878 0.962401508 51.981109955
0.962065884 0.014039679 -0.272454971 6.259631278 -0.015097090 0.999884062 -0.001785100 0.391193310 0.272398921 0.005830610 0.962166725 52.586352027
0.961766932 0.017496524 -0.273307925 6.094909811 -0.017359484 0.999844655 0.002919837 0.409831747 0.273316587 0.001936217 0.961922392 53.193874252
0.961638633 0.018395166 -0.273701228 6.011933954 -0.017645915 0.999830570 0.005199447 0.419259167 0.273750977 -0.000170254 0.961800253 53.515652573
0.961595051 0.017527675 -0.273911205 5.855163187 -0.016565288 0.999845770 0.005826278 0.430828626 0.273971799 -0.001065074 0.961737580 54.129077407
0.961713820 0.019092997 -0.273389426 5.690219668 -0.018335947 0.999817727 0.005324214 0.440620357 0.273440683 -0.000107521 0.961888510 54.736694298
0.962185694 0.017270362 -0.271845976 5.618781246 -0.016546104 0.999850722 0.004956446 0.445113145 0.271891323 -0.000270986 0.962327399 55.042270222
0.963381943 0.016098538 -0.267648301 5.458408690 -0.015679249 0.999869749 0.003704000 0.453948480 0.267673017 0.000628192 0.963509245 55.677806480
0.964842774 0.010146456 -0.262629660 5.315526325 -0.009761864 0.999948244 0.002769130 0.462714139 0.262644092 -0.000108042 0.964892677 56.288960682
0.965544513 0.009882203 -0.260048760 5.238249308 -0.009679716 0.999950689 0.002059199 0.466890280 0.260056846 0.000528898 0.965592821 56.602667595
0.967537172 0.013106777 -0.252388010 5.103254666 -0.014695600 0.999882426 -0.004411076 0.466077895 0.252300185 0.007976848 0.967616284 57.219751255
0.970114666 0.014429230 -0.242215388 4.976430267 -0.017348704 0.999799825 -0.009924535 0.466943275 0.242023641 0.013830095 0.970171196 57.842643927
0.971294869 0.014378426 -0.237443222 4.913101117 -0.017422398 0.999790852 -0.010726245 0.470684734 0.237238675 0.014555153 0.971342113 58.154054856
0.973782533 0.010093843 -0.227254214 4.802759466 -0.012878429 0.999859216 -0.010773784 0.480573536 0.227114595 0.013417965 0.973775313 58.788504901
0.976606813 0.010713358 -0.214764697 4.692602732 -0.012403308 0.999901794 -0.006522787 0.497829596 0.214674159 0.009033978 0.976643930 59.422876111
0.978147405 0.011878636 -0.207570660 4.645673532 -0.012960149 0.999908996 -0.003851322 0.507295704 0.207506683 0.006457254 0.978212030 59.745879713
0.981176484 0.014796319 -0.192545076 4.551676882 -0.015422381 0.999879869 -0.001752953 0.520719970 0.192496159 0.004689488 0.981286670 60.391945857
0.984223688 0.018264007 -0.175980413 4.465710721 -0.018892904 0.999819232 -0.001898810 0.530254075 0.175914044 0.005193571 0.984391841 61.043880595
0.985671781 0.019261779 -0.167569243 4.426787921 -0.019881734 0.999800601 -0.002022914 0.534870379 0.167497592 0.005325404 0.985857953 61.372763059
0.988475223 0.020397945 -0.150000567 4.357065144 -0.020985423 0.999777476 -0.002334516 0.543891455 0.149919591 0.005455413 0.988683351 62.036357217
0.991300926 0.020128585 -0.130063674 4.315212258 -0.020743701 0.999779539 -0.003376109 0.551013551 0.129966974 0.006044765 0.991499468 62.695370426
0.992552196 0.019724462 -0.120213007 4.298343336 -0.020353847 0.999784763 -0.004009439 0.554313891 0.120108339 0.006426403 0.992739553 63.027793303
0.994848757 0.019593428 -0.099455821 4.270447851 -0.020179810 0.999783848 -0.004893074 0.561381164 0.099338951 0.006874885 0.995030287 63.684506463
0.996826279 0.022785833 -0.076268895 4.264690046 -0.023185233 0.999721540 -0.004355149 0.570471230 0.076149034 0.006109682 0.997077495 64.344724309
0.997703221 0.024278396 -0.063239524 4.261822435 -0.024571567 0.999690564 -0.003862114 0.575466096 0.063126593 0.005407058 0.997990533 64.674828418
0.999001793 0.025757838 -0.036501139 4.286304557 -0.025864694 0.999661957 -0.002457739 0.585547730 0.036426081 0.003399347 0.999330616 65.344388949
0.999697726 0.022899020 -0.008941970 4.338693705 -0.022907866 0.999737020 -0.000886203 0.595209834 0.008920521 0.001090757 0.999959561 66.009352699
0.999745628 0.021924188 0.005222452 4.363712544 -0.021920738 0.999759242 -0.000715050 0.598965474 -0.005235734 0.000600379 0.999986025 66.334868798
0.999098402 0.021343425 0.036692975 4.449642572 -0.021228891 0.999768559 -0.003508625 0.600367731 -0.036759154 0.002726504 0.999320288 66.987192065
0.997513743 0.021782726 0.067016819 4.540184962 -0.021429722 0.999752836 -0.005982262 0.602462978 -0.067129635 0.004531218 0.997733485 67.667417048
0.996345871 0.022200153 0.082471380 4.595357417 -0.021704225 0.999740338 -0.006905417 0.603771466 -0.082603718 0.005090268 0.996569803 68.002312630
0.993405088 0.020857731 0.112746773 4.731314837 -0.020035266 0.999763926 -0.008423406 0.606087243 -0.112894827 0.006108982 0.993587939 68.653551182
0.989937947 0.018854519 0.140237315 4.875413646 -0.017697777 0.999797809 -0.009491163 0.608931213 -0.140387424 0.006913746 0.990072399 69.310611047
0.987928268 0.016985695 0.153975919 4.950379086 -0.015639505 0.999828147 -0.009950248 0.610381571 -0.154118420 0.007422096 0.988024630 69.635076875
0.983337416 0.014566768 0.181204528 5.128187636 -0.012716946 0.999854366 -0.011366440 0.611693191 -0.181342936 0.008872676 0.983379940 70.279424267
0.978571211 0.012770465 0.205508434 5.306062675 -0.010707060 0.999880708 -0.011149478 0.615653825 -0.205625781 0.008710186 0.978591674 70.923743313
0.976134816 0.011984924 0.216832234 5.403138446 -0.009898629 0.999894073 -0.010705346 0.618037382 -0.216937628 0.008303577 0.976150515 71.251725486
0.971276337 0.009278612 0.237772063 5.605440410 -0.007303451 0.999931034 -0.009186400 0.623692555 -0.237840081 0.007185889 0.971277495 71.913507295
0.966577749 0.005791961 0.256306619 5.821734903 -0.004236182 0.999969515 -0.006621716 0.630692385 -0.256337486 0.005314651 0.966572591 72.572974080
0.964115145 0.004551066 0.265443404 5.932792414 -0.003239325 0.999980081 -0.005379202 0.633990758 -0.265461866 0.004326304 0.964111118 72.898645829
0.959901115 0.002365184 0.280327867 6.154789761 -0.000844508 0.999984060 -0.005545586 0.635899249 -0.280336031 0.005086509 0.959888136 73.550039495
0.955570659 0.001056097 0.294759978 6.384806305 0.001409516 0.999965262 -0.008152255 0.633467746 -0.294757936 0.008205508 0.955536429 74.207306567
0.953671537 0.001841555 0.300844477 6.503829069 0.001383934 0.999943424 -0.010508246 0.630276924 -0.300845982 0.010437752 0.953615259 74.538874721
0.950019175 0.003111567 0.312174415 6.752287665 0.001815451 0.999878368 -0.015491038 0.623395482 -0.312184275 0.015283438 0.949897936 75.221797909
0.946902163 0.002379852 0.321512552 7.017085241 0.003721221 0.999823990 -0.018360429 0.619809593 -0.321499878 0.018581927 0.946726505 75.916339762
0.945585502 0.001876007 0.325367869 7.152431930 0.004534872 0.999810258 -0.018944193 0.619314549 -0.325340932 0.019388858 0.945397606 76.259533000
0.943360600 0.001260170 0.331765447 7.409259235 0.005029547 0.999823801 -0.018099132 0.622017929 -0.331729146 0.018742555 0.943188109 76.948180588
0.942082183 0.001072925 0.335379846 7.668385571 0.004975232 0.999839938 -0.017174173 0.624782910 -0.335344341 0.017848114 0.941926280 77.650782083
0.941422963 0.001072668 0.337225141 7.803691362 0.005541138 0.999810806 -0.018649265 0.622658472 -0.337180841 0.019425483 0.941239814 77.993992757
0.940744608 0.004280242 0.339087998 8.052262615 0.002902818 0.999782090 -0.020673477 0.620265359 -0.339102805 0.020432752 0.940527541 78.676867916
0.939979922 0.006788916 0.341161211 8.314843458 0.000510483 0.999772624 -0.021301601 0.619896649 -0.341227869 0.020197276 0.939763551 79.357420777
0.939749505 0.008258041 0.341761995 8.452534841 -0.001262947 0.999785037 -0.020685137 0.621282528 -0.341859080 0.019007195 0.939558719 79.714548454
0.939600542 0.007526758 0.342189561 8.719823390 -0.001166371 0.999822658 -0.018789199 0.625405394 -0.342270176 0.017255176 0.939442838 80.422962383
0.939957639 0.006704529 0.341225865 8.989494521 -0.001718219 0.999887412 -0.014913284 0.632918622 -0.341286967 0.013431546 0.939862895 81.145294600
0.939853915 0.004740993 0.341543425 9.127287270 -0.000688819 0.999927988 -0.011984543 0.638342998 -0.341575476 0.011028420 0.939789898 81.502379061
0.939548450 0.004253841 0.342387537 9.415527160 -0.001715363 0.999968526 -0.007716510 0.646454407 -0.342409919 0.006662693 0.939526727 82.250313374
0.939832568 0.008413390 0.341530011 9.695368483 -0.005422304 0.999937704 -0.009711629 0.643791437 -0.341590337 0.007275451 0.939820906 82.992536015
0.940040648 0.011604978 0.340864525 9.827069474 -0.007661483 0.999887691 -0.012912850 0.638812919 -0.340975689 0.009526992 0.940023985 83.357859396
0.940588752 0.018915985 0.339019720 10.098477355 -0.012130990 0.999681848 -0.022121595 0.623986087 -0.339329601 0.016694667 0.940518916 84.094385234
0.940176370 0.021992377 0.339976004 10.372483596 -0.014530629 0.999594384 -0.024478784 0.621146416 -0.340376057 0.018074311 0.940115196 84.844737367
0.939560355 0.021187166 0.341726143 10.526507185 -0.014549027 0.999652964 -0.021976886 0.625557950 -0.342072511 0.015676823 0.939543007 85.213486598
0.938217872 0.023476674 0.345247141 10.819437468 -0.019267191 0.999692445 -0.015619684 0.637471192 -0.345507501 0.008002678 0.938382032 85.989289359
0.935967902 0.024156341 0.351253872 11.129598005 -0.020144103 0.999683007 -0.015073068 0.638958614 -0.351506334 0.007032245 0.936159362 86.740820884
0.934656129 0.023540646 0.354772724 11.283418109 -0.018575028 0.999675666 -0.017396364 0.635263165 -0.355066487 0.009669798 0.934790553 87.109656866
0.932352193 0.023885617 0.360760672 11.601550672 -0.017708328 0.999634870 -0.020419324 0.630531292 -0.361115886 0.012649560 0.932435311 87.867081907
0.929084475 0.023794933 0.369100839 11.925634237 -0.017435034 0.999636301 -0.020557251 0.630594401 -0.369456392 0.012664139 0.929161751 88.616328038
0.927055943 0.023143868 0.374208192 12.095888664 -0.017451337 0.999674718 -0.018593998 0.633993092 -0.374516261 0.010707208 0.927158280 88.996742038
0.924860995 0.023330450 0.379588458 12.428180859 -0.018372111 0.999691931 -0.016680216 0.637263396 -0.379860245 0.008453059 0.925004805 89.751780815
0.922983168 0.022379940 0.384188884 12.776478330 -0.015722264 0.999666755 -0.020461596 0.630534204 -0.384518122 0.012845410 0.923027992 90.518580526
0.922503816 0.021425548 0.385391585 12.946556872 -0.013809382 0.999650579 -0.022519415 0.626925503 -0.385738797 0.015452221 0.922478494 90.899069510
0.922746620 0.021192621 0.384823419 13.289131164 -0.013045971 0.999632033 -0.023768724 0.624477951 -0.385185414 0.016912088 0.922684254 91.673951004
0.924476616 0.020814704 0.380669084 13.620253580 -0.014165846 0.999694299 -0.020259878 0.630373760 -0.380974028 0.013337267 0.924488999 92.464998419
0.925596684 0.020394912 0.377959582 13.784695758 -0.014773330 0.999733366 -0.017767332 0.634505412 -0.378221350 0.010861693 0.925651637 92.853532176
0.928275781 0.018127444 0.371449159 14.107693848 -0.013833533 0.999803345 -0.014221355 0.640552774 -0.371633613 0.008062855 0.928344690 93.638751003
0.931275351 0.019790636 0.363777702 14.416590515 -0.015715080 0.999776264 -0.014160111 0.640917096 -0.363975800 0.007470134 0.931377390 94.426331279
0.932927726 0.020895437 0.359455500 14.566931523 -0.016547817 0.999748367 -0.015167967 0.639375703 -0.359681839 0.008202401 0.933038785 94.817226377
0.935692087 0.023088623 0.352061124 14.869830020 -0.017450823 0.999663812 -0.019179206 0.633065742 -0.352384413 0.011802055 0.935780218 95.613005673
0.938502232 0.023597815 0.344464515 15.174978871 -0.016187950 0.999571778 -0.024371821 0.624878105 -0.344892319 0.017296799 0.938483187 96.422759627
0.939526734 0.024202457 0.341620100 15.327586793 -0.016215810 0.999524779 -0.026215652 0.622118789 -0.342091862 0.019090729 0.939472925 96.827622324
0.941024465 0.025472935 0.337375566 15.632938878 -0.017472299 0.999489689 -0.026730117 0.622028138 -0.337884298 0.019259029 0.940989998 97.637289634
0.942484002 0.022979597 0.333458926 15.943084228 -0.016338296 0.999608931 -0.022707490 0.629837794 -0.333850245 0.015953228 0.942491331 98.474781537
0.943005217 0.021604955 0.332074466 16.098165810 -0.015678396 0.999666054 -0.020516379 0.634097489 -0.332407542 0.014140658 0.943029778 98.893523691
0.944082470 0.019885668 0.329106364 16.394400928 -0.015611954 0.999755783 -0.015623561 0.643841269 -0.329336901 0.009611928 0.944163382 99.733295533
0.944705244 0.017909627 0.327430443 16.706824232 -0.014721754 0.999817413 -0.012212072 0.650872838 -0.327589234 0.006716409 0.944796323 100.584750328
0.945011981 0.017298432 0.326576373 16.856066968 -0.014716063 0.999837396 -0.010376567 0.654805889 -0.326702433 0.005000033 0.945113521 101.011623578
0.945146639 0.017015910 0.326202535 17.163829987 -0.015096047 0.999850422 -0.008416471 0.659235179 -0.326297153 0.003030500 0.945261886 101.835197087
0.945179422 0.017062118 0.326104291 17.476081420 -0.014926957 0.999847261 -0.009048732 0.659419297 -0.326208350 0.003684878 0.945290828 102.686725155
0.945287452 0.017273765 0.325779579 17.631038804 -0.014897123 0.999840597 -0.009788752 0.658730835 -0.325896687 0.004399989 0.945394353 103.105520258
0.945934064 0.017592798 0.323880511 17.943295757 -0.015089695 0.999833844 -0.010238442 0.659134871 -0.324006093 0.004797629 0.946042117 103.957045973
0.946101486 0.015945649 0.323477702 18.263776395 -0.013965900 0.999866962 -0.008440701 0.663345880 -0.323568783 0.003468043 0.946197755 104.814357916
0.946746795 0.015187349 0.321619915 18.413002572 -0.013673252 0.999882405 -0.006966265 0.666619177 -0.321686893 0.002197717 0.946843285 105.241238226
0.947405621 0.013003988 0.319770506 18.703312784 -0.012210661 0.999915383 -0.004485731 0.672607588 -0.319800576 0.000345147 0.947484413 106.089177853
0.947419623 0.010281053 0.319826831 19.023756790 -0.009643653 0.999947275 -0.003576439 0.675359141 -0.319846967 0.000304041 0.947469162 106.946505413
0.947542045 0.008856629 0.319508617 19.181047076 -0.008144340 0.999960071 -0.003565501 0.676081777 -0.319526538 0.000776285 0.947576719 107.379239982
0.947614291 0.004603000 0.319383225 19.495612092 -0.003528147 0.999986427 -0.003943954 0.676907280 -0.319396747 0.002610515 0.947617070 108.244715753
0.947540125 0.000712613 0.319635972 19.816047317 0.000357695 0.999994685 -0.003289744 0.679308963 -0.319636494 0.003231472 0.947534569 109.102047057
0.947548576 -0.001331584 0.319607120 19.967525353 0.002422543 0.999992257 -0.003015853 0.680764560 -0.319599841 0.003631901 0.947545410 109.542901384
0.947117764 -0.005267941 0.320841066 20.298383934 0.006386863 0.999976758 -0.002435214 0.683076291 -0.320821198 0.004355598 0.947129676 110.420015182
0.947394950 -0.009038339 0.319939320 20.612949452 0.010494145 0.999941314 -0.002826444 0.683921787 -0.319894817 0.006035262 0.947433515 111.285490738
0.947579529 -0.011199348 0.319322898 20.764396376 0.012925636 0.999911436 -0.003287351 0.684137845 -0.319257503 0.007242448 0.947639903 111.726358329
