1.000000000 0.000000000 0.000000000 0.000000000 -0.000000000 1.000000000 0.000000000 0.000000000 0.000000000 -0.000000000 1.000000000 0.000000000
0.999996456 0.000112017 0.002597451 0.006704040 -0.000114111 1.000000009 0.000798224 -0.001585101 -0.002598108 -0.000798516 0.999995726 0.420688760
0.999992223 0.000582125 0.003819742 0.012727491 -0.000585718 0.999998948 0.000961489 -0.004199602 -0.003819767 -0.000963762 0.999992527 0.842082669
0.999991127 0.000291961 0.004194255 0.020079065 -0.000293603 0.999999919 0.000400074 -0.006597157 -0.004194633 -0.000401316 0.999990725 1.062639085
0.999984709 0.000416675 0.005492022 0.022729950 -0.000415535 1.000000181 -0.000209157 -0.010747987 -0.005491628 0.000206823 0.999984405 1.501726520
0.999981232 0.001047461 0.006010949 0.024767379 -0.001045664 0.999999651 -0.000301565 -0.014087118 -0.006010789 0.000295300 0.999981941 1.955674290
0.999977432 0.001583438 0.006500207 0.027886525 -0.001581984 0.999998347 -0.000226154 -0.015492802 -0.006501008 0.000215838 0.999978749 2.180512624
0.999968760 0.004125323 0.006696622 0.027115834 -0.004123268 0.999991598 -0.000318517 -0.018820529 -0.006698953 0.000290886 0.999977322 2.637310381
0.999956972 0.006214822 0.006897354 0.025757438 -0.006210874 0.999980203 -0.000584449 -0.022576258 -0.006901495 0.000541598 0.999975360 3.108959648
0.999953198 0.006613393 0.007101197 0.029678713 -0.006611215 0.999978390 -0.000320134 -0.023730812 -0.007102961 0.000273167 0.999974237 3.347229375
0.999942715 0.006837164 0.008214811 0.032593504 -0.006843217 0.999976451 0.000712366 -0.025367620 -0.008209055 -0.000768543 0.999965186 3.828760948
0.999933981 0.007336696 0.008807375 0.042053605 -0.007348023 0.999971785 0.001260559 -0.027814314 -0.008798725 -0.001325215 0.999960258 4.332158631
0.999924753 0.007703203 0.009558615 0.049703972 -0.007716372 0.999969129 0.001354633 -0.029377443 -0.009547963 -0.001428291 0.999953085 4.595147229
0.999909083 0.008816362 0.010131211 0.050057255 -0.008832011 0.999959410 0.001502734 -0.032729345 -0.010117789 -0.001592174 0.999946938 5.107800661
0.999886587 0.009760702 0.011431852 0.061855159 -0.009778861 0.999951399 0.001533930 -0.036193763 -0.011416868 -0.001645579 0.999933032 5.637337832
0.999884943 0.009774642 0.011590542 0.063201222 -0.009790865 0.999951399 0.001351034 -0.038403571 -0.011576047 -0.001464373 0.999931261 5.906734114
0.999872468 0.009849442 0.012594744 0.072217588 -0.009859146 0.999951454 0.000708165 -0.043136276 -0.012586936 -0.000832259 0.999919865 6.439112162
0.999846338 0.010667404 0.013876608 0.085565287 -0.010663380 0.999942980 -0.000363756 -0.048549386 -0.013880045 0.000215679 0.999903374 6.981352589
0.999849664 0.010477161 0.013816356 0.086927340 -0.010464245 0.999944459 -0.001002573 -0.051529008 -0.013826355 0.000857877 0.999903628 7.250743391
0.999856140 0.010014854 0.013705116 0.097459650 -0.009990934 0.999948074 -0.001808118 -0.056580797 -0.013722696 0.001670882 0.999903815 7.795836296
0.999842259 0.010007999 0.014679084 0.110183510 -0.009979371 0.999948499 -0.002018995 -0.060682328 -0.014699076 0.001872190 0.999889999 8.352940617
0.999845715 0.009553961 0.014741559 0.114443451 -0.009522444 0.999952737 -0.002200434 -0.062921993 -0.014761686 0.002059667 0.999888969 8.633628862
0.999855252 0.009227642 0.014234238 0.118760187 -0.009189144 0.999953866 -0.002766115 -0.067819112 -0.014258780 0.002634941 0.999894542 9.199277236
0.999862436 0.008509828 0.014224141 0.133783639 -0.008476224 0.999961374 -0.002416748 -0.071098811 -0.014244679 0.002295854 0.999895636 9.782534140
0.999874257 0.007788071 0.013775807 0.142340856 -0.007760636 0.999967938 -0.002044627 -0.072379275 -0.013790752 0.001937416 0.999902339 10.073096435
0.999897634 0.006973004 0.012445990 0.150255797 -0.006946920 0.999973231 -0.002134067 -0.076456807 -0.012460785 0.002047311 0.999919597 10.649330342
0.999921379 0.007207022 0.010255923 0.151199966 -0.007171099 0.999968012 -0.003537166 -0.082890254 -0.010280279 0.003463321 0.999940609 11.232672242
0.999919659 0.008811556 0.009083587 0.146337930 -0.008777706 0.999954836 -0.003753287 -0.085305305 -0.009116175 0.003673226 0.999950839 11.522621431
0.999897913 0.011839852 0.007988952 0.150090067 -0.011822334 0.999927655 -0.002231181 -0.086669838 -0.008014258 0.002136462 0.999964799 12.117291589
0.999909410 0.012321202 0.005367628 0.146032962 -0.012315450 0.999923525 -0.001096257 -0.088891838 -0.005381545 0.001029986 0.999984832 12.705650803
0.999930537 0.011416752 0.003047871 0.151098148 -0.011413104 0.999933779 -0.001200621 -0.091030337 -0.003061649 0.001165698 0.999993948 12.999769372
0.999956634 0.009314396 -0.000524101 0.150098060 -0.009314908 0.999956135 -0.001018932 -0.095100214 0.000514642 0.001023777 0.999999010 13.613549688
0.999951334 0.008777652 -0.004432546 0.150614124 -0.008782411 0.999960487 -0.001055390 -0.099499172 0.004423946 0.001094285 0.999989553 14.240044789
0.999866902 0.011013689 -0.012004948 0.132451266 -0.011067514 0.999929231 -0.004430501 -0.111953244 0.011955323 0.004562737 0.999918216 15.184840538
0.999747223 0.012136622 -0.018920586 0.106788646 -0.012221956 0.999916014 -0.004407690 -0.116592216 0.018865480 0.004637770 0.999811092 15.809411393
0.999684887 0.010272588 -0.022885610 0.097139704 -0.010390735 0.999933699 -0.005049143 -0.120043012 0.022831635 0.005285371 0.999725018 16.118482624
0.999513851 0.006546698 -0.030467688 0.074359341 -0.006764716 0.999952257 -0.007059871 -0.128262528 0.030419665 0.007262550 0.999510509 16.740178086
0.999252442 0.004770386 -0.038366636 0.050232810 -0.005069322 0.999957914 -0.007699908 -0.134190350 0.038328715 0.007888682 0.999233697 17.377456895
0.999076943 0.005730462 -0.042565714 0.030749321 -0.006079223 0.999948775 -0.008069434 -0.137306303 0.042517797 0.008320744 0.999060779 17.696505179
0.998644293 0.007750197 -0.051472848 -0.024441292 -0.008244320 0.999922137 -0.009394975 -0.144841347 0.051396936 0.009806625 0.998629868 18.336837344
0.998182917 0.007861486 -0.059738798 -0.067535769 -0.008435059 0.999920184 -0.009356853 -0.150059844 0.059660677 0.009843740 0.998170344 18.993358063
0.997871362 0.008287760 -0.064688284 -0.101163541 -0.008925222 0.999913999 -0.009572827 -0.153200299 0.064603276 0.010129751 0.997859229 19.312513618
0.997271058 0.007650572 -0.073434213 -0.154114218 -0.008525652 0.999895989 -0.011611249 -0.162114523 0.073337482 0.012205620 0.997231911 19.964840617
0.996627615 0.007349960 -0.081726222 -0.217665852 -0.008563687 0.999857696 -0.014511269 -0.172664620 0.081608619 0.015162156 0.996549182 20.613701035
0.996192584 0.007142605 -0.086885018 -0.254761150 -0.008552664 0.999837500 -0.015868522 -0.177842825 0.086757888 0.016551149 0.996091699 20.936404466
0.995272409 0.007966852 -0.096794722 -0.330950051 -0.009810799 0.999778964 -0.018589451 -0.188306612 0.096625022 0.019451196 0.995130455 21.598090073
0.994200202 0.007378859 -0.107293467 -0.406387757 -0.009870677 0.999692919 -0.022713054 -0.201140179 0.107092825 0.023640373 0.993967336 22.259046334
0.993568165 0.006554918 -0.113042921 -0.452565368 -0.009458682 0.999638446 -0.025170790 -0.208403310 0.112836847 0.026078142 0.993271200 22.590997116
0.992173044 0.004163012 -0.124802757 -0.542124513 -0.007942441 0.999523855 -0.029801379 -0.222361114 0.124619218 0.030559306 0.991733688 23.252052820
0.990762350 0.003280438 -0.135567674 -0.638779446 -0.007705218 0.999454028 -0.032127514 -0.232656284 0.135387954 0.032875267 0.990247087 23.920259360
0.989972351 0.003839228 -0.141207053 -0.692044952 -0.008517170 0.999433784 -0.032538916 -0.236636688 0.141001613 0.033415262 0.989444852 24.259358273
0.988083533 0.004397737 -0.153856549 -0.811362394 -0.009414191 0.999446624 -0.031891866 -0.242403237 0.153630824 0.032960212 0.987578169 24.936254212
0.985835851 0.005421742 -0.167623204 -0.947766033 -0.010647163 0.999484247 -0.030290968 -0.246814757 0.167372760 0.031646633 0.985385767 25.601975067
0.984659536 0.005352793 -0.174403055 -1.012371440 -0.010832462 0.999476977 -0.030483086 -0.250651111 0.174149189 0.031904660 0.984201965 25.938332545
0.981838517 0.005854669 -0.189627490 -1.160677611 -0.012280359 0.999389170 -0.032728911 -0.261626612 0.189319587 0.034463176 0.981310053 26.601976692
0.978808640 0.006734293 -0.204667049 -1.323086947 -0.014408290 0.999246711 -0.036028372 -0.274606137 0.204269744 0.038213715 0.978168266 27.265714018
0.977275290 0.005739411 -0.211893233 -1.398954171 -0.014167507 0.999166397 -0.038278512 -0.282057535 0.211496644 0.040410555 0.976542878 27.599303304
0.974055764 0.005429694 -0.226241046 -1.566282130 -0.015164679 0.999030717 -0.041313670 -0.294804655 0.225797055 0.043672647 0.973194019 28.268029619
0.970567899 0.005108608 -0.240773386 -1.747947766 -0.015592585 0.999010390 -0.041657887 -0.303338841 0.240321974 0.044186054 0.969687092 28.922751289
0.969051784 0.004932154 -0.246807616 -1.836043203 -0.015618965 0.999022509 -0.041361012 -0.306748318 0.246362418 0.043935799 0.968181400 29.240197283
0.965459821 0.006280124 -0.260475448 -2.022094582 -0.017213770 0.999062398 -0.039715812 -0.311982732 0.259981932 0.042827713 0.964662661 29.885075219
0.961319959 0.006195740 -0.275364639 -2.218689546 -0.017167488 0.999150591 -0.037452123 -0.316542032 0.274898377 0.040730745 0.960609468 30.540645106
0.959386464 0.006022649 -0.282028796 -2.326535537 -0.017202513 0.999160475 -0.037181754 -0.320433088 0.281567753 0.040523273 0.958684797 30.863894928
0.954667164 0.005987962 -0.297615553 -2.554052275 -0.017656037 0.999176549 -0.036532644 -0.328377639 0.297151957 0.040131212 0.953985699 31.536647595
0.950387807 0.007057198 -0.310987238 -2.780187899 -0.018948333 0.999199127 -0.035232252 -0.335223159 0.310488869 0.039376948 0.949760824 32.207983133
0.947996822 0.008665493 -0.318162366 -2.906401879 -0.020696663 0.999192450 -0.034453840 -0.338566745 0.317606610 0.039246953 0.947410091 32.535619156
0.943593076 0.012103079 -0.330886247 -3.150288920 -0.024500956 0.999144665 -0.033323297 -0.345826457 0.330200038 0.039550683 0.943081527 33.196479492
0.939232089 0.016082652 -0.342904381 -3.407611206 -0.028887312 0.999061586 -0.032266563 -0.353450940 0.342064267 0.040211332 0.938815681 33.856732201
0.937029909 0.017817988 -0.348793036 -3.542938649 -0.030791051 0.999023059 -0.031685398 -0.357379813 0.347888247 0.040429896 0.936663825 34.193626251
0.933750101 0.019401990 -0.357398944 -3.798110559 -0.032932202 0.998951518 -0.031809887 -0.367144836 0.356406614 0.041472368 0.933409703 34.851726293
0.930912873 0.018844469 -0.364754263 -4.060952934 -0.033217792 0.998897087 -0.033170942 -0.379375395 0.363727441 0.042995530 0.930512260 35.517646025
0.929429712 0.018435018 -0.368538918 -4.194125640 -0.033261534 0.998870976 -0.033918009 -0.385654757 0.367497581 0.043782519 0.928993528 35.852385913
0.925662503 0.018572624 -0.377895417 -4.481734022 -0.034516283 0.998774965 -0.035461267 -0.398545932 0.376773272 0.045868610 0.925168809 36.514953452
0.922445893 0.018775293 -0.385669473 -4.762251753 -0.035389793 0.998723964 -0.036025117 -0.409779482 0.384501617 0.046879918 0.921932889 37.184550108
0.920656399 0.018372908 -0.389940737 -4.908161255 -0.035494157 0.998693965 -0.036746786 -0.416254007 0.388755934 0.047671758 0.920105472 37.517971101
0.916806489 0.015756849 -0.399018969 -5.209054888 -0.034336657 0.998630928 -0.039458711 -0.431657894 0.397851044 0.049877009 0.916093012 38.194057803
0.913561947 0.008696072 -0.406605981 -5.504813453 -0.029713656 0.998527045 -0.045405251 -0.452641356 0.405612203 0.053562300 0.912474532 38.879259534
0.912138002 0.007094829 -0.409821874 -5.653461299 -0.029368440 0.998411186 -0.048080553 -0.462463668 0.408829493 0.055891888 0.910897043 39.215506601
0.909031741 0.005257456 -0.416692698 -5.971970271 -0.029503736 0.998223349 -0.051768762 -0.479759849 0.415680329 0.059353420 0.907571699 39.895249661
0.905517052 0.005642515 -0.424271869 -6.299120673 -0.030639929 0.998170346 -0.052119364 -0.491644655 0.423201917 0.060194598 0.904033832 40.569438877
0.903545775 0.005577708 -0.428454736 -6.464848223 -0.030281492 0.998246004 -0.050863780 -0.495351542 0.427419115 0.058932021 0.902130406 40.908686827
0.899980046 0.004377289 -0.435909258 -6.800467841 -0.028887364 0.998350103 -0.049615717 -0.505042657 0.434972846 0.057245425 0.898621813 41.591441375
0.897386187 0.001156890 -0.441244170 -7.129549888 -0.026715990 0.998304435 -0.051716711 -0.520244067 0.440436409 0.058198050 0.895895509 42.281886491
0.896126358 0.000294799 -0.443799292 -7.301504697 -0.026571080 0.998241833 -0.052989762 -0.528306739 0.443002606 0.059277679 0.894558240 42.627515722
0.893211217 -0.000715132 -0.449636860 -7.649052600 -0.026840491 0.998130782 -0.054906642 -0.543322133 0.448834892 0.061111625 0.891521649 43.308202385
0.890969124 -0.002659808 -0.454055321 -7.992989214 -0.025878180 0.998059618 -0.056626193 -0.558147790 0.453325650 0.062202246 0.889172189 43.999470099
0.889675629 -0.005200246 -0.456562819 -8.167054941 -0.023747675 0.998054399 -0.057643699 -0.565969465 0.455973810 0.062126467 0.887821488 44.347238474
0.886906775 -0.011692054 -0.461799327 -8.522267494 -0.018558282 0.997971259 -0.060909173 -0.583730329 0.461574267 0.062590931 0.884890451 45.035742834
0.884276899 -0.017528271 -0.466634337 -8.874587558 -0.013771848 0.997881618 -0.063581307 -0.600491299 0.466760012 0.062649843 0.882162031 45.735546487
0.883259216 -0.019671479 -0.468472357 -9.064246381 -0.011230036 0.997945046 -0.063077676 -0.606177293 0.468750588 0.060974864 0.881223440 46.084862464
0.880248077 -0.023705589 -0.473920965 -9.437105728 -0.005431067 0.998182976 -0.060016843 -0.614170176 0.474483000 0.055403613 0.878519079 46.805390345
0.877173081 -0.027072513 -0.479410873 -9.822042464 0.000363164 0.998446824 -0.055718302 -0.620309069 0.480174850 0.048700428 0.875819404 47.523901442
0.875972496 -0.028958206 -0.481491324 -10.013130579 0.003059889 0.998510080 -0.054486533 -0.624774654 0.482351751 0.046255392 0.874754780 47.874651058
0.872890680 -0.033675476 -0.486750981 -10.390264413 0.007315726 0.998406024 -0.055954806 -0.639896793 0.487859694 0.045281406 0.871746622 48.571118887
0.870229674 -0.039007600 -0.491098896 -10.775156612 0.011234559 0.998172027 -0.059376425 -0.658325809 0.492517764 0.046153862 0.869077171 49.261258335
0.868746050 -0.041942101 -0.493479679 -10.964753964 0.013664056 0.998057776 -0.060772816 -0.666971090 0.495069742 0.046053092 0.867631648 49.610553246
0.866009757 -0.042635155 -0.498205836 -11.361749927 0.013361463 0.997975268 -0.062178637 -0.682276422 0.499847501 0.047190557 0.864826358 50.298684947
0.862746243 -0.043549779 -0.503757235 -11.775045324 0.014212483 0.997978796 -0.061934657 -0.695235773 0.505436367 0.046274282 0.861621606 50.989078222
0.861434687 -0.044978186 -0.505872181 -11.969605741 0.015821881 0.997963611 -0.061788591 -0.701509163 0.507621393 0.045222931 0.860391993 51.343377352
0.860073432 -0.049817568 -0.507731059 -12.369321509 0.020881462 0.997824616 -0.062532394 -0.715981747 0.509741712 0.043180272 0.859242634 52.048506966
0.858202676 -0.055419644 -0.510310247 -12.782472106 0.026732196 0.997631480 -0.063386330 -0.730839098 0.512614617 0.040756555 0.857650357 52.753028811
0.856817180 -0.057974135 -0.512350154 -12.986888874 0.030271316 0.997601219 -0.062258448 -0.735727898 0.514730901 0.037834581 0.856516109 53.117312466
0.853919944 -0.064052348 -0.516446605 -13.393840399 0.040542010 0.997568746 -0.056689305 -0.739799471 0.518821885 0.027470262 0.854440516 53.829640883
0.851721545 -0.063444250 -0.520139173 -13.823472499 0.045332084 0.997842935 -0.047481713 -0.738472633 0.522029324 0.016862229 0.852760553 54.550664890
0.850650828 -0.060787884 -0.522204458 -14.047176303 0.045207436 0.998071633 -0.042540680 -0.737436450 0.523783236 0.012579705 0.851758404 54.905943421
0.849362106 -0.057501206 -0.524668483 -14.481722514 0.045143866 0.998319435 -0.036329815 -0.741167473 0.525875829 0.007171562 0.850530522 55.617776677
0.847593412 -0.055900850 -0.527693865 -14.925340501 0.044276544 0.998418006 -0.034648805 -0.752563619 0.528795954 0.006003558 0.848727337 56.324675481
0.846582418 -0.055475032 -0.529358633 -15.148855950 0.043433446 0.998437301 -0.035171568 -0.760595250 0.530482182 0.006783690 0.847668556 56.679889463
0.845185520 -0.054392456 -0.531697052 -15.596581972 0.041367750 0.998480743 -0.036386228 -0.776988082 0.532869268 0.008757965 0.846151847 57.391027557
0.845283698 -0.051095507 -0.531869120 -16.047163463 0.037647335 0.998638882 -0.036105252 -0.791090058 0.532989712 0.010495658 0.846056110 58.105031863
0.845429038 -0.049721272 -0.531767866 -16.271430314 0.036622837 0.998710203 -0.035156657 -0.796741911 0.532830855 0.010247621 0.846159530 58.460975261
0.845760887 -0.048244050 -0.531375950 -16.712132762 0.035934787 0.998793169 -0.033485951 -0.808247895 0.532349759 0.009226185 0.846473668 59.179165459
0.845514560 -0.047319538 -0.531850668 -17.169008797 0.034620654 0.998827520 -0.033828677 -0.823466437 0.532827583 0.010189603 0.846162331 59.899574104
0.846032031 -0.046710395 -0.531081035 -17.388189589 0.033282915 0.998838771 -0.034830485 -0.832338434 0.532091640 0.011791756 0.846604912 60.264649327
0.847075118 -0.045740860 -0.529500894 -17.839959005 0.030380170 0.998828138 -0.037682627 -0.851766881 0.530603259 0.015833637 0.847471836 60.994182750
0.847936470 -0.044804770 -0.528200868 -18.296642476 0.027570781 0.998800718 -0.040463260 -0.871182868 0.529380673 0.019747357 0.848154700 61.728703597
0.848617259 -0.043370416 -0.527226197 -18.521442001 0.025400100 0.998825038 -0.041281249 -0.879912085 0.528396555 0.021640376 0.848721461 62.099479646
0.850172063 -0.038298701 -0.525109503 -18.981018943 0.019355836 0.998950519 -0.041520394 -0.895207660 0.526149111 0.025135480 0.850020420 62.836879729
0.851768784 -0.033435296 -0.522848975 -19.436453378 0.014762098 0.999096850 -0.039841825 -0.907166148 0.523709203 0.026217636 0.851492864 63.570028709
0.852001211 -0.031305206 -0.522602684 -19.659908340 0.012790108 0.999157777 -0.039000259 -0.913036758 0.523382567 0.026544152 0.851682830 63.939400154
0.853782005 -0.026925467 -0.519934106 -20.101825502 0.007344065 0.999185691 -0.039684503 -0.928579523 0.520578220 0.030063429 0.853284227 64.673128650
0.855135879 -0.024532361 -0.517822909 -20.542295098 0.003430574 0.999125380 -0.041669292 -0.946222485 0.518392392 0.033856479 0.854472077 65.405417243
0.856010063 -0.024283732 -0.516388228 -20.761481290 0.002677902 0.999091144 -0.042544276 -0.954834544 0.516951374 0.035035495 0.855296590 65.770494316
0.857784393 -0.022550593 -0.513515644 -21.200409342 0.000957075 0.999105895 -0.042276251 -0.968955973 0.514008949 0.035772359 0.857038131 66.529667186
0.859466961 -0.018527394 -0.510854631 -21.635850140 -0.003109037 0.999135094 -0.041466882 -0.981989424 0.511181010 0.037227711 0.858666247 67.285285419
0.859860027 -0.017954737 -0.510213340 -21.864851357 -0.004393014 0.999084508 -0.042562160 -0.991206413 0.510510736 0.038838833 0.858993888 67.660332854
0.860799726 -0.020285074 -0.508539898 -22.294407344 -0.003926732 0.998910452 -0.046492268 -1.012119235 0.508929205 0.042017388 0.859782593 68.424337268
0.862423831 -0.020180375 -0.505784618 -22.743068600 -0.005266516 0.998792959 -0.048831144 -1.030784645 0.506159581 0.044776819 0.861276350 69.193452460
0.863137311 -0.018853564 -0.504616808 -22.966302284 -0.006344201 0.998819508 -0.048169671 -1.037162048 0.504928957 0.044778452 0.861998320 69.591104460
0.864138921 -0.017765227 -0.502939715 -23.412808694 -0.006044645 0.998938308 -0.045671180 -1.048037305 0.503217095 0.042506312 0.863113895 70.386421839
0.865632855 -0.017002473 -0.500390359 -23.865532395 -0.006977641 0.998916342 -0.046012329 -1.063748232 0.500630906 0.043321359 0.864576451 71.188117082
0.866150339 -0.015505540 -0.499542169 -24.093635484 -0.008996371 0.998873472 -0.046603318 -1.072262657 0.499702122 0.044859467 0.865034731 71.590741204
0.867022972 -0.013723263 -0.498078059 -24.549749666 -0.013199009 0.998637347 -0.050490904 -1.093720440 0.498092844 0.050350886 0.865660557 72.395957921
0.867524999 -0.010720762 -0.497277354 -25.017085946 -0.018937918 0.998331080 -0.054561273 -1.115632487 0.497032211 0.056750705 0.865873643 73.212571025
0.868013821 -0.009318556 -0.496451869 -25.246604206 -0.020630518 0.998283598 -0.054809250 -1.123606339 0.496110865 0.057817198 0.866331654 73.616623947
0.868421274 -0.008223097 -0.495758070 -25.691581795 -0.020720173 0.998387071 -0.052855759 -1.135420531 0.495393637 0.056173266 0.866849833 74.424651770
0.868727136 -0.005021990 -0.495264380 -26.147915690 -0.022897939 0.998471719 -0.050289183 -1.146300864 0.494760233 0.055028079 0.867284698 75.229943782
0.869829910 -0.004493731 -0.493331087 -26.363982508 -0.023714244 0.998421907 -0.050907068 -1.154689756 0.492780313 0.055979354 0.868350471 75.634598780
0.870822661 -0.005572883 -0.491565646 -26.803177722 -0.024063699 0.998254334 -0.053946651 -1.174524829 0.491008137 0.058806829 0.869167304 76.436869697
0.871254115 -0.005372769 -0.490802721 -27.245973993 -0.024412647 0.998228262 -0.054263911 -1.189969201 0.490224572 0.059259397 0.869578637 77.242734250
0.871456278 -0.005258671 -0.490443135 -27.469796005 -0.024227101 0.998260445 -0.053752192 -1.196744614 0.489872877 0.058724648 0.869813532 77.655237973
0.872227881 -0.005001427 -0.489073843 -27.917432553 -0.023965028 0.998309637 -0.052949101 -1.210655351 0.488511831 0.057904305 0.870633958 78.480242859
0.873909518 -0.005799046 -0.486053515 -28.572580257 -0.023183128 0.998293650 -0.053593176 -1.234237350 0.485534494 0.058103798 0.872283878 79.715485979
0.874365275 -0.008981946 -0.485185341 -29.025758284 -0.020146560 0.998294573 -0.054787648 -1.251724412 0.484849975 0.057679158 0.872693255 80.546165217
0.875383630 -0.013408727 -0.483241758 -29.461836617 -0.016367109 0.998220560 -0.057346899 -1.271216347 0.483150894 0.058109826 0.873606129 81.388014913
0.875959467 -0.015674364 -0.482130443 -29.675672429 -0.014310995 0.998187558 -0.058452733 -1.280554523 0.482172951 0.058101915 0.874146512 81.804667806
0.877332248 -0.017975259 -0.479546786 -30.116839728 -0.011783451 0.998189839 -0.058973968 -1.296686348 0.479738348 0.057390484 0.875532596 82.637386675
0.878492193 -0.019234030 -0.477369778 -30.565621366 -0.010427724 0.998179281 -0.059408313 -1.312912739 0.477642999 0.057167676 0.876691845 83.492084191
0.879167502 -0.020189026 -0.476085368 -30.787178314 -0.009808588 0.998123889 -0.060440053 -1.322277040 0.476411748 0.057806590 0.877319115 83.916574137
0.881056192 -0.022927643 -0.472455710 -31.221028548 -0.008107364 0.997945646 -0.063548117 -1.342578293 0.472942116 0.059819803 0.879060399 84.770422724
0.883240992 -0.028070780 -0.468078399 -31.639487180 -0.002893744 0.997861423 -0.065302467 -1.360387884 0.468910582 0.059032270 0.881270726 85.608614568
0.884024726 -0.029471816 -0.466511383 -31.850467261 -0.000875917 0.997904479 -0.064702606 -1.366956592 0.467440036 0.057607286 0.882145514 86.036579351
0.885750808 -0.031218746 -0.463109012 -32.275282475 0.002721488 0.998067882 -0.062075799 -1.377823148 0.464153137 0.053723349 0.884124321 86.895374987
0.887492843 -0.034166780 -0.459552438 -32.699394465 0.007619709 0.998199149 -0.059498974 -1.388750041 0.460757786 0.049303175 0.886155352 87.753457717
0.888265294 -0.036114936 -0.457907951 -32.902539759 0.010053469 0.998193938 -0.059224942 -1.395690986 0.459220214 0.048003852 0.887024455 88.187724691
0.889576558 -0.039206287 -0.455100154 -33.315896078 0.013090689 0.998088383 -0.060396024 -1.412430212 0.456598697 0.047769340 0.888388756 89.049220982
0.891785417 -0.042273226 -0.450478471 -33.732017115 0.015587257 0.997905098 -0.062787092 -1.431247530 0.452188838 0.048970807 0.890576531 89.913552386
0.892904491 -0.042505884 -0.448234745 -33.931635697 0.015837392 0.997882447 -0.063080174 -1.439000038 0.449966597 0.049225645 0.891687463 90.344251201
0.894528561 -0.041357540 -0.445094407 -34.338631379 0.015055279 0.997933635 -0.062469303 -1.452731611 0.446757475 0.049179517 0.893302071 91.213498696
0.895632279 -0.042050593 -0.442803023 -34.755556151 0.016267074 0.997952164 -0.061867669 -1.466649758 0.444497493 0.048207567 0.894481805 92.078577451
0.896605865 -0.042012469 -0.440832352 -34.955887510 0.016359662 0.997952807 -0.061833771 -1.473882040 0.442527710 0.048228566 0.895456366 92.509992445
0.898201080 -0.041786180 -0.437592903 -35.357112806 0.015868540 0.997905225 -0.062719274 -1.489984313 0.439296790 0.049390546 0.896982726 93.387665335
0.899787506 -0.041322384 -0.434366116 -35.768299797 0.015589593 0.997914429 -0.062640538 -1.504703539 0.436049028 0.049591523 0.898555494 94.261180657
0.900740245 -0.040414352 -0.432474030 -35.965123965 0.014723726 0.997930314 -0.062589951 -1.511807609 0.434108089 0.050009658 0.899471368 94.689034183
0.902200495 -0.039909214 -0.429465837 -36.367081974 0.014366262 0.997937966 -0.062555933 -1.526429888 0.431077832 0.050268154 0.900913250 95.567430084
0.903591345 -0.039462645 -0.426573345 -36.764695982 0.013685599 0.997899292 -0.063326844 -1.542342423 0.428176674 0.051383690 0.902233021 96.455684023
0.904420494 -0.039955598 -0.424766990 -36.964204444 0.014162570 0.997868479 -0.063709096 -1.550323333 0.426406543 0.051604030 0.903058141 96.900523293
0.906333315 -0.040099392 -0.420656381 -37.363146762 0.014683650 0.997874208 -0.063486467 -1.564803968 0.422307640 0.051363178 0.904995740 97.804354458
0.908475953 -0.039533360 -0.416062403 -37.751596580 0.014878712 0.997944555 -0.062334948 -1.577500308 0.417670828 0.050439303 0.907196363 98.697511180
0.909113630 -0.039453653 -0.414674160 -37.949042718 0.015273422 0.997992566 -0.061467954 -1.583382779 0.416267172 0.049547818 0.907891218 99.140227959
0.911302415 -0.038533274 -0.409930147 -38.328279129 0.015261167 0.998088406 -0.059893413 -1.595232354 0.411453903 0.048324923 0.910147388 100.038270597
0.913133343 -0.038670774 -0.405823423 -38.701173233 0.015976378 0.998120146 -0.059162585 -1.608264808 0.407348487 0.047539703 0.912034812 100.929892528
0.916204677 -0.039461474 -0.398762789 -39.252287701 0.017055878 0.998077951 -0.059581591 -1.630155428 0.400347502 0.047787683 0.915116567 102.273257356
0.917857091 -0.038948544 -0.394995882 -39.622973850 0.017077442 0.998127032 -0.058737363 -1.643027434 0.396544101 0.047166933 0.916802997 103.176885081
0.918705913 -0.038887390 -0.393022992 -39.811874294 0.017248565 0.998142125 -0.058441284 -1.649712390 0.394565912 0.046911294 0.917669052 103.625188512
0.920163816 -0.038936563 -0.389592129 -40.177530869 0.017708406 0.998163682 -0.057933643 -1.663085194 0.391131926 0.046409321 0.919162641 104.537967418
0.921543193 -0.038873620 -0.386323352 -40.555075800 0.017554115 0.998129452 -0.058562342 -1.678631496 0.387877411 0.047186180 0.920501758 105.462842950
0.922524658 -0.038647793 -0.383997308 -40.741036615 0.017242964 0.998107513 -0.059030561 -1.686586010 0.385551893 0.047835875 0.921444667 105.922429520
0.924755146 -0.037018654 -0.378756566 -41.103762905 0.015794538 0.998133121 -0.058991858 -1.700778482 0.380233309 0.048570705 0.923614246 106.846494767
0.926585628 -0.036616986 -0.374295790 -41.460790663 0.015885345 0.998170839 -0.058325284 -1.713882487 0.375746643 0.048097524 0.925472368 107.779010032
0.927744352 -0.036451127 -0.371431373 -41.634741373 0.015968602 0.998184367 -0.058073266 -1.720451771 0.372873780 0.047945807 0.926642487 108.240636446
0.930262021 -0.036370953 -0.365089301 -41.985393596 0.015791786 0.998121356 -0.059196938 -1.736338271 0.366556307 0.049303184 0.929088366 109.166719617
0.932381901 -0.036641861 -0.359612091 -42.328901797 0.015711393 0.998017324 -0.060955195 -1.753136526 0.361132821 0.051183470 0.931108575 110.099813616
0.933313237 -0.037020375 -0.357149275 -42.493600058 0.016072106 0.997981432 -0.061445984 -1.760738592 0.358703460 0.051608189 0.932024124 110.566312566
0.935649332 -0.037266974 -0.350956880 -42.829350102 0.016786725 0.997982876 -0.061219355 -1.774219972 0.352530757 0.051388383 0.934387903 111.505735017
0.937591443 -0.035777194 -0.345893343 -43.163735647 0.015996892 0.998077419 -0.059873822 -1.785802514 0.347370277 0.050603967 0.936361438 112.443746031
0.938550016 -0.036463983 -0.343212020 -43.319956952 0.017243636 0.998116077 -0.058888759 -1.790897862 0.344712812 0.049351798 0.937409350 112.915855190
0.940719681 -0.036378116 -0.337228195 -43.646411920 0.017994535 0.998184457 -0.057481416 -1.802391209 0.338707097 0.048005644 0.939666253 113.874313762
0.942066929 -0.035642497 -0.333525836 -43.969413746 0.017344652 0.998184829 -0.057680785 -1.816227293 0.334976298 0.048554247 0.940973951 114.815051195
0.943302039 -0.035020500 -0.330081825 -44.124169626 0.016574099 0.998148263 -0.058534635 -1.824282631 0.331520589 0.049745048 0.942135506 115.285714331
0.945108442 -0.034956856 -0.324882220 -44.442109067 0.016286284 0.998064594 -0.060012499 -1.840199132 0.326351198 0.051427127 0.943847925 116.235591700
0.947018245 -0.033887950 -0.319386631 -44.752274361 0.015483864 0.998078683 -0.059988014 -1.853568574 0.320806189 0.051864394 0.945723418 117.191792042
0.948351265 -0.032005025 -0.315603595 -44.900645513 0.013798074 0.998117584 -0.059756634 -1.859775981 0.316921908 0.052315521 0.947007337 117.670198126
0.950944053 -0.030595032 -0.307845610 -45.193055029 0.012769541 0.998131774 -0.059753174 -1.872941180 0.309098083 0.052890920 0.949557792 118.636872176
0.953067684 -0.030616714 -0.301204618 -45.486203487 0.013532573 0.998186990 -0.058644028 -1.884326456 0.302453544 0.051815549 0.951754592 119.604271372
0.954140458 -0.030621342 -0.297787312 -45.632484903 0.013946681 0.998221647 -0.057960138 -1.889755105 0.299032065 0.051148918 0.952870481 120.080545570
0.956443539 -0.031574276 -0.290204504 -45.905152586 0.015456959 0.998216288 -0.057663956 -1.902018827 0.291506727 0.050666634 0.955225597 121.041418780
0.958590845 -0.034321118 -0.282711175 -46.176919497 0.018010545 0.998030064 -0.060092538 -1.918780275 0.284216121 0.052512332 0.957320583 122.015689577
0.959347229 -0.036017057 -0.279919699 -46.314623860 0.019687581 0.997947756 -0.060931624 -1.926521044 0.281539851 0.052943554 0.958086953 122.497539682
0.961285743 -0.038697829 -0.272822449 -46.570912517 0.022718787 0.997849303 -0.061488379 -1.939889505 0.274615506 0.052909631 0.960097563 123.470302234
0.963352229 -0.039001124 -0.265389951 -46.831427371 0.023441888 0.997828864 -0.061545922 -1.952566021 0.267214480 0.053069132 0.962174157 124.447344569
0.964255368 -0.039084248 -0.262076349 -46.960634219 0.023722728 0.997823849 -0.061525879 -1.958789835 0.263910040 0.053109540 0.963083971 124.934797837
0.966428670 -0.040371080 -0.253744313 -47.194178227 0.025600902 0.997794082 -0.061245265 -1.970495324 0.255657769 0.052693054 0.965330044 125.927199227
0.968067975 -0.039917893 -0.247490482 -47.436293680 0.025898406 0.997883195 -0.059647164 -1.980158626 0.249347441 0.051332869 0.967052330 126.914022789
0.968711491 -0.039864599 -0.244965333 -47.554181602 0.026083837 0.997902655 -0.059246278 -1.985516733 0.246813682 0.051002929 0.967719747 127.404224679
0.970043943 -0.039263769 -0.239734773 -47.782844782 0.026030643 0.997970305 -0.058119282 -1.995635067 0.241530724 0.050137817 0.969096491 128.391650032
0.971833186 -0.036880463 -0.232767126 -48.010798301 0.024176558 0.998070094 -0.057197935 -2.006123662 0.234427129 0.049959250 0.970848951 129.378360273
0.972687820 -0.036043365 -0.229301347 -48.118755055 0.023587560 0.998105110 -0.056832495 -2.011395172 0.230914760 0.049871601 0.971694956 129.872730191
0.974015201 -0.034993159 -0.223764328 -48.335391724 0.023115995 0.998192092 -0.055481014 -2.020918085 0.225300814 0.048866731 0.973062448 130.862189766
0.975319971 -0.034052796 -0.218153177 -48.549949456 0.022918681 0.998311575 -0.053367480 -2.029142367 0.219601969 0.047050555 0.974453775 131.849521156
0.975864630 -0.034053741 -0.215702837 -48.652217230 0.023320672 0.998369307 -0.052110755 -2.032865521 0.217125626 0.045822726 0.975066903 132.352344367
0.976655797 -0.034776391 -0.211975076 -48.860423724 0.024450988 0.998391850 -0.051139495 -2.042702579 0.213412856 0.044762635 0.975936349 133.333251990
0.977254855 -0.033852096 -0.209346518 -49.055028162 0.023469544 0.998377735 -0.051882638 -2.055132610 0.210763827 0.045789219 0.976463489 134.328888266
0.977663277 -0.033054568 -0.207562505 -49.151619680 0.022604640 0.998364147 -0.052517912 -2.061767876 0.208959265 0.046652924 0.976810401 134.825990936
0.978347060 -0.031733853 -0.204523515 -49.348573342 0.021434521 0.998397105 -0.052378681 -2.072630315 0.205857828 0.046860568 0.977458659 135.795491638
0.978772290 -0.029044949 -0.202880330 -49.541958911 0.019085100 0.998522629 -0.050877696 -2.081223516 0.204058363 0.045925619 0.977880204 136.775588193
0.979037725 -0.027909219 -0.201758640 -49.642224641 0.018206732 0.998594322 -0.049786991 -2.085019251 0.202865059 0.045069837 0.978168497 137.262131377
0.979398457 -0.026952498 -0.200127790 -49.831414332 0.017696941 0.998695339 -0.047894427 -2.092844748 0.201158089 0.043366127 0.978598519 138.237958538
0.979391934 -0.026580943 -0.200213562 -50.023985934 0.017584827 0.998760099 -0.046578218 -2.101756682 0.201203323 0.042097543 0.978644397 139.231482429
0.979486188 -0.025904553 -0.199840392 -50.121432538 0.017054526 0.998801185 -0.045880874 -2.106093692 0.200790186 0.041531431 0.978753195 139.715171854
0.979308035 -0.023832964 -0.200966636 -50.319822967 0.015106136 0.998879838 -0.044847017 -2.115375809 0.201810408 0.040883136 0.978570946 140.686108759
0.979045969 -0.021987048 -0.202448650 -50.513218089 0.013511981 0.998976963 -0.043150352 -2.123509121 0.203190133 0.039510660 0.978341563 141.666208587
0.978677020 -0.020750262 -0.204355095 -50.616269719 0.012259794 0.999012083 -0.042726452 -2.128363193 0.205039765 0.039310015 0.977963702 142.155594143
0.977974080 -0.017473804 -0.207992843 -50.825320915 0.009155022 0.999121859 -0.040891348 -2.136401876 0.208525271 0.038086574 0.977274335 143.123084963
0.977169980 -0.011671515 -0.212137410 -51.049860693 0.003787731 0.999288156 -0.037532227 -2.142263345 0.212424326 0.035871805 0.976518106 144.106265760
0.976456623 -0.009485358 -0.215506489 -51.164877931 0.001756063 0.999349181 -0.036029083 -2.145571811 0.215707359 0.034802403 0.975837116 144.607774416
0.975216061 -0.007078822 -0.221140213 -51.396938598 -0.000743561 0.999377887 -0.035270018 -2.156026762 0.221251878 0.034560356 0.974603849 145.612901835
0.973685181 -0.004908582 -0.227845216 -51.635452994 -0.003556034 0.999318643 -0.036725826 -2.170080765 0.227870577 0.036569624 0.973004074 146.596131760
0.972788888 -0.004094292 -0.231656257 -51.751222522 -0.004574070 0.999310014 -0.036869755 -2.176039782 0.231647156 0.036926079 0.972097884 147.084191944
0.970539059 -0.001885010 -0.240934653 -51.993405937 -0.007197904 0.999296072 -0.036812977 -2.187504194 0.240833905 0.037462633 0.969842962 148.056860604
0.968059858 -0.000604710 -0.250716585 -52.247036466 -0.008836815 0.999293829 -0.036530555 -2.198736118 0.250561732 0.037579272 0.967370686 149.012646378
0.966595213 -0.000062480 -0.256306735 -52.379160931 -0.009637615 0.999284250 -0.036589509 -2.204750118 0.256124729 0.037837409 0.965902279 149.488808964
