1.000000000 -0.000000000 0.000000000 0.000000000 -0.000000000 1.000000000 0.000000000 0.000000000 -0.000000000 0.000000000 1.000000000 0.000000000
0.999840565 -0.001002391 -0.017818505 -0.026827178 0.000999432 0.999999142 -0.000176525 -0.023544088 0.017817899 0.000158667 0.999841531 0.727493981
0.999327405 -0.002282192 -0.036583287 -0.061012307 0.002269682 0.999997330 -0.000383736 -0.047071112 0.036584712 0.000300358 0.999331353 1.451847078
0.998948856 -0.002315106 -0.045785522 -0.087089900 0.002318330 0.999997774 0.000016600 -0.058195755 0.045785371 -0.000122810 0.998952091 1.821086593
0.998033598 -0.002994435 -0.062605646 -0.140169518 0.003146485 0.999992126 0.002329906 -0.077825496 0.062597263 -0.002522422 0.998036135 2.559256574
0.996822020 -0.002426822 -0.079616976 -0.205449886 0.002758129 0.999988521 0.004051211 -0.098697313 0.079606207 -0.004257965 0.996817945 3.303055095
0.996109963 -0.002243373 -0.088090697 -0.245814849 0.002632873 0.999987229 0.004305384 -0.110626691 0.088080071 -0.004520607 0.996103127 3.687924770
0.994381606 0.000530092 -0.105848846 -0.337338493 0.000060084 0.999984965 0.005572534 -0.132701547 0.105849978 -0.005547665 0.994367398 4.442235914
0.992576098 0.002372521 -0.121603123 -0.437149332 -0.001186138 0.999950887 0.009827517 -0.149451166 0.121620021 -0.009610467 0.992530790 5.193182963
0.991558170 0.002799669 -0.129627617 -0.491319403 -0.001141800 0.999917188 0.012861446 -0.156349854 0.129653371 -0.012604980 0.991479669 5.572323069
0.989218480 0.004704721 -0.146366332 -0.613449312 -0.002266415 0.999855724 0.016820828 -0.173682161 0.146424208 -0.016307871 0.989087997 6.324600244
0.986556527 0.007517415 -0.163244042 -0.759291276 -0.005184394 0.999878559 0.014712868 -0.202469124 0.163334966 -0.013668813 0.986476710 7.099013802
0.985221058 0.007790743 -0.171107952 -0.834169135 -0.005838991 0.999912351 0.011906927 -0.220091290 0.171185964 -0.010731927 0.985180319 7.490718654
0.982354587 0.007442693 -0.186880183 -0.991288636 -0.006032245 0.999948697 0.008114888 -0.252060223 0.186931246 -0.006844397 0.982349584 8.271091498
0.979006858 0.011053767 -0.203526401 -1.167310161 -0.009375450 0.999913524 0.009208478 -0.275924022 0.203610375 -0.007107094 0.979026937 9.065415566
0.977307026 0.012978319 -0.211429081 -1.262927611 -0.010970414 0.999882818 0.010667149 -0.286508741 0.211542672 -0.008105689 0.977335602 9.470252197
0.974421041 0.016210633 -0.224144115 -1.452072564 -0.013855000 0.999831389 0.012078296 -0.309974570 0.224302393 -0.008663886 0.974481202 10.269864485
0.971650651 0.018999182 -0.235655665 -1.652496808 -0.016553383 0.999786418 0.012352709 -0.335642868 0.235840453 -0.008101708 0.971758625 11.075467331
0.970230557 0.020530029 -0.241309721 -1.755469327 -0.017960478 0.999755954 0.012843453 -0.347819701 0.241513824 -0.008127154 0.970363664 11.477111703
0.966907431 0.022947511 -0.254091908 -1.978463554 -0.019916056 0.999696724 0.014496960 -0.371526191 0.254347897 -0.008956803 0.967071882 12.294898927
0.963711772 0.023205862 -0.265933822 -2.209302611 -0.020024292 0.999691562 0.014669316 -0.398472360 0.266192645 -0.008811969 0.963879663 13.130987324
0.961970577 0.024006223 -0.272095883 -2.330235559 -0.021238039 0.999688969 0.013114285 -0.414748708 0.272325930 -0.006836873 0.962181354 13.546585954
0.958808239 0.024368408 -0.283005682 -2.576694758 -0.022975590 0.999702084 0.008239939 -0.450315443 0.283122144 -0.001398380 0.959082877 14.375723596
0.955497481 0.023134560 -0.294090089 -2.838360513 -0.023271909 0.999724340 0.003032663 -0.486995872 0.294079421 0.003946307 0.955772782 15.220088857
0.954134570 0.024064019 -0.298409675 -2.971497792 -0.024587443 0.999695693 0.002000343 -0.502515317 0.298367230 0.005428496 0.954436543 15.641379846
0.951197071 0.029822966 -0.307139823 -3.256001768 -0.029643186 0.999547020 0.005251501 -0.525014384 0.307157753 0.004109288 0.951649886 16.509092621
0.948231486 0.035568938 -0.315581370 -3.549569611 -0.033273537 0.999366355 0.012660553 -0.540452355 0.315831893 -0.001504799 0.948814517 17.382956827
0.946915814 0.038163359 -0.319207374 -3.699505260 -0.035410424 0.999269130 0.014425605 -0.551395547 0.319524836 -0.002356636 0.947575398 17.815718365
0.944462603 0.041976393 -0.325925968 -4.002101513 -0.040679226 0.999114015 0.010797465 -0.585995904 0.326090844 0.003060565 0.945333477 18.687277148
0.942704558 0.041744269 -0.331005094 -4.309395041 -0.043105958 0.999065099 0.003229770 -0.627913323 0.330830669 0.011223484 0.943623573 19.569645090
0.941656694 0.040522661 -0.334126508 -4.465595192 -0.042918572 0.999078831 0.000211888 -0.647793017 0.333827686 0.014140754 0.942528380 20.016845005
0.939207743 0.040646139 -0.340934125 -4.785111020 -0.043597433 0.999049112 -0.000996015 -0.678918661 0.340569601 0.015799319 0.940087161 20.905225678
0.936899398 0.043743846 -0.346851546 -5.112121825 -0.045809647 0.998947862 0.002245168 -0.702293293 0.346585076 0.013785590 0.937917988 21.796098887
0.936027855 0.043960125 -0.349167304 -5.277260791 -0.045913637 0.998941736 0.002683729 -0.716159255 0.348915962 0.013519510 0.937056756 22.244030288
0.934169157 0.044020055 -0.354102829 -5.616332420 -0.047119360 0.998889912 -0.000130710 -0.750129083 0.353703857 0.016807079 0.935206742 23.134846922
0.932459645 0.041265198 -0.358909774 -5.953822394 -0.048284173 0.998777540 -0.010610516 -0.796958954 0.358033542 0.027223499 0.933312248 24.013952421
0.931907237 0.039615407 -0.360525577 -6.120534753 -0.048960048 0.998658813 -0.016819583 -0.821843314 0.359376109 0.033325542 0.932597814 24.449973676
0.930713217 0.039260699 -0.363634947 -6.453848880 -0.052026908 0.998323117 -0.025375015 -0.864583523 0.362029095 0.042535608 0.931196200 25.316854070
0.929472583 0.042321756 -0.366453957 -6.801589537 -0.055255707 0.998162982 -0.024872643 -0.892781529 0.364728246 0.043367099 0.930103700 26.212860744
0.929080750 0.042709461 -0.367402169 -6.972646553 -0.054631115 0.998261738 -0.022105091 -0.902694273 0.365819638 0.040608915 0.929800216 26.659482513
0.928445178 0.043238259 -0.368943650 -7.314896713 -0.052913170 0.998468480 -0.016140655 -0.921709157 0.367680983 0.034507643 0.929312048 27.550518791
0.927757006 0.042375376 -0.370769486 -7.658460897 -0.051004450 0.998607196 -0.013494634 -0.946167323 0.369681121 0.031430534 0.928627718 28.434289193
0.927386712 0.040416433 -0.371912979 -7.827027433 -0.049482739 0.998664629 -0.014861411 -0.962844108 0.370815714 0.032185463 0.928149220 28.869787124
0.926899941 0.037809786 -0.373398470 -8.157372330 -0.048537309 0.998633870 -0.019365763 -0.998130336 0.372156413 0.036073901 0.927468914 29.712071218
0.925894022 0.040787949 -0.375574245 -8.507528722 -0.051471731 0.998504187 -0.018452950 -1.024624017 0.374259947 0.036416963 0.926608979 30.575555450
0.925482116 0.042379080 -0.376413421 -8.684897086 -0.052681927 0.998464868 -0.017114632 -1.036577427 0.375110478 0.035669416 0.926294447 31.013976810
0.925462499 0.042362080 -0.376462841 -9.029779731 -0.052379881 0.998492249 -0.016408910 -1.064000142 0.375200526 0.034904842 0.926286627 31.890560470
0.926364339 0.041734794 -0.374308726 -9.364042053 -0.052868090 0.998410400 -0.019520572 -1.097271186 0.372899440 0.037872137 0.927099156 32.749730849
0.926807360 0.041552310 -0.373230708 -9.528290475 -0.053330142 0.998349996 -0.021281824 -1.114097161 0.371730785 0.039628523 0.927495308 33.175101486
0.927900530 0.042825041 -0.370359344 -9.849709035 -0.054651241 0.998274540 -0.021492091 -1.142007083 0.368800030 0.040183085 0.928640378 34.024701230
0.929185579 0.046083976 -0.366727828 -10.169177771 -0.056468328 0.998248986 -0.017632456 -1.162750333 0.365273153 0.037092287 0.930161451 34.869928625
0.930115987 0.046941379 -0.364252970 -10.325036800 -0.056529814 0.998278111 -0.015699961 -1.173185428 0.362888888 0.035193919 0.931168121 35.293650896
0.932101044 0.048103281 -0.358989164 -10.637264246 -0.056829923 0.998289079 -0.013789567 -1.197585984 0.357712033 0.033254609 0.933239697 36.147289466
0.934668454 0.050435557 -0.351924423 -10.945270664 -0.058711300 0.998192023 -0.012875418 -1.223863187 0.350639262 0.032696177 0.935939912 37.011371393
0.935984588 0.051628546 -0.348235076 -11.095078163 -0.059841190 0.998125365 -0.012861237 -1.237582859 0.346918374 0.032876666 0.937319718 37.438657782
0.938981680 0.054795730 -0.339573495 -11.383409038 -0.063048712 0.997922035 -0.013310075 -1.265518356 0.338138802 0.033907528 0.940485264 38.287153846
0.941777776 0.056148110 -0.331513870 -11.666489372 -0.064482853 0.997817937 -0.014185917 -1.294266707 0.329994305 0.034736937 0.943343951 39.133513753
0.943658427 0.056967359 -0.325980033 -11.800672018 -0.065228947 0.997765893 -0.014460312 -1.308418069 0.324427924 0.034908783 0.945266850 39.559842249
0.947085720 0.057638852 -0.315760942 -12.065736042 -0.066007737 0.997693484 -0.015863684 -1.338586561 0.314118367 0.035866903 0.948706096 40.422550266
0.950619668 0.057011961 -0.305076006 -12.318709608 -0.065226628 0.997729504 -0.016793294 -1.368287803 0.303426154 0.035863032 0.952180229 41.292611162
0.952363824 0.056987807 -0.299591989 -12.443549622 -0.064878148 0.997757792 -0.016447605 -1.381912412 0.297983265 0.035100981 0.953925901 41.732736048
0.955936171 0.057803263 -0.287827168 -12.677776715 -0.063871955 0.997888933 -0.011730314 -1.401640126 0.286542018 0.029597473 0.957610558 42.594809406
0.959642215 0.056340849 -0.275520576 -12.902390458 -0.060532017 0.998143777 -0.006724953 -1.421602733 0.274630295 0.023131356 0.961271598 43.475121115
0.961521339 0.055698500 -0.269024135 -13.011341650 -0.059168095 0.998236609 -0.004799372 -1.432652602 0.268282326 0.020532318 0.963121518 43.918850369
0.965190246 0.055126297 -0.255672216 -13.219657501 -0.058008474 0.998309366 -0.003739712 -1.459275684 0.255033567 0.018440668 0.966756118 44.801551375
0.969173796 0.052734443 -0.240667468 -13.410488008 -0.055776079 0.998426673 -0.005838887 -1.491642629 0.239980908 0.019082237 0.970590629 45.691529896
0.970651326 0.051789824 -0.234849227 -13.509200153 -0.055066996 0.998455631 -0.007413076 -1.508404084 0.234102556 0.020127880 0.972003951 46.126390112
0.974298947 0.049453952 -0.219760924 -13.682282492 -0.053059531 0.998536288 -0.010530829 -1.542868789 0.218918701 0.021920547 0.975497087 47.028228833
0.977752219 0.050399929 -0.203617279 -13.840264488 -0.053779620 0.998491835 -0.011095516 -1.572849864 0.202751192 0.021799081 0.978987961 47.935573326
0.979340907 0.050653643 -0.195769068 -13.915326952 -0.053771094 0.998496522 -0.010638735 -1.586427016 0.194936057 0.020945706 0.980592470 48.383898217
0.982325863 0.049430489 -0.180532266 -14.053872223 -0.052219248 0.998577762 -0.010724324 -1.615854837 0.179745922 0.019962078 0.983510587 49.294120116
0.984788329 0.048489976 -0.166852140 -14.185051812 -0.051423090 0.998588284 -0.013301765 -1.649617516 0.165971285 0.021679403 0.985892578 50.207345050
0.985921462 0.048356202 -0.160062677 -14.246961916 -0.051381855 0.998569278 -0.014815593 -1.666907183 0.159117987 0.022831323 0.986995869 50.665515195
0.987929360 0.048456866 -0.147129749 -14.361996476 -0.051269947 0.998566264 -0.015385833 -1.697174509 0.146173388 0.022743338 0.988998277 51.579220519
0.989905212 0.048072871 -0.133327348 -14.458898246 -0.050434349 0.998624238 -0.014389686 -1.725121786 0.132452272 0.020968595 0.990968399 52.504006855
0.990645884 0.047452547 -0.127938631 -14.508709715 -0.049676192 0.998664180 -0.014243980 -1.740088270 0.127092020 0.020466172 0.991680194 52.977208779
0.992111955 0.045261462 -0.116892961 -14.600954429 -0.047518243 0.998732874 -0.016591212 -1.774938917 0.115994355 0.022014913 0.993005860 53.934216700
0.993322004 0.045409467 -0.106058322 -14.686884322 -0.047665750 0.998686274 -0.018835288 -1.809687907 0.105063383 0.023764876 0.994181706 54.899363126
0.993784443 0.045993197 -0.101375423 -14.726970343 -0.048149186 0.998660825 -0.018922378 -1.825123943 0.100369407 0.023685940 0.994668307 55.377789753
0.994644767 0.045098191 -0.092992650 -14.801004506 -0.046848857 0.998762139 -0.016728041 -1.851556197 0.092123446 0.020995082 0.995526593 56.317827932
0.995353068 0.044256648 -0.085519058 -14.865955179 -0.045572732 0.998869541 -0.013498468 -1.876743150 0.084824547 0.017333089 0.996245939 57.274838809
0.995750057 0.042998619 -0.081444634 -14.895006341 -0.044180911 0.998941878 -0.012768982 -1.891050372 0.080810096 0.016312959 0.996596265 57.758013619
0.996409711 0.040258503 -0.074472976 -14.952574852 -0.041369068 0.999054243 -0.013430367 -1.923353880 0.073861538 0.016463015 0.997132937 58.725558370
0.996939396 0.038349621 -0.068124883 -15.003684558 -0.039588152 0.999072762 -0.016922783 -1.960754092 0.067413387 0.019567829 0.997533837 59.703308802
0.997175082 0.037204998 -0.065242320 -15.028253422 -0.038472306 0.999092490 -0.018276384 -1.978845902 0.064503507 0.020734682 0.997702085 60.193712687
0.997514717 0.037139368 -0.059861512 -15.074360209 -0.038269518 0.999107947 -0.017843665 -2.009929934 0.059145335 0.020090156 0.998047851 61.187947226
0.997837408 0.038173864 -0.053496172 -15.111265433 -0.039019691 0.999128278 -0.014855034 -2.036918019 0.052882872 0.016910272 0.998458033 62.193858965
0.997936904 0.038330685 -0.051501488 -15.131216428 -0.039134869 0.999125834 -0.014697107 -2.052871580 0.050892803 0.016682238 0.998565309 62.701533803
0.998075469 0.040054611 -0.047331092 -15.169455874 -0.040863258 0.999033236 -0.016240942 -2.086865910 0.046635559 0.018143746 0.998747404 63.684890472
0.998231911 0.041373789 -0.042661626 -15.207271264 -0.042105264 0.998979082 -0.016391696 -2.119200379 0.041939524 0.018158998 0.998955322 64.690238845
0.998331135 0.041832938 -0.039796141 -15.220405493 -0.042480107 0.998976796 -0.015557631 -2.133787641 0.039104316 0.017222208 0.999086626 65.192166176
0.998477665 0.042281734 -0.035421161 -15.246256462 -0.042808425 0.998981834 -0.014247414 -2.164057777 0.034783108 0.015742005 0.999270965 66.210304923
0.998682886 0.039844023 -0.032314806 -15.265660738 -0.040362325 0.999064661 -0.015550463 -2.199081673 0.031665475 0.016834221 0.999356922 67.231040654
0.998770054 0.038488993 -0.031256527 -15.276165447 -0.039011724 0.999106391 -0.016288946 -2.216449149 0.030601369 0.017488147 0.999378851 67.731824121
0.998835584 0.038042529 -0.029657684 -15.297164665 -0.038566254 0.999107032 -0.017290917 -2.250457591 0.028974106 0.018414526 0.999410834 68.741033897
0.998888304 0.037471474 -0.028587669 -15.318004586 -0.038008922 0.999106431 -0.018494821 -2.285372827 0.027869360 0.019560821 0.999420383 69.767687156
0.998912589 0.037405864 -0.027812460 -15.327432062 -0.037939064 0.999101478 -0.018897096 -2.302638495 0.027080289 0.019931660 0.999434702 70.286338985
0.998935957 0.036579893 -0.028092251 -15.351272673 -0.037083250 0.999157419 -0.017611655 -2.333860289 0.027423920 0.018634550 0.999450821 71.330324788
0.998978329 0.036117683 -0.027153028 -15.368688638 -0.036554696 0.999207790 -0.015772435 -2.363945732 0.026561837 0.016748821 0.999507274 72.369475974
0.998954788 0.036865305 -0.027016209 -15.377478792 -0.037303800 0.999177173 -0.015912514 -2.380337577 0.026407638 0.016903624 0.999508894 72.876462454
0.998961683 0.035950665 -0.027972777 -15.397678311 -0.036457336 0.999176418 -0.017817736 -2.416098110 0.027309597 0.018818949 0.999450493 73.891395480
0.998938272 0.035881690 -0.028880506 -15.423143921 -0.036412168 0.999173777 -0.018053531 -2.448783826 0.028209408 0.019085845 0.999420741 74.900917231
0.998912200 0.035868547 -0.029784679 -15.436524088 -0.036389571 0.999190946 -0.017137523 -2.463605172 0.029145418 0.018202598 0.999409492 75.413610105
0.998998831 0.033528737 -0.029621147 -15.453694832 -0.033985799 0.999309297 -0.015065002 -2.493056735 0.029095637 0.016056583 0.999448071 76.442008511
0.999138838 0.030174143 -0.028478643 -15.465094032 -0.030619342 0.999414169 -0.015328811 -2.526277474 0.027999240 0.016187499 0.999476877 77.461869638
0.999151601 0.029253653 -0.028977158 -15.473353038 -0.029745082 0.999418923 -0.016674842 -2.544869145 0.028472749 0.017522548 0.999440863 77.970098796
0.999194419 0.026626526 -0.030007877 -15.491833026 -0.027217906 0.999440371 -0.019474960 -2.582432627 0.029472183 0.020275989 0.999360711 78.991146127
0.999210464 0.024636154 -0.031164663 -15.511229593 -0.025249570 0.999491680 -0.019446799 -2.615340723 0.030669272 0.020218187 0.999325719 80.019569053
0.999195920 0.024436109 -0.031768104 -15.522365327 -0.025038070 0.999512210 -0.018689551 -2.630676627 0.031295473 0.019469880 0.999321280 80.539730273
0.999205612 0.023715518 -0.032021220 -15.548315727 -0.024275072 0.999557039 -0.017199113 -2.661364890 0.031599772 0.017962631 0.999339171 81.578481475
0.999196151 0.024616108 -0.031625168 -15.576355087 -0.025207478 0.999512507 -0.018437633 -2.696730079 0.031155144 0.019219958 0.999329623 82.619451373
0.999283414 0.023963676 -0.029282949 -15.581710010 -0.024530757 0.999515836 -0.019157970 -2.714588914 0.028810442 0.019862571 0.999387954 83.138734749
0.999392210 0.023366683 -0.025863705 -15.593870279 -0.023875046 0.999524266 -0.019523614 -2.748365741 0.025395128 0.020129138 0.999474969 84.175657878
0.999492912 0.022675051 -0.022337099 -15.597622831 -0.023085159 0.999567067 -0.018274757 -2.779562859 0.021913301 0.018781042 0.999584453 85.218430612
0.999540990 0.021583830 -0.021249870 -15.602320125 -0.021957991 0.999605235 -0.017535876 -2.795044877 0.020863275 0.017994403 0.999620261 85.741335919
0.999581747 0.022254770 -0.018450669 -15.611838727 -0.022546418 0.999621884 -0.015753704 -2.825541253 0.018092939 0.016162982 0.999706397 86.792547970
0.999631480 0.021775893 -0.016171684 -15.616500466 -0.022004117 0.999658576 -0.014072113 -2.856210877 0.015860532 0.014422747 0.999770562 87.842564514
0.999653970 0.021427001 -0.015238097 -15.617519008 -0.021629700 0.999678597 -0.013263153 -2.871576490 0.014949025 0.013588030 0.999796368 88.367044251
0.999648812 0.023026769 -0.013054686 -15.616536545 -0.023190603 0.999652399 -0.012539149 -2.903688579 0.012761494 0.012837419 0.999836289 89.413984306
0.999595776 0.025930124 -0.011666518 -15.619600997 -0.026070966 0.999586941 -0.012087576 -2.936682987 0.011348009 0.012386775 0.999859563 90.475485003
0.999564887 0.026990717 -0.011840516 -15.621537383 -0.027131940 0.999561110 -0.011936484 -2.953107175 0.011513351 0.012252520 0.999858748 90.999538265
0.999515482 0.029257021 -0.010641158 -15.623316973 -0.029367123 0.999515323 -0.010341217 -2.983637421 0.010333544 0.010648636 0.999889926 92.045350787
0.999505503 0.029571578 -0.010672818 -15.626297023 -0.029667683 0.999519618 -0.008965984 -3.014241590 0.010402132 0.009278186 0.999902873 93.078682344
0.999486743 0.029968530 -0.011253662 -15.628904584 -0.030078340 0.999500537 -0.009721405 -3.031900060 0.010957243 0.010054804 0.999890179 93.591530506
0.999487646 0.029495430 -0.012384655 -15.638024476 -0.029665970 0.999464144 -0.013816345 -3.072268206 0.011970815 0.014176688 0.999828229 94.633887515
0.999461554 0.030703084 -0.011568520 -15.640078893 -0.030911202 0.999355969 -0.018256505 -3.112585177 0.011000848 0.018604252 0.999767183 95.659682014
0.999428519 0.031606973 -0.012006812 -15.643605676 -0.031834005 0.999308393 -0.019209825 -3.130532615 0.011391705 0.019581035 0.999743612 96.172128272
0.999395445 0.032282715 -0.012849848 -15.649878510 -0.032532152 0.999276805 -0.019700938 -3.164008595 0.012204349 0.020106957 0.999723344 97.195257553
0.999325485 0.033965281 -0.013939036 -15.659478610 -0.034222148 0.999241254 -0.018625340 -3.193943423 0.013295167 0.019089848 0.999729698 98.193150002
0.999325691 0.033860571 -0.014173116 -15.664348013 -0.034105660 0.999266389 -0.017417747 -3.207785902 0.013573193 0.017889285 0.999748646 98.691015571
0.999316994 0.033783134 -0.014940266 -15.673553850 -0.033977922 0.999338846 -0.012985629 -3.232266570 0.014491775 0.013484361 0.999804235 99.695781565
0.999308273 0.033757343 -0.015575720 -15.683282530 -0.033915487 0.999375229 -0.010004348 -3.259185040 0.015227635 0.010525677 0.999829461 100.699156822
0.999329828 0.033133736 -0.015562087 -15.685253466 -0.033294818 0.999393944 -0.010208066 -3.275579886 0.015214703 0.010719321 0.999827535 101.200352080
0.999337604 0.032578337 -0.016179202 -15.694833149 -0.032771418 0.999393284 -0.011816106 -3.310495288 0.015784482 0.012338429 0.999799765 102.205705167
0.999321937 0.032689444 -0.016945498 -15.703367682 -0.032868389 0.999406081 -0.010391156 -3.340235236 0.016595927 0.010941007 0.999803102 103.213849302
0.999327229 0.032377667 -0.017235657 -15.707834678 -0.032528397 0.999434457 -0.008539637 -3.353171232 0.016949788 0.009094528 0.999815894 103.718443228
0.999310736 0.032820837 -0.017343052 -15.718608525 -0.032974052 0.999419297 -0.008621081 -3.385255162 0.017050014 0.009186861 0.999813068 104.719027756
0.999345474 0.032094621 -0.016664922 -15.726894487 -0.032295990 0.999406647 -0.011957839 -3.422653874 0.016271146 0.012488172 0.999790090 105.708534715
0.999331657 0.032315760 -0.017076105 -15.733867433 -0.032532610 0.999391682 -0.012578940 -3.439451041 0.016658917 0.013126006 0.999775899 106.201054318
0.999296246 0.033349981 -0.017128302 -15.744526624 -0.033524747 0.999387545 -0.010020007 -3.466775301 0.016783241 0.010587128 0.999803544 107.196404294
0.999294102 0.033512546 -0.016963646 -15.753110970 -0.033650774 0.999402583 -0.007930519 -3.494383861 0.016687916 0.008495637 0.999824665 108.174137886
0.999277988 0.033779754 -0.017361365 -15.758931353 -0.033926510 0.999390977 -0.008228404 -3.510045169 0.017072340 0.008811457 0.999815911 108.648693768
0.999266903 0.034418901 -0.016751904 -15.766890628 -0.034583223 0.999355967 -0.009622367 -3.542780601 0.016409765 0.010194619 0.999814072 109.599331140
0.999187603 0.035686820 -0.018691182 -15.783804282 -0.035882169 0.999304197 -0.010222154 -3.573653940 0.018313277 0.010884486 0.999773661 110.535328159
0.999182831 0.035890797 -0.018588182 -15.788436801 -0.036081625 0.999298502 -0.010035780 -3.588628518 0.018214430 0.010698236 0.999776953 111.014764921
0.999159388 0.036605218 -0.018464368 -15.796927259 -0.036797304 0.999271130 -0.010172780 -3.619144133 0.018078770 0.010843538 0.999778560 111.964160254
0.999127537 0.037384861 -0.018614185 -15.806605278 -0.037591799 0.999233765 -0.010897386 -3.650516391 0.018192582 0.011587574 0.999768144 112.908669282
0.999092071 0.038292588 -0.018643896 -15.812695429 -0.038505029 0.999196212 -0.011166846 -3.665945783 0.018201977 0.011874578 0.999764055 113.378766289
0.999129203 0.037506970 -0.018257786 -15.816884057 -0.037695984 0.999238212 -0.010117611 -3.693938834 0.017864630 0.010797011 0.999782625 114.310499978
0.999187416 0.035911901 -0.018273175 -15.820425021 -0.036067034 0.999315403 -0.008232817 -3.720411510 0.017964491 0.008885157 0.999799595 115.238208607
0.999195665 0.035691927 -0.018260151 -15.824676764 -0.035844630 0.999324307 -0.008102663 -3.735242976 0.017958966 0.008750629 0.999800708 115.709110061
0.999187165 0.036436329 -0.017237865 -15.833310775 -0.036599938 0.999287067 -0.009272776 -3.767223705 0.016887426 0.009896149 0.999808389 116.648605833
0.999123679 0.037977188 -0.017590868 -15.842892172 -0.038144025 0.999229270 -0.009249828 -3.796608638 0.017225392 0.009912593 0.999803107 117.572552505
0.999103699 0.038618031 -0.017322791 -15.846628817 -0.038779384 0.999206983 -0.009074249 -3.811098110 0.016958946 0.009737831 0.999809080 118.037158139
0.999079140 0.039531673 -0.016670433 -15.858440063 -0.039697386 0.999164116 -0.009726868 -3.841690725 0.016272286 0.010379641 0.999813892 118.961201128
0.999125451 0.038697962 -0.015836442 -15.863186849 -0.038922892 0.999142087 -0.014148201 -3.878086054 0.015275246 0.014752159 0.999775227 119.860875069
0.999140511 0.038587229 -0.015127664 -15.867467824 -0.038830779 0.999115813 -0.016154929 -3.895856660 0.014490578 0.016728456 0.999755510 120.308823747
0.999170365 0.038184623 -0.014106970 -15.872742021 -0.038418178 0.999122962 -0.016674675 -3.925717497 0.013458364 0.017202746 0.999762016 121.215013046
0.999259714 0.035957679 -0.013634468 -15.877119703 -0.036141035 0.999256402 -0.013449530 -3.949029444 0.013141263 0.013932307 0.999816806 122.114184456
0.999308300 0.034571654 -0.013699867 -15.880897824 -0.034728143 0.999332326 -0.011353286 -3.959621550 0.013298484 0.011821172 0.999842182 122.556055575
0.999386670 0.032450543 -0.013162058 -15.884758548 -0.032566251 0.999432624 -0.008670153 -3.983630972 0.012873936 0.009093383 0.999876676 123.448897979
0.999503666 0.028705484 -0.012965273 -15.887417202 -0.028787742 0.999566435 -0.006202178 -4.008466012 0.012780892 0.006572326 0.999896692 124.354192628
0.999559498 0.026699274 -0.012960634 -15.888949280 -0.026763326 0.999630706 -0.004791399 -4.020472215 0.012828483 0.005136119 0.999904542 124.803503375
0.999623241 0.024464094 -0.012393047 -15.890587364 -0.024502606 0.999695353 -0.002965424 -4.045669613 0.012316072 0.003267880 0.999919378 125.688553332
0.999617588 0.024998088 -0.011815702 -15.892861822 -0.025021258 0.999685429 -0.001809489 -4.072270564 0.011766935 0.002104438 0.999928442 126.585251725
0.999610862 0.025048422 -0.012253955 -15.895714475 -0.025070219 0.999685009 -0.001625824 -4.086061919 0.012209557 0.001932391 0.999923563 127.027413384
0.999604079 0.024939500 -0.013015854 -15.904327781 -0.024949465 0.999688932 -0.000601512 -4.112188583 0.012996014 0.000925905 0.999915680 127.900752367
0.999618772 0.024376898 -0.012895529 -15.909544756 -0.024368642 0.999703023 0.000801672 -4.137324136 0.012911405 -0.000487156 0.999917195 128.763607781
0.999619277 0.024432561 -0.012807943 -15.912680793 -0.024414172 0.999701149 0.001584732 -4.149701059 0.012842687 -0.001271485 0.999917094 129.193728672
0.999589963 0.026017474 -0.011902297 -15.918676728 -0.026007329 0.999661761 0.001010871 -4.178245003 0.011924152 -0.000700968 0.999929279 130.058315730
0.999546078 0.027645623 -0.011935519 -15.925831306 -0.027668697 0.999616128 -0.001775151 -4.210950141 0.011881564 0.002104564 0.999927362 130.933150276
0.999522241 0.028546857 -0.011860801 -15.927893150 -0.028590117 0.999585610 -0.003494380 -4.227949723 0.011756415 0.003831802 0.999923729 131.373369050
0.999464536 0.030576149 -0.011645717 -15.934278305 -0.030637748 0.999517105 -0.005141995 -4.258342790 0.011483175 0.005495941 0.999919271 132.238817304
0.999413242 0.032169221 -0.011723785 -15.941445233 -0.032217562 0.999473064 -0.003956967 -4.284151451 0.011590208 0.004332325 0.999923592 133.113872026
0.999386846 0.033032081 -0.011612970 -15.943650364 -0.033068443 0.999448551 -0.002948720 -4.296342473 0.011508698 0.003330897 0.999928804 133.552011178
0.999294223 0.035680142 -0.011721695 -15.950818187 -0.035700298 0.999361778 -0.001517929 -4.321651390 0.011660511 0.001935330 0.999930246 134.427081855
0.999236616 0.037312740 -0.011512234 -15.954594310 -0.037338550 0.999300968 -0.002030479 -4.349804117 0.011428978 0.002458715 0.999932210 135.283926883
0.999139772 0.039822582 -0.011538329 -15.958256322 -0.039845565 0.999203959 -0.001763981 -4.362869737 0.011459058 0.002222160 0.999931956 135.712712879
0.998985477 0.043600081 -0.011254174 -15.964404686 -0.043609835 0.999049084 -0.000621358 -4.387921329 0.011216824 0.001111421 0.999937246 136.567558647
0.998973114 0.043862135 -0.011365280 -15.968328137 -0.043875123 0.999036491 -0.000897531 -4.415430248 0.011314919 0.001395203 0.999935172 137.414571443
0.999013060 0.042770601 -0.011957491 -15.970538741 -0.042796168 0.999082374 -0.001894045 -4.430986430 0.011865466 0.002403912 0.999927148 137.844983512
0.998948462 0.044271566 -0.011861878 -15.980354723 -0.044325758 0.999007644 -0.004338916 -4.462371250 0.011658433 0.004860154 0.999920680 138.698056373
0.998912006 0.045376203 -0.010769053 -15.986519617 -0.045436846 0.998952246 -0.005453253 -4.491034758 0.010510024 0.005936531 0.999927667 139.537547533
0.998915021 0.045258038 -0.010969371 -15.990844914 -0.045311807 0.998961879 -0.004697463 -4.503318810 0.010746017 0.005189430 0.999928855 139.962812433
0.999064910 0.041929842 -0.010471727 -15.989651750 -0.041990272 0.999102368 -0.005620764 -4.532059351 0.010226740 0.006055202 0.999929473 140.805442563
0.999210519 0.038321688 -0.010414884 -15.986094825 -0.038420105 0.999217052 -0.009420540 -4.565587046 0.010045549 0.009813211 0.999902409 141.642398478
0.999269315 0.036817162 -0.010252826 -15.985310699 -0.036929043 0.999258414 -0.010945770 -4.581508372 0.009842001 0.011316414 0.999888016 142.055584263
0.999244423 0.037743941 -0.009224459 -15.984937093 -0.037857353 0.999205457 -0.012436642 -4.610249688 0.008748017 0.012776431 0.999880194 142.877195887
0.999255776 0.037522938 -0.008927934 -15.985338768 -0.037605716 0.999250071 -0.009282885 -4.631611147 0.008572898 0.009611639 0.999917347 143.716122875
0.999312439 0.035960269 -0.009040501 -15.983907107 -0.036016144 0.999333058 -0.006101805 -4.639518536 0.008815490 0.006423218 0.999940643 144.133110558
0.999361240 0.034692768 -0.008512808 -15.979224501 -0.034702438 0.999397563 -0.000997098 -4.656898043 0.008472426 0.001291834 0.999964043 144.952582034
0.999390979 0.034161092 -0.007050547 -15.974815455 -0.034151435 0.999415847 0.001495352 -4.678350314 0.007097673 -0.001253688 0.999974711 145.759837557
0.999419121 0.033539550 -0.006026879 -15.970232016 -0.033535327 0.999437388 0.000786797 -4.692693881 0.006049624 -0.000584346 0.999981754 146.169257919
0.999363906 0.035357395 -0.004579144 -15.965668317 -0.035372159 0.999369379 -0.003180142 -4.725301470 0.004463724 0.003340094 0.999985009 146.978390438
0.999293725 0.037452435 -0.002806230 -15.957966944 -0.037469960 0.999276759 -0.006477567 -4.756469261 0.002561578 0.006578070 0.999976021 147.780207083
0.999284716 0.037783055 -0.001617839 -15.951443857 -0.037794338 0.999257327 -0.007588336 -4.770806259 0.001329857 0.007644000 0.999970623 148.169787209
0.999207632 0.039783101 -0.000519855 -15.946780497 -0.039785964 0.999176784 -0.007945591 -4.796702056 0.000203850 0.007959961 0.999968663 148.966127853
0.999199998 0.039949544 0.001791451 -15.932775830 -0.039935611 0.999176139 -0.007252138 -4.821331479 -0.002078932 0.007174670 0.999972988 149.776288500
0.999212051 0.039464988 0.004084177 -15.919548847 -0.039435669 0.999197181 -0.007031130 -4.833637737 -0.004359270 0.006864483 0.999966990 150.173148487
0.999239462 0.038460202 0.006370276 -15.899287330 -0.038417946 0.999239677 -0.006635763 -4.857900041 -0.006620474 0.006385866 0.999958423 150.953357877
0.999272266 0.037116216 0.008763275 -15.880988346 -0.037062783 0.999294254 -0.006183855 -4.882232642 -0.008986918 0.005854525 0.999942954 151.738166173
0.999311533 0.035659213 0.010159121 -15.868952716 -0.035606858 0.999352271 -0.005292446 -4.893276627 -0.010341076 0.004927053 0.999934934 152.130207504
0.999268519 0.036185338 0.012347672 -15.850009575 -0.036151102 0.999341606 -0.002981476 -4.914129855 -0.012447353 0.002532840 0.999920146 152.911053283
0.999202435 0.037290288 0.014252579 -15.830942545 -0.037279478 0.999304769 -0.001021554 -4.935380778 -0.014281249 0.000489437 0.999897880 153.686499857
0.999198638 0.036987520 0.015275496 -15.819051362 -0.036977961 0.999315828 -0.000911009 -4.947390132 -0.015298827 0.000345413 0.999883515 154.068657581
0.999319003 0.032809155 0.016894826 -15.789338798 -0.032764822 0.999458825 -0.002894050 -4.975724992 -0.016980759 0.002338495 0.999853011 154.841890721
0.999359794 0.030590966 0.018544414 -15.765425992 -0.030502126 0.999522299 -0.005056903 -5.003799527 -0.018690804 0.004487937 0.999815406 155.600690175
0.999310734 0.031394182 0.019789180 -15.753532339 -0.031285378 0.999494329 -0.005781470 -5.017188176 -0.019961152 0.005158364 0.999787959 155.982803864
0.999214578 0.032523782 0.022631112 -15.728060217 -0.032426706 0.999463253 -0.004644951 -5.039225528 -0.022769943 0.003907382 0.999733078 156.738115139
0.999199198 0.031520015 0.024637461 -15.697193232 -0.031451333 0.999500834 -0.003169380 -5.061040400 -0.024725544 0.002391911 0.999691513 157.501176097
0.999133691 0.032839672 0.025567979 -15.683206271 -0.032782313 0.999459493 -0.002658479 -5.072180882 -0.025641170 0.001817862 0.999670367 157.880993549
0.999080860 0.033404014 0.026865707 -15.655755012 -0.033333851 0.999439624 -0.003056827 -5.096999599 -0.026952329 0.002158453 0.999634859 158.639234523
0.999111691 0.030342399 0.029233294 -15.616620655 -0.030184280 0.999527292 -0.005832002 -5.125912562 -0.029396933 0.004944378 0.999556350 159.390363682
0.999086431 0.030258221 0.030165009 -15.598423866 -0.030078046 0.999527571 -0.006408235 -5.139096487 -0.030344121 0.005495000 0.999525196 159.772999519
0.999036133 0.030909742 0.031141598 -15.564900843 -0.030691127 0.999501372 -0.007471927 -5.165656807 -0.031357060 0.006508870 0.999487475 160.550093166
0.999065248 0.029441044 0.031643557 -15.530881512 -0.029259749 0.999553069 -0.006177655 -5.187804095 -0.031811288 0.005245936 0.999480842 161.313401317
0.999088006 0.028960532 0.031355670 -15.516245437 -0.028808961 0.999571274 -0.005274965 -5.198233789 -0.031495300 0.004366713 0.999495133 161.689167862
0.999166342 0.027067067 0.030541049 -15.483275661 -0.027026318 0.999633838 -0.001748910 -5.216674189 -0.030576836 0.000921954 0.999532382 162.457588189
0.999303239 0.024115039 0.028464027 -15.451342089 -0.024117371 0.999709523 -0.000263263 -5.238863890 -0.028461956 -0.000423387 0.999594889 163.230882645
0.999336233 0.024654482 0.026795877 -15.441411004 -0.024638581 0.999696594 -0.000923359 -5.252302847 -0.026810333 0.000262517 0.999641067 163.617595879
0.999310439 0.028579519 0.023707053 -15.421414048 -0.028532740 0.999589901 -0.002308928 -5.279241748 -0.023763512 0.001630869 0.999717287 164.393253538
0.999373670 0.028219901 0.021355209 -15.398127042 -0.028125716 0.999593708 -0.004696153 -5.308203219 -0.021479038 0.004092574 0.999761032 165.171337569
0.999422638 0.027481730 0.019936291 -15.386872932 -0.027388190 0.999612592 -0.004948742 -5.321226325 -0.020064456 0.004399830 0.999789876 165.565156175
0.999431416 0.029740059 0.015884515 -15.376718911 -0.029679953 0.999551295 -0.004005746 -5.344452553 -0.015996473 0.003531971 0.999866138 166.348698824
0.999462146 0.030178074 0.012765748 -15.365261079 -0.030127624 0.999537356 -0.004129387 -5.369375612 -0.012884648 0.003742456 0.999909909 167.124040102
0.999523437 0.029743485 0.008218394 -15.346318875 -0.029716943 0.999553416 -0.003335456 -5.406150299 -0.008314286 0.003089672 0.999961169 168.319912122
0.999574091 0.028850095 0.004239809 -15.338261743 -0.028840156 0.999581077 -0.002390458 -5.429625715 -0.004307596 0.002267167 0.999988246 169.105814828
0.999601098 0.028127385 0.002526045 -15.333962441 -0.028121657 0.999601978 -0.002270672 -5.442135064 -0.002589721 0.002198721 0.999994757 169.503207823
0.999588414 0.028681749 -0.000371972 -15.329304734 -0.028683192 0.999578403 -0.004589102 -5.471296074 0.000240946 0.004597872 0.999990319 170.291824575
0.999593315 0.028321312 -0.003234871 -15.324511578 -0.028343685 0.999573221 -0.007095549 -5.500887882 0.003032429 0.007184360 0.999969709 171.082660712
0.999586915 0.028323519 -0.004735907 -15.323901046 -0.028359417 0.999568294 -0.007709117 -5.514340093 0.004515144 0.007840226 0.999959306 171.470833245
0.999561649 0.028587517 -0.007575509 -15.320574132 -0.028647180 0.999558427 -0.007887906 -5.539579170 0.007347212 0.008101430 0.999940972 172.252483112
0.999497476 0.030063021 -0.010071338 -15.325256039 -0.030105132 0.999538449 -0.004058834 -5.558108874 0.009944926 0.004359877 0.999941528 173.042898999
0.999477225 0.030521464 -0.010663859 -15.326875611 -0.030538673 0.999532691 -0.001451990 -5.566205240 0.010615048 0.001776801 0.999942384 173.438997042
