1.000000000 -0.000000000 -0.000000000 -0.000000000 0.000000000 1.000000000 0.000000000 -0.000000000 -0.000000000 -0.000000000 1.000000000 0.000000000
0.999999009 0.000119092 0.001343503 0.013700821 -0.000119298 1.000000199 0.000159282 0.003318745 -0.001343630 -0.000159441 0.999999328 0.612272468
0.999994750 0.000307188 0.003263241 0.025210704 -0.000308697 0.999999392 0.000482722 0.006890142 -0.003263895 -0.000483769 0.999994938 1.212536004
0.999988567 -0.000411863 0.004723875 0.035537414 0.000415703 0.999998947 -0.000788124 0.006238269 -0.004723590 0.000790034 0.999988927 1.515126999
0.999977864 0.000070252 0.006589063 0.044892912 -0.000056145 0.999997148 -0.002140819 0.007026036 -0.006589317 0.002140408 0.999976587 2.117539707
0.999965744 -0.001118181 0.008198396 0.062192528 0.001135241 0.999997364 -0.002068310 0.010221475 -0.008197063 0.002077560 0.999964816 2.740397444
0.999960436 -0.000855488 0.008824032 0.070446765 0.000873588 0.999996877 -0.002038575 0.011765228 -0.008822192 0.002046184 0.999959367 3.045111309
0.999942880 0.001769371 0.010527818 0.082730355 -0.001745342 0.999995858 -0.002283436 0.014384715 -0.010531793 0.002264868 0.999942290 3.658810449
0.999919817 0.002615395 0.012366995 0.104249921 -0.002590308 0.999994565 -0.002036117 0.017748219 -0.012372175 0.002003901 0.999921823 4.277398362
0.999905438 0.002876053 0.013439078 0.113911191 -0.002850076 0.999993781 -0.001948453 0.019371324 -0.013444871 0.001909937 0.999907648 4.580688829
0.999856740 0.003352498 0.016561767 0.138928028 -0.003314848 0.999991697 -0.002297046 0.021698392 -0.016569797 0.002241798 0.999860387 5.195724770
0.999809504 0.003216695 0.019263798 0.163146485 -0.003160628 0.999990275 -0.002936679 0.023477594 -0.019273661 0.002875196 0.999810171 5.797333028
0.999788146 0.003770131 0.020237228 0.178509781 -0.003708407 0.999987869 -0.003082904 0.024651486 -0.020248652 0.003007170 0.999790748 6.109076018
0.999765205 0.003901676 0.021320512 0.195723663 -0.003840367 0.999987775 -0.002913542 0.027893652 -0.021331150 0.002830937 0.999769010 6.717791443
0.999721905 0.004342632 0.023178427 0.220046440 -0.004275639 0.999986558 -0.002937661 0.030755958 -0.023190500 0.002837741 0.999727912 7.333536046
0.999698145 0.003597110 0.024315006 0.231825416 -0.003537522 0.999990545 -0.002493572 0.032933026 -0.024323463 0.002406801 0.999700884 7.634689119
0.999617385 0.001658545 0.027602140 0.263886796 -0.001598242 0.999996129 -0.002205290 0.036226767 -0.027606312 0.002160326 0.999616775 8.242605059
0.999547040 0.001279875 0.030070394 0.296030291 -0.001217559 0.999996782 -0.002088885 0.039253813 -0.030073611 0.002051291 0.999545708 8.864664473
0.999509264 0.001406277 0.031300394 0.310691140 -0.001336849 0.999996459 -0.002237485 0.040453020 -0.031303165 0.002194551 0.999508442 9.177118819
0.999420681 0.000927298 0.034021151 0.339231893 -0.000852990 0.999997197 -0.002198225 0.043363409 -0.034024037 0.002167917 0.999418530 9.788594231
0.999322342 0.000078783 0.036810870 0.379887369 0.000007732 0.999997098 -0.002348087 0.045849984 -0.036811857 0.002346753 0.999319269 10.416260691
0.999262273 -0.000890889 0.038391092 0.398065720 0.000981935 0.999996259 -0.002351008 0.047242571 -0.038389188 0.002386968 0.999260691 10.725156569
0.999139268 -0.001548680 0.041444788 0.437760888 0.001645836 0.999996018 -0.002309415 0.049854647 -0.041441716 0.002375627 0.999138295 11.311107661
0.999001176 -0.003406493 0.044550863 0.487466397 0.003514612 0.999991237 -0.002346744 0.052298825 -0.044542113 0.002500944 0.999004669 11.915382919
0.998938258 -0.004396256 0.045859284 0.503445256 0.004515302 0.999986547 -0.002491872 0.053424140 -0.045847318 0.002696264 0.998944978 12.212272611
0.998808657 -0.004377374 0.048602589 0.545404597 0.004534858 0.999984664 -0.003128605 0.054976952 -0.048588866 0.003345253 0.998813171 12.824378961
0.998746100 -0.004734287 0.049836305 0.585957891 0.004928357 0.999980059 -0.003771922 0.056510403 -0.049817387 0.004012801 0.998750867 13.437908391
0.998688173 -0.004711910 0.050985521 0.609044000 0.004929247 0.999978641 -0.004136287 0.057155874 -0.050965412 0.004382131 0.998690470 13.741827789
0.998564230 -0.005489806 0.053282357 0.654530383 0.005725802 0.999974452 -0.004275798 0.059481979 -0.053257042 0.004574713 0.998570878 14.350372606
0.998530423 -0.004959695 0.053966017 0.693004789 0.005174836 0.999979335 -0.003846766 0.062821115 -0.053946259 0.004120385 0.998535423 14.966026967
0.998535359 -0.005426920 0.053823851 0.709780547 0.005635383 0.999976489 -0.003722243 0.064404309 -0.053802299 0.004020113 0.998544145 15.276344816
0.998484394 -0.005562433 0.054752772 0.756065802 0.005763328 0.999976669 -0.003511074 0.067308276 -0.054732522 0.003821330 0.998494155 15.898317157
0.998402573 -0.004869678 0.056293743 0.800088859 0.005020689 0.999983976 -0.002539464 0.071391489 -0.056280318 0.002818005 0.998410973 16.494133607
0.998363339 -0.004544279 0.056998555 0.827396726 0.004704162 0.999985237 -0.002670280 0.072315008 -0.056985565 0.002933986 0.998370508 16.793782600
0.998286760 -0.003867810 0.058387409 0.869978702 0.004049384 0.999986632 -0.002990857 0.074249179 -0.058375451 0.003222111 0.998290014 17.391033381
0.998180534 -0.003299864 0.060214556 0.941310777 0.003433264 0.999991497 -0.002111380 0.079325901 -0.060207311 0.002314292 0.998183613 18.286498454
0.998119644 -0.004385128 0.061131678 0.991622967 0.004540307 0.999986236 -0.002399087 0.081181583 -0.061120623 0.002672119 0.998127087 18.875923266
0.998113190 -0.005055596 0.061195987 1.032813206 0.005201781 0.999983583 -0.002229087 0.083966263 -0.061183408 0.002543167 0.998123686 19.474592533
0.998112052 -0.005335835 0.061193060 1.056615085 0.005474955 0.999982633 -0.002106340 0.085396298 -0.061180573 0.002437341 0.998123776 19.777796298
0.998123803 -0.005181033 0.061006456 1.094977934 0.005345539 0.999982290 -0.002533159 0.087212396 -0.060991879 0.002854502 0.998134215 20.379316638
0.998118485 -0.004809040 0.061131066 1.144639856 0.005066958 0.999979158 -0.004064634 0.087006970 -0.061110615 0.004366735 0.998121576 20.983605891
0.998143963 -0.005199843 0.060677227 1.162798469 0.005498033 0.999973317 -0.004748570 0.087199736 -0.060650543 0.005073371 0.998146319 21.292508106
0.998250208 -0.003989698 0.058996922 1.209140346 0.004327472 0.999974474 -0.005597002 0.088287239 -0.058972776 0.005842472 0.998242456 21.928632106
0.998450023 -0.004138224 0.055505204 1.241358556 0.004470056 0.999972240 -0.005854137 0.090597659 -0.055479410 0.006093071 0.998441520 22.564837370
0.998525610 -0.003440539 0.054172730 1.263138333 0.003757915 0.999976023 -0.005757518 0.092026915 -0.054152442 0.005952566 0.998515047 22.884317672
0.998725600 -0.001874433 0.050432952 1.294669885 0.002149689 0.999982900 -0.005403157 0.095322505 -0.050421605 0.005504665 0.998713188 23.521229221
0.998930639 -0.001034187 0.046226463 1.320603073 0.001231263 0.999989648 -0.004234392 0.100110419 -0.046221302 0.004286747 0.998922027 24.163824803
0.999006733 -0.000901580 0.044538874 1.338183790 0.001060488 0.999992781 -0.003544991 0.102641419 -0.044535799 0.003588728 0.999001758 24.487568221
0.999152661 -0.000475758 0.041140743 1.369027039 0.000587251 0.999996181 -0.002696360 0.106822196 -0.041140028 0.002718251 0.999149964 25.125186584
0.999258313 -0.001121210 0.038504227 1.395641457 0.001212638 0.999996091 -0.002350325 0.110294988 -0.038502085 0.002395228 0.999255743 25.767077623
0.999341788 -0.001208638 0.036248515 1.405399153 0.001278088 0.999997107 -0.001891601 0.112521268 -0.036246490 0.001936640 0.999341606 26.084506969
0.999432025 -0.000458272 0.033680232 1.432705821 0.000522746 0.999997686 -0.001905087 0.115348838 -0.033679790 0.001921609 0.999431147 26.725689927
0.999514690 0.000804728 0.031123102 1.457891165 -0.000730409 0.999996298 -0.002397342 0.117402479 -0.031125315 0.002373418 0.999512491 27.369011441
0.999559092 0.002008390 0.029641092 1.467630275 -0.001931811 0.999994438 -0.002609440 0.118498928 -0.029647122 0.002551004 0.999557431 27.686446755
0.999618346 0.004484149 0.027254903 1.485097412 -0.004411490 0.999985983 -0.002722901 0.121360949 -0.027267880 0.002601646 0.999625146 28.337590383
0.999687774 0.005512206 0.024371110 1.507553273 -0.005429284 0.999978927 -0.003464810 0.123139169 -0.024389969 0.003331372 0.999697081 28.997901374
0.999704988 0.005878212 0.023568991 1.512380183 -0.005797693 0.999976965 -0.003480177 0.124712775 -0.023589110 0.003342463 0.999716279 29.320314593
0.999719698 0.007418414 0.022499294 1.531984270 -0.007362409 0.999969671 -0.002569823 0.129298583 -0.022517573 0.002403447 0.999743654 29.969314647
0.999700213 0.010323065 0.022188597 1.550890185 -0.010291921 0.999945989 -0.001514457 0.134169666 -0.022202453 0.001285615 0.999752842 30.619024684
0.999689575 0.011140318 0.022282778 1.563545215 -0.011118050 0.999937363 -0.001120514 0.136357945 -0.022293571 0.000872397 0.999751632 30.947750338
0.999650250 0.013196589 0.022907860 1.585337280 -0.013188065 0.999913083 -0.000520480 0.140511129 -0.022913364 0.000218163 0.999737576 31.608760273
0.999626249 0.015011488 0.022833416 1.607833931 -0.015018856 0.999887452 0.000153975 0.144768978 -0.022828775 -0.000496880 0.999739493 32.269058167
0.999608332 0.015778396 0.023125927 1.620473171 -0.015781819 0.999875701 -0.000031988 0.145997401 -0.023123828 -0.000333024 0.999732985 32.597788891
0.999582427 0.016395061 0.023781598 1.638795145 -0.016374650 0.999864806 -0.001050701 0.147580826 -0.023795906 0.000660827 0.999716518 33.276511912
0.999506040 0.017025081 0.026419741 1.669767098 -0.016978113 0.999854133 -0.001998750 0.149068537 -0.026448994 0.001549182 0.999649203 33.942428630
0.999459177 0.017323321 0.027968441 1.686713338 -0.017271961 0.999848448 -0.002075334 0.150498286 -0.028000038 0.001591119 0.999607466 34.281031419
0.999334992 0.018529329 0.031396138 1.722012521 -0.018470002 0.999826632 -0.002176851 0.153417139 -0.031431129 0.001595490 0.999504706 34.956813706
0.999227925 0.018634648 0.034578059 1.749390285 -0.018545356 0.999823389 -0.002899881 0.155308115 -0.034626302 0.002256360 0.999397496 35.612143675
0.999154662 0.019356748 0.036279357 1.767748821 -0.019270580 0.999810266 -0.002722171 0.157137168 -0.036324860 0.002020724 0.999337939 35.949321377
0.999023900 0.019110736 0.039836997 1.803703207 -0.019071438 0.999816831 -0.001365054 0.162417084 -0.039855781 0.000603954 0.999205603 36.610237638
0.998806084 0.019639711 0.044739272 1.843144007 -0.019614713 0.999806563 -0.000996814 0.166000663 -0.044749906 0.000118060 0.998998629 37.267605412
0.998711418 0.019720464 0.046760941 1.866430862 -0.019720305 0.999805186 -0.000463565 0.168332413 -0.046761264 -0.000459190 0.998906251 37.599800032
0.998461808 0.021521328 0.051106389 1.909585962 -0.021592187 0.999766748 0.000835949 0.173555687 -0.051076241 -0.001938190 0.998692956 38.281885828
0.998166063 0.023820148 0.055641462 1.957853514 -0.024012755 0.999707366 0.002796512 0.179958089 -0.055558508 -0.004127513 0.998447484 38.987269099
0.998010183 0.025796810 0.057541115 1.975635964 -0.026089666 0.999649815 0.004344763 0.184235360 -0.057409363 -0.005837379 0.998333633 39.339287423
0.997755938 0.024845827 0.062180188 2.032345717 -0.025311343 0.999656614 0.006710601 0.191113872 -0.061992607 -0.008269439 0.998042989 40.036130307
0.997461856 0.025744291 0.066392622 2.079740052 -0.026180509 0.999640252 0.005709103 0.192419088 -0.066221282 -0.007432826 0.997777383 40.728109926
0.997342192 0.026039426 0.068045097 2.109485205 -0.026425951 0.999638940 0.004787207 0.192289874 -0.067895874 -0.006572666 0.997670790 41.082198271
0.996936447 0.027860245 0.073090693 2.163779999 -0.027878344 0.999611003 -0.000771969 0.185803072 -0.073083947 -0.001268049 0.997325335 41.767104155
0.996515221 0.028640073 0.078336759 2.228626310 -0.028264436 0.999583222 -0.005899164 0.179836420 -0.078473323 0.003664398 0.996909928 42.441334951
0.996322947 0.028205767 0.080898144 2.261808002 -0.027776090 0.999592990 -0.006431773 0.180237269 -0.081046492 0.004161064 0.996701633 42.777720984
0.996013448 0.026730826 0.085101730 2.335364657 -0.026435398 0.999639575 -0.004595923 0.185788342 -0.085194592 0.002327889 0.996361986 43.457495133
0.995527050 0.024055493 0.091362059 2.413739553 -0.023860028 0.999709767 -0.003230647 0.190409060 -0.091413518 0.001036275 0.995813316 44.118151707
0.995252969 0.023563806 0.094424137 2.456180740 -0.023441302 0.999722340 -0.002405919 0.192983713 -0.094455354 0.000181044 0.995529121 44.459418960
0.994523467 0.024966080 0.101482946 2.541692986 -0.025069458 0.999685222 -0.000256076 0.198954313 -0.101457832 -0.002289476 0.994837080 45.127095574
0.994014098 0.024147633 0.106551041 2.627974664 -0.024413979 0.999700759 0.001196289 0.203713042 -0.106490006 -0.003790484 0.994306668 45.808209165
0.993725754 0.023698203 0.109309572 2.669715542 -0.024072226 0.999708234 0.002103656 0.206442990 -0.109227996 -0.004721804 0.994006249 46.150187087
0.993020165 0.024715915 0.115331359 2.763151675 -0.025458241 0.999662864 0.004967935 0.213591445 -0.115170475 -0.007869420 0.993314818 46.838315226
0.992263684 0.026437535 0.121302271 2.859400231 -0.027597439 0.999588057 0.007892295 0.220798619 -0.121044388 -0.011178903 0.992584499 47.523597097
0.991799124 0.027649704 0.124779296 2.913175691 -0.028978734 0.999540704 0.008848976 0.223491428 -0.124477368 -0.012392398 0.992145014 47.867621961
0.990912381 0.028953285 0.131351617 3.018472675 -0.030357586 0.999501109 0.008701337 0.225300271 -0.131034671 -0.012609829 0.991297473 48.543682984
0.990037967 0.030847080 0.137382847 3.123756172 -0.032259199 0.999446976 0.008064243 0.226289237 -0.137058288 -0.012415803 0.990485523 49.219748338
0.989524133 0.032675445 0.140619734 3.180997487 -0.034042508 0.999392892 0.007327392 0.226035896 -0.140295126 -0.012037736 0.990036500 49.560231317
0.988431483 0.036554237 0.147195188 3.291194499 -0.037917234 0.999259430 0.006463874 0.226627693 -0.146850244 -0.011970363 0.989086579 50.231318343
0.987439910 0.038206612 0.153309866 3.404950462 -0.039792485 0.999181232 0.007288254 0.229932494 -0.152905799 -0.013297342 0.988151278 50.898833592
0.986888997 0.038786242 0.156671351 3.466446596 -0.040532089 0.999145880 0.007962935 0.231966902 -0.156229840 -0.014208780 0.987619215 51.235035550
0.985810626 0.040656451 0.162865587 3.595120165 -0.042577309 0.999058208 0.008319746 0.234326692 -0.162374489 -0.015136132 0.986613716 51.915898643
0.984766443 0.042020889 0.168729690 3.725887754 -0.044033999 0.998995780 0.008205402 0.235800661 -0.168215504 -0.015510282 0.985628262 52.594631947
0.984107386 0.043108059 0.172261863 3.790874744 -0.045170008 0.998946789 0.008066112 0.236408690 -0.171733404 -0.015719010 0.985018037 52.927283992
0.983006636 0.045210570 0.177915160 3.929440189 -0.047254753 0.998856082 0.007266922 0.236657607 -0.177383425 -0.015550838 0.984019053 53.612339448
0.981743321 0.047445302 0.184197498 4.072845092 -0.049535291 0.998749204 0.006759116 0.237265977 -0.183646627 -0.015760020 0.982866161 54.278270515
0.981210195 0.048546166 0.186733125 4.142732768 -0.050554756 0.998703341 0.006006577 0.236696955 -0.186199264 -0.015333988 0.982392576 54.605948352
0.980163891 0.049611569 0.191878772 4.284662379 -0.051148597 0.998686111 0.003062612 0.233076593 -0.191474789 -0.012816264 0.981413508 55.273324734
0.979139599 0.049517378 0.197061620 4.430844013 -0.050798384 0.998707995 0.001448002 0.231574005 -0.196736247 -0.011428192 0.980390552 55.936420994
0.978648229 0.049865104 0.199403847 4.508546979 -0.051024173 0.998697406 0.000675164 0.230839773 -0.199110109 -0.010835173 0.979917565 56.270415385
0.977896476 0.049852699 0.203061788 4.654739304 -0.050802601 0.998708113 -0.000534518 0.229987088 -0.202826098 -0.009793408 0.979166436 56.933508211
0.977345668 0.049704474 0.205731769 4.798064559 -0.050662134 0.998715394 -0.000613281 0.231012129 -0.205498482 -0.009823428 0.978608622 57.585295012
0.976919180 0.050445290 0.207565754 4.877916975 -0.051589189 0.998668020 0.000098666 0.232761571 -0.207284317 -0.010804536 0.978221609 57.917141816
0.976348918 0.051268632 0.210033732 5.021952901 -0.052498660 0.998620846 0.000281687 0.234261223 -0.209729810 -0.011301561 0.977694806 58.568214621
0.975823495 0.051928102 0.212301838 5.175205560 -0.053203541 0.998583502 0.000295796 0.235335068 -0.211986423 -0.011583925 0.977204767 59.224182378
0.975657863 0.050669291 0.213363496 5.252135476 -0.051911019 0.998651778 0.000217828 0.235592740 -0.213064808 -0.011288457 0.976973012 59.544740954
0.975072132 0.049637570 0.216263722 5.405297959 -0.050883401 0.998704262 0.000193112 0.236443352 -0.215974924 -0.011192595 0.976334999 60.186567825
0.974542275 0.051558919 0.218194413 5.559952552 -0.052843276 0.998602597 0.000051469 0.237286595 -0.217887000 -0.011580249 0.975905844 60.841113821
0.974324963 0.051046422 0.219282462 5.636193179 -0.052414204 0.998625321 0.000421015 0.238369462 -0.218959884 -0.011903741 0.975661000 61.162379528
0.973822291 0.052093627 0.221260414 5.782256964 -0.053616644 0.998560781 0.000878921 0.240219841 -0.220896560 -0.012719212 0.975215011 61.797173947
0.973247355 0.052170201 0.223758398 5.936848028 -0.053906674 0.998544484 0.001654791 0.242459609 -0.223347354 -0.013672602 0.974643230 62.437570501
0.972982906 0.052542540 0.224820299 6.020196069 -0.054330120 0.998520973 0.001767735 0.243072630 -0.224395023 -0.013934518 0.974399170 62.765865861
0.972640093 0.051924857 0.226439318 6.174763777 -0.053715082 0.998554514 0.001747681 0.243892610 -0.226021775 -0.013863118 0.974023646 63.406269915
0.972021863 0.052450422 0.228958728 6.326430038 -0.054246990 0.998526499 0.001555745 0.244500629 -0.228539639 -0.013932561 0.973434825 64.035378981
0.971771128 0.052469580 0.230016907 6.399754580 -0.054215523 0.998528371 0.001273127 0.244481668 -0.229611671 -0.013707752 0.973185766 64.345354401
0.971186559 0.051435375 0.232703355 6.557754548 -0.053244140 0.998579684 0.001494311 0.245571751 -0.232295928 -0.013841332 0.972546391 64.968057517
0.970579292 0.052029795 0.235091152 6.706451557 -0.053987192 0.998539267 0.001893247 0.247104373 -0.234649420 -0.014529453 0.971972296 65.571723527
0.970424969 0.052009653 0.235734537 6.778998444 -0.054018998 0.998537475 0.002069188 0.247797358 -0.235281887 -0.014742165 0.971815362 65.868264611
0.969774001 0.052164129 0.238364161 6.928315621 -0.054364725 0.998517711 0.002662909 0.249561361 -0.237872640 -0.015541087 0.971172288 66.457075845
0.969008260 0.051427585 0.241617281 7.083289222 -0.054127751 0.998523564 0.004547008 0.253362515 -0.241026454 -0.017484269 0.970360973 67.040184404
0.968696875 0.050996491 0.242952664 7.159362492 -0.053870586 0.998534289 0.005196601 0.254788798 -0.242331924 -0.018121957 0.970024046 67.333164167
0.967939827 0.050616922 0.246028408 7.322108126 -0.053612464 0.998546523 0.005488484 0.255795135 -0.245393268 -0.018502718 0.969247535 67.922603170
0.967452931 0.049795590 0.248103438 7.474126002 -0.052768998 0.998592305 0.005344782 0.256084820 -0.247489136 -0.018263023 0.968719205 68.494434170
0.967173176 0.049313388 0.249285518 7.548679530 -0.052217777 0.998623164 0.005047340 0.255838724 -0.248693792 -0.017898778 0.968417126 68.774703681
0.966701600 0.049186680 0.251135886 7.699866460 -0.051705568 0.998656652 0.003437806 0.253600840 -0.250629642 -0.016308467 0.967945867 69.333117456
0.965658209 0.048603012 0.255229623 7.858804823 -0.050956362 0.998697378 0.002612448 0.252574273 -0.254770127 -0.015528346 0.966877493 69.883698449
0.965225833 0.048470620 0.256884208 7.938981386 -0.050782733 0.998706586 0.002370713 0.252335631 -0.256437879 -0.015333607 0.966439255 70.158276006
0.964624599 0.047910385 0.259236440 8.090127485 -0.050258596 0.998732575 0.002434313 0.252874065 -0.258791608 -0.015377079 0.965810548 70.702533051
0.964137314 0.045598780 0.261455554 8.251284418 -0.047923505 0.998847821 0.002519429 0.253274597 -0.261039456 -0.014958931 0.965212961 71.265114103
0.963813044 0.045966121 0.262585850 8.327264224 -0.048437768 0.998821618 0.002944183 0.254277678 -0.262141439 -0.015556760 0.964904634 71.543954037
0.963167543 0.046701288 0.264817024 8.488454547 -0.049557301 0.998762458 0.004110563 0.256707906 -0.264296868 -0.017082828 0.964290058 72.106524368
0.962388625 0.047150976 0.267553791 8.640242031 -0.050340236 0.998719375 0.005069507 0.258767529 -0.266972247 -0.018347621 0.963529872 72.635919824
0.961913290 0.048415925 0.269032924 8.715421812 -0.051695375 0.998650023 0.005114747 0.259122760 -0.268421796 -0.018827753 0.963117400 72.901332605
0.961019035 0.048879295 0.272127407 8.864996810 -0.052338434 0.998613883 0.005463278 0.260125230 -0.271483984 -0.019493020 0.962245724 73.418726049
0.959823195 0.048306325 0.276415282 9.025902627 -0.051951755 0.998631629 0.005876492 0.261035887 -0.275753172 -0.020000672 0.961020525 73.938878212
0.959034708 0.048876629 0.279040343 9.108112642 -0.052657411 0.998593552 0.006065031 0.261487921 -0.278351107 -0.020510105 0.960260781 74.197175587
0.955312246 0.047143618 0.291815066 9.447294096 -0.051153098 0.998671670 0.006121084 0.261560011 -0.291139109 -0.020774835 0.956455390 75.191417789
0.954445709 0.047550790 0.294572693 9.525099863 -0.051557176 0.998653015 0.005845170 0.261157550 -0.293897934 -0.020766303 0.955611667 75.425704485
0.952656672 0.047904316 0.300251684 9.684934143 -0.051968593 0.998633489 0.005559975 0.260690668 -0.299574983 -0.020900416 0.953844039 75.890007155
0.951068140 0.047118085 0.305367277 9.851782373 -0.051047982 0.998683908 0.004892581 0.259330738 -0.304735484 -0.020241564 0.952222604 76.347199648
0.950242030 0.047667460 0.307843787 9.935296910 -0.051593050 0.998657700 0.004620750 0.258889003 -0.307210978 -0.020273474 0.951425859 76.589936701
0.948570364 0.048396715 0.312844919 10.095862257 -0.052709696 0.998594933 0.005338506 0.260136547 -0.312148272 -0.021553971 0.949789473 77.053518825
0.946846202 0.047485593 0.318163146 10.268446724 -0.051981080 0.998632161 0.005649761 0.260407093 -0.317459677 -0.021888006 0.948019579 77.519152856
0.945961995 0.046943069 0.320861146 10.353280258 -0.051413694 0.998662232 0.005470378 0.259951458 -0.320175340 -0.021671456 0.947110669 77.746324938
0.944569938 0.047499773 0.324855388 10.508715882 -0.051917118 0.998638818 0.004938360 0.258970031 -0.324179183 -0.021530179 0.945750762 78.186615133
0.942850474 0.048140180 0.329722267 10.661948890 -0.052433628 0.998616091 0.004135370 0.257531361 -0.329066962 -0.021187611 0.944069344 78.614900146
0.941988948 0.047157953 0.332315275 10.745306762 -0.051610894 0.998656779 0.004581189 0.258082946 -0.331653269 -0.021466561 0.943157140 78.829347823
0.939673357 0.047048687 0.338821649 10.908406439 -0.051746665 0.998648330 0.004840096 0.258259580 -0.338136022 -0.022081036 0.940838486 79.247663452
0.937511975 0.047252848 0.344729794 11.067847780 -0.051462112 0.998669726 0.003064284 0.254940061 -0.344126918 -0.020613357 0.938696722 79.655412931
0.936243014 0.047282834 0.348155450 11.149667323 -0.051125599 0.998689933 0.001853135 0.252689436 -0.347612599 -0.019534709 0.937435079 79.857156323
0.933823282 0.047492653 0.354567840 11.316150082 -0.051021231 0.998697132 0.000603771 0.250146619 -0.354078271 -0.018654327 0.935030773 80.257786806
0.931199377 0.048023643 0.361333139 11.471251981 -0.051745782 0.998660084 0.000626483 0.249912017 -0.360819115 -0.019280905 0.932437370 80.641504796
0.929864387 0.048398407 0.364704287 11.555931316 -0.052427402 0.998624123 0.001148158 0.250599679 -0.364147079 -0.020188170 0.931122539 80.840386711
0.927110170 0.047828387 0.371724978 11.718745007 -0.051760741 0.998659561 0.000601818 0.249166756 -0.371198387 -0.019798725 0.928342403 81.216284648
0.924383353 0.048220945 0.378405716 11.882166694 -0.052005840 0.998646795 -0.000217530 0.247225325 -0.377903597 -0.019478218 0.925640039 81.577331717
0.922907745 0.048573566 0.381945390 11.962447045 -0.052568706 0.998616697 0.000025335 0.247378445 -0.381416573 -0.020101746 0.924185596 81.752201261
0.919058573 0.047204135 0.391283178 12.137872845 -0.051859289 0.998653757 0.001332239 0.248806100 -0.390694428 -0.021516190 0.920269173 82.101135215
0.915098683 0.046668279 0.400521064 12.311167781 -0.051715057 0.998660141 0.001794419 0.248879912 -0.399900783 -0.022355084 0.916286326 82.452210787
0.913232090 0.046284793 0.404803087 12.394261377 -0.051563555 0.998666954 0.002140207 0.249141743 -0.404165299 -0.022827593 0.914401760 82.624233800
0.909247781 0.044679159 0.413850446 12.569597494 -0.050616922 0.998712033 0.003387016 0.250376161 -0.413167057 -0.024027506 0.910338953 82.959026710
0.904538794 0.044355145 0.424077427 12.742000750 -0.050535426 0.998716158 0.003332130 0.249488903 -0.423386001 -0.024445015 0.905619356 83.282534719
0.902156245 0.044135282 0.429146768 12.833519771 -0.050499448 0.998717993 0.003448079 0.249206996 -0.428444362 -0.024782384 0.903228328 83.446022731
0.897749914 0.043246825 0.438377080 13.005133036 -0.049797255 0.998752845 0.003450389 0.248281797 -0.437681952 -0.024927552 0.898784032 83.756100365
0.893059779 0.042302761 0.447946270 13.182351079 -0.048755800 0.998806108 0.002878988 0.246254216 -0.447290077 -0.024411149 0.894055634 84.060491907
0.890547576 0.041640568 0.452980589 13.271661725 -0.048004090 0.998844068 0.002555350 0.245165119 -0.452349926 -0.024020580 0.891517189 84.211976586
0.885574085 0.040178716 0.462757122 13.454466125 -0.045727191 0.998953612 0.000774217 0.240915324 -0.462242009 -0.021846290 0.886485462 84.510687951
0.880649889 0.039569891 0.472113321 13.640765986 -0.044002701 0.999029987 -0.001653194 0.235519110 -0.471720693 -0.019318399 0.881536059 84.805847924
0.878240402 0.039184295 0.476611737 13.726449383 -0.042996413 0.999070628 -0.002909336 0.232823578 -0.476282557 -0.017937540 0.879109717 84.946756471
0.873182068 0.038834615 0.485844876 13.909156205 -0.041612295 0.999120748 -0.005074269 0.227900619 -0.485615099 -0.015786394 0.874030313 85.231329327
0.868151784 0.038920547 0.494770759 14.081155009 -0.040793491 0.999142293 -0.007017901 0.223460829 -0.494619607 -0.014090817 0.868995511 85.498287842
0.865436976 0.039315274 0.499474021 14.171763763 -0.040738865 0.999137581 -0.008057384 0.221088021 -0.499359916 -0.013374896 0.866291702 85.634214259
0.860892232 0.038435910 0.507333094 14.353680595 -0.038610636 0.999202531 -0.010181718 0.216127119 -0.507319887 -0.010823120 0.861690145 85.905356739
0.856700850 0.036074916 0.514550104 14.549147145 -0.035244691 0.999313256 -0.011380800 0.212521501 -0.514608909 -0.008385221 0.857384772 86.191257892
0.854901627 0.034572051 0.517637263 14.641185138 -0.033454011 0.999373715 -0.011495544 0.211577843 -0.517710620 -0.007489472 0.855523438 86.325753781
0.851817842 0.031119704 0.522912997 14.824587624 -0.029973303 0.999493232 -0.010655883 0.211475579 -0.522980471 -0.006596582 0.852319839 86.595447619
0.849071243 0.028553601 0.527506465 15.007308058 -0.027967700 0.999567131 -0.009089274 0.212638443 -0.527538350 -0.007035720 0.849502092 86.865846264
0.847857464 0.026728824 0.529549759 15.111496302 -0.026455628 0.999616579 -0.008097327 0.213430648 -0.529563875 -0.007144220 0.848240439 87.016521794
0.845578063 0.025254087 0.533254294 15.304221321 -0.025566058 0.999649945 -0.006801828 0.214075667 -0.533239908 -0.007881756 0.845928135 87.305246452
0.843764216 0.023650205 0.536191661 15.501930621 -0.024038066 0.999690814 -0.006267116 0.213366926 -0.536174698 -0.007601076 0.844073559 87.603139900
0.843064870 0.022682764 0.537334318 15.603982081 -0.022875831 0.999718051 -0.006309909 0.212445341 -0.537326175 -0.006972327 0.843346128 87.755958950
0.841970427 0.020741568 0.539125120 15.808805375 -0.020946864 0.999763736 -0.005750044 0.211666694 -0.539117711 -0.006451638 0.842205663 88.060879938
0.841232928 0.018141010 0.540368772 16.007210379 -0.018070929 0.999822158 -0.005433078 0.210522700 -0.540371876 -0.005194508 0.841411393 88.358064196
0.840717088 0.016705048 0.541216154 16.116387511 -0.016614980 0.999849152 -0.005051514 0.210241103 -0.541219118 -0.004745431 0.840868156 88.517907036
0.840008637 0.014777971 0.542371754 16.327634358 -0.014977122 0.999878970 -0.004047461 0.210147756 -0.542365930 -0.004723291 0.840129565 88.830563065
0.840000871 0.012083612 0.542450528 16.532454528 -0.012069774 0.999920558 -0.003583715 0.209179137 -0.542451655 -0.003536947 0.840080711 89.135485056
0.840231913 0.011379138 0.542107408 16.633794328 -0.011006291 0.999931755 -0.003929967 0.207722951 -0.542115639 -0.002664527 0.840300308 89.289018420
0.841468673 0.009923440 0.540214822 16.833676804 -0.009141910 0.999949037 -0.004128482 0.205681720 -0.540228666 -0.001464633 0.841516609 89.598926502
0.843374835 0.007234458 0.537276677 17.044300852 -0.006444883 0.999973629 -0.003347966 0.205197015 -0.537286635 -0.000639097 0.843399734 89.926438152
0.847523902 0.004308685 0.530740532 17.359258626 -0.003476043 0.999990877 -0.002567228 0.203831297 -0.530746488 0.000330856 0.847530512 90.432918299
0.850969314 0.002679038 0.525209319 17.567132301 -0.001461793 0.999995159 -0.002732306 0.201801361 -0.525213885 0.001557332 0.850969090 90.777426133
0.852672542 0.002198751 0.522440598 17.674978758 -0.000886598 0.999995824 -0.002761550 0.200823771 -0.522444871 0.001891506 0.852671504 90.952837694
0.856082302 0.000254386 0.516839663 17.875740742 0.001425871 0.999994611 -0.002853961 0.199003721 -0.516838636 0.003180196 0.856077610 91.290317248
0.860132631 -0.001017420 0.510069656 18.080910098 0.002565199 0.999994232 -0.002330956 0.198228137 -0.510064239 0.003313340 0.860130561 91.651806479
0.862098811 -0.001426726 0.506738768 18.183147007 0.002794988 0.999993776 -0.001939471 0.198062971 -0.506732899 0.003088326 0.862098042 91.832905663
0.865864864 -0.002798073 0.500270532 18.393314461 0.004219637 0.999988990 -0.001710218 0.196773502 -0.500260869 0.003591763 0.865867790 92.203559248
0.869826418 -0.004209374 0.493339487 18.599950927 0.006047005 0.999978769 -0.002129303 0.194470776 -0.493320481 0.004835296 0.869833985 92.577775631
0.871762803 -0.005304493 0.489899190 18.699361761 0.007386365 0.999970019 -0.002316398 0.193417015 -0.489872370 0.005637916 0.871776150 92.761725466
0.875874749 -0.007458730 0.482480816 18.906815357 0.009490172 0.999953041 -0.001769563 0.192801984 -0.482445014 0.006128728 0.875905126 93.149363511
0.879951096 -0.009069547 0.474976463 19.121471148 0.010949190 0.999939166 -0.001190932 0.192220298 -0.474937726 0.006248537 0.879997699 93.558170614
0.881918931 -0.009692118 0.471300523 19.220272177 0.011621762 0.999931845 -0.001183716 0.191565062 -0.471257246 0.006521216 0.881971432 93.756971899
0.885243828 -0.010512776 0.465008165 19.435598014 0.012816261 0.999915756 -0.001792587 0.188988355 -0.464950292 0.007546566 0.885304596 94.165078051
0.888682802 -0.010832424 0.458394194 19.641712711 0.013221316 0.999910565 -0.002002730 0.187177405 -0.458330940 0.007840337 0.888747295 94.568287455
0.890288578 -0.011222077 0.455258952 19.740522951 0.013455785 0.999907751 -0.001665884 0.187082086 -0.455198213 0.007608921 0.890358159 94.767085782
0.893588867 -0.012319524 0.448716206 19.953887871 0.013848227 0.999904025 -0.000125285 0.188224044 -0.448671984 0.006325800 0.893674671 95.191448825
0.896317169 -0.013226300 0.443216498 20.160817232 0.014503969 0.999894078 0.000507278 0.187950812 -0.443177395 0.005973738 0.896414520 95.608080683
0.897973445 -0.013157584 0.439854290 20.260414502 0.014286030 0.999897052 0.000745173 0.187713461 -0.439819185 0.005614641 0.898069025 95.820310335
0.900754213 -0.013037531 0.434133861 20.470331865 0.013755453 0.999903885 0.001488084 0.187655455 -0.434112294 0.004631303 0.900847150 96.262379228
0.903270507 -0.014112933 0.428838893 20.678131523 0.014752277 0.999888778 0.001833100 0.187043487 -0.428817568 0.004670579 0.903379322 96.706585515
0.904409221 -0.014414840 0.426423362 20.782029543 0.015020441 0.999884622 0.001943173 0.186627520 -0.426402685 0.004647582 0.904522313 96.928689239
0.906709458 -0.014815530 0.421497023 20.989110963 0.015529728 0.999877911 0.001738622 0.185081009 -0.421471094 0.004969301 0.906828764 97.373611952
0.908945373 -0.015222821 0.416637768 21.189087600 0.015896666 0.999871452 0.001852095 0.184164322 -0.416612614 0.004939686 0.909070925 97.811504167
0.910045565 -0.015104727 0.414233582 21.290881567 0.015635503 0.999875489 0.002109574 0.184024267 -0.414213136 0.004556941 0.910168533 98.035740902
0.912148508 -0.014558474 0.409601418 21.494558194 0.014760278 0.999887511 0.002669189 0.183877405 -0.409594186 0.003611099 0.912261305 98.498355733
0.913759813 -0.014725236 0.405987593 21.704662816 0.014428817 0.999888824 0.003791324 0.184685802 -0.405998221 0.002393529 0.913870363 98.968704179
0.914494849 -0.014415497 0.404340600 21.810039787 0.014259426 0.999892129 0.003397742 0.183462584 -0.404346511 0.002658462 0.914602475 99.203531254
0.916011697 -0.014596664 0.400884692 22.015111277 0.014385834 0.999890419 0.003536118 0.182655184 -0.400893050 0.002527926 0.916121601 99.664726595
0.917649072 -0.013051168 0.397177165 22.214508742 0.013441357 0.999908114 0.001801600 0.178740794 -0.397163959 0.003685367 0.917740381 100.131630263
0.918165022 -0.012083289 0.396014175 22.317063587 0.012730444 0.999918537 0.000994207 0.176868947 -0.395993884 0.004128550 0.918243939 100.369306721
0.919174947 -0.011472162 0.393681849 22.523595113 0.012505675 0.999921974 -0.000060041 0.174104468 -0.393650604 0.004978460 0.919246777 100.843231486
0.920588074 -0.011441124 0.390367027 22.728031961 0.012695602 0.999919423 -0.000633134 0.172185818 -0.390329063 0.005538823 0.920659108 101.319286252
0.921312148 -0.011639101 0.388650604 22.830586970 0.013248208 0.999910725 -0.001460508 0.170323969 -0.388599705 0.006494438 0.921383998 101.556962657
0.922272701 -0.011853371 0.386359320 23.024291291 0.013987228 0.999898699 -0.002712127 0.167398712 -0.386287983 0.007905352 0.922344469 102.015410951
0.922845869 -0.011009454 0.385012108 23.233094022 0.012359712 0.999923234 -0.001032222 0.169260853 -0.384971381 0.005711211 0.922910533 102.501318874
0.923238346 -0.010363336 0.384088920 23.332885295 0.011291594 0.999936140 -0.000161849 0.170299843 -0.384063155 0.004486418 0.923295722 102.741825915
0.923856867 -0.008294095 0.382648427 23.528131234 0.008813783 0.999961299 0.000395025 0.170376766 -0.382637068 0.003007644 0.923893640 103.212977437
0.924466184 -0.008816184 0.381161955 23.726175122 0.009358702 0.999955740 0.000430334 0.169632539 -0.381148797 0.003169379 0.924507980 103.681287338
