1.000000000 0.000000000 -0.000000000 0.000000000 0.000000000 1.000000000 0.000000000 -0.000000000 -0.000000000 0.000000000 1.000000000 -0.000000000
1.000000082 -0.000045152 0.000024020 0.000000830 0.000045225 0.999999775 0.000028968 0.000049993 -0.000023721 -0.000028954 1.000000331 0.000000043
0.999999271 -0.000086382 0.000039680 0.000001162 0.000086458 0.999999467 0.000037575 0.000069990 -0.000039426 -0.000037563 0.999999817 0.000000061
1.000000120 -0.000115170 0.000031969 0.000974535 0.000115142 0.999999922 0.000011126 0.000003623 -0.000032130 -0.000011115 1.000000167 0.000225093
0.999999382 -0.000124507 0.000055327 0.000973871 0.000124575 1.000000056 -0.000013301 -0.000036371 -0.000054908 0.000013310 0.999999477 0.000225058
0.999999930 -0.000066585 0.000105887 0.000974535 0.000066602 1.000000112 0.000006826 0.000003623 -0.000105926 -0.000006800 0.999999806 0.000225093
0.999999429 -0.000040902 0.000110366 0.000975034 0.000040911 0.999999704 0.000028251 0.000033619 -0.000110071 -0.000028249 0.999999751 0.000225119
0.999999255 0.000027969 0.000083124 0.000975698 -0.000027919 0.999999582 0.000053557 0.000073614 -0.000083222 -0.000053558 0.999999541 0.000225154
0.999999804 -0.000009708 0.000073036 0.000976362 0.000009769 1.000000225 0.000073498 0.000113608 -0.000073970 -0.000073481 1.000000231 0.000225189
0.999999624 -0.000034975 0.000080668 0.000977026 0.000034981 0.999999663 0.000095227 0.000153602 -0.000080245 -0.000095224 0.999999877 0.000225223
0.999999721 0.000004158 0.000066167 0.000976694 -0.000004139 1.000000004 0.000084203 0.000133605 -0.000065738 -0.000084195 0.999999639 0.000225206
0.999999848 0.000046059 0.000061271 0.000977026 -0.000046051 0.999999319 0.000096339 0.000153602 -0.000060452 -0.000096334 0.999999498 0.000225223
0.999999659 0.000111967 0.000091648 0.000976528 -0.000112031 1.000000214 0.000083846 0.000123607 -0.000091090 -0.000083863 1.000000394 0.000225197
0.999999549 0.000100463 0.000081077 0.000977690 -0.000100436 0.999999436 0.000119878 0.000193597 -0.000080886 -0.000119874 0.999999898 0.000225258
0.999999349 0.000089605 0.000060741 0.000976030 -0.000089648 0.999999568 0.000064418 0.000093611 -0.000061464 -0.000064425 0.999999470 0.000225171
0.999999813 0.000089140 0.000076480 0.000976860 -0.000089043 0.999999599 0.000091301 0.000143604 -0.000076754 -0.000091289 0.999999947 0.000225215
0.999999758 -0.000016247 0.000055653 0.000978188 0.000016254 0.999999389 0.000137232 0.000223593 -0.000055526 -0.000137205 1.000000132 0.000225284
0.999999832 0.000074160 0.000062944 0.000978188 -0.000074153 0.999999889 0.000138391 0.000223593 -0.000062425 -0.000138390 0.999999760 0.000225284
0.999999672 0.000056863 0.000073755 0.000977524 -0.000056838 1.000000157 0.000116823 0.000183598 -0.000073803 -0.000116820 1.000000268 0.000225249
0.999999996 0.000082887 0.000099560 0.000979351 -0.000082825 0.999999781 0.000181069 0.000293583 -0.000099310 -0.000181061 0.999999880 0.000225345
0.999999801 0.000108054 0.000100175 0.000978687 -0.000108125 0.999999344 0.000159396 0.000253589 -0.000100306 -0.000159400 1.000000087 0.000225310
0.999999683 0.000087902 0.000085492 0.000979849 -0.000087933 0.999999711 0.000196105 0.000323579 -0.000084998 -0.000196108 0.999999665 0.000225371
0.999999165 0.000082924 0.000077478 0.000980181 -0.000082930 0.999999806 0.000210100 0.000343576 -0.000077948 -0.000210098 0.999999825 0.000225388
0.999999273 0.000027009 0.000095899 0.000980181 -0.000027008 0.999999733 0.000208893 0.000343576 -0.000096563 -0.000208891 0.999999978 0.000225388
0.999999650 0.000049722 0.000121488 0.000980015 -0.000049795 0.999999349 0.000201478 0.000333578 -0.000122067 -0.000201488 0.999999753 0.000225380
0.999999583 0.000008865 0.000136160 0.000980513 -0.000008876 1.000000046 0.000222767 0.000363573 -0.000136572 -0.000222750 1.000000000 0.000225406
1.000000003 0.000096519 0.000140135 0.000980347 -0.000096492 0.999999583 0.000213870 0.000353575 -0.000140321 -0.000213864 0.999999918 0.000225397
0.999999878 0.000077016 0.000152614 0.000980513 -0.000077077 0.999999913 0.000220484 0.000363573 -0.000151697 -0.000220505 0.999999702 0.000225406
0.999999384 0.000047908 0.000137661 0.000983170 -0.000047976 0.999999476 0.000313134 0.000523551 -0.000138555 -0.000313141 1.000000078 0.000225545
0.999999268 -0.000018156 0.000070570 0.000984166 0.000018176 0.999999605 0.000349314 0.000583543 -0.000071040 -0.000349298 0.999999869 0.000225597
0.999999395 -0.000012425 0.000058237 0.000982506 0.000012463 0.999999461 0.000292810 0.000483557 -0.000058678 -0.000292808 1.000000267 0.000225510
0.999999236 0.000087910 0.000096137 0.000980513 -0.000087916 0.999999734 0.000223231 0.000363573 -0.000096391 -0.000223242 0.999999991 0.000225406
0.999999458 0.000042698 0.000071584 0.000982173 -0.000042634 0.999999534 0.000279498 0.000463560 -0.000071842 -0.000279480 0.999999284 0.000225493
0.999999745 0.000083485 0.000031719 0.000980679 -0.000083480 0.999999814 0.000230743 0.000373572 -0.000031628 -0.000230741 0.999999457 0.000225414
1.000000147 0.000095967 0.000078247 0.000978188 -0.000096047 0.999999527 0.000139057 0.000223593 -0.000078709 -0.000139059 1.000000214 0.000225284
0.999999933 0.000114102 0.000127776 0.000980347 -0.000114103 0.999999292 0.000214445 0.000353575 -0.000127969 -0.000214461 1.000000141 0.000225397
0.999999349 0.000099262 0.000106577 0.000980513 -0.000099310 0.999999547 0.000224409 0.000363573 -0.000106594 -0.000224407 0.999999320 0.000225406
0.999999893 0.000079543 0.000067867 0.000979517 -0.000079551 0.999999841 0.000186576 0.000303582 -0.000067527 -0.000186575 0.999999728 0.000225354
0.999999133 0.000139758 0.000135312 0.000979019 -0.000139787 0.999999829 0.000171724 0.000273586 -0.000135262 -0.000171743 0.999999956 0.000225328
0.999999305 0.000102467 0.000146292 0.001954218 -0.000102475 0.999999477 0.000205417 0.000317204 -0.000146622 -0.000205408 0.999999313 0.000450455
0.999999509 0.000043723 0.000041727 0.000980347 -0.000043662 0.999999465 0.000219505 0.000353575 -0.000041037 -0.000219500 0.999999750 0.000225397
0.999999921 0.000023464 0.000050538 0.001953886 -0.000023458 0.999999780 0.000194885 0.000297206 -0.000050239 -0.000194879 0.999999806 0.000450438
0.999999864 0.000031806 0.000072219 0.001952392 -0.000031739 0.999999595 0.000141708 0.000207219 -0.000072807 -0.000141696 0.999999840 0.000450360
0.999999934 0.000081641 0.000063790 0.000972543 -0.000081555 0.999999593 -0.000058908 -0.000116360 -0.000063406 0.000058907 0.999999514 0.000224989
0.999999159 0.000177343 0.000018319 0.000968724 -0.000177295 0.999999884 -0.000196943 -0.000346328 -0.000018142 0.000196957 0.999999684 0.000224789
0.999999333 0.000198260 0.000001708 0.000968392 -0.000198214 0.999999531 -0.000204127 -0.000366326 -0.000002645 0.000204140 0.999999974 0.000224772
0.999999806 0.000129803 0.000052513 0.000967395 -0.000129769 0.999999635 -0.000241426 -0.000426317 -0.000053029 0.000241429 0.999999504 0.000224720
0.999999288 0.000029696 0.000025699 0.000963908 -0.000029670 1.000000189 -0.000366424 -0.000636288 -0.000025735 0.000366425 0.999999839 0.000224537
0.999999475 -0.000031534 0.000003405 0.000962746 0.000031517 1.000000169 -0.000408842 -0.000706278 -0.000004320 0.000408853 0.999999947 0.000224477
0.999999389 -0.000188611 0.000019180 0.001927153 0.000188653 0.999999473 -0.000759005 -0.001312571 -0.000019175 0.000759019 0.999999498 0.000449040
0.999999275 -0.000226036 0.000073620 0.000923227 0.000226207 0.999998174 -0.001818794 -0.003085949 -0.000073708 0.001818833 0.999997770 0.000222410
0.999999729 -0.000253252 0.000074597 0.000903966 0.000253503 0.999997030 -0.002504775 -0.004245788 -0.000073685 0.002504803 0.999996953 0.000221402
0.999999297 -0.000440476 0.000014950 0.000876734 0.000440484 0.999993292 -0.003478395 -0.005885561 -0.000013785 0.003478398 0.999993248 0.000219978
0.999999085 -0.000679023 0.000100365 0.001540286 0.000679394 0.999991988 -0.003783425 -0.006415699 -0.000097676 0.003783504 0.999992330 0.010638170
0.999998930 -0.000880969 0.000147467 0.001236276 0.000881565 0.999992280 -0.003854187 -0.006529519 -0.000144497 0.003854331 0.999992130 0.020831633
0.999999108 -0.001304994 0.000003763 0.003849729 0.001304994 0.999990101 -0.004106905 -0.007002418 0.000001053 0.004106917 0.999991503 0.031700054
0.999998477 -0.001649468 -0.000181727 0.003906921 0.001648689 0.999988498 -0.004478915 -0.007660210 0.000188733 0.004478623 0.999989788 0.062505258
0.999997538 -0.001885837 -0.000152620 0.003296245 0.001885161 0.999987220 -0.004712380 -0.008047827 0.000161130 0.004712100 0.999988994 0.082892045
0.999998290 -0.001722615 -0.000102176 0.002750399 0.001722170 0.999985231 -0.005033290 -0.008633300 0.000110471 0.005033128 0.999987229 0.134084436
0.999998183 -0.001449434 -0.000078660 0.004158273 0.001449055 0.999985580 -0.005165518 -0.008931565 0.000086624 0.005165403 0.999986896 0.185727256
0.999998349 -0.001419056 -0.000089220 0.005193820 0.001418539 0.999983879 -0.005390683 -0.009355765 0.000097016 0.005390562 0.999985124 0.216757753
0.999998699 -0.001093903 -0.000154393 0.003725484 0.001092933 0.999979702 -0.006286269 -0.010912610 0.000160670 0.006286111 0.999979912 0.298529986
0.999999906 -0.000391551 0.000222296 0.007132648 0.000393147 0.999975404 -0.007017741 -0.012281363 -0.000219798 0.007017840 0.999975696 0.381427832
0.999999129 -0.000418807 0.000577017 0.007567149 0.000422871 0.999973758 -0.007131005 -0.012513261 -0.000574151 0.007131250 0.999973809 0.432845620
0.999998541 -0.000728424 0.001348908 0.011058903 0.000738293 0.999972768 -0.007280461 -0.012890033 -0.001343947 0.007281486 0.999971913 0.546550104
0.999995630 -0.001098075 0.002676440 0.014914848 0.001118544 0.999969591 -0.007641390 -0.013630803 -0.002667667 0.007644312 0.999966593 0.680866484
0.999991998 -0.001276592 0.003727709 0.016391538 0.001305542 0.999968458 -0.007750957 -0.013886956 -0.003717975 0.007755799 0.999962400 0.763315117
0.999979909 -0.000149419 0.006244884 0.022280313 0.000196282 0.999971952 -0.007513292 -0.013678493 -0.006243286 0.007514374 0.999951958 0.928888278
0.999957432 0.000100849 0.009130038 0.030491981 -0.000035769 0.999974137 -0.007123218 -0.013246860 -0.009130763 0.007122611 0.999932665 1.115524026
0.999941572 -0.000212786 0.010803688 0.035260620 0.000291391 0.999973213 -0.007271524 -0.013606175 -0.010802165 0.007274248 0.999915318 1.219260053
0.999886433 0.000652747 0.015058833 0.048024682 -0.000540008 0.999971665 -0.007484839 -0.014250110 -0.015062486 0.007475820 0.999858126 1.417213879
0.999784915 0.000989123 0.020690605 0.064412931 -0.000851173 0.999976793 -0.006674168 -0.013183622 -0.020697010 0.006655142 0.999763844 1.626263113
0.999722916 0.000848929 0.023523526 0.071820925 -0.000704265 0.999980570 -0.006157325 -0.012456052 -0.023528030 0.006139047 0.999704399 1.740868915
0.999575940 0.000329349 0.029107289 0.090224072 -0.000172404 0.999984851 -0.005394361 -0.011520182 -0.029108844 0.005387063 0.999561195 1.981173991
0.999359579 0.001019622 0.035745064 0.111556303 -0.000862641 0.999989272 -0.004405070 -0.010243487 -0.035748920 0.004371433 0.999350828 2.222154633
0.999219930 0.000528583 0.039481014 0.124491560 -0.000352408 0.999989355 -0.004470451 -0.010567865 -0.039483654 0.004453064 0.999210218 2.348303623
0.998912419 -0.001674382 0.046589665 0.153650036 0.001899172 0.999986577 -0.004780702 -0.011559749 -0.046581496 0.004864000 0.998902074 2.621888790
0.998588672 -0.002635397 0.053039446 0.181858883 0.002861379 0.999986997 -0.004184669 -0.011055464 -0.053027539 0.004330545 0.998583765 2.895250167
0.998418359 -0.002580462 0.056157812 0.196464273 0.002774705 0.999989779 -0.003381352 -0.009976624 -0.056148705 0.003531826 0.998415952 3.032044118
0.998063452 -0.002099889 0.062167208 0.222419874 0.002281652 0.999993272 -0.002852028 -0.009603403 -0.062161435 0.002988369 0.998061803 3.315148763
0.997706720 -0.000098587 0.067683475 0.249023252 0.000313098 0.999994881 -0.003159010 -0.010710190 -0.067682699 0.003172972 0.997701943 3.608670774
0.997519916 0.001268149 0.070366704 0.263296737 -0.001031651 0.999993062 -0.003397015 -0.011424937 -0.070370828 0.003315993 0.997515738 3.755656729
0.997146071 0.001838049 0.075470100 0.294797367 -0.001632695 0.999994177 -0.002781682 -0.011033812 -0.075474174 0.002650526 0.997143985 4.050305491
0.996707466 -0.000826713 0.081068775 0.335023484 0.001132125 0.999992426 -0.003720326 -0.013339700 -0.081065343 0.003799884 0.996701375 4.346977721
0.996481770 -0.002362206 0.083776407 0.355795445 0.002762741 0.999984983 -0.004665188 -0.015302744 -0.083764100 0.004880240 0.996473640 4.505731784
0.996058264 -0.003882944 0.088612252 0.394684735 0.004587406 0.999959414 -0.007748001 -0.021235589 -0.088578215 0.008123989 0.996035666 4.812369335
0.995570227 -0.007552173 0.093709955 0.444976230 0.008562939 0.999908710 -0.010388534 -0.026528872 -0.093622990 0.011144958 0.995544994 5.131902084
0.995336835 -0.008490294 0.096085020 0.467108171 0.009567702 0.999895867 -0.010757452 -0.027572467 -0.095982977 0.011626621 0.995314681 5.311494249
0.994868246 -0.006261103 0.100978926 0.510677452 0.007534365 0.999896721 -0.012231772 -0.030999258 -0.100891507 0.012929858 0.994813501 5.660258764
0.994324614 -0.004841801 0.106278228 0.559401335 0.006407342 0.999875359 -0.014393687 -0.035623930 -0.106195697 0.014992984 0.994231473 5.999954127
0.994039430 -0.003785660 0.108955916 0.584434467 0.005507787 0.999863932 -0.015508637 -0.038006467 -0.108883240 0.016016268 0.993925484 6.180220400
0.993535444 -0.003909442 0.113449968 0.638407340 0.005921403 0.999830293 -0.017403157 -0.042247120 -0.113362803 0.017962444 0.993391691 6.541653760
0.993000188 -0.005003040 0.118000652 0.695998255 0.007232100 0.999803378 -0.018469689 -0.045147300 -0.117886121 0.019193793 0.992841839 6.914182206
0.992704899 -0.004920656 0.120466335 0.724365012 0.007153436 0.999810320 -0.018108930 -0.045123347 -0.120354692 0.018838600 0.992552290 7.115738053
0.992095456 -0.004421534 0.125405223 0.785355474 0.006387963 0.999862537 -0.015282057 -0.041647585 -0.125321072 0.015962277 0.991987157 7.509559521
0.991566825 -0.005231360 0.129489920 0.848970679 0.006884562 0.999900466 -0.012322163 -0.037964816 -0.129412462 0.013109715 0.991503487 7.914250000
0.991253244 -0.005601265 0.131851489 0.883508750 0.007127757 0.999912617 -0.011107731 -0.036595471 -0.131778448 0.011950382 0.991206857 8.106963993
0.990580871 -0.005138614 0.136832270 0.948739792 0.006463470 0.999936600 -0.009239737 -0.034779032 -0.136776085 0.010037145 0.990550586 8.522296593
0.989872347 -0.007329581 0.141767335 1.025679040 0.008376383 0.999941830 -0.006789019 -0.032089229 -0.141709666 0.007907796 0.989876895 8.940331032
0.989580780 -0.006958397 0.143807884 1.060303528 0.007741924 0.999957367 -0.004889823 -0.029617920 -0.143768274 0.005952211 0.989593373 9.163851758
0.989110100 -0.005192443 0.147081216 1.133432878 0.005495897 0.999983091 -0.001656500 -0.025730660 -0.147070441 0.002446826 0.989122639 9.611792652
0.988530340 -0.001290034 0.151014658 1.205517289 0.001448690 0.999998423 -0.000940211 -0.026086436 -0.151013391 0.001148192 0.988530634 10.059504772
0.988241605 0.000863672 0.152892568 1.241059690 -0.000714582 0.999998870 -0.001029874 -0.027021032 -0.152893357 0.000908532 0.988242131 10.283247629
0.987814220 0.004287422 0.155579605 1.316029683 -0.004083013 0.999989958 -0.001633070 -0.029655621 -0.155584866 0.000977945 0.987821832 10.731633039
0.987526327 0.001226585 0.157447399 1.400173207 -0.001081100 0.999998915 -0.001009352 -0.030301920 -0.157448149 0.000826556 0.987526823 11.202658200
0.987375645 -0.000298872 0.158393247 1.446130160 0.000481338 0.999998942 -0.001113160 -0.031390468 -0.158392818 0.001175358 0.987375102 11.439070476
0.987277081 0.000487466 0.159008923 1.530581254 -0.000067865 0.999996647 -0.002644673 -0.035810291 -0.159010255 0.002600248 0.987273486 11.930704573
0.987418080 0.002627157 0.158107103 1.608911014 -0.002146271 0.999991916 -0.003212057 -0.038565923 -0.158114530 0.002832292 0.987416842 12.431183137
0.987523636 0.004425865 0.157404579 1.647455634 -0.004027791 0.999987617 -0.002847438 -0.038857619 -0.157415394 0.002177940 0.987529571 12.686407599
0.987846297 0.010546743 0.155075017 1.721317756 -0.010333148 0.999944387 -0.002183235 -0.039535704 -0.155089875 0.000554303 0.987899863 13.206374731
0.988164291 0.009188756 0.153121802 1.807863450 -0.009160373 0.999957872 -0.000890681 -0.039286809 -0.153124263 -0.000522501 0.988206403 13.729268839
0.988462940 0.008221705 0.151238416 1.849045267 -0.008327380 0.999964627 0.000065462 -0.038621602 -0.151232928 -0.001324116 0.988497228 13.995362963
0.988985716 0.008963219 0.147735766 1.926532904 -0.009333206 0.999954916 0.001811514 -0.037509276 -0.147713048 -0.003170406 0.989025430 14.526425573
0.989393940 0.009028954 0.144976159 2.008240531 -0.009401680 0.999953876 0.001886123 -0.039296101 -0.144953159 -0.003229125 0.989432587 15.078998238
0.989564724 0.009790988 0.143751579 2.049073506 -0.010065948 0.999948693 0.001185744 -0.041444339 -0.143732481 -0.002620357 0.989612629 15.355283481
0.990038828 0.013294608 0.140164070 2.120019234 -0.013378873 0.999910571 -0.000340995 -0.045800670 -0.140156443 -0.001537634 0.990127862 15.905377924
0.990735734 0.016900371 0.134749065 2.191347419 -0.016865295 0.999856124 -0.001401860 -0.049421149 -0.134753894 -0.000883709 0.990878494 16.476085220
0.991051499 0.019571479 0.132036688 2.223803157 -0.019563291 0.999807070 -0.001359283 -0.050196239 -0.132038350 -0.001235948 0.991243286 16.770958059
0.991683763 0.020201688 0.127096528 2.298444544 -0.020150465 0.999795301 -0.001688649 -0.052640058 -0.127104764 -0.000886442 0.991888979 17.362953861
0.992411097 0.017419251 0.121725197 2.375394709 -0.017264247 0.999847558 -0.002328010 -0.055710589 -0.121747966 0.000208854 0.992561210 17.976011513
0.992774487 0.016306178 0.118883115 2.408235726 -0.016216936 0.999866417 -0.001718057 -0.055579852 -0.118895006 -0.000222275 0.992906675 18.291497352
0.993303529 0.017259307 0.114233723 2.479134131 -0.017488700 0.999845998 0.001006226 -0.052796773 -0.114199788 -0.002997280 0.993453440 18.913403110
0.993644467 0.024194996 0.109928580 2.537993421 -0.024566769 0.999696306 0.002028922 -0.052620653 -0.109845876 -0.004716604 0.993936979 19.542799085
0.993804891 0.027169849 0.107764138 2.568854814 -0.027489814 0.999620657 0.001484649 -0.054336907 -0.107682818 -0.004437865 0.994175547 19.857833140
0.994421418 0.028673111 0.101505519 2.628041433 -0.028930178 0.999580303 0.001060571 -0.056744476 -0.101432522 -0.003991236 0.994834113 20.507839085
0.995119490 0.027097975 0.094878135 2.689185092 -0.027315193 0.999626105 0.000991788 -0.058664866 -0.094815292 -0.003578558 0.995488551 21.158295632
0.995426390 0.026701870 0.091725367 2.717797723 -0.026866952 0.999638205 0.000565163 -0.060242223 -0.091676992 -0.003026946 0.995783802 21.483073190
0.995807997 0.027980604 0.087075497 2.772058197 -0.027927016 0.999607866 -0.001832806 -0.065887463 -0.087092407 -0.000606625 0.996199917 22.131950873
0.996093563 0.032090882 0.082257667 2.815030614 -0.031941860 0.999484649 -0.003127505 -0.069400530 -0.082315971 0.000487819 0.996605778 22.798741541
0.996263768 0.033253927 0.079696929 2.839759715 -0.033110570 0.999446348 -0.003119296 -0.070112502 -0.079756615 0.000468846 0.996813775 23.122619491
0.996617209 0.034635994 0.074524964 2.887972985 -0.034405868 0.999398245 -0.004369490 -0.073731483 -0.074631828 0.001790607 0.997209547 23.811147731
0.996971986 0.034857425 0.069507825 2.935566446 -0.034512674 0.999384875 -0.006155756 -0.078288006 -0.069679605 0.003738225 0.997562619 24.520062280
0.997041230 0.035194493 0.068336541 2.960057364 -0.034845981 0.999373150 -0.006284394 -0.079251661 -0.068515179 0.003884554 0.997642431 24.884939349
0.997066585 0.038020823 0.066419797 3.008666706 -0.037658931 0.999267955 -0.006693634 -0.081314906 -0.066625862 0.004172702 0.997769494 25.594081154
0.997088070 0.039055562 0.065493338 3.062131457 -0.038637390 0.999223973 -0.007639938 -0.084399889 -0.065741505 0.005087209 0.997823097 26.304347521
0.997113320 0.039578183 0.064784899 3.088860013 -0.039125569 0.999199774 -0.008241833 -0.086172350 -0.065059922 0.005683292 0.997864458 26.659480505
0.997224046 0.040348161 0.062569209 3.138795130 -0.039845591 0.999163065 -0.009259878 -0.089375860 -0.062890249 0.006741084 0.997997145 27.389458623
0.997376430 0.040459835 0.060017829 3.189423853 -0.039961543 0.999155937 -0.009478859 -0.091299758 -0.060350450 0.007055602 0.998152555 28.129856505
0.997416963 0.040282482 0.059463193 3.214588617 -0.039783971 0.999162797 -0.009544966 -0.092173638 -0.059797657 0.007154633 0.998184746 28.505152303
0.997494012 0.040145386 0.058258000 3.263009922 -0.039731835 0.999176161 -0.008239636 -0.091468984 -0.058541228 0.005904292 0.998266839 29.255295850
0.997606352 0.039592608 0.056691400 3.342170743 -0.039323188 0.999209331 -0.005860198 -0.089830553 -0.056878462 0.003616895 0.998374135 30.392280866
0.997706117 0.038406725 0.055732732 3.452373169 -0.038195558 0.999257815 -0.004850332 -0.091361823 -0.055877588 0.002710473 0.998433995 31.936716002
0.997721837 0.038392716 0.055469325 3.478172427 -0.038103788 0.999253815 -0.006257759 -0.094515599 -0.055667935 0.004129913 0.998440960 32.322428472
0.997832012 0.038380363 0.053457651 3.527833993 -0.037971065 0.999240871 -0.008650645 -0.100100497 -0.053749293 0.006602066 0.998532482 33.093403860
0.997825036 0.038902577 0.053212930 3.581114432 -0.038411267 0.999209845 -0.010223958 -0.104294929 -0.053568963 0.008157760 0.998530914 33.875474377
0.997816580 0.039478061 0.052941505 3.606651025 -0.038989137 0.999187293 -0.010236225 -0.105072869 -0.053303381 0.008149727 0.998545230 34.271382472
0.997871626 0.040688558 0.050941856 3.649647332 -0.040251776 0.999143751 -0.009571096 -0.105361750 -0.051287619 0.007500240 0.998656113 35.071592605
0.997957104 0.040088160 0.049740219 3.695267718 -0.039701394 0.999173380 -0.008737957 -0.105483619 -0.050049196 0.006745361 0.998724007 35.882671715
0.997950096 0.040196860 0.049784541 3.720511261 -0.039825867 0.999170857 -0.008420819 -0.105715470 -0.050081236 0.006420862 0.998724067 36.288773846
0.997936522 0.041085891 0.049343009 3.768367791 -0.040732054 0.999136345 -0.008154012 -0.106736131 -0.049635226 0.006127349 0.998748553 37.090108793
0.997949425 0.041480811 0.048738467 3.816585524 -0.041129744 0.999119756 -0.008182923 -0.108300764 -0.049035792 0.006161540 0.998777317 37.912055482
0.997981219 0.040925134 0.048566111 3.843766514 -0.040571646 0.999141904 -0.008242357 -0.109225272 -0.048861785 0.006255311 0.998785919 38.318607192
0.998036437 0.040587865 0.047702582 3.890727287 -0.040272598 0.999160061 -0.007552624 -0.109607528 -0.047968296 0.005616710 0.998832783 39.150523379
0.998023073 0.040738394 0.047845382 3.940908703 -0.040446992 0.999157015 -0.007042912 -0.110285037 -0.048091973 0.005093791 0.998829359 39.972921018
0.997974203 0.041090117 0.048553446 3.967799797 -0.040812528 0.999144517 -0.006693703 -0.110473482 -0.048786742 0.004698575 0.998797899 40.389666929
0.998002202 0.040021893 0.048884091 4.020264513 -0.039825132 0.999193704 -0.004993144 -0.109210176 -0.049044920 0.003036348 0.998792252 41.202322872
0.998002806 0.039256136 0.049477974 4.073429477 -0.039190434 0.999228754 -0.002297239 -0.106267314 -0.049530068 0.000353600 0.998772612 42.025398925
0.998021997 0.039001522 0.049299542 4.099668311 -0.038988816 0.999238903 -0.001219434 -0.105245716 -0.049309676 -0.000705098 0.998783620 42.431727235
0.997983454 0.038511359 0.050445569 4.154684379 -0.038459081 0.999258378 -0.002006506 -0.108194791 -0.050486067 0.000062362 0.998724298 43.255248352
0.997874880 0.038374067 0.052644938 4.211874987 -0.038135308 0.999256660 -0.005532667 -0.115752144 -0.052818281 0.003513296 0.998598246 44.069022083
0.997889964 0.037784681 0.052788124 4.238715437 -0.037468898 0.999273187 -0.006958957 -0.118990167 -0.053012805 0.004966375 0.998581157 44.485765346
0.997892611 0.035573900 0.054257639 4.302170584 -0.035154104 0.999344362 -0.008670604 -0.123690221 -0.054530853 0.006744961 0.998489481 45.321504313
0.997855870 0.034428964 0.055652738 4.364978451 -0.033950299 0.999377624 -0.009523143 -0.126880273 -0.055945912 0.007613318 0.998404751 46.146825940
0.997760839 0.034507590 0.057286878 4.400612302 -0.033984591 0.999370886 -0.010078999 -0.128725875 -0.057598607 0.008109556 0.998306618 46.565596221
0.997697025 0.033662666 0.058871615 4.466617067 -0.033014674 0.999383299 -0.011944222 -0.133640980 -0.059237834 0.009973068 0.998193775 47.381398058
0.997648553 0.031989183 0.060615055 4.533676235 -0.031383473 0.999447948 -0.010919930 -0.133743129 -0.060930902 0.008991944 0.998101831 48.197429165
0.997613948 0.031281267 0.061531962 4.567711518 -0.030738951 0.999479719 -0.009740674 -0.132682545 -0.061804981 0.007826002 0.998057646 48.605558229
0.997541408 0.030454399 0.063107255 4.638039648 -0.030062260 0.999521701 -0.007154608 -0.130170349 -0.063294483 0.005239880 0.997980729 49.412073315
0.997517651 0.028995847 0.064166728 4.704174095 -0.028774843 0.999576300 -0.004364770 -0.127276537 -0.064266492 0.002507563 0.997929800 50.227881934
0.997469888 0.028243140 0.065231627 4.742096726 -0.028071751 0.999599501 -0.003541591 -0.126851370 -0.065305946 0.001701479 0.997863381 50.636910806
0.997471610 0.027510916 0.065526100 4.808852881 -0.027402856 0.999620492 -0.002547740 -0.127007347 -0.065571301 0.000745711 0.997847370 51.463135428
0.997435445 0.026882999 0.066329431 4.876496324 -0.026792482 0.999638160 -0.002253677 -0.128311658 -0.066365586 0.000470777 0.997794973 52.258778367
0.997441375 0.026905119 0.066229297 4.906886334 -0.026772849 0.999637242 -0.002884535 -0.130231321 -0.066283194 0.001104006 0.997800400 52.655810920
0.997356247 0.030135216 0.066120144 4.966998981 -0.029934334 0.999543785 -0.004026910 -0.133770477 -0.066211369 0.002037008 0.997803209 53.439457636
0.997337566 0.030895687 0.066049297 5.026538645 -0.030697190 0.999520204 -0.004018176 -0.135427565 -0.066141577 0.001979963 0.997808371 54.243493111
0.997320246 0.031169732 0.066186778 5.059202158 -0.030983527 0.999511829 -0.003837837 -0.135996332 -0.066274046 0.001776863 0.997799566 54.630783456
0.997260376 0.032827711 0.066286795 5.122000986 -0.032725218 0.999460439 -0.002631744 -0.135628993 -0.066337103 0.000455304 0.997796510 55.425302397
0.997277490 0.034016203 0.065422758 5.180304612 -0.034011672 0.999420003 -0.001182404 -0.134843879 -0.065425131 -0.001045948 0.997856397 56.239308464
0.997263500 0.034158062 0.065553426 5.209152249 -0.034196471 0.999415220 -0.000536657 -0.134575140 -0.065533527 -0.001706517 0.997848741 56.656504952
0.997249555 0.034039456 0.065833325 5.270008151 -0.034172636 0.999415439 0.000897689 -0.133845099 -0.065764665 -0.003144919 0.997830110 57.450574028
0.997221787 0.035148465 0.065675234 5.326919417 -0.035264857 0.999377831 0.000613866 -0.135929163 -0.065612861 -0.002928177 0.997840620 58.243740300
0.997137702 0.036258576 0.066339556 5.358279146 -0.036324407 0.999339758 -0.000213041 -0.138135163 -0.066303442 -0.002197303 0.997797414 58.640997695
0.997061650 0.036505687 0.067340086 5.428428372 -0.036480754 0.999332493 -0.001600203 -0.142294160 -0.067354064 -0.000861112 0.997728843 59.416701211
0.997088230 0.036449112 0.066981306 5.492836561 -0.036419196 0.999335360 -0.001667850 -0.144183097 -0.066998126 -0.000776420 0.997752910 60.221861934
0.997085694 0.036922216 0.066761335 5.524239628 -0.036943242 0.999317172 -0.000920038 -0.143779458 -0.066749810 -0.001549036 0.997768645 60.619121596
0.997073750 0.037141317 0.066806315 5.585115455 -0.037305423 0.999303400 0.001210623 -0.141849583 -0.066715573 -0.003699309 0.997764502 61.413191714
0.997110505 0.036167106 0.066802438 5.646940578 -0.036414152 0.999333632 0.002484785 -0.141435875 -0.066667648 -0.004910119 0.997762904 62.207485605
0.997080408 0.035856751 0.067416766 5.679290451 -0.036090666 0.999345587 0.002254128 -0.142698381 -0.067291361 -0.004680665 0.997721776 62.604968909
0.997122155 0.035366560 0.067047754 5.738425740 -0.035518061 0.999368659 0.001069328 -0.146411137 -0.066968332 -0.003447645 0.997748846 63.388390385
0.997082983 0.036156627 0.067214380 5.794315481 -0.036178198 0.999344880 -0.000895450 -0.151328433 -0.067202242 -0.001538847 0.997737743 64.181329106
0.997075914 0.036348526 0.067221417 5.825002526 -0.036315467 0.999338993 -0.001713079 -0.153554218 -0.067239389 -0.000733097 0.997736663 64.568167832
0.997072969 0.036356212 0.067254136 5.885134268 -0.036294774 0.999338499 -0.002135337 -0.155943533 -0.067287342 -0.000311887 0.997733157 65.351815546
0.997103626 0.036644187 0.066639162 5.942376444 -0.036633988 0.999327375 -0.001374801 -0.156294002 -0.066644979 -0.001070427 0.997775643 66.134789762
0.997104994 0.036622467 0.066638134 5.975049090 -0.036646129 0.999328175 -0.000867952 -0.156312846 -0.066625127 -0.001576596 0.997776981 66.522080585
0.997053158 0.036286684 0.067578146 6.039435621 -0.036416370 0.999336114 0.000686689 -0.155404287 -0.067508114 -0.003145619 0.997713413 67.296437962
0.997055105 0.036404037 0.067484599 6.100211249 -0.036599840 0.999328021 0.001666743 -0.155406262 -0.067378828 -0.004131768 0.997718660 68.059700626
0.997043295 0.036363695 0.067688412 6.129265520 -0.036537448 0.999331404 0.001331755 -0.156785576 -0.067594192 -0.003800959 0.997705152 68.435896346
0.997006879 0.036775672 0.068004126 6.189319481 -0.036897695 0.999318907 0.000539661 -0.159756928 -0.067938173 -0.003047234 0.997684979 69.188737779
0.997023999 0.037722805 0.067225612 6.240604284 -0.037788753 0.999285483 -0.000291303 -0.162660903 -0.067188508 -0.002249938 0.997737518 69.939553462
0.996979067 0.038489849 0.067464334 6.269955259 -0.038520683 0.999257315 -0.000844459 -0.164366337 -0.067447140 -0.001756855 0.997721431 70.305555336
0.996995715 0.038357373 0.067287227 6.328780654 -0.038449735 0.999260304 0.000078469 -0.164445548 -0.067234133 -0.002665401 0.997733206 71.068367753
0.996997647 0.039194782 0.066769419 6.383368789 -0.039417818 0.999220119 0.002026787 -0.162665465 -0.066637592 -0.004652577 0.997765873 71.809669212
0.996988368 0.039680801 0.066622074 6.412450957 -0.039947089 0.999197628 0.002669895 -0.162365012 -0.066462662 -0.005323238 0.997775089 72.185866390
0.996926288 0.041602755 0.066378610 6.466352958 -0.041965809 0.999110035 0.004083943 -0.161414603 -0.066149768 -0.006856986 0.997785473 72.916748476
0.996883517 0.041924402 0.066819559 6.521852366 -0.042272250 0.999098480 0.003800026 -0.163440369 -0.066600062 -0.006612797 0.997757824 73.658271719
0.996934481 0.042056462 0.065965353 6.545362272 -0.042374538 0.999095942 0.003430839 -0.164797593 -0.065761787 -0.006215576 0.997816141 74.022923356
0.997000770 0.042258669 0.064826810 6.591008655 -0.042453872 0.999096993 0.001635457 -0.169241379 -0.064699379 -0.004382742 0.997895119 74.731387823
0.996964306 0.043369088 0.064651093 6.635675023 -0.043434081 0.999055835 -0.000400317 -0.174018742 -0.064608417 -0.002408958 0.997907783 75.439626911
0.996953157 0.043681183 0.064612898 6.659765884 -0.043667717 0.999044606 -0.001621389 -0.176778102 -0.064621589 -0.001205045 0.997908742 75.783890206
0.997026664 0.043295208 0.063736817 6.705327511 -0.043126731 0.999060880 -0.004016549 -0.182223866 -0.063851859 0.001255835 0.997958782 76.461548027
0.997105297 0.041402121 0.063768233 6.757094159 -0.041209037 0.999140939 -0.004341262 -0.184294519 -0.063892756 0.001700856 0.997954686 77.130365758
0.997125408 0.041144533 0.063617371 6.781237656 -0.040993295 0.999152773 -0.003679686 -0.183884318 -0.063715300 0.001061237 0.997967140 77.474631806
0.997171417 0.039256087 0.064085327 6.835942024 -0.039113702 0.999228230 -0.003474893 -0.185094219 -0.064173127 0.000958460 0.997938121 78.144125555
0.997217251 0.037544012 0.064395606 6.887477723 -0.037539450 0.999294489 -0.001280975 -0.182879302 -0.064399163 -0.001139963 0.997923226 78.823140570
0.997247649 0.037345097 0.064042151 6.911949307 -0.037441400 0.999298148 0.000303588 -0.180905481 -0.063986004 -0.002700575 0.997946699 79.157214414
0.997261470 0.037705573 0.063615744 6.956943855 -0.037884704 0.999280304 0.001612116 -0.180011911 -0.063509382 -0.004017773 0.997972614 79.824459089
0.997216980 0.039368207 0.063312240 6.997383185 -0.039660339 0.999207292 0.003365065 -0.178212750 -0.063130541 -0.005866661 0.997987624 80.480385540
0.997210213 0.039373799 0.063412787 7.020900657 -0.039810641 0.999191180 0.005641153 -0.175012723 -0.063138842 -0.008149943 0.997971253 80.814235359
0.997052949 0.043458244 0.063208892 7.061401093 -0.044142579 0.998979874 0.009469121 -0.169534072 -0.062733305 -0.012231418 0.997954876 81.470165005
0.996964121 0.046352500 0.062561705 7.104445740 -0.047107154 0.998832947 0.010641504 -0.168697742 -0.061995802 -0.013556310 0.997984594 82.136959450
0.996985777 0.046361137 0.062208566 7.126238449 -0.047080697 0.998839363 0.010150676 -0.170190477 -0.061665530 -0.013048967 0.998011219 82.460161452
0.996993693 0.047204093 0.061431774 7.162966918 -0.047773110 0.998827357 0.007825663 -0.175321016 -0.060990424 -0.010736892 0.998080905 83.104987962
0.997002629 0.047767604 0.060857820 7.205801112 -0.048100947 0.998833703 0.004023709 -0.183055616 -0.060595327 -0.006938935 0.998138194 83.740969188
0.996945281 0.049120323 0.060717775 7.223948879 -0.049314793 0.998781287 0.001707452 -0.187508600 -0.060559813 -0.004696503 0.998153773 84.053074696
0.996997432 0.049177626 0.059806400 7.261873295 -0.049202015 0.998787890 -0.001066011 -0.193393692 -0.059786561 -0.001879751 0.998209098 84.657126303
0.997005847 0.049513390 0.059395162 7.299864130 -0.049511636 0.998771933 -0.001502848 -0.195279338 -0.059396770 -0.001442406 0.998233433 85.261181384
0.997014563 0.049557419 0.059207798 7.319347230 -0.049544139 0.998770030 -0.001694086 -0.196195353 -0.059219157 -0.001244360 0.998244091 85.563321492
0.997154113 0.047275819 0.058723179 7.360863049 -0.047233238 0.998881429 -0.002112329 -0.198242434 -0.058757588 -0.000667361 0.998271947 86.147664579
0.997194586 0.045968640 0.059077963 7.403643465 -0.045871278 0.998942316 -0.003002953 -0.201011956 -0.059153578 0.000284566 0.998248775 86.722038566
0.997198274 0.046770317 0.058373133 7.421485655 -0.046673461 0.998904996 -0.003021908 -0.201571433 -0.058450385 0.000288971 0.998290266 87.013535242
0.997201466 0.047493064 0.057732261 7.458727684 -0.047353432 0.998870337 -0.003784822 -0.203958915 -0.057847225 0.001040403 0.998325133 87.576365460
0.997280435 0.046737319 0.056981128 7.493428231 -0.046578775 0.998905541 -0.004109221 -0.205641413 -0.057110796 0.001443939 0.998367098 88.159133233
0.997323906 0.046052835 0.056776007 7.513514535 -0.045881471 0.998937687 -0.004317943 -0.206619748 -0.056915005 0.001701423 0.998377812 88.440886163
