1.000000000 0.000000000 -0.000000000 0.000000000 -0.000000000 1.000000000 0.000000000 0.000000000 -0.000000000 0.000000000 1.000000000 0.000000000
0.999986290 -0.003163107 0.004144560 0.025190890 0.003191637 0.999971160 -0.006893004 -0.003158851 -0.004121887 0.006906100 0.999967608 1.033889416
0.999953167 0.000138604 0.009654948 0.046995270 -0.000053792 0.999961732 -0.008783447 0.002152996 -0.009654800 0.008782500 0.999915517 2.085381142
0.999921609 0.000537951 0.012487619 0.064005736 -0.000455713 0.999978891 -0.006584943 0.010025196 -0.012490599 0.006578673 0.999900951 2.619223617
0.999799197 -0.000991338 0.020025935 0.104455045 0.001004845 0.999999522 -0.000666623 0.028302119 -0.020024831 0.000686581 0.999798683 3.680531997
0.999622732 0.001429693 0.027438812 0.158145320 -0.001458041 0.999999235 0.001011867 0.039343623 -0.027437017 -0.001051534 0.999623028 4.770912117
0.999532766 0.001768556 0.030500230 0.187738005 -0.001761518 0.999998682 -0.000259884 0.041291774 -0.030500008 0.000206025 0.999534747 5.320378863
0.999318018 0.001996108 0.036875297 0.248354495 -0.001888455 0.999994357 -0.002954167 0.044817596 -0.036880402 0.002882443 0.999315255 6.403760544
0.999118114 0.003921091 0.041809046 0.307638237 -0.003766095 0.999986254 -0.003785075 0.051295130 -0.041823290 0.003624297 0.999118382 7.474387143
0.998950712 0.003883654 0.045634720 0.350725056 -0.003737540 0.999987747 -0.003286473 0.055977216 -0.045646522 0.003112473 0.998952620 8.024556770
0.998638222 0.004966115 0.051938673 0.424187863 -0.004844924 0.999985455 -0.002459017 0.065126997 -0.051948794 0.002204024 0.998647524 9.109323240
0.998398074 0.006843243 0.056164128 0.508251069 -0.006766805 0.999976451 -0.001551251 0.074134482 -0.056172918 0.001168674 0.998420183 10.197641308
0.998205409 0.007587290 0.059396721 0.549935598 -0.007528852 0.999971428 -0.001208179 0.078449124 -0.059403318 0.000758800 0.998233692 10.735083692
0.997732218 0.008708378 0.066744708 0.652322830 -0.008620669 0.999962168 -0.001603200 0.085105577 -0.066755329 0.001024176 0.997769211 11.833346878
0.997301424 0.011746165 0.072471237 0.752582244 -0.011586635 0.999929819 -0.002621202 0.090575553 -0.072495509 0.001774380 0.997367117 12.919595839
0.997107330 0.012322626 0.075005337 0.802699801 -0.012095594 0.999921360 -0.003480926 0.092730689 -0.075042122 0.002563605 0.997177051 13.462725183
0.996690304 0.013911502 0.080088519 0.910700477 -0.013579486 0.999897645 -0.004688963 0.097890504 -0.080144902 0.003585896 0.996777077 14.569494361
0.996029518 0.014483235 0.087842131 1.032855424 -0.014001750 0.999884186 -0.006094678 0.102425293 -0.087920018 0.004840515 0.996115891 15.662145826
0.995602711 0.013641063 0.092674666 1.104929851 -0.013128660 0.999895267 -0.006136484 0.105515710 -0.092747776 0.004892739 0.995678174 16.197519365
0.995026050 0.011512826 0.098947205 1.237014300 -0.010873200 0.999917216 -0.007001007 0.110639719 -0.099018613 0.005890216 0.995068359 17.280279818
0.994155593 0.010153094 0.107478638 1.378900343 -0.009139422 0.999909760 -0.009919590 0.112362075 -0.107568798 0.008879213 0.994157934 18.381467976
0.993709740 0.010517017 0.111486297 1.444536130 -0.009251295 0.999886891 -0.011864710 0.112430094 -0.111597718 0.010758614 0.993695491 18.923222196
0.992901803 0.010027012 0.118514060 1.600620470 -0.008539061 0.999879154 -0.013055971 0.116685676 -0.118630198 0.011951249 0.992866729 20.024408771
0.991836641 0.009469064 0.127164062 1.761048975 -0.008070999 0.999901708 -0.011504684 0.125425564 -0.127260514 0.010384395 0.991814898 21.121320846
0.991351852 0.009284249 0.130905984 1.848689636 -0.007959708 0.999912200 -0.010638146 0.129777068 -0.130992249 0.009504115 0.991337614 21.669433798
0.990376524 0.009526377 0.138070407 2.016209797 -0.008326577 0.999922733 -0.009264402 0.137840478 -0.138148113 0.008025579 0.990379261 22.745147449
0.989314047 0.009650591 0.145478714 2.197810954 -0.008348369 0.999919952 -0.009559480 0.142838539 -0.145558742 0.008242857 0.989315081 23.820906477
0.988720567 0.009259186 0.149489017 2.293937810 -0.008010008 0.999928246 -0.008956099 0.146511104 -0.149560542 0.007657622 0.988722294 24.360551349
0.987603566 0.009464451 0.156680188 2.479151281 -0.008355626 0.999935810 -0.007734365 0.153815726 -0.156742946 0.006329325 0.987619588 25.418617671
0.986409934 0.010158210 0.163987086 2.672106605 -0.009093774 0.999932589 -0.007240617 0.159781392 -0.164048729 0.005650975 0.986436194 26.483070218
0.985785978 0.010143207 0.167702777 2.775288289 -0.009041156 0.999932427 -0.007333917 0.162076715 -0.167765314 0.005713416 0.985810675 27.015665165
0.984503292 0.010501417 0.175052579 2.978140228 -0.009374409 0.999930220 -0.007263969 0.167062001 -0.175115642 0.005510342 0.984532616 28.070239866
0.982941576 0.010421004 0.183620898 3.196615301 -0.009511258 0.999938142 -0.005834299 0.173910109 -0.183669430 0.003988202 0.982980339 29.109263692
0.982272834 0.009454596 0.187218204 3.309016249 -0.008581820 0.999948540 -0.005471564 0.176705434 -0.187259809 0.003767841 0.982303440 29.632674524
0.981006810 0.008896291 0.193767838 3.529576580 -0.008059045 0.999954575 -0.005109064 0.181651748 -0.193804116 0.003450452 0.981034534 30.669595858
0.979707033 0.008140829 0.200267203 3.755773987 -0.007185795 0.999959544 -0.005495226 0.185172350 -0.200303336 0.003944634 0.979725896 31.700879968
0.979048913 0.008005077 0.203466363 3.871710165 -0.006969692 0.999959075 -0.005804790 0.186595172 -0.203503723 0.004265052 0.979064709 32.206628952
0.977561927 0.007625043 0.210508190 4.105687053 -0.006296073 0.999956392 -0.006982383 0.188458788 -0.210551672 0.005500248 0.977566904 33.216016715
0.976509560 0.005932244 0.215394163 4.353079390 -0.004429657 0.999962798 -0.007457907 0.191414867 -0.215429673 0.006328575 0.976498614 34.254406368
0.975963203 0.006428207 0.217839007 4.474671115 -0.004933470 0.999960929 -0.007404845 0.193350541 -0.217877821 0.006152149 0.975957075 34.768644489
0.974516755 0.005905670 0.224237062 4.732691672 -0.004301641 0.999961639 -0.007641106 0.196435199 -0.224273385 0.006481713 0.974504193 35.796440846
0.973397828 0.004485917 0.229076064 4.985069841 -0.002638090 0.999962291 -0.008371745 0.198578058 -0.229104515 0.007544634 0.973372223 36.801609045
0.972796637 0.004145716 0.231622703 5.117985151 -0.002254927 0.999962514 -0.008427063 0.200021708 -0.231647889 0.007675455 0.972768802 37.304552928
0.971574065 0.003067299 0.236714314 5.383140932 -0.001304096 0.999971113 -0.007604926 0.204509361 -0.236730561 0.007080069 0.971549864 38.311133420
0.970542932 0.003241774 0.240905874 5.649667336 -0.001344767 0.999966791 -0.008038514 0.206796054 -0.240923534 0.007477685 0.970514906 39.316320077
0.969961404 0.003731431 0.243229430 5.791035992 -0.001661484 0.999961320 -0.008714563 0.207049951 -0.243250971 0.008048611 0.969929835 39.824942787
0.968731032 0.003653106 0.248085006 6.066045658 -0.001336455 0.999953908 -0.009506056 0.208517742 -0.248107761 0.008877259 0.968691622 40.821662540
0.967596879 0.005537576 0.252441131 6.341806617 -0.003371868 0.999953971 -0.009011176 0.212034252 -0.252478549 0.007867986 0.967570587 41.817658960
0.966845832 0.006663494 0.255275332 6.481096889 -0.004527066 0.999950328 -0.008955861 0.213461073 -0.255321029 0.007503314 0.966827329 42.314247655
0.965950203 0.006573269 0.258646443 6.761072563 -0.004283826 0.999947263 -0.009414346 0.215283459 -0.258693808 0.007985755 0.965926502 43.306021399
0.965075867 0.007545551 0.261860849 7.043868489 -0.005208079 0.999940340 -0.009619312 0.217531755 -0.261917426 0.007919542 0.965057973 44.309109600
0.964225683 0.007736396 0.264968096 7.189541264 -0.005476791 0.999942682 -0.009265594 0.219301655 -0.265024194 0.007482921 0.964212878 44.799340087
0.963164263 0.006556263 0.268833045 7.481584732 -0.004506301 0.999956064 -0.008241789 0.223399611 -0.268874982 0.006726754 0.963151764 45.793232852
0.961910267 0.006163018 0.273295207 7.777123003 -0.003827686 0.999952340 -0.009077473 0.224195553 -0.273338079 0.007685551 0.961887212 46.769479955
0.961472244 0.006275961 0.274830460 7.924879571 -0.003717186 0.999945215 -0.009830247 0.223993677 -0.274876925 0.008429919 0.961443118 47.257608537
0.960311552 0.005526506 0.278872874 8.221130555 -0.002536539 0.999935522 -0.011081126 0.223940020 -0.278915595 0.009933850 0.960264212 48.219013997
0.959291503 0.004437000 0.282383532 8.519571951 -0.001556754 0.999945206 -0.010423439 0.227003293 -0.282413545 0.009559474 0.959245286 49.178274870
0.958538331 0.005087638 0.284916824 8.673035556 -0.002351562 0.999947732 -0.009944523 0.228714856 -0.284951458 0.008862220 0.958500873 49.660738221
0.957058660 0.004398870 0.289861082 8.989836378 -0.001711208 0.999953129 -0.009524988 0.231116669 -0.289889033 0.008619981 0.957021359 50.629930041
0.955604285 0.003488400 0.294631445 9.304523834 -0.000761527 0.999956117 -0.009369583 0.233021829 -0.294650272 0.008729171 0.955565040 51.587101850
0.955192791 0.003509890 0.295963446 9.458680463 -0.000618452 0.999951931 -0.009862799 0.232944032 -0.295983579 0.009237830 0.955148885 52.054731441
0.954311211 0.004265279 0.298783788 9.777554604 -0.001082218 0.999941500 -0.010818073 0.232874194 -0.298811553 0.010000440 0.954259959 53.021825549
0.953146235 0.003282573 0.302492485 10.092886069 0.000696230 0.999915245 -0.013044566 0.230650589 -0.302509473 0.012643956 0.953062637 53.964183219
0.952321375 0.003124107 0.305080460 10.252027557 0.000797756 0.999919234 -0.012729577 0.231827158 -0.305094630 0.012365948 0.952241895 54.426859255
0.951630783 0.004403423 0.307211465 10.566755822 -0.000795990 0.999929391 -0.011866952 0.234623036 -0.307241758 0.011048421 0.951567236 55.369880972
0.950768437 0.003757522 0.309879546 10.876637817 -0.001004076 0.999958781 -0.009044512 0.240665292 -0.309900731 0.008288029 0.950733280 56.289533254
0.950276314 0.002922828 0.311392551 11.037926147 -0.000434739 0.999967854 -0.008059412 0.242879319 -0.311405329 0.007523274 0.950246949 56.750082144
0.949338974 0.001756523 0.314248039 11.361874933 0.000389134 0.999977080 -0.006765030 0.246235184 -0.314251996 0.006544544 0.949317216 57.683919243
0.948234907 0.002406665 0.317558575 11.682998821 -0.000400637 0.999980262 -0.006382018 0.247886408 -0.317566871 0.005924397 0.948217590 58.592309990
0.947486461 0.002137294 0.319788446 11.845677844 -0.000000844 0.999978303 -0.006680852 0.247800446 -0.319795208 0.006329713 0.947465159 59.037323256
0.946346410 0.000909423 0.323153181 12.172401694 0.002014237 0.999960540 -0.008712864 0.245197620 -0.323147884 0.008896263 0.946306735 59.925957882
0.945664257 0.000526444 0.325143218 12.484300549 0.003099092 0.999938721 -0.010632642 0.242902550 -0.325128742 0.011062531 0.945605092 60.801133788
0.945421784 -0.000007543 0.325850258 12.639927220 0.003694155 0.999936025 -0.010695312 0.243255013 -0.325828491 0.011315272 0.945361227 61.239062234
0.944654017 0.000082206 0.328069596 12.954079325 0.003002487 0.999955996 -0.008896097 0.247076109 -0.328055447 0.009388744 0.944611630 62.112068398
0.943713209 -0.000123678 0.330765203 13.268992948 0.002286658 0.999978597 -0.006150285 0.252377015 -0.330756927 0.006560423 0.943692794 62.970213381
0.942463267 0.000455649 0.334310909 13.744369801 0.001943801 0.999974975 -0.006842620 0.252206548 -0.334304877 0.007098687 0.942438490 64.261392623
0.941558492 0.001896657 0.336844021 14.061985499 0.000765231 0.999969769 -0.007769588 0.251236011 -0.336847549 0.007573276 0.941528420 65.116765618
0.941154941 0.002092978 0.337968457 14.219751852 0.000627608 0.999968594 -0.007940235 0.251227232 -0.337973414 0.007685045 0.941124111 65.538436030
0.940324392 0.000901004 0.340277751 14.544498833 0.001728387 0.999971591 -0.007424092 0.252528524 -0.340274943 0.007569175 0.940295632 66.386728491
0.939653088 -0.000404519 0.342127958 14.868519238 0.003139396 0.999968095 -0.007440100 0.252960797 -0.342112862 0.008065154 0.939624442 67.235734389
0.939576963 0.000315730 0.342337859 15.022742533 0.002662876 0.999962868 -0.008230709 0.251837041 -0.342326754 0.008644917 0.939540875 67.646802271
0.938923561 0.003240066 0.344111236 15.332583836 0.000371793 0.999946306 -0.010429674 0.248538280 -0.344125709 0.009920574 0.938870980 68.467534558
0.938643507 0.005839841 0.344840238 15.637446944 -0.001136615 0.999904295 -0.013839628 0.243246284 -0.344887713 0.012598493 0.938559149 69.279083977
0.938557130 0.006633094 0.345060267 15.794487311 -0.001529854 0.999886126 -0.015059679 0.241339690 -0.345119999 0.013606387 0.938460118 69.687333834
0.938672787 0.006981801 0.344737761 16.089593441 -0.001859903 0.999883878 -0.015185778 0.241578806 -0.344803093 0.013613199 0.938576701 70.480437688
0.939028172 0.005298987 0.343798437 16.385499041 -0.000994630 0.999919080 -0.012695268 0.246166057 -0.343837574 0.011579197 0.938958206 71.272798924
0.938955933 0.004982759 0.344002676 16.539112605 -0.001183031 0.999936814 -0.011254757 0.248693077 -0.344036208 0.010160680 0.938901109 71.670399713
0.939154336 0.004243794 0.343467941 16.832860852 -0.000753222 0.999947004 -0.010295571 0.250684210 -0.343492936 0.009410440 0.939108675 72.450758547
0.939911072 0.002233955 0.341412724 17.125114263 0.001832512 0.999931763 -0.011587600 0.248947809 -0.341414878 0.011516867 0.939842211 73.232560941
0.940380996 0.002643505 0.340111456 17.275799739 0.001842657 0.999916319 -0.012866352 0.246959014 -0.340116722 0.012725913 0.940297365 73.633024198
0.940801994 0.004168693 0.338929714 17.571573166 0.000654484 0.999900867 -0.014114893 0.245237869 -0.338954217 0.013501088 0.940705761 74.425438346
0.941229787 0.003395450 0.337750929 17.868093906 0.001515519 0.999897813 -0.014275405 0.245375492 -0.337764401 0.013948212 0.941127631 75.217130756
0.941582555 0.002727710 0.336770835 18.011036272 0.002426675 0.999887202 -0.014883470 0.244665668 -0.336773108 0.014831254 0.941468689 75.611208290
0.942554737 0.001893742 0.334046216 18.298392000 0.002920673 0.999899424 -0.013909384 0.246892630 -0.334037897 0.014085975 0.942454466 76.412063096
0.942949581 0.002018581 0.332929612 18.587176581 0.002303561 0.999918654 -0.012587089 0.249697927 -0.332926906 0.012635891 0.942868185 77.211500756
0.943087756 0.002959761 0.332529693 18.734394026 0.001027476 0.999930277 -0.011813945 0.251232033 -0.332541193 0.011483231 0.943019520 77.615465203
0.943530780 0.004727466 0.331250753 19.009759177 -0.001060678 0.999937017 -0.011249389 0.252754914 -0.331281984 0.010262759 0.943475455 78.385902565
0.944399818 0.003646533 0.328778445 19.288628424 0.000028126 0.999938146 -0.011171223 0.253533244 -0.328798005 0.010559296 0.944341133 79.166958054
0.944619548 0.003466438 0.328147754 19.425955880 0.000132052 0.999940417 -0.010942992 0.254250075 -0.328165691 0.010380193 0.944563203 79.552530184
0.945010893 0.004587631 0.327004993 19.697757694 -0.001022261 0.999938839 -0.011073978 0.254747013 -0.327035333 0.010130697 0.944958004 80.326506890
0.944900965 0.005556669 0.327307914 19.981566556 -0.001904614 0.999932302 -0.011477343 0.254620258 -0.327349098 0.010221566 0.944848679 81.102626937
0.944752935 0.005292516 0.327740477 20.116040037 -0.001271362 0.999921514 -0.012482525 0.253301588 -0.327779620 0.011376171 0.944685908 81.476898110
0.945037295 0.005101259 0.326920952 20.394204663 -0.000937852 0.999916714 -0.012891631 0.253201845 -0.326958930 0.011876476 0.944963993 82.244524491
0.944996317 0.004716674 0.327045626 20.671698013 -0.000742042 0.999924432 -0.012276877 0.254872410 -0.327078019 0.011358863 0.944929293 83.012842172
0.945122149 0.005337153 0.326673267 20.810442175 -0.001494509 0.999927298 -0.012013006 0.255587723 -0.326712994 0.010865501 0.945060909 83.397002018
0.945113928 0.004802393 0.326705389 21.087234922 -0.001213475 0.999936735 -0.011188273 0.257628954 -0.326737999 0.010177699 0.945060377 84.166022738
0.945201523 0.003935898 0.326462929 21.359820877 -0.000794285 0.999952695 -0.009755890 0.260685426 -0.326485424 0.008961998 0.945160418 84.925129208
0.945331821 0.003416368 0.326092030 21.492218944 -0.000386853 0.999956525 -0.009354713 0.261738431 -0.326108942 0.008717128 0.945292295 85.301498932
0.945598906 0.002552349 0.325322961 21.758411256 0.000435671 0.999958962 -0.009111403 0.262863172 -0.325332698 0.008757470 0.945559303 86.052834314
0.945275971 0.002822863 0.326259208 22.028790423 0.000683139 0.999943992 -0.010630936 0.260964126 -0.326270059 0.010271997 0.945221242 86.799958172
0.944816029 0.004118539 0.327575419 22.161147188 -0.000203809 0.999929096 -0.011983808 0.258988844 -0.327600420 0.011255691 0.944749365 87.162210675
0.944513988 0.008004796 0.328374027 22.427289818 -0.003714604 0.999899499 -0.013689992 0.256685401 -0.328450257 0.011710563 0.944448748 87.899432191
0.943353022 0.006970725 0.331716220 22.706966590 -0.002966577 0.999917195 -0.012575985 0.259025406 -0.331775326 0.010879482 0.943295635 88.637340572
0.942943675 0.005267029 0.332910682 22.845073789 -0.001729316 0.999939191 -0.010922041 0.262091825 -0.332947420 0.009723121 0.942895159 89.008044226
0.941877589 0.005824282 0.335906487 23.117811359 -0.004125710 0.999974947 -0.005770169 0.271327671 -0.335930510 0.004048913 0.941877997 89.752956245
0.940481721 0.007694038 0.339758488 23.383456531 -0.007405751 0.999970645 -0.002145006 0.278033640 -0.339763666 -0.000498913 0.940510703 90.476665721
0.939831643 0.006979058 0.341566770 23.527151790 -0.006465394 0.999976111 -0.002642196 0.277334942 -0.341576379 0.000274810 0.939854111 90.841751773
0.937428994 0.015434241 0.347834243 24.071428694 -0.013293893 0.999876022 -0.008539146 0.268198186 -0.347922503 0.003380715 0.937517399 92.275943046
0.936599396 0.016774542 0.350000274 24.214397378 -0.014334545 0.999851612 -0.009561004 0.266630468 -0.350107715 0.003937749 0.936700959 92.641742535
0.934893356 0.017905723 0.354477608 24.500417026 -0.015418996 0.999833192 -0.009838813 0.266365247 -0.354594080 0.003732478 0.935013111 93.359174817
0.933174138 0.019430872 0.358898794 24.782993323 -0.017767427 0.999811545 -0.007932836 0.269743839 -0.358984261 0.001025982 0.933343575 94.065964656
0.932356484 0.020581428 0.360953337 24.923238528 -0.019576718 0.999787931 -0.006440101 0.272369037 -0.361008833 -0.001061832 0.932562386 94.420410946
0.930702050 0.019160335 0.365277592 25.215036642 -0.019227082 0.999809678 -0.003454959 0.277426388 -0.365273135 -0.003807701 0.930892825 95.132149403
0.929115885 0.014844522 0.369489549 25.514579921 -0.015308025 0.999881668 -0.001677522 0.280245956 -0.369470508 -0.004097563 0.929233980 95.836139004
0.928152524 0.013253326 0.371965168 25.665362437 -0.013268495 0.999909584 -0.002518914 0.278660835 -0.371963978 -0.002597508 0.928243911 96.180028392
0.925801413 0.013054237 0.377784472 25.964003741 -0.011081826 0.999911835 -0.007394488 0.270125937 -0.377846365 0.002659260 0.925864037 96.856534137
0.923983305 0.011972580 0.382244907 26.264110803 -0.008702559 0.999909966 -0.010282476 0.264987713 -0.382333046 0.006174257 0.924003673 97.545741716
0.923145827 0.012352273 0.384252790 26.412115627 -0.009396482 0.999910036 -0.009568999 0.266064952 -0.384335212 0.005222941 0.923178771 97.892433365
0.920986845 0.012056695 0.389407055 26.720255280 -0.011013954 0.999927393 -0.004910402 0.273464245 -0.389437168 0.000233509 0.921052907 98.587910779
0.918994056 0.009011324 0.394167595 27.037660318 -0.010675738 0.999941299 0.002029928 0.284621768 -0.394125417 -0.006073537 0.919035989 99.288319371
0.917949956 0.008066181 0.396613953 27.192086187 -0.010562115 0.999936266 0.004109377 0.287881618 -0.396555411 -0.007961318 0.917976039 99.628637383
0.915748394 0.008351826 0.401665165 27.503605857 -0.010730312 0.999935702 0.003672137 0.286500291 -0.401608104 -0.007672767 0.915779073 100.306515087
0.913188975 0.006952174 0.407475710 27.820018850 -0.008254569 0.999965149 0.001438246 0.282004441 -0.407451494 -0.004676937 0.913215019 100.979475879
0.911775189 0.007596698 0.410618656 27.979311859 -0.008792046 0.999960773 0.001022735 0.280900086 -0.410594261 -0.004542696 0.911806500 101.314887462
0.909247239 0.009660419 0.416146008 28.288774053 -0.011240132 0.999936143 0.001346254 0.280632641 -0.416105533 -0.005901642 0.909296897 101.966589025
0.906490023 0.010346167 0.422101723 28.604522605 -0.011059953 0.999938880 -0.000757649 0.276119442 -0.422082617 -0.003981631 0.906548804 102.611970870
0.905158197 0.009409598 0.424969811 28.758852463 -0.009218129 0.999955066 -0.002506707 0.272682883 -0.424973758 -0.001648493 0.905204161 102.924059808
0.901652050 0.009807208 0.432351400 29.086642797 -0.008736216 0.999952633 -0.004463335 0.268146783 -0.432373638 0.000247231 0.901694522 103.557437333
0.897972974 0.009575633 0.439945068 29.409620624 -0.009230427 0.999953378 -0.002924196 0.269525438 -0.439952225 -0.001435061 0.898019985 104.181565661
0.896041029 0.009329956 0.443872424 29.569715331 -0.009509172 0.999953856 -0.001822358 0.270761617 -0.443868665 -0.002587984 0.896088527 104.487966223
0.892532993 0.007963739 0.450911932 29.902661621 -0.009595004 0.999953928 0.001331717 0.274589019 -0.450879796 -0.005515135 0.892567218 105.102187944
0.888937319 0.003414198 0.458016047 30.231404850 -0.006205912 0.999970424 0.004590407 0.278552831 -0.457986060 -0.006923002 0.888931976 105.692360165
0.886994778 0.001288573 0.461778511 30.401411464 -0.004412800 0.999974626 0.005685683 0.279538444 -0.461758727 -0.007080925 0.886977010 105.988876761
0.882955015 -0.001078774 0.469455573 30.740670676 -0.002280035 0.999975851 0.006586113 0.279330983 -0.469450439 -0.006885663 0.882931770 106.582634373
0.879063007 -0.001608853 0.476701980 31.086329815 -0.002987942 0.999956253 0.008884648 0.281355177 -0.476695172 -0.009234552 0.879019833 107.184160558
0.877154510 -0.002235499 0.480203508 31.259161670 -0.002825303 0.999948237 0.009815964 0.281947852 -0.480198793 -0.009966813 0.877102655 107.477855858
0.873443859 -0.002850452 0.486916924 31.603376588 -0.002432627 0.999944925 0.010217603 0.280546324 -0.486918652 -0.010108996 0.873389090 108.052537832
0.870281774 -0.002996428 0.492544079 31.946849220 -0.002038902 0.999951647 0.009685942 0.277525966 -0.492548773 -0.009433732 0.870234141 108.627939530
0.868696279 -0.003466874 0.495333742 32.111873831 -0.001124298 0.999959594 0.008970503 0.275279604 -0.495344070 -0.008349570 0.868657236 108.901141028
0.864847766 -0.003656534 0.502020945 32.461001096 -0.000186344 0.999971651 0.007604521 0.270614534 -0.502034061 -0.006670354 0.864822036 109.456764719
0.861398695 -0.003122745 0.507919155 32.809458969 -0.000716553 0.999973166 0.007363196 0.267809751 -0.507927636 -0.006706679 0.861373681 110.013078955
0.859909674 -0.002385467 0.510440384 32.975931705 -0.001726406 0.999969902 0.007581513 0.267061489 -0.510442134 -0.007400596 0.859879763 110.284855591
0.856656567 -0.002390636 0.515881142 33.320930098 -0.002659097 0.999955553 0.009049622 0.267130716 -0.515879484 -0.009124259 0.856612261 110.830533840
0.854143567 -0.003284715 0.520026911 33.649665806 -0.001893388 0.999954022 0.009426097 0.265450682 -0.520032512 -0.009035896 0.854098171 111.350040297
0.852951063 -0.003469595 0.521978837 33.822480827 -0.001333168 0.999960710 0.008825119 0.263125987 -0.521988450 -0.008223290 0.852913010 111.615474826
0.850272316 -0.004456067 0.526324609 34.164652018 -0.000526765 0.999956574 0.009317046 0.261380600 -0.526342876 -0.008199311 0.850233465 112.135707645
0.847326941 -0.002546075 0.531065215 34.502622948 -0.004002673 0.999930050 0.011180371 0.262019163 -0.531055504 -0.011599154 0.847257951 112.660157355
0.845916636 -0.001234883 0.533313829 34.668458511 -0.006635401 0.999896086 0.012840143 0.263612009 -0.533273380 -0.014400472 0.845820821 112.918477882
0.843369527 -0.004369268 0.537316055 35.013598009 -0.005733009 0.999837513 0.017128892 0.268301949 -0.537303150 -0.017526398 0.843207840 113.435832133
0.840569968 -0.007986704 0.541643510 35.361559814 -0.004111911 0.999768670 0.021123244 0.272458988 -0.541686523 -0.019982830 0.840343221 113.950366262
0.839419746 -0.008549851 0.543416202 35.533018000 -0.003816290 0.999759424 0.021624831 0.271936297 -0.543469049 -0.020226152 0.839185301 114.203055351
0.836677633 -0.007786628 0.547640892 35.873700982 -0.003154743 0.999814016 0.019035640 0.264665721 -0.547685868 -0.017654416 0.836497578 114.696461568
0.833071652 -0.005197949 0.553141551 36.217229523 -0.004931028 0.999846455 0.016822140 0.257971962 -0.553143479 -0.016741577 0.832918187 115.187038355
0.831287163 -0.005958022 0.555811984 36.387977434 -0.003986527 0.999852910 0.016680166 0.256301267 -0.555828992 -0.016081802 0.831141120 115.426300600
0.828547912 -0.006586582 0.559879439 36.739413724 -0.004461011 0.999821389 0.018363970 0.256186539 -0.559900476 -0.017713058 0.828371250 115.923197200
0.825602400 -0.008931322 0.564180983 37.094461948 -0.004233512 0.999748531 0.022021727 0.259417164 -0.564236259 -0.020569691 0.825357395 116.416535002
0.824098524 -0.010824001 0.566343383 37.266723546 -0.003767318 0.999690841 0.024588152 0.262373774 -0.566433677 -0.022396663 0.823802908 116.654346140
0.821048234 -0.011896513 0.570734271 37.610509902 -0.005643466 0.999565728 0.028953835 0.266928099 -0.570829684 -0.026993534 0.820624113 117.130685962
0.818435094 -0.010151750 0.574509517 37.935767126 -0.007499899 0.999570861 0.028346954 0.262987157 -0.574549937 -0.027508935 0.818006765 117.583029020
0.817220366 -0.008698331 0.576259483 38.102241005 -0.008388248 0.999600648 0.026984211 0.259122519 -0.576263188 -0.026885942 0.816821371 117.812403934
0.814794708 -0.007956681 0.579694731 38.438754194 -0.007991010 0.999657247 0.024952765 0.252519161 -0.579694547 -0.024963684 0.814451723 118.267613579
0.812612296 -0.005166389 0.582781668 38.768226342 -0.010470011 0.999670101 0.023461202 0.246894092 -0.582709607 -0.025166657 0.812290600 118.715733876
0.811885316 -0.002986322 0.583808690 38.934718863 -0.012598968 0.999664693 0.022634483 0.243919228 -0.583680563 -0.025732052 0.811575589 118.945101326
0.810203162 0.000712267 0.586148736 39.268456455 -0.016933415 0.999610984 0.022191500 0.240078205 -0.585904294 -0.027905148 0.809899595 119.403112393
0.808512702 0.001175419 0.588477713 39.606529833 -0.019033147 0.999527584 0.024153271 0.240321588 -0.588170888 -0.030728846 0.808153140 119.856852315
0.807816057 -0.000293020 0.589434331 39.775949604 -0.018564933 0.999491533 0.025939972 0.241822549 -0.589142448 -0.031897529 0.807399771 120.083357633
0.807092440 -0.000535343 0.590424965 40.114033874 -0.019990868 0.999402011 0.028232992 0.242585800 -0.590086788 -0.034589782 0.806599052 120.537093195
0.805569539 0.001854152 0.592498998 40.428047416 -0.023117971 0.999331937 0.028304083 0.239779550 -0.592050335 -0.036498352 0.805074638 120.958297238
0.804858600 0.002271710 0.593462510 40.585403754 -0.023634490 0.999322114 0.028227951 0.238156101 -0.592995948 -0.036745702 0.804367365 121.168548034
0.803074414 0.003647281 0.595866800 40.898058994 -0.026294826 0.999224558 0.029322409 0.237081873 -0.595297553 -0.039216334 0.802547700 121.577007225
0.801652643 0.000402036 0.597789398 41.210062399 -0.023953965 0.999218884 0.031451005 0.237648931 -0.597309103 -0.039532226 0.801036165 121.972016176
0.801068775 -0.000484558 0.598571831 41.358288420 -0.023525170 0.999201947 0.032292545 0.237656826 -0.598109755 -0.039950114 0.800417793 122.163147969
0.799372689 -0.000603029 0.600835633 41.649064179 -0.024101509 0.999163328 0.033068327 0.236170016 -0.600351701 -0.040914978 0.798689007 122.536930720
0.797353028 -0.000675066 0.603512654 41.949690300 -0.023917455 0.999179140 0.032717138 0.232552174 -0.603038212 -0.040521586 0.796682478 122.914987896
0.796450341 0.000250246 0.604704631 42.090821867 -0.025060801 0.999154786 0.032593801 0.230989005 -0.604184591 -0.041113739 0.795783579 123.099051724
0.795406212 0.002982876 0.606068970 42.377998051 -0.027933822 0.999105605 0.031743179 0.226746692 -0.605431871 -0.042178548 0.794778607 123.476388325
0.794294471 0.004361321 0.607517116 42.665095019 -0.027062628 0.999235696 0.028209490 0.217666553 -0.606929264 -0.038847634 0.793806234 123.839622884
0.793750694 0.005284229 0.608220129 42.814633013 -0.026740143 0.999299269 0.026214913 0.212674201 -0.607654009 -0.037072090 0.793336078 124.029384321
0.792887546 0.008215860 0.609312791 43.100325844 -0.028016041 0.999343795 0.022981808 0.204195427 -0.608722847 -0.035292539 0.792597570 124.394026131
0.791934596 0.008604084 0.610545908 43.376204513 -0.027313250 0.999399047 0.021343783 0.198518459 -0.609995147 -0.033578848 0.791693799 124.740245269
0.791528040 0.010391907 0.611044097 43.511682628 -0.029299112 0.999350934 0.020957409 0.196542413 -0.610429442 -0.034491419 0.791319428 124.915819121
0.790345250 0.014882679 0.612481877 43.771324205 -0.033866464 0.999238419 0.019420706 0.191394662 -0.611724882 -0.036091753 0.790246791 125.249989978
0.789552985 0.017336585 0.613436862 44.020419807 -0.036572125 0.999153819 0.018834451 0.187929760 -0.612591369 -0.037305453 0.789519049 125.566453695
0.789320394 0.017968665 0.613718582 44.138297919 -0.037934822 0.999089849 0.019537155 0.187995009 -0.612808626 -0.038702391 0.789283708 125.717236259
0.788803196 0.015419385 0.614452190 44.378368984 -0.037320822 0.999042403 0.022840194 0.191210168 -0.613511039 -0.040948277 0.788623337 126.014538627
0.788829389 0.013036771 0.614473849 44.615638478 -0.037518833 0.998931925 0.026971165 0.195947976 -0.613464786 -0.044330046 0.788476871 126.314652814
0.788831709 0.012065289 0.614491842 44.721534221 -0.037139466 0.998915997 0.028063028 0.196757832 -0.613486362 -0.044958843 0.788424571 126.449148403
0.788887789 0.013779631 0.614382018 44.936737219 -0.038670824 0.998880579 0.027251373 0.193214115 -0.613318533 -0.045256905 0.788538026 126.728794773
0.788629576 0.017651862 0.614615526 45.150581744 -0.044109416 0.998636959 0.027916935 0.192451209 -0.613284431 -0.049126396 0.788333338 127.009830113
0.788087037 0.019167916 0.615265650 45.452761389 -0.049101791 0.998287626 0.031793316 0.196418977 -0.613602389 -0.055266542 0.787678631 127.400553989
0.788371408 0.018890626 0.614908848 45.639103564 -0.049508605 0.998234686 0.032808036 0.196290242 -0.613203282 -0.056308230 0.787915677 127.638410671
0.788280223 0.018523993 0.615037225 45.734377296 -0.049011185 0.998261291 0.032750514 0.195153869 -0.613360336 -0.055960206 0.787818048 127.755229560
0.787850188 0.020463166 0.615526685 45.896638898 -0.050362644 0.998241351 0.031275578 0.190985752 -0.613804246 -0.055640052 0.787495255 127.960558665
0.787421636 0.021936431 0.616024453 46.053234270 -0.050669740 0.998288400 0.029218827 0.185794913 -0.614328363 -0.054221306 0.787185148 128.157402910
0.787372738 0.023044217 0.616045705 46.115294635 -0.051182513 0.998295110 0.028073901 0.183189320 -0.614348158 -0.053635448 0.787210371 128.236709965
0.786994103 0.026499174 0.616390455 46.245784082 -0.054116792 0.998191975 0.026181979 0.178720167 -0.614582091 -0.053962200 0.787005442 128.403105143
0.786879192 0.027661113 0.616485980 46.351649453 -0.055754107 0.998096819 0.026380646 0.178080391 -0.614582612 -0.055130017 0.786923997 128.537612891
0.786601417 0.027207626 0.616861601 46.415896458 -0.055671412 0.998085753 0.026968299 0.178411773 -0.614945746 -0.055554834 0.786610556 128.614776869
0.786353592 0.027176821 0.617179095 46.528835546 -0.056144541 0.998041769 0.027586637 0.178353312 -0.615220012 -0.056344091 0.786339911 128.756360884
0.786363953 0.027585579 0.617147950 46.636096675 -0.056423707 0.998034768 0.027284000 0.176712272 -0.615181584 -0.056276923 0.786374236 128.889464735
0.786205859 0.027748379 0.617342050 46.686892449 -0.056255175 0.998057490 0.026782076 0.175300412 -0.615398898 -0.055784865 0.786239425 128.951774901
0.785753757 0.028689886 0.617873707 46.781423267 -0.056674730 0.998061376 0.025730367 0.172515217 -0.615937658 -0.055235490 0.785857265 129.069313768
0.785686093 0.029828043 0.617905552 46.861864043 -0.057911181 0.997997895 0.025459790 0.171306696 -0.615908253 -0.055786987 0.785840494 129.172677125
0.785593929 0.030234712 0.618003896 46.892915487 -0.058433459 0.997966661 0.025455684 0.171018641 -0.615976820 -0.056109885 0.785763588 129.212322141
0.785401133 0.030608936 0.618229425 46.967704278 -0.058572199 0.997970034 0.025000179 0.169467224 -0.616208567 -0.055846198 0.785600852 129.307194935
0.785419200 0.031047529 0.618185007 47.049560083 -0.058921203 0.997956767 0.024739799 0.168177205 -0.616153276 -0.055855306 0.785643288 129.409146680
0.785461988 0.031024645 0.618131159 47.093311675 -0.058833391 0.997963175 0.024670981 0.167593670 -0.616107285 -0.055744867 0.785687635 129.464368756
0.785448968 0.030328400 0.618182948 47.170242280 -0.058009796 0.998009543 0.024742961 0.166839773 -0.616201213 -0.055294933 0.785645380 129.557116418
0.785356978 0.030209873 0.618305240 47.245054532 -0.058020645 0.998004663 0.024934888 0.166408072 -0.616317219 -0.055457273 0.785542815 129.651979820
0.784831001 0.030871468 0.618939882 47.346707244 -0.059401189 0.997907378 0.025548698 0.166503609 -0.616855065 -0.056817118 0.785023738 129.776575667
0.784888036 0.030841770 0.618869250 47.408819347 -0.059575480 0.997890283 0.025826831 0.166367388 -0.616765835 -0.057140599 0.785069384 129.855862011
0.785004031 0.030814449 0.618723277 47.440576420 -0.059497320 0.997895561 0.025788559 0.165948607 -0.616626319 -0.057056533 0.785186180 129.894801976
0.785024608 0.030218928 0.618727137 47.504087214 -0.058620210 0.997951603 0.025635250 0.164951086 -0.616683879 -0.056394259 0.785187476 129.972683248
0.784725464 0.029406400 0.619145838 47.569720343 -0.057473256 0.998023725 0.025442215 0.163821321 -0.617173385 -0.055549487 0.784863695 130.048447186
0.784631489 0.029145049 0.619276526 47.602179903 -0.057008126 0.998054788 0.025258615 0.163121853 -0.617335121 -0.055122509 0.784766423 130.086683357
0.784671405 0.029025577 0.619231205 47.658624939 -0.056587153 0.998086714 0.024921669 0.161922920 -0.617323052 -0.054595918 0.784813038 130.157485176
0.784626494 0.029208388 0.619280155 47.715782308 -0.056641662 0.998090113 0.024690029 0.160913179 -0.617374983 -0.054449528 0.784782528 130.227579260
0.784535834 0.029384406 0.619386433 47.740479279 -0.056824134 0.998080870 0.024625293 0.160562918 -0.617473279 -0.054515535 0.784699779 130.259437507
0.784488027 0.029599356 0.619436507 47.797634972 -0.056882218 0.998084890 0.024346014 0.159473198 -0.617529427 -0.054334102 0.784668964 130.329532262
0.784665830 0.029587147 0.619211699 47.855492733 -0.056516630 0.998114886 0.023926014 0.158082795 -0.617336381 -0.053769726 0.784859576 130.398923391
