1.000000000 0.000000000 0.000000000 0.000000000 0.000000000 1.000000000 -0.000000000 -0.000000000 0.000000000 0.000000000 1.000000000 0.000000000
0.999999977 0.000314913 0.000041669 0.001966256 -0.000314852 1.000000879 0.000201062 -0.001383977 -0.000042459 -0.000201031 0.999999387 0.060160997
0.999999516 0.000248737 -0.000123691 0.002605672 -0.000248692 1.000000498 0.000496790 -0.002052005 0.000123480 -0.000496670 0.999999185 0.100353213
0.999999412 0.000462409 -0.000105508 0.003083859 -0.000462257 1.000000010 0.000734862 -0.002513068 0.000104824 -0.000734785 0.999999253 0.130498579
0.999998682 0.000816965 0.000061390 0.003705392 -0.000816950 0.999999061 0.001328319 -0.002661640 -0.000061460 -0.001328319 0.999999328 0.170706440
0.999999548 0.000781037 0.000060422 0.004341026 -0.000781038 0.999998862 0.001695111 -0.003219783 -0.000059616 -0.001695155 0.999997939 0.210901966
0.999999118 0.000787093 -0.000099883 0.004665892 -0.000786874 0.999998774 0.001751857 -0.003703641 0.000100411 -0.001751757 0.999997958 0.230993561
0.999999453 0.000722382 -0.000132632 0.006147428 -0.000722084 0.999998606 0.001820285 -0.004436753 0.000133284 -0.001820157 0.999998525 0.261014909
0.999999403 0.000720338 0.000251188 0.007463263 -0.000720840 0.999998665 0.001924015 -0.004833035 -0.000250384 -0.001924152 0.999997800 0.280993319
0.999999474 0.000841528 0.000359759 0.008950300 -0.000842087 0.999998206 0.001903030 -0.005725980 -0.000359304 -0.001903339 0.999997694 0.311009853
0.999999307 0.000840613 0.000055749 0.009944020 -0.000840644 0.999998232 0.001871932 -0.005718321 -0.000055102 -0.001872012 0.999998065 0.310894261
0.999999012 0.000852050 0.000062838 0.008787007 -0.000852077 0.999998608 0.001871470 -0.005459077 -0.000061408 -0.001871421 0.999998234 0.300964808
0.999999175 0.000836072 0.000229813 0.010802646 -0.000836306 0.999999142 0.001375569 -0.006262903 -0.000229202 -0.001375661 0.999999064 0.300708951
0.999999452 0.000759528 0.000114405 0.011688783 -0.000759569 1.000000400 0.000408081 -0.007606650 -0.000114435 -0.000408148 0.999999338 0.290499571
0.999999121 0.000743019 0.000032921 0.011556096 -0.000743002 0.999999805 -0.000124497 -0.008228818 -0.000033396 0.000124504 0.999999963 0.280427747
0.999998612 0.000922751 0.000052283 0.012575607 -0.000922613 1.000000205 -0.000582506 -0.008970375 -0.000053132 0.000582551 0.999999849 0.280289588
0.999999411 0.000967202 0.000094877 0.013385401 -0.000967052 1.000000119 -0.000270620 -0.008096440 -0.000095677 0.000270605 1.000000007 0.270147004
0.999999067 0.000968120 0.000027951 0.013375084 -0.000967965 1.000000315 -0.000098948 -0.007796753 -0.000029192 0.000098993 1.000000202 0.270156031
0.999999028 0.000978577 -0.000106459 0.014373274 -0.000978560 0.999999720 -0.000196943 -0.007918958 0.000106495 0.000197160 0.999999206 0.270036527
0.999999480 0.000950870 -0.000050079 0.015365962 -0.000950809 0.999999846 -0.000194418 -0.007881331 0.000049762 0.000194551 0.999999752 0.269921837
0.999999437 0.000998525 -0.000043341 0.015362180 -0.000998441 1.000000315 -0.000133616 -0.007771445 0.000042481 0.000133720 0.999999548 0.269925147
0.999999114 0.000906438 -0.000166214 0.016346958 -0.000906466 1.000000089 -0.000002593 -0.007504058 0.000165772 0.000002745 0.999999158 0.269817378
0.999998936 0.000927722 -0.000236256 0.016354180 -0.000927699 1.000000244 -0.000121327 -0.007713839 0.000235736 0.000121625 0.999999184 0.269811059
0.999999525 0.000972527 -0.000244617 0.016364497 -0.000972561 1.000000464 -0.000298211 -0.008013525 0.000243560 0.000298494 0.999999569 0.269802033
0.999998941 0.000787502 -0.000335289 0.017366814 -0.000787611 1.000000346 -0.000456206 -0.008255605 0.000334061 0.000456514 0.999999967 0.269678918
0.999999199 0.000747638 -0.000255229 0.018370162 -0.000747636 0.999999726 -0.000630711 -0.008527654 0.000253499 0.000630940 0.999999174 0.269554901
0.999999139 0.000737157 -0.000169998 0.019379701 -0.000737290 0.999999866 -0.000913170 -0.008979514 0.000169179 0.000913449 0.999998989 0.269425469
0.999998998 0.000701130 -0.000094222 0.019419936 -0.000701253 0.999999446 -0.001583960 -0.010148293 0.000092589 0.001584138 0.999998830 0.269390265
0.999999323 0.000799978 -0.000195873 0.020438072 -0.000800288 0.999997841 -0.002016064 -0.010849893 0.000193698 0.002016308 0.999997379 0.269253310
0.999998926 0.000821804 -0.000185806 0.020439792 -0.000822105 0.999997813 -0.002041950 -0.010899840 0.000183103 0.002042164 0.999997545 0.269251806
0.999998894 0.000851808 0.000008141 0.021452769 -0.000851827 0.999997723 -0.002378496 -0.011451597 -0.000010026 0.002378563 0.999996371 0.269119364
0.999998767 0.000866252 0.000047518 0.020535393 -0.000866023 0.999993262 -0.003639962 -0.013676938 -0.000050666 0.003639975 0.999993089 0.269168160
0.999998773 0.000841321 -0.000048945 0.021735736 -0.000841465 0.999990353 -0.004372659 -0.015194866 0.000044642 0.004372753 0.999990236 0.279059701
0.999998911 0.000732718 -0.000347086 0.021140475 -0.000734510 0.999984673 -0.005533655 -0.017824149 0.000342500 0.005533962 0.999984593 0.299202499
0.999999027 0.000540241 -0.000593564 0.022824507 -0.000543829 0.999981679 -0.006110930 -0.019962973 0.000589170 0.006111327 0.999981121 0.339234592
0.999998676 0.000564348 -0.000721893 0.022162875 -0.000568727 0.999981193 -0.006154580 -0.020664271 0.000717470 0.006155034 0.999980835 0.359435460
0.999998515 0.000856770 -0.001260974 0.021152098 -0.000864234 0.999982098 -0.005992736 -0.022191099 0.001255624 0.005993887 0.999980401 0.419939623
0.999996830 0.001260551 -0.002126362 0.019321899 -0.001273176 0.999981900 -0.005993870 -0.024312156 0.002118303 0.005996683 0.999979492 0.490594795
0.999994448 0.001398273 -0.002697280 0.020136301 -0.001414145 0.999982564 -0.005895589 -0.025586732 0.002687942 0.005899379 0.999979094 0.540821826
0.999991233 0.001439816 -0.003796241 0.018787039 -0.001461369 0.999983038 -0.005692891 -0.028248768 0.003786842 0.005698468 0.999976482 0.641619957
0.999989074 0.000540392 -0.004597716 0.018593071 -0.000565293 0.999985494 -0.005417300 -0.031120101 0.004594015 0.005419831 0.999974344 0.752349045
0.999986201 -0.000156236 -0.005058688 0.019902510 0.000129354 0.999986399 -0.005325518 -0.033345229 0.005058634 0.005324785 0.999973049 0.832706698
0.999978083 -0.001741388 -0.006308293 0.020375469 0.001708652 0.999985895 -0.005202343 -0.037683754 0.006317395 0.005191538 0.999965773 0.983603931
0.999969096 -0.002545966 -0.007352097 0.020366597 0.002506270 0.999982302 -0.005406924 -0.043469979 0.007364498 0.005388324 0.999958186 1.164732635
0.999962902 -0.002973291 -0.007965892 0.019868396 0.002929234 0.999980478 -0.005549009 -0.046456827 0.007981533 0.005525486 0.999952480 1.255352075
0.999943268 -0.004370407 -0.009618555 0.020198489 0.004313602 0.999973502 -0.005930236 -0.053136481 0.009643416 0.005888515 0.999935695 1.456560038
0.999914880 -0.006674050 -0.011211075 0.020781576 0.006618283 0.999965945 -0.005010210 -0.058212175 0.011243737 0.004935634 0.999924726 1.677922480
0.999896087 -0.007924215 -0.011982677 0.020726828 0.007873015 0.999960598 -0.004310844 -0.060651140 0.012015886 0.004216066 0.999919093 1.798717675
0.999869771 -0.009739951 -0.012854649 0.021791884 0.009699686 0.999948437 -0.003201348 -0.066297783 0.012884413 0.003076295 0.999911693 2.050222172
0.999863684 -0.008818017 -0.013932671 0.016289388 0.008776387 0.999957549 -0.003052759 -0.074329965 0.013958760 0.002930131 0.999898179 2.322571747
0.999861731 -0.008192798 -0.014421878 0.012659596 0.008143006 0.999961049 -0.003513411 -0.079461149 0.014449024 0.003395566 0.999889780 2.463855312
0.999871252 -0.006849453 -0.014480504 0.007617460 0.006769560 0.999962106 -0.005559454 -0.091913076 0.014516795 0.005460834 0.999879447 2.756177932
0.999878925 -0.006666534 -0.014039303 0.005666816 0.006572978 0.999956792 -0.006703756 -0.103070536 0.014082749 0.006610743 0.999878729 3.058245158
0.999886367 -0.006477998 -0.013612267 0.005293186 0.006393101 0.999959983 -0.006276186 -0.107214114 0.013652187 0.006188534 0.999887466 3.219317170
0.999884942 -0.009065195 -0.012106358 0.010732061 0.008987867 0.999938968 -0.006431699 -0.117480380 0.012163116 0.006322176 0.999905324 3.550759730
0.999886965 -0.011885244 -0.009198452 0.019291371 0.011803144 0.999890528 -0.008938069 -0.131769441 0.009302689 0.008828485 0.999916980 3.881733655
0.999904117 -0.011552047 -0.007575697 0.022177396 0.011472668 0.999879735 -0.010453216 -0.139503447 0.007694795 0.010365294 0.999915937 4.052403139
0.999911494 -0.012673003 -0.003823954 0.030100523 0.012620484 0.999830682 -0.013454112 -0.155233033 0.003993590 0.013404759 0.999901958 4.403555668
0.999926246 -0.012099298 0.000067257 0.037355828 0.012098862 0.999792267 -0.016432975 -0.171484104 0.000131114 0.016432643 0.999864246 4.774914480
0.999935973 -0.010930185 0.002622371 0.041543244 0.010974758 0.999785364 -0.017604734 -0.179194831 -0.002429214 0.017632459 0.999841073 4.965575011
0.999925611 -0.009221690 0.007937404 0.053003725 0.009370887 0.999776797 -0.018965694 -0.193151995 -0.007762213 0.019038711 0.999788460 5.356645793
0.999881669 -0.008551870 0.012788902 0.067827317 0.008822869 0.999734967 -0.021282096 -0.209228306 -0.012603486 0.021392460 0.999691396 5.767411446
0.999852476 -0.007821883 0.015234677 0.074222208 0.008177815 0.999692634 -0.023444591 -0.218838894 -0.015047068 0.023565792 0.999608771 5.967836192
0.999778642 -0.007507613 0.019645869 0.093182940 0.008013849 0.999635207 -0.025812775 -0.235121503 -0.019445604 0.025964553 0.999473036 6.388185424
0.999688824 -0.006470964 0.024057018 0.113193047 0.007104879 0.999628084 -0.026358941 -0.248536623 -0.023878143 0.026521735 0.999362720 6.818558285
0.999641635 -0.005767261 0.026133638 0.123764915 0.006458488 0.999629892 -0.026441946 -0.255034160 -0.025972212 0.026601307 0.999307912 7.038719673
0.999559510 -0.004945234 0.029258253 0.144017011 0.005693453 0.999658372 -0.025542518 -0.266525653 -0.029122566 0.025697896 0.999245263 7.489256643
0.999474019 -0.004700928 0.032069020 0.165249759 0.005485912 0.999686939 -0.024433478 -0.277629885 -0.031944762 0.024596615 0.999186388 7.939689454
0.999432700 -0.004235742 0.033411287 0.175986639 0.005057543 0.999686742 -0.024547686 -0.284444272 -0.033297429 0.024702786 0.999139795 8.169894382
0.999315393 -0.003886166 0.036788593 0.200773990 0.004802346 0.999680656 -0.024845552 -0.298753698 -0.036680939 0.025005276 0.999013421 8.650042437
0.999173439 -0.003616773 0.040471509 0.230810789 0.004607301 0.999691932 -0.024406850 -0.312230021 -0.040371404 0.024573211 0.998881744 9.149742639
0.999098334 -0.003506781 0.042294429 0.246764446 0.004491369 0.999720824 -0.023205029 -0.317262299 -0.042201730 0.023374105 0.998835660 9.399528298
0.998957861 -0.003832955 0.045462925 0.276836611 0.004772194 0.999777178 -0.020569130 -0.327289409 -0.045374478 0.020764708 0.998753816 9.909385474
0.998799601 -0.004563004 0.048758204 0.312187852 0.005568067 0.999774779 -0.020494224 -0.341820659 -0.048654270 0.020741148 0.998600405 10.428580956
0.998715192 -0.005224508 0.050404502 0.330381997 0.006281158 0.999763786 -0.020824627 -0.349711796 -0.050284416 0.021114494 0.998511734 10.688101945
0.998536966 -0.006874891 0.053628958 0.371995663 0.007975959 0.999761259 -0.020343182 -0.363961700 -0.053476979 0.020741208 0.998353020 11.226717132
0.998343835 -0.008698222 0.056860076 0.416578796 0.009833692 0.999757466 -0.019719045 -0.377848981 -0.056675334 0.020245576 0.998187183 11.764995772
0.998241293 -0.009517932 0.058510349 0.438907674 0.010707019 0.999742633 -0.020040771 -0.385876489 -0.058305226 0.020632050 0.998085184 12.034102446
0.998016413 -0.010569354 0.062054285 0.484909465 0.011898204 0.999706959 -0.021081404 -0.403146931 -0.061813977 0.021777960 0.997849503 12.592269532
0.997782876 -0.012056181 0.065450400 0.532857429 0.013486454 0.999679424 -0.021453779 -0.419203308 -0.065171466 0.022288970 0.997624323 13.150241539
0.997688725 -0.012670469 0.066746202 0.556502830 0.014148356 0.999664670 -0.021714281 -0.427647077 -0.066449327 0.022608506 0.997532999 13.439326021
0.997451018 -0.013941011 0.069967824 0.609903425 0.015517092 0.999637302 -0.022032457 -0.444296043 -0.069635918 0.023062060 0.997305397 14.026860318
0.997258068 -0.016497470 0.072129916 0.660987932 0.018150985 0.999586848 -0.022328681 -0.460366586 -0.071732299 0.023576780 0.997144424 14.594537514
0.997214414 -0.017066312 0.072609183 0.685777622 0.018738562 0.999573308 -0.022410317 -0.468699985 -0.072196389 0.023708504 0.997108602 14.893562582
0.997129277 -0.018553985 0.073400345 0.737671715 0.020260551 0.999540491 -0.022572688 -0.485905249 -0.072948387 0.023995092 0.997046415 15.511471022
0.997027981 -0.019683687 0.074474355 0.789715345 0.021412607 0.999518038 -0.022486470 -0.502977834 -0.073996494 0.024014385 0.996968838 16.139436542
0.997009146 -0.019449342 0.074785399 0.814659043 0.021179384 0.999524757 -0.022409236 -0.511308418 -0.074314504 0.023926183 0.996947703 16.448514779
0.996903099 -0.019366665 0.076205460 0.869861914 0.021146438 0.999520640 -0.022615904 -0.529054480 -0.075731483 0.024157391 0.996835248 17.086165629
0.996757324 -0.019670466 0.078016163 0.929171662 0.021472090 0.999521213 -0.022321202 -0.546127757 -0.077540334 0.023924080 0.996701442 17.733426537
0.996695773 -0.020203670 0.078662748 0.958220518 0.021974563 0.999523621 -0.021710738 -0.553735610 -0.078187250 0.023367661 0.996664194 18.052116335
0.996611717 -0.020804849 0.079568182 1.019683007 0.022359125 0.999576045 -0.018692438 -0.566642271 -0.079146119 0.020408262 0.996653607 18.719377263
0.996481892 -0.021269810 0.081063018 1.085307052 0.022647603 0.999613767 -0.016114091 -0.580464489 -0.080689607 0.017893266 0.996577960 19.396200408
0.996413968 -0.021089607 0.081933280 1.117639581 0.022400558 0.999635055 -0.015112759 -0.587883900 -0.081585270 0.016893918 0.996522838 19.734654581
0.996274999 -0.020326658 0.083795847 1.182217690 0.021609707 0.999662543 -0.014431436 -0.604673502 -0.083474823 0.016188581 0.996377977 20.401451087
0.996036400 -0.019694803 0.086734763 1.249372158 0.021105280 0.999659536 -0.015373871 -0.625125488 -0.086403049 0.017143532 0.996112635 21.098064889
0.995836513 -0.019683386 0.089000327 1.286935276 0.021194899 0.999646499 -0.016069049 -0.635640510 -0.088653070 0.017888529 0.995901996 21.445899793
0.995236492 -0.020807027 0.095237881 1.374398651 0.022450669 0.999617057 -0.016218760 -0.655131702 -0.094864507 0.018279732 0.995322329 22.170385329
0.994710658 -0.021755271 0.100382375 1.463442065 0.023386751 0.999612773 -0.015103574 -0.671726224 -0.100015535 0.017371428 0.994833563 22.874620298
0.994444846 -0.022022635 0.102925182 1.511175084 0.023620045 0.999618466 -0.014325861 -0.679971310 -0.102571058 0.016677414 0.994585769 23.241471512
0.994057735 -0.020528821 0.106896957 1.601609590 0.021902902 0.999692458 -0.011695340 -0.694671690 -0.106624568 0.013967278 0.994200705 23.975806963
0.993722672 -0.020634220 0.109948492 1.694086215 0.021868986 0.999710716 -0.010035010 -0.710945091 -0.109710216 0.012376525 0.993886463 24.709863388
0.993555957 -0.020506974 0.111467394 1.741043485 0.021777787 0.999711674 -0.010194696 -0.721053079 -0.111226729 0.012556597 0.993715376 25.086827399
0.993360670 -0.020782770 0.113140390 1.836039782 0.022289561 0.999679389 -0.012067914 -0.743818725 -0.112853763 0.014509748 0.993505767 25.840562801
0.993065685 -0.020961627 0.115669853 1.935064260 0.022834751 0.999629334 -0.014891443 -0.768102115 -0.115315322 0.017429541 0.993175575 26.593789198
0.992903739 -0.020920592 0.117064176 1.986195123 0.022914057 0.999614186 -0.015707560 -0.779475295 -0.116691024 0.018278489 0.992999853 26.980304893
0.992708350 -0.016583138 0.119394209 2.085430241 0.018363390 0.999736533 -0.013825156 -0.796447871 -0.119134083 0.015916849 0.992750303 27.763910743
0.992501817 -0.014763716 0.121331243 2.192544565 0.015861332 0.999841793 -0.008084484 -0.806833176 -0.121193297 0.009948366 0.992578798 28.556841503
0.992448254 -0.015925374 0.121624217 2.246585347 0.016655762 0.999849205 -0.004990600 -0.811637401 -0.121527059 0.006978716 0.992562996 28.953260670
0.992370802 -0.015931197 0.122248858 2.352881968 0.015988512 0.999872516 0.000513059 -0.822666882 -0.122241979 0.001445463 0.992498951 29.756340934
0.992070900 -0.011825475 0.125117273 2.463765139 0.011770378 0.999930168 0.001179973 -0.842480877 -0.125123055 0.000302152 0.992140833 30.578799486
0.991805148 -0.010476557 0.127326596 2.522150427 0.010465922 0.999945041 0.000753149 -0.853515104 -0.127328089 0.000585665 0.991860165 30.984620799
0.991252144 -0.006669226 0.131809102 2.638841908 0.006569530 0.999978123 0.001192000 -0.873285960 -0.131814766 -0.000315550 0.991273770 31.796332629
0.990746387 -0.001699553 0.135710523 2.758999269 0.001490643 0.999998390 0.001641307 -0.893684704 -0.135713719 -0.001423743 0.990746295 32.637837331
0.990464258 0.000133343 0.137765599 2.824605281 -0.000429927 0.999997651 0.002123537 -0.903401002 -0.137765640 -0.002162544 0.990462015 33.062993749
0.989813426 0.001781398 0.142353923 2.953459316 -0.001969521 0.999997862 0.001180904 -0.925514585 -0.142352003 -0.001449189 0.989815137 33.883298226
0.989080452 0.004550721 0.147299783 3.088690636 -0.004399738 0.999989794 -0.001350444 -0.950683337 -0.147305037 0.000687659 0.989090153 34.722921912
0.988695807 0.006082617 0.149807719 3.157144088 -0.005939083 0.999982131 -0.001404935 -0.960968857 -0.149814038 0.000499389 0.988713913 35.137660632
0.987829919 0.008787905 0.155286407 3.301012534 -0.008628022 0.999961852 -0.001703367 -0.981646116 -0.155296133 0.000342851 0.987867309 35.966324111
0.987072789 0.011101249 0.159885866 3.444116580 -0.010745222 0.999937600 -0.003090560 -1.004515933 -0.159910871 0.001332646 0.987129979 36.805090459
0.986624064 0.012250473 0.162548291 3.521734233 -0.011718214 0.999922859 -0.004232794 -1.016667681 -0.162588162 0.002271419 0.986691225 37.228783646
0.985969736 0.012291823 0.166466684 3.680121557 -0.011347293 0.999913962 -0.006623272 -1.041434871 -0.166534376 0.004641422 0.986024182 38.085861670
0.985257274 0.013482453 0.170546870 3.844405172 -0.012287309 0.999892622 -0.008060947 -1.064238112 -0.170637858 0.005846612 0.985315829 38.942303910
0.984926446 0.014752990 0.172340318 3.924988853 -0.013393862 0.999869576 -0.009046164 -1.075927341 -0.172451863 0.006601536 0.984995523 39.365663560
0.984320602 0.015667463 0.175688028 4.092476757 -0.013853103 0.999837815 -0.011548673 -1.100712691 -0.175840978 0.008933858 0.984377953 40.231751715
0.983891927 0.014762794 0.178150406 4.265545165 -0.012590807 0.999832784 -0.013316150 -1.125328608 -0.178317625 0.010858677 0.983912950 41.137478196
0.983629077 0.015339504 0.179549810 4.350379415 -0.013135665 0.999824040 -0.013456319 -1.136042552 -0.179725167 0.010877557 0.983656594 41.580510098
0.982872182 0.015083256 0.183666108 4.527753910 -0.013023041 0.999838259 -0.012418053 -1.154804706 -0.183824288 0.009813468 0.982909980 42.455674526
0.982277563 0.012890178 0.186984863 4.710300187 -0.010825237 0.999869602 -0.012060333 -1.174954257 -0.187116436 0.009822488 0.982287879 43.340271136
0.981997568 0.011024778 0.188566994 4.802965264 -0.008732503 0.999877961 -0.012982435 -1.186628678 -0.188687670 0.011102061 0.981973702 43.772294441
0.981222301 0.010194409 0.192606099 4.990471598 -0.007367743 0.999854875 -0.015385921 -1.210968333 -0.192735543 0.013678009 0.981155288 44.646132647
0.980113549 0.008171914 0.198268382 5.191041012 -0.004781345 0.999835137 -0.017573311 -1.234935885 -0.198379722 0.016275889 0.979990225 45.528529448
0.979542350 0.006184769 0.201138875 5.296928334 -0.002562863 0.999830788 -0.018261968 -1.246385232 -0.201218243 0.017372942 0.979392031 45.979160003
0.978585034 0.002827200 0.205821414 5.501289388 0.001359785 0.999795861 -0.020198551 -1.269475851 -0.205836968 0.020045939 0.978380914 46.851066841
0.977627198 -0.001437249 0.210336122 5.716135581 0.005866631 0.999774084 -0.020435827 -1.290500684 -0.210259806 0.021212650 0.977414586 47.762090008
0.977095648 -0.002542110 0.212783256 5.823974234 0.007088579 0.999763142 -0.020606133 -1.300885809 -0.212681005 0.021642553 0.976881271 48.212520972
0.976067984 -0.005120371 0.217401992 6.046875360 0.009709623 0.999752421 -0.020046096 -1.320428037 -0.217245753 0.021677301 0.975876303 49.132715296
0.974801220 -0.007816748 0.222937170 6.274430191 0.012536702 0.999726138 -0.019763604 -1.339737808 -0.222722529 0.022060488 0.974632421 50.032231339
0.974290251 -0.008614332 0.225128423 6.386223091 0.013387006 0.999716818 -0.019681640 -1.349492923 -0.224895695 0.022189499 0.974129466 50.482217987
0.973090677 -0.011017964 0.230154388 6.613485037 0.016060973 0.999670522 -0.020049100 -1.369247866 -0.229858589 0.023206155 0.972947085 51.361614453
0.971830755 -0.013454717 0.235291415 6.850724416 0.018992812 0.999593988 -0.021286320 -1.390094996 -0.234910443 0.025155620 0.971690784 52.239819794
0.971221758 -0.014151306 0.237755139 6.970428213 0.019625741 0.999594385 -0.020673901 -1.398660018 -0.237366900 0.024745111 0.971104467 52.688915704
0.970143928 -0.016927053 0.241935288 7.208389295 0.021758849 0.999613733 -0.017312839 -1.411597747 -0.241549397 0.022060233 0.970137126 53.567243452
0.968633976 -0.021674080 0.247541180 7.454009313 0.026112575 0.999552406 -0.014660729 -1.424979312 -0.247113071 0.020664901 0.968765592 54.424525081
0.968069043 -0.023178529 0.249609041 7.574424950 0.027765697 0.999504693 -0.014871405 -1.434301512 -0.249141157 0.021327173 0.968232112 54.853376194
0.966667853 -0.026232929 0.254682178 7.826442941 0.031603143 0.999356105 -0.017016022 -1.455815757 -0.254072338 0.024497656 0.966874968 55.719771014
0.965442215 -0.029514742 0.258939944 8.073215955 0.035915570 0.999154693 -0.020022113 -1.478292967 -0.258130357 0.028630236 0.965685011 56.566609775
0.965018065 -0.031109677 0.260328122 8.194453077 0.037646084 0.999088018 -0.020158412 -1.487080877 -0.259463826 0.029253638 0.965309212 56.985308074
0.964320421 -0.034612701 0.262461795 8.438027593 0.041160572 0.998963093 -0.019489114 -1.503267662 -0.261515468 0.029596923 0.964744711 57.832683771
0.963132472 -0.036918068 0.266482087 8.685156177 0.043060271 0.998924420 -0.017240608 -1.516152867 -0.265559297 0.028079836 0.963685374 58.659589451
0.962505199 -0.037963856 0.268593222 8.809287798 0.043843163 0.998911887 -0.015922219 -1.522400430 -0.267697507 0.027101248 0.963121311 59.078016796
0.961120161 -0.040284019 0.273174275 9.057180492 0.046233385 0.998812844 -0.015373269 -1.537561226 -0.272231272 0.027405393 0.961841477 59.884631944
0.959768195 -0.040990781 0.277783704 9.303151086 0.047260990 0.998756583 -0.015910750 -1.554635356 -0.276786338 0.028399027 0.960511844 60.691421109
0.958977419 -0.042240002 0.280314224 9.428871399 0.048733127 0.998680675 -0.016230707 -1.562714126 -0.279259122 0.029225567 0.959770534 61.079402400
0.957249832 -0.045816107 0.285611006 9.684171013 0.052252534 0.998522216 -0.014951235 -1.575474548 -0.284503996 0.029236015 0.958228981 61.855004011
0.955356722 -0.050383529 0.291125640 9.949347988 0.056560198 0.998317238 -0.012834075 -1.586420196 -0.289989984 0.028727313 0.956598310 62.629502055
0.954437745 -0.051636867 0.293905712 10.084082909 0.057614068 0.998270696 -0.011709190 -1.592019735 -0.292794116 0.028108888 0.955761912 63.026568699
0.952762149 -0.054840546 0.298723142 10.354456715 0.059960860 0.998169042 -0.007994862 -1.600603878 -0.297738283 0.025529026 0.954305544 63.820664924
0.950899235 -0.060616409 0.303505821 10.624356118 0.065097075 0.997868514 -0.004657120 -1.608836844 -0.302577724 0.024185880 0.952817209 64.584612475
0.950255298 -0.059432699 0.305748704 10.757127383 0.064569513 0.997891237 -0.006705203 -1.619619118 -0.304705908 0.026113800 0.952088467 64.971701577
0.948621503 -0.056521563 0.311321187 11.030676811 0.064282472 0.997823846 -0.014715189 -1.647258800 -0.309812337 0.033971719 0.950190679 65.734717130
0.946989329 -0.057448164 0.316083492 11.299722966 0.067920167 0.997444117 -0.022203993 -1.673009580 -0.314000731 0.042495511 0.948470393 66.468093616
0.945966372 -0.058851336 0.318876441 11.435062488 0.069768282 0.997300820 -0.022911495 -1.680727692 -0.316668278 0.043921062 0.947519192 66.834821373
0.944511319 -0.059360025 0.323068576 11.701234943 0.066873038 0.997687653 -0.012194149 -1.676272556 -0.321597756 0.033122162 0.946296368 67.579392388
0.942562317 -0.061557151 0.328307952 11.974198713 0.064782457 0.997899615 0.001115810 -1.666978807 -0.327687406 0.020216945 0.944569030 68.323298382
0.941647177 -0.063793817 0.330499173 12.113274454 0.066058431 0.997806320 0.004388047 -1.667733528 -0.330054138 0.017700361 0.943795878 68.689772584
0.940239826 -0.066519264 0.333949656 12.385513248 0.068951822 0.997609673 0.004578919 -1.679683699 -0.333456294 0.018721203 0.942579015 69.402995283
0.938962573 -0.063809851 0.338048756 12.656998701 0.067499610 0.997719497 0.000842648 -1.698624231 -0.337332504 0.022026985 0.941127642 70.116123256
0.938141615 -0.063497237 0.340379358 12.792079383 0.067897204 0.997691884 -0.001017550 -1.707776482 -0.339529709 0.024065448 0.940286831 70.462701648
0.936319600 -0.063413386 0.345373142 13.067263970 0.068655187 0.997636186 -0.002952073 -1.723152888 -0.344370395 0.026475815 0.938460003 71.165420596
0.934908878 -0.062213528 0.349390296 13.343224250 0.066843472 0.997762828 -0.001196849 -1.732188255 -0.348534513 0.024473448 0.936976247 71.868214713
0.934145858 -0.061371154 0.351572961 13.482261874 0.065560156 0.997849446 -0.000010381 -1.736312274 -0.350816597 0.023058971 0.936159707 72.224534348
0.932741957 -0.064261063 0.354770201 13.759900835 0.067198465 0.997732084 0.004049377 -1.740839836 -0.354225738 0.020063064 0.934944454 72.917179510
0.930556526 -0.066523218 0.360053825 14.048615092 0.068089413 0.997644943 0.008347690 -1.745000624 -0.359761834 0.016748057 0.932893089 73.618614751
0.929367064 -0.066291269 0.363153684 14.192320865 0.067648684 0.997669193 0.008994196 -1.749311748 -0.362903800 0.016208039 0.931685672 73.954243467
0.927425639 -0.061657399 0.368888336 14.471845294 0.063710590 0.997947247 0.006625299 -1.764291508 -0.368540024 0.017357709 0.929449979 74.616182911
0.925443025 -0.057423193 0.374508421 14.755472530 0.061130733 0.998128687 0.001983094 -1.782956746 -0.373921473 0.021058815 0.927220652 75.277548057
0.924617706 -0.057590180 0.376516155 14.897142774 0.061911398 0.998081534 0.000625228 -1.790362788 -0.375830208 0.022732559 0.926409429 75.603262117
0.922742341 -0.058745920 0.380911242 15.193555226 0.063260064 0.997997287 0.000670848 -1.800584361 -0.380189008 0.023477522 0.924610401 76.273428972
0.920824602 -0.059099941 0.385472031 15.493941814 0.062596891 0.998033066 0.003484142 -1.806277180 -0.384920692 0.020921168 0.922712252 76.953322026
0.919770539 -0.059537092 0.387912985 15.644531064 0.062409596 0.998038049 0.005201705 -1.808426893 -0.387461513 0.019425224 0.921681081 77.288205083
0.917500294 -0.060667253 0.393080250 15.945544207 0.062281160 0.998021117 0.008660648 -1.812399479 -0.392828026 0.016535362 0.919463245 77.947927959
0.915901504 -0.060895471 0.396756124 16.241641367 0.061482517 0.998044949 0.011252563 -1.817938763 -0.396665819 0.014087417 0.917854787 78.608182760
0.915163622 -0.060338146 0.398540620 16.389127775 0.060462125 0.998095905 0.012271363 -1.821053287 -0.398521991 0.012866442 0.917068180 78.933331142
0.913119475 -0.060199268 0.403220545 16.688019472 0.060300416 0.998102533 0.012458811 -1.830101540 -0.403206718 0.012938050 0.915017094 79.573026616
0.910765086 -0.057840481 0.408852300 16.992956020 0.058360112 0.998233518 0.011216694 -1.841501332 -0.408779925 0.013644916 0.912530749 80.211956325
0.909965093 -0.056196565 0.410857571 17.142394846 0.057120218 0.998317425 0.010038905 -1.848059741 -0.410731272 0.014333343 0.911643946 80.526716248
0.907647973 -0.056659806 0.415889647 17.450120374 0.058121526 0.998268453 0.009155987 -1.858330530 -0.415688185 0.015861853 0.909368787 81.155279409
0.905333696 -0.057509379 0.420787813 17.760669215 0.058356125 0.998236873 0.010875584 -1.863993133 -0.420671488 0.014709604 0.907093590 81.783633900
0.904328603 -0.059682846 0.422641199 17.916851610 0.061036452 0.998082807 0.010342928 -1.868802519 -0.422449252 0.016443213 0.906237300 82.087582659
0.902664045 -0.060395342 0.426085801 18.224395963 0.062215179 0.998016749 0.009660611 -1.878286948 -0.425823906 0.017788830 0.904630731 82.706116421
0.900834095 -0.061448698 0.429792695 18.538995683 0.063317461 0.997944040 0.009967414 -1.886126608 -0.429521685 0.018234464 0.902872387 83.333942048
0.899761607 -0.060568405 0.432157328 18.698297082 0.062431111 0.998000990 0.009890538 -1.890440691 -0.431893304 0.018081006 0.901742833 83.647611341
0.898380743 -0.059908453 0.435112080 19.006682124 0.060849615 0.998077689 0.011783875 -1.895472107 -0.434982324 0.015889981 0.900298860 84.266163405
0.897390524 -0.062907125 0.436729620 19.309675003 0.062533726 0.997926525 0.015248882 -1.897190957 -0.436783802 0.013626145 0.899462637 84.865288188
0.896540146 -0.063206455 0.438427858 19.463636168 0.062558178 0.997914957 0.015940234 -1.899700898 -0.438521032 0.013136323 0.898624156 85.159484768
0.894898563 -0.064295417 0.441613642 19.766513610 0.063844289 0.997833491 0.015900906 -1.907019533 -0.441679033 0.013964952 0.897063526 85.738334718
0.893562340 -0.062826342 0.444520806 20.062282382 0.062300392 0.997933058 0.015808557 -1.914434554 -0.444596030 0.013568058 0.895628646 86.307939441
0.893034464 -0.061741109 0.445730437 20.213277519 0.060867700 0.998013130 0.016291337 -1.917407013 -0.445850948 0.012582015 0.895017896 86.602469558
0.892153694 -0.058994132 0.447862845 20.506011829 0.057410345 0.998204414 0.017124426 -1.923296631 -0.448069319 0.010434394 0.893938153 87.172467695
0.891205989 -0.056137524 0.450111607 20.798726880 0.053658096 0.998392216 0.018277669 -1.928626832 -0.450414485 0.007863009 0.892784728 87.742482682
0.890431826 -0.055924210 0.451667182 20.947464390 0.053668207 0.998400120 0.017816173 -1.932719092 -0.451941422 0.008376152 0.892007297 88.017104548
0.888962348 -0.056799584 0.454442273 21.243876966 0.055984742 0.998315662 0.015261845 -1.943391497 -0.454544709 0.011874724 0.890644380 88.556336083
0.887819207 -0.057624300 0.456569235 21.545461614 0.057231538 0.998253042 0.014701846 -1.950983150 -0.456618753 0.013077607 0.889566163 89.115187465
0.887366420 -0.057680248 0.457441948 21.693106019 0.056695907 0.998265612 0.015893326 -1.952196086 -0.457565932 0.011831919 0.889096765 89.390011879
0.886115349 -0.056975469 0.459948261 21.993577961 0.055163812 0.998326158 0.017390473 -1.956339010 -0.460169263 0.009962558 0.887774264 89.949082959
0.885251573 -0.057401406 0.461554445 22.291829705 0.054300337 0.998324160 0.020010300 -1.958212458 -0.461930129 0.007348549 0.886885070 90.498400957
0.885010925 -0.055803196 0.462212236 22.437410671 0.051201243 0.998435556 0.022505332 -1.957233020 -0.462745378 0.003748526 0.886482807 90.773523050
0.884182285 -0.054063708 0.464002284 22.731659337 0.047587554 0.998537679 0.025665124 -1.958317961 -0.464712059 -0.000611847 0.885461405 91.323328090
0.883578816 -0.054750153 0.465069834 23.019635317 0.048272302 0.998500014 0.025836517 -1.963862699 -0.465787068 -0.000378554 0.884896345 91.843534485
0.883403736 -0.055171688 0.465352854 23.162213857 0.048685021 0.998477374 0.025957070 -1.966765023 -0.466077157 -0.000274837 0.884743647 92.108834044
0.882832692 -0.054041199 0.466567411 23.437968533 0.047484772 0.998538981 0.025808114 -1.972736956 -0.467280692 -0.000629341 0.884107774 92.610311279
0.881961016 -0.047230969 0.468948354 23.716107043 0.040447210 0.998880952 0.024534294 -1.981255257 -0.469583526 -0.002670531 0.882883636 93.131586339
0.881787403 -0.045524402 0.469444754 23.854517493 0.038160411 0.998954807 0.025194749 -1.983052224 -0.470101375 -0.004302079 0.882601332 93.387329400
0.881078936 -0.044788023 0.470843740 24.134293417 0.036382453 0.998975570 0.026943972 -1.985863973 -0.471567841 -0.006609215 0.881804191 93.898491611
0.880373978 -0.047251171 0.471919026 24.417881615 0.038275759 0.998858168 0.028607175 -1.988398162 -0.472732408 -0.007121884 0.881176468 94.399145807
0.880077355 -0.049851683 0.472205531 24.559207886 0.040304076 0.998727577 0.030320843 -1.988274135 -0.473117220 -0.007652830 0.880966261 94.654599258
0.879309103 -0.050769913 0.473537257 24.833530436 0.038952070 0.998637729 0.034738497 -1.985995177 -0.474656238 -0.012100492 0.880087504 95.146387747
0.878041561 -0.048342260 0.476134944 25.105014940 0.036466147 0.998751206 0.034156624 -1.992372991 -0.477191913 -0.012628056 0.878708132 95.628209880
0.877630176 -0.045922832 0.477131138 25.237247563 0.034291686 0.998865345 0.033062858 -1.996908734 -0.478109157 -0.012655222 0.878208994 95.864459217
0.877078106 -0.041680947 0.478533709 25.502758744 0.029656092 0.999026547 0.032661576 -2.003012837 -0.479429772 -0.014455234 0.877461035 96.346984531
0.875782265 -0.040027922 0.481042897 25.768921983 0.029270775 0.999126420 0.029847935 -2.012614073 -0.481817674 -0.012059706 0.876187793 96.799129435
0.875035894 -0.037177350 0.482627833 25.903247275 0.027571109 0.999255842 0.026985689 -2.020191303 -0.483272644 -0.010306802 0.875408715 97.035055518
0.873232480 -0.034801471 0.486057636 26.173704070 0.026309350 0.999358899 0.024287297 -2.030065948 -0.486592111 -0.008420519 0.873588083 97.506835065
0.871697012 -0.036582576 0.488677822 26.431400793 0.028045096 0.999299834 0.024781653 -2.033670425 -0.489242149 -0.007896979 0.872111321 97.939981006
0.871262384 -0.034119634 0.489628936 26.551320293 0.025173192 0.999374513 0.024847230 -2.035966152 -0.490170866 -0.009322869 0.871576201 98.157581519
0.869673332 -0.031085009 0.492646132 26.805143874 0.020796476 0.999436676 0.026350508 -2.038080036 -0.493188761 -0.012670987 0.869829757 98.601288732
0.868268472 -0.030709051 0.495142394 27.057566625 0.017165270 0.999344378 0.031879686 -2.032852079 -0.495797757 -0.019180799 0.868225962 99.035279820
0.867695020 -0.029986295 0.496191019 27.183289222 0.014816135 0.999296085 0.034481392 -2.030476685 -0.496875912 -0.022567566 0.867527153 99.252326089
