1.000000000 0.000000000 -0.000000000 0.000000000 0.000000000 1.000000000 -0.000000000 0.000000000 -0.000000000 -0.000000000 1.000000000 -0.000000000
0.999999316 0.000761768 -0.000547903 0.004993615 -0.000761371 0.999998865 0.000876488 -0.003833088 0.000548556 -0.000876038 0.999999774 0.973069216
0.999998911 0.001088413 -0.001254276 0.011054356 -0.001086498 0.999998354 0.001547756 -0.008067890 0.001255470 -0.001546372 0.999998401 1.959511151
0.999995130 0.002366173 -0.001760441 0.010538875 -0.002362430 0.999994403 0.002136147 -0.009804992 0.001764975 -0.002131974 0.999996671 2.453461715
0.999994608 0.003011445 -0.001074622 0.015306189 -0.003008606 0.999991647 0.002692678 -0.014335315 0.001082456 -0.002689422 0.999996785 3.440453392
0.999993811 0.003002039 -0.001781332 0.016147000 -0.002997159 0.999991806 0.002776546 -0.019835226 0.001789110 -0.002771133 0.999994943 4.439864231
0.999994418 0.003023447 -0.001086171 0.020736395 -0.003021173 0.999992696 0.002107108 -0.023661458 0.001091852 -0.002103813 0.999997207 4.929367975
0.999993904 0.003211318 -0.001175673 0.027499333 -0.003210777 0.999994685 0.000505382 -0.031762031 0.001176534 -0.000501541 0.999999698 5.911704932
0.999982828 0.005128435 -0.002788045 0.021419496 -0.005128187 0.999986934 0.000108321 -0.037992844 0.002787727 -0.000093968 0.999996485 6.885640423
0.999975537 0.006320773 -0.002761023 0.020157798 -0.006319146 0.999979840 0.000635250 -0.039894970 0.002764383 -0.000617751 0.999996902 7.381443777
0.999961478 0.008405470 -0.002342028 0.022049485 -0.008399845 0.999961165 0.002439561 -0.042302373 0.002361059 -0.002419812 0.999994615 8.372706473
0.999946809 0.009785881 -0.003348417 0.020870573 -0.009772631 0.999943941 0.003981463 -0.045126873 0.003386568 -0.003948496 0.999986447 9.347611733
0.999942489 0.009968490 -0.003910241 0.020403013 -0.009952293 0.999941902 0.004163183 -0.047582044 0.003951141 -0.004123961 0.999984694 9.836172991
0.999953719 0.008975286 -0.003272501 0.023027254 -0.008964774 0.999954358 0.003254625 -0.054784706 0.003301076 -0.003225094 0.999989394 10.823325401
0.999947196 0.009942591 -0.002373217 0.027709283 -0.009940572 0.999949564 0.000906956 -0.064329891 0.002381134 -0.000883316 0.999997208 11.824214883
0.999944633 0.010299351 -0.001828042 0.030023794 -0.010298228 0.999946731 0.000643402 -0.067541805 0.001833813 -0.000624548 0.999998224 12.319283333
0.999958012 0.009170852 -0.000035251 0.039980736 -0.009170898 0.999957837 -0.000086970 -0.074374274 0.000033790 0.000087335 1.000000266 13.325596960
0.999984186 0.005454311 0.000687756 0.049490227 -0.005453128 0.999982960 -0.001768575 -0.082893312 -0.000697722 0.001764764 0.999998955 14.319828244
0.999986884 0.004950764 0.001103764 0.053893345 -0.004947866 0.999984399 -0.002668033 -0.087143858 -0.001117593 0.002662597 0.999996059 14.812485600
0.999964213 0.007857754 0.003120084 0.061022660 -0.007856756 0.999968670 -0.000341274 -0.088693668 -0.003123011 0.000316817 0.999995425 15.830702664
0.999959143 0.008219873 0.003709363 0.069324751 -0.008232841 0.999959472 0.003504798 -0.087752237 -0.003681407 -0.003535166 0.999987446 16.859152933
0.999955276 0.008583807 0.003896793 0.074463458 -0.008602267 0.999951362 0.004730801 -0.088381255 -0.003857216 -0.004764155 0.999981882 17.368362019
0.999937396 0.009515245 0.005877580 0.093507399 -0.009522489 0.999953778 0.001206161 -0.099534579 -0.005866201 -0.001262030 0.999982315 18.368561791
0.999924694 0.009980524 0.007132314 0.106300582 -0.009953592 0.999943422 -0.003809233 -0.113411809 -0.007171096 0.003737948 0.999968076 19.373732326
0.999913416 0.010576775 0.007802091 0.113829074 -0.010537473 0.999931741 -0.005071118 -0.118173211 -0.007855711 0.004988455 0.999957477 19.877356615
0.999911196 0.010660593 0.007985775 0.131113900 -0.010634253 0.999937381 -0.003339068 -0.120607761 -0.008021375 0.003253873 0.999963215 20.915854038
0.999921522 0.009504129 0.008114362 0.150821044 -0.009496005 0.999953684 -0.001045703 -0.122042970 -0.008124046 0.000968553 0.999966984 21.945639935
0.999926469 0.008927369 0.008150556 0.158632126 -0.008919418 0.999959939 -0.001027521 -0.124699508 -0.008160761 0.000954734 0.999966877 22.453734583
0.999920187 0.008706662 0.009125183 0.178227599 -0.008686677 0.999959870 -0.002236943 -0.131974456 -0.009145123 0.002157501 0.999956612 23.468258383
0.999891491 0.009025446 0.011598507 0.206965199 -0.008987301 0.999954102 -0.003343196 -0.138995967 -0.011629079 0.003238591 0.999927103 24.513464015
0.999890411 0.008574459 0.012058232 0.218076572 -0.008531460 0.999956808 -0.003617708 -0.142140363 -0.012089181 0.003514415 0.999921369 25.034754896
0.999889508 0.008410630 0.012218250 0.239577330 -0.008373912 0.999959667 -0.003055505 -0.146339276 -0.012245179 0.002952866 0.999921271 26.057661510
0.999902586 0.006738644 0.012247728 0.266869971 -0.006717289 0.999975238 -0.001784310 -0.149151044 -0.012260310 0.001701841 0.999923825 27.063517015
0.999904941 0.005739930 0.012535513 0.279130674 -0.005725356 0.999982868 -0.001208618 -0.150719027 -0.012542701 0.001136743 0.999921762 27.565880687
0.999904891 0.006206121 0.012346734 0.298393695 -0.006200419 0.999980139 -0.000502718 -0.154691873 -0.012349939 0.000426186 0.999924515 28.588964586
0.999890235 0.005461478 0.013791004 0.330245436 -0.005441202 0.999984078 -0.001509961 -0.161265491 -0.013800336 0.001434701 0.999904293 29.599831824
0.999893448 0.004074177 0.014009230 0.343692935 -0.004040277 0.999988348 -0.002446094 -0.165400927 -0.014019605 0.002389224 0.999899392 30.104785439
0.999898036 0.003124230 0.013922445 0.365960865 -0.003088606 0.999991453 -0.002588010 -0.170825587 -0.013931750 0.002544717 0.999900412 31.131216524
0.999894734 0.002483595 0.014280045 0.386178785 -0.002477686 0.999996794 -0.000433902 -0.172513160 -0.014280834 0.000398551 0.999898235 32.173073691
0.999892953 0.002570105 0.014376278 0.397407887 -0.002580762 0.999996227 0.000722373 -0.173134397 -0.014375223 -0.000759400 0.999896507 32.691222946
0.999895978 0.001246935 0.014356664 0.416088962 -0.001258444 0.999998303 0.000788104 -0.178421696 -0.014356514 -0.000806075 0.999897364 33.729152647
0.999888987 0.001586664 0.014775131 0.431872197 -0.001583659 0.999998667 -0.000220424 -0.185535378 -0.014775531 0.000197073 0.999891239 34.763716440
0.999885360 0.000921333 0.015113871 0.441462800 -0.000912872 0.999998911 -0.000567997 -0.188891424 -0.015114981 0.000554178 0.999885851 35.294098782
0.999871988 0.000778238 0.015967832 0.465185434 -0.000777164 0.999999029 -0.000077869 -0.193445609 -0.015968095 0.000065498 0.999872938 36.362138175
0.999864660 0.002905009 0.016200861 0.489197567 -0.002911450 0.999995212 0.000371217 -0.197739247 -0.016200302 -0.000418377 0.999868967 37.405482203
0.999869344 0.002170416 0.016000309 0.502560976 -0.002171829 0.999997419 0.000065642 -0.200798346 -0.016000968 -0.000100392 0.999872619 37.921212374
0.999863706 0.002109233 0.016373301 0.526750103 -0.002094829 0.999996916 -0.000898636 -0.207514509 -0.016376213 0.000864182 0.999866184 38.943001751
0.999885004 0.001912396 0.015003937 0.546791005 -0.001902151 0.999997587 -0.000700887 -0.212291798 -0.015005453 0.000672280 0.999887380 39.964227323
0.999894490 0.002036836 0.014372865 0.557543342 -0.002030111 0.999997866 -0.000488255 -0.214451221 -0.014374965 0.000459064 0.999897020 40.475680287
0.999901447 0.001948737 0.013916729 0.577007577 -0.001919313 0.999995615 -0.002128340 -0.222337308 -0.013921177 0.002101447 0.999901406 41.482586225
0.999913029 -0.001128918 0.013160152 0.603213825 0.001160700 0.999996316 -0.002408217 -0.227903306 -0.013157884 0.002423302 0.999911331 42.501977008
0.999927453 -0.002340812 0.011821151 0.613180384 0.002354080 0.999996073 -0.001113701 -0.228267296 -0.011818436 0.001141485 0.999929979 43.009908754
0.999947898 -0.002978103 0.009738666 0.626912512 0.002948161 0.999990242 0.003087842 -0.226366042 -0.009748768 -0.003058968 0.999948665 44.022232341
0.999955175 -0.004092188 0.008524502 0.642060276 0.004054519 0.999981499 0.004430295 -0.229409458 -0.008542265 -0.004395544 0.999954024 45.044746668
0.999955576 -0.004743768 0.008098929 0.650602687 0.004711975 0.999981363 0.003931525 -0.232943470 -0.008118546 -0.003893145 0.999960023 45.561752980
0.999970157 -0.004025751 0.006577590 0.660954842 0.004006736 0.999987920 0.002888827 -0.240235869 -0.006589468 -0.002862316 0.999974968 46.607062712
0.999975560 -0.003430362 0.006077811 0.675075686 0.003423299 0.999993537 0.001162447 -0.248603638 -0.006082555 -0.001141593 0.999981630 47.648482844
0.999981910 -0.002366882 0.005510996 0.679188587 0.002363774 0.999996843 0.000557066 -0.252343619 -0.005513058 -0.000544022 0.999984534 48.160454763
0.999993981 -0.001800388 0.002788528 0.684485148 0.001802305 0.999998157 -0.000708576 -0.259939368 -0.002787796 0.000713674 0.999996661 49.175657257
0.999993788 -0.003470689 0.000095279 0.689438015 0.003470816 0.999992383 -0.001632781 -0.267019885 -0.000090018 0.001633164 0.999999029 50.181019153
0.999992976 -0.003767102 -0.000329096 0.691172149 0.003766414 0.999990339 -0.002224254 -0.270845103 0.000337148 0.002223002 0.999998362 50.685552205
0.999989908 -0.004418636 -0.000914295 0.699944707 0.004416319 0.999986972 -0.002419468 -0.276682327 0.000924409 0.002415355 0.999997273 51.700037319
0.999974715 -0.006356700 -0.003162241 0.704171412 0.006350749 0.999978015 -0.001855324 -0.281410849 0.003173354 0.001835190 0.999993391 52.725651160
0.999957949 -0.008057021 -0.004327956 0.706738608 0.008051899 0.999966433 -0.001182200 -0.283100650 0.004336066 0.001147297 0.999990587 53.235957049
0.999938227 -0.009074010 -0.006401988 0.707617100 0.009074732 0.999958714 0.000105615 -0.286623244 0.006400827 -0.000163650 0.999980184 54.253763961
0.999925113 -0.009637647 -0.007576405 0.709499185 0.009644358 0.999952727 0.000864077 -0.290984180 0.007567331 -0.000937092 0.999971156 55.261171114
0.999914801 -0.009819223 -0.008593492 0.709940808 0.009823892 0.999951829 0.000507634 -0.294383779 0.008588389 -0.000591965 0.999963715 55.760872823
0.999896346 -0.008809734 -0.011317201 0.700997476 0.008795288 0.999960454 -0.001317857 -0.303358211 0.011328054 0.001218248 0.999935605 56.771362766
0.999871298 -0.007468519 -0.014183790 0.690371062 0.007431917 0.999968821 -0.002623611 -0.311454830 0.014202221 0.002517834 0.999896174 57.777950814
0.999862621 -0.005940042 -0.015444858 0.684856466 0.005900219 0.999978665 -0.002618907 -0.314341022 0.015459137 0.002527441 0.999877714 58.276329704
0.999864101 -0.004083670 -0.015941804 0.679557662 0.004061872 0.999990097 -0.001395876 -0.318207356 0.015947175 0.001330986 0.999872311 59.306735345
0.999815127 -0.001863874 -0.019118958 0.661695981 0.001864466 0.999998438 0.000013478 -0.321896917 0.019118490 -0.000049105 0.999817893 60.320188613
0.999802270 -0.000067394 -0.019865934 0.654870985 0.000070802 0.999999787 0.000171565 -0.324558915 0.019864851 -0.000172959 0.999803312 60.819120214
0.999767794 0.002536960 -0.021400904 0.640050828 -0.002559118 0.999995764 -0.001004854 -0.332454108 0.021398049 0.001059351 0.999771361 61.806749752
0.999669163 0.005240670 -0.025175367 0.616538280 -0.005276644 0.999984530 -0.001362029 -0.338986130 0.025167401 0.001494430 0.999682278 62.775779403
0.999615166 0.007340883 -0.026727505 0.602295840 -0.007362521 0.999972448 -0.000707684 -0.340921996 0.026721340 0.000904151 0.999643513 63.266326455
0.999544609 0.009121291 -0.028760131 0.579776383 -0.009133109 0.999957632 -0.000278016 -0.346338103 0.028755788 0.000540524 0.999587228 64.254122696
0.999467173 0.009989583 -0.031062077 0.555576175 -0.010072262 0.999945996 -0.002501827 -0.356326412 0.031035183 0.002813382 0.999515169 65.235756749
0.999400089 0.009798275 -0.033209595 0.537982306 -0.009941644 0.999942244 -0.004151083 -0.362336458 0.033166381 0.004478798 0.999439902 65.716237550
0.999299048 0.009554191 -0.036188900 0.502902504 -0.009769073 0.999935955 -0.005761873 -0.371533555 0.036131658 0.006111361 0.999328558 66.674059238
0.999184077 0.010499203 -0.039003733 0.466233072 -0.010642875 0.999937490 -0.003476339 -0.374204530 0.038964659 0.003888601 0.999233492 67.648625239
0.999111806 0.009287475 -0.041110609 0.446425576 -0.009384364 0.999953603 -0.002162982 -0.375348049 0.041088138 0.002546843 0.999153087 68.131538995
0.999009631 0.009266566 -0.043501718 0.411361594 -0.009276402 0.999957027 -0.000022594 -0.378152578 0.043499273 0.000426148 0.999054187 69.080855951
0.998859583 0.010730367 -0.046526901 0.368913854 -0.010669921 0.999941217 0.001546724 -0.382011531 0.046540221 -0.001048460 0.998916503 70.027163395
0.998805769 0.010538889 -0.047694032 0.347847468 -0.010431666 0.999942387 0.002498566 -0.383758865 0.047717421 -0.001998029 0.998859056 70.505239928
0.998603466 0.011905007 -0.051475575 0.298188474 -0.011691289 0.999921499 0.004450976 -0.387077039 0.051524197 -0.003842896 0.998665168 71.440005730
0.998252453 0.011753713 -0.057910985 0.235321363 -0.011703764 0.999930613 0.001202199 -0.399602941 0.057920716 -0.000522324 0.998321211 72.362775334
0.998223844 0.010250451 -0.058679548 0.211176654 -0.010354975 0.999944695 -0.001475404 -0.407658680 0.058659774 0.002080362 0.998276568 72.827616821
0.997962357 0.010067792 -0.063001297 0.148128551 -0.010430894 0.999930889 -0.005435077 -0.421519931 0.062941928 0.006081180 0.997999115 73.758920038
0.997727773 0.007351292 -0.066976460 0.089258857 -0.007838838 0.999943968 -0.007018485 -0.431367246 0.066920781 0.007527628 0.997730022 74.682279817
0.997653885 0.006699323 -0.068127065 0.059918200 -0.007176294 0.999951380 -0.006758363 -0.434545388 0.068078465 0.007231427 0.997654300 75.151584048
0.997354399 0.008332697 -0.072213907 -0.006764326 -0.008736557 0.999947330 -0.005276922 -0.439186652 0.072166065 0.005893893 0.997375362 76.080511308
0.997152510 0.007488684 -0.075043009 -0.068263156 -0.007690273 0.999967491 -0.002397572 -0.441453417 0.075021811 0.002967860 0.997177860 76.996476000
0.996570972 0.010167820 -0.082116546 -0.183339124 -0.010130513 0.999948078 0.000870759 -0.446879539 0.082120664 -0.000035867 0.996623403 78.358984109
0.996300310 0.010094699 -0.085338490 -0.258037512 -0.010129385 0.999948710 0.000027629 -0.455619394 0.085333409 0.000836926 0.996352822 79.241427402
0.996103620 0.010216891 -0.087595526 -0.299839265 -0.010336145 0.999946146 -0.000907587 -0.460987925 0.087580546 0.001809454 0.996156096 79.688380537
0.995803607 0.011948515 -0.090728563 -0.379261169 -0.012205837 0.999922697 -0.002281499 -0.470805494 0.090694191 0.003379373 0.995873696 80.595866515
0.995523854 0.012722808 -0.093647310 -0.460060717 -0.012989241 0.999912608 -0.002235847 -0.478340001 0.093610012 0.003442238 0.995603509 81.503916961
0.995294611 0.012817998 -0.096041888 -0.503764536 -0.013056657 0.999912663 -0.001855694 -0.481504460 0.096009540 0.003100964 0.995376000 81.944746607
0.994833792 0.013449288 -0.100624088 -0.594794227 -0.013654005 0.999905481 -0.001345801 -0.488251041 0.100596037 0.002712789 0.994924504 82.808746155
0.994400963 0.014206208 -0.104713022 -0.686054325 -0.014268223 0.999898032 0.000156999 -0.493321555 0.104704750 0.001337994 0.994502692 83.670526107
0.994225355 0.014301616 -0.106349430 -0.732515470 -0.014274663 0.999897881 0.001015525 -0.495737730 0.106352410 0.000508439 0.994329008 84.099463309
0.993627161 0.015774985 -0.111608085 -0.835829827 -0.015670935 0.999875145 0.001809703 -0.502316119 0.111622395 -0.000049142 0.993751441 84.967124386
0.993025672 0.016097823 -0.116794956 -0.937973200 -0.016266185 0.999867794 -0.000487173 -0.514108909 0.116771336 0.002383632 0.993156280 85.818975507
0.991999221 0.014141281 -0.125448140 -1.098569565 -0.014767778 0.999882951 -0.004064997 -0.532485822 0.125375609 0.005885072 0.992092669 87.111014969
0.991181203 0.014466179 -0.131719522 -1.216875055 -0.014983775 0.999883259 -0.002938200 -0.538955755 0.131661198 0.004885916 0.991282930 87.965055311
0.990921247 0.014520158 -0.133658843 -1.272056799 -0.014913374 0.999886556 -0.001940820 -0.541392606 0.133614975 0.003916536 0.991025918 88.391540334
0.990385218 0.014533947 -0.137570584 -1.382484673 -0.014827626 0.999889447 -0.001109512 -0.548175198 0.137539779 0.003138695 0.990491570 89.231499903
0.989602292 0.014988319 -0.143043209 -1.499792654 -0.015417256 0.999878928 -0.001889571 -0.557679133 0.142997339 0.004075297 0.989715558 90.051357961
0.989232740 0.014680327 -0.145608897 -1.560760088 -0.015175799 0.999881583 -0.002291880 -0.562576335 0.145557395 0.004476886 0.989340293 90.460347569
0.988445973 0.015668986 -0.150759120 -1.686052570 -0.016258108 0.999864315 -0.002675245 -0.571626093 0.150696550 0.005095459 0.988567448 91.275902428
0.987725849 0.015925698 -0.155382428 -1.806114023 -0.016532142 0.999859394 -0.002610958 -0.579750557 0.155317980 0.005147726 0.987851327 92.078486443
0.987146642 0.015399857 -0.159069738 -1.870338134 -0.016029827 0.999867978 -0.002677268 -0.583996918 0.159006594 0.005192656 0.987264605 92.463510340
0.986224655 0.014709965 -0.164755963 -1.998169683 -0.015503036 0.999873660 -0.003528134 -0.593736851 0.164683639 0.006033788 0.986328475 93.229468112
0.985218723 0.013764019 -0.170744611 -2.131587705 -0.014712279 0.999882770 -0.004288920 -0.603527045 0.170665113 0.006737540 0.985306133 93.998558182
0.984771542 0.013512342 -0.173327917 -2.201606048 -0.014514703 0.999884266 -0.004516514 -0.608339467 0.173246858 0.006963583 0.984854748 94.395252673
0.983929389 0.012739919 -0.178104524 -2.338412242 -0.013860277 0.999891367 -0.005047204 -0.617947779 0.178019894 0.007434672 0.983999474 95.172685579
0.982763893 0.011939360 -0.184479101 -2.481638880 -0.013103322 0.999901320 -0.005091108 -0.626717287 0.184400103 0.007420624 0.982823660 95.925954404
0.982320387 0.010972361 -0.186884348 -2.549481389 -0.012276161 0.999907383 -0.005820682 -0.632242376 0.186803191 0.008011992 0.982364727 96.298698846
0.981551211 0.011013625 -0.190883187 -2.685894534 -0.012479148 0.999900571 -0.006477535 -0.641763901 0.190792142 0.008740077 0.981592135 97.029894579
0.980820722 0.012738092 -0.194495996 -2.827374953 -0.014364423 0.999872860 -0.006953116 -0.651096788 0.194382929 0.009613638 0.980878923 97.770911483
0.980482612 0.012862822 -0.196184372 -2.898584543 -0.014526164 0.999869130 -0.007041435 -0.655587390 0.196067599 0.009753843 0.980542183 98.141233221
0.979615865 0.012159475 -0.200511752 -3.043243544 -0.013667998 0.999887878 -0.006140273 -0.662780316 0.200414795 0.008755760 0.979672546 98.871292494
0.978711610 0.012525423 -0.204856371 -3.190544691 -0.013577235 0.999901098 -0.003729226 -0.667372965 0.204789463 0.006431273 0.978785673 99.591699070
0.978295152 0.013325233 -0.206788325 -3.266830559 -0.014079227 0.999898152 -0.002174481 -0.669151707 0.206738095 0.005038753 0.978383581 99.955700775
0.977496945 0.013904683 -0.210490447 -3.420603143 -0.014222157 0.999898773 0.000005965 -0.674340908 0.210469333 0.002987897 0.977596018 100.673475890
0.976817018 0.015354422 -0.213526365 -3.567869370 -0.015469035 0.999879610 0.001134144 -0.680886279 0.213517561 0.002195192 0.976937415 101.359330920
0.976307436 0.014725648 -0.215885018 -3.640581585 -0.014887794 0.999888152 0.000875269 -0.685529287 0.215873054 0.002359543 0.976418859 101.693433655
0.975318987 0.014500046 -0.220322000 -3.787200008 -0.015040423 0.999886026 -0.000774811 -0.696656903 0.220284557 0.004069481 0.975427406 102.351409629
0.973825780 0.014977954 -0.226802879 -3.951990687 -0.015533925 0.999879036 -0.000666417 -0.705323958 0.226765212 0.004172206 0.973940601 103.024734049
0.973330877 0.015729530 -0.228863180 -4.032642929 -0.015933994 0.999872872 0.000955171 -0.706994235 0.228849103 0.002717043 0.973458676 103.367547545
0.972157262 0.012669644 -0.233985326 -4.185143240 -0.011868727 0.999917476 0.004830720 -0.709127084 0.234027288 -0.001919060 0.972228617 104.028707473
0.971083290 0.011102441 -0.238480272 -4.337205138 -0.010056270 0.999933743 0.005603376 -0.716308005 0.238526614 -0.003043052 0.971132244 104.670526926
0.970514717 0.011421597 -0.240772521 -4.417963302 -0.010651571 0.999933079 0.004499745 -0.722495676 0.240806812 -0.001802451 0.970571707 104.987315469
0.969415701 0.011806589 -0.245138053 -4.575415437 -0.012003753 0.999927379 0.000690135 -0.737367989 0.245128176 0.002273513 0.969488445 105.603068393
0.968218932 0.010593698 -0.249879850 -4.734205145 -0.012169514 0.999914086 -0.004761684 -0.755064372 0.249806846 0.007651202 0.968265986 106.206357043
0.967810754 0.009264109 -0.251508225 -4.810028842 -0.011341705 0.999912446 -0.006811688 -0.762752972 0.251422537 0.009444935 0.967832232 106.511087753
0.966563082 0.007805985 -0.256309639 -4.968478032 -0.010204019 0.999915545 -0.008027536 -0.773241214 0.256225049 0.010374537 0.966562256 107.110334665
0.965333001 0.006879509 -0.260931115 -5.123968920 -0.009183465 0.999928910 -0.007611349 -0.780757558 0.260859821 0.009743733 0.965328055 107.691413211
0.964842472 0.007044014 -0.262733991 -5.203046929 -0.009223511 0.999932171 -0.007062578 -0.783987472 0.262666359 0.009237655 0.964842643 107.985199533
0.964140773 0.007634602 -0.265280724 -5.361240424 -0.009483937 0.999938501 -0.005690720 -0.790049053 0.265220547 0.008002625 0.964154726 108.578159655
0.962960803 0.007880849 -0.269526126 -5.519968340 -0.009784935 0.999935715 -0.005721484 -0.798265350 0.269463217 0.008146837 0.962976928 109.140649980
0.962438728 0.008181634 -0.271374972 -5.599507900 -0.010059780 0.999934072 -0.005530071 -0.802000946 0.271311883 0.008052352 0.962458583 109.416975499
0.961403609 0.006698199 -0.275059907 -5.754629441 -0.008568742 0.999947438 -0.005599295 -0.810203152 0.275007271 0.007740088 0.961410947 109.962582868
0.960274445 0.006710494 -0.278975853 -5.907474003 -0.008417598 0.999952644 -0.004921288 -0.816836268 0.278928390 0.007074121 0.960286084 110.486482388
0.959751636 0.005955051 -0.280787559 -5.984910719 -0.007597797 0.999959101 -0.004762167 -0.820548008 0.280747527 0.006703853 0.959758427 110.749632473
0.958681983 0.005851339 -0.284419766 -6.139556482 -0.007461982 0.999961808 -0.004579570 -0.828065353 0.284381908 0.006512684 0.958689430 111.267390866
0.957643029 0.008485137 -0.287833896 -6.296438150 -0.009912283 0.999944525 -0.003500733 -0.833914353 0.287788010 0.006205569 0.957674984 111.774564372
0.957181315 0.009566958 -0.289330936 -6.374613050 -0.010833309 0.999937201 -0.002775339 -0.836538733 0.289285897 0.005790905 0.957226105 112.028803991
0.955991871 0.010104957 -0.293218330 -6.526174639 -0.011312690 0.999932658 -0.002423287 -0.843439815 0.293173908 0.005633684 0.956042970 112.517610157
0.954726239 0.006996817 -0.297403033 -6.671729557 -0.008939740 0.999945998 -0.005173213 -0.855530136 0.297350519 0.007597684 0.954738992 112.989327658
0.954377096 0.005057754 -0.298559464 -6.739288001 -0.007275358 0.999953266 -0.006316449 -0.861031328 0.298513055 0.008200354 0.954371057 113.217598591
0.953441909 0.002848886 -0.301563638 -6.878367754 -0.005400768 0.999956161 -0.007628400 -0.870391664 0.301528581 0.008901953 0.953415822 113.675804124
0.952371434 0.002191358 -0.304930986 -7.022225934 -0.005086458 0.999949360 -0.008699790 -0.879282824 0.304896038 0.009836458 0.952335365 114.119135578
0.952020981 0.003663474 -0.306010080 -7.096334158 -0.006670133 0.999939192 -0.008779899 -0.882981886 0.305958778 0.010399776 0.951988659 114.344788748
0.950997846 0.005295085 -0.309152711 -7.245667222 -0.008384212 0.999926978 -0.008664652 -0.889961376 0.309084393 0.010832124 0.950973098 114.793492875
0.949702564 0.003954322 -0.313128159 -7.397663005 -0.007019216 0.999937551 -0.008660953 -0.897456556 0.313074103 0.010423251 0.949672183 115.259452529
0.948994296 0.003421456 -0.315273046 -7.474419712 -0.006363264 0.999945237 -0.008301663 -0.900608820 0.315227127 0.009884396 0.948964860 115.491596886
0.947587643 0.001403410 -0.319493587 -7.624134535 -0.004167888 0.999959087 -0.007968947 -0.907405967 0.319469309 0.008882903 0.947555836 115.941228920
0.946288802 -0.000902729 -0.323321713 -7.774667715 -0.001227353 0.999978776 -0.006383895 -0.912159353 0.323320594 0.006437874 0.946267900 116.392726358
0.945641824 -0.001017422 -0.325208621 -7.849881519 -0.000968705 0.999981891 -0.005945295 -0.915028472 0.325208422 0.005937228 0.945624449 116.610394459
0.944537304 0.000338823 -0.328403447 -8.005380009 -0.002988727 0.999966660 -0.007564155 -0.925097060 0.328389923 0.008126172 0.944507443 117.047911651
0.943771108 0.003979164 -0.330575791 -8.167767428 -0.008691029 0.999880602 -0.012776319 -0.941362761 0.330485425 0.014930977 0.943693223 117.492233503
0.943422916 0.006946508 -0.331519919 -8.247775090 -0.013102658 0.999780863 -0.016337649 -0.950916390 0.331333572 0.019757115 0.943307193 117.708913114
0.942348283 0.007297452 -0.334554358 -8.401019882 -0.016279957 0.999577516 -0.024052783 -0.970958637 0.334237772 0.028112660 0.942069559 118.130968608
0.941018766 0.002666419 -0.338344613 -8.541996192 -0.013747970 0.999444118 -0.030360029 -0.988425977 0.338075483 0.033220898 0.940533144 118.533222626
0.940353601 -0.000179095 -0.340197683 -8.614770984 -0.011693218 0.999391813 -0.032847591 -0.996185527 0.339996214 0.034866364 0.939781088 118.739916397
0.939312350 -0.004508768 -0.343034099 -8.761170651 -0.008196135 0.999332665 -0.035577821 -1.007940275 0.342965530 0.036230290 0.938650038 119.149793963
0.938430265 -0.006160816 -0.345412927 -8.907294057 -0.006737434 0.999324729 -0.036128267 -1.015898017 0.345401975 0.036231113 0.937755241 119.553381144
0.937848304 -0.004317617 -0.347018416 -8.986781188 -0.008185551 0.999369526 -0.034555969 -1.016878173 0.346948342 0.035248890 0.937222379 119.757485576
0.936987502 0.001269225 -0.349361385 -9.144765878 -0.012147204 0.999507124 -0.028947686 -1.014618132 0.349152227 0.031367394 0.936541798 120.162937944
0.936130871 0.003645748 -0.351633320 -9.292338263 -0.012454346 0.999662045 -0.022791709 -1.011231711 0.351431744 0.025715423 0.935860423 120.558600100
0.935447305 0.003162848 -0.353450916 -9.366459209 -0.011097823 0.999729650 -0.020425347 -1.010795366 0.353290370 0.023029399 0.935230822 120.757350867
0.933791457 0.000640556 -0.357816770 -9.526059221 -0.007051193 0.999836883 -0.016611495 -1.011979744 0.357747687 0.018034759 0.933644363 121.175032268
0.932769647 -0.002248165 -0.360465549 -9.683160142 -0.003028817 0.999896398 -0.014073633 -1.015264612 0.360459346 0.014219271 0.932667452 121.589369646
0.932396317 -0.002706996 -0.361427802 -9.762452118 -0.002050918 0.999916348 -0.012779851 -1.016841429 0.361432058 0.012657174 0.932313140 121.795699839
0.931266583 -0.003020495 -0.364326446 -9.929420156 -0.000768578 0.999947269 -0.010254577 -1.020311091 0.364338072 0.009829789 0.931215402 122.215749904
0.930029393 -0.002067392 -0.367479691 -10.100067443 -0.001208458 0.999960862 -0.008683927 -1.025443877 0.367483584 0.008520418 0.929991111 122.639673929
0.929362360 -0.001362134 -0.369166750 -10.187335959 -0.001730916 0.999966185 -0.008047056 -1.028308631 0.369165165 0.008117671 0.929328743 122.852461383
0.928138251 0.000780410 -0.372234670 -10.360390739 -0.003254753 0.999976662 -0.006018766 -1.032647137 0.372221094 0.006797758 0.928119608 123.268951566
0.926994732 0.002724894 -0.375064494 -10.531624469 -0.004321209 0.999984619 -0.003415078 -1.035959956 0.375049351 0.004786534 0.926992952 123.686198478
0.926263735 0.003118009 -0.376862550 -10.619273764 -0.004453213 0.999986068 -0.002671614 -1.038672350 0.376848820 0.004152861 0.926266081 123.899913668
0.924740386 0.005675101 -0.380556597 -10.802673605 -0.007102019 0.999971428 -0.002345293 -1.046196105 0.380532617 0.004871534 0.924755028 124.326182304
0.923396090 0.007323230 -0.383778983 -10.995052209 -0.008952148 0.999956458 -0.002458234 -1.054960556 0.383744319 0.005705580 0.923422308 124.774688646
0.922859453 0.008450732 -0.385044508 -11.090523039 -0.009965734 0.999948709 -0.001938961 -1.058328224 0.385007932 0.005626635 0.922897094 124.997093878
0.921741526 0.011184680 -0.387643881 -11.283402220 -0.012053268 0.999927389 0.000190666 -1.063272332 0.387617858 0.004496667 0.921809447 125.446548904
0.920425147 0.012874128 -0.390706852 -11.483475737 -0.012492580 0.999915820 0.003518131 -1.066560941 0.390719018 0.001642792 0.920509302 125.913623843
0.919873505 0.012687312 -0.392008701 -11.583162826 -0.011547027 0.999918916 0.005266603 -1.068154252 0.392043410 -0.000318163 0.919947335 126.151619942
0.918925805 0.009718681 -0.394310294 -11.774510568 -0.005557970 0.999916015 0.011692856 -1.066202043 0.394390487 -0.008553337 0.918904072 126.623406041
0.918108308 0.010662025 -0.396185462 -11.976733064 -0.003202751 0.999804789 0.019484588 -1.061974107 0.396315656 -0.016620086 0.917964361 127.100543442
0.917448328 0.012963196 -0.397643629 -12.085957413 -0.004582886 0.999746909 0.022018308 -1.062345428 0.397828378 -0.018378296 0.917276283 127.343333396
0.916131363 0.016501781 -0.400538280 -12.305591787 -0.009602778 0.999769109 0.019225717 -1.076690761 0.400762614 -0.013767016 0.916079470 127.819543509
0.915125629 0.015122051 -0.402885571 -12.522011251 -0.012826049 0.999881919 0.008396601 -1.105045552 0.402965175 -0.002516522 0.915212151 128.302185128
0.914498143 0.012362144 -0.404401806 -12.630700916 -0.012845855 0.999915753 0.001517332 -1.121787874 0.404386465 0.003807296 0.914581297 128.544881589
0.913291553 -0.000600329 -0.407306279 -12.839065261 -0.005759185 0.999879950 -0.014387423 -1.158886832 0.407265950 0.015485729 0.913178635 129.034935100
0.911372992 -0.012922301 -0.411378699 -13.054664545 0.001622126 0.999612138 -0.027806099 -1.191588726 0.411578504 0.024674496 0.911040485 129.531853773
0.910376950 -0.015003976 -0.413506802 -13.171966468 0.002520092 0.999524298 -0.030719232 -1.201660916 0.413770875 0.026924097 0.909983424 129.781979808
0.909416979 -0.010760530 -0.415744980 -13.423717647 -0.000860855 0.999614426 -0.027755541 -1.207697053 0.415883020 0.025599327 0.909057811 130.315480193
0.908257757 -0.006255887 -0.418364831 -13.678514147 -0.003981632 0.999713822 -0.023592644 -1.211793179 0.418392569 0.023093979 0.907973397 130.851021383
0.907454604 -0.005072609 -0.420118130 -13.805776465 -0.004774751 0.999737886 -0.022384222 -1.215313928 0.420121287 0.022318641 0.907193604 131.119898152
0.905549236 -0.006444109 -0.424192005 -14.064739560 -0.002739791 0.999775161 -0.021036701 -1.224534915 0.424231669 0.020211997 0.905329060 131.668761640
0.903760732 -0.009699700 -0.427927654 -14.335777287 0.000697297 0.999774658 -0.021188679 -1.236887493 0.428036747 0.018851108 0.903565512 132.239652592
0.903101691 -0.010648021 -0.429295307 -14.469531154 0.001978478 0.999784782 -0.020635859 -1.241887379 0.429422524 0.017786933 0.902929446 132.516663268
0.901614742 -0.010975354 -0.432400968 -14.737084914 0.003185276 0.999819081 -0.018736127 -1.250477926 0.432528305 0.015515516 0.901487871 133.070692669
0.899550723 -0.009300064 -0.436716140 -15.011780926 0.001291007 0.999824879 -0.018632521 -1.262138778 0.436812862 0.016197153 0.899407124 133.623930214
0.898364050 -0.008015542 -0.439178828 -15.155757556 -0.000091811 0.999829498 -0.018435871 -1.267940677 0.439252056 0.016602493 0.898210894 133.907576919
0.896210465 -0.005035835 -0.443600587 -15.437960650 -0.002819438 0.999850199 -0.017046574 -1.277629154 0.443620203 0.016528067 0.896062779 134.463207441
0.893940252 -0.003290101 -0.448172985 -15.727429911 -0.004301292 0.999864299 -0.015919516 -1.288092272 0.448164122 0.016158869 0.893805548 135.028829627
0.892582037 -0.002200596 -0.450879745 -15.874029037 -0.005082322 0.999874900 -0.014941207 -1.292644687 0.450856230 0.015627797 0.892460557 135.308201123
0.889973994 -0.000359464 -0.456010734 -16.181190525 -0.005279209 0.999924143 -0.011091309 -1.299209002 0.455980107 0.012278385 0.889905709 135.895867474
0.887844408 0.002102258 -0.460139071 -16.497516200 -0.006063090 0.999955542 -0.007130265 -1.305966064 0.460103654 0.009120435 0.887819346 136.498163143
0.886935733 0.004087194 -0.461874365 -16.659678733 -0.007348633 0.999959378 -0.005262706 -1.309638755 0.461833952 0.008061941 0.886929840 136.802541605
0.884496179 0.009426165 -0.466451625 -16.989928090 -0.011375986 0.999934481 -0.001364374 -1.316699070 0.466408289 0.006513226 0.884546152 137.404589201
0.882540779 0.012679373 -0.470064163 -17.321100366 -0.015151535 0.999883735 -0.001476028 -1.330769739 0.469990667 0.008424834 0.882631436 138.014762565
0.881418808 0.012884416 -0.472158785 -17.485064642 -0.016588860 0.999855262 -0.003683392 -1.341437847 0.472042731 0.011079162 0.881506340 138.316121035
0.879313794 0.011032362 -0.476114717 -17.808543263 -0.018095309 0.999783374 -0.010252472 -1.366324434 0.475898833 0.017630556 0.879323849 138.905466136
0.876920868 0.009327196 -0.480543770 -18.147000669 -0.019245783 0.999690840 -0.015716696 -1.389847922 0.480249358 0.023030740 0.876830445 139.510352857
0.875624324 0.008685160 -0.482913358 -18.316358613 -0.019683810 0.999649535 -0.017712144 -1.400341869 0.482590633 0.025014823 0.875489052 139.811688873
0.872684971 0.008855015 -0.488202223 -18.667911256 -0.020550850 0.999615904 -0.018604419 -1.416513218 0.487849627 0.026268825 0.872532317 140.424361050
0.870274670 0.011668410 -0.492427760 -19.030419869 -0.022978419 0.999592011 -0.016923987 -1.428671330 0.492029742 0.026043752 0.870189695 141.047779657
0.869504509 0.012519915 -0.493766399 -19.209220458 -0.023776348 0.999580435 -0.016524005 -1.435461640 0.493352634 0.026107725 0.869438395 141.356152869
0.866537981 0.012112873 -0.498963408 -19.573157996 -0.024332664 0.999541852 -0.017992972 -1.453025414 0.498516951 0.027732741 0.866436716 141.964863289
0.865014690 0.010992314 -0.501625586 -19.939774901 -0.023856519 0.999530284 -0.019235359 -1.470595158 0.501178651 0.028605918 0.864871346 142.590832147
0.864118071 0.010151623 -0.503185627 -20.124681036 -0.023205615 0.999536380 -0.019685510 -1.479176876 0.502752927 0.028687411 0.863954961 142.906410616
0.861608141 0.009158326 -0.507491582 -20.504781680 -0.022231646 0.999558401 -0.019705998 -1.495133430 0.507086593 0.028261231 0.861432118 143.544215057
0.859840731 0.009290570 -0.510476917 -20.886420132 -0.022115570 0.999573058 -0.019059107 -1.510030796 0.510081798 0.027677317 0.859681042 144.185733012
0.859075553 0.009781084 -0.511755023 -21.079209823 -0.022478511 0.999573038 -0.018629575 -1.517368832 0.511354520 0.027507744 0.858929993 144.510012369
