1.000000000 0.000000000 -0.000000000 0.000000000 0.000000000 1.000000000 -0.000000000 0.000000000 -0.000000000 -0.000000000 1.000000000 0.000000000
0.999988334 0.000451005 -0.004775635 0.004711720 -0.000442606 0.999999138 0.001756137 -0.001648764 0.004775740 -0.001754013 0.999987736 0.877133582
0.999943645 0.002324773 -0.010256611 -0.001876487 -0.002300404 0.999995223 0.002386760 -0.005325088 0.010262613 -0.002363020 0.999944826 1.747821279
0.999901317 0.003308432 -0.013655288 -0.009150260 -0.003280351 0.999992672 0.002077509 -0.008291169 0.013661645 -0.002032503 0.999904648 2.184150832
0.999795379 0.003479846 -0.019886161 -0.022895626 -0.003485463 0.999994046 -0.000247189 -0.017264965 0.019885387 0.000316477 0.999802258 3.068853406
0.999647387 0.002098045 -0.026447553 -0.042643494 -0.002137168 0.999996845 -0.001452850 -0.024580822 0.026444647 0.001508853 0.999649645 3.965788874
0.999578079 0.001841633 -0.028979335 -0.052777796 -0.001880434 0.999997357 -0.001311478 -0.026981401 0.028977416 0.001365424 0.999579506 4.413822004
0.999378857 0.001294654 -0.035203816 -0.082095969 -0.001297304 0.999999173 -0.000052028 -0.030149900 0.035203423 0.000097705 0.999379836 5.288643742
0.999166410 0.000858200 -0.040792291 -0.117189185 -0.000863408 0.999999909 -0.000108173 -0.035696347 0.040791962 0.000143321 0.999167830 6.163146401
0.999053591 0.000952630 -0.043470574 -0.136880118 -0.000970769 1.000000208 -0.000395880 -0.038973023 0.043469767 0.000437737 0.999054328 6.603802433
0.998825312 0.000529642 -0.048447808 -0.173685603 -0.000551080 1.000000375 -0.000430002 -0.044552599 0.048447536 0.000456218 0.998825784 7.481478015
0.998677423 0.000233192 -0.051415130 -0.204580722 -0.000225992 1.000000565 0.000145947 -0.049066749 0.051415601 -0.000134101 0.998677640 8.363936203
0.998568346 0.000288751 -0.053482168 -0.222823100 -0.000278136 1.000000028 0.000205941 -0.051760792 0.053482067 -0.000190739 0.998568498 8.809480859
0.998313428 0.000804338 -0.058038800 -0.266738670 -0.000811255 0.999999802 -0.000095596 -0.057935722 0.058038689 0.000142536 0.998314048 9.688668325
0.998102273 0.000802233 -0.061562893 -0.310945866 -0.000887170 0.999998687 -0.001352260 -0.065711820 0.061560961 0.001404319 0.998102090 10.554434162
0.997918567 0.001004294 -0.064468377 -0.339022812 -0.001106799 0.999998636 -0.001554104 -0.068924986 0.064467172 0.001622232 0.997918501 10.981426508
0.997663470 0.001358104 -0.068303572 -0.391907474 -0.001483035 0.999997521 -0.001777960 -0.074767508 0.068300784 0.001875110 0.997663459 11.786126015
0.997501510 0.002023338 -0.070606594 -0.440858128 -0.002184231 0.999995592 -0.002200705 -0.080772979 0.070601425 0.002349448 0.997502119 12.568361460
0.997329847 0.003073229 -0.072958168 -0.469976889 -0.003266984 0.999991914 -0.002536403 -0.084182730 0.072950011 0.002768007 0.997332114 12.989115210
0.996983657 0.004314523 -0.077487465 -0.533820578 -0.004526077 0.999986809 -0.002554032 -0.090193977 0.077475174 0.002897049 0.996990321 13.858498939
0.996459055 0.004330601 -0.083959559 -0.606393936 -0.004464090 0.999989443 -0.001402752 -0.094341085 0.083952476 0.001772602 0.996468658 14.720052098
0.996355712 0.003847236 -0.085200115 -0.639953594 -0.003942770 0.999992197 -0.000953035 -0.096625406 0.085195471 0.001285518 0.996363778 15.143156322
0.996017722 0.002485372 -0.089117005 -0.710026312 -0.002645296 0.999995613 -0.001676865 -0.103993545 0.089111664 0.001905947 0.996020042 15.994343156
0.995583652 0.002631273 -0.093838610 -0.786197690 -0.003006663 0.999988193 -0.003858809 -0.113791154 0.093826960 0.004123901 0.995580171 16.831797968
0.995434675 0.002344110 -0.095413793 -0.822468502 -0.002811111 0.999985317 -0.004760317 -0.118384714 0.095400443 0.005006837 0.995426875 17.251824862
0.994822501 -0.000477651 -0.101623797 -0.903653866 -0.000164123 0.999980884 -0.006306484 -0.127248754 0.101625103 0.006290561 0.994803208 18.086274882
0.994262176 -0.001593332 -0.106954308 -0.983185146 0.000870537 0.999976718 -0.006804239 -0.134142682 0.106962570 0.006672138 0.994240452 18.898327160
0.993843037 -0.002647217 -0.110762353 -1.026757485 0.001970962 0.999978968 -0.006214745 -0.136182069 0.110776840 0.005958184 0.993827408 19.296177030
0.992954167 -0.004391638 -0.118409559 -1.122145460 0.003855368 0.999981441 -0.004757501 -0.140105026 0.118428256 0.004267497 0.992952944 20.121155842
0.992097692 -0.003587615 -0.125410618 -1.228620300 0.003073203 0.999986233 -0.004294764 -0.145891224 0.125424668 0.003875437 0.992095272 20.948631459
0.991696863 -0.004046082 -0.128529352 -1.279175244 0.003496837 0.999984006 -0.004498747 -0.149458574 0.128545669 0.004011938 0.991695417 21.352458871
0.990817639 -0.007827305 -0.134974253 -1.382849151 0.007194113 0.999961131 -0.005178404 -0.157284540 0.135009437 0.004159817 0.990836287 22.182987440
0.989909620 -0.007925703 -0.141476556 -1.495192856 0.007668257 0.999968375 -0.002364753 -0.159164108 0.141491007 0.001256044 0.989939120 22.993178971
0.989400768 -0.006759101 -0.145050557 -1.554352397 0.006780906 0.999977096 -0.000344482 -0.159061964 0.145049928 -0.000642735 0.989424796 23.395892261
0.988382420 -0.005767817 -0.151875555 -1.675007058 0.006370176 0.999973650 0.003479983 -0.159271211 0.151851757 -0.004406989 0.988393455 24.196899997
0.987287491 -0.007011920 -0.158785093 -1.799090020 0.007959732 0.999954868 0.005334337 -0.162867121 0.158741260 -0.006530369 0.987298644 24.982763847
0.986759976 -0.006921806 -0.162035463 -1.862622951 0.007931733 0.999953226 0.005586577 -0.165791174 0.161989637 -0.006797812 0.986769217 25.368568661
0.985760313 -0.005761537 -0.168053767 -1.992182002 0.007081108 0.999948820 0.007254151 -0.169660539 0.168002771 -0.008340867 0.985751543 26.131301971
0.984897362 -0.001290965 -0.173129521 -2.125605541 0.002902319 0.999955139 0.009054713 -0.173254952 0.173109838 -0.009420397 0.984857915 26.882499500
0.984452651 0.001258126 -0.175640969 -2.192189753 0.000211518 0.999965224 0.008348075 -0.177739948 0.175644744 -0.008255469 0.984419257 27.251818523
0.983268988 0.009044727 -0.181933730 -2.339311470 -0.007827111 0.999942509 0.007409254 -0.185982129 0.181989811 -0.005861276 0.983282668 27.987668069
0.981981919 0.012584626 -0.188553344 -2.486983504 -0.011408600 0.999907947 0.007321102 -0.192897927 0.188628550 -0.005038017 0.982035346 28.720406304
0.981452673 0.012746426 -0.191280190 -2.560218157 -0.011689229 0.999910123 0.006654399 -0.197533654 0.191348252 -0.004295068 0.981512658 29.092123008
0.980394629 0.014281230 -0.196521722 -2.711679984 -0.013508184 0.999894824 0.005273661 -0.206911299 0.196576787 -0.002515588 0.980485145 29.832545798
0.979148298 0.019040185 -0.202249288 -2.877178209 -0.018694869 0.999818590 0.003617658 -0.216778033 0.202282115 0.000238866 0.979327576 30.565702382
0.978588743 0.019980822 -0.204849548 -2.958875394 -0.019853446 0.999799229 0.002677288 -0.222004703 0.204862973 0.001447009 0.978790125 30.938516524
0.977404718 0.020418282 -0.210385238 -3.120904572 -0.020243515 0.999790846 0.002984597 -0.228718706 0.210402037 0.001341715 0.977614201 31.669815449
0.976249381 0.021240641 -0.215604696 -3.282744818 -0.020977026 0.999774198 0.003511282 -0.234981031 0.215629977 0.001094829 0.976474206 32.390822998
0.975675715 0.020638328 -0.218240989 -3.363494971 -0.020404793 0.999786125 0.003324105 -0.238922529 0.218263405 0.001209920 0.975889582 32.748410718
0.975014928 0.019628581 -0.221266340 -3.526273356 -0.019574997 0.999806103 0.002435266 -0.247782302 0.221271120 0.001956866 0.975210630 33.465401655
0.974315012 0.019428282 -0.224346140 -3.689805007 -0.019504225 0.999808669 0.001878013 -0.255969899 0.224339884 0.002545856 0.974507852 34.170335843
0.973807894 0.018929988 -0.226581645 -3.774507930 -0.019002602 0.999817680 0.001860971 -0.259721028 0.226574980 0.002493464 0.973990402 34.531152100
0.972859006 0.018698810 -0.230640589 -3.946333426 -0.018639011 0.999824088 0.002438480 -0.266185741 0.230644859 0.001926552 0.973035838 35.246138466
0.972052155 0.019123133 -0.233981900 -4.117180312 -0.018997406 0.999815936 0.002791475 -0.272894933 0.233992285 0.001731661 0.972237147 35.945889835
0.971711877 0.020392253 -0.235285644 -4.203892015 -0.020145963 0.999791056 0.003450995 -0.275422423 0.235307674 0.001386771 0.971920145 36.298708848
0.970876089 0.021147051 -0.238645119 -4.379386686 -0.020597085 0.999776964 0.004798290 -0.280588062 0.238692460 0.000256813 0.971095208 37.011106943
0.970084452 0.019540137 -0.241977689 -4.551692102 -0.019233660 0.999808892 0.003629038 -0.290017988 0.242002227 0.001133666 0.970275115 37.703722261
0.969700292 0.018556514 -0.243588846 -4.636802161 -0.018415355 0.999826334 0.002856755 -0.295017543 0.243599815 0.001715518 0.969874178 38.046647981
0.968810752 0.019742364 -0.247013097 -4.811947155 -0.019924206 0.999800413 0.001763971 -0.304038492 0.246998405 0.003212560 0.969010628 38.714730086
0.968046543 0.020144356 -0.249959032 -4.983194347 -0.020660001 0.999786814 0.000561223 -0.313208409 0.249916542 0.004620911 0.968256119 39.377348444
0.967836057 0.020094725 -0.250775147 -5.066771695 -0.020698689 0.999785839 0.000229083 -0.317340793 0.250725800 0.004968989 0.968045669 39.710399589
0.967095794 0.019905958 -0.253629520 -5.238708741 -0.020648398 0.999787004 -0.000265169 -0.325407469 0.253570423 0.005493452 0.967301050 40.382434734
0.966229813 0.019822664 -0.256916563 -5.414969093 -0.020745437 0.999784428 -0.000881449 -0.333683807 0.256843676 0.006181477 0.966433463 41.042048076
0.965742357 0.019971932 -0.258730750 -5.504030597 -0.020834813 0.999782728 -0.000593551 -0.336817362 0.258662819 0.005963827 0.965948929 41.371211490
0.965158113 0.020786391 -0.260839491 -5.679078090 -0.021208164 0.999774437 0.001198116 -0.340957645 0.260805407 0.004375612 0.965381709 42.029027046
0.964249580 0.022969685 -0.263997381 -5.859690506 -0.022633795 0.999734838 0.004314417 -0.342807984 0.264026837 0.001815100 0.964513928 42.680726667
0.963754833 0.023765408 -0.265725340 -5.950356526 -0.023113357 0.999717155 0.005581341 -0.344211879 0.265782879 0.000762729 0.964032741 43.000543535
0.963107890 0.024812169 -0.267966454 -6.131788270 -0.023826216 0.999692658 0.006931222 -0.349172369 0.268056780 -0.000290816 0.963403408 43.652694555
0.962503237 0.021147597 -0.270443905 -6.308060849 -0.020647266 0.999776448 0.004695586 -0.360359206 0.270483273 0.001064491 0.962723944 44.290820462
0.962131198 0.020803875 -0.271789094 -6.397375178 -0.020794400 0.999779365 0.002915096 -0.366973500 0.271789782 0.002847059 0.962352552 44.606551710
0.962053214 0.023277101 -0.271864491 -6.574306773 -0.023835858 0.999715759 0.001247158 -0.376811138 0.271816865 0.005280275 0.962334689 45.237095548
0.961837703 0.024275328 -0.272539318 -6.751277582 -0.025018248 0.999686774 0.000749385 -0.384749210 0.272471888 0.006097683 0.962144116 45.867650034
0.961469787 0.025274870 -0.273745451 -6.840041232 -0.026095391 0.999660008 0.000644284 -0.388346276 0.273667975 0.006524041 0.961802049 46.171752149
0.960641222 0.027036347 -0.276471974 -7.019233813 -0.027494073 0.999620276 0.002221459 -0.392607036 0.276426826 0.005467402 0.961019263 46.787616817
0.960206442 0.029003813 -0.277780575 -7.199085771 -0.029592064 0.999560613 0.002075930 -0.399862208 0.277718194 0.006226776 0.960642352 47.410639860
0.960125552 0.028666261 -0.278093357 -7.289296205 -0.029646070 0.999561011 0.000682349 -0.405867504 0.277990085 0.007589253 0.960554269 47.726843355
0.959644638 0.027684827 -0.279847821 -7.468365365 -0.029168454 0.999574426 -0.001137516 -0.416106898 0.279697441 0.009254382 0.960043658 48.342674509
0.959168702 0.027901131 -0.281453952 -7.643031517 -0.029567057 0.999562122 -0.001672901 -0.423896524 0.281283446 0.009926351 0.959573126 48.939174995
0.959154200 0.027728504 -0.281520178 -7.727111402 -0.029539746 0.999561806 -0.002191025 -0.428158755 0.281336278 0.010417578 0.959553303 49.232870751
0.958655615 0.027047848 -0.283279114 -7.903526009 -0.029149465 0.999570644 -0.003205607 -0.436849901 0.283070459 0.011330486 0.959031701 49.830303850
0.958258764 0.025567255 -0.284755850 -8.076009929 -0.027772330 0.999607361 -0.003707822 -0.444661660 0.284549528 0.011461375 0.958593086 50.424514408
0.957898782 0.025366267 -0.285982922 -8.161614802 -0.027651078 0.999609906 -0.003953341 -0.448425360 0.285771222 0.011694693 0.958226655 50.711092159
0.957506885 0.022600136 -0.287521564 -8.325752299 -0.024959167 0.999678786 -0.004541016 -0.456145814 0.287326668 0.011524351 0.957763610 51.280495916
0.957271496 0.020861121 -0.288434800 -8.492074712 -0.023303207 0.999715805 -0.005035406 -0.463714166 0.288247624 0.011541724 0.957486697 51.852190329
0.957053235 0.021636456 -0.289101606 -8.575689293 -0.023968923 0.999702359 -0.004529497 -0.466066093 0.288918324 0.011264415 0.957287630 52.129779863
0.956569304 0.021735397 -0.290691417 -8.744260515 -0.023375794 0.999724813 -0.002171157 -0.468647432 0.290563267 0.008872013 0.956814471 52.686791799
0.955960205 0.018712296 -0.292896924 -8.907077538 -0.020323046 0.999790632 -0.002457038 -0.475705024 0.292790152 0.008301440 0.956141030 53.237378065
0.955727615 0.017556029 -0.293727179 -8.987312919 -0.019507622 0.999803280 -0.003715770 -0.481037175 0.293604307 0.009281268 0.955881908 53.504133791
0.955405347 0.014356114 -0.294945813 -9.141612904 -0.016844242 0.999840844 -0.005896820 -0.491025594 0.294813901 0.010601958 0.955496447 54.034367200
0.954944205 0.013767852 -0.296463884 -9.301473066 -0.016560244 0.999839625 -0.006909728 -0.498954016 0.296321611 0.011508005 0.955019100 54.558483385
0.954660873 0.013582280 -0.297385081 -9.382252986 -0.016591906 0.999833982 -0.007598462 -0.503239721 0.297232883 0.012188168 0.954727073 54.822126230
0.954359810 0.013352728 -0.298360601 -9.548397731 -0.016060773 0.999849258 -0.006626189 -0.508070903 0.298227535 0.011115665 0.954430081 55.366541843
0.953596191 0.013226048 -0.300796015 -9.715312666 -0.015392897 0.999870157 -0.004834658 -0.511410096 0.300692944 0.009240467 0.953676205 55.898905302
0.953232998 0.012201556 -0.301990012 -9.797089271 -0.014000704 0.999894842 -0.003793834 -0.512835907 0.301911808 0.007844489 0.953303456 56.160797569
0.952854040 0.010023276 -0.303260425 -9.956573170 -0.011186211 0.999935641 -0.002097975 -0.516280627 0.303219732 0.005391415 0.952905489 56.685822191
0.952395722 0.009348014 -0.304720784 -10.113796872 -0.009881687 0.999951932 -0.000208956 -0.519163010 0.304703504 0.003210167 0.952441997 57.193795370
0.952223373 0.009105859 -0.305265286 -10.190525557 -0.009495139 0.999954801 0.000209784 -0.521426398 0.305253647 0.002698796 0.952266801 57.441692730
0.952051171 0.009072397 -0.305803290 -10.344717084 -0.009564704 0.999954247 -0.000111627 -0.527946403 0.305788038 0.003031274 0.952094379 57.942415996
0.951460067 0.008993753 -0.307639895 -10.499276876 -0.009713295 0.999952557 -0.000807875 -0.534976415 0.307618346 0.003756903 0.951502477 58.427488305
0.951402832 0.009162183 -0.307812220 -10.578528007 -0.009925282 0.999951094 -0.000913640 -0.538204993 0.307789097 0.003924404 0.951446182 58.681257639
0.951205888 0.008970802 -0.308425103 -10.734035794 -0.009656636 0.999953730 -0.000697231 -0.543852197 0.308404996 0.003641602 0.951248353 59.183806768
0.950709984 0.008908652 -0.309953420 -10.887860190 -0.009458313 0.999955985 -0.000270494 -0.548948965 0.309937272 0.003188795 0.950751762 59.663950196
0.950561067 0.009045534 -0.310405605 -10.964384876 -0.009536050 0.999954756 -0.000062954 -0.551490509 0.310391426 0.003019940 0.950604558 59.901552090
0.950203455 0.009329069 -0.311490029 -11.120426658 -0.009863372 0.999951568 -0.000139965 -0.557483524 0.311473883 0.003205392 0.950249835 60.381744855
0.949745050 0.010371121 -0.312851758 -11.275281104 -0.010985491 0.999939704 -0.000201275 -0.563346747 0.312830304 0.003628018 0.949802174 60.855646493
0.949590603 0.010764090 -0.313307854 -11.350702384 -0.011556129 0.999933284 -0.000670752 -0.566935408 0.313279840 0.004257607 0.949651610 61.082479775
0.949273512 0.011731076 -0.314229843 -11.502372873 -0.012899550 0.999915662 -0.001639088 -0.574184986 0.314184344 0.005609345 0.949345649 61.538850212
0.948895885 0.012440448 -0.315342901 -11.650634304 -0.013835628 0.999902660 -0.002186033 -0.580618479 0.315285207 0.006437302 0.948975803 61.988879005
0.948792487 0.012479897 -0.315650360 -11.724297636 -0.013953989 0.999900050 -0.002410224 -0.583765515 0.315588631 0.006691365 0.948872980 62.214777097
0.948697342 0.013580090 -0.315891168 -11.868770788 -0.015339515 0.999877700 -0.003083765 -0.590285167 0.315810681 0.007771160 0.948790401 62.654871610
0.948547492 0.014979153 -0.316279130 -12.012954979 -0.016889247 0.999852649 -0.003298721 -0.595956054 0.316182638 0.008470718 0.948660057 63.089147858
0.948441644 0.016446247 -0.316522870 -12.085455741 -0.018276895 0.999829011 -0.002815227 -0.597773573 0.316422831 0.008455148 0.948580770 63.308761547
0.948461933 0.017802391 -0.316388240 -12.226718794 -0.019449309 0.999809009 -0.002047814 -0.601703311 0.316291543 0.008095865 0.948627490 63.735818033
0.948431735 0.017695719 -0.316486585 -12.361988220 -0.019344665 0.999810872 -0.002068726 -0.606861085 0.316390781 0.008084421 0.948594881 64.150644034
0.948374446 0.017468531 -0.316669672 -12.430217324 -0.019107725 0.999815571 -0.002071541 -0.609469877 0.316575008 0.008015440 0.948533558 64.361202795
0.948364886 0.015944818 -0.316777792 -12.564359335 -0.017425238 0.999846332 -0.001840771 -0.614216513 0.316700138 0.007265618 0.948497997 64.767503802
0.948464494 0.014893542 -0.316532792 -12.698974405 -0.016200905 0.999867653 -0.001498696 -0.618757921 0.316468658 0.006549533 0.948580125 65.172922654
0.948477407 0.014634208 -0.316505577 -12.764833170 -0.015857735 0.999874021 -0.001290239 -0.620897177 0.316446386 0.006242769 0.948589474 65.370900335
0.948581394 0.014655050 -0.316191879 -12.902192211 -0.015909440 0.999872878 -0.001385673 -0.626158187 0.316132237 0.006344924 0.948694093 65.773250768
0.948973102 0.014561126 -0.315020199 -13.032171674 -0.015913155 0.999872256 -0.001720152 -0.631653284 0.314954212 0.006645409 0.949083962 66.166026202
0.949110026 0.014294669 -0.314619025 -13.094748516 -0.015761023 0.999873947 -0.002117264 -0.634681830 0.314549043 0.006968263 0.949216229 66.350946353
0.949667993 0.013070632 -0.312985308 -13.212802916 -0.015036985 0.999879768 -0.003869319 -0.642241679 0.312897392 0.008380995 0.949750018 66.717027568
0.950216269 0.011739033 -0.311366532 -13.329946490 -0.013940432 0.999891129 -0.004845268 -0.648502372 0.311276060 0.008944659 0.950277395 67.084882674
0.950464888 0.011052292 -0.310634256 -13.386876043 -0.013228965 0.999900949 -0.004901283 -0.650828355 0.310549384 0.008767881 0.950517427 67.263406184
0.951161508 0.010911529 -0.308500037 -13.499520501 -0.012837494 0.999908525 -0.004214008 -0.654052237 0.308425182 0.007968570 0.951215228 67.616404798
0.952583050 0.010734013 -0.304087561 -13.596996380 -0.012500592 0.999914592 -0.003863291 -0.657488214 0.304020372 0.007481412 0.952636100 67.948902710
0.953370759 0.010455241 -0.301618698 -13.642601221 -0.012265341 0.999917085 -0.004107972 -0.659868737 0.301550934 0.007615966 0.953419426 68.114624757
0.955446455 0.010439387 -0.294978861 -13.727357425 -0.012523076 0.999908023 -0.005175510 -0.665423193 0.294898031 0.008638995 0.955489748 68.434724108
0.958147685 0.010831894 -0.286066685 -13.805853349 -0.012899141 0.999903169 -0.005342669 -0.669394794 0.285981374 0.008809084 0.958194760 68.756021386
0.959755316 0.010740398 -0.280631332 -13.840110295 -0.012610974 0.999908673 -0.004860584 -0.670331610 0.280553171 0.008204057 0.959803479 68.911185811
0.963277922 0.011253638 -0.268269016 -13.904062758 -0.012625688 0.999914963 -0.003389722 -0.671305367 0.268207779 0.006652318 0.963338407 69.225881869
0.967245643 0.012015771 -0.253552876 -13.959507215 -0.012785998 0.999917272 -0.001389825 -0.671269688 0.253515646 0.004586227 0.967320735 69.541718277
0.969314157 0.011619953 -0.245548702 -13.983836769 -0.012170570 0.999926120 -0.000725041 -0.671822746 0.245522635 0.003691306 0.969384621 69.700669460
0.973610977 0.011074300 -0.227942608 -14.024964052 -0.011580486 0.999932936 -0.000883096 -0.675295284 0.227916756 0.003499452 0.973674420 70.013455758
0.977949946 0.009281462 -0.208629944 -14.053344762 -0.009838606 0.999950095 -0.001632959 -0.679568015 0.208604610 0.003649643 0.977993520 70.316086328
0.980139600 0.008579425 -0.198118258 -14.064292460 -0.009090848 0.999957783 -0.001672029 -0.681120727 0.198095660 0.003439899 0.980176263 70.472470296
0.984257126 0.007229624 -0.176592031 -14.085040441 -0.007619823 0.999970215 -0.001531731 -0.683902417 0.176574914 0.002853288 0.984282804 70.795948427
0.987791819 0.007064894 -0.155614904 -14.094906963 -0.007373766 0.999972582 -0.001407873 -0.686237474 0.155599804 0.002538120 0.987817028 71.088744364
0.989451579 0.007214849 -0.144682175 -14.097651078 -0.007522875 0.999971027 -0.001582185 -0.687762059 0.144667019 0.002653954 0.989477073 71.232850527
0.992526808 0.008405636 -0.121737331 -14.096552503 -0.008673961 0.999961242 -0.001674644 -0.690199193 0.121718655 0.002718135 0.992561525 71.516432315
0.995348222 0.009248626 -0.095893726 -14.082425016 -0.009397985 0.999955651 -0.001106177 -0.691385453 0.095878909 0.002002203 0.995391432 71.803282527
0.996555978 0.008978207 -0.082430951 -14.071192654 -0.009084654 0.999958979 -0.000916120 -0.692139603 0.082418963 0.001661829 0.996596812 71.952421030
0.998382493 0.006723270 -0.056453347 -14.041919584 -0.006787471 0.999976316 -0.000945886 -0.694163829 0.056445700 0.001327555 0.998404472 72.235767267
0.999542477 0.003763407 -0.029983590 -14.004663646 -0.003776735 0.999992861 -0.000388341 -0.695071956 0.029982302 0.000501428 0.999550478 72.517135705
0.999852667 0.001986205 -0.017047887 -13.983049183 -0.001990533 0.999998478 -0.000236393 -0.695640153 0.017047362 0.000270296 0.999854986 72.651707484
0.999953901 -0.000502234 0.009551626 -13.935857391 0.000500496 1.000000612 0.000179120 -0.696574429 -0.009552203 -0.000174332 0.999954783 72.936860381
0.999340109 0.000285910 0.036305452 -13.884165727 -0.000309624 0.999999596 0.000648462 -0.697129876 -0.036306015 -0.000659291 0.999340708 73.204906445
0.998758869 0.000671550 0.049781161 -13.855382908 -0.000717999 0.999999173 0.000913480 -0.697304083 -0.049780725 -0.000948058 0.998760328 73.340200652
0.997043945 0.000489930 0.076822526 -13.791137230 -0.000614129 0.999999273 0.001592351 -0.697195823 -0.076821167 -0.001634800 0.997043873 73.591392865
0.994523720 0.000756622 0.104500630 -13.720721893 -0.000934903 0.999998398 0.001656926 -0.698097308 -0.104499568 -0.001745530 0.994524147 73.856297822
0.992886245 0.001130699 0.119058563 -13.682155329 -0.001320406 0.999998644 0.001514495 -0.698793317 -0.119056570 -0.001660931 0.992886019 73.988667383
0.989106774 0.001138329 0.147190382 -13.600239232 -0.001302145 0.999999202 0.001016449 -0.700413423 -0.147189343 -0.001197004 0.989107411 74.247473482
0.984245329 0.002221313 0.176793928 -13.508415556 -0.002474857 0.999995992 0.001213778 -0.700689991 -0.176790674 -0.001632195 0.984247530 74.510071718
0.981509999 0.003659324 0.191375509 -13.462403026 -0.004117403 0.999989919 0.001996338 -0.699593372 -0.191366319 -0.002747399 0.981515300 74.637348526
0.975141668 0.004043074 0.221544849 -13.358919791 -0.004766041 0.999985273 0.002729042 -0.698677216 -0.221530474 -0.003717083 0.975146661 74.883564710
0.967329934 0.003856495 0.253489062 -13.241005662 -0.004691726 0.999985840 0.002690272 -0.698914049 -0.253475224 -0.003791662 0.967334301 75.133450315
0.962836136 0.003905823 0.270054186 -13.176255219 -0.004817271 0.999984533 0.002712033 -0.698853311 -0.270039849 -0.003912132 0.962841526 75.257582149
0.952293149 0.003259704 0.305165479 -13.032723509 -0.004423405 0.999985501 0.003122056 -0.697972807 -0.305151363 -0.004322977 0.952294502 75.513113536
0.940636860 0.002597984 0.339404531 -12.880204954 -0.004107328 0.999985084 0.003728646 -0.696568030 -0.339389817 -0.004901313 0.940633415 75.770665858
0.934442195 0.002355242 0.356104259 -12.801054783 -0.003975057 0.999985528 0.003816999 -0.696150625 -0.356090267 -0.004982294 0.934438666 75.898475575
0.920344738 0.002002418 0.391102815 -12.628862309 -0.003723107 0.999986267 0.003641427 -0.695702294 -0.391090675 -0.004807485 0.920339869 76.154649979
0.904419593 0.003083067 0.426631636 -12.443166073 -0.004500656 0.999987120 0.002314444 -0.696916288 -0.426619143 -0.004013312 0.904422832 76.412724338
0.895942242 0.004115156 0.444150478 -12.346620530 -0.005235405 0.999985466 0.001295665 -0.698010244 -0.444138706 -0.003486113 0.895951802 76.536971944
0.877514488 0.002047077 0.479545358 -12.135155138 -0.003274096 0.999993518 0.001722430 -0.695845636 -0.479539025 -0.003081515 0.877515319 76.790410854
0.858229422 -0.004474131 0.513245325 -11.908731633 0.002036580 0.999984344 0.005311640 -0.688059059 -0.513260789 -0.003513312 0.858225825 77.038146557
0.848324099 -0.005997814 0.529442969 -11.792048468 0.002857269 0.999973817 0.006749898 -0.684618812 -0.529469544 -0.004213285 0.848318946 77.166401212
0.826921249 -0.007096080 0.562272214 -11.552640836 0.003529910 0.999966839 0.007428593 -0.681275827 -0.562305826 -0.004158086 0.826919123 77.410667092
0.805978468 -0.003139952 0.591935840 -11.312359251 -0.000986764 0.999977490 0.006647922 -0.680090076 -0.591943904 -0.005942129 0.805957078 77.652216603
0.795689846 -0.002056099 0.605700559 -11.187800540 -0.002703724 0.999972710 0.006946281 -0.678198889 -0.605697915 -0.007164714 0.795662759 77.771772193
0.775091725 -0.003337131 0.631838772 -10.922546906 -0.002618909 0.999960285 0.008494047 -0.672578462 -0.631842730 -0.008238376 0.775053301 78.013631892
0.755331096 -0.004874863 0.655324320 -10.650624806 -0.003100197 0.999934371 0.011011655 -0.665059116 -0.655336081 -0.010349071 0.755266628 78.255339151
0.745925121 -0.006684673 0.665995955 -10.512281766 -0.002144500 0.999921016 0.012438099 -0.660953591 -0.666025947 -0.010706062 0.745851344 78.373228846
0.727960185 -0.010887614 0.685531995 -10.220650042 0.002585780 0.999910921 0.013134825 -0.656120296 -0.685613980 -0.007789030 0.727923362 78.613548492
0.713193343 -0.013342534 0.700839233 -9.936734170 0.006241033 0.999900789 0.012685060 -0.653112568 -0.700939682 -0.004672981 0.713205465 78.847783493
0.706871867 -0.014846491 0.707185059 -9.790658009 0.008032694 0.999884071 0.012962221 -0.650639276 -0.707295651 -0.003482020 0.706909112 78.969503007
0.694907611 -0.015679770 0.718927450 -9.496943619 0.006858861 0.999861825 0.015177225 -0.642744832 -0.719066433 -0.005615733 0.694918784 79.224550243
0.683720252 -0.014956696 0.729589858 -9.187294607 0.003928273 0.999851646 0.016815779 -0.635472144 -0.729733269 -0.008631234 0.683677822 79.490390676
0.679644104 -0.014591912 0.733396113 -9.034726323 0.002659975 0.999845251 0.017428265 -0.632161471 -0.733537519 -0.009894241 0.679577451 79.622245707
0.672651501 -0.012244162 0.739857076 -8.732247386 -0.000815356 0.999850810 0.017288146 -0.627820781 -0.739958628 -0.012232072 0.672540724 79.885114042
0.666113905 -0.013413720 0.745728418 -8.407683689 0.000441716 0.999845937 0.017589984 -0.622426190 -0.745849510 -0.011387513 0.666017148 80.155503136
0.663224199 -0.013657460 0.748295565 -8.242460830 0.000683437 0.999844797 0.017642784 -0.619820334 -0.748420077 -0.011189679 0.663130871 80.291967766
0.659214729 -0.013017387 0.751841843 -7.912736818 -0.000464969 0.999842718 0.017719062 -0.614583723 -0.751954688 -0.012030257 0.659105661 80.572072326
0.656172068 -0.013216983 0.754494541 -7.577598271 -0.000089893 0.999845255 0.017593066 -0.609594701 -0.754611221 -0.011611904 0.656069661 80.853833385
0.654205506 -0.013342573 0.756198619 -7.409620503 -0.000071020 0.999843792 0.017702904 -0.606799122 -0.756316482 -0.011635028 0.654102941 80.993363464
0.649813191 -0.014005200 0.759964557 -7.065965076 0.000664665 0.999840111 0.017857526 -0.601230565 -0.760093870 -0.011098980 0.649718487 81.276262463
0.646446627 -0.015706195 0.762796451 -6.703206498 0.001722970 0.999815723 0.019126295 -0.593419926 -0.762956901 -0.011049830 0.646354655 81.573918404
0.644946575 -0.016511991 0.764048533 -6.523503488 0.001913964 0.999798223 0.019991179 -0.589110533 -0.764225722 -0.011430797 0.644847893 81.718539352
0.641374417 -0.017470095 0.767029134 -6.149528295 0.001421847 0.999766844 0.021582016 -0.580479236 -0.767227215 -0.012751552 0.641249467 82.018163528
0.637366562 -0.019535370 0.770312239 -5.769754530 0.001811185 0.999714131 0.023854424 -0.570609732 -0.770558077 -0.013808803 0.637220838 82.318100394
0.635213095 -0.021048488 0.772050334 -5.578842748 0.002366816 0.999677355 0.025307050 -0.565099769 -0.772333446 -0.014248036 0.635057941 82.464691707
0.630915156 -0.022894303 0.775513017 -5.187811091 0.003371616 0.999636392 0.026767715 -0.556409150 -0.775844239 -0.014273423 0.630764023 82.766585600
0.626976865 -0.023703797 0.778676195 -4.784021388 0.005135843 0.999641676 0.026294894 -0.550814213 -0.779021254 -0.012487110 0.626873715 83.075311132
0.624932315 -0.023650531 0.780320154 -4.583508462 0.006149729 0.999659769 0.025373269 -0.549205650 -0.780654228 -0.011057807 0.624865168 83.227017320
0.621489794 -0.023817496 0.783059228 -4.174787260 0.008639235 0.999685468 0.023549740 -0.545791175 -0.783374798 -0.007870848 0.621500337 83.534269769
0.617701025 -0.024266332 0.786037551 -3.765774413 0.011127432 0.999693645 0.022117848 -0.541657906 -0.786333894 -0.004915622 0.617782306 83.835703224
0.616416010 -0.024176491 0.787048691 -3.555266331 0.012516283 0.999702967 0.020906056 -0.540326845 -0.787321340 -0.003035891 0.616535636 83.993427905
0.613400802 -0.022865060 0.789439927 -3.141565265 0.014264094 0.999738361 0.017872763 -0.538814308 -0.789643179 0.000297493 0.613566757 84.301444275
0.610536734 -0.021791984 0.791687459 -2.728379982 0.014728879 0.999761127 0.016160744 -0.535027016 -0.791850429 0.001793957 0.610712348 84.608590091
0.609621487 -0.022497289 0.792372316 -2.526648486 0.016234949 0.999741828 0.015894435 -0.532180326 -0.792526411 0.003174557 0.609829607 84.756246805
0.605660637 -0.023498859 0.795375353 -2.102965731 0.018428223 0.999710419 0.015503103 -0.525931833 -0.795509222 0.005267747 0.605918557 85.055544978
0.603080477 -0.024983666 0.797287807 -1.668677926 0.021012796 0.999660548 0.015430742 -0.518930586 -0.797402988 0.007447280 0.603401861 85.368457052
0.602162153 -0.026277509 0.797940743 -1.451533163 0.022232953 0.999622621 0.016141235 -0.514160958 -0.798063356 0.008020959 0.602519513 85.526037924
0.600150053 -0.029303526 0.799350216 -1.016424516 0.022988659 0.999548310 0.019382788 -0.501501551 -0.799557073 0.006743416 0.600553125 85.840748323
0.597503522 -0.032203003 0.801218605 -0.586892419 0.023294193 0.999468990 0.022799670 -0.488610319 -0.801527960 0.005040889 0.597935865 86.147095809
0.596339032 -0.033685653 0.802024217 -0.369877199 0.024045332 0.999421087 0.024097687 -0.482808104 -0.802372176 0.004914541 0.596804076 86.300211583
0.594256470 -0.035486456 0.803491671 0.061900698 0.025001690 0.999358277 0.025645968 -0.473018301 -0.803887313 0.004848394 0.594762770 86.604251880
0.592186892 -0.036695508 0.804964968 0.493298067 0.026272420 0.999311006 0.026227329 -0.464884256 -0.805372531 0.005616868 0.592742781 86.909635032
0.591464663 -0.036578573 0.805500034 0.708609412 0.026730814 0.999311589 0.025751726 -0.462143068 -0.805887217 0.006300391 0.592035739 87.063671314
0.589096058 -0.035203872 0.807295774 1.140906739 0.026369589 0.999356323 0.024336763 -0.457425969 -0.807632958 0.006951393 0.589644761 87.366331038
0.585996404 -0.032507167 0.809661030 1.571808209 0.024151361 0.999451747 0.022647458 -0.453222930 -0.809953301 0.006283097 0.586460592 87.666337966
0.585246968 -0.031646524 0.810236860 1.781605196 0.023406843 0.999481030 0.022130979 -0.450641237 -0.810517305 0.006013013 0.585683458 87.814244582
0.583542134 -0.030843778 0.811496582 2.209277734 0.022221295 0.999511227 0.022010738 -0.443754714 -0.811778778 0.005188327 0.583942439 88.112554304
0.581569995 -0.030435658 0.812926002 2.630959552 0.021467498 0.999525840 0.022063986 -0.436662495 -0.813213173 0.004619746 0.581948557 88.403853103
0.580674467 -0.030866552 0.813549644 2.841974077 0.021930179 0.999511316 0.022269302 -0.432792686 -0.813840830 0.004910101 0.581067474 88.547710527
0.578247568 -0.031327566 0.815258904 3.263475306 0.021965455 0.999497933 0.022827557 -0.424816436 -0.815565683 0.004707564 0.578646171 88.832307953
0.577686942 -0.031457478 0.815651485 3.679650816 0.022553767 0.999490620 0.022573926 -0.418273624 -0.815947193 0.005355359 0.578102983 89.117474901
0.577656302 -0.031161896 0.815684169 3.879816391 0.022583664 0.999499337 0.022190773 -0.415566846 -0.815967321 0.005602505 0.578070708 89.255774589
0.576743457 -0.029964331 0.816375221 4.273690777 0.021432502 0.999538044 0.021545803 -0.410082290 -0.816643950 0.005070584 0.577118781 89.524478983
0.576136100 -0.030316492 0.816790961 4.673935174 0.021814373 0.999526438 0.021711920 -0.403087684 -0.817062954 0.005308775 0.576524833 89.798851781
0.576190255 -0.030425797 0.816748636 4.872251713 0.021393928 0.999526507 0.022141939 -0.399031529 -0.817035102 0.004715502 0.576568765 89.935861257
0.576894413 -0.029978350 0.816267950 5.262042960 0.020464010 0.999543483 0.022246476 -0.392284027 -0.816562645 0.003870269 0.577244408 90.203329315
0.577982132 -0.030236224 0.815487926 5.648669669 0.021078616 0.999533166 0.022120528 -0.385972328 -0.815776695 0.004404102 0.578350689 90.469082683
0.578732350 -0.030459291 0.814948421 5.841586121 0.021169466 0.999526965 0.022324661 -0.382368423 -0.815242439 0.004332030 0.579103426 90.604431738
0.579308343 -0.030992309 0.814518466 6.223225537 0.020300585 0.999516169 0.023593032 -0.373794869 -0.814855130 0.002867551 0.579657622 90.869423202
0.580177714 -0.030572007 0.813915952 6.594974712 0.019446265 0.999530217 0.023682297 -0.367404661 -0.814257914 0.002087704 0.580499880 91.130617822
0.580773430 -0.030157792 0.813505835 6.782504492 0.019260600 0.999543508 0.023304017 -0.364902858 -0.813837177 0.002134282 0.581088583 91.264302812
0.581575911 -0.028356453 0.812996573 7.148403428 0.017061694 0.999597777 0.022659824 -0.359869420 -0.813312747 0.000692704 0.581826413 91.522948635
0.581229979 -0.027438842 0.813275464 7.503210426 0.016129607 0.999623396 0.022198489 -0.354713663 -0.813579294 0.000215399 0.581454475 91.767102158
0.581224407 -0.026748628 0.813302888 7.682462272 0.015298086 0.999642605 0.021944373 -0.352141175 -0.813599059 -0.000312617 0.581426565 91.891594387
0.580586012 -0.024314100 0.813835144 8.035962642 0.013563798 0.999703946 0.020190777 -0.349200500 -0.814085371 -0.000683776 0.580744831 92.135321021
0.580055986 -0.024767638 0.814199700 8.382931055 0.015809910 0.999691852 0.019146876 -0.345167647 -0.814422928 0.001766180 0.580269420 92.368922954
0.579829165 -0.025070453 0.814351882 8.553944868 0.015946328 0.999684835 0.019422064 -0.341836041 -0.814581790 0.001724464 0.580045686 92.486461723
