1.000000000 -0.000000000 0.000000000 -0.000000000 0.000000000 1.000000000 0.000000000 -0.000000000 0.000000000 0.000000000 1.000000000 0.000000000
0.999990642 0.001592441 0.004042218 0.011304888 -0.001593909 0.999998992 0.000368046 0.005564522 -0.004041604 -0.000374510 0.999991178 0.389801858
0.999980409 0.001954034 0.005935440 0.018103935 -0.001960662 0.999997897 0.001107445 0.009371008 -0.005933238 -0.001119139 0.999981891 0.589653593
0.999947340 0.002592156 0.009968829 0.031395612 -0.002609969 0.999995503 0.001769485 0.015444170 -0.009964238 -0.001795548 0.999948522 0.979380934
0.999835731 0.002081955 0.018029820 0.058887601 -0.002091746 0.999997834 0.000526897 0.020203550 -0.018028669 -0.000564636 0.999837408 1.518740493
0.999691693 0.000061600 0.024824015 0.086826447 -0.000093291 0.999998970 0.001274467 0.026432517 -0.024823939 -0.001276443 0.999690582 1.897958666
0.999482465 -0.002655389 0.032058829 0.120788890 0.002593888 0.999995168 0.001960025 0.033024625 -0.032063899 -0.001876024 0.999483480 2.306986345
0.999323816 -0.003885832 0.036579173 0.142284919 0.003808773 0.999990671 0.002175104 0.036363927 -0.036587309 -0.002034358 0.999328229 2.526355390
0.998978708 -0.002603823 0.045101237 0.179929428 0.002508654 0.999994325 0.002165453 0.041833737 -0.045106660 -0.002050190 0.998980142 2.925265218
0.998591952 -0.002271136 0.052995988 0.218570810 0.002156985 0.999995062 0.002210848 0.047417920 -0.053000844 -0.002093488 0.998591730 3.324139495
0.998383740 -0.001841597 0.056811695 0.238742186 0.001730953 0.999996132 0.001998109 0.049962712 -0.056815229 -0.001896636 0.998383079 3.533557478
0.997917247 -0.002048766 0.064479764 0.284725228 0.001930468 0.999996552 0.001896574 0.055588199 -0.064483424 -0.001768183 0.997917271 3.942187056
0.997372172 -0.004001149 0.072343441 0.336360613 0.003833936 0.999990205 0.002449431 0.062646018 -0.072352481 -0.002165703 0.997376203 4.370618197
0.997092736 -0.005317014 0.076014861 0.362508257 0.005126487 0.999982827 0.002701603 0.066076976 -0.076027943 -0.002304170 0.997103376 4.579820429
0.996490678 -0.007803895 0.083336641 0.416470751 0.007584734 0.999967063 0.002945026 0.072437521 -0.083356925 -0.002302650 0.996516814 4.988167785
0.995840833 -0.008021003 0.090754884 0.472481771 0.007820990 0.999966319 0.002559571 0.078203902 -0.090772369 -0.001839218 0.995870116 5.426472952
0.995467429 -0.008437834 0.094729579 0.506342705 0.008235118 0.999963189 0.002530178 0.081973220 -0.094747473 -0.001738678 0.995499538 5.685440653
0.994748880 -0.008975527 0.101956957 0.568931021 0.008622363 0.999955403 0.003903684 0.090798955 -0.101987523 -0.003004182 0.994781381 6.113474503
0.993969788 -0.009368572 0.109252634 0.633854145 0.008897775 0.999948996 0.004796058 0.098617533 -0.109291990 -0.003795097 0.994002123 6.521428348
0.993533935 -0.009917447 0.113102284 0.666333527 0.009464946 0.999944715 0.004537554 0.101118974 -0.113141073 -0.003437822 0.993572762 6.710412998
0.992646333 -0.011790074 0.120478852 0.732603152 0.011374597 0.999926753 0.004136094 0.106089910 -0.120518786 -0.002735319 0.992707549 7.068324558
0.991767373 -0.013425442 0.127349641 0.801155053 0.012886497 0.999904353 0.005055214 0.113549125 -0.127405282 -0.003372534 0.991845395 7.436132368
0.991302606 -0.014133559 0.130845264 0.835901925 0.013478354 0.999892167 0.005892054 0.117752372 -0.130914372 -0.004077318 0.991384823 7.605003978
0.990214600 -0.014168851 0.138829437 0.911768657 0.013285782 0.999885537 0.007285158 0.126332477 -0.138917159 -0.005369499 0.990289319 7.982553925
0.989190963 -0.013845220 0.145976503 0.992406006 0.012944412 0.999891225 0.007118831 0.132978560 -0.146058528 -0.005152379 0.989262769 8.409999522
0.988699336 -0.013822011 0.149275631 1.033542509 0.012880220 0.999890374 0.007274252 0.136685674 -0.149360110 -0.005269418 0.988768767 8.618686026
0.987791757 -0.015676820 0.154992226 1.120817268 0.014700354 0.999864659 0.007444263 0.143972037 -0.155087673 -0.005075022 0.987887773 9.035889807
0.986997536 -0.017435438 0.159788450 1.209427114 0.016413036 0.999835960 0.007716032 0.151633071 -0.159897092 -0.004993176 0.987120955 9.463049768
0.986581131 -0.017945279 0.162284419 1.252564070 0.016902099 0.999826708 0.007806600 0.155299035 -0.162395918 -0.004958975 0.986713279 9.671668459
0.985879406 -0.017604597 0.166529011 1.338185533 0.016529514 0.999832962 0.007839634 0.162526983 -0.166638936 -0.004976370 0.986005447 10.098936174
0.985364930 -0.014111672 0.169871062 1.420788177 0.012987267 0.999885471 0.007728562 0.169165130 -0.169961416 -0.005409367 0.985435402 10.496294673
0.985157803 -0.012443477 0.171198941 1.460940973 0.011333136 0.999907903 0.007461588 0.172228073 -0.171276662 -0.005410700 0.985208391 10.705023190
0.984701552 -0.010795158 0.173914363 1.545582207 0.009725959 0.999928421 0.006998769 0.178671904 -0.173977938 -0.005200298 0.984735392 11.132334624
0.984265980 -0.011583925 0.176312351 1.636499915 0.010343977 0.999915062 0.007949786 0.187791611 -0.176389733 -0.006001017 0.984301828 11.569403391
0.984205582 -0.012688853 0.176575841 1.680975932 0.011449690 0.999902003 0.008035277 0.191672308 -0.176661265 -0.005886713 0.984253685 11.787980214
0.984231716 -0.014022847 0.176328548 1.771002224 0.012990716 0.999891477 0.007006675 0.197815512 -0.176408075 -0.004605642 0.984306571 12.255138316
0.984214784 -0.013334196 0.176476930 1.857347312 0.012473551 0.999904755 0.005985299 0.203664782 -0.176539844 -0.003689636 0.984286805 12.702412658
0.984040020 -0.012579423 0.177501125 1.904179631 0.011758774 0.999914859 0.005674391 0.207054898 -0.177557239 -0.003496750 0.984103765 12.930922056
0.983953888 -0.010527147 0.178115482 1.995140196 0.009587253 0.999935677 0.006137151 0.215831511 -0.178168401 -0.004331073 0.983990681 13.398013887
0.984144714 -0.009874717 0.177090787 2.090139307 0.008920455 0.999940754 0.006183763 0.224392651 -0.177141539 -0.004506012 0.984175184 13.894990597
0.984306133 -0.009844642 0.176193341 2.137642837 0.008907109 0.999942238 0.006110713 0.228513282 -0.176243277 -0.004445528 0.984336887 14.143480902
0.984535910 -0.011768901 0.174788405 2.236968645 0.010808117 0.999921270 0.006447452 0.237752228 -0.174850972 -0.004458701 0.984584634 14.650307624
0.984939280 -0.012968023 0.172416005 2.327627147 0.012017241 0.999906355 0.006557275 0.246195346 -0.172484925 -0.004386636 0.985002485 15.137427495
0.985178273 -0.012432145 0.171081798 2.369805368 0.011542842 0.999913848 0.006192440 0.249593769 -0.171144005 -0.004125926 0.985236953 15.376102486
0.985832498 -0.013797024 0.167166737 2.451777933 0.012890567 0.999896312 0.006506084 0.257990770 -0.167239302 -0.004259124 0.985906989 15.843506363
0.986511038 -0.014453080 0.163053874 2.533081158 0.013480359 0.999884694 0.007070618 0.266963531 -0.163137418 -0.004777318 0.986591519 16.320932284
0.986855405 -0.014719272 0.160933752 2.570894923 0.013719263 0.999879132 0.007323180 0.271203565 -0.161021877 -0.005019098 0.986937848 16.549738734
0.987587239 -0.015137336 0.156344177 2.647580068 0.014211922 0.999874316 0.007035401 0.278735187 -0.156430220 -0.004726185 0.987677801 17.037347923
0.988210419 -0.015546989 0.152313806 2.725930433 0.014718327 0.999869974 0.006566569 0.285845409 -0.152396404 -0.004247431 0.988309949 17.514899028
0.988487462 -0.015634493 0.150493374 2.765089717 0.014793526 0.999867908 0.006706046 0.290040275 -0.150578630 -0.004402590 0.988588474 17.753666780
0.989067577 -0.016586521 0.146529537 2.841420502 0.015769181 0.999852849 0.006737948 0.297961351 -0.146619510 -0.004353715 0.989182798 18.231276312
0.989657503 -0.018729105 0.142225044 2.918083290 0.017916168 0.999815364 0.006994372 0.306392628 -0.142329773 -0.004373973 0.989809848 18.718874530
0.990032891 -0.018779656 0.139581724 2.952600648 0.018002558 0.999814653 0.006828037 0.310105988 -0.139683949 -0.004247233 0.990186522 18.967813848
0.990585836 -0.019459433 0.135501141 3.025616395 0.018698182 0.999801239 0.006888526 0.318250104 -0.135608173 -0.004290126 0.990753441 19.465547105
0.991084246 -0.020175943 0.131699644 3.100314136 0.019428899 0.999786896 0.006954961 0.326679321 -0.131811880 -0.004334264 0.991264716 19.983232544
0.991372808 -0.020777663 0.129414618 3.136170057 0.020059671 0.999775654 0.006849047 0.330627406 -0.129527729 -0.004194019 0.991567319 20.242129749
0.991907253 -0.022252993 0.125001515 3.204212371 0.021623864 0.999745832 0.006387699 0.337759821 -0.125111916 -0.003633071 0.992135395 20.740046131
0.992415620 -0.024231823 0.120515895 3.270242309 0.023650475 0.999701057 0.006251912 0.345413202 -0.120631298 -0.003354315 0.992691695 21.238024474
0.992645958 -0.024458041 0.118558710 3.303086995 0.023858064 0.999694425 0.006477403 0.349847848 -0.118680965 -0.003601270 0.992925739 21.497018218
0.993158350 -0.024958760 0.114080090 3.365446293 0.024352988 0.999680620 0.006700955 0.358163703 -0.114210926 -0.003876987 0.993449094 22.005120020
0.993653925 -0.025856314 0.109465302 3.428503133 0.025287104 0.999658557 0.006584947 0.366150478 -0.109598142 -0.003775185 0.993968521 22.533215650
0.993949097 -0.025969107 0.106730747 3.457707236 0.025425669 0.999655708 0.006449533 0.370038061 -0.106861498 -0.003696885 0.994266855 22.802347603
0.994468321 -0.026688032 0.101595074 3.513079731 0.026162711 0.999636511 0.006499966 0.377903166 -0.101731607 -0.003806080 0.994804911 23.310694003
0.994904762 -0.028512649 0.096699831 3.571138545 0.028021913 0.999586622 0.006429098 0.385867862 -0.096843178 -0.003686710 0.995292305 23.838960690
0.995114204 -0.029042684 0.094362534 3.596655979 0.028560598 0.999570931 0.006455755 0.389681427 -0.094509592 -0.003729236 0.995516913 24.088206202
0.995554536 -0.029396575 0.089487343 3.642042725 0.028994314 0.999562933 0.005792006 0.395706288 -0.089618413 -0.003171706 0.995971329 24.566897736
0.995981745 -0.029332024 0.084613690 3.684412771 0.028962872 0.999565241 0.005586979 0.402437626 -0.084740732 -0.003113962 0.996397693 25.045683127
0.996157426 -0.028783355 0.082721848 3.705251631 0.028416802 0.999580423 0.005605395 0.405862876 -0.082848548 -0.003233233 0.996557155 25.275080189
0.996604751 -0.026797274 0.077858768 3.741320858 0.026521863 0.999637852 0.004569442 0.410897962 -0.077953051 -0.002489038 0.996953970 25.744096302
0.996952608 -0.027260463 0.073094314 3.777339906 0.026987976 0.999624450 0.004713202 0.417952275 -0.073195426 -0.002726246 0.997314016 26.213087791
0.997122749 -0.027817578 0.070524083 3.794505890 0.027523946 0.999608118 0.005132090 0.422129963 -0.070639314 -0.003176312 0.997496436 26.452607214
0.997405329 -0.027482169 0.066539801 3.828181553 0.027184207 0.999615817 0.005379299 0.429155055 -0.066662078 -0.003556579 0.997769437 26.911672467
0.997635575 -0.027783564 0.062854461 3.858199114 0.027516236 0.999608566 0.005114511 0.434956569 -0.062971902 -0.003372971 0.998009882 27.350865298
0.997736012 -0.028132755 0.061083392 3.874694882 0.027863270 0.999597785 0.005259246 0.438363759 -0.061206776 -0.003545442 0.998118540 27.570404302
0.998017379 -0.026799151 0.056945235 3.901370576 0.026520373 0.999632876 0.005645144 0.445467898 -0.057075619 -0.004123831 0.998360967 28.029707692
0.998228019 -0.027434883 0.052813931 3.927038220 0.027142593 0.999611840 0.006243971 0.452907492 -0.052964776 -0.004799472 0.998584371 28.489041150
0.998354204 -0.026897887 0.050659036 3.937900404 0.026631797 0.999628088 0.005920165 0.455508882 -0.050799480 -0.004561360 0.998698245 28.718789832
0.998554066 -0.026317858 0.046882020 3.960297841 0.026115650 0.999647138 0.004920406 0.459985961 -0.046994934 -0.003689020 0.998888367 29.168266980
0.998695491 -0.026508060 0.043651818 3.983649672 0.026315543 0.999641768 0.004978922 0.466286759 -0.043768183 -0.003823786 0.999033995 29.617687731
0.998775715 -0.026435569 0.041807906 3.994144580 0.026237996 0.999642427 0.005266900 0.469797404 -0.041932185 -0.004163586 0.999111252 29.837430418
0.998901757 -0.027557762 0.037890934 4.012465465 0.027366817 0.999610369 0.005548558 0.476019371 -0.038029076 -0.004505591 0.999266426 30.257004037
0.999021635 -0.027686615 0.034484965 4.027781193 0.027515154 0.999606445 0.005436897 0.481101748 -0.034621947 -0.004482794 0.999390259 30.646675145
0.999068973 -0.027922023 0.032880841 4.036950454 0.027759685 0.999599803 0.005383363 0.483857867 -0.033018019 -0.004465669 0.999444765 30.856466282
0.999179375 -0.027392264 0.029846544 4.051969088 0.027259991 0.999616493 0.004830010 0.488406825 -0.029967437 -0.004012502 0.999542647 31.266167867
0.999307381 -0.026418706 0.026207250 4.062650473 0.026300706 0.999642079 0.004836976 0.494084058 -0.026325681 -0.004144435 0.999644886 31.696016295
0.999369565 -0.025741969 0.024476510 4.066491444 0.025637442 0.999661339 0.004574395 0.496237924 -0.024586027 -0.003944079 0.999689433 31.895990656
0.999396511 -0.027529633 0.021191999 4.079804484 0.027438639 0.999613380 0.004572061 0.501451416 -0.021309686 -0.003987904 0.999764661 32.285728479
0.999475492 -0.026858381 0.018093574 4.087440836 0.026780530 0.999631386 0.004530115 0.506212199 -0.018208633 -0.004043265 0.999826042 32.655652795
0.999499632 -0.026898016 0.016642344 4.092948269 0.026834140 0.999631797 0.004049158 0.507894683 -0.016745079 -0.003600632 0.999852881 32.845569681
0.999513467 -0.028005051 0.013766897 4.101912621 0.027956364 0.999602601 0.003715307 0.511933784 -0.013865555 -0.003328711 0.999898443 33.195444667
0.999546270 -0.028210246 0.010536671 4.105830625 0.028169695 0.999595256 0.003975537 0.516513816 -0.010644505 -0.003677001 0.999936370 33.515464964
0.999529129 -0.029260814 0.009201524 4.108283220 0.029222676 0.999564477 0.004248852 0.519055944 -0.009321761 -0.003978050 0.999948403 33.675454959
0.999520602 -0.030173151 0.006926069 4.113174119 0.030142033 0.999535375 0.004552109 0.523333736 -0.007060243 -0.004341243 0.999965155 33.965425903
0.999535294 -0.030145836 0.004504378 4.115732065 0.030124656 0.999535412 0.004695785 0.527162467 -0.004643904 -0.004557990 0.999978978 34.245475730
0.999562458 -0.029374690 0.003467382 4.117882714 0.029360568 0.999560998 0.004052782 0.527984857 -0.003584864 -0.003949288 0.999985772 34.395491789
0.999591709 -0.028568886 0.000948356 4.120147160 0.028565852 0.999587052 0.003072869 0.529753980 -0.001035801 -0.003044606 0.999994561 34.665571824
0.999584608 -0.028763798 -0.001978951 4.121398719 0.028769633 0.999582153 0.002993409 0.533434728 0.001892041 -0.003049181 0.999993547 34.965681586
0.999584059 -0.028681326 -0.003097788 4.121181638 0.028690639 0.999583645 0.003007185 0.535207522 0.003010136 -0.003094886 0.999990567 35.105759462
0.999574698 -0.028672068 -0.005369414 4.120445909 0.028686806 0.999584968 0.002688213 0.538399621 0.005290029 -0.002841180 0.999982283 35.405943498
0.999533664 -0.029560484 -0.007624139 4.122372639 0.029573681 0.999560968 0.001625456 0.539888455 0.007572694 -0.001850291 0.999969113 35.666032043
0.999528137 -0.029413355 -0.008876300 4.120843574 0.029423093 0.999566205 0.000967693 0.540356933 0.008843995 -0.001228468 0.999960435 35.796165074
0.999463570 -0.030581013 -0.011758218 4.118503355 0.030569195 0.999532197 -0.001183493 0.540145125 0.011788828 0.000823315 0.999929856 36.076434961
0.999421884 -0.030919561 -0.014149191 4.116108487 0.030893644 0.999520351 -0.002046609 0.542132474 0.014205636 0.001608253 0.999897723 36.356678030
0.999406032 -0.030770850 -0.015549841 4.113243224 0.030740009 0.999524654 -0.002219524 0.543652510 0.015610719 0.001740108 0.999876787 36.506856368
0.999397650 -0.030031654 -0.017422253 4.108790638 0.029996729 0.999548002 -0.002262337 0.546603881 0.017482244 0.001738263 0.999845256 36.757137115
0.999409713 -0.028504135 -0.019170235 4.103666476 0.028471550 0.999593115 -0.001969426 0.550220977 0.019218572 0.001422408 0.999814101 37.017438809
0.999406037 -0.028127069 -0.019916272 4.100440016 0.028087615 0.999602831 -0.002257749 0.551024116 0.019971905 0.001696890 0.999799322 37.127612102
0.999414465 -0.026888732 -0.021152309 4.096662732 0.026837535 0.999635894 -0.002700152 0.553159820 0.021217244 0.002130766 0.999772275 37.367873731
0.999373714 -0.027307946 -0.022511110 4.091885347 0.027244585 0.999623986 -0.003116034 0.555311101 0.022587745 0.002500783 0.999742071 37.608169327
0.999355356 -0.027157610 -0.023475069 4.087010559 0.027080180 0.999626461 -0.003609769 0.555855900 0.023564267 0.002971632 0.999717404 37.728408992
0.999379458 -0.025220367 -0.024584411 4.078609234 0.025110616 0.999673862 -0.004761847 0.556790374 0.024696373 0.004141449 0.999686278 37.978850964
0.999415772 -0.023557937 -0.024750316 4.073846139 0.023443546 0.999713324 -0.004901077 0.559748120 0.024858672 0.004317890 0.999681754 38.249155606
0.999425487 -0.023383330 -0.024528772 4.073574408 0.023302775 0.999722483 -0.003564127 0.563720072 0.024605306 0.002990422 0.999692770 38.389206665
0.999425273 -0.024198918 -0.023735530 4.073460692 0.024120985 0.999703195 -0.003563391 0.566859438 0.023814620 0.002988720 0.999711689 38.649343398
0.999431391 -0.024998804 -0.022626934 4.073146512 0.024862824 0.999671417 -0.006270638 0.565576875 0.022776147 0.005704460 0.999724133 38.929558027
0.999435745 -0.025213895 -0.022197542 4.072973896 0.025058083 0.999659322 -0.007270013 0.565560354 0.022373184 0.006709634 0.999727501 39.069657723
0.999479421 -0.024487093 -0.020999832 4.073553381 0.024346847 0.999679525 -0.006907976 0.569926818 0.021162255 0.006393043 0.999755906 39.379788188
0.999564648 -0.022472742 -0.019145518 4.073101216 0.022365997 0.999733750 -0.005770943 0.575578373 0.019270001 0.005340154 0.999799800 39.689937139
0.999602687 -0.021761191 -0.017925748 4.073226323 0.021661758 0.999749320 -0.005721746 0.577451526 0.018045664 0.005331049 0.999822525 39.840008699
0.999657375 -0.021083345 -0.015553804 4.076132799 0.021007418 0.999766488 -0.005029824 0.582506959 0.015656129 0.004701260 0.999866547 40.160057355
0.999697907 -0.020454150 -0.013624766 4.078390931 0.020401647 0.999783940 -0.003980907 0.588674719 0.013703137 0.003701682 0.999899031 40.520140393
0.999722898 -0.019745971 -0.012814650 4.078190872 0.019699654 0.999798792 -0.003730040 0.591144020 0.012885688 0.003476457 0.999911108 40.690228656
0.999732318 -0.020108258 -0.011447861 4.081168772 0.020061889 0.999790190 -0.004150368 0.594706798 0.011528938 0.003919535 0.999925929 41.040314395
0.999725824 -0.020652088 -0.011083011 4.082652983 0.020648868 0.999787048 -0.000405115 0.605658707 0.011088915 0.000176044 0.999938661 41.410368158
0.999729094 -0.020693314 -0.010648428 4.084068345 0.020709371 0.999785093 0.001402817 0.611092084 0.010617100 -0.001623024 0.999942259 41.600375933
0.999719492 -0.021983463 -0.008869803 4.091033238 0.021995170 0.999757507 0.001225346 0.615132349 0.008840581 -0.001420178 0.999959854 41.950319220
0.999698039 -0.023260774 -0.007900293 4.096425569 0.023253951 0.999729446 -0.000952604 0.615865444 0.007920290 0.000768563 0.999968146 42.310366058
0.999698052 -0.023345290 -0.007650994 4.097288342 0.023333526 0.999726564 -0.001621852 0.617176380 0.007686797 0.001442737 0.999969358 42.510453170
0.999704344 -0.023161062 -0.007386510 4.099338689 0.023142687 0.999728687 -0.002561740 0.620598342 0.007443807 0.002389951 0.999969579 42.920612544
0.999717363 -0.022844514 -0.006665681 4.100699574 0.022826588 0.999736106 -0.002752359 0.625405754 0.006726704 0.002599386 0.999973454 43.340784088
0.999732465 -0.022287929 -0.006158015 4.101878949 0.022270828 0.999748062 -0.002829633 0.627846655 0.006219494 0.002691688 0.999977130 43.550852328
0.999734468 -0.022115795 -0.006502716 4.102544031 0.022098343 0.999752205 -0.002743091 0.632913173 0.006561702 0.002598594 0.999974769 43.951030898
0.999708788 -0.023307667 -0.006350060 4.108172243 0.023300017 0.999727659 -0.001276093 0.640787477 0.006378093 0.001127727 0.999978438 44.381023321
0.999687521 -0.024196552 -0.006248676 4.110300052 0.024195946 0.999707060 -0.000170725 0.645292005 0.006250956 0.000019406 0.999980569 44.591032239
0.999629982 -0.026487035 -0.006246527 4.117531761 0.026506918 0.999643835 0.003122469 0.656610202 0.006161538 -0.003286962 0.999975566 45.040938324
0.999743984 -0.021850623 -0.005970879 4.113024316 0.021897686 0.999728829 0.007933622 0.670058198 0.005795781 -0.008062417 0.999950425 45.471204354
0.999808712 -0.018696222 -0.005806222 4.110513427 0.018746038 0.999786772 0.008647326 0.673951269 0.005643250 -0.008754589 0.999945497 45.691386423
0.999893583 -0.013302248 -0.006018808 4.104370443 0.013332020 0.999899267 0.004945356 0.672756038 0.005952329 -0.005025148 0.999970026 46.121899333
0.999916553 -0.011246172 -0.006364506 4.103290202 0.011248075 0.999936475 0.000267656 0.670360127 0.006361082 -0.000339306 0.999979809 46.582274978
0.999906378 -0.012025550 -0.006500859 4.106161011 0.012025522 0.999927685 -0.000032163 0.672706275 0.006500689 -0.000046084 0.999978372 46.812300031
0.999777431 -0.019822971 -0.007272765 4.116672118 0.019857503 0.999791385 0.004706097 0.686617129 0.007177856 -0.004849549 0.999961955 47.272066936
0.999527358 -0.029780648 -0.007698241 4.131470415 0.029796920 0.999553797 0.002007296 0.687543851 0.007635041 -0.002235798 0.999968665 47.701836665
0.999578745 -0.027960886 -0.007747352 4.129606133 0.027922528 0.999597709 -0.005012497 0.677905728 0.007884386 0.004793951 0.999956836 47.902159766
0.999736132 -0.021687031 -0.007647315 4.124352828 0.021576812 0.999666340 -0.014212903 0.667268132 0.007952873 0.014044119 0.999869287 48.322758756
0.999797784 -0.016761830 -0.011166859 4.115551607 0.016651541 0.999812892 -0.009896448 0.680095073 0.011330624 0.009708445 0.999888208 48.773192961
0.999767048 -0.015453222 -0.015107350 4.109276676 0.015353601 0.999859756 -0.006688313 0.688409179 0.015208482 0.006454779 0.999862919 49.003452655
0.999563096 -0.015308370 -0.025270832 4.088333372 0.015121550 0.999857209 -0.007566787 0.691839537 0.025383067 0.007181252 0.999652254 49.414397546
0.999096036 -0.022584303 -0.036015619 4.073740937 0.021988804 0.999616340 -0.016845557 0.681081833 0.036382149 0.016038240 0.999208778 49.825310509
0.998722830 -0.026856753 -0.042790473 4.061947058 0.026130356 0.999506414 -0.017445157 0.682595662 0.043237887 0.016304630 0.998931731 50.035834100
0.997911270 -0.029771256 -0.057332547 4.026619659 0.029334534 0.999534485 -0.008443711 0.703024440 0.057557197 0.006744092 0.998319519 50.477068789
0.997162637 -0.026525244 -0.070447456 3.979979009 0.026597142 0.999646108 0.000082670 0.722314665 0.070420933 -0.001956208 0.997515642 50.908698186
0.996760590 -0.024267798 -0.076684118 3.954131039 0.024418965 0.999701660 0.001034143 0.726165755 0.076636204 -0.002903424 0.997054878 51.119671479
0.995754127 -0.018874840 -0.090100285 3.895332541 0.018772909 0.999821463 -0.001978836 0.725586559 0.090121172 0.000278882 0.995930486 51.561982125
0.994477891 -0.015641750 -0.103779153 3.829870171 0.015171023 0.999870743 -0.005323999 0.724050431 0.103848868 0.003720146 0.994586247 51.984519570
0.993785435 -0.015709927 -0.110199217 3.797096010 0.015144783 0.999867595 -0.005963395 0.725011705 0.110278149 0.004257274 0.993891326 52.195767205
0.992246889 -0.016492588 -0.123181854 3.729841483 0.015865833 0.999855814 -0.006067241 0.729005022 0.123263957 0.004065723 0.992364943 52.628300443
0.990480247 -0.018123420 -0.136460920 3.655931162 0.017454790 0.999829284 -0.006094906 0.733097776 0.136548440 0.003654878 0.990626547 53.071066479
0.989567387 -0.018544226 -0.142875432 3.617484668 0.017830176 0.999820933 -0.006276564 0.734812654 0.142966003 0.003663461 0.989720329 53.292504775
0.987739603 -0.017585719 -0.155115281 3.531585427 0.016902412 0.999841039 -0.005722837 0.739978761 0.155190670 0.003030849 0.987879802 53.765686491
0.985906329 -0.015605881 -0.166569126 3.439292711 0.015183021 0.999877270 -0.003811866 0.747177188 0.166608305 0.001228973 0.986022736 54.229053460
0.984925078 -0.014911281 -0.172336771 3.391499763 0.014595673 0.999889080 -0.003098022 0.750448090 0.172363310 0.000535839 0.985033703 54.470804171
0.982804226 -0.013997127 -0.184118783 3.289616032 0.013760080 0.999902109 -0.002565155 0.755173687 0.184136481 -0.000012510 0.982900621 54.944537777
0.980659606 -0.013729497 -0.195241304 3.184396762 0.013582826 0.999905568 -0.002090058 0.759565762 0.195251443 -0.000602387 0.980752764 55.408383014
0.979666053 -0.013486711 -0.200181760 3.130618604 0.013444924 0.999908860 -0.001568122 0.762310360 0.200184460 -0.001155289 0.979756984 55.650345087
0.977878369 -0.012735226 -0.208786599 3.022766057 0.012689515 0.999917898 -0.001558702 0.765849906 0.208789093 -0.001125246 0.977959467 56.124298100
0.976198634 -0.012585430 -0.216512975 2.912267068 0.012505220 0.999920040 -0.001740311 0.769066721 0.216517011 -0.001008711 0.976278523 56.608352428
0.975433956 -0.012807144 -0.219920172 2.857181398 0.012689061 0.999917994 -0.001949783 0.770327073 0.219927002 -0.000888734 0.975516080 56.840371850
0.973998343 -0.012976260 -0.226185413 2.746343449 0.012823349 0.999915740 -0.002145328 0.773313579 0.226194456 -0.000810978 0.974081593 57.314434079
0.972785318 -0.013396096 -0.231322665 2.634156256 0.013270094 0.999909688 -0.002100928 0.776495196 0.231330482 -0.001026008 0.972874616 57.778533179
0.972293527 -0.013357569 -0.233380680 2.579706391 0.013314115 0.999910153 -0.001761700 0.778529272 0.233383071 -0.001394476 0.972384136 58.000514101
0.971704717 -0.013190052 -0.235829207 2.470166516 0.013364103 0.999910087 -0.000860557 0.783379878 0.235819151 -0.002315510 0.971793598 58.484514349
0.971437817 -0.013125126 -0.236932842 2.361302689 0.013423969 0.999910323 -0.000352006 0.787384829 0.236916217 -0.002838699 0.971525473 58.958495844
0.971522296 -0.012900278 -0.236597847 2.307561296 0.013143007 0.999913135 -0.000551248 0.788649994 0.236583773 -0.002574116 0.971607687 59.200475958
0.971992445 -0.011461282 -0.234733204 2.207678879 0.011712833 0.999931572 -0.000322576 0.791918210 0.234721118 -0.002435898 0.972059341 59.644140140
0.973072290 -0.010327681 -0.230269777 2.118422606 0.010733693 0.999942244 0.000510491 0.796234219 0.230251024 -0.002968469 0.973126795 60.077420906
0.973788117 -0.010308820 -0.227222701 2.073973264 0.010764922 0.999941966 0.000767778 0.798132522 0.227202139 -0.003193760 0.973841879 60.299061910
0.975465414 -0.009506104 -0.219949806 1.988789816 0.009854241 0.999951645 0.000485646 0.800853586 0.219933884 -0.002641255 0.975511343 60.762244377
0.977334636 -0.009490267 -0.211488320 1.912270314 0.009695044 0.999953055 -0.000068376 0.803124183 0.211478488 -0.001983675 0.977380902 61.215130012
0.978348174 -0.010159967 -0.206717054 1.876165218 0.010388208 0.999946198 0.000018568 0.804948250 0.206705658 -0.002165640 0.978400539 61.446493570
0.980400732 -0.010700625 -0.196723166 1.806277544 0.011032143 0.999938668 0.000589047 0.809465285 0.196705501 -0.002747841 0.980458243 61.919136683
0.982564658 -0.010214253 -0.185643455 1.745371778 0.010549038 0.999944605 0.000815721 0.813225593 0.185624510 -0.002759943 0.982616421 62.361462727
0.983662366 -0.010224522 -0.179733531 1.719912449 0.010574265 0.999943978 0.000987918 0.815307757 0.179713752 -0.002872409 0.983715120 62.582452498
0.985609464 -0.010439414 -0.168718719 1.669021365 0.010705443 0.999942616 0.000667515 0.818362510 0.168701204 -0.002464152 0.985664506 63.024445572
0.987362921 -0.009412302 -0.158198204 1.623740513 0.009743656 0.999951504 0.001319164 0.823162702 0.158177840 -0.002844001 0.987406960 63.456217509
0.988236845 -0.008354255 -0.152703519 1.602929073 0.008701496 0.999960918 0.001605651 0.825486463 0.152683915 -0.002915588 0.988271191 63.667038640
0.989894720 -0.007110695 -0.141628180 1.565309829 0.007473008 0.999969998 0.002026404 0.829941729 0.141608923 -0.003064406 0.989917646 64.088546616
0.991399072 -0.005801075 -0.130747255 1.531030347 0.006168771 0.999977958 0.002407762 0.834560582 0.130730292 -0.003193682 0.991413153 64.519945034
0.992121494 -0.005716374 -0.125146361 1.518214506 0.006096009 0.999977626 0.002651356 0.836969651 0.125128832 -0.003393444 0.992134221 64.730491865
0.993503680 -0.005323172 -0.113676195 1.496549944 0.005794640 0.999976489 0.003818106 0.843064968 0.113652900 -0.004452102 0.993510291 65.151433324
0.994720716 -0.004485304 -0.102524670 1.476872917 0.005046118 0.999974075 0.005211305 0.849638937 0.102498651 -0.005701223 0.994717176 65.572300631
0.995245870 -0.004358323 -0.097301210 1.468059470 0.004897546 0.999973576 0.005303380 0.851905730 0.097276168 -0.005754768 0.995240974 65.782712568
0.996230095 -0.005091408 -0.086601727 1.457464342 0.005511804 0.999974643 0.004615746 0.855080757 0.086576409 -0.005075758 0.996232273 66.203313907
0.997062866 -0.005927297 -0.076366469 1.453808440 0.006297175 0.999969927 0.004604200 0.859239557 0.076336897 -0.005071642 0.997069507 66.593645268
0.997436889 -0.006648135 -0.071249711 1.450974987 0.007025388 0.999962400 0.005044814 0.862242572 0.071213212 -0.005532520 0.997445307 66.803843283
0.998055071 -0.009139367 -0.061661077 1.452611355 0.009532641 0.999935722 0.006087265 0.868453070 0.061601502 -0.006663296 0.998078745 67.203973744
0.998530370 -0.011182600 -0.053031375 1.455610998 0.011515072 0.999916094 0.005968158 0.872522428 0.052960160 -0.006570123 0.998574974 67.584072186
0.998744950 -0.011612752 -0.048717125 1.459131144 0.011888812 0.999914910 0.005382228 0.873716264 0.048650483 -0.005954739 0.998798453 67.774063346
0.999050095 -0.012234702 -0.041836391 1.462189410 0.012405413 0.999916143 0.003824568 0.875426526 0.041785945 -0.004340021 0.999117032 68.154190556
0.999272163 -0.012813489 -0.035921714 1.463847259 0.012952647 0.999909583 0.003646006 0.879391110 0.035871779 -0.004108718 0.999347561 68.524329525
0.999346246 -0.013138503 -0.033696267 1.465323233 0.013283202 0.999903492 0.004075074 0.882385421 0.033639449 -0.004520076 0.999424033 68.714367044
0.999433307 -0.014309316 -0.030464697 1.467302901 0.014446621 0.999886864 0.004290546 0.887270050 0.030399848 -0.004728302 0.999526953 69.094489701
0.999469026 -0.015620183 -0.028614782 1.468656568 0.015716332 0.999871220 0.003137817 0.889604861 0.028562050 -0.003585937 0.999585854 69.454653637
0.999492935 -0.015356379 -0.027909655 1.468831240 0.015435065 0.999877484 0.002606063 0.890865022 0.027866135 -0.003035608 0.999606723 69.634751552
0.999524613 -0.015796581 -0.026490508 1.469179589 0.015843835 0.999873244 0.001574941 0.893425329 0.026462187 -0.001994017 0.999647736 69.994946895
0.999534381 -0.017279276 -0.025169170 1.470195540 0.017292787 0.999850511 0.000319433 0.895479850 0.025159797 -0.000754667 0.999683008 70.345119341
0.999527960 -0.018258196 -0.024726821 1.472030214 0.018256800 0.999833321 -0.000282178 0.896528530 0.024727762 -0.000169427 0.999693754 70.515156613
0.999502094 -0.020299225 -0.024147374 1.473339782 0.020280341 0.999794197 -0.001025799 0.899256417 0.024163191 0.000535443 0.999707671 70.845296875
0.999497307 -0.021539253 -0.023278879 1.476312466 0.021514108 0.999767952 -0.001329793 0.903029115 0.023302098 0.000828221 0.999727993 71.195380054
0.999504207 -0.021746286 -0.022779495 1.477468857 0.021718865 0.999763350 -0.001450294 0.905013416 0.022805562 0.000954734 0.999739520 71.375434982
0.999513833 -0.021700840 -0.022380412 1.477097555 0.021669256 0.999764052 -0.001651748 0.908792462 0.022411016 0.001165814 0.999748526 71.715625648
0.999542572 -0.020837668 -0.021947392 1.477361811 0.020813322 0.999783011 -0.001337059 0.913355228 0.021970497 0.000879503 0.999757645 72.045777692
0.999556366 -0.020478502 -0.021631442 1.476827514 0.020455826 0.999790272 -0.001268095 0.915404293 0.021652874 0.000825009 0.999764963 72.205876172
0.999582681 -0.019603891 -0.021239576 1.476122968 0.019572871 0.999807196 -0.001667418 0.918723118 0.021268028 0.001250910 0.999772793 72.536077542
0.999583358 -0.019798436 -0.021016671 1.479024475 0.019783584 0.999804183 -0.000914125 0.923978475 0.021030599 0.000497889 0.999778367 72.856123761
0.999557219 -0.020945624 -0.021118625 1.480810461 0.020941966 0.999781005 -0.000393074 0.926986404 0.021122254 -0.000049505 0.999777055 73.026137141
0.999525597 -0.022580683 -0.020957910 1.483365558 0.022595811 0.999744295 0.000485092 0.932311337 0.020941555 -0.000958406 0.999780123 73.336187603
0.999513684 -0.023333238 -0.020705033 1.483933616 0.023360893 0.999727032 0.001095561 0.937137625 0.020673710 -0.001578799 0.999784535 73.646312461
0.999520953 -0.023031161 -0.020699925 1.483403541 0.023057991 0.999734061 0.001058978 0.939016755 0.020669908 -0.001535877 0.999784837 73.806413013
0.999578291 -0.020637378 -0.020450578 1.482044428 0.020641367 0.999787314 -0.000015873 0.940935322 0.020446501 -0.000406350 0.999790338 74.116641643
0.999594878 -0.019626515 -0.020638604 1.479080327 0.019570745 0.999804806 -0.002900846 0.939469974 0.020691454 0.002495645 0.999782357 74.406955881
0.999585962 -0.020113684 -0.020593036 1.479917998 0.020031929 0.999791036 -0.004168136 0.939028033 0.020672534 0.003753799 0.999779318 74.547026607
0.999570172 -0.021226245 -0.020223053 1.483520015 0.021129164 0.999764362 -0.005001525 0.941071865 0.020324438 0.004571981 0.999782551 74.827064043
0.999540804 -0.022790902 -0.019965760 1.486095730 0.022703180 0.999731381 -0.004608997 0.945567116 0.020065451 0.004153555 0.999789654 75.137124623
0.999525978 -0.023504317 -0.019889476 1.488192225 0.023430356 0.999717388 -0.003943389 0.948568671 0.019976519 0.003475444 0.999794376 75.287114108
0.999495649 -0.024581807 -0.020119919 1.490692541 0.024538661 0.999696326 -0.002388211 0.954716514 0.020172439 0.001893152 0.999794973 75.567135654
0.999489872 -0.024793753 -0.020119848 1.491583280 0.024759788 0.999691482 -0.001934822 0.959046616 0.020161547 0.001435546 0.999796062 75.857242590
0.999488792 -0.024931858 -0.020044033 1.492363817 0.024899535 0.999688139 -0.001860993 0.960903795 0.020084111 0.001360855 0.999797512 75.997285280
0.999493489 -0.024974501 -0.019756226 1.493238031 0.024947633 0.999688035 -0.001604874 0.964517397 0.019790027 0.001111045 0.999803350 76.257382073
0.999557202 -0.022580011 -0.019392529 1.492425910 0.022571268 0.999744822 -0.000670079 0.969402075 0.019402668 0.000231960 0.999811753 76.527526588
