1.000000000 0.000000000 -0.000000000 -0.000000000 -0.000000000 1.000000000 0.000000000 -0.000000000 -0.000000000 -0.000000000 1.000000000 0.000000000
0.999998853 0.001487002 0.000650287 0.008216457 -0.001487067 0.999999093 0.000188655 -0.001489385 -0.000650186 -0.000189644 0.999999446 0.830018318
0.999999087 0.001171086 0.001324994 0.019347802 -0.001170118 0.999999098 -0.000643034 -0.003770009 -0.001326026 0.000641432 0.999999088 1.246038819
0.999996471 -0.001631715 0.002254008 0.041618761 0.001637593 0.999994939 -0.002573420 -0.008851191 -0.002249277 0.002577048 0.999994029 2.078078585
0.999997659 0.000633157 0.002263663 0.047847481 -0.000624240 0.999991730 -0.003935172 -0.013045729 -0.002266120 0.003933708 0.999989771 2.922086209
0.999998097 0.000248000 0.002230296 0.056899349 -0.000241366 0.999994898 -0.002969088 -0.012262254 -0.002231397 0.002968506 0.999993026 3.352109708
0.999996683 -0.000737186 0.002775557 0.075002765 0.000740029 0.999998857 -0.001018520 -0.010675307 -0.002775040 0.001020577 0.999995489 4.212156753
0.999996568 -0.000861988 0.002548343 0.093183137 0.000866901 0.999997809 -0.001887594 -0.013927733 -0.002546533 0.001889767 0.999994910 5.072192311
0.999998158 -0.000940127 0.001647467 0.094282333 0.000945296 0.999994726 -0.003085339 -0.017005379 -0.001644937 0.003086839 0.999993698 5.508189522
0.999990744 -0.003104664 0.003031722 0.120523176 0.003121909 0.999979161 -0.005667689 -0.023175807 -0.003014119 0.005677116 0.999979444 6.362235279
0.999991455 -0.003775701 0.001907212 0.130715102 0.003789813 0.999965401 -0.007392559 -0.028039645 -0.001879104 0.007399717 0.999970484 7.228249889
0.999992601 -0.003401216 0.001995129 0.131776775 0.003415598 0.999967759 -0.007223233 -0.028757596 -0.001970003 0.007229945 0.999971880 7.664252700
0.999996141 -0.002901173 0.000532302 0.143949601 0.002904927 0.999969787 -0.007195974 -0.030486337 -0.000511417 0.007197440 0.999974215 8.516279026
0.999994102 -0.003501089 -0.000774785 0.152093371 0.003494650 0.999959739 -0.008256902 -0.034255821 0.000803605 0.008254160 0.999965462 9.396291959
0.999991182 -0.003784187 -0.002065558 0.161198502 0.003764962 0.999949894 -0.009249129 -0.036821912 0.002099856 0.009241211 0.999955110 9.826307508
0.999971696 -0.005106628 -0.005641650 0.163516009 0.005037966 0.999914093 -0.012122602 -0.043616727 0.005702698 0.012093777 0.999910337 10.648300384
0.999919510 -0.006593558 -0.010864745 0.163770414 0.006443323 0.999883540 -0.013811203 -0.048377309 0.010954797 0.013740131 0.999845891 11.484293814
0.999861995 -0.006827798 -0.015211077 0.150858197 0.006608379 0.999873413 -0.014433234 -0.050572808 0.015307894 0.014330672 0.999780689 11.918263145
0.999724484 -0.008516306 -0.021915757 0.141014628 0.008209018 0.999866605 -0.014076207 -0.051990947 0.022033288 0.013892428 0.999660996 12.774243111
0.999453548 -0.010312695 -0.031402590 0.115115623 0.009921278 0.999870874 -0.012596751 -0.051692551 0.031527880 0.012278290 0.999427449 13.642192903
0.999271772 -0.010984594 -0.036550803 0.096163107 0.010585132 0.999881912 -0.011106179 -0.050304630 0.036669116 0.010711170 0.999269417 14.068157890
0.998807142 -0.013885587 -0.046822437 0.060304163 0.013491821 0.999871043 -0.008716260 -0.048493160 0.046937173 0.008074122 0.998865581 14.906089849
0.998246919 -0.015996301 -0.056987446 0.020581227 0.015476308 0.999834097 -0.009555266 -0.052251582 0.057130604 0.008656538 0.998329199 15.722000012
0.997940869 -0.016410626 -0.062013098 -0.008234876 0.015779305 0.999818133 -0.010657487 -0.055409804 0.062177105 0.009656990 0.998018186 16.117932784
0.997116497 -0.017918372 -0.073749992 -0.063875054 0.017115532 0.999786846 -0.011504483 -0.059291057 0.073940419 0.010209012 0.997210219 16.895808381
0.996071450 -0.018803216 -0.086544008 -0.137472520 0.017833161 0.999769372 -0.011968990 -0.062710722 0.086749176 0.010378593 0.996175708 17.649646525
0.995492829 -0.019115729 -0.092894444 -0.178275414 0.018053091 0.999762033 -0.012266645 -0.064601342 0.093106900 0.010534307 0.995600595 18.029556606
0.994048255 -0.020663768 -0.106968898 -0.271886910 0.019558987 0.999743565 -0.011367480 -0.065925133 0.107176106 0.009207596 0.994197424 18.773356902
0.992743391 -0.019434995 -0.118677095 -0.355484225 0.018445178 0.999784929 -0.009433752 -0.065322050 0.118834692 0.007176243 0.992888611 19.497183170
0.992047951 -0.018175653 -0.124542561 -0.408299188 0.017315778 0.999818309 -0.007983698 -0.064355273 0.124664715 0.005763638 0.992181942 19.861074334
0.990481094 -0.016661671 -0.136642873 -0.517844145 0.015929728 0.999852071 -0.006448816 -0.064782028 0.136729886 0.004210722 0.990599328 20.566842484
0.988630573 -0.015675548 -0.149550278 -0.625285933 0.014705178 0.999863149 -0.007592551 -0.069762690 0.149649244 0.005307045 0.988724935 21.258604100
0.987698294 -0.015187422 -0.155636411 -0.687956534 0.013954281 0.999861532 -0.009013174 -0.073841991 0.155751073 0.006730477 0.987773481 21.592461863
0.985854986 -0.013628697 -0.167047465 -0.803262247 0.011850660 0.999861761 -0.011636463 -0.081413544 0.167183322 0.009492221 0.985880529 22.240200179
0.983895961 -0.012515232 -0.178308387 -0.922582364 0.010545588 0.999872459 -0.011990148 -0.085096214 0.178436045 0.009916670 0.983901362 22.865939150
0.982869842 -0.011669814 -0.183932071 -0.983274609 0.009712892 0.999885766 -0.011537041 -0.085880438 0.184045873 0.009552876 0.982871410 23.185809007
0.980549454 -0.009706445 -0.196035111 -1.112530020 0.007520965 0.999900487 -0.011890114 -0.089599833 0.196130891 0.010184437 0.980525040 23.781526466
0.978268573 -0.009378357 -0.207131191 -1.249775149 0.006829086 0.999892003 -0.013019231 -0.094850651 0.207231201 0.011321733 0.978226757 24.383223166
0.976988302 -0.009302804 -0.213091572 -1.320380588 0.006610095 0.999888472 -0.013345691 -0.097061421 0.213192164 0.011630019 0.976941406 24.673068213
0.974402018 -0.009721218 -0.224604204 -1.461582404 0.006675865 0.999874875 -0.014314443 -0.102052886 0.224715446 0.012448564 0.974344816 25.252756953
0.971766850 -0.009665820 -0.235747195 -1.602809183 0.006459016 0.999875769 -0.014371364 -0.105474554 0.235857341 0.012442891 0.971708213 25.832449420
0.970534138 -0.009937359 -0.240762043 -1.679402452 0.006649071 0.999873460 -0.014466697 -0.107401477 0.240875386 0.012439590 0.970476042 26.114282291
0.967690340 -0.010363054 -0.251928961 -1.824570177 0.006818098 0.999864978 -0.014940197 -0.111553664 0.252049564 0.012739750 0.967630383 26.671964448
0.964591579 -0.010888689 -0.263526235 -1.991744757 0.007087100 0.999856095 -0.015372399 -0.115995173 0.263655238 0.012960401 0.964530301 27.233598821
0.963121454 -0.010962217 -0.268846263 -2.074321245 0.007070773 0.999855907 -0.015438743 -0.117928212 0.268977280 0.012968371 0.963058946 27.507418828
0.960217771 -0.011514937 -0.279014888 -2.239472949 0.007457138 0.999850282 -0.015600624 -0.121874281 0.279152047 0.012899340 0.960160174 28.055058652
0.957073835 -0.012245380 -0.289587479 -2.404593332 0.007674348 0.999827132 -0.016915261 -0.127790095 0.289744895 0.013966770 0.957002361 28.602693800
0.955672281 -0.012057258 -0.294187360 -2.493131097 0.007155003 0.999817041 -0.017734537 -0.131109072 0.294347869 0.014843517 0.955583335 28.868497668
0.953404113 -0.012375641 -0.301444356 -2.662199421 0.006918155 0.999791787 -0.019165666 -0.137315462 0.301618081 0.016187144 0.953290943 29.394123551
0.950911066 -0.012739798 -0.309204867 -2.845371720 0.006728458 0.999767084 -0.020500056 -0.143669964 0.309393928 0.017413185 0.950774505 29.967719137
0.949780125 -0.012891356 -0.312654676 -2.943957058 0.006631922 0.999755414 -0.021075672 -0.146816089 0.312849893 0.017943761 0.949632729 30.253502016
0.947434617 -0.013752643 -0.319656785 -3.143183043 0.007331193 0.999746009 -0.021283382 -0.151564041 0.319868192 0.017821088 0.947294428 30.839067167
0.945580919 -0.015130991 -0.325035380 -3.334414224 0.008834629 0.999743438 -0.020838619 -0.155100530 0.325267472 0.016833024 0.945472576 31.418652317
0.944767283 -0.016768712 -0.327313451 -3.427044485 0.010678947 0.999734916 -0.020393839 -0.156470767 0.327569582 0.015772085 0.944695566 31.712452262
0.942980349 -0.018317100 -0.332344142 -3.638366198 0.012485436 0.999728545 -0.019674298 -0.159951512 0.332614133 0.014403002 0.942953321 32.331994748
0.941473862 -0.018177740 -0.336597675 -3.849672488 0.012324150 0.999733176 -0.019519131 -0.164402131 0.336862742 0.014228458 0.941446181 32.951534932
0.940797951 -0.018157107 -0.338483015 -3.958316050 0.012293888 0.999734702 -0.019458299 -0.166705489 0.338746632 0.014145002 0.940771488 33.257298414
0.939745393 -0.019141643 -0.341338919 -4.177619848 0.013172082 0.999717131 -0.019798084 -0.172197595 0.341621908 0.014109014 0.939731952 33.882819003
0.938809444 -0.018434182 -0.343945369 -4.406960566 0.012188161 0.999719554 -0.020313409 -0.178186761 0.344223149 0.014878350 0.938769927 34.528317014
0.938165959 -0.019381877 -0.345645210 -4.519651786 0.013034769 0.999701446 -0.020678384 -0.181361014 0.345942219 0.014894310 0.938138006 34.862069880
0.937228610 -0.020716385 -0.348101589 -4.759040712 0.014319681 0.999677828 -0.020939101 -0.187137332 0.348423119 0.014640043 0.937222515 35.527546998
0.936397557 -0.020286184 -0.350356599 -5.000494805 0.014211592 0.999701006 -0.019901081 -0.190749434 0.350655691 0.013656175 0.936405183 36.207024978
0.936259800 -0.019933845 -0.350742669 -5.129228423 0.013954858 0.999711159 -0.019566349 -0.193027045 0.351031780 0.013424602 0.936267162 36.552745725
0.935773831 -0.020988814 -0.351976142 -5.380715302 0.015339850 0.999705238 -0.018830904 -0.197396174 0.352267481 0.012222195 0.935819490 37.252200511
0.935295209 -0.020703586 -0.353264312 -5.636269396 0.015402710 0.999722161 -0.017810538 -0.201406356 0.353535214 0.011216851 0.935353786 37.979647600
0.935300583 -0.020058909 -0.353285181 -5.764988068 0.014634622 0.999730307 -0.018018781 -0.204623846 0.353550977 0.011682787 0.935342640 38.325366116
0.935254744 -0.020357986 -0.353390075 -6.022555179 0.015113489 0.999730901 -0.017594138 -0.209749388 0.353653032 0.011114022 0.935310838 39.066806283
0.934450934 -0.021959452 -0.355416647 -6.296183449 0.017474270 0.999721457 -0.015825314 -0.212798441 0.355664605 0.008577310 0.934574355 39.820217132
0.934287715 -0.021513430 -0.355871612 -6.437004049 0.017339014 0.999738478 -0.014916135 -0.214358773 0.356099733 0.007765474 0.934416169 40.199913909
0.933747032 -0.020849634 -0.357326693 -6.710638044 0.017372639 0.999765526 -0.012938127 -0.217047872 0.357512663 0.005873206 0.933890013 40.953325611
0.933445704 -0.020179002 -0.358151375 -6.984258364 0.017219206 0.999786397 -0.011451963 -0.220596861 0.358305653 0.004522682 0.933593025 41.706735273
0.933025415 -0.020216480 -0.359243912 -7.125052094 0.017222518 0.999784680 -0.011532987 -0.223846974 0.359399367 0.004573461 0.933172689 42.086428040
0.932449955 -0.019642214 -0.360767265 -7.398626464 0.016521910 0.999794851 -0.011731632 -0.230285588 0.360923857 0.004978565 0.932582147 42.839830843
0.932195368 -0.018129022 -0.361502106 -7.670188930 0.015074222 0.999822732 -0.011268913 -0.235538852 0.361641830 0.005055448 0.932302686 43.579240734
0.932030209 -0.017589411 -0.361955295 -7.816967628 0.014505225 0.999831915 -0.011236719 -0.238685096 0.362092509 0.005222695 0.932127793 43.950920897
0.931691367 -0.016624327 -0.362871912 -8.096548748 0.013739956 0.999850210 -0.010528495 -0.243650018 0.362992946 0.004823442 0.931779534 44.696314348
0.931805192 -0.014680163 -0.362663114 -8.368126160 0.012047455 0.999881889 -0.009520156 -0.247963403 0.362759313 0.004501742 0.931872409 45.435726470
0.932104616 -0.014006104 -0.361918956 -8.506892881 0.011345539 0.999890075 -0.009475604 -0.250978043 0.362012061 0.004726063 0.932161311 45.801424070
0.933005412 -0.013227600 -0.359620659 -8.772454002 0.010447784 0.999898170 -0.009672642 -0.257365043 0.359712015 0.005267355 0.933048160 46.548844119
0.933511925 -0.012588547 -0.358326854 -9.050093679 0.009792273 0.999905853 -0.009617527 -0.263564696 0.358414115 0.005469219 0.933546865 47.330238941
0.933753629 -0.012235514 -0.357709902 -9.190887250 0.009394303 0.999908971 -0.009679656 -0.266824808 0.357795671 0.005677952 0.933783238 47.709931684
0.934340150 -0.013914041 -0.356112326 -9.468507052 0.010954348 0.999886114 -0.010326640 -0.274274298 0.356216074 0.005747595 0.934386303 48.491323539
0.934403478 -0.012548675 -0.355997337 -9.750082587 0.009276931 0.999897140 -0.010896323 -0.281524428 0.356097370 0.006878978 0.934423178 49.250707292
0.934807916 -0.011315485 -0.354974961 -9.882858298 0.007858732 0.999906895 -0.011178480 -0.285022889 0.355067616 0.007660055 0.934809489 49.624416593
0.936034972 -0.010924700 -0.351738010 -10.160512921 0.007705892 0.999914285 -0.010549999 -0.290282663 0.351823058 0.007164689 0.936038537 50.405813646
0.936707529 -0.010593914 -0.349953976 -10.432241087 0.008352012 0.999933892 -0.007914971 -0.291966783 0.350014444 0.004491171 0.936733304 51.195232035
0.937164810 -0.009355293 -0.348763738 -10.567099456 0.007648212 0.999950628 -0.006271518 -0.292201170 0.348804922 0.003210004 0.937189411 51.582944809
0.938449446 -0.006808856 -0.345351177 -10.838848292 0.006190489 0.999976367 -0.002893602 -0.292585458 0.345362545 0.000577579 0.938469655 52.372366283
0.939403104 -0.006629502 -0.342752028 -11.104530911 0.006123205 0.999977864 -0.002559444 -0.298182954 0.342761811 0.000305581 0.939422628 53.169788233
0.939865985 -0.007021867 -0.341473690 -11.249372300 0.006372346 0.999974770 -0.003023990 -0.302303963 0.341485395 0.000666132 0.939886648 53.577470384
0.941330875 -0.008277314 -0.337385609 -11.519031983 0.006772360 0.999961216 -0.005637520 -0.313211779 0.337419072 0.003021850 0.941349715 54.402871181
0.942612746 -0.009417808 -0.333756061 -11.796698237 0.006995412 0.999939868 -0.008459241 -0.324591155 0.333815535 0.005639009 0.942621697 55.234253736
0.943311017 -0.010578983 -0.331741175 -11.927518671 0.007735747 0.999920735 -0.009890196 -0.330194234 0.331819601 0.006763243 0.943318769 55.643962342
0.944103201 -0.013420771 -0.329377675 -12.191205788 0.009961165 0.999876072 -0.012189044 -0.340426020 0.329499843 0.008226704 0.944119498 56.477377594
0.945258141 -0.016973586 -0.325884612 -12.456895269 0.012619744 0.999800154 -0.015469799 -0.352443080 0.326081498 0.010510344 0.945283083 57.324784334
0.946017448 -0.019139750 -0.323550328 -12.591788165 0.014607133 0.999757975 -0.016431932 -0.357357255 0.323787296 0.010818731 0.946067967 57.762486027
0.947392965 -0.021545928 -0.319347737 -12.845549050 0.016524771 0.999693482 -0.018424888 -0.366982390 0.319647236 0.012178392 0.947458372 58.625924143
0.947740211 -0.025401803 -0.318030857 -13.107377720 0.020612124 0.999617200 -0.018417001 -0.373229583 0.318377013 0.010899280 0.947901612 59.495353153
0.947898047 -0.027324657 -0.317400426 -13.242325947 0.022988003 0.999583661 -0.017400991 -0.374664208 0.317743668 0.009197946 0.948131409 59.933063105
0.948606135 -0.026641506 -0.315337994 -13.504213605 0.023014556 0.999619314 -0.015220801 -0.377201882 0.315623636 0.007181132 0.948857277 60.802500920
0.949187066 -0.025606648 -0.313669599 -13.769949514 0.021398584 0.999628780 -0.016851882 -0.386299319 0.313984781 0.009283487 0.949383124 61.649914590
0.949356712 -0.026532012 -0.313080355 -13.902796162 0.021848937 0.999590741 -0.018457800 -0.392187864 0.313442025 0.010682521 0.949547520 62.073618245
0.949362433 -0.028136771 -0.312920828 -14.162510851 0.022517443 0.999513719 -0.021558032 -0.403668876 0.313375247 0.013420165 0.949533997 62.929039106
0.949968617 -0.027511078 -0.311131912 -14.430313995 0.021799969 0.999524423 -0.021819405 -0.410472114 0.311584208 0.013945101 0.950116600 63.790453947
0.950183686 -0.026886116 -0.310529663 -14.557234982 0.021303719 0.999545001 -0.021355261 -0.412735012 0.310962870 0.013675983 0.950324008 64.222179057
0.950534796 -0.025846476 -0.309543114 -14.815050019 0.020775108 0.999590884 -0.019669308 -0.415971587 0.309924544 0.012265528 0.950682181 65.063623762
0.950801678 -0.025263570 -0.308770874 -15.074907806 0.020872643 0.999628036 -0.017516247 -0.418453764 0.309099145 0.010209611 0.950975019 65.919065982
0.950578952 -0.025035678 -0.309473415 -15.207809945 0.020758989 0.999637549 -0.017105310 -0.420852761 0.309789399 0.009835551 0.950754303 66.342777920
0.950341253 -0.024296817 -0.310261831 -15.481586768 0.019773739 0.999647244 -0.017715719 -0.428262038 0.310582722 0.010700901 0.950486345 67.196178472
0.950360153 -0.023608565 -0.310257763 -15.741331030 0.018392276 0.999635629 -0.019727921 -0.437883290 0.310610436 0.013042298 0.950447509 68.051603748
0.950445446 -0.022926987 -0.310047097 -15.874187537 0.017269023 0.999630798 -0.020981833 -0.443151916 0.310413914 0.014587793 0.950489341 68.475308874
0.950514628 -0.021662764 -0.309925756 -16.139961764 0.015855159 0.999648256 -0.021246019 -0.449839665 0.310275857 0.015280673 0.950523565 69.322728264
0.950497657 -0.021168571 -0.310011763 -16.397788885 0.016023264 0.999688009 -0.019134654 -0.452316339 0.310320626 0.013220012 0.950540264 70.164174772
0.950457022 -0.020308844 -0.310192675 -16.530725685 0.015666017 0.999725225 -0.017451849 -0.452535618 0.310461679 0.011727692 0.950513328 70.587891883
0.950614226 -0.020749112 -0.309681165 -16.798593064 0.016810779 0.999739715 -0.015381010 -0.455299379 0.309920369 0.009415399 0.950715810 71.449316311
0.950451947 -0.021522038 -0.310126628 -17.058406490 0.017785574 0.999731315 -0.014871233 -0.460571195 0.310362971 0.008618592 0.950579283 72.304751911
0.950231248 -0.021516620 -0.310803631 -17.191286846 0.017645964 0.999727456 -0.015260688 -0.464340014 0.311046966 0.009016728 0.950352095 72.728460597
0.950543732 -0.022175182 -0.309799685 -17.453071474 0.017825989 0.999698445 -0.016863105 -0.473356849 0.310080663 0.010506600 0.950652387 73.597883033
0.950337155 -0.022739175 -0.310392584 -17.714858009 0.017900404 0.999670030 -0.018429255 -0.482253699 0.310708404 0.011957852 0.950429746 74.467305754
0.950123805 -0.023053171 -0.311020397 -17.847742658 0.018148034 0.999660743 -0.018656470 -0.485752553 0.311344546 0.012081546 0.950220454 74.891015081
0.949364674 -0.023867443 -0.313270110 -18.109602809 0.019340808 0.999658306 -0.017549992 -0.490020003 0.313582205 0.010602386 0.949502099 75.760448790
0.948771614 -0.024158328 -0.315038564 -18.395534984 0.020437890 0.999677108 -0.015108245 -0.492412558 0.315301185 0.007895534 0.948958389 76.647835578
0.948370756 -0.024768023 -0.316196852 -18.532505450 0.021312907 0.999668776 -0.014381420 -0.494382618 0.316448240 0.006899812 0.948584458 77.099539985
0.947094814 -0.025903279 -0.319907824 -18.818407098 0.022920088 0.999651083 -0.013087566 -0.498694924 0.320134797 0.005062824 0.947357823 77.986922216
0.946147665 -0.026258179 -0.322668901 -19.106320331 0.023501514 0.999646525 -0.012436982 -0.504212578 0.322881784 0.004183992 0.946430274 78.888297312
0.945628749 -0.026753977 -0.324146649 -19.257261031 0.023968296 0.999633767 -0.012584144 -0.507890155 0.324364205 0.004130664 0.945923754 79.337967693
0.944339707 -0.028679292 -0.327721364 -19.561149088 0.025591846 0.999578082 -0.013730815 -0.516760617 0.327976773 0.004579529 0.944674734 80.251300583
0.942681694 -0.030034649 -0.332341473 -19.873031632 0.026372891 0.999531464 -0.015524416 -0.526862540 0.332651528 0.005869706 0.943031718 81.170613427
0.941962188 -0.030170845 -0.334363162 -20.031981129 0.026410139 0.999525889 -0.015788977 -0.530871695 0.334680888 0.006042046 0.942312149 81.626265897
0.940730674 -0.029917457 -0.337833462 -20.351945450 0.026400581 0.999538935 -0.015001184 -0.536715791 0.338126247 0.005193068 0.941086611 82.551571723
0.938950511 -0.029655800 -0.342773905 -20.677910480 0.026618482 0.999553851 -0.013563358 -0.541466145 0.343023587 0.003611207 0.939320088 83.468867295
0.938081504 -0.029419213 -0.345165349 -20.852889337 0.026334656 0.999560426 -0.013623377 -0.545398552 0.345413455 0.003690006 0.938442820 83.936485699
0.935481592 -0.029772328 -0.352120166 -21.184784322 0.026498004 0.999549372 -0.014115974 -0.553504588 0.352380920 0.003874769 0.935848533 84.845760458
0.933291391 -0.029498948 -0.357907685 -21.532707553 0.026063674 0.999556115 -0.014419735 -0.561603868 0.358174616 0.004129379 0.933645202 85.767000984
0.931889177 -0.028727503 -0.361605877 -21.713686801 0.025448473 0.999580441 -0.013828307 -0.564462531 0.361851752 0.003684103 0.932228502 86.226609088
0.928475378 -0.027323960 -0.370387842 -22.091683559 0.024576668 0.999624368 -0.012135720 -0.569543181 0.370579791 0.002164805 0.928798560 87.157792558
0.925641610 -0.026036340 -0.377505072 -22.461666274 0.023834136 0.999660260 -0.010505018 -0.574622210 0.377650574 0.000726360 0.925948436 88.082993156
0.923935780 -0.026155648 -0.381652176 -22.658643082 0.023806248 0.999656798 -0.010877105 -0.579403866 0.381805877 0.000964008 0.924242054 88.554562447
0.920817557 -0.027745947 -0.389006008 -23.034491675 0.024425934 0.999610889 -0.013478836 -0.591868057 0.389228333 0.002909691 0.921137033 89.471732667
0.917476013 -0.031550134 -0.396538880 -23.414223817 0.026323094 0.999479524 -0.018618619 -0.608672298 0.396920187 0.006643937 0.917829116 90.366884010
0.915421639 -0.033398670 -0.401108444 -23.609138954 0.027620815 0.999414343 -0.020180379 -0.615398199 0.401547738 0.007394563 0.915807964 90.824452961
0.911993531 -0.034484257 -0.408753638 -24.007111584 0.029503025 0.999393235 -0.018487647 -0.620782665 0.409143371 0.004801099 0.912457857 91.745592887
0.907949686 -0.030604208 -0.417961109 -24.415179142 0.028648064 0.999529149 -0.010955300 -0.616165156 0.418099503 -0.002026928 0.908399061 92.636735129
0.905796180 -0.029234299 -0.422704666 -24.616188161 0.028324706 0.999563409 -0.008434080 -0.615938073 0.422766539 -0.004333489 0.906228165 93.086307733
0.901230957 -0.028442245 -0.432406243 -25.043979897 0.026713674 0.999592592 -0.010072630 -0.627452331 0.432515939 -0.002473439 0.901623229 93.967368863
0.896300780 -0.029557252 -0.442460259 -25.473698315 0.025323482 0.999559664 -0.015474362 -0.645511246 0.442722891 0.002665015 0.896654477 94.862410184
0.894431841 -0.029822766 -0.446209537 -25.686549435 0.024657559 0.999544986 -0.017379233 -0.653115384 0.446524307 0.004542090 0.894759255 95.295938502
0.888396662 -0.028360991 -0.458200530 -26.142382283 0.023079484 0.999587009 -0.017122627 -0.661715495 0.458496451 0.004636600 0.888684373 96.172946601
0.882336563 -0.027230109 -0.469831719 -26.594200227 0.022733559 0.999625430 -0.015242298 -0.667384978 0.470069906 0.002767872 0.882624971 97.021970205
0.879617362 -0.026472285 -0.474946601 -26.829128797 0.022227270 0.999646726 -0.014552215 -0.670839012 0.475163493 0.002243589 0.879895070 97.459461276
0.874400484 -0.025291691 -0.484545561 -27.294908865 0.021267314 0.999678642 -0.013801488 -0.678725946 0.484739264 0.001763026 0.874656702 98.306449644
0.867963441 -0.024478995 -0.496024761 -27.774652330 0.020084130 0.999697160 -0.014191524 -0.688750341 0.496222696 0.002355481 0.868192157 99.151402964
0.864744322 -0.024304886 -0.501624624 -28.021526351 0.019864434 0.999702037 -0.014193940 -0.693536437 0.501820306 0.002309618 0.864968548 99.572865175
0.857904007 -0.025122222 -0.513195434 -28.515251337 0.020278593 0.999680602 -0.015037487 -0.704558442 0.513409921 0.002493807 0.858139913 100.415786154
0.851888703 -0.026074684 -0.523073898 -29.024994713 0.020741160 0.999655667 -0.016052415 -0.716193608 0.523312410 0.002825694 0.852136092 101.270671430
0.848496081 -0.026959759 -0.528515526 -29.277832714 0.021350942 0.999632421 -0.016714197 -0.722195664 0.528770844 0.002897612 0.848759433 101.684117905
0.841217978 -0.027518974 -0.539995685 -29.795492167 0.021572329 0.999616440 -0.017336145 -0.733142146 0.540266057 0.002934489 0.841489123 102.494987666
0.833628787 -0.027218441 -0.551654777 -30.335176759 0.021221675 0.999625836 -0.017252297 -0.743228099 0.551917828 0.002674957 0.833893928 103.309812371
0.829965818 -0.027260581 -0.557149190 -30.600000437 0.021330992 0.999624969 -0.017134480 -0.748032544 0.557406879 0.002336465 0.830236032 103.707235989
0.822052684 -0.025304026 -0.568849619 -31.151679928 0.019752144 0.999678228 -0.015924466 -0.756340961 0.569068799 0.001854729 0.822287857 104.506039215
0.815140258 -0.024035890 -0.578765563 -31.709328487 0.018706393 0.999710142 -0.015171312 -0.765545379 0.578962736 0.001540111 0.815353009 105.296827465
0.811124701 -0.023769242 -0.584390349 -31.996144868 0.018113167 0.999715280 -0.015521278 -0.771529030 0.584593142 0.002004505 0.811323905 105.698201187
0.804502278 -0.023718945 -0.593477615 -32.567711828 0.016558161 0.999709729 -0.017508765 -0.785700544 0.593720070 0.004258913 0.804660033 106.486947673
0.797778642 -0.023716467 -0.602485174 -33.155312281 0.015267031 0.999700471 -0.019136923 -0.799535342 0.602757815 0.006068837 0.797900796 107.287660711
0.794446530 -0.022961696 -0.606899901 -33.458160248 0.014239945 0.999714219 -0.019183251 -0.805302263 0.607167033 0.006597830 0.794546617 107.701000700
0.789711280 -0.022686514 -0.613059680 -34.051809904 0.014495384 0.999727003 -0.018323184 -0.814993715 0.613307944 0.005583465 0.789824678 108.493710723
0.784400362 -0.022702489 -0.619839933 -34.645457493 0.015067541 0.999732497 -0.017548858 -0.824815151 0.620072788 0.004425844 0.784532200 109.286420438
0.781714226 -0.023088613 -0.623209639 -34.952236390 0.014891971 0.999720827 -0.018358088 -0.831942509 0.623460033 0.005069935 0.781839025 109.677748622
0.776232076 -0.023279880 -0.630017624 -35.557806057 0.014462942 0.999712218 -0.019121106 -0.844565816 0.630281100 0.005730488 0.776345986 110.454425987
0.771032590 -0.022903541 -0.636384216 -36.169409663 0.014852982 0.999727326 -0.017984777 -0.854005652 0.636622542 0.004414625 0.771163067 111.223098059
0.767474142 -0.022500969 -0.640685900 -36.474210363 0.015171751 0.999741425 -0.016936981 -0.857827934 0.640900915 0.003278339 0.767616763 111.600438362
0.762745442 -0.020340340 -0.646379750 -37.089795619 0.014177333 0.999790646 -0.014731981 -0.865438620 0.646544628 0.002072784 0.762873658 112.347106200
0.757802476 -0.018804204 -0.652213213 -37.711299858 0.012052675 0.999816992 -0.014822269 -0.877094900 0.652372762 0.003371406 0.757890928 113.085751586
0.755701787 -0.018079023 -0.654667224 -38.022045141 0.010823958 0.999827231 -0.015116492 -0.883352984 0.654827520 0.004337445 0.755765956 113.455073258
0.752930458 -0.017354056 -0.657871672 -38.643519489 0.008833964 0.999828782 -0.016264229 -0.896889020 0.658041013 0.006434199 0.752955118 114.193714183
0.751235266 -0.018712717 -0.659770539 -39.250990214 0.009322897 0.999799413 -0.017741524 -0.910817267 0.659969571 0.007177062 0.751258088 114.934384149
0.750543418 -0.019018198 -0.660548376 -39.553729244 0.009666188 0.999795031 -0.017802563 -0.916583794 0.660751121 0.006976582 0.750572673 115.297724112
0.748237270 -0.018591690 -0.663170837 -40.189252847 0.009840449 0.999807801 -0.016926537 -0.926857991 0.663358418 0.006139148 0.748276556 116.034342805
0.746675407 -0.018653827 -0.664927715 -40.810788727 0.010901683 0.999815577 -0.015806872 -0.936524528 0.665099638 0.004553746 0.746740883 116.772992914
0.746844273 -0.018368966 -0.664745895 -41.127526927 0.010647543 0.999819945 -0.015665654 -0.942178807 0.664913587 0.004621873 0.746905813 117.134303170
0.749131200 -0.016561051 -0.662215632 -41.732999263 0.007998945 0.999840866 -0.015955853 -0.954071814 0.662374092 0.006655981 0.749144142 117.860982241
0.753848000 -0.014587137 -0.656887068 -42.348526166 0.005637383 0.999859689 -0.015733940 -0.965352026 0.657024476 0.008157849 0.753824907 118.607641369
0.756663093 -0.013528131 -0.653666705 -42.653306992 0.004650843 0.999871612 -0.015309565 -0.970424146 0.653789110 0.008544047 0.756628237 118.984978706
0.761930327 -0.008358940 -0.647605877 -43.254912156 0.000360034 0.999922066 -0.012482890 -0.976947235 0.647660023 0.009277869 0.761873243 119.733679099
0.768762403 -0.005524924 -0.639511919 -43.858537333 -0.001105343 0.999949285 -0.009967728 -0.984145740 0.639534677 0.008369669 0.768717060 120.496373614
0.773289122 -0.006399022 -0.634022323 -44.149316921 0.000279115 0.999951774 -0.009751963 -0.989460092 0.634054272 0.007364100 0.773253954 120.875740349
0.783690892 -0.010675813 -0.621060268 -44.678786811 0.004363357 0.999921950 -0.011682479 -1.003378029 0.621135904 0.006445517 0.783675307 121.620577331
0.793552956 -0.013411716 -0.608354651 -45.202298285 0.007107936 0.999892952 -0.012771869 -1.015730053 0.608460956 0.005810982 0.793562534 122.373430879
0.798511091 -0.014252077 -0.601813313 -45.465096543 0.008564760 0.999887275 -0.012315285 -1.020199037 0.601920243 0.004679482 0.798542461 122.756859568
0.810077246 -0.016785501 -0.586084154 -45.938640821 0.011733893 0.999853543 -0.012417606 -1.030096543 0.586206950 0.003182146 0.810155345 123.509825986
0.822127406 -0.019530656 -0.568969368 -46.404139097 0.014238607 0.999803848 -0.013745805 -1.042002168 0.569125286 0.003199447 0.822244246 124.256804761
0.828002768 -0.020348808 -0.560355841 -46.622918716 0.015418764 0.999789362 -0.013523219 -1.046202470 0.560513459 0.002557240 0.828141651 124.632328281
0.839103688 -0.018988244 -0.543641453 -47.068569273 0.016014199 0.999819409 -0.010204004 -1.049745323 0.543736768 -0.000143788 0.839256079 125.389369729
0.852636612 -0.016361837 -0.522248861 -47.486266007 0.015762450 0.999860055 -0.005591113 -1.050713033 0.522267219 -0.003464757 0.852774848 126.150477235
0.860169243 -0.016285462 -0.509749795 -47.669079191 0.016493934 0.999855607 -0.004111020 -1.052246583 0.509743039 -0.004871622 0.860313406 126.524084156
0.872577728 -0.018330250 -0.488132246 -48.034620496 0.018609414 0.999817226 -0.004279176 -1.060662990 0.488120781 -0.005349962 0.872759940 127.271285301
0.884739934 -0.022711930 -0.465531765 -48.366105829 0.021696804 0.999735991 -0.007539679 -1.073977169 0.465579932 -0.003429923 0.884998733 128.030547617
0.889846214 -0.025872037 -0.455527184 -48.526811672 0.024053868 0.999662928 -0.009788912 -1.081540580 0.455626685 -0.002246583 0.890168160 128.400187323
0.900589723 -0.029890370 -0.433641978 -48.834262029 0.026881560 0.999553421 -0.013070264 -1.094399955 0.433839177 0.000113948 0.900990564 129.141502090
0.911254245 -0.026478153 -0.410992452 -49.117805560 0.023803359 0.999649033 -0.011625479 -1.098745571 0.411155877 0.000810738 0.911564381 129.864888436
0.916234597 -0.025273928 -0.399845659 -49.248615795 0.023469464 0.999679919 -0.009409589 -1.098139059 0.399955676 -0.000762792 0.916533802 130.224611754
0.924972320 -0.029981597 -0.378849852 -49.504210910 0.029681346 0.999537362 -0.006634130 -1.099569576 0.378873425 -0.005108427 0.925434274 130.952064966
0.932108675 -0.033089081 -0.360664589 -49.737705520 0.032647714 0.999439574 -0.007318034 -1.106600009 0.360704749 -0.004953714 0.932666993 131.675551983
0.934775405 -0.033056643 -0.353698306 -49.854404490 0.031781054 0.999450124 -0.009415967 -1.113154832 0.353815135 -0.002439166 0.935312268 132.037288278
0.939363280 -0.032974034 -0.341335411 -50.085798317 0.030459591 0.999454955 -0.012724989 -1.124589190 0.341569510 0.001556384 0.939855589 132.746769116
0.943463292 -0.032060491 -0.329923958 -50.325207300 0.028393356 0.999469741 -0.015929296 -1.135955179 0.330259253 0.005661032 0.943872722 133.462232994
0.945427422 -0.031754673 -0.324283577 -50.441922011 0.027569752 0.999467008 -0.017492506 -1.141520130 0.324666246 0.007597462 0.945798043 133.823971637
0.949013636 -0.031762781 -0.313631053 -50.659359437 0.027011134 0.999445126 -0.019485410 -1.150377085 0.314075922 0.010020337 0.949345666 134.535488567
0.951815190 -0.031362751 -0.305065738 -50.876847901 0.026637347 0.999452186 -0.019640949 -1.156024455 0.305514775 0.010568425 0.952129041 135.247013115
0.952866199 -0.030164126 -0.301889783 -50.979635944 0.025688858 0.999493257 -0.018784483 -1.157142244 0.302303125 0.010143851 0.953158107 135.610792287
0.954900534 -0.028686947 -0.295539523 -51.183199807 0.024941755 0.999553073 -0.016435512 -1.158212468 0.295878247 0.008322944 0.955188966 136.324357672
0.956448704 -0.029853707 -0.290372871 -51.394725563 0.026356617 0.999525234 -0.015948038 -1.162563889 0.290710541 0.007600208 0.956780807 137.043898146
0.957094196 -0.030321477 -0.288188367 -51.497467020 0.026601127 0.999504824 -0.016817968 -1.166611299 0.288555300 0.008430194 0.957425792 137.407670365
0.957598716 -0.029048667 -0.286636393 -51.710960320 0.024741703 0.999519546 -0.018637193 -1.174937709 0.287040695 0.010755058 0.957858137 138.141197129
0.958075434 -0.036070898 -0.284237293 -51.912587827 0.032602157 0.999324898 -0.016926897 -1.176922705 0.284655828 0.006950429 0.958604194 138.890764644
0.958090115 -0.042577262 -0.283288531 -52.009486300 0.040596476 0.999092961 -0.012861884 -1.172145140 0.283579300 0.000822332 0.958948013 139.262570659
0.958343720 -0.045644799 -0.281950776 -52.201250673 0.046181202 0.998921225 -0.004746161 -1.162704491 0.281863080 -0.008472357 0.959417219 139.992186691
0.958822002 -0.032552647 -0.282138527 -52.424583551 0.031057504 0.999469912 -0.009771183 -1.177086848 0.282306095 0.000606317 0.959324318 140.695677656
0.959030476 -0.031427191 -0.281554454 -52.523069063 0.027528181 0.999462139 -0.017793994 -1.193361667 0.281961842 0.009314296 0.959380053 141.031429402
0.959253218 -0.040206661 -0.279674223 -52.697972494 0.031251723 0.998848435 -0.036406759 -1.229441488 0.280815478 0.026182993 0.959404867 141.698971610
0.958241897 -0.045385014 -0.282334320 -52.893327064 0.035044242 0.998520139 -0.041571370 -1.242788503 0.283803259 0.029941186 0.958414734 142.406524980
0.957993647 -0.042604090 -0.283609375 -53.004305956 0.034327105 0.998829045 -0.034092886 -1.232789352 0.284729206 0.022925266 0.958333409 142.776313415
0.957675691 -0.032224285 -0.286042526 -53.218379915 0.029279131 0.999465336 -0.014568534 -1.204600489 0.286358581 0.005576802 0.958106205 143.509926849
0.957045041 -0.021757567 -0.289122748 -53.554801532 0.019819564 0.999756755 -0.009629556 -1.204009842 0.289261671 0.003485604 0.957243898 144.597213781
0.956221395 -0.025270435 -0.291551947 -53.766071302 0.020749087 0.999611325 -0.018589922 -1.224459179 0.291908160 0.011726631 0.956374521 145.316716046
0.954870599 -0.030078111 -0.295498795 -53.975382909 0.023740156 0.999404652 -0.025013579 -1.240343603 0.296075491 0.016869521 0.955015400 146.022233419
0.954056459 -0.031062969 -0.298013488 -54.084116011 0.024538472 0.999370391 -0.025610846 -1.243867197 0.298621284 0.017121364 0.954217775 146.377994032
0.953041427 -0.029286318 -0.301423125 -54.303681410 0.023054859 0.999441013 -0.024211023 -1.246610447 0.301963956 0.016124828 0.953183241 147.103521198
0.952389772 -0.026453134 -0.303735493 -54.527217646 0.020710827 0.999540291 -0.022112297 -1.248204459 0.304179930 0.014768880 0.952499740 147.807042517
0.951817408 -0.023502371 -0.305765219 -54.839408059 0.018121140 0.999627278 -0.020426298 -1.252647903 0.306131880 0.013901234 0.951887451 148.826368845
0.951220042 -0.021790392 -0.307744254 -55.052864606 0.016514460 0.999668997 -0.019738197 -1.256434507 0.308071943 0.013693122 0.951264268 149.509906358
0.950957950 -0.021665671 -0.308562476 -55.159584373 0.016381069 0.999670997 -0.019707275 -1.258862739 0.308887865 0.013686190 0.950999990 149.851673845
