1.000000000 0.000000000 0.000000000 0.000000000 -0.000000000 1.000000000 0.000000000 0.000000000 0.000000000 0.000000000 1.000000000 0.000000000
0.999999678 -0.001549136 0.000213737 0.012037352 0.001549409 0.999997236 -0.001408458 -0.016465399 -0.000210978 0.001408804 0.999998743 0.866773475
0.999992277 -0.003772756 -0.001331072 0.020094235 0.003773089 0.999992026 0.000224489 -0.027952025 0.001329776 -0.000229473 0.999998609 1.745042190
0.999988177 -0.004246811 -0.002479149 0.019305784 0.004251099 0.999988940 0.001695093 -0.032626066 0.002471413 -0.001705627 0.999995458 2.182668857
0.999983146 -0.004750618 -0.003474113 0.021798258 0.004766649 0.999977818 0.004606446 -0.041968660 0.003452401 -0.004622933 0.999983041 3.058591722
0.999973888 -0.006088497 -0.004071973 0.026896885 0.006105251 0.999972864 0.004116657 -0.056666856 0.004046865 -0.004141496 0.999983418 3.906067837
0.999970606 -0.006355997 -0.004485234 0.027067525 0.006369488 0.999975296 0.002986260 -0.065535387 0.004465826 -0.003014701 0.999985845 4.326555765
0.999957611 -0.007320228 -0.005699771 0.029492861 0.007327434 0.999971488 0.001239276 -0.082278851 0.005689979 -0.001281039 0.999983281 5.165190793
0.999951466 -0.008149944 -0.005602784 0.034893714 0.008159527 0.999964338 0.001694831 -0.094930268 0.005589493 -0.001740508 0.999983385 5.986699399
0.999951129 -0.007896220 -0.005942134 0.036195906 0.007910495 0.999965401 0.002386750 -0.100447599 0.005923528 -0.002433646 0.999979072 6.396871729
0.999935900 -0.008877238 -0.007021701 0.036370910 0.008899749 0.999955152 0.003186616 -0.112378987 0.006992835 -0.003248930 0.999970540 7.205243299
0.999919865 -0.009820173 -0.008062547 0.037281828 0.009849126 0.999944983 0.003565300 -0.124693127 0.008027991 -0.003644416 0.999961586 7.994306053
0.999926071 -0.009097277 -0.008118556 0.037194260 0.009131881 0.999948878 0.004236410 -0.129997568 0.008080477 -0.004310221 0.999958214 8.387536596
0.999925973 -0.008183217 -0.009029336 0.033626720 0.008232561 0.999950708 0.005444172 -0.140827213 0.008983933 -0.005518114 0.999944627 9.169255638
0.999925029 -0.007992919 -0.009314555 0.033755854 0.008054789 0.999945137 0.006623932 -0.151550726 0.009260838 -0.006698531 0.999934778 9.944947123
0.999918537 -0.007706733 -0.010206192 0.032511917 0.007779009 0.999943941 0.007063592 -0.157175374 0.010151623 -0.007142412 0.999923364 10.333309690
0.999922713 -0.006752723 -0.010428928 0.033525386 0.006823349 0.999953624 0.006750518 -0.170280468 0.010382956 -0.006821163 0.999922992 11.099509093
0.999929869 -0.004153572 -0.011119336 0.031289581 0.004230548 0.999966950 0.006913363 -0.182278081 0.011089887 -0.006959937 0.999914586 11.847987724
0.999931729 -0.003383925 -0.011182721 0.032891791 0.003461078 0.999969510 0.006886106 -0.188291405 0.011159748 -0.006924337 0.999913672 12.214684171
0.999922538 -0.001950824 -0.012332019 0.028749349 0.002030150 0.999977097 0.006418776 -0.201263744 0.012319119 -0.006443225 0.999902967 12.952503315
0.999908995 -0.000488854 -0.013522364 0.024719305 0.000594338 0.999968853 0.007800891 -0.210692679 0.013518975 -0.007808283 0.999877993 13.669763479
0.999899331 0.000026472 -0.014228025 0.020919973 0.000097866 0.999961695 0.008739756 -0.215029090 0.014227885 -0.008740237 0.999860596 14.028722519
0.999880991 -0.001061703 -0.015389752 0.018937072 0.001204935 0.999955765 0.009302685 -0.225723558 0.015379768 -0.009320122 0.999838292 14.733754926
0.999873442 0.000733812 -0.015931360 0.012316082 -0.000603519 0.999965774 0.008178044 -0.239300532 0.015937592 -0.008167453 0.999839885 15.434522567
0.999867450 0.000919548 -0.016258915 0.010373010 -0.000806168 0.999974836 0.006979635 -0.247034325 0.016265024 -0.006965619 0.999843687 15.776752874
0.999861370 0.000479209 -0.016659526 0.005508283 -0.000416787 0.999992130 0.003745231 -0.263858965 0.016662280 -0.003737789 0.999854106 16.450944565
0.999839013 0.001312865 -0.017899683 -0.003066940 -0.001279523 0.999996871 0.001874639 -0.278178543 0.017902595 -0.001851450 0.999838119 17.115973319
0.999828978 0.002432312 -0.018339218 -0.006827335 -0.002408684 0.999995582 0.001313786 -0.284545527 0.018343099 -0.001269472 0.999830857 17.442198887
0.999809781 0.003618717 -0.019168444 -0.016621329 -0.003597421 0.999992443 0.001144956 -0.295760731 0.019172492 -0.001075774 0.999815337 18.094799352
0.999806522 0.003348968 -0.019378472 -0.021356698 -0.003330536 0.999993811 0.000984443 -0.306564486 0.019382296 -0.000919681 0.999811622 18.725622594
0.999792531 0.003972107 -0.020010107 -0.027192200 -0.003957407 0.999991404 0.000773506 -0.312183457 0.020013783 -0.000694177 0.999799704 19.038984160
0.999766216 0.006101490 -0.020766995 -0.038454070 -0.006090381 0.999980435 0.000596174 -0.322829931 0.020770251 -0.000469576 0.999783614 19.657182247
0.999761104 0.005965089 -0.021058906 -0.047482889 -0.005945206 0.999981635 0.001005925 -0.332420182 0.021065232 -0.000880402 0.999777795 20.267656684
0.999759463 0.005650391 -0.021220271 -0.050187909 -0.005613516 0.999982469 0.001793248 -0.336195815 0.021230676 -0.001673677 0.999773522 20.573704442
0.999740151 0.004984721 -0.022259841 -0.060027411 -0.004892683 0.999978564 0.004182072 -0.342050243 0.022280946 -0.004072048 0.999743640 21.163226204
0.999711073 0.003743697 -0.023765674 -0.071666918 -0.003609252 0.999976405 0.005696475 -0.348784553 0.023787275 -0.005609029 0.999701478 21.711622962
0.999708527 0.004096782 -0.023809287 -0.077413169 -0.003950441 0.999972637 0.006189836 -0.352603274 0.023833356 -0.006094027 0.999697433 21.986930354
0.999714505 0.007070459 -0.022836388 -0.089430400 -0.006919438 0.999953582 0.006685923 -0.361128476 0.022882637 -0.006526021 0.999716595 22.543832382
0.999696770 0.009386446 -0.022766315 -0.102304336 -0.009243955 0.999936898 0.006356239 -0.370954322 0.022824500 -0.006143862 0.999720284 23.092699332
0.999718137 0.008457888 -0.022198379 -0.103101587 -0.008338302 0.999949504 0.005475182 -0.376969225 0.022244276 -0.005288498 0.999738599 23.359187138
0.999771429 0.006577693 -0.020380395 -0.105028268 -0.006443503 0.999956366 0.006639506 -0.383652017 0.020423759 -0.006506620 0.999770049 23.872551528
0.999813491 0.003950534 -0.018908101 -0.103265545 -0.003739244 0.999929675 0.011196914 -0.384198909 0.018951103 -0.011124202 0.999758397 24.374603912
0.999831823 0.003095866 -0.018107320 -0.101739751 -0.002867468 0.999916181 0.012627691 -0.385800315 0.018145217 -0.012573597 0.999756389 24.620422789
0.999852406 0.004421637 -0.016606221 -0.103676704 -0.004201147 0.999902476 0.013288605 -0.392634580 0.016663244 -0.013216846 0.999774167 25.101084685
0.999875528 0.006254820 -0.014521287 -0.106395294 -0.006065368 0.999896365 0.013058291 -0.400510947 0.014602012 -0.012968565 0.999809222 25.550865453
0.999880718 0.006741558 -0.013887966 -0.107137166 -0.006545940 0.999878914 0.014081741 -0.402390496 0.013981697 -0.013989123 0.999804140 25.771720811
0.999891758 0.006543589 -0.013210100 -0.107220638 -0.006347913 0.999869556 0.014792341 -0.408349301 0.013305406 -0.014706936 0.999803077 26.205257334
0.999925182 0.004263702 -0.011467049 -0.102349893 -0.004153263 0.999944588 0.009637603 -0.424041101 0.011507523 -0.009589328 0.999887974 26.610150648
0.999939285 0.003599322 -0.010440941 -0.100147462 -0.003515191 0.999960496 0.008066298 -0.430057531 0.010469902 -0.008029110 0.999912973 26.809278093
0.999960481 0.003457864 -0.008201258 -0.094523616 -0.003400395 0.999969487 0.007006741 -0.438409135 0.008225292 -0.006978530 0.999941737 27.207072512
0.999966944 0.003903015 -0.007119396 -0.090377739 -0.003847219 0.999961695 0.007829114 -0.443179464 0.007149843 -0.007801454 0.999944060 27.587980674
0.999974955 0.003958165 -0.005917022 -0.086854446 -0.003904314 0.999950937 0.009087240 -0.449719828 0.005952944 -0.009063978 0.999940850 28.118962150
0.999979680 0.004738791 -0.004305808 -0.082719732 -0.004695301 0.999937451 0.010060798 -0.453565922 0.004352790 -0.010040313 0.999939728 28.459568781
0.999981240 0.004629488 -0.004093511 -0.081020418 -0.004585449 0.999931375 0.010713859 -0.455045376 0.004142919 -0.010694967 0.999934145 28.619372278
0.999985313 0.004460440 -0.003216484 -0.077697075 -0.004425005 0.999929756 0.010940411 -0.459839839 0.003265317 -0.010926001 0.999934882 28.936716097
0.999989326 0.003948203 -0.002473367 -0.073640329 -0.003922577 0.999938687 0.010288504 -0.465962822 0.002513807 -0.010278734 0.999943755 29.242352279
0.999991435 0.003836095 -0.001916048 -0.071217558 -0.003816168 0.999939626 0.010278455 -0.468390979 0.001955344 -0.010271047 0.999945738 29.390454402
0.999989401 0.004580324 -0.001339546 -0.068185412 -0.004565543 0.999930501 0.010786966 -0.472030411 0.001388730 -0.010780760 0.999941007 29.670651434
0.999986252 0.004833441 -0.002036775 -0.066898084 -0.004812144 0.999934861 0.010349548 -0.477071707 0.002086698 -0.010339702 0.999944566 29.934798083
0.999985422 0.004880697 -0.002373649 -0.065952243 -0.004856628 0.999937403 0.010005619 -0.479627023 0.002422939 -0.009994008 0.999947393 30.056103126
0.999981008 0.005484398 -0.002805768 -0.065151747 -0.005456430 0.999935802 0.009863741 -0.483878216 0.002859887 -0.009848267 0.999947359 30.303714369
0.999981313 0.005082767 -0.003388943 -0.065266219 -0.005049654 0.999939426 0.009691689 -0.488246842 0.003438023 -0.009674363 0.999947663 30.550926809
0.999980948 0.004814780 -0.003900402 -0.064961072 -0.004778498 0.999945244 0.009258058 -0.490930495 0.003945621 -0.009239268 0.999949899 30.668681930
0.999973904 0.005140456 -0.005154533 -0.068055787 -0.005102080 0.999959463 0.007426098 -0.497671094 0.005192291 -0.007399640 0.999959460 30.885115612
0.999961832 0.005749552 -0.006595704 -0.072347597 -0.005711767 0.999966367 0.005735728 -0.504218368 0.006629354 -0.005697827 0.999961848 31.104306554
0.999929525 0.005609027 -0.010521135 -0.078494643 -0.005564963 0.999975206 0.004209982 -0.512570011 0.010544910 -0.004151100 0.999935634 31.451241091
0.999882811 0.006013265 -0.014090503 -0.087037647 -0.005960256 0.999974588 0.003798647 -0.516890276 0.014112227 -0.003714271 0.999893810 31.667566393
0.999857283 0.005942187 -0.015839330 -0.090910771 -0.005886389 0.999975741 0.003566085 -0.519089862 0.015859994 -0.003472300 0.999868035 31.774810369
0.999800286 0.006199424 -0.019039455 -0.099852284 -0.006139324 0.999975235 0.003211240 -0.523365676 0.019059563 -0.003093676 0.999814126 31.992054428
0.999709222 0.006921327 -0.023132371 -0.110892878 -0.006849909 0.999970632 0.003162218 -0.527019638 0.023153645 -0.003002847 0.999727147 32.204049176
0.999562727 0.007162844 -0.028707535 -0.126984691 -0.007074824 0.999969239 0.003163968 -0.532363791 0.028729199 -0.002959508 0.999582761 32.518433601
0.999439379 0.007701104 -0.032602545 -0.139285365 -0.007642589 0.999968059 0.001919039 -0.538129760 0.032617133 -0.001668772 0.999466347 32.730914689
0.999368687 0.007797236 -0.034670834 -0.146251124 -0.007787681 0.999969393 0.000410793 -0.542576267 0.034672764 -0.000140479 0.999398862 32.837849049
0.999228085 0.007336554 -0.038588167 -0.158694256 -0.007464324 0.999967117 -0.003167608 -0.552323199 0.038563852 0.003453228 0.999250415 33.045798678
0.999048801 0.007974448 -0.042885195 -0.175082049 -0.008221618 0.999949851 -0.005591382 -0.560542148 0.042838636 0.005938610 0.999064745 33.280420199
0.998954619 0.007973237 -0.045029494 -0.183730101 -0.008253464 0.999947103 -0.006041524 -0.563523913 0.044978806 0.006406840 0.998967669 33.406284346
0.998770455 0.008526000 -0.048845919 -0.200151439 -0.008855627 0.999939464 -0.006534748 -0.568876467 0.048787183 0.006959337 0.998785162 33.666036348
0.998588397 0.008673736 -0.052407039 -0.218200365 -0.009061159 0.999933335 -0.007161714 -0.574853278 0.052341590 0.007626451 0.998600324 33.944683699
0.998507587 0.008791054 -0.053901375 -0.226131178 -0.009208996 0.999929337 -0.007509536 -0.578002575 0.053831527 0.007994622 0.998517889 34.091559346
0.998325365 0.008662152 -0.057205477 -0.245554251 -0.009156763 0.999922036 -0.008390607 -0.584860648 0.057128210 0.008900330 0.998327024 34.393563638
0.998144969 0.009658208 -0.060116438 -0.266429063 -0.010249723 0.999901702 -0.009539629 -0.592264136 0.060017860 0.010138111 0.998146090 34.701463952
0.998082540 0.009840158 -0.061121012 -0.276275611 -0.010450958 0.999897757 -0.009682156 -0.595497040 0.061019491 0.010302315 0.998083833 34.870394800
0.997944233 0.009872732 -0.063323856 -0.299609515 -0.010492028 0.999899947 -0.009454900 -0.601575228 0.063224243 0.010099807 0.997948680 35.231758649
0.997792133 0.009523757 -0.065733621 -0.323439504 -0.010110335 0.999911962 -0.008595853 -0.607007920 0.065646208 0.009241459 0.997800493 35.616901476
0.997732047 0.008818065 -0.066735919 -0.335242252 -0.009382356 0.999922522 -0.008146720 -0.609820895 0.066659434 0.008754362 0.997737146 35.815512596
0.997618273 0.008163125 -0.068495806 -0.362606770 -0.008654765 0.999938710 -0.006883887 -0.615255567 0.068436271 0.007460356 0.997628294 36.234000838
0.997546764 0.007626686 -0.069587669 -0.389353154 -0.008069704 0.999948287 -0.006087523 -0.621783761 0.069537576 0.006634130 0.997557679 36.671252400
0.997511343 0.007412258 -0.070125374 -0.403312146 -0.007863707 0.999949578 -0.006164601 -0.625958825 0.070076159 0.006700688 0.997519251 36.895048584
0.997477132 0.008123975 -0.070522618 -0.433381507 -0.008598695 0.999941928 -0.006430634 -0.634815227 0.070467042 0.007020898 0.997489429 37.360223356
0.997459637 0.008625639 -0.070716711 -0.463820428 -0.009126087 0.999935052 -0.006757014 -0.643690925 0.070654055 0.007385241 0.997473823 37.818699064
0.997437249 0.009135543 -0.070965198 -0.479521139 -0.009635059 0.999930695 -0.006700501 -0.647800788 0.070899403 0.007367102 0.997456248 38.051552278
0.997508853 0.009786232 -0.069866941 -0.508353243 -0.010249390 0.999927177 -0.006274971 -0.655757048 0.069801684 0.006975564 0.997536359 38.531454272
0.997609439 0.010308752 -0.068338223 -0.537464122 -0.010796580 0.999918291 -0.006773295 -0.665613936 0.068263917 0.007495008 0.997639552 39.029709413
0.997671838 0.010222234 -0.067436340 -0.551104801 -0.010732764 0.999915999 -0.007214360 -0.670937811 0.067356532 0.007921360 0.997697858 39.283035716
0.997785871 0.009767856 -0.065795920 -0.577787347 -0.010253122 0.999921738 -0.007042056 -0.679857991 0.065722355 0.007701119 0.997808049 39.793264608
0.997896802 0.010579681 -0.063965211 -0.606487039 -0.010995660 0.999920064 -0.006156375 -0.687616366 0.063894832 0.006846816 0.997933154 40.308102777
0.997971240 0.010758856 -0.062751762 -0.619120868 -0.011179356 0.999916534 -0.006353452 -0.692662671 0.062678447 0.007042090 0.998008696 40.571680208
0.998187843 0.010195193 -0.059304700 -0.644218798 -0.010734220 0.999902954 -0.008777293 -0.706609444 0.059209935 0.009397967 0.998201068 41.116237987
0.998374126 0.009824757 -0.056156340 -0.668831466 -0.010486237 0.999878257 -0.011497404 -0.721286350 0.056036694 0.012067557 0.998356335 41.677332160
0.998444066 0.010269065 -0.054807148 -0.682438840 -0.010945615 0.999866470 -0.012057478 -0.727338331 0.054676654 0.012638660 0.998423796 41.963346457
0.998625949 0.010400094 -0.051364557 -0.703444550 -0.011039931 0.999864268 -0.012187344 -0.737939461 0.051231532 0.012737635 0.998606096 42.551178514
0.998831035 0.009690799 -0.047363345 -0.720983773 -0.010249006 0.999880412 -0.011555532 -0.747480017 0.047245644 0.012027472 0.998811311 43.153616145
0.998924809 0.009249122 -0.045444647 -0.728782189 -0.009760886 0.999890814 -0.011052121 -0.751924744 0.045338125 0.011483841 0.998906064 43.456353651
0.999083072 0.008811853 -0.041915230 -0.746619024 -0.009184543 0.999919909 -0.008708112 -0.758977817 0.041834963 0.009085081 0.999083530 44.087066457
0.999243816 0.006530449 -0.038337735 -0.759844373 -0.006797409 0.999953011 -0.006839058 -0.766843049 0.038291683 0.007094426 0.999241328 44.719750204
0.999318343 0.006513228 -0.036347502 -0.767957161 -0.006753195 0.999955679 -0.006482061 -0.771829054 0.036304650 0.006723173 0.999318253 45.040863268
0.999465269 0.004537792 -0.032382386 -0.778446817 -0.004711938 0.999974884 -0.005304880 -0.781073600 0.032357812 0.005454632 0.999461999 45.689948415
0.999593781 0.001508440 -0.028480793 -0.784300634 -0.001592828 0.999994291 -0.002941026 -0.788391404 0.028476577 0.002985184 0.999589487 46.350899342
0.999749275 -0.002378429 -0.022266548 -0.790756973 0.002366044 0.999997065 -0.000579520 -0.801776793 0.022267682 0.000526653 0.999752190 47.371053342
0.999809305 -0.003022257 -0.019285839 -0.796983061 0.003056859 0.999992978 0.001767429 -0.809508382 0.019281033 -0.001825990 0.999812411 48.065615470
0.999834093 -0.002817225 -0.018025434 -0.799819891 0.002859312 0.999993150 0.002309206 -0.814500766 0.018018824 -0.002360387 0.999835074 48.417343791
0.999867801 -0.003375924 -0.015932311 -0.805254141 0.003425118 0.999988991 0.003062705 -0.825248522 0.015921850 -0.003116953 0.999868332 49.132870456
0.999892164 -0.003746680 -0.014233838 -0.808266864 0.003812235 0.999982272 0.004579757 -0.834799695 0.014216912 -0.004633448 0.999888440 49.860375157
0.999916070 -0.005109731 -0.011925710 -0.806565267 0.005186511 0.999965977 0.006416619 -0.849902637 0.011892976 -0.006477822 0.999908544 50.962473257
0.999936903 -0.003832625 -0.010617333 -0.809198901 0.003909329 0.999966154 0.007210497 -0.860840064 0.010589229 -0.007251466 0.999917544 51.704270620
0.999945932 -0.002800976 -0.010019384 -0.810112393 0.002870382 0.999971190 0.006921469 -0.867578863 0.009999729 -0.006949855 0.999926063 52.081847109
0.999959610 -0.001341959 -0.008864993 -0.809453458 0.001392458 0.999981903 0.005694801 -0.882318701 0.008857315 -0.005706911 0.999944175 52.848937587
0.999969307 -0.000020969 -0.007881286 -0.808261834 0.000054150 0.999990643 0.004199064 -0.897516357 0.007881620 -0.004199368 0.999960575 53.617335408
0.999965877 0.000628998 -0.008243038 -0.810902125 -0.000598449 0.999992460 0.003706879 -0.904759683 0.008245599 -0.003701906 0.999959424 54.003959533
0.999969020 0.002211678 -0.007638574 -0.812053225 -0.002180180 0.999988572 0.004124457 -0.916825570 0.007648269 -0.004107733 0.999962073 54.780150047
0.999966609 0.003845020 -0.007264895 -0.810236711 -0.003802969 0.999975744 0.005799929 -0.926581001 0.007287153 -0.005772089 0.999956602 55.554418308
0.999961020 0.005373426 -0.007036800 -0.809797873 -0.005328868 0.999965240 0.006325370 -0.932103375 0.007070119 -0.006287655 0.999955389 55.948960149
0.999951950 0.007202543 -0.006661838 -0.808974804 -0.007163541 0.999956260 0.005858975 -0.945773301 0.006703501 -0.005811047 0.999960662 56.735767637
0.999934676 0.009579572 -0.006233632 -0.808294971 -0.009546725 0.999940486 0.005264997 -0.959725748 0.006284300 -0.005205113 0.999966877 57.527954322
0.999908607 0.011895475 -0.006535509 -0.811140164 -0.011859914 0.999914635 0.005437420 -0.965938448 0.006599945 -0.005359424 0.999964318 57.927596064
0.999880126 0.013712451 -0.007300925 -0.814711158 -0.013671538 0.999890661 0.005610280 -0.978719603 0.007377490 -0.005509773 0.999957549 58.724516474
0.999881228 0.013091898 -0.008136433 -0.816801146 -0.013056468 0.999904344 0.004397937 -0.994156255 0.008193888 -0.004291175 0.999957157 59.530721634
0.999888812 0.012046693 -0.008823481 -0.817782269 -0.012016144 0.999921308 0.003506368 -1.002479185 0.008865804 -0.003399913 0.999954668 59.938739089
0.999869293 0.013431354 -0.009077852 -0.819991412 -0.013417459 0.999908686 0.001588455 -1.019117918 0.009098478 -0.001466465 0.999957023 60.750308287
0.999844533 0.014134979 -0.010555721 -0.827751614 -0.014128600 0.999899619 0.000676242 -1.034122377 0.010564288 -0.000526975 0.999944479 61.559523231
0.999828986 0.014530696 -0.011440202 -0.832733108 -0.014520145 0.999894073 0.001002718 -1.040375352 0.011453389 -0.000836444 0.999934101 61.969138287
0.999840277 0.011908011 -0.013346308 -0.836426971 -0.011913323 0.999928861 -0.000314232 -1.056300103 0.013341996 0.000473196 0.999911533 62.786624269
0.999861866 0.008353905 -0.014372382 -0.839167070 -0.008412114 0.999955783 -0.003997873 -1.076713881 0.014339047 0.004118188 0.999888638 63.627283423
0.999872216 0.006912325 -0.014426440 -0.839156574 -0.006990178 0.999960997 -0.005356528 -1.086260966 0.014388510 0.005456665 0.999881979 64.060760790
0.999864973 0.007347320 -0.014731976 -0.843081720 -0.007451690 0.999947442 -0.007043106 -1.103272744 0.014679868 0.007151957 0.999866468 64.914079788
0.999861271 0.005821014 -0.015648618 -0.845561393 -0.005881334 0.999975004 -0.003813693 -1.112162312 0.015626463 0.003905191 0.999870599 65.781327046
0.999856855 0.004269634 -0.016398716 -0.847579764 -0.004284346 0.999990360 -0.000864022 -1.114347905 0.016394764 0.000934189 0.999864840 66.214132041
0.999835121 0.003383640 -0.017860776 -0.854485538 -0.003308540 0.999985231 0.004227300 -1.120083566 0.017875007 -0.004167449 0.999830995 67.083912793
0.999823885 0.003012131 -0.018547581 -0.856461627 -0.002887941 0.999972625 0.006717942 -1.130402931 0.018567326 -0.006663178 0.999804960 67.967684911
0.999825939 0.002884016 -0.018484933 -0.858581411 -0.002786432 0.999982017 0.005304131 -1.140220182 0.018500200 -0.005251654 0.999815615 68.411131802
0.999811602 0.005189357 -0.018721839 -0.867262845 -0.005164709 0.999985716 0.001364712 -1.161850968 0.018728654 -0.001267836 0.999823799 69.305858030
0.999793528 0.007460362 -0.018917870 -0.878242661 -0.007502840 0.999969063 -0.002176620 -1.183084896 0.018901029 0.002318056 0.999818220 70.215948634
0.999786305 0.008051901 -0.019081097 -0.884909427 -0.008107499 0.999962382 -0.002841344 -1.191926077 0.019057640 0.002995449 0.999814178 70.674893742
0.999781413 0.009612665 -0.018595926 -0.893099774 -0.009644493 0.999951869 -0.001624652 -1.205088531 0.018580138 0.001803594 0.999825621 71.590773839
0.999792372 0.009264921 -0.018161314 -0.900036217 -0.009257984 0.999956322 0.000461567 -1.216944816 0.018165154 -0.000293310 0.999835027 72.513771082
0.999808511 0.008705462 -0.017536170 -0.901669006 -0.008680124 0.999960372 0.001519474 -1.222847990 0.017548489 -0.001366998 0.999844805 72.976063847
0.999838439 0.006617509 -0.016712548 -0.906025357 -0.006576340 0.999974849 0.002516509 -1.236437621 0.016729564 -0.002406087 0.999856957 73.888140510
0.999871428 0.005211417 -0.015199906 -0.907375984 -0.005143968 0.999976757 0.004470051 -1.248130376 0.015223068 -0.004391272 0.999874257 74.790671334
0.999869219 0.005821089 -0.015111219 -0.911508195 -0.005732534 0.999966091 0.005897652 -1.253297281 0.015145808 -0.005810218 0.999868378 75.248634698
0.999870519 0.007554153 -0.014238804 -0.919629014 -0.007436099 0.999936989 0.008317319 -1.264404285 0.014301271 -0.008210357 0.999863806 76.166781597
0.999913843 0.002928271 -0.012803572 -0.911195237 -0.002834143 0.999968309 0.007360482 -1.281360097 0.012825259 -0.007323566 0.999890951 77.089742746
0.999930270 0.002117296 -0.011655375 -0.908106448 -0.002047359 0.999979012 0.006008213 -1.291237693 0.011667452 -0.005983905 0.999913791 77.546337549
0.999944808 0.003269008 -0.010065744 -0.907281873 -0.003220908 0.999982916 0.004788035 -1.308542353 0.010081608 -0.004755318 0.999938241 78.469268959
0.999965958 0.002281421 -0.008017404 -0.899264869 -0.002221550 0.999969344 0.007460897 -1.319004147 0.008034852 -0.007442859 0.999940122 79.387871337
0.999970907 0.001877612 -0.007481708 -0.895542027 -0.001809697 0.999956340 0.009069240 -1.323789350 0.007499187 -0.009055443 0.999930897 79.850330814
0.999970179 0.004106122 -0.006562061 -0.893352982 -0.004037036 0.999936041 0.010501016 -1.336174469 0.006604335 -0.010474270 0.999923633 80.759821542
0.999979725 0.003751301 -0.005301479 -0.884812467 -0.003705393 0.999955258 0.008642817 -1.354081159 0.005333905 -0.008622991 0.999948295 81.659916704
0.999982406 0.003797601 -0.004626995 -0.881335745 -0.003760610 0.999960559 0.007978300 -1.362557676 0.004657856 -0.007960721 0.999957663 82.107999810
0.999975591 0.006397484 -0.002982963 -0.874736042 -0.006373874 0.999948307 0.007840447 -1.377506985 0.003033646 -0.007821228 0.999964890 83.014966766
0.999987087 0.004770903 -0.001613411 -0.863001841 -0.004755352 0.999942899 0.009477957 -1.389687994 0.001659259 -0.009470157 0.999954046 83.935128265
0.999997540 0.002184314 -0.000663883 -0.851651213 -0.002176945 0.999938702 0.010837670 -1.394834009 0.000688182 -0.010836155 0.999941348 84.397605782
0.999999546 0.001258549 0.000392113 -0.835085129 -0.001263213 0.999928134 0.011907916 -1.407366074 -0.000376428 -0.011908402 0.999929574 85.291511658
0.999997443 0.001932466 0.001342008 -0.822967191 -0.001948475 0.999924411 0.012065912 -1.421654536 -0.001318358 -0.012068568 0.999926121 86.193253933
0.999997706 0.001918081 0.001508623 -0.816133558 -0.001935604 0.999928023 0.011761468 -1.429596663 -0.001485714 -0.011764312 0.999929744 86.653701024
0.999999795 0.000992667 -0.000262656 -0.807261436 -0.000989780 0.999941072 0.010749113 -1.446034751 0.000273172 -0.010748794 0.999942326 87.560519143
0.999998286 0.001985125 -0.000044437 -0.795570694 -0.001984483 0.999936586 0.011024300 -1.460225010 0.000066134 -0.011024218 0.999939693 88.470797833
0.999996202 0.002710058 -0.000074023 -0.792368246 -0.002709089 0.999942631 0.010360995 -1.468690625 0.000102844 -0.010360732 0.999946602 88.922032058
0.999998666 0.002005181 0.000088502 -0.782208667 -0.002005886 0.999942651 0.010510451 -1.483020483 -0.000067251 -0.010510586 0.999944731 89.820747004
0.999998393 0.001507273 -0.001264451 -0.776059929 -0.001491797 0.999925060 0.012117723 -1.494880577 0.001283014 -0.012115807 0.999925470 90.721066142
0.999997897 0.001683918 -0.001752783 -0.772928154 -0.001660898 0.999913494 0.013017864 -1.500647485 0.001775044 -0.013014914 0.999913763 91.172344858
0.999999960 0.000442364 -0.001049205 -0.759053472 -0.000429472 0.999924727 0.012209806 -1.516616596 0.001053860 -0.012209347 0.999925179 92.072620243
1.000000102 -0.000283059 -0.000860408 -0.745562911 0.000290701 0.999959989 0.008885383 -1.536759448 0.000858167 -0.008885645 0.999960126 92.963895160
0.999998994 -0.000330026 -0.001253451 -0.742059491 0.000339516 0.999970646 0.007603514 -1.546255477 0.001251372 -0.007604002 0.999970350 93.411961459
0.999999531 0.000225821 -0.001025700 -0.730608734 -0.000218455 0.999974143 0.007176209 -1.561744206 0.001027938 -0.007175952 0.999974099 94.325369682
0.999998161 0.000155854 -0.001966571 -0.721411073 -0.000134159 0.999939330 0.011001714 -1.569688179 0.001969093 -0.011001396 0.999937469 95.226025954
0.999997228 -0.000569375 -0.002336746 -0.717565780 0.000601235 0.999905520 0.013681653 -1.572355517 0.002329154 -0.013683101 0.999904274 95.675519719
0.999996911 -0.001152161 -0.002493732 -0.709258273 0.001191604 0.999873313 0.015868736 -1.583447916 0.002475119 -0.015871626 0.999871070 96.590960761
0.999994581 -0.001839036 -0.002823525 -0.700681268 0.001874609 0.999917422 0.012654028 -1.603789661 0.002800426 -0.012659283 0.999915920 97.498632550
0.999995555 -0.002641067 -0.001785031 -0.692547409 0.002658770 0.999946109 0.009964081 -1.615863226 0.001759012 -0.009968813 0.999948953 97.956257457
0.999990691 -0.003840943 -0.002052937 -0.682926647 0.003853450 0.999973289 0.006172453 -1.637336726 0.002029884 -0.006180326 0.999979448 98.874157139
0.999995012 -0.002670956 -0.001693552 -0.675362442 0.002680489 0.999980237 0.005648953 -1.653516410 0.001678736 -0.005653537 0.999982938 99.814200674
0.999994507 -0.001859507 -0.002858854 -0.678791401 0.001875918 0.999981202 0.005752965 -1.660943834 0.002848381 -0.005758259 0.999979022 100.275674579
0.999996711 -0.001408626 -0.002205309 -0.670801365 0.001423510 0.999976002 0.006726207 -1.674044576 0.002195955 -0.006729243 0.999974748 101.184383766
0.999997668 0.000664136 -0.002329176 -0.663370298 -0.000643045 0.999958823 0.009011160 -1.684642258 0.002335068 -0.009009555 0.999956403 102.084202557
0.999997503 0.001090475 -0.002347861 -0.658523135 -0.001067350 0.999951254 0.009817779 -1.690510572 0.002359161 -0.009815213 0.999948959 102.534040418
0.999994032 0.001466624 -0.003318889 -0.652181273 -0.001430192 0.999938691 0.010948642 -1.702951508 0.003334925 -0.010943816 0.999934433 103.421349354
0.999988401 0.004178933 -0.002651378 -0.642980906 -0.004152952 0.999943435 0.009725786 -1.719378064 0.002692267 -0.009714714 0.999949237 104.309783182
0.999984447 0.004841057 -0.002911004 -0.637368039 -0.004816455 0.999952623 0.008384755 -1.728850031 0.002952185 -0.008370689 0.999961002 104.755492670
0.999983046 0.004921233 -0.003327709 -0.628841085 -0.004895061 0.999956519 0.007828537 -1.744155522 0.003366785 -0.007812057 0.999963738 105.640397174
0.999972523 0.005986566 -0.004473632 -0.626448446 -0.005948128 0.999945017 0.008544051 -1.757521292 0.004525189 -0.008517155 0.999953599 106.536871109
0.999969072 0.006755992 -0.004154614 -0.623690837 -0.006718568 0.999936869 0.008952933 -1.764173303 0.004214568 -0.008924733 0.999951397 106.989053258
0.999948046 0.008761497 -0.005330767 -0.623783380 -0.008712085 0.999919388 0.009216514 -1.778388266 0.005410939 -0.009169513 0.999942868 107.888788427
0.999951347 0.008146684 -0.005676421 -0.617071435 -0.008087069 0.999912669 0.010452583 -1.790829897 0.005761042 -0.010406160 0.999929165 108.782796098
0.999950060 0.007904679 -0.006222938 -0.614999384 -0.007827775 0.999893460 0.012284250 -1.794855343 0.006319132 -0.012234932 0.999905131 109.223856971
0.999928127 0.008922628 -0.007991932 -0.618690549 -0.008795286 0.999835135 0.015829769 -1.803001850 0.008132129 -0.015758338 0.999842737 110.093870552
0.999918154 0.009307680 -0.008804035 -0.620258673 -0.009177841 0.999849940 0.014670174 -1.818980956 0.008939975 -0.014588205 0.999853930 110.941698428
0.999919818 0.008843023 -0.009077316 -0.619548539 -0.008723251 0.999874803 0.013152092 -1.828567180 0.009193090 -0.013071847 0.999872306 111.363489414
0.999912831 0.008058207 -0.010541634 -0.618524842 -0.007957452 0.999921923 0.009554207 -1.848810865 0.010618289 -0.009469439 0.999898830 112.215588523
0.999910561 0.008084190 -0.010689313 -0.617423609 -0.008004087 0.999938943 0.007512508 -1.866263230 0.010748966 -0.007426247 0.999914441 113.062349793
0.999912233 0.007460878 -0.010980918 -0.615739973 -0.007378697 0.999944550 0.007503023 -1.873256771 0.011037348 -0.007421353 0.999911265 113.486813304
0.999907111 0.006087455 -0.012250080 -0.613775025 -0.005993033 0.999951433 0.007727874 -1.886551193 0.012297504 -0.007653728 0.999895235 114.318806446
0.999885943 0.005536348 -0.014050520 -0.617932825 -0.005395490 0.999935073 0.010041175 -1.896264236 0.014105309 -0.009964233 0.999851462 115.147162543
0.999881041 0.005522892 -0.014428803 -0.621061601 -0.005346712 0.999910528 0.012216608 -1.899483471 0.014494693 -0.012138008 0.999821439 115.567471031
0.999874456 0.004588307 -0.015200060 -0.623904043 -0.004351272 0.999868825 0.015591200 -1.907112050 0.015269305 -0.015523119 0.999762770 116.380106792
0.999874401 0.004610998 -0.015210738 -0.626134173 -0.004337132 0.999828861 0.017986132 -1.916155542 0.015291470 -0.017917963 0.999722308 117.178800578
0.999867024 0.005497822 -0.015381150 -0.628011368 -0.005226292 0.999830057 0.017635542 -1.923234114 0.015476067 -0.017552759 0.999726075 117.571208141
0.999863818 0.006705802 -0.015142645 -0.630977806 -0.006488438 0.999875375 0.014356285 -1.941844504 0.015236883 -0.014256094 0.999782676 118.351880886
0.999859291 0.006172854 -0.015656637 -0.634873967 -0.005952130 0.999882304 0.014100988 -1.955298419 0.015742426 -0.014005802 0.999777878 119.134474689
0.999856757 0.006291524 -0.015724618 -0.637080772 -0.006046827 0.999860319 0.015554678 -1.959211378 0.015820432 -0.015457395 0.999755129 119.522468609
0.999849013 0.006675612 -0.016046038 -0.640054161 -0.006371443 0.999799944 0.018936627 -1.966052091 0.016169870 -0.018831598 0.999691694 120.292567677
0.999848029 0.006905058 -0.016017523 -0.642971542 -0.006601761 0.999798468 0.018910949 -1.978700235 0.016144513 -0.018802415 0.999692409 121.052721318
0.999845026 0.007750186 -0.015854058 -0.645855597 -0.007494402 0.999841516 0.016126439 -1.989724832 0.015976721 -0.016005086 0.999744496 121.424967590
0.999839159 0.008708656 -0.015727102 -0.650328183 -0.008545033 0.999908734 0.010442464 -2.012057095 0.015817464 -0.010306422 0.999822232 122.176551079
0.999838229 0.007478613 -0.016410994 -0.654715217 -0.007332934 0.999932640 0.008916584 -2.027193712 0.016476309 -0.008794788 0.999825265 122.925102253
0.999832871 0.006586117 -0.017061531 -0.657322477 -0.006436737 0.999940457 0.008795362 -2.033614986 0.017119006 -0.008683991 0.999815299 123.296506390
0.999809610 0.005257490 -0.018787999 -0.663419196 -0.005092751 0.999948049 0.008803572 -2.045742923 0.018833324 -0.008706158 0.999785178 124.023696037
0.999799303 0.002271612 -0.019903106 -0.666720965 -0.002092853 0.999957025 0.009000061 -2.057346196 0.019923615 -0.008956590 0.999761940 124.736851391
0.999786410 0.002485290 -0.020526470 -0.669303832 -0.002293390 0.999952586 0.009367988 -2.062615578 0.020548905 -0.009318894 0.999745718 125.093040976
0.999756442 0.003254877 -0.021853208 -0.676972914 -0.003023966 0.999938589 0.010593211 -2.072268144 0.021886597 -0.010524513 0.999705370 125.801093218
0.999708738 0.002654306 -0.024014241 -0.688245176 -0.002393418 0.999937777 0.010883061 -2.083513686 0.024041301 -0.010822411 0.999652151 126.499914965
0.999666284 0.002696339 -0.025693796 -0.697062625 -0.002431405 0.999942817 0.010338334 -2.090352090 0.025719793 -0.010272390 0.999616038 126.847916766
0.999586798 0.001548330 -0.028726142 -0.710560044 -0.001296193 0.999959712 0.008792224 -2.104540720 0.028738998 -0.008751316 0.999549224 127.529347830
0.999402685 0.000481982 -0.034549384 -0.733327394 -0.000144154 0.999951558 0.009779264 -2.114270167 0.034552358 -0.009768534 0.999355507 128.199266975
0.999328120 0.001293155 -0.036629714 -0.746079832 -0.000904694 0.999943136 0.010619074 -2.118410251 0.036641512 -0.010578732 0.999272912 128.526026425
0.999099666 0.005143928 -0.042119729 -0.779973023 -0.004673150 0.999924883 0.011268868 -2.128675759 0.042174644 -0.011061900 0.999049311 129.188941425
0.998854226 0.006560837 -0.047403936 -0.815136240 -0.006045033 0.999920283 0.011015986 -2.140673455 0.047472829 -0.010716831 0.998815473 129.852349028
0.998719969 0.006186753 -0.050219850 -0.830225284 -0.005645467 0.999923833 0.010913586 -2.146625836 0.050283342 -0.010616134 0.998678575 130.184586748
0.998268882 0.006674462 -0.058441303 -0.875312429 -0.006122636 0.999934943 0.009615423 -2.160578553 0.058502454 -0.009240872 0.998244427 130.845829509
0.997786503 0.006502943 -0.066186853 -0.921857856 -0.005969244 0.999947426 0.008256394 -2.174826805 0.066237343 -0.007843013 0.997773472 131.512972412
0.997500850 0.007122639 -0.070292218 -0.948597053 -0.006579115 0.999946643 0.007961093 -2.181177276 0.070346008 -0.007478696 0.997494447 131.836893371
