1.000000000 -0.000000000 0.000000000 0.000000000 0.000000000 1.000000000 0.000000000 0.000000000 0.000000000 0.000000000 1.000000000 -0.000000000
0.999999458 -0.000566916 -0.000501317 0.004872994 0.000566068 0.999999378 -0.001617902 -0.011795547 0.000502520 0.001617620 0.999999244 0.396502335
0.999997899 -0.002126151 -0.000516973 0.008559511 0.002124918 0.999995205 -0.002352978 -0.022142228 0.000522233 0.002351872 0.999997653 0.795798139
0.999996568 -0.002271409 -0.000684975 0.018026561 0.002269921 0.999995306 -0.002130451 -0.026417687 0.000689580 0.002128898 0.999998057 1.003069169
0.999992755 -0.003230536 -0.001935193 0.015621506 0.003229854 0.999994769 -0.000338333 -0.032179489 0.001936970 0.000332096 0.999998096 1.391186033
0.999991531 -0.002330151 -0.003212272 0.017137518 0.002334700 0.999996973 0.001424976 -0.037725600 0.003208603 -0.001432445 0.999994642 1.770106205
0.999993763 -0.000942610 -0.003401329 0.017227788 0.000947223 0.999998754 0.001362205 -0.041863736 0.003400175 -0.001365365 0.999993981 1.948372586
0.999991039 0.000968733 -0.003970358 0.015059121 -0.000964980 0.999999328 0.000962913 -0.050781279 0.003972001 -0.000959069 0.999992324 2.310411709
0.999987661 0.000467108 -0.004854695 0.017191877 -0.000459492 0.999999026 0.001579160 -0.057710054 0.004855612 -0.001576921 0.999987736 2.662374350
0.999984751 0.000250930 -0.005434512 0.020024519 -0.000241582 0.999998961 0.001726983 -0.061343305 0.005435192 -0.001725638 0.999984628 2.834211104
0.999977064 -0.000136159 -0.006697727 0.015315927 0.000148876 0.999998405 0.001902161 -0.068862896 0.006697870 -0.001903198 0.999975743 3.176717286
0.999966525 -0.001647445 -0.007962049 0.018844917 0.001661578 0.999997639 0.001774535 -0.076427395 0.007959822 -0.001787699 0.999967325 3.499899081
0.999963696 -0.001038481 -0.008394557 0.015621539 0.001050094 0.999998665 0.001380894 -0.080774278 0.008393129 -0.001389715 0.999964214 3.660436260
0.999960353 0.000120973 -0.008920231 0.011926479 -0.000121145 1.000000464 -0.000014152 -0.090352768 0.008920611 0.000015271 0.999960959 3.975049354
0.999953532 0.001093452 -0.009564930 0.016476246 -0.001116051 0.999997490 -0.002355040 -0.101055862 0.009562045 0.002365618 0.999952310 4.270313479
0.999950401 0.001342916 -0.009833982 0.010727968 -0.001377300 0.999993376 -0.003485111 -0.106244164 0.009830215 0.003498491 0.999945647 4.411266732
0.999941063 0.000887481 -0.010788250 0.016816258 -0.000922401 0.999995240 -0.003228639 -0.112404235 0.010786106 0.003238461 0.999936819 4.702953649
0.999931075 0.000052040 -0.011746147 0.008418950 -0.000078405 0.999998351 -0.002239806 -0.117003860 0.011746256 0.002240555 0.999928903 4.977630402
0.999925848 0.000062357 -0.012137096 0.007758226 -0.000093099 0.999996878 -0.002526984 -0.120446175 0.012138378 0.002527967 0.999923403 5.106661323
0.999913630 0.000310841 -0.013106486 0.005264187 -0.000355943 0.999994779 -0.003435908 -0.127951354 0.013106181 0.003440275 0.999908708 5.367469519
0.999900761 0.001387679 -0.013980506 0.001589775 -0.001443790 0.999991803 -0.004000309 -0.134917412 0.013975358 0.004020134 0.999894572 5.631050471
0.999893756 0.002442105 -0.014349437 0.002106673 -0.002505759 0.999988013 -0.004417940 -0.138488964 0.014338794 0.004453403 0.999887505 5.757317969
0.999882266 0.003448411 -0.014926221 -0.007806229 -0.003529104 0.999979414 -0.005383187 -0.145359084 0.014906827 0.005435179 0.999874562 5.984532047
0.999871870 0.003443608 -0.015607472 -0.006595142 -0.003494964 0.999988640 -0.003260931 -0.146850407 0.015597032 0.003315109 0.999873370 6.211189831
0.999867995 0.002768110 -0.015977773 -0.007454837 -0.002800084 0.999994559 -0.001976805 -0.147023844 0.015973119 0.002021297 0.999871274 6.315209447
0.999863710 0.000516494 -0.016470780 -0.007587205 -0.000533323 1.000000161 -0.001015177 -0.150055663 0.016470871 0.001023809 0.999864053 6.519506907
0.999859082 -0.000057547 -0.016742148 -0.006706845 0.000031235 0.999998933 -0.001568343 -0.155026414 0.016743256 0.001567611 0.999859226 6.695914011
0.999854941 0.000134037 -0.017011547 -0.009694852 -0.000158257 0.999999497 -0.001421106 -0.156687513 0.017011747 0.001423565 0.999854702 6.779414827
0.999847544 0.000444102 -0.017419907 -0.015680057 -0.000450036 1.000000167 -0.000335502 -0.158640096 0.017419765 0.000343221 0.999848690 6.946447641
0.999840370 0.001472352 -0.017784619 -0.014421892 -0.001466667 0.999998876 0.000333594 -0.161457878 0.017786465 -0.000307546 0.999841914 7.121983603
0.999837102 0.001942604 -0.017919901 -0.017015257 -0.001938292 0.999998160 0.000260210 -0.163475301 0.017920872 -0.000225375 0.999839986 7.204556145
0.999836295 0.001662183 -0.017987797 -0.015141623 -0.001664448 0.999999001 -0.000108417 -0.167485800 0.017988441 0.000138327 0.999838562 7.353138900
0.999833717 0.001546639 -0.018161272 -0.019727775 -0.001547111 0.999999515 -0.000009686 -0.170493989 0.018161071 0.000037751 0.999835635 7.491381309
0.999831837 0.001681003 -0.018237873 -0.017228487 -0.001675683 0.999998593 0.000308128 -0.171525212 0.018238529 -0.000277529 0.999833955 7.562014221
0.999830691 0.001965145 -0.018269565 -0.018294654 -0.001944099 0.999998009 0.001170386 -0.173001654 0.018272483 -0.001134731 0.999832755 7.692010062
0.999833393 0.002342714 -0.018100249 -0.013868226 -0.002311523 0.999996494 0.001745936 -0.174637998 0.018105457 -0.001703762 0.999834878 7.809120018
0.999835409 0.002406402 -0.017970378 -0.015468518 -0.002373005 0.999995996 0.001881792 -0.175665178 0.017975340 -0.001838861 0.999837187 7.863868895
0.999840133 0.002158454 -0.017749453 -0.013571619 -0.002121063 0.999996016 0.002126459 -0.177453135 0.017754370 -0.002088548 0.999840873 7.961410630
0.999848852 0.001863560 -0.017274891 -0.009317934 -0.001829134 0.999996536 0.002010528 -0.179729503 0.017279500 -0.001978627 0.999848856 8.053420283
0.999853187 0.001772076 -0.017033565 -0.006210891 -0.001739020 0.999996738 0.001956524 -0.180803767 0.017037905 -0.001926612 0.999853586 8.097126165
0.999858536 0.001995080 -0.016708581 -0.007632202 -0.001957764 0.999995859 0.002250679 -0.182120661 0.016712708 -0.002217690 0.999858323 8.176954176
0.999864498 0.002407237 -0.016247332 -0.005527892 -0.002361703 0.999993507 0.002822403 -0.182745574 0.016254714 -0.002783738 0.999864117 8.248516500
0.999869444 0.002406833 -0.015959553 -0.008096986 -0.002354847 0.999991899 0.003278473 -0.182690412 0.015967749 -0.003240443 0.999868016 8.280044609
0.999870719 0.002478336 -0.015859695 -0.001681930 -0.002414490 0.999988843 0.004046603 -0.182716165 0.015869985 -0.004007754 0.999866121 8.341498811
0.999870574 0.002214586 -0.015915285 -0.000932479 -0.002144504 0.999988722 0.004422484 -0.183182051 0.015925776 -0.004387711 0.999864014 8.390739505
0.999872598 0.002240726 -0.015775953 0.001600739 -0.002170940 0.999988312 0.004440673 -0.183580284 0.015785686 -0.004405936 0.999866254 8.410295208
0.999877136 0.002265736 -0.015499679 0.000605989 -0.002198074 0.999988185 0.004383711 -0.184320598 0.015509639 -0.004349061 0.999870585 8.438124564
0.999873971 0.002349024 -0.015694892 0.001962323 -0.002279399 0.999988309 0.004454093 -0.184699562 0.015705199 -0.004417829 0.999867450 8.460441186
0.999871480 0.002478316 -0.015798130 -0.001175162 -0.002407298 0.999987533 0.004516068 -0.184778142 0.015809599 -0.004477445 0.999865255 8.467800679
0.999869927 0.002679086 -0.015900119 0.000972738 -0.002616701 0.999988833 0.003946409 -0.186209659 0.015911224 -0.003904219 0.999865891 8.488253017
0.999867737 0.002697764 -0.016055110 0.006269191 -0.002660236 0.999993815 0.002359251 -0.189212133 0.016061411 -0.002316241 0.999868959 8.501308305
0.999865563 0.002631597 -0.016131276 0.005496542 -0.002609888 0.999995836 0.001368442 -0.190978787 0.016135717 -0.001326157 0.999869812 8.503108403
0.999865882 0.002611650 -0.016163373 0.004727314 -0.002610817 0.999997240 0.000073864 -0.193255297 0.016163014 -0.000031701 0.999869707 8.504896892
0.999863878 0.002688553 -0.016245006 0.005114309 -0.002680555 0.999996754 0.000514581 -0.192471942 0.016246278 -0.000470966 0.999867944 8.503994567
0.999863305 0.002668964 -0.016312028 0.005502244 -0.002655106 0.999996770 0.000872353 -0.191828548 0.016314104 -0.000828917 0.999867024 8.503089055
0.999861535 0.002719349 -0.016378883 0.006286430 -0.002705429 0.999996141 0.000874834 -0.191781411 0.016381654 -0.000830395 0.999865768 8.501249808
0.999861918 0.002751561 -0.016381020 0.007465997 -0.002742339 0.999996827 0.000588528 -0.192200567 0.016383046 -0.000543488 0.999866218 8.498479784
0.999861146 0.002667603 -0.016438908 0.008245019 -0.002651031 0.999996400 0.001032596 -0.191383646 0.016441602 -0.000988811 0.999864879 8.496658063
0.999861004 0.002718337 -0.016444198 0.009032560 -0.002706463 0.999996209 0.000746475 -0.191836369 0.016446645 -0.000701859 0.999865077 8.494807435
0.999860712 0.002745286 -0.016466130 0.009033901 -0.002735318 0.999996729 0.000630104 -0.192036312 0.016467529 -0.000584986 0.999864705 8.494802883
0.999860108 0.002793654 -0.016470936 0.009423580 -0.002780296 0.999995728 0.000836330 -0.191652845 0.016473730 -0.000790352 0.999864679 8.493891453
0.999859813 0.002761175 -0.016507146 0.009422507 -0.002746262 0.999996622 0.000928638 -0.191492890 0.016510361 -0.000883122 0.999863568 8.493895095
0.999859972 0.002742979 -0.016512710 0.009423580 -0.002729537 0.999996454 0.000838483 -0.191652845 0.016515207 -0.000793236 0.999863235 8.493891453
0.999858644 0.002706160 -0.016561943 0.019016021 -0.002694617 0.999996537 0.000720622 -0.191856778 0.016564469 -0.000675943 0.999863146 8.496888695
0.999858675 0.002670280 -0.016574554 0.019014680 -0.002656781 0.999996983 0.000838075 -0.191656834 0.016577413 -0.000793989 0.999862954 8.496893247
0.999859100 0.002718074 -0.016560422 0.019014344 -0.002704151 0.999995895 0.000864873 -0.191606848 0.016563332 -0.000819963 0.999863141 8.496894385
0.999858754 0.002756335 -0.016586529 0.019014814 -0.002743107 0.999996169 0.000822392 -0.191676829 0.016589371 -0.000776784 0.999862883 8.496892792
0.999857543 0.002781118 -0.016622901 0.019406907 -0.002767887 0.999996312 0.000821979 -0.191653260 0.016625191 -0.000775782 0.999861501 8.495973168
0.999857557 0.002800368 -0.016634627 0.019406170 -0.002786049 0.999995896 0.000886121 -0.191543291 0.016637781 -0.000839680 0.999861407 8.495975672
0.999857617 0.002814449 -0.016618511 0.019405432 -0.002799098 0.999996435 0.000949826 -0.191433322 0.016622248 -0.000903148 0.999862300 8.495978176
0.999856686 0.002783980 -0.016651940 0.019405767 -0.002769057 0.999996608 0.000922013 -0.191483308 0.016655243 -0.000875791 0.999861470 8.495977038
0.999857109 0.002768214 -0.016654093 0.019405901 -0.002753468 0.999996242 0.000910298 -0.191503302 0.016656910 -0.000864363 0.999861339 8.495976582
0.999857632 0.002738173 -0.016622578 0.019405499 -0.002722776 0.999995938 0.000949214 -0.191443319 0.016625298 -0.000903821 0.999861637 8.495977948
0.999858742 0.002700627 -0.016579290 0.019797257 -0.002684836 0.999996298 0.000975297 -0.191369765 0.016582160 -0.000930694 0.999862277 8.495059463
0.999858984 0.002702356 -0.016561244 0.019797391 -0.002686736 0.999996125 0.000967194 -0.191389759 0.016563729 -0.000922567 0.999863239 8.495059007
0.999858936 0.002688028 -0.016584065 0.019798062 -0.002673429 0.999996611 0.000904734 -0.191489731 0.016586885 -0.000860266 0.999862782 8.495056731
0.999858533 0.002682702 -0.016600011 0.019797793 -0.002667631 0.999996209 0.000932549 -0.191449742 0.016603172 -0.000888101 0.999862133 8.495057642
0.999858791 0.002683324 -0.016596646 0.019797458 -0.002667817 0.999996820 0.000959281 -0.191399756 0.016600015 -0.000914788 0.999862078 8.495058780
0.999857651 0.002725249 -0.016609704 0.019797324 -0.002709603 0.999996282 0.000967893 -0.191379762 0.016612595 -0.000922698 0.999862168 8.495059235
0.999857719 0.002747022 -0.016637824 0.020189618 -0.002731590 0.999996041 0.000951210 -0.191386185 0.016640333 -0.000905700 0.999861713 8.494138928
0.999858197 0.002763619 -0.016620628 0.020189820 -0.002748515 0.999995724 0.000932713 -0.191416176 0.016623792 -0.000886888 0.999862046 8.494138246
0.999857416 0.002760535 -0.016637885 0.020189551 -0.002744950 0.999996334 0.000960408 -0.191376188 0.016640949 -0.000914611 0.999861922 8.494139156
0.999857411 0.002802650 -0.016624693 0.020189149 -0.002786595 0.999996280 0.000990208 -0.191316204 0.016627918 -0.000943741 0.999861786 8.494140522
0.999857607 0.002816095 -0.016610486 0.020189015 -0.002799795 0.999995722 0.001005809 -0.191296210 0.016614614 -0.000959227 0.999861719 8.494140977
0.999857350 0.002816279 -0.016614687 0.029387753 -0.002799678 0.999996160 0.001025091 -0.191283779 0.016617770 -0.000978384 0.999861509 8.498063305
0.999858428 0.002825678 -0.016594387 0.029387887 -0.002809259 0.999995963 0.001013707 -0.191303774 0.016597323 -0.000966987 0.999862261 8.498062850
0.999858935 0.002810815 -0.016567482 0.029779981 -0.002794376 0.999995921 0.001015873 -0.191280205 0.016570736 -0.000969520 0.999862914 8.497143226
0.999858544 0.002814303 -0.016553614 0.029780584 -0.002798732 0.999995787 0.000965146 -0.191370180 0.016556321 -0.000918668 0.999863177 8.497141178
0.999858809 0.002831435 -0.016562120 0.029780584 -0.002815960 0.999995793 0.000960599 -0.191370180 0.016565779 -0.000913864 0.999862696 8.497141178
0.999858294 0.002829295 -0.016576997 0.029780517 -0.002813711 0.999995905 0.000966218 -0.191360183 0.016579754 -0.000919449 0.999861934 8.497141405
0.999857910 0.002810011 -0.016580414 0.029780786 -0.002794720 0.999996352 0.000947284 -0.191400171 0.016583339 -0.000900801 0.999862167 8.497140495
0.999858270 0.002845303 -0.016574011 0.029780920 -0.002830266 0.999996239 0.000932519 -0.191420166 0.016577144 -0.000885431 0.999862343 8.497140040
0.999858427 0.002813093 -0.016566321 0.029780383 -0.002797299 0.999996115 0.000979981 -0.191340188 0.016569357 -0.000933420 0.999862489 8.497141860
0.999858349 0.002837141 -0.016577286 0.030172812 -0.002821808 0.999995602 0.000950798 -0.191366606 0.016579569 -0.000903825 0.999862503 8.496221099
0.999858409 0.002841819 -0.016591527 0.030172946 -0.002826624 0.999996393 0.000940196 -0.191386600 0.016594695 -0.000893219 0.999862684 8.496220644
0.999858479 0.002820060 -0.016565458 0.030173080 -0.002805086 0.999996020 0.000929868 -0.191406594 0.016569180 -0.000883259 0.999862660 8.496220188
0.999857644 0.002785117 -0.016593664 0.030173818 -0.002771123 0.999996382 0.000867675 -0.191516563 0.016596879 -0.000821595 0.999862089 8.496217685
0.999857745 0.002791786 -0.016624078 0.030173885 -0.002777904 0.999996253 0.000860271 -0.191526561 0.016627196 -0.000813970 0.999861980 8.496217457
0.999857992 0.002790786 -0.016620712 0.030173550 -0.002776451 0.999995853 0.000886802 -0.191476575 0.016624076 -0.000840613 0.999861921 8.496218595
0.999857751 0.002770105 -0.016635083 0.030174153 -0.002756583 0.999996588 0.000837087 -0.191566549 0.016637531 -0.000791127 0.999862131 8.496216546
0.999857677 0.002795291 -0.016644568 0.030174086 -0.002781713 0.999995844 0.000841440 -0.191556552 0.016647729 -0.000794979 0.999861461 8.496216774
0.999857645 0.002790286 -0.016644840 0.030174288 -0.002777004 0.999996409 0.000823621 -0.191586544 0.016647837 -0.000777308 0.999861976 8.496216091
0.999858486 0.002774308 -0.016587664 0.030566716 -0.002761495 0.999996682 0.000795978 -0.191612961 0.016589873 -0.000750078 0.999862810 8.495295330
0.999859124 0.002776724 -0.016568288 0.030566850 -0.002764111 0.999996457 0.000785297 -0.191632955 0.016570505 -0.000739484 0.999863185 8.495294874
0.999858557 0.002789153 -0.016571180 0.030566582 -0.002776224 0.999995979 0.000804899 -0.191592967 0.016574302 -0.000758772 0.999862455 8.495295785
0.999858829 0.002807700 -0.016581104 0.030566448 -0.002794562 0.999996354 0.000816227 -0.191572972 0.016583735 -0.000769776 0.999862863 8.495296240
0.999858487 0.002851078 -0.016591731 0.030566716 -0.002838310 0.999996152 0.000795366 -0.191612961 0.016594429 -0.000748133 0.999862147 8.495295330
0.999857680 0.002887319 -0.016587754 0.030567253 -0.002875297 0.999996373 0.000750967 -0.191692939 0.016590962 -0.000703207 0.999862705 8.495293509
0.999858883 0.002859544 -0.016559674 0.030566985 -0.002847161 0.999995711 0.000773549 -0.191652950 0.016562836 -0.000726266 0.999863295 8.495294419
0.999858490 0.002865992 -0.016537930 0.030566649 -0.002853153 0.999996380 0.000800998 -0.191602964 0.016540767 -0.000753729 0.999863482 8.495295557
0.999858570 0.002878995 -0.016537563 0.030565911 -0.002865140 0.999995875 0.000863128 -0.191492995 0.016540494 -0.000815617 0.999863057 8.495298061
0.999858627 0.002911405 -0.016519424 0.030566180 -0.002897914 0.999995585 0.000841228 -0.191532984 0.016522280 -0.000793325 0.999863704 8.495297150
0.999858973 0.002922285 -0.016523730 0.030566448 -0.002909221 0.999996117 0.000817699 -0.191572972 0.016526488 -0.000769534 0.999863440 8.495296240
0.999859036 0.002969307 -0.016526134 0.030566850 -0.002956771 0.999995667 0.000784866 -0.191632955 0.016528558 -0.000735905 0.999863749 8.495294874
0.999857979 0.002975139 -0.016574705 0.030566649 -0.002962300 0.999996090 0.000802061 -0.191602964 0.016576899 -0.000752763 0.999863054 8.495295557
0.999857341 0.002992666 -0.016590783 0.030566716 -0.002979989 0.999995953 0.000791164 -0.191612961 0.016593572 -0.000741596 0.999862444 8.495295330
0.999857297 0.002999419 -0.016611524 0.030567186 -0.002987376 0.999996089 0.000751316 -0.191682941 0.016614024 -0.000701633 0.999862366 8.495293736
0.999857248 0.002952310 -0.016616731 0.030566850 -0.002939740 0.999995520 0.000783397 -0.191632955 0.016619574 -0.000734456 0.999862055 8.495294874
0.999857603 0.002946261 -0.016616941 0.030567119 -0.002934108 0.999995865 0.000756281 -0.191672944 0.016618782 -0.000707449 0.999862358 8.495293964
0.999857299 0.002944955 -0.016596548 0.030959548 -0.002933282 0.999996282 0.000731001 -0.191699362 0.016599100 -0.000682224 0.999862793 8.494373202
0.999857739 0.002947708 -0.016610746 0.030959749 -0.002936264 0.999995912 0.000714000 -0.191729353 0.016613348 -0.000665183 0.999862829 8.494372519
0.999857585 0.002964647 -0.016606091 0.030960084 -0.002953669 0.999995372 0.000685544 -0.191779339 0.016608486 -0.000636444 0.999861909 8.494371381
0.999857340 0.002930742 -0.016599595 0.030959749 -0.002919295 0.999995837 0.000715390 -0.191729353 0.016601651 -0.000666873 0.999862182 8.494372519
0.999858480 0.002915205 -0.016560926 0.030959816 -0.002903942 0.999995532 0.000706223 -0.191739350 0.016563384 -0.000658064 0.999863210 8.494372292
0.999858318 0.002927835 -0.016571506 0.030959481 -0.002916056 0.999996303 0.000736571 -0.191689364 0.016573879 -0.000688218 0.999862739 8.494373430
0.999858372 0.002916351 -0.016573592 0.030959078 -0.002903959 0.999996066 0.000773367 -0.191629381 0.016576387 -0.000725089 0.999862793 8.494374795
0.999857614 0.002898355 -0.016585424 0.030958810 -0.002885615 0.999996439 0.000794797 -0.191589392 0.016588495 -0.000746780 0.999862647 8.494375706
0.999858169 0.002901845 -0.016586517 0.030959212 -0.002889640 0.999995718 0.000762085 -0.191649376 0.016589716 -0.000714102 0.999862430 8.494374340
0.999858836 0.002889672 -0.016563173 0.030959816 -0.002878356 0.999996420 0.000708404 -0.191739350 0.016565279 -0.000660663 0.999863395 8.494372292
0.999858829 0.002873230 -0.016550051 0.030959346 -0.002861264 0.999996234 0.000748702 -0.191669370 0.016552665 -0.000701279 0.999863498 8.494373885
0.999858919 0.002909053 -0.016540244 0.030959279 -0.002896981 0.999995600 0.000754769 -0.191659373 0.016542002 -0.000706791 0.999863486 8.494374113
0.999858191 0.002933707 -0.016554269 0.030959078 -0.002921398 0.999996110 0.000770483 -0.191629381 0.016556289 -0.000721929 0.999863346 8.494374795
0.999858035 0.002944205 -0.016571553 0.030959413 -0.002932305 0.999995566 0.000743569 -0.191679367 0.016574429 -0.000694958 0.999862899 8.494373657
0.999857575 0.002930163 -0.016588671 0.030959346 -0.002918149 0.999995631 0.000750470 -0.191669370 0.016590907 -0.000701922 0.999862302 8.494373885
0.999857189 0.002927396 -0.016604994 0.030959011 -0.002914950 0.999996196 0.000776063 -0.191619384 0.016607135 -0.000727554 0.999862522 8.494375023
0.999857405 0.002854982 -0.016631710 0.030958676 -0.002842067 0.999996373 0.000804112 -0.191569398 0.016635193 -0.000756684 0.999861637 8.494376161
0.999856864 0.002850931 -0.016639321 0.030958676 -0.002837975 0.999996333 0.000803460 -0.191569398 0.016641591 -0.000756129 0.999861637 8.494376161
0.999856900 0.002876940 -0.016635959 0.030958407 -0.002863548 0.999996117 0.000830592 -0.191529409 0.016638777 -0.000782887 0.999861591 8.494377072
0.999856680 0.002879943 -0.016646962 0.030958676 -0.002866913 0.999995601 0.000807108 -0.191569398 0.016649470 -0.000759328 0.999861735 8.494376161
0.999856600 0.002890051 -0.016636110 0.030958810 -0.002877287 0.999996377 0.000794578 -0.191589392 0.016639384 -0.000746517 0.999861692 8.494375706
0.999857553 0.002895096 -0.016637070 0.030958743 -0.002882209 0.999995548 0.000800579 -0.191579395 0.016639664 -0.000752542 0.999861436 8.494375934
0.999856703 0.002927980 -0.016626376 0.030958608 -0.002914914 0.999996008 0.000811643 -0.191559401 0.016628677 -0.000763085 0.999861929 8.494376389
0.999857043 0.002938483 -0.016630533 0.030958474 -0.002925220 0.999995363 0.000824327 -0.191539406 0.016632907 -0.000775587 0.999861569 8.494376844
0.999855915 0.002977422 -0.016664932 0.030957334 -0.002962537 0.999995803 0.000920829 -0.191369454 0.016668442 -0.000871302 0.999861338 8.494380713
0.999856623 0.002967843 -0.016656304 0.030957468 -0.002953190 0.999995433 0.000907181 -0.191389449 0.016659197 -0.000857889 0.999861404 8.494380258
0.999856146 0.002972673 -0.016661828 0.030957938 -0.002958615 0.999995610 0.000869635 -0.191459429 0.016665378 -0.000820267 0.999861349 8.494378665
0.999855721 0.002981430 -0.016683618 0.030958139 -0.002967716 0.999995195 0.000849083 -0.191489421 0.016686712 -0.000799472 0.999861318 8.494377982
0.999855833 0.002996261 -0.016690921 0.030958005 -0.002982365 0.999995556 0.000860852 -0.191469426 0.016693996 -0.000810972 0.999860681 8.494378437
0.999855628 0.002983866 -0.016696342 0.030957938 -0.002969872 0.999995601 0.000866317 -0.191459429 0.016699666 -0.000816582 0.999860685 8.494378665
0.999856105 0.002983716 -0.016668504 0.030958608 -0.002970675 0.999995277 0.000808074 -0.191559401 0.016670489 -0.000758478 0.999861275 8.494376389
0.999856575 0.003014868 -0.016663281 0.031351104 -0.003002443 0.999995689 0.000773594 -0.191595815 0.016666613 -0.000723438 0.999861530 8.493455399
0.999855630 0.003043278 -0.016688009 0.030958944 -0.003030725 0.999996004 0.000779643 -0.191609387 0.016691583 -0.000728933 0.999860929 8.494375251
0.999855496 0.003071718 -0.016726757 0.030958676 -0.003058777 0.999995662 0.000800707 -0.191569398 0.016729953 -0.000749438 0.999860171 8.494376161
0.999854899 0.003040758 -0.016729188 0.031351104 -0.003028300 0.999995809 0.000771873 -0.191595815 0.016731567 -0.000721095 0.999860571 8.493455399
0.999854870 0.003016201 -0.016732305 0.031351171 -0.003003836 0.999995534 0.000766659 -0.191605813 0.016734357 -0.000716240 0.999860196 8.493455172
0.999854987 0.002991650 -0.016744162 0.031350903 -0.002978846 0.999995951 0.000791888 -0.191565824 0.016747008 -0.000741812 0.999860136 8.493456082
0.999855476 0.002990031 -0.016731150 0.031350903 -0.002977257 0.999995902 0.000790073 -0.191565824 0.016733121 -0.000740111 0.999860201 8.493456082
0.999854629 0.002974442 -0.016755819 0.031350970 -0.002961678 0.999995738 0.000787225 -0.191575821 0.016758170 -0.000737519 0.999859397 8.493455855
0.999855204 0.003007009 -0.016731161 0.031351574 -0.002995195 0.999995715 0.000733166 -0.191665796 0.016733633 -0.000682965 0.999859825 8.493453806
0.999855355 0.002959188 -0.016703356 0.031351507 -0.002947302 0.999995534 0.000738428 -0.191655799 0.016705565 -0.000689114 0.999860941 8.493454034
0.999856069 0.002954775 -0.016678236 0.031351641 -0.002943016 0.999995369 0.000732403 -0.191675793 0.016680969 -0.000683171 0.999860623 8.493453578
0.999857050 0.002948957 -0.016657997 0.031352312 -0.002938190 0.999995951 0.000671609 -0.191775765 0.016660850 -0.000622567 0.999861169 8.493451302
0.999857162 0.002953335 -0.016630026 0.031352513 -0.002942905 0.999995534 0.000651978 -0.191805756 0.016632505 -0.000602987 0.999861718 8.493450620
0.999857717 0.002959746 -0.016623804 0.031352379 -0.002949127 0.999995854 0.000664205 -0.191785762 0.016626058 -0.000615142 0.999862510 8.493451075
0.999856107 0.002966267 -0.016654691 0.031351909 -0.002954933 0.999995869 0.000707138 -0.191715782 0.016657845 -0.000657815 0.999861315 8.493452668
0.999856416 0.002932874 -0.016657959 0.031352379 -0.002922228 0.999995722 0.000666010 -0.191785762 0.016659901 -0.000617251 0.999861042 8.493451075
0.999857051 0.002928441 -0.016661370 0.031352580 -0.002918096 0.999996242 0.000646177 -0.191815754 0.016663540 -0.000597489 0.999861254 8.493450392
0.999855978 0.002959316 -0.016676709 0.031353117 -0.002949684 0.999995467 0.000603563 -0.191895731 0.016678585 -0.000554332 0.999861234 8.493448571
0.999856393 0.002982626 -0.016672544 0.031353251 -0.002973224 0.999996300 0.000589779 -0.191915725 0.016674896 -0.000540132 0.999861569 8.493448116
0.999855631 0.003006004 -0.016671224 0.031353251 -0.002996645 0.999995419 0.000588500 -0.191915725 0.016673971 -0.000538451 0.999861012 8.493448116
0.999856241 0.003040670 -0.016661831 0.031353184 -0.003031188 0.999995854 0.000597943 -0.191905728 0.016664646 -0.000547365 0.999861996 8.493448343
0.999856406 0.003027205 -0.016659288 0.031353050 -0.003017509 0.999996045 0.000610082 -0.191885734 0.016661805 -0.000559734 0.999861217 8.493448799
0.999856220 0.003017654 -0.016665969 0.031353050 -0.003007985 0.999995933 0.000607828 -0.191885734 0.016667407 -0.000557611 0.999861573 8.493448799
0.999857754 0.003007095 -0.016610584 0.040551788 -0.002997060 0.999995405 0.000631399 -0.191873303 0.016612884 -0.000581482 0.999861868 8.497371127
0.999857361 0.002990487 -0.016599120 0.040552056 -0.002980882 0.999995732 0.000606347 -0.191913292 0.016601169 -0.000556803 0.999862852 8.497370216
0.999857412 0.003000255 -0.016591525 0.040552056 -0.002990576 0.999995864 0.000609397 -0.191913292 0.016593331 -0.000559703 0.999862906 8.497370216
0.999857004 0.002995544 -0.016599936 0.040552258 -0.002986164 0.999995410 0.000590754 -0.191943283 0.016601969 -0.000541171 0.999862104 8.497369533
0.999856846 0.003017787 -0.016645536 0.040552392 -0.003008661 0.999996222 0.000576549 -0.191963278 0.016648083 -0.000526338 0.999861871 8.497369078
0.999856728 0.003018326 -0.016650912 0.040552459 -0.003009204 0.999996201 0.000575416 -0.191973275 0.016653456 -0.000525239 0.999861725 8.497368851
0.999856279 0.003003799 -0.016674754 0.040552325 -0.002994482 0.999995358 0.000586462 -0.191953281 0.016677565 -0.000536457 0.999861629 8.497369306
0.999856287 0.002990895 -0.016654982 0.040552459 -0.002981765 0.999996021 0.000575104 -0.191973275 0.016657234 -0.000525413 0.999861069 8.497368851
0.999856733 0.003006933 -0.016623915 0.040552593 -0.002998024 0.999995866 0.000563887 -0.191993269 0.016625472 -0.000513903 0.999862066 8.497368395
0.999858232 0.002987926 -0.016583699 0.040551721 -0.002977789 0.999995406 0.000636565 -0.191863306 0.016586396 -0.000587154 0.999862589 8.497371354
0.999857328 0.003014584 -0.016565349 0.040551654 -0.003004422 0.999995687 0.000641582 -0.191853309 0.016567930 -0.000591657 0.999862930 8.497371582
0.999857392 0.003021394 -0.016573100 0.040552123 -0.003011843 0.999995857 0.000603217 -0.191923289 0.016575378 -0.000553191 0.999862992 8.497369989
0.999857700 0.003048971 -0.016566726 0.040552258 -0.003039602 0.999995795 0.000592751 -0.191943283 0.016569361 -0.000542305 0.999863266 8.497369533
0.999858212 0.003054447 -0.016538667 0.040552593 -0.003045653 0.999996088 0.000560124 -0.191993269 0.016540065 -0.000509624 0.999863519 8.497368395
0.999857876 0.003038800 -0.016556756 0.040552459 -0.003029728 0.999995315 0.000574526 -0.191973275 0.016558816 -0.000524253 0.999862701 8.497368851
0.999857629 0.003036229 -0.016575218 0.040552325 -0.003026949 0.999995566 0.000586204 -0.191953281 0.016577267 -0.000535999 0.999862740 8.497369306
0.999857768 0.003042819 -0.016553970 0.040552459 -0.003033837 0.999995254 0.000570618 -0.191973275 0.016556490 -0.000520366 0.999863788 8.497368851
0.999858301 0.003043541 -0.016554904 0.040552459 -0.003034523 0.999995306 0.000572721 -0.191973275 0.016557786 -0.000522449 0.999863444 8.497368851
0.999857544 0.003077921 -0.016590435 0.040552325 -0.003068677 0.999995780 0.000584102 -0.191953281 0.016592473 -0.000533115 0.999862722 8.497369306
0.999857904 0.003099868 -0.016564196 0.040552056 -0.003090248 0.999995437 0.000606789 -0.191913292 0.016565976 -0.000555519 0.999862530 8.497370216
0.999857890 0.003097883 -0.016563338 0.040551922 -0.003088148 0.999995636 0.000616083 -0.191893298 0.016566023 -0.000564842 0.999863134 8.497370671
0.999857892 0.003061348 -0.016553606 0.040552459 -0.003052292 0.999995468 0.000574941 -0.191973275 0.016556069 -0.000524313 0.999862966 8.497368851
0.999857560 0.003052358 -0.016549237 0.040552258 -0.003043094 0.999995730 0.000588973 -0.191943283 0.016551814 -0.000538470 0.999863014 8.497369533
0.999857944 0.003085116 -0.016566608 0.040552459 -0.003076052 0.999995622 0.000575156 -0.191973275 0.016568531 -0.000524071 0.999862866 8.497368851
0.999857980 0.003120871 -0.016525722 0.040552526 -0.003111945 0.999995693 0.000568207 -0.191983272 0.016527393 -0.000516654 0.999863809 8.497368623
0.999857528 0.003141322 -0.016567658 0.040551520 -0.003130943 0.999995753 0.000653060 -0.191833314 0.016569122 -0.000601123 0.999863327 8.497372037
0.999857391 0.003117250 -0.016582669 0.040551251 -0.003106457 0.999995179 0.000678574 -0.191793326 0.016584915 -0.000626951 0.999863018 8.497372948
0.999856720 0.003150756 -0.016596414 0.040550849 -0.003139411 0.999995128 0.000711006 -0.191733343 0.016599008 -0.000658773 0.999862338 8.497374313
0.999857247 0.003189143 -0.016600584 0.040550648 -0.003177551 0.999994706 0.000725690 -0.191703351 0.016602605 -0.000672864 0.999862024 8.497374996
0.999856833 0.003227988 -0.016587865 0.040550849 -0.003216680 0.999994575 0.000709056 -0.191733343 0.016590551 -0.000655653 0.999862671 8.497374313
0.999856402 0.003276829 -0.016596869 0.040552056 -0.003267316 0.999994478 0.000603466 -0.191913292 0.016598856 -0.000549144 0.999862650 8.497370216
0.999854356 0.003221677 -0.016762786 0.040551520 -0.003211209 0.999995230 0.000652338 -0.191833314 0.016764707 -0.000598411 0.999859493 8.497372037
0.999852677 0.003188020 -0.016827861 0.040552056 -0.003178309 0.999994940 0.000605204 -0.191913292 0.016830078 -0.000551656 0.999858812 8.497370216
0.999857014 0.003209518 -0.016572958 0.032550124 -0.003229696 0.999994277 -0.001187783 -0.194914156 0.016569634 0.001241159 0.999862822 8.490619368
0.999861151 0.003193344 -0.016337924 0.034955208 -0.003287579 0.999978546 -0.005740614 -0.202600543 0.016319812 0.005793554 0.999850699 8.484923405
0.999860852 0.003179374 -0.016336861 0.036152618 -0.003303514 0.999966713 -0.007574232 -0.205678952 0.016312752 0.007627178 0.999837869 8.482092836
0.999862388 0.003188168 -0.016281500 0.033815218 -0.003333279 0.999955781 -0.008891626 -0.208079728 0.016252837 0.008944664 0.999828798 8.487559137
0.999871324 0.003031503 -0.015753891 0.042405799 -0.003164808 0.999960068 -0.008441844 -0.207964273 0.015728137 0.008490537 0.999841273 8.518409862
0.999875980 0.002914627 -0.015431748 0.035349124 -0.003046473 0.999959458 -0.008524789 -0.208538466 0.015406935 0.008570743 0.999844922 8.534959673
0.999886391 0.002671773 -0.014785836 0.044141560 -0.002818469 0.999947502 -0.009906389 -0.212121767 0.014759339 0.009946955 0.999842417 8.590811917
0.999901800 0.002173993 -0.013839150 0.037062023 -0.002321330 0.999940779 -0.010635568 -0.214978486 0.013816299 0.010666669 0.999847858 8.658401383
0.999908776 0.001974643 -0.013329884 0.039379177 -0.002110613 0.999946629 -0.010192003 -0.215250126 0.013309245 0.010219174 0.999859966 8.703965859
0.999923827 0.001586830 -0.012238106 0.041656632 -0.001696216 0.999958890 -0.008931213 -0.215294997 0.012223657 0.008951296 0.999885840 8.800627120
0.999938062 0.001470392 -0.010981646 0.048429784 -0.001556450 0.999968269 -0.007829409 -0.215920175 0.010969747 0.007846024 0.999909348 8.912239136
0.999945112 0.001480145 -0.010380201 0.045649724 -0.001556884 0.999971438 -0.007386379 -0.216498206 0.010369233 0.007402145 0.999919422 8.969758720
0.999954888 0.001514256 -0.009333303 0.043408015 -0.001575744 0.999977058 -0.006579787 -0.218155324 0.009323575 0.006594213 0.999935182 9.102510928
0.999963846 0.001992271 -0.008194782 0.049375661 -0.002043759 0.999978147 -0.006275326 -0.221340099 0.008182327 0.006291864 0.999946690 9.266996611
0.999968047 0.002155221 -0.007607863 0.044819884 -0.002202218 0.999978609 -0.006171298 -0.223185447 0.007595034 0.006187802 0.999952757 9.354173872
0.999974555 0.002733353 -0.006542276 0.052541122 -0.002774253 0.999976691 -0.006248720 -0.227495402 0.006525106 0.006266679 0.999959265 9.540039027
0.999980067 0.003306084 -0.005380208 0.047930162 -0.003341783 0.999972785 -0.006633047 -0.232496198 0.005358091 0.006650937 0.999964247 9.729327691
0.999982378 0.003421164 -0.004792122 0.050617620 -0.003454386 0.999970677 -0.006936798 -0.235186750 0.004767905 0.006953205 0.999964711 9.825008555
0.999986846 0.003566301 -0.003631009 0.056386173 -0.003594199 0.999964656 -0.007686811 -0.240774222 0.003603794 0.007699777 0.999964263 10.015445426
0.999992143 0.003104935 -0.002295236 0.059021534 -0.003124901 0.999957894 -0.008732449 -0.247080093 0.002268614 0.008739488 0.999960027 10.213227222
0.999994545 0.002711211 -0.001839500 0.053296923 -0.002728174 0.999954012 -0.009272244 -0.250105835 0.001814398 0.009277243 0.999955644 10.303138089
0.999997279 0.002219715 -0.000448179 0.058853973 -0.002224130 0.999948512 -0.009988006 -0.256246522 0.000426820 0.009989010 0.999950924 10.519568255
0.999997955 0.001765748 0.000983202 0.067323321 -0.001756298 0.999953381 -0.009555367 -0.260822419 -0.000999535 0.009553524 0.999954656 10.754678657
0.999996902 0.001663041 0.001873760 0.070182649 -0.001646003 0.999957751 -0.009070821 -0.262742984 -0.001888827 0.009067708 0.999957487 10.875462784
0.999991898 0.001775229 0.003626536 0.073544588 -0.001747098 0.999968535 -0.007754823 -0.266105701 -0.003639919 0.007748409 0.999963216 11.122562890
0.999983608 0.002347647 0.005143291 0.078091794 -0.002310472 0.999971449 -0.007229953 -0.270737334 -0.005159594 0.007217986 0.999961129 11.366873626
0.999976658 0.003008665 0.006116285 0.077427247 -0.002964709 0.999969916 -0.007190902 -0.273609809 -0.006137326 0.007172581 0.999956155 11.495917521
