1.000000000 0.000000000 0.000000000 0.000000000 0.000000000 1.000000000 0.000000000 0.000000000 -0.000000000 0.000000000 1.000000000 -0.000000000
0.999997899 -0.000995351 0.002102038 0.004887831 0.000996529 0.999998945 -0.000560459 0.002376884 -0.002101713 0.000562553 0.999997812 0.513894459
0.999985690 0.002910291 0.004533418 0.004431801 -0.002916627 0.999993877 0.001390237 0.008958276 -0.004529660 -0.001403437 0.999988975 1.019071221
0.999976163 0.001975476 0.006621878 0.009805573 -0.001987592 0.999995474 0.001823850 0.011334071 -0.006618480 -0.001836957 0.999976367 1.273289690
0.999933424 0.003774112 0.010981665 0.027885696 -0.003792923 0.999991209 0.001692671 0.014404149 -0.010975178 -0.001734209 0.999938194 1.774934842
0.999900776 0.003750318 0.013580213 0.034764736 -0.003775323 0.999990303 0.001816772 0.017844062 -0.013572743 -0.001867858 0.999906267 2.273329276
0.999882015 0.001778416 0.015283515 0.044535290 -0.001818866 0.999994801 0.002633305 0.020830913 -0.015277894 -0.002660795 0.999879664 2.523462181
0.999803228 0.002336263 0.019710147 0.068678714 -0.002429004 0.999985356 0.004682255 0.027623148 -0.019698089 -0.004729207 0.999794622 3.033093420
0.999721817 0.003800240 0.023282686 0.083823979 -0.003931135 0.999976771 0.005578571 0.032435806 -0.023261402 -0.005668547 0.999713413 3.537448356
0.999657631 0.003166631 0.025994228 0.104062536 -0.003328218 0.999974858 0.006175744 0.035115976 -0.025973578 -0.006260132 0.999643749 3.791511837
0.999556838 0.004854135 0.029367368 0.120670305 -0.005098631 0.999952863 0.008256204 0.041942278 -0.029325732 -0.008402282 0.999534769 4.294493195
0.999440079 0.006673209 0.032793468 0.142406194 -0.007045994 0.999910965 0.011265590 0.050336460 -0.032714851 -0.011490336 0.999399163 4.792702524
0.999377210 0.006441236 0.034707493 0.156573547 -0.006876313 0.999898978 0.012431461 0.053924367 -0.034623888 -0.012662386 0.999320157 5.038749930
0.999192554 0.008711911 0.039244735 0.187320021 -0.009200292 0.999882050 0.012280807 0.057018291 -0.039132569 -0.012631950 0.999154283 5.542282715
0.999048278 0.008802707 0.042731499 0.221525329 -0.009334420 0.999881112 0.012259203 0.060188957 -0.042618549 -0.012646424 0.999011368 6.028961329
0.998965278 0.008779243 0.044641759 0.241032993 -0.009329638 0.999882758 0.012136533 0.061652310 -0.044529402 -0.012540439 0.998929871 6.283712959
0.998777333 0.010554413 0.048294514 0.274183947 -0.011148517 0.999864572 0.012049947 0.064934247 -0.048160466 -0.012573641 0.998760307 6.798656060
0.998536265 0.012989836 0.052498483 0.314872843 -0.013591090 0.999845673 0.011113011 0.066842147 -0.052345697 -0.011810291 0.998559446 7.320257721
0.998404484 0.015049046 0.054420013 0.326111756 -0.015672353 0.999815733 0.011045219 0.068412721 -0.054243576 -0.011880493 0.998457496 7.569039264
0.998107133 0.018640696 0.058608773 0.369727232 -0.019370581 0.999741465 0.011909644 0.073427930 -0.058371905 -0.013022390 0.998209841 8.087899729
0.997890617 0.019841907 0.061815641 0.402876326 -0.020649961 0.999709059 0.012460083 0.077799842 -0.061549669 -0.013710285 0.998009650 8.602835770
0.997753641 0.020249375 0.063854219 0.429919388 -0.021079883 0.999700962 0.012359957 0.079379124 -0.063584288 -0.013678254 0.997882556 8.864236310
0.997448281 0.020869378 0.068276276 0.472598794 -0.021762899 0.999686079 0.012369182 0.082760044 -0.067996901 -0.013823503 0.997590357 9.370335291
0.997125061 0.022034481 0.072503971 0.517477060 -0.022991239 0.999658798 0.012388213 0.086171498 -0.072205721 -0.014019493 0.997291552 9.874393271
0.996939646 0.022897041 0.074748784 0.547451259 -0.023898810 0.999635558 0.012535742 0.088188150 -0.074434385 -0.014283795 0.997123861 10.133069908
0.996448824 0.025228549 0.080333417 0.595994986 -0.026301275 0.999577836 0.012322751 0.091243837 -0.079988516 -0.014391812 0.996691774 10.633728855
0.995921736 0.027452245 0.085942038 0.650404128 -0.028548565 0.999525427 0.011553690 0.093334306 -0.085583914 -0.013960085 0.996233721 11.128951913
0.995695744 0.027944769 0.088374692 0.680379641 -0.029051121 0.999514457 0.011257484 0.094580975 -0.088016944 -0.013776412 0.996023520 11.387633537
0.995262565 0.029326400 0.092697406 0.737718895 -0.030486871 0.999473010 0.011127276 0.097708801 -0.092321233 -0.013900584 0.995632275 11.880128805
0.994735298 0.030980883 0.097682572 0.791921511 -0.032171630 0.999424972 0.010638143 0.100171779 -0.097296130 -0.013724695 0.995161196 12.361897114
0.994487646 0.031313459 0.100070544 0.823892296 -0.032437899 0.999427388 0.009628845 0.100101531 -0.099710963 -0.012821842 0.994934088 12.605094128
0.993862187 0.032110198 0.105865215 0.893697590 -0.033103461 0.999421923 0.007638818 0.099985796 -0.105559348 -0.011096428 0.994351407 13.086045857
0.993335603 0.031903370 0.110754109 0.957428932 -0.032901706 0.999432532 0.007197474 0.102387760 -0.110461406 -0.010793499 0.993821944 13.558971082
0.993079684 0.031989646 0.113006474 0.994528536 -0.032978183 0.999432139 0.006889144 0.103475401 -0.112721381 -0.010568229 0.993570422 13.797398723
0.992430494 0.032905029 0.118318517 1.058055793 -0.033832765 0.999409680 0.005840672 0.104819908 -0.118056420 -0.009799501 0.992958743 14.256878461
0.991783586 0.033472110 0.123468361 1.134248532 -0.034363044 0.999395919 0.005093491 0.106698249 -0.123222919 -0.009294390 0.992335543 14.718242529
0.991498414 0.033576948 0.125711969 1.166011700 -0.034445127 0.999394824 0.004738070 0.107640496 -0.125476167 -0.009027947 0.992055691 14.947980649
0.990887351 0.033906926 0.130357590 1.237804124 -0.034835606 0.999381322 0.004849805 0.110977734 -0.130112222 -0.009346642 0.991455580 15.413416873
0.990217959 0.033946283 0.135339872 1.318802836 -0.034982098 0.999373383 0.005282352 0.114982061 -0.135075398 -0.009965134 0.990786012 15.897590237
0.989895924 0.033968591 0.137666611 1.352764233 -0.035012940 0.999372590 0.005171203 0.116324834 -0.137405357 -0.009939034 0.990465238 16.125284960
0.989301972 0.034705361 0.141696394 1.431360701 -0.035737197 0.999350032 0.004743117 0.118831178 -0.141439285 -0.009756152 0.989899393 16.598056494
0.988602536 0.035593627 0.146285430 1.507025315 -0.036613564 0.999319612 0.004284708 0.121320143 -0.146033065 -0.009591838 0.989233604 17.073549210
0.988327005 0.033672958 0.148576922 1.552920412 -0.034670279 0.999389676 0.004127407 0.122499921 -0.148347060 -0.009230389 0.988892706 17.303813044
0.987618258 0.032848531 0.153397946 1.634242379 -0.033859559 0.999417936 0.003982814 0.125296157 -0.153177735 -0.009127448 0.988156430 17.760409293
0.986816099 0.034791467 0.158062549 1.716294780 -0.035972404 0.999342037 0.004616181 0.129579203 -0.157798552 -0.010241212 0.987418528 18.216315644
0.986417068 0.035572013 0.160367085 1.759255207 -0.036900993 0.999304410 0.005315621 0.132391564 -0.160066186 -0.011161113 0.987043610 18.449289974
0.985586817 0.036622917 0.165160282 1.840368653 -0.038145688 0.999253023 0.006056767 0.136730282 -0.164813913 -0.012269609 0.986248251 18.892423896
0.984780659 0.037748844 0.169654195 1.925146382 -0.039507646 0.999194338 0.007002273 0.141403217 -0.169252885 -0.013598298 0.985479336 19.332154315
0.984366562 0.038021257 0.171979206 1.970101466 -0.039853132 0.999179512 0.007210712 0.143258653 -0.171564447 -0.013951965 0.985074365 19.549641703
0.983728219 0.035108311 0.176200361 2.062005352 -0.037019746 0.999285415 0.007571943 0.146562587 -0.175808243 -0.013971596 0.984325909 19.969125977
0.983013670 0.034357553 0.180288963 2.149508530 -0.036546889 0.999292700 0.008834723 0.151555413 -0.179858594 -0.015273639 0.983574510 20.392680917
0.982646645 0.034606943 0.182232062 2.194668892 -0.036899277 0.999275931 0.009202386 0.153768323 -0.181781291 -0.015766916 0.983213002 20.623618327
0.981715644 0.035428318 0.187029402 2.289185387 -0.037712480 0.999250657 0.008667505 0.155947782 -0.186582246 -0.015562390 0.982316302 21.067973754
0.980938248 0.037049809 0.190755276 2.377424597 -0.039447957 0.999182644 0.008788456 0.159147494 -0.190274048 -0.016145812 0.981598320 21.490860041
0.980597482 0.037834099 0.192347635 2.419975576 -0.040271475 0.999149644 0.008776577 0.160594922 -0.191851674 -0.016352400 0.981288430 21.696938539
0.979921847 0.037953748 0.195739219 2.510210620 -0.040306658 0.999154571 0.008049679 0.162147725 -0.195268246 -0.015777631 0.980622853 22.104342354
0.979196974 0.036047256 0.199688547 2.605575013 -0.038396740 0.999230715 0.007904738 0.164548422 -0.199249654 -0.015407696 0.979827876 22.506978804
0.978899770 0.035323750 0.201267079 2.650850809 -0.037789591 0.999249620 0.008421174 0.166685733 -0.200817847 -0.015849260 0.979500637 22.696879426
0.978401604 0.034961581 0.203736032 2.736067774 -0.037526275 0.999256767 0.008737709 0.169754984 -0.203278680 -0.016194405 0.978987125 23.067998015
0.977719223 0.034949970 0.206987749 2.817209847 -0.037527631 0.999258252 0.008538997 0.171805070 -0.206535093 -0.016116515 0.978306574 23.415619871
0.977329774 0.035528295 0.208722415 2.857677741 -0.038142583 0.999235176 0.008512262 0.172946369 -0.208260226 -0.016280468 0.977938403 23.582703877
0.976679447 0.036577001 0.211566451 2.935681470 -0.039263310 0.999191785 0.008508742 0.175331585 -0.211084403 -0.016617091 0.977326304 23.919592296
0.976146376 0.036710715 0.213987463 3.014417902 -0.039471340 0.999183299 0.008641360 0.177873643 -0.213495398 -0.016881648 0.976798738 24.255799431
0.975806385 0.036658505 0.215542404 3.055618072 -0.039497030 0.999180317 0.008875441 0.179421778 -0.215040608 -0.017173981 0.976454740 24.422200535
0.975278069 0.035890986 0.218050378 3.136551317 -0.038954601 0.999192532 0.009766690 0.183194342 -0.217523462 -0.018019280 0.975889465 24.756358897
0.974545648 0.035056798 0.221432307 3.216548781 -0.038137551 0.999225204 0.009651080 0.185162620 -0.220922852 -0.017850287 0.975128325 25.077756877
0.974239041 0.035054061 0.222777032 3.263087845 -0.038031418 0.999234596 0.009087395 0.185416182 -0.222288636 -0.017325824 0.974827595 25.252856829
0.973375844 0.035992497 0.226371723 3.346957210 -0.038916419 0.999205986 0.008465493 0.186706183 -0.225887197 -0.017049687 0.974004049 25.584310201
0.972296149 0.035712831 0.231007860 3.435956436 -0.038656646 0.999218282 0.008228224 0.188544086 -0.230532878 -0.016930211 0.972917569 25.910998151
0.971708221 0.035891753 0.233444272 3.480822818 -0.038828263 0.999213221 0.007994342 0.189296464 -0.232973750 -0.016832363 0.972337735 26.074003071
0.970482911 0.035277456 0.238577293 3.567420909 -0.037935183 0.999258368 0.006555926 0.188986400 -0.238168833 -0.015412889 0.971101301 26.389293400
0.969156611 0.034217638 0.244061888 3.663753037 -0.036608336 0.999315470 0.005264879 0.188952796 -0.243714367 -0.014037214 0.969746130 26.709190796
0.968454881 0.034090147 0.246848077 3.713751174 -0.036382106 0.999326343 0.004728540 0.189143101 -0.246520796 -0.013560156 0.969043300 26.867437483
0.967193650 0.033812460 0.251780314 3.806417414 -0.035913630 0.999347618 0.003753502 0.189715258 -0.251489476 -0.012672691 0.967778006 27.190732293
0.965562647 0.033451683 0.258012428 3.902013613 -0.035543341 0.999362135 0.003445777 0.191414770 -0.257732289 -0.012497735 0.966135897 27.511298731
0.964616709 0.033266355 0.261550725 3.956614084 -0.035371988 0.999367941 0.003345702 0.192413609 -0.261273488 -0.012478859 0.965184483 27.678910912
0.962732859 0.032735105 0.268464735 4.073556710 -0.034817472 0.999388623 0.002998202 0.194294704 -0.268202686 -0.012233740 0.963285025 28.034238027
0.960851416 0.032009368 0.275210890 4.188299913 -0.034104721 0.999414215 0.002830306 0.196475257 -0.274958029 -0.012105446 0.961380275 28.391604005
0.959960784 0.031104276 0.278403900 4.242167152 -0.033207066 0.999443546 0.002839070 0.197627248 -0.278160754 -0.011970353 0.960460568 28.559895462
0.958032263 0.029403285 0.285148084 4.364239314 -0.031562480 0.999497399 0.002978838 0.200246241 -0.284916753 -0.011853859 0.958478765 28.910455924
0.955798050 0.029031794 0.292588435 4.489446646 -0.031558488 0.999493479 0.003918286 0.204390061 -0.292326763 -0.012978718 0.956230514 29.271737775
0.954553938 0.028783316 0.296646640 4.555450951 -0.031569557 0.999490987 0.004605400 0.206856506 -0.296363339 -0.013761110 0.954977145 29.456041110
0.951936241 0.029448323 0.304878171 4.693736591 -0.032628296 0.999452900 0.005339415 0.210919139 -0.304553554 -0.015030422 0.952376911 29.846115947
0.949467605 0.028768870 0.312546109 4.832549793 -0.032261357 0.999460837 0.006007891 0.214701141 -0.312204612 -0.015787424 0.949884148 30.222059998
0.948238405 0.028239872 0.316301637 4.901487846 -0.031790496 0.999475782 0.006069849 0.216074991 -0.315964215 -0.015811077 0.948639771 30.403649339
0.945352076 0.028460904 0.324808358 5.047632857 -0.032152879 0.999464163 0.006003742 0.218625471 -0.324463286 -0.016119130 0.945760568 30.772798691
0.942645202 0.026127873 0.332771868 5.192103941 -0.030097794 0.999523320 0.006779920 0.222404752 -0.332436209 -0.016406735 0.942983068 31.129848283
0.938299473 0.024603576 0.344948595 5.419851361 -0.028962233 0.999551774 0.007487240 0.227522901 -0.344609577 -0.017015724 0.938592040 31.682467030
0.935531183 0.023650643 0.352451597 5.575731126 -0.028037241 0.999579843 0.007345814 0.229929851 -0.352128918 -0.016754004 0.935801828 32.056226169
0.934240445 0.024256959 0.355819412 5.658274622 -0.028708715 0.999561448 0.007235392 0.231191877 -0.355487935 -0.016974699 0.934527109 32.252476091
0.931819876 0.025136527 0.362049813 5.814886391 -0.029826768 0.999527466 0.007370561 0.234165660 -0.361694051 -0.017666785 0.932129903 32.625551291
0.929388605 0.023936191 0.368326577 5.971495873 -0.029052877 0.999542261 0.008351718 0.238479412 -0.367958694 -0.018462915 0.929659655 32.998617812
0.927903560 0.023753125 0.372062839 6.063038843 -0.029172996 0.999533478 0.008943822 0.240951032 -0.371676643 -0.019153186 0.928164202 33.200149024
0.924934521 0.021930932 0.379492758 6.237652000 -0.027669028 0.999569470 0.009672090 0.244914036 -0.379118026 -0.019446223 0.925144203 33.583796067
0.922217104 0.019953758 0.386157256 6.412061415 -0.025701813 0.999621660 0.009727813 0.247619586 -0.385817076 -0.018896108 0.922381591 33.953998919
0.920704852 0.019313614 0.389782058 6.495863912 -0.025229472 0.999630253 0.010063003 0.249497806 -0.389443604 -0.019099030 0.920852492 34.135431977
0.917439299 0.017345358 0.397497967 6.679272459 -0.023623581 0.999660992 0.010902539 0.253612946 -0.397174088 -0.019392720 0.917538883 34.510914824
0.913800475 0.017160746 0.405802165 6.859543891 -0.023884574 0.999648378 0.011510564 0.257343233 -0.405461294 -0.020210770 0.913888532 34.875668898
0.912116353 0.016947385 0.409580812 6.953081996 -0.023708353 0.999653473 0.011434299 0.258577934 -0.409245179 -0.020139920 0.912202230 35.061714982
0.908812698 0.015630349 0.416912118 7.135554831 -0.022344234 0.999687240 0.011228404 0.260848789 -0.416605453 -0.019520090 0.908877439 35.424437706
0.905516457 0.013071429 0.424110353 7.335298366 -0.019484306 0.999751513 0.010787639 0.262772051 -0.423863240 -0.018031851 0.905547067 35.798421199
0.903865535 0.011216439 0.427669312 7.433235933 -0.017229132 0.999798751 0.010191579 0.263047844 -0.427469580 -0.016580190 0.903877839 35.980391888
0.901239784 0.008258177 0.433243257 7.629843360 -0.013593159 0.999865141 0.009217950 0.263996266 -0.433108830 -0.014196709 0.901229741 36.343650430
0.899421349 0.005184830 0.437052449 7.831989275 -0.010402999 0.999899785 0.009546599 0.267337513 -0.436958806 -0.013133065 0.899386306 36.729036272
0.898569186 0.004327526 0.438810339 7.936933502 -0.009445283 0.999910363 0.009480424 0.268699850 -0.438729686 -0.012663510 0.898530294 36.931782189
0.897277034 0.002445305 0.441462325 8.136150158 -0.007093669 0.999935286 0.008879216 0.270503752 -0.441411853 -0.011098698 0.897236262 37.319899059
0.896101278 0.000797784 0.443848377 8.338298156 -0.005082299 0.999950628 0.008463484 0.272625026 -0.443820018 -0.009839908 0.896062027 37.705292803
0.895826646 -0.000509479 0.444405136 8.433302418 -0.003561500 0.999958571 0.008325605 0.273733421 -0.444390541 -0.009041033 0.895787901 37.889979171
0.895355426 -0.003523151 0.445339500 8.642250466 -0.000424805 0.999960931 0.008764917 0.277363747 -0.445352381 -0.008036901 0.895319660 38.282693069
0.894985378 -0.006192822 0.446052838 8.843663423 0.002405654 0.999955882 0.009056137 0.280698149 -0.446089123 -0.007032064 0.894960879 38.668759223
0.895167771 -0.008166949 0.445655025 8.950808012 0.004901433 0.999952043 0.008479531 0.281211041 -0.445702769 -0.005406251 0.895165558 38.869469839
0.897160720 -0.012141729 0.441538359 9.153162466 0.009697501 0.999921728 0.007792182 0.282999805 -0.441598889 -0.002709000 0.897208567 39.268318073
0.900096770 -0.014661754 0.435443862 9.341379888 0.012053113 0.999888941 0.008752324 0.287540969 -0.435523709 -0.002629491 0.900173447 39.666621228
0.901555114 -0.016183868 0.432361371 9.440457438 0.013317781 0.999864283 0.009656150 0.290608508 -0.432458733 -0.002947456 0.901649024 39.874798240
0.904592571 -0.017457525 0.425918525 9.616739061 0.013895988 0.999837340 0.011468212 0.296542638 -0.426049944 -0.004455549 0.904688849 40.270524318
0.909066614 -0.017891213 0.416266786 9.784229014 0.014233087 0.999827826 0.011889772 0.300144682 -0.416407414 -0.004883853 0.909165425 40.674428711
0.911608076 -0.017659735 0.410681609 9.863841169 0.014137825 0.999831901 0.011611477 0.301089336 -0.410818075 -0.004778958 0.911705792 40.873401759
0.916660125 -0.017411439 0.399288075 10.025467604 0.013788405 0.999833021 0.011944433 0.304546623 -0.399429368 -0.005443435 0.916747728 41.282749231
0.921409402 -0.018747542 0.388140718 10.178826363 0.015298583 0.999810996 0.011974195 0.307481146 -0.388291736 -0.005095123 0.921522701 41.686130696
0.924243097 -0.020229226 0.381269343 10.257177622 0.016967710 0.999785046 0.011914369 0.308919580 -0.381428398 -0.004542466 0.924387302 41.899913417
0.930169016 -0.022012124 0.366469797 10.416286361 0.019219441 0.999751158 0.011267763 0.310964484 -0.366627227 -0.003437594 0.930362085 42.338895780
0.935769967 -0.019800246 0.352053582 10.555198334 0.017799270 0.999801724 0.008919817 0.309949680 -0.352160654 -0.002080597 0.935937512 42.769360514
0.938221390 -0.018449621 0.345544924 10.619419150 0.016618380 0.999827495 0.008261516 0.310280602 -0.345637200 -0.002008719 0.938366610 42.982623156
0.942969437 -0.016099062 0.332491118 10.750058242 0.014450393 0.999867254 0.007430789 0.311792963 -0.332566882 -0.002202357 0.943077392 43.407102129
0.947766955 -0.012969573 0.318700197 10.877238960 0.011553178 0.999912825 0.006334288 0.312958589 -0.318754832 -0.002321437 0.947834553 43.848437021
0.950194416 -0.012049776 0.311424689 10.930993240 0.010924018 0.999925485 0.005358913 0.312736212 -0.311465927 -0.001689977 0.950256181 44.057774657
0.954793810 -0.011096379 0.297063989 11.048441798 0.010548513 0.999938037 0.003447173 0.312525402 -0.297083754 -0.000157772 0.954851545 44.494509607
0.959025769 -0.011904278 0.283069293 11.153744500 0.011269156 0.999928291 0.003871764 0.316150021 -0.283095231 -0.000523139 0.959092481 44.915199324
0.961156589 -0.012342459 0.275728604 11.205294099 0.011440455 0.999921984 0.004879776 0.319307032 -0.275768040 -0.001535795 0.961222987 45.126555873
0.965049477 -0.011595674 0.261811183 11.294262393 0.010272610 0.999926489 0.006421373 0.324783537 -0.261867093 -0.003507444 0.965098052 45.548747146
0.968634594 -0.008263921 0.248352563 11.380299653 0.006565521 0.999948359 0.007666128 0.329762673 -0.248403600 -0.005795106 0.968639747 45.973662710
0.970140247 -0.005956492 0.242474199 11.425255352 0.004220241 0.999961207 0.007679302 0.331258117 -0.242510142 -0.006426700 0.970127822 46.191152430
0.972771752 -0.001572447 0.231761233 11.501561646 -0.000217891 0.999969479 0.007699134 0.334160834 -0.231765762 -0.007539991 0.972742446 46.611472586
0.974760983 -0.000523851 0.223252245 11.592937340 -0.001358579 0.999964876 0.008278191 0.338115390 -0.223248772 -0.008372561 0.974725975 47.045085249
0.975777354 -0.000676228 0.218767039 11.629623280 -0.001263125 0.999960913 0.008724926 0.340308042 -0.218764115 -0.008789904 0.975738904 47.256601061
0.977896471 -0.000370000 0.209092258 11.709065990 -0.001583152 0.999956119 0.009173656 0.344005602 -0.209086349 -0.009301904 0.977853140 47.687647334
0.979920421 -0.003396159 0.199363671 11.789236795 0.001161891 0.999934836 0.011322909 0.350559943 -0.199388627 -0.010863903 0.979860349 48.117994836
0.980708199 -0.000687966 0.195478999 11.822258179 -0.001620014 0.999930793 0.011646608 0.352578373 -0.195473579 -0.011738596 0.980638901 48.332913114
0.982112904 0.005559681 0.188213379 11.886310779 -0.007811270 0.999906572 0.011223351 0.354942219 -0.188133381 -0.012492775 0.982064575 48.778253646
0.983205947 0.009967878 0.182226988 11.960099686 -0.012018356 0.999876180 0.010151354 0.356252557 -0.182102561 -0.012170924 0.983204604 49.228209859
0.983638225 0.012270612 0.179740327 11.987053518 -0.014256315 0.999850161 0.009760337 0.357038773 -0.179593311 -0.012163087 0.983665569 49.435125922
0.984645519 0.014955456 0.173927180 12.059169897 -0.016772676 0.999818339 0.008982890 0.358757929 -0.173761220 -0.011762164 0.984717475 49.872987686
0.985422923 0.014696411 0.169487736 12.125216983 -0.016316395 0.999833028 0.008169316 0.360264848 -0.169338741 -0.010815626 0.985498898 50.302840629
0.985935659 0.013413790 0.166587501 12.160441221 -0.014814500 0.999864131 0.007168470 0.359973866 -0.166469071 -0.009535544 0.986000709 50.515733063
0.986676897 0.015103533 0.161991472 12.225225807 -0.016472307 0.999839057 0.007109789 0.362914545 -0.161858186 -0.009683401 0.986767204 50.960389590
0.986912079 0.017900396 0.160265382 12.296075282 -0.019534513 0.999771128 0.008626573 0.368647401 -0.160073476 -0.011644384 0.987036271 51.413038228
0.986895929 0.019575882 0.160167717 12.335165584 -0.021314154 0.999730859 0.009141952 0.371098063 -0.159945909 -0.012435982 0.987047720 51.635963902
0.986793417 0.023377519 0.160289011 12.405812836 -0.025210532 0.999637568 0.009411462 0.374683487 -0.160010365 -0.013328153 0.987025750 52.075174113
0.986275987 0.027117152 0.162863844 12.481795636 -0.029137015 0.999524488 0.010026503 0.378934292 -0.162513685 -0.014634270 0.986598480 52.523070478
0.985791010 0.028005180 0.165630730 12.524025015 -0.030084783 0.999496282 0.010060036 0.380619834 -0.165264871 -0.014900067 0.986136817 52.756732374
0.984542184 0.027962037 0.172902329 12.623354055 -0.029872309 0.999517341 0.008455834 0.381075366 -0.172582846 -0.013490123 0.984903395 53.223922034
0.983329777 0.026949631 0.179825052 12.724355111 -0.028632174 0.999566542 0.006766998 0.381422073 -0.179564983 -0.011802977 0.983675191 53.703204201
0.982710427 0.027016503 0.183170025 12.778724595 -0.028687030 0.999566847 0.006476414 0.382642110 -0.182914936 -0.011619052 0.983060271 53.952889503
0.981001596 0.027227350 0.192081497 12.894055262 -0.029240010 0.999542473 0.007650803 0.388033721 -0.191784930 -0.013121855 0.981349406 54.446118582
0.978760882 0.027558212 0.203148339 13.014723868 -0.029874921 0.999518809 0.008346001 0.392690745 -0.202819726 -0.014237790 0.979112772 54.948042882
0.977703062 0.027456702 0.208189067 13.081024406 -0.029953673 0.999511418 0.008850324 0.395297752 -0.207844531 -0.014888996 0.978048661 55.200287255
0.975413718 0.028762653 0.218496566 13.209229469 -0.031529634 0.999460420 0.009187079 0.399450719 -0.218114421 -0.015850277 0.975795195 55.708864481
0.973088592 0.029072408 0.228590890 13.357314051 -0.032168984 0.999434019 0.009830997 0.404351568 -0.228175832 -0.016919997 0.973473782 56.253559250
0.971799240 0.028773580 0.234047832 13.429684924 -0.032017783 0.999436163 0.010072610 0.406560826 -0.233626118 -0.017282277 0.972172851 56.513816395
0.969248171 0.028615337 0.244414585 13.590436386 -0.032165657 0.999426702 0.010546239 0.411175528 -0.243972956 -0.018083690 0.969613614 57.060400805
0.966552978 0.027611099 0.254979392 13.758930404 -0.031344828 0.999452048 0.010590875 0.415163658 -0.254547207 -0.018228876 0.966889029 57.627091271
0.965178199 0.027617485 0.260132458 13.845847074 -0.031326921 0.999457057 0.010123732 0.416385439 -0.259711119 -0.017920363 0.965519744 57.914786737
0.962315063 0.027707954 0.270521604 14.035481046 -0.031684404 0.999444301 0.010342474 0.420897663 -0.270084531 -0.018524038 0.962657996 58.502783324
0.959763601 0.026927227 0.279517177 14.228248173 -0.031569100 0.999427468 0.012117410 0.428114687 -0.279030582 -0.020453927 0.960064731 59.101493658
0.958633568 0.026847219 0.283376342 14.319765964 -0.031684639 0.999419040 0.012500550 0.430854986 -0.282876130 -0.020962150 0.958927595 59.398550020
0.956688364 0.027078345 0.289854749 14.516939277 -0.031740890 0.999431001 0.011396160 0.433173192 -0.289380548 -0.020102798 0.957003294 59.993210478
0.954330480 0.027040095 0.297527812 14.722378559 -0.031796838 0.999431894 0.011158347 0.437014140 -0.297057311 -0.020109177 0.954648152 60.593830467
0.953279211 0.027053102 0.300878895 14.825099839 -0.031671362 0.999442727 0.010481316 0.437974636 -0.300428073 -0.019520862 0.953605001 60.894146679
0.950738182 0.027959924 0.308731976 15.040280225 -0.031967265 0.999456966 0.007928355 0.437952140 -0.308342228 -0.017407021 0.951116456 61.499400549
0.948575069 0.028900097 0.315231002 15.256924207 -0.032504510 0.999451968 0.006181981 0.439303302 -0.314879287 -0.016110521 0.948995372 62.103284987
0.947354961 0.028872485 0.318881579 15.370111801 -0.032437795 0.999456225 0.005874651 0.440947094 -0.318539017 -0.015909201 0.947776337 62.407525363
0.944983345 0.029463682 0.325788580 15.604959651 -0.033152615 0.999432969 0.005775952 0.445284913 -0.325433692 -0.016258917 0.945425687 63.035421043
0.942975542 0.029945303 0.331512650 15.840745227 -0.033852496 0.999408665 0.006016468 0.450287045 -0.331136714 -0.016895901 0.943432069 63.676084488
0.941967212 0.028767099 0.334470089 15.962404426 -0.032881426 0.999436319 0.006644253 0.453601058 -0.334090267 -0.017256480 0.942383554 63.999735776
0.939406412 0.027639378 0.341688820 16.217654748 -0.032440166 0.999438607 0.008342980 0.461106066 -0.341266186 -0.018921904 0.939776850 64.649600725
0.936898996 0.027464565 0.348520133 16.469770720 -0.032602066 0.999428366 0.008883097 0.466606257 -0.348077484 -0.019685011 0.937259359 65.288747394
0.935725063 0.027254947 0.351674775 16.602632161 -0.032432718 0.999434060 0.008839438 0.468870451 -0.351235159 -0.019677017 0.936080985 65.615653803
0.933112585 0.026356328 0.358617571 16.876625519 -0.031337374 0.999475332 0.008083221 0.472281642 -0.358216946 -0.018780721 0.933450012 66.275443252
0.930638156 0.027937596 0.364874071 17.145482905 -0.033530910 0.999397171 0.009001372 0.478724848 -0.364402605 -0.020611558 0.931014085 66.939974935
0.929433024 0.027798012 0.367942882 17.291213894 -0.033775959 0.999380850 0.009815782 0.482590334 -0.367442030 -0.021550718 0.929796579 67.282211097
0.926846453 0.027814670 0.374409969 17.579537802 -0.034667522 0.999331878 0.011579204 0.490496440 -0.373838356 -0.023712044 0.927191138 67.955951019
0.924235046 0.028575245 0.380753558 17.868599260 -0.035740567 0.999291218 0.011760139 0.495719453 -0.380147408 -0.024477484 0.924602560 68.629028053
0.922757510 0.029643810 0.384239234 18.017998783 -0.036800498 0.999258550 0.011284800 0.497429213 -0.383619168 -0.024553287 0.923165459 68.967876840
0.919049736 0.030197602 0.392984573 18.339408105 -0.036728478 0.999283823 0.009108042 0.498806577 -0.392427640 -0.022804456 0.919500600 69.665536622
0.915114789 0.031720597 0.401943426 18.671278774 -0.038566587 0.999215677 0.008949394 0.503777169 -0.401344140 -0.023691290 0.915621311 70.367101720
0.913357722 0.032162264 0.405885646 18.835013029 -0.039457348 0.999174262 0.009615981 0.507531902 -0.405241367 -0.024798003 0.913874078 70.719916849
0.909409744 0.031471087 0.414708163 19.178282633 -0.040038228 0.999125596 0.011978505 0.516840035 -0.413968993 -0.027497556 0.909875882 71.438154512
0.905729188 0.030744705 0.422741729 19.544165774 -0.039499504 0.999147122 0.011963367 0.522196053 -0.422013805 -0.027533703 0.906172020 72.176366753
0.904016672 0.030850541 0.426383318 19.725171035 -0.039885278 0.999128621 0.012273779 0.525423197 -0.425633102 -0.028102123 0.904459727 72.540443818
0.899997185 0.031552107 0.434752180 20.099850641 -0.040794334 0.999095359 0.011940476 0.530301366 -0.433982009 -0.028481785 0.900471802 73.270495944
0.895719979 0.030945857 0.443540578 20.490126984 -0.040543029 0.999103734 0.012168041 0.536080742 -0.442766880 -0.028881629 0.896171846 73.999708950
0.893708303 0.030354644 0.447620297 20.686730827 -0.040140893 0.999116689 0.012390888 0.539129116 -0.446848896 -0.029041697 0.894138221 74.362953889
0.889606969 0.031038687 0.455671260 21.079941055 -0.040953671 0.999089524 0.011899440 0.543735898 -0.454886586 -0.029247251 0.890068689 75.089453419
0.885508431 0.032279635 0.463501683 21.482887880 -0.041993138 0.999060929 0.010649386 0.547119176 -0.462721756 -0.028894034 0.886032590 75.820569732
0.883578511 0.032625646 0.467144389 21.688493722 -0.042515733 0.999039118 0.010642838 0.549897178 -0.466348287 -0.029264801 0.884117163 76.189105548
0.879951230 0.032405254 0.473957437 22.095101742 -0.042557605 0.999036622 0.010706907 0.555424631 -0.473154017 -0.029592085 0.880482599 76.916806635
0.876390169 0.032472727 0.480504670 22.520649148 -0.043325064 0.998994244 0.011507825 0.562445621 -0.479648350 -0.030903242 0.876916891 77.667848367
0.873550414 0.032057890 0.485676353 22.741119366 -0.043237237 0.998994765 0.011827346 0.565767993 -0.484809342 -0.031331126 0.874058682 78.036227642
0.867763941 0.032364322 0.495921675 23.186459144 -0.044073856 0.998956610 0.011927607 0.571523826 -0.495018437 -0.032207532 0.868286159 78.768910343
0.861952573 0.032207546 0.505965508 23.639861643 -0.044398606 0.998941186 0.012048251 0.577254955 -0.505042104 -0.032849158 0.862469901 79.494110261
0.859491181 0.031815621 0.510159573 23.856256115 -0.044199765 0.998948499 0.012167096 0.580058149 -0.509235829 -0.033006446 0.859993997 79.838989564
0.854579413 0.031383010 0.518372497 24.305582852 -0.044026759 0.998956730 0.012103367 0.585280100 -0.517451600 -0.033165534 0.855069429 80.540689445
0.849331657 0.032661905 0.526849217 24.757109063 -0.045720522 0.998883904 0.011780220 0.590172594 -0.525876680 -0.034093096 0.849877567 81.240350657
0.846691222 0.033176029 0.531050053 24.992240699 -0.046300483 0.998861726 0.011418706 0.592321892 -0.530067137 -0.034255962 0.847264182 81.595132178
0.841435888 0.033522655 0.539316640 25.460099457 -0.046645348 0.998853998 0.010689166 0.596452475 -0.538340522 -0.034150864 0.842035952 82.293284775
0.835994597 0.032894543 0.547751669 25.940620556 -0.046734272 0.998842899 0.011342875 0.602956851 -0.546744904 -0.035081344 0.836563838 82.993309783
0.833643520 0.032713232 0.551332710 26.188417110 -0.046800415 0.998837600 0.011498841 0.605969976 -0.550315775 -0.035388556 0.834206349 83.349973496
0.829088344 0.032232383 0.558187977 26.685478748 -0.046205202 0.998871140 0.010950000 0.610479951 -0.557205497 -0.034869710 0.829642533 84.061950208
0.824150525 0.032256033 0.565452564 27.202009639 -0.046121312 0.998882449 0.010241057 0.614852863 -0.564490449 -0.034519544 0.824717858 84.783145524
0.822640688 0.031534362 0.567686871 27.452739531 -0.045153405 0.998929799 0.009942799 0.617013387 -0.566765693 -0.033812326 0.823185524 85.137093689
0.817676636 0.029494871 0.574922262 27.961324073 -0.042450388 0.999056944 0.009120587 0.620785417 -0.574110171 -0.031863327 0.818157882 85.824738563
0.813304517 0.027956780 0.581166190 28.479640451 -0.040883055 0.999121602 0.009150801 0.626123877 -0.580399950 -0.031202225 0.813733834 86.516982149
0.810993622 0.027450596 0.584411785 28.745966398 -0.040713966 0.999124460 0.009568955 0.629585599 -0.583637544 -0.031554053 0.811401774 86.870088603
0.806315067 0.025768850 0.590924707 29.267214543 -0.038999515 0.999192341 0.009642379 0.634991438 -0.590199393 -0.030820633 0.806669059 87.559610681
0.802515399 0.022438229 0.596208912 29.791928180 -0.033621797 0.999404720 0.007643581 0.636574107 -0.595682742 -0.026179724 0.802793262 88.232303849
0.800021491 0.022029018 0.599567256 30.059519529 -0.032247183 0.999459681 0.006306702 0.636902108 -0.599104016 -0.024379812 0.800299761 88.570617729
0.796751927 0.022124938 0.603902098 30.591032396 -0.031759342 0.999481260 0.005283755 0.640473819 -0.603471623 -0.023389379 0.797042066 89.250627942
0.793297593 0.017988544 0.608569018 31.130600953 -0.027871957 0.999587965 0.006785823 0.648140731 -0.608196683 -0.022345220 0.793472188 89.923128685
0.792226224 0.016132060 0.610014451 31.396717525 -0.026892780 0.999601702 0.008490869 0.653644923 -0.609634951 -0.023131702 0.792344787 90.262769573
0.787817246 0.015268153 0.615720598 31.944551111 -0.028000546 0.999546046 0.011040868 0.663384565 -0.615272874 -0.025938693 0.787887911 90.941226285
0.784155462 0.014781172 0.620388636 32.483183853 -0.027886609 0.999545096 0.011433091 0.669267190 -0.619937884 -0.026265842 0.784211338 91.600966517
0.778101277 0.012193884 0.628020348 33.297262366 -0.024876899 0.999625096 0.011412762 0.676865598 -0.627645478 -0.024503501 0.778113591 92.578076360
0.774614993 0.011651671 0.632326060 33.860704125 -0.023684560 0.999662729 0.010593601 0.680806599 -0.631989670 -0.023182286 0.774630250 93.255737346
0.773117768 0.011065827 0.634166779 34.140959863 -0.022444741 0.999698024 0.009918383 0.682308420 -0.633865962 -0.021901752 0.773133343 93.595931411
0.769445670 0.010781636 0.638621536 34.705133301 -0.021917254 0.999714248 0.009529257 0.687006248 -0.638336726 -0.021329103 0.769461820 94.272907228
0.765961444 0.009198647 0.642821678 35.272032085 -0.019938328 0.999755791 0.009451444 0.692083966 -0.642577976 -0.020056218 0.765958605 94.933707177
0.763744399 0.008300710 0.645465487 35.555744404 -0.019019926 0.999771920 0.009648086 0.694982498 -0.645238684 -0.019645363 0.763728427 95.257038520
0.760790318 0.007786410 0.648950891 36.127041592 -0.018215738 0.999789602 0.009359056 0.699721293 -0.648741540 -0.018941391 0.760772927 95.913759060
