1.000000000 0.000000000 -0.000000000 -0.000000000 0.000000000 1.000000000 0.000000000 0.000000000 0.000000000 -0.000000000 1.000000000 0.000000000
0.999999303 0.000471864 0.000102712 0.002636985 -0.000471972 0.999998794 0.001837084 -0.000356767 -0.000100632 -0.001837127 0.999998267 0.312644649
0.999997128 0.002085700 0.001201847 0.004847293 -0.002091367 0.999986357 0.004807182 -0.002018382 -0.001191327 -0.004809660 0.999987587 0.926662849
0.999994316 0.002319319 0.002253012 0.013414937 -0.002332881 0.999979147 0.006074827 -0.006518855 -0.002237831 -0.006080038 0.999979088 1.521685800
0.999992305 0.002702006 0.002631628 0.014869293 -0.002718380 0.999977411 0.006273410 -0.009498898 -0.002614039 -0.006280557 0.999977253 1.823588347
0.999981867 0.003549002 0.004806954 0.029001766 -0.003579100 0.999974699 0.006286012 -0.016168322 -0.004783565 -0.006303154 0.999968987 2.409789583
0.999967201 0.002645571 0.007544801 0.046061818 -0.002699884 0.999971286 0.007215765 -0.021262152 -0.007525157 -0.007235850 0.999945103 2.996828901
0.999958321 0.002493196 0.008718315 0.055065990 -0.002558914 0.999968871 0.007547398 -0.024077925 -0.008697835 -0.007569357 0.999933783 3.290482445
0.999940861 0.001965299 0.010665224 0.070492807 -0.002053899 0.999963824 0.008306598 -0.029691212 -0.010648288 -0.008328003 0.999908943 3.897848552
0.999916420 0.002180282 0.012749974 0.084986624 -0.002304091 0.999950668 0.009714118 -0.034177017 -0.012728150 -0.009742702 0.999871527 4.504953322
0.999896104 0.001776943 0.014255173 0.095111986 -0.001923188 0.999946086 0.010263292 -0.036738577 -0.014234882 -0.010289704 0.999846133 4.809323132
0.999864791 0.000111325 0.016401094 0.115097526 -0.000255031 0.999961689 0.008765574 -0.046212220 -0.016398297 -0.008768624 0.999827291 5.407575444
0.999826112 -0.000936901 0.018612108 0.136602236 0.000845680 0.999987652 0.004912169 -0.059564668 -0.018615712 -0.004895580 0.999814483 5.985453002
0.999800943 -0.000365463 0.019941270 0.145559745 0.000281869 0.999991172 0.004198666 -0.064179730 -0.019942101 -0.004192208 0.999792792 6.279086923
0.999729743 -0.000615343 0.023204911 0.171120500 0.000498496 0.999987851 0.005049306 -0.069547045 -0.023207382 -0.005036355 0.999718536 6.858146096
0.999651109 -0.004541932 0.026018510 0.204568048 0.004365034 0.999967177 0.006853157 -0.073506100 -0.026048107 -0.006737238 0.999638187 7.449849553
0.999606521 -0.006813491 0.027203454 0.219513689 0.006607920 0.999948941 0.007643162 -0.075717439 -0.027253667 -0.007460432 0.999600546 7.755591347
0.999490232 -0.010669315 0.030074916 0.255583969 0.010466490 0.999922281 0.006897356 -0.083980817 -0.030145675 -0.006579102 0.999524531 8.337628902
0.999412872 -0.009639994 0.032875674 0.282012376 0.009568720 0.999951797 0.002325780 -0.098870057 -0.032895776 -0.002009809 0.999456487 8.927297725
0.999368784 -0.008925894 0.034370982 0.295640324 0.008982144 0.999958873 -0.001481471 -0.108912614 -0.034355502 0.001789211 0.999408741 9.222240621
0.999259194 -0.011164281 0.036808963 0.330458463 0.011619835 0.999858994 -0.012182646 -0.134229084 -0.036667710 0.012601339 0.999248121 9.814258426
0.999174343 -0.011765206 0.038866984 0.365565100 0.012671813 0.999652227 -0.023159796 -0.160170824 -0.038581334 0.023633236 0.998976398 10.427149133
0.999126002 -0.012649957 0.039838890 0.386107697 0.013703654 0.999561513 -0.026285463 -0.169187041 -0.039487619 0.026808432 0.998860191 10.734458514
0.999037415 -0.013395367 0.041751219 0.423846091 0.014566563 0.999505872 -0.027873048 -0.179606290 -0.041356188 0.028454331 0.998739256 11.368945491
0.998951536 -0.013068109 0.043872286 0.459212144 0.014302489 0.999507477 -0.027939952 -0.187815905 -0.043484761 0.028538042 0.998646663 12.033955247
0.998895912 -0.013015575 0.045136042 0.482118443 0.014278029 0.999512894 -0.027761179 -0.191645545 -0.044751368 0.028375012 0.998594967 12.362748178
0.998847788 -0.010849967 0.046735138 0.520367746 0.012157841 0.999540291 -0.027790533 -0.199988890 -0.046412072 0.028326711 0.998520416 13.028577375
0.998917638 -0.008921532 0.045633786 0.553851451 0.010308503 0.999489590 -0.030245431 -0.212448728 -0.045339332 0.030683088 0.998500055 13.703433373
0.998981801 -0.007804812 0.044416204 0.572044261 0.009198126 0.999469351 -0.031249531 -0.218385654 -0.044149158 0.031626243 0.998524540 14.041275017
0.999147212 -0.004693453 0.041005032 0.597359314 0.006039481 0.999444902 -0.032762463 -0.229517941 -0.040827968 0.032982109 0.998622081 14.745002376
0.999267783 -0.001558944 0.038211293 0.622894703 0.002807967 0.999463345 -0.032651544 -0.238029023 -0.038139419 0.032734910 0.998736671 15.459198181
0.999329227 -0.000122781 0.036606093 0.635704654 0.001280907 0.999500081 -0.031612833 -0.240655207 -0.036583453 0.031638544 0.998829684 15.816313853
0.999480548 0.003661243 0.032014426 0.653776812 -0.002713075 0.999558254 -0.029608296 -0.245991878 -0.032108965 0.029506031 0.999048918 16.538795072
0.999617527 0.008319574 0.026340427 0.664109408 -0.007563267 0.999560816 -0.028677634 -0.252934491 -0.026566577 0.028467395 0.999241441 17.259069713
0.999674647 0.010602922 0.023178282 0.665503519 -0.009946895 0.999552796 -0.028232175 -0.256382973 -0.023465781 0.027992508 0.999332501 17.623332680
0.999745918 0.013458334 0.018062667 0.674541253 -0.012946300 0.999519477 -0.028167711 -0.264401715 -0.018432499 0.027926711 0.999440594 18.322442231
0.999791077 0.016484455 0.012052821 0.677028275 -0.016149467 0.999495198 -0.027376721 -0.271163216 -0.012497664 0.027176433 0.999552714 19.030089921
0.999777212 0.019174590 0.008803285 0.673448396 -0.018927408 0.999447522 -0.027341644 -0.275014141 -0.009322798 0.027168902 0.999587324 19.382540473
0.999737712 0.022569131 0.003769701 0.671909981 -0.022457972 0.999375128 -0.027294302 -0.282705804 -0.004382152 0.027202427 0.999620956 20.078643627
0.999682694 0.025120611 -0.001761787 0.665735588 -0.025158657 0.999326842 -0.026719202 -0.289515935 0.001089315 0.026754991 0.999641700 20.783828089
0.999640060 0.026452329 -0.004288307 0.663101411 -0.026558911 0.999280569 -0.027084854 -0.294004536 0.003569495 0.027189048 0.999623706 21.136545320
0.999551605 0.028211445 -0.010037662 0.654684122 -0.028473467 0.999229996 -0.027002453 -0.301343084 0.009268151 0.027276160 0.999584914 21.820297032
0.999445897 0.029688439 -0.015024797 0.644226902 -0.030074971 0.999204739 -0.026192700 -0.307258579 0.014236288 0.026630129 0.999543997 22.493077138
0.999373607 0.030789503 -0.017423849 0.637289159 -0.031249616 0.999152723 -0.026786050 -0.311652230 0.016584072 0.027313693 0.999489711 22.813381291
0.999226932 0.031801321 -0.023091640 0.621026555 -0.032416925 0.999115176 -0.026796962 -0.318799670 0.022219947 0.027524878 0.999373977 23.484506162
0.999050247 0.033376443 -0.028003085 0.602702504 -0.034121966 0.999064451 -0.026582753 -0.325353731 0.027090600 0.027513091 0.999254754 24.144650379
0.998972502 0.033807161 -0.030168617 0.592885919 -0.034625930 0.999035289 -0.027045171 -0.329443717 0.029226072 0.028062042 0.999178966 24.464136944
0.998809031 0.033012331 -0.035898379 0.570380645 -0.034012910 0.999039665 -0.027629030 -0.337060129 0.034952866 0.028817047 0.998973930 25.102295322
0.998569646 0.034175964 -0.041101701 0.540873118 -0.035327590 0.998994037 -0.027628649 -0.343206108 0.040116885 0.029041226 0.998773030 25.717674584
0.998467141 0.034170601 -0.043517944 0.527862749 -0.035422461 0.998971587 -0.028330159 -0.347386757 0.042505634 0.029828302 0.998651094 26.015459540
0.998153709 0.035795448 -0.049071182 0.491414907 -0.037282237 0.998863181 -0.029727001 -0.355548685 0.047951289 0.031501591 0.998353032 26.618461525
0.997907213 0.036230427 -0.053551239 0.455871306 -0.037821396 0.998863741 -0.029001596 -0.360072220 0.052440249 0.030966253 0.998144120 27.211336961
0.997786238 0.036759806 -0.055406389 0.437156397 -0.038366721 0.998865419 -0.028224036 -0.361596350 0.054306487 0.030287363 0.998065325 27.507509090
0.997506267 0.037411043 -0.059844114 0.404201325 -0.039108095 0.998858766 -0.027443721 -0.365868251 0.058749865 0.029715665 0.997830178 28.080328450
0.997257305 0.036656369 -0.064292546 0.369160698 -0.038453866 0.998897373 -0.026947735 -0.370476404 0.063234020 0.029346181 0.997567070 28.642157016
0.997103432 0.037133818 -0.066375117 0.348195373 -0.038986265 0.998879995 -0.026835649 -0.372818838 0.065305117 0.029345594 0.997433729 28.916893234
0.996797434 0.037240735 -0.070763028 0.307875666 -0.039227849 0.998868532 -0.026902321 -0.377843910 0.069682559 0.029592102 0.997130743 29.446029507
0.996549999 0.037039276 -0.074266765 0.270110267 -0.039190368 0.998847475 -0.027719386 -0.383936827 0.073154427 0.030534261 0.996853016 29.955095313
0.996384343 0.037040271 -0.076456243 0.249780370 -0.039297339 0.998828916 -0.028230472 -0.387131334 0.075321403 0.031132903 0.996673559 30.209216152
0.996022930 0.037165600 -0.080969479 0.203559635 -0.039537613 0.998829306 -0.027892149 -0.391201457 0.079839039 0.030982550 0.996325968 30.726281181
0.995782797 0.036526676 -0.084149860 0.161903605 -0.038862047 0.998899688 -0.026282867 -0.393026589 0.083097949 0.029442280 0.996106135 31.223859137
0.995600110 0.036874516 -0.086133110 0.138611667 -0.039172410 0.998916972 -0.025142876 -0.393250728 0.085113813 0.028406267 0.995966200 31.466751610
0.995286022 0.037283510 -0.089523158 0.091835193 -0.039567454 0.998932385 -0.023874979 -0.395250634 0.088538168 0.027304570 0.995699054 31.942079775
0.995006660 0.037122162 -0.092648822 0.048532029 -0.039532983 0.998922467 -0.024322591 -0.399985653 0.091646425 0.027863834 0.995402267 32.397592924
0.994859838 0.037237781 -0.094164261 0.026788555 -0.039750359 0.998898828 -0.024949223 -0.402959044 0.093132196 0.028563983 0.995243576 32.620122960
0.994492236 0.038121424 -0.097629496 -0.017821397 -0.040887142 0.998813612 -0.026486230 -0.409230011 0.096504407 0.030332131 0.994870290 33.054466004
0.994225341 0.037560528 -0.100520558 -0.059639334 -0.040434102 0.998826080 -0.026704167 -0.413277881 0.099399359 0.030614421 0.994576569 33.479214332
0.994103789 0.036928198 -0.101947383 -0.083262026 -0.039802435 0.998861930 -0.026304147 -0.414506106 0.100861005 0.030206839 0.994441504 33.701216135
0.993825638 0.035597481 -0.105084351 -0.126933517 -0.038413061 0.998952064 -0.024892701 -0.415819201 0.104088752 0.028775675 0.994151185 34.125447021
0.993536375 0.035744939 -0.107734086 -0.169785798 -0.038473039 0.998986847 -0.023351618 -0.416772607 0.106790474 0.027345478 0.993905271 34.539515603
0.993417573 0.036571513 -0.108551202 -0.190789890 -0.039206373 0.998984291 -0.022238507 -0.416589656 0.107627410 0.026348013 0.993842141 34.741473974
0.993183300 0.038496988 -0.110020370 -0.232163424 -0.041010962 0.998945513 -0.020678713 -0.417105815 0.109108700 0.025049729 0.993714725 35.124775010
0.992831262 0.040159959 -0.112574584 -0.273899340 -0.042735134 0.998875529 -0.020555453 -0.419845577 0.111623469 0.025219023 0.993430668 35.487172076
0.992676996 0.040637372 -0.113756711 -0.296203479 -0.043222659 0.998858220 -0.020352703 -0.420938676 0.112800511 0.025120521 0.993300032 35.667963177
0.992498014 0.040530138 -0.115341575 -0.338095699 -0.043159458 0.998860961 -0.020390830 -0.423830620 0.114384172 0.025215949 0.993116399 36.019918723
0.992400480 0.037861089 -0.117078802 -0.371661926 -0.040595272 0.998954458 -0.021057196 -0.427857949 0.116159932 0.025650021 0.992899696 36.353444864
0.992301519 0.036773737 -0.118255093 -0.393185481 -0.039590799 0.998984002 -0.021561265 -0.430080770 0.117342374 0.026077092 0.992749511 36.524057418
0.992135393 0.035432965 -0.120041412 -0.429143131 -0.038427184 0.999004017 -0.022720791 -0.434488817 0.119117595 0.027155040 0.992508788 36.825712560
0.991962886 0.034916370 -0.121613928 -0.463504617 -0.038173922 0.998970236 -0.024559288 -0.439806842 0.120632032 0.029004358 0.992273446 37.107025324
0.991917127 0.035860975 -0.121706836 -0.476989381 -0.039246342 0.998903737 -0.025533572 -0.442489798 0.120657859 0.030103737 0.992237348 37.238336118
0.991729654 0.039084960 -0.122246746 -0.513208310 -0.042558611 0.998758182 -0.025933694 -0.445222989 0.121081489 0.030921888 0.992160374 37.519129805
0.991584826 0.040224105 -0.123047948 -0.544845685 -0.043569033 0.998747218 -0.024614692 -0.445061446 0.121904847 0.029768650 0.992095220 37.780443507
0.991565619 0.040106186 -0.123241863 -0.558274971 -0.043415178 0.998762006 -0.024281163 -0.445605248 0.122116177 0.029426912 0.992079721 37.911777629
0.991610284 0.039658923 -0.123026143 -0.586133947 -0.042989651 0.998774500 -0.024537074 -0.448164342 0.121903736 0.029620085 0.992099615 38.174156193
0.991759258 0.038122894 -0.122311055 -0.612104889 -0.041549664 0.998809173 -0.025589309 -0.452128736 0.121190158 0.030460411 0.992162016 38.437066697
0.991847243 0.037259681 -0.121864612 -0.624621397 -0.040764801 0.998820045 -0.026396669 -0.454579712 0.120737630 0.031149313 0.992195671 38.568653653
0.991971194 0.036608279 -0.121049618 -0.654361683 -0.040417506 0.998757769 -0.029163937 -0.461349045 0.119832178 0.033822276 0.992218048 38.840878895
0.992066601 0.036651629 -0.120246855 -0.684111301 -0.040793928 0.998649933 -0.032168887 -0.468478235 0.118905658 0.036819068 0.992222592 39.113100213
0.992117970 0.036388340 -0.119905567 -0.698555247 -0.040625977 0.998627164 -0.033087826 -0.471043310 0.118537226 0.037698310 0.992234268 39.244138658
0.992287202 0.036205480 -0.118553082 -0.724334888 -0.040405077 0.998631370 -0.033213554 -0.473506057 0.117188837 0.037747483 0.992391787 39.517505399
0.992305322 0.037355146 -0.118039826 -0.757481599 -0.041484129 0.998603747 -0.032717914 -0.474961295 0.116652679 0.037362986 0.992469835 39.809573783
0.992541853 0.038726055 -0.115582045 -0.803671383 -0.042847682 0.998524206 -0.033390608 -0.479692532 0.114119112 0.038094079 0.992737005 40.264266073
0.992585902 0.038587518 -0.115255924 -0.840245795 -0.042715195 0.998524270 -0.033559877 -0.482528789 0.113791100 0.038234231 0.992768847 40.586544444
0.992607224 0.038286192 -0.115165393 -0.856123380 -0.042402596 0.998539071 -0.033508339 -0.483791799 0.113715095 0.038144020 0.992781258 40.748369405
0.992621012 0.036465208 -0.115637614 -0.890623124 -0.040596207 0.998611669 -0.033572295 -0.486711638 0.114253538 0.038019014 0.992723681 41.081633991
0.992441812 0.035916804 -0.117335070 -0.929757290 -0.040051472 0.998650326 -0.033071902 -0.488689968 0.115989587 0.037521363 0.992541120 41.423980539
0.992250562 0.036011600 -0.118917806 -0.952996761 -0.040107897 0.998676248 -0.032233993 -0.488745548 0.117600526 0.036753700 0.992380939 41.604509322
0.991812760 0.036195701 -0.122458966 -0.997726345 -0.040290381 0.998703814 -0.031127238 -0.489734460 0.121174470 0.035806316 0.991985000 41.955664723
0.991327843 0.037567544 -0.125919835 -1.048104751 -0.041746902 0.998656308 -0.030717175 -0.491793140 0.124597443 0.035707624 0.991564729 42.315606518
0.991069356 0.038065403 -0.127793216 -1.074257543 -0.042295888 0.998638617 -0.030554885 -0.492874532 0.126456793 0.035687160 0.991329907 42.495303214
0.990357746 0.037593942 -0.133334683 -1.126563904 -0.041971786 0.998663098 -0.030175553 -0.495067303 0.132022534 0.035480817 0.990612087 42.854696281
0.989435254 0.037898005 -0.139931131 -1.185454420 -0.042471502 0.998652318 -0.029843299 -0.497292324 0.138611834 0.035471077 0.989711576 43.222613424
0.988977150 0.038121102 -0.143071446 -1.217214814 -0.042740572 0.998655090 -0.029353555 -0.497854112 0.141761759 0.035144971 0.989276698 43.411113849
0.988089699 0.038040543 -0.149098897 -1.278804537 -0.042702632 0.998690246 -0.028191604 -0.498723643 0.147832699 0.034222783 0.988420322 43.788664735
0.987114185 0.037652175 -0.155520690 -1.337997809 -0.042498605 0.998705521 -0.027955114 -0.500873177 0.154266975 0.034204301 0.987437104 44.135702981
0.986550069 0.037457698 -0.159109268 -1.372674635 -0.042465487 0.998700594 -0.028190672 -0.502580728 0.157846306 0.034568169 0.986858676 44.323370012
0.985334306 0.036984672 -0.166578853 -1.439442611 -0.042330890 0.998692997 -0.028657819 -0.505854152 0.165301573 0.035288950 0.985611399 44.678646796
0.983997354 0.037011514 -0.174295169 -1.515505354 -0.042634048 0.998680928 -0.028625122 -0.508244163 0.173006737 0.035597936 0.984277009 45.052076604
0.983388899 0.036930446 -0.177710115 -1.554003873 -0.042619418 0.998691134 -0.028301515 -0.508900418 0.176432833 0.035405247 0.983676117 45.238660567
0.982001350 0.037277183 -0.185155430 -1.631287595 -0.043070471 0.998697231 -0.027364941 -0.509517684 0.183894778 0.034847225 0.982328415 45.590956354
0.980732761 0.036907902 -0.191834039 -1.704763105 -0.042927386 0.998704865 -0.027316716 -0.511706041 0.190578185 0.035025337 0.981046935 45.944329540
0.980080149 0.036900145 -0.195143128 -1.743429335 -0.043061387 0.998696274 -0.027424328 -0.512954303 0.193877358 0.035281143 0.980391451 46.120467186
0.978626709 0.036336933 -0.202407512 -1.823658264 -0.042850590 0.998692378 -0.027891579 -0.515826894 0.201130151 0.035968701 0.978904146 46.471917478
0.977091582 0.036273284 -0.209702047 -1.906785998 -0.043233769 0.998653556 -0.028702685 -0.519165517 0.208379138 0.037111341 0.977343634 46.822541788
0.976278563 0.036128338 -0.213479267 -1.952039492 -0.043282168 0.998644238 -0.028931369 -0.520565982 0.212145235 0.037484911 0.976519250 47.007202203
0.974493635 0.036265903 -0.221464333 -2.046357285 -0.043656962 0.998638407 -0.028569132 -0.521895780 0.220127491 0.037508935 0.974749880 47.375444544
0.972837703 0.036546008 -0.228583677 -2.139871940 -0.044196268 0.998618318 -0.028437525 -0.523485645 0.227229394 0.037767650 0.973108400 47.733517821
0.972110368 0.036910226 -0.231597185 -2.188010757 -0.044758027 0.998585208 -0.028721559 -0.524832347 0.230209922 0.038286344 0.972387677 47.917357923
0.970793831 0.037115420 -0.237024199 -2.287837140 -0.045334785 0.998541813 -0.029319850 -0.527699488 0.235590893 0.039209014 0.971061645 48.304821420
0.969616494 0.036369180 -0.241909760 -2.388631779 -0.044956423 0.998537167 -0.030071900 -0.530798609 0.240462661 0.040033635 0.969832902 48.692008753
0.969038809 0.035900693 -0.244283060 -2.442241338 -0.044647613 0.998542096 -0.030362304 -0.532223230 0.242837373 0.040328869 0.969228715 48.895085927
0.968012444 0.034874100 -0.248465059 -2.543824596 -0.043823641 0.998571973 -0.030578706 -0.534502506 0.247044291 0.040489187 0.968158271 49.292448429
0.967140173 0.035185787 -0.251796724 -2.651021939 -0.044323871 0.998545815 -0.030710751 -0.536512079 0.250350714 0.040862282 0.967292508 49.698611933
0.966700459 0.035483030 -0.253436900 -2.708328254 -0.044786499 0.998514780 -0.031032979 -0.537942745 0.251960052 0.041350085 0.966854062 49.911034369
0.966048891 0.036339925 -0.255789940 -2.818253319 -0.045774602 0.998469933 -0.031026415 -0.539696394 0.254271954 0.041681662 0.966233812 50.326819625
0.965277038 0.036793983 -0.258621008 -2.928956117 -0.046148559 0.998478740 -0.030191864 -0.540210364 0.257117287 0.041078586 0.965506539 50.752784628
0.964810765 0.036600486 -0.260384660 -2.986238323 -0.045956306 0.998495307 -0.029932168 -0.540711397 0.258897918 0.040845215 0.965041272 50.965217202
0.963911868 0.035619818 -0.263827208 -3.109983455 -0.045037047 0.998543072 -0.029731313 -0.542307224 0.262384449 0.040540311 0.964111884 51.418659124
0.962861870 0.034161946 -0.267821053 -3.239378964 -0.043835729 0.998581605 -0.030223087 -0.545032796 0.266409383 0.040840840 0.962994166 51.880886786
0.962251639 0.033498379 -0.270090630 -3.305034604 -0.043289920 0.998600935 -0.030376049 -0.546227720 0.268695955 0.040921583 0.962355501 52.111728815
0.960702115 0.033036024 -0.275607239 -3.441931193 -0.042909185 0.998633294 -0.029869346 -0.547238305 0.274244314 0.040521570 0.960806200 52.582225975
0.958722617 0.034491076 -0.282241772 -3.584769250 -0.044725384 0.998552207 -0.029896831 -0.548853323 0.280802791 0.041286150 0.958876807 53.040634885
0.957724305 0.034985028 -0.285550389 -3.657160941 -0.045470719 0.998509905 -0.030171890 -0.550062746 0.284070241 0.041880587 0.957888176 53.269561324
0.955874452 0.035392790 -0.291634486 -3.807431656 -0.046465343 0.998435783 -0.031127008 -0.553199258 0.290077297 0.043304373 0.956022626 53.746644296
0.953893952 0.034528891 -0.298150936 -3.963321639 -0.046151112 0.998421207 -0.032026879 -0.556265987 0.296575184 0.044310292 0.953981300 54.232526091
0.952932667 0.033837178 -0.301287549 -4.040379638 -0.045717656 0.998426748 -0.032467333 -0.557763415 0.299715703 0.044713280 0.952980698 54.470521084
0.951106308 0.032834476 -0.307113057 -4.199897161 -0.044725461 0.998495176 -0.031759194 -0.558167244 0.305608889 0.043942136 0.951142572 54.965777247
0.949845817 0.032797783 -0.310992374 -4.360365051 -0.044581403 0.998529526 -0.030855950 -0.558113326 0.309523614 0.043172876 0.949911599 55.460764770
0.949015549 0.033393886 -0.313454305 -4.448647329 -0.045370606 0.998490055 -0.030990208 -0.558921408 0.311946652 0.043631795 0.949097701 55.716363403
0.947713050 0.034071692 -0.317299073 -4.623306223 -0.046500102 0.998415990 -0.031677019 -0.561263142 0.315718097 0.044775149 0.947796083 56.228100023
0.946187671 0.034553012 -0.321767286 -4.799868445 -0.047302207 0.998371779 -0.031886757 -0.562789341 0.320142391 0.045391147 0.946281433 56.739298270
0.945456963 0.034736352 -0.323888415 -4.889094609 -0.047505573 0.998371430 -0.031599466 -0.562889775 0.322264055 0.045262383 0.945566976 56.994630988
0.944053275 0.034452669 -0.327985809 -5.073017162 -0.047212991 0.998403171 -0.031019620 -0.563148569 0.326394026 0.044769393 0.944173040 57.524533712
0.942421500 0.032671655 -0.332825072 -5.264481494 -0.045336444 0.998511075 -0.030355765 -0.563261756 0.331338142 0.043697005 0.942499817 58.062688820
0.941743126 0.031960077 -0.334810653 -5.358378892 -0.044682056 0.998540097 -0.030362419 -0.563840119 0.333352335 0.043553600 0.941795837 58.327088020
0.940422725 0.030929404 -0.338596857 -5.556311516 -0.043862379 0.998568917 -0.030609011 -0.565392759 0.337166326 0.043637066 0.940433414 58.884191719
0.939111546 0.031016016 -0.342208631 -5.759067789 -0.044367700 0.998526858 -0.031255839 -0.567425569 0.340735709 0.044535792 0.939103586 59.439922015
0.938335698 0.030880941 -0.344342524 -5.866950372 -0.044426457 0.998515719 -0.031514725 -0.568338157 0.342858980 0.044869330 0.938314955 59.731532653
0.936551004 0.030262320 -0.349220747 -6.083821172 -0.044153173 0.998516284 -0.031883302 -0.569817784 0.347738249 0.045279570 0.936498090 60.304044206
0.934517453 0.029037122 -0.354728420 -6.304530256 -0.043189945 0.998553209 -0.032043529 -0.570885861 0.353285366 0.045265954 0.934419791 60.875465714
0.933748270 0.027963257 -0.356833945 -6.414320833 -0.042107100 0.998603725 -0.031928901 -0.571162844 0.355443257 0.044838805 0.933621832 61.166536018
0.931588182 0.026787616 -0.362526953 -6.638655901 -0.040554156 0.998714886 -0.030416035 -0.569508045 0.361246952 0.043037200 0.931476983 61.747332549
0.929129197 0.026887373 -0.368775823 -6.867797508 -0.040368098 0.998767604 -0.028887486 -0.567673676 0.367545419 0.041726993 0.929069113 62.326762873
0.927766995 0.027356278 -0.372153287 -6.982527596 -0.040821941 0.998764976 -0.028350809 -0.567023627 0.370919056 0.041494992 0.927738359 62.606035261
0.925120715 0.027024281 -0.378709561 -7.213935432 -0.040579663 0.998788475 -0.027856743 -0.566617320 0.377497981 0.041138776 0.925095948 63.164023024
0.922205098 0.026225459 -0.385809682 -7.451878425 -0.039385907 0.998880179 -0.026245928 -0.564354010 0.384689846 0.039399658 0.922205097 63.730555467
0.920782285 0.025498493 -0.389240795 -7.573189038 -0.038516621 0.998928382 -0.025676599 -0.563596267 0.388170374 0.038634806 0.920778109 64.018353458
0.917727935 0.024429139 -0.396457730 -7.824458975 -0.037141422 0.999012495 -0.024418159 -0.561639603 0.395470020 0.037134264 0.917728038 64.591491554
0.913952903 0.024231685 -0.405095488 -8.082410005 -0.036226391 0.999102605 -0.021968532 -0.557578275 0.404200553 0.034753352 0.914009901 65.162737170
0.911903720 0.024155909 -0.409690812 -8.213299476 -0.035689351 0.999152989 -0.020527545 -0.555141916 0.408848137 0.033340717 0.911992929 65.447817137
0.908209379 0.023535687 -0.417852223 -8.480770793 -0.034802954 0.999207293 -0.019364338 -0.553018301 0.417065054 0.032129456 0.908307982 66.026745150
0.904020087 0.023452080 -0.426845190 -8.756154828 -0.035289019 0.999180960 -0.019841390 -0.553302552 0.426030478 0.033000002 0.904106305 66.593017979
0.902019190 0.022707220 -0.431097695 -8.894831044 -0.035003166 0.999174846 -0.020610453 -0.554291415 0.430274005 0.033680810 0.902069854 66.875871526
0.898262415 0.022263460 -0.438893571 -9.169416088 -0.035233851 0.999150095 -0.021428398 -0.554995669 0.438044006 0.034712288 0.898283286 67.431973547
0.894429610 0.021074793 -0.446710867 -9.443092485 -0.033528130 0.999238167 -0.019990339 -0.551891597 0.445949972 0.032857306 0.894454926 67.977950873
0.892807419 0.020563993 -0.449967116 -9.579909167 -0.032485333 0.999296417 -0.018787520 -0.549509890 0.449264212 0.031390959 0.892847019 68.250948585
0.889098382 0.020716487 -0.457245997 -9.865103007 -0.031974008 0.999346557 -0.016894994 -0.545271131 0.456598158 0.029641307 0.889179611 68.793654688
0.885296528 0.020051431 -0.464593969 -10.161572455 -0.030944049 0.999396434 -0.015831880 -0.542322244 0.463996951 0.028392330 0.885381504 69.353942848
0.883658666 0.020077872 -0.467698956 -10.310776861 -0.030918782 0.999402176 -0.015514087 -0.541134759 0.467108727 0.028169794 0.883751107 69.633810165
0.880210564 0.019703651 -0.474174586 -10.614042762 -0.030995500 0.999392130 -0.016008824 -0.540529450 0.473570794 0.028788395 0.880284978 70.192157334
0.876787118 0.018789472 -0.480509687 -10.919412626 -0.030865652 0.999375172 -0.017242006 -0.540970114 0.479886734 0.029948847 0.876819817 70.739505970
0.875212366 0.018405598 -0.483387256 -11.072493164 -0.030751425 0.999372390 -0.017625816 -0.540830503 0.482759976 0.030291196 0.875228741 71.018267327
0.871369516 0.017251546 -0.490322615 -11.384541786 -0.029710031 0.999403205 -0.017635878 -0.539076537 0.489726092 0.029934847 0.871362241 71.563724465
0.867663551 0.016738806 -0.496868949 -11.698508773 -0.029329009 0.999415995 -0.017547349 -0.537086809 0.496285909 0.029797921 0.867648302 72.108636908
0.866210556 0.016015163 -0.499420864 -11.856429292 -0.029259184 0.999397705 -0.018700098 -0.538057120 0.498821423 0.030810859 0.866157514 72.386017994
0.862055698 0.015840452 -0.506564325 -12.182010418 -0.030332584 0.999333158 -0.020369824 -0.538661231 0.505904475 0.032925299 0.861960864 72.927618552
0.858022234 0.016026954 -0.513361244 -12.501089293 -0.030877803 0.999315533 -0.020410493 -0.536516407 0.512683946 0.033364088 0.857929852 73.450284800
0.856191247 0.016139944 -0.516405915 -12.661016818 -0.030915364 0.999322384 -0.020024060 -0.534794167 0.515733303 0.033109299 0.856108919 73.716708125
0.852029583 0.015737814 -0.523256255 -12.984866716 -0.030252417 0.999357826 -0.019203404 -0.531100314 0.522618857 0.032191625 0.851958672 74.238023101
0.848238307 0.015898017 -0.529375051 -13.303263760 -0.030477091 0.999358675 -0.018822428 -0.528018271 0.528736415 0.032099743 0.848179168 74.740093483
0.845979984 0.016009755 -0.532973306 -13.472831066 -0.030878160 0.999343130 -0.018993767 -0.526966486 0.532318988 0.032525596 0.845918135 75.003773164
0.841807768 0.015863405 -0.539544656 -13.810209838 -0.031499082 0.999308838 -0.019764408 -0.525490766 0.538858082 0.033632986 0.841725166 75.521233086
0.837459389 0.015912175 -0.546266700 -14.147732471 -0.032298148 0.999270559 -0.020407435 -0.523687416 0.545545024 0.034733782 0.837361916 76.028256721
0.835128734 0.016107670 -0.549818805 -14.319375741 -0.032878507 0.999245920 -0.020665615 -0.522602030 0.549071047 0.035335626 0.835028449 76.280949642
0.831382315 0.016910351 -0.555442207 -14.667291776 -0.034057378 0.999208777 -0.020556251 -0.519299824 0.554655293 0.036007062 0.831300491 76.795419519
0.827483974 0.016124936 -0.561257234 -15.018066433 -0.032912170 0.999262568 -0.019815030 -0.514914262 0.560524756 0.034868800 0.827403831 77.309080311
0.825477714 0.016807141 -0.564183029 -15.200111142 -0.033660520 0.999243649 -0.019482413 -0.512639897 0.563430271 0.035073025 0.825418978 77.569216095
0.821485818 0.018621350 -0.569924409 -15.563391719 -0.035774872 0.999181241 -0.018919202 -0.508131319 0.569105673 0.035930863 0.821479213 78.079320998
0.818499765 0.019775548 -0.574165785 -15.921847350 -0.036763640 0.999162332 -0.017995054 -0.503092592 0.573329662 0.035837334 0.818541169 78.590799848
0.816884683 0.020109510 -0.576449363 -16.100187007 -0.036937800 0.999165491 -0.017488659 -0.500492308 0.575616528 0.035579040 0.816945410 78.841593858
0.813747547 0.020601959 -0.580852171 -16.456055405 -0.037086482 0.999176230 -0.016517394 -0.495251927 0.580033403 0.034982730 0.813841026 79.333016087
0.810198477 0.021314036 -0.585767190 -16.818491885 -0.037289873 0.999188585 -0.015220258 -0.489424040 0.584968169 0.034174620 0.810336380 79.832969151
0.808894545 0.021527792 -0.587559326 -16.998744202 -0.037117427 0.999206087 -0.014489493 -0.486368081 0.586781250 0.033529128 0.809050628 80.083220864
0.806339179 0.021880177 -0.591048152 -17.366815763 -0.037078510 0.999220070 -0.013594217 -0.481080172 0.590290263 0.032876676 0.806520901 80.591966101
0.803830564 0.022874460 -0.594417804 -17.734123333 -0.038670807 0.999156762 -0.013844980 -0.477561733 0.593599920 0.034115679 0.804036612 81.090525813
0.802291715 0.023454375 -0.596470946 -17.921150587 -0.039726634 0.999110562 -0.014148029 -0.476019679 0.595609051 0.035046548 0.802509761 81.338845585
0.799418940 0.023038272 -0.600330857 -18.298888630 -0.039632655 0.999110240 -0.014434385 -0.472431819 0.599464650 0.035331812 0.799620819 81.844835950
0.797050099 0.021406209 -0.603532203 -18.674625352 -0.036591838 0.999248076 -0.012883353 -0.465880985 0.602803383 0.032353058 0.797233379 82.351405894
0.795798617 0.020898102 -0.605199857 -18.859684468 -0.035461428 0.999297833 -0.012122968 -0.462655453 0.604522478 0.031108685 0.795981052 82.600291292
0.793088059 0.019617405 -0.608789690 -19.236568562 -0.033493012 0.999374098 -0.011429040 -0.457368433 0.608185468 0.029454447 0.793248268 83.096133960
0.791019351 0.020533718 -0.611446411 -19.616342128 -0.034372369 0.999350264 -0.010906747 -0.452187587 0.610825325 0.029644343 0.791210645 83.591154572
0.789638016 0.020391539 -0.613233360 -19.811072910 -0.034718501 0.999331227 -0.011475564 -0.450862024 0.612590651 0.030352083 0.789817814 83.837282917
0.787639274 0.018198569 -0.615866835 -20.188238522 -0.033951689 0.999327731 -0.013891764 -0.450555277 0.615200075 0.031851426 0.787727563 84.322631412
0.785106750 0.016511957 -0.619138937 -20.570964813 -0.032780928 0.999351768 -0.014916429 -0.447919642 0.618491896 0.032007011 0.785139365 84.816803367
0.783784580 0.015182159 -0.620846301 -20.763746382 -0.031130357 0.999405513 -0.014861037 -0.445640312 0.620253026 0.030974999 0.783790084 85.063489380
0.781634509 0.015109019 -0.623552853 -21.146386346 -0.030409734 0.999440921 -0.013902247 -0.439675992 0.622994955 0.029828588 0.781657699 85.557697637
0.779731208 0.015534699 -0.625921125 -21.531902302 -0.030152745 0.999463889 -0.012756742 -0.433298051 0.625388521 0.028820033 0.779781237 86.051089504
0.778568717 0.015501050 -0.627367653 -21.720991521 -0.030238921 0.999461217 -0.012832080 -0.431182610 0.626831286 0.028961620 0.778616911 86.288428403
0.776076496 0.014560990 -0.630469698 -22.103095607 -0.030786993 0.999416349 -0.014815401 -0.429908846 0.629886260 0.030908182 0.776071608 86.761979418
0.773873217 0.012626030 -0.633214568 -22.486156023 -0.029961753 0.999411830 -0.016689574 -0.428407245 0.632632141 0.031887769 0.773795645 87.235259284
0.772771712 0.012381965 -0.634563327 -22.682806206 -0.030127770 0.999398556 -0.017188838 -0.426885903 0.633969288 0.032401043 0.772679458 87.480842499
0.769843547 0.011094970 -0.638135927 -23.081997489 -0.028912711 0.999429119 -0.017503634 -0.422498426 0.637578133 0.031925275 0.769724488 87.959941935
0.766945510 0.011123559 -0.641614244 -23.501861011 -0.028765828 0.999441592 -0.017057914 -0.416570418 0.641067016 0.031539108 0.766837482 88.464357824
0.765214841 0.011482349 -0.643671771 -23.711934558 -0.029002429 0.999440709 -0.016650197 -0.413198816 0.643121179 0.031408980 0.765120598 88.706130353
0.763037571 0.012156904 -0.646239021 -24.115898420 -0.029638815 0.999430107 -0.016194738 -0.407322287 0.645673841 0.031510941 0.762962631 89.183877863
0.760915283 0.012779602 -0.648725018 -24.505753198 -0.030502641 0.999405286 -0.016090047 -0.402208858 0.648134251 0.032030912 0.760852522 89.644841827
0.759675271 0.012445889 -0.650182369 -24.699799297 -0.030203976 0.999413212 -0.016159607 -0.399836120 0.649599996 0.031914209 0.759606125 89.870375506
0.757045745 0.012068222 -0.653249659 -25.105722224 -0.030191993 0.999407514 -0.016526100 -0.395293207 0.652664686 0.032233985 0.756961013 90.347561205
0.754127774 0.011650704 -0.656623208 -25.513726040 -0.030308964 0.999395381 -0.017077150 -0.390906619 0.656028448 0.032779966 0.754024386 90.813758074
0.753136873 0.011868756 -0.657756505 -25.722865292 -0.030892211 0.999373199 -0.017339040 -0.388612519 0.657138780 0.033378149 0.753030607 91.055792485
0.750802330 0.012488418 -0.660407953 -26.136465823 -0.031911611 0.999339979 -0.017381964 -0.383286493 0.659755570 0.034125119 0.750704504 91.530797660
0.747469133 0.012643825 -0.664174448 -26.558703658 -0.032013196 0.999343618 -0.017003761 -0.377079463 0.663524253 0.033972207 0.747382868 92.003349745
0.746101502 0.012510646 -0.665712936 -26.768956322 -0.032199209 0.999331964 -0.017307294 -0.374739694 0.665052842 0.034348491 0.746006527 92.234671161
0.742896500 0.012146585 -0.669295370 -27.194080000 -0.031618743 0.999356813 -0.016959258 -0.368498894 0.668659736 0.033761300 0.742802623 92.706402715
0.740379967 0.013363618 -0.672054958 -27.606950740 -0.032049714 0.999367918 -0.015436070 -0.360386379 0.671424384 0.032967760 0.740340055 93.160832191
0.739045262 0.013455865 -0.673520912 -27.816211558 -0.031895541 0.999378626 -0.015032661 -0.356904990 0.672901158 0.032592101 0.739014908 93.392439691
0.735599681 0.013282584 -0.677285433 -28.245375190 -0.032519479 0.999348236 -0.015720890 -0.352154129 0.676634999 0.033589232 0.735551793 93.852620603
0.733107753 0.013319210 -0.679980831 -28.667929262 -0.032802570 0.999337095 -0.015790970 -0.346391406 0.679320875 0.033881562 0.733059227 94.304288122
0.731758530 0.013282873 -0.681433898 -28.882971356 -0.032735627 0.999341185 -0.015673654 -0.343212330 0.680777618 0.033776427 0.731710743 94.534250526
0.728942055 0.014285062 -0.684425437 -29.297939577 -0.033416512 0.999333013 -0.014732445 -0.335895885 0.683759667 0.033610182 0.728932722 94.977684194
0.726165757 0.014965642 -0.687356396 -29.717697747 -0.033256219 0.999357703 -0.013375294 -0.327760125 0.686715566 0.032571506 0.726196270 95.419758632
0.724738129 0.015350106 -0.688852878 -29.929979194 -0.033200629 0.999369468 -0.012660895 -0.323567474 0.688223788 0.032046169 0.724790763 95.640113128
0.721705031 0.016086410 -0.692013130 -30.351670244 -0.033327622 0.999378626 -0.011526327 -0.315755730 0.691398827 0.031381757 0.721791826 96.081636766
0.719135859 0.016763870 -0.694666774 -30.769669724 -0.033472502 0.999384106 -0.010534270 -0.308137862 0.694063225 0.030827747 0.719253545 96.513812962
0.717799198 0.017398511 -0.696031726 -30.977278900 -0.033441668 0.999395592 -0.009506045 -0.303427297 0.695446479 0.030099916 0.717947889 96.725101412
