1.000000000 0.000000000 0.000000000 -0.000000000 -0.000000000 1.000000000 -0.000000000 0.000000000 0.000000000 0.000000000 1.000000000 0.000000000
0.999998327 0.001563974 0.000826020 0.008697296 -0.001564183 0.999998941 0.000277512 -0.003461609 -0.000826108 -0.000278762 0.999999783 0.635903507
0.999988581 0.003831662 0.002844547 0.009710539 -0.003832442 0.999992314 0.000247589 -0.007817585 -0.002843825 -0.000258425 0.999995510 1.278245798
0.999913534 0.005569033 0.011915900 0.035747771 -0.005580270 0.999984026 0.000913722 -0.012813184 -0.011910758 -0.000980132 0.999928170 2.260144799
0.999825771 0.005899929 0.017717662 0.057357589 -0.005925589 0.999981457 0.001393311 -0.015959754 -0.017709467 -0.001498106 0.999841859 2.915079092
0.999756834 0.006008576 0.021236236 0.074541554 -0.006045096 0.999980622 0.001653539 -0.017297263 -0.021225543 -0.001781474 0.999772657 3.243048406
0.999526879 0.006055729 0.030157327 0.109465331 -0.006128981 0.999978485 0.002337498 -0.019816088 -0.030142831 -0.002521262 0.999542229 3.899815429
0.999218562 0.006376377 0.039006846 0.156629626 -0.006472799 0.999976501 0.002344596 -0.022998785 -0.038990961 -0.002595165 0.999235916 4.556751736
0.999038437 0.006430680 0.043375049 0.176086164 -0.006533409 0.999976032 0.002227196 -0.024970529 -0.043359723 -0.002508480 0.999055830 4.888026069
0.998598424 0.006374523 0.052542692 0.231509875 -0.006508018 0.999976190 0.002368647 -0.027602272 -0.052525817 -0.002707263 0.998615662 5.539348592
0.997968428 0.005399388 0.063485182 0.293487989 -0.005604192 0.999979823 0.003048867 -0.029192397 -0.063468082 -0.003398432 0.997977261 6.182578667
0.997691556 0.004747337 0.067742127 0.320057508 -0.004991516 0.999981856 0.003433995 -0.030036274 -0.067724052 -0.003764172 0.997695969 6.506588471
0.996981432 0.003940714 0.077539333 0.393115653 -0.004260924 0.999982889 0.003963794 -0.031353642 -0.077522070 -0.004282213 0.996980600 7.148339533
0.996086133 0.003185386 0.088334113 0.465614046 -0.003597434 0.999982955 0.004504838 -0.032727283 -0.088318300 -0.004804938 0.996080164 7.789262880
0.995575503 0.002632736 0.093929944 0.512095254 -0.003095460 0.999984048 0.004780457 -0.033010924 -0.093915731 -0.005050041 0.995567138 8.107005427
0.994396835 0.002376937 0.105689900 0.599598179 -0.002954697 0.999981747 0.005310274 -0.033877774 -0.105675674 -0.005592772 0.994384408 8.752242678
0.993243108 0.001718861 0.116038895 0.693129715 -0.002396195 0.999980401 0.005698159 -0.034628595 -0.116027439 -0.005937680 0.993227424 9.388553858
0.992644706 0.001634362 0.121049294 0.740716763 -0.002400537 0.999977432 0.006183178 -0.034449966 -0.121036888 -0.006428253 0.992626411 9.707954212
0.991295494 0.001070454 0.131652018 0.847916463 -0.002070242 0.999969813 0.007457402 -0.033051286 -0.131639486 -0.007665010 0.991267756 10.328908280
0.990111182 -0.000704876 0.140282833 0.949686728 -0.000456001 0.999965316 0.008242872 -0.032721569 -0.140283636 -0.008225281 0.990076876 10.959609274
0.989447760 -0.002632842 0.144869972 1.007217129 0.001357989 0.999959647 0.008897667 -0.031943073 -0.144887197 -0.008606971 0.989410376 11.275878173
0.988185050 -0.007842639 0.153067572 1.128655675 0.006236082 0.999919961 0.010973072 -0.028618400 -0.153141239 -0.009888847 0.988154401 11.882300942
0.987302950 -0.013870998 0.158240196 1.240709446 0.011984936 0.999844825 0.012866757 -0.025807343 -0.158394279 -0.010806830 0.987316483 12.492683085
0.986877253 -0.016211096 0.160656806 1.298643627 0.014227221 0.999807954 0.013490682 -0.024776095 -0.160844728 -0.011027932 0.986918093 12.791753518
0.985803403 -0.020300053 0.166676970 1.423952190 0.018220274 0.999735485 0.013998005 -0.023618865 -0.166916846 -0.010762377 0.985912029 13.385925368
0.984659472 -0.026127009 0.172521307 1.543834831 0.024068698 0.999612347 0.014011778 -0.023620527 -0.172819663 -0.009644479 0.984905652 13.989843533
0.984227944 -0.028996881 0.174515551 1.605184116 0.026983650 0.999538686 0.013898409 -0.023700504 -0.174838293 -0.008970107 0.984555725 14.293870409
0.983754800 -0.035788463 0.175911850 1.724513641 0.033928952 0.999331613 0.013567605 -0.023928305 -0.176279666 -0.007378613 0.984312366 14.896959705
0.983297632 -0.041939317 0.177107693 1.842135810 0.040175455 0.999100290 0.013535017 -0.023605490 -0.177516281 -0.006193518 0.984097597 15.497570746
0.982832345 -0.044261785 0.179114550 1.906707926 0.042572159 0.999005270 0.013267581 -0.023670942 -0.179523552 -0.005414518 0.983738524 15.788534199
0.982276970 -0.047726219 0.181259017 2.030362999 0.046120335 0.998850536 0.013066085 -0.023342012 -0.181674889 -0.004474816 0.983347645 16.380218422
0.981690433 -0.052752050 0.183035957 2.152394474 0.051009982 0.998597137 0.014215889 -0.020810398 -0.183529383 -0.004618885 0.983003013 16.987463134
0.981422042 -0.055092724 0.183782115 2.214248082 0.053270041 0.998469747 0.014843317 -0.019415218 -0.184318798 -0.004777415 0.982854293 17.292327368
0.980619802 -0.065708513 0.184572259 2.467210220 0.063874938 0.997831038 0.015868774 -0.015793153 -0.185215047 -0.003771688 0.982690855 18.502016800
0.980633757 -0.068339612 0.183545068 2.526831460 0.066494388 0.997655561 0.016196270 -0.014792930 -0.184221071 -0.003677871 0.982877254 18.803569019
0.981221595 -0.073478294 0.178337152 2.637219250 0.071572118 0.997288024 0.017107094 -0.012490424 -0.179111055 -0.004021826 0.983820419 19.411465709
0.981662873 -0.077231241 0.174281754 2.746423523 0.075065697 0.996997763 0.018992876 -0.008661752 -0.175225177 -0.005562104 0.984512427 20.017718106
0.982125477 -0.078642341 0.171013082 2.797743580 0.076385217 0.996882824 0.019748392 -0.007143323 -0.172033637 -0.006332499 0.985070080 20.324891377
0.982919590 -0.079716585 0.165876594 2.906927165 0.077133458 0.996778548 0.021967290 -0.002785067 -0.167094262 -0.008797334 0.985901551 20.931147373
0.983938032 -0.081053341 0.159049404 3.004992466 0.078096132 0.996637650 0.024766308 0.002279663 -0.160521442 -0.011947355 0.986959687 21.538889038
0.984603301 -0.081671468 0.154552210 3.041898969 0.078728576 0.996580390 0.025077413 0.002548202 -0.156071274 -0.012523593 0.987665785 21.842570688
0.986074965 -0.082793338 0.144226006 3.121847929 0.080164143 0.996493390 0.023956471 0.000453469 -0.145703766 -0.012061039 0.989254410 22.440989241
0.987579226 -0.084057573 0.132747478 3.192800282 0.081714568 0.996389709 0.023010023 -0.001502442 -0.134201644 -0.011876832 0.990881670 23.026171420
0.988233482 -0.084262955 0.127652739 3.219624634 0.081986555 0.996368252 0.022992686 -0.002076943 -0.129126589 -0.012256274 0.991552435 23.314955356
0.989711236 -0.083576852 0.116133819 3.283744045 0.081377959 0.996404975 0.023556281 -0.001740458 -0.117684798 -0.013863170 0.992953761 23.890225126
0.990999072 -0.082855100 0.105151394 3.327816483 0.080759615 0.996443141 0.024038742 -0.002297311 -0.106769009 -0.015330400 0.994165566 24.453732373
0.991358841 -0.082859380 0.101694856 3.361612289 0.080781677 0.996433255 0.024387709 -0.001917174 -0.103352829 -0.015961906 0.994516656 24.717223088
0.992627750 -0.083753688 0.087607557 3.391113640 0.081918546 0.996341233 0.024342686 -0.003487467 -0.089326247 -0.016986524 0.995857053 25.259212805
0.993580820 -0.084332894 0.075395829 3.417847855 0.082756135 0.996285456 0.023802415 -0.006148488 -0.077123157 -0.017410088 0.996869083 25.797058447
0.994088303 -0.084588099 0.068066461 3.427857824 0.083176138 0.996261239 0.023321983 -0.007851606 -0.069784538 -0.017522549 0.997407966 26.061014741
0.995023818 -0.084396509 0.052968375 3.440043203 0.083330756 0.996278554 0.022019803 -0.012095619 -0.054628995 -0.017496353 0.998353006 26.577338982
0.995693276 -0.084721494 0.037648769 3.441742651 0.084001829 0.996258849 0.020304204 -0.017435426 -0.039228214 -0.017054100 0.999084234 27.095963976
0.995895580 -0.085170685 0.030634188 3.447313648 0.084612991 0.996231803 0.019063027 -0.020587939 -0.032143166 -0.016392693 0.999348426 27.353291760
0.996235186 -0.085363350 0.015099408 3.437813006 0.085105532 0.996226960 0.016958420 -0.026923299 -0.016489726 -0.015609530 0.999741410 27.855363340
0.996188544 -0.087184540 -0.002558768 3.417543212 0.087214701 0.996057188 0.016250762 -0.030900532 0.001131759 -0.016411972 0.999863815 28.341731630
0.995830753 -0.087399862 -0.026112785 3.368616081 0.087791811 0.996036311 0.014259177 -0.039324587 0.024762873 -0.016492215 0.999556390 29.034951632
0.995332186 -0.087342400 -0.041044138 3.327039454 0.087956363 0.996033614 0.013395589 -0.044510909 0.039711521 -0.016943134 0.999067206 29.489873074
0.995016332 -0.087296372 -0.048184121 3.310070136 0.088037557 0.996026221 0.013477522 -0.046067349 0.046815287 -0.017652325 0.998747453 29.714118410
0.994067126 -0.087412965 -0.064734087 3.255119828 0.088452136 0.995990838 0.013359864 -0.050352618 0.063307087 -0.019006469 0.997812784 30.167217513
0.993045773 -0.087751681 -0.078484074 3.201833323 0.088909385 0.995974625 0.011374425 -0.057869761 0.077170071 -0.018273259 0.996850063 30.604749134
0.992471474 -0.087791908 -0.085400578 3.169389111 0.088975806 0.995981978 0.010150057 -0.062277466 0.084166651 -0.017672179 0.996294472 30.823837300
0.991182275 -0.086907293 -0.100027727 3.104328713 0.088141594 0.996076155 0.007979407 -0.070486718 0.098941360 -0.016725627 0.994952731 31.243990236
0.989866546 -0.086526321 -0.112599519 3.040360492 0.087792192 0.996118110 0.006322933 -0.077883974 0.111615608 -0.016144231 0.993619353 31.665803356
0.989300025 -0.085531452 -0.118193522 3.002827778 0.086813816 0.996207594 0.005735602 -0.081499154 0.117254596 -0.015935022 0.992973457 31.877450917
0.988264180 -0.083377563 -0.127998886 2.936034260 0.084652223 0.996399666 0.004541333 -0.088498307 0.127159405 -0.015323422 0.991764118 32.295130080
0.987309354 -0.081561960 -0.136264078 2.864901142 0.082797542 0.996560116 0.003414979 -0.095694475 0.135516700 -0.014653934 0.990666419 32.724216760
0.986813434 -0.080848464 -0.140224339 2.829598454 0.082092882 0.996619473 0.003103900 -0.098854745 0.139499876 -0.014574365 0.990114132 32.939176742
0.985755894 -0.077485247 -0.149272738 2.741688650 0.078865228 0.996879283 0.003339283 -0.104348391 0.148547296 -0.015064126 0.988789737 33.361482537
0.984855795 -0.073150809 -0.157192243 2.662992816 0.074702384 0.997197768 0.003977308 -0.108752237 0.156460952 -0.015659652 0.987559335 33.761805358
0.984498324 -0.071739661 -0.160051040 2.619245464 0.073338210 0.997298680 0.004095731 -0.111517570 0.159325067 -0.015770040 0.987099783 33.964358039
0.983807317 -0.068451717 -0.165646062 2.544969249 0.070006921 0.997539662 0.003561575 -0.117772791 0.164994555 -0.015100256 0.986177982 34.353259421
0.982952998 -0.065356245 -0.171847227 2.460805890 0.066697941 0.997770577 0.002039300 -0.126066748 0.171331526 -0.013466418 0.985121243 34.745282480
0.982457316 -0.063677176 -0.175279560 2.423713648 0.064866404 0.997893035 0.001057950 -0.130368436 0.174843659 -0.012409160 0.984517710 34.939725192
0.981695257 -0.059483019 -0.180931050 2.335037542 0.060461964 0.998170290 -0.000104422 -0.138223272 0.180606663 -0.010836910 0.983495526 35.325132576
0.981301763 -0.054254122 -0.184673182 2.256263023 0.055116131 0.998480063 -0.000465852 -0.144409083 0.184417231 -0.009721297 0.982799885 35.707415772
0.981089467 -0.051643807 -0.186540956 2.208613809 0.052429001 0.998624639 -0.000724763 -0.147987993 0.186321862 -0.009069118 0.982446539 35.904171595
0.980498782 -0.047536866 -0.190692033 2.129273294 0.048217825 0.998835843 -0.001070148 -0.154070202 0.190520597 -0.008145453 0.981648515 36.285628162
0.979765806 -0.044364252 -0.195170652 2.043900655 0.044977487 0.998986510 -0.001290761 -0.160178510 0.195029975 -0.007513607 0.980768092 36.676011411
0.979499953 -0.042837216 -0.196838249 2.005612795 0.043461339 0.999054595 -0.001149476 -0.162644275 0.196701322 -0.007428953 0.980434219 36.868811935
0.978947296 -0.039545090 -0.200246659 1.926223097 0.040206012 0.999191336 -0.000766541 -0.167467473 0.200114590 -0.007300653 0.979745277 37.250277059
0.978183927 -0.034958683 -0.204780198 1.832361684 0.035718542 0.999361685 0.000014378 -0.172051732 0.204648615 -0.007328477 0.978807445 37.628260679
0.977798484 -0.032930729 -0.206946663 1.787908758 0.033655753 0.999433318 -0.000017215 -0.174936652 0.206830014 -0.006948141 0.978351315 37.811957699
0.977005218 -0.029211977 -0.211205064 1.705035420 0.029831263 0.999554489 -0.000253745 -0.180690385 0.211118672 -0.006052510 0.977441463 38.170424988
0.976195118 -0.025793355 -0.215356088 1.619447087 0.026507229 0.999648499 0.000426814 -0.185073414 0.215268697 -0.006125151 0.976534965 38.542792447
0.975742404 -0.024253792 -0.217572528 1.574383666 0.025098257 0.999684524 0.001118782 -0.186715628 0.217476805 -0.006552337 0.976042887 38.725670580
0.974718420 -0.022135306 -0.222337860 1.478784450 0.023314391 0.999724692 0.002679714 -0.189969882 0.222217741 -0.007795655 0.974965337 39.101181242
0.973514272 -0.022808730 -0.227486606 1.385445316 0.024368034 0.999694851 0.004048314 -0.193538622 0.227324702 -0.009484474 0.973772193 39.479999097
0.972937122 -0.022415121 -0.229981113 1.343763039 0.024105023 0.999698460 0.004541126 -0.195422745 0.229809764 -0.009961903 0.973183829 39.667839580
0.971858936 -0.021962718 -0.234538962 1.259132380 0.023898544 0.999699267 0.005414318 -0.199346866 0.234349727 -0.010867103 0.972091476 40.023837307
0.970769894 -0.019623150 -0.239208089 1.163253229 0.021832025 0.999739717 0.006587667 -0.203027515 0.239015885 -0.011617507 0.970945424 40.363290041
0.970127445 -0.019094419 -0.241845043 1.120311092 0.021382787 0.999747654 0.006840782 -0.205227388 0.241652848 -0.011807747 0.970290428 40.531446198
0.968903218 -0.019954843 -0.246635620 1.035491838 0.022111388 0.999737237 0.005977166 -0.211916065 0.246451111 -0.011244752 0.969089245 40.851370105
0.967455582 -0.023811982 -0.251917157 0.956256204 0.025464292 0.999670509 0.003300545 -0.221482678 0.251755288 -0.009607982 0.967743208 41.161520262
0.966884880 -0.024572474 -0.254027596 0.907765352 0.026095147 0.999655823 0.002625874 -0.225494295 0.253876346 -0.009167767 0.967192856 41.321390782
0.965393142 -0.027321191 -0.259365389 0.826695500 0.028868999 0.999580221 0.002159973 -0.231262843 0.259197679 -0.009572833 0.965776160 41.629084754
0.963730793 -0.028665363 -0.265334940 0.732932333 0.029923737 0.999552226 0.000700713 -0.239161639 0.265195547 -0.008615082 0.964156198 41.935763119
0.962882079 -0.028847828 -0.268376893 0.688789668 0.029898889 0.999552976 -0.000170688 -0.243196069 0.268261372 -0.007859819 0.963313473 42.084224627
0.961211744 -0.031746384 -0.273977643 0.601100782 0.032326004 0.999473875 -0.002399825 -0.252147916 0.273910102 -0.006549852 0.961732837 42.381968976
0.959476777 -0.031597687 -0.280011084 0.507788235 0.031597412 0.999489870 -0.004516129 -0.260993016 0.280010499 -0.004514435 0.959985464 42.671440726
0.958607001 -0.033118685 -0.282799908 0.460865943 0.032826252 0.999444263 -0.005773478 -0.265798424 0.282833869 -0.003748694 0.959161119 42.815760333
0.956657121 -0.038090532 -0.288715524 0.382495247 0.036993343 0.999271986 -0.009257765 -0.276328375 0.288857903 -0.001824024 0.957369232 43.091503577
0.954273000 -0.044738677 -0.295568638 0.297402693 0.043517440 0.998994807 -0.010711964 -0.283613314 0.295751260 -0.002640245 0.955260865 43.375368401
0.953148964 -0.046179057 -0.298955522 0.249846485 0.044971509 0.998928211 -0.010921195 -0.286576487 0.299139076 -0.003034969 0.954204008 43.518873196
0.951318646 -0.044354521 -0.305000773 0.149680699 0.042967971 0.999013136 -0.011260488 -0.292609599 0.305198755 -0.002392893 0.952284608 43.798436068
0.949192351 -0.043199098 -0.311719262 0.058221047 0.041495217 0.999064872 -0.012099961 -0.298938139 0.311950301 -0.001449647 0.950096973 44.055179221
0.948131205 -0.042412075 -0.315037488 0.008902999 0.040231806 0.999100420 -0.013423216 -0.303752172 0.315323620 0.000052467 0.948984069 44.178161924
0.945756710 -0.043341454 -0.321971114 -0.078623400 0.040117574 0.999056281 -0.016644390 -0.313866883 0.322388382 0.002824873 0.946602574 44.422643156
0.943279927 -0.048119123 -0.328493226 -0.167271252 0.044026645 0.998832606 -0.019889096 -0.324044180 0.329066193 0.004298556 0.944296486 44.665469298
0.941879262 -0.050387854 -0.332152479 -0.211140347 0.045995268 0.998719074 -0.021078604 -0.328288857 0.332788637 0.004576094 0.942989299 44.778701679
0.938800753 -0.053689350 -0.340250378 -0.294006120 0.048741337 0.998544626 -0.023079347 -0.335835465 0.340993702 0.005082694 0.940051419 44.994591325
0.935837472 -0.055616770 -0.348015978 -0.380264747 0.050156163 0.998436463 -0.024687689 -0.342840400 0.348844696 0.005648542 0.937163183 45.205520658
0.934239918 -0.056711528 -0.352108038 -0.420410983 0.051152345 0.998375237 -0.025080056 -0.345485482 0.352959156 0.005419643 0.935622680 45.306527723
0.930835867 -0.058605993 -0.360708858 -0.498575143 0.052611822 0.998264848 -0.026424056 -0.351513163 0.361631572 0.005618914 0.932303610 45.493818653
0.927291212 -0.061249944 -0.369296347 -0.579548206 0.054875394 0.998107543 -0.027751256 -0.357562411 0.370296512 0.005468265 0.928896612 45.676972774
0.921523639 -0.061849423 -0.383365426 -0.714002768 0.053865252 0.998050099 -0.031538314 -0.370135295 0.384568024 0.008413276 0.923058013 45.941251623
0.917861978 -0.061820082 -0.392056679 -0.804299937 0.051777464 0.998003880 -0.036148093 -0.382047320 0.393509262 0.012879262 0.919230156 46.110301248
0.915903743 -0.061720619 -0.396623668 -0.846203719 0.050901978 0.997989475 -0.037756366 -0.386653176 0.398156651 0.014392338 0.917204311 46.190785474
0.911425053 -0.061087733 -0.406907103 -0.933455273 0.049103826 0.997999028 -0.039839538 -0.394014243 0.408526247 0.016330050 0.912599987 46.346802508
0.906440020 -0.061941096 -0.417767774 -1.020241148 0.049524588 0.997950728 -0.040508284 -0.398910930 0.419420396 0.016028531 0.907649958 46.503663623
0.904142869 -0.062602592 -0.422618816 -1.062250322 0.050154638 0.997918869 -0.040521979 -0.400818906 0.424276491 0.015441367 0.905401070 46.584166184
0.899875155 -0.063900448 -0.431441123 -1.153980828 0.051478880 0.997855842 -0.040419775 -0.404809791 0.433098754 0.014162682 0.901234505 46.751614980
0.894956563 -0.065633185 -0.441299815 -1.236475895 0.053276524 0.997763745 -0.040349466 -0.408260445 0.442961120 0.012600193 0.896451892 46.897077066
0.892203413 -0.065993115 -0.446787543 -1.276943833 0.053499833 0.997744962 -0.040537077 -0.410262761 0.448453619 0.012264266 0.893721057 46.962033468
0.887345397 -0.066353169 -0.456307573 -1.366095018 0.053191747 0.997715059 -0.041643250 -0.415947461 0.458027543 0.012680234 0.888846699 47.097552383
0.883035529 -0.068178193 -0.464328491 -1.439314833 0.054886716 0.997604460 -0.042099473 -0.419877082 0.466086754 0.011689848 0.884661129 47.221020834
0.880381298 -0.069000248 -0.469220249 -1.473779922 0.055802657 0.997558472 -0.041993222 -0.421103888 0.470971578 0.010786318 0.882082188 47.277055648
0.874322221 -0.069811949 -0.480299150 -1.559814058 0.056754693 0.997517673 -0.041675497 -0.424066191 0.482015842 0.009178695 0.876113856 47.399529544
0.869413111 -0.070031643 -0.489098693 -1.638684858 0.056974259 0.997510329 -0.041552269 -0.427189614 0.490789805 0.008260128 0.871237732 47.514730151
0.867394269 -0.070224065 -0.492641803 -1.674814758 0.057090064 0.997498438 -0.041670955 -0.428954947 0.494336041 0.008020236 0.869233638 47.568279307
0.862724132 -0.070454102 -0.500742912 -1.744422015 0.057119072 0.997486460 -0.041935573 -0.432257573 0.502438017 0.007576965 0.864579021 47.661488316
0.857175902 -0.070699288 -0.510148717 -1.815715162 0.057148951 0.997472608 -0.042210989 -0.435559150 0.511843851 0.007027745 0.859050044 47.752215334
0.854783710 -0.070865281 -0.514124017 -1.855209030 0.057186076 0.997462327 -0.042409229 -0.437522229 0.515823771 0.006850019 0.856666336 47.800799152
0.851189584 -0.070704214 -0.520075106 -1.917120135 0.056926752 0.997475897 -0.042436696 -0.440240244 0.521762124 0.006515458 0.853065931 47.887567272
0.847213288 -0.070098004 -0.526608854 -1.974174827 0.056530661 0.997523312 -0.041835377 -0.441605835 0.528236762 0.005673895 0.849077343 47.963763060
0.844958983 -0.069650919 -0.530277100 -2.008243163 0.056198728 0.997557690 -0.041478680 -0.442400029 0.531870579 0.005246900 0.846809171 48.002600631
0.840895853 -0.068774730 -0.536809769 -2.060384452 0.055364314 0.997620780 -0.041085977 -0.443872051 0.538358375 0.004828934 0.842701900 48.068214172
0.837733942 -0.068692829 -0.541740927 -2.112498026 0.055237582 0.997627278 -0.041081385 -0.446053514 0.543278206 0.004490810 0.839540167 48.133822891
0.836326280 -0.068816470 -0.543895905 -2.138830394 0.055331179 0.997619640 -0.041143361 -0.447282296 0.545432565 0.004314878 0.838142641 48.166212646
0.832938018 -0.069060918 -0.549040106 -2.184914577 0.055509940 0.997604915 -0.041270300 -0.449367715 0.550574856 0.003898477 0.834776336 48.222895159
0.829405492 -0.069398118 -0.554319172 -2.224967025 0.055696285 0.997582806 -0.041556245 -0.451417043 0.555863203 0.003593484 0.831265362 48.270651058
0.827943363 -0.069349020 -0.556507161 -2.253536446 0.055501956 0.997585193 -0.041740801 -0.452920876 0.558057767 0.003671799 0.829793544 48.299729615
0.825229664 -0.069006000 -0.560566188 -2.292469002 0.054940910 0.997608729 -0.041925635 -0.454867650 0.562118923 0.003800237 0.827047007 48.349140876
0.822275844 -0.068806756 -0.564914777 -2.333095645 0.054644999 0.997623593 -0.041970770 -0.456603541 0.566459808 0.003641821 0.824080826 48.396071573
0.820784469 -0.068551177 -0.567110550 -2.353977889 0.054386957 0.997641346 -0.041878090 -0.457292943 0.568642837 0.003529488 0.822576196 48.418710802
0.818098333 -0.068328957 -0.571004174 -2.387470862 0.054189231 0.997657205 -0.041745396 -0.458430550 0.572518608 0.003209595 0.819885227 48.458373372
0.815849620 -0.068262480 -0.574221523 -2.428107262 0.054190822 0.997663402 -0.041606538 -0.459916637 0.575719071 0.002827195 0.817641779 48.505305766
0.814647014 -0.068290063 -0.575922587 -2.440717209 0.054232394 0.997661568 -0.041585700 -0.460384826 0.577415088 0.002643995 0.816445913 48.522328970
0.812010975 -0.068497608 -0.579609666 -2.474764858 0.054493426 0.997648739 -0.041557957 -0.461708604 0.581093143 0.002160587 0.813833228 48.561162941
0.810025438 -0.068517844 -0.582379033 -2.501103862 0.054522392 0.997647745 -0.041540210 -0.462767519 0.583854700 0.001896006 0.811855076 48.593553851
0.809400494 -0.068427819 -0.583257577 -2.514278634 0.054488567 0.997654240 -0.041429768 -0.463162083 0.584724052 0.001752386 0.811229459 48.609750223
0.808268081 -0.068185358 -0.584853108 -2.532368370 0.054419251 0.997671126 -0.041106298 -0.463410248 0.586293665 0.001397713 0.810096230 48.636529113
0.806666409 -0.068236649 -0.587055369 -2.552678764 0.054430288 0.997668065 -0.041172365 -0.464353135 0.588495455 0.001258780 0.808498820 48.659993952
0.805943587 -0.068138066 -0.588058386 -2.559269077 0.054363559 0.997674653 -0.041094029 -0.464475475 0.589491071 0.001150563 0.807773367 48.668092647
0.805471026 -0.067875358 -0.588736707 -2.579048996 0.054367933 0.997693799 -0.040641254 -0.464612678 0.590136653 0.000727002 0.807302480 48.692390295
0.806168110 -0.067755419 -0.587794713 -2.582846020 0.054474968 0.997701284 -0.040292391 -0.464313766 0.589173413 0.000462397 0.808006527 48.704628515
0.806293858 -0.068143821 -0.587576842 -2.581148812 0.054808117 0.997675208 -0.040494947 -0.464604587 0.588970360 0.000446855 0.808153980 48.707108535
0.805920742 -0.070068507 -0.587862012 -2.578795048 0.055951419 0.997541453 -0.042193115 -0.467317188 0.589372555 0.001112677 0.807860010 48.710399429
0.805678181 -0.071131536 -0.588067571 -2.578081503 0.055559836 0.997461686 -0.044531607 -0.471197821 0.589741809 0.003205135 0.807585078 48.711200388
0.805780709 -0.071331815 -0.587902780 -2.578583093 0.055152707 0.997443218 -0.045430149 -0.472742923 0.589640397 0.004182264 0.807654148 48.710362554
0.805955968 -0.071345807 -0.587660732 -2.578004996 0.054989144 0.997441505 -0.045679999 -0.473156281 0.589415961 0.004501176 0.807816345 48.711187078
0.805796664 -0.070448905 -0.587987047 -2.578079551 0.054713260 0.997507906 -0.044534359 -0.471247781 0.589658778 0.003714991 0.807642902 48.711200048
0.805666853 -0.070155140 -0.588200374 -2.569838870 0.054636276 0.997530360 -0.044139968 -0.470217204 0.589843829 0.003424989 0.807509132 48.705589523
0.805433689 -0.070456646 -0.588483394 -2.569820134 0.054785428 0.997508677 -0.044444843 -0.470696827 0.590147712 0.003557074 0.807286559 48.705586263
0.805166495 -0.070720832 -0.588817975 -2.569801007 0.054885861 0.997489274 -0.044752471 -0.471186442 0.590503437 0.003715401 0.807025297 48.705582936
0.805036388 -0.070680468 -0.589000050 -2.569810375 0.054934546 0.997492900 -0.044616017 -0.470946631 0.590676544 0.003561172 0.806899580 48.705584566
0.804921353 -0.070543719 -0.589172679 -2.561556423 0.054907058 0.997502302 -0.044420820 -0.470255786 0.590834885 0.003405497 0.806784425 48.699971731
0.804741272 -0.071148039 -0.589346945 -2.561498653 0.054997987 0.997457259 -0.045317824 -0.471734624 0.591072484 0.004056232 0.806607304 48.699961681
0.804561385 -0.071824096 -0.589510180 -2.561436979 0.055132397 0.997406247 -0.046276168 -0.473313383 0.591304259 0.004730973 0.806433577 48.699950951
0.803935330 -0.073394985 -0.590170930 -2.554128045 0.055192866 0.997280522 -0.048839769 -0.477201573 0.592149545 0.006690754 0.805799920 48.692652332
0.802932536 -0.074099866 -0.591446820 -2.555704248 0.054803436 0.997216947 -0.050537429 -0.480008317 0.593545687 0.008164805 0.804757977 48.690151259
0.802338311 -0.074462058 -0.592207331 -2.556251898 0.055065059 0.997190007 -0.050779706 -0.480374347 0.594324325 0.008132587 0.804183719 48.689321439
0.800411777 -0.076017966 -0.594611040 -2.563912140 0.056369514 0.997075602 -0.051591356 -0.481878235 0.596793518 0.007776449 0.802355758 48.695756080
0.797191383 -0.078139821 -0.598649342 -2.579218961 0.057631135 0.996909772 -0.053378966 -0.485235737 0.600970329 0.008052511 0.799230341 48.708622985
0.795155797 -0.079134447 -0.601220140 -2.594580821 0.058189412 0.996830227 -0.054246280 -0.487184347 0.603606757 0.008149548 0.797240068 48.721499465
0.790677604 -0.080336227 -0.606938950 -2.624232660 0.058898378 0.996735940 -0.055202300 -0.489749978 0.609392169 0.007899514 0.792828438 48.748916140
0.785767039 -0.080276607 -0.613291827 -2.676492838 0.058644216 0.996743906 -0.055331819 -0.491974773 0.615736408 0.007511941 0.787915789 48.796497050
0.782984126 -0.080105101 -0.616862945 -2.706757515 0.058342756 0.996758542 -0.055383566 -0.493237746 0.619299184 0.007375005 0.785119654 48.823095246
0.776361859 -0.080043073 -0.625184605 -2.774429906 0.058024769 0.996767470 -0.055561359 -0.496122163 0.627610734 0.006859607 0.778496784 48.883561395
0.769166413 -0.080167038 -0.634001752 -2.856955151 0.057966268 0.996762775 -0.055712627 -0.499599938 0.636414767 0.006101561 0.771322446 48.957740569
0.765469540 -0.080398752 -0.638429538 -2.900950057 0.058183808 0.996747554 -0.055760608 -0.501423660 0.640836277 0.005536825 0.767657124 48.999706674
0.757409963 -0.081182810 -0.647873258 -2.996648512 0.059059184 0.996691092 -0.055847453 -0.505335968 0.650262492 0.004036568 0.759698023 49.090081948
0.748258913 -0.081814554 -0.658342772 -3.117132245 0.059537677 0.996643479 -0.056186929 -0.510721279 0.660729416 0.002846254 0.750618495 49.197299798
0.743555850 -0.081948320 -0.663632976 -3.177081549 0.059379764 0.996632701 -0.056537487 -0.513710543 0.666031842 0.002632415 0.745918685 49.251320374
0.734814020 -0.082117297 -0.673279654 -3.304675531 0.058832267 0.996618810 -0.057344492 -0.520293667 0.675712038 0.002527000 0.737160332 49.365802278
0.726242441 -0.082154778 -0.682511331 -3.447709832 0.058521058 0.996617209 -0.057693340 -0.526816979 0.684942154 0.001958097 0.728593636 49.493174312
0.721641876 -0.082254365 -0.687363302 -3.523092038 0.058646238 0.996610649 -0.057689961 -0.529936282 0.689777903 0.001320237 0.724018600 49.560083727
0.712216911 -0.082494417 -0.697096545 -3.667278629 0.059039214 0.996591045 -0.057616870 -0.535732799 0.699472745 -0.000120267 0.714658685 49.685806036
0.700885892 -0.081878167 -0.708559280 -3.845669231 0.058456237 0.996641660 -0.057344576 -0.542646620 0.710873808 -0.001227694 0.703317412 49.832336204
0.695205150 -0.082033118 -0.714115443 -3.945848815 0.058620477 0.996627468 -0.057418153 -0.546929171 0.716417375 -0.001944350 0.697668619 49.916090301
0.684166627 -0.081787682 -0.724725787 -4.140198109 0.058402776 0.996644880 -0.057340311 -0.554898621 0.726983172 -0.003095666 0.686647262 50.074675686
0.672640341 -0.080263657 -0.735604594 -4.345689108 0.057480532 0.996763872 -0.056198883 -0.561562068 0.737732997 -0.004481251 0.675076443 50.234750814
0.666499532 -0.079275556 -0.741277682 -4.458106088 0.056725539 0.996839955 -0.055603152 -0.565260683 0.743343309 -0.004989894 0.668890719 50.318335083
0.652867802 -0.078533521 -0.753389931 -4.691208832 0.057070183 0.996883599 -0.054459756 -0.572969055 0.755318784 -0.007440965 0.655315309 50.491119036
0.639209097 -0.078548168 -0.765011616 -4.925360036 0.057337242 0.996869020 -0.054445901 -0.582608543 0.766892306 -0.009061306 0.641710963 50.662235199
0.631666260 -0.078772707 -0.771228022 -5.056483718 0.057158810 0.996849129 -0.055002030 -0.588943128 0.773130545 -0.009339559 0.634177536 50.753727282
0.615842835 -0.076382412 -0.784158480 -5.325965295 0.051185281 0.997065690 -0.056922432 -0.603432985 0.786204869 -0.005082030 0.617944934 50.925943754
0.597165971 -0.074243522 -0.798674651 -5.611004129 0.045050572 0.997239811 -0.059017714 -0.618665764 0.800850656 -0.000737352 0.598862510 51.093017384
0.587499556 -0.073452574 -0.805884357 -5.758819792 0.043108069 0.997298365 -0.059472756 -0.625466123 0.808074764 0.000200084 0.589078903 51.177713845
0.567774283 -0.070926275 -0.820123172 -6.055726757 0.040770430 0.997480764 -0.058038975 -0.635182526 0.822173779 -0.000483727 0.569235532 51.345478502
0.545805780 -0.073257343 -0.834703737 -6.367458080 0.046402287 0.997284407 -0.057184051 -0.646221714 0.836625951 -0.007520750 0.547722689 51.526951224
0.534238587 -0.076350068 -0.841879010 -6.524619092 0.050360446 0.997018222 -0.058461959 -0.654544896 0.843831599 -0.011164714 0.536490753 51.615600200
0.509899958 -0.078081763 -0.856682954 -6.869504076 0.050390382 0.996873086 -0.060866719 -0.672410997 0.858755964 -0.012132650 0.512239975 51.783441611
0.483476618 -0.076595152 -0.872000101 -7.231821129 0.049019885 0.996969791 -0.060393556 -0.686182772 0.873983680 -0.013546436 0.485766018 51.943691060
0.470278072 -0.073819130 -0.879426380 -7.422482815 0.045301216 0.997200926 -0.059480107 -0.692449849 0.881354731 -0.011866786 0.472305490 52.018769097
0.445263343 -0.064885264 -0.893045877 -7.821110226 0.031759308 0.997887862 -0.056667789 -0.704167103 0.894835830 -0.003130347 0.446383415 52.161310933
0.419735828 -0.062425042 -0.905497295 -8.213419392 0.022130450 0.998038958 -0.058546525 -0.723182499 0.907375518 0.004535047 0.420294352 52.294876310
0.404867919 -0.065210728 -0.912046835 -8.402299392 0.022050803 0.997860204 -0.061557665 -0.735699079 0.914109308 0.004811385 0.405439485 52.354366355
0.373017807 -0.069567352 -0.925212856 -8.803448641 0.022970080 0.997571370 -0.065747204 -0.758582505 0.927539658 0.003272712 0.373709908 52.474668126
0.342912329 -0.071611442 -0.936634564 -9.222556695 0.029976772 0.997416329 -0.065283791 -0.774476832 0.938888255 -0.005690674 0.344172666 52.604597790
0.328553483 -0.070777746 -0.941829394 -9.430043304 0.029708845 0.997469158 -0.064595188 -0.781602739 0.944017498 -0.006757604 0.329824496 52.654850018
0.298682053 -0.064401303 -0.952177257 -9.880123846 0.016674517 0.997920047 -0.062264670 -0.795825804 0.954206349 0.002720227 0.299135269 52.739287758
0.270615111 -0.058000595 -0.960939370 -10.313819050 0.008976947 0.998292152 -0.057727045 -0.805529647 0.962645364 0.006995488 0.270673280 52.812521154
0.256794612 -0.055345919 -0.964880249 -10.540328764 0.006332790 0.998433954 -0.055585098 -0.810988271 0.966444681 0.008163587 0.256743806 52.852682927
0.226814493 -0.053797534 -0.972451486 -10.981664138 0.003611287 0.998512956 -0.054396979 -0.826505980 0.973931076 0.008826224 0.226671021 52.914294157
0.194290117 -0.055011806 -0.979400882 -11.419653334 0.004577617 0.998466107 -0.055174643 -0.845166682 0.980932839 0.006236573 0.194244004 52.962820505
0.176277949 -0.056463758 -0.982719354 -11.655500816 0.006828437 0.998399097 -0.056139729 -0.856138359 0.984316450 0.003185818 0.176381082 52.988880159
0.142540593 -0.056897918 -0.988152584 -12.108668080 0.006772810 0.998378516 -0.056509841 -0.874659725 0.989765870 0.001362413 0.142695143 53.015069479
0.109819837 -0.053827135 -0.992492895 -12.567199263 -0.002102250 0.998518013 -0.054386470 -0.889134487 0.993948935 0.008059203 0.109544439 53.015812794
0.059441034 -0.050995544 -0.996928467 -13.239410736 -0.013884664 0.998555348 -0.051906521 -0.911221402 0.998134508 0.016927423 0.058647105 52.986421646
0.024247891 -0.051170549 -0.998395775 -13.696438380 -0.018540329 0.998494216 -0.051625780 -0.928621644 0.999533080 0.019762502 0.023262283 52.953572045
0.007152933 -0.050966441 -0.998674843 -13.916708594 -0.019077996 0.998511535 -0.051094782 -0.936366129 0.999792156 0.019418175 0.006169871 52.931536210
-0.024745411 -0.049472490 -0.998468995 -14.349042691 -0.017098025 0.998649135 -0.049057588 -0.949945213 0.999547598 0.015857927 -0.025557665 52.881859990
-0.072542739 -0.049797653 -0.996121780 -15.006152558 -0.018849245 0.998642538 -0.048550990 -0.974809897 0.997187034 0.015254117 -0.073382992 52.785477694
-0.104802657 -0.053024762 -0.993078502 -15.432471377 -0.021572666 0.998463858 -0.051035710 -0.995523982 0.994259080 0.016074677 -0.105784843 52.690771094
-0.133456460 -0.057143911 -0.989406037 -15.863256492 -0.027418788 0.998166669 -0.053951552 -1.016988013 0.990674594 0.019928118 -0.134778780 52.589440737
-0.147458446 -0.058502972 -0.987336609 -16.079802902 -0.028370217 0.998088647 -0.054902954 -1.026953264 0.988661158 0.019915065 -0.148836629 52.537126104
-0.177653966 -0.060217197 -0.982248842 -16.521391129 -0.030904543 0.997974808 -0.055591709 -1.045189850 0.983607556 0.020479916 -0.179154808 52.420098367
