1.000000000 0.000000000 0.000000000 0.000000000 0.000000000 1.000000000 -0.000000000 0.000000000 -0.000000000 0.000000000 1.000000000 0.000000000
0.999992941 -0.001370379 -0.003794983 0.007610618 0.001368476 0.999998742 -0.000529045 -0.005670414 0.003795702 0.000523814 0.999992242 0.851553877
0.999943751 -0.002901859 -0.010227086 0.004738531 0.002879773 0.999993996 -0.002169862 -0.013496753 0.010234342 0.002140283 0.999945139 1.727861348
0.999913792 -0.002957432 -0.012854967 0.001793523 0.002916976 0.999991148 -0.003164522 -0.017808863 0.012865306 0.003126752 0.999912163 2.180511460
0.999848902 -0.003295765 -0.017125816 -0.004412512 0.003219322 0.999985010 -0.004490499 -0.025230293 0.017140270 0.004434672 0.999842913 3.063888649
0.999747725 -0.004768952 -0.021986360 -0.014890518 0.004674136 0.999979869 -0.004366446 -0.030239794 0.022006792 0.004262547 0.999748471 3.938216725
0.999683722 -0.005644549 -0.024517029 -0.022629414 0.005536916 0.999974808 -0.004455764 -0.033003904 0.024541885 0.004318600 0.999689487 4.368823649
0.999571114 -0.004947985 -0.028892017 -0.043339744 0.004846709 0.999982310 -0.003575280 -0.036861353 0.028909420 0.003433723 0.999576012 5.240195148
0.999424096 -0.003289107 -0.033793508 -0.068891021 0.003150535 0.999986429 -0.004152919 -0.043128578 0.033806902 0.004044051 0.999420044 6.093970783
0.999342808 -0.002692115 -0.036149158 -0.082709717 0.002518644 0.999985696 -0.004844186 -0.046963948 0.036161518 0.004749956 0.999334259 6.518588668
0.999148556 -0.000908536 -0.041249811 -0.115756345 0.000693994 0.999986243 -0.005214954 -0.052989538 0.041254635 0.005181885 0.999134800 7.368134529
0.998946740 0.003247646 -0.045780425 -0.155155741 -0.003495135 0.999979903 -0.005326837 -0.058643807 0.045761570 0.005481241 0.998936914 8.220640899
0.998873005 0.003909706 -0.047315041 -0.171732427 -0.004140874 0.999980499 -0.004788561 -0.060468981 0.047296239 0.004979075 0.998868444 8.646538432
0.998710465 0.003850746 -0.050643179 -0.205121094 -0.004048602 0.999985075 -0.003806834 -0.064289203 0.050627676 0.004006927 0.998709060 9.490720364
0.998430937 0.004300457 -0.055839986 -0.246077654 -0.004435935 0.999987231 -0.002303084 -0.067282190 0.055830098 0.002547166 0.998436183 10.332911228
0.998325811 0.004710778 -0.057659160 -0.266451803 -0.004830097 0.999987074 -0.001930363 -0.069412133 0.057650056 0.002205646 0.998334273 10.750650038
0.998061303 0.006240881 -0.061932941 -0.314360104 -0.006381600 0.999977785 -0.002074359 -0.075285819 0.061918907 0.002465553 0.998077433 11.587263866
0.997738319 0.006962833 -0.066862195 -0.367774917 -0.007245868 0.999965844 -0.003990685 -0.084413449 0.066833002 0.004466146 0.997754226 12.447418081
0.997549360 0.006432368 -0.069674404 -0.396636252 -0.006774764 0.999966755 -0.004679488 -0.088616882 0.069642691 0.005140082 0.997558002 12.882359919
0.997241067 0.005460092 -0.074035857 -0.454824068 -0.005825271 0.999972200 -0.004718000 -0.094796953 0.074008197 0.005136259 0.997243516 13.751350331
0.996912157 0.005325570 -0.078346205 -0.518545949 -0.005629736 0.999977760 -0.003661571 -0.099220463 0.078324925 0.004091328 0.996919527 14.625122030
0.996688637 0.004689214 -0.081184929 -0.553303382 -0.004966555 0.999982438 -0.003215149 -0.101625819 0.081168898 0.003607692 0.996693593 15.061703801
0.996455395 0.004580227 -0.084003429 -0.619513626 -0.004884920 0.999982108 -0.003422122 -0.108158238 0.083986074 0.003820317 0.996459116 15.913471948
0.996062187 0.004459290 -0.088555915 -0.690677516 -0.004801617 0.999982369 -0.003653072 -0.114772404 0.088538339 0.004063911 0.996064361 16.766446382
0.995853186 0.003982290 -0.090887858 -0.726643006 -0.004286407 0.999986403 -0.003150707 -0.117091771 0.090873977 0.003527224 0.995855764 17.198074407
0.995397635 0.003116994 -0.095788186 -0.802003078 -0.003360899 0.999991745 -0.002385077 -0.122049573 0.095779331 0.002696040 0.995398369 18.039760025
0.995008136 0.003504253 -0.099744186 -0.880192085 -0.003721224 0.999991170 -0.001989474 -0.127705205 0.099736520 0.002350720 0.995010495 18.887179946
0.994794548 0.004073827 -0.101826451 -0.920845323 -0.004316922 0.999988617 -0.002167308 -0.131178972 0.101816187 0.002595608 0.994799006 19.311066882
0.994269622 0.004210604 -0.106829599 -1.009859355 -0.004588226 0.999984398 -0.003288910 -0.139621656 0.106814898 0.003760232 0.994271716 20.163541875
0.993798581 0.004705547 -0.111104867 -1.099995245 -0.005114987 0.999981752 -0.003401062 -0.146427317 0.111086442 0.003948248 0.993802529 21.023154903
0.993526472 0.004890469 -0.113504430 -1.145914391 -0.005304896 0.999980395 -0.003349196 -0.149694304 0.113485643 0.003929643 0.993531940 21.459426173
0.992850977 0.005755997 -0.119231302 -1.249576998 -0.006234051 0.999974439 -0.003637410 -0.157012591 0.119207519 0.004354672 0.992859560 22.323140200
0.992291192 0.006686479 -0.123749452 -1.354998083 -0.007197009 0.999967122 -0.003679194 -0.163976268 0.123720363 0.004541433 0.992305892 23.185466274
0.991949303 0.007200435 -0.126433439 -1.404286520 -0.007706589 0.999964416 -0.003514554 -0.166763754 0.126404629 0.004460640 0.991967854 23.564830079
0.991379509 0.007337706 -0.130821224 -1.508580402 -0.007732150 0.999966686 -0.002508006 -0.171716455 0.130797919 0.003497883 0.991402077 24.384697802
0.990848249 0.005852393 -0.134858060 -1.614670524 -0.006171521 0.999979619 -0.001948367 -0.177548582 0.134844037 0.002762852 0.990862720 25.205405604
0.990591560 0.005373238 -0.136751947 -1.665520546 -0.005756644 0.999981057 -0.002408577 -0.181729926 0.136736605 0.003173132 0.990601782 25.626325053
0.989988983 0.005038422 -0.141060461 -1.774029992 -0.005620364 0.999977973 -0.003728047 -0.190790901 0.141038766 0.004483530 0.989992888 26.455893907
0.989079734 0.003130678 -0.147350514 -1.888632550 -0.003897610 0.999980927 -0.004916462 -0.199508973 0.147332670 0.005437053 0.989071647 27.246375573
0.988717445 0.002387569 -0.149779154 -1.947450994 -0.003223556 0.999980822 -0.005339271 -0.203658459 0.149763560 0.005761863 0.988704621 27.647839740
0.987654345 0.002450260 -0.156635686 -2.073454480 -0.003311404 0.999981435 -0.005237133 -0.210351587 0.156620168 0.005691138 0.987641929 28.444733652
0.986881431 0.000772759 -0.161448907 -2.194783179 -0.001412389 0.999992159 -0.003846955 -0.214853298 0.161444329 0.004024530 0.986872810 29.232821515
0.986413164 0.000167068 -0.164285462 -2.255745220 -0.000696850 0.999995195 -0.003167337 -0.217039749 0.164284186 0.003238775 0.986406835 29.613212344
0.985671016 0.000804184 -0.168678424 -2.381138484 -0.001305912 0.999995521 -0.002863127 -0.223202929 0.168675750 0.003042388 0.985666868 30.371203433
0.984841770 -0.000518002 -0.173454902 -2.505936043 -0.000195471 0.999992240 -0.004096218 -0.232004259 0.173455752 0.004068046 0.984832334 31.125614830
0.984546115 -0.002105702 -0.175114465 -2.565339359 0.001279997 0.999988198 -0.004827707 -0.236574824 0.175122731 0.004528951 0.984535801 31.499769568
0.983301397 -0.002344142 -0.181973258 -2.699408013 0.001779495 0.999993269 -0.003265990 -0.240666445 0.181979471 0.002887635 0.983297601 32.246352099
0.982201433 -0.000839212 -0.187833819 -2.842168520 0.000837748 0.999999384 -0.000087273 -0.242183829 0.187834174 -0.000071620 0.982200354 32.998082242
0.981688721 -0.000691555 -0.190494831 -2.913606968 0.000996185 0.999998554 0.001503318 -0.242928195 0.190493434 -0.001665497 0.981687282 33.367906058
0.980730826 -0.001510334 -0.195362227 -3.053444185 0.002380352 0.999988130 0.004218116 -0.245115971 0.195353542 -0.004601900 0.980722031 34.095105378
0.979459565 -0.000801580 -0.201642402 -3.201675728 0.001878215 0.999985477 0.005148087 -0.250308325 0.201635420 -0.005421110 0.979445498 34.804160547
0.978774597 -0.000598334 -0.204944164 -3.278030530 0.001813447 0.999981703 0.005741257 -0.252726898 0.204937261 -0.005991057 0.978756432 35.158628084
0.977416692 0.000050792 -0.211324283 -3.434998571 0.001631537 0.999968626 0.007786503 -0.256219123 0.211318138 -0.007955437 0.977384078 35.875061009
0.975985534 0.003773405 -0.217806635 -3.602109700 -0.002122049 0.999967124 0.007815292 -0.263228364 0.217828991 -0.007165390 0.975960703 36.588509966
0.975223354 0.006443182 -0.221133137 -3.688733184 -0.005131800 0.999965659 0.006504302 -0.269012550 0.221168068 -0.005208301 0.975221663 36.944464965
0.974034403 0.013443364 -0.226001220 -3.860753789 -0.012579651 0.999907243 0.005261541 -0.278055926 0.226051336 -0.002281876 0.974112104 37.642555532
0.972745061 0.015543285 -0.231359591 -4.025295635 -0.014888437 0.999878883 0.004575974 -0.286113960 0.231402687 -0.001006685 0.972857595 38.328329848
0.972092403 0.016216495 -0.234040360 -4.105960263 -0.015678653 0.999869027 0.004158220 -0.290201132 0.234077116 -0.000372772 0.972217516 38.661641654
0.970524859 0.017932214 -0.240335232 -4.280166816 -0.017595942 0.999838994 0.003545113 -0.298275557 0.240360200 0.000788393 0.970683316 39.340888323
0.969015139 0.022319624 -0.245991837 -4.462342778 -0.022328967 0.999746856 0.002751575 -0.306625285 0.245991581 0.002826500 0.969266961 40.017231130
0.968364296 0.023964878 -0.248390786 -4.552001674 -0.024200518 0.999705564 0.002105183 -0.311216081 0.248368348 0.003972576 0.968657281 40.352530895
0.967044121 0.025646684 -0.253316758 -4.731935427 -0.025705931 0.999665248 0.003076453 -0.316699737 0.253310154 0.003536749 0.967378197 41.026716335
0.965258467 0.025738463 -0.260028512 -4.916387648 -0.025616511 0.999664519 0.003858033 -0.322565099 0.260040777 0.002937111 0.965592767 41.686459405
0.964442228 0.025231158 -0.263087931 -5.006110264 -0.025190415 0.999677144 0.003528563 -0.326673052 0.263091181 0.003224109 0.964764844 42.007444051
0.963032110 0.022785547 -0.268424524 -5.187887635 -0.023049978 0.999732282 0.002166422 -0.336259613 0.268401444 0.004100821 0.963298125 42.653814754
0.961942283 0.023202284 -0.272268705 -5.370342706 -0.023772942 0.999717117 0.001202797 -0.344979015 0.272219516 0.005315544 0.962220117 43.291672079
0.961178807 0.023534877 -0.274922958 -5.467250737 -0.024261914 0.999705789 0.000756418 -0.349371035 0.274859734 0.005943121 0.961465152 43.613800736
0.959496119 0.024123326 -0.280690182 -5.665982491 -0.024961075 0.999688116 0.000590361 -0.357012783 0.280616850 0.006439852 0.959798351 44.257036245
0.958193715 0.023367538 -0.285165911 -5.863103718 -0.024060325 0.999710244 0.001074082 -0.363687972 0.285108334 0.005832009 0.958477453 44.906138001
0.957592414 0.023035647 -0.287205127 -5.960263093 -0.023736211 0.999717982 0.001042585 -0.367410035 0.287147492 0.005818784 0.957868109 45.220658449
0.956310559 0.024875079 -0.291294351 -6.158055873 -0.025429487 0.999675364 0.001882973 -0.373180851 0.291246710 0.005606828 0.956630739 45.844693822
0.955147810 0.024453095 -0.295120154 -6.351431447 -0.024755939 0.999690524 0.002710625 -0.378974002 0.295094528 0.004716944 0.955455961 46.454533291
0.954633980 0.023932856 -0.296821053 -6.446393347 -0.024407290 0.999700561 0.002107788 -0.383550595 0.296782795 0.005232413 0.954930057 46.754791863
0.953698337 0.021980121 -0.299963081 -6.630448150 -0.022787045 0.999740376 0.000808236 -0.392724992 0.299902885 0.006064423 0.953950515 47.337126276
0.953030628 0.023839686 -0.301937186 -6.825791697 -0.024728307 0.999693593 0.000879485 -0.399683138 0.301866253 0.006628227 0.953327053 47.937956737
0.952589703 0.024460755 -0.303273539 -6.922451188 -0.025521234 0.999674543 0.000466654 -0.403880843 0.303186386 0.007295447 0.952903144 48.234592227
0.951904019 0.024191463 -0.305442515 -7.112184306 -0.025719181 0.999668649 -0.000978012 -0.413381111 0.305318328 0.008786716 0.952209644 48.828401523
0.951499470 0.024227507 -0.306698627 -7.291962209 -0.026058094 0.999658533 -0.001874960 -0.421656594 0.306548403 0.009775964 0.951804967 49.401015977
0.951171543 0.023072446 -0.307801854 -7.381062374 -0.025012714 0.999684487 -0.002359487 -0.425874473 0.307650279 0.009943208 0.951446921 49.683094046
0.950478082 0.022412102 -0.309985322 -7.566323132 -0.024785254 0.999686394 -0.003718816 -0.435072858 0.309804411 0.011217685 0.950733437 50.260474068
0.949920263 0.025017173 -0.311492447 -7.752797749 -0.027334983 0.999621872 -0.003076473 -0.440671673 0.311298030 0.011437079 0.950243601 50.830685687
0.949622762 0.025872351 -0.312326145 -7.847011929 -0.028037444 0.999604325 -0.002442541 -0.443000258 0.312139479 0.011076296 0.949971647 51.118452148
0.949505542 0.025796609 -0.312690266 -8.030230714 -0.027682301 0.999616210 -0.001592043 -0.448485590 0.312529563 0.010167668 0.949853047 51.700385584
0.948744313 0.027762270 -0.314825067 -8.224310516 -0.029040908 0.999578277 0.000629578 -0.451664709 0.314710187 0.008545485 0.949149007 52.285168700
0.948644941 0.028342457 -0.315071187 -8.321444134 -0.029253784 0.999570644 0.001836905 -0.453165711 0.314988862 0.007474447 0.949065886 52.580913685
0.948655268 0.028795826 -0.315000211 -8.515317166 -0.029880784 0.999552645 0.001385326 -0.461102537 0.314898792 0.008098257 0.949090441 53.177751571
0.948507524 0.020833871 -0.316071426 -8.697554571 -0.023148294 0.999726269 -0.003569463 -0.476924571 0.315910392 0.010702147 0.948728869 53.763672289
0.948472944 0.020271139 -0.316210992 -8.793641667 -0.022957003 0.999725170 -0.004770491 -0.482540667 0.316027438 0.011783941 0.948676223 54.056735242
0.948127182 0.026985982 -0.316744265 -8.995120395 -0.029653855 0.999554426 -0.003604332 -0.487313501 0.316505809 0.012810067 0.948503120 54.635042548
0.948293133 0.029985147 -0.315979334 -9.186677308 -0.032515899 0.999467355 -0.002738980 -0.492682691 0.315728812 0.012871733 0.948761746 55.210932822
0.948128974 0.031868262 -0.316285882 -9.282996901 -0.034385234 0.999405807 -0.002378403 -0.495404991 0.316022872 0.013130564 0.948660826 55.494165342
0.947799988 0.032030222 -0.317254287 -9.468380875 -0.033694596 0.999432560 0.000240430 -0.497797513 0.317082187 0.010461919 0.948339712 56.055032068
0.947390714 0.031768556 -0.318501256 -9.659646286 -0.033596517 0.999435793 -0.000246244 -0.505579089 0.318313135 0.010933765 0.947921801 56.621967106
0.947539554 0.031143913 -0.318118608 -9.753218136 -0.033707725 0.999428883 -0.002556530 -0.512985336 0.317857918 0.013145457 0.948047240 56.906139563
0.947561924 0.029468981 -0.318211772 -9.941255442 -0.032987702 0.999439881 -0.005673668 -0.525263852 0.317866261 0.015873216 0.948001963 57.472686690
0.947560101 0.031969024 -0.317977898 -10.129883745 -0.035608743 0.999349982 -0.005639329 -0.531940529 0.317590427 0.016666398 0.948081497 58.040595625
0.947307910 0.032741362 -0.318647348 -10.228182617 -0.036467958 0.999318468 -0.005734524 -0.535595095 0.318242420 0.017052729 0.947855455 58.331373726
0.947203492 0.033256600 -0.318905382 -10.423037363 -0.036969546 0.999301093 -0.005595356 -0.542448998 0.318496743 0.017089737 0.947770105 58.914322632
0.947132580 0.031172868 -0.319326058 -10.608231000 -0.034622311 0.999387186 -0.005130172 -0.548739398 0.318970613 0.015914696 0.947630497 59.487249172
0.946972625 0.030014215 -0.319911505 -10.699040221 -0.033366783 0.999431007 -0.005002292 -0.551978508 0.319578686 0.015411409 0.947434124 59.765707678
0.946756200 0.026107187 -0.320894762 -10.879737231 -0.029307804 0.999557024 -0.005147453 -0.559236772 0.320618305 0.014278069 0.947100762 60.322197496
0.946464174 0.023790236 -0.321933132 -11.059528636 -0.026899478 0.999624780 -0.005212696 -0.566088093 0.321688261 0.013593454 0.946747614 60.861713860
0.946174253 0.024914478 -0.322698766 -11.156091930 -0.027914708 0.999599223 -0.004672194 -0.568540358 0.322453206 0.013428770 0.946489450 61.137335825
0.945655553 0.026262107 -0.324109561 -11.342312726 -0.028520533 0.999591210 -0.002219237 -0.571011159 0.323918258 0.011342367 0.946016498 61.679836217
0.945004011 0.024172673 -0.326164706 -11.525216511 -0.026017726 0.999660874 -0.001294976 -0.576210689 0.326022754 0.009709833 0.945311267 62.217488530
0.944742611 0.022743940 -0.327025943 -11.614604989 -0.024752096 0.999692084 -0.001979730 -0.580675489 0.326880000 0.009964927 0.945013136 62.477635060
0.944291921 0.019342921 -0.328541317 -11.791048589 -0.022043415 0.999747172 -0.004496713 -0.591508067 0.328371665 0.011488405 0.944478283 62.995742774
0.944116386 0.016731680 -0.329187963 -11.958455348 -0.019849998 0.999784485 -0.006113918 -0.600495782 0.329013938 0.012306567 0.944244034 63.493081904
0.943810912 0.016994634 -0.330051234 -12.048034858 -0.020265115 0.999773638 -0.006470764 -0.604236354 0.329865953 0.012795700 0.943940337 63.743385272
0.943704610 0.017397383 -0.330334041 -12.216276629 -0.020744456 0.999763605 -0.006609532 -0.610545839 0.330140947 0.013090018 0.943840902 64.236692190
0.942968039 0.017542968 -0.332422184 -12.392779502 -0.020495570 0.999775462 -0.005377738 -0.614708242 0.332253326 0.011884241 0.943114813 64.736050542
0.942751743 0.017255734 -0.333051010 -12.477744728 -0.019894099 0.999791865 -0.004512977 -0.616301673 0.332903999 0.010880340 0.942897803 64.979782872
0.942382697 0.015404317 -0.334182591 -12.642664277 -0.017274289 0.999847951 -0.002624448 -0.619192547 0.334090866 0.008245942 0.942504930 65.463807233
0.941830583 0.013983133 -0.335799763 -12.813353499 -0.015433521 0.999879651 -0.001650633 -0.623690380 0.335736170 0.006737144 0.941931884 65.947216280
0.941644527 0.014044936 -0.336316720 -12.900178717 -0.015346228 0.999881385 -0.001211544 -0.626037545 0.336259563 0.006301968 0.941747871 66.194024697
0.941397265 0.013779321 -0.337018504 -13.067998304 -0.015054228 0.999886056 -0.001169872 -0.631967124 0.336964232 0.006174884 0.941496766 66.671686947
0.941624648 0.014090183 -0.336371046 -13.228493125 -0.015524328 0.999878888 -0.001574438 -0.638483897 0.336307989 0.006704452 0.941727962 67.143729534
0.941815221 0.014470391 -0.335821794 -13.308100603 -0.016037020 0.999869435 -0.001891950 -0.641879507 0.335750685 0.007167494 0.941923030 67.372832900
0.942848731 0.014691949 -0.332898645 -13.632917739 -0.016300856 0.999865595 -0.002040473 -0.654005287 0.332823575 0.007350421 0.942959370 68.325319686
0.943106765 0.014896905 -0.332157851 -13.713146650 -0.016450622 0.999863251 -0.001866150 -0.656626659 0.332084765 0.007224206 0.943221422 68.560227081
0.944019180 0.015690657 -0.329518651 -13.867204768 -0.017096651 0.999853163 -0.001369353 -0.661486591 0.329448076 0.006926350 0.944147647 69.024850516
0.945210326 0.014869034 -0.326124784 -14.008971449 -0.016249643 0.999866642 -0.001509338 -0.667174683 0.326059033 0.006726014 0.945325305 69.466092885
0.945860431 0.014416008 -0.324254356 -14.078436310 -0.015760767 0.999875022 -0.001521471 -0.669879773 0.324191042 0.006549586 0.945968233 69.683845686
0.946921120 0.015305286 -0.321102718 -14.224011186 -0.016742958 0.999858359 -0.001716571 -0.675669898 0.321030575 0.007001617 0.947042732 70.133483743
0.948187962 0.016154857 -0.317302152 -14.362855182 -0.017893663 0.999837080 -0.002566506 -0.682355540 0.317208501 0.008111226 0.948320919 70.566746592
0.948898183 0.017389986 -0.315104233 -14.426502951 -0.019338373 0.999808491 -0.003057805 -0.685576024 0.314990678 0.008995102 0.949052055 70.768549033
0.950355600 0.018252120 -0.310632905 -14.554104445 -0.020499675 0.999782228 -0.003972114 -0.692058399 0.310492818 0.010142782 0.950520852 71.183330026
0.951719096 0.018158252 -0.306433214 -14.677167184 -0.020717201 0.999772217 -0.005100339 -0.698861706 0.306270880 0.011202524 0.951877512 71.595996045
0.952490451 0.017728088 -0.304052540 -14.735491250 -0.020462590 0.999773758 -0.005809130 -0.702461875 0.303880365 0.011754804 0.952637754 71.799731089
0.954198016 0.016827426 -0.298705298 -14.853735871 -0.019660629 0.999785771 -0.006482464 -0.708512136 0.298531710 0.012058251 0.954323060 72.215665301
0.956382623 0.017877533 -0.291572151 -14.963797350 -0.020568505 0.999769792 -0.006166547 -0.712630292 0.291394714 0.011894779 0.956528772 72.625572010
0.957442441 0.018442515 -0.288036745 -15.018219380 -0.021117489 0.999757958 -0.006182324 -0.714977316 0.287852683 0.012001812 0.957599243 72.833000800
0.959677445 0.019563203 -0.280422619 -15.124686206 -0.022375126 0.999726518 -0.006829184 -0.720660240 0.280213306 0.012828274 0.959851765 73.243443126
0.963097038 0.018112651 -0.268546162 -15.275581189 -0.020594144 0.999767311 -0.006426311 -0.726995656 0.268367011 0.011719637 0.963245272 73.870993331
0.964986597 0.016376828 -0.261788321 -15.374807548 -0.018314544 0.999819677 -0.004963826 -0.729213805 0.261660178 0.009584573 0.965111617 74.292392988
0.967003715 0.013600046 -0.254399603 -15.474524168 -0.015458118 0.999866684 -0.005305881 -0.734669854 0.254293011 0.009063308 0.967084335 74.733891087
0.967971336 0.013030013 -0.250723030 -15.524345252 -0.014939067 0.999872553 -0.005712235 -0.737740669 0.250617488 0.009274864 0.968041637 74.953520490
0.969925291 0.011338242 -0.243140068 -15.621615063 -0.013003801 0.999902242 -0.005246284 -0.741764734 0.243057491 0.008250251 0.969976506 75.402700218
0.971802820 0.011889729 -0.235497884 -15.720833460 -0.013302905 0.999901642 -0.004412830 -0.745117100 0.235422970 0.007421182 0.971863892 75.857199666
0.972683901 0.012133871 -0.231816727 -15.771397173 -0.013519713 0.999899404 -0.004390379 -0.747492228 0.231740381 0.007404575 0.972749344 76.087103178
0.974679722 0.012185311 -0.223274864 -15.862122805 -0.013570564 0.999897342 -0.004671044 -0.752631838 0.223194872 0.007582731 0.974743674 76.543165443
0.976957321 0.014214894 -0.212964318 -15.947987968 -0.015421416 0.999873380 -0.004005352 -0.756024317 0.212880612 0.007197224 0.977051418 77.000266461
0.978297859 0.013978108 -0.206735215 -15.983695137 -0.015092927 0.999878870 -0.003816534 -0.757924251 0.206656336 0.006853904 0.978389180 77.226552463
0.981005620 0.012290482 -0.193591793 -16.053651030 -0.013275412 0.999904942 -0.003790881 -0.762430075 0.193526501 0.006288895 0.981074021 77.691686713
0.983608773 0.009322866 -0.180078426 -16.109965124 -0.010092815 0.999944087 -0.003359855 -0.766024785 0.180037458 0.005122240 0.983645844 78.148251760
0.984846920 0.008731162 -0.173208001 -16.135772261 -0.009385055 0.999952214 -0.002956414 -0.767381302 0.173173488 0.004537133 0.984880364 78.372127417
0.987439926 0.010372239 -0.157657655 -16.183556628 -0.010660944 0.999942614 -0.000985807 -0.767918435 0.157638405 0.002654221 0.987493078 78.809259939
0.990484719 0.010919749 -0.137190651 -16.211755549 -0.011203906 0.999937081 -0.001298997 -0.772189187 0.137168195 0.002823720 0.990543644 79.252719847
0.994147215 0.011425385 -0.107432246 -16.239365288 -0.012012400 0.999916634 -0.004818540 -0.783421114 0.107368992 0.006080917 0.994199842 79.907766595
0.996177943 0.012738778 -0.086418130 -16.247027662 -0.013233622 0.999899558 -0.005156264 -0.787337934 0.086344189 0.006280172 0.996245153 80.352684708
0.997186239 0.012943113 -0.073845203 -16.241418770 -0.013338055 0.999899105 -0.004858398 -0.788402897 0.073775271 0.005829639 0.997257672 80.572946783
0.998940966 0.015242944 -0.043424223 -16.215613394 -0.015403192 0.999875634 -0.003359187 -0.788825007 0.043368752 0.004024482 0.999050554 81.018801736
0.999782535 0.017942557 -0.010650940 -16.172725056 -0.017959258 0.999838045 -0.001474964 -0.788289660 0.010623378 0.001665910 0.999942023 81.461103097
0.999815253 0.017913078 0.007091412 -16.142728338 -0.017908551 0.999839917 -0.000695884 -0.788301717 -0.007102764 0.000568700 0.999974134 81.688749142
0.998807744 0.017432452 0.045620837 -16.063826494 -0.017484411 0.999847088 0.000740717 -0.788375793 -0.045600842 -0.001537499 0.998958013 82.156189717
0.996053422 0.016849613 0.087149188 -15.963275989 -0.017046880 0.999853527 0.001519674 -0.789223063 -0.087110968 -0.002999285 0.996193840 82.617953453
0.987933972 0.014736777 0.154174841 -15.764067257 -0.015198164 0.999882825 0.001814240 -0.791378848 -0.154130138 -0.004135505 0.988041926 83.317284153
0.979795417 0.014834040 0.199455471 -15.606336446 -0.015420033 0.999880427 0.001385185 -0.793358603 -0.199410536 -0.004432810 0.979905468 83.783287454
0.974875055 0.014170916 0.222303970 -15.517494506 -0.014942074 0.999887459 0.001787163 -0.793172377 -0.222253211 -0.005063925 0.974975351 84.018806177
0.963227601 0.008622075 0.268548834 -15.313455941 -0.010065013 0.999941175 0.003996905 -0.790164884 -0.268498403 -0.006552887 0.963257798 84.489685825
0.949477722 0.004913020 0.313798048 -15.086405258 -0.006613239 0.999969292 0.004353941 -0.789727665 -0.313766839 -0.006209186 0.949479001 84.955361801
0.942046146 0.007012526 0.335410527 -14.971565436 -0.008831895 0.999953907 0.003899247 -0.790348470 -0.335366704 -0.006635568 0.942063759 85.189796207
0.925610814 0.013621660 0.378232882 -14.730960972 -0.016779054 0.999846912 0.005053220 -0.787604700 -0.378105152 -0.011023666 0.925696794 85.649146437
0.907357471 0.011852326 0.420194894 -14.454911672 -0.016302651 0.999842885 0.007001291 -0.783170471 -0.420045075 -0.013202946 0.907407084 86.087553921
0.898000983 0.010637931 0.439865739 -14.311463200 -0.015486365 0.999852356 0.007434937 -0.781756532 -0.439721089 -0.013488459 0.898032270 86.305334875
0.878525527 0.006468454 0.477652638 -14.004113615 -0.011335528 0.999908998 0.007308112 -0.780245734 -0.477560855 -0.011834814 0.878518797 86.730262505
0.858627098 -0.002316771 0.512596674 -13.680289162 -0.003084331 0.999948774 0.009685868 -0.774132308 -0.512591408 -0.009897549 0.858575352 87.138668920
0.848689894 -0.004473213 0.528873171 -13.513225171 -0.001109316 0.999946918 0.010237673 -0.771909428 -0.528890581 -0.009275273 0.848638832 87.343231269
0.828393217 -0.003515896 0.560137117 -13.182556506 -0.003684903 0.999924885 0.011726118 -0.766560203 -0.560134668 -0.011777900 0.828317402 87.747345926
0.807936506 -0.001006612 0.589269765 -12.845654520 -0.008152222 0.999883981 0.012885418 -0.761393679 -0.589214190 -0.015214408 0.807833179 88.136418502
0.798179902 0.000920079 0.602418161 -12.676476104 -0.011226431 0.999847706 0.013347494 -0.758889838 -0.602314114 -0.017416657 0.798068753 88.328960907
0.777405290 0.004525276 0.628983808 -12.316225956 -0.016660355 0.999771984 0.013398803 -0.754975376 -0.628778743 -0.020895372 0.777302850 88.715979140
0.754718078 0.004229049 0.656036628 -11.939254271 -0.017872384 0.999741016 0.014116080 -0.749734784 -0.655805529 -0.022378528 0.754597633 89.079751124
0.743406583 0.002945834 0.668834551 -11.745829349 -0.016644943 0.999762009 0.014097424 -0.747696139 -0.668632786 -0.021612766 0.743277961 89.253267961
0.719746743 -0.001471523 0.694235645 -11.340044002 -0.012534203 0.999807688 0.015114052 -0.741517735 -0.694123414 -0.019580028 0.719588662 89.593674244
0.695972039 -0.006395683 0.718040563 -10.921424160 -0.008499235 0.999817532 0.017143514 -0.733199699 -0.718017799 -0.018034258 0.695789741 89.921470608
0.684240798 -0.008938465 0.729202035 -10.707648825 -0.007383680 0.999788732 0.019183725 -0.727129199 -0.729218006 -0.018510467 0.684029592 90.084384547
0.661742758 -0.012125741 0.749633800 -10.278701778 -0.009733600 0.999646139 0.024762315 -0.712087654 -0.749667583 -0.023682873 0.661389705 90.406242607
0.640867203 -0.014923342 0.767507775 -9.837518097 -0.011721529 0.999504354 0.029221811 -0.698575635 -0.767562447 -0.027723647 0.640373751 90.723503979
0.631886496 -0.017469741 0.774864905 -9.616373162 -0.010640662 0.999456113 0.031210582 -0.692228219 -0.774988253 -0.027966631 0.631356058 90.878568052
0.614899980 -0.023576124 0.788253449 -9.166966302 -0.005042047 0.999415694 0.033825068 -0.681730168 -0.788589133 -0.024773396 0.614420608 91.175454954
0.600518128 -0.027435559 0.799141674 -8.705513610 0.000835865 0.999432371 0.033683806 -0.675618206 -0.799610779 -0.019559701 0.600199440 91.476669494
0.594529288 -0.028386189 0.803573118 -8.480396793 0.003815449 0.999464777 0.032483230 -0.674523406 -0.804064645 -0.016246182 0.594319631 91.621071195
0.584629837 -0.028218861 0.810810611 -8.036877383 0.006267517 0.999522679 0.030267522 -0.671950964 -0.811275942 -0.012613520 0.584526456 91.909693575
0.577067989 -0.027618166 0.816229719 -7.580408268 0.006905849 0.999557070 0.028938935 -0.667564702 -0.816666421 -0.011063013 0.577002712 92.214340028
0.573595328 -0.027415425 0.818680521 -7.353608382 0.008015453 0.999580292 0.027857360 -0.666088943 -0.819098992 -0.009416759 0.573574028 92.362369269
0.567573714 -0.027804047 0.822854181 -6.902873557 0.013135982 0.999608520 0.024715845 -0.664802121 -0.823217507 -0.003219074 0.567715487 92.649838430
0.564012481 -0.030464938 0.825204794 -6.456260945 0.019165951 0.999532752 0.023801217 -0.659668029 -0.825543217 0.002391601 0.564333002 92.938114309
0.562800691 -0.032585918 0.825950926 -6.232962604 0.021920727 0.999459899 0.024494596 -0.655079245 -0.826301843 0.004319830 0.563210713 93.081146474
0.561948669 -0.035225178 0.826422913 -5.790088008 0.025743865 0.999353697 0.025090847 -0.647299167 -0.826771353 0.007175537 0.562492359 93.373363621
0.561547596 -0.035208466 0.826694909 -5.348223176 0.025654096 0.999355500 0.025135922 -0.640537253 -0.827046399 0.007093122 0.562088481 93.670467955
0.561158518 -0.035168725 0.826962239 -5.129019271 0.025195963 0.999360265 0.025403051 -0.636764552 -0.827324812 0.006580949 0.561684999 93.816514751
0.560738821 -0.036047018 0.827208039 -4.691106156 0.025499029 0.999329733 0.026262483 -0.628656302 -0.827600093 0.006366596 0.561282029 94.109940590
0.561043701 -0.036527336 0.826980326 -4.255282594 0.026152580 0.999309903 0.026396424 -0.621771603 -0.827372393 0.006818119 0.561611757 94.398827619
0.561646378 -0.037065207 0.826546744 -4.033828577 0.027438407 0.999280789 0.026166596 -0.618756390 -0.826921347 0.007982689 0.562259236 94.544931060
0.563591068 -0.038511939 0.825155858 -3.607302340 0.029995993 0.999208212 0.026147744 -0.612209541 -0.825508805 0.010014661 0.564300128 94.830430154
0.566884353 -0.038634239 0.822891779 -3.174299305 0.030927861 0.999193474 0.025605587 -0.606462583 -0.823216180 0.010934860 0.567622431 95.125048906
0.569031819 -0.037803697 0.821446546 -2.964902063 0.030812400 0.999221271 0.024640780 -0.604908681 -0.821737776 0.011289275 0.569753325 95.271260947
0.573371432 -0.035515733 0.818526284 -2.551472296 0.029969011 0.999300561 0.022366514 -0.602485262 -0.818746974 0.011706069 0.574034467 95.563981453
0.579954935 -0.033746147 0.813949833 -2.143693971 0.028663250 0.999368678 0.021010506 -0.598583791 -0.814144028 0.011145246 0.580555670 95.865952155
0.582960174 -0.033277058 0.811820285 -1.935411327 0.028078169 0.999389450 0.020803028 -0.595772790 -0.812014814 0.010667079 0.583538402 96.019300002
0.589699015 -0.032365762 0.806974636 -1.537499090 0.027393514 0.999423183 0.020066562 -0.590980740 -0.807158486 0.010272608 0.590245005 96.321454190
0.596374218 -0.031673896 0.802082103 -1.150569732 0.027422705 0.999442383 0.019077843 -0.586777525 -0.802237149 0.010617720 0.596910240 96.616593664
0.599758671 -0.031753761 0.799551532 -0.956064002 0.027521558 0.999440074 0.019047856 -0.583869182 -0.799707554 0.010580761 0.600295642 96.766433950
0.606685496 -0.032092909 0.794294644 -0.572932781 0.027166769 0.999437945 0.019631531 -0.577084252 -0.794477570 0.009668200 0.607216426 97.067749586
0.613606579 -0.032098444 0.788959731 -0.192940049 0.026389836 0.999448905 0.020137607 -0.570491445 -0.789170804 0.008463953 0.614115344 97.369425624
0.617045965 -0.031818865 0.786284633 -0.012199578 0.026115058 0.999459663 0.019951448 -0.568095638 -0.786493561 0.008222894 0.617543222 97.515754771
0.623612835 -0.031092415 0.781115791 0.347481110 0.025765118 0.999484018 0.019214685 -0.563973491 -0.781308726 0.008143016 0.624091564 97.809254373
0.630595791 -0.031241699 0.775483535 0.702955458 0.025411655 0.999484845 0.019602162 -0.558022238 -0.775695576 0.007345255 0.631064366 98.108019395
0.634094535 -0.031368295 0.772620250 0.878182690 0.025223648 0.999484132 0.019877786 -0.554959652 -0.772844359 0.006883889 0.634557608 98.259123435
0.640330008 -0.030724288 0.767485345 1.219910123 0.024509837 0.999507962 0.019563640 -0.550480743 -0.767708037 0.006283740 0.640767771 98.554371687
0.646089589 -0.029946512 0.762674650 1.555768591 0.023256174 0.999538724 0.019545887 -0.545623474 -0.762907604 0.005108476 0.646487164 98.851251544
0.648345286 -0.029671872 0.760768674 1.726585909 0.022403842 0.999551612 0.019891919 -0.542561325 -0.761016220 0.004147295 0.648718533 98.999998132
0.652111201 -0.030177425 0.757522681 2.071214716 0.021453771 0.999541615 0.021350354 -0.535113697 -0.757819424 0.002328889 0.652459411 99.301608084
0.654922753 -0.031056439 0.755057959 2.406799293 0.021515081 0.999516427 0.022449566 -0.528406706 -0.755388938 0.001542380 0.655274457 99.590886653
0.656484643 -0.031344913 0.753688787 2.567122313 0.021997136 0.999507001 0.022408057 -0.526176303 -0.754018906 0.001868422 0.656849618 99.731288158
0.659078680 -0.031319733 0.751422715 2.888266484 0.022535555 0.999506755 0.021893949 -0.522458306 -0.751736717 0.002503878 0.659458907 100.010757866
0.660154654 -0.031710703 0.750460634 3.199085255 0.023629581 0.999491001 0.021447374 -0.518779363 -0.750757676 0.003574479 0.660567476 100.275181328
0.661018855 -0.032141567 0.749681286 3.352037559 0.024148850 0.999476129 0.021558340 -0.516408738 -0.749980472 0.003853486 0.661447931 100.406881923
0.663081926 -0.032145410 0.747856361 3.651737922 0.024476999 0.999474969 0.021258456 -0.512647331 -0.748146313 0.004209209 0.663519907 100.668765152
0.665054725 -0.030966372 0.746152217 3.933567227 0.025211064 0.999502010 0.019009756 -0.512471153 -0.746368399 0.006168756 0.665503992 100.915820682
0.665878628 -0.030045213 0.745455650 4.065960920 0.024842765 0.999527848 0.018094643 -0.512151182 -0.745645837 0.006470328 0.666310361 101.031735166
0.668083254 -0.029036025 0.743520135 4.325321105 0.023601319 0.999563025 0.017828275 -0.508926277 -0.743711806 0.005637262 0.668475717 101.263879738
0.670451333 -0.028646522 0.741400940 4.578844741 0.021992537 0.999582571 0.018734361 -0.503809031 -0.741626675 0.003744786 0.670801474 101.495429526
0.671709350 -0.028105411 0.740282685 4.701420427 0.021057541 0.999600688 0.018843738 -0.501904336 -0.740515591 0.002931002 0.672031912 101.609296297
0.674009936 -0.027314035 0.738217662 4.943086185 0.020198517 0.999623859 0.018544387 -0.499025397 -0.738445410 0.002411787 0.674308498 101.834244313
