1.000000000 0.000000000 0.000000000 -0.000000000 0.000000000 1.000000000 0.000000000 0.000000000 -0.000000000 -0.000000000 1.000000000 0.000000000
0.999879041 -0.000092774 -0.015545454 -0.018988653 0.000059900 0.999998128 -0.002109562 0.028070581 0.015544951 0.002108337 0.999876571 0.839072365
0.999512189 0.000317851 -0.031239129 -0.056316594 -0.000370064 0.999998428 -0.001662900 0.059846728 0.031238378 0.001673629 0.999510798 1.669398575
0.999238886 -0.000032626 -0.039003089 -0.073611060 0.000020175 0.999999670 -0.000320300 0.077830132 0.039003560 0.000319294 0.999238948 2.091422049
0.998467915 -0.000625512 -0.055327400 -0.135929254 0.000747230 0.999997498 0.002180327 0.112818294 0.055326330 -0.002218271 0.998465546 2.923010958
0.997489506 -0.002079802 -0.070780446 -0.196566033 0.002316854 0.999991693 0.003267979 0.146074179 0.070772092 -0.003423786 0.997486020 3.770207585
0.996922871 -0.002278157 -0.078348927 -0.241586261 0.002595096 0.999988333 0.003944012 0.162964483 0.078339085 -0.004135072 0.996918339 4.197817712
0.995481539 -0.001956977 -0.094934409 -0.329969774 0.002496169 0.999981754 0.005562378 0.197820738 0.094921373 -0.005774221 0.995468262 5.068540474
0.993862644 -0.001014961 -0.110612016 -0.438324160 0.001847467 0.999970239 0.007424000 0.232684316 0.110601668 -0.007582705 0.993835776 5.933153239
0.992958136 -0.000364485 -0.118465688 -0.497216850 0.001371573 0.999963671 0.008420434 0.250127258 0.118457744 -0.008523630 0.992922151 6.363515508
0.990922749 0.001627517 -0.134419702 -0.627745860 -0.000367083 0.999955176 0.009401836 0.283314765 0.134428587 -0.009267119 0.990879353 7.225411469
0.988693775 0.003736807 -0.149903616 -0.763804514 -0.002369256 0.999953521 0.009300692 0.314331818 0.149931058 -0.008840381 0.988656554 8.077673650
0.987705708 0.005140538 -0.156238807 -0.838212762 -0.003720500 0.999948603 0.009380435 0.329662928 0.156278709 -0.008683842 0.987675145 8.495345081
0.985768320 0.007087202 -0.167962571 -0.977044910 -0.005568771 0.999938704 0.009510049 0.360446395 0.168019179 -0.008439311 0.985747206 9.333738263
0.983520405 0.007928506 -0.180623850 -1.136411720 -0.006173733 0.999928364 0.010275550 0.392577994 0.180691631 -0.008991108 0.983498294 10.184844141
0.982201697 0.007514978 -0.187678256 -1.224683023 -0.005727468 0.999932495 0.010065444 0.407382540 0.187740673 -0.008811380 0.982178459 10.605308150
0.979842499 0.005988972 -0.199679602 -1.396769096 -0.004393891 0.999954699 0.008430417 0.434732580 0.199720717 -0.007383032 0.979825328 11.439660570
0.977503954 0.008313714 -0.210753539 -1.576584906 -0.007579699 0.999962162 0.004290453 0.457809085 0.210781282 -0.002596452 0.977529310 12.267788130
0.976291477 0.009264738 -0.216260292 -1.670947741 -0.008718643 0.999956063 0.003479462 0.471278900 0.216282197 -0.001511457 0.976329140 12.679419577
0.974085483 0.008291412 -0.226026575 -1.858028430 -0.007686649 0.999963553 0.003555743 0.500092661 0.226048216 -0.001726156 0.974114364 13.482074258
0.971758417 0.009082451 -0.235803227 -2.050680232 -0.007975322 0.999951960 0.005648610 0.531207200 0.235842599 -0.003608437 0.971784344 14.256887230
0.970656161 0.009983226 -0.240266727 -2.152282430 -0.008506177 0.999938336 0.007184044 0.547486437 0.240322702 -0.004929425 0.970680470 14.643155500
0.968383217 0.008496619 -0.249322017 -2.341001633 -0.007186935 0.999954599 0.006162992 0.572535619 0.249362713 -0.004176307 0.968401196 15.394327617
0.966084255 0.005600430 -0.258164790 -2.531361597 -0.004731135 0.999981222 0.003988525 0.594365280 0.258182231 -0.002631841 0.966092182 16.112037149
0.964729345 0.004451418 -0.263206891 -2.632927424 -0.003663374 0.999986983 0.003484951 0.605897106 0.263218818 -0.002397774 0.964732928 16.462402490
0.961796461 0.001301605 -0.273763326 -2.826629842 -0.000589281 0.999995710 0.002684339 0.628853053 0.273765249 -0.002420451 0.961792607 17.148984198
0.958464212 -0.002184522 -0.285204680 -3.027541926 0.002908942 0.999992961 0.002116444 0.651210943 0.285198289 -0.002858134 0.958463719 17.810330401
0.956790664 -0.005009323 -0.290732696 -3.125222181 0.005762057 0.999981558 0.001733137 0.662073420 0.290718574 -0.003333392 0.956802895 18.136852709
0.953580392 -0.009559602 -0.300985427 -3.317802610 0.010267379 0.999946510 0.000770160 0.682702022 0.300961262 -0.003824685 0.953627805 18.767735352
0.950455264 -0.012774820 -0.310596621 -3.526472433 0.013584995 0.999907855 0.000445380 0.703138251 0.310562374 -0.004642679 0.950541885 19.368647367
0.948889150 -0.014081234 -0.315296041 -3.629710825 0.015235496 0.999882927 0.001196409 0.714812608 0.315242370 -0.005938928 0.948992754 19.667383752
0.945615770 -0.015496679 -0.324916504 -3.835635576 0.017454373 0.999842440 0.003111350 0.738169513 0.324816622 -0.008613318 0.945737157 20.245983283
0.943130099 -0.016666237 -0.332005485 -4.031010187 0.019250352 0.999804669 0.004495926 0.760077025 0.331865667 -0.010631392 0.943266262 20.808819049
0.942111870 -0.016060502 -0.334914912 -4.130356301 0.018791497 0.999810977 0.004915499 0.770312602 0.334772462 -0.010924441 0.942235294 21.083741230
0.940194355 -0.016687140 -0.340230669 -4.324601489 0.019622303 0.999793945 0.005187972 0.789613899 0.340073718 -0.011553791 0.940327349 21.626969184
0.938456656 -0.016952011 -0.344980578 -4.521017540 0.019002135 0.999815781 0.002561921 0.802884095 0.344873449 -0.008959622 0.938606098 22.137672428
0.937615485 -0.018140003 -0.347199284 -4.612558444 0.019571986 0.999807771 0.000617842 0.808159115 0.347121424 -0.007374654 0.937790932 22.383084649
0.936475634 -0.019355027 -0.350198174 -4.792873288 0.019545521 0.999804882 -0.002990601 0.819692189 0.350187127 -0.004044177 0.936670232 22.887750011
0.935462474 -0.020061476 -0.352855124 -4.979316503 0.019711258 0.999795348 -0.004585778 0.834117405 0.352874299 -0.002665310 0.935667059 23.383424438
0.933882671 -0.021116522 -0.356956586 -5.254004459 0.020472513 0.999774530 -0.005582739 0.857141679 0.356993663 -0.002094118 0.934104430 24.101350958
0.933165171 -0.021152155 -0.358825443 -5.427702578 0.020339499 0.999774394 -0.006039871 0.872810148 0.358871384 -0.001662110 0.933385437 24.577830612
0.933223097 -0.020927919 -0.358687992 -5.522039794 0.020055669 0.999780219 -0.006152611 0.880469645 0.358737428 -0.001451946 0.933437424 24.809275740
0.933984124 -0.021910690 -0.356642152 -5.682973831 0.020888889 0.999758960 -0.006716737 0.895202978 0.356703036 -0.001176454 0.934216640 25.266642241
0.934788309 -0.023164014 -0.354448570 -5.842237529 0.021859849 0.999731890 -0.007683492 0.909187845 0.354531934 -0.000565753 0.935043441 25.721539196
0.935128459 -0.023992084 -0.353495436 -5.922703067 0.022596910 0.999712457 -0.008074003 0.916384637 0.353587098 -0.000437715 0.935400741 25.950228812
0.935279374 -0.028310635 -0.352775182 -6.081955443 0.026531280 0.999598665 -0.009879113 0.929070464 0.352912662 -0.000119858 0.935655850 26.405174439
0.935858598 -0.031653408 -0.350950631 -6.233457704 0.029803481 0.999498325 -0.010672851 0.943691557 0.351112693 -0.000471189 0.936333164 26.866432538
0.936231485 -0.031864079 -0.349935569 -6.316716229 0.030378656 0.999491327 -0.009734207 0.953178357 0.350067351 -0.001517079 0.936723385 27.099199001
0.936748104 -0.033163109 -0.348429945 -6.476046446 0.033039619 0.999433659 -0.006298451 0.975082827 0.348440978 -0.005611906 0.937313782 27.571839626
0.936878610 -0.036444767 -0.347751607 -6.629251269 0.037213859 0.999297342 -0.004469367 0.994149652 0.347669570 -0.008753882 0.937576213 28.035428742
0.937025009 -0.037014675 -0.347295480 -6.709732396 0.038071272 0.999267781 -0.003782848 1.003135121 0.347180912 -0.009677377 0.937748189 28.264051339
0.937016028 -0.037504526 -0.347267580 -6.875151778 0.039482333 0.999218921 -0.001381188 1.023720310 0.347047278 -0.012416619 0.937765345 28.745899225
0.937020437 -0.038726225 -0.347120999 -7.046135116 0.042155349 0.999108483 0.002329896 1.046072134 0.346721486 -0.016816067 0.937817837 29.217965817
0.936887410 -0.038641858 -0.347489144 -7.122191655 0.042593790 0.999085510 0.003738748 1.056751090 0.347025321 -0.018303523 0.937676724 29.457905125
0.936627652 -0.039481213 -0.348093375 -7.288709575 0.044179227 0.999008461 0.005566186 1.075824616 0.347528177 -0.020592008 0.937443005 29.923434308
0.935663878 -0.040711699 -0.350535279 -7.460773583 0.046152610 0.998908471 0.007178009 1.094901543 0.349860373 -0.022894333 0.936521492 30.397288664
0.935107765 -0.041157006 -0.351965493 -7.547912905 0.046907675 0.998868722 0.007822646 1.104222848 0.351245237 -0.023824922 0.935979729 30.635889038
0.933581672 -0.040899435 -0.356023953 -7.739390583 0.047295887 0.998837269 0.009276582 1.123296227 0.355230657 -0.025498872 0.934430749 31.120841676
0.931942665 -0.041568690 -0.360215972 -7.921447544 0.048898612 0.998739841 0.011255730 1.143526426 0.359293505 -0.028103739 0.932801285 31.609638361
0.931013551 -0.040837725 -0.362691488 -8.016901658 0.048327984 0.998763869 0.011599035 1.152067951 0.361769037 -0.028326899 0.931837368 31.842715501
0.929238377 -0.038940084 -0.367422865 -8.207231712 0.046087856 0.998879904 0.010696478 1.166446660 0.366595039 -0.026873310 0.929992153 32.308138576
0.927627835 -0.037172768 -0.371651065 -8.404227624 0.044171368 0.998970014 0.010332705 1.182040555 0.370883277 -0.026001201 0.928315298 32.783506481
0.927123619 -0.036289376 -0.372995072 -8.497469958 0.043521035 0.998992197 0.010983202 1.191631403 0.372219780 -0.026415908 0.927768336 33.031254586
0.926134115 -0.035782235 -0.375492147 -8.692827650 0.043546412 0.998977090 0.012208657 1.210449354 0.374671028 -0.027658203 0.926745275 33.522044504
0.925068386 -0.036546504 -0.378037111 -8.891491362 0.044299940 0.998948171 0.011830824 1.226787180 0.377207109 -0.027691373 0.925714554 34.017922528
0.924333479 -0.036433688 -0.379842868 -8.995812822 0.044094730 0.998961390 0.011484842 1.234600688 0.379029802 -0.027364816 0.924980028 34.264347425
0.923132309 -0.035086000 -0.382877974 -9.205559317 0.042288434 0.999050788 0.010408509 1.249580864 0.382149410 -0.025799786 0.923740582 34.758886515
0.922342541 -0.033032559 -0.384958727 -9.415307189 0.039630537 0.999172264 0.009215980 1.265006172 0.384335425 -0.023756450 0.922887848 35.271449329
0.922301439 -0.032617474 -0.385092333 -9.524615721 0.038875198 0.999208257 0.008473340 1.272317115 0.384511093 -0.022785537 0.922839045 35.525385827
0.921955721 -0.031880277 -0.385981164 -9.739351449 0.037440360 0.999274773 0.006894733 1.287329791 0.385481517 -0.020807805 0.922481151 36.045456872
0.921508027 -0.031192451 -0.387104719 -9.952435022 0.036316674 0.999322970 0.005928257 1.303967706 0.386657858 -0.019521208 0.922017015 36.581009834
0.921246842 -0.030980197 -0.387742739 -10.066741337 0.035903011 0.999340286 0.005456820 1.312005174 0.387318044 -0.018948166 0.921751741 36.842411880
0.921047351 -0.028735432 -0.388389837 -10.279819439 0.033024780 0.999445356 0.004371666 1.327728304 0.388048099 -0.016853017 0.921484202 37.359958716
0.920904901 -0.025242659 -0.388969106 -10.501221129 0.028914488 0.999575061 0.003587848 1.343680907 0.388713307 -0.014550915 0.921243964 37.871944501
0.921208491 -0.023243621 -0.388373484 -10.609429048 0.026690251 0.999637131 0.003481579 1.351978439 0.388151684 -0.013572972 0.921495627 38.124178973
0.921959051 -0.020775859 -0.386729026 -10.811976169 0.023859994 0.999709760 0.003175584 1.368450549 0.386550965 -0.012155141 0.922187662 38.625879676
0.922101075 -0.019287244 -0.386467189 -11.016738364 0.021975814 0.999755197 0.002539582 1.384538304 0.386322947 -0.010834658 0.922299521 39.130924899
0.922299104 -0.018454234 -0.386035510 -11.122720323 0.020823625 0.999781576 0.001957048 1.391971114 0.385914310 -0.009843623 0.922482126 39.379861650
0.922555971 -0.016107879 -0.385526360 -11.334127563 0.017628504 0.999843998 0.000409763 1.406885821 0.385459273 -0.007174255 0.922696450 39.894941186
0.923574686 -0.014166690 -0.383156682 -11.553867431 0.015174560 0.999884408 -0.000391932 1.423354483 0.383117615 -0.005452186 0.923683627 40.422450448
0.924056662 -0.013057409 -0.382031214 -11.659301420 0.013828152 0.999903608 -0.000727841 1.431835640 0.382003851 -0.004610183 0.924149376 40.688555792
0.924330787 -0.012041570 -0.381403268 -11.876827419 0.012438485 0.999921752 -0.001424419 1.449113803 0.381390138 -0.003427389 0.924407619 41.230745005
0.924915131 -0.009651293 -0.380050415 -12.097710977 0.010289587 0.999946682 -0.000351836 1.470112718 0.380033356 -0.003585104 0.924966073 41.795830392
0.924993141 -0.008014684 -0.379899231 -12.214258215 0.008845994 0.999961019 0.000442663 1.481018887 0.379880963 -0.003770096 0.925027369 42.078495475
0.925266587 -0.004863317 -0.379284743 -12.453436613 0.005432731 0.999985552 0.000431172 1.501197639 0.379276735 -0.002459471 0.925280203 42.671085082
0.925808835 -0.006169930 -0.377942740 -12.692561785 0.005251565 0.999979883 -0.003460309 1.515556158 0.377955850 0.001218740 0.925822588 43.281933164
0.926330043 -0.006683146 -0.376653009 -12.813514246 0.005098438 0.999973368 -0.005203983 1.523120983 0.376677764 0.002900337 0.926340279 43.589424084
0.926901123 -0.007486675 -0.375228809 -13.054891852 0.005331312 0.999962225 -0.006781707 1.541381977 0.375265602 0.004285552 0.926907564 44.203456068
0.926903505 -0.005337800 -0.375260291 -13.307950502 0.003083814 0.999973444 -0.006606605 1.563868453 0.375285418 0.004966545 0.926895447 44.852853264
0.927463999 -0.003625652 -0.373895110 -13.440043035 0.001762254 0.999984666 -0.005325400 1.576936014 0.373908180 0.004280189 0.927455523 45.176788607
0.927936930 -0.001579633 -0.372733158 -13.691488546 0.001007582 0.999998267 -0.001729511 1.605524417 0.372734775 0.001229292 0.927936610 45.841499987
0.928609451 -0.001259533 -0.371056970 -13.940662202 0.000639594 0.999998507 -0.001793706 1.627981994 0.371058164 0.001428314 0.928608489 46.503110958
0.929096771 -0.000876715 -0.369835965 -14.066065085 -0.000239334 0.999995048 -0.002971622 1.637391639 0.369836962 0.002849517 0.929092481 46.835233398
0.930059258 0.000954578 -0.367407824 -14.327966158 -0.003181251 0.999980004 -0.005454770 1.656577463 0.367395064 0.006242074 0.930044416 47.516115145
0.931184122 0.002600893 -0.364540911 -14.592625732 -0.006335381 0.999938549 -0.009048739 1.674096222 0.364494596 0.010735552 0.931142686 48.201222004
0.931537139 0.004122991 -0.363622036 -14.724685329 -0.008476803 0.999910208 -0.010378260 1.683671828 0.363546036 0.012750069 0.931488811 48.543328586
0.932762379 0.008609882 -0.360388491 -14.982753139 -0.012939473 0.999869831 -0.009602520 1.708764363 0.360259700 0.013620193 0.932752323 49.236201713
0.933764139 0.010641323 -0.357731701 -15.243061959 -0.014247775 0.999870760 -0.007447083 1.736735591 0.357605898 0.012050691 0.933794177 49.950337502
0.934382715 0.011996856 -0.356069747 -15.371836248 -0.015077408 0.999869000 -0.005877435 1.751454811 0.355952401 0.010860428 0.934440920 50.305296585
0.935240575 0.015978079 -0.353651715 -15.627698375 -0.018744446 0.999814212 -0.004398229 1.778296153 0.353516559 0.010742411 0.935366518 51.012814469
0.936844138 0.016565853 -0.349354259 -15.885161069 -0.020486110 0.999762131 -0.007528923 1.798167133 0.349145839 0.014210283 0.936960879 51.741131510
0.937769945 0.015932394 -0.346890282 -16.021652452 -0.020491487 0.999745481 -0.009478143 1.807449140 0.346650255 0.015996566 0.937857291 52.107949735
0.939409529 0.016139266 -0.342416396 -16.280813845 -0.021052831 0.999721386 -0.010637294 1.831896679 0.342149559 0.017201691 0.939487726 52.874673697
0.941069565 0.016760812 -0.337797502 -16.542787471 -0.021066162 0.999737229 -0.009082858 1.860842592 0.337556173 0.015663755 0.941174720 53.645391763
0.941991573 0.017173595 -0.335196514 -16.672117870 -0.021018662 0.999747886 -0.007846358 1.876308524 0.334977009 0.014436575 0.942115829 54.037236202
0.943392842 0.017160043 -0.331233380 -16.932419224 -0.020672514 0.999760830 -0.007083409 1.904571383 0.331031773 0.013529876 0.943522614 54.823522673
0.944837293 0.016205132 -0.327138604 -17.192696977 -0.019904903 0.999770487 -0.007964020 1.930126245 0.326933647 0.014036437 0.944942988 55.609910607
0.945543223 0.015482597 -0.325127289 -17.318677813 -0.019178051 0.999783146 -0.008164053 1.943075996 0.324929596 0.013954757 0.945634729 55.996854143
0.947256695 0.012996072 -0.320211475 -17.563424941 -0.016796865 0.999817524 -0.009110320 1.969013969 0.320033907 0.014008373 0.947301956 56.795997686
0.948736484 0.010188571 -0.315902667 -17.813158270 -0.014262095 0.999842307 -0.010585428 1.994349451 0.315744683 0.014548270 0.948732431 57.602656574
0.949504962 0.008523752 -0.313635902 -17.935250193 -0.012727501 0.999854353 -0.011357932 2.006820636 0.313492231 0.014776259 0.949475643 58.001830732
0.950989685 0.005625976 -0.309169575 -18.178339768 -0.009837931 0.999878395 -0.012065891 2.033764306 0.309063987 0.014516116 0.950930417 58.816479406
0.952368182 0.004763867 -0.304912472 -18.420344928 -0.008537771 0.999902704 -0.011044689 2.063553190 0.304830438 0.013121880 0.952315925 59.629356415
0.953051232 0.004170749 -0.302777912 -18.536904334 -0.007860819 0.999908785 -0.010969399 2.077865072 0.302704467 0.012834532 0.952998207 60.038176708
0.954496015 0.001669582 -0.298218134 -18.781641242 -0.005864628 0.999895690 -0.013172596 2.103204411 0.298164810 0.014322138 0.954406327 60.873423486
0.956104507 -0.000652690 -0.293022842 -19.010272778 -0.004363712 0.999854494 -0.016465368 2.126041732 0.292991231 0.017021341 0.955963910 61.684620638
0.957008764 -0.003287430 -0.290041044 -19.126258016 -0.001933749 0.999840919 -0.017712828 2.138108934 0.290053028 0.017512250 0.956850501 62.092692505
0.958376379 -0.006712548 -0.285430992 -19.349401260 0.001884521 0.999849960 -0.017185964 2.168148447 0.285502819 0.015932762 0.958245437 62.931375309
0.959921969 -0.008245868 -0.280144649 -19.579793068 0.004459684 0.999889876 -0.014149878 2.202627101 0.280230419 0.012333445 0.959853453 63.780714678
0.960625456 -0.009851971 -0.277670605 -19.689719605 0.006637918 0.999899149 -0.012512560 2.219796247 0.277765109 0.010176775 0.960594954 64.197477956
0.962002933 -0.014058189 -0.272677189 -19.906224859 0.011609953 0.999876366 -0.010589566 2.251818210 0.272791715 0.007021491 0.962047562 65.026096122
0.963041533 -0.017484296 -0.268784278 -20.107161882 0.015000863 0.999823748 -0.011290707 2.279621227 0.268933832 0.006841417 0.963133948 65.849601925
0.963472016 -0.019462254 -0.267101879 -20.209838899 0.016787385 0.999782958 -0.012294338 2.292241313 0.267282476 0.007361334 0.963589570 66.255712758
0.964993200 -0.021870987 -0.261361446 -20.406876662 0.018846419 0.999723372 -0.014073376 2.318091393 0.261596439 0.008654974 0.965138278 67.073464023
0.966245158 -0.021403635 -0.256734580 -20.608384892 0.018523281 0.999735530 -0.013632341 2.347799341 0.256958242 0.008416723 0.966386004 67.897730982
0.966798777 -0.020688855 -0.254700668 -20.715524365 0.017980275 0.999754227 -0.012957955 2.363357976 0.254905987 0.007948188 0.966932860 68.310391953
0.967662097 -0.021873857 -0.251296955 -20.909838258 0.019561745 0.999739980 -0.011695264 2.395422680 0.251487496 0.006401300 0.967838723 69.159828523
0.968674431 -0.023310380 -0.247236760 -21.106900999 0.020997647 0.999707154 -0.011987109 2.424425888 0.247443073 0.006420217 0.968880664 69.995502048
0.968938582 -0.023552155 -0.246177919 -21.205146722 0.021064661 0.999696445 -0.012733309 2.437970031 0.246402595 0.007152153 0.969140569 70.412958421
0.969523765 -0.023674054 -0.243848353 -21.401092739 0.021001563 0.999687848 -0.013553710 2.466111196 0.244092845 0.008019446 0.969717951 71.246999186
0.969989183 -0.022940930 -0.242063285 -21.597607699 0.020303545 0.999704066 -0.013384501 2.495897485 0.242298114 0.008068074 0.970167674 72.081810841
0.970316582 -0.022337477 -0.240805305 -21.696977462 0.019760771 0.999718371 -0.013109968 2.511143049 0.241029316 0.007962295 0.970484849 72.500868524
0.971013230 -0.022131551 -0.237998413 -21.886838478 0.019629846 0.999724266 -0.012876416 2.541368391 0.238216441 0.007831334 0.971180200 73.343713771
0.970988170 -0.021695422 -0.238139001 -22.084451264 0.019006593 0.999727142 -0.013581503 2.569848327 0.238368568 0.008661360 0.971136372 74.180239433
0.970921535 -0.022329404 -0.238351580 -22.178816538 0.019527536 0.999709985 -0.014109997 2.583597935 0.238597440 0.009045340 0.971076200 74.591860396
0.970984883 -0.022772750 -0.238055370 -22.379766434 0.019956178 0.999699084 -0.014234870 2.613165108 0.238307456 0.009071200 0.971146712 75.433340502
0.971279590 -0.022102529 -0.236909349 -22.574627672 0.019442707 0.999718883 -0.013557837 2.644396769 0.237142188 0.008562316 0.971436574 76.283640814
0.971326823 -0.021529009 -0.236770135 -22.672895429 0.019048695 0.999737439 -0.012758559 2.660469041 0.236982939 0.007882521 0.971481314 76.701002462
0.971316043 -0.021253308 -0.236838156 -22.868316830 0.019076970 0.999751948 -0.011477125 2.692051321 0.237022954 0.006629775 0.971480750 77.534081765
0.971365607 -0.021183332 -0.236642776 -23.059857069 0.019305982 0.999760985 -0.010247717 2.724044376 0.236803449 0.005385689 0.971542135 78.379358369
0.971392173 -0.021399783 -0.236513925 -23.159221607 0.019501977 0.999755570 -0.010360632 2.738690384 0.236677877 0.005451768 0.971572757 78.798438517
0.971622542 -0.022183754 -0.235491896 -23.351845754 0.020231744 0.999737546 -0.010701941 2.767493018 0.235667238 0.005633838 0.971816930 79.627459317
0.971832938 -0.022255628 -0.234617583 -23.527826939 0.020263572 0.999735522 -0.010898026 2.795745849 0.234797647 0.005836925 0.972026493 80.431524818
0.971909710 -0.022203528 -0.234303022 -23.624976752 0.020265040 0.999737222 -0.010677809 2.810816182 0.234478431 0.005629795 0.972104340 80.847258946
0.972240687 -0.021985303 -0.232948214 -23.808746339 0.020296973 0.999747309 -0.009642118 2.842100997 0.233101230 0.004646339 0.972441586 81.680906667
0.972336227 -0.022121261 -0.232532994 -23.995277576 0.020530368 0.999746513 -0.009259578 2.871793229 0.232678962 0.004229388 0.972544178 82.500736306
0.972465993 -0.022261362 -0.231978556 -24.090205436 0.020685152 0.999743159 -0.009224940 2.886458500 0.232124481 0.004172452 0.972677315 82.913155491
0.972966504 -0.021567341 -0.229938208 -24.275059438 0.019807441 0.999754275 -0.009959366 2.914898100 0.230096691 0.005135690 0.973154004 83.748574876
0.973369598 -0.020641041 -0.228310241 -24.456031423 0.018720511 0.999768409 -0.010574230 2.943363299 0.228474720 0.006018592 0.973530937 84.578165592
0.973776054 -0.019904913 -0.226634595 -24.547080211 0.018010985 0.999783620 -0.010421515 2.958679168 0.226792537 0.006066369 0.973923806 85.002773093
0.974385302 -0.018570809 -0.224117579 -24.734733105 0.016837128 0.999811684 -0.009644210 2.990373524 0.224253801 0.005623661 0.974514357 85.860273580
0.975129897 -0.018290066 -0.220877647 -24.912388169 0.016576205 0.999816362 -0.009610191 3.020355021 0.221012836 0.005709938 0.975253623 86.702852705
0.975557475 -0.018168537 -0.218991459 -24.997325672 0.016368090 0.999815892 -0.010032989 3.034452048 0.219132854 0.006203286 0.975675310 87.118348043
0.976602807 -0.017568026 -0.214332682 -25.168854645 0.015439013 0.999813245 -0.011603423 3.061515960 0.214496228 0.008022859 0.976691718 87.951878654
0.977661801 -0.017551611 -0.209449943 -25.332630281 0.015294234 0.999805679 -0.012392426 3.090145411 0.209626224 0.008912176 0.977740227 88.791735589
0.978310802 -0.017373184 -0.206411613 -25.409255083 0.015152919 0.999809172 -0.012332390 3.105262041 0.206585865 0.008937196 0.978387446 89.212745177
0.979412698 -0.017064574 -0.201145184 -25.569168645 0.015043595 0.999819295 -0.011571686 3.136205398 0.201306828 0.008307598 0.979492592 90.046687704
0.980577170 -0.016556447 -0.195432025 -25.722426782 0.014716596 0.999832800 -0.010862414 3.167417933 0.195578564 0.007775301 0.980656922 90.888670187
0.981212253 -0.016277911 -0.192243959 -25.802938652 0.014514951 0.999838152 -0.010575342 3.183088536 0.192385316 0.007586256 0.981289835 91.315486729
0.982327140 -0.015865939 -0.186497587 -25.949535095 0.014180330 0.999846033 -0.010368349 3.213850782 0.186632627 0.007540520 0.982400828 92.165536126
0.983583608 -0.016051153 -0.179736806 -26.083927675 0.014452049 0.999843564 -0.010202528 3.244609006 0.179871686 0.007437581 0.983662041 93.015310415
0.984163746 -0.015580606 -0.176572508 -26.158334965 0.014030924 0.999851717 -0.010021619 3.259830198 0.176701638 0.007385463 0.984236757 93.432985965
0.985525323 -0.014844080 -0.168874546 -26.280521419 0.013333547 0.999860071 -0.010074923 3.290324592 0.169000068 0.007677487 0.985585455 94.282494881
0.986721711 -0.014786211 -0.161745974 -26.402153909 0.013332303 0.999860429 -0.010070581 3.320892591 0.161872160 0.007780426 0.986780902 95.131168509
0.987268701 -0.014190139 -0.158425638 -26.467685563 0.012765837 0.999868396 -0.010004222 3.336177752 0.158546298 0.007854399 0.987320250 95.553561583
0.988558341 -0.012401288 -0.150326528 -26.577109139 0.010958937 0.999885864 -0.010418982 3.366162157 0.150438605 0.008652381 0.988581262 96.401981819
0.989492270 -0.012203659 -0.144070112 -26.688755713 0.010789258 0.999885934 -0.010594427 3.396671536 0.144182342 0.008928794 0.989510733 97.253712506
0.990053456 -0.012031883 -0.140175770 -26.739870767 0.010685467 0.999888847 -0.010353690 3.412892080 0.140284891 0.008752893 0.990072797 97.690505557
0.991136179 -0.011898279 -0.132315797 -26.843218645 0.010761825 0.999899108 -0.009300211 3.446315122 0.132412455 0.007793783 0.991163851 98.565719928
0.992170695 -0.011534171 -0.124358315 -26.939896326 0.010512193 0.999905057 -0.008870582 3.477738097 0.124448421 0.007493936 0.992197809 99.412978475
0.992616153 -0.011951174 -0.120705408 -26.983787986 0.010898002 0.999896225 -0.009380833 3.492407365 0.120804599 0.007996211 0.992644197 99.839006760
0.993535211 -0.012456610 -0.112834523 -27.060470583 0.011295811 0.999876930 -0.010920461 3.521045073 0.112955891 0.009575292 0.993554030 100.692479389
0.994422169 -0.014585517 -0.104458483 -27.129944836 0.013365029 0.999834301 -0.012374275 3.550145476 0.104621578 0.010909231 0.994451861 101.553152194
0.994810304 -0.015391327 -0.100576836 -27.158857240 0.014150870 0.999815044 -0.013035078 3.564539220 0.100758484 0.011544214 0.994843983 101.974752893
0.995483228 -0.017529529 -0.093305298 -27.225570484 0.016354828 0.999777222 -0.013339514 3.594731652 0.093518160 0.011753277 0.995548115 102.813181729
0.996239981 -0.017278558 -0.084892217 -27.276205235 0.016207867 0.999780357 -0.013284500 3.626080283 0.085103381 0.011858702 0.996301441 103.663504679
0.996594679 -0.018237153 -0.080411369 -27.304577869 0.017256366 0.999768442 -0.012874567 3.642176428 0.080627613 0.011443151 0.996678260 104.084209062
0.997161332 -0.018905309 -0.072881687 -27.351336961 0.018059374 0.999762184 -0.012248346 3.674280118 0.073096156 0.010897358 0.997265419 104.928676011
0.997686633 -0.019059550 -0.065254693 -27.390335052 0.018353948 0.999766658 -0.011395255 3.707069998 0.065455794 0.010171243 0.997803297 105.779502231
0.997992934 -0.018966807 -0.060416040 -27.403177584 0.018329623 0.999770317 -0.011083140 3.723609209 0.060612498 0.009953529 0.998111686 106.212959978
0.998397790 -0.019072343 -0.053265021 -27.431635098 0.018544371 0.999774078 -0.010388445 3.756334133 0.053451093 0.009384041 0.998525796 107.066010964
0.998849813 -0.017040053 -0.044815199 -27.460106285 0.016666358 0.999822770 -0.008697455 3.790627896 0.044955124 0.007940586 0.998957220 107.919003168
0.999058376 -0.015885644 -0.040362954 -27.469626339 0.015577463 0.999846855 -0.007936170 3.807758627 0.040481974 0.007299938 0.999153510 108.347443571
0.999330038 -0.014418123 -0.033639872 -27.489764620 0.014181947 0.999872652 -0.007247507 3.840753708 0.033740850 0.006765694 0.999407345 109.206036887
0.999561717 -0.013683498 -0.026244453 -27.495479176 0.013513087 0.999886587 -0.006656615 3.873579527 0.026331920 0.006299007 0.999633052 110.061031166
0.999653043 -0.013485149 -0.022627634 -27.500558545 0.013351319 0.999892769 -0.006054310 3.890269862 0.022706049 0.005750135 0.999725512 110.482827830
0.999778799 -0.012496422 -0.016890398 -27.502403870 0.012418844 0.999911693 -0.004686823 3.924875444 0.016947265 0.004476097 0.999846042 111.349968116
0.999859854 -0.011429947 -0.012268523 -27.509230709 0.011382228 0.999926905 -0.003946173 3.958053684 0.012312821 0.003806040 0.999916854 112.206614250
0.999884536 -0.011361968 -0.010074066 -27.504863409 0.011315898 0.999925397 -0.004612340 3.972923042 0.010124651 0.004497833 0.999938616 112.632366535
0.999928944 -0.010968159 -0.004635182 -27.496680597 0.010939438 0.999920923 -0.006154130 4.002338338 0.004701665 0.006103060 0.999970201 113.484715751
0.999947522 -0.010215272 -0.000803261 -27.485751113 0.010210213 0.999929907 -0.006015932 4.035064944 0.000863626 0.006007445 0.999981561 114.350818650
0.999952726 -0.009651777 0.000566806 -27.485842612 0.009654519 0.999939504 -0.005272589 4.052453161 -0.000516321 0.005277831 0.999985885 114.783136798
0.999964523 -0.007571067 0.003678094 -27.469400815 0.007581385 0.999967263 -0.002835997 4.089338750 -0.003657332 0.002863791 0.999988432 115.658798971
0.999946908 -0.007401380 0.007096238 -27.452932822 0.007415741 0.999970480 -0.002002918 4.122931313 -0.007081580 0.002055493 0.999972292 116.516544124
0.999932724 -0.007147397 0.009107800 -27.444140847 0.007165173 0.999972211 -0.001924026 4.139484165 -0.009093830 0.001989198 0.999956669 116.953613493
0.999910714 -0.006830742 0.011475927 -27.429330375 0.006852161 0.999975004 -0.001831458 4.172641532 -0.011462885 0.001909969 0.999931996 117.831912945
0.999891778 -0.006789078 0.013036223 -27.409538739 0.006804107 0.999975947 -0.001115722 4.207266212 -0.013028938 0.001204284 0.999913798 118.720705052
0.999891752 -0.006834407 0.013051991 -27.392993426 0.006838565 0.999976401 -0.000283032 4.225384603 -0.013050490 0.000372263 0.999914799 119.164100745
0.999918333 -0.004364571 0.012017134 -27.386529533 0.004344458 0.999989507 0.001694357 4.261409493 -0.012024212 -0.001641935 0.999926558 120.036740304
0.999945639 -0.003154417 0.009883816 -27.365637648 0.003122147 0.999989228 0.003270758 4.296775483 -0.009894051 -0.003239633 0.999945641 120.905799173
0.999957104 -0.002868075 0.008819820 -27.364053826 0.002841820 0.999991048 0.002989092 4.313130905 -0.008828876 -0.002963851 0.999956550 121.353698829
0.999984447 -0.000567215 0.005481242 -27.353678552 0.000551956 0.999995639 0.002765276 4.346099134 -0.005482761 -0.002762206 0.999981240 122.238665608
0.999991710 0.003934391 0.001261502 -27.361637759 -0.003940100 0.999982248 0.004482191 4.382508587 -0.001244544 -0.004487189 0.999989117 123.132936539
0.999982407 0.005838931 -0.000639517 -27.363415258 -0.005834744 0.999962475 0.006423272 4.402729192 0.000676830 -0.006419467 0.999978483 123.585686555
0.999940544 0.008768538 -0.006508116 -27.377499091 -0.008704192 0.999913536 0.009853180 4.441601106 0.006593894 -0.009795913 0.999929921 124.470982651
0.999875891 0.010544511 -0.011652139 -27.390422291 -0.010433936 0.999900181 0.009513004 4.474859952 0.011751356 -0.009390253 0.999886471 125.372864400
0.999826004 0.011623447 -0.014618867 -27.403245387 -0.011505632 0.999900469 0.008120530 4.489456062 0.014711547 -0.007950854 0.999859541 125.824435352
0.999666356 0.014545252 -0.021344100 -27.420589518 -0.014404706 0.999873357 0.006725802 4.520601732 0.021438464 -0.006416079 0.999749283 126.715016116
0.999424843 0.017060561 -0.029311339 -27.459588448 -0.016864627 0.999834023 0.006920069 4.554062040 0.029424508 -0.006421711 0.999546508 127.601898020
0.999296364 0.017985427 -0.032917326 -27.474101217 -0.017755361 0.999816335 0.007271104 4.571624976 0.033042068 -0.006681573 0.999431099 128.055855402
0.998958539 0.018554849 -0.041672237 -27.514214853 -0.018252743 0.999803970 0.007618893 4.606002747 0.041806071 -0.006850222 0.999101971 128.962408394
0.998505467 0.018739993 -0.051337245 -27.557098657 -0.018369121 0.999801988 0.007687021 4.640052462 0.051470843 -0.006732517 0.998651871 129.873136327
0.998272776 0.018785913 -0.055665932 -27.586033933 -0.018365439 0.999798623 0.008056298 4.657644764 0.055805909 -0.007019974 0.998416854 130.330697986
0.997598367 0.018964716 -0.066616398 -27.646690591 -0.018364986 0.999785058 0.009604937 4.694329958 0.066784044 -0.008358433 0.997732027 131.249927732
0.996825501 0.020306145 -0.076983104 -27.724549694 -0.019456874 0.999741573 0.011766850 4.731550383 0.077201925 -0.010231663 0.996962718 132.158865050
0.996314480 0.020883185 -0.083190180 -27.767362831 -0.019884887 0.999719666 0.012812312 4.750314863 0.083434587 -0.011110837 0.996451115 132.619155639
0.995211380 0.021856200 -0.095266960 -27.852427752 -0.020547412 0.999680695 0.014698951 4.786782807 0.095557097 -0.012671068 0.995343203 133.520903639
0.993871088 0.022011740 -0.108328878 -27.961894912 -0.020360992 0.999659683 0.016321587 4.822629262 0.108651356 -0.014015913 0.993980775 134.423225441
0.993077759 0.022342979 -0.115314397 -28.021886805 -0.020590990 0.999653826 0.016363040 4.839210983 0.115640627 -0.013875347 0.993194405 134.873325440
0.991346835 0.022419042 -0.129338680 -28.145180704 -0.020632505 0.999672075 0.015137179 4.870363956 0.129635936 -0.012337603 0.991484456 135.778595947
0.989451613 0.020857201 -0.143353985 -28.281810605 -0.018815500 0.999701099 0.015583765 4.904151685 0.143635965 -0.012722114 0.989548376 136.685708053
0.988380643 0.019995771 -0.150675332 -28.354027523 -0.017606637 0.999697713 0.017173942 4.923165633 0.150972883 -0.014321491 0.988433589 137.135992180
0.986164452 0.019878992 -0.164573832 -28.505148991 -0.016419591 0.999615618 0.022354800 4.964906866 0.164954266 -0.019343271 0.986111717 138.046411662
0.983670565 0.017928369 -0.179082428 -28.672895426 -0.013370196 0.999555774 0.026627930 5.004558930 0.179480307 -0.023798682 0.983474035 138.945804517
0.982296216 0.017144267 -0.186547794 -28.755637855 -0.012261312 0.999551664 0.027297931 5.021909113 0.186933041 -0.024527265 0.982066194 139.393928650
0.979642353 0.016670857 -0.200055123 -28.944955935 -0.011368879 0.999553866 0.027622443 5.054047623 0.200426078 -0.024785703 0.979395403 140.271950488
0.976382208 0.017620443 -0.215330420 -29.148162311 -0.011629003 0.999509526 0.029059967 5.088842675 0.215737360 -0.025869493 0.976108618 141.170686042
0.974635994 0.018285583 -0.223045898 -29.256430756 -0.011797847 0.999468605 0.030384991 5.107242813 0.223482691 -0.026982807 0.974333976 141.620986412
0.970875516 0.020799958 -0.238681488 -29.481304298 -0.013009122 0.999330810 0.034170408 5.145771453 0.239232232 -0.030070137 0.970496767 142.515969941
0.967025558 0.021838516 -0.253742654 -29.726158204 -0.012363740 0.999167519 0.038875305 5.185396610 0.254379863 -0.034456162 0.966490607 143.404802663
0.964865796 0.023035719 -0.261730143 -29.849403310 -0.012909477 0.999102035 0.040343790 5.203487241 0.262423999 -0.035547538 0.964297831 143.841512136
0.960964196 0.025645886 -0.275480072 -30.108055320 -0.015049251 0.999065303 0.040511878 5.234846098 0.276261603 -0.034784645 0.960452735 144.715387026
