1.000000000 -0.000000000 -0.000000000 0.000000000 -0.000000000 1.000000000 -0.000000000 -0.000000000 0.000000000 0.000000000 1.000000000 0.000000000
0.999995048 -0.002215053 -0.002264269 0.004563246 0.002220224 0.999994746 0.002272016 0.008705672 0.002259210 -0.002277007 0.999995291 0.534432409
0.999976280 -0.004187658 -0.005440586 0.005433781 0.004206651 0.999984415 0.003463050 0.015361443 0.005425507 -0.003485842 0.999979361 1.046837803
0.999957998 -0.005329370 -0.007497054 0.002532589 0.005361155 0.999976427 0.004224474 0.018831541 0.007474267 -0.004264479 0.999962904 1.296800483
0.999919310 -0.006479321 -0.010932005 -0.000362398 0.006542710 0.999961189 0.005760483 0.025806199 0.010894382 -0.005831526 0.999923912 1.787157837
0.999886264 -0.005245606 -0.014096157 -0.009953960 0.005359418 0.999952805 0.008043180 0.033834888 0.014053810 -0.008117792 0.999868293 2.265028327
0.999871516 -0.004998241 -0.015210362 -0.009936080 0.005129318 0.999949525 0.008590769 0.036959641 0.015166516 -0.008667660 0.999847597 2.505426371
0.999830247 -0.006038339 -0.017397565 -0.013488268 0.006155204 0.999958340 0.006671971 0.037750992 0.017356643 -0.006777914 0.999826727 2.964225695
0.999781695 -0.006810767 -0.019756891 -0.020777714 0.006902206 0.999965043 0.004564982 0.037941700 0.019725242 -0.004700343 0.999794211 3.400985140
0.999748268 -0.007864663 -0.021017902 -0.024471592 0.007960462 0.999958191 0.004474504 0.039636236 0.020981288 -0.004640694 0.999769354 3.619350669
0.999692127 -0.009295537 -0.022999423 -0.028974992 0.009407276 0.999944293 0.004756151 0.043809382 0.022953875 -0.004971065 0.999724240 4.046507066
0.999650345 -0.010089688 -0.024436648 -0.034288283 0.010202640 0.999937864 0.004500988 0.046766679 0.024390164 -0.004748711 0.999691730 4.442061344
0.999634937 -0.009232636 -0.025399689 -0.041682859 0.009324379 0.999950223 0.003496196 0.046671180 0.025366493 -0.003731769 0.999671315 4.638397550
0.999596920 -0.009263323 -0.026822017 -0.050650765 0.009305387 0.999955354 0.001445648 0.046339211 0.026807727 -0.001694660 0.999639357 5.011935813
0.999559777 -0.009018135 -0.028259999 -0.056809584 0.009058888 0.999958012 0.001312497 0.049240064 0.028247029 -0.001567907 0.999599357 5.375877681
0.999538678 -0.008773059 -0.029078106 -0.065158752 0.008851999 0.999957231 0.002586708 0.052636304 0.029054713 -0.002842903 0.999573895 5.540569985
0.999487368 -0.010042349 -0.030382135 -0.065731656 0.010257883 0.999923074 0.006947352 0.063052264 0.030310712 -0.007255435 0.999514004 5.885309749
0.999444145 -0.011221535 -0.031377945 -0.073736678 0.011544841 0.999881083 0.010138718 0.070887645 0.031260785 -0.010495316 0.999456326 6.185981997
0.999434595 -0.011239881 -0.031669286 -0.070408022 0.011579699 0.999876675 0.010567711 0.072852529 0.031546368 -0.010928467 0.999442175 6.312416201
0.999413999 -0.011053205 -0.032385232 -0.082769715 0.011362045 0.999891053 0.009367062 0.072674590 0.032277902 -0.009729534 0.999431977 6.559501453
0.999403726 -0.010313192 -0.032937235 -0.087188383 0.010551695 0.999919299 0.007075792 0.070384693 0.032861790 -0.007419101 0.999432431 6.746289435
0.999404693 -0.009981364 -0.033010110 -0.091256515 0.010173630 0.999932133 0.005662573 0.068619587 0.032951793 -0.005995043 0.999438883 6.828666326
0.999403077 -0.009527806 -0.033198746 -0.093592730 0.009637819 0.999948437 0.003156303 0.065638049 0.033167403 -0.003474378 0.999444127 6.974279835
0.999409164 -0.009320725 -0.033092210 -0.099723653 0.009378764 0.999954692 0.001599169 0.063924911 0.033076111 -0.001908584 0.999450698 7.097836876
0.999411114 -0.009480707 -0.032962968 -0.098027988 0.009525983 0.999953138 0.001216434 0.063887876 0.032950306 -0.001529707 0.999456359 7.161063027
0.999411927 -0.009808468 -0.032851983 -0.098413855 0.009848494 0.999950398 0.001056732 0.064512496 0.032839915 -0.001379657 0.999459710 7.265463917
0.999403175 -0.009924864 -0.033068947 -0.099631118 0.009955231 0.999949441 0.000755625 0.064620908 0.033059928 -0.001084375 0.999453194 7.338256478
0.999395137 -0.010070520 -0.033295604 -0.098786819 0.010097075 0.999948050 0.000626370 0.064717331 0.033287490 -0.000962143 0.999445902 7.369868533
0.999394219 -0.010388846 -0.033217002 -0.100000088 0.010403335 0.999945424 0.000261074 0.064695810 0.033212102 -0.000606470 0.999447675 7.442662247
0.999393677 -0.010789145 -0.033080537 -0.101227489 0.010800725 0.999940827 0.000170023 0.065134053 0.033077295 -0.000527195 0.999452532 7.515451880
0.999391769 -0.011011576 -0.033086589 -0.100390563 0.011024032 0.999938729 0.000192261 0.065470354 0.033083090 -0.000556868 0.999452794 7.547061806
0.999382178 -0.011170980 -0.033331375 -0.095801018 0.011180089 0.999936706 0.000085550 0.065907553 0.033327955 -0.000458141 0.999444182 7.600716046
0.999367920 -0.011066243 -0.033762072 -0.100788719 0.011080610 0.999938560 0.000238033 0.066494769 0.033757324 -0.000611969 0.999430394 7.651459147
0.999367090 -0.011045917 -0.033815249 -0.097043474 0.011061045 0.999938019 0.000256757 0.066835545 0.033810367 -0.000630614 0.999427826 7.673501333
0.999366621 -0.010940997 -0.033866127 -0.099113024 0.010955229 0.999939491 0.000231834 0.067107401 0.033861388 -0.000602682 0.999425936 7.714679532
0.999360214 -0.010968115 -0.034034743 -0.101183188 0.010982149 0.999939695 0.000224843 0.067399247 0.034030863 -0.000598466 0.999420666 7.755857553
0.999353532 -0.011021579 -0.034213744 -0.104091815 0.011035748 0.999939014 0.000225338 0.067404766 0.034208628 -0.000602771 0.999414333 7.765425206
0.999345306 -0.010946698 -0.034483003 -0.103254581 0.010960945 0.999939308 0.000225689 0.067731072 0.034477838 -0.000603516 0.999405649 7.797035220
0.999348289 -0.010809437 -0.034440166 -0.099510872 0.010825286 0.999941132 0.000275304 0.068121822 0.034434784 -0.000647956 0.999407196 7.819076962
0.999351661 -0.010811249 -0.034322681 -0.102421956 0.010828843 0.999940620 0.000327910 0.068207300 0.034316661 -0.000699386 0.999410532 7.828643904
0.999354345 -0.011094990 -0.034175050 -0.102368807 0.011077947 0.999937862 -0.000689723 0.066478186 0.034180674 0.000310683 0.999415215 7.828659251
0.999348583 -0.011199352 -0.034286378 -0.102279406 0.011122555 0.999935065 -0.002430790 0.063569675 0.034311682 0.002047850 0.999408780 7.828685066
0.999348509 -0.011216761 -0.034304021 -0.102243153 0.011115871 0.999932737 -0.003130912 0.062390279 0.034336740 0.002747625 0.999406225 7.828695534
0.999356872 -0.011383952 -0.034005902 -0.099264173 0.011237492 0.999926687 -0.004495504 0.060095932 0.034055051 0.004110468 0.999411547 7.819148197
0.999360348 -0.011277796 -0.033937410 -0.096274440 0.011077552 0.999920068 -0.006082364 0.057451763 0.034002728 0.005702495 0.999405495 7.809603965
0.999357298 -0.011121659 -0.034062827 -0.096253856 0.010906612 0.999919521 -0.006490287 0.056782106 0.034131323 0.006114630 0.999398536 7.809609909
0.999345832 -0.010902711 -0.034458864 -0.096256007 0.010685957 0.999922076 -0.006467665 0.056852071 0.034526993 0.006095167 0.999384771 7.809609288
0.999332871 -0.011016799 -0.034797352 -0.096279049 0.010813594 0.999922564 -0.006023714 0.057601687 0.034861751 0.005643440 0.999376154 7.809602634
0.999324642 -0.011127977 -0.035005318 -0.096279049 0.010923439 0.999922137 -0.006028565 0.057601687 0.035069382 0.005642171 0.999369376 7.809602634
0.999295762 -0.011268630 -0.035774642 -0.099157567 0.011038306 0.999917021 -0.006628786 0.056627708 0.035846632 0.006229270 0.999338007 7.819178980
0.999254456 -0.011454390 -0.036862717 -0.104969905 0.011212997 0.999914199 -0.006747531 0.056478829 0.036936821 0.006329130 0.999297768 7.838315704
0.999232845 -0.011347148 -0.037482463 -0.098332009 0.011113240 0.999916759 -0.006442302 0.057333819 0.037552087 0.006020782 0.999276754 7.850785624
0.999189111 -0.011016912 -0.038715343 -0.107092297 0.010800296 0.999924204 -0.005800533 0.058469804 0.038776138 0.005377722 0.999233616 7.879478645
0.999136318 -0.010868082 -0.040096063 -0.109183967 0.010658509 0.999928460 -0.005435633 0.059461291 0.040152203 0.005003586 0.999180945 7.920650456
0.999104226 -0.010881502 -0.040885484 -0.115005214 0.010670926 0.999928359 -0.005367034 0.059602264 0.040940970 0.004925968 0.999149006 7.939784607
0.999037204 -0.010933677 -0.042487508 -0.119988306 0.010716700 0.999928280 -0.005332717 0.060039557 0.042542737 0.004872293 0.999083259 7.990529039
0.998976253 -0.010794172 -0.043917814 -0.119200535 0.010610867 0.999933250 -0.004405201 0.061975039 0.043962326 0.003934668 0.999025185 8.022124772
0.998947699 -0.010741965 -0.044581686 -0.118420138 0.010604869 0.999938092 -0.003310155 0.064150397 0.044614197 0.002833934 0.999000535 8.053718375
0.998889323 -0.010732169 -0.045870477 -0.120597523 0.010685055 0.999942164 -0.001270429 0.067930457 0.045881014 0.000778883 0.998946281 8.094865436
0.998827832 -0.010754689 -0.047192046 -0.132272275 0.010742751 0.999941556 -0.000506788 0.069261864 0.047194953 -0.000000779 0.998885647 8.133124423
0.998801125 -0.010693797 -0.047767184 -0.128517506 0.010672815 0.999942064 -0.000694438 0.069292799 0.047772102 0.000183789 0.998858104 8.155169359
0.998770566 -0.010570896 -0.048419034 -0.130567394 0.010529026 0.999943610 -0.001119877 0.068924982 0.048428525 0.000608711 0.998826990 8.196353235
0.998755026 -0.010643382 -0.048733778 -0.139290508 0.010599480 0.999942680 -0.001160232 0.068851587 0.048743659 0.000642239 0.998810731 8.225056990
0.998746944 -0.010681710 -0.048879459 -0.132628649 0.010630452 0.999941786 -0.001308243 0.068926976 0.048890677 0.000786999 0.998804006 8.237533830
0.998733158 -0.010816113 -0.049137960 -0.138422860 0.010743223 0.999940473 -0.001747344 0.068188399 0.049154105 0.001217237 0.998791070 8.256675787
0.998727297 -0.010920090 -0.049233871 -0.134664404 0.010835265 0.999939380 -0.001990121 0.068099395 0.049252704 0.001454137 0.998785841 8.278721787
0.998728615 -0.010934743 -0.049200091 -0.134660103 0.010846018 0.999938632 -0.002069626 0.067959466 0.049219664 0.001533380 0.998786665 8.278723029
0.998730848 -0.011086356 -0.049124334 -0.134632146 0.010971336 0.999935717 -0.002610479 0.067049932 0.049150374 0.002068224 0.998789582 8.278731102
0.998719781 -0.011245821 -0.049318033 -0.134569780 0.011070590 0.999930520 -0.003825721 0.065020971 0.049358183 0.003274842 0.998776122 8.278749110
0.998716645 -0.011258781 -0.049379390 -0.134541208 0.011055880 0.999929047 -0.004381737 0.064091447 0.049425159 0.003830198 0.998770799 8.278757360
0.998716198 -0.011085303 -0.049424035 -0.131623058 0.010872078 0.999930220 -0.004581039 0.063776086 0.049470925 0.004037868 0.998767586 8.269192458
0.998706551 -0.011012175 -0.049638941 -0.141220887 0.010831708 0.999933452 -0.003902461 0.064595761 0.049679100 0.003359724 0.998760064 8.266275376
0.998696227 -0.011052956 -0.049825830 -0.141234404 0.010884741 0.999933880 -0.003645348 0.065035536 0.049862029 0.003098230 0.998751453 8.266271472
0.998683306 -0.011128007 -0.050072745 -0.141231025 0.010955580 0.999933150 -0.003716680 0.064925592 0.050110022 0.003163222 0.998739075 8.266272448
0.998680396 -0.011097278 -0.050145456 -0.141217200 0.010910646 0.999932564 -0.003994004 0.064475822 0.050186460 0.003441633 0.998733567 8.266276440
0.998679095 -0.011082917 -0.050175800 -0.141217507 0.010896564 0.999931934 -0.003985640 0.064485817 0.050216368 0.003433676 0.998732708 8.266276351
0.998669983 -0.011083056 -0.050354613 -0.141226417 0.010904658 0.999932411 -0.003816621 0.064775669 0.050393373 0.003262423 0.998724421 8.266273779
0.998664546 -0.011054953 -0.050450943 -0.141227645 0.010877234 0.999933101 -0.003796616 0.064815648 0.050489954 0.003242829 0.998719188 8.266273424
0.998664097 -0.011078330 -0.050466668 -0.141223344 0.010896177 0.999933141 -0.003883449 0.064675720 0.050506549 0.003328326 0.998718548 8.266274666
0.998661448 -0.011112425 -0.050515624 -0.141216585 0.010923557 0.999932236 -0.004014251 0.064455833 0.050556971 0.003457096 0.998715102 8.266276618
0.998659594 -0.011085086 -0.050549770 -0.141219658 0.010899079 0.999932549 -0.003953978 0.064555781 0.050589841 0.003397742 0.998714158 8.266275730
0.998658775 -0.011077532 -0.050574663 -0.141223344 0.010894963 0.999933179 -0.003886019 0.064675720 0.050613630 0.003329823 0.998712894 8.266274666
0.998655295 -0.011103952 -0.050641447 -0.141224880 0.010922564 0.999932098 -0.003857888 0.064725694 0.050680521 0.003299550 0.998709330 8.266274222
0.998650869 -0.011103633 -0.050731252 -0.141222115 0.010919030 0.999932617 -0.003916115 0.064635740 0.050771150 0.003356923 0.998704998 8.266275021
0.998649244 -0.011083165 -0.050753394 -0.141221501 0.010897759 0.999932360 -0.003928215 0.064615751 0.050792595 0.003369772 0.998703488 8.266275198
0.998644920 -0.011131580 -0.050840994 -0.141226109 0.010950430 0.999932061 -0.003840193 0.064765674 0.050880145 0.003278297 0.998699895 8.266273868
0.998640477 -0.011146037 -0.050919100 -0.141229182 0.010967595 0.999932099 -0.003783498 0.064865623 0.050958236 0.003219898 0.998696038 8.266272980
0.998639590 -0.011109528 -0.050937302 -0.141227338 0.010929003 0.999932568 -0.003820888 0.064805653 0.050975717 0.003259017 0.998694668 8.266273513
0.998640235 -0.011061088 -0.050936755 -0.141223652 0.010876898 0.999932705 -0.003891516 0.064685715 0.050975888 0.003332198 0.998693756 8.266274577
0.998641152 -0.011012784 -0.050933119 -0.141227338 0.010832059 0.999933603 -0.003822959 0.064805653 0.050970920 0.003266079 0.998694894 8.266273513
0.998642309 -0.010972039 -0.050918780 -0.141228567 0.010792857 0.999934617 -0.003793892 0.064845633 0.050957666 0.003239260 0.998696130 8.266273158
0.998641644 -0.010942088 -0.050928468 -0.141226417 0.010760502 0.999933961 -0.003840222 0.064775669 0.050966856 0.003287004 0.998695254 8.266273779
0.998638614 -0.010952297 -0.050988519 -0.141223959 0.010767951 0.999934058 -0.003887623 0.064695710 0.051027604 0.003333306 0.998691611 8.266274489
0.998638478 -0.010938956 -0.050994819 -0.141225495 0.010756187 0.999934203 -0.003857299 0.064745684 0.051032783 0.003303508 0.998691800 8.266274045
0.998635759 -0.011233293 -0.050998684 -0.138270478 0.011004672 0.999928060 -0.004762022 0.063230937 0.051048795 0.004194351 0.998687067 8.256719788
0.998618650 -0.011597396 -0.051244529 -0.138113795 0.011210947 0.999905849 -0.007821616 0.058133548 0.051330070 0.007236331 0.998655848 8.256765031
0.998607319 -0.011517439 -0.051478865 -0.138040983 0.011055442 0.999896003 -0.009250266 0.055764761 0.051580532 0.008668246 0.998630982 8.256786056
0.998580666 -0.011326263 -0.052032619 -0.137988756 0.010804784 0.999888175 -0.010293650 0.054065631 0.052142980 0.009716871 0.998592816 8.256801137
0.998526455 -0.011428334 -0.053044868 -0.140925954 0.010925521 0.999892167 -0.009761404 0.055000674 0.053150834 0.009167437 0.998544574 8.266360539
0.998487129 -0.011566021 -0.053754322 -0.143841646 0.011063776 0.999891648 -0.009631461 0.055236076 0.053860118 0.009022216 0.998507707 8.275926150
0.998384958 -0.011687555 -0.055593550 -0.152549093 0.011146638 0.999887219 -0.010030898 0.054652942 0.055704150 0.009394981 0.998403100 8.304634429
0.998251566 -0.011836609 -0.057905761 -0.160409782 0.011239874 0.999879570 -0.010620557 0.054086271 0.058024706 0.009951170 0.998265420 8.364955473
0.998172707 -0.011997099 -0.059219043 -0.159560874 0.011372612 0.999875652 -0.010871538 0.054032771 0.059342806 0.010178206 0.998185927 8.396568859
0.998001139 -0.012032609 -0.062032427 -0.173259093 0.011367008 0.999874031 -0.011071306 0.054136802 0.062157578 0.010344047 0.998013147 8.476019352
0.997813999 -0.012262124 -0.064931274 -0.183219440 0.011564805 0.999870853 -0.011105124 0.054821486 0.065059687 0.010329883 0.997828053 8.577509902
0.997702190 -0.012336067 -0.066613275 -0.188203146 0.011624324 0.999870971 -0.011060851 0.055278770 0.066741912 0.010261105 0.997718142 8.628254156
0.997466128 -0.012373014 -0.070049202 -0.197325953 0.011622651 0.999869883 -0.011108733 0.056279764 0.070177775 0.010266492 0.997481619 8.761354809
0.997240989 -0.012121246 -0.073239751 -0.216012179 0.011334861 0.999872764 -0.011143711 0.056981007 0.073364937 0.010282821 0.997251754 8.891548315
0.997116112 -0.011953460 -0.074935007 -0.220155273 0.011148155 0.999874968 -0.011155812 0.057654652 0.075058752 0.010288254 0.997126291 8.973903560
0.996879177 -0.011803010 -0.078057817 -0.243807387 0.010942584 0.999873923 -0.011441152 0.058233474 0.078182792 0.010551279 0.996883453 9.154846465
0.996663839 -0.012045076 -0.080721124 -0.260803478 0.011133542 0.999868646 -0.011732840 0.059077589 0.080851612 0.010795012 0.996667408 9.348264525
0.996553345 -0.012075818 -0.082072641 -0.261194875 0.011141157 0.999867471 -0.011836999 0.059882117 0.082204981 0.010881823 0.996556504 9.452663818
0.996334097 -0.012098320 -0.084680489 -0.286926063 0.011126649 0.999866397 -0.011937420 0.061042637 0.084812942 0.010951490 0.996336503 9.674782172
0.996131870 -0.012306494 -0.087004847 -0.312652335 0.011294683 0.999862165 -0.012112509 0.062043238 0.087141873 0.011082926 0.996134704 9.896901946
0.996051288 -0.012406876 -0.087908693 -0.315948979 0.011371491 0.999859300 -0.012268580 0.062743342 0.088048669 0.011220476 0.996053246 10.010869867
0.995932064 -0.012325666 -0.089258111 -0.337927549 0.011258252 0.999858356 -0.012452021 0.064004761 0.089399328 0.011396503 0.995930400 10.255032536
0.995841492 -0.011716217 -0.090348160 -0.362823654 0.010633750 0.999865476 -0.012453282 0.065561550 0.090481485 0.011440767 0.995832130 10.508760285
0.995805927 -0.011563804 -0.090751966 -0.381505272 0.010472950 0.999866544 -0.012486933 0.066112869 0.090884489 0.011484170 0.995795074 10.638955121
0.995767678 -0.011598249 -0.091170395 -0.399721391 0.010459322 0.999860631 -0.012960219 0.067155350 0.091307651 0.011951762 0.995751276 10.905164943
0.995809205 -0.011062097 -0.090777733 -0.423775041 0.009921198 0.999866015 -0.013009473 0.068868532 0.090910312 0.012054328 0.995785952 11.190504214
0.995824075 -0.011118296 -0.090609745 -0.435813540 0.009999378 0.999867336 -0.012793635 0.070104928 0.090739278 0.011834167 0.995804716 11.333170478
0.995861982 -0.011748367 -0.090110415 -0.459890231 0.010676997 0.999865675 -0.012362325 0.072567726 0.090244206 0.011349052 0.995855317 11.618503096
0.995861801 -0.011857258 -0.090098478 -0.483124465 0.010815332 0.999868409 -0.012043853 0.075186917 0.090229584 0.011019645 0.995860140 11.935447237
0.995841304 -0.012034880 -0.090306748 -0.491414954 0.011006146 0.999868345 -0.011881922 0.076674135 0.090437704 0.010838559 0.995842895 12.100156485
0.995870860 -0.011555156 -0.090044443 -0.526304279 0.010594000 0.999880939 -0.011145194 0.079985061 0.090162207 0.010145214 0.995875940 12.455365290
0.995873158 -0.011543856 -0.090017517 -0.551632949 0.010654092 0.999889294 -0.010358370 0.083685693 0.090127397 0.009356511 0.995886583 12.813480445
0.995888040 -0.011403547 -0.089865132 -0.565749600 0.010546597 0.999893594 -0.010005856 0.085473802 0.089969868 0.009016941 0.995903804 12.997322424
0.995926186 -0.010949409 -0.089504263 -0.596893679 0.010162171 0.999905188 -0.009246726 0.089125503 0.089597703 0.008299513 0.995943826 13.374573415
0.996000533 -0.011228991 -0.088638010 -0.628003350 0.010460828 0.999903387 -0.009126756 0.091657778 0.088732040 0.008163000 0.996022201 13.751834341
0.996012713 -0.011124464 -0.088507038 -0.644995755 0.010331991 0.999902191 -0.009407293 0.092381954 0.088602944 0.008455336 0.996031572 13.945253465
0.996021816 -0.010885050 -0.088436072 -0.669420832 0.010046928 0.999900279 -0.009916860 0.094249997 0.088535551 0.008988929 0.996033047 14.334997796
0.996022197 -0.011269981 -0.088392194 -0.709240099 0.010415787 0.999893951 -0.010119099 0.096269101 0.088497168 0.009158193 0.996034793 14.740966380
0.996024946 -0.011150708 -0.088373560 -0.719588156 0.010288137 0.999894529 -0.010210870 0.097638375 0.088478085 0.009261131 0.996035188 14.946857287
0.996029421 -0.010573910 -0.088390541 -0.755648968 0.009667497 0.999895851 -0.010676687 0.099568475 0.088493788 0.009779803 0.996028763 15.374871872
0.996045962 -0.011620731 -0.088071115 -0.788774425 0.010637151 0.999875371 -0.011629508 0.100623502 0.088195122 0.010646718 0.996045980 15.793326522
0.996055447 -0.011318226 -0.088007073 -0.804924988 0.010301811 0.999874163 -0.011995013 0.101524060 0.088132002 0.011041145 0.996047508 16.018356991
0.996017424 -0.011310563 -0.088430133 -0.846848829 0.010328165 0.999879485 -0.011559174 0.104954437 0.088550025 0.010599798 0.996015271 16.465493662
0.996036959 -0.010937548 -0.088256016 -0.885096857 0.010117420 0.999901021 -0.009734882 0.110984433 0.088354145 0.008803443 0.996050237 16.934652468
0.996058529 -0.010865222 -0.088025920 -0.897557782 0.010113259 0.999907643 -0.008984687 0.114034840 0.088115083 0.008059106 0.996077678 17.181709066
0.996084833 -0.011061674 -0.087708003 -0.944398047 0.010246507 0.999899199 -0.009739419 0.115733621 0.087807497 0.008802607 0.996098710 17.679609419
0.996084982 -0.010928493 -0.087717365 -0.980833359 0.010037443 0.999892988 -0.010592627 0.117918532 0.087823122 0.009670660 0.996089194 18.212028176
0.996094347 -0.011053710 -0.087595155 -0.996186014 0.010202010 0.999896253 -0.010165517 0.120424740 0.087698534 0.009232191 0.996104593 18.468657305
0.996130053 -0.010125724 -0.087306760 -1.045205814 0.009391539 0.999916510 -0.008816630 0.125973545 0.087388138 0.007962609 0.996142720 19.007704098
0.996174314 -0.009920562 -0.086815738 -1.084592456 0.009189536 0.999919002 -0.008815165 0.129553263 0.086896676 0.007983689 0.996185369 19.549678176
0.996182740 -0.010414677 -0.086668424 -1.105729798 0.009670076 0.999912158 -0.009007238 0.131011053 0.086754183 0.008134814 0.996196613 19.825452013
0.996153873 -0.011107724 -0.086908874 -1.141421272 0.010450483 0.999912472 -0.008014834 0.136560713 0.086990345 0.007075765 0.996183562 20.389453816
0.996146021 -0.011966415 -0.086886147 -1.192551483 0.011501510 0.999916151 -0.005849675 0.143710692 0.086948733 0.004827833 0.996200890 20.969667009
0.996145254 -0.012496608 -0.086823101 -1.207093019 0.012117062 0.999913980 -0.004897652 0.147392772 0.086876670 0.003826731 0.996212138 21.257898613
0.996180089 -0.013302769 -0.086302722 -1.257328546 0.013019988 0.999907223 -0.003839181 0.153000014 0.086346279 0.002700927 0.996262115 21.869738410
0.996114415 -0.014445232 -0.086872855 -1.300865348 0.014179920 0.999892659 -0.003670043 0.157483259 0.086916339 0.002423943 0.996213266 22.494065693
0.996032319 -0.014890320 -0.087730335 -1.324090673 0.014635628 0.999886420 -0.003545974 0.159812598 0.087772683 0.002247915 0.996137671 22.811012406
0.995829779 -0.016805396 -0.089669236 -1.373481288 0.016631541 0.999858124 -0.002685619 0.165496274 0.089702071 0.001183078 0.995967820 23.454464436
0.995621873 -0.017998993 -0.091719544 -1.432427641 0.017892479 0.999837911 -0.001983731 0.170630325 0.091740273 0.000333949 0.995782843 24.095011537
0.995515755 -0.018876047 -0.092691252 -1.461466840 0.018779481 0.999821457 -0.001914102 0.172860760 0.092710758 0.000164825 0.995693404 24.431094530
0.995279029 -0.020101049 -0.094948794 -1.516633846 0.020014755 0.999797924 -0.001861379 0.177226155 0.094966991 -0.000047775 0.995480667 25.093693663
0.994913839 -0.020675910 -0.098585580 -1.577599365 0.020557826 0.999786238 -0.002213450 0.180992901 0.098609475 0.000175493 0.995126506 25.775433512
0.994761973 -0.021271398 -0.099977150 -1.609518005 0.021103984 0.999772769 -0.002731719 0.182279341 0.100012186 0.000607504 0.994986510 26.121092585
0.994367061 -0.021861474 -0.103708401 -1.682954649 0.021658364 0.999760525 -0.003084208 0.185721870 0.103751204 0.000820680 0.994602589 26.809493205
0.993929041 -0.022682978 -0.107660708 -1.752669396 0.022493432 0.999741750 -0.002975507 0.190264786 0.107700917 0.000535809 0.994183046 27.519929268
0.993719572 -0.023134447 -0.109476926 -1.797069606 0.022910953 0.999731955 -0.003299156 0.191566835 0.109523988 0.000770225 0.993984086 27.872246096
0.993204400 -0.023641655 -0.113953584 -1.872592389 0.023408865 0.999719658 -0.003380889 0.195820943 0.114001946 0.000690407 0.993480319 28.601820124
0.992592599 -0.024983082 -0.118892737 -1.960580461 0.024733129 0.999687722 -0.003577663 0.199560932 0.118944244 0.000610572 0.992900713 29.338056610
0.992320462 -0.025594294 -0.121013212 -1.998329564 0.025315025 0.999672189 -0.003844815 0.201288190 0.121072347 0.000751842 0.992643785 29.702847173
0.991684891 -0.026759594 -0.125872383 -2.089235478 0.026483948 0.999641117 -0.003863250 0.205333545 0.125931048 0.000497549 0.992039452 30.448648649
0.990982915 -0.027936643 -0.131037972 -2.185942670 0.027626176 0.999609219 -0.004186911 0.208870204 0.131104009 0.000529095 0.991369007 31.213590042
0.990606566 -0.028649309 -0.133705982 -2.236166891 0.028315663 0.999588673 -0.004396827 0.210403179 0.133776379 0.000569569 0.991011518 31.585040223
0.989767204 -0.029940901 -0.139514440 -2.345339063 0.029551046 0.999551068 -0.004865630 0.213415724 0.139597440 0.000693054 0.990208303 32.356644162
0.989089332 -0.030953385 -0.144029369 -2.454525982 0.030551538 0.999520648 -0.005001469 0.216908022 0.144115017 0.000546586 0.989561184 33.128243843
0.988653324 -0.031367798 -0.146904715 -2.510565613 0.030932322 0.999507781 -0.005248510 0.218392067 0.146996957 0.000644854 0.989136472 33.518829860
0.987940884 -0.031404240 -0.151609865 -2.625550430 0.030887466 0.999505907 -0.005763056 0.221265727 0.151715710 0.001010730 0.988424038 34.309570434
0.987145384 -0.031332070 -0.156726016 -2.753062593 0.030898445 0.999508764 -0.005203151 0.225644233 0.156811634 0.000293675 0.987627936 35.106955545
0.986677955 -0.031444357 -0.159614171 -2.812021911 0.031007246 0.999505571 -0.005228963 0.227493613 0.159699574 0.000210115 0.987165988 35.507106021
0.985817598 -0.031330882 -0.164865470 -2.945341496 0.030954796 0.999508343 -0.004850652 0.231563322 0.164936711 -0.000321512 0.986304681 36.323629275
0.984843354 -0.031407711 -0.170575935 -3.085309423 0.031078348 0.999506007 -0.004601433 0.235117867 0.170635773 -0.000769523 0.985334050 37.127679592
0.984497279 -0.031352138 -0.172574207 -3.153828474 0.031013406 0.999507757 -0.004659533 0.236547556 0.172634491 -0.000764806 0.984985810 37.524923986
0.983477107 -0.032248695 -0.178138005 -3.299602901 0.031938634 0.999478721 -0.004608901 0.239763319 0.178193500 -0.001156727 0.983994867 38.348112713
0.982581126 -0.033025399 -0.182876356 -3.451229911 0.032880105 0.999451128 -0.003827548 0.244139532 0.182901865 -0.002252099 0.983128712 39.190426542
0.982141444 -0.035085357 -0.184843593 -3.516064240 0.035193543 0.999376569 -0.002696770 0.247878989 0.184823073 -0.003856683 0.982764332 39.609695645
0.981270072 -0.033040900 -0.189779228 -3.680222283 0.033503471 0.999437933 -0.000771292 0.253879987 0.189698645 -0.005601410 0.981826202 40.458652946
0.980737931 -0.028293675 -0.193266235 -3.853800888 0.028528449 0.999591284 -0.001568769 0.254933612 0.193231360 -0.003975024 0.981145278 41.304744352
0.980297754 -0.028807052 -0.195412219 -3.937588476 0.028620155 0.999583034 -0.003780579 0.252426456 0.195439848 -0.001886642 0.980713503 41.718249282
0.979608072 -0.032255272 -0.198309376 -4.083099614 0.031141153 0.999476905 -0.008735048 0.247076605 0.198487429 0.002381377 0.980100189 42.541514035
0.979029027 -0.029715833 -0.201542961 -4.247958484 0.028398809 0.999551908 -0.009423847 0.248313570 0.201732781 0.003502628 0.979434684 43.358900710
0.978872819 -0.028810933 -0.202428436 -4.334841490 0.027772708 0.999581970 -0.007968017 0.251888822 0.202573512 0.002177746 0.979264452 43.781919356
0.978494826 -0.028960456 -0.204225170 -4.496204579 0.028805588 0.999577260 -0.003731716 0.261582407 0.204246874 -0.002231360 0.978916772 44.621276183
0.977656435 -0.028891878 -0.208214074 -4.673643944 0.029048107 0.999574524 -0.002308138 0.266053332 0.208192506 -0.003791652 0.978080144 45.445292048
0.977445116 -0.029934615 -0.209057898 -4.757544283 0.030121172 0.999543123 -0.002292173 0.267214298 0.209031076 -0.004056589 0.977900996 45.858764421
0.976901071 -0.031251437 -0.211392605 -4.928206274 0.031285084 0.999504579 -0.003186330 0.268002537 0.211387635 -0.003500702 0.977395749 46.695290481
0.976163754 -0.031946197 -0.214671216 -5.101758458 0.031727036 0.999486546 -0.004467411 0.268196602 0.214703635 -0.002449949 0.976676563 47.541389516
0.975819205 -0.032400523 -0.216165511 -5.195209313 0.032141491 0.999471494 -0.004714841 0.268638031 0.216204282 -0.002347039 0.976345555 47.951958468
0.975356464 -0.032178023 -0.218273989 -5.369665704 0.031927669 0.999478781 -0.004674893 0.270684675 0.218310761 -0.002409287 0.975876066 48.766428149
0.974947673 -0.031463416 -0.220196811 -5.547075884 0.031408049 0.999499229 -0.003753346 0.274206087 0.220204602 -0.003256624 0.975448791 49.590452442
0.974653837 -0.031240039 -0.221526161 -5.628101390 0.031330812 0.999504261 -0.003105110 0.276460970 0.221513384 -0.003914180 0.975149527 49.994347404
0.974203788 -0.030316228 -0.223624676 -5.815067924 0.030571835 0.999529779 -0.002319927 0.279452747 0.223589916 -0.004576526 0.974672964 50.815466590
0.973978157 -0.029461654 -0.224717955 -5.986618147 0.029725190 0.999555494 -0.002211144 0.281573831 0.224683278 -0.004526180 0.974421168 51.620367910
0.973695834 -0.028770276 -0.226027985 -6.082995140 0.029046037 0.999575850 -0.002106265 0.282590487 0.225992874 -0.004514355 0.974118116 52.040499457
0.973572905 -0.028094594 -0.226638756 -6.260387501 0.028498472 0.999592239 -0.001490471 0.285532196 0.226588211 -0.005007777 0.973977690 52.864528895
0.973353651 -0.027621662 -0.227639074 -6.440678350 0.028115027 0.999603712 -0.001075746 0.288149592 0.227578688 -0.005352990 0.973744888 53.698128913
0.973213082 -0.027440928 -0.228258968 -6.527492230 0.027961393 0.999608372 -0.000954060 0.289475996 0.228195604 -0.005453928 0.973600412 54.121167519
0.972865564 -0.027299203 -0.229754566 -6.720245909 0.027880996 0.999610449 -0.000714459 0.291499313 0.229684769 -0.005710708 0.973248333 54.961430703
0.972423824 -0.027349986 -0.231608521 -6.910155171 0.028292545 0.999598957 0.000748364 0.295606042 0.231495136 -0.007280520 0.972808799 55.792107694
0.972235289 -0.026744505 -0.232470069 -7.003673307 0.027931928 0.999607875 0.001816946 0.298236349 0.232330450 -0.008259837 0.972601762 56.202657218
0.971906492 -0.025352601 -0.233995226 -7.193619128 0.027034324 0.999626472 0.003981816 0.303532469 0.233806633 -0.010195862 0.972230101 57.033323652
0.971651682 -0.023025424 -0.235290331 -7.380638504 0.025092177 0.999668129 0.005793188 0.308243365 0.235078641 -0.011532911 0.971908345 57.854427580
0.971489784 -0.022235006 -0.236035350 -7.474126533 0.024405277 0.999682533 0.006276751 0.309894175 0.235820935 -0.011858312 0.971723914 58.264985798
0.971875710 -0.020834467 -0.234569672 -7.663876654 0.022583457 0.999733645 0.004772134 0.308823554 0.234407774 -0.009935324 0.972087210 59.095708742
0.972297321 -0.018152792 -0.233041758 -7.853614486 0.019386987 0.999807198 0.003006277 0.307353138 0.232942420 -0.007440963 0.972461987 59.926435234
0.972372326 -0.017486816 -0.232778373 -7.947059503 0.018625663 0.999822964 0.002695290 0.307604664 0.232689981 -0.006956487 0.972526225 60.337005871
0.972348383 -0.017278486 -0.232892500 -8.136942037 0.018650897 0.999818693 0.003692167 0.310841838 0.232786606 -0.007933743 0.972495136 61.167690580
0.972422358 -0.014711888 -0.232763045 -8.324004731 0.016650481 0.999840642 0.006365767 0.316962013 0.232632566 -0.010065826 0.972512743 61.988782000
0.972405904 -0.013713804 -0.232889951 -8.414605946 0.015844547 0.999847066 0.007280376 0.319316939 0.232754700 -0.010769495 0.972475640 62.389766267
0.972643424 -0.011725984 -0.232004846 -8.591958982 0.013760335 0.999879656 0.007152288 0.320979303 0.231892997 -0.010149112 0.972688187 63.213807060
0.972589954 -0.008088486 -0.232386211 -8.778887420 0.010032890 0.999923777 0.007186504 0.322731714 0.232310317 -0.009321037 0.972597363 64.034937246
0.972605699 -0.006236158 -0.232374620 -8.875250588 0.008088944 0.999942128 0.007021166 0.323298601 0.232317539 -0.008708484 0.972600809 64.455072786
0.972445059 -0.003991709 -0.233098307 -9.077514538 0.005594368 0.999964168 0.006214589 0.323293052 0.233065327 -0.007347371 0.972433756 65.292444170
0.972296074 -0.002235007 -0.233739620 -9.264447584 0.003827085 0.999972548 0.006357793 0.325195387 0.233718856 -0.007076190 0.972278599 66.113573025
0.972245477 -0.000433915 -0.233960644 -9.360854070 0.002134026 0.999972734 0.007013588 0.327171552 0.233951123 -0.007318217 0.972221127 66.533696057
0.971914029 0.002577821 -0.235319670 -9.557355145 -0.000912665 0.999973142 0.007184641 0.328924057 0.235331847 -0.006768087 0.971891716 67.351916435
0.971384346 0.001490475 -0.237507845 -9.741319964 -0.000016336 0.999980316 0.006208374 0.328881866 0.237512354 -0.006026838 0.971366171 68.163494848
0.971052261 0.001614965 -0.238860511 -9.841372156 -0.000448255 0.999987013 0.004938905 0.327278913 0.238865574 -0.004688885 0.971041155 68.561604437
0.970335486 0.001596377 -0.241754275 -10.034828812 -0.001017313 0.999995534 0.002519712 0.324608162 0.241757358 -0.002198999 0.970333902 69.370296373
0.969316377 -0.000997325 -0.245814256 -10.234166316 0.001382378 0.999997360 0.001393706 0.324017390 0.245812532 -0.001690740 0.969315609 70.198105250
0.968868358 -0.001448933 -0.247571276 -10.340127005 0.001982491 0.999995748 0.001905933 0.325393956 0.247567774 -0.002337406 0.968867469 70.615323796
0.967307567 -0.000801773 -0.253603225 -10.549170173 0.001712804 0.999992578 0.003371597 0.329131062 0.253598719 -0.003695748 0.967302180 71.440184452
0.966040249 -0.001037866 -0.258387010 -10.773632723 0.002593500 0.999980486 0.005679625 0.333838811 0.258376041 -0.006156871 0.966024715 72.281262089
0.965373534 -0.000240226 -0.260871469 -10.886261724 0.001976174 0.999977294 0.006391987 0.335349880 0.260864217 -0.006686173 0.965352413 72.686001932
0.963733556 -0.000179466 -0.266866671 -11.111408511 0.001758477 0.999981772 0.005677866 0.334753871 0.266860977 -0.005941229 0.963716796 73.495513732
0.962032003 -0.000743299 -0.272933638 -11.339398794 0.001831866 0.999990863 0.003733347 0.332044467 0.272928519 -0.004091562 0.962025343 74.314611991
0.961147421 0.000031206 -0.276034444 -11.464428258 0.000844925 0.999994839 0.003055010 0.330932496 0.276033008 -0.003169544 0.961143089 74.726033009
0.959013043 0.002153549 -0.283351567 -11.705008561 -0.001278364 0.999993519 0.003273820 0.331766894 0.283356633 -0.002777430 0.959010970 75.551757708
0.956953640 0.003457540 -0.290220617 -11.955254280 -0.001938653 0.999982339 0.005520728 0.335619841 0.290234859 -0.004720431 0.956943884 76.374545807
0.955917794 0.004616787 -0.293595842 -12.077436255 -0.002988511 0.999976779 0.005994151 0.336491332 0.293616827 -0.004852486 0.955910818 76.776381520
0.953362259 0.005891817 -0.301769163 -12.343737975 -0.004574409 0.999976347 0.005072024 0.334461957 0.301792069 -0.003455061 0.953367400 77.583834513
0.950642349 0.006627531 -0.310218406 -12.609950601 -0.006178554 0.999977114 0.002429675 0.329534066 0.310227964 -0.000393022 0.950661962 78.391313232
0.949329867 0.007262767 -0.314196367 -12.741610896 -0.007232505 0.999972645 0.001261961 0.327337223 0.314197049 0.001074414 0.949357118 78.790266370
