1.000000000 0.000000000 0.000000000 0.000000000 0.000000000 1.000000000 0.000000000 0.000000000 -0.000000000 0.000000000 1.000000000 0.000000000
0.999999713 -0.000409798 0.000735264 0.003067028 0.000410972 0.999998033 -0.001526792 -0.000551344 -0.000733839 0.001527112 0.999998460 0.376135899
0.999997417 -0.000737525 0.002211029 0.007974240 0.000743247 0.999995690 -0.002562867 -0.000315037 -0.002208523 0.002564531 0.999994934 0.742391643
0.999996362 -0.000799009 0.002783514 0.009897023 0.000806314 0.999996146 -0.002583395 0.000615801 -0.002781945 0.002585640 0.999993283 0.920153994
0.999992081 0.000278658 0.004091524 0.013762311 -0.000271125 0.999998168 -0.001831953 0.003903636 -0.004092069 0.001830831 0.999989967 1.286111464
0.999985970 0.000991214 0.005125133 0.017553164 -0.000981219 0.999997880 -0.001936747 0.005638660 -0.005126591 0.001931715 0.999985028 1.631196535
0.999983362 0.000977826 0.005624258 0.020409596 -0.000962823 0.999995285 -0.002650283 0.005380570 -0.005626581 0.002644850 0.999980832 1.798807019
0.999974257 0.000475170 0.007189101 0.030839445 -0.000449438 0.999993638 -0.003572976 0.005743978 -0.007191388 0.003569654 0.999968353 2.124993807
0.999958041 -0.000866144 0.009127788 0.042308672 0.000900321 0.999992439 -0.003732805 0.007467592 -0.009125065 0.003740868 0.999951048 2.472336164
0.999952703 -0.001886797 0.009558271 0.048028445 0.001926318 0.999989050 -0.004117377 0.007801249 -0.009550242 0.004135615 0.999946300 2.640789982
0.999946073 -0.003373838 0.009782682 0.055701955 0.003425069 0.999979903 -0.005216342 0.007916176 -0.009765048 0.005249608 0.999938501 2.987012225
0.999941614 -0.004235880 0.009920661 0.061360986 0.004290175 0.999976010 -0.005455632 0.009399244 -0.009897498 0.005497914 0.999935700 3.322222632
0.999940164 -0.004524620 0.009942240 0.065066281 0.004574523 0.999976809 -0.004992765 0.011101041 -0.009920106 0.005037952 0.999938051 3.479664615
0.999938034 -0.003911508 0.010375987 0.069687890 0.003961228 0.999980142 -0.004775226 0.013309814 -0.010356995 0.004816047 0.999934806 3.804148735
0.999933645 -0.003603218 0.010921649 0.075282716 0.003670238 0.999974514 -0.006116411 0.012860214 -0.010898974 0.006156063 0.999921791 4.118488751
0.999930057 -0.003796143 0.011202064 0.079034307 0.003871056 0.999970251 -0.006668206 0.012842659 -0.011175716 0.006711136 0.999915221 4.275939817
0.999920207 -0.004417059 0.011829618 0.086475508 0.004507854 0.999960782 -0.007652158 0.012950797 -0.011796074 0.007704832 0.999901164 4.580400892
0.999902739 -0.006299273 0.012439568 0.096737989 0.006406887 0.999942415 -0.008630188 0.013054209 -0.012385120 0.008709016 0.999886117 4.875268150
0.999890044 -0.007225163 0.012937266 0.105231596 0.007345143 0.999929803 -0.009242589 0.012986591 -0.012868976 0.009336633 0.999873429 5.023689946
0.999882091 -0.009237431 0.012230426 0.110743716 0.009359955 0.999905722 -0.009997989 0.013449949 -0.012136384 0.010111322 0.999875232 5.327584837
0.999873796 -0.010495987 0.011934945 0.117953488 0.010611209 0.999896947 -0.009626761 0.015677195 -0.011832213 0.009752197 0.999883152 5.600713815
0.999866458 -0.011042703 0.012079456 0.121576005 0.011161788 0.999889332 -0.009827667 0.016136065 -0.011970507 0.009961131 0.999879244 5.737281762
0.999837719 -0.013490518 0.011908076 0.130655767 0.013620452 0.999848177 -0.010889129 0.015885495 -0.011759848 0.011049520 0.999869844 5.990107534
0.999824077 -0.014847921 0.011432028 0.135933694 0.014979235 0.999821816 -0.011483470 0.016412038 -0.011259966 0.011652693 0.999869042 6.252240888
0.999816579 -0.015433200 0.011344829 0.140444102 0.015562244 0.999814483 -0.011368965 0.017381341 -0.011166826 0.011543463 0.999870809 6.378647991
0.999787037 -0.017873331 0.010294046 0.146638524 0.017986698 0.999777004 -0.011022538 0.019514601 -0.010095536 0.011205410 0.999885928 6.641055011
0.999798314 -0.018190005 0.008548640 0.147018175 0.018280569 0.999776241 -0.010627256 0.021577251 -0.008353897 0.010781375 0.999907516 6.891329183
0.999795977 -0.018679053 0.007705518 0.148654206 0.018760295 0.999767871 -0.010600505 0.022364653 -0.007505914 0.010742855 0.999914049 7.016890787
0.999774639 -0.020394659 0.005907955 0.149955663 0.020456728 0.999733672 -0.010622731 0.023678210 -0.005689912 0.010741221 0.999926501 7.257010769
0.999762536 -0.021534488 0.003210014 0.153181356 0.021568100 0.999708757 -0.010821172 0.024816480 -0.002976338 0.010887929 0.999936458 7.497695984
0.999738012 -0.022811651 0.001601631 0.152918721 0.022828260 0.999676383 -0.011235724 0.024829526 -0.001344828 0.011269417 0.999935742 7.622697373
0.999668688 -0.025668993 -0.001614684 0.154334375 0.025646754 0.999591158 -0.012586889 0.024060566 0.001936991 0.012541341 0.999919518 7.873268657
0.999637594 -0.026593639 -0.004148309 0.155557630 0.026535850 0.999557334 -0.013428399 0.023961259 0.004502640 0.013313410 0.999901041 8.092515501
0.999615595 -0.027203406 -0.005343344 0.154263225 0.027129387 0.999541002 -0.013480013 0.024490091 0.005707871 0.013329853 0.999895635 8.206791711
0.999551203 -0.028875406 -0.007932231 0.153576043 0.028768924 0.999498226 -0.013231478 0.026212150 0.008310527 0.012997363 0.999881501 8.435904928
0.999481909 -0.030297191 -0.010899888 0.151947603 0.030150458 0.999455237 -0.013388978 0.027247144 0.011298806 0.013053420 0.999850839 8.664739621
0.999442176 -0.030952147 -0.012538107 0.150662619 0.030780499 0.999432746 -0.013664196 0.027426107 0.012954414 0.013270655 0.999828169 8.779017679
0.999311854 -0.033233888 -0.016498073 0.148081078 0.033004606 0.999357146 -0.013984633 0.028213872 0.016951572 0.013430496 0.999765936 9.007571525
0.999140067 -0.035075242 -0.022132976 0.141592313 0.034769983 0.999296611 -0.014032297 0.029375505 0.022609301 0.013250694 0.999657089 9.224554482
0.999046045 -0.035337313 -0.025664626 0.133584211 0.034982779 0.999287421 -0.014136949 0.029733138 0.026145917 0.013225637 0.999571247 9.336856524
0.998797561 -0.036523808 -0.032682711 0.120369636 0.036084436 0.999250903 -0.013935342 0.031173403 0.033167722 0.012739353 0.999369120 9.551862936
0.998498109 -0.037451786 -0.039980759 0.104317632 0.036944066 0.999227313 -0.013364724 0.033218168 0.040450121 0.011867667 0.999111718 9.776459997
0.998295539 -0.038015707 -0.044289469 0.095331127 0.037471233 0.999212555 -0.013062024 0.034268218 0.044750945 0.011380184 0.998934008 9.888476228
0.997780107 -0.039201368 -0.053825627 0.072564617 0.038580656 0.999176555 -0.012523940 0.036171774 0.054271953 0.010419578 0.998471962 10.111098962
0.997119231 -0.041113911 -0.063738297 0.049800799 0.040424770 0.999109952 -0.012065435 0.037975367 0.064177405 0.009454080 0.997893807 10.333722224
0.996723115 -0.042347275 -0.068921959 0.038897594 0.041628919 0.999062914 -0.011827473 0.038920809 0.069358074 0.008919593 0.997552514 10.445174701
0.995825226 -0.044712203 -0.079580757 0.010403668 0.044000113 0.998973802 -0.010681163 0.041826746 0.079975934 0.007135091 0.996771413 10.676539521
0.994714802 -0.046475163 -0.091552949 -0.020129035 0.045806115 0.998905865 -0.009397893 0.044844599 0.091889012 0.005154567 0.995755693 10.886458842
0.994068216 -0.046897507 -0.098130542 -0.036856163 0.046246264 0.998890039 -0.008902537 0.046059302 0.098438693 0.004311578 0.995133490 10.985776676
0.992661477 -0.047094160 -0.111378435 -0.078739803 0.046422181 0.998884863 -0.008620970 0.047223370 0.111659161 0.003387270 0.993741139 11.213200553
0.991003236 -0.047957680 -0.124951202 -0.120591682 0.047195661 0.998843960 -0.009054313 0.047207882 0.125240872 0.003075765 0.992122151 11.440630662
0.990004056 -0.048582661 -0.132405141 -0.145795370 0.047743414 0.998814210 -0.009508149 0.046750701 0.132709696 0.003091661 0.991150178 11.558298552
0.987786330 -0.049883423 -0.147610630 -0.194379323 0.048817293 0.998748334 -0.010839054 0.045087873 0.147966373 0.003500728 0.988986293 11.773321990
0.985389483 -0.051279281 -0.162410774 -0.246800982 0.049972337 0.998676485 -0.012125148 0.043375771 0.162817258 0.003832000 0.986648799 11.987217075
0.984080833 -0.051578464 -0.170072025 -0.275901127 0.050183401 0.998662050 -0.012494446 0.042892609 0.170488151 0.003760788 0.985352395 12.093316188
0.981135585 -0.051957073 -0.186206308 -0.335141799 0.050472093 0.998644216 -0.012710045 0.042761951 0.186614146 0.003072095 0.982428506 12.294787546
0.977836908 -0.051051043 -0.203048615 -0.400212047 0.049542513 0.998693868 -0.012508638 0.043110474 0.203421755 0.002171913 0.979089103 12.484123152
0.976174980 -0.050691280 -0.210979435 -0.432263353 0.049162356 0.998712697 -0.012489061 0.043138452 0.211340685 0.001819314 0.977411158 12.578932804
0.972719021 -0.051123457 -0.226281110 -0.496415563 0.049553120 0.998691053 -0.012618591 0.042877831 0.226629814 0.001061391 0.973980755 12.758113480
0.968836126 -0.051049701 -0.242384413 -0.559724097 0.049442420 0.998696195 -0.012713379 0.042611138 0.242717275 0.000333138 0.970096933 12.916695740
0.966634928 -0.050902374 -0.251048071 -0.595667822 0.049285609 0.998703034 -0.012727729 0.042463192 0.251370484 -0.000069959 0.967890760 12.999937408
0.962443276 -0.051131987 -0.266625516 -0.666526193 0.049452178 0.998691741 -0.013015389 0.041751478 0.266942117 -0.000658547 0.963712825 13.177145395
0.957697647 -0.051827913 -0.283071810 -0.744033591 0.050052733 0.998654953 -0.013505116 0.040625354 0.283391112 -0.001234719 0.959003758 13.362820799
0.955501460 -0.052465529 -0.290283258 -0.776189747 0.050677326 0.998620640 -0.013679895 0.040230096 0.290600578 -0.001639582 0.956843642 13.436752086
0.951120596 -0.052715530 -0.304288146 -0.841513370 0.050842035 0.998607601 -0.014082971 0.039195651 0.304606695 -0.002076048 0.952476258 13.573893493
0.946808955 -0.052618042 -0.317464342 -0.903106021 0.050590725 0.998611537 -0.014632542 0.037857217 0.317793602 -0.002206541 0.948157196 13.691284517
0.944900309 -0.052570269 -0.323109045 -0.931530665 0.050450352 0.998614937 -0.014938797 0.037137979 0.323446859 -0.002185295 0.946243656 13.745465526
0.940971105 -0.052463136 -0.334396525 -0.986513660 0.050115889 0.998620630 -0.015649892 0.035517518 0.334756187 -0.002032459 0.942303268 13.843952511
0.936507745 -0.052352221 -0.346716030 -1.046245939 0.049843756 0.998625986 -0.016155292 0.034217019 0.347085217 -0.002152016 0.937831755 13.951467340
0.934058226 -0.052104121 -0.353298747 -1.077553573 0.049519876 0.998639324 -0.016356563 0.033635758 0.353670085 -0.002217255 0.935367557 14.004801160
0.929338036 -0.051702116 -0.365593188 -1.144902514 0.048935979 0.998660005 -0.016835020 0.032213417 0.365973657 -0.002245256 0.930623099 14.120499708
0.925280842 -0.051057000 -0.375829794 -1.205614811 0.048280911 0.998692543 -0.016807920 0.031665311 0.376196146 -0.002593365 0.926537058 14.227728410
0.923532936 -0.050767025 -0.380143216 -1.232196040 0.048035485 0.998705943 -0.016675265 0.031613769 0.380497377 -0.002860230 0.924777356 14.272029897
0.919981637 -0.050631236 -0.388677978 -1.283427533 0.047910770 0.998711476 -0.016695168 0.031085492 0.389022578 -0.003262615 0.921222775 14.361199424
0.916456370 -0.050811261 -0.396894678 -1.328048563 0.048033525 0.998702181 -0.016943387 0.030245200 0.397240259 -0.003536359 0.917707939 14.431465069
0.914827184 -0.051083628 -0.400601383 -1.348918255 0.048273148 0.998687065 -0.017111953 0.029781055 0.400948941 -0.003683804 0.916092455 14.467021354
0.912020465 -0.051513013 -0.406896592 -1.383101882 0.048671505 0.998663874 -0.017338174 0.029077870 0.407246000 -0.003991513 0.913310378 14.519509359
0.909380971 -0.051894704 -0.412714993 -1.413499553 0.048957743 0.998643949 -0.017695562 0.028187352 0.413073892 -0.004113512 0.910688976 14.562686666
0.907771699 -0.052077710 -0.416218906 -1.428721304 0.049033218 0.998634300 -0.018009058 0.027513829 0.416588913 -0.004060427 0.909085823 14.579056374
0.904380452 -0.052087026 -0.423536898 -1.466725949 0.048811104 0.998635087 -0.018586591 0.026141604 0.423926801 -0.003863935 0.905688401 14.630419301
0.901571268 -0.051864324 -0.429509263 -1.498082105 0.048420649 0.998646891 -0.018950896 0.025203780 0.429911489 -0.003711451 0.902864327 14.673314704
0.900222627 -0.051761034 -0.432342805 -1.514214357 0.048266263 0.998652690 -0.019061070 0.024859508 0.432746842 -0.003708317 0.901507777 14.699840821
0.897630169 -0.051405617 -0.437740104 -1.541808783 0.047920510 0.998670193 -0.019012094 0.024634011 0.438135573 -0.003910904 0.898900756 14.733420773
0.895325430 -0.050838946 -0.442500549 -1.567494854 0.047452337 0.998697774 -0.018728713 0.024823004 0.442876856 -0.004229346 0.896573300 14.767562841
0.894304335 -0.050603196 -0.444588448 -1.579859724 0.047289159 0.998709038 -0.018549785 0.024981138 0.444953776 -0.004435005 0.895543035 14.784774616
0.892999927 -0.050379114 -0.447228838 -1.593186039 0.047163866 0.998718542 -0.018329297 0.025201925 0.447579153 -0.004724921 0.894231631 14.801703907
0.891832263 -0.050031401 -0.449591827 -1.605539604 0.046749274 0.998736559 -0.018407397 0.024940218 0.449944823 -0.004601722 0.893044770 14.818917899
0.891288106 -0.049971880 -0.450675825 -1.611236606 0.046667628 0.998740234 -0.018449379 0.024813024 0.451030209 -0.004588185 0.892497713 14.827665953
0.890367738 -0.050037697 -0.452483553 -1.622623073 0.046628242 0.998737165 -0.018692991 0.024278742 0.452848344 -0.004454843 0.891576843 14.845163539
0.889898296 -0.049699000 -0.453442205 -1.629276406 0.046205236 0.998755464 -0.018787715 0.024024273 0.453811998 -0.004232219 0.891087344 14.853630112
0.889913749 -0.049287272 -0.453458124 -1.633066936 0.045870351 0.998775181 -0.018538260 0.024381544 0.453816701 -0.004302767 0.891085405 14.862939912
0.890291077 -0.050321607 -0.452601807 -1.633965325 0.046983107 0.998722302 -0.018622657 0.024260964 0.452961201 -0.004685043 0.891518290 14.873098697
0.890287795 -0.052231051 -0.452393103 -1.630047677 0.048198739 0.998628582 -0.020444076 0.021341356 0.452840443 -0.003603655 0.891584231 14.874242734
0.890118974 -0.052650712 -0.452678036 -1.627181178 0.048147160 0.998609153 -0.021474124 0.019657262 0.453178420 -0.002680652 0.891415410 14.864657789
0.890049544 -0.052322919 -0.452851086 -1.627133267 0.047242474 0.998629062 -0.022530782 0.017877933 0.453409953 -0.001340285 0.891301299 14.864667189
0.890208666 -0.051573033 -0.452624155 -1.626204660 0.046751083 0.998667272 -0.021841812 0.019034820 0.453146911 -0.001716876 0.891434451 14.864943230
0.890156325 -0.051322013 -0.452756041 -1.626227808 0.046731023 0.998679627 -0.021328059 0.019894496 0.453252380 -0.002172433 0.891379312 14.864938689
0.889797360 -0.051134793 -0.453481399 -1.623432907 0.046801364 0.998687714 -0.020781456 0.020869401 0.453948581 -0.002732237 0.891023667 14.855339697
0.889579205 -0.051478341 -0.453871363 -1.622467962 0.047110502 0.998670317 -0.020934274 0.020676797 0.454344924 -0.002759380 0.890822109 14.855622868
0.889522759 -0.051549133 -0.453973262 -1.621501672 0.047108765 0.998667132 -0.021093975 0.020434211 0.454455489 -0.002622580 0.890765674 14.855906303
0.889357236 -0.051439615 -0.454309794 -1.621499788 0.046959848 0.998672586 -0.021146967 0.020364238 0.454795222 -0.002527121 0.890592595 14.855906672
0.889105056 -0.051660659 -0.454778233 -1.618652669 0.046902068 0.998662452 -0.021748638 0.019399873 0.455293167 -0.001993224 0.890339684 14.846317926
0.888911258 -0.052103218 -0.455106595 -1.617658117 0.046987841 0.998641002 -0.022553873 0.018107683 0.455663771 -0.001336120 0.890151391 14.846606905
0.888165809 -0.053630989 -0.456382704 -1.617561218 0.047573935 0.998560382 -0.024760613 0.014509038 0.457053424 0.000279679 0.889438967 14.846625916
0.887131997 -0.053592085 -0.458394133 -1.617565328 0.046899707 0.998561131 -0.025979462 0.012503096 0.459127345 0.001548679 0.888369132 14.836196212
0.886546124 -0.053601387 -0.459525281 -1.618521659 0.046858114 0.998561072 -0.026075745 0.012375821 0.460262069 0.001584927 0.887782013 14.835914732
0.884514940 -0.054622429 -0.463303134 -1.625217054 0.047731147 0.998505648 -0.026595990 0.011524878 0.464063745 0.001410524 0.885800720 14.833944154
0.881079893 -0.055552040 -0.469693885 -1.644241789 0.048161784 0.998453794 -0.027745528 0.009512567 0.470508671 0.001824821 0.882394001 14.849192323
0.878889688 -0.055851144 -0.473745035 -1.656629341 0.048147177 0.998436396 -0.028386372 0.008354499 0.474589591 0.002139075 0.880204883 14.855970750
0.873915254 -0.056253854 -0.482810833 -1.692810561 0.048002645 0.998412732 -0.029440857 0.006233807 0.483701159 0.002552728 0.875230253 14.887021335
0.868462525 -0.056411631 -0.492535343 -1.738469624 0.047554489 0.998402191 -0.030499999 0.003983326 0.493468692 0.003065834 0.869758645 14.936131675
0.865402379 -0.056381204 -0.497895617 -1.764179991 0.047234798 0.998404110 -0.030958783 0.002916094 0.498846119 0.003273868 0.866684830 14.959840079
0.858404274 -0.056297072 -0.509874476 -1.823223311 0.046615893 0.998407529 -0.031757291 0.000879706 0.510850161 0.003492378 0.859663109 15.015439445
0.850825089 -0.056059615 -0.522449168 -1.897441475 0.045786715 0.998419484 -0.032566974 -0.001413664 0.523449970 0.003787568 0.852048222 15.097846619
0.847074146 -0.055849964 -0.528531981 -1.937432067 0.045323429 0.998431641 -0.032864725 -0.002477350 0.529538052 0.003884047 0.848277738 15.138203308
0.839666606 -0.055474264 -0.540261154 -2.031638492 0.044580415 0.998452433 -0.033235545 -0.004484522 0.541269221 0.003821735 0.840840655 15.246004656
0.833435767 -0.055577240 -0.549813662 -2.127707443 0.044464720 0.998447927 -0.033525056 -0.006449658 0.550824513 0.003493658 0.834613840 15.363681777
0.830446185 -0.055885002 -0.554288566 -2.176220084 0.044701683 0.998432095 -0.033692058 -0.007495864 0.555301696 0.003201763 0.831642646 15.422379596
0.825000162 -0.056223672 -0.562329149 -2.288430708 0.045027850 0.998414452 -0.033764320 -0.009455404 0.563336732 0.002535026 0.826224654 15.566580985
0.820765512 -0.056347201 -0.568479771 -2.405377426 0.045114649 0.998408912 -0.033825393 -0.011584798 0.569481059 0.002115956 0.822002295 15.719812807
0.819138641 -0.056496537 -0.570806235 -2.464323164 0.045172095 0.998400602 -0.033994139 -0.012928052 0.571813036 0.002061504 0.820380861 15.796289112
0.816082151 -0.057182207 -0.575100043 -2.588806800 0.045637000 0.998361357 -0.034507081 -0.015982287 0.576130436 0.001914860 0.817355678 15.968149195
0.812901741 -0.057672817 -0.579538559 -2.725684717 0.045606151 0.998332328 -0.035378866 -0.019944685 0.580612310 0.002329028 0.814176523 16.146786386
0.811129876 -0.058530913 -0.581929579 -2.801702619 0.046193292 0.998282251 -0.036021030 -0.022369256 0.583038557 0.002336480 0.812441055 16.249510548
0.807008101 -0.060466696 -0.587435773 -2.955667774 0.047802133 0.998168478 -0.037075062 -0.026853183 0.588601979 0.001839221 0.808421167 16.454392639
0.800842062 -0.061775986 -0.595680093 -3.129667020 0.048702381 0.998089134 -0.038032144 -0.031507437 0.596891729 0.001446702 0.802320769 16.674231013
0.796937416 -0.062457315 -0.600823274 -3.222891005 0.049002443 0.998046752 -0.038752535 -0.034356968 0.602070465 0.001441622 0.798441834 16.782318964
0.788078568 -0.063382073 -0.612303119 -3.416970711 0.049297979 0.997988693 -0.039856044 -0.039618084 0.613597638 0.001224431 0.789617913 17.006675628
0.778440245 -0.064250390 -0.624422662 -3.622522013 0.049851561 0.997933084 -0.040535520 -0.044410557 0.625736449 0.000426068 0.780034813 17.238084279
0.772734303 -0.065217223 -0.631370697 -3.730082819 0.050601487 0.997870968 -0.041143778 -0.047313219 0.632710153 -0.000155077 0.774389383 17.352380514
0.759057332 -0.066143744 -0.647655615 -3.962445774 0.051437730 0.997808726 -0.041618771 -0.052233997 0.648988673 -0.001722916 0.760796145 17.586329853
0.744813455 -0.064113433 -0.664185300 -4.198799931 0.050372836 0.997935551 -0.039842491 -0.053662081 0.665368615 -0.003781643 0.746505230 17.808691828
0.737641093 -0.063318493 -0.672217187 -4.318909591 0.050456724 0.997978319 -0.038635737 -0.053890953 0.673305130 -0.005418589 0.739345189 17.919305946
0.721333529 -0.061992945 -0.689808027 -4.583938735 0.050822390 0.998038724 -0.036548586 -0.055375317 0.690720678 -0.008693949 0.723069163 18.154084223
0.702390619 -0.060133310 -0.709247224 -4.853817509 0.049294890 0.998141922 -0.035808878 -0.059288779 0.710083205 -0.009810406 0.704050030 18.366583965
0.692166860 -0.059409739 -0.719287676 -4.997792309 0.048406428 0.998183443 -0.035863952 -0.062143044 0.720111561 -0.009994286 0.693786273 18.480598423
0.671939489 -0.058090353 -0.738324107 -5.279166169 0.047376606 0.998248737 -0.035424027 -0.066874077 0.739088407 -0.011176535 0.673515147 18.689716646
0.651302670 -0.057516121 -0.756634946 -5.563443547 0.046742777 0.998270065 -0.035648620 -0.072863303 0.757376818 -0.012149141 0.652865630 18.887554755
0.639542356 -0.057343210 -0.766614446 -5.711367632 0.046677811 0.998270582 -0.035730724 -0.075940173 0.767338152 -0.012932591 0.641113566 18.979561174
0.614714415 -0.056736541 -0.786706364 -6.014859723 0.045404716 0.998301132 -0.036518444 -0.083362022 0.787441548 -0.013271744 0.616246013 19.161323486
0.589598291 -0.056875662 -0.805692029 -6.329818906 0.044108094 0.998295724 -0.038194175 -0.092641051 0.806491844 -0.013018318 0.591103051 19.339709771
0.576620401 -0.056166463 -0.815079905 -6.495950429 0.042741312 0.998342017 -0.038558152 -0.096756672 0.815893763 -0.012604157 0.578064922 19.426360767
0.550305641 -0.055141147 -0.833140201 -6.832045528 0.040445574 0.998405647 -0.039364219 -0.105247109 0.833982418 -0.012034458 0.551658868 19.598535515
0.522740450 -0.055205983 -0.850702013 -7.171061372 0.039567679 0.998396433 -0.040476939 -0.114355981 0.851572740 -0.012501355 0.524087313 19.759426770
0.508677947 -0.055067182 -0.859193996 -7.348758304 0.039118957 0.998399373 -0.040829237 -0.118836041 0.860067221 -0.012841746 0.510019072 19.832253552
0.479777125 -0.054159526 -0.875717481 -7.703212524 0.037733324 0.998443210 -0.041076938 -0.127049120 0.876578748 -0.013335915 0.481073781 19.978185322
0.449765736 -0.052779349 -0.891585611 -8.071148853 0.035268614 0.998522895 -0.041318352 -0.135731245 0.892450334 -0.012861457 0.450963026 20.109729124
0.434068926 -0.051915366 -0.899382615 -8.259416838 0.034135281 0.998568325 -0.041166097 -0.139702053 0.900232200 -0.012831741 0.435220078 20.179449530
0.370700533 -0.048140399 -0.927503651 -9.005240227 0.029974321 0.998754979 -0.039858651 -0.154743900 0.928268167 -0.013025630 0.371683136 20.387501829
0.354455427 -0.047711379 -0.933854210 -9.202253957 0.029975657 0.998763709 -0.039650140 -0.159023897 0.934592056 -0.013938645 0.355448325 20.433803888
0.322250437 -0.046378237 -0.945517366 -9.586732981 0.027803843 0.998831646 -0.039517307 -0.167917229 0.946246452 -0.013554508 0.323164273 20.518790998
0.289518977 -0.044178320 -0.956152174 -9.974228107 0.024381902 0.998950653 -0.038773171 -0.176046215 0.956862022 -0.012087252 0.290291921 20.582047008
0.272767506 -0.043079733 -0.961115180 -10.174182501 0.022608796 0.999007583 -0.038361830 -0.180204925 0.961813901 -0.011265739 0.273471187 20.617061666
0.241519516 -0.041312950 -0.969515994 -10.584677755 0.018650298 0.999106556 -0.037927889 -0.189599192 0.970216678 -0.008921448 0.242074040 20.673552683
0.211369931 -0.040247029 -0.976577276 -11.000969478 0.015734871 0.999162395 -0.037772232 -0.199743814 0.977279483 -0.007382376 0.211825645 20.717914445
0.196113106 -0.039893651 -0.979769550 -11.210609798 0.014866257 0.999178032 -0.037708327 -0.204938762 0.980468637 -0.007170411 0.196544994 20.729232443
0.164850381 -0.039566958 -0.985524605 -11.636524121 0.012240352 0.999200136 -0.038068683 -0.216312851 0.986242898 -0.005787513 0.165202280 20.760338866
0.135003689 -0.039286800 -0.990065438 -12.069210892 0.009642707 0.999218162 -0.038335232 -0.227834845 0.990798121 -0.004371495 0.135277857 20.779030698
0.120652387 -0.039230409 -0.991918765 -12.286516127 0.009294334 0.999219539 -0.038388742 -0.233518195 0.992651763 -0.004587507 0.120923153 20.788094050
0.093057605 -0.039385599 -0.994881055 -12.733579897 0.008315346 0.999212955 -0.038779330 -0.245759766 0.995626028 -0.004664063 0.093312589 20.802557385
0.064961339 -0.040010946 -0.997085130 -13.174076611 0.006250329 0.999192450 -0.039688369 -0.258859846 0.997868391 -0.003653876 0.065159542 20.787679425
0.051099003 -0.040515259 -0.997871413 -13.394290210 0.005781791 0.999171563 -0.040271988 -0.265621457 0.998677218 -0.003711613 0.051291202 20.785461713
0.025598960 -0.041264267 -0.998820057 -13.833883421 0.004930574 0.999140548 -0.041151170 -0.278790885 0.999660793 -0.003871311 0.025780613 20.760425971
0.000964464 -0.041943012 -0.999118969 -14.274495482 0.003285104 0.999114593 -0.041939640 -0.291924347 0.999994083 -0.003241752 0.001101258 20.724667586
-0.011679998 -0.042351688 -0.999034171 -14.506278796 0.002880610 0.999096894 -0.042388122 -0.298890458 0.999928047 -0.003372908 -0.011547537 20.708624815
-0.037325084 -0.043561533 -0.998353505 -14.975638125 0.002332749 0.999042212 -0.043678983 -0.313712982 0.999301087 -0.003959194 -0.037186851 20.664410756
-0.060405635 -0.043989138 -0.997203681 -15.448924325 0.001789818 0.999022085 -0.044177809 -0.327431912 0.998172074 -0.004453386 -0.060267970 20.608621953
-0.071616299 -0.043691461 -0.996474728 -15.692299696 0.002553858 0.999028543 -0.043987089 -0.333772835 0.997428895 -0.005695035 -0.071435317 20.578749740
-0.093821734 -0.042425980 -0.994684850 -16.180102394 0.002005678 0.999080958 -0.042802781 -0.345189179 0.995586736 -0.006010830 -0.093650498 20.508276174
-0.119019725 -0.041283207 -0.992033181 -16.679464848 0.001257508 0.999127661 -0.041729451 -0.357179884 0.992891389 -0.006214089 -0.118863620 20.423979503
-0.131293325 -0.040665708 -0.990508559 -16.934478913 0.000940001 0.999152663 -0.041145243 -0.363322156 0.991342986 -0.006333157 -0.131143739 20.369839800
-0.156269365 -0.038612842 -0.986959036 -17.460793669 -0.000020332 0.999235241 -0.039089988 -0.374534902 0.987714828 -0.006088489 -0.156150775 20.267198428
-0.178123526 -0.035559531 -0.983365365 -17.967125745 -0.000462863 0.999349111 -0.036053764 -0.383668040 0.984008314 -0.005966845 -0.178023624 20.149590686
-0.188844747 -0.034013616 -0.981417579 -18.226075294 -0.000643331 0.999404168 -0.034513243 -0.388386839 0.982006698 -0.005886253 -0.188753949 20.083874549
-0.207839646 -0.031302018 -0.977661991 -18.756370289 -0.001197368 0.999494610 -0.031746587 -0.398672623 0.978162769 -0.005427562 -0.207771997 19.959219066
-0.226057098 -0.028432694 -0.973698523 -19.286787361 -0.001746765 0.999584159 -0.028783075 -0.408741885 0.974112761 -0.004805785 -0.226012547 19.813681837
-0.234553895 -0.026334977 -0.971745920 -19.560207381 -0.001982451 0.999643233 -0.026612571 -0.412867454 0.972100986 -0.004315633 -0.234522466 19.733289967
-0.249899859 -0.022757196 -0.968004359 -20.108886260 -0.002825098 0.999736747 -0.022773935 -0.421956227 0.968267941 -0.002956486 -0.249898173 19.582386648
-0.262145697 -0.022001871 -0.964777016 -20.647899080 -0.003546332 0.999754536 -0.021836012 -0.435746694 0.965022440 -0.002302782 -0.262159175 19.423889397
-0.267674065 -0.022425834 -0.963248374 -20.917360539 -0.003343688 0.999744702 -0.022346406 -0.444311298 0.963504041 -0.002760749 -0.267680497 19.344649591
-0.279495900 -0.022426598 -0.959884894 -21.454404172 -0.002891478 0.999741684 -0.022515964 -0.459946424 0.960142376 -0.003517622 -0.279488715 19.186726392
-0.291538769 -0.022536336 -0.956293620 -21.991581455 -0.004326857 0.999742915 -0.022241261 -0.474935189 0.956549201 -0.002346427 -0.291561442 19.007919177
-0.297091183 -0.022964520 -0.954573132 -22.260155831 -0.005252107 0.999735085 -0.022416449 -0.482959372 0.954835230 -0.001646194 -0.297132904 18.918518368
-0.306022446 -0.025008092 -0.951695580 -22.810694296 -0.008363802 0.999686683 -0.023579815 -0.500749607 0.951987716 0.000743854 -0.306135678 18.735775807
-0.311910144 -0.026533640 -0.949740774 -23.358399028 -0.012490977 0.999638077 -0.023825478 -0.516848509 0.950030201 0.004431796 -0.312128373 18.553870771
-0.314579435 -0.026609181 -0.948858337 -23.629873082 -0.013600143 0.999630705 -0.023524184 -0.524114947 0.949134151 0.005504340 -0.314825119 18.463619500
-0.320017772 -0.026890729 -0.947029518 -24.169048424 -0.016585407 0.999602499 -0.022779082 -0.538345342 0.947266928 0.008417231 -0.320336398 18.273803671
-0.324542466 -0.026652458 -0.945495446 -24.709206207 -0.019357755 0.999580203 -0.021532569 -0.551733378 0.945673031 0.011314413 -0.324922269 18.083701239
-0.326428495 -0.027426660 -0.944823786 -24.977769008 -0.020353831 0.999551264 -0.021983277 -0.560187399 0.945003376 0.012054842 -0.326840035 17.994302700
-0.329391956 -0.028338662 -0.943767890 -25.518828213 -0.022941818 0.999494098 -0.022004944 -0.575741941 0.943914804 0.014403534 -0.329875528 17.803929560
-0.332141490 -0.028741112 -0.942791789 -26.064693029 -0.024642281 0.999458662 -0.021787316 -0.591043196 0.942908136 0.015996097 -0.332669933 17.612144316
-0.333627407 -0.029017516 -0.942258233 -26.335196755 -0.025526806 0.999437458 -0.021740114 -0.598702163 0.942359528 0.016799819 -0.334180457 17.522177271
-0.335182081 -0.031101430 -0.941639456 -26.874303999 -0.029365103 0.999313704 -0.022553763 -0.615461605 0.941695374 0.020091705 -0.335865506 17.332374803
-0.335197710 -0.033298539 -0.941558813 -27.411474357 -0.032468253 0.999189768 -0.023777950 -0.632866158 0.941588800 0.022600467 -0.336006999 17.143140048
-0.335071940 -0.034067430 -0.941576439 -27.672363092 -0.033333120 0.999148472 -0.024288560 -0.641171649 0.941602650 0.023247261 -0.335922426 17.055997951
-0.333682283 -0.035535723 -0.942015251 -28.195095547 -0.034716094 0.999074116 -0.025391039 -0.657959887 0.942046111 0.024230571 -0.334607070 16.881432540
-0.333598642 -0.036453924 -0.942010078 -28.728462920 -0.036156411 0.999011734 -0.025855588 -0.674025651 0.942022088 0.025434313 -0.334586760 16.693319326
-0.333445346 -0.036594585 -0.942059301 -28.998010315 -0.036859309 0.998988635 -0.025759611 -0.681557343 0.942048626 0.026134199 -0.334457033 16.603633763
-0.332561044 -0.036718424 -0.942366141 -29.534304013 -0.038956289 0.998923922 -0.025174471 -0.695875735 0.942277017 0.028339134 -0.333633354 16.414664858
-0.331449016 -0.036021165 -0.942784775 -30.075360723 -0.040220547 0.998901220 -0.024025210 -0.709364358 0.942615198 0.029956194 -0.332533779 16.234721105
-0.330891803 -0.036133557 -0.942976389 -30.346825356 -0.040827476 0.998878453 -0.023949318 -0.716980664 0.942785750 0.030574752 -0.331995892 16.144471682
-0.330253250 -0.036501632 -0.943186503 -30.871571482 -0.041367436 0.998850964 -0.024171306 -0.732430751 0.942985603 0.031034641 -0.331383969 15.958894594
-0.328611142 -0.037275697 -0.943729246 -31.415392212 -0.040297360 0.998863959 -0.025421753 -0.750199732 0.943605633 0.029675986 -0.329739851 15.778126994
-0.327681517 -0.038332460 -0.944009966 -31.682015435 -0.040890888 0.998815009 -0.026364062 -0.759398826 0.943903422 0.029962436 -0.328860608 15.689296698
-0.325594726 -0.039599457 -0.944679718 -32.216283350 -0.043348810 0.998696597 -0.026923185 -0.775505200 0.944515644 0.032184715 -0.326886987 15.511341846
-0.323239478 -0.037939085 -0.945556542 -32.763996084 -0.042051651 0.998784469 -0.025699455 -0.789148329 0.945382405 0.031455221 -0.324442133 15.339864138
-0.322510398 -0.036731866 -0.945852723 -33.029751530 -0.041600438 0.998830755 -0.024604713 -0.794931387 0.945651089 0.031412599 -0.323661508 15.251297949
-0.320576116 -0.035946331 -0.946540786 -33.565999398 -0.041937206 0.998838470 -0.023729116 -0.808793253 0.946293897 0.032088313 -0.321711381 15.072766934
-0.318716992 -0.033497317 -0.947257934 -34.102267919 -0.042084740 0.998889856 -0.021163277 -0.819729523 0.946915107 0.033119968 -0.319772859 14.904660764
-0.317328041 -0.034473234 -0.947688992 -34.367951230 -0.043640149 0.998810661 -0.021720270 -0.828191571 0.947311002 0.034464923 -0.318455141 14.816108728
-0.315052130 -0.033799874 -0.948471799 -34.906014520 -0.041630342 0.998896112 -0.021768540 -0.843760743 0.948161527 0.032627034 -0.316111076 14.647462726
-0.313335707 -0.033723584 -0.949043679 -35.445909113 -0.039456532 0.998968459 -0.022470760 -0.860447442 0.948822988 0.030405117 -0.314342956 14.488698623
-0.312360329 -0.033856229 -0.949359927 -35.715453547 -0.040055843 0.998945108 -0.022445354 -0.868089092 0.949118578 0.031016365 -0.313386973 14.399013640
-0.310295007 -0.033970734 -0.950033437 -36.261187943 -0.040192857 0.998935857 -0.022591879 -0.883916752 0.949790012 0.031174465 -0.311330609 14.228111779
-0.308178736 -0.035838292 -0.950653232 -36.804925428 -0.040646228 0.998873153 -0.024479686 -0.902618683 0.950459956 0.031096398 -0.309288265 14.057789408
-0.307155359 -0.037143348 -0.950933829 -37.075307151 -0.040722080 0.998835344 -0.025861043 -0.912650059 0.950787713 0.030780696 -0.308310183 13.978275197
-0.305268313 -0.038878851 -0.951472764 -37.604585202 -0.039685658 0.998817212 -0.028080862 -0.931535374 0.951439011 0.029187676 -0.306450382 13.822626394
-0.303774298 -0.039374247 -0.951929952 -38.126334606 -0.040293980 0.998782641 -0.028453870 -0.947030079 0.951892260 0.029713514 -0.304990706 13.658776603
-0.302866366 -0.038944789 -0.952236538 -38.392001157 -0.040167239 0.998798379 -0.028073614 -0.953956008 0.952186612 0.029746209 -0.304066491 13.580656753
-0.300987923 -0.037845255 -0.952876340 -38.919564991 -0.039842038 0.998838338 -0.027085763 -0.967375433 0.952795985 0.029812106 -0.302145971 13.415103080
-0.299952738 -0.035849751 -0.953280621 -39.446164077 -0.039926902 0.998889030 -0.025001922 -0.978821581 0.953118851 0.030562216 -0.301050972 13.260261437
-0.299296338 -0.034484271 -0.953536879 -39.704261337 -0.039860306 0.998925795 -0.023614493 -0.983866331 0.953327632 0.030940498 -0.300349356 13.173948574
-0.297832095 -0.032212754 -0.954074513 -40.215515251 -0.039111926 0.999002784 -0.021520247 -0.994905460 0.953817393 0.030906278 -0.298794784 13.023619232
-0.296455261 -0.032406720 -0.954496786 -40.715159685 -0.039410980 0.998988064 -0.021676777 -1.009375418 0.954233880 0.031191410 -0.297432257 12.876693852
-0.295601072 -0.032569341 -0.954756376 -40.965457645 -0.039534166 0.998979205 -0.021837861 -1.016764001 0.954493012 0.031290234 -0.296587063 12.803090898
-0.294530053 -0.034210229 -0.955029563 -41.462162565 -0.040232303 0.998916326 -0.023374772 -1.033471147 0.954795613 0.031538550 -0.295587200 12.657023797
-0.293233434 -0.037562532 -0.955303069 -41.955917742 -0.041522074 0.998784888 -0.026527011 -1.052795337 0.955139005 0.031887582 -0.294436899 12.511816981
-0.292464192 -0.039238241 -0.955471470 -42.204287771 -0.041987205 0.998720725 -0.028162443 -1.062655040 0.955354544 0.031881025 -0.293737740 12.428351086
-0.291977795 -0.041140909 -0.955539651 -42.704728850 -0.040652018 0.998705133 -0.030577704 -1.081024155 0.955561507 0.029916686 -0.293271959 12.291604453
-0.292369017 -0.041502293 -0.955404066 -43.183314421 -0.040217220 0.998707351 -0.031076271 -1.095579668 0.955460147 0.029338071 -0.293659930 12.140446595
-0.291969636 -0.040745782 -0.955559028 -43.428794854 -0.039689013 0.998747111 -0.030460512 -1.101505487 0.955603965 0.029031704 -0.293220958 12.078686980
-0.292000866 -0.037520368 -0.955681915 -43.907473214 -0.037927262 0.998898480 -0.027628768 -1.110456413 0.955666131 0.028178773 -0.293102140 11.937939815
-0.292775936 -0.034712576 -0.955550365 -44.385210586 -0.038512321 0.998957745 -0.024489501 -1.118710278 0.955405463 0.029630600 -0.293807443 11.797471122
-0.293014402 -0.034141779 -0.955498596 -44.619309127 -0.039329810 0.998946512 -0.023633420 -1.123931880 0.955298809 0.030654643 -0.294048674 11.718213023
