1.000000000 0.000000000 0.000000000 0.000000000 0.000000000 1.000000000 0.000000000 0.000000000 -0.000000000 0.000000000 1.000000000 0.000000000
1.000000020 0.000831148 0.000697477 0.009112531 -0.000830399 0.999999134 -0.000963164 0.016081767 -0.000698141 0.000962622 0.999998715 0.895080532
1.000000217 0.000157291 0.000085490 0.013333887 -0.000156983 0.999995497 -0.002887323 0.030769200 -0.000085824 0.002887341 0.999994989 1.809800104
0.999999186 -0.000842917 0.000716721 0.021900480 0.000845438 0.999992618 -0.003537990 0.038867033 -0.000713777 0.003538579 0.999993258 2.272810084
0.999994781 -0.003036210 0.001614953 0.036888477 0.003039753 0.999992970 -0.002200285 0.059384684 -0.001608114 0.002205140 0.999995356 3.198549676
0.999982701 -0.005252805 0.002629240 0.055274015 0.005249838 0.999985018 0.001128425 0.091714853 -0.002635212 -0.001114609 0.999995386 4.556580503
0.999960808 -0.007389786 0.004938980 0.075309542 0.007383821 0.999971672 0.001229092 0.110310273 -0.004947547 -0.001192574 0.999986609 5.482848842
0.999933230 -0.009012394 0.007321964 0.098600092 0.009015371 0.999958689 -0.000373128 0.125787618 -0.007317789 0.000439156 0.999972906 6.387378320
0.999923528 -0.009354314 0.008157880 0.108574373 0.009367744 0.999954492 -0.001598816 0.132745016 -0.008142399 0.001675171 0.999965334 6.836475571
0.999901056 -0.009933129 0.009988177 0.129243619 0.009958870 0.999947331 -0.002525091 0.149451750 -0.009962976 0.002624342 0.999946643 7.746756695
0.999863318 -0.011872360 0.011483653 0.152041533 0.011899005 0.999925905 -0.002250504 0.168344908 -0.011455739 0.002386836 0.999931110 8.665253097
0.999836158 -0.012668905 0.012915263 0.165421601 0.012696671 0.999916565 -0.002064592 0.177818263 -0.012887108 0.002228363 0.999913695 9.119671498
0.999828681 -0.012131330 0.014026577 0.185299777 0.012153557 0.999924781 -0.001497065 0.197008289 -0.014007821 0.001667350 0.999899811 10.026820155
0.999794768 -0.011305081 0.016808104 0.214693151 0.011310697 0.999935146 -0.000240154 0.217682740 -0.016804708 0.000430202 0.999857940 10.938904399
0.999785301 -0.011440049 0.017266936 0.228850028 0.011437374 0.999933904 0.000255380 0.227824412 -0.017268941 -0.000057856 0.999850137 11.395398835
0.999771577 -0.010869755 0.018386787 0.256403588 0.010856829 0.999940679 0.000798078 0.247514737 -0.018393696 -0.000598230 0.999830454 12.316361965
0.999789504 -0.008233730 0.018825327 0.277303973 0.008219933 0.999965018 0.000815893 0.265962609 -0.018831446 -0.000660922 0.999822204 13.223623305
0.999775756 -0.007165063 0.019917021 0.291175129 0.007147943 0.999973416 0.000934104 0.275356969 -0.019922270 -0.000791440 0.999800452 13.673066511
0.999812670 -0.005202046 0.018643698 0.309736089 0.005168435 0.999984461 0.001849428 0.295346538 -0.018652070 -0.001752680 0.999824045 14.583087408
0.999819707 -0.002284201 0.018854355 0.333741932 0.002222234 0.999991731 0.003306451 0.316517634 -0.018860867 -0.003263907 0.999816679 15.498651918
0.999842867 -0.001169246 0.017724478 0.342146794 0.001105778 0.999992243 0.003596475 0.326419803 -0.017728336 -0.003576256 0.999836221 15.962622270
0.999862082 -0.001363453 0.016585191 0.364298345 0.001313394 0.999994324 0.003031998 0.344264503 -0.016589078 -0.003009854 0.999857346 16.888106411
0.999879859 -0.001405780 0.015460343 0.383788696 0.001400942 0.999998116 0.000331611 0.358418883 -0.015461121 -0.000309879 0.999879640 17.811376498
0.999893051 -0.001393117 0.014589759 0.393030037 0.001396188 0.999998706 -0.000193239 0.366765828 -0.014589426 0.000213652 0.999893494 18.267414232
0.999933217 -0.002290899 0.011362171 0.410624496 0.002288138 0.999997141 0.000262004 0.385928833 -0.011362568 -0.000235931 0.999934500 19.177352853
0.999970231 -0.002395415 0.007365926 0.422887124 0.002384161 0.999995365 0.001547862 0.406226791 -0.007369645 -0.001530188 0.999970863 20.079712271
0.999982807 -0.002673554 0.005186205 0.427169641 0.002669692 0.999995839 0.000751852 0.413998012 -0.005188100 -0.000737984 0.999985425 20.535269676
0.999987176 -0.004526018 0.002428304 0.440783392 0.004532030 0.999986166 -0.002455574 0.426498418 -0.002417352 0.002466619 0.999993264 21.426831436
0.999978006 -0.006277506 -0.002276425 0.445866481 0.006263756 0.999962278 -0.006006483 0.438376294 0.002314156 0.005992056 0.999979209 22.323590951
0.999965301 -0.006758478 -0.004905723 0.445288747 0.006723695 0.999952273 -0.007061462 0.445545999 0.004953332 0.007028314 0.999962551 22.777673181
0.999902224 -0.009033133 -0.010693207 0.439291347 0.008949696 0.999929056 -0.007822519 0.462061168 0.010763185 0.007726030 0.999911892 23.693365038
0.999766379 -0.012624446 -0.017536430 0.428851880 0.012455650 0.999874544 -0.009700257 0.476112378 0.017656744 0.009479559 0.999798873 24.583532936
0.999683097 -0.014879512 -0.020331010 0.423647871 0.014679908 0.999842426 -0.009932072 0.484341772 0.020475705 0.009630528 0.999743786 25.033121755
0.999458476 -0.019211088 -0.026730158 0.410180262 0.018978489 0.999780122 -0.008926240 0.503372097 0.026895773 0.008414143 0.999602687 25.942006406
0.999203000 -0.020486725 -0.034276074 0.379864720 0.020303355 0.999777496 -0.005688158 0.525605111 0.034385096 0.004987699 0.999395358 26.847167225
0.999050494 -0.020379228 -0.038513536 0.360523722 0.020237691 0.999786224 -0.004062206 0.536576724 0.038588102 0.003278944 0.999249755 27.296322067
0.998739759 -0.021042295 -0.045570108 0.321543715 0.020937098 0.999776564 -0.002784316 0.554825504 0.045618603 0.001826769 0.998957035 28.178581239
0.998436037 -0.018376820 -0.052803856 0.276009416 0.018151512 0.999823939 -0.004742224 0.567926917 0.052881707 0.003776387 0.998593685 29.078364911
0.998260212 -0.015882163 -0.056791045 0.246785256 0.015572441 0.999861145 -0.005892607 0.574025939 0.056876801 0.004997977 0.998368129 29.527626565
0.997914979 -0.012946637 -0.063237964 0.193359207 0.012511285 0.999894829 -0.007275666 0.587763107 0.063325542 0.006469363 0.997971814 30.425616186
0.997456709 -0.010738148 -0.070466669 0.131773236 0.010293900 0.999924633 -0.006665156 0.604730889 0.070532913 0.005922894 0.997491803 31.333803901
0.997162495 -0.008787871 -0.074765987 0.093236216 0.008311480 0.999943131 -0.006681093 0.612440877 0.074820503 0.006040738 0.997178231 31.785135686
0.996573477 -0.006790904 -0.082436939 0.017899228 0.006187476 0.999951317 -0.007574447 0.626238734 0.082484522 0.007038394 0.996566891 32.680961579
0.995949746 -0.008122747 -0.089543032 -0.060226333 0.007275147 0.999924902 -0.009787740 0.637726312 0.089615838 0.009096710 0.995934781 33.585593763
0.995577269 -0.007513324 -0.093650890 -0.104674840 0.006537994 0.999921130 -0.010717165 0.643644331 0.093724077 0.010057491 0.995547079 34.036370495
0.994801730 -0.007734722 -0.101538804 -0.196233547 0.006620720 0.999914242 -0.011303440 0.657303911 0.101617571 0.010572409 0.994766740 34.933612339
0.993959381 -0.008828121 -0.109397952 -0.294727136 0.007571217 0.999899702 -0.011899470 0.671033479 0.109492168 0.010999366 0.993926081 35.850268243
0.993495724 -0.008722052 -0.113534658 -0.348365094 0.007396038 0.999898907 -0.012095446 0.677837245 0.113628814 0.011177077 0.993459566 36.302133817
0.992512752 -0.010361189 -0.121705914 -0.459147334 0.009007293 0.999891353 -0.011669467 0.692846332 0.121813610 0.010485876 0.992497504 37.220571382
0.991752093 -0.011693628 -0.127635717 -0.568558495 0.010388475 0.999886409 -0.010886394 0.708289056 0.127748515 0.009470650 0.991761069 38.135117459
0.991268548 -0.012487062 -0.131269926 -0.626429980 0.011295750 0.999887568 -0.009815941 0.717179141 0.131377890 0.008247536 0.991297917 38.598591844
0.990120727 -0.013902030 -0.139527084 -0.754751224 0.013052574 0.999889619 -0.007001426 0.735601430 0.139609125 0.005111072 0.990192972 39.520268915
0.989273967 -0.013823146 -0.145417098 -0.878919843 0.013386279 0.999902046 -0.003982652 0.754215535 0.145457996 0.001993360 0.989361652 40.430293017
0.988850859 -0.014541549 -0.148198409 -0.943230682 0.014160187 0.999892787 -0.003628207 0.761341970 0.148235288 0.001489346 0.988950841 40.878085024
0.988169849 -0.018664473 -0.152225564 -1.070519099 0.017854203 0.999817951 -0.006688169 0.769386708 0.152322712 0.003891199 0.988322533 41.782944076
0.987480163 -0.024459184 -0.155836672 -1.197269029 0.022301285 0.999629507 -0.015581215 0.767767731 0.156160147 0.011910912 0.987659070 42.685999749
0.987214685 -0.026116984 -0.157244524 -1.262260025 0.023165318 0.999519753 -0.020575029 0.766004203 0.157706391 0.016669423 0.987345135 43.133865773
0.986636174 -0.028111734 -0.160496174 -1.398524998 0.024135922 0.999352557 -0.026667949 0.768939594 0.161141977 0.022437857 0.986675708 44.039929870
0.986029994 -0.030218416 -0.163808023 -1.536422566 0.026132064 0.999291748 -0.027044119 0.781012345 0.164509505 0.022385746 0.986120617 44.938652843
0.985931279 -0.031135657 -0.164229276 -1.603835799 0.027186350 0.999285253 -0.026241546 0.788622478 0.164929134 0.021407608 0.986072323 45.387135926
0.985519887 -0.031599866 -0.166593107 -1.747517731 0.027655921 0.999280090 -0.025942007 0.801909895 0.167293135 0.020959071 0.985683492 46.303358380
0.985237546 -0.031304568 -0.168304835 -1.896732465 0.026995080 0.999247724 -0.027833111 0.811534798 0.169049557 0.022878908 0.985341552 47.226127753
0.985136767 -0.032194527 -0.168731034 -1.966947755 0.027813857 0.999213362 -0.028262840 0.817214342 0.169508298 0.023149685 0.985256057 47.683409770
0.984833375 -0.030611423 -0.170783196 -2.114688595 0.026377064 0.999287154 -0.027008689 0.831541232 0.171488220 0.022094272 0.984938107 48.579115382
0.984469562 -0.026957210 -0.173475915 -2.271605472 0.023206649 0.999451283 -0.023612496 0.849126116 0.174017421 0.019220031 0.984554074 49.474868509
0.983959039 -0.027636921 -0.176244101 -2.352154352 0.024001308 0.999453112 -0.022727502 0.856573898 0.176775906 0.018132950 0.984083875 49.924067558
0.983247692 -0.027807326 -0.180143150 -2.508410829 0.024148904 0.999455522 -0.022470006 0.868768772 0.180669922 0.017743343 0.983383378 50.804896682
0.982986124 -0.022588549 -0.182285492 -2.670757719 0.018529074 0.999541522 -0.023942339 0.877623850 0.182742600 0.020157434 0.982954094 51.667087943
0.982922984 -0.021734196 -0.182729600 -2.748693326 0.017358679 0.999523641 -0.025511150 0.880775207 0.183197044 0.021903589 0.982831654 52.101538388
0.982687568 -0.021679275 -0.183997804 -2.903846564 0.016626307 0.999442247 -0.028960992 0.886652943 0.184522969 0.025400414 0.982499953 52.973531850
0.982282974 -0.019141483 -0.186424985 -3.068639959 0.013632209 0.999432872 -0.030789364 0.895108290 0.186908668 0.027702536 0.981985898 53.850562741
0.982073048 -0.017626092 -0.187676362 -3.151212971 0.012301754 0.999488487 -0.029497051 0.902925931 0.188100381 0.026659522 0.981787590 54.289506274
0.981622940 -0.011419098 -0.190488695 -3.320911541 0.006912231 0.999680175 -0.024307231 0.922501561 0.190705343 0.022543916 0.981388395 55.150801653
0.980959771 -0.010417704 -0.193934347 -3.482822003 0.006298172 0.999741543 -0.021846737 0.937230428 0.194111805 0.020209321 0.980771036 55.985808141
0.980659018 -0.011583209 -0.195381623 -3.561409181 0.007232911 0.999709553 -0.022964566 0.940600398 0.195590935 0.021107307 0.980457997 56.396071167
0.980362135 -0.010658754 -0.196919674 -3.720606951 0.005570514 0.999636041 -0.026375060 0.945483194 0.197129371 0.024760185 0.980063861 57.217431966
0.979273724 -0.012233594 -0.202171112 -3.887719959 0.006882511 0.999607572 -0.027149756 0.954413139 0.202424103 0.025195617 0.978972906 58.035937245
0.978559184 -0.013384606 -0.205529770 -3.975079659 0.008141742 0.999619439 -0.026333677 0.960678152 0.205803791 0.024095725 0.978295775 58.442273440
0.977359558 -0.014287145 -0.211105007 -4.145798576 0.009194588 0.999643004 -0.025085150 0.972727528 0.211388031 0.022576170 0.977140735 59.255348337
0.976260503 -0.018529134 -0.215809236 -4.313015063 0.013247737 0.999576411 -0.025893854 0.981278237 0.216196900 0.022420111 0.976091269 60.064804561
0.975661021 -0.020553470 -0.218318877 -4.399081961 0.015062107 0.999526821 -0.026787910 0.984681207 0.218766098 0.022847589 0.975509015 60.469303838
0.974106603 -0.022520227 -0.224964805 -4.575673212 0.016723835 0.999478053 -0.027638246 0.992749687 0.225469422 0.023160341 0.973974090 61.261762607
0.972470980 -0.024345700 -0.231750560 -4.758301428 0.018058677 0.999409794 -0.029211625 0.999266454 0.232325693 0.024222394 0.972336345 62.044605261
0.971685868 -0.025803690 -0.234862685 -4.848656243 0.019207603 0.999355296 -0.030329608 1.001907808 0.235493140 0.024959712 0.971554465 62.431608643
0.968011252 -0.029055320 -0.249221370 -5.231577909 0.021398661 0.999212875 -0.033377717 1.013693184 0.249994538 0.026977101 0.967871079 63.952355741
0.966989228 -0.029713662 -0.253079403 -5.331267169 0.022011452 0.999205139 -0.033211874 1.018010090 0.253864672 0.026544919 0.966874589 64.331376250
0.964663113 -0.031320706 -0.261620313 -5.536005776 0.023375190 0.999167078 -0.033428114 1.025281352 0.262449241 0.026131430 0.964591816 65.072830067
0.962436965 -0.034349747 -0.269324646 -5.733947260 0.025437966 0.999009244 -0.036510790 1.027568723 0.270312003 0.028288317 0.962356734 65.787899355
0.961636052 -0.033999009 -0.272212579 -5.834123097 0.024344862 0.998951406 -0.038765462 1.027458047 0.273245158 0.030651300 0.961455238 66.142822502
0.959099177 -0.036092203 -0.280760956 -6.043597585 0.025273310 0.998795239 -0.042061036 1.028995914 0.281940452 0.033244943 0.958854807 66.852745362
0.956582973 -0.038584924 -0.288894605 -6.256739141 0.028132867 0.998793142 -0.040246478 1.038668653 0.290098603 0.030371696 0.956514665 67.566197031
0.955305194 -0.038906407 -0.293050360 -6.368823024 0.029135241 0.998866545 -0.037635851 1.046162807 0.294182523 0.027415699 0.955355502 67.926858914
0.952844840 -0.035305284 -0.301398301 -6.603817595 0.027198361 0.999146877 -0.031053256 1.063058298 0.302237426 0.021391383 0.952991866 68.645073747
0.950395684 -0.035551945 -0.309005487 -6.837826305 0.028312717 0.999209652 -0.027881824 1.074192008 0.309752545 0.017750004 0.950650990 69.355437498
0.949007780 -0.036423897 -0.313140731 -6.954323861 0.028982778 0.999175887 -0.028386778 1.076215834 0.313917300 0.017863660 0.949282025 69.701680791
0.946265276 -0.037734182 -0.321182235 -7.189107924 0.029194956 0.999081525 -0.031363373 1.076760704 0.322071028 0.020301148 0.946497424 70.382991581
0.943498214 -0.039888808 -0.328968169 -7.427785029 0.030341871 0.998956695 -0.034105886 1.077510638 0.329985389 0.022197303 0.943724284 71.062909859
0.942208282 -0.040969826 -0.332513111 -7.547458298 0.031129795 0.998906208 -0.034868617 1.078789621 0.333578066 0.022502540 0.942452852 71.400811635
0.939736983 -0.040871362 -0.339446648 -7.791356667 0.030726400 0.998906720 -0.035210180 1.083060929 0.340514118 0.022658375 0.939965919 72.071113763
0.936955676 -0.041061909 -0.347026772 -8.040251055 0.030674026 0.998902921 -0.035376593 1.087260741 0.348098390 0.022501643 0.937187265 72.730874036
0.935888901 -0.041321493 -0.349864018 -8.162155181 0.030811739 0.998892582 -0.035554782 1.089230944 0.350945560 0.022495480 0.936125145 73.060504759
0.933951591 -0.041732467 -0.354954973 -8.406466106 0.030910054 0.998868944 -0.036108244 1.092490250 0.356060097 0.022751760 0.934185247 73.704652630
0.931696409 -0.042828027 -0.360705582 -8.655999578 0.031323453 0.998798530 -0.037683486 1.093807026 0.361885964 0.023811124 0.931918078 74.341280948
0.930686411 -0.043387040 -0.363237805 -8.782844015 0.031487920 0.998757088 -0.038618813 1.094137016 0.364461943 0.024504412 0.930895073 74.660400223
0.928647311 -0.043659180 -0.368385987 -9.033118820 0.031217720 0.998724545 -0.039668318 1.095993316 0.369647658 0.025337731 0.928825749 75.283881999
0.927418292 -0.043332547 -0.371507019 -9.273616358 0.030787203 0.998739844 -0.039636692 1.099660977 0.372756167 0.025322092 0.927583548 75.899255238
0.926799860 -0.043367110 -0.373044974 -9.393589488 0.030962841 0.998751808 -0.039182077 1.102254429 0.374278200 0.024763438 0.926985344 76.208966973
0.925221857 -0.043138286 -0.376965891 -9.641420403 0.031151661 0.998797980 -0.037839473 1.107877252 0.378145411 0.023266860 0.925453431 76.826600265
0.923857932 -0.041614236 -0.380467084 -9.894571786 0.029638703 0.998865197 -0.037283270 1.112108266 0.381586420 0.023167996 0.924042768 77.447750428
0.922893929 -0.041675912 -0.382792731 -10.021591316 0.029629858 0.998863584 -0.037313660 1.113532454 0.383913420 0.023094499 0.923080054 77.747740336
0.921646921 -0.041912938 -0.385760003 -10.266522405 0.029294127 0.998827835 -0.038534260 1.114496352 0.386923175 0.024214439 0.921793519 78.337594264
0.920518857 -0.042927918 -0.388333512 -10.513964802 0.029320211 0.998732461 -0.040902225 1.113592173 0.389597230 0.026265229 0.920610299 78.933259877
0.919719687 -0.042955865 -0.390220445 -10.640555625 0.029020518 0.998714387 -0.041540604 1.113943990 0.391502925 0.026881325 0.919783956 79.229289190
0.918414050 -0.042096407 -0.393375650 -10.891345826 0.028112047 0.998752783 -0.041246618 1.117141001 0.394621510 0.026822943 0.918451808 79.816519355
0.917475691 -0.041354363 -0.395635964 -11.135562789 0.027156794 0.998772578 -0.041421525 1.119451941 0.396863559 0.027259176 0.917472712 80.388332659
0.916967969 -0.041384184 -0.396809479 -11.255988148 0.026781874 0.998746468 -0.042272725 1.119400539 0.398061557 0.028135405 0.916927195 80.672917132
0.915867605 -0.040601845 -0.399423520 -11.501412270 0.025031605 0.998712310 -0.044123387 1.118868642 0.400700223 0.030412981 0.915703620 81.237621526
0.914660210 -0.041215363 -0.402117584 -11.750233795 0.024957406 0.998647691 -0.045589018 1.118877834 0.403452459 0.031662642 0.914451963 81.806001919
0.913998550 -0.041173011 -0.403623980 -11.874143002 0.024443416 0.998618280 -0.046515693 1.118508675 0.404981175 0.032649361 0.913741124 82.085222634
0.912829034 -0.040576034 -0.406321525 -12.114756721 0.023066166 0.998585431 -0.047900885 1.118352399 0.407690506 0.034353064 0.912473776 82.621251327
0.911461716 -0.041885315 -0.409246854 -12.353454468 0.024348880 0.998551427 -0.047970064 1.120328857 0.410663693 0.033758256 0.911161040 83.157435277
0.910990218 -0.041317528 -0.410354754 -12.474582554 0.023995418 0.998593206 -0.047275837 1.122479805 0.411730258 0.033221199 0.910699969 83.427845632
0.909726863 -0.041588210 -0.413119959 -12.715010551 0.024432477 0.998608991 -0.046726098 1.125343622 0.414488952 0.032414462 0.909476625 83.960829750
0.908667475 -0.043357953 -0.415264124 -12.949182958 0.025726800 0.998517476 -0.047961253 1.125266297 0.416727556 0.032897484 0.908435380 84.482418222
0.908074771 -0.043625156 -0.416530213 -13.065468342 0.025555306 0.998478014 -0.048862481 1.124676589 0.418027499 0.033726275 0.907807150 84.735260377
0.906980129 -0.046313176 -0.418620308 -13.295159053 0.027660916 0.998339486 -0.050519377 1.123774475 0.420264817 0.034240704 0.906754824 85.242229549
0.905777141 -0.049735669 -0.420826383 -13.523383945 0.029920683 0.998115474 -0.053562614 1.120638181 0.422697024 0.035924446 0.905558295 85.745358943
0.905256439 -0.051683103 -0.421710126 -13.633976855 0.031355334 0.997993733 -0.055001583 1.119214666 0.423706221 0.036567688 0.905060763 85.991741331
0.903899082 -0.055264818 -0.424160534 -13.859245480 0.034696326 0.997823825 -0.056069771 1.119166391 0.426336165 0.035964594 0.903848955 86.484058666
0.903113843 -0.057686755 -0.425508128 -14.085763972 0.037313134 0.997729471 -0.056068656 1.120771147 0.427776843 0.034759430 0.903215438 86.978236354
0.902303876 -0.058958544 -0.427049726 -14.201387381 0.038435549 0.997661030 -0.056527470 1.120790256 0.429383526 0.034591165 0.902459526 87.224099290
0.901496460 -0.059364915 -0.428696008 -14.431424141 0.039063806 0.997665218 -0.056008059 1.123046462 0.431019412 0.033744587 0.901710913 87.712894432
0.900319404 -0.058791216 -0.431241189 -14.656962241 0.039033412 0.997747953 -0.054531829 1.126750208 0.433476472 0.032263280 0.900587034 88.186030885
0.899829373 -0.058835326 -0.432256716 -14.769852715 0.039182072 0.997758808 -0.054241521 1.127896377 0.434478966 0.031871433 0.900117375 88.424105808
0.898581316 -0.059040910 -0.434816524 -14.991146644 0.039323190 0.997754591 -0.054214087 1.129214048 0.437040862 0.031617447 0.898885414 88.885639260
0.897637366 -0.058302494 -0.436862214 -15.208662080 0.039211267 0.997845222 -0.052601125 1.133009101 0.438987574 0.030086849 0.897988559 89.338461477
0.897332372 -0.057846995 -0.437548492 -15.320109514 0.039195125 0.997900423 -0.051547510 1.135312502 0.439611970 0.029105447 0.897715152 89.571635540
0.896470222 -0.056827476 -0.439446533 -15.540889716 0.038672467 0.997991810 -0.050164660 1.138663636 0.441414490 0.027976639 0.896866675 90.027157505
0.895868031 -0.057654787 -0.440563035 -15.750636265 0.039230082 0.997936658 -0.050823247 1.138696398 0.442584337 0.028247598 0.896281518 90.463721563
0.895423162 -0.057680879 -0.441464261 -15.856416998 0.038725646 0.997904477 -0.051836976 1.137598546 0.443529299 0.029320063 0.895779528 90.681429219
0.894950191 -0.058044396 -0.442374498 -16.064327568 0.038288878 0.997835346 -0.053466247 1.135973407 0.444519658 0.030911646 0.895235168 91.110160948
0.894605569 -0.059466946 -0.442881664 -16.269353113 0.039058744 0.997718205 -0.055068796 1.134485686 0.445145752 0.031966509 0.894886947 91.540180252
0.894476758 -0.059525453 -0.443134180 -16.375053014 0.038773026 0.997691099 -0.055753866 1.133861634 0.445430025 0.032688975 0.894719136 91.756883379
0.894211578 -0.059533985 -0.443669286 -16.585076059 0.038174084 0.997647592 -0.056930372 1.132887296 0.446014341 0.033971083 0.894380488 92.186401243
0.893860153 -0.059989235 -0.444314434 -16.786581510 0.038205096 0.997594849 -0.057830520 1.132360274 0.446714809 0.034717405 0.894002469 92.600672995
0.893799706 -0.059658975 -0.444481551 -16.888208327 0.038385186 0.997651621 -0.056718475 1.134711120 0.446821556 0.033633469 0.893990427 92.815720960
0.893493374 -0.058212459 -0.445288021 -17.090612776 0.038140595 0.997816714 -0.053913427 1.140249817 0.447454473 0.031187703 0.893761766 93.236842558
0.893374120 -0.057435514 -0.445626905 -17.291445676 0.037811753 0.997887739 -0.052811431 1.142783793 0.447719268 0.030330539 0.893659564 93.643092216
0.893387645 -0.057775780 -0.445557321 -17.381059920 0.037849904 0.997850266 -0.053499046 1.142293114 0.447689848 0.030931089 0.893653231 93.839271330
0.893209552 -0.057997517 -0.445886044 -17.580329010 0.036968474 0.997761025 -0.055725431 1.139290253 0.448119413 0.033290725 0.893353633 94.231693474
0.892903959 -0.058048746 -0.446490734 -17.769467764 0.036848250 0.997748717 -0.056028456 1.139699554 0.448738368 0.033575701 0.893032436 94.622046423
0.892764936 -0.058003017 -0.446774536 -17.858957247 0.037065095 0.997771503 -0.055471847 1.141195626 0.448996568 0.032963596 0.892925236 94.816196337
0.892356315 -0.059294383 -0.447418991 -18.046989776 0.038977856 0.997753188 -0.054488007 1.143453669 0.449644428 0.031183321 0.892662091 95.194569307
0.892137202 -0.059384012 -0.447845890 -18.224871675 0.039475345 0.997777977 -0.053667254 1.145802406 0.450037999 0.030199647 0.892498383 95.571932806
0.892203374 -0.058980435 -0.447766934 -18.313464073 0.039198397 0.997806976 -0.053327219 1.146786587 0.449930340 0.030026971 0.892558061 95.757134534
0.891858978 -0.058203698 -0.448554076 -18.489928418 0.039198657 0.997900919 -0.051547528 1.150467053 0.450611891 0.028390459 0.892267190 96.119542040
0.891775334 -0.055866392 -0.449017297 -18.676266836 0.037707551 0.998072532 -0.049289967 1.154519011 0.450905691 0.027024235 0.892161502 96.479964022
0.891640798 -0.055011871 -0.449390542 -18.764868815 0.036982016 0.998122491 -0.048808336 1.155772972 0.451231556 0.026900159 0.892000434 96.665160521
0.891192129 -0.055176921 -0.450258909 -18.941739443 0.037284617 0.998125947 -0.048518283 1.157144388 0.452091976 0.026451468 0.891578470 97.032589510
0.890406024 -0.056897212 -0.451598425 -19.117994510 0.039075783 0.998048605 -0.048700069 1.157681614 0.453487389 0.025716281 0.890891370 97.394062597
0.889755748 -0.057725153 -0.452771567 -19.205874903 0.039893191 0.998009000 -0.048843609 1.157865766 0.454689569 0.025396402 0.890287419 97.572312414
0.888062457 -0.058219515 -0.456022667 -19.391140312 0.040628534 0.998006382 -0.048293206 1.159201827 0.457924686 0.024359847 0.888656318 97.922833585
0.887126297 -0.057586930 -0.457919994 -19.555415588 0.040886241 0.998090143 -0.046308557 1.163320648 0.459712535 0.022358930 0.887786297 98.263322630
0.886715325 -0.056472302 -0.458854403 -19.642470571 0.040064586 0.998163748 -0.045423451 1.165011258 0.460576437 0.021893937 0.887349370 98.432585140
0.885421541 -0.053354473 -0.461717006 -19.827126164 0.037463369 0.998348851 -0.043523712 1.168424934 0.463276856 0.021239391 0.885958299 98.776098623
0.883804420 -0.050639245 -0.465109322 -20.000462452 0.035299927 0.998508686 -0.041636579 1.172019484 0.466523309 0.020380288 0.884272939 99.106656743
0.882898379 -0.049825921 -0.466913346 -20.086741630 0.034866241 0.998565350 -0.040630788 1.173863473 0.468267825 0.019593372 0.883368375 99.267953517
0.880720034 -0.049623321 -0.471031362 -20.269604471 0.035294021 0.998606974 -0.039211990 1.176293336 0.472321219 0.017910164 0.881243961 99.593569853
0.878546305 -0.049900537 -0.475044076 -20.443605219 0.036316044 0.998627261 -0.037736979 1.179349012 0.476275186 0.015901956 0.879152163 99.931105836
0.877488848 -0.050197738 -0.476962840 -20.540789541 0.036953584 0.998627133 -0.037114878 1.180349420 0.478170654 0.014942509 0.878138853 100.101389436
0.875630042 -0.049618028 -0.480426631 -20.712607151 0.036829018 0.998671464 -0.036017012 1.182428030 0.481575945 0.013843997 0.876294153 100.417046760
0.873486657 -0.047690605 -0.484507729 -20.894309478 0.035500938 0.998780100 -0.034308757 1.185177887 0.485553136 0.012767850 0.874113513 100.730712750
0.872516691 -0.046485298 -0.486368207 -20.979886231 0.034501258 0.998839964 -0.033572241 1.186491625 0.487365653 0.012512118 0.873108158 100.885052384
0.870783103 -0.043633756 -0.489728082 -21.148838858 0.031615002 0.998962068 -0.032790959 1.187642445 0.490650276 0.013071032 0.871257638 101.171862677
0.869051044 -0.041684573 -0.492963472 -21.317796738 0.028859498 0.999018110 -0.033599388 1.186191206 0.493879710 0.014972924 0.869400426 101.459718750
0.868002392 -0.041586752 -0.494815454 -21.401793427 0.028077872 0.999002964 -0.034707129 1.184260419 0.495765416 0.016232519 0.868304595 101.599191093
0.865827951 -0.041921735 -0.498583045 -21.559871285 0.027412171 0.998961202 -0.036391129 1.181610245 0.499591342 0.017841357 0.866077109 101.879095276
0.863512222 -0.043225988 -0.502472819 -21.728161513 0.028562415 0.998912626 -0.036847687 1.180607954 0.503519206 0.017466565 0.863807019 102.159975231
0.862420265 -0.043794356 -0.504295256 -21.812032023 0.029251035 0.998896854 -0.036723225 1.180623949 0.505347144 0.016919678 0.862749814 102.297419148
0.860446040 -0.043653970 -0.507669179 -21.979779428 0.029222662 0.998910860 -0.036366120 1.180835793 0.508703336 0.016455644 0.860784043 102.572303497
0.858250283 -0.043442275 -0.511390815 -22.136422701 0.028280786 0.998900113 -0.037393278 1.179037740 0.512452149 0.017630332 0.858534584 102.837260983
0.857405273 -0.043203075 -0.512825118 -22.219935754 0.027391158 0.998888007 -0.038355571 1.177237785 0.513912453 0.018839414 0.857635454 102.971754063
0.855846132 -0.041329832 -0.515576495 -22.386276821 0.023982432 0.998900537 -0.040264030 1.173597225 0.516673869 0.022095049 0.855896749 103.233773593
0.854453630 -0.039810944 -0.518000828 -22.551364835 0.021235440 0.998902246 -0.041742414 1.170420728 0.519093502 0.024667061 0.854360374 103.482844640
0.854147146 -0.039474781 -0.518531241 -22.623580583 0.020504192 0.998895749 -0.042268595 1.169421141 0.519626597 0.025471571 0.854012867 103.604370349
0.852640946 -0.039919798 -0.520970435 -22.778296408 0.020748261 0.998877460 -0.042582371 1.168346255 0.522085000 0.025498183 0.852511808 103.849406911
0.851298409 -0.040540727 -0.523113367 -22.921913848 0.021495891 0.998867359 -0.042429584 1.168173278 0.524241021 0.024875468 0.851205441 104.083464826
0.850630682 -0.041073114 -0.524156338 -22.993572935 0.022112572 0.998856487 -0.042385237 1.167998144 0.525297938 0.024463808 0.850566131 104.199002483
0.849266374 -0.041578644 -0.526324641 -23.137077254 0.022563224 0.998841764 -0.042498932 1.167389711 0.527481650 0.024217367 0.849220287 104.432073493
0.848000171 -0.041732841 -0.528349967 -23.269251270 0.022499770 0.998830666 -0.042782677 1.166652406 0.529517387 0.024391963 0.847947535 104.652195143
0.847557615 -0.041320794 -0.529092600 -23.340512520 0.021955095 0.998840077 -0.042836885 1.166274190 0.530249155 0.024690566 0.847482143 104.763755356
0.846957006 -0.039895393 -0.530163296 -23.483174396 0.020626799 0.998895195 -0.042215828 1.166692608 0.531261170 0.024819434 0.846844005 104.987848353
0.846324130 -0.038486267 -0.531275476 -23.614147873 0.019586860 0.998959743 -0.041163944 1.167898156 0.532307631 0.024431993 0.846197946 105.194992856
0.846097882 -0.037279005 -0.531722267 -23.684063174 0.018427853 0.999000870 -0.040716652 1.168118081 0.532708710 0.024651808 0.845938711 105.292606640
0.845792175 -0.035264700 -0.532346061 -23.814730288 0.016563980 0.999067203 -0.039865297 1.168946502 0.533255846 0.024899930 0.845587249 105.496772416
0.845622876 -0.034223662 -0.532682565 -23.934659597 0.015811688 0.999110000 -0.039089816 1.169830772 0.533546545 0.024632677 0.845411073 105.693957326
0.845521345 -0.034054712 -0.532855034 -23.994031754 0.015819604 0.999123260 -0.038751855 1.170088186 0.533707245 0.024335990 0.845318334 105.786581289
0.845475584 -0.034735453 -0.532883023 -24.103582419 0.016707891 0.999113688 -0.038617470 1.170142279 0.533752943 0.023746858 0.845306403 105.980783887
0.845678450 -0.035497092 -0.532510601 -24.222657507 0.017403580 0.999088357 -0.038960492 1.168971734 0.533408167 0.023680523 0.845525487 106.170045862
0.845837749 -0.036050952 -0.532220520 -24.282178906 0.017790821 0.999065097 -0.039399216 1.167931834 0.533143381 0.023856665 0.845687714 106.264685662
0.846394337 -0.036170851 -0.531326415 -24.391072495 0.017314048 0.999032345 -0.040429485 1.165982694 0.532274270 0.025019876 0.846201356 106.452955017
0.846926322 -0.035620995 -0.530516499 -24.497622703 0.016184015 0.999017466 -0.041241733 1.164044056 0.531464356 0.026342879 0.846670062 106.617335880
0.847166116 -0.035539903 -0.530138344 -24.545532985 0.015859631 0.999007320 -0.041628503 1.163217567 0.531091182 0.026858461 0.846888396 106.696033650
0.848077570 -0.035152947 -0.528704909 -24.642120127 0.014774279 0.998977272 -0.042721842 1.161151425 0.529665781 0.028420188 0.847729631 106.861399963
0.848990959 -0.034866525 -0.527255157 -24.738337109 0.014068300 0.998958057 -0.043406459 1.159661563 0.528219472 0.029434152 0.848597141 107.022773724
0.849438299 -0.034922307 -0.526531063 -24.786355898 0.014046644 0.998949959 -0.043594512 1.159140636 0.527501188 0.029634897 0.849036410 107.102460917
0.850342062 -0.034410292 -0.525104266 -24.882409089 0.013426967 0.998953625 -0.043718493 1.158538423 0.526058588 0.030125160 0.849913857 107.261826782
0.851059976 -0.033537607 -0.523997394 -24.955446059 0.012544656 0.998971891 -0.043563015 1.158664411 0.524919389 0.030501350 0.850604541 107.391293437
0.851564975 -0.033007005 -0.523209887 -24.992652953 0.012021115 0.998982887 -0.043456093 1.158862979 0.524112257 0.030716156 0.851094629 107.462991555
0.852626098 -0.031786434 -0.521554036 -25.087248849 0.010749081 0.999002970 -0.043312601 1.158473411 0.522411137 0.031323231 0.852118072 107.607423118
0.853446262 -0.030543546 -0.520284737 -25.160491479 0.009537269 0.999029153 -0.043003897 1.158890785 0.521093301 0.031739455 0.852908784 107.738874816
0.853920584 -0.029729996 -0.519554277 -25.197225382 0.008864723 0.999052625 -0.042598129 1.159519940 0.520327716 0.031769740 0.853374427 107.805587860
0.854951013 -0.028604153 -0.517920185 -25.280725376 0.008009937 0.999086677 -0.041956282 1.160102224 0.518647091 0.031722043 0.854398864 107.939039420
0.855693696 -0.028453077 -0.516700112 -25.354257336 0.008038557 0.999097385 -0.041704749 1.160417117 0.517420499 0.031532974 0.855149445 108.073479141
0.856039312 -0.028388986 -0.516130518 -25.390773160 0.008015413 0.999099518 -0.041659982 1.160405173 0.516847971 0.031525599 0.855496403 108.138213921
0.856841795 -0.028057710 -0.514815579 -25.463309817 0.007700153 0.999102870 -0.041635752 1.160192378 0.515522194 0.031711203 0.856289102 108.262710416
0.857648224 -0.027874411 -0.513481279 -25.536151772 0.007671353 0.999111992 -0.041423733 1.160326735 0.514180198 0.031587851 0.857099825 108.390186219
0.857988489 -0.027670762 -0.512922217 -25.571791445 0.007563543 0.999119731 -0.041247913 1.160392419 0.513612505 0.031510748 0.857442658 108.445961386
0.858627834 -0.027279155 -0.511873582 -25.621211890 0.007322712 0.999132958 -0.040963464 1.160842067 0.512547824 0.031424071 0.858083336 108.539564602
0.859277557 -0.027396948 -0.510776613 -25.681042490 0.007411009 0.999126234 -0.041123471 1.160259228 0.511456832 0.031551139 0.858728807 108.637181578
0.859576290 -0.027525648 -0.510266280 -25.705937616 0.007551135 0.999123467 -0.041176067 1.160190916 0.510951452 0.031540891 0.859030257 108.685979559
0.860354434 -0.027364542 -0.508961239 -25.754560257 0.007470893 0.999127351 -0.041089729 1.160174449 0.509640646 0.031549395 0.859807928 108.771629046
0.861111985 -0.027129095 -0.507691814 -25.791868917 0.007369552 0.999136167 -0.040890119 1.160488734 0.508363316 0.031469585 0.860567220 108.844320266
0.861501807 -0.026947515 -0.507039602 -25.815398579 0.007254704 0.999141222 -0.040775026 1.160469014 0.507703144 0.031449339 0.860957395 108.879182469
0.862234336 -0.026505402 -0.505816910 -25.842176868 0.006945722 0.999154387 -0.040516961 1.161180493 0.506462820 0.031421818 0.861689037 108.946876896
0.862931695 -0.025823535 -0.504661425 -25.879131334 0.006707709 0.999190302 -0.039659084 1.162520690 0.505277193 0.030837926 0.862405526 109.015566849
0.863261242 -0.025468490 -0.504115671 -25.902690801 0.006686179 0.999214972 -0.039032078 1.163340282 0.504714107 0.030324260 0.862752945 109.050412784
0.863810809 -0.024877516 -0.503202653 -25.939148503 0.006473713 0.999245128 -0.038288298 1.164441614 0.503774782 0.029816308 0.863319680 109.114130640
0.864164074 -0.024869160 -0.502596161 -25.964532941 0.006438107 0.999242543 -0.038374196 1.164402339 0.503170042 0.029925812 0.863668334 109.167904785
0.864361976 -0.024829928 -0.502256874 -25.987070494 0.006367384 0.999239934 -0.038441229 1.163944856 0.502829910 0.030029119 0.863863686 109.192822020
