1.000000000 0.000000000 0.000000000 0.000000000 -0.000000000 1.000000000 0.000000000 -0.000000000 -0.000000000 0.000000000 1.000000000 0.000000000
0.999967645 -0.002395843 -0.007656006 -0.001467183 0.002390934 0.999996765 -0.000656448 0.018106454 0.007657527 0.000638213 0.999970587 0.957651278
0.999874197 -0.004651910 -0.015203523 -0.009554621 0.004581830 0.999979020 -0.004639799 0.030010730 0.015224408 0.004569594 0.999874148 1.887951772
0.999783084 -0.005629240 -0.020060144 -0.020931089 0.005504654 0.999964783 -0.006259741 0.036625144 0.020094481 0.006148132 0.999779767 2.360348025
0.999584613 -0.009103381 -0.027346682 -0.042021093 0.008884225 0.999927431 -0.008125696 0.052051385 0.027418188 0.007879451 0.999592642 3.306133323
0.999348872 -0.011847302 -0.034069822 -0.061529433 0.011633310 0.999910925 -0.006472289 0.073353414 0.034143546 0.006071848 0.999398854 4.252838321
0.999212577 -0.014027619 -0.037121239 -0.073020516 0.013855161 0.999892171 -0.004898564 0.085155537 0.037185604 0.004380404 0.999299050 4.725131491
0.998864033 -0.018077307 -0.044106068 -0.108825760 0.017951738 0.999833308 -0.003242297 0.106163758 0.044156573 0.002446831 0.999021588 5.673660102
0.998608612 -0.013808428 -0.050902546 -0.164939757 0.013443673 0.999881199 -0.007501440 0.116805969 0.050998957 0.006806745 0.998675628 6.609957228
0.998461002 -0.014290350 -0.053588110 -0.188186205 0.013672525 0.999835332 -0.011877219 0.118423914 0.053748979 0.011126337 0.998492285 7.075197576
0.998120418 -0.016160754 -0.059110604 -0.236616212 0.015172768 0.999737674 -0.017124789 0.127860071 0.059371444 0.016195852 0.998104718 8.027846818
0.997765821 -0.012677551 -0.065601944 -0.302531906 0.011834789 0.999842506 -0.013218798 0.152076572 0.065759203 0.012412912 0.997758439 8.981501912
0.997637333 -0.010930639 -0.067820338 -0.335588000 0.010328001 0.999903568 -0.009230980 0.167628649 0.067914789 0.008508792 0.997655247 9.464093079
0.997309896 -0.010896957 -0.072486522 -0.399116844 0.010896919 0.999940491 -0.000396400 0.200009119 0.072486216 -0.000394514 0.997369836 10.419140633
0.996844703 -0.010881376 -0.078626527 -0.471909744 0.011268672 0.999926314 0.004482715 0.225641466 0.078571312 -0.005354467 0.996894475 11.368621772
0.996669690 -0.010391961 -0.080883728 -0.501291424 0.010877299 0.999924905 0.005561545 0.235830595 0.080820084 -0.006422675 0.996708335 11.818400109
0.996130127 -0.009252002 -0.087400459 -0.588450028 0.009793242 0.999935582 0.005765465 0.253230328 0.087341907 -0.006599023 0.996156765 12.759234963
0.995688818 -0.008134720 -0.092398749 -0.676511326 0.008597786 0.999952295 0.004614635 0.268743090 0.092357368 -0.005389071 0.995711668 13.722917290
0.995415622 -0.006661696 -0.095409336 -0.724009041 0.007133253 0.999963351 0.004602692 0.277492615 0.095375521 -0.005262150 0.995427093 14.208497859
0.994781865 -0.002605107 -0.101993462 -0.828457397 0.003352294 0.999968304 0.007154562 0.298798189 0.101971209 -0.007459043 0.994759845 15.162218752
0.994144062 0.001510409 -0.108050104 -0.930243398 -0.000460945 0.999952068 0.009736711 0.319810078 0.108059606 -0.009629799 0.994098522 16.094171960
0.993829831 0.003531144 -0.110861124 -0.981930128 -0.002433333 0.999946208 0.010036237 0.328512281 0.110890194 -0.009704467 0.993785476 16.553834126
0.993385856 0.005481036 -0.114699198 -1.083573689 -0.004492947 0.999950232 0.008870769 0.343077017 0.114741724 -0.008296680 0.993360337 17.485915443
0.993028841 0.006700453 -0.117680314 -1.185243529 -0.005746332 0.999947815 0.008445070 0.358831227 0.117729959 -0.007709887 0.993015628 18.417973124
0.992749661 0.008409399 -0.119903729 -1.241260014 -0.007395722 0.999932876 0.008896478 0.367838034 0.119970578 -0.007945138 0.992745294 18.886702201
0.992102093 0.008677280 -0.125134718 -1.354293118 -0.007175271 0.999896116 0.012448625 0.390381149 0.125229558 -0.011452332 0.992062112 19.835216226
0.991600044 0.006037934 -0.129200280 -1.465678086 -0.003771981 0.999834853 0.017775761 0.415791380 0.129286366 -0.017139050 0.991459404 20.784709735
0.991340392 0.006314687 -0.131166964 -1.526037407 -0.003711950 0.999791712 0.020077290 0.427700949 0.131267007 -0.019416449 0.991157171 21.250789993
0.990901364 0.007437538 -0.134384442 -1.647426523 -0.004829068 0.999793815 0.019726048 0.443134599 0.134502810 -0.018897577 0.990733140 22.182598908
0.990529968 0.007819628 -0.137076680 -1.768561895 -0.006151050 0.999901676 0.012591192 0.447083321 0.137161281 -0.011628682 0.990480660 23.114636037
0.990373765 0.007484801 -0.138217248 -1.832185856 -0.006245152 0.999936499 0.009400366 0.449820869 0.138278478 -0.008446610 0.990357791 23.590489741
0.989846199 0.005513205 -0.142032926 -1.961434323 -0.004200149 0.999944964 0.009542816 0.466373385 0.142077295 -0.008849283 0.989816140 24.552604681
0.989470081 0.006702588 -0.144583199 -2.098773683 -0.004007909 0.999812607 0.018920481 0.498536982 0.144683328 -0.018141649 0.989312138 25.521409470
0.989571103 0.007962319 -0.143825794 -2.158369777 -0.004597165 0.999707736 0.023714714 0.514633893 0.143972052 -0.022806076 0.989318820 25.987924752
0.989696471 0.007754789 -0.142974579 -2.279016645 -0.004002485 0.999640283 0.026513360 0.535204465 0.143128712 -0.025667816 0.989371886 26.920149820
0.989620051 0.006807499 -0.143549638 -2.404522016 -0.003680304 0.999750531 0.022038738 0.543285406 0.143663720 -0.021281616 0.989397564 27.849513700
0.989599816 0.005474573 -0.143743351 -2.466410662 -0.002686455 0.999804560 0.019583678 0.546950234 0.143822717 -0.018993762 0.989421282 28.314721332
0.989671602 0.003543856 -0.143308944 -2.593047516 -0.000697970 0.999801916 0.019903903 0.563499631 0.143350572 -0.019598178 0.989477684 29.266726915
0.989777268 0.005532173 -0.142518814 -2.719850883 -0.002048925 0.999695709 0.024575596 0.587585701 0.142610811 -0.024032277 0.989487444 30.218582738
0.989777282 0.005973929 -0.142500543 -2.784521629 -0.002211645 0.999645177 0.026545375 0.598970240 0.142608369 -0.025958816 0.989438959 30.693746393
0.989918122 0.006082088 -0.141512816 -2.910356609 -0.002105662 0.999598970 0.028231919 0.617957752 0.141627927 -0.027649229 0.989533981 31.646221757
0.990173598 0.005247788 -0.139748602 -3.032639858 -0.001375819 0.999613025 0.027788717 0.633123022 0.139839545 -0.027323338 0.989797403 32.589181879
0.990243154 0.004984343 -0.139262353 -3.089442367 -0.001117054 0.999611538 0.027834613 0.640980452 0.139346880 -0.027407345 0.989864768 33.045751466
0.990491375 0.005211128 -0.137475282 -3.206459379 -0.001415463 0.999614969 0.027693043 0.656198765 0.137566624 -0.027235072 0.990117862 33.956827594
0.990722903 0.003283429 -0.135859743 -3.308009680 0.000559784 0.999601134 0.028239691 0.672560627 0.135898285 -0.028053636 0.990325742 34.853880894
0.990814575 0.003648114 -0.135179735 -3.363980503 0.000261375 0.999582105 0.028891673 0.681506766 0.135228561 -0.028661551 0.990400124 35.310947074
0.990961979 0.006466814 -0.133983946 -3.476735115 -0.002421307 0.999536982 0.030335172 0.699469130 0.134118214 -0.029736493 0.990518673 36.212895713
0.990991492 0.006260581 -0.133779366 -3.591162157 -0.002153421 0.999522068 0.030823566 0.715663892 0.133907543 -0.030257729 0.990531838 37.113843019
0.991072377 0.006249859 -0.133180145 -3.647058166 -0.002163129 0.999523079 0.030808506 0.723229947 0.133308911 -0.030245289 0.990613066 37.559272521
0.991261727 0.008634380 -0.131626274 -3.758017837 -0.004546865 0.999498646 0.031323058 0.739420782 0.131830379 -0.030450798 0.990804852 38.450628714
0.991615352 0.010208910 -0.128821991 -3.862933636 -0.006006615 0.999438264 0.032967470 0.757193869 0.129085675 -0.031917263 0.991119907 39.322252857
0.991713556 0.009985485 -0.128082569 -3.913697134 -0.005643765 0.999398640 0.034216297 0.766853453 0.128346638 -0.033209830 0.991172616 39.759086022
0.991968958 0.010311993 -0.126062145 -4.013601338 -0.005596078 0.999272510 0.037706484 0.788180810 0.126359216 -0.036698137 0.991304957 40.645413008
0.992125131 0.010823476 -0.124783208 -4.114289749 -0.005957613 0.999208966 0.039302420 0.806270406 0.125109344 -0.038249408 0.991405063 41.531286102
0.992257936 0.011565190 -0.123656923 -4.164112686 -0.006876585 0.999243614 0.038275842 0.812090877 0.124006765 -0.037129048 0.991586407 41.968713781
0.992460923 0.014218591 -0.121732891 -4.263638034 -0.010111063 0.999360160 0.034293810 0.820282648 0.122142183 -0.032804320 0.991970753 42.831973575
0.992571595 0.014724881 -0.120766240 -4.362551105 -0.010668857 0.999358967 0.034164025 0.835481903 0.121191037 -0.032621749 0.992092859 43.718940558
0.992677521 0.015942880 -0.119734779 -4.409094112 -0.011607170 0.999254361 0.036821669 0.847776279 0.120232472 -0.035162188 0.992122718 44.158312507
0.992689422 0.021101991 -0.118839171 -4.514375076 -0.015813875 0.998849313 0.045267066 0.878065226 0.119657887 -0.043056774 0.991880754 45.053016155
0.992770390 0.024279654 -0.117550146 -4.615221607 -0.018397179 0.998535399 0.050871273 0.903311662 0.118613049 -0.048340765 0.991763375 45.938747038
0.992957550 0.023422413 -0.116133475 -4.656564031 -0.017500482 0.998506302 0.051752260 0.912612507 0.117171521 -0.049355408 0.991884894 46.381287838
0.993229099 0.020149977 -0.114414396 -4.747719182 -0.014481359 0.998635734 0.050161703 0.925265606 0.115268118 -0.048165080 0.992165842 47.272969464
0.993391065 0.019167726 -0.113165221 -4.836235337 -0.013822041 0.998759011 0.047834495 0.936676134 0.113941474 -0.045954077 0.992424203 48.154566362
0.993415197 0.018281822 -0.113099776 -4.880967890 -0.012927014 0.998768115 0.047899451 0.944490870 0.113835707 -0.046122015 0.992428341 48.595063780
0.993354131 0.015644182 -0.114032780 -4.972260182 -0.010012810 0.998709235 0.049790215 0.963351229 0.114664814 -0.048317419 0.992228668 49.486622063
0.993436743 0.014741114 -0.113430752 -5.055003553 -0.008766476 0.998556058 0.052990896 0.984601749 0.114048553 -0.051648681 0.992131726 50.371651028
0.993331639 0.014556946 -0.114366196 -5.098918553 -0.008417922 0.998505957 0.053978991 0.994144914 0.114981047 -0.052656231 0.991971507 50.812632329
0.993194068 0.014510405 -0.115563347 -5.197928300 -0.008182999 0.998450779 0.055040197 1.011713816 0.116182214 -0.053719875 0.991773912 51.711216327
0.992909143 0.014499779 -0.117987035 -5.298617984 -0.008010315 0.998437887 0.055291342 1.027854966 0.118603935 -0.053954083 0.991474786 52.608792241
0.992823411 0.015135990 -0.118625973 -5.349366413 -0.008675936 0.998460669 0.054786353 1.034826431 0.119271823 -0.053363888 0.991426659 53.057342924
0.992749456 0.017889179 -0.118865662 -5.445671574 -0.011593975 0.998503006 0.053442056 1.048184072 0.119643470 -0.051676401 0.991471442 53.945901184
0.992567122 0.017742140 -0.120402299 -5.548962985 -0.011216620 0.998441368 0.054659849 1.065886959 0.121184869 -0.052903043 0.991219223 54.841891381
0.992481774 0.017671744 -0.121106565 -5.599787382 -0.010925061 0.998363007 0.056147307 1.076296906 0.121900555 -0.054401974 0.991050795 55.290373739
0.992341191 0.019269270 -0.122010563 -5.700614649 -0.012011843 0.998129405 0.059940590 1.098665306 0.122937789 -0.058015862 0.990717216 56.187825912
0.992352390 0.019365005 -0.121911885 -5.797048559 -0.011855375 0.998003970 0.062024679 1.117850374 0.122869903 -0.060104932 0.990600942 57.076268377
0.992328894 0.019104888 -0.122141063 -5.848650097 -0.011643399 0.998037888 0.061513265 1.124702700 0.123076426 -0.059619206 0.990604596 57.524303200
0.992305017 0.019677438 -0.122242541 -5.945828021 -0.012313429 0.998079132 0.060706509 1.138830810 0.123201930 -0.058734025 0.990641906 58.412327922
0.992135732 0.019985349 -0.123560780 -6.047332439 -0.012482425 0.998047110 0.061201170 1.155122009 0.124542003 -0.059177491 0.990448313 59.297718524
0.992140987 0.020091338 -0.123504278 -6.096373820 -0.012480858 0.997991913 0.062088742 1.164300188 0.124504257 -0.060059212 0.990399608 59.735597711
0.992065705 0.020116503 -0.124105015 -6.196119344 -0.012240546 0.997881365 0.063900807 1.182457558 0.125126999 -0.061874524 0.990209932 60.598659482
0.991940892 0.019822580 -0.125144365 -6.298304109 -0.011899639 0.997895559 0.063742581 1.196828334 0.126144641 -0.061739647 0.990088926 61.448577709
0.991918211 0.019452466 -0.125380553 -6.346370309 -0.011630810 0.997957089 0.062815632 1.202606512 0.126346613 -0.060849685 0.990117922 61.875378583
0.991918975 0.020556832 -0.125202178 -6.446873760 -0.012844017 0.997986546 0.062101112 1.216336646 0.126226350 -0.059990989 0.990186156 62.738010098
0.991787019 0.020742041 -0.126205365 -6.550877760 -0.012794443 0.997902093 0.063461403 1.233578464 0.127256757 -0.061325502 0.989971975 63.598498922
0.991845375 0.019423214 -0.125960236 -6.593808577 -0.011448275 0.997901175 0.063729925 1.241320228 0.126933799 -0.061768175 0.989986572 64.016706042
0.991885613 0.016072878 -0.126112413 -6.689866826 -0.008375169 0.998081779 0.061332719 1.251526487 0.126856382 -0.059778813 0.990118075 64.858670513
0.992052086 0.014137562 -0.125030620 -6.781563079 -0.006923691 0.998295904 0.057944700 1.259968786 0.125636051 -0.056618495 0.990459658 65.691597072
0.992161752 0.013319439 -0.124251379 -6.826187745 -0.006165615 0.998309935 0.057782663 1.266912521 0.124811370 -0.056563506 0.990566684 66.108783593
0.992300556 0.010738701 -0.123383544 -6.912978287 -0.003155317 0.998102077 0.061493087 1.287713816 0.123809674 -0.060630278 0.990452039 66.932909834
0.992241337 0.008526942 -0.124030440 -7.009162959 -0.000471361 0.997895827 0.064832631 1.307654389 0.124322232 -0.064271122 0.990157856 67.751352673
0.992316959 0.007529506 -0.123494384 -7.048572793 0.000522627 0.997882153 0.065040718 1.314971717 0.123722082 -0.064605477 0.990211075 68.148312933
0.992427923 0.006873247 -0.122636709 -7.136726471 0.000785507 0.998057121 0.062293179 1.324018434 0.122826578 -0.061917744 0.990494615 68.948308086
0.992379784 0.007396585 -0.122996480 -7.230008959 -0.000073937 0.998232286 0.059432985 1.332810116 0.123219202 -0.058970907 0.990626160 69.745198940
0.992422730 0.007742738 -0.122623529 -7.272828577 -0.000457261 0.998237839 0.059330315 1.339530943 0.122866573 -0.058824564 0.990678487 70.140098142
0.992395475 0.008571046 -0.122793191 -7.367165968 -0.001153511 0.998176723 0.060350680 1.355331033 0.123086067 -0.059750017 0.990596007 70.947995608
0.992680571 0.008550365 -0.120467539 -7.449442237 -0.001111479 0.998095472 0.061682774 1.371488254 0.120765937 -0.061097236 0.990799768 71.739812962
0.992695139 0.008765488 -0.120332858 -7.490508429 -0.001329874 0.998091712 0.061733914 1.378316723 0.120644069 -0.061122893 0.990812021 72.124082378
0.992745503 0.008998079 -0.119899372 -7.573437830 -0.001757699 0.998174999 0.060356124 1.389315643 0.120223738 -0.059707448 0.990950202 72.892155799
0.992889459 0.008849321 -0.118716239 -7.648568117 -0.001856546 0.998262788 0.058884779 1.399916072 0.119031399 -0.058245546 0.991180550 73.641572983
0.992884679 0.008739829 -0.118760206 -7.694733969 -0.001832735 0.998305922 0.058145356 1.405170089 0.119066930 -0.057513876 0.991219516 74.022764318
0.992852661 0.008179562 -0.119069023 -7.773269233 -0.001325548 0.998342576 0.057528528 1.416962534 0.119342367 -0.056959517 0.991217713 74.758420803
0.992920147 0.007684955 -0.118532650 -7.854432283 -0.000736797 0.998283991 0.058550821 1.431496195 0.118778500 -0.058048856 0.991222582 75.492468135
0.992956362 0.007336187 -0.118256622 -7.891999576 -0.000331181 0.998249528 0.059146325 1.438899787 0.118483312 -0.058690537 0.991219865 75.855470830
0.992982838 0.006731425 -0.118067397 -7.969665000 0.000300428 0.998231884 0.059438835 1.452060125 0.118259089 -0.059057128 0.991225003 76.579954259
0.993136233 0.006434211 -0.116785726 -8.040372000 0.000350967 0.998316723 0.057986035 1.462134661 0.116961602 -0.057628994 0.991463463 77.296980725
0.993272957 0.006536321 -0.115607088 -8.079637067 0.000063726 0.998374079 0.056994305 1.466911725 0.115791827 -0.056618225 0.991658748 77.670663257
0.993310962 0.005863247 -0.115321108 -8.156457943 0.000641099 0.998414875 0.056284372 1.478572610 0.115468550 -0.055981745 0.991732493 78.407358812
0.993442306 0.005082819 -0.114222884 -8.231546426 0.001512779 0.998339881 0.057582535 1.493299136 0.114325406 -0.057377695 0.991784719 79.121701701
0.993436966 0.005084898 -0.114270802 -8.265592736 0.001575238 0.998308221 0.058117498 1.500278293 0.114373206 -0.057916002 0.991748720 79.463457536
0.993618209 0.004779525 -0.112695043 -8.337169239 0.001812832 0.998295741 0.058322110 1.512981783 0.112781560 -0.058154162 0.991916024 80.168249433
0.993813087 0.003916435 -0.110992368 -8.401007086 0.002623319 0.998270997 0.058713247 1.526017154 0.111030779 -0.058641139 0.992085323 80.866034682
0.993883305 0.003143126 -0.110389573 -8.435936707 0.003366416 0.998267848 0.058733071 1.532238148 0.110382220 -0.058745371 0.992150953 81.218951457
0.994070095 0.001553521 -0.108733799 -8.501491813 0.004928294 0.998226725 0.059316554 1.545535021 0.108633355 -0.059500589 0.992299954 81.915695055
0.994173006 0.000910752 -0.107794634 -8.563475636 0.005568707 0.998194714 0.059792664 1.558136885 0.107654534 -0.060044423 0.992373423 82.579533067
0.994247246 0.000578029 -0.107108189 -8.598347008 0.005838086 0.998205996 0.059579465 1.563727463 0.106950692 -0.059861943 0.992460827 82.920798266
0.994389700 -0.001296525 -0.105772168 -8.656804055 0.007536282 0.998252101 0.058614224 1.573636587 0.105510792 -0.059082476 0.992661229 83.575098594
0.994566520 -0.002798157 -0.104066140 -8.712704646 0.008865420 0.998283653 0.057885408 1.584033069 0.103725834 -0.058493392 0.992884254 84.230943921
0.994626393 -0.003079797 -0.103487052 -8.738929097 0.009098365 0.998289946 0.057735819 1.589584189 0.103132777 -0.058367041 0.992954163 84.554063977
0.994834774 -0.005097657 -0.101376238 -8.794833443 0.010935399 0.998308152 0.057112495 1.600150596 0.100913534 -0.057926001 0.993207693 85.209905927
0.995122767 -0.006621894 -0.098419006 -8.845603679 0.012222393 0.998332156 0.056411498 1.610732142 0.097880944 -0.057339216 0.993545252 85.868856943
0.995224262 -0.006621714 -0.097388993 -8.870097841 0.012098114 0.998371630 0.055749898 1.615432021 0.096860633 -0.056661874 0.993683461 86.193030369
0.995399285 -0.007587543 -0.095514272 -8.918996607 0.012856936 0.998421405 0.054674333 1.624790409 0.094948519 -0.055650812 0.993925551 86.818049839
0.995696043 -0.008711351 -0.092269914 -8.968001986 0.013842245 0.998383573 0.055114174 1.636968246 0.091640274 -0.056154132 0.994207458 87.454677386
0.995780673 -0.009626222 -0.091263615 -8.989071399 0.014749279 0.998342735 0.055627710 1.643593346 0.090576168 -0.056739001 0.994272238 87.769221366
0.995979961 -0.011092726 -0.088894309 -9.038081637 0.016131863 0.998290627 0.056170226 1.655991085 0.088119380 -0.057378330 0.994456120 88.405844543
0.996170828 -0.012342853 -0.086550363 -9.080130242 0.017356455 0.998198759 0.057416138 1.669169928 0.085685407 -0.058698418 0.994592020 89.011605715
0.996289855 -0.013537875 -0.084989423 -9.100290946 0.018496855 0.998154544 0.057834682 1.675403698 0.084049054 -0.059192097 0.994702198 89.315011596
0.996470276 -0.015265250 -0.082540629 -9.136278625 0.020128712 0.998088899 0.058415036 1.687386714 0.081491541 -0.059870188 0.994874347 89.912760022
0.996638184 -0.017071455 -0.080131879 -9.171378354 0.021872410 0.997993017 0.059422595 1.699917984 0.078956120 -0.060975426 0.995011291 90.499351679
0.996743328 -0.018539176 -0.078480980 -9.188052032 0.023238370 0.997963643 0.059392895 1.705258220 0.077219875 -0.061023143 0.995144952 90.793184124
0.996925032 -0.019335337 -0.075938319 -9.221348596 0.023774488 0.998033908 0.057995677 1.713639705 0.074667913 -0.059622685 0.995424194 91.380894696
0.997143517 -0.019249326 -0.073042012 -9.253735400 0.023497019 0.998054249 0.057747519 1.723588303 0.071788101 -0.059298799 0.995655279 91.945764151
0.997251034 -0.019332829 -0.071527358 -9.269527312 0.023528870 0.998022109 0.058293878 1.729756670 0.070258361 -0.059816446 0.995734258 92.228434265
0.997459281 -0.020681461 -0.068168992 -9.292514294 0.024756946 0.997921211 0.059491946 1.742314524 0.066796734 -0.061028364 0.995899075 92.787288276
0.997635520 -0.021823551 -0.065165279 -9.321564411 0.025837545 0.997777916 0.061403602 1.756168162 0.063680270 -0.062942061 0.995983609 93.354153046
0.997673899 -0.023178128 -0.064111012 -9.332181190 0.027167229 0.997701649 0.062065720 1.762500909 0.062525787 -0.063662979 0.996011004 93.628265159
0.997803435 -0.025143856 -0.061290264 -9.346507337 0.029005557 0.997594708 0.062954125 1.774389583 0.059559670 -0.064593521 0.996132838 94.168986539
0.997925047 -0.026407933 -0.058720868 -9.365108302 0.030152474 0.997505480 0.063825128 1.786102379 0.056889023 -0.065463204 0.996232338 94.707120276
0.997987845 -0.027125353 -0.057303321 -9.373955314 0.030799017 0.997459643 0.064229027 1.791803094 0.055415893 -0.065864634 0.996288507 94.970617300
0.998131941 -0.027656974 -0.054482496 -9.392482350 0.031157021 0.997432149 0.064475959 1.802175788 0.052559391 -0.066053007 0.996430919 95.497113563
0.998285729 -0.027022336 -0.051921663 -9.411702931 0.030284426 0.997546705 0.063104068 1.809219374 0.050088518 -0.064568250 0.996655532 95.999829546
0.998326721 -0.027944223 -0.050616689 -9.416104962 0.031052013 0.997612377 0.061689948 1.811406209 0.048772085 -0.063158440 0.996810819 96.242659328
0.998366805 -0.030328149 -0.048422581 -9.431924372 0.033253337 0.997596730 0.060791269 1.819436124 0.046462588 -0.062302178 0.996975118 96.747428622
0.998426278 -0.032622359 -0.045612709 -9.440984555 0.035478162 0.997365571 0.063270392 1.833396255 0.043428150 -0.064788975 0.996953778 97.244561799
0.998451154 -0.033457881 -0.044454224 -9.449024613 0.036306689 0.997230763 0.064901551 1.841305187 0.042160017 -0.066415012 0.996901213 97.508533172
0.998504427 -0.035271430 -0.041776886 -9.457190170 0.037997197 0.997072241 0.066356908 1.853505287 0.039314686 -0.067844973 0.996920828 98.006219550
0.998645612 -0.035191524 -0.038319316 -9.468706326 0.037672018 0.997103575 0.066060284 1.862430068 0.035883323 -0.067414259 0.997079432 98.501898099
0.998725331 -0.034864620 -0.036500296 -9.467149016 0.037241813 0.997083398 0.066612430 1.868019046 0.034072025 -0.067886868 0.997111215 98.736623770
0.998793026 -0.035476268 -0.033974847 -9.475272444 0.037732748 0.996953673 0.068256287 1.880318408 0.031450145 -0.069455690 0.997089064 99.222644073
0.998797980 -0.037431582 -0.031650439 -9.477389220 0.039554472 0.996808387 0.069346523 1.891872437 0.028953487 -0.070515058 0.997090218 99.712306780
0.998785336 -0.038542801 -0.030693297 -9.475811813 0.040595841 0.996766010 0.069344158 1.896551816 0.027920789 -0.070505910 0.997120395 99.947050525
0.998835096 -0.039394455 -0.027878781 -9.483001969 0.041238516 0.996764038 0.068991792 1.905341919 0.025070780 -0.070061005 0.997227803 100.433658787
0.998855751 -0.040644351 -0.025213634 -9.479842467 0.042268465 0.996814120 0.067629601 1.912482351 0.022384179 -0.068617902 0.997391601 100.914854459
0.998892243 -0.040463713 -0.024023436 -9.482591723 0.042007805 0.996820930 0.067693028 1.917326395 0.021208479 -0.068627100 0.997417518 101.158667896
0.999006341 -0.038940390 -0.021675122 -9.488128052 0.040371659 0.996724901 0.070068635 1.930732149 0.018875185 -0.070873967 0.997306729 101.634556795
0.999045083 -0.039283689 -0.019137051 -9.490190164 0.040570777 0.996556815 0.072302942 1.943824112 0.016230651 -0.073010248 0.997199538 102.100860738
0.999050591 -0.039965030 -0.017365332 -9.485995624 0.041120621 0.996537754 0.072264447 1.948250483 0.014417152 -0.072909855 0.997234567 102.325500092
0.999063323 -0.040952456 -0.013961253 -9.483538994 0.041841616 0.996611175 0.070821505 1.954490040 0.011013441 -0.071339286 0.997391601 102.771203131
0.999052695 -0.042193209 -0.010635457 -9.473299865 0.042843233 0.996558762 0.070950337 1.963089195 0.007605454 -0.071338722 0.997423217 103.186531026
0.999052817 -0.042697648 -0.008379124 -9.470814907 0.043192052 0.996456301 0.072166802 1.969435642 0.005267413 -0.072460270 0.997357776 103.398431669
0.999137202 -0.041433473 -0.002957213 -9.458021363 0.041538753 0.996399080 0.073917480 1.980620534 -0.000116394 -0.073976399 0.997260536 103.803598765
0.999127734 -0.041644704 0.003024406 -9.438236711 0.041312745 0.996469974 0.073081318 1.987240278 -0.006057321 -0.072892545 0.997321464 104.201338293
0.999072428 -0.042638351 0.005989548 -9.426224066 0.042093361 0.996481916 0.072462763 1.990408538 -0.009058366 -0.072143359 0.997353468 104.407338491
0.998943745 -0.044489460 0.011522222 -9.404838485 0.043531626 0.996373148 0.073117014 2.000026034 -0.014733902 -0.072538126 0.997256768 104.817719009
0.998813075 -0.045799063 0.016578816 -9.387758198 0.044443433 0.996227994 0.074529911 2.010847043 -0.019930232 -0.073704610 0.997080780 105.225484474
0.998717403 -0.046677741 0.019613373 -9.374012445 0.045094909 0.996194509 0.074587380 2.015042537 -0.023021522 -0.073607187 0.997021833 105.420836614
0.998579650 -0.046642691 0.025760746 -9.349100530 0.044629834 0.996270538 0.073843826 2.021987285 -0.029109901 -0.072589100 0.996937028 105.821679050
0.998448772 -0.045682232 0.031822418 -9.323257432 0.043237203 0.996343493 0.073691068 2.029529572 -0.035072355 -0.072200831 0.996773107 106.199699637
0.998335040 -0.045772277 0.035108495 -9.309480813 0.043068573 0.996309435 0.074242188 2.034334104 -0.038377358 -0.072606336 0.996622440 106.383375572
0.998004013 -0.047256614 0.041895375 -9.273396711 0.043985117 0.996148964 0.075840174 2.045144548 -0.045317756 -0.073845919 0.996239824 106.755885848
0.997596655 -0.049963044 0.048021485 -9.238159755 0.046164844 0.995946411 0.077189707 2.055565973 -0.051683607 -0.074787161 0.995859665 107.127885627
0.997400566 -0.050603272 0.051302043 -9.220952593 0.046542755 0.995907401 0.077469681 2.060027420 -0.055012804 -0.074880479 0.995673512 107.313641290
0.996980082 -0.051790271 0.057869411 -9.183854495 0.047232429 0.995870498 0.077529608 2.067687060 -0.061645824 -0.074561971 0.995309406 107.663404199
0.996574647 -0.050754103 0.065294504 -9.140781324 0.045615229 0.995915166 0.077919927 2.076030735 -0.068983102 -0.074674454 0.994819583 108.016781108
0.996396284 -0.049598961 0.068807863 -9.123517459 0.044187553 0.995969536 0.078054856 2.079931737 -0.072402077 -0.074733072 0.994571931 108.190883806
0.995962751 -0.048461331 0.075566316 -9.084708506 0.042536339 0.996034164 0.078138263 2.087619746 -0.079053524 -0.074608409 0.994074374 108.541682606
0.995409100 -0.048700610 0.082397167 -9.039009861 0.042148597 0.995945512 0.079469814 2.097339000 -0.085933221 -0.075631897 0.993425505 108.873258661
0.995117521 -0.048923737 0.085717073 -9.017450912 0.042041764 0.995880570 0.080332066 2.102504705 -0.089293718 -0.076336064 0.993075853 109.038263265
0.994533719 -0.050016916 0.091652594 -8.971647694 0.042569500 0.995764475 0.081483759 2.111502891 -0.095340669 -0.077136685 0.992451790 109.346525444
0.993868721 -0.052344261 0.097393196 -8.923277642 0.044343890 0.995597924 0.082570071 2.120518642 -0.101287057 -0.077744891 0.991815329 109.656341957
0.993539890 -0.052841886 0.100428443 -8.899960851 0.044511191 0.995516966 0.083455699 2.125592076 -0.104388972 -0.078446372 0.991438106 109.810720747
0.992835170 -0.053337513 0.106928670 -8.849871383 0.044252257 0.995345859 0.085608443 2.136254788 -0.110997402 -0.080263242 0.990574331 110.109876887
0.992117509 -0.053827724 0.113164668 -8.799743931 0.044098785 0.995250172 0.086784680 2.145198260 -0.117298698 -0.081110015 0.989779008 110.409067189
0.991834062 -0.053620685 0.115720529 -8.776363149 0.043617942 0.995226107 0.087304873 2.149381394 -0.119849844 -0.081544357 0.989437686 110.551799568
0.991181349 -0.053709762 0.121144060 -8.727081569 0.042982358 0.995059352 0.089489827 2.159884292 -0.125352275 -0.083493490 0.988592725 110.838776554
0.990509714 -0.053007881 0.126808618 -8.677768682 0.041445479 0.994882759 0.092141833 2.170976237 -0.131045031 -0.086011655 0.987638173 111.114077732
0.990184413 -0.052162719 0.129667050 -8.653548925 0.040219462 0.994845782 0.093078156 2.175918227 -0.133854013 -0.086949388 0.987179263 111.257313260
0.989486513 -0.051904384 0.134992225 -8.599024193 0.039405686 0.994823272 0.093666818 2.183506865 -0.139155847 -0.087362496 0.986409026 111.535793418
0.988746638 -0.052735964 0.139997031 -8.549630921 0.039711736 0.994756584 0.094249252 2.190960416 -0.144233170 -0.087629035 0.985656422 111.811166894
0.988339553 -0.053086351 0.142709593 -8.518462067 0.039721051 0.994691493 0.094924329 2.195244838 -0.146992140 -0.088148860 0.985202061 111.935233106
0.987493956 -0.055151956 0.147696363 -8.465552891 0.041252913 0.994567186 0.095569795 2.202503853 -0.152164825 -0.088281541 0.984404222 112.189355154
0.986697387 -0.056518046 0.152427874 -8.414249280 0.042319782 0.994593027 0.094835950 2.206975022 -0.156963426 -0.087123643 0.983754197 112.430832040
0.986311400 -0.056584704 0.154883880 -8.383837522 0.042256734 0.994647928 0.094287281 2.208800646 -0.159389987 -0.086451570 0.983423641 112.542764780
0.985541251 -0.056279084 0.159817899 -8.336722654 0.041786212 0.994822062 0.092641331 2.211206078 -0.164203528 -0.084623523 0.982789940 112.770027473
0.984901452 -0.054256660 0.164392679 -8.288683619 0.039711157 0.995102713 0.090511381 2.212520490 -0.168498656 -0.082616474 0.982234103 112.986165972
0.984574133 -0.053569904 0.166566738 -8.262483129 0.038991375 0.995214763 0.089595475 2.213299926 -0.170569771 -0.081718590 0.981951469 113.083864259
0.983894694 -0.053325755 0.170613024 -8.218695776 0.038675911 0.995363340 0.088068093 2.215397343 -0.174518032 -0.080051059 0.981394340 113.285731957
0.983210049 -0.052566637 0.174744334 -8.169708775 0.037934502 0.995568469 0.086046652 2.216549630 -0.178493571 -0.077973014 0.980846313 113.479063700
0.982808466 -0.052737902 0.176935056 -8.145196172 0.038208195 0.995686335 0.084545772 2.216261155 -0.180631306 -0.076331920 0.980584582 113.575746752
0.981984141 -0.053135502 0.181339445 -8.096059767 0.038891747 0.995936703 0.081220967 2.214663270 -0.184918135 -0.072704976 0.980060744 113.745804939
0.981351776 -0.052739742 0.184844894 -8.052081102 0.038735461 0.996155304 0.078572995 2.214119772 -0.188278926 -0.069947680 0.979621774 113.912732807
0.980969806 -0.053073667 0.186765990 -8.031855463 0.039172987 0.996233497 0.077349784 2.214205177 -0.190168521 -0.068561493 0.979355124 114.006817291
0.980314038 -0.053122006 0.190165881 -7.986154459 0.039569688 0.996445708 0.074369140 2.213170278 -0.193440687 -0.065380291 0.978931548 114.174791380
0.979814657 -0.052357725 0.192930746 -7.943760873 0.039276445 0.996701727 0.071016811 2.210917765 -0.196012754 -0.062005612 0.978639053 114.317388548
0.979618229 -0.051823419 0.194067464 -7.930261491 0.038990126 0.996828580 0.069375475 2.209598874 -0.197047589 -0.060394641 0.978532586 114.384026910
0.979128983 -0.050097909 0.196967767 -7.898167263 0.037533448 0.997045905 0.067015128 2.208725459 -0.199742750 -0.058223509 0.978116924 114.520377941
0.978821217 -0.047877998 0.199040991 -7.865170952 0.035623409 0.997268409 0.064701663 2.207760581 -0.201595552 -0.056240752 0.977853613 114.645584916
0.978654427 -0.046721229 0.200128312 -7.849067907 0.034662327 0.997389575 0.063343224 2.206798412 -0.202565971 -0.055054201 0.977720071 114.702106770
0.978250650 -0.045471271 0.202381793 -7.820328526 0.033849027 0.997592831 0.060524380 2.204848014 -0.204646539 -0.052357511 0.977434755 114.824742189
0.977922143 -0.045487583 0.203959040 -7.790690153 0.034350675 0.997735610 0.057816868 2.202946093 -0.206127724 -0.049534198 0.977271135 114.936230770
0.977800605 -0.045572084 0.204522680 -7.772837659 0.034646058 0.997790368 0.056690478 2.202271485 -0.206654514 -0.048346019 0.977218782 114.982119264
0.977518857 -0.045940786 0.205783915 -7.750082014 0.035307040 0.997858923 0.055053605 2.202035299 -0.207872261 -0.046550252 0.977047400 115.089428924
0.977191370 -0.045816102 0.207359035 -7.722961553 0.035397504 0.997930194 0.053680589 2.201913630 -0.209389909 -0.045116066 0.976790823 115.175999242
0.977076569 -0.045346488 0.208005156 -7.713681661 0.035007508 0.997974389 0.053121993 2.201926808 -0.209993514 -0.044622399 0.976684192 115.216691792
0.976915081 -0.044101806 0.209026845 -7.692520423 0.033855452 0.998055025 0.052348121 2.202409841 -0.210929086 -0.044062898 0.976508279 115.287958398
0.976754617 -0.043018819 0.209997358 -7.673934853 0.032814115 0.998116286 0.051840820 2.203275131 -0.211832023 -0.043744816 0.976326533 115.357662726
0.976655613 -0.042762394 0.210511762 -7.662906174 0.032590053 0.998137951 0.051557752 2.203605857 -0.212324258 -0.043493487 0.976230705 115.387721319
0.976496188 -0.042686403 0.211266926 -7.644270746 0.032594861 0.998165700 0.051022203 2.204220565 -0.213057992 -0.042936718 0.976095263 115.445766523
0.976357691 -0.042882239 0.211864344 -7.626493506 0.032868737 0.998179961 0.050563304 2.204946033 -0.213646353 -0.042404034 0.975990056 115.503291299
0.976279426 -0.042950109 0.212212972 -7.618885652 0.032983551 0.998189650 0.050285153 2.205180037 -0.213989106 -0.042092717 0.975928250 115.531278903
0.976146895 -0.042898583 0.212831804 -7.605340881 0.032968000 0.998204941 0.049992425 2.205818894 -0.214594188 -0.041783251 0.975809212 115.574550159
0.976051726 -0.042684967 0.213312066 -7.593511822 0.032760038 0.998218972 0.049849131 2.206649284 -0.215060824 -0.041667095 0.975711676 115.616781154
0.976029634 -0.042453987 0.213457873 -7.590187178 0.032533422 0.998230637 0.049776760 2.207087242 -0.215193148 -0.041638987 0.975683535 115.642173566
0.975961198 -0.042144849 0.213831509 -7.579205928 0.032275653 0.998255239 0.049438872 2.207558600 -0.215542729 -0.041348752 0.975618556 115.683893467
0.975892619 -0.042097891 0.214153666 -7.565608869 0.032295649 0.998272821 0.049068500 2.207836922 -0.215849774 -0.040969280 0.975567038 115.715507785
0.975871310 -0.042029325 0.214263282 -7.560515563 0.032290572 0.998288531 0.048752708 2.207692826 -0.215945651 -0.040657657 0.975558310 115.730284117
0.975856814 -0.041968856 0.214338511 -7.556317493 0.032350291 0.998314115 0.048189355 2.207330329 -0.216000412 -0.040091932 0.975570113 115.756210663
0.975852223 -0.041923430 0.214369241 -7.547816391 0.032299107 0.998314621 0.048204998 2.207872694 -0.216028580 -0.040116965 0.975562901 115.773046266
0.975846646 -0.041844852 0.214413890 -7.547011815 0.032209976 0.998316415 0.048235764 2.208182442 -0.216072297 -0.040164379 0.975551161 115.785222441
0.975829874 -0.041900558 0.214476580 -7.541088367 0.032190198 0.998300670 0.048570107 2.209197026 -0.216147795 -0.040492028 0.975521486 115.800493977
0.975815871 -0.041983354 0.214525675 -7.536885491 0.032137827 0.998272843 0.049179325 2.210623045 -0.216220235 -0.041095507 0.975479455 115.814720881
0.975835121 -0.041876107 0.214458724 -7.533461132 0.032053611 0.998280768 0.049077593 2.210559838 -0.216144900 -0.041017341 0.975499194 115.816795048
0.975895007 -0.041613511 0.214238388 -7.531710527 0.032030498 0.998332962 0.048011272 2.208789002 -0.215879341 -0.039991678 0.975600656 115.817866692
0.975888724 -0.041464524 0.214295412 -7.527326004 0.032221136 0.998400404 0.046449602 2.206005493 -0.215879707 -0.038424717 0.975664032 115.808849038
