1.000000000 0.000000000 -0.000000000 0.000000000 -0.000000000 1.000000000 0.000000000 0.000000000 0.000000000 0.000000000 1.000000000 0.000000000
0.999996435 -0.001351889 -0.002396762 0.000213567 0.001353681 0.999998841 0.000760423 -0.011987215 0.002396145 -0.000763682 0.999997307 0.678494060
0.999984670 -0.002568117 -0.004918469 0.001239748 0.002577142 0.999994679 0.001828639 -0.023350529 0.004914185 -0.001841317 0.999985941 1.353085389
0.999978874 -0.002171995 -0.006216487 0.002200298 0.002180411 0.999996452 0.001345408 -0.030694423 0.006213877 -0.001358934 0.999980165 1.688390866
0.999981562 -0.000486618 -0.006016159 0.005836851 0.000477657 0.999998830 -0.001479692 -0.048462630 0.006016069 0.001476838 0.999980958 2.351111247
0.999987978 0.000150003 -0.004903934 0.010305603 -0.000172095 0.999989508 -0.004507393 -0.066546548 0.004902933 0.004508126 0.999977668 3.009910419
0.999986841 -0.000015349 -0.005109563 0.012106064 -0.000012302 0.999985231 -0.005415255 -0.074576003 0.005108931 0.005415171 0.999972860 3.341287416
0.999988464 -0.000628877 -0.004806814 0.014000702 0.000602155 0.999983830 -0.005551305 -0.087994313 0.004810238 0.005548295 0.999973002 4.011923334
0.999987615 -0.003132938 -0.003803692 0.027937212 0.003112118 0.999979727 -0.005454661 -0.100670555 0.003820635 0.005442684 0.999977940 4.673867582
0.999982585 -0.005088572 -0.003051207 0.028265225 0.005071902 0.999972411 -0.005436021 -0.107375331 0.003078601 0.005420437 0.999980379 5.012121877
0.999957225 -0.009287185 -0.000620093 0.051911204 0.009281179 0.999915683 -0.008998918 -0.126239131 0.000703860 0.008992713 0.999959695 5.676983186
0.999947658 -0.010262167 0.000807428 0.061002380 0.010272842 0.999839572 -0.014620235 -0.148233572 -0.000657332 0.014627723 0.999892923 6.314172960
0.999947764 -0.010141171 0.001469407 0.064599392 0.010160571 0.999850787 -0.013917111 -0.153332375 -0.001327503 0.013931280 0.999901975 6.636798837
0.999927231 -0.011063224 0.004898607 0.077850647 0.011120802 0.999867473 -0.011899102 -0.162840537 -0.004766815 0.011952688 0.999916903 7.301741633
0.999853746 -0.015383336 0.007518830 0.099057831 0.015419795 0.999869373 -0.004821118 -0.163727120 -0.007443919 0.004936263 0.999959922 7.976743953
0.999804487 -0.017958015 0.008249372 0.099808342 0.017953342 0.999838229 0.000630925 -0.160995155 -0.008259149 -0.000482694 0.999965763 8.312247567
0.999696991 -0.022276090 0.010538705 0.123408149 0.022173185 0.999706265 0.009778232 -0.157840923 -0.010754166 -0.009541648 0.999896909 8.975584347
0.999558437 -0.026319945 0.013806270 0.151383164 0.026157902 0.999587888 0.011786945 -0.166541029 -0.014110819 -0.011420618 0.999835682 9.619113020
0.999514425 -0.026865412 0.015823120 0.156908001 0.026702093 0.999588909 0.010443327 -0.175006592 -0.016097208 -0.010015811 0.999820025 9.932863941
0.999452140 -0.026519551 0.019824839 0.185112641 0.026402992 0.999632091 0.006114337 -0.194722171 -0.019980386 -0.005587628 0.999784400 10.576176001
0.999363889 -0.027700692 0.022493898 0.210601639 0.027644115 0.999613786 0.002818604 -0.212884404 -0.022563441 -0.002195008 0.999743562 11.232242355
0.999252636 -0.029865032 0.024530675 0.223626983 0.029826036 0.999552447 0.001950593 -0.220585778 -0.024578768 -0.001217495 0.999697539 11.558834540
0.999043044 -0.033755908 0.027802651 0.255255979 0.033696006 0.999428396 0.002618364 -0.232127465 -0.027875447 -0.001679123 0.999610099 12.233729819
0.998889346 -0.035358005 0.031140718 0.294298382 0.035180821 0.999361542 0.006218445 -0.238726680 -0.031340392 -0.005116015 0.999495679 12.921548525
0.998797297 -0.036258856 0.033000078 0.313712980 0.036009607 0.999318151 0.008114803 -0.241863124 -0.033271781 -0.006916835 0.999422581 13.265950462
0.998653767 -0.037563763 0.035779615 0.346700861 0.037189558 0.999247035 0.011065766 -0.249281728 -0.036169490 -0.009720176 0.999298672 13.934075570
0.998389724 -0.040289353 0.039946039 0.389153330 0.039861383 0.999139586 0.011452335 -0.261042189 -0.040373269 -0.009841680 0.999136165 14.606132783
0.998286767 -0.041158059 0.041590769 0.410289423 0.040721718 0.999106132 0.011283009 -0.267548932 -0.042017936 -0.009570048 0.999071448 14.942638445
0.998148783 -0.041686668 0.044295799 0.445421045 0.041197650 0.999079481 0.011893848 -0.278790569 -0.044750482 -0.010046978 0.998948147 15.600900876
0.997971844 -0.042104362 0.047737273 0.490977440 0.041582381 0.999064208 0.011874761 -0.290927782 -0.048192602 -0.009865711 0.998789910 16.258269431
0.997912875 -0.042104728 0.048966924 0.513138936 0.041573067 0.999065225 0.011825528 -0.297116957 -0.049419606 -0.009765180 0.998730668 16.589887588
0.997716603 -0.043121731 0.051992895 0.557632629 0.042515807 0.999014750 0.012703560 -0.307782472 -0.052489495 -0.010464057 0.998566861 17.252178833
0.997448858 -0.044442385 0.055872857 0.603106300 0.043670702 0.998933814 0.014957574 -0.315951315 -0.056478057 -0.012479463 0.998325597 17.909625425
0.997363665 -0.044644130 0.057211276 0.627291933 0.043802615 0.998913349 0.015879303 -0.320225881 -0.057858468 -0.013331487 0.998235938 18.231493731
0.997220257 -0.043390236 0.060584278 0.677397820 0.042534356 0.998976582 0.015344605 -0.332775054 -0.061188137 -0.012725037 0.998045776 18.867321687
0.997058135 -0.041524422 0.064436011 0.726936390 0.040739994 0.999079183 0.013440196 -0.347813822 -0.064935099 -0.010775597 0.997831437 19.506036935
0.996931804 -0.040567532 0.066938907 0.751586361 0.039787043 0.999123775 0.012951266 -0.354560293 -0.067406190 -0.010248261 0.997672871 19.825899134
0.996585094 -0.040370577 0.072029251 0.814798907 0.039632072 0.999145577 0.011651560 -0.367939053 -0.072438495 -0.008757115 0.997334107 20.448110762
0.996197974 -0.041297825 0.076711710 0.876908536 0.040466537 0.999104104 0.012359334 -0.377916908 -0.077153961 -0.009208117 0.996977195 21.075283017
0.995971431 -0.041829872 0.079321126 0.911702976 0.040904263 0.999074801 0.013258726 -0.382013951 -0.079802824 -0.009960805 0.996760978 21.395299801
0.995531720 -0.042103621 0.084520482 0.972375164 0.041074835 0.999059544 0.013873575 -0.392346437 -0.085025759 -0.010339966 0.996325612 22.029316333
0.995009889 -0.041009582 0.090963930 1.049063898 0.039990156 0.999114885 0.013000705 -0.404478558 -0.091417518 -0.009298165 0.995769802 22.635994962
0.994713100 -0.040040616 0.094564062 1.078451147 0.039031195 0.999159186 0.012500295 -0.410743817 -0.094984648 -0.008743250 0.995440188 22.933355374
0.994011435 -0.041017967 0.101286959 1.165219340 0.039718881 0.999101216 0.014809457 -0.417107791 -0.101802997 -0.010697803 0.994746805 23.540249917
0.993267772 -0.043111741 0.107523697 1.242439134 0.041597506 0.999001328 0.016286440 -0.425011031 -0.108119064 -0.011704142 0.994069075 24.144075455
0.992862612 -0.044399151 0.110692276 1.293071505 0.043010770 0.998963623 0.014899509 -0.432240700 -0.111238981 -0.010032222 0.993742811 24.437706875
0.992068955 -0.044914102 0.117398445 1.377325264 0.044067824 0.998980011 0.009794621 -0.450822746 -0.117718217 -0.004543496 0.993037268 25.009023671
0.991180264 -0.043690278 0.125115684 1.461970640 0.043369609 0.999044561 0.005286140 -0.468388131 -0.125226671 0.000186631 0.992128540 25.578402960
0.990633843 -0.043682806 0.129368530 1.514739667 0.043823598 0.999037201 0.001759305 -0.479100973 -0.129321414 0.003926500 0.991594683 25.862178385
0.989624922 -0.042342103 0.137296704 1.612057786 0.043156070 0.999063362 -0.002955923 -0.496483440 -0.137042520 0.008850398 0.990526053 26.419918757
0.988449478 -0.043061575 0.145308257 1.708760706 0.043817987 0.999037161 -0.002007853 -0.504156976 -0.145082559 0.008351765 0.989384260 26.979807550
0.987879140 -0.043241758 0.149082372 1.761716312 0.043616596 0.999047427 0.000755229 -0.504017198 -0.148973216 0.005756350 0.988824259 27.261838886
0.986751877 -0.039474352 0.157360133 1.866161328 0.038852853 0.999220213 0.007024202 -0.502712840 -0.157514891 -0.000817214 0.987515865 27.832772960
0.985747177 -0.034028906 0.164754868 1.964381330 0.032556020 0.999401648 0.011632247 -0.503950704 -0.165052603 -0.006102716 0.986265829 28.384958307
0.985102613 -0.031852495 0.168989672 2.019849998 0.030049433 0.999460173 0.013216719 -0.505547738 -0.169319965 -0.007941817 0.985529121 28.655210490
0.983757169 -0.030840114 0.176836232 2.133124072 0.028748341 0.999483289 0.014378900 -0.511921563 -0.177188474 -0.009061624 0.984134911 29.184886078
0.982429289 -0.030617772 0.184106967 2.248344307 0.028721717 0.999503076 0.012956644 -0.522541787 -0.184412382 -0.007441089 0.982821064 29.705669414
0.981779825 -0.029259908 0.187758533 2.306176592 0.027534107 0.999551101 0.011793545 -0.528608049 -0.188019379 -0.006408945 0.982144924 29.965067462
0.980032034 -0.026392675 0.197079367 2.425576583 0.025169600 0.999645159 0.008708308 -0.541706464 -0.197240120 -0.003573972 0.980348616 30.466227066
0.978297660 -0.022100271 0.206023460 2.544795872 0.021554090 0.999755238 0.004895059 -0.556037911 -0.206081293 -0.000348174 0.978535230 30.968341173
0.977493711 -0.019923840 0.210024782 2.604064973 0.019551861 0.999800968 0.003847236 -0.561719554 -0.210059325 0.000345726 0.977689132 31.220895535
0.975809973 -0.019901209 0.217714321 2.733514207 0.019323443 0.999801273 0.004782432 -0.567600416 -0.217765734 -0.000459797 0.976000864 31.722299554
0.974168108 -0.020357240 0.224906767 2.873716277 0.019188778 0.999788212 0.007379874 -0.570311445 -0.225009264 -0.002873619 0.974352209 32.220932142
0.973339878 -0.020130388 0.228486140 2.933737355 0.018720965 0.999789830 0.008334275 -0.572460381 -0.228605910 -0.003834635 0.973511454 32.469640973
0.971471748 -0.020603412 0.236258680 3.074390428 0.018806794 0.999774450 0.009855440 -0.577003578 -0.236407971 -0.005131049 0.971640089 32.966280032
0.969794648 -0.020634992 0.243050257 3.207140542 0.018617694 0.999769936 0.010593975 -0.582807838 -0.243213528 -0.005748975 0.969955367 33.452025558
0.968836407 -0.020245143 0.246874936 3.279043004 0.018222413 0.999779121 0.010475274 -0.586417340 -0.247033078 -0.005650137 0.968991194 33.692978154
0.966805988 -0.019790386 0.254744865 3.421163523 0.017494805 0.999783183 0.011273847 -0.592045314 -0.254912373 -0.006443016 0.966943041 34.182744633
0.964676202 -0.019015792 0.262752939 3.573878264 0.016322036 0.999789098 0.012430939 -0.596796051 -0.262934710 -0.007703241 0.964783348 34.670673348
0.963569103 -0.018542775 0.266818264 3.645755304 0.015633598 0.999792211 0.013023292 -0.599186054 -0.267004238 -0.008377609 0.963658980 34.911649925
0.961577074 -0.017871470 0.273952562 3.799942700 0.014796171 0.999802009 0.013287815 -0.605271466 -0.274135980 -0.008723866 0.961651672 35.392701144
0.959615736 -0.017993899 0.280739286 3.956194866 0.014826053 0.999799992 0.013403732 -0.611391468 -0.280924544 -0.008700210 0.959690293 35.863964184
0.958509199 -0.018480121 0.284461841 4.039312417 0.015249365 0.999791207 0.013567858 -0.614203082 -0.284653400 -0.008667118 0.958591830 36.100141206
0.956508910 -0.019342614 0.291062324 4.197029737 0.016252710 0.999782863 0.013029822 -0.621297907 -0.291251953 -0.007732623 0.956615388 36.564533827
0.954110467 -0.020270779 0.298767483 4.358070440 0.017566608 0.999776423 0.011733856 -0.629395686 -0.298938815 -0.005947128 0.954254226 37.013246725
0.952955694 -0.020050513 0.302446192 4.443908635 0.017648449 0.999787122 0.010673028 -0.634000548 -0.302596084 -0.004833234 0.953106850 37.236664735
0.950681323 -0.019140207 0.309578174 4.595584351 0.017148908 0.999810771 0.009152365 -0.642534507 -0.309695308 -0.003392040 0.950830211 37.681351570
0.947333084 -0.018899466 0.319691657 4.769225284 0.016662096 0.999813637 0.009732360 -0.646970798 -0.319816984 -0.003893080 0.947471437 38.118493956
0.945518795 -0.018844919 0.325021615 4.855200006 0.016267822 0.999810156 0.010644760 -0.648223499 -0.325160881 -0.004777432 0.945646800 38.340999134
0.942037876 -0.019380723 0.334946886 5.036533399 0.016259218 0.999794473 0.012120926 -0.651202346 -0.335112942 -0.005972376 0.942159568 38.790017666
0.938867147 -0.021549131 0.343606127 5.229184193 0.018914140 0.999760477 0.011018547 -0.658291289 -0.343761148 -0.003845910 0.939049152 39.234164111
0.937116120 -0.022703707 0.348280059 5.316661785 0.020421366 0.999739326 0.010223213 -0.662328068 -0.348421433 -0.002468033 0.937334638 39.449763292
0.933200574 -0.025953251 0.358417334 5.511405894 0.024649931 0.999661930 0.008205784 -0.670821039 -0.358509238 0.001177270 0.933525876 39.884094628
0.929070341 -0.026165541 0.368976562 5.708038655 0.026093044 0.999646123 0.005187097 -0.680801541 -0.368982152 0.004808530 0.929424077 40.309587963
0.921956488 -0.024264659 0.386533144 6.021292920 0.025709991 0.999667848 0.001430818 -0.694322252 -0.386440071 0.008618587 0.922274601 40.957848951
0.916397402 -0.022429650 0.399641959 6.237009766 0.024269394 0.999705092 0.000456909 -0.700614472 -0.399534992 0.009280346 0.916671309 41.389492286
0.913845302 -0.021696527 0.405483835 6.344862146 0.023679851 0.999719301 0.000124981 -0.703470701 -0.405373141 0.009487540 0.914102650 41.605319654
0.908942753 -0.021719407 0.416356175 6.570551303 0.024079896 0.999709766 -0.000418379 -0.708756357 -0.416225877 0.010406068 0.909202229 42.038064019
0.903915463 -0.023714070 0.427052797 6.797871938 0.026465504 0.999649540 -0.000507888 -0.713094086 -0.426891516 0.011761236 0.904226673 42.462997024
0.901348889 -0.023967168 0.432429840 6.915897960 0.026696174 0.999643269 -0.000240524 -0.714700311 -0.432270373 0.011760997 0.901667607 42.678951459
0.896040800 -0.024589288 0.443290792 7.151487749 0.026584027 0.999645047 0.001714770 -0.715540816 -0.443175812 0.010247963 0.896376144 43.112864471
0.890963717 -0.024582817 0.453409697 7.396465446 0.025953908 0.999657335 0.003198776 -0.717044688 -0.453332615 0.008917691 0.891296390 43.550781924
0.888284422 -0.023498356 0.458693059 7.524269117 0.024574408 0.999690932 0.003623288 -0.718207657 -0.458635930 0.008053554 0.888587478 43.768805061
0.882437443 -0.021815544 0.469923477 7.771969541 0.022668699 0.999735590 0.003843128 -0.721604737 -0.469882953 0.007261215 0.882699301 44.193961536
0.877214500 -0.022885693 0.479553876 8.040113100 0.024679934 0.999691553 0.002562855 -0.727099920 -0.479465164 0.009587153 0.877508503 44.619281725
0.874917677 -0.023148911 0.483717228 8.169614928 0.025597453 0.999670632 0.001541290 -0.730513647 -0.483594176 0.011033403 0.875223136 44.829430602
0.870874920 -0.022078078 0.491010247 8.427613392 0.026040320 0.999659317 -0.001236852 -0.738628271 -0.490816024 0.013863169 0.871153129 45.254596795
0.867072428 -0.022351529 0.497680906 8.686536825 0.026394360 0.999650345 -0.001089311 -0.741607307 -0.497483450 0.014080438 0.867359818 45.674970227
0.865288786 -0.020679993 0.500847120 8.816421310 0.024665403 0.999694415 -0.001335896 -0.743574550 -0.500666523 0.013509512 0.865534348 45.883190048
0.861200233 -0.018091115 0.507943504 9.075535446 0.021453340 0.999768787 -0.000765321 -0.745800356 -0.507813168 0.011556144 0.861390033 46.302599542
0.858387471 -0.017047580 0.512718795 9.342377257 0.020067343 0.999798481 -0.000353942 -0.748258024 -0.512609101 0.010592712 0.858556487 46.733851962
0.857341115 -0.018018947 0.514433779 9.482629420 0.020823929 0.999783179 0.000314483 -0.748381967 -0.514328082 0.010442891 0.857530067 46.941231767
0.855679883 -0.019740425 0.517128239 9.734587782 0.021758675 0.999760729 0.002160297 -0.748106225 -0.517047199 0.009403519 0.855905042 47.345906716
0.854936526 -0.021760157 0.518275889 9.988088396 0.024759314 0.999692215 0.001130229 -0.752503786 -0.518141421 0.011865860 0.855212075 47.743638518
0.854661135 -0.021039824 0.518760113 10.120053902 0.024500228 0.999699687 0.000181309 -0.755285298 -0.518608362 0.012554751 0.854920117 47.942054828
0.854085234 -0.020037856 0.519747547 10.355820773 0.023648341 0.999720408 -0.000318448 -0.758838227 -0.519595426 0.012563140 0.854319646 48.326874517
0.853409972 -0.019067364 0.520891709 10.600316552 0.022405962 0.999748280 -0.000113148 -0.761145927 -0.520758968 0.011767600 0.853622948 48.718672429
0.853392702 -0.019978950 0.520886268 10.722665106 0.023377843 0.999725965 0.000044071 -0.762178057 -0.520744339 0.012139542 0.853626606 48.914084404
0.854442038 -0.021996010 0.519081970 10.968423250 0.026087615 0.999659581 -0.000581566 -0.765634047 -0.518892292 0.014038502 0.854724187 49.299987235
0.856935583 -0.023107272 0.514905655 11.185435767 0.027510259 0.999620347 -0.000924547 -0.768889816 -0.514689097 0.014957427 0.857246931 49.676777796
0.858592175 -0.023153687 0.512137302 11.297808676 0.027701941 0.999615430 -0.001249541 -0.770768577 -0.511911154 0.015260014 0.858903204 49.871091886
0.862037422 -0.021026932 0.506409063 11.513163460 0.025191536 0.999681685 -0.001374100 -0.773712790 -0.506219210 0.013941727 0.862292337 50.255718573
0.865905471 -0.020048973 0.499806203 11.711218000 0.024048797 0.999709262 -0.001562369 -0.776804885 -0.499630553 0.013372573 0.866135737 50.625456131
0.867946454 -0.019530560 0.496275243 11.816316320 0.024200098 0.999701980 -0.002981520 -0.780383910 -0.496069403 0.014597661 0.868160229 50.805931801
0.873209275 -0.019737135 0.486945600 12.012865655 0.026642921 0.999617950 -0.007260144 -0.790481443 -0.486616995 0.019313243 0.873402269 51.183361600
0.879573373 -0.020843427 0.475307763 12.207257913 0.028467997 0.999555553 -0.008848079 -0.796116206 -0.474912454 0.021313570 0.879774880 51.570666656
0.882490951 -0.021676080 0.469829173 12.299008862 0.029093873 0.999539441 -0.008532939 -0.797219859 -0.469428892 0.021199367 0.882716038 51.765769766
0.888277505 -0.023301680 0.458716780 12.491228623 0.029778640 0.999532447 -0.006890866 -0.797652155 -0.458341507 0.019780926 0.888556288 52.162964626
0.894883173 -0.022226092 0.445747968 12.664330961 0.027999850 0.999587314 -0.006370647 -0.800173391 -0.445422655 0.018181828 0.895135933 52.554040936
0.898505499 -0.020844264 0.438467737 12.746115015 0.026484800 0.999626008 -0.006751506 -0.802543502 -0.438162783 0.017678968 0.898721728 52.748037906
0.905598388 -0.018514273 0.423733666 12.898400313 0.023190396 0.999713247 -0.005881624 -0.804832947 -0.423503477 0.015152900 0.905768246 53.140871302
0.912410917 -0.021089345 0.408731639 13.052927123 0.025040462 0.999676813 -0.004317548 -0.805734027 -0.408508565 0.014174188 0.912644219 53.522965750
0.916409471 -0.022355396 0.399617430 13.125331395 0.026349866 0.999641920 -0.004504091 -0.807830610 -0.399374059 0.014657412 0.916671532 53.712950612
0.924787856 -0.022973909 0.379790249 13.240819495 0.027204830 0.999613042 -0.005776101 -0.813953299 -0.379511438 0.015673760 0.925054936 54.086702436
0.932758428 -0.022046077 0.359827869 13.361968209 0.026294370 0.999629700 -0.006915559 -0.820163304 -0.359543035 0.015911957 0.932992949 54.482087528
0.936348729 -0.020391748 0.350480373 13.422120527 0.024458865 0.999674286 -0.007181364 -0.822825568 -0.350220511 0.015296554 0.936542997 54.681746280
0.943417331 -0.014284445 0.331301287 13.523037855 0.017601819 0.999820569 -0.007014876 -0.827193827 -0.331141060 0.012449446 0.943498701 55.075983867
0.949664790 -0.009711346 0.313118734 13.623350568 0.012595989 0.999894839 -0.007191127 -0.832262416 -0.313015855 0.010773141 0.949686876 55.473143932
0.952520766 -0.008436788 0.304357802 13.674538892 0.011197790 0.999909981 -0.007327459 -0.834794014 -0.304268743 0.010387677 0.952529389 55.666830267
0.963411331 -0.011677662 0.267774602 13.856628840 0.012612229 0.999918727 -0.001770426 -0.835330776 -0.267732633 0.005082858 0.963479921 56.451346712
0.965756233 -0.012535394 0.259150180 13.896553106 0.013184277 0.999912057 -0.000766151 -0.836311227 -0.259117259 0.004156671 0.965836838 56.649854814
0.969935761 -0.011427303 0.243094833 13.978146055 0.012149921 0.999924708 -0.001473552 -0.842741975 -0.243060330 0.004382749 0.970001602 57.038953121
0.973669568 -0.001926400 0.227954979 14.036685870 0.002614274 0.999992166 -0.002715790 -0.850589191 -0.227948742 0.003240197 0.973667461 57.440542352
0.975312008 0.002590025 0.220817553 14.066263503 -0.001904299 0.999992615 -0.003318332 -0.854422527 -0.220824166 0.002815890 0.975309235 57.639870617
0.978464552 0.007421752 0.206282738 14.133940513 -0.006805531 0.999970122 -0.003697281 -0.860807524 -0.206304064 0.002213706 0.978485360 58.046484837
0.981715479 0.010930256 0.190039798 14.182846290 -0.010492429 0.999939045 -0.003310366 -0.866085694 -0.190063779 0.001255826 0.981771160 58.445085850
0.983247289 0.012504786 0.181851321 14.202003735 -0.012098343 0.999921137 -0.003344566 -0.869243365 -0.181879439 0.001088387 0.983320882 58.645303666
0.985906146 0.011506923 0.166906552 14.258647606 -0.011136864 0.999932179 -0.003152916 -0.875253192 -0.166931760 0.001249675 0.985967521 59.055737777
0.988522909 0.008396337 0.150838238 14.313762353 -0.008422278 0.999963836 -0.000467157 -0.877219457 -0.150837606 -0.000808687 0.988558279 59.473102653
0.989758144 0.011655154 0.142281972 14.321467329 -0.011781999 0.999929733 0.000048846 -0.879689166 -0.142271308 -0.001724743 0.989826093 59.679104011
0.992019552 0.014666351 0.125229102 14.344652257 -0.014756477 0.999890819 -0.000208431 -0.887129512 -0.125219393 -0.001641197 0.992127587 60.102905033
0.993852535 0.014917859 0.109702435 14.368707933 -0.014827773 0.999888794 -0.001637038 -0.896734810 -0.109714987 0.000000286 0.993963681 60.522748483
0.994621478 0.016833119 0.102203497 14.376286176 -0.016587128 0.999856351 -0.003256486 -0.903026488 -0.102243827 0.001543713 0.994758702 60.729653434
0.996065698 0.018541077 0.086655470 14.391233831 -0.018057837 0.999816542 -0.006358015 -0.915493430 -0.086757799 0.004768182 0.996217849 61.144444375
0.997190972 0.018904604 0.072474000 14.399403784 -0.018441765 0.999804902 -0.007050972 -0.923792430 -0.072593575 0.005694578 0.997345873 61.542576041
0.997694084 0.019245188 0.065088510 14.399190382 -0.018846579 0.999798999 -0.006733175 -0.926783506 -0.065205076 0.005490949 0.997856666 61.737698411
0.998536081 0.019760621 0.050351563 14.397661076 -0.019582137 0.999799812 -0.004037281 -0.929384746 -0.050420998 0.003045301 0.998723376 62.132903384
0.998986485 0.024528342 0.037749052 14.386297027 -0.024544156 0.999698327 -0.000043933 -0.929690368 -0.037739660 -0.000882736 0.999287555 62.526093513
0.999172543 0.026064809 0.031226027 14.386467532 -0.026109484 0.999658070 0.001021865 -0.931294935 -0.031188944 -0.001836308 0.999512332 62.719285648
0.999480647 0.025983609 0.019042883 14.371817946 -0.026026945 0.999658933 0.002031328 -0.936532241 -0.018983543 -0.002525881 0.999817020 63.079977563
0.999675564 0.024326596 0.007535093 14.366093597 -0.024357934 0.999694627 0.004083814 -0.940040978 -0.007433346 -0.004266129 0.999962867 63.446678456
0.999691715 0.024702752 0.002464467 14.358937837 -0.024716266 0.999678177 0.005617024 -0.940866829 -0.002324524 -0.005676279 0.999981229 63.626080918
0.999629263 0.026092354 -0.007849989 14.345075443 -0.026032750 0.999632055 0.007610122 -0.944260735 0.008045811 -0.007403019 0.999940348 63.982894083
0.999431577 0.028990717 -0.017239519 14.329830618 -0.028857598 0.999551787 0.007923872 -0.950648188 0.017461070 -0.007421904 0.999819674 64.346499632
0.999328403 0.029790890 -0.021341633 14.313984499 -0.029632727 0.999531164 0.007688710 -0.954568507 0.021559577 -0.007051173 0.999742789 64.518887507
0.999148251 0.028140685 -0.030188283 14.304186795 -0.027983075 0.999592209 0.005632049 -0.964822342 0.030333812 -0.004782476 0.999528085 64.856969526
0.998879618 0.029015701 -0.037385791 14.276316243 -0.028960530 0.999577746 0.002016795 -0.977767172 0.037428545 -0.000931829 0.999298976 65.184027406
0.998787829 0.026909277 -0.041212560 14.271311308 -0.026885275 0.999637116 0.001137523 -0.982755916 0.041227972 -0.000028153 0.999150068 65.353560508
0.998500497 0.024753588 -0.048839320 14.252663634 -0.024695544 0.999693148 0.001792844 -0.988447366 0.048868223 -0.000584092 0.998805551 65.684778508
0.998134431 0.027171411 -0.054672882 14.217482695 -0.027003558 0.999627695 0.003807079 -0.991473695 0.054756388 -0.002323640 0.998497034 65.997247694
0.997980269 0.028159368 -0.056950985 14.204507498 -0.027980423 0.999600529 0.003938176 -0.994494830 0.057038203 -0.002336831 0.998369251 66.155950752
0.997682743 0.030645469 -0.060742329 14.181903200 -0.030535083 0.999529781 0.002746901 -1.002629607 0.060798474 -0.000885766 0.998149764 66.457655720
0.997270075 0.034328800 -0.065376685 14.151349477 -0.034270594 0.999410506 0.002013651 -1.009796364 0.065406661 0.000232253 0.997858917 66.748510988
0.997147446 0.034996237 -0.066877018 14.141881699 -0.034942659 0.999386659 0.001970519 -1.012747355 0.066904111 0.000371857 0.997759811 66.890576676
0.997018457 0.033855059 -0.069340942 14.134593065 -0.033815567 0.999426303 0.001744394 -1.018763995 0.069360404 0.000605581 0.997591478 67.167957033
0.996806834 0.032043974 -0.073134807 14.108760159 -0.032004079 0.999486152 0.001718151 -1.024659863 0.073152796 0.000627844 0.997320773 67.436326043
0.996711285 0.032150794 -0.074388552 14.100304449 -0.032075727 0.999483004 0.002204369 -1.026653550 0.074420972 0.000188936 0.997227014 67.573516805
0.996686337 0.030415827 -0.075446476 14.084016815 -0.030266732 0.999536822 0.003119714 -1.030860214 0.075505958 -0.000825886 0.997144929 67.844957769
0.996750550 0.030024413 -0.074753487 14.078733147 -0.029777249 0.999546290 0.004420457 -1.034042623 0.074852510 -0.002180167 0.997192259 68.112606360
0.996751784 0.031119950 -0.074281604 14.061317819 -0.030842222 0.999511902 0.004883835 -1.036115557 0.074397833 -0.002576904 0.997225041 68.243820578
0.996812728 0.033606861 -0.072352143 14.047945490 -0.033350597 0.999431626 0.004747368 -1.041552161 0.072470512 -0.002319310 0.997368243 68.501534856
0.997030798 0.034003114 -0.069094623 14.046666711 -0.033843442 0.999420536 0.003480486 -1.048725678 0.069173225 -0.001131792 0.997604328 68.750508714
0.997183845 0.033792184 -0.066953385 14.042164004 -0.033672938 0.999428595 0.002908666 -1.052221495 0.067013866 -0.000645988 0.997751990 68.869073689
0.997558668 0.031826563 -0.062168342 14.042893317 -0.031688059 0.999492255 0.003213540 -1.056710719 0.062239076 -0.001235744 0.998060163 69.108312833
0.997900204 0.029442314 -0.057698540 14.046705300 -0.029278050 0.999564510 0.003691016 -1.060557114 0.057782341 -0.001994059 0.998327599 69.332883369
0.998045696 0.028076134 -0.055836546 14.044649186 -0.027904693 0.999602739 0.003848608 -1.062601053 0.055922226 -0.002283050 0.998433007 69.439731895
0.998295033 0.027461517 -0.051518524 14.041329566 -0.027243335 0.999616281 0.004933374 -1.065105423 0.051634020 -0.003521480 0.998659592 69.649545085
0.998506663 0.027706774 -0.047088012 14.039034101 -0.027447926 0.999604181 0.006135414 -1.067232250 0.047239362 -0.004833756 0.998871788 69.854471949
0.998598824 0.027727072 -0.045073702 14.048814153 -0.027465583 0.999602074 0.006409906 -1.068567646 0.045233368 -0.005162974 0.998963002 69.953606894
0.998724054 0.028731420 -0.041530057 14.048819376 -0.028482847 0.999572183 0.006567509 -1.072144942 0.041700509 -0.005376300 0.999115712 70.147738986
0.998880751 0.028810525 -0.037523769 14.048212899 -0.028581958 0.999568930 0.006613892 -1.076082708 0.037698549 -0.005534013 0.999274195 70.344800240
0.998971731 0.028724392 -0.035084450 14.047412482 -0.028525438 0.999573659 0.006160634 -1.078955069 0.035246369 -0.005153577 0.999365810 70.445759975
0.999140231 0.028769858 -0.029849445 14.057883526 -0.028645035 0.999578929 0.004604375 -1.085397131 0.029968656 -0.003745415 0.999544021 70.638959469
0.999230735 0.029446252 -0.025908965 14.052303357 -0.029389615 0.999564834 0.002566248 -1.092495627 0.025973015 -0.001802890 0.999661004 70.811387334
0.999281581 0.029883390 -0.023327773 14.054414704 -0.029861499 0.999553100 0.001287614 -1.096427998 0.023355548 -0.000590120 0.999726852 70.898623725
0.999375106 0.030869631 -0.017229120 14.068798745 -0.030879777 0.999522235 -0.000323018 -1.102452979 0.017210417 0.000854808 0.999851457 71.073235172
0.999468853 0.030557027 -0.011342238 14.076221674 -0.030561136 0.999532025 -0.000187852 -1.105413104 0.011331571 0.000534310 0.999935657 71.232144401
0.999518017 0.029731699 -0.008923571 14.080947186 -0.029729846 0.999557734 0.000336272 -1.106030823 0.008929090 -0.000070872 0.999960568 71.306722224
0.999597970 0.028129829 -0.003671596 14.092459645 -0.028125173 0.999602892 0.001320176 -1.107140916 0.003706922 -0.001216431 0.999992876 71.446092834
0.999671604 0.025425480 0.003162253 14.115255749 -0.025428005 0.999676035 0.000752804 -1.110741770 -0.003142166 -0.000833049 0.999994752 71.580623201
0.999682649 0.024229608 0.006955608 14.122299870 -0.024228967 0.999706525 -0.000180357 -1.113669605 -0.006958543 0.000011663 0.999975481 71.644389347
0.999648532 0.022591800 0.013874878 14.137613387 -0.022569007 0.999743475 -0.001797611 -1.118894295 -0.013912501 0.001483851 0.999902620 71.766061546
0.999573832 0.021389834 0.019886755 14.155159663 -0.021343244 0.999768700 -0.002557624 -1.122310793 -0.019936847 0.002132016 0.999799426 71.877003053
0.999515235 0.021051690 0.022929720 14.164449670 -0.020988149 0.999774918 -0.003008496 -1.124060176 -0.022987803 0.002525682 0.999732963 71.930026123
0.999357436 0.020204644 0.029605220 14.183243726 -0.020091674 0.999788888 -0.004109426 -1.127925252 -0.029682566 0.003511906 0.999553745 72.035086309
0.999179314 0.019163446 0.035692860 14.194730479 -0.018984006 0.999805250 -0.005361454 -1.131921238 -0.035788764 0.004679444 0.999348356 72.126338936
0.999104720 0.018472069 0.038074327 14.206075462 -0.018268220 0.999816653 -0.005695310 -1.133235404 -0.038172029 0.004994591 0.999258936 72.169583064
0.998943591 0.017248722 0.042585294 14.219785180 -0.017017081 0.999837779 -0.005796269 -1.134953391 -0.042678620 0.005065422 0.999076470 72.250114236
0.998723570 0.016939265 0.047585603 14.227000000 -0.016683987 0.999843509 -0.005756112 -1.136168389 -0.047676609 0.004954732 0.998850134 72.312935314
0.998596661 0.016613546 0.050293236 14.231023927 -0.016339484 0.999849326 -0.005855925 -1.136953736 -0.050383408 0.005025843 0.998717444 72.342384856
0.998344008 0.016773573 0.055023414 14.248857140 -0.016459632 0.999845477 -0.006154441 -1.138451022 -0.055118064 0.005238624 0.998465970 72.403345369
0.998147157 0.016919824 0.058453610 14.258562519 -0.016555645 0.999839880 -0.006709401 -1.140323275 -0.058558561 0.005729158 0.998267937 72.454408522
0.998026132 0.017157292 0.060422076 14.264240219 -0.016763157 0.999834542 -0.007024761 -1.141230256 -0.060532218 0.005997967 0.998148253 72.476025672
0.997721050 0.017346576 0.065215234 14.275790283 -0.016905034 0.999829569 -0.007316340 -1.142480908 -0.065331586 0.006197151 0.997844781 72.518292300
0.997483162 0.017460750 0.068723804 14.288578541 -0.016971029 0.999825643 -0.007703595 -1.143720328 -0.068846442 0.006517832 0.997605946 72.554686648
0.997406786 0.017477501 0.069823031 14.285495870 -0.016970366 0.999824511 -0.007849322 -1.144363158 -0.069948073 0.006643994 0.997528175 72.569355257
0.997265774 0.017450851 0.071808211 14.298889368 -0.016925546 0.999825227 -0.007918215 -1.144932234 -0.071934179 0.006681129 0.997387271 72.602826537
0.997068785 0.017815212 0.074412350 14.302495632 -0.017276382 0.999819005 -0.007878482 -1.145484756 -0.074539567 0.006569793 0.997196288 72.634238157
0.996964410 0.017856380 0.075789720 14.309607440 -0.017299360 0.999818000 -0.007999977 -1.145877171 -0.075918542 0.006664502 0.997091780 72.649014176
0.996833687 0.017789975 0.077505108 14.314458358 -0.017204056 0.999817732 -0.008221582 -1.146728332 -0.077637542 0.006862113 0.996957880 72.674547424
0.996743288 0.018015024 0.078606600 14.317866626 -0.017405475 0.999812961 -0.008433766 -1.147684228 -0.078743918 0.007038062 0.996869787 72.706929861
0.996643278 0.017529473 0.079972772 14.324755641 -0.016938712 0.999823921 -0.008059908 -1.147290505 -0.080099973 0.006678225 0.996764615 72.722700089
0.996640216 0.017204874 0.080077700 14.332034814 -0.016688950 0.999835456 -0.007107911 -1.145810150 -0.080187630 0.005747549 0.996763599 72.736534185
0.996672304 0.017616916 0.079583963 14.331210324 -0.017105013 0.999828487 -0.007109669 -1.145864286 -0.079696141 0.005724735 0.996802740 72.740448121
0.996670225 0.018752470 0.079350330 14.321485184 -0.018111125 0.999796615 -0.008794834 -1.148826507 -0.079499983 0.007328331 0.996808096 72.738329884
0.996595173 0.018915245 0.080254751 14.332375962 -0.018092615 0.999775775 -0.010965823 -1.152273955 -0.080444511 0.009476399 0.996714208 72.735428328
0.996588580 0.018648699 0.080395644 14.333016417 -0.017773691 0.999774617 -0.011586128 -1.153292917 -0.080593601 0.010117609 0.996696234 72.732472041
0.996640385 0.018267907 0.079838621 14.333626658 -0.017414158 0.999783019 -0.011376588 -1.152862475 -0.080029220 0.009948014 0.996742469 72.729544255
0.996591479 0.019096000 0.080256924 14.334267322 -0.018186869 0.999761567 -0.012043840 -1.153891434 -0.080467999 0.010543147 0.996702025 72.726587772
0.996481223 0.019634757 0.081480588 14.334693737 -0.018681570 0.999747181 -0.012445248 -1.154544086 -0.081704184 0.010879243 0.996597275 72.724617438
0.996227215 0.020003127 0.084451707 14.336181395 -0.018912311 0.999726875 -0.013696885 -1.156598465 -0.084703031 0.012047995 0.996333900 72.717725790
0.996034955 0.020046100 0.086681536 14.345150182 -0.018910603 0.999724645 -0.013901325 -1.156959037 -0.086937088 0.012206943 0.996139011 72.723693685
0.995907458 0.020250760 0.088089563 14.343494533 -0.019121335 0.999723808 -0.013647119 -1.156747440 -0.088341800 0.011906850 0.996019327 72.731527846
0.995434035 0.021114897 0.093092614 14.358322347 -0.019944686 0.999709543 -0.013482552 -1.156811947 -0.093350410 0.011564212 0.995566566 72.758157799
0.994687940 0.022301646 0.100496960 14.371536811 -0.020975783 0.999678746 -0.014231759 -1.158694024 -0.100781658 0.012048164 0.994835727 72.792582010
0.994264888 0.023138164 0.104416891 14.377429594 -0.021710635 0.999654546 -0.014787721 -1.160017294 -0.104722631 0.012435863 0.994423872 72.813212224
0.993268158 0.024817048 0.113152397 14.395903888 -0.023184894 0.999607646 -0.015717849 -1.162563530 -0.113499125 0.012988566 0.993453683 72.871215860
0.991811141 0.025300700 0.125181091 14.430611972 -0.023552381 0.999603232 -0.015426771 -1.163310261 -0.125521842 0.012352134 0.992014152 72.949034853
0.990836650 0.025189959 0.132694850 14.451299438 -0.023426181 0.999614863 -0.014836908 -1.163108691 -0.133018304 0.011592409 0.991046203 72.996326274
0.988486915 0.024501285 0.149310648 14.490810931 -0.022767344 0.999651563 -0.013311831 -1.162427521 -0.149584344 0.009759159 0.988700582 73.099723332
0.985415450 0.024117198 0.168448239 14.544530829 -0.022481982 0.999678993 -0.011608239 -1.161801480 -0.168674593 0.007651860 0.985641954 73.232686776
