1.000000000 0.000000000 -0.000000000 0.000000000 0.000000000 1.000000000 -0.000000000 0.000000000 0.000000000 0.000000000 1.000000000 0.000000000
0.999999918 -0.000702831 0.000134257 0.008964828 0.000702875 0.999999657 -0.000216572 0.002341178 -0.000134173 0.000216662 0.999999439 0.510081536
0.999999998 -0.000983454 0.000320029 0.014160599 0.000983556 0.999999867 -0.000253131 0.003670051 -0.000319929 0.000253443 0.999999650 0.770095400
0.999999379 -0.001149589 0.000270281 0.021108280 0.001149443 0.999999884 0.000563285 0.007790331 -0.000271088 -0.000562977 0.999999202 1.280253819
0.999999254 -0.001054490 0.000226451 0.028775471 0.001054341 0.999999200 0.000697400 0.010582868 -0.000227307 -0.000697162 0.999999335 1.760360426
0.999999475 -0.001433216 0.000385015 0.034108283 0.001432949 0.999998986 0.000734986 0.011929720 -0.000386194 -0.000734427 0.999999300 2.000349428
0.999998326 -0.001901318 -0.000234320 0.042647644 0.001901384 0.999998575 0.000238657 0.013754730 0.000233807 -0.000239104 0.999999743 2.500442766
0.999997186 -0.002225860 -0.000726277 0.052045266 0.002225780 0.999997973 -0.000119431 0.015922123 0.000726497 0.000117823 0.999999927 3.020516066
0.999996805 -0.002565934 -0.000938100 0.058104925 0.002565647 0.999996460 -0.000332668 0.017063416 0.000938803 0.000330256 0.999999240 3.300512630
0.999994681 -0.002803649 -0.001572360 0.065791027 0.002803030 0.999996263 -0.000397930 0.019888212 0.001573358 0.000393527 0.999998902 3.850684244
0.999993258 -0.002391975 -0.002738106 0.068475025 0.002389446 0.999997371 -0.000929680 0.021508896 0.002740243 0.000923123 0.999996056 4.331012098
0.999994278 -0.001875100 -0.002846031 0.070814607 0.001871937 0.999997830 -0.001116246 0.022464615 0.002848009 0.001110904 0.999994748 4.571132236
0.999997266 -0.001335536 -0.001927877 0.079049190 0.001333802 0.999998504 -0.000909270 0.025331330 0.001928939 0.000906698 0.999997074 5.041204556
0.999999047 -0.000151332 -0.001267293 0.088284489 0.000150349 0.999999568 -0.000808048 0.028048442 0.001267290 0.000807856 0.999999079 5.511234612
0.999999088 -0.000306010 -0.001027149 0.093040353 0.000305620 1.000000393 -0.000318124 0.030221053 0.001027189 0.000317806 0.999998990 5.761253250
0.999999322 -0.001057410 0.000015774 0.104126027 0.001057413 1.000000120 0.000319767 0.033940888 -0.000016129 -0.000319756 0.999999524 6.251216816
0.999996191 -0.001684311 0.002260089 0.122437247 0.001688033 0.999997613 -0.001640817 0.034208440 -0.002257349 0.001644617 0.999995954 6.931067705
0.999991532 -0.002020300 0.003564017 0.137247448 0.002027897 0.999995569 -0.002125668 0.035881743 -0.003559786 0.002132878 0.999991560 7.390854060
0.999991657 -0.000879475 0.004042301 0.145480650 0.000887003 0.999998273 -0.001856451 0.038878448 -0.004040732 0.001860010 0.999989462 7.860925709
0.999990936 -0.001073565 0.004267743 0.150382580 0.001081246 0.999997880 -0.001791283 0.040219097 -0.004265905 0.001795885 0.999989394 8.090923877
0.999985106 -0.002596209 0.004898421 0.161775147 0.002609969 0.999992975 -0.002801705 0.040885106 -0.004891234 0.002814449 0.999983926 8.540853687
0.999981175 -0.003645222 0.005018607 0.174151547 0.003660299 0.999988867 -0.002995618 0.042991401 -0.005007678 0.003013935 0.999982842 8.990733015
0.999976643 -0.004299968 0.005361677 0.182049360 0.004315361 0.999987242 -0.002860694 0.044473201 -0.005349386 0.002883758 0.999981318 9.220601339
0.999972767 -0.005320984 0.005116542 0.194426185 0.005336789 0.999981552 -0.003079508 0.046539499 -0.005100225 0.003106730 0.999982098 9.670480874
0.999976930 -0.004665350 0.004875930 0.206236998 0.004682250 0.999983454 -0.003459452 0.048401627 -0.004859799 0.003482197 0.999981588 10.130395368
0.999979049 -0.004610704 0.004584722 0.211708549 0.004626602 0.999984032 -0.003460567 0.049606469 -0.004568803 0.003481702 0.999983128 10.350360334
0.999981340 -0.004874247 0.003844082 0.219521170 0.004888564 0.999981558 -0.003719427 0.051627039 -0.003825974 0.003738139 0.999985458 10.810446162
0.999976673 -0.006450568 0.002471276 0.228484395 0.006462151 0.999967888 -0.004703140 0.052306070 -0.002441012 0.004718987 0.999986066 11.250471115
0.999970027 -0.007457275 0.001901477 0.233096837 0.007466313 0.999960617 -0.004786106 0.053248524 -0.001865728 0.004800128 0.999986054 11.450455707
0.999966897 -0.008037150 0.001001378 0.239318934 0.008041729 0.999956682 -0.004641974 0.055642235 -0.000964178 0.004649864 0.999987982 11.850551375
0.999974934 -0.007095058 0.001013194 0.244971198 0.007099498 0.999965611 -0.004434607 0.058191752 -0.000981745 0.004441675 0.999989309 12.260680142
0.999978078 -0.006633865 0.000631182 0.247581676 0.006636537 0.999968813 -0.004303051 0.059483407 -0.000602721 0.004307132 0.999990010 12.460749005
0.999985514 -0.005435035 -0.000234876 0.249797829 0.005434162 0.999979054 -0.003633122 0.062765510 0.000254524 0.003631787 0.999993520 12.861012236
0.999987731 -0.004938239 -0.000875977 0.253413407 0.004937095 0.999987339 -0.001315824 0.068934001 0.000882313 0.001311475 0.999998091 13.271208377
0.999983907 -0.005576700 -0.001181749 0.257426177 0.005577067 0.999984230 0.000293968 0.072842065 0.001179961 -0.000300560 0.999999204 13.481211546
0.999948063 -0.010094040 -0.001734580 0.270381967 0.010093253 0.999949160 -0.000471670 0.073892617 0.001739150 0.000454143 0.999998297 13.921062427
0.999912499 -0.013192312 -0.001281679 0.282359340 0.013189268 0.999910078 -0.002371664 0.072992918 0.001312779 0.002354557 0.999996483 14.360966424
0.999936551 -0.011190243 -0.001120195 0.282850671 0.011186637 0.999932555 -0.003183148 0.072745927 0.001155651 0.003170410 0.999994091 14.581154084
0.999961214 -0.008719705 -0.000939692 0.285944835 0.008716429 0.999956175 -0.003446831 0.074510541 0.000969597 0.003438510 0.999993805 15.001406887
0.999996812 -0.002000299 -0.001651532 0.281484433 0.001993432 0.999989209 -0.004154342 0.075568313 0.001659698 0.004151024 0.999989411 15.431998514
0.999996027 0.002022308 -0.001959075 0.279561288 -0.002033622 0.999981335 -0.005775056 0.073934441 0.001947234 0.005778978 0.999980747 15.642288553
0.999992466 0.003158832 -0.002314215 0.287987481 -0.003180398 0.999950975 -0.009366121 0.069867355 0.002284450 0.009373424 0.999953186 16.022306764
0.999992089 0.001205107 -0.003821837 0.293758309 -0.001235873 0.999967440 -0.008054604 0.074174730 0.003811877 0.008059173 0.999959702 16.412401677
0.999987038 -0.001583174 -0.004935997 0.297914915 0.001550011 0.999976855 -0.006716413 0.077460817 0.004946406 0.006708742 0.999965135 16.602383292
0.999965774 -0.004793648 -0.006803371 0.302544376 0.004758453 0.999975704 -0.005181646 0.082239793 0.006827963 0.005149043 0.999962870 17.012543576
0.999962685 -0.004963743 -0.007028190 0.305200012 0.004928723 0.999975901 -0.004990922 0.084718154 0.007052650 0.004956080 0.999962473 17.422801825
0.999967763 -0.003615135 -0.007151772 0.303679823 0.003578888 0.999980711 -0.005076647 0.085720302 0.007169928 0.005050804 0.999961272 17.643069106
0.999965146 0.001394542 -0.008298621 0.296755250 -0.001426416 0.999991700 -0.003837876 0.090070868 0.008293128 0.003849569 0.999957662 18.063738928
0.999964590 0.003393869 -0.007670962 0.299254308 -0.003414423 0.999990952 -0.002666731 0.094371123 0.007661830 0.002692822 0.999967077 18.494012531
0.999970413 0.002968418 -0.007072206 0.303725143 -0.002986618 0.999992846 -0.002557771 0.095725568 0.007064513 0.002578813 0.999971702 18.714019762
0.999972704 0.000105977 -0.007436673 0.309241428 -0.000124072 0.999997710 -0.002434619 0.098157113 0.007436277 0.002435466 0.999968692 19.144173908
0.999967899 -0.002247965 -0.007653224 0.314197648 0.002226644 0.999993480 -0.002794152 0.099824527 0.007659383 0.002777024 0.999967030 19.584365906
0.999970285 -0.002800822 -0.007190405 0.317673182 0.002780146 0.999992067 -0.002885800 0.100818610 0.007198335 0.002865718 0.999969630 19.804418038
0.999976942 -0.001589531 -0.006556314 0.322132685 0.001591853 0.999999262 0.000349393 0.108679391 0.006555722 -0.000359829 0.999978168 20.234587165
0.999973699 0.001511339 -0.007102942 0.321431921 -0.001475840 0.999986278 0.004997384 0.119120078 0.007110324 -0.004986772 0.999961555 20.684982919
0.999970185 0.003095509 -0.007142817 0.318917387 -0.003062247 0.999984946 0.004651441 0.119671871 0.007157035 -0.004629432 0.999963217 20.905295566
0.999969677 0.003192881 -0.007071078 0.321860220 -0.003210148 0.999992598 -0.002434130 0.109841330 0.007063199 0.002456750 0.999971959 21.365657829
0.999973390 0.000563092 -0.007314738 0.327759647 -0.000616450 0.999973735 -0.007302608 0.103851683 0.007310296 0.007306858 0.999946781 21.825871128
0.999972003 0.000177375 -0.007559513 0.329078126 -0.000224756 0.999980283 -0.006268710 0.106876871 0.007558188 0.006270244 0.999951509 22.066023610
0.999973572 0.000550805 -0.007254146 0.331878989 -0.000591553 0.999983879 -0.005613990 0.110415402 0.007250892 0.005618139 0.999957694 22.526316784
0.999970936 0.003287208 -0.006870987 0.330473766 -0.003404438 0.999847477 -0.017119388 0.093107630 0.006813502 0.017142300 0.999829744 22.976898975
0.999959974 0.005700314 -0.006892683 0.327638145 -0.005861223 0.999705446 -0.023557846 0.083313938 0.006756227 0.023597330 0.999698738 23.187274220
0.999943333 0.008020931 -0.006997614 0.327447478 -0.008181589 0.999696521 -0.023238403 0.086301346 0.006809033 0.023294326 0.999705465 23.647699357
0.999944925 0.007460453 -0.007413080 0.329128910 -0.007577528 0.999845605 -0.015890073 0.101168703 0.007293226 0.015945386 0.999846180 24.107977024
0.999945996 0.006994648 -0.007724617 0.330595897 -0.007113018 0.999856149 -0.015405423 0.103131945 0.007615673 0.015459515 0.999850868 24.328110224
0.999951296 0.006006283 -0.007805660 0.335035800 -0.006151100 0.999806510 -0.018675003 0.099915515 0.007691911 0.018722102 0.999794677 24.778361365
0.999957912 0.004959622 -0.007784350 0.338207338 -0.005073559 0.999879767 -0.014690152 0.109129855 0.007710488 0.014728972 0.999861428 25.248616073
0.999954166 0.005264105 -0.008051863 0.339025490 -0.005342923 0.999937771 -0.009803451 0.118688386 0.007999635 0.009846043 0.999919533 25.478743925
0.999942262 0.007354051 -0.007817513 0.340300569 -0.007384583 0.999965504 -0.003893683 0.131239700 0.007788522 0.003951183 0.999961274 25.929042696
0.999946633 0.007210861 -0.007423506 0.344695024 -0.007245388 0.999962848 -0.004645470 0.132302973 0.007389676 0.004698974 0.999961543 26.379271720
0.999948542 0.006955422 -0.007416759 0.345187736 -0.006996511 0.999960667 -0.005524313 0.131925991 0.007377884 0.005575906 0.999957188 26.599460052
0.999956140 0.005886485 -0.007361851 0.348589120 -0.005935042 0.999960810 -0.006595738 0.132418916 0.007322540 0.006639108 0.999950840 27.049735062
0.999963542 0.005113792 -0.006928874 0.355704423 -0.005164741 0.999959521 -0.007361406 0.133677376 0.006890786 0.007396882 0.999948508 27.539883500
0.999963760 0.005158023 -0.006809302 0.357480224 -0.005211173 0.999956311 -0.007810781 0.134218940 0.006768622 0.007846020 0.999945885 27.790039682
0.999964551 0.005483269 -0.006477370 0.360738834 -0.005539240 0.999947145 -0.008658139 0.135233849 0.006429412 0.008693773 0.999941358 28.260336763
0.999955848 0.007110473 -0.006226788 0.363563270 -0.007168340 0.999930904 -0.009323446 0.136552534 0.006159888 0.009367572 0.999937309 28.720641409
0.999950543 0.007573643 -0.006460159 0.364331984 -0.007633745 0.999927916 -0.009336934 0.137843659 0.006388848 0.009385773 0.999935426 28.970836755
0.999942929 0.008544306 -0.006501418 0.365873658 -0.008606540 0.999916648 -0.009606305 0.140025936 0.006418771 0.009661724 0.999932713 29.471229515
0.999934771 0.009167021 -0.006794977 0.368980150 -0.009232690 0.999910817 -0.009707444 0.142442768 0.006705311 0.009769459 0.999929912 29.961544120
0.999938699 0.008917678 -0.006617536 0.370313388 -0.008980124 0.999914976 -0.009479628 0.144078052 0.006532359 0.009538449 0.999932999 30.201703784
0.999938596 0.009027129 -0.006467065 0.376398349 -0.009082271 0.999922320 -0.008547817 0.148275921 0.006389303 0.008606019 0.999942295 30.691880071
0.999939480 0.008759390 -0.006661881 0.379924891 -0.008813002 0.999928971 -0.008062638 0.151718885 0.006590742 0.008120847 0.999944955 31.192180239
0.999936308 0.009261782 -0.006423476 0.381687631 -0.009311812 0.999925982 -0.007805471 0.153490363 0.006350555 0.007864802 0.999948253 31.442330065
0.999930346 0.010332946 -0.005699844 0.384337544 -0.010369660 0.999925438 -0.006467320 0.158320824 0.005632480 0.006525946 0.999962605 31.922641332
0.999928649 0.011186152 -0.004266099 0.392276065 -0.011208200 0.999923884 -0.005198733 0.163221437 0.004207523 0.005246131 0.999976787 32.432752679
0.999929902 0.011101274 -0.004151029 0.395608188 -0.011122063 0.999926063 -0.005022389 0.164797499 0.004094879 0.005068104 0.999978846 32.672826573
0.999933905 0.011010041 -0.003273997 0.400290751 -0.011028174 0.999923808 -0.005557612 0.166388958 0.003212448 0.005593338 0.999979111 33.153068502
0.999936958 0.010985882 -0.002242992 0.408692010 -0.010999294 0.999921038 -0.006050302 0.168295983 0.002176278 0.006074546 0.999978510 33.673186186
0.999938280 0.010914911 -0.001897420 0.412459793 -0.010926464 0.999921861 -0.006165736 0.169428279 0.001829986 0.006186101 0.999979287 33.923253238
0.999938764 0.011022880 -0.000797894 0.420566149 -0.011027770 0.999918690 -0.006503292 0.171447073 0.000726095 0.006511679 0.999977865 34.413354710
0.999938014 0.011132720 -0.000089461 0.429537773 -0.011133084 0.999912886 -0.007097627 0.173148295 0.000010345 0.007098137 0.999974714 34.923439553
0.999934132 0.011463581 0.000514718 0.435168036 -0.011459398 0.999907752 -0.007366444 0.174143394 -0.000599229 0.007359974 0.999972222 35.193446007
0.999882582 0.015240300 0.001860634 0.441253315 -0.015227841 0.999863408 -0.006529271 0.178311265 -0.001960014 0.006500081 0.999976599 35.683622449
0.999894812 0.014209429 0.003013662 0.452660333 -0.014186630 0.999871262 -0.007472442 0.179429505 -0.003119584 0.007428876 0.999967270 36.203615094
0.999894182 0.014158185 0.003330227 0.457868103 -0.014130618 0.999867299 -0.008169864 0.179628456 -0.003445579 0.008121956 0.999960560 36.463634797
0.999895261 0.014057664 0.003613670 0.467278361 -0.014023835 0.999859639 -0.009220181 0.180605932 -0.003742905 0.009168511 0.999950255 36.983714247
0.999889813 0.013817420 0.005415587 0.479673459 -0.013765099 0.999859826 -0.009580532 0.182764486 -0.005547325 0.009504866 0.999938723 37.503658478
0.999879252 0.014238545 0.006171144 0.484871885 -0.014177878 0.999852201 -0.009768250 0.183843376 -0.006309368 0.009679650 0.999933258 37.763673633
0.999830122 0.016795177 0.007592599 0.495149641 -0.016709276 0.999797786 -0.011248394 0.184293296 -0.007780013 0.011119687 0.999907379 38.303737540
0.999846839 0.014570157 0.009696211 0.517805817 -0.014469219 0.999841668 -0.010391840 0.188703785 -0.009846168 0.010249976 0.999899028 38.853255386
0.999838894 0.014755448 0.010258744 0.526415612 -0.014656080 0.999845973 -0.009693113 0.191379928 -0.010400298 0.009541110 0.999899893 39.123124038
0.999848255 0.013362594 0.011180594 0.543229379 -0.013255271 0.999865767 -0.009610066 0.194366176 -0.011307628 0.009460364 0.999890746 39.652882704
0.999851620 0.011969427 0.012401800 0.561474213 -0.011850578 0.999883998 -0.009613274 0.197259020 -0.012515504 0.009464821 0.999876195 40.192589681
0.999852250 0.011711548 0.012631433 0.569094123 -0.011593016 0.999888243 -0.009415827 0.199064836 -0.012740491 0.009268010 0.999875203 40.462505869
0.999847033 0.011135254 0.013516384 0.587345647 -0.011003097 0.999891163 -0.009812735 0.201327724 -0.013624314 0.009662566 0.999860335 41.002216100
0.999832180 0.011420224 0.014336684 0.603598818 -0.011274350 0.999884181 -0.010211630 0.203599838 -0.014451730 0.010048205 0.999845261 41.542012361
0.999826567 0.011329937 0.014768085 0.612223478 -0.011178034 0.999884811 -0.010328899 0.204876078 -0.014883537 0.010162094 0.999837347 41.811888248
0.999823703 0.010779235 0.015385890 0.631319565 -0.010628462 0.999895476 -0.009845827 0.208771259 -0.015490474 0.009680580 0.999833041 42.371571775
0.999837292 0.009464167 0.015364079 0.650863310 -0.009306469 0.999903960 -0.010298914 0.211092753 -0.015460159 0.010154273 0.999828522 42.941254300
0.999839236 0.008887693 0.015576544 0.661350558 -0.008723587 0.999906268 -0.010568405 0.212221797 -0.015669116 0.010430829 0.999822887 43.231069640
0.999828680 0.008351015 0.016532462 0.683449748 -0.008179465 0.999912769 -0.010412717 0.215578176 -0.016618113 0.010275742 0.999808861 43.790626837
0.999830705 0.008439154 0.016349015 0.703545807 -0.008276389 0.999915568 -0.009999296 0.219393750 -0.016432081 0.009862244 0.999816439 44.350267738
0.999830129 0.008509308 0.016337016 0.712160911 -0.008353125 0.999919253 -0.009601779 0.221569928 -0.016417511 0.009463629 0.999819725 44.620138974
0.999828250 0.008376043 0.016527490 0.731810798 -0.008239460 0.999932184 -0.008313322 0.226819198 -0.016596137 0.008175678 0.999828295 45.169781600
0.999841195 0.007741542 0.016057833 0.750878002 -0.007641946 0.999951886 -0.006255548 0.233434190 -0.016105590 0.006131848 0.999850963 45.729451072
0.999850928 0.007564067 0.015519457 0.759351287 -0.007477021 0.999955973 -0.005662662 0.236042358 -0.015561723 0.005545710 0.999862812 46.019344844
0.999873081 0.006588077 0.014529022 0.778443444 -0.006516349 0.999967155 -0.004972334 0.240307514 -0.014561333 0.004877020 0.999881573 46.579026460
0.999872159 0.007839909 0.013931911 0.792568336 -0.007759027 0.999952914 -0.005850417 0.241900920 -0.013977160 0.005741541 0.999885208 47.138937073
0.999898537 0.008124781 0.011673932 0.812063639 -0.008032693 0.999936661 -0.007911261 0.243113562 -0.011737547 0.007816728 0.999899977 48.008910789
0.999925606 0.007119965 0.009903343 0.826186407 -0.007034473 0.999937887 -0.008640844 0.244906955 -0.009964352 0.008570573 0.999913287 48.568820369
0.999936527 0.005989380 0.009590218 0.836114863 -0.005898834 0.999938106 -0.009445346 0.245151877 -0.009646304 0.009388097 0.999909280 48.868674182
0.999952523 0.005013184 0.008387062 0.851529853 -0.004927252 0.999935895 -0.010233761 0.247003876 -0.008437914 0.010191978 0.999912492 49.458556055
0.999965205 0.004277121 0.007186865 0.867918694 -0.004207614 0.999945112 -0.009648384 0.251236096 -0.007227865 0.009617762 0.999927867 50.048382590
0.999973132 0.003914890 0.006226147 0.873833242 -0.003855719 0.999947504 -0.009494636 0.253119357 -0.006263075 0.009470398 0.999935355 50.348400089
0.999983290 0.003089538 0.004963115 0.889818809 -0.003037802 0.999941452 -0.010397519 0.254745555 -0.004995014 0.010382310 0.999933782 50.928249226
0.999993169 0.001869432 0.003274120 0.901648118 -0.001836317 0.999947969 -0.010092781 0.258492078 -0.003292888 0.010086703 0.999943765 51.528284327
0.999997472 0.001092344 0.002255560 0.907555764 -0.001070711 0.999953953 -0.009554018 0.261025294 -0.002266008 0.009551507 0.999951579 51.828298467
0.999999478 0.000524151 0.000549360 0.918266748 -0.000518509 0.999946815 -0.010305816 0.263073568 -0.000554786 0.010305510 0.999946226 52.448410152
0.999999632 0.001332492 -0.000033753 0.929984607 -0.001332803 0.999933562 -0.011498454 0.264392279 0.000018323 0.011498521 0.999934011 53.068482568
0.999998637 0.001635726 -0.000473719 0.933475442 -0.001641080 0.999931347 -0.011607141 0.265758599 0.000454710 0.011607887 0.999932554 53.358597950
0.999997631 0.001934391 -0.001400197 0.940019009 -0.001950141 0.999933415 -0.011391555 0.269164989 0.001377960 0.011394221 0.999934216 53.928834365
0.999997663 0.002051069 -0.000866183 0.954432327 -0.002061321 0.999925985 -0.012037268 0.271256584 0.000841378 0.012039049 0.999926856 54.518758038
0.999996721 0.002639047 -0.000571814 0.959353485 -0.002645833 0.999922051 -0.012196763 0.272599495 0.000539419 0.012198217 0.999925083 54.818821368
0.999992215 0.004027566 -0.000383677 0.969058125 -0.004032045 0.999913649 -0.012555711 0.275327335 0.000332908 0.012557147 0.999921000 55.438972579
0.999987935 0.004817987 -0.000636012 0.977324053 -0.004825489 0.999912218 -0.012394769 0.278868529 0.000576181 0.012397689 0.999922956 56.049171759
0.999991846 0.004099701 -0.000705670 0.984243140 -0.004108294 0.999913290 -0.012530230 0.280242212 0.000654055 0.012533022 0.999920713 56.349148853
0.999996029 0.002800149 0.000106792 1.000492710 -0.002798662 0.999925997 -0.011857013 0.284666439 -0.000140033 0.011856740 0.999928973 56.958999165
0.999996809 0.002676388 -0.000191928 1.008746320 -0.002678282 0.999936279 -0.011003873 0.289367552 0.000162342 0.011004305 0.999939043 57.569192351
0.999995001 0.003257974 0.000077973 1.013515254 -0.003256959 0.999941333 -0.010400529 0.292122385 -0.000111886 0.010400179 0.999946044 57.889273153
0.999987600 0.004945583 0.000293595 1.023200781 -0.004942443 0.999940673 -0.009708856 0.296650100 -0.000341612 0.009707304 0.999952884 58.509415063
0.999987149 0.005185264 0.000197469 1.034327569 -0.005183179 0.999939958 -0.009658273 0.300124478 -0.000247651 0.009657146 0.999952736 59.139510243
0.999983448 0.005687610 0.000123002 1.039102024 -0.005686184 0.999940729 -0.009355425 0.302359348 -0.000176198 0.009354538 0.999956242 59.459593732
0.999981138 0.006116619 -0.000993749 1.049647722 -0.006124967 0.999944582 -0.008632201 0.307049458 0.000940820 0.008638079 0.999962243 60.099716534
0.999980768 0.006100328 -0.001061757 1.060217100 -0.006109836 0.999939331 -0.009197389 0.309509723 0.001005512 0.009203642 0.999957342 60.739850859
0.999978950 0.006386888 -0.001230574 1.063996042 -0.006397713 0.999938795 -0.009083970 0.311404229 0.001172465 0.009091607 0.999957970 61.059979145
0.999976031 0.006705039 -0.001733194 1.073404408 -0.006719259 0.999942430 -0.008355627 0.316185966 0.001677073 0.008367013 0.999963512 61.720169280
0.999965882 0.007965943 -0.002015935 1.078674982 -0.007982347 0.999933563 -0.008301927 0.319536013 0.001949565 0.008317653 0.999963378 62.330498563
0.999959044 0.008859564 -0.001741046 1.082452013 -0.008873331 0.999927970 -0.008093283 0.321610506 0.001669102 0.008108430 0.999965377 62.650625919
0.999956915 0.009115835 -0.001836970 1.090144603 -0.009129667 0.999929513 -0.007670452 0.325637482 0.001766827 0.007686895 0.999969133 63.270856493
0.999956780 0.008846074 -0.002752822 1.096275242 -0.008866701 0.999932113 -0.007559081 0.329159923 0.002685720 0.007583192 0.999966919 63.901166616
0.999959487 0.008446217 -0.003002508 1.100627947 -0.008469146 0.999934678 -0.007714950 0.330528650 0.002937106 0.007740134 0.999965539 64.211263715
0.999965398 0.008011312 -0.002456890 1.110335985 -0.008031276 0.999934665 -0.008224706 0.332936512 0.002390676 0.008244225 0.999962920 64.831416580
0.999965732 0.007846166 -0.002498945 1.119455819 -0.007865114 0.999940067 -0.007674289 0.337230060 0.002438473 0.007693583 0.999967641 65.461593603
0.999971064 0.007247872 -0.002529475 1.124373049 -0.007266831 0.999945312 -0.007597709 0.338942945 0.002474215 0.007615828 0.999967525 65.761655021
0.999973253 0.006741047 -0.002746470 1.134938179 -0.006762642 0.999945594 -0.007919450 0.341803183 0.002692893 0.007937841 0.999964668 66.401787279
0.999977670 0.005916237 -0.003177769 1.144922326 -0.005940064 0.999953977 -0.007559197 0.345869153 0.003132795 0.007577851 0.999966206 67.051947209
0.999979346 0.005323519 -0.003609154 1.148133558 -0.005350451 0.999958325 -0.007489377 0.347719479 0.003569020 0.007508468 0.999965378 67.382109627
0.999979610 0.005115744 -0.003918437 1.158123863 -0.005144927 0.999959051 -0.007475364 0.351205489 0.003879947 0.007495394 0.999964608 68.032272555
0.999983046 0.004583875 -0.003657798 1.171675851 -0.004610274 0.999963132 -0.007232567 0.355056819 0.003624353 0.007249328 0.999967030 68.672270576
0.999984524 0.004191849 -0.003619646 1.177446350 -0.004216202 0.999968501 -0.006756509 0.357582055 0.003591144 0.006771619 0.999970716 68.992309527
0.999983948 0.004015613 -0.004132803 1.187429223 -0.004041730 0.999972457 -0.006334525 0.361768017 0.004107174 0.006351085 0.999971429 69.642468837
0.999984458 0.003883531 -0.004106813 1.195565011 -0.003910650 0.999970460 -0.006607277 0.364641276 0.004080991 0.006623237 0.999969842 70.272696238
0.999985465 0.003711898 -0.003892030 1.199344060 -0.003737130 0.999972045 -0.006493982 0.366525783 0.003867671 0.006508406 0.999970963 70.592824576
0.999987755 0.004209450 -0.002807372 1.210463415 -0.004226251 0.999972878 -0.006022597 0.370700113 0.002781799 0.006034342 0.999977641 71.222916139
0.999988683 0.004394634 -0.002108543 1.219570825 -0.004404742 0.999979462 -0.004789869 0.376163579 0.002087308 0.004799072 0.999985647 71.853087117
0.999987460 0.004640413 -0.001859699 1.225779427 -0.004649163 0.999977846 -0.004746908 0.378015065 0.001837599 0.004755463 0.999986697 72.183120415
0.999986006 0.005129004 -0.001521348 1.234755637 -0.005134851 0.999979709 -0.003910652 0.382910591 0.001501174 0.003918407 0.999991441 72.833319096
0.999987470 0.004813821 -0.001394399 1.247589813 -0.004818042 0.999984078 -0.003082622 0.387929676 0.001379416 0.003089296 0.999994327 73.503369756
0.999990090 0.004401589 -0.001044091 1.254373346 -0.004405095 0.999985174 -0.003369814 0.389145389 0.001029152 0.003374379 0.999993865 73.823372435
0.999992591 0.003947346 0.000200370 1.268948349 -0.003946481 0.999982792 -0.004428313 0.390747262 -0.000217907 0.004427453 0.999990255 74.463339043
0.999994367 0.003383531 0.000190688 1.279786615 -0.003382847 0.999988088 -0.003708603 0.395545588 -0.000203338 0.003707929 0.999992629 75.133476920
0.999992446 0.003892612 0.000146638 1.285429843 -0.003892089 0.999985243 -0.003853582 0.397132909 -0.000161754 0.003852983 0.999992339 75.473545486
0.999993862 0.003422226 0.000555595 1.299863770 -0.003419460 0.999982991 -0.004772757 0.399096776 -0.000571957 0.004770874 0.999987901 76.133534993
0.999996528 0.002581606 0.000340811 1.311721122 -0.002579748 0.999984010 -0.005148063 0.402015619 -0.000354186 0.005147199 0.999986252 76.803639544
0.999997710 0.002252086 -0.000112031 1.315795923 -0.002252664 0.999984015 -0.005244578 0.403708362 0.000100153 0.005244771 0.999986283 77.153784508
0.999998718 0.001335646 -0.000351608 1.324655055 -0.001337529 0.999983897 -0.005556653 0.406706040 0.000344096 0.005557106 0.999984345 77.824017766
0.999999763 0.000605372 0.000611744 1.339490876 -0.000602322 0.999987796 -0.004909664 0.411405920 -0.000614784 0.004909301 0.999987253 78.493983999
0.999999970 0.000585162 0.000857636 1.346688302 -0.000581486 0.999990456 -0.004304995 0.414227726 -0.000860241 0.004304486 0.999990276 78.823969244
0.999999716 0.000196978 0.000748745 1.360524150 -0.000194290 0.999993801 -0.003620788 0.419007213 -0.000749602 0.003620639 0.999993120 79.493978103
1.000000216 -0.000044949 0.000819046 1.372936788 0.000047574 0.999994435 -0.003272922 0.423140156 -0.000818948 0.003272959 0.999994140 80.154042476
0.999999308 -0.000319693 0.000937035 1.379134560 0.000322177 0.999997194 -0.002629498 0.426011571 -0.000936263 0.002629791 0.999995448 80.484070503
0.999999932 -0.000545000 0.001007884 1.391681584 0.000547135 0.999997918 -0.002071167 0.430412475 -0.001006820 0.002071717 0.999997263 81.124108723
0.999998664 -0.001439231 0.001009883 1.404679772 0.001441907 0.999995352 -0.002637245 0.432909715 -0.001006194 0.002638689 0.999995356 81.774147646
0.999998190 -0.001707337 0.001188933 1.410887950 0.001710389 0.999995128 -0.002563674 0.434801199 -0.001184550 0.002565710 0.999996238 82.104180737
0.999996780 -0.001972967 0.001389075 1.423725099 0.001975605 0.999996887 -0.001900879 0.439540302 -0.001385369 0.001903618 0.999996901 82.774232843
0.999996146 -0.002121516 0.001879401 1.437014261 0.002126072 0.999994972 -0.002414960 0.442295747 -0.001874348 0.002418947 0.999994687 83.454286066
0.999995293 -0.002141670 0.002034072 1.443228704 0.002147139 0.999994166 -0.002686977 0.443597272 -0.002028275 0.002691335 0.999994559 83.784322206
0.999991901 -0.002859189 0.002730165 1.461642029 0.002866526 0.999992561 -0.002686326 0.447172574 -0.002722526 0.002694125 0.999992597 84.444131232
0.999991491 -0.003078069 0.002825531 1.476910219 0.003084209 0.999993569 -0.002169212 0.451738667 -0.002818822 0.002177903 0.999993588 85.124089021
0.999989776 -0.003311088 0.003273393 1.485118024 0.003318235 0.999992144 -0.002176473 0.453500933 -0.003266285 0.002187318 0.999992353 85.454036703
0.999989150 -0.003058092 0.003533526 1.498532016 0.003065061 0.999993732 -0.001964018 0.457424277 -0.003527481 0.001974821 0.999991964 86.114059122
0.999987145 -0.002942465 0.004187331 1.514947094 0.002950721 0.999993967 -0.001963802 0.460998805 -0.004181669 0.001976125 0.999988823 86.773954228
0.999988788 -0.002465275 0.004101038 1.522155882 0.002473457 0.999995149 -0.001988366 0.462750685 -0.004096177 0.001998483 0.999989676 87.103945002
0.999988166 -0.001898186 0.004482496 1.536564962 0.001905190 0.999996933 -0.001556939 0.467054390 -0.004479618 0.001565461 0.999988834 87.763922417
0.999988131 -0.001300534 0.004649586 1.551416923 0.001309001 0.999997611 -0.001817012 0.470234375 -0.004647324 0.001823080 0.999987103 88.433896504
0.999988883 -0.001226150 0.004673138 1.558623268 0.001234140 0.999997809 -0.001702752 0.472216239 -0.004671158 0.001708499 0.999987448 88.763886090
0.999989054 -0.000279447 0.004664425 1.571749587 0.000283602 0.999999688 -0.000899664 0.477383537 -0.004664216 0.000900977 0.999988311 89.463951618
0.999987158 -0.001372489 0.004932975 1.586438598 0.001371497 0.999999398 0.000205781 0.482985374 -0.004933302 -0.000199009 0.999987540 90.153937958
0.999980892 -0.003530706 0.005018505 1.597479656 0.003522721 0.999992328 0.001600729 0.487280644 -0.005024208 -0.001583023 0.999986018 90.503768205
0.999968274 -0.005553300 0.005646340 1.617141561 0.005531241 0.999976955 0.003916336 0.495024267 -0.005668059 -0.003884983 0.999975976 91.193528286
0.999966574 -0.005346270 0.006179524 1.634148676 0.005324839 0.999980413 0.003480719 0.498165272 -0.006198125 -0.003447700 0.999974477 91.913456902
0.999954215 -0.006778593 0.006718265 1.646639171 0.006753319 0.999970736 0.003777195 0.500637259 -0.006743735 -0.003731663 0.999969622 92.273244399
0.999953877 -0.006032962 0.007496054 1.667232710 0.006016547 0.999979740 0.002212241 0.501813745 -0.007509301 -0.002167038 0.999968944 92.983020149
0.999950326 -0.006782557 0.007295988 1.685566122 0.006789921 0.999976309 -0.000982138 0.499991442 -0.007289188 0.001031624 0.999972509 93.662881838
0.999949972 -0.006694575 0.007418154 1.694634417 0.006702120 0.999977293 -0.000991598 0.501886106 -0.007411394 0.001041261 0.999971304 94.012810567
0.999972520 -0.001836715 0.007179377 1.702900566 0.001836998 0.999998730 -0.000031991 0.507219437 -0.007179404 0.000045183 0.999974190 94.693065659
0.999960362 0.005160846 0.007209127 1.710386255 -0.005196007 0.999974413 0.004875338 0.519620114 -0.007183860 -0.004912603 0.999962319 95.403342901
0.999919373 0.010872317 0.006514818 1.709836433 -0.010923738 0.999909176 0.007915068 0.526956735 -0.006428195 -0.007985604 0.999947101 95.763664754
0.999959224 0.007607808 0.004951903 1.726610975 -0.007629186 0.999962373 0.004298753 0.524339916 -0.004919103 -0.004336357 0.999978715 96.453607491
0.999986056 -0.002777654 0.004563642 1.751535340 0.002813480 0.999965184 -0.007859954 0.506957219 -0.004541690 0.007872609 0.999958736 97.143282229
0.999977716 -0.004128470 0.005362377 1.762276972 0.004201411 0.999897852 -0.013659024 0.498867146 -0.005305551 0.013681191 0.999891890 97.483185615
0.999948833 0.005432871 0.008535803 1.770181728 -0.005224784 0.999693567 -0.024216311 0.484727647 -0.008664797 0.024170446 0.999670444 98.173575243
0.999827461 0.011770720 0.014345794 1.792708211 -0.011449596 0.999687127 -0.022260489 0.492054479 -0.014603385 0.022092374 0.999649398 98.883233133
0.999853982 0.008110219 0.015022770 1.811077811 -0.007877070 0.999848670 -0.015517424 0.505418031 -0.015146415 0.015396789 0.999766479 99.242706114
0.999916176 0.000854525 0.012892355 1.841174530 -0.000773591 0.999980460 -0.006278122 0.524898890 -0.012897495 0.006267599 0.999897361 99.921941254
0.999916220 -0.002731874 0.012654642 1.866338919 0.002739498 0.999996189 -0.000584113 0.538418229 -0.012653110 0.000618731 0.999919612 100.601422393
0.999895409 -0.001699420 0.014362546 1.877514681 0.001685371 0.999997955 0.000991802 0.542951463 -0.014364302 -0.000967495 0.999896233 100.931226641
0.999827891 0.004956603 0.017873176 1.897769993 -0.004991087 0.999986413 0.001888532 0.548319435 -0.017863671 -0.001977415 0.999838058 101.610965096
0.999743362 0.012252074 0.019083383 1.914556278 -0.012348979 0.999911208 0.004968271 0.557519776 -0.019020873 -0.005202649 0.999805638 102.280821994
0.999737718 0.012479252 0.019209479 1.927130933 -0.012638196 0.999887010 0.008176023 0.564989396 -0.019105384 -0.008416651 0.999782162 102.620558895
0.999778767 0.007339274 0.019730558 1.956512105 -0.007526368 0.999927450 0.009428362 0.570688806 -0.019660001 -0.009574779 0.999760679 103.279883524
0.999775258 0.007635181 0.019786058 1.977656259 -0.007811321 0.999930584 0.008843231 0.573519360 -0.019717203 -0.008995795 0.999764583 103.979616822
0.999768436 0.007724020 0.020082905 1.990720835 -0.007902530 0.999930605 0.008824022 0.575435570 -0.020013375 -0.008980685 0.999758911 104.329373287
0.999758542 0.004850604 0.021426434 2.021602413 -0.004984075 0.999969020 0.006180961 0.574512030 -0.021395853 -0.006286262 0.999750938 104.998679969
0.999772190 0.001871656 0.021280933 2.050472409 -0.001801845 0.999993704 -0.003296141 0.561920547 -0.021287122 0.003257026 0.999767476 105.688157795
0.999780709 0.004448553 0.020458341 2.058649465 -0.004259852 0.999948594 -0.009254467 0.553655529 -0.020498532 0.009165238 0.999747343 106.038182065
0.999782514 0.006800565 0.019724488 2.081688838 -0.006399075 0.999772658 -0.020346106 0.538529881 -0.019858385 0.020215417 0.999598118 106.707906447
0.999787129 0.006156226 0.019723400 2.109224563 -0.005609413 0.999601688 -0.027663340 0.529839517 -0.019885947 0.027546713 0.999422121 107.367391516
