1.000000000 -0.000000000 -0.000000000 0.000000000 0.000000000 1.000000000 0.000000000 0.000000000 0.000000000 -0.000000000 1.000000000 0.000000000
0.999998292 0.001437516 0.000598305 0.013556651 -0.001436087 0.999996344 -0.002380255 -0.004019444 -0.000601752 0.002379393 0.999996942 0.579987840
0.999999443 0.000739246 0.000707405 0.030575517 -0.000737955 0.999998273 -0.001820577 -0.002952014 -0.000708814 0.001820059 0.999997871 1.169826812
0.999999452 -0.000292248 0.000087675 0.036856658 0.000292433 0.999997879 -0.002121070 -0.003430986 -0.000087107 0.002121101 0.999997280 1.459843300
0.999997617 -0.001885911 -0.000703708 0.046495221 0.001881135 0.999975225 -0.006726404 -0.011288703 0.000716297 0.006725058 0.999977127 2.019990231
0.999998441 -0.001233247 -0.000415162 0.054595858 0.001228833 0.999944031 -0.010486127 -0.017652015 0.000428048 0.010485618 0.999944410 2.590217915
0.999998972 0.000010608 -0.001027141 0.054880841 -0.000022674 0.999930433 -0.011751415 -0.019761955 0.001026926 0.011751410 0.999930585 2.880509390
0.999995684 0.002415673 -0.001500168 0.059993939 -0.002433356 0.999925864 -0.011900607 -0.019900760 0.001471379 0.011904280 0.999928256 3.450873101
0.999998446 -0.001573593 -0.000883595 0.080640267 0.001565561 0.999958235 -0.009020691 -0.014875049 0.000897693 0.009019288 0.999958662 4.010513828
0.999995447 -0.002849466 -0.001033539 0.087469515 0.002842529 0.999973651 -0.006652410 -0.010746928 0.001052414 0.006649435 0.999977215 4.290494065
0.999986294 -0.004699327 -0.002202527 0.095508442 0.004694946 0.999986447 -0.001987972 -0.002575962 0.002211790 0.001977604 0.999995092 4.880743528
0.999982024 -0.005855778 -0.001317164 0.111449223 0.005856087 0.999982716 0.000233903 0.001387268 0.001315784 -0.000241611 0.999999259 5.490652478
0.999985289 -0.005189910 -0.001324804 0.115193068 0.005190753 0.999986636 0.000632690 0.002124206 0.001321534 -0.000639558 0.999998552 5.790795552
0.999970130 -0.007541023 -0.001714835 0.126670453 0.007539401 0.999971484 -0.000948650 -0.000487933 0.001721819 0.000935690 0.999997626 6.390899454
0.999959232 -0.008216718 -0.003581670 0.132146919 0.008197665 0.999952400 -0.005303784 -0.007911035 0.003625121 0.005274210 0.999979668 6.991279006
0.999963017 -0.007210741 -0.004692582 0.130889351 0.007175502 0.999946347 -0.007485177 -0.011616566 0.004746265 0.007451224 0.999960805 7.291651879
0.999958779 -0.007545684 -0.004927339 0.136449789 0.007487754 0.999903720 -0.011672478 -0.018703967 0.005014897 0.011635077 0.999919092 7.872006554
0.999951903 -0.008334027 -0.005092843 0.143471098 0.008260776 0.999864435 -0.014243340 -0.023001479 0.005210809 0.014200557 0.999884991 8.462304389
0.999940051 -0.009323299 -0.005653762 0.145213779 0.009236776 0.999843099 -0.015129704 -0.024441528 0.005793926 0.015076561 0.999869774 8.762539466
0.999909062 -0.011942218 -0.006218319 0.150782749 0.011841353 0.999801200 -0.016018764 -0.025828936 0.006408325 0.015943656 0.999851722 9.342892953
0.999907076 -0.012666195 -0.005009698 0.158811062 0.012587306 0.999801170 -0.015461669 -0.024747961 0.005204450 0.015397123 0.999867336 9.933143893
0.999919389 -0.011967814 -0.004110265 0.163099931 0.011910993 0.999836734 -0.013572607 -0.021463927 0.004272004 0.013522585 0.999898935 10.223251146
0.999895421 -0.014027752 -0.003467192 0.173590177 0.013990394 0.999846194 -0.010579459 -0.016184571 0.003615022 0.010529840 0.999938121 10.823399179
0.999729926 -0.022974279 -0.003515230 0.193064269 0.022936979 0.999683523 -0.010305286 -0.015398754 0.003750791 0.010221853 0.999940284 11.423136176
0.999649060 -0.026260998 -0.003303428 0.200799994 0.026221473 0.999589690 -0.011495907 -0.017287832 0.003603880 0.011405264 0.999928743 11.723096700
0.999608915 -0.027887530 -0.001990920 0.212272199 0.027854286 0.999496889 -0.015137085 -0.023359966 0.002411940 0.015075777 0.999883124 12.323201323
0.999552338 -0.029902921 -0.000807673 0.222743298 0.029881261 0.999359852 -0.019646877 -0.030870594 0.001394581 0.019613906 0.999806511 12.923352020
0.999531086 -0.030610488 -0.000053089 0.227482276 0.030602746 0.999316149 -0.020764412 -0.032685157 0.000688613 0.020752994 0.999784103 13.223449852
0.999412643 -0.034261595 0.000742703 0.244337752 0.034269464 0.999233233 -0.018908994 -0.029249135 -0.000094298 0.018923316 0.999820455 13.853337944
0.999211007 -0.039696063 0.001337922 0.267278641 0.039710927 0.999114331 -0.013902563 -0.020316447 -0.000784952 0.013944775 0.999902596 14.462925437
0.999214359 -0.039589424 0.001893976 0.275941261 0.039607379 0.999159487 -0.010593684 -0.014582743 -0.001473012 0.010660386 0.999941722 14.782863404
0.999185976 -0.040189682 0.003531304 0.292805345 0.040208238 0.999177307 -0.005343942 -0.005396727 -0.003313726 0.005481582 0.999979081 15.412750298
0.999317176 -0.036752046 0.003834696 0.302754071 0.036761349 0.999321540 -0.002364861 -0.000324469 -0.003745202 0.002504211 0.999989788 16.022933664
0.999317400 -0.036683622 0.004202076 0.312490391 0.036694172 0.999323457 -0.002446702 -0.000416560 -0.004109485 0.002599223 0.999987981 16.322802264
0.999054477 -0.043194628 0.004967826 0.338947809 0.043223547 0.999047929 -0.005866645 -0.005871270 -0.004709690 0.006075823 0.999970388 16.922220140
0.998833982 -0.047923756 0.005725579 0.358333245 0.047966948 0.998819392 -0.007653435 -0.008551151 -0.005352033 0.007919150 0.999953935 17.541982667
0.998870832 -0.047224354 0.005165877 0.362529550 0.047270824 0.998838678 -0.009281080 -0.011342812 -0.004721562 0.009514795 0.999943772 17.852115992
0.999276861 -0.037704866 0.004814514 0.355927831 0.037778215 0.999154855 -0.016198380 -0.023633551 -0.004199675 0.016368564 0.999856730 18.473070660
0.999395936 -0.034498742 0.004183384 0.357234402 0.034587206 0.999129534 -0.023333671 -0.035832032 -0.003374916 0.023464245 0.999718471 19.113683918
0.999365934 -0.035402045 0.003727387 0.362885711 0.035486368 0.999039376 -0.025700702 -0.039753800 -0.002813980 0.025816671 0.999662616 19.433761221
0.999169182 -0.040712330 0.001796472 0.377656651 0.040744694 0.998853198 -0.025151907 -0.038430467 -0.000770466 0.025204231 0.999681946 20.083766109
0.999071658 -0.042990222 0.002505363 0.396897739 0.043028543 0.998911127 -0.018004529 -0.026021772 -0.001728625 0.018095642 0.999834659 20.743575105
0.999118449 -0.041898887 0.002541811 0.402028425 0.041927010 0.999045298 -0.012260560 -0.016190657 -0.002025725 0.012356353 0.999921279 21.073684832
0.999180242 -0.040336676 0.003339324 0.412831708 0.040338947 0.999185539 -0.000607759 0.003938672 -0.003312080 0.000741966 0.999994223 21.723868900
0.999366843 -0.035520579 0.001883728 0.413092739 0.035507412 0.999347811 0.006617046 0.016375962 -0.002117595 -0.006545972 0.999975824 22.384547606
0.999443515 -0.033318954 0.001255790 0.414215394 0.033308522 0.999416306 0.007592315 0.018043108 -0.001508059 -0.007546269 0.999970426 22.714842133
0.999436299 -0.033565123 0.000430020 0.420445411 0.033562422 0.999423173 0.005171883 0.013961389 -0.000603416 -0.005154535 0.999986580 23.375249634
0.999016241 -0.044338534 -0.000311655 0.444189569 0.044338162 0.999015608 -0.001130381 0.003691192 0.000361419 0.001115456 0.999999423 24.024844967
0.998804843 -0.048859892 -0.000697731 0.455290349 0.048856002 0.998794129 -0.004769019 -0.002256703 0.000929961 0.004729242 0.999988592 24.354683335
0.998506182 -0.054635269 -0.000127471 0.476034467 0.054629627 0.998431342 -0.012279063 -0.014652382 0.000798087 0.012253723 0.999924470 25.004416435
0.998605470 -0.052790418 0.000301916 0.485716026 0.052788522 0.998480327 -0.015843620 -0.020777217 0.000534924 0.015837435 0.999874260 25.674676554
0.998784057 -0.049278400 0.001012996 0.487836313 0.049288086 0.998667960 -0.015278582 -0.019991575 -0.000258794 0.015309895 0.999882641 26.004925490
0.998666420 -0.051618184 0.000453688 0.503081076 0.051620114 0.998631028 -0.008410081 -0.007926860 -0.000018984 0.008422294 0.999964370 26.664917656
0.998314080 -0.058037423 -0.000043087 0.522322808 0.058037377 0.998313158 -0.001330753 0.004911835 0.000120194 0.001326009 0.999999157 27.324726562
0.998155284 -0.060703343 -0.000478604 0.530897266 0.060703392 0.998155867 0.000001313 0.007509840 0.000477565 -0.000030359 0.999999908 27.664689990
0.998112038 -0.061421808 -0.000060913 0.542667044 0.061421783 0.998111155 -0.000996716 0.005957692 0.000121872 0.000991095 0.999998926 28.314832800
0.997987948 -0.063386917 0.000719236 0.556886643 0.063389453 0.997979797 -0.004313039 0.000513935 -0.000444416 0.004349965 0.999990670 28.974874389
0.997887577 -0.064936862 0.001414963 0.564995542 0.064944184 0.997871467 -0.005949384 -0.002109449 -0.001025648 0.006028718 0.999981042 29.304849388
0.997924884 -0.064383651 0.000173861 0.572604512 0.064383487 0.997906662 -0.006143396 -0.002366984 0.000222030 0.006141848 0.999980879 29.995224641
0.998532036 -0.054153807 0.001125691 0.568220897 0.054160976 0.998500719 -0.007873326 -0.006066454 -0.000697698 0.007922736 0.999968538 30.686149905
0.998776957 -0.049391231 0.001923146 0.568791462 0.049409463 0.998718241 -0.010968529 -0.011666398 -0.001378960 0.011050108 0.999937435 31.026481237
0.998883920 -0.047171189 0.002052261 0.577921725 0.047201142 0.998714479 -0.018467553 -0.024528323 -0.001178538 0.018543821 0.999827457 31.706778050
0.998837971 -0.048194038 0.000390133 0.588679243 0.048188925 0.998532292 -0.024705598 -0.034968955 0.000801002 0.024695714 0.999694271 32.356968488
0.998739546 -0.050172483 0.000916955 0.601243126 0.050179486 0.998406487 -0.025801194 -0.036636963 0.000378987 0.025814667 0.999666280 32.696749706
0.998934053 -0.046087421 0.002584386 0.612939427 0.046134392 0.998676742 -0.022697572 -0.031514822 -0.001534957 0.022792670 0.999738596 33.366915933
0.999210108 -0.039489993 0.004443214 0.618808575 0.039570129 0.999023251 -0.019678540 -0.026642247 -0.003661806 0.019838732 0.999796148 33.997307245
0.999355840 -0.035498636 0.005296445 0.621930777 0.035588500 0.999204924 -0.017973010 -0.023878112 -0.004654261 0.018149934 0.999823883 34.327509994
0.999461267 -0.032230930 0.006080769 0.631712145 0.032319944 0.999362447 -0.015152972 -0.019087259 -0.005588509 0.015341391 0.999866632 34.977743032
0.999333882 -0.035733935 0.007311808 0.654936639 0.035826277 0.999274236 -0.012907808 -0.014964573 -0.006845285 0.013161167 0.999889993 35.637370657
0.999293519 -0.036799351 0.007563461 0.665506887 0.036890484 0.999243705 -0.012282383 -0.013779576 -0.007105759 0.012552703 0.999895392 35.977242830
0.999222974 -0.038616207 0.007898714 0.687188111 0.038703518 0.999188206 -0.011205581 -0.011732481 -0.007459654 0.011502626 0.999905906 36.646951952
0.999015844 -0.043470479 0.008763047 0.715861149 0.043562258 0.998994356 -0.010570075 -0.010255921 -0.008294726 0.010941426 0.999905252 37.316340771
0.999050675 -0.042634082 0.008943096 0.724432119 0.042726565 0.999032072 -0.010419844 -0.009987912 -0.008490209 0.010792069 0.999905991 37.656304684
0.999025145 -0.043510623 0.007462805 0.740120554 0.043576901 0.999010070 -0.008964081 -0.007321788 -0.007065466 0.009280551 0.999931574 38.326288324
0.998918659 -0.045912506 0.007326135 0.761718391 0.045970085 0.998911445 -0.007894613 -0.005220396 -0.006955711 0.008222852 0.999941691 39.016022242
0.998844615 -0.047551577 0.006898998 0.771827692 0.047609796 0.998829032 -0.008545945 -0.006176792 -0.006484556 0.008864543 0.999939331 39.345905345
0.998996971 -0.044353677 0.006161016 0.783509157 0.044421138 0.998948802 -0.011275378 -0.010964638 -0.005654515 0.011537776 0.999917470 40.016073636
0.999267378 -0.037917901 0.005203328 0.787196385 0.037991940 0.999165917 -0.014949057 -0.017500443 -0.004632124 0.015135822 0.999874776 40.686608488
0.999266105 -0.037927453 0.005378229 0.794762657 0.038014222 0.999131375 -0.017069728 -0.021070924 -0.004726167 0.017261692 0.999840030 41.026618976
0.999308322 -0.037054868 0.003178635 0.803906827 0.037109229 0.999126495 -0.019203543 -0.024642861 -0.002464303 0.019308195 0.999809982 41.706913854
0.999384137 -0.034926530 0.003364209 0.817970371 0.034981959 0.999223089 -0.018145616 -0.022818032 -0.002727852 0.018252151 0.999829360 42.407003541
0.999442708 -0.033227171 0.003033471 0.821550572 0.033272620 0.999311182 -0.016422313 -0.019882502 -0.002485741 0.016514130 0.999860291 42.747195771
0.999553382 -0.029681999 0.003348985 0.828624308 0.029726859 0.999456418 -0.014226176 -0.016147140 -0.002924972 0.014319331 0.999892576 43.447605482
0.999568642 -0.029223865 0.002716332 0.840149420 0.029256658 0.999487465 -0.012961024 -0.013866401 -0.002336188 0.013034910 0.999912379 44.157821914
0.999579651 -0.028848966 0.002665343 0.846639746 0.028880148 0.999503817 -0.012547646 -0.013111085 -0.002302004 0.012619411 0.999917661 44.517902081
0.999570634 -0.029232877 0.001576814 0.856622635 0.029249887 0.999498294 -0.012110914 -0.012205937 -0.001222011 0.012151896 0.999925435 45.238199865
0.999561028 -0.029597297 0.001277569 0.868518886 0.029610665 0.999487833 -0.012086066 -0.012019501 -0.000919204 0.012118643 0.999926130 45.978431056
0.999553247 -0.029870909 0.000243167 0.872010670 0.029871595 0.999477291 -0.012350418 -0.012389669 0.000125811 0.012352214 0.999923514 46.338648781
0.999528056 -0.030700737 -0.000587296 0.881992197 0.030691009 0.999451548 -0.012447775 -0.012394520 0.000969133 0.012423878 0.999922540 47.058946755
0.999539015 -0.030326781 -0.001340548 0.888435337 0.030307350 0.999460025 -0.012648449 -0.012611955 0.001723376 0.012601945 0.999919044 47.789417387
0.999526221 -0.030740029 -0.001060516 0.894383140 0.030724013 0.999446671 -0.012767368 -0.012733737 0.001452319 0.012728796 0.999917241 48.159533028
0.999496463 -0.031705866 -0.000643552 0.909815097 0.031694080 0.999404309 -0.013678896 -0.014124715 0.001076852 0.013651580 0.999906270 48.889591933
0.999511033 -0.031208520 -0.001765192 0.916797573 0.031179496 0.999406750 -0.014607721 -0.015595049 0.002220055 0.014545551 0.999891727 49.610027536
0.999518052 -0.031001828 -0.001207085 0.923742814 0.030979773 0.999402589 -0.015302159 -0.016728335 0.001680697 0.015257336 0.999882267 49.980097613
0.999527116 -0.030720027 -0.000648857 0.937180598 0.030707138 0.999420052 -0.014731092 -0.015626306 0.001101012 0.014704155 0.999890643 50.710247548
0.999569619 -0.029318267 -0.000045565 0.949163783 0.029315034 0.999481662 -0.013312990 -0.013124170 0.000435864 0.013305916 0.999910851 51.430453450
0.999575529 -0.029131526 0.000591031 0.955654200 0.029136690 0.999492295 -0.012873141 -0.012308855 -0.000215765 0.012884925 0.999916656 51.790533605
0.999563563 -0.029510931 0.000898908 0.970635793 0.029518933 0.999504454 -0.010898595 -0.008771235 -0.000576849 0.010920372 0.999940312 52.510601967
0.999550917 -0.029944167 0.000337529 0.982621418 0.029945955 0.999514617 -0.008583188 -0.004639102 -0.000080409 0.008589449 0.999962709 53.230807530
0.999556103 -0.029767052 0.000970043 0.991109645 0.029774013 0.999523271 -0.008175684 -0.003886796 -0.000726199 0.008200943 0.999965702 53.590796149
0.999678361 -0.025268818 0.001805732 1.001089316 0.025283847 0.999640687 -0.008879887 -0.005131646 -0.001580664 0.008922699 0.999958540 54.311094381
0.999788264 -0.020463157 0.002009388 1.009602366 0.020488346 0.999699446 -0.013457467 -0.013006378 -0.001733485 0.013495846 0.999906803 55.021450252
0.999787529 -0.020416879 0.002626010 1.020080470 0.020456730 0.999659948 -0.016187002 -0.017617076 -0.002294635 0.016237307 0.999864914 55.381348440
0.999731540 -0.023000787 0.002572690 1.040042594 0.023047254 0.999538568 -0.019794139 -0.023586969 -0.002116147 0.019848185 0.999800791 56.101189911
0.999723408 -0.023225291 0.003735477 1.060925759 0.023299432 0.999503203 -0.021201988 -0.025844075 -0.003241289 0.021283170 0.999767727 56.841009641
0.999714157 -0.023316072 0.005216595 1.074864866 0.023422739 0.999495394 -0.021429907 -0.026177896 -0.004714327 0.021545902 0.999756951 57.210759129
0.999717321 -0.023253088 0.004845764 1.091664367 0.023365326 0.999424949 -0.024557670 -0.031364681 -0.004272000 0.024663897 0.999686288 57.970787374
0.999702851 -0.023983385 0.004207525 1.107922768 0.024090801 0.999326688 -0.027666734 -0.036478564 -0.003541173 0.027759884 0.999607855 58.740850895
0.999689861 -0.024488621 0.004430220 1.117785905 0.024598072 0.999343225 -0.026607661 -0.034602071 -0.003775795 0.026708407 0.999635542 59.130807827
0.999639809 -0.026687284 0.002644199 1.133984616 0.026735799 0.999434215 -0.020397149 -0.023831677 -0.002098345 0.020460489 0.999788590 59.920892844
0.999559601 -0.029622384 0.001594779 1.155145519 0.029635783 0.999518263 -0.009163172 -0.004271571 -0.001322565 0.009206395 0.999956233 61.081137420
0.999582825 -0.028852549 0.001294047 1.166422956 0.028860695 0.999559626 -0.006842315 -0.000167941 -0.001096083 0.006876809 0.999975696 61.851427892
0.999603384 -0.028136274 -0.000161900 1.174776538 0.028133876 0.999566907 -0.008582490 -0.003054085 0.000403249 0.008574540 0.999962570 62.601832338
0.999600007 -0.028276805 0.000021620 1.182179838 0.028275847 0.999558240 -0.009163706 -0.003975974 0.000237510 0.009160659 0.999958246 62.981891887
0.999575016 -0.029138581 -0.000961404 1.193532128 0.029127198 0.999523744 -0.010223708 -0.005626634 0.001258906 0.010191371 0.999947380 63.732158752
0.999565569 -0.029438564 -0.000710972 1.208340900 0.029429463 0.999511261 -0.010539084 -0.006020415 0.001020947 0.010513612 0.999943957 64.492277547
0.999553482 -0.029852539 -0.000569114 1.217203170 0.029845151 0.999501819 -0.010239695 -0.005422415 0.000874588 0.010218123 0.999947426 64.882280521
0.999543840 -0.030188955 -0.000192066 1.238010285 0.030186178 0.999506016 -0.008756115 -0.002725229 0.000456344 0.008746329 0.999960973 65.642124025
0.999498878 -0.031654335 -0.000481290 1.255364271 0.031650396 0.999475786 -0.006731117 0.000955074 0.000694047 0.006712509 0.999976947 66.392115131
0.999481440 -0.032190975 -0.000810385 1.262313869 0.032185886 0.999465382 -0.005748412 0.002731784 0.000994985 0.005719344 0.999982880 66.762184602
0.999459707 -0.032866163 0.000162388 1.281662911 0.032866511 0.999448205 -0.004813156 0.004509080 -0.000004162 0.004815896 0.999988227 67.512084556
0.999472411 -0.032445051 -0.001589504 1.292639586 0.032434366 0.999453883 -0.006351147 0.001962727 0.001794702 0.006296241 0.999978623 68.232337285
0.999460805 -0.032801819 -0.001562042 1.301582788 0.032789983 0.999437559 -0.007035740 0.000866431 0.001791881 0.006980721 0.999973456 68.602315805
0.999406805 -0.034331475 -0.002548979 1.314020065 0.034312574 0.999385858 -0.007114473 0.000929966 0.002791688 0.007022792 0.999971642 69.332511731
0.999315856 -0.036854306 -0.002928744 1.328909948 0.036828605 0.999285899 -0.008404928 -0.001038110 0.003236466 0.008291326 0.999960194 70.072606048
0.999287076 -0.037641860 -0.002954034 1.335856133 0.037614759 0.999254151 -0.008760841 -0.001541396 0.003281621 0.008643480 0.999957398 70.442675993
0.999221842 -0.039330218 -0.002987101 1.345378658 0.039300673 0.999182807 -0.009384704 -0.002387643 0.003353647 0.009260010 0.999950992 71.152984626
0.999122062 -0.041849350 -0.001960763 1.359898449 0.041830013 0.999083518 -0.009060729 -0.001561416 0.002338197 0.008970752 0.999956973 71.863064038
0.999085847 -0.042681784 -0.002185402 1.364389962 0.042660417 0.999048758 -0.009041483 -0.001413090 0.002569181 0.008939989 0.999956252 72.223235880
0.999021363 -0.044164883 -0.002355590 1.374373166 0.044143348 0.998988869 -0.008526846 -0.000297942 0.002729794 0.008414515 0.999960976 72.943533620
0.998935206 -0.045942728 -0.004029968 1.380361676 0.045911221 0.998916318 -0.007590208 0.001563224 0.004374214 0.007397119 0.999962490 73.664014303
0.998880986 -0.046928469 -0.005767984 1.378859980 0.046885465 0.998872734 -0.007388728 0.002050580 0.006108177 0.007110026 0.999956012 74.024460722
0.998839261 -0.047290423 -0.009118434 1.371860174 0.047225923 0.998858194 -0.007156767 0.002621313 0.009446438 0.006717835 0.999932320 74.745536743
0.998998010 -0.043716088 -0.009524163 1.368767169 0.043631378 0.999007216 -0.008930675 -0.000509671 0.009905054 0.008506185 0.999914121 75.486455243
0.998971048 -0.044236286 -0.010015464 1.370717420 0.044138929 0.998978157 -0.009740203 -0.001795432 0.010435974 0.009288110 0.999901710 75.856754225
0.998853998 -0.046563767 -0.011009650 1.374083286 0.046467410 0.998880443 -0.008855324 0.000025944 0.011409627 0.008333593 0.999900093 76.607386562
0.998795738 -0.047920376 -0.010498486 1.382356177 0.047820201 0.998809629 -0.009594780 -0.001005905 0.010945718 0.009081185 0.999898797 77.377815428
0.998851507 -0.046834424 -0.010088080 1.384311322 0.046750018 0.998870771 -0.008444410 0.000978331 0.010472119 0.007963105 0.999912865 77.748113728
0.998763538 -0.049031606 -0.008105555 1.401121767 0.048972132 0.998772854 -0.007378882 0.003101537 0.008457424 0.006972816 0.999939995 78.508140450
0.998601412 -0.052507666 -0.006084718 1.423380965 0.052459468 0.998592165 -0.007821985 0.002718618 0.006486793 0.007491850 0.999950565 79.277928337
0.998526863 -0.053886639 -0.006356216 1.429328604 0.053834842 0.998517273 -0.008055310 0.002486836 0.006780821 0.007701262 0.999947022 79.648044001
0.998473328 -0.055080860 -0.004107353 1.448673215 0.055042767 0.998444255 -0.008874646 0.001304135 0.004589707 0.008635026 0.999952201 80.397944572
0.998455005 -0.055507008 -0.002249109 1.465021185 0.055483117 0.998413061 -0.009579549 0.000265949 0.002777185 0.009439970 0.999951238 81.147982436
0.998410751 -0.056351718 -0.000816684 1.474509845 0.056342577 0.998374148 -0.008646300 0.002006749 0.001302545 0.008586547 0.999962551 81.507925074
0.998278484 -0.058601573 -0.002411954 1.486869109 0.058584389 0.998260086 -0.006676527 0.005714577 0.002798955 0.006523738 0.999974311 82.258145048
0.998072037 -0.062037467 -0.001689910 1.508221726 0.062030917 0.998067617 -0.003697342 0.011278857 0.001915998 0.003585386 0.999991863 83.007952664
0.998008287 -0.063046510 -0.002198857 1.516168403 0.063038618 0.998005076 -0.003484290 0.011804065 0.002414098 0.003338740 0.999991129 83.377976621
0.997745589 -0.067079667 -0.001702627 1.539967788 0.067072522 0.997740224 -0.003990013 0.011436739 0.001966390 0.003866824 0.999990484 84.137683440
0.997628797 -0.068797013 -0.001909251 1.558770100 0.068786161 0.997617056 -0.005263316 0.009526940 0.002266812 0.005119507 0.999984113 84.897619453
0.997795870 -0.066330746 -0.001928102 1.562714539 0.066314938 0.997771799 -0.007350923 0.005758173 0.002411361 0.007206861 0.999971254 85.267827402
0.998064931 -0.062089244 -0.003368667 1.565524514 0.062045383 0.998002370 -0.011856311 -0.002227537 0.004098008 0.011624325 0.999923775 86.028497074
0.998104419 -0.061420461 -0.003734391 1.580325650 0.061357539 0.998001040 -0.015103976 -0.007721311 0.004654680 0.014846299 0.999878922 86.788616932
0.998179856 -0.060150872 -0.004332495 1.586188390 0.060075754 0.998069272 -0.015770084 -0.008908794 0.005272654 0.015481040 0.999866380 87.178757601
0.998464275 -0.055101671 -0.005630821 1.587020195 0.055027440 0.998405041 -0.012583429 -0.003711512 0.006315132 0.012254297 0.999904405 87.939516075
0.998823439 -0.048171087 -0.005476186 1.588310628 0.048120510 0.998800934 -0.009018109 0.002077166 0.005904025 0.008743989 0.999943870 88.710263942
0.998977755 -0.044866986 -0.005457840 1.589723534 0.044821558 0.998961818 -0.008181944 0.003374304 0.005819233 0.007928958 0.999951922 89.090597675
0.999142598 -0.040905151 -0.006339775 1.592919963 0.040853683 0.999132857 -0.008046784 0.003524276 0.006663426 0.007780878 0.999947268 89.881279974
0.999111722 -0.041639112 -0.006426236 1.598569611 0.041580357 0.999094156 -0.009018808 0.002052637 0.006795877 0.008743589 0.999938352 90.681860579
0.999094288 -0.042131529 -0.005989349 1.603893585 0.042077892 0.999074855 -0.008818530 0.002498054 0.006355344 0.008558518 0.999943331 91.082036198
0.999028755 -0.043627014 -0.006122940 1.615090105 0.043592993 0.999033418 -0.005592053 0.008305979 0.006360938 0.005319705 0.999965019 91.872351122
0.998715999 -0.050444876 -0.004577966 1.637826209 0.050451082 0.998725210 0.001241786 0.020724440 0.004509456 -0.001471155 0.999988369 92.652125858
0.998675278 -0.051343500 -0.003352494 1.646696594 0.051358753 0.998669862 0.004627884 0.026742433 0.003110327 -0.004793935 0.999983796 93.042127703
0.998662761 -0.051585806 -0.003239779 1.660972363 0.051608818 0.998639638 0.007455015 0.031831547 0.002850793 -0.007612253 0.999967224 93.812280646
0.998522991 -0.054155008 -0.004290142 1.670780724 0.054175773 0.998519008 0.004873077 0.027665296 0.004019858 -0.005098308 0.999978676 94.572629100
0.998675281 -0.051225313 -0.004744805 1.669647832 0.051240558 0.998680982 0.003133937 0.024498351 0.004577981 -0.003372908 0.999983736 94.963090604
0.998876887 -0.046985077 -0.006097918 1.666835274 0.046970093 0.998892815 -0.002584875 0.014447366 0.006212562 0.002295552 0.999977466 95.754049676
0.999041204 -0.043366973 -0.005925635 1.669547670 0.043289396 0.998982499 -0.012643488 -0.002964035 0.006467822 0.012374882 0.999901906 96.534746118
0.999309896 -0.036644831 -0.005983513 1.662951654 0.036528726 0.999161658 -0.018470226 -0.013224842 0.006655363 0.018238900 0.999811274 96.915448456
0.999612043 -0.027055486 -0.006503725 1.654138162 0.026870084 0.999272105 -0.027073498 -0.028096790 0.007231385 0.026888302 0.999612078 97.706683180
0.999402183 -0.033834415 -0.007071252 1.667257894 0.033683615 0.999222861 -0.020459309 -0.016427585 0.007757992 0.020208911 0.999765294 98.516930140
0.999347906 -0.035138280 -0.008249457 1.669061446 0.035025997 0.999296329 -0.013384415 -0.004194767 0.008713991 0.013086820 0.999876354 98.927275918
0.999553870 -0.028713180 -0.008197023 1.664300299 0.028713674 0.999587946 -0.000051005 0.018697216 0.008195101 -0.000184384 0.999966186 99.718319674
0.999678492 -0.024446502 -0.006690296 1.665672950 0.024465755 0.999696979 0.002803987 0.023651598 0.006619638 -0.002966770 0.999973826 100.469042908
0.999813728 -0.017958433 -0.006982864 1.656090232 0.017964818 0.999837680 0.000852344 0.020175297 0.006966519 -0.000977634 0.999975492 100.849881156
0.999962885 0.000727636 -0.008594457 1.629004125 -0.000796497 0.999967582 -0.008011972 0.004860448 0.008588311 0.008018521 0.999930453 101.591900784
0.999965221 0.000857092 -0.008312520 1.632427315 -0.001000109 0.999851306 -0.017215937 -0.010782452 0.008296426 0.017223608 0.999816713 102.322511954
0.999971100 -0.002916725 -0.006951768 1.644358985 0.002768917 0.999771775 -0.021178292 -0.017483256 0.007011885 0.021158387 0.999750910 102.692354318
0.999990621 -0.002489453 -0.003467738 1.656774884 0.002385604 0.999557900 -0.029636657 -0.031699702 0.003540006 0.029628135 0.999554405 103.422553220
0.999974542 0.006877096 0.001933405 1.662041537 -0.006807180 0.999394807 -0.034100076 -0.038997028 -0.002166855 0.034086081 0.999416649 104.193120715
0.999963817 0.005912216 0.006096823 1.679889286 -0.005690305 0.999342600 -0.035795326 -0.041802568 -0.006304456 0.035759309 0.999340228 104.582712427
0.999955981 -0.004287553 0.008313760 1.717056629 0.004561029 0.999439335 -0.033158827 -0.037293771 -0.008166981 0.033195298 0.999415459 105.371837484
0.999827291 -0.015816486 0.009697298 1.755702073 0.016028598 0.999625335 -0.022200927 -0.018485101 -0.009342623 0.022352540 0.999705903 106.170903303
0.999384264 -0.030707489 0.016974235 1.821139530 0.030691880 0.999527832 0.001182913 0.022338749 -0.017002619 -0.000661217 0.999854695 107.379168498
0.999340271 -0.029726138 0.020831333 1.849921376 0.029811972 0.999548426 -0.003823402 0.013753909 -0.020708266 0.004441907 0.999775755 108.138648157
0.999394869 -0.027554552 0.021195285 1.859308250 0.027769246 0.999565434 -0.009901623 0.003259022 -0.020913295 0.010484214 0.999725892 108.518618151
0.999374802 -0.027646682 0.022019092 1.885537800 0.028091165 0.999402710 -0.020139702 -0.014129896 -0.021449183 0.020745708 0.999554432 109.288226484
0.999350715 -0.027998992 0.022653583 1.911709982 0.028457971 0.999391255 -0.020196655 -0.014084538 -0.022074287 0.020828223 0.999539381 110.077855991
0.999356819 -0.027341079 0.023168695 1.922497081 0.027711125 0.999491355 -0.015804608 -0.006545259 -0.022724844 0.016436491 0.999606259 110.487790776
0.999332484 -0.027916160 0.023553063 1.951604180 0.028099435 0.999576487 -0.007484467 0.007879862 -0.023334223 0.008141299 0.999694595 111.297304770
0.999376829 -0.026147806 0.023682285 1.979161032 0.026227713 0.999650912 -0.003067322 0.015569399 -0.023593863 0.003686545 0.999715085 112.116901232
0.999403835 -0.025620453 0.023129481 1.992479094 0.025670780 0.999668870 -0.001883030 0.017662774 -0.023073576 0.002475654 0.999730240 112.516710312
0.999406809 -0.025738796 0.022872352 2.022570113 0.025732416 0.999668534 0.000575739 0.022046403 -0.022879618 0.000013161 0.999737674 113.326180623
0.999299081 -0.028472597 0.024290560 2.061652942 0.028397068 0.999591050 0.003447321 0.027256487 -0.024378830 -0.002755121 0.999698314 114.135238792
0.999253471 -0.030162010 0.024113262 2.078967554 0.030053065 0.999536290 0.004867588 0.029843841 -0.024248937 -0.004139272 0.999697231 114.534864671
0.999173617 -0.033531829 0.022966723 2.112050379 0.033418521 0.999427255 0.005296109 0.030852960 -0.023131180 -0.004524219 0.999721679 115.344198362
0.999074449 -0.035654551 0.024052521 2.151108807 0.035694092 0.999361807 -0.001216055 0.019763065 -0.023993863 0.002073463 0.999709874 116.153259927
0.999022096 -0.036829138 0.024438312 2.170404942 0.036988929 0.999296596 -0.006118073 0.011407423 -0.024195859 0.007016046 0.999682870 116.552796537
0.998899079 -0.041077031 0.022629238 2.203545390 0.041439484 0.999015974 -0.015786398 -0.004847734 -0.021958505 0.016706797 0.999618963 117.342109019
0.998962079 -0.040133470 0.021527775 2.231699634 0.040606467 0.998932843 -0.022005174 -0.015385372 -0.020621771 0.022856462 0.999526153 118.131649182
0.999015510 -0.039399231 0.020366462 2.243013687 0.039868735 0.998935976 -0.023182838 -0.017368983 -0.019431467 0.023972021 0.999523473 118.531550660
0.999084030 -0.037994703 0.019691842 2.268185107 0.038461470 0.998974011 -0.023896229 -0.018532118 -0.018763707 0.024631716 0.999520450 119.321226193
0.999146626 -0.037046111 0.018234424 2.290369662 0.037421649 0.999084910 -0.020701624 -0.013020748 -0.017450851 0.021366357 0.999618819 120.111037659
0.999142928 -0.037574017 0.017334764 2.302238349 0.037863012 0.999143853 -0.016657754 -0.006037271 -0.016694050 0.017299852 0.999710532 120.500901979
0.999062777 -0.039988602 0.016575795 2.329969296 0.040150042 0.999147985 -0.009524438 0.006433665 -0.016180863 0.010181027 0.999817390 121.280447831
0.999052398 -0.040368489 0.016276829 2.358150232 0.040460785 0.999166689 -0.005378559 0.013726003 -0.016046190 0.006032035 0.999852533 122.069984279
0.999058605 -0.040202166 0.016307022 2.372467124 0.040276360 0.999179203 -0.004241702 0.015737872 -0.016123129 0.004894488 0.999857998 122.469747602
0.999072910 -0.040208255 0.015382110 2.396644310 0.040261422 0.999183979 -0.003161982 0.017726238 -0.015242459 0.003778356 0.999876203 123.259468253
0.999170915 -0.038180893 0.014100649 2.418825480 0.038202824 0.999268539 -0.001294397 0.020977611 -0.014040898 0.001832017 0.999899625 124.049280190
0.999244460 -0.036599714 0.013082040 2.426693397 0.036591907 0.999329716 0.000833504 0.024647112 -0.013103858 -0.000354174 0.999913970 124.439328298
0.999138463 -0.039454177 0.012861760 2.457326909 0.039409691 0.999216400 0.003693305 0.029887840 -0.012997388 -0.003183241 0.999910650 125.238763140
0.999033602 -0.041546572 0.014327853 2.493414309 0.041448214 0.999114842 0.007096905 0.036052437 -0.014610062 -0.006496181 0.999872025 126.047958433
0.999243644 -0.036454003 0.013549972 2.497743989 0.036330447 0.999296748 0.009251020 0.039609355 -0.013877695 -0.008751740 0.999865324 126.448179179
0.999512653 -0.027651032 0.014493452 2.514995187 0.027594285 0.999610623 0.004101407 0.030383972 -0.014601347 -0.003699471 0.999885877 127.218197782
0.998484444 -0.052745762 0.015655484 2.583186371 0.052823885 0.998593093 -0.004615065 0.016751840 -0.015390031 0.005435053 0.999866883 127.985882802
0.998225749 -0.057668759 0.014778146 2.601559083 0.057859264 0.998242172 -0.012805902 0.003093412 -0.014013750 0.013638267 0.999808125 128.365441485
0.998875316 -0.045849614 0.012078418 2.602801835 0.046169351 0.998549514 -0.027678631 -0.022967870 -0.010791875 0.028205075 0.999543503 129.136195988
0.999045205 -0.040691398 0.015886444 2.632961450 0.041166996 0.998675475 -0.030857865 -0.028518525 -0.014609754 0.031482377 0.999397483 129.925643563
0.998835001 -0.045143277 0.017047789 2.659264534 0.045645798 0.998497057 -0.030343304 -0.027334714 -0.015652350 0.031086069 0.999394248 130.324857763
0.998692987 -0.048701275 0.015473701 2.695905835 0.049034078 0.998556623 -0.021906787 -0.012693029 -0.014384494 0.022636872 0.999640381 131.124015999
0.998709774 -0.048083445 0.016302990 2.727633197 0.048319601 0.998728144 -0.014409796 0.000181886 -0.015589425 0.015179051 0.999763503 131.903378670
0.998929528 -0.041688371 0.020049222 2.777201047 0.041919238 0.999057921 -0.011232407 0.005401267 -0.019562054 0.012060906 0.999735548 133.072334063
0.998996857 -0.040480666 0.019135208 2.806537063 0.040700023 0.999108096 -0.011213835 0.005473514 -0.018664325 0.011981433 0.999753403 133.821776627
0.998977762 -0.040887289 0.019240502 2.823930181 0.041116735 0.999085806 -0.011683694 0.004746575 -0.018745194 0.012462854 0.999746642 134.201378390
0.998951715 -0.040913886 0.020530628 2.860257712 0.041168910 0.999077954 -0.012153432 0.004048288 -0.020014439 0.012985921 0.999715620 134.950500693
0.998857433 -0.043197818 0.020419858 2.896500688 0.043470891 0.998968584 -0.013123170 0.002624300 -0.019831953 0.013995840 0.999704814 135.719647954
0.998828827 -0.044339821 0.019362629 2.913351822 0.044613166 0.998907454 -0.013921386 0.001380262 -0.018724242 0.014768934 0.999715331 136.109285115
0.998814567 -0.045254161 0.017935479 2.947053761 0.045535504 0.998841162 -0.015598651 -0.001327813 -0.017208830 0.016396902 0.999716894 136.888559483
0.998889896 -0.044326886 0.015941897 2.972308927 0.044584808 0.998873878 -0.016201162 -0.002305246 -0.015205947 0.016893973 0.999741259 137.658210171
0.998901185 -0.044021485 0.016030721 2.989161947 0.044281071 0.998887423 -0.016214195 -0.002289285 -0.015299119 0.016906205 0.999740193 138.047847070
0.998956934 -0.043281905 0.014514737 3.014881399 0.043489082 0.998951896 -0.014275813 0.001104672 -0.013881675 0.014892131 0.999792371 138.827486363
0.998908824 -0.044530995 0.014032143 3.048132210 0.044719052 0.998909580 -0.013383185 0.002815195 -0.013420961 0.013996074 0.999811357 139.596770294
0.998861979 -0.045312152 0.014875029 3.069521100 0.045519054 0.998866863 -0.013881551 0.002062235 -0.014229276 0.014542810 0.999792824 139.976188964
0.998843343 -0.046399008 0.012555036 3.094775623 0.046583378 0.998804664 -0.014811275 0.000654802 -0.011852781 0.015379046 0.999811170 140.745839742
