1.000000000 0.000000000 0.000000000 0.000000000 0.000000000 1.000000000 -0.000000000 0.000000000 -0.000000000 0.000000000 1.000000000 0.000000000
0.999999120 -0.000082095 -0.000157284 -0.000045329 0.000082136 0.999999818 -0.000751588 -0.001299169 0.000158087 0.000751534 0.999999832 0.000010302
0.999999680 -0.000044026 -0.000335336 -0.000058928 0.000043798 1.000000212 -0.000968725 -0.001688920 0.000335519 0.000968707 0.999999089 0.000013392
0.999999189 -0.000013835 -0.000464075 -0.000955498 0.000013518 0.999999921 -0.000938700 -0.001614136 0.000464571 0.000938664 0.999999891 0.000451762
0.999999815 0.000001791 -0.000904338 0.000629890 -0.000002625 0.999999868 -0.001000742 -0.001629188 0.000904802 0.001000743 0.999999477 0.021934388
0.999998527 0.000261739 -0.001451703 -0.000475827 -0.000263113 0.999999824 -0.001002955 -0.001459863 0.001451687 0.001003309 0.999998477 0.044732440
0.999997881 0.000519854 -0.001751907 -0.003265754 -0.000521282 0.999999794 -0.000872426 -0.001063321 0.001751231 0.000873329 0.999998212 0.057226400
0.999995900 0.001367407 -0.002387688 -0.002767603 -0.001368821 0.999999299 -0.000624989 -0.000379385 0.002386589 0.000628260 0.999997021 0.101502878
0.999991607 0.002567592 -0.003106303 -0.008440697 -0.002568132 0.999996908 -0.000173531 0.000785762 0.003106675 0.000181491 0.999994725 0.137668063
0.999988817 0.003068108 -0.003641566 -0.006040821 -0.003067712 0.999996253 0.000107615 0.001387785 0.003642102 -0.000096454 0.999993735 0.169887050
0.999983569 0.003199649 -0.004655266 -0.008348985 -0.003198777 0.999995017 0.000193255 0.001998563 0.004656151 -0.000178375 0.999988607 0.226661212
0.999981923 0.002692300 -0.005314847 -0.007197930 -0.002693577 0.999997163 -0.000243255 0.001712888 0.005314789 0.000257570 0.999986131 0.292866849
0.999980344 0.002484845 -0.005721486 -0.008409093 -0.002486567 0.999996877 -0.000304074 0.001904500 0.005721403 0.000318257 0.999983781 0.326844940
0.999975520 0.001854930 -0.006705766 -0.010014142 -0.001855297 0.999998854 -0.000054820 0.002984748 0.006705462 0.000067256 0.999978022 0.405536849
0.999968019 0.001480005 -0.007844257 -0.009223500 -0.001476859 0.999999383 0.000391533 0.004547096 0.007845436 -0.000379963 0.999969216 0.516448696
0.999964103 0.001514361 -0.008274033 -0.009735036 -0.001510536 0.999999628 0.000462829 0.005108242 0.008275483 -0.000450304 0.999966009 0.572345327
0.999958247 0.001994597 -0.008827072 -0.012563801 -0.001990660 0.999998017 0.000450825 0.006020332 0.008828164 -0.000433227 0.999961012 0.685018181
0.999948049 0.002782505 -0.009747850 -0.014697471 -0.002777606 0.999996187 0.000505269 0.007172039 0.009749632 -0.000478181 0.999952526 0.819610604
0.999938305 0.002802149 -0.010704003 -0.016315422 -0.002796293 0.999996101 0.000558642 0.007882523 0.010706806 -0.000528691 0.999942381 0.898305445
0.999908739 0.001877935 -0.013354021 -0.017752603 -0.001868575 0.999998111 0.000707280 0.009313822 0.013355978 -0.000682293 0.999910923 1.054817121
0.999864533 0.000512284 -0.016457350 -0.025397991 -0.000505079 1.000000711 0.000440819 0.010167010 0.016458060 -0.000432452 0.999864400 1.203225902
0.999834462 0.000099804 -0.018168677 -0.026226211 -0.000092106 1.000000222 0.000417962 0.010785023 0.018169124 -0.000416212 0.999834956 1.292662730
0.999766210 -0.000042710 -0.021609892 -0.034154809 0.000056237 1.000000564 0.000620457 0.012654464 0.021610184 -0.000621563 0.999766244 1.474604102
0.999669726 0.000141223 -0.025699432 -0.041365300 -0.000107996 0.999999848 0.001293832 0.015423100 0.025699837 -0.001290626 0.999668890 1.678459813
0.999613537 0.000378634 -0.027794304 -0.048549853 -0.000327473 0.999998287 0.001840783 0.017306425 0.027795144 -0.001831009 0.999611530 1.782139562
0.999480866 0.001232524 -0.032190841 -0.061329039 -0.001138000 0.999995916 0.002953865 0.021187942 0.032194819 -0.002915730 0.999477753 2.010980655
0.999317888 0.002796711 -0.036802083 -0.072490060 -0.002630464 0.999987113 0.004562287 0.025993805 0.036814520 -0.004462408 0.999311970 2.261296927
0.999230639 0.004032248 -0.038989975 -0.081649007 -0.003817068 0.999977294 0.005591169 0.028920728 0.039011890 -0.005438018 0.999224285 2.388206758
0.999000564 0.008217809 -0.043937584 -0.103766371 -0.007962889 0.999950925 0.005971594 0.032007970 0.043985171 -0.005615800 0.999016784 2.654984424
0.998782549 0.009436071 -0.048418413 -0.121531085 -0.009170723 0.999942362 0.005698020 0.034034034 0.048469631 -0.005247073 0.998811378 2.930755908
0.998634017 0.010168748 -0.051247160 -0.132649289 -0.009887657 0.999935027 0.005734320 0.035393923 0.051302126 -0.005219777 0.998669177 3.069736306
0.998307715 0.012173046 -0.056860986 -0.155124974 -0.011795821 0.999906711 0.006963691 0.040389149 0.056940347 -0.006281179 0.998357295 3.381219707
0.998065452 0.012328552 -0.060940148 -0.176659457 -0.011811868 0.999891917 0.008830427 0.046588773 0.061043534 -0.008093509 0.998102150 3.692254595
0.997955252 0.010568132 -0.063037405 -0.182588557 -0.010025574 0.999910946 0.008916166 0.048134157 0.063126714 -0.008265977 0.997971648 3.850960179
0.997615488 0.009483340 -0.068358561 -0.207778567 -0.008954113 0.999928561 0.008041763 0.049603830 0.068430283 -0.007410514 0.997627940 4.152608207
0.997236890 0.008926634 -0.073739843 -0.233850852 -0.008400885 0.999937848 0.007436001 0.051558026 0.073802620 -0.006796014 0.997249260 4.454691356
0.997088722 0.009391744 -0.075661300 -0.242552444 -0.008813995 0.999929831 0.007964897 0.053999631 0.075731855 -0.007274869 0.997101515 4.625886937
0.996596070 0.012188968 -0.081526796 -0.281128391 -0.011389621 0.999883238 0.010260866 0.061430267 0.081643293 -0.009297418 0.996618399 4.945252353
0.995986355 0.016041177 -0.088055740 -0.319237774 -0.015169136 0.999829780 0.010562419 0.065595062 0.088210753 -0.009184323 0.996059307 5.297745351
0.995737273 0.017374376 -0.090586668 -0.338683773 -0.016542258 0.999814597 0.009928443 0.066303453 0.090743607 -0.008387637 0.995839061 5.463042010
0.995138215 0.018471765 -0.096736798 -0.382127805 -0.017649667 0.999800621 0.009345776 0.069155776 0.096890620 -0.007592982 0.995266156 5.806998975
0.994434659 0.018786467 -0.103660679 -0.424007718 -0.018016436 0.999802752 0.008358382 0.071383437 0.103797589 -0.006444287 0.994577650 6.172443400
0.994141225 0.017868754 -0.106600007 -0.446297135 -0.017044004 0.999818142 0.008642343 0.073999705 0.106735119 -0.006774844 0.994264668 6.361402250
0.993542956 0.021013253 -0.111485298 -0.495184827 -0.019771742 0.999730310 0.012229524 0.084592969 0.111712986 -0.009946330 0.993690928 6.741472256
0.992984430 0.023158513 -0.115955852 -0.542371573 -0.021456225 0.999643822 0.015906470 0.095438711 0.116283666 -0.013306900 0.993126977 7.131842552
0.992698294 0.023205100 -0.118370562 -0.568276561 -0.021484453 0.999644577 0.015791288 0.097514650 0.118695506 -0.013132864 0.992843590 7.322561537
0.992152911 0.023493404 -0.122802630 -0.617663014 -0.022088307 0.999674549 0.012790206 0.096857409 0.123063732 -0.009977349 0.992348065 7.713900971
0.991612470 0.022900798 -0.127199668 -0.670602767 -0.021532836 0.999694767 0.012118596 0.100489054 0.127438986 -0.009277997 0.991803229 8.118142462
0.991197690 0.022392690 -0.130482809 -0.697675681 -0.020916311 0.999701086 0.012674249 0.103995812 0.130728530 -0.009833481 0.991369000 8.342829712
0.990439806 0.018536637 -0.136692236 -0.754267062 -0.016952158 0.999775840 0.012745563 0.109098143 0.136897980 -0.010306500 0.990531644 8.759995608
0.989630594 0.018054763 -0.142490821 -0.811872521 -0.016668804 0.999801563 0.010913963 0.110907411 0.142659471 -0.008425663 0.989735689 9.177626578
0.989141324 0.018607472 -0.145785079 -0.848868587 -0.017478379 0.999806537 0.009022084 0.110447552 0.145925657 -0.006376045 0.989274592 9.395993655
0.988142710 0.018923782 -0.152366032 -0.918256874 -0.018050542 0.999812142 0.007112007 0.112621697 0.152472909 -0.004277418 0.988298991 9.830508461
0.986838465 0.021771319 -0.160233409 -0.998365445 -0.020774259 0.999753352 0.007894596 0.119842894 0.160366108 -0.004461975 0.987047806 10.281431014
0.986243088 0.022879717 -0.163709967 -1.038041254 -0.021873307 0.999729312 0.007947364 0.122937557 0.163848383 -0.004257181 0.986476403 10.512267009
0.984986322 0.024169119 -0.170932067 -1.118969194 -0.023092231 0.999699676 0.008285537 0.129401769 0.171081094 -0.004213936 0.985247801 10.952454311
0.983569612 0.021617771 -0.179226822 -1.202504555 -0.020138446 0.999747183 0.010068971 0.138448823 0.179399151 -0.006294184 0.983755876 11.393938020
0.982723283 0.020955001 -0.183890342 -1.248325806 -0.019303071 0.999756448 0.010768105 0.142764225 0.184072064 -0.007032449 0.982887332 11.616656856
0.981394327 0.018278873 -0.191128117 -1.332871552 -0.016217364 0.999793071 0.012344529 0.151668504 0.191314658 -0.009015291 0.981487359 12.069760876
0.979899705 0.018291010 -0.198651641 -1.429184436 -0.015800847 0.999776363 0.014112870 0.161387371 0.198865330 -0.010690333 0.979968227 12.539745166
0.979095183 0.019432451 -0.202472452 -1.483182010 -0.016753517 0.999748251 0.014936663 0.166348145 0.202712556 -0.011232283 0.979173506 12.777589764
0.977456711 0.021707721 -0.210014044 -1.596706309 -0.018775780 0.999696640 0.015944027 0.175471494 0.210296783 -0.011641431 0.977568353 13.267099281
0.976046823 0.019942316 -0.216641229 -1.704978598 -0.016798865 0.999725911 0.016341611 0.183538829 0.216907769 -0.012310912 0.976114410 13.765163613
0.975176141 0.019404014 -0.220578598 -1.762596277 -0.016118684 0.999731485 0.016684123 0.187829358 0.220843332 -0.012714550 0.975226428 14.004769376
0.973150927 0.018900772 -0.229389781 -1.884137963 -0.015393201 0.999736130 0.017070555 0.196064456 0.229651829 -0.013081228 0.973184895 14.487056383
0.971305451 0.017267807 -0.237205741 -2.005559907 -0.013456090 0.999753963 0.017678423 0.204687006 0.237453281 -0.013979289 0.971298297 14.958160103
0.970385573 0.017065461 -0.240958638 -2.066785137 -0.013172716 0.999756407 0.017756682 0.208667059 0.241203374 -0.014056758 0.970373495 15.199524178
0.968620332 0.020881867 -0.247663646 -2.196257736 -0.016716925 0.999682356 0.018907767 0.218492324 0.247980975 -0.014174267 0.968661711 15.674569023
0.966316095 0.024236721 -0.256215093 -2.330857864 -0.019055856 0.999561607 0.022684432 0.232941319 0.256652965 -0.017037930 0.966353980 16.141030764
0.965301324 0.022955556 -0.260126722 -2.395608356 -0.017341394 0.999565553 0.023856810 0.238969389 0.260562566 -0.018518051 0.965279594 16.384134450
0.963589547 0.016732860 -0.266862241 -2.526357528 -0.011252606 0.999693768 0.022051610 0.244067110 0.267150260 -0.018245814 0.963482346 16.882016177
0.962088447 0.011363692 -0.272499558 -2.653703620 -0.006488951 0.999803449 0.018783147 0.246659408 0.272660439 -0.016302853 0.961972508 17.389342137
0.961448779 0.009427465 -0.274821268 -2.720337562 -0.004533786 0.999820574 0.018436080 0.250248699 0.274945764 -0.016479429 0.961318887 17.633343087
0.959952924 0.009432769 -0.280000321 -2.856242507 -0.004349762 0.999814848 0.018769131 0.259160669 0.280125693 -0.016799562 0.959816205 18.122648128
0.958345908 0.012181094 -0.285349410 -3.003884667 -0.007819040 0.999835134 0.016420783 0.263655972 0.285502459 -0.013505651 0.958283093 18.606514489
0.957858899 0.012189336 -0.286979292 -3.075042955 -0.008074068 0.999847447 0.015518684 0.266429942 0.287124480 -0.012547627 0.957810828 18.852716716
0.956734378 0.010086108 -0.290787671 -3.213661116 -0.005328567 0.999839481 0.017147819 0.277937048 0.290914539 -0.014856447 0.956633441 19.354498284
0.955652760 0.006622449 -0.294419774 -3.347595297 -0.001215867 0.999827390 0.018542439 0.288745841 0.294492452 -0.017362168 0.955495841 19.831730143
0.955100381 0.006415076 -0.296211086 -3.416900122 -0.000951379 0.999827773 0.018585445 0.293099139 0.296279090 -0.017469141 0.954941836 20.077041922
0.954106984 0.003695845 -0.299441825 -3.558181557 0.001551175 0.999849684 0.017282756 0.299499403 0.299460975 -0.016954057 0.953957655 20.557820439
0.953053559 0.003718791 -0.302778197 -3.705846175 0.001228151 0.999869360 0.016145884 0.306395472 0.302798900 -0.015759767 0.952924172 21.052847979
0.952797068 0.004188233 -0.303579980 -3.781469882 0.000585797 0.999878441 0.015632930 0.310043041 0.303608224 -0.015072882 0.952677714 21.301238092
0.952380311 0.002872535 -0.304900136 -3.923658840 0.002054659 0.999873265 0.015837692 0.319248644 0.304906726 -0.015709946 0.952252392 21.793613544
0.952526330 0.003385310 -0.304436587 -4.064021040 0.001189323 0.999890008 0.014839451 0.326223709 0.304453652 -0.014497075 0.952416517 22.273948541
0.952523260 0.004947259 -0.304426395 -4.135160009 -0.001183801 0.999920604 0.012545726 0.326506971 0.304464706 -0.011589734 0.952452979 22.508990302
0.952629331 0.006633332 -0.304060697 -4.280083025 -0.004186780 0.999954108 0.008697323 0.328577029 0.304104039 -0.007012279 0.952613331 22.980378790
0.953229376 0.010289372 -0.302072954 -4.423182501 -0.008040323 0.999930803 0.008687755 0.337457671 0.302141272 -0.005852659 0.953245350 23.473195781
0.953774886 0.012138851 -0.300276303 -4.494104238 -0.009603793 0.999905578 0.009916685 0.343966952 0.300368418 -0.006574477 0.953800537 23.708188173
0.954727459 0.010254101 -0.297302710 -4.620045298 -0.007724788 0.999923364 0.009680785 0.351924085 0.297379891 -0.006945951 0.954733771 24.181491981
0.956196162 0.008874489 -0.292590541 -4.746038106 -0.006146383 0.999929160 0.010241854 0.361442520 0.292661041 -0.007994868 0.956183180 24.665963625
0.957305421 0.010004524 -0.288906710 -4.810856037 -0.006891967 0.999907449 0.011788432 0.368582180 0.288997907 -0.009293997 0.957284466 24.920238713
0.960180179 0.014928951 -0.278979681 -4.932449264 -0.011418975 0.999834526 0.014202201 0.381428932 0.279145817 -0.010451072 0.960191123 25.424849585
0.962906167 0.018846926 -0.269176764 -5.048751984 -0.015383308 0.999770267 0.014971136 0.391278611 0.269398184 -0.010274989 0.962974245 25.926850446
0.964218404 0.019706091 -0.264374040 -5.104592561 -0.016392425 0.999757487 0.014733917 0.394959866 0.264600848 -0.009873004 0.964307635 26.165583115
0.967009240 0.020935683 -0.253878692 -5.209150807 -0.017729322 0.999732239 0.014911141 0.403345371 0.254123246 -0.009918115 0.967121251 26.650708857
0.970261435 0.020558425 -0.241181179 -5.294098110 -0.017199556 0.999724656 0.016023392 0.412918426 0.241444320 -0.011398672 0.970347283 27.148528438
0.971874419 0.020242115 -0.234626678 -5.336477371 -0.016651231 0.999712916 0.017275608 0.418888046 0.234909634 -0.012882935 0.971931852 27.391838740
0.974974439 0.021897436 -0.221234783 -5.421386668 -0.018139041 0.999655211 0.019005651 0.429550404 0.221575529 -0.014517059 0.975034850 27.889649683
0.978147821 0.024220032 -0.206492957 -5.491230004 -0.021077459 0.999626826 0.017404963 0.433904661 0.206838082 -0.012672281 0.978293158 28.380048283
0.979849239 0.024085793 -0.198280470 -5.522180636 -0.021281182 0.999642094 0.016263483 0.435446604 0.198601930 -0.011716140 0.980010255 28.628867396
0.983364063 0.025113857 -0.179897741 -5.577650601 -0.022854877 0.999632751 0.014618383 0.439413803 0.180199224 -0.010263666 0.983576194 29.112245664
0.986796518 0.025867304 -0.159882831 -5.618809054 -0.023984439 0.999619101 0.013694899 0.444265434 0.160177082 -0.009679388 0.987040747 29.599773734
0.988610296 0.025302983 -0.148352037 -5.628241441 -0.023545126 0.999630676 0.013593322 0.447072913 0.148641337 -0.009945532 0.988841112 29.849227926
0.991990875 0.024475055 -0.123916130 -5.642604532 -0.022973586 0.999644559 0.013530931 0.452853607 0.124204211 -0.010575763 0.992200649 30.345940184
0.994687350 0.026733540 -0.099407449 -5.646938535 -0.025437142 0.999575008 0.014285399 0.459548270 0.099747361 -0.011680871 0.994944519 30.826636390
0.995874111 0.027025980 -0.086624472 -5.639266694 -0.025834920 0.999556979 0.014840702 0.462923587 0.086987734 -0.012541534 0.996130669 31.067745790
0.997855831 0.027580477 -0.059346473 -5.620123193 -0.026577650 0.999492158 0.017619963 0.472450819 0.059802908 -0.016004900 0.998081881 31.537006509
0.999065541 0.029970728 -0.031144260 -5.586105730 -0.029334341 0.999355983 0.020691212 0.482344885 0.031744719 -0.019758245 0.999300793 32.043522818
0.999378054 0.030833914 -0.017063865 -5.562507557 -0.030478905 0.999321748 0.020684238 0.484388688 0.017690204 -0.020151347 0.999640349 32.299101883
0.999453182 0.030991904 0.011464156 -5.508988352 -0.031212146 0.999322098 0.019569710 0.486251596 -0.010849538 -0.019916767 0.999742901 32.796024700
0.998758529 0.030740004 0.039199205 -5.442939477 -0.031456446 0.999347119 0.017794585 0.486427942 -0.038626222 -0.019005567 0.999072542 33.286815414
0.998107518 0.030411099 0.053449313 -5.402323551 -0.031362794 0.999362999 0.017058501 0.486561169 -0.052895726 -0.018702525 0.998424552 33.534069340
0.996194547 0.029479871 0.082017058 -5.314922403 -0.030700545 0.999435912 0.013662750 0.483246092 -0.081567274 -0.016128726 0.996537255 34.025532854
0.993423595 0.028620205 0.110855987 -5.210754349 -0.029587885 0.999537921 0.007094445 0.473875390 -0.110601533 -0.010327807 0.993810973 34.519884314
0.991676948 0.028227267 0.125616856 -5.151488763 -0.029034347 0.999568441 0.004598942 0.470371781 -0.125431464 -0.008207883 0.992068559 34.769129080
0.987639572 0.028895609 0.154051753 -5.025827362 -0.029316264 0.999570795 0.000459659 0.464597426 -0.153972571 -0.004970208 0.988062641 35.275277353
0.980713569 0.028097807 0.193419315 -4.814819143 -0.027234622 0.999604613 -0.007120263 0.452418902 -0.193542414 0.001715207 0.981090892 36.006783261
0.975440030 0.029221208 0.218315788 -4.654326719 -0.027504529 0.999562484 -0.010898569 0.445941169 -0.218537602 0.004626263 0.975817671 36.518178003
0.969451419 0.028517245 0.243618035 -4.479486172 -0.026059054 0.999572303 -0.013307704 0.441397197 -0.243892546 0.006552745 0.969780149 37.033714226
0.966210101 0.027670878 0.256263176 -4.384450454 -0.024698859 0.999586124 -0.014808626 0.438334649 -0.256566597 0.007978843 0.966493416 37.287757424
0.958618365 0.027804406 0.283331916 -4.184396305 -0.023718459 0.999559504 -0.017841736 0.431794370 -0.283702682 0.010383132 0.958855599 37.779838309
0.950454945 0.028198112 0.309580295 -3.973560439 -0.023459945 0.999544172 -0.019017886 0.428056622 -0.309975338 0.010812979 0.950683696 38.277809636
0.945798570 0.028576395 0.323491626 -3.856147214 -0.023345041 0.999526644 -0.020040875 0.425115510 -0.323910707 0.011402682 0.946018666 38.532058023
0.936076770 0.028941339 0.350601904 -3.618458517 -0.022395253 0.999491790 -0.022711892 0.417865063 -0.351080210 0.013408259 0.936249478 39.016888327
0.925294954 0.029698337 0.378083217 -3.360310773 -0.021779967 0.999445658 -0.025203167 0.410338271 -0.378621764 0.015085682 0.925428331 39.513985115
0.919380411 0.029691524 0.392245563 -3.230226866 -0.021048854 0.999432647 -0.026316706 0.406707658 -0.392803875 0.015938763 0.919483700 39.750913277
0.906860808 0.029142029 0.420421542 -2.946931216 -0.018771990 0.999409794 -0.028783473 0.398346117 -0.421011764 0.018210469 0.906872515 40.235725733
0.893430945 0.029380874 0.448237276 -2.649269865 -0.017175854 0.999363513 -0.031270574 0.389377661 -0.448870171 0.020239218 0.893367574 40.713519599
0.886614521 0.029286620 0.461580571 -2.494161976 -0.016013212 0.999339209 -0.032647859 0.384404924 -0.462231377 0.021554756 0.886497225 40.949347668
0.871483991 0.028524440 0.489593467 -2.172157093 -0.012899305 0.999295403 -0.035259217 0.374274459 -0.490253851 0.024412403 0.871237889 41.404118544
0.855931945 0.029289357 0.516258275 -1.835868943 -0.011586708 0.999231052 -0.037480016 0.364218943 -0.516958310 0.026098593 0.855613072 41.863045640
0.847368751 0.029869857 0.530162673 -1.660951076 -0.011478775 0.999214586 -0.037949530 0.360049400 -0.530879886 0.026071563 0.847045960 42.089210163
0.829747716 0.032777946 0.557175090 -1.299454695 -0.013247145 0.999149823 -0.039050942 0.350888031 -0.557980152 0.025021428 0.829476649 42.535839217
0.811302756 0.034995958 0.583576769 -0.922660478 -0.014611867 0.999109201 -0.039600566 0.342064310 -0.584441937 0.023600855 0.811092111 42.975003230
0.801787840 0.034703713 0.596600182 -0.725251290 -0.013972231 0.999128282 -0.039340631 0.338233763 -0.597445142 0.023206976 0.801574013 43.190191001
0.781687962 0.035235209 0.622672478 -0.325884018 -0.013523740 0.999126167 -0.039559993 0.329047185 -0.623522091 0.022502690 0.781481490 43.607203610
0.759548093 0.036341567 0.649434286 0.101087113 -0.011859030 0.999046198 -0.042035454 0.315146147 -0.650342574 0.024226369 0.759254623 44.021825979
0.747694776 0.036898808 0.663015548 0.317399739 -0.011375197 0.999020422 -0.042770257 0.308863405 -0.663943884 0.024437182 0.747383037 44.216634765
0.723437795 0.038542657 0.689312919 0.774932022 -0.010613227 0.998943784 -0.044716815 0.294648296 -0.690307710 0.025033936 0.723083031 44.616334897
0.698164504 0.038987461 0.714875399 1.249675023 -0.008801400 0.998908858 -0.045882169 0.281008720 -0.715883175 0.025741351 0.697745611 44.996509961
0.685013396 0.039674778 0.727448840 1.499134115 -0.008827250 0.998895621 -0.046166880 0.274239825 -0.728476090 0.025203493 0.684607389 45.186261203
0.657827102 0.040458155 0.752081580 2.015014816 -0.008084263 0.998878643 -0.046663376 0.260252824 -0.753125168 0.024616369 0.657416353 45.568607175
0.629589987 0.040982137 0.775845704 2.537469715 -0.006487958 0.998850363 -0.047496858 0.245155809 -0.776899604 0.024869881 0.629132834 45.914348563
0.615421740 0.041391558 0.787109807 2.797006854 -0.005985858 0.998836997 -0.047845303 0.237659631 -0.788174344 0.024733431 0.614953957 46.076916551
0.585250462 0.040314433 0.809849451 3.344780309 -0.003138875 0.998868520 -0.047455370 0.223574386 -0.810846279 0.025231284 0.584715663 46.399178748
0.555808713 0.038841508 0.830402618 3.905333030 0.000377800 0.998896341 -0.046975469 0.208867296 -0.831309850 0.026423102 0.555180574 46.692939968
0.543194022 0.038633007 0.838717759 4.188200528 0.002330777 0.998868243 -0.047519321 0.199986384 -0.839604023 0.027767002 0.542489623 46.844105909
0.518749841 0.038960706 0.854037320 4.760316961 0.005103689 0.998802328 -0.048664639 0.181678786 -0.854910075 0.029603521 0.517930684 47.132189166
0.497431395 0.037555421 0.866690085 5.342452371 0.010160344 0.998742060 -0.049108936 0.163995342 -0.867443519 0.033234127 0.496423821 47.404258669
0.488184415 0.036458590 0.871978407 5.640615961 0.013016197 0.998712598 -0.049044625 0.155402111 -0.872642860 0.035292561 0.487081156 47.547959966
0.471985957 0.033738148 0.880959410 6.243372698 0.018524555 0.998668245 -0.048170771 0.139048993 -0.881410859 0.039055333 0.470732865 47.821102997
0.460577555 0.030544292 0.887093549 6.864849387 0.022300384 0.998694665 -0.045965083 0.124118106 -0.887339438 0.040953056 0.459295256 48.107376968
0.456542536 0.029551967 0.889210150 7.181703987 0.023065121 0.998719204 -0.045033533 0.116117635 -0.889402252 0.041069476 0.455276923 48.264215783
0.449714380 0.028819484 0.892707159 7.804776319 0.023815829 0.998737441 -0.044239979 0.098421155 -0.892854791 0.041155917 0.448460153 48.560813975
0.441450856 0.028325630 0.896837957 8.432424395 0.024850150 0.998732267 -0.043775768 0.079968699 -0.896940546 0.041611404 0.440188099 48.844043133
0.438032476 0.027962674 0.898523452 8.751115516 0.026309936 0.998689888 -0.043905978 0.070017512 -0.898573607 0.042872331 0.436723327 48.988839275
0.432690257 0.027274393 0.901129820 9.383223780 0.028504663 0.998629227 -0.043912280 0.050541554 -0.901091411 0.044686743 0.431320043 49.269881736
0.428716560 0.026538745 0.903048445 10.018844960 0.029711165 0.998613990 -0.043452364 0.031708159 -0.902949781 0.045459375 0.427335084 49.560343467
0.426049438 0.025766652 0.904332442 10.340277398 0.030310705 0.998627173 -0.042733184 0.023011675 -0.904191792 0.045617410 0.424683882 49.703812772
0.421288350 0.021912951 0.906661849 10.974419189 0.035471353 0.998545449 -0.040615668 0.007231389 -0.906231820 0.049271386 0.419899192 49.972767787
0.417341253 0.019702727 0.908535703 11.628095562 0.036796986 0.998579534 -0.038558197 -0.009549947 -0.908004162 0.049523292 0.416024079 50.254433995
0.415643065 0.019371927 0.909321260 11.960179656 0.036922750 0.998590348 -0.038150615 -0.019171517 -0.908777591 0.049431600 0.414342278 50.403823300
0.413255885 0.022753988 0.910329591 12.606401727 0.033966863 0.998606984 -0.040380132 -0.043429420 -0.909980530 0.047608426 0.411907865 50.689060495
0.412671994 0.029455304 0.910402962 13.253203272 0.030587212 0.998465611 -0.046169194 -0.073805943 -0.910365020 0.046899435 0.411138291 50.985087461
0.412714441 0.032308935 0.910287213 13.582441794 0.028035692 0.998447154 -0.048148991 -0.087670304 -0.910429001 0.045392223 0.411167872 51.135827297
0.413474788 0.033423932 0.909901408 14.258077664 0.026913634 0.998440868 -0.048906273 -0.110221836 -0.910117106 0.044710299 0.411931334 51.440105844
0.413727899 0.030248476 0.909897416 14.960708692 0.026603042 0.998619721 -0.045294186 -0.126117966 -0.910012028 0.042945540 0.412352319 51.753523172
0.414398130 0.028282667 0.909655957 15.312455335 0.026009578 0.998741396 -0.042901187 -0.133072932 -0.909723662 0.041437937 0.413140763 51.915594588
0.413324310 0.026258518 0.910204137 16.015029179 0.025246091 0.998869715 -0.040280520 -0.150608014 -0.910233541 0.039628028 0.412194810 52.229024912
0.412023356 0.025687918 0.910811237 16.725569645 0.025302325 0.998894576 -0.039618079 -0.171754270 -0.910822047 0.039369200 0.410918493 52.538533208
0.412921903 0.025983517 0.910395960 17.080735201 0.025672037 0.998863863 -0.040152264 -0.183805303 -0.910404903 0.039951408 0.411786287 52.698889183
0.413185506 0.025943458 0.910276427 17.800090247 0.026573884 0.998825034 -0.040529253 -0.206986273 -0.910258299 0.040935662 0.412011473 53.015204204
0.413836561 0.025503951 0.909993521 18.523949068 0.027884577 0.998783407 -0.040673440 -0.229941544 -0.909923206 0.042206925 0.412622338 53.329322622
0.413871445 0.025567678 0.909976014 18.889834274 0.027123616 0.998815829 -0.040400035 -0.240968909 -0.909930470 0.041402243 0.412687903 53.495583145
0.413759607 0.025809523 0.910020467 19.635974222 0.025231964 0.998889814 -0.039802107 -0.263520624 -0.910036650 0.039429978 0.412649388 53.821084730
0.413088533 0.027083873 0.910287868 20.370514687 0.021891531 0.998973704 -0.039656907 -0.286541530 -0.910427186 0.036309309 0.412072810 54.141116334
0.412826248 0.027971937 0.910379392 20.746243688 0.020369982 0.998995609 -0.039931704 -0.298921176 -0.910581189 0.035029327 0.411842010 54.302558992
0.413273861 0.028540060 0.910158628 21.503906758 0.019446030 0.999004980 -0.040155654 -0.323192300 -0.910398592 0.034294245 0.412308303 54.633547914
0.412537403 0.029379370 0.910466106 22.268755642 0.017923439 0.999025218 -0.040358148 -0.347681937 -0.910764031 0.032967939 0.411608839 54.961026869
0.412368641 0.029406274 0.910541942 22.646316837 0.017203249 0.999050067 -0.040055590 -0.359091866 -0.910854013 0.032181944 0.411471078 55.121583912
0.411858854 0.029297238 0.910776113 23.402308252 0.017357214 0.999049622 -0.039985760 -0.382776003 -0.911082262 0.032277012 0.410960113 55.442265889
0.412526416 0.029653685 0.910462481 24.177789266 0.018483528 0.998992478 -0.040911737 -0.408750367 -0.910758019 0.033705744 0.411563281 55.775669282
0.412595626 0.030080524 0.910416802 24.559784498 0.018901400 0.998956761 -0.041571796 -0.421933320 -0.910717894 0.034360494 0.411597378 55.934045572
0.412857919 0.030686309 0.910277998 25.319191893 0.019970064 0.998887160 -0.042730804 -0.447753117 -0.910575808 0.035820071 0.411785902 56.264168849
0.413360478 0.030562576 0.910053662 26.070700106 0.019748569 0.998901318 -0.042516343 -0.471073330 -0.910352435 0.035546753 0.412303557 56.587042754
0.413534225 0.030159263 0.909988321 26.447377283 0.019540560 0.998927211 -0.041986856 -0.482048705 -0.910278900 0.035144728 0.412501636 56.748035314
0.413896664 0.029402539 0.909848684 27.177473599 0.019545832 0.998961088 -0.041173772 -0.503586403 -0.910114147 0.034825387 0.412892139 57.070249969
0.414672650 0.028727756 0.909516149 27.920944060 0.018971013 0.999011521 -0.040203806 -0.525334137 -0.909772632 0.033925912 0.413718767 57.397062067
0.414104100 0.028082650 0.909796058 28.291345941 0.019087478 0.999036503 -0.039524990 -0.535766040 -0.910029291 0.033733170 0.413168761 57.561123056
0.414827888 0.026686128 0.909508285 29.025066196 0.019454552 0.999081659 -0.038187493 -0.556523562 -0.909691556 0.033535306 0.413927918 57.881575674
0.413863091 0.026842468 0.909942831 29.763188410 0.019489637 0.999075718 -0.038336019 -0.579973520 -0.910130541 0.033600260 0.412957700 58.199854830
0.414148112 0.026837948 0.909813951 30.129149772 0.019937993 0.999058854 -0.038546254 -0.591862635 -0.909990731 0.034103645 0.413223465 58.354941970
0.414396994 0.026400776 0.909713298 30.863698256 0.020630577 0.999050636 -0.038391040 -0.614653688 -0.909862214 0.034676992 0.413458745 58.674971751
0.413338450 0.026175506 0.910200923 31.604564924 0.019678096 0.999097041 -0.037668050 -0.636759000 -0.910364579 0.033480695 0.412450518 58.991923356
0.413462074 0.026186093 0.910144897 31.969651683 0.019192434 0.999114540 -0.037464535 -0.647943734 -0.910319181 0.032957995 0.412593231 59.147443874
0.414578779 0.026843250 0.909617272 32.704977344 0.017605256 0.999141601 -0.037509054 -0.671187028 -0.909842733 0.031564433 0.413750686 59.478218494
0.414160162 0.028494383 0.909757437 33.423406183 0.015312341 0.999150880 -0.038264980 -0.695142671 -0.910075447 0.029778280 0.413372688 59.794978620
0.414748039 0.028573422 0.909487653 33.785804276 0.014387558 0.999176593 -0.037952114 -0.706073073 -0.909822227 0.028825845 0.413994662 59.951814009
0.413678794 0.027259032 0.910014088 34.533825234 0.013359102 0.999262418 -0.036005189 -0.726255965 -0.910324511 0.027051540 0.413009790 60.276418886
0.413436876 0.024815182 0.910194113 35.255252084 0.001868453 0.999604025 -0.028101343 -0.735510900 -0.910530245 0.013318774 0.413227553 60.614105986
0.414177151 0.023318601 0.909896899 35.616888754 -0.004050324 0.999709565 -0.023776495 -0.739448641 -0.910186561 0.006162300 0.414152054 60.782505105
0.414457807 0.021597458 0.909811653 36.348819499 0.000829955 0.999709914 -0.024109528 -0.762997016 -0.910067705 0.010747482 0.414320840 61.092677563
0.415466821 0.027976559 0.909177916 37.079250242 0.012092662 0.999269588 -0.036274747 -0.806809904 -0.909527426 0.026065337 0.414825502 61.392269455
0.415828650 0.035624765 0.908744678 37.436672791 0.010713336 0.998971514 -0.044064068 -0.831487358 -0.909379431 0.028058795 0.415019507 61.551408664
0.413290281 0.043014669 0.909582693 38.149485941 0.007003819 0.998704905 -0.050411583 -0.864810323 -0.910572179 0.027205140 0.412453811 61.859696628
0.412692520 0.030739353 0.910351360 38.927567096 0.013237048 0.999123055 -0.039737550 -0.870849398 -0.910774473 0.028449714 0.411924232 62.180883802
0.413539373 0.022867458 0.910198843 39.308201904 0.017932010 0.999286504 -0.033252779 -0.871480714 -0.910309410 0.030073003 0.412834481 62.340038488
0.416484243 0.014408641 0.909027940 40.040457828 0.023379442 0.999374241 -0.026552149 -0.882664694 -0.908841913 0.032311082 0.415887512 62.661293118
0.416712013 0.015216882 0.908910618 40.753554110 0.025013214 0.999290233 -0.028197749 -0.907872848 -0.908694521 0.034485065 0.416035524 62.969516735
0.416317143 0.016802426 0.909063372 41.120219775 0.024984526 0.999240304 -0.029911060 -0.922302868 -0.908875928 0.035165054 0.415581458 63.135365277
0.415984373 0.019411725 0.909163806 41.835975781 0.023368150 0.999214574 -0.032026289 -0.948594824 -0.909070944 0.034567948 0.415204917 63.442280600
0.415541758 0.019376594 0.909367880 42.558058894 0.022987856 0.999230234 -0.031795729 -0.970900847 -0.909283432 0.034116848 0.414776879 63.757271795
0.416053925 0.019452662 0.909131552 42.915048624 0.022877565 0.999231053 -0.031850075 -0.982212016 -0.909051496 0.034050008 0.415289037 63.916743978
0.415806079 0.019851312 0.909236284 43.633596507 0.023171850 0.999206066 -0.032412323 -1.005800195 -0.909158180 0.034545904 0.415016900 64.222320974
0.416709169 0.021641415 0.908781439 44.333212501 0.022587553 0.999162301 -0.034150761 -1.030796012 -0.908758616 0.034758073 0.415871904 64.537127346
0.417049481 0.022749499 0.908598627 44.679462008 0.022481134 0.999122845 -0.035334899 -1.043720472 -0.908605221 0.035162678 0.416172938 64.690699657
0.416406992 0.024386185 0.908850635 45.395172194 0.021213446 0.999108436 -0.036527177 -1.068281234 -0.908930750 0.034489966 0.415518251 65.008781469
0.415886874 0.025338330 0.909063002 46.120692907 0.020304051 0.999104578 -0.037136844 -1.092103313 -0.909189232 0.033902366 0.415000616 65.333209051
0.416210869 0.025406139 0.908912805 46.478594550 0.019698132 0.999123309 -0.036947859 -1.103049547 -0.909054676 0.033281967 0.415346079 65.492239378
0.416327753 0.025430509 0.908858414 47.199786323 0.018823275 0.999153988 -0.036579388 -1.125130882 -0.909019546 0.032336681 0.415497285 65.807667754
0.416328127 0.024700037 0.908878587 47.910323301 0.019221780 0.999169294 -0.035958593 -1.146377075 -0.909011649 0.032440920 0.415507555 66.117176842
0.415747690 0.024207372 0.909157142 48.272722092 0.019924087 0.999163602 -0.035714896 -1.157287489 -0.909261623 0.032962480 0.414918639 66.274012072
0.415889297 0.023877831 0.909101808 48.985001304 0.021370249 0.999123518 -0.036018545 -1.180142316 -0.909164016 0.034407426 0.415014109 66.582655991
0.415529566 0.023243799 0.909282561 49.715124611 0.024187153 0.999037682 -0.036591310 -1.203950863 -0.909257660 0.037197680 0.414567886 66.893708437
0.415254311 0.022957447 0.909415198 50.070408165 0.025679635 0.998987497 -0.036944289 -1.215664412 -0.909342282 0.038694675 0.414245082 67.042881520
0.415558440 0.023423712 0.909264392 50.774653253 0.027241588 0.998899574 -0.038182874 -1.239887182 -0.909158262 0.040636951 0.414463224 67.344306733
0.415196050 0.024590366 0.909398933 51.478857545 0.028715215 0.998782724 -0.040117454 -1.265279205 -0.909278416 0.042770095 0.413984876 67.645741217
0.415728438 0.025617989 0.909127682 51.827793625 0.029089315 0.998718027 -0.041444449 -1.278517959 -0.909023007 0.043675577 0.414451307 67.797999132
0.415092774 0.026237846 0.909400557 52.533858005 0.029495937 0.998670904 -0.042276716 -1.302140775 -0.909301016 0.044372318 0.413767454 68.098541663
0.414905766 0.024930667 0.909522836 53.238273949 0.028968315 0.998756160 -0.040591293 -1.321466676 -0.909402594 0.043188854 0.413667461 68.399928046
0.415194932 0.024110926 0.909412413 53.584658048 0.028553108 0.998811320 -0.039517020 -1.330533603 -0.909283797 0.042373876 0.414012695 68.553469768
0.415842662 0.022666919 0.909153679 54.273929371 0.027538168 0.998917925 -0.037500660 -1.348850315 -0.909019443 0.040630765 0.414768307 68.851130297
0.415699699 0.022385062 0.909226350 54.989872969 0.026036923 0.998994660 -0.036499236 -1.369765708 -0.909129130 0.038846192 0.414698546 69.158002986
