1.000000000 0.000000000 0.000000000 0.000000000 0.000000000 1.000000000 0.000000000 0.000000000 0.000000000 -0.000000000 1.000000000 0.000000000
0.999999902 -0.000045214 -0.000081149 0.000000449 0.000045256 0.999999843 0.000011067 0.000009988 0.000082458 -0.000011089 1.000000441 -0.000000170
0.999999540 -0.000074898 -0.000087003 -0.000010335 0.000074884 0.999999583 -0.000130730 -0.000229734 0.000087069 0.000130724 1.000000675 0.000003903
0.999999885 0.000105701 -0.000064374 -0.000847915 -0.000105821 0.999999574 -0.001079956 -0.001834414 0.000064568 0.001079928 0.999999829 -0.000612834
0.999999574 0.000094905 -0.000046392 -0.001680551 -0.000094998 0.999998257 -0.001975718 -0.003329220 0.000046709 0.001975685 0.999998681 -0.001231438
1.000000054 0.000142961 -0.000077868 -0.001695380 -0.000143135 0.999997275 -0.002163028 -0.003658839 0.000078529 0.002163065 0.999998165 -0.001225838
0.999999781 0.000189042 -0.000100145 -0.001696728 -0.000189304 0.999997536 -0.002182561 -0.003688804 0.000100452 0.002182595 0.999997497 -0.001225329
1.000000207 0.000122587 -0.000077223 -0.000179294 -0.000122735 0.999997049 -0.002331463 -0.003985394 0.000077539 0.002331545 0.999997481 0.000067702
0.999999938 0.000098140 -0.000068832 0.002861417 -0.000098333 0.999996807 -0.002547202 -0.004448722 0.000069434 0.002547220 0.999996751 0.002651559
1.000000250 -0.000052270 -0.000073723 0.000667384 0.000052013 0.999995258 -0.002941751 -0.004597596 0.000074532 0.002941741 0.999995961 0.026974386
0.999999530 0.000004394 -0.000046715 -0.000002025 -0.000004588 0.999994188 -0.003382398 -0.004883244 0.000046946 0.003382411 0.999994453 0.052587531
0.999999784 0.000048746 0.000009150 -0.001862926 -0.000048804 0.999993398 -0.003571230 -0.004924254 -0.000009278 0.003571242 0.999994259 0.064104380
1.000000316 0.000021093 0.000151656 0.003896597 -0.000020511 0.999991984 -0.004062939 -0.005709064 -0.000151650 0.004063027 0.999992013 0.082073830
0.999999879 0.000138793 0.000300442 0.003666480 -0.000137465 0.999988856 -0.004603185 -0.005946224 -0.000301259 0.004603169 0.999989864 0.121134293
0.999999522 0.000175709 0.000434425 0.002248914 -0.000173670 0.999988154 -0.004836397 -0.005848848 -0.000435611 0.004836361 0.999988507 0.146096934
1.000000286 0.000016535 0.000329730 0.000187103 -0.000014927 0.999986065 -0.005175909 -0.005477767 -0.000329874 0.005175925 0.999987054 0.196663217
0.999999400 0.000111467 0.000029209 0.004980484 -0.000111306 0.999982596 -0.005812298 -0.005847025 -0.000029718 0.005812429 0.999983613 0.253038045
0.999999688 0.000309826 -0.000000118 0.001711454 -0.000309770 0.999980616 -0.006103253 -0.005580902 -0.000001587 0.006103308 0.999981434 0.289513973
0.999999716 0.000800545 0.000129144 -0.000232514 -0.000799688 0.999977533 -0.006573151 -0.005009497 -0.000134277 0.006573136 0.999978620 0.366329141
0.999999175 0.001306352 0.000340198 0.000887146 -0.001303991 0.999974450 -0.006965428 -0.004392009 -0.000349063 0.006965012 0.999976276 0.445719513
0.999999113 0.001404868 0.000403790 0.003737282 -0.001401887 0.999972986 -0.007199284 -0.004213513 -0.000413072 0.007198668 0.999974589 0.487348901
0.999999187 0.001128000 0.000137681 0.001170639 -0.001126934 0.999970685 -0.007508732 -0.002888956 -0.000145552 0.007508673 0.999971708 0.589759567
0.999999963 0.000244477 0.000048664 0.006228015 -0.000244141 0.999966446 -0.008101792 -0.002228293 -0.000050736 0.008101801 0.999967266 0.698621476
0.999999740 -0.000096180 -0.000035438 0.005368931 0.000095840 0.999963518 -0.008559605 -0.001852139 0.000036383 0.008559606 0.999963467 0.763279812
1.000000023 -0.000428744 -0.000036796 0.010547295 0.000428305 0.999956928 -0.009235825 -0.000921232 0.000041933 0.009235800 0.999957551 0.898389418
1.000000059 -0.000536059 0.000189145 0.007157067 0.000537899 0.999954092 -0.009550696 0.001568566 -0.000183797 0.009550759 0.999954331 1.065445016
1.000000389 -0.000087183 0.000287333 0.007205774 0.000089936 0.999951941 -0.009787724 0.002690947 -0.000285833 0.009787816 0.999951842 1.156986960
1.000000320 0.000575819 0.000379011 0.010050308 -0.000571996 0.999947770 -0.010178453 0.005243500 -0.000384318 0.010178334 0.999948380 1.355445752
0.999999121 0.001005708 -0.000064818 0.014432499 -0.001006298 0.999944716 -0.010429643 0.007948945 0.000054446 0.010429811 0.999945813 1.555189939
1.000000072 0.000885682 -0.000076080 0.010786364 -0.000886490 0.999941900 -0.010712316 0.009588614 0.000066988 0.010712361 0.999942682 1.669755402
0.999999619 0.000933579 -0.000114734 0.010744879 -0.000934687 0.999944063 -0.010553863 0.013623874 0.000104568 0.010553983 0.999944635 1.891865309
0.999999285 0.000887686 0.000208363 0.014956716 -0.000885381 0.999943192 -0.010617066 0.017420623 -0.000217578 0.010616920 0.999943959 2.130647392
0.999999728 0.000750796 0.000220733 0.016660022 -0.000748431 0.999940313 -0.010910121 0.018876243 -0.000228640 0.010910006 0.999940353 2.249723956
0.999999967 0.000290089 0.000341517 0.023642348 -0.000286467 0.999944180 -0.010565879 0.023500183 -0.000344028 0.010565844 0.999944620 2.503872119
0.999999491 0.000671222 0.000770955 0.026083267 -0.000662538 0.999935622 -0.011307580 0.026836963 -0.000777693 0.011307140 0.999935900 2.780430457
0.999997953 0.001091636 0.001224048 0.028644934 -0.001076828 0.999926458 -0.012059164 0.027940080 -0.001236317 0.012057843 0.999926696 2.926409294
0.999997281 0.001192411 0.001819875 0.036145749 -0.001169560 0.999921811 -0.012465911 0.031953826 -0.001834801 0.012463752 0.999920575 3.220268254
0.999998454 0.000689052 0.001602111 0.042638520 -0.000669923 0.999929463 -0.011876908 0.037870850 -0.001610072 0.011875779 0.999928723 3.526255030
0.999999228 0.000390241 0.001299908 0.044924573 -0.000374521 0.999927045 -0.012062378 0.040144624 -0.001303843 0.012061899 0.999926607 3.685018127
0.999998374 -0.000004494 0.001917635 0.055571360 0.000029386 0.999914855 -0.013009949 0.043615689 -0.001916636 0.013009959 0.999913634 4.007714579
0.999997692 0.000090171 0.001998844 0.056392455 -0.000061901 0.999900012 -0.014154981 0.047431970 -0.001999843 0.014154904 0.999898257 4.348285501
0.999998488 0.000308624 0.001926362 0.064788688 -0.000280898 0.999896237 -0.014393857 0.049418348 -0.001929609 0.014393331 0.999894844 4.512205452
0.999999295 -0.000124127 0.001236322 0.067719290 0.000141057 0.999905681 -0.013744125 0.056382603 -0.001233958 0.013744330 0.999905164 4.867459033
0.999995021 -0.002331724 0.001931381 0.076098752 0.002357917 0.999904060 -0.013632620 0.062953606 -0.001899346 0.013637103 0.999905718 5.253479558
0.999993921 -0.002812173 0.001944642 0.081294256 0.002837791 0.999906923 -0.013293851 0.066724353 -0.001906968 0.013299407 0.999910070 5.453849645
0.999991925 -0.002723876 0.002836394 0.095855795 0.002758286 0.999921639 -0.012211168 0.074606112 -0.002802907 0.012218944 0.999922144 5.844999875
0.999992052 -0.002416829 0.003088361 0.101345642 0.002452075 0.999931191 -0.011465301 0.082579914 -0.003059387 0.011472720 0.999929740 6.254672872
0.999992566 -0.002201057 0.003110026 0.106240818 0.002234768 0.999938451 -0.010873378 0.086971953 -0.003084971 0.010880300 0.999936437 6.467836551
0.999991632 -0.002047419 0.003465272 0.117570173 0.002080425 0.999951609 -0.009579342 0.095938889 -0.003444851 0.009586491 0.999948548 6.895448795
0.999991615 -0.002303914 0.003529042 0.126699655 0.002334739 0.999959168 -0.008754635 0.104627101 -0.003508517 0.008762811 0.999955669 7.347386073
0.999989034 -0.002724783 0.003734175 0.130472201 0.002757316 0.999957653 -0.008727526 0.108375362 -0.003710447 0.008737746 0.999955429 7.572720837
0.999982531 -0.004456633 0.003856431 0.145168320 0.004492237 0.999946240 -0.009296776 0.114410368 -0.003814986 0.009314016 0.999949552 8.016407015
0.999980069 -0.005158872 0.003683885 0.152373091 0.005193720 0.999941372 -0.009506091 0.121639210 -0.003634469 0.009525115 0.999947964 8.479885237
0.999978884 -0.005366528 0.003658038 0.159170171 0.005402435 0.999936187 -0.009888129 0.124564557 -0.003603747 0.009907640 0.999944551 8.707809966
0.999977936 -0.005464148 0.003760691 0.164872897 0.005506723 0.999919671 -0.011426393 0.130012945 -0.003696595 0.011446803 0.999928232 9.196282729
0.999981205 -0.005080489 0.003474343 0.174090225 0.005124520 0.999904515 -0.012790667 0.135815604 -0.003408661 0.012808240 0.999912540 9.700773601
0.999983939 -0.004478692 0.003316610 0.179482770 0.004522077 0.999902297 -0.013195724 0.139127992 -0.003256907 0.013210593 0.999907988 9.953656051
0.999985685 -0.002868389 0.004457192 0.191523162 0.002928272 0.999904712 -0.013479046 0.146926491 -0.004417208 0.013491861 0.999899566 10.473493151
0.999989796 -0.000931017 0.004426696 0.198679467 0.000990415 0.999908735 -0.013433113 0.155536859 -0.004413428 0.013437383 0.999900165 11.002256627
0.999991106 0.000164392 0.004147296 0.205323719 -0.000109331 0.999911759 -0.013275517 0.159943062 -0.004149270 0.013274924 0.999903655 11.269212634
0.999989685 0.002634177 0.003701357 0.211829488 -0.002584391 0.999906618 -0.013393512 0.168687297 -0.003734813 0.013383768 0.999903780 11.823582128
0.999977155 0.005872916 0.003168541 0.218317283 -0.005828916 0.999888541 -0.013725493 0.177031994 -0.003248265 0.013706704 0.999901403 12.377958408
0.999973358 0.006497837 0.003221614 0.221244676 -0.006452437 0.999881758 -0.013922663 0.181466050 -0.003311445 0.013901558 0.999898009 12.667946248
0.999959488 0.008426771 0.003333842 0.236950315 -0.008380271 0.999870659 -0.013729237 0.190548302 -0.003448915 0.013700719 0.999900731 13.230037957
0.999951957 0.009143702 0.003324356 0.243536631 -0.009094288 0.999852650 -0.014570077 0.198663819 -0.003456643 0.014539201 0.999889157 13.810670419
0.999937352 0.010598945 0.003649838 0.254359612 -0.010540777 0.999821917 -0.015621517 0.201173429 -0.003814718 0.015582069 0.999871432 14.094326770
0.999905449 0.012972045 0.004596807 0.265559005 -0.012888311 0.999758011 -0.017812086 0.207330969 -0.004825961 0.017751163 0.999830859 14.705108760
0.999891450 0.014079420 0.004210378 0.280190657 -0.013996069 0.999717090 -0.019219858 0.214431543 -0.004478758 0.019158920 0.999806594 15.305646570
0.999885574 0.014598064 0.004005239 0.286611980 -0.014517186 0.999703244 -0.019541911 0.218760402 -0.004289004 0.019481612 0.999800769 15.611660325
0.999901461 0.013608365 0.003525647 0.299973006 -0.013537944 0.999722492 -0.019280935 0.229224577 -0.003786503 0.019231341 0.999808040 16.237105292
0.999927031 0.011337396 0.004024650 0.320766017 -0.011264502 0.999779646 -0.017689050 0.242053369 -0.004224521 0.017642464 0.999835829 16.881754200
0.999935784 0.010681604 0.003779313 0.323584169 -0.010616531 0.999801014 -0.016851091 0.248937161 -0.003958383 0.016809984 0.999851597 17.210756859
0.999947885 0.009546306 0.003495047 0.339848805 -0.009488702 0.999824134 -0.016141290 0.260768459 -0.003647726 0.016107368 0.999863874 17.877811022
0.999953809 0.008676764 0.004129489 0.360044013 -0.008600184 0.999796528 -0.018227159 0.267606186 -0.004286624 0.018190836 0.999825363 18.535365849
0.999951913 0.008898871 0.004082523 0.368019729 -0.008815863 0.999762363 -0.019928364 0.270040858 -0.004258079 0.019891418 0.999792810 18.868952063
0.999933665 0.011155410 0.002960606 0.375538323 -0.011082574 0.999660741 -0.023573518 0.274608677 -0.003221729 0.023539119 0.999718446 19.529045653
0.999902410 0.013852384 0.001771200 0.379043662 -0.013802689 0.999577964 -0.025540932 0.282332190 -0.002124368 0.025514002 0.999671874 20.198669798
0.999886630 0.014905639 0.002177594 0.392494639 -0.014845139 0.999562216 -0.025584461 0.287379580 -0.002557911 0.025549279 0.999670879 20.536719604
0.999868949 0.016100388 0.001637089 0.397885996 -0.016055311 0.999568485 -0.024573864 0.300580386 -0.002031605 0.024544397 0.999696972 21.233790986
0.999866704 0.016294188 0.000923414 0.411068085 -0.016270417 0.999633921 -0.021619607 0.316823016 -0.001274809 0.021601734 0.999766387 21.937250659
0.999867413 0.016164400 0.001936265 0.423269106 -0.016123097 0.999674549 -0.019734813 0.325693475 -0.002254162 0.019701039 0.999803664 22.300199816
0.999873635 0.015632097 0.003024006 0.445043667 -0.015581279 0.999748372 -0.016144501 0.343366880 -0.003275363 0.016095307 0.999865360 23.036971434
0.999892472 0.014327893 0.003198516 0.459576432 -0.014284698 0.999811099 -0.013139637 0.360484133 -0.003385556 0.013092497 0.999908884 23.780760676
0.999915611 0.012558138 0.003334427 0.473242762 -0.012516990 0.999848159 -0.012103327 0.367899342 -0.003485265 0.012060648 0.999921934 24.145022547
0.999928749 0.011535575 0.003101350 0.483494005 -0.011501017 0.999873717 -0.010952485 0.382209181 -0.003226462 0.010916067 0.999936091 24.898443645
0.999938719 0.010663136 0.002912203 0.495966354 -0.010631344 0.999885512 -0.010746010 0.394850551 -0.003025088 0.010714376 0.999938281 25.653825074
0.999955429 0.009074870 0.002669408 0.509215523 -0.009045009 0.999898300 -0.010998527 0.400290054 -0.002768398 0.010973899 0.999936198 26.030924653
0.999976332 0.006393252 0.002604098 0.522106492 -0.006363678 0.999916765 -0.011223087 0.412520444 -0.002675488 0.011206295 0.999934111 26.799761207
0.999972929 0.007077286 0.001671153 0.531326775 -0.007061393 0.999931871 -0.009322111 0.428224149 -0.001736236 0.009310131 0.999955276 27.565318775
0.999972274 0.007353746 0.001187196 0.537452328 -0.007343323 0.999936309 -0.008544432 0.435734465 -0.001249125 0.008535444 0.999963241 27.949391354
0.999971376 0.007530690 0.000910460 0.555834285 -0.007524309 0.999948366 -0.006833094 0.450927168 -0.000961344 0.006825990 0.999976635 28.722685561
0.999961812 0.008738605 0.000511488 0.568473906 -0.008735438 0.999942929 -0.006055585 0.464867592 -0.000564191 0.006050878 0.999981557 29.504297211
0.999957155 0.009236348 0.000114835 0.576053535 -0.009235448 0.999937045 -0.006257810 0.470672946 -0.000171823 0.006256529 0.999980680 29.889686746
0.999915775 0.012952201 -0.000814375 0.597437971 -0.012957760 0.999889142 -0.007314894 0.494626220 0.000719528 0.007324857 0.999973619 31.476009072
0.999903969 0.013782985 -0.001039800 0.600552583 -0.013790543 0.999876038 -0.007620266 0.500842451 0.000934465 0.007633886 0.999970738 31.883779936
0.999898529 0.014150933 -0.001549149 0.609429060 -0.014162559 0.999869395 -0.007783506 0.513781918 0.001439495 0.007804665 0.999968388 32.688440896
0.999884026 0.015199817 -0.001121753 0.624000242 -0.015207971 0.999855462 -0.007624400 0.526914888 0.001005881 0.007640614 0.999970027 33.484802399
0.999881263 0.015329425 -0.001170032 0.627902106 -0.015337905 0.999853168 -0.007654861 0.533617092 0.001052539 0.007671964 0.999970317 33.893209004
0.999885784 0.015073504 -0.001000643 0.642932350 -0.015080461 0.999859408 -0.007347272 0.547238043 0.000890493 0.007361588 0.999973017 34.703010359
0.999854301 0.017014739 -0.001220382 0.651541752 -0.017022666 0.999831340 -0.006822833 0.561537948 0.001103934 0.006842667 0.999976503 35.520452355
0.999841212 0.017711804 -0.001894133 0.652833209 -0.017724324 0.999819016 -0.006810964 0.568552200 0.001773645 0.006843459 0.999975338 35.939725816
0.999842217 0.017563546 -0.002545150 0.665410883 -0.017578714 0.999826345 -0.006072307 0.583574497 0.002438836 0.006116094 0.999978299 36.786627810
0.999867412 0.016085667 -0.002473259 0.685147222 -0.016099956 0.999852847 -0.005903917 0.597305080 0.002378940 0.005942961 0.999979848 37.626543570
0.999893693 0.014332501 -0.002656940 0.693609477 -0.014349031 0.999877424 -0.006304378 0.603297308 0.002566639 0.006341833 0.999976756 38.038826215
0.999931337 0.011552757 -0.002051360 0.708735546 -0.011565931 0.999911673 -0.006513025 0.616629149 0.001976102 0.006536319 0.999977134 38.874884769
0.999933697 0.011436584 -0.000968478 0.717184929 -0.011441987 0.999918065 -0.005710149 0.632250094 0.000903933 0.005720894 0.999983551 39.731360758
0.999944373 0.010538429 -0.000507950 0.729234133 -0.010540837 0.999931992 -0.005041101 0.640204734 0.000455390 0.005046177 0.999987718 40.159634195
0.999954542 0.009367877 -0.001745079 0.744496468 -0.009376572 0.999943575 -0.005028224 0.654146426 0.001697669 0.005044415 0.999985982 41.021934678
0.999950020 0.009770289 -0.001919788 0.754244898 -0.009783760 0.999926685 -0.007160055 0.664616393 0.001849614 0.007178555 0.999972897 41.879786161
0.999946241 0.010204388 -0.002011761 0.756655950 -0.010220888 0.999912779 -0.008373485 0.669787854 0.001926652 0.008393614 0.999963363 42.313183065
0.999938098 0.010985533 -0.001736858 0.770746676 -0.011001628 0.999893568 -0.009548569 0.681997025 0.001631683 0.009567157 0.999953027 43.187673129
0.999934691 0.011360485 -0.001383211 0.784677722 -0.011372076 0.999897668 -0.008664598 0.697953876 0.001285498 0.008679808 0.999961430 44.074903675
0.999929717 0.011793334 -0.001133901 0.792562238 -0.011802370 0.999895568 -0.008275284 0.705698100 0.001036763 0.008288076 0.999965416 44.512764850
0.999927783 0.012003207 -0.000205117 0.806884494 -0.012004469 0.999894835 -0.008150549 0.720634675 0.000108357 0.008152475 0.999967003 45.413460870
0.999926914 0.012075406 -0.000556506 0.821673002 -0.012079289 0.999897133 -0.007706594 0.736219046 0.000463591 0.007712774 0.999970083 46.327594028
0.999929667 0.011906795 -0.000093423 0.830745864 -0.011907237 0.999899399 -0.007634801 0.743648713 0.000002583 0.007635397 0.999971220 46.779552685
0.999926493 0.012118372 -0.000491550 0.844786215 -0.012121484 0.999901791 -0.006975577 0.759616107 0.000406689 0.006980984 0.999975492 47.693035340
0.999907244 0.013636305 0.000271386 0.863707957 -0.013634193 0.999884547 -0.006630812 0.774711701 -0.000361077 0.006626555 0.999978509 48.597592637
0.999893910 0.014579469 -0.000424714 0.864779632 -0.014582176 0.999868671 -0.007005610 0.781718529 0.000323245 0.007011064 0.999975821 49.055922659
0.999882718 0.015263561 -0.000616390 0.873284059 -0.015268367 0.999845092 -0.008781787 0.793724764 0.000482263 0.008790166 0.999961656 49.964964628
0.999906062 0.013688160 0.000048712 0.896571171 -0.013686649 0.999841268 -0.011407950 0.803775393 -0.000204846 0.011406210 0.999935407 50.873471606
0.999919709 0.012626540 -0.000996457 0.904037176 -0.012637901 0.999843714 -0.012322138 0.809513946 0.000841332 0.012333748 0.999923660 51.324170998
0.999913849 0.013129919 0.000646635 0.919762234 -0.013121772 0.999848789 -0.011381898 0.826483806 -0.000795652 0.011372456 0.999934783 52.265176905
0.999918998 0.012674537 -0.000055909 0.934526431 -0.012674512 0.999881089 -0.008767457 0.846405730 -0.000054571 0.008767529 0.999961565 53.218292813
0.999929843 0.011881824 0.000174734 0.939648610 -0.011880108 0.999898207 -0.007914213 0.855962835 -0.000268212 0.007911638 0.999968876 53.706051782
0.999929263 0.011852603 -0.000272737 0.956049479 -0.011854394 0.999897143 -0.008063591 0.870941530 0.000177238 0.008066310 0.999968125 54.647735510
0.999941360 0.010853267 0.000057619 0.977002650 -0.010852357 0.999902974 -0.008710879 0.885030456 -0.000151379 0.008709772 0.999962422 55.593298332
0.999939668 0.010933369 0.000926521 0.986640734 -0.010924848 0.999901454 -0.008784131 0.892888728 -0.001022595 0.008773460 0.999961107 56.084950139
0.999922501 0.012356868 0.001222516 1.000871386 -0.012345386 0.999883045 -0.009000115 0.908247937 -0.001333235 0.008984370 0.999959087 57.050947702
0.999920502 0.012536865 0.001323207 1.019976238 -0.012523562 0.999874706 -0.009635775 0.922575531 -0.001442870 0.009618418 0.999953096 58.008022622
0.999910061 0.013273371 0.001854318 1.024965857 -0.013253160 0.999857059 -0.010496696 0.929186042 -0.001992411 0.010471126 0.999943590 58.495831647
0.999906771 0.013538987 0.001631406 1.044836503 -0.013517022 0.999826949 -0.012784673 0.941103511 -0.001804125 0.012761394 0.999916823 59.479843794
0.999917491 0.012635097 0.002235513 1.070104670 -0.012601367 0.999814984 -0.014525237 0.953905695 -0.002418239 0.014495943 0.999892712 60.468348887
0.999923708 0.012047036 0.002590530 1.085068828 -0.012007107 0.999815966 -0.014914557 0.961060517 -0.002768682 0.014882319 0.999885765 60.964520619
0.999940733 0.010451096 0.003043922 1.109897658 -0.010407275 0.999846472 -0.014075275 0.978691143 -0.003190030 0.014042858 0.999896828 61.978551981
0.999952903 0.008886524 0.003895413 1.138423126 -0.008834347 0.999873088 -0.013210395 0.995844433 -0.004011630 0.013175328 0.999905283 62.969559146
0.999960988 0.007352017 0.004898085 1.159574303 -0.007289342 0.999892460 -0.012704428 1.004419885 -0.004990792 0.012668217 0.999907584 63.470858717
0.999983155 0.003956722 0.004151514 1.188176273 -0.003904419 0.999914180 -0.012515055 1.020854562 -0.004200288 0.012498769 0.999913897 64.488130378
0.999990713 0.002101422 0.003768494 1.216597490 -0.002052358 0.999913621 -0.012982267 1.035690531 -0.003795825 0.012974496 0.999908939 65.479176908
0.999991580 0.001523912 0.003639084 1.227442345 -0.001476193 0.999913439 -0.013089992 1.043643772 -0.003657956 0.013084532 0.999907988 65.984919240
0.999996746 -0.000439967 0.002481600 1.253765692 0.000471279 0.999919374 -0.012652017 1.060468397 -0.002475918 0.012653116 0.999917252 67.000252287
0.999997380 -0.001182101 0.001906947 1.276783499 0.001203588 0.999935646 -0.011289729 1.079166731 -0.001892920 0.011292023 0.999934568 68.025781665
0.999995392 -0.001493080 0.002545841 1.291210809 0.001519343 0.999944289 -0.010384037 1.088982500 -0.002529301 0.010387908 0.999943723 68.547516486
0.999993615 -0.002877746 0.002093939 1.317732434 0.002896550 0.999954901 -0.009048661 1.107795382 -0.002067411 0.009054712 0.999957230 69.589068045
0.999994111 -0.002893777 0.001532281 1.340400483 0.002906114 0.999963172 -0.008080247 1.126016279 -0.001508987 0.008084726 0.999966531 70.627409679
0.999993484 -0.003224500 0.001371748 1.355538204 0.003235192 0.999964180 -0.007853144 1.134609995 -0.001345745 0.007857545 0.999968120 71.149809256
0.999992360 -0.003889005 0.000312719 1.372502562 0.003891216 0.999965490 -0.007352394 1.152437620 -0.000283917 0.007353559 0.999973068 72.196453741
0.999994263 -0.003446573 0.000112212 1.397707324 0.003447266 0.999966665 -0.007356384 1.168708362 -0.000086616 0.007356759 0.999973317 73.223956346
0.999995031 -0.002978902 -0.000047433 1.402585006 0.002978535 0.999969475 -0.007169584 1.177708677 0.000069231 0.007169465 0.999973940 73.750781208
0.999996785 -0.001383504 -0.002104815 1.418004968 0.001369303 0.999976489 -0.006741926 1.195233584 0.002114471 0.006739057 0.999974794 74.796142843
0.999998653 0.000457243 -0.001859657 1.434859682 -0.000471492 0.999970210 -0.007648284 1.210624026 0.001855974 0.007649226 0.999969167 75.842828729
0.999998818 0.001483756 -0.000642647 1.448398186 -0.001489175 0.999964127 -0.008358466 1.217696432 0.000630047 0.008359441 0.999964746 76.363966157
0.999995882 0.002863874 -0.000706576 1.473687538 -0.002870071 0.999955565 -0.008915220 1.233428352 0.000681068 0.008917219 0.999959801 77.417730204
0.999988737 0.004696723 0.000668320 1.499801887 -0.004690749 0.999950991 -0.008731352 1.250485275 -0.000709718 0.008728179 0.999962021 78.472115738
0.999985369 0.005408998 0.000303759 1.509248049 -0.005406146 0.999946556 -0.008763911 1.258955407 -0.000351542 0.008762133 0.999961839 79.002813586
0.999986400 0.005214954 0.000114746 1.525525024 -0.005213739 0.999945626 -0.008960374 1.276097846 -0.000161097 0.008959672 0.999960077 80.075078002
0.999986538 0.005228011 0.000256598 1.545649283 -0.005225565 0.999946809 -0.008829580 1.293692431 -0.000302909 0.008828149 0.999961075 81.150554720
0.999983598 0.005655801 0.000380798 1.560016379 -0.005652378 0.999945804 -0.008666550 1.302169747 -0.000429783 0.008664277 0.999962458 81.672312278
0.999990507 0.004324935 0.000840742 1.587826219 -0.004318006 0.999957997 -0.008041815 1.320468858 -0.000875170 0.008038127 0.999967256 82.754216992
0.999993270 0.003657153 0.000546194 1.606162373 -0.003653216 0.999967871 -0.007147614 1.339640564 -0.000571829 0.007145567 0.999975158 83.841183072
0.999996140 0.002849340 0.000066285 1.621747923 -0.002848858 0.999971961 -0.006897342 1.348472549 -0.000085079 0.006897171 0.999976210 84.377026744
0.999994706 0.002971240 -0.001029408 1.639268516 -0.002977977 0.999973734 -0.006614150 1.366529010 0.001009081 0.006617171 0.999977936 85.463367772
0.999990255 0.004095728 -0.001549725 1.656291401 -0.004106491 0.999966733 -0.006996169 1.383238484 0.001521113 0.007002418 0.999974432 86.536283540
0.999987827 0.004540009 -0.002058573 1.666962308 -0.004554004 0.999966309 -0.006848122 1.392203122 0.002027584 0.006857492 0.999975053 87.081065125
0.999985069 0.004458578 -0.003063917 1.681446235 -0.004477780 0.999969741 -0.006299807 1.410812809 0.003036120 0.006313448 0.999975473 88.164820770
0.999982011 0.005485033 -0.002266450 1.707582218 -0.005496440 0.999972212 -0.005039429 1.430809456 0.002239187 0.005051803 0.999984800 89.284465088
0.999977443 0.005725284 -0.003409767 1.711535099 -0.005740390 0.999973485 -0.004446975 1.441144262 0.003384097 0.004466443 0.999984433 89.849679718
0.999977891 0.005622140 -0.003509499 1.733063507 -0.005634393 0.999977463 -0.003464801 1.460802098 0.003489844 0.003484481 0.999987924 90.965465814
0.999981910 0.004261958 -0.004098863 1.750421386 -0.004273871 0.999986081 -0.002906385 1.480119668 0.004087021 0.002923854 0.999987241 92.090841853
0.999982151 0.003887956 -0.004553703 1.760784775 -0.003900094 0.999988525 -0.002648857 1.489545785 0.004544158 0.002666589 0.999986752 92.648419745
0.999989464 0.003182304 -0.003376592 1.781816825 -0.003190435 0.999991889 -0.002399481 1.507886598 0.003369479 0.002410275 0.999991624 93.750780071
0.999989516 0.002786319 -0.003584993 1.800853054 -0.002794720 0.999992703 -0.002342461 1.525606516 0.003579344 0.002352521 0.999991042 94.838414809
0.999988064 0.002790408 -0.004131302 1.805049645 -0.002801722 0.999992452 -0.002749534 1.534061483 0.004123957 0.002761074 0.999987970 95.390857227
0.999988781 0.003345802 -0.003390557 1.823681295 -0.003358752 0.999986970 -0.003838895 1.550085373 0.003378134 0.003850260 0.999986869 96.491324922
0.999982602 0.004044948 -0.004278864 1.838105008 -0.004062271 0.999983523 -0.004067205 1.567356606 0.004263048 0.004084493 0.999983162 97.575103304
0.999978745 0.004287243 -0.004859455 1.841121340 -0.004306953 0.999982650 -0.004064570 1.576305923 0.004842217 0.004085401 0.999979791 98.113445185
0.999965375 0.006763995 -0.004856751 1.850637599 -0.006785072 0.999966994 -0.004327000 1.593869626 0.004826907 0.004359872 0.999979453 99.206158765
0.999959600 0.007188069 -0.005389648 1.862082275 -0.007216302 0.999960393 -0.005232428 1.610555955 0.005351907 0.005271133 0.999971831 100.313623385
0.999949432 0.008260650 -0.005814497 1.865521271 -0.008292816 0.999950425 -0.005532043 1.619184189 0.005768638 0.005580037 0.999968268 100.865418863
0.999940966 0.008692994 -0.006444823 1.875512321 -0.008728167 0.999946779 -0.005452489 1.637585468 0.006397550 0.005508434 0.999964613 101.971566357
0.999959922 0.006980623 -0.005633636 1.894027880 -0.007003158 0.999967439 -0.003977540 1.658325917 0.005606020 0.004016811 0.999976334 103.084758076
0.999967160 0.005914667 -0.005592373 1.897242040 -0.005932286 0.999977046 -0.003140774 1.669253503 0.005574313 0.003173805 0.999979553 103.649318639
0.999980593 0.003409685 -0.005254555 1.918009710 -0.003421332 0.999991532 -0.002207406 1.689014686 0.005247784 0.002225290 0.999983699 104.764458983
0.999991070 0.000255837 -0.004220186 1.938989634 -0.000267397 0.999995665 -0.002719615 1.706196838 0.004220334 0.002720779 0.999987409 105.866838992
0.999991501 -0.000065267 -0.004209423 1.950386679 0.000052072 0.999994757 -0.003113765 1.714289019 0.004209717 0.003113566 0.999986687 106.412279394
0.999989046 -0.000474457 -0.004649949 1.965203399 0.000455361 0.999990836 -0.004099697 1.730579930 0.004652504 0.004097538 0.999981411 107.509522571
0.999989311 -0.000132529 -0.004631871 1.986442200 0.000116111 0.999993854 -0.003531114 1.748638503 0.004632091 0.003530530 0.999983753 108.572831258
0.999990721 -0.000095633 -0.004157250 1.992597651 0.000085260 0.999996941 -0.002513786 1.759311963 0.004157535 0.002513407 0.999988527 109.113719836
0.999992061 -0.000216127 -0.003930877 2.009402441 0.000209496 0.999997993 -0.001667735 1.778470617 0.003930792 0.001666909 0.999991330 110.199398144
0.999989932 -0.000173016 -0.004529435 2.023674159 0.000162916 0.999997663 -0.002233864 1.794782403 0.004530635 0.002233086 0.999987029 111.256940536
0.999991733 -0.001062998 -0.003980275 2.033124815 0.001053881 0.999996718 -0.002300073 1.803352419 0.003983620 0.002295814 0.999989677 111.787636686
0.999991736 -0.001367278 -0.003897146 2.054044863 0.001360418 0.999997331 -0.001767168 1.821622758 0.003900103 0.001761802 0.999991156 112.863745921
0.999990601 -0.003544592 -0.002669371 2.082583988 0.003540107 0.999991612 -0.001679769 1.839119330 0.002675631 0.001670338 0.999995218 113.946308265
0.999986224 -0.004483998 -0.002804525 2.093561514 0.004479014 0.999987858 -0.001744076 1.847602515 0.002812740 0.001731530 0.999994901 114.478293884
0.999986902 -0.004267761 -0.002938403 2.108321504 0.004262509 0.999988752 -0.001780015 1.865051531 0.002946831 0.001767446 0.999994103 115.549265099
0.999984410 -0.004989584 -0.002653827 2.126849691 0.004982807 0.999984526 -0.002567009 1.881194727 0.002667170 0.002553788 0.999994168 116.623478479
0.999982996 -0.005346869 -0.002448498 2.136284170 0.005339945 0.999981699 -0.002809733 1.889405159 0.002464578 0.002796682 0.999993192 117.154180738
0.999975150 -0.005742504 -0.004059425 2.150297800 0.005732061 0.999980140 -0.002564439 1.907277153 0.004074134 0.002541187 0.999988592 118.224500772
0.999977309 -0.006229016 -0.002674187 2.172680012 0.006221088 0.999976026 -0.002972187 1.924022322 0.002692699 0.002955470 0.999992717 119.301923909
0.999978007 -0.006041489 -0.002683354 2.181336676 0.006032425 0.999976274 -0.003365060 1.931956539 0.002703632 0.003348819 0.999990852 119.831986863
0.999985785 -0.004641500 -0.002762409 2.199688154 0.004628428 0.999977660 -0.004675607 1.946590923 0.002784556 0.004662726 0.999985741 120.879973586
0.999997416 -0.001672237 -0.001676938 2.215065089 0.001661180 0.999976873 -0.006589136 1.960740287 0.001688271 0.006586351 0.999977185 121.951644851
0.999997844 -0.000329946 -0.001990366 2.223252804 0.000315572 0.999973376 -0.007224874 1.967966777 0.001992639 0.007224253 0.999972005 122.468271685
0.999988696 0.003272015 -0.003349042 2.224569937 -0.003295757 0.999968913 -0.007118952 1.985546022 0.003326211 0.007129891 0.999968848 123.514844606
0.999972405 0.006642239 -0.003282671 2.237049057 -0.006664727 0.999953957 -0.006902149 2.003335044 0.003236959 0.006923919 0.999970946 124.583878056
0.999969121 0.007200314 -0.002984905 2.244964753 -0.007221043 0.999949405 -0.006992726 2.011812100 0.002935080 0.007014139 0.999971386 125.113287793
0.999972169 0.007267987 -0.001528578 2.272285873 -0.007278363 0.999949033 -0.006924724 2.028963992 0.001478404 0.006935719 0.999975226 126.181763853
0.999962124 0.008601486 -0.000979524 2.290992006 -0.008606573 0.999948920 -0.005324970 2.049062616 0.000934554 0.005333220 0.999985834 127.255910041
0.999966910 0.008166393 -0.000406137 2.305411677 -0.008168176 0.999955737 -0.004520138 2.058708581 0.000369088 0.004523336 0.999989876 127.777647747
0.999978332 0.006540441 -0.001070365 2.320294341 -0.006543646 0.999973835 -0.002984822 2.078884446 0.001050886 0.002991812 0.999995585 128.848572640
0.999979212 0.006240191 -0.001856930 2.336598277 -0.006245457 0.999976308 -0.002802180 2.096626192 0.001839716 0.002813736 0.999994777 129.920826875
0.999982063 0.005769305 -0.001424783 2.346807875 -0.005773464 0.999978412 -0.002920036 2.105052908 0.001408123 0.002928206 0.999994673 130.452169457
0.999984031 0.005417588 -0.001578367 2.363759201 -0.005421694 0.999982105 -0.002618174 2.122590868 0.001564457 0.002626706 0.999995394 131.498818862
0.999988035 0.004789029 -0.000925758 2.389376292 -0.004791940 0.999983206 -0.003144010 2.138310791 0.000910665 0.003148522 0.999995183 132.539778967
0.999987794 0.004927611 -0.000866520 2.398364290 -0.004930518 0.999981743 -0.003366241 2.146312919 0.000850044 0.003370502 0.999994428 133.057036622
0.999988563 0.004707034 -0.000471634 2.415153737 -0.004708695 0.999982239 -0.003520476 2.162671686 0.000455272 0.003522748 0.999993745 134.077453771
0.999987360 0.005004363 -0.000077572 2.440816662 -0.005004671 0.999981877 -0.003404535 2.179410431 0.000061076 0.003404859 0.999994556 135.118396568
0.999984155 0.005640944 -0.000213424 2.449833419 -0.005641684 0.999978228 -0.003224522 2.188051820 0.000195339 0.003225704 0.999994642 135.635643364
0.999981898 0.006091007 0.000080814 2.470343385 -0.006090820 0.999978639 -0.002202810 2.206922920 -0.000094549 0.002202280 0.999997826 136.698294251
0.999975211 0.007021671 0.000336589 2.492110000 -0.007021472 0.999975087 -0.000570474 2.226997707 -0.000340831 0.000568153 1.000000562 137.775016829
0.999973500 0.007296606 0.000138365 2.502391494 -0.007296641 0.999972958 0.000301438 2.237022576 -0.000136207 -0.000302421 1.000000478 138.306332262
0.999967767 0.008024697 -0.000097249 2.522909548 -0.008024554 0.999966663 0.001456637 2.256073467 0.000109482 -0.001455833 0.999999182 139.368980095
0.999977806 0.006669492 -0.000567380 2.543367388 -0.006668559 0.999976106 0.001781837 2.273785906 0.000579861 -0.001777918 0.999999119 140.431650665
0.999979665 0.006390502 -0.000179872 2.552377405 -0.006390202 0.999977949 0.001820161 2.282277468 0.000192061 -0.001818910 0.999998673 140.948900006
0.999982662 0.005785672 0.000450256 2.571552533 -0.005786212 0.999981994 0.001176210 2.298206889 -0.000442852 -0.001178794 0.999999105 141.997508726
0.999982737 0.005868599 -0.000367609 2.590694857 -0.005868539 0.999982067 0.000190851 2.313407152 0.000368784 -0.000188689 1.000000697 143.046129832
0.999977748 0.006585851 0.000199092 2.599593433 -0.006585611 0.999977437 -0.001203846 2.319421577 -0.000206942 0.001202496 0.999999396 143.563421253
0.999959577 0.009002222 -0.000171441 2.618609938 -0.009002832 0.999951681 -0.003785588 2.331825073 0.000137927 0.003787067 0.999992718 144.612089870
0.999932563 0.011610563 -0.000639385 2.631263117 -0.011613894 0.999917030 -0.005465323 2.346186047 0.000576241 0.005472440 0.999985416 145.668377408
0.999916906 0.012881886 -0.000604546 2.639010193 -0.012885296 0.999898881 -0.006054433 2.353334083 0.000526841 0.006061767 0.999981634 146.171557433
0.999892625 0.014594375 -0.000703493 2.654517377 -0.014598935 0.999868191 -0.007071671 2.367919820 0.000600387 0.007081185 0.999975094 147.177912563
0.999896286 0.014355183 -0.001209127 2.672435855 -0.014364716 0.999862180 -0.008257986 2.382645553 0.001090292 0.008274495 0.999965266 148.212449592
0.999883649 0.015083134 -0.002211042 2.673743215 -0.015102370 0.999845742 -0.008907530 2.390053029 0.002076286 0.008939953 0.999958396 148.723277384
