1.000000000 -0.000000000 -0.000000000 0.000000000 -0.000000000 1.000000000 0.000000000 -0.000000000 0.000000000 -0.000000000 1.000000000 -0.000000000
0.999999351 -0.001139698 -0.000014800 0.021116742 0.001139747 0.999998873 0.000115922 0.030122934 0.000014445 -0.000115936 0.999999596 1.020022583
0.999995731 -0.002967550 0.000123874 0.042224416 0.002967540 0.999994884 0.000031005 0.059936139 -0.000123123 -0.000030642 1.000000048 2.040054428
0.999993697 -0.003563983 -0.000641342 0.052149975 0.003564082 0.999993450 0.000158186 0.074895625 0.000642066 -0.000160507 0.999999599 2.543023190
0.999991633 -0.003829280 -0.001188666 0.064275334 0.003828599 0.999992040 -0.000608295 0.103109122 0.001191872 0.000603679 0.999998872 3.542602128
0.999991565 -0.003955627 -0.001126248 0.084095740 0.003954569 0.999991091 -0.000988261 0.131979011 0.001130204 0.000983810 0.999998624 4.548571022
0.999993225 -0.003566203 -0.000806949 0.094018082 0.003565447 0.999993082 -0.000932446 0.146828592 0.000811109 0.000929571 0.999998822 5.051543071
0.999997710 -0.000960251 -0.001521446 0.126049552 0.000959888 0.999998871 -0.000262080 0.206839415 0.001522370 0.000260531 0.999998165 7.057003367
0.999997707 -0.000303823 -0.001955677 0.135957561 0.000302963 0.999999854 -0.000468077 0.221199425 0.001955770 0.000467509 0.999997520 7.559990054
0.999996033 0.002049311 -0.002054672 0.157078398 -0.002049684 0.999997763 -0.000186940 0.251462237 0.002054855 0.000191114 0.999997371 8.580008455
0.999993222 0.002633471 -0.002374418 0.167983766 -0.002633247 0.999995780 0.000079312 0.281030406 0.002375001 -0.000073092 0.999996247 9.565455728
0.999992913 0.003347712 -0.001895842 0.177897040 -0.003347776 0.999993528 -0.000042433 0.295570258 0.001895916 0.000048817 0.999998272 10.068437038
0.999979618 0.005946908 -0.002266201 0.195163384 -0.005948279 0.999981505 -0.000604920 0.323252902 0.002263466 0.000618401 0.999997318 11.046259117
0.999959346 0.008860058 -0.001532760 0.214958926 -0.008862319 0.999958817 -0.001459808 0.351273535 0.001520849 0.001473416 0.999997744 12.052253406
0.999941715 0.010504973 -0.002449322 0.217178031 -0.010509715 0.999941995 -0.001926703 0.365186970 0.002428873 0.001952351 0.999994480 12.548843864
0.999909922 0.013246242 -0.001993883 0.229298417 -0.013251787 0.999907512 -0.002787496 0.393230616 0.001956762 0.002813650 0.999993881 13.548427882
0.999870381 0.015910734 -0.002470790 0.241487543 -0.015916272 0.999870582 -0.002240476 0.423622206 0.002434962 0.002279527 0.999993607 14.547941691
0.999840762 0.017550659 -0.003136134 0.245018195 -0.017556678 0.999843886 -0.001899927 0.439308231 0.003103104 0.001954740 0.999993242 15.058570302
0.999814030 0.019125820 -0.002575265 0.264839186 -0.019131615 0.999813516 -0.002265136 0.468198103 0.002532669 0.002313968 0.999993766 16.064538599
0.999811402 0.019367901 -0.001533781 0.291047479 -0.019372449 0.999807602 -0.002993525 0.496101662 0.001476948 0.003022621 0.999994189 17.062854814
0.999805825 0.019695833 -0.000869515 0.300980936 -0.019698142 0.999801662 -0.002726773 0.511330910 0.000815860 0.002743390 0.999995852 17.565815509
0.999819876 0.018958062 -0.000753116 0.319607092 -0.018959246 0.999818256 -0.001557885 0.542434700 0.000724846 0.001571862 0.999998228 18.557626447
0.999846379 0.017527239 0.000203307 0.338222133 -0.017527007 0.999846149 -0.000638912 0.573158823 -0.000213625 0.000635172 0.999999776 19.549448737
0.999856320 0.016946504 -0.000375179 0.348140380 -0.016946687 0.999855729 -0.000648501 0.587868527 0.000365552 0.000654730 0.999999695 20.052424968
0.999863035 0.016453759 0.001797917 0.373111131 -0.016452443 0.999863938 -0.000744304 0.616527282 -0.001809796 0.000714587 0.999997921 21.036627443
0.999850352 0.017248448 0.001319990 0.382726891 -0.017247347 0.999850174 -0.000854400 0.645072204 -0.001333848 0.000831538 0.999998606 22.008014155
0.999846209 0.017325719 0.002828034 0.397767695 -0.017322601 0.999848359 -0.001129960 0.658621605 -0.002847081 0.001080797 0.999995000 22.489252349
0.999837270 0.017877548 0.002297132 0.416300247 -0.017873346 0.999838351 -0.001829735 0.686528195 -0.002329119 0.001788450 0.999995233 23.481158890
0.999790234 0.020277092 0.002742634 0.427198010 -0.020272364 0.999792805 -0.001733411 0.715836591 -0.002776534 0.001677436 0.999994299 24.466613931
0.999750543 0.022123047 0.002891872 0.437141705 -0.022119501 0.999753853 -0.001242243 0.731415534 -0.002917916 0.001177990 0.999994429 24.969564170
0.999697220 0.024222178 0.004272669 0.454514524 -0.024223461 0.999706373 0.000259450 0.762734992 -0.004264161 -0.000362919 0.999990083 25.947277501
0.999631145 0.026567908 0.005703006 0.482087119 -0.026570618 0.999645897 0.000405939 0.790185202 -0.005689986 -0.000557307 0.999983406 26.881561065
0.999589092 0.028122057 0.005562925 0.489433462 -0.028121174 0.999604045 -0.000223293 0.803098194 -0.005566506 0.000066778 0.999984083 27.356408706
0.999581963 0.028256565 0.006172794 0.511755379 -0.028242004 0.999597638 -0.002435670 0.827332538 -0.006238720 0.002260258 0.999977268 28.312561165
0.999534747 0.029901476 0.005960154 0.541822654 -0.029882738 0.999548142 -0.003198431 0.853941769 -0.006053366 0.003018833 0.999976771 29.275052192
0.999504675 0.030963162 0.005593950 0.547897817 -0.030941905 0.999513166 -0.003833476 0.866460964 -0.005709272 0.003658489 0.999976709 29.735820451
0.999476657 0.032111999 0.003873752 0.561375777 -0.032096818 0.999476512 -0.003918202 0.893821462 -0.003996957 0.003791804 0.999984429 30.671378689
0.999395189 0.034570454 0.003852870 0.583800073 -0.034554777 0.999394447 -0.004058534 0.921552744 -0.003990073 0.003922992 0.999983747 31.627426582
0.999337467 0.036184807 0.003954030 0.592470248 -0.036170462 0.999338086 -0.003630182 0.936657959 -0.004082158 0.003484842 0.999984957 32.116299828
0.999289317 0.037560523 0.003225654 0.609801822 -0.037551102 0.999290292 -0.002921601 0.966568651 -0.003332775 0.002798320 0.999990192 33.094055284
0.999273740 0.038061168 0.002125552 0.625916039 -0.038058777 0.999274851 -0.001113241 0.997923936 -0.002165515 0.001031567 0.999996871 34.057676386
0.999234945 0.039100813 0.000628397 0.633343407 -0.039100708 0.999234967 -0.000070868 1.013604504 -0.000630027 0.000046250 0.999999189 34.532441270
0.999163887 0.040785742 -0.002895746 0.634115210 -0.040780251 0.999166069 0.001932899 1.045275580 0.002973385 -0.001813159 0.999993486 35.483233763
0.999095029 0.042013538 -0.006660567 0.634808911 -0.041998541 0.999114708 0.002376248 1.074278992 0.006754371 -0.002094392 0.999974627 36.434106025
0.999047823 0.042960868 -0.007535760 0.640937896 -0.042940480 0.999073494 0.002837930 1.088636577 0.007651515 -0.002511668 0.999967175 36.894819311
0.999003936 0.043584956 -0.009557847 0.646817922 -0.043545430 0.999041237 0.004303696 1.118657779 0.009736643 -0.003883130 0.999944962 37.823888406
0.999359852 0.033988167 -0.011210858 0.659292643 -0.033879770 0.999378349 0.009721731 1.154776465 0.011534831 -0.009335666 0.999889656 38.745093598
0.999510258 0.029048086 -0.011617230 0.671993505 -0.028889819 0.999489709 0.013568716 1.174452215 0.012005983 -0.013226412 0.999840645 39.197966284
0.999282631 0.035492716 -0.013241406 0.668891509 -0.035303444 0.999274390 0.014260436 1.202883701 0.013738328 -0.013782639 0.999810719 40.106582174
0.999241942 0.035850997 -0.015135341 0.670413630 -0.035782324 0.999348164 0.004782129 1.213129793 0.015297702 -0.004236893 0.999873562 40.993969116
0.999387599 0.030846347 -0.016546867 0.674911937 -0.030883085 0.999520365 -0.001969554 1.214814333 0.016479158 0.002479464 0.999861148 41.440970197
0.999242656 0.031194226 -0.023262475 0.662669085 -0.031319597 0.999496598 -0.005049342 1.236230853 0.023094484 0.005774068 0.999716030 42.329295109
0.998983200 0.036006161 -0.027153964 0.639539714 -0.035884850 0.999342785 0.004943116 1.281085343 0.027314173 -0.003963601 0.999618758 43.246373482
0.998904540 0.037964535 -0.027356636 0.631748693 -0.037742759 0.999249703 0.008577514 1.301317993 0.027662408 -0.007535564 0.999588407 43.708183083
0.998730108 0.041784291 -0.028156815 0.622231606 -0.041545445 0.999095934 0.009014737 1.329786622 0.028508391 -0.007833534 0.999562775 44.624479437
0.998719596 0.041082028 -0.029507005 0.612414109 -0.040997296 0.999153102 0.003472146 1.347994238 0.029625105 -0.002257953 0.999558032 45.541082618
0.998744000 0.039830917 -0.030399188 0.610682777 -0.039842847 0.999204988 0.000214489 1.356050375 0.030383353 0.000996955 0.999537731 45.995574750
0.998622763 0.040009469 -0.033918891 0.585554165 -0.040185897 0.999181058 -0.004537507 1.375642845 0.033710538 0.005894312 0.999413934 46.899317355
0.998458268 0.042290997 -0.035935935 0.568223271 -0.042564335 0.999069958 -0.006876852 1.399398636 0.035612705 0.008395794 0.999330216 47.809345051
0.998400989 0.042214253 -0.037603948 0.552544437 -0.042524192 0.999067278 -0.007480637 1.412390660 0.037253891 0.009067794 0.999264986 48.264961580
0.998164685 0.045380471 -0.040097130 0.519901550 -0.045778444 0.998909756 -0.009063989 1.437501332 0.039643100 0.010883003 0.999154631 49.162129595
0.997713399 0.052071311 -0.043076760 0.475930160 -0.052396765 0.998604647 -0.006460759 1.470953194 0.042681070 0.008703115 0.999050766 50.088502499
0.997660538 0.052497145 -0.043782826 0.466856843 -0.052678357 0.998606389 -0.002996229 1.490412379 0.043564986 0.005295593 0.999035681 50.536244070
0.997336326 0.055188036 -0.047695484 0.420709318 -0.054911688 0.998465445 0.007086177 1.535585691 0.048014601 -0.004448294 0.998836303 51.434084160
0.996886831 0.059466907 -0.051773808 0.367943990 -0.058881945 0.998183237 0.012751376 1.573872211 0.052438354 -0.009663126 0.998576974 52.339811755
0.996967278 0.056399749 -0.053620955 0.344379392 -0.056049964 0.998395182 0.008005415 1.579693549 0.053986742 -0.004975711 0.998528609 52.789233121
0.996819985 0.054249844 -0.058365828 0.297136409 -0.054572644 0.998501653 -0.003951259 1.587449630 0.058064260 0.007123952 0.998287071 53.688192070
0.996460582 0.056888220 -0.061888908 0.250197053 -0.057612309 0.998289029 -0.009977967 1.605576627 0.061216560 0.013508222 0.998032839 54.586840905
0.996304664 0.057016810 -0.064231797 0.212927154 -0.057598529 0.998312752 -0.007240062 1.624606609 0.063710426 0.010912957 0.997908313 55.037139294
0.995901113 0.058104096 -0.069316999 0.161694219 -0.057971523 0.998310238 0.003923027 1.672209113 0.069428309 0.000111445 0.997586446 55.956679479
0.995516886 0.060073740 -0.073055466 0.101254028 -0.059525375 0.998179752 0.009661369 1.710528637 0.073504016 -0.005269363 0.997280951 56.855996504
0.995310102 0.061060012 -0.075028274 0.070272270 -0.060480021 0.998119081 0.009979988 1.725185272 0.075496900 -0.005395484 0.997131438 57.298744091
0.994969360 0.062475874 -0.078311210 0.009561212 -0.061861449 0.998031855 0.010249133 1.754252899 0.078797630 -0.005353119 0.996876384 58.198337769
0.994492333 0.066813054 -0.080752083 -0.052344095 -0.066062998 0.997743690 0.011926607 1.785554427 0.081367205 -0.006526144 0.996662476 59.083773490
0.994181519 0.069254778 -0.082499742 -0.096103384 -0.068429547 0.997573823 0.012791478 1.802083775 0.083185662 -0.007071571 0.996508291 59.541828229
0.993968456 0.070119821 -0.084325741 -0.163157575 -0.069159698 0.997503576 0.014257511 1.833646393 0.085115464 -0.008339540 0.996335556 60.449028876
0.993761805 0.070179207 -0.086675821 -0.230213228 -0.069069757 0.997487625 0.015736460 1.865159056 0.087562827 -0.009651639 0.996111761 61.356231017
0.993711418 0.069911160 -0.087465823 -0.275216494 -0.068661807 0.997491161 0.017215074 1.882223792 0.088450450 -0.011101223 0.996018470 61.800178588
0.993887074 0.066563392 -0.088077494 -0.343446798 -0.064982006 0.997671112 0.020704525 1.916639769 0.089251208 -0.014854463 0.995898303 62.693202756
0.993707417 0.067642030 -0.089268790 -0.411688803 -0.065766238 0.997551309 0.023792037 1.950656096 0.090660282 -0.017771420 0.995722801 63.586238873
0.993739528 0.066429756 -0.089826821 -0.456714885 -0.064443846 0.997611434 0.024833260 1.966941515 0.091261974 -0.018888946 0.995647484 64.030209748
0.993576265 0.066953066 -0.091236369 -0.525059562 -0.064842906 0.997558271 0.025902251 1.997450913 0.092748559 -0.019819766 0.995492018 64.923350731
0.993221013 0.069129474 -0.093445703 -0.606218626 -0.066899089 0.997399205 0.026797255 2.028574127 0.095055475 -0.020364160 0.995263624 65.831836509
0.993330504 0.067259606 -0.093649903 -0.643572184 -0.064920542 0.997502830 0.027806325 2.044746610 0.095287118 -0.021541061 0.995216907 66.282220344
0.993380345 0.066466678 -0.093695720 -0.706688706 -0.063839616 0.997485219 0.030765128 2.077702547 0.095506000 -0.024579943 0.995124761 67.153515437
0.993250824 0.066150646 -0.095272025 -0.781436481 -0.063374682 0.997480264 0.031877069 2.108658731 0.097140707 -0.025624104 0.994939851 68.054324635
0.993285537 0.064559601 -0.095997220 -0.826548269 -0.061820916 0.997597789 0.031236828 2.122016713 0.097784154 -0.025092493 0.994890657 68.498383046
0.993409712 0.062892550 -0.095819943 -0.883639911 -0.060595763 0.997804552 0.026696055 2.141607178 0.097289254 -0.020713756 0.995040339 69.362396222
0.993475723 0.063317366 -0.094849442 -0.954814780 -0.061500145 0.997865389 0.021963804 2.161497591 0.096038745 -0.015987248 0.995248645 70.227672420
0.993598133 0.062737928 -0.093955395 -0.979439364 -0.060993798 0.997910235 0.021323663 2.174138814 0.095097680 -0.015456470 0.995348041 70.662798698
0.993662030 0.064479992 -0.092078269 -1.047727001 -0.062577282 0.997765249 0.023405355 2.206596506 0.093382908 -0.017494960 0.995476271 71.555881423
0.994137465 0.061754018 -0.088755668 -1.103137361 -0.059577608 0.997858794 0.026966692 2.240588502 0.090231879 -0.021520725 0.995687959 72.433555118
0.994449380 0.059007024 -0.087110971 -1.127660152 -0.056729364 0.997985194 0.028396225 2.256706680 0.088611134 -0.023296859 0.995793155 72.868577427
0.994923974 0.056296801 -0.083405406 -1.182009063 -0.054151116 0.998146138 0.027769373 2.283928747 0.084814694 -0.023111869 0.996128479 73.760544716
0.995519924 0.052131856 -0.078880301 -1.215925763 -0.050210948 0.998395446 0.026143372 2.308555700 0.080117172 -0.022065535 0.996541358 74.643636039
0.995774236 0.049545349 -0.077324539 -1.232872266 -0.047695317 0.998533267 0.025592535 2.321273822 0.078479444 -0.021796350 0.996677314 75.085169600
0.996131574 0.045280444 -0.075303618 -1.269253811 -0.043467638 0.998728094 0.025539835 2.347760861 0.076365281 -0.022167771 0.996832991 75.940022986
0.996445460 0.041377675 -0.073382716 -1.304309768 -0.039522534 0.998864770 0.026555053 2.376500070 0.074398401 -0.023560359 0.996950118 76.808900184
0.996532772 0.039802232 -0.073064139 -1.321210347 -0.037924786 0.998917494 0.026906735 2.390786818 0.074057187 -0.024042524 0.996963623 77.250386840
0.996749192 0.036605373 -0.071769063 -1.356378337 -0.034840327 0.999062020 0.025693059 2.415699378 0.072642462 -0.023109079 0.997090042 78.119378464
0.997114231 0.031923317 -0.068881783 -1.372279992 -0.030228402 0.999216795 0.025509781 2.441219877 0.069642822 -0.023353966 0.997298211 78.965307185
0.997222079 0.030083514 -0.068137334 -1.390455261 -0.028384602 0.999264524 0.025765557 2.454992932 0.068863350 -0.023759952 0.997342653 79.392718044
0.997403674 0.026183720 -0.067082584 -1.419136202 -0.024474633 0.999357659 0.026173260 2.482326196 0.067725437 -0.024463517 0.997403241 80.253955708
0.997539030 0.022825157 -0.066295363 -1.447877984 -0.021182608 0.999452599 0.025374144 2.507581280 0.066839372 -0.023907383 0.997476839 81.115255515
0.997494799 0.021825128 -0.067282362 -1.464846719 -0.020223862 0.999496989 0.024388637 2.519540067 0.067781739 -0.022966866 0.997435120 81.556811782
0.997546701 0.019862693 -0.067129558 -1.498721882 -0.018314694 0.999553084 0.023596716 2.545585777 0.067568757 -0.022309395 0.997464932 82.439860681
0.997500169 0.017666480 -0.068418062 -1.532398137 -0.015865520 0.999515243 0.026777111 2.578425538 0.068858496 -0.025624735 0.997297093 83.322706421
0.997468877 0.016833727 -0.069085972 -1.556908057 -0.014898810 0.999484745 0.028427354 2.594983331 0.069529586 -0.027326119 0.997205149 83.757715585
0.997364099 0.016107706 -0.070749704 -1.594477124 -0.014010926 0.999450055 0.030033229 2.623934070 0.071194565 -0.028962782 0.997041655 84.598404143
0.997407820 0.013464150 -0.070685292 -1.632317057 -0.011635262 0.999587996 0.026221728 2.643632911 0.071009379 -0.025331345 0.997153946 85.439369353
0.997420703 0.012138793 -0.070738943 -1.651890457 -0.010467312 0.999658035 0.023950883 2.652675966 0.071006209 -0.023148663 0.997206486 85.852830491
0.997323114 0.010379800 -0.072378969 -1.689683880 -0.008873780 0.999737713 0.021097580 2.673963416 0.072578858 -0.020398774 0.997153885 86.693748199
0.997246376 0.007493610 -0.073776313 -1.738720101 -0.005732379 0.999693456 0.024055689 2.706519492 0.073934842 -0.023566629 0.996984174 87.563783256
0.997191240 0.006080450 -0.074651416 -1.763199307 -0.004126034 0.999645295 0.026306782 2.724126367 0.074785965 -0.025924888 0.996862592 87.998761050
0.997120766 0.004725112 -0.075676596 -1.812223242 -0.002497847 0.999561262 0.029499280 2.757102076 0.075783476 -0.029225335 0.996696223 88.868783560
0.997133128 0.004652604 -0.075528392 -1.861446085 -0.002485940 0.999582493 0.028756084 2.783283735 0.075631464 -0.028485901 0.996728673 89.739009227
0.997123082 0.005004921 -0.075635597 -1.887366128 -0.002920111 0.999613194 0.027648894 2.794701887 0.075745771 -0.027348556 0.996751486 90.160080919
0.997189238 0.005987338 -0.074686108 -1.939213235 -0.004109841 0.999672022 0.025265845 2.817298401 0.074813403 -0.024887928 0.996886286 91.002231474
0.997234417 0.006135635 -0.074069214 -1.978221384 -0.004406054 0.999714131 0.023491548 2.840120364 0.074193096 -0.023100220 0.996976273 91.829012138
0.997248626 0.005794274 -0.073902114 -2.004112176 -0.004108819 0.999727910 0.022938669 2.852537641 0.074015384 -0.022571974 0.997001120 92.250053955
0.997245505 0.005468786 -0.073971465 -2.049514063 -0.003897161 0.999763621 0.021374029 2.876126109 0.074071687 -0.021026986 0.997030855 93.084493274
0.997175781 0.005091403 -0.074932831 -2.101269029 -0.003538393 0.999775825 0.020843773 2.901869867 0.075022767 -0.020519736 0.996970150 93.926549719
0.997182652 0.005767500 -0.074788877 -2.133541273 -0.004225888 0.999775177 0.020756069 2.915473281 0.074892447 -0.020381522 0.996982985 94.355237642
0.997209521 0.006262021 -0.074396585 -2.185273716 -0.004737454 0.999774922 0.020650760 2.941986365 0.074509782 -0.020240566 0.997015078 95.197271083
0.997197409 0.004535499 -0.074680313 -2.236911384 -0.002868895 0.999743889 0.022409015 2.971736614 0.074763213 -0.022132006 0.996955116 96.039207726
0.997177791 0.005685872 -0.074862519 -2.262750986 -0.003980530 0.999728828 0.022909660 2.985902360 0.074972847 -0.022547015 0.996930926 96.460197259
0.997230950 0.007330633 -0.074005430 -2.313281574 -0.005758470 0.999753482 0.021434447 3.010441315 0.074145047 -0.020948951 0.997026591 97.316380889
0.997313737 0.006716739 -0.072932961 -2.365114933 -0.005322979 0.999799255 0.019287773 3.033507417 0.073048264 -0.018847725 0.997149530 98.158517402
0.997339721 0.006586124 -0.072595860 -2.383332031 -0.005240504 0.999811054 0.018709997 3.045851724 0.072705595 -0.018279781 0.997185989 98.585970984
0.997355510 0.008086317 -0.072228624 -2.434852402 -0.006451751 0.999717735 0.022834608 3.079608464 0.072393430 -0.022308261 0.997126345 99.427787823
0.997422023 0.007603700 -0.071346208 -2.486321291 -0.005623159 0.999594271 0.027918370 3.115123664 0.071530304 -0.027445254 0.997060106 100.269552081
0.997381033 0.007478705 -0.071938839 -2.504447126 -0.005390890 0.999559129 0.029173641 3.130585241 0.072124987 -0.028709391 0.996982077 100.696912449
0.997430934 0.006628998 -0.071328244 -2.549868904 -0.004698547 0.999618305 0.027197530 3.153494305 0.071482278 -0.026792505 0.997081685 101.531372083
0.997350141 0.004575090 -0.072605507 -2.601742044 -0.002816316 0.999699750 0.024306860 3.175201597 0.072694681 -0.024037969 0.997064122 102.373549228
0.997294752 0.003950896 -0.073402274 -2.628911329 -0.002221352 0.999718035 0.023628628 3.186975295 0.073475383 -0.023401644 0.997022424 102.780519131
0.997235485 0.001883150 -0.074286563 -2.674274020 -0.000187498 0.999739029 0.022826236 3.211902591 0.074310253 -0.022749229 0.996975675 103.614918416
0.997178810 0.000456516 -0.075061835 -2.722098045 0.001321138 0.999719431 0.023630848 3.238809868 0.075051960 -0.023663411 0.996898717 104.421076179
0.997186948 0.000477413 -0.074947870 -2.742800172 0.001339505 0.999706101 0.024190184 3.252324865 0.074937796 -0.024222617 0.996893070 104.820312438
0.997072903 -0.000388959 -0.076450159 -2.790613081 0.002325774 0.999677716 0.025246769 3.279611809 0.076416266 -0.025350699 0.996753415 105.626458848
0.996825507 -0.001920198 -0.079598131 -2.842360734 0.003913086 0.999682367 0.024888687 3.305605348 0.079525368 -0.025121203 0.996516061 106.468507825
0.996732755 -0.002342136 -0.080732574 -2.875938383 0.004303811 0.999699208 0.024133469 3.317645989 0.080652375 -0.024402098 0.996443020 106.883151321
0.996647200 -0.002246284 -0.081782252 -2.916220052 0.004087166 0.999741034 0.022348875 3.339994224 0.081711481 -0.022608229 0.996398910 107.695854992
0.996544355 -0.001299258 -0.083046586 -2.973140765 0.002988717 0.999790318 0.020222645 3.361395215 0.083003576 -0.020401040 0.996340165 108.481676665
0.996456660 -0.001212523 -0.084104937 -3.001590005 0.002852394 0.999807185 0.019379999 3.372475378 0.084065657 -0.019551214 0.996267610 108.874576148
0.996286979 -0.002165215 -0.086065310 -3.057232517 0.003672980 0.999841900 0.017364408 3.394509956 0.086013903 -0.017615984 0.996137990 109.674470033
0.996168345 -0.003079639 -0.087406991 -3.114122516 0.004477287 0.999865096 0.015798061 3.416960027 0.087347176 -0.016128933 0.996046816 110.460260336
0.996202509 -0.003076717 -0.087013558 -3.136137945 0.004442644 0.999869751 0.015508669 3.428642486 0.086955113 -0.015836490 0.996085955 110.845460234
0.996243700 -0.004237344 -0.086491558 -3.180231108 0.005438749 0.999891231 0.013659740 3.449879268 0.086424231 -0.014078868 0.996158132 111.615923667
0.996161333 -0.005820067 -0.087343958 -3.229407339 0.006967286 0.999892999 0.012834364 3.473625171 0.087260756 -0.013393713 0.996094926 112.408084805
0.996139303 -0.007378990 -0.087471392 -3.250096887 0.008602510 0.999869960 0.013618243 3.487569791 0.087359507 -0.014318162 0.996073697 112.807308217
0.996012330 -0.010591697 -0.088586111 -3.300400675 0.012020624 0.999805272 0.015611976 3.515827600 0.088404237 -0.016614534 0.995945957 113.585243281
0.995999367 -0.009200287 -0.088889329 -3.364863451 0.010673503 0.999813134 0.016113229 3.541797623 0.088724806 -0.016997591 0.995910656 114.364518746
0.995990060 -0.008373742 -0.089074867 -3.394560179 0.009813496 0.999827367 0.015738109 3.553293280 0.088928070 -0.016549137 0.995899986 114.743314647
0.995948714 -0.006562223 -0.089681487 -3.447644432 0.007766983 0.999883505 0.013091367 3.572630616 0.089586324 -0.013734925 0.995884132 115.493334137
0.996014602 -0.006624803 -0.088940640 -3.505777237 0.007726384 0.999896683 0.012046959 3.595656041 0.088852064 -0.012686076 0.995963631 116.265016078
0.995931164 -0.007110016 -0.089839627 -3.521379038 0.008217742 0.999893753 0.011966994 3.607251400 0.089745369 -0.012656617 0.995883600 116.642537006
0.995976582 -0.006776610 -0.089354674 -3.572994080 0.007988951 0.999880501 0.013217237 3.633746610 0.089254598 -0.013877925 0.995911572 117.406433617
0.996011245 -0.005050430 -0.089080409 -3.630915984 0.006540391 0.999842930 0.016441841 3.663975727 0.088984131 -0.016958841 0.995888405 118.177900151
0.996075335 -0.004589960 -0.088394901 -3.660516475 0.006199698 0.999819698 0.017945367 3.678758505 0.088297277 -0.018422956 0.995924041 118.556597760
0.996129727 -0.004933681 -0.087753519 -3.704306011 0.006903723 0.999730482 0.022160235 3.710366204 0.087621173 -0.022680289 0.995895431 119.326751079
0.996252805 -0.005171158 -0.086334935 -3.748168966 0.007345700 0.999663254 0.024887817 3.739466099 0.086178240 -0.025428815 0.995955111 120.096979387
0.996311205 -0.005741236 -0.085621319 -3.771439487 0.007899311 0.999658645 0.024887174 3.751304279 0.085449765 -0.025471695 0.996016429 120.468083472
0.996354060 -0.005894171 -0.085110499 -3.805215284 0.007971945 0.999677691 0.024092577 3.772688294 0.084941775 -0.024683250 0.996079341 121.194997036
0.996389749 -0.005697890 -0.084704512 -3.858215001 0.007678283 0.999704153 0.023072473 3.794913101 0.084548113 -0.023639591 0.996138686 121.944930184
0.996403847 -0.005216137 -0.084570400 -3.880230723 0.007168413 0.999713571 0.022797280 3.806585569 0.084427213 -0.023321535 0.996156100 122.330130382
0.996367026 -0.003158500 -0.085108705 -3.933142101 0.005185173 0.999707362 0.023602459 3.831827734 0.085010179 -0.023958028 0.996091829 123.079973304
0.996298525 -0.002240059 -0.085934757 -3.986072493 0.004318412 0.999701620 0.024006207 3.856420468 0.085856769 -0.024288435 0.996011206 123.829835646
0.996278430 -0.002523227 -0.086163454 -4.009360857 0.004580160 0.999708813 0.023683913 3.867649182 0.086078726 -0.023990409 0.995999440 124.200957954
0.996188662 -0.004175636 -0.087124676 -4.063611572 0.006206256 0.999714760 0.023048577 3.890169588 0.087004170 -0.023501497 0.995930223 124.936791105
0.996039191 -0.003513602 -0.088845020 -4.117861701 0.005533981 0.999731172 0.022504304 3.912709976 0.088742702 -0.022906929 0.995790678 125.672623659
0.996008570 -0.004487479 -0.089140637 -4.142400185 0.006524988 0.999723793 0.022578003 3.924264262 0.089015333 -0.023069609 0.995762794 126.029645074
0.995835521 -0.004665799 -0.091048151 -4.196437365 0.007082132 0.999630412 0.026233137 3.954078281 0.090892937 -0.026768734 0.995500811 126.765260130
0.995722536 -0.001318460 -0.092380926 -4.258150287 0.004100262 0.999543507 0.029929173 3.983895331 0.092299790 -0.030180010 0.995273195 127.494465512
0.995708738 -0.000324563 -0.092546300 -4.290362171 0.003121253 0.999541740 0.030076872 3.995532579 0.092495341 -0.030236648 0.995253555 127.845074863
0.995706558 -0.000992988 -0.092556100 -4.347312033 0.003445581 0.999646583 0.026342246 4.011910079 0.092498060 -0.026548126 0.995358375 128.552909385
0.995810513 -0.001738637 -0.091428552 -4.396640852 0.003718489 0.999761197 0.021488201 4.026416185 0.091370417 -0.021738174 0.995579263 129.267209449
0.995867248 -0.001491198 -0.090808575 -4.413657164 0.003187369 0.999822297 0.018536856 4.032722033 0.090764704 -0.018749679 0.995695376 129.630797388
0.995872434 -0.002879865 -0.090719899 -4.467917238 0.004502775 0.999832588 0.017689227 4.054922719 0.090654513 -0.018024600 0.995719001 130.366640099
0.995860062 -0.001917399 -0.090883323 -4.524565812 0.003746602 0.999792841 0.019961165 4.081591208 0.090826104 -0.020218961 0.995661166 131.074166897
0.995915110 -0.001791000 -0.090279666 -4.550319606 0.003714312 0.999769161 0.021140151 4.094660025 0.090221860 -0.021389196 0.995691729 131.417051867
0.995822649 -0.003543440 -0.091242039 -4.595461830 0.005642126 0.999725056 0.022754417 4.119062003 0.091136483 -0.023174174 0.995568395 132.095192131
0.995897838 -0.005234688 -0.090337262 -4.639488782 0.007180219 0.999748015 0.021224599 4.138532442 0.090204226 -0.021786177 0.995684683 132.787571018
0.995965618 -0.003427532 -0.089673990 -4.665421009 0.005142398 0.999807951 0.018899347 4.145506597 0.089593132 -0.019284324 0.995791184 133.130638231
0.996018917 -0.003169900 -0.089088966 -4.710772671 0.004644615 0.999854681 0.016350724 4.162754839 0.089024463 -0.016699491 0.995888820 133.808992409
0.995935370 -0.002532567 -0.090036308 -4.770108106 0.003965768 0.999867870 0.015742969 4.183700055 0.089985189 -0.016036056 0.995814047 134.488508030
0.995924976 -0.002884586 -0.090141741 -4.789520522 0.004316467 0.999866677 0.015693820 4.194213933 0.090085235 -0.016018951 0.995804307 134.823787823
0.996024933 -0.002317602 -0.089044496 -4.835957035 0.003832183 0.999850291 0.016842035 4.217432805 0.088992798 -0.017116367 0.995884908 135.487872307
0.996037008 -0.003039569 -0.088884674 -4.878629338 0.004481958 0.999860823 0.016031575 4.236120183 0.088824135 -0.016366458 0.995912461 136.116228402
0.996061700 -0.003717852 -0.088584712 -4.892942597 0.005091691 0.999869224 0.015287585 4.244674458 0.088516926 -0.015678532 0.995950412 136.429794059
0.996077345 -0.002850683 -0.088438146 -4.943308193 0.004117249 0.999890556 0.014142116 4.262765393 0.088388664 -0.014450824 0.995981192 137.051758407
0.996205240 -0.003127780 -0.086974624 -4.979620982 0.004223589 0.999913870 0.012417223 4.279517290 0.086928877 -0.012737490 0.996132620 137.672490802
0.996245710 -0.002691690 -0.086531621 -5.000317156 0.003753863 0.999919377 0.012114758 4.289207747 0.086492706 -0.012394111 0.996174744 137.993704060
0.996263530 -0.002338532 -0.086329793 -5.040349693 0.003498583 0.999904794 0.013287772 4.312009807 0.086290666 -0.013540175 0.996177818 138.650119432
0.996239203 -0.002082419 -0.086626167 -5.089325934 0.003352130 0.999888164 0.014513531 4.334531004 0.086587343 -0.014749300 0.996134934 139.286042463
0.996207355 -0.002136882 -0.086981706 -5.111235663 0.003485759 0.999875228 0.015358449 4.345795939 0.086938146 -0.015603425 0.996090726 139.593117482
0.996227125 -0.002607888 -0.086751841 -5.147382013 0.004096937 0.999846834 0.016990563 4.368232858 0.086694553 -0.017281908 0.996084437 140.213679882
0.996255715 -0.002048188 -0.086427866 -5.189923857 0.003686875 0.999815498 0.018805549 4.391376334 0.086374309 -0.019053771 0.996080293 140.841902730
0.996215540 -0.002008475 -0.086892034 -5.205437508 0.003716668 0.999802529 0.019500728 4.401954694 0.086835940 -0.019749844 0.996026534 141.141316705
0.996326145 -0.002561991 -0.085605046 -5.230154146 0.004199659 0.999810764 0.018956663 4.419507394 0.085540745 -0.019246545 0.996148924 141.732570847
0.996245970 -0.002284413 -0.086542997 -5.276627705 0.003893857 0.999821938 0.018433705 4.437433012 0.086485315 -0.018701509 0.996077384 142.318676247
0.996288047 -0.002327236 -0.086047601 -5.280665720 0.003879271 0.999831949 0.017873406 4.444695781 0.085991848 -0.018140873 0.996130329 142.588735057
0.996306130 -0.003049717 -0.085820895 -5.316887729 0.004525181 0.999844371 0.017002645 4.460520600 0.085756694 -0.017328254 0.996164853 143.131357810
0.996179946 -0.004123803 -0.087228528 -5.351827442 0.005573774 0.999849269 0.016386641 4.477118885 0.087148622 -0.016810263 0.996053016 143.688048593
0.996176425 -0.004655407 -0.087244618 -5.368643865 0.006110955 0.999846323 0.016423272 4.486224393 0.087155603 -0.016893735 0.996050628 143.973415451
0.996124203 -0.005125707 -0.087804045 -5.403497871 0.006688151 0.999824155 0.017509178 4.505750114 0.087699993 -0.018028618 0.995983453 144.530018696
0.996086251 -0.004369471 -0.088281596 -5.438351586 0.006037038 0.999807269 0.018631274 4.525285827 0.088183536 -0.019091326 0.995921395 145.086621643
0.996046570 -0.004217010 -0.088735151 -5.456455569 0.005868849 0.999813190 0.018362744 4.533438026 0.088641996 -0.018810996 0.995885845 145.357925850
0.996020523 -0.004952026 -0.088986772 -5.491427166 0.006497927 0.999831870 0.017090288 4.548947265 0.088888568 -0.017600532 0.995885715 145.914649197
0.995996077 -0.006143307 -0.089186527 -5.526362491 0.007647279 0.999833261 0.016531284 4.565695419 0.089070386 -0.017147224 0.995877079 146.471335498
0.996039293 -0.006314858 -0.088689957 -5.538041731 0.007820325 0.999830761 0.016637221 4.574140186 0.088570280 -0.017264913 0.995919570 146.734949381
0.996007150 -0.006876964 -0.089009450 -5.574236243 0.008362581 0.999830898 0.016328206 4.590904183 0.088882981 -0.017007356 0.995896461 147.277544051
0.995940207 -0.006563645 -0.089779772 -5.610486918 0.007935954 0.999856124 0.014937408 4.605749860 0.089669136 -0.015589205 0.995849073 147.820196082
0.995923920 -0.006783686 -0.089936484 -5.628582126 0.008149240 0.999856291 0.014825317 4.614201798 0.089823886 -0.015497826 0.995836444 148.091491326
0.995866966 -0.007594179 -0.090501529 -5.658334929 0.009011744 0.999842495 0.015263809 4.631837855 0.090372289 -0.016016351 0.995778900 148.626378344
0.995786884 -0.008112425 -0.091337592 -5.703458812 0.009548767 0.999836948 0.015299002 4.648810561 0.091199414 -0.016106782 0.995702125 149.148466032
0.995787085 -0.008273677 -0.091319613 -5.721537347 0.009729741 0.999831872 0.015510810 4.657831999 0.091176707 -0.016333997 0.995700410 149.419744246
0.995753039 -0.008710087 -0.091648550 -5.752572153 0.010194081 0.999823549 0.015737013 4.674704583 0.091495965 -0.016604471 0.995666406 149.940562935
0.995749074 -0.009152834 -0.091649731 -5.791270121 0.010680079 0.999811771 0.016187026 4.692009821 0.091484495 -0.017097152 0.995659217 150.454959105
0.995754984 -0.009565695 -0.091546204 -5.802941463 0.011117382 0.999802688 0.016455593 4.700724352 0.091370476 -0.017403467 0.995664568 150.718564921
0.995632710 -0.008788212 -0.092938375 -5.839092099 0.010420279 0.999799601 0.017090102 4.718987037 0.092770574 -0.017983942 0.995525059 151.261114777
0.995599226 -0.008630265 -0.093314197 -5.876557792 0.010240978 0.999806167 0.016794927 4.735357236 0.093151362 -0.017676637 0.995494584 151.789630064
0.995557173 -0.008825049 -0.093744875 -5.902324061 0.010441350 0.999804067 0.016765408 4.743972065 0.093578682 -0.017669794 0.995454716 152.054510853
0.995576086 -0.009346804 -0.093492731 -5.933348044 0.011000131 0.999791360 0.017184605 4.761214324 0.093312448 -0.018136994 0.995471667 152.575318489
0.995495280 -0.009714472 -0.094308782 -5.973322165 0.011419227 0.999780725 0.017553506 4.777955914 0.094117994 -0.018551397 0.995388250 153.075640355
0.995457142 -0.009936232 -0.094685586 -5.984989120 0.011684781 0.999770158 0.017929572 4.786820313 0.094486365 -0.018954539 0.995345247 153.339241690
0.995345479 -0.009290951 -0.095925791 -6.032618507 0.011136606 0.999761856 0.018723857 4.804264321 0.095729454 -0.019704973 0.995211814 153.833132969
0.995384067 -0.008628532 -0.095581532 -6.066168762 0.010537413 0.999753625 0.019485526 4.821268504 0.095390024 -0.020402765 0.995231001 154.325765408
0.995417881 -0.008825785 -0.095211110 -6.080392995 0.010732695 0.999751467 0.019534853 4.828835755 0.095015163 -0.020467219 0.995265115 154.561223215
0.995375176 -0.009612096 -0.095579485 -6.115258599 0.011516125 0.999745464 0.019389133 4.843937461 0.095369829 -0.020400200 0.995232734 155.039821384
0.995346582 -0.009874444 -0.095850127 -6.144996966 0.011761180 0.999746807 0.019138774 4.858038725 0.095637753 -0.020177049 0.995210719 155.496676736
0.995379300 -0.010185315 -0.095479937 -6.160518413 0.012019992 0.999753538 0.018659292 4.864322957 0.095267651 -0.019720753 0.995256428 155.718081750
0.995439515 -0.010196431 -0.094848903 -6.178699240 0.012031511 0.999749970 0.018795583 4.877906179 0.094634047 -0.019850977 0.995314364 156.145498285
0.995382397 -0.010222908 -0.095441232 -6.212265481 0.012018911 0.999760480 0.018261837 4.890336478 0.095231179 -0.019324572 0.995267320 156.560130129
0.995382486 -0.009960380 -0.095472022 -6.227793655 0.011699929 0.999775081 0.017677747 4.896390911 0.095274668 -0.018713141 0.995274657 156.781542015
0.995329491 -0.009988825 -0.096014820 -6.261396753 0.011615962 0.999797920 0.016402896 4.907562313 0.095832179 -0.017441637 0.995244055 157.196211503
