1.000000000 0.000000000 -0.000000000 0.000000000 0.000000000 1.000000000 0.000000000 0.000000000 -0.000000000 0.000000000 1.000000000 -0.000000000
0.999999860 0.000451752 -0.000613950 0.013913881 -0.000452038 0.999999536 -0.000446798 0.013367424 0.000613826 0.000447163 0.999999683 0.973975387
0.999999579 0.000757731 -0.000997912 0.024524518 -0.000758815 0.999999153 -0.001082395 0.019502181 0.000997508 0.001083242 0.999999032 1.481864114
0.999998755 0.001009291 -0.000981867 0.038424761 -0.001011001 0.999997630 -0.001753986 0.032549932 0.000980202 0.001755063 0.999997766 2.455844359
0.999999915 0.000766206 -0.000516292 0.062960094 -0.000767453 0.999996979 -0.002544357 0.045302744 0.000515712 0.002544838 0.999996405 3.449492538
0.999999805 0.000476085 -0.000854657 0.065385644 -0.000478730 0.999995281 -0.003199039 0.051699463 0.000853147 0.003199524 0.999994321 3.951642292
0.999997534 -0.002128284 -0.000003276 0.098062168 0.002128290 0.999986905 -0.004691028 0.063161367 0.000013541 0.004691041 0.999989187 4.951045081
0.999995503 -0.003095843 0.000394096 0.119364839 0.003097819 0.999983150 -0.004954163 0.077338926 -0.000378409 0.004955472 0.999987191 5.966793537
0.999995371 -0.003054491 0.000497918 0.130047924 0.003056696 0.999984310 -0.004619323 0.085171942 -0.000482904 0.004620889 0.999988571 6.474656454
0.999993376 -0.003383740 0.001660836 0.173655296 0.003387250 0.999992582 -0.002061654 0.103271802 -0.001653337 0.002067312 0.999995792 7.493621816
0.999996388 -0.002146076 0.001688576 0.195928992 0.002146223 0.999998206 -0.000111603 0.120473068 -0.001688144 0.000115236 0.999998194 8.473273931
0.999997387 -0.001863019 0.001316226 0.204108803 0.001863546 0.999998504 -0.000399924 0.127090342 -0.001315643 0.000402436 0.999998574 8.967226864
1.000000296 0.000483950 0.000399813 0.219583487 -0.000483289 0.999998308 -0.001840061 0.139319115 -0.000400599 0.001839945 0.999997468 9.991198405
0.999999960 0.000919922 -0.000510922 0.230052049 -0.000922248 0.999989339 -0.004646757 0.149126394 0.000506839 0.004647274 0.999988615 10.987349825
1.000000079 0.000410231 0.000326429 0.238198193 -0.000408489 0.999984777 -0.005485263 0.154954477 -0.000327177 0.005485172 0.999984530 11.481314752
1.000000199 0.000949146 0.000480434 0.262739918 -0.000946257 0.999980837 -0.006146366 0.167857135 -0.000486065 0.006145901 0.999980396 12.474960654
0.999999015 0.001190762 0.000748162 0.275992598 -0.001187410 0.999989438 -0.004492745 0.185463410 -0.000753270 0.004491878 0.999989425 13.484922011
0.999998955 0.001477600 0.000520617 0.284278524 -0.001475824 0.999993590 -0.003331488 0.194568135 -0.000524146 0.003330745 0.999994072 13.978837142
0.999997436 0.001273608 0.001690195 0.306527929 -0.001270583 0.999997221 -0.001813539 0.211199984 -0.001692265 0.001811421 0.999996609 14.958497910
0.999991122 0.003534434 0.002512527 0.334389680 -0.003529867 0.999992628 -0.001804497 0.224725797 -0.002518226 0.001795695 0.999995131 15.930012413
0.999984758 0.004852793 0.002671203 0.336923051 -0.004850239 0.999987471 -0.000954479 0.233649925 -0.002675710 0.000941497 0.999995810 16.432123757
0.999983229 0.005005199 0.003007421 0.356649577 -0.005004279 0.999987099 -0.000305949 0.248606503 -0.003008146 0.000290935 0.999995447 17.397881525
0.999980236 0.005378050 0.003334352 0.386929795 -0.005375238 0.999985508 -0.000855671 0.261360096 -0.003337941 0.000837683 0.999993711 18.383336224
0.999976551 0.006386878 0.002465969 0.391820264 -0.006383603 0.999978732 -0.001329212 0.268073478 -0.002474369 0.001313532 0.999996104 18.899409625
0.999980071 0.005906928 0.002107395 0.404875629 -0.005901896 0.999980232 -0.002382738 0.281054492 -0.002121104 0.002370310 0.999994183 19.909441274
0.999980311 0.006046043 0.001804043 0.425308277 -0.006040020 0.999976230 -0.003298867 0.294575917 -0.001822818 0.003287946 0.999992957 20.961250090
0.999973216 0.007004936 0.002042704 0.444147894 -0.006998083 0.999969961 -0.003341995 0.301477658 -0.002065528 0.003327630 0.999992129 21.474862152
0.999977690 0.006524512 0.001583884 0.459744462 -0.006519376 0.999973734 -0.003225707 0.316563503 -0.001603984 0.003215293 0.999993164 22.498790272
0.999977771 0.006592132 0.001032204 0.467122276 -0.006588414 0.999971866 -0.003552531 0.331122119 -0.001054888 0.003545671 0.999993153 23.516991414
0.999977289 0.006605444 0.001634196 0.483479076 -0.006598781 0.999970137 -0.004007095 0.337287626 -0.001659311 0.003996203 0.999990289 24.016686205
0.999979420 0.006032264 0.002096241 0.512953622 -0.006022909 0.999971936 -0.004428449 0.350893540 -0.002122214 0.004415790 0.999988154 25.038178339
0.999979500 0.006033292 0.002263862 0.534338117 -0.006025279 0.999976039 -0.003516715 0.366989133 -0.002284487 0.003503023 0.999991090 26.053897646
0.999976048 0.006710158 0.001976042 0.539356862 -0.006705658 0.999975083 -0.002257592 0.376709434 -0.001990006 0.002244356 0.999995563 26.569925351
0.999965112 0.008171264 0.001794078 0.551948768 -0.008174108 0.999965414 0.001587218 0.398564549 -0.001780065 -0.001601771 0.999996710 27.615872525
0.999963524 0.008239411 0.002248783 0.575899183 -0.008248320 0.999957981 0.003988986 0.417344379 -0.002215065 -0.004007382 0.999989283 28.645479499
0.999965240 0.008249465 0.001268597 0.586509820 -0.008253699 0.999960013 0.003374187 0.423479135 -0.001240231 -0.003384406 0.999993089 29.153368226
0.999966387 0.008163942 0.000788518 0.605170713 -0.008164515 0.999966219 0.000640836 0.433194278 -0.000783009 -0.000647218 0.999998919 30.155256038
0.999958344 0.008863632 0.002195149 0.626322520 -0.008859941 0.999959321 -0.001672931 0.443835461 -0.002209458 0.001653399 0.999995520 31.171058237
0.999957193 0.009179711 0.001505981 0.636970233 -0.009176977 0.999956706 -0.001789653 0.450839327 -0.001521813 0.001775753 0.999997318 31.678933755
0.999965010 0.008334821 0.000526366 0.652535264 -0.008333687 0.999963442 -0.002091216 0.465185930 -0.000543079 0.002086828 0.999997183 32.702873111
0.999970733 0.007667593 -0.000621241 0.663086929 -0.007669912 0.999963660 -0.003780416 0.476941212 0.000592498 0.003785107 0.999992086 33.698994927
0.999958516 0.009071162 -0.000904594 0.671231368 -0.009075198 0.999948312 -0.004533359 0.482729336 0.000864649 0.004541455 0.999988954 34.192960461
0.999953575 0.009631071 -0.000827406 0.678671403 -0.009634314 0.999945552 -0.004013578 0.498746458 0.000788672 0.004021393 0.999991458 35.211139437
0.999942027 0.010796764 -0.000703556 0.691875500 -0.010798788 0.999937582 -0.003007273 0.515213899 0.000671834 0.003014701 0.999994925 36.221118101
0.999921735 0.012329243 -0.002314260 0.694419525 -0.012333708 0.999922299 -0.001935020 0.524387772 0.002291289 0.001963559 0.999995731 36.723225650
0.999927213 0.011997184 -0.001536086 0.708419918 -0.011999084 0.999927372 -0.001280982 0.539783118 0.001521609 0.001299373 0.999997808 37.697170218
0.999918217 0.012745341 -0.001311094 0.716594880 -0.012747819 0.999916793 -0.001896408 0.553289617 0.001287680 0.001912986 0.999997320 38.679336960
0.999898706 0.014200183 -0.001156999 0.724716732 -0.014203602 0.999894335 -0.002987938 0.558548284 0.001114885 0.003004142 0.999994319 39.173310541
0.999921909 0.012492926 -0.001023599 0.746807602 -0.012496513 0.999915899 -0.003636118 0.571463941 0.000978498 0.003648628 0.999992284 40.153027785
0.999904758 0.013802269 -0.000789160 0.755203746 -0.013803247 0.999904107 -0.001201914 0.590155127 0.000772550 0.001212797 0.999999038 41.135115734
0.999887206 0.015022424 -0.000499018 0.763518226 -0.015022210 0.999887533 0.000346509 0.599929167 0.000504965 -0.000338946 0.999999177 41.629020693
0.999897379 0.014309040 0.000279279 0.782588239 -0.014309821 0.999893166 0.003152747 0.619234482 -0.000233259 -0.003156424 0.999994769 42.630762761
0.999927037 0.012052894 -0.000962444 0.784154260 -0.012051311 0.999926069 0.001671690 0.632223924 0.000982794 -0.001659926 0.999997491 43.657181218
0.999945343 0.010470240 -0.000452543 0.794651962 -0.010470508 0.999944855 -0.000595930 0.635711394 0.000446857 0.000600596 0.999999650 44.165110176
0.999954872 0.009516482 -0.000181477 0.807668971 -0.009516771 0.999952074 -0.002217077 0.647793330 0.000161412 0.002218739 0.999997319 45.175155488
0.999954327 0.009627126 0.000327613 0.826154920 -0.009628327 0.999946707 0.003814933 0.673145643 -0.000290717 -0.003817890 0.999992652 46.212856046
0.999958086 0.009166881 0.000379230 0.828894130 -0.009169409 0.999930478 0.007426083 0.686894827 -0.000309981 -0.007429184 0.999972351 46.714894063
0.999958337 0.009114950 -0.000674791 0.844439131 -0.009110051 0.999935167 0.006877693 0.700771911 0.000737855 -0.006871194 0.999976462 47.738840553
0.999936224 0.011283689 -0.000464557 0.853748302 -0.011283990 0.999936321 -0.000604637 0.703140007 0.000457580 0.000609939 0.999998963 48.771155418
0.999924005 0.012341034 -0.000439557 0.861796428 -0.012342112 0.999920148 -0.002706195 0.706670445 0.000407540 0.002711415 0.999996321 49.265155263
0.999895165 0.014473270 0.000835406 0.880781208 -0.014472443 0.999894399 -0.001020561 0.723977808 -0.000849133 0.001008449 0.999999092 50.266927694
0.999891418 0.014718713 0.000683630 0.897316411 -0.014719249 0.999891825 0.000767440 0.741328138 -0.000672095 -0.000777349 0.999999211 51.254771012
0.999890821 0.014811571 -0.000166328 0.907946225 -0.014811486 0.999890531 0.000406699 0.747912434 0.000173130 -0.000404178 0.999999643 51.762652907
0.999847853 0.017460022 0.000501319 0.926489496 -0.017457938 0.999840418 -0.003939719 0.754870403 -0.000569437 0.003930378 0.999992091 52.764582620
0.999821805 0.018900574 -0.000384589 0.933783355 -0.018902358 0.999807154 -0.005383741 0.767461036 0.000283473 0.005390143 0.999985635 53.782813670
0.999812557 0.019373703 -0.000155613 0.933840300 -0.019374201 0.999800763 -0.004846405 0.775798777 0.000062543 0.004848606 0.999988522 54.271005465
0.999817331 0.018966403 -0.002329257 0.950317118 -0.018975076 0.999812608 -0.003782455 0.791780510 0.002257270 0.003826015 0.999990294 55.258869582
0.999850279 0.017282451 -0.000741093 0.974903591 -0.017285189 0.999843253 -0.003935466 0.805732093 0.000673887 0.003947797 0.999992153 56.252499543
0.999839910 0.017894194 -0.000628283 0.985404277 -0.017897717 0.999821179 -0.006112371 0.809289491 0.000519576 0.006122709 0.999981067 56.760427439
0.999797980 0.020085300 0.000717557 1.003703353 -0.020073364 0.999701717 -0.013914806 0.810523326 -0.000995807 0.013897646 0.999902698 57.762444144
0.999804213 0.019747275 -0.001056610 1.027273202 -0.019762147 0.999665558 -0.016677666 0.820382298 0.000727587 0.016695290 0.999860519 58.792186691
0.999810746 0.019428668 -0.001327009 1.032453465 -0.019444489 0.999724315 -0.013188784 0.833888718 0.001070809 0.013212088 0.999912304 59.308156856
0.999819137 0.019014087 -0.000220666 1.059403213 -0.019014758 0.999813491 -0.003289759 0.865512374 0.000158432 0.003293381 0.999993793 60.351497099
0.999817528 0.019119679 -0.000156944 1.078638579 -0.019119279 0.999816084 0.001841740 0.888693718 0.000192547 -0.001838357 0.999997746 61.353180261
0.999825307 0.018665880 -0.000180365 1.086852910 -0.018665461 0.999824180 0.001990492 0.896120163 0.000217850 -0.001986729 0.999997862 61.847120897
0.999879301 0.015541013 -0.000047655 1.103106416 -0.015540964 0.999879037 -0.000161841 0.906867260 0.000046487 0.000162551 0.999999593 62.835064566
0.999901557 0.014040067 -0.000452075 1.129994586 -0.014041014 0.999898353 -0.002351784 0.917309428 0.000419510 0.002357966 0.999997245 63.842676321
0.999912673 0.013254997 -0.000416643 1.132428660 -0.013256106 0.999908326 -0.002912987 0.923905942 0.000378496 0.002918254 0.999996022 64.344823039
0.999934002 0.011515265 0.000066245 1.159524373 -0.011515071 0.999931115 -0.002301520 0.939213124 -0.000091708 0.002300689 0.999997364 65.352360859
0.999929464 0.011874424 -0.000834670 1.177618673 -0.011875657 0.999928852 -0.001569160 0.955384845 0.000816587 0.001579073 0.999998393 66.390200937
0.999925906 0.012174891 -0.000719090 1.188264682 -0.012176111 0.999924692 -0.001744972 0.962348752 0.000698172 0.001753593 0.999998029 66.898077063
0.999918936 0.012740524 -0.000215741 1.211863509 -0.012741317 0.999910034 -0.004152896 0.972887028 0.000163056 0.004155314 0.999990931 67.927809286
0.999919649 0.012671388 -0.000797224 1.221543020 -0.012676318 0.999898366 -0.006609026 0.983936228 0.000713885 0.006618619 0.999978050 68.959992221
0.999920961 0.012558568 -0.000758942 1.226446701 -0.012563497 0.999896685 -0.006972679 0.990959293 0.000671859 0.006981749 0.999974808 69.476060916
0.999927274 0.012083716 -0.000123319 1.250254776 -0.012084188 0.999906191 -0.006536764 1.006402542 0.000045247 0.006537801 0.999978567 70.505718597
0.999926121 0.012135969 0.000382634 1.269203332 -0.012133659 0.999911976 -0.005357518 1.022860775 -0.000446744 0.005352539 0.999985127 71.507503933
0.999927286 0.012007402 0.001124600 1.285618091 -0.012001576 0.999915226 -0.005021782 1.030384890 -0.001184670 0.005007910 0.999985980 72.007178076
0.999924575 0.012205471 0.001745729 1.312688234 -0.012197049 0.999915086 -0.004720030 1.045092686 -0.001803077 0.004698405 0.999986862 73.014725005
0.999928672 0.011929461 0.000380197 1.325835650 -0.011927537 0.999919177 -0.004461031 1.060231490 -0.000432261 0.004456241 0.999989448 74.024723861
0.999934475 0.011476829 0.000325134 1.336510212 -0.011475319 0.999925318 -0.004252457 1.067864711 -0.000372849 0.004248440 0.999990377 74.532589815
0.999929353 0.011896441 0.000396961 1.354540588 -0.011894488 0.999919246 -0.004439027 1.082537967 -0.000449150 0.004433988 0.999989195 75.570452666
0.999935145 0.011361451 0.000621521 1.381552346 -0.011358243 0.999923733 -0.004947347 1.095877166 -0.000676878 0.004940021 0.999987243 76.578020394
0.999933520 0.011525476 -0.000634905 1.386501200 -0.011528225 0.999923047 -0.004623748 1.103959146 0.000582716 0.004630779 0.999988761 77.094072996
0.999923373 0.012316609 -0.001284709 1.399651600 -0.012322051 0.999914978 -0.004328938 1.119167877 0.001231805 0.004344560 0.999989794 78.104070789
0.999930254 0.011758343 -0.001287643 1.424314783 -0.011762506 0.999925848 -0.003346049 1.134917618 0.001249275 0.003360985 0.999993539 79.097673423
0.999928328 0.011903016 -0.001235255 1.423553698 -0.011906391 0.999925624 -0.002815612 1.143817977 0.001201892 0.002830191 0.999995309 79.621907057
0.999920507 0.012598015 -0.001147916 1.444930522 -0.012600353 0.999918468 -0.001990559 1.159733754 0.001123868 0.002004869 0.999997270 80.637629097
0.999920339 0.012587641 -0.001158740 1.460461459 -0.012590826 0.999916878 -0.002778826 1.173281176 0.001124543 0.002793250 0.999995894 81.661580598
0.999917713 0.012729127 -0.001388757 1.462889993 -0.012733790 0.999913119 -0.003386690 1.179747823 0.001346541 0.003404150 0.999993013 82.163729289
0.999907224 0.013439432 -0.002360380 1.470255874 -0.013448476 0.999902067 -0.003848904 1.194026726 0.002308147 0.003880404 0.999989830 83.181934681
0.999905844 0.013416013 -0.002941900 1.485867784 -0.013426287 0.999903927 -0.003502666 1.209472203 0.002894858 0.003541871 0.999989915 84.205857336
0.999910286 0.013070445 -0.003051854 1.496549590 -0.013080164 0.999909880 -0.003187250 1.217275250 0.003010612 0.003227016 0.999990370 84.713720709
0.999919639 0.012419779 -0.002569344 1.509698285 -0.012427458 0.999918624 -0.002997992 1.232444023 0.002532203 0.003029777 0.999992147 85.723719110
0.999930194 0.011275489 -0.003534847 1.516169000 -0.011291597 0.999926416 -0.004572189 1.245477396 0.003483796 0.004611794 0.999983493 86.777993820
0.999940820 0.010515688 -0.002941564 1.525119111 -0.010531994 0.999928977 -0.005580859 1.250413199 0.002882993 0.005611573 0.999979955 87.235921918
0.999948957 0.009263693 -0.004128190 1.532499908 -0.009287874 0.999939935 -0.005875983 1.265041743 0.004074724 0.005913988 0.999973913 88.254121997
0.999954856 0.009072766 -0.002826789 1.548191511 -0.009085381 0.999948190 -0.004512376 1.282355306 0.002786124 0.004537942 0.999985263 89.278016263
0.999959825 0.008378406 -0.003196787 1.550762384 -0.008388555 0.999959591 -0.003180572 1.292158534 0.003169795 0.003207281 0.999990027 89.780114247
0.999942722 0.009906371 -0.004016631 1.555129144 -0.009905890 0.999951180 0.000144703 1.313336572 0.004018815 -0.000104936 0.999992045 90.820336720
0.999932458 0.011134530 -0.003268635 1.570854840 -0.011127851 0.999936198 0.002027155 1.331449316 0.003291142 -0.001990555 0.999992172 91.844218840
0.999934396 0.010950542 -0.003424745 1.570052842 -0.010943684 0.999938577 0.001992870 1.339390658 0.003446637 -0.001955255 0.999991961 92.368467048
0.999934471 0.010728995 -0.003998187 1.587964318 -0.010728266 0.999942522 0.000186860 1.351276771 0.004000014 -0.000143883 0.999992060 93.406372256
0.999932252 0.010418102 -0.005204090 1.600959166 -0.010426828 0.999944893 -0.001654144 1.362839239 0.005187881 0.001708244 0.999984765 94.416425463
0.999935820 0.010028694 -0.005293169 1.614065406 -0.010038153 0.999948355 -0.001777883 1.370009922 0.005275460 0.001830957 0.999984191 94.938226906
0.999933777 0.009452563 -0.006647027 1.619070779 -0.009458990 0.999955337 -0.000939631 1.386419653 0.006637801 0.001002500 0.999977400 95.942471456
0.999921782 0.009760994 -0.007795123 1.629040936 -0.009756211 0.999952417 0.000639484 1.404281872 0.007801829 -0.000563339 0.999968849 96.974550852
0.999921242 0.009363126 -0.008327673 1.633991921 -0.009355558 0.999955844 0.000939928 1.412413800 0.008336660 -0.000861914 0.999964958 97.490602695
0.999895540 0.010127408 -0.010346434 1.629877834 -0.010125400 0.999949323 0.000238452 1.426920905 0.010348990 -0.000133633 0.999945784 98.525191557
0.999902637 0.009571275 -0.010113218 1.633835047 -0.009593544 0.999951382 -0.002164343 1.438498782 0.010093062 0.002261139 0.999946074 99.565559926
0.999904424 0.009031453 -0.010498272 1.638660739 -0.009069515 0.999953018 -0.003590805 1.443693720 0.010466413 0.003685770 0.999938760 100.081656404
0.999902320 0.008151361 -0.011384655 1.640171358 -0.008218126 0.999949466 -0.005828642 1.455384494 0.011337693 0.005921658 0.999917656 101.108094598
0.999906145 0.007470217 -0.011504953 1.650002584 -0.007542256 0.999952526 -0.006232585 1.469990050 0.011458924 0.006318772 0.999913967 102.140223486
0.999904741 0.007540725 -0.011530133 1.654917345 -0.007615221 0.999950602 -0.006434637 1.477272848 0.011481991 0.006521835 0.999912778 102.656288234
0.999908069 0.005964010 -0.012183329 1.659055253 -0.006041586 0.999962196 -0.006342510 1.493086384 0.012145001 0.006415646 0.999905911 103.696592233
0.999885724 0.007505528 -0.013156185 1.662328251 -0.007595660 0.999948050 -0.006814573 1.508363665 0.013104370 0.006913792 0.999890097 104.772954771
0.999892986 0.007949805 -0.012281707 1.669784215 -0.008022310 0.999950774 -0.005871011 1.517751294 0.012234666 0.005968896 0.999907435 105.302915991
0.999860541 0.008198268 -0.014602406 1.665011910 -0.008263172 0.999955971 -0.004385248 1.536567179 0.014566525 0.004505336 0.999883794 106.373489759
0.999834281 0.009102437 -0.015759563 1.671631783 -0.009164113 0.999950684 -0.003851122 1.553096969 0.015723340 0.003994951 0.999868345 107.427711333
0.999823229 0.008924183 -0.016558291 1.676594275 -0.008981037 0.999954022 -0.003368463 1.561498621 0.016528087 0.003516625 0.999856860 107.943759078
0.999800645 0.008022736 -0.018297415 1.669084731 -0.008130447 0.999949661 -0.005821087 1.573614383 0.018250987 0.005968681 0.999815455 109.000506210
0.999777500 0.008651494 -0.019267136 1.675652185 -0.008768879 0.999943149 -0.006017865 1.588915433 0.019214958 0.006185420 0.999795538 110.054746458
0.999781839 0.008486043 -0.019086009 1.677345791 -0.008592754 0.999947574 -0.005519974 1.597892701 0.019039076 0.005682784 0.999802140 110.592907383
0.999731861 0.010008687 -0.020883293 1.670072769 -0.010107896 0.999938166 -0.004648966 1.615552782 0.020835943 0.004858868 0.999770616 111.649570257
0.999700962 0.010598998 -0.022034183 1.665168353 -0.010712132 0.999930149 -0.005029304 1.631271839 0.021979811 0.005263847 0.999744565 112.720191089
0.999684703 0.010279344 -0.022927687 1.664388943 -0.010390266 0.999935165 -0.004723294 1.639742639 0.022878474 0.004960082 0.999726018 113.244431251
0.999642516 0.009753269 -0.024925490 1.657144901 -0.009843258 0.999946011 -0.003491842 1.658082023 0.024890786 0.003735961 0.999683288 114.301083801
0.999585681 0.008166703 -0.027608867 1.649814773 -0.008265005 0.999959750 -0.003450616 1.674403475 0.027579185 0.003677375 0.999612623 115.357767018
0.999550499 0.007815741 -0.028945365 1.635063201 -0.007932588 0.999960948 -0.003926442 1.682146469 0.028914799 0.004154282 0.999573364 115.884476718
0.999445518 0.008434600 -0.032221115 1.627785918 -0.008537846 0.999959248 -0.003069052 1.699706652 0.032194259 0.003342489 0.999475242 116.941141110
0.999321007 0.008825532 -0.035790815 1.596125548 -0.008825523 0.999961261 0.000156917 1.722088584 0.035791381 0.000159116 0.999359082 117.980527249
0.999246399 0.009217189 -0.037700466 1.587218158 -0.009174551 0.999957628 0.001303492 1.732159973 0.037711453 -0.000956536 0.999287816 118.499008095
0.999099696 0.010954427 -0.040988960 1.561144139 -0.010857666 0.999937680 0.002582540 1.750826494 0.041015159 -0.002135084 0.999155676 119.530257230
0.999051017 0.011056873 -0.042123792 1.543177644 -0.010954134 0.999936255 0.002668781 1.767412917 0.042151803 -0.002204766 0.999108851 120.567272969
0.999016982 0.011859685 -0.042726096 1.531713283 -0.011768504 0.999927966 0.002385076 1.775009854 0.042752128 -0.001879839 0.999083688 121.071862960
0.998947179 0.012028698 -0.044265039 1.505495646 -0.011970113 0.999927293 0.001586056 1.790309825 0.044281763 -0.001054527 0.999018704 122.103163257
0.998837832 0.012557788 -0.046543684 1.479335968 -0.012495997 0.999921028 0.001618910 1.806968404 0.046560439 -0.001035410 0.998914068 123.134442908
0.998765910 0.013162605 -0.047889366 1.464632127 -0.013090157 0.999912807 0.001825213 1.815830251 0.047909642 -0.001196001 0.998851088 123.661135604
0.998721333 0.011922915 -0.049136064 1.432802142 -0.011810299 0.999927505 0.002579769 1.834236257 0.049164248 -0.001996178 0.998788705 124.700582167
0.998669499 0.012227685 -0.050106063 1.409886632 -0.012135070 0.999924435 0.002151147 1.849739813 0.050129436 -0.001540237 0.998741177 125.709757442
0.998598536 0.012265082 -0.051489948 1.384487612 -0.012198801 0.999924473 0.001602012 1.857488044 0.051506711 -0.000971683 0.998672063 126.216803611
0.998513022 0.011722642 -0.053244910 1.358272958 -0.011694855 0.999931154 0.000834423 1.872857943 0.053251267 -0.000210456 0.998580309 127.248102846
0.998451562 0.010479233 -0.054632206 1.320673371 -0.010437859 0.999945222 0.001041518 1.890683762 0.054640427 -0.000469721 0.998505275 128.295751694
0.998352417 0.009960905 -0.056512961 1.297815554 -0.009882323 0.999949596 0.001671225 1.900536824 0.056527008 -0.001109957 0.998400567 128.816694335
0.998340116 0.010030821 -0.056717172 1.257770652 -0.009933184 0.999948665 0.002002778 1.918505508 0.056735645 -0.001436062 0.998388080 129.850412553
0.998217332 0.009474625 -0.058922071 1.215256570 -0.009360187 0.999953955 0.002216713 1.936057632 0.058940762 -0.001661208 0.998259715 130.870208641
0.998179575 0.009110729 -0.059619236 1.198084401 -0.008995437 0.999957458 0.002202181 1.944522897 0.059636810 -0.001661830 0.998218339 131.382978904
0.997934442 0.009513210 -0.063539080 1.141677424 -0.009353449 0.999951959 0.002811362 1.963205311 0.063563063 -0.002211193 0.997975059 132.405216291
0.997856643 0.009823968 -0.064695488 1.102464190 -0.009624751 0.999948394 0.003389090 1.980931050 0.064726289 -0.002759115 0.997899546 133.402887812
0.997759650 0.009700918 -0.066192962 1.074642868 -0.009503081 0.999949055 0.003302322 1.989361593 0.066222336 -0.002665832 0.997800960 133.895995151
0.997608660 0.011731988 -0.068106452 1.024803495 -0.011475584 0.999925893 0.004154244 2.007592057 0.068151104 -0.003362742 0.997669444 134.873995550
0.997487623 0.012905273 -0.069658060 0.977454610 -0.012556778 0.999906858 0.005437653 2.026738570 0.069722374 -0.004549265 0.997555529 135.865910487
0.997413378 0.013768250 -0.070546723 0.949661842 -0.013396456 0.999893547 0.005741166 2.035838427 0.070619353 -0.004781192 0.997491629 136.359007655
0.997325788 0.014103701 -0.071713760 0.896427011 -0.013791680 0.999893494 0.004844987 2.051677548 0.071775204 -0.003842992 0.997412787 137.359166324
0.997354529 0.013197154 -0.071485576 0.851416473 -0.012915520 0.999906868 0.004400787 2.068173766 0.071537230 -0.003465806 0.997431246 138.365049999
0.997287149 0.013215743 -0.072414858 0.831793875 -0.012924734 0.999907007 0.004484366 2.076662019 0.072467554 -0.003536222 0.997364708 138.863891452
0.997198898 0.012557458 -0.073738724 0.772846974 -0.012310416 0.999916948 0.003804053 2.093269571 0.073780205 -0.002885632 0.997270220 139.872231912
0.997141266 0.012562127 -0.074506085 0.722039133 -0.012410847 0.999919883 0.002491510 2.108536267 0.074532154 -0.001559687 0.997217436 140.886327741
0.997198788 0.012226127 -0.073795830 0.690966824 -0.012066313 0.999923871 0.002611252 2.117961996 0.073822869 -0.001713507 0.997269339 141.401541884
0.997152825 0.012801199 -0.074320885 0.651765949 -0.012588369 0.999915145 0.003331047 2.135977438 0.074357713 -0.002385980 0.997228596 142.399209002
0.997080534 0.014062117 -0.075052667 0.598715222 -0.013728367 0.999893148 0.004961568 2.156132137 0.075114480 -0.003916651 0.997167058 143.399302087
0.997065314 0.014277497 -0.075219250 0.573459821 -0.013840288 0.999884423 0.006329055 2.167246917 0.075301841 -0.005269365 0.997146448 143.906297093
0.997025222 0.015310025 -0.075543667 0.508988790 -0.014713600 0.999856447 0.008444367 2.189028385 0.075662426 -0.007307649 0.997106286 144.922752392
0.996993163 0.015549720 -0.075917099 0.461581520 -0.014919555 0.999849247 0.008860760 2.206806301 0.076043757 -0.007701415 0.997074163 145.914688128
0.997060028 0.014780942 -0.075188317 0.436155226 -0.014231567 0.999868572 0.007836653 2.213915186 0.075295006 -0.006743479 0.997138039 146.421744013
0.997078127 0.012865761 -0.075294547 0.388618827 -0.012416123 0.999902372 0.006436079 2.228666204 0.075371227 -0.005482318 0.997140236 147.413725750
0.997042756 0.011940405 -0.075916642 0.332931863 -0.011552636 0.999918454 0.005543938 2.244488354 0.075976862 -0.004650405 0.997098101 148.399956217
0.997101399 0.010685444 -0.075326323 0.313322475 -0.010284252 0.999930842 0.005712220 2.253286290 0.075383074 -0.004920975 0.997142060 148.898792964
0.997127233 0.011650918 -0.074846600 0.252034670 -0.011190541 0.999915693 0.006567120 2.272484199 0.074918030 -0.005710569 0.997172968 149.893165597
0.997128611 0.013424970 -0.074522060 0.195727843 -0.012835007 0.999882269 0.008389677 2.293514207 0.074626677 -0.007409047 0.997183606 150.915367308
0.997147810 0.013273400 -0.074296106 0.178595307 -0.012647587 0.999880940 0.008887045 2.302908520 0.074405724 -0.007921985 0.997195949 151.428123452
0.997142660 0.013858926 -0.074262315 0.118099107 -0.013282184 0.999878292 0.008252920 2.320001016 0.074368420 -0.007242990 0.997204191 152.456120430
0.997170227 0.013803044 -0.073898703 0.065618557 -0.013283337 0.999883702 0.007519781 2.336457258 0.073994496 -0.006516934 0.997237605 153.472656221
0.997140866 0.013897594 -0.074275523 0.042003476 -0.013352958 0.999880223 0.007824086 2.345623270 0.074376460 -0.006809810 0.997206939 153.977222803
0.997159678 0.013238731 -0.074151980 -0.012647689 -0.012625196 0.999882641 0.008736646 2.365064141 0.074259134 -0.007775579 0.997208307 154.996990623
0.997139918 0.012424926 -0.074551456 -0.066615317 -0.011790893 0.999890411 0.008938458 2.383463832 0.074654727 -0.008033797 0.997177398 156.033160768
0.997201598 0.011315960 -0.073902521 -0.088405299 -0.010725298 0.999907767 0.008383726 2.391414999 0.073991592 -0.007567595 0.997230212 156.552493619
0.997295742 0.010157519 -0.072794251 -0.139643464 -0.009697383 0.999930751 0.006671862 2.406463515 0.072857015 -0.005947800 0.997324353 157.584617957
0.997292997 0.009925093 -0.072865715 -0.198391523 -0.009482017 0.999934174 0.006424702 2.424134652 0.072924778 -0.005716343 0.997320901 158.610148101
0.997282311 0.009507416 -0.073064245 -0.226022952 -0.009047197 0.999937476 0.006626024 2.433418996 0.073123658 -0.005946945 0.997304822 159.120448312
0.997256473 0.009350843 -0.073429274 -0.279312831 -0.008767082 0.999928021 0.008267874 2.454239285 0.073500880 -0.007601409 0.997266121 160.155762323
0.997257409 0.009385233 -0.073413954 -0.333781349 -0.008714431 0.999917561 0.009451688 2.474364130 0.073496721 -0.008785981 0.997256489 161.192725597
0.997228710 0.010793041 -0.073614500 -0.367694777 -0.010085891 0.999899248 0.009970958 2.484523716 0.073715512 -0.009200832 0.997236889 161.712025322
0.997287636 0.012437753 -0.072550562 -0.426769600 -0.011681804 0.999873654 0.010833662 2.504404187 0.072676931 -0.009956682 0.997306166 162.755547084
0.997196752 0.012698398 -0.073739125 -0.487653933 -0.011953887 0.999873696 0.010528569 2.522267490 0.073864012 -0.009617491 0.997222275 163.801557543
0.997151408 0.013010119 -0.074294037 -0.512943180 -0.012359456 0.999880938 0.009210445 2.528991445 0.074405033 -0.008265953 0.997193821 164.325825125
0.997179788 0.012685276 -0.073972206 -0.568342589 -0.012312626 0.999909004 0.005490842 2.540761773 0.074035623 -0.004564553 0.997244596 165.363734711
0.997119168 0.011213293 -0.075023223 -0.628760552 -0.010968115 0.999932850 0.003679515 2.556090752 0.075059917 -0.002846031 0.997174576 166.408964338
0.996998121 0.010990813 -0.076644553 -0.659059402 -0.010685647 0.999933507 0.004391227 2.566583141 0.076688219 -0.003559019 0.997048622 166.940548772
0.997013797 0.010440377 -0.076516171 -0.724348038 -0.009975560 0.999929900 0.006453440 2.588937217 0.076578044 -0.005670824 0.997046776 167.993045757
0.996990358 0.010699797 -0.076790438 -0.780902541 -0.010097917 0.999915246 0.008222032 2.610433020 0.076872485 -0.007421871 0.997013356 169.050471431
0.996982766 0.010922479 -0.076852639 -0.811795612 -0.010292257 0.999910391 0.008591875 2.620462806 0.076940657 -0.007774886 0.997005690 169.582882242
0.996955322 0.010852203 -0.077224324 -0.875912606 -0.010203641 0.999909377 0.008787779 2.639750855 0.077313170 -0.007973014 0.996974951 170.650992977
0.996956030 0.013298249 -0.076820947 -0.937006507 -0.012476071 0.999859577 0.011172524 2.662570676 0.076959259 -0.010180052 0.996982451 171.714953304
0.996952082 0.014280358 -0.076695428 -0.968793110 -0.013169390 0.999800964 0.014970389 2.678588169 0.076894908 -0.013914694 0.996941941 172.248911812
0.996966899 0.015135868 -0.076336837 -1.034238470 -0.013612195 0.999698032 0.020441246 2.707137493 0.076623557 -0.019340124 0.996871903 173.319339841
0.996870716 0.016672903 -0.077274307 -1.102678653 -0.015444824 0.999745147 0.016463795 2.719351244 0.077529153 -0.015218725 0.996873877 174.393293514
0.996915918 0.016988822 -0.076615481 -1.132850362 -0.016189342 0.999808485 0.011043476 2.719357458 0.076789470 -0.009769007 0.996998907 174.924217962
0.996991793 0.016317834 -0.075766312 -1.186018571 -0.016214580 0.999867184 0.001976762 2.722368427 0.075789699 -0.000742218 0.997123379 175.993394975
0.996913325 0.017055101 -0.076638624 -1.251604744 -0.016845666 0.999852481 0.003378707 2.744019495 0.076686541 -0.002077203 0.997053193 177.081133687
0.996996796 0.017034378 -0.075550333 -1.279289091 -0.016616517 0.999842769 0.006156230 2.758334955 0.075643986 -0.004882224 0.997122867 177.626588480
0.996906873 0.017886041 -0.076532147 -1.344646412 -0.017117749 0.999796755 0.010682782 2.785350527 0.076707717 -0.009339640 0.997009956 178.714245666
0.997055091 0.017882198 -0.074579078 -1.401556660 -0.016953718 0.999771134 0.013063786 2.808376359 0.074796189 -0.011760852 0.997129787 179.789673282
0.997071661 0.017876010 -0.074358658 -1.435283604 -0.016893109 0.999761702 0.013827360 2.819309828 0.074588879 -0.012530646 0.997136037 180.326167094
0.997062341 0.018410507 -0.074348845 -1.498270970 -0.017430827 0.999752879 0.013803666 2.838144498 0.074584597 -0.012467082 0.997136643 181.392646025
0.997233631 0.018011319 -0.072119522 -1.543195424 -0.017093912 0.999765276 0.013317062 2.855735217 0.072343120 -0.012047384 0.997306594 182.468155803
0.997174545 0.017995254 -0.072933152 -1.577556648 -0.017069915 0.999766567 0.013290076 2.865267044 0.073156840 -0.012007510 0.997247795 183.005490263
0.997330131 0.018280719 -0.070705338 -1.623772923 -0.017399017 0.999763535 0.013066002 2.883106676 0.070928270 -0.011800914 0.997410971 184.065429105
0.997293445 0.018174010 -0.071238051 -1.678618671 -0.017328875 0.999772302 0.012462512 2.900660429 0.071449034 -0.011194234 0.997381735 185.137662494
0.997394565 0.018371297 -0.069766542 -1.705930405 -0.017541813 0.999768404 0.012482715 2.910243817 0.069979527 -0.011226267 0.997484692 185.682369856
0.997564990 0.018012660 -0.067375790 -1.746529292 -0.017103952 0.999754990 0.014038816 2.931367138 0.067613208 -0.012852175 0.997629168 186.769296367
0.997546516 0.018104023 -0.067629824 -1.799450892 -0.017044568 0.999723184 0.016210424 2.953625305 0.067905379 -0.015017920 0.997578317 187.839000222
0.997535709 0.017647627 -0.067902856 -1.827464062 -0.016544217 0.999722601 0.016777646 2.963830302 0.068180608 -0.015612890 0.997551026 188.367311636
0.997555463 0.016464384 -0.067911315 -1.873049893 -0.015315901 0.999731370 0.017398133 2.982981668 0.068180622 -0.016315414 0.997539140 189.426411196
0.997481573 0.016682030 -0.068939283 -1.929750146 -0.015530167 0.999731432 0.017209632 3.001060972 0.069208448 -0.016095589 0.997471989 190.483888791
0.997487117 0.016876185 -0.068813421 -1.953108604 -0.015775090 0.999738926 0.016513882 3.009047543 0.069074359 -0.015386788 0.997492471 191.022884992
0.997528791 0.015572072 -0.068506775 -2.007104963 -0.014641692 0.999794444 0.014060995 3.023176287 0.068712936 -0.013023157 0.997551281 192.076325891
0.997415381 0.016473202 -0.069935379 -2.065641999 -0.015650153 0.999802130 0.012299855 3.038599079 0.070125052 -0.011173488 0.997474941 193.136301898
0.997471198 0.015956319 -0.069263760 -2.084933821 -0.015137478 0.999809988 0.012330711 3.047646111 0.069448525 -0.011251064 0.997522133 193.669546555
0.997449656 0.015183067 -0.069746012 -2.142078709 -0.014251244 0.999803278 0.013838583 3.068769218 0.069943123 -0.012809293 0.997468512 194.727797240
0.997317609 0.015089431 -0.071621809 -2.198383231 -0.013918782 0.999762225 0.016815496 3.092527378 0.071859478 -0.015773472 0.997289629 195.802394379
0.997407544 0.014779334 -0.070434489 -2.217048871 -0.013574714 0.999753657 0.017550789 3.102786246 0.070677039 -0.016549061 0.997361820 196.334801273
