1.000000000 0.000000000 0.000000000 -0.000000000 0.000000000 1.000000000 -0.000000000 0.000000000 -0.000000000 0.000000000 1.000000000 0.000000000
1.000000006 0.000366197 0.000707440 0.027585441 -0.000365884 0.999999304 -0.000453466 0.001053435 -0.000708189 0.000453267 0.999999389 1.091450491
1.000000359 0.000549715 0.000566987 0.041639547 -0.000549530 0.999999577 -0.000522298 0.001822272 -0.000567502 0.000522063 0.999999991 1.636744974
0.999998605 0.001181846 0.001122091 0.063622068 -0.001180806 0.999998705 -0.000936693 0.003087106 -0.001123151 0.000935443 0.999999127 2.737659306
0.999998479 0.001551390 -0.000038193 0.081026966 -0.001551428 0.999997377 -0.001155917 0.004772085 0.000036497 0.001156033 0.999999482 3.846316201
0.999998677 0.001691783 -0.000222131 0.092540730 -0.001692054 0.999997445 -0.001073118 0.005878744 0.000220482 0.001073535 0.999999485 4.395911865
0.999997621 0.002229633 0.000564337 0.106951150 -0.002228958 0.999996609 -0.001284481 0.007699538 -0.000567762 0.001283242 0.999999441 5.490007756
0.999995861 0.002857468 -0.000924452 0.120286282 -0.002858760 0.999994073 -0.001360575 0.009729103 0.000921058 0.001363199 0.999999113 6.605546999
0.999995974 0.002295270 -0.001647565 0.126171556 -0.002298277 0.999995099 -0.001809930 0.010087503 0.001643228 0.001813792 0.999997498 7.164608744
0.999996276 0.002269730 -0.001647077 0.142029450 -0.002273780 0.999994327 -0.002473504 0.011119482 0.001641801 0.002477238 0.999995858 8.275848346
0.999997766 0.001755552 -0.001081211 0.167036013 -0.001758055 0.999995669 -0.002323689 0.013358103 0.001076597 0.002325707 0.999996959 9.391321091
0.999997970 0.000864449 -0.001958482 0.174003052 -0.000867185 0.999998262 -0.001406284 0.016044492 0.001957884 0.001408047 0.999997861 9.948656612
0.999994799 0.001321667 -0.002902920 0.191416473 -0.001325863 0.999997177 -0.001443850 0.018049357 0.002901134 0.001447738 0.999994883 11.057312761
0.999995987 0.002114138 -0.002093446 0.213283483 -0.002120580 0.999992881 -0.003076646 0.017272589 0.002086343 0.003081122 0.999993527 12.177954911
0.999994659 0.002383054 -0.002384834 0.219668888 -0.002391967 0.999989228 -0.003722482 0.017265532 0.002375238 0.003728245 0.999990755 12.736157115
0.999994119 0.003608485 0.000016954 0.273833100 -0.003608474 0.999993002 -0.000477432 0.026743942 -0.000018324 0.000477433 1.000000089 14.979930827
0.999992204 0.003971519 -0.000293822 0.282777042 -0.003971421 0.999991238 0.000420785 0.029375665 0.000295127 -0.000419548 0.999999714 15.553547951
0.999988924 0.004741758 0.000576038 0.303652129 -0.004742138 0.999988139 0.000666776 0.031936546 -0.000573886 -0.000669388 1.000000086 16.695626146
0.999991713 0.003825775 0.001440639 0.337651283 -0.003823224 0.999991169 -0.001748940 0.029523907 -0.001447824 0.001743451 0.999997898 17.815345712
0.999991753 0.004005466 0.001158460 0.341991951 -0.004002538 0.999988258 -0.002551614 0.029319274 -0.001169085 0.002547058 0.999996446 18.376989954
0.999993747 0.003265830 0.001632165 0.368996192 -0.003262625 0.999992604 -0.001971623 0.032282949 -0.001639255 0.001966396 0.999996786 19.508742481
0.999994726 0.003269923 0.001093561 0.389924549 -0.003269284 0.999994157 -0.000539640 0.036843114 -0.001095757 0.000536130 0.999999450 20.650816008
0.999994674 0.003125014 0.001057451 0.399328404 -0.003124248 0.999994475 -0.000735690 0.037599919 -0.001060058 0.000732410 0.999999054 21.223577117
0.999994966 0.003184841 0.000316939 0.423602749 -0.003183962 0.999990650 -0.002777112 0.036080809 -0.000325387 0.002776141 0.999996212 22.379365133
0.999990298 0.004440875 0.000276752 0.434234620 -0.004439523 0.999977329 -0.004977987 0.034627231 -0.000298436 0.004976737 0.999987870 23.518937531
0.999985613 0.005435058 0.000391874 0.443139409 -0.005433035 0.999972740 -0.004932787 0.035789480 -0.000419207 0.004930664 0.999987806 24.092558086
0.999978642 0.006604995 -0.000459050 0.456964101 -0.006606883 0.999968757 -0.004147504 0.039350574 0.000431302 0.004150511 0.999991591 25.226956410
0.999975845 0.006927506 -0.001219493 0.479413893 -0.006931032 0.999971169 -0.002857690 0.043604084 0.001199153 0.002866122 0.999995649 26.366449471
0.999973191 0.007057983 -0.002039450 0.480769753 -0.007062282 0.999972896 -0.002081293 0.046191982 0.002024036 0.002095680 0.999995849 26.933249556
0.999977031 0.006683222 0.001055322 0.516923013 -0.006683831 0.999976630 0.000574466 0.052669141 -0.001052526 -0.000581443 0.999999634 28.088952890
0.999981136 0.006040596 0.001389145 0.536843650 -0.006043666 0.999978915 0.002214829 0.057680321 -0.001375513 -0.002223114 0.999996734 29.232746152
0.999982471 0.005266853 0.002766839 0.549815809 -0.005272448 0.999983970 0.002017688 0.058408017 -0.002755565 -0.002032222 0.999994343 29.799484571
0.999987579 0.004148893 0.002749226 0.575171036 -0.004148869 0.999990500 -0.000014278 0.056890063 -0.002749645 0.000002922 0.999996309 30.933828745
0.999990929 0.003154104 0.002824187 0.603561493 -0.003150686 0.999993812 -0.001217997 0.056765745 -0.002828506 0.001209107 0.999995084 32.082730353
0.999991280 0.002514073 0.003449175 0.614520342 -0.002511121 0.999996020 -0.000857778 0.058475443 -0.003451256 0.000849140 0.999993676 32.652908054
0.999992260 0.002933128 0.002856332 0.629386847 -0.002934306 0.999994909 0.000405949 0.062865065 -0.002854883 -0.000414281 0.999996328 33.785583656
0.999979149 0.002122337 0.006137521 0.669101136 -0.002132324 0.999995640 0.001628161 0.066746365 -0.006133959 -0.001641181 0.999979551 34.915547243
0.999983602 0.001525248 0.005581126 0.684122028 -0.001534933 0.999997317 0.001729707 0.067821583 -0.005578423 -0.001738134 0.999982992 35.478843274
0.999983803 0.001664747 0.005544651 0.705007420 -0.001669905 0.999997503 0.000914621 0.068475479 -0.005543315 -0.000923862 0.999984293 36.601202871
0.999980232 0.001329464 0.006061587 0.735549602 -0.001334797 0.999998508 0.000883696 0.070270453 -0.006060590 -0.000891697 0.999981779 37.726935370
0.999976459 0.001211776 0.006758452 0.753642662 -0.001220483 0.999997695 0.001289429 0.071831965 -0.006757630 -0.001297626 0.999976778 38.285067902
0.999977597 0.001474740 0.006547853 0.786184387 -0.001486313 0.999996599 0.001755690 0.074421968 -0.006545251 -0.001765356 0.999977294 39.427080020
0.999984564 0.001915131 0.005257984 0.809620058 -0.001927540 0.999994479 0.002350441 0.077404755 -0.005253433 -0.002360468 0.999983808 40.564855260
0.999984522 0.002332377 0.005112261 0.816051009 -0.002346145 0.999993571 0.002689178 0.079107086 -0.005106398 -0.002701045 0.999983207 41.123053473
0.999979149 0.003677377 0.005269758 0.834375284 -0.003685849 0.999991284 0.001594874 0.079319083 -0.005264310 -0.001614229 0.999984706 42.249716072
0.999970952 0.003746951 0.006613086 0.867294622 -0.003741507 0.999992109 -0.000843138 0.076945275 -0.006616434 0.000818403 0.999978143 43.390879387
0.999974537 0.003702540 0.006161010 0.884272708 -0.003695333 0.999992110 -0.001191526 0.077226090 -0.006165334 0.001168809 0.999980604 43.970458748
0.999984760 0.004002902 0.003932752 0.898065439 -0.003998712 0.999990862 -0.001078450 0.079587614 -0.003937264 0.001062736 0.999992279 45.104859873
0.999985221 0.002355359 0.004921818 0.926656903 -0.002359133 0.999996501 0.000744158 0.084713749 -0.004919780 -0.000755734 0.999988190 46.234026169
0.999984993 0.002081124 0.005072677 0.943264751 -0.002091779 0.999994646 0.002098323 0.087941430 -0.005068883 -0.002108871 0.999985579 46.794735993
0.999985214 0.001807211 0.005064443 0.971354135 -0.001821567 0.999994231 0.002832455 0.091066203 -0.005059699 -0.002841519 0.999983679 47.905044305
0.999985019 0.002197742 0.005009522 0.989295038 -0.002207173 0.999995082 0.001865782 0.091438397 -0.005005176 -0.001876752 0.999986101 48.993120820
0.999967929 0.001982859 0.007709991 1.020110048 -0.001997648 0.999995704 0.001904554 0.092070529 -0.007706347 -0.001919854 0.999968850 49.529745674
0.999989946 0.002290038 0.003848740 1.030012279 -0.002298426 0.999994894 0.002180511 0.094623690 -0.003844109 -0.002189270 0.999990438 50.611860349
0.999994206 0.002432988 0.002643543 1.041393595 -0.002436480 0.999996121 0.001311586 0.095280765 -0.002640746 -0.001317995 0.999995726 51.691398269
0.999994275 0.002113186 0.002776078 1.050406354 -0.002116179 0.999997173 0.001083227 0.095907871 -0.002774360 -0.001089068 0.999995817 52.225573971
0.999986711 0.000486337 0.005209440 1.084187186 -0.000491782 0.999998634 0.001030934 0.097556363 -0.005209589 -0.001033423 0.999985936 53.286975294
0.999980752 -0.000763809 0.006271544 1.111351250 0.000756541 0.999998663 0.001152996 0.099637352 -0.006272507 -0.001148133 0.999980346 54.359560729
0.999976360 -0.001415029 0.006784086 1.125935235 0.001413697 0.999998263 0.000191504 0.098863485 -0.006784478 -0.000181859 0.999976973 54.884275369
0.999960667 -0.002594844 0.008470752 1.152986103 0.002613221 0.999994203 -0.002159404 0.096695995 -0.008464811 0.002181466 0.999961760 55.956870724
0.999976124 -0.004034962 0.005545587 1.166873403 0.004056677 0.999983653 -0.003914245 0.095725710 -0.005529540 0.003936658 0.999977000 57.032110474
0.999976438 -0.004192704 0.005499467 1.181401538 0.004218942 0.999978848 -0.004768330 0.095149440 -0.005479989 0.004791434 0.999973295 57.576547705
0.999977114 -0.003505918 0.005838129 1.213012799 0.003542598 0.999973088 -0.006285096 0.094208881 -0.005816031 0.006305660 0.999963030 58.661119700
0.999978099 -0.003056786 0.005913848 1.235687319 0.003088318 0.999980882 -0.005325047 0.097721986 -0.005897880 0.005343258 0.999968393 59.721722285
0.999968227 -0.001966888 0.007762988 1.248830305 0.002000960 0.999987648 -0.004382180 0.100273694 -0.007754185 0.004397658 0.999960673 60.249010341
0.999962585 0.000612156 0.008705689 1.281042376 -0.000578237 0.999991768 -0.003892988 0.102746325 -0.008708072 0.003887913 0.999954442 61.332713973
0.999978219 0.004452237 0.004921922 1.287853178 -0.004424547 0.999974461 -0.005613642 0.101796605 -0.004946957 0.005591753 0.999972064 62.400276140
0.999967395 0.006508415 0.004821860 1.297334905 -0.006476100 0.999956161 -0.006682283 0.100888671 -0.004865067 0.006650861 0.999965875 62.933595033
0.999944885 0.009437881 0.004603115 1.320958899 -0.009410665 0.999938272 -0.005898513 0.104058389 -0.004657872 0.005854917 0.999972089 64.012200682
0.999948832 0.009247012 0.004212334 1.338630775 -0.009234729 0.999952449 -0.002933241 0.111176089 -0.004239129 0.002894216 0.999986860 65.081398789
0.999951933 0.009317071 0.003085126 1.344160992 -0.009313076 0.999954815 -0.001308191 0.115051150 -0.003097974 0.001279485 0.999994319 65.621589665
0.999950224 0.009050189 0.004108321 1.359244767 -0.009047907 0.999958206 -0.000580519 0.118420467 -0.004113834 0.000543376 0.999991913 66.675375443
0.999988006 0.002168573 0.004462030 1.390605113 -0.002177964 0.999995325 0.002095708 0.124905170 -0.004457651 -0.002105337 0.999987839 67.741067443
0.999990354 -0.001191744 0.004323404 1.404333194 0.001171771 0.999987935 0.004632827 0.130280279 -0.004328638 -0.004627672 0.999980681 68.267488512
0.999980875 -0.004290205 0.004453199 1.428311077 0.004238209 0.999923133 0.011631473 0.144438395 -0.004503697 -0.011612296 0.999922641 69.326345452
0.999968941 -0.006414550 0.004659911 1.445297278 0.006376504 0.999945924 0.008128945 0.140370353 -0.004712216 -0.008098928 0.999956219 70.356983970
0.999981112 -0.004889418 0.003834801 1.453021506 0.004886186 0.999987291 0.000846266 0.128615402 -0.003838829 -0.000827483 0.999992402 70.873186322
0.999987597 -0.002263585 0.004350076 1.474733436 0.002304048 0.999953059 -0.009323004 0.112843334 -0.004328694 0.009332918 0.999947044 71.914971281
0.999996945 0.000456798 0.002312267 1.482415471 -0.000452381 0.999997309 -0.001918722 0.127750014 -0.002313583 0.001917761 0.999995224 73.001359079
0.999995886 0.001969712 0.002169094 1.494203837 -0.001978641 0.999988856 0.004141810 0.139162982 -0.002161036 -0.004146012 0.999988970 73.550930677
0.999989311 0.004203481 0.002236526 1.504507816 -0.004226643 0.999936659 0.010426800 0.152207052 -0.002192790 -0.010436095 0.999942960 74.593574752
0.999981466 0.005453674 0.002722763 1.522014391 -0.005473225 0.999958848 0.007217018 0.148533281 -0.002683948 -0.007231752 0.999970544 75.623351955
0.999985915 0.004428810 0.003173442 1.540057744 -0.004441377 0.999981766 0.003956380 0.143641769 -0.003155627 -0.003970393 0.999987293 76.142053453
0.999992767 0.002846749 0.002611196 1.558492935 -0.002843525 0.999995070 -0.001247052 0.136548045 -0.002614467 0.001239673 0.999996181 77.170117854
0.999996652 0.001809156 0.002150974 1.578048060 -0.001802789 0.999993732 -0.002968246 0.135508644 -0.002156794 0.002964441 0.999993112 78.216170381
0.999998823 0.001067495 0.001237819 1.580017881 -0.001064344 0.999995481 -0.002535122 0.137415863 -0.001240199 0.002533842 0.999996647 78.742665558
1.000000144 -0.000223107 0.000547121 1.596234475 0.000223497 0.999999369 -0.000611120 0.142735637 -0.000547923 0.000611313 1.000000297 79.775002943
0.999999167 -0.001292596 0.000292352 1.622536693 0.001292096 0.999997565 0.001654589 0.148448834 -0.000294714 -0.001654173 0.999999019 80.829577632
0.999999422 -0.001396408 0.000218742 1.624074484 0.001395795 0.999995451 0.002459233 0.150983749 -0.000222053 -0.002458902 0.999996649 81.337208686
0.999997217 -0.002289597 -0.000128163 1.639762897 0.002289876 0.999993744 0.002671399 0.153322511 0.000121925 -0.002671617 0.999996605 82.350690374
0.999996142 -0.002816123 0.000908194 1.665528062 0.002814575 0.999993988 0.001722985 0.153427970 -0.000913371 -0.001720319 0.999998644 83.366692449
0.999992775 -0.003605680 0.001166661 1.677121830 0.003604648 0.999992906 0.000915551 0.152949861 -0.001170272 -0.000911266 0.999998945 83.876845711
0.999986149 -0.005262415 0.000135783 1.679563574 0.005262433 0.999985602 -0.000190194 0.153366946 -0.000134898 0.000190934 1.000000162 84.892979077
0.999978118 -0.006583624 0.000542177 1.690181608 0.006583978 0.999977181 -0.000783532 0.154474367 -0.000537853 0.000787125 0.999999330 85.895344528
0.999974149 -0.007195023 0.000457344 1.705368184 0.007195406 0.999972981 -0.001005441 0.154886819 -0.000450156 0.001008761 0.999999608 86.399472953
0.999975586 -0.006913160 0.001140733 1.721061574 0.006915387 0.999973762 -0.001981195 0.155118669 -0.001127671 0.001989150 0.999997701 87.393236509
0.999969844 -0.007631145 0.001606329 1.742349712 0.007634113 0.999968655 -0.001879021 0.157126076 -0.001591577 0.001891283 0.999997245 88.397254637
0.999971037 -0.007397084 0.001723226 1.756006862 0.007400728 0.999969958 -0.002108129 0.157545292 -0.001707524 0.002120866 0.999996226 88.903964228
0.999977404 -0.006553575 0.001427852 1.773243610 0.006555630 0.999976875 -0.001417800 0.160587037 -0.001418791 0.001427224 0.999998276 89.914863092
0.999983908 -0.005565279 0.001081973 1.783915263 0.005564681 0.999983996 0.000531572 0.166000583 -0.001085494 -0.000525478 0.999999920 90.936941540
0.999986555 -0.005079758 0.000806830 1.801628147 0.005078875 0.999985539 0.001183272 0.167842249 -0.000812446 -0.001179130 0.999999539 91.456487709
0.999988337 -0.004786176 0.000863894 1.828472945 0.004784785 0.999986764 0.001592786 0.170195726 -0.000871153 -0.001588556 0.999999179 92.470763746
0.999992543 -0.003775162 0.000149963 1.851699899 0.003775086 0.999992398 0.000920995 0.170718978 -0.000154152 -0.000920373 1.000000055 93.491066815
0.999991950 -0.003987025 -0.000325364 1.867394330 0.003987292 0.999991586 0.000685689 0.171055869 0.000322849 -0.000686890 0.999999486 93.994335023
0.999993067 -0.003726788 -0.000568763 1.883747841 0.003727730 0.999991274 0.001704542 0.174633264 0.000562998 -0.001706602 0.999998466 94.967507321
0.999991778 -0.004035737 -0.000554759 1.909649824 0.004037132 0.999988764 0.002449077 0.177580038 0.000545007 -0.002451242 0.999996760 95.963779710
0.999991535 -0.003991444 -0.001235240 1.921288071 0.003994710 0.999988117 0.002646296 0.178771332 0.001224420 -0.002651188 0.999995892 96.473929074
0.999987839 -0.003756454 -0.003169332 1.934476810 0.003764943 0.999988801 0.002663843 0.180680523 0.003159311 -0.002675706 0.999991706 97.471990683
0.999982147 -0.004201677 -0.004239721 1.952700954 0.004207460 0.999989682 0.001363587 0.180214680 0.004233522 -0.001381283 0.999990484 98.461453898
0.999982194 -0.003789633 -0.004676257 1.959799583 0.003795533 0.999991970 0.001251510 0.180958762 0.004671065 -0.001269142 0.999988568 98.959624801
0.999982030 -0.003289482 -0.005024253 1.974098318 0.003305562 0.999989101 0.003200416 0.186255563 0.005013425 -0.003216882 0.999981993 99.955957711
0.999977987 -0.003485599 -0.005648283 1.993479335 0.003513186 0.999981393 0.004879987 0.190936700 0.005631429 -0.004899662 0.999972594 100.943688120
0.999977394 -0.003258060 -0.005969183 1.993010924 0.003288371 0.999980858 0.005083630 0.192426675 0.005952461 -0.005103149 0.999969506 101.435040139
0.999978441 -0.002479607 -0.006021899 2.003218419 0.002504301 0.999988427 0.004102803 0.192674658 0.006011449 -0.004117782 0.999973490 102.398821888
0.999980578 -0.002117705 -0.005815219 2.022494495 0.002138138 0.999991199 0.003501394 0.193417205 0.005807807 -0.003513697 0.999977750 103.386561494
0.999981449 -0.001640725 -0.005876787 2.023611359 0.001662091 0.999991167 0.003644210 0.194702821 0.005870411 -0.003653872 0.999975900 103.855609756
0.999985109 -0.001855483 -0.005191539 2.039964870 0.001879466 0.999986600 0.004623608 0.198280216 0.005182879 -0.004633277 0.999975715 104.828782055
0.999985603 -0.001810117 -0.005026835 2.045148064 0.001829453 0.999990214 0.003844034 0.199026238 0.005019030 -0.003853071 0.999980430 105.781443529
0.999988194 -0.001289772 -0.004621895 2.055324370 0.001303058 0.999994630 0.002873096 0.198169695 0.004617479 -0.002879031 0.999985576 106.254732754
0.999987905 -0.001658070 -0.004573352 2.076766472 0.001669283 0.999995444 0.002441199 0.199074495 0.004568831 -0.002448795 0.999987274 107.199584302
0.999987392 -0.002124857 -0.004690049 2.087128097 0.002141129 0.999991452 0.003476979 0.202813559 0.004682024 -0.003486903 0.999983099 108.143634848
0.999986238 -0.002448083 -0.004783526 2.095380320 0.002471785 0.999984594 0.004959522 0.206287820 0.004770660 -0.004971242 0.999976445 108.620355536
0.999985018 -0.003783049 -0.003979638 2.113387207 0.003806994 0.999973648 0.006026406 0.209923094 0.003956547 -0.006041416 0.999974025 109.551500414
0.999979723 -0.004189517 -0.004888997 2.128247083 0.004215008 0.999977377 0.005205985 0.210263079 0.004867733 -0.005226446 0.999974617 110.487815352
0.999976914 -0.004128098 -0.005302934 2.129821196 0.004150535 0.999982051 0.004215834 0.209573814 0.005285668 -0.004237650 0.999977579 110.956007832
0.999972454 -0.004452795 -0.005867744 2.149681935 0.004468399 0.999986330 0.002656941 0.208536075 0.005856100 -0.002683045 0.999979378 111.903445098
0.999972440 -0.004390977 -0.006121722 2.165040078 0.004400778 0.999988182 0.001586016 0.208440628 0.006114186 -0.001612833 0.999979724 112.838900658
0.999971986 -0.004079095 -0.006372633 2.166124980 0.004085770 0.999990163 0.001035794 0.208526673 0.006368356 -0.001061715 0.999979430 113.307951721
0.999968506 -0.004498883 -0.006581515 2.175461489 0.004503203 0.999989243 0.000646564 0.209770141 0.006578411 -0.000676117 0.999977861 114.234005831
0.999964633 -0.004592469 -0.007109826 2.180828826 0.004601666 0.999988246 0.001281794 0.212839996 0.007103185 -0.001314412 0.999974317 115.147215776
0.999952257 -0.006472493 -0.007329258 2.190366284 0.006486766 0.999976807 0.001913010 0.216972015 0.007316259 -0.001960430 0.999971265 116.524312142
0.999944742 -0.007408859 -0.007501105 2.203852730 0.007432479 0.999966908 0.003119508 0.220879821 0.007477162 -0.003175019 0.999967372 117.443476878
0.999947297 -0.007160148 -0.007329527 2.205483042 0.007184722 0.999967794 0.003332455 0.222299800 0.007305330 -0.003384940 0.999967480 117.911664433
0.999951125 -0.007542904 -0.006485594 2.219415817 0.007563485 0.999966404 0.003158015 0.223822872 0.006461549 -0.003206845 0.999974062 118.829974344
0.999954093 -0.006478597 -0.007037998 2.215662368 0.006494936 0.999976078 0.002296823 0.224438863 0.007023134 -0.002342362 0.999972894 119.719231008
0.999953177 -0.006092691 -0.007514379 2.224362169 0.006101647 0.999980425 0.001172634 0.223281526 0.007506261 -0.001218372 0.999971528 120.175379065
0.999958901 -0.005303594 -0.007374514 2.228717441 0.005308695 0.999985609 0.000665481 0.224345609 0.007370588 -0.000704484 0.999972874 121.070591430
0.999969163 -0.003891617 -0.006888423 2.230554478 0.003897084 0.999991744 0.000789145 0.226577216 0.006885005 -0.000815902 0.999976027 121.970103039
0.999971697 -0.003320534 -0.006826434 2.236335975 0.003329765 0.999993231 0.001351195 0.228414670 0.006821231 -0.001373791 0.999975821 122.411683416
0.999980103 -0.002207450 -0.005992303 2.247863013 0.002217501 0.999995830 0.001684531 0.230740062 0.005988570 -0.001697699 0.999981349 123.294847321
0.999987095 -0.001223217 -0.005016375 2.256301902 0.001229888 0.999997469 0.001326031 0.231979373 0.005014500 -0.001332159 0.999986900 124.183176125
0.999988737 -0.000644677 -0.004702070 2.259496447 0.000649504 0.999998775 0.001023217 0.232405276 0.004700538 -0.001026218 0.999989042 124.629061768
0.999991447 0.000035508 -0.004247277 2.278105042 -0.000028868 0.999998436 0.001550132 0.234900035 0.004247182 -0.001549922 0.999989605 125.519902813
0.999993814 0.000759063 -0.003554232 2.290126351 -0.000753606 0.999998178 0.001546869 0.236640048 0.003555027 -0.001544086 0.999993237 126.402207690
0.999992024 0.001098823 -0.003936592 2.295862836 -0.001094286 0.999998073 0.001143738 0.236788107 0.003937887 -0.001139377 0.999991479 126.843792012
0.999991918 0.000942946 -0.003913599 2.306220032 -0.000944988 0.999999085 -0.000510254 0.235773539 0.003913037 0.000513974 0.999992046 127.748407555
0.999994406 0.000230442 -0.003557386 2.323227289 -0.000236133 0.999998575 -0.001589686 0.235576028 0.003556466 0.001590527 0.999992388 128.641836069
0.999996087 0.000426177 -0.002700140 2.334523364 -0.000430748 0.999997608 -0.001695150 0.236180117 0.002699715 0.001696336 0.999995142 129.093678043
0.999996416 -0.000570725 -0.002840055 2.342069511 0.000569028 0.999999654 -0.000624028 0.239892053 0.002839876 0.000622472 0.999996338 129.963998810
0.999995480 -0.001564642 -0.002468199 2.356725364 0.001564540 0.999997807 -0.000061249 0.242536132 0.002467949 0.000057445 0.999997121 130.822276556
0.999995481 -0.001214340 -0.002816393 2.358472701 0.001214727 0.999999065 0.000115695 0.243760846 0.002816004 -0.000119061 0.999995789 131.251018463
0.999995086 -0.001937410 -0.002331541 2.374662241 0.001939261 0.999997727 0.000798218 0.246558105 0.002329588 -0.000802671 0.999997386 132.106714669
0.999997993 -0.000948275 -0.001792621 2.389341533 0.000951672 0.999996800 0.001906989 0.250081869 0.001790126 -0.001908570 0.999996545 132.964990360
0.999997395 -0.000120379 -0.002366794 2.384988482 0.000126038 0.999996666 0.002372519 0.251983403 0.002366121 -0.002372708 0.999994490 133.404055415
0.999998138 0.000727400 -0.001856249 2.408133149 -0.000723972 0.999997326 0.001843284 0.252498574 0.001857756 -0.001841889 0.999997216 134.287157537
0.999995161 0.002487381 -0.001999411 2.415603837 -0.002487292 0.999996687 0.000031532 0.251084678 0.001999512 -0.000026553 0.999998725 135.137767222
0.999990802 0.003849515 -0.001770987 2.426420205 -0.003850802 0.999992101 -0.000692842 0.250527105 0.001768243 0.000699675 0.999998329 135.570749252
0.999993688 0.000097359 -0.003708489 2.437616690 -0.000089205 0.999997265 0.002202952 0.257288829 0.003709128 -0.002202525 0.999991133 136.435040140
0.999993177 -0.001214824 -0.003613289 2.451530103 0.001246335 0.999960940 0.008735694 0.270340358 0.003602112 -0.008740078 0.999955916 137.295014371
0.999991364 -0.001095929 -0.004113563 2.453842826 0.001137513 0.999947561 0.010109833 0.273648738 0.004102802 -0.010114356 0.999940481 137.722891019
0.999986909 -0.002281121 -0.004602176 2.466476314 0.002331666 0.999935986 0.011019624 0.276934941 0.004577166 -0.011030184 0.999928739 138.584608840
0.999977811 -0.001274727 -0.006546041 2.471894623 0.001341617 0.999946027 0.010232492 0.277330418 0.006531928 -0.010241007 0.999926365 139.458378928
0.999975239 -0.000341642 -0.007005727 2.471167672 0.000425655 0.999928091 0.011985168 0.281372066 0.007001457 -0.011987814 0.999903700 139.891416227
0.999971661 0.000963753 -0.007504209 2.476477377 -0.000815379 0.999804173 0.019750611 0.296827739 0.007521609 -0.019743852 0.999777053 140.766011542
0.999970989 0.002443519 -0.007178876 2.484704602 -0.002285465 0.999755648 0.021943428 0.302378093 0.007230527 -0.021926333 0.999733550 141.596021519
0.999965143 0.004108363 -0.007249765 2.477348466 -0.003955264 0.999771547 0.020998226 0.301798712 0.007334021 -0.020968810 0.999754023 142.000808628
0.999951309 0.006465585 -0.007504518 2.479317626 -0.006313438 0.999776844 0.020126638 0.302108005 0.007633548 -0.020078259 0.999770060 142.841155571
0.999931808 0.006868947 -0.009456275 2.484968637 -0.006649720 0.999712366 0.023017768 0.308943509 0.009612151 -0.022953219 0.999690581 143.695187569
0.999931840 0.006329379 -0.009837495 2.486816653 -0.006078627 0.999660351 0.025314603 0.313946870 0.009993524 -0.025252978 0.999631297 144.123920653
0.999922718 0.007390849 -0.010036342 2.492502555 -0.007098158 0.999556729 0.028887745 0.322091905 0.010246024 -0.028814204 0.999532520 144.977949593
0.999913267 0.008156977 -0.010319615 2.493173862 -0.007940945 0.999751280 0.020806767 0.309669267 0.010486992 -0.020722965 0.999730823 145.800324003
0.999887020 0.010582863 -0.010696284 2.491183333 -0.010424382 0.999835857 0.014770487 0.299971677 0.010851175 -0.014657335 0.999834463 146.195668070
0.999840073 0.012803991 -0.012508886 2.488848094 -0.012740537 0.999905319 0.005137969 0.284938170 0.012573919 -0.004977751 0.999908464 146.983764838
0.999868988 0.005335586 -0.015290286 2.493892269 -0.005285666 0.999980363 0.003302514 0.283546874 0.015307159 -0.003221179 0.999877790 147.799230337
0.999872170 0.003506719 -0.015638070 2.496766831 -0.003436983 0.999983245 0.004487776 0.286512120 0.015653310 -0.004433404 0.999867736 148.206524341
0.999880169 0.001398381 -0.015413214 2.498026761 -0.001261053 0.999958984 0.008912365 0.296181571 0.015424530 -0.008891787 0.999841707 149.028847164
0.999884534 -0.001601787 -0.015094876 2.510248561 0.001722895 0.999965890 0.008012006 0.296271505 0.015081330 -0.008037040 0.999854735 149.832263689
0.999872690 -0.003340788 -0.015603033 2.513967042 0.003425592 0.999979220 0.005410412 0.292637938 0.015583951 -0.005463140 0.999863636 150.237852314
0.999843129 -0.004120227 -0.017245398 2.515340104 0.004144101 0.999990429 0.001345714 0.287417132 0.017239942 -0.001416869 0.999850423 151.059349514
0.999831940 -0.004337612 -0.017844095 2.510801798 0.004344376 0.999989554 0.000339398 0.287673760 0.017842225 -0.000416742 0.999840745 151.871435598
0.999837606 -0.003876126 -0.017619216 2.515185544 0.003896636 0.999991426 0.001135201 0.289872515 0.017615417 -0.001203652 0.999844423 152.276150211
0.999837222 -0.004317594 -0.017554618 2.523010304 0.004394637 0.999980654 0.004351642 0.297160168 0.017535269 -0.004428057 0.999837203 153.087293474
0.999831927 -0.003527116 -0.017996263 2.515082862 0.003633833 0.999975001 0.005904481 0.301876651 0.017974804 -0.005968813 0.999820703 153.885668851
0.999839343 -0.004137730 -0.017455720 2.517932388 0.004252278 0.999968776 0.006532240 0.303902234 0.017427521 -0.006605389 0.999826049 154.292965049
0.999836304 -0.006532596 -0.016873598 2.524106535 0.006652213 0.999952283 0.007039712 0.306648279 0.016826671 -0.007150761 0.999832623 155.106700099
0.999828072 -0.007781216 -0.016831055 2.525664707 0.007898659 0.999944760 0.006923352 0.308374986 0.016775974 -0.007055098 0.999834351 155.928181075
0.999832867 -0.008576041 -0.016159628 2.535054643 0.008690930 0.999936605 0.007053760 0.309395945 0.016097299 -0.007192947 0.999844845 156.344017550
0.999803663 -0.012754837 -0.015170203 2.547208608 0.012845548 0.999899463 0.005897799 0.309233637 0.015093507 -0.006091452 0.999868183 157.167157715
0.999754056 -0.016227377 -0.015126083 2.554823222 0.016296604 0.999857154 0.004468451 0.308634114 0.015051606 -0.004713811 0.999876029 157.978319396
0.999755578 -0.016255085 -0.015008666 2.556048770 0.016302745 0.999862184 0.003060146 0.307117731 0.014957087 -0.003304040 0.999882728 158.388205046
0.999763052 -0.015979388 -0.014799749 2.556522248 0.016004009 0.999870385 0.001550960 0.306406488 0.014772818 -0.001787313 0.999889644 159.211412503
0.999726462 -0.018344663 -0.014499376 2.569810897 0.018370613 0.999829048 0.001658337 0.308264611 0.014466527 -0.001924178 0.999893541 160.013104112
0.999700241 -0.019333405 -0.015054721 2.577760549 0.019372025 0.999808525 0.002426232 0.310344290 0.015004719 -0.002717102 0.999884373 160.411796244
0.999700076 -0.018878098 -0.015641944 2.581453400 0.018929912 0.999815654 0.003170018 0.313350516 0.015578673 -0.003465109 0.999873037 161.210109605
0.999747827 -0.017559771 -0.013974959 2.586172266 0.017599704 0.999840663 0.002743149 0.314298636 0.013924772 -0.002988405 0.999898495 161.986983932
0.999762426 -0.017402913 -0.013112682 2.586504007 0.017440148 0.999843547 0.002734363 0.315214891 0.013063413 -0.002962408 0.999910613 162.378861640
0.999764989 -0.017157127 -0.013279122 2.587632728 0.017182514 0.999850184 0.001800285 0.315372413 0.013246268 -0.002028013 0.999910337 163.161760571
0.999799014 -0.015936121 -0.012184711 2.598928409 0.015941968 0.999872046 0.000388120 0.314388574 0.012176556 -0.000582213 0.999926094 163.927454288
0.999794458 -0.016732469 -0.011412800 2.603807675 0.016728202 0.999859257 -0.000467745 0.313755088 0.011419227 0.000276846 0.999934915 164.311592069
0.999757216 -0.019173811 -0.010845933 2.613034730 0.019160080 0.999815329 -0.001369002 0.313970840 0.010869608 0.001160939 0.999940536 165.100447612
0.999783656 -0.018625465 -0.009295202 2.624325084 0.018598921 0.999822466 -0.002936236 0.312787072 0.009347234 0.002762769 0.999952678 165.866141796
0.999802235 -0.017804605 -0.008878439 2.630221925 0.017771788 0.999834562 -0.003758847 0.312072438 0.008943162 0.003600446 0.999954003 166.248558978
0.999850693 -0.015666630 -0.007331226 2.636002762 0.015633734 0.999867503 -0.004517835 0.312311966 0.007400784 0.004402653 0.999963371 167.003991121
0.999823526 -0.017257805 -0.007475760 2.649370881 0.017218807 0.999837541 -0.005246997 0.312565330 0.007565204 0.005117400 0.999958407 167.766240374
0.999797304 -0.018775611 -0.007253919 2.656848551 0.018739538 0.999811385 -0.005009015 0.313773241 0.007346624 0.004872103 0.999961091 168.146071884
0.999838393 -0.017116381 -0.005546409 2.660630461 0.017089046 0.999841144 -0.004942463 0.315534579 0.005629491 0.004846922 0.999972550 168.904942049
0.999900119 -0.013390942 -0.004509413 2.670448205 0.013373480 0.999902542 -0.003879910 0.318783657 0.004560569 0.003819302 0.999982712 169.692930116
0.999890132 -0.014357947 -0.003698348 2.678038623 0.014358378 0.999895980 0.000118020 0.326516899 0.003695306 -0.000171067 0.999993057 170.092469440
0.999852012 -0.016969810 -0.002779095 2.686128845 0.016990687 0.999825885 0.007680084 0.341474138 0.002647556 -0.007726104 0.999966878 170.883871743
0.999849732 -0.017226865 -0.001836260 2.701644678 0.017247565 0.999779870 0.011914033 0.350377385 0.001630345 -0.011943818 0.999927770 171.682105324
0.999850179 -0.017268571 -0.001144247 2.711088066 0.017280950 0.999778969 0.011930678 0.351110780 0.000938431 -0.011948623 0.999928106 172.078219419
0.999878049 -0.015646440 -0.000139187 2.724581036 0.015646748 0.999872687 0.002998131 0.336913729 0.000091880 -0.002999850 0.999995782 172.839642020
0.999969708 -0.007792865 -0.000099530 2.727127235 0.007792747 0.999967868 -0.001423109 0.330569147 0.000110575 0.001422319 0.999999384 173.600251901
0.999988590 -0.004727377 -0.000394465 2.726509235 0.004726923 0.999987535 -0.001127797 0.331818792 0.000399286 0.001125949 0.999999550 173.974126566
0.999989303 -0.004291727 -0.001761496 2.734972459 0.004295906 0.999987792 0.002353800 0.339345436 0.001751143 -0.002361279 0.999996422 174.744962775
0.999989294 -0.004185148 -0.002162483 2.748883408 0.004193094 0.999983780 0.003711111 0.343129614 0.002147022 -0.003720065 0.999991267 175.526066440
0.999989358 -0.004216330 -0.001997696 2.753294237 0.004223817 0.999983438 0.003785248 0.344051160 0.001981455 -0.003793616 0.999991030 175.911060983
0.999996083 -0.002725925 -0.000209753 2.759615157 0.002726643 0.999989086 0.003646623 0.345424694 0.000199354 -0.003647161 0.999993393 176.665630084
0.999999856 -0.000982461 0.000338942 2.772552395 0.000980850 0.999988212 0.004691612 0.348642584 -0.000344459 -0.004691232 0.999989035 177.428732808
1.000000075 -0.000556289 0.000175196 2.777010634 0.000555179 0.999982248 0.005809809 0.351343492 -0.000178546 -0.005809712 0.999983403 177.813723196
0.999996192 0.002422453 -0.000984659 2.781882115 -0.002413712 0.999958010 0.008764975 0.358019560 0.001006178 -0.008762513 0.999961387 178.590584148
0.999991329 0.004107432 -0.000861452 2.795926503 -0.004095895 0.999906251 0.012990996 0.366811945 0.000915211 -0.012987371 0.999915958 179.371676119
0.999998831 -0.001521833 -0.001017601 2.800906980 0.001536203 0.999896202 0.014261567 0.369977098 0.000995477 -0.014262992 0.999898116 179.755805029
0.999887227 -0.015063475 0.000415436 2.841234558 0.015054740 0.999755435 0.016152407 0.374725663 -0.000659085 -0.016144312 0.999869756 180.531612059
0.999949926 -0.009835916 0.001839879 2.848940810 0.009810939 0.999865426 0.013084775 0.370684370 -0.001969407 -0.013066064 0.999913330 181.283612622
0.999985375 -0.004879695 0.002407238 2.853580099 0.004862124 0.999961108 0.007228799 0.361044109 -0.002442262 -0.007216968 0.999971789 181.667771434
0.999978014 -0.005134306 0.004198437 2.872978044 0.005155584 0.999973592 -0.005055388 0.341129711 -0.004173314 0.005076990 0.999978711 182.438605710
0.999941639 -0.010583514 0.002344193 2.892594392 0.010612485 0.999862572 -0.012713960 0.329412378 -0.002209670 0.012738129 0.999916751 183.209420846
0.999915722 -0.012862425 0.001548079 2.901054830 0.012879988 0.999845445 -0.011939954 0.331526456 -0.001394355 0.011958998 0.999927626 183.607252504
0.999895579 -0.013943003 0.003839633 2.925965784 0.013943804 0.999901896 -0.000189000 0.353179878 -0.003836178 0.000242601 0.999993093 184.429415324
0.999920946 -0.011176448 0.005769237 2.953779328 0.011121062 0.999892517 0.009542481 0.371248720 -0.005874971 -0.009477461 0.999937765 185.266147202
0.999923119 -0.010907710 0.005884667 2.961718859 0.010847928 0.999890036 0.010108895 0.372948535 -0.005994267 -0.010044263 0.999931930 185.664840221
0.999896628 -0.013422878 0.005189814 2.987521442 0.013394551 0.999894909 0.005452763 0.366070074 -0.005262222 -0.005382635 0.999972101 186.445042381
