1.000000000 -0.000000000 0.000000000 0.000000000 0.000000000 1.000000000 0.000000000 -0.000000000 -0.000000000 0.000000000 1.000000000 0.000000000
0.999998775 0.001259793 -0.000641783 0.011864923 -0.001259415 0.999999200 0.000621132 0.003040453 0.000642730 -0.000620334 0.999999804 0.836705533
0.999998227 0.001761858 -0.000522230 0.016680695 -0.001760880 0.999997306 0.001780348 0.006107382 0.000525503 -0.001779396 0.999998624 1.257266408
0.999998179 0.002061642 0.000554950 0.039239286 -0.002062731 0.999996183 0.002069076 0.008379576 -0.000550112 -0.002070234 0.999997866 2.095089449
0.999997592 0.002226576 0.000380184 0.052404168 -0.002226894 0.999997564 0.000861856 0.008270612 -0.000377777 -0.000862726 1.000000315 2.929148988
0.999995535 0.002859064 0.000274872 0.050640419 -0.002859331 0.999995828 0.000914419 0.009574204 -0.000271813 -0.000915229 0.999999303 3.340634391
0.999994801 0.003260414 0.000495044 0.073202106 -0.003261034 0.999994311 0.001290494 0.011946349 -0.000490488 -0.001292095 0.999999378 4.178457143
0.999984447 0.005478571 0.000290034 0.084095595 -0.005481154 0.999937035 0.009797183 0.028741092 -0.000236402 -0.009798634 0.999952181 5.017778028
0.999970789 0.007640271 -0.000029580 0.086465029 -0.007638623 0.999820187 0.017367836 0.043064458 0.000162771 -0.017367085 0.999849117 5.443616566
0.999937996 0.011147586 0.000305286 0.095918132 -0.011151484 0.999382282 0.033326323 0.073412478 0.000067132 -0.033327645 0.999444558 6.307909418
0.999923227 0.012337141 0.000770234 0.102868704 -0.012359489 0.998866664 0.045972598 0.098266145 -0.000202218 -0.045978671 0.998942532 7.155172298
0.999911313 0.013288686 0.000525953 0.108496826 -0.013298880 0.998900099 0.044977511 0.097480977 0.000072815 -0.044980570 0.998987980 7.573974241
0.999873412 0.015780685 0.001746743 0.124377362 -0.015830932 0.999296761 0.034004147 0.079771663 -0.001208185 -0.034027539 0.999419957 8.401889417
0.999848853 0.017308655 0.001870319 0.139750781 -0.017345903 0.999603712 0.022186061 0.060729973 -0.001484706 -0.022215119 0.999752255 9.230693473
0.999853591 0.016985313 0.002008176 0.144803667 -0.017020561 0.999672572 0.019131596 0.056413493 -0.001681679 -0.019162983 0.999815518 9.650390651
0.999877263 0.015582596 0.001790634 0.170707484 -0.015616684 0.999658740 0.020958411 0.061307468 -0.001463382 -0.020983824 0.999779099 10.503481900
0.999873413 0.015865919 0.001003528 0.190559331 -0.015884717 0.999612493 0.022858684 0.066430164 -0.000639910 -0.022871717 0.999737850 11.346606891
0.999869276 0.016147827 0.000648963 0.190161494 -0.016158300 0.999620235 0.022355953 0.066713309 -0.000286549 -0.022363520 0.999749769 11.755440149
0.999861161 0.016635567 -0.000518188 0.200973479 -0.016621154 0.999647940 0.020715102 0.065839615 0.000862717 -0.020703641 0.999785650 12.593927054
0.999862214 0.016496014 -0.001859892 0.211812402 -0.016456497 0.999673641 0.019570655 0.065835501 0.002182173 -0.019537405 0.999807240 13.432411446
0.999859913 0.016543436 -0.002613310 0.217961885 -0.016489163 0.999672151 0.019590487 0.066842486 0.002936408 -0.019544681 0.999805077 13.850323180
0.999836810 0.017825413 -0.002976221 0.229857542 -0.017760289 0.999629413 0.020647571 0.070774419 0.003342995 -0.020591369 0.999782694 14.708497140
0.999824770 0.018133596 -0.004639390 0.236657870 -0.018026040 0.999590314 0.022250226 0.075740722 0.005041231 -0.022162704 0.999741903 15.554932450
0.999820280 0.018255402 -0.005181447 0.244696482 -0.018132951 0.999576058 0.022772421 0.077579385 0.005595734 -0.022674330 0.999727111 15.969301657
0.999820660 0.018269897 -0.004964478 0.257908429 -0.018154218 0.999583595 0.022428361 0.078989686 0.005372609 -0.022334191 0.999735923 16.803356807
0.999851039 0.016328679 -0.005518847 0.265934713 -0.016210217 0.999651257 0.020860758 0.078417727 0.005857525 -0.020768157 0.999767165 17.647153026
0.999864429 0.015456056 -0.005665689 0.279465230 -0.015342297 0.999690964 0.019587661 0.076986120 0.005966567 -0.019498097 0.999792340 18.072382311
0.999879110 0.014116488 -0.006568657 0.288319655 -0.014008913 0.999771448 0.016141013 0.073071817 0.006795060 -0.016047008 0.999848082 18.914418125
0.999901472 0.011838907 -0.007544620 0.293053432 -0.011733065 0.999834408 0.013918134 0.071479212 0.007708954 -0.013828236 0.999874744 19.764412511
0.999909534 0.011065774 -0.007653481 0.295954066 -0.010957353 0.999841934 0.014057666 0.072874870 0.007807924 -0.013972535 0.999872458 20.188518340
0.999928138 0.009283814 -0.007587733 0.308899564 -0.009151732 0.999809791 0.017264736 0.080620998 0.007746919 -0.017194095 0.999821794 21.044911216
0.999946454 0.006110111 -0.008302429 0.319873650 -0.005956929 0.999813876 0.018348118 0.084778693 0.008412809 -0.018297636 0.999796995 21.926325588
0.999946663 0.004557064 -0.009217996 0.314273430 -0.004406547 0.999857918 0.016284850 0.082539839 0.009291679 -0.016243416 0.999825233 22.344901475
0.999933299 0.004928079 -0.010425905 0.321080192 -0.004829928 0.999944336 0.009415867 0.072676333 0.010472457 -0.009364893 0.999901529 23.190494603
0.999937860 0.005365331 -0.009739664 0.321062268 -0.005312635 0.999971346 0.005422431 0.068173027 0.009768844 -0.005370380 0.999937795 24.027876708
0.999941734 0.005784974 -0.009089214 0.324092640 -0.005712578 0.999951989 0.007969092 0.073756659 0.009135599 -0.007916731 0.999926996 24.451970436
0.999928513 0.006007106 -0.010341088 0.328625910 -0.005807104 0.999798460 0.019258479 0.095766601 0.010454781 -0.019197054 0.999760756 25.303666688
0.999943058 0.005607173 -0.009066503 0.337816360 -0.005328849 0.999523414 0.030430054 0.117736762 0.009234024 -0.030380058 0.999495759 26.146512744
0.999949640 0.005686897 -0.008268735 0.342280764 -0.005406040 0.999420721 0.033603616 0.124498884 0.008454768 -0.033557140 0.999401240 26.567947973
0.999949954 0.006912352 -0.007196779 0.352295181 -0.006660616 0.999385371 0.034433766 0.128055098 0.007430384 -0.034384135 0.999380572 27.386721138
0.999949572 0.007606027 -0.006523561 0.356966171 -0.007397801 0.999480790 0.031368845 0.124737595 0.006758431 -0.031319035 0.999487101 28.172307501
0.999939396 0.008390654 -0.007164154 0.356519021 -0.008171570 0.999514254 0.030083358 0.123529551 0.007413130 -0.030022928 0.999521835 28.559674065
0.999928098 0.008849002 -0.008017253 0.360806129 -0.008616971 0.999556606 0.028527833 0.122857749 0.008266597 -0.028456728 0.999560751 29.346137814
0.999932406 0.009165168 -0.007068982 0.366526031 -0.008966808 0.999579506 0.027594317 0.123324456 0.007319619 -0.027529107 0.999594751 30.129943181
0.999927967 0.009820620 -0.006906371 0.371238304 -0.009631329 0.999591139 0.026932017 0.123151042 0.007168444 -0.026863562 0.999613854 30.529042416
0.999914301 0.011392480 -0.006481373 0.374550503 -0.011230262 0.999636422 0.024538183 0.121083875 0.006759145 -0.024463284 0.999677568 31.317280259
0.999912145 0.011604905 -0.006346675 0.386331973 -0.011451104 0.999652112 0.023755492 0.121631712 0.006619871 -0.023680671 0.999697864 32.111050990
0.999913624 0.011675700 -0.006068840 0.389258536 -0.011523956 0.999634851 0.024466288 0.123965006 0.006353114 -0.024394296 0.999682290 32.513683107
0.999909166 0.011532326 -0.006944931 0.396077592 -0.011344146 0.999583246 0.026559658 0.129737098 0.007247905 -0.026478450 0.999623320 33.317174084
0.999900856 0.011880671 -0.007508816 0.398159500 -0.011672268 0.999561596 0.027210569 0.133068261 0.007829501 -0.027120205 0.999601362 34.108051423
0.999903197 0.011924847 -0.007185715 0.402924721 -0.011723086 0.999553389 0.027496289 0.134604020 0.007510796 -0.027409482 0.999596271 34.507145720
0.999886525 0.012466927 -0.008473668 0.402172235 -0.012229753 0.999547677 0.027489935 0.136765718 0.008813468 -0.027383226 0.999585879 35.281865622
0.999884699 0.012651566 -0.008363005 0.408369219 -0.012423521 0.999564007 0.026784227 0.137595270 0.008698707 -0.026677293 0.999606750 36.064784909
0.999886001 0.012429861 -0.008513291 0.409841543 -0.012200146 0.999573611 0.026529672 0.138198429 0.008839744 -0.026422854 0.999611710 36.448606116
0.999887123 0.012514569 -0.008277508 0.417925718 -0.012292204 0.999576396 0.026386819 0.139897730 0.008604806 -0.026282095 0.999617516 37.206511763
0.999878268 0.013571488 -0.007656147 0.425185238 -0.013351491 0.999516731 0.028087883 0.144951279 0.008034012 -0.027982227 0.999576000 37.987648783
0.999878339 0.013518629 -0.007781220 0.433248541 -0.013286667 0.999487343 0.029131673 0.147687596 0.008170662 -0.029024731 0.999545588 38.380544394
0.999872453 0.014215817 -0.007305382 0.437190392 -0.013992011 0.999457754 0.029818822 0.151008933 0.007725718 -0.029712864 0.999528360 39.146410634
0.999858440 0.015328283 -0.006837014 0.447975427 -0.015131064 0.999492506 0.028026313 0.149667823 0.007263349 -0.027918863 0.999584136 39.899014880
0.999876417 0.014131426 -0.006815617 0.446653300 -0.013936809 0.999517214 0.027796458 0.150390894 0.007205829 -0.027698109 0.999590755 40.266674924
0.999905456 0.012071916 -0.006615107 0.466779097 -0.011892609 0.999578696 0.026504330 0.149721768 0.006932172 -0.026423129 0.999627174 41.023047609
0.999913915 0.011655522 -0.006036467 0.471167915 -0.011488962 0.999571320 0.026932997 0.152534460 0.006348076 -0.026861364 0.999619236 41.766559286
0.999910428 0.012113684 -0.005709139 0.481063293 -0.011952065 0.999549376 0.027537212 0.154361386 0.006040993 -0.027466504 0.999604610 42.134446397
0.999904638 0.012650435 -0.005600857 0.485432214 -0.012490513 0.999538222 0.027721937 0.156632429 0.005948837 -0.027649278 0.999600373 42.856488636
0.999909068 0.012442960 -0.005169754 0.493442145 -0.012301761 0.999573199 0.026490995 0.156237010 0.005497821 -0.026424998 0.999635957 43.549987329
0.999909326 0.012486523 -0.004999499 0.499097585 -0.012351292 0.999579609 0.026227418 0.156635537 0.005324891 -0.026163341 0.999643523 43.904372845
0.999898410 0.013803416 -0.003512124 0.510888332 -0.013707614 0.999569577 0.025955069 0.157885393 0.003869427 -0.025904306 0.999656768 44.612257537
0.999875968 0.015605153 -0.002129882 0.513842648 -0.015544867 0.999544987 0.025867446 0.159705683 0.002533511 -0.025831204 0.999663171 45.315485170
0.999871471 0.015943055 -0.001191420 0.523240119 -0.015906785 0.999537272 0.025939621 0.160598131 0.001604735 -0.025917350 0.999662557 45.662789010
0.999861749 0.016614868 0.000250871 0.534152483 -0.016615601 0.999505176 0.026705978 0.163669155 0.000193979 -0.026706462 0.999643476 46.350967500
0.999856603 0.016828822 0.001978946 0.544562915 -0.016875931 0.999496957 0.026881336 0.165675764 -0.001524673 -0.026910877 0.999636838 47.018563095
0.999858610 0.016546725 0.003015511 0.552109880 -0.016622768 0.999490609 0.027238378 0.167083972 -0.002562392 -0.027284621 0.999624714 47.347934567
0.999855734 0.016464016 0.004197723 0.568128560 -0.016574743 0.999474282 0.027870214 0.169676535 -0.003735471 -0.027935718 0.999602543 48.004908095
0.999839215 0.016546888 0.006933275 0.593440316 -0.016735690 0.999464841 0.028125472 0.171401828 -0.006464289 -0.028236942 0.999580580 48.665654510
0.999841300 0.016164242 0.007494523 0.601434639 -0.016369423 0.999469552 0.028167199 0.172213344 -0.007034070 -0.028285453 0.999575438 48.994142675
0.999832468 0.015166708 0.010192195 0.622046324 -0.015444392 0.999496587 0.027739628 0.172795168 -0.009766113 -0.027892369 0.999563604 49.620800700
0.999834719 0.014186898 0.011387238 0.645890447 -0.014489060 0.999533313 0.026911350 0.172458577 -0.010999095 -0.027071951 0.999572791 50.241266161
0.999832761 0.013639401 0.012207859 0.655714678 -0.013958677 0.999552562 0.026460131 0.172290735 -0.011841951 -0.026626050 0.999575622 50.544746029
0.999788620 0.014063084 0.014974563 0.674903088 -0.014444031 0.999566683 0.025642219 0.172141943 -0.014607321 -0.025853145 0.999558981 51.152590255
0.999737661 0.014330845 0.017851901 0.706179565 -0.014766841 0.999590464 0.024535934 0.171123999 -0.017492389 -0.024793135 0.999539373 51.758897188
0.999710637 0.014737393 0.018992223 0.709471029 -0.015188603 0.999600822 0.023839577 0.170702091 -0.018632996 -0.024121259 0.999535338 52.053297223
0.999660551 0.014308953 0.021768350 0.741235345 -0.014814340 0.999620742 0.023237205 0.170494865 -0.021427016 -0.023551867 0.999493529 52.637245779
0.999639382 0.012698241 0.023655403 0.763683980 -0.013232401 0.999658611 0.022562469 0.170425263 -0.023360049 -0.022867337 0.999465876 53.217423557
0.999632081 0.012265310 0.024167662 0.778175300 -0.012806785 0.999667563 0.022378094 0.170537485 -0.023885054 -0.022679403 0.999457392 53.512052305
0.999624611 0.012182233 0.024545506 0.796473481 -0.012736309 0.999664636 0.022547740 0.171928087 -0.024262093 -0.022851832 0.999444891 54.078720141
0.999583071 0.013613549 0.025446562 0.819940914 -0.014216100 0.999619971 0.023650836 0.174771206 -0.025114329 -0.024002803 0.999396929 54.635648439
0.999562133 0.013420356 0.026353075 0.839600866 -0.014063480 0.999604845 0.024370496 0.176315954 -0.026015289 -0.024730432 0.999355799 54.920537706
0.999558460 0.012875913 0.026783723 0.863509462 -0.013546770 0.999595840 0.025021897 0.178362478 -0.026449737 -0.025373705 0.999327925 55.476583274
0.999542446 0.012410333 0.027592816 0.890580748 -0.013074556 0.999626159 0.024024069 0.177339715 -0.027284179 -0.024373861 0.999330658 56.004971490
0.999513618 0.011847763 0.028833508 0.898985959 -0.012522144 0.999649618 0.023321758 0.176679231 -0.028547244 -0.023671430 0.999311713 56.268165870
0.999448458 0.011856854 0.031022440 0.936326469 -0.012566583 0.999661818 0.022783269 0.176224541 -0.030741148 -0.023160546 0.999259377 56.798552764
0.999405603 0.011132088 0.032611647 0.956009518 -0.011884755 0.999665704 0.022979597 0.177508523 -0.032344020 -0.023353557 0.999204180 57.298152808
0.999376558 0.009845728 0.033887416 0.977509288 -0.010641212 0.999670475 0.023375135 0.178393759 -0.033645312 -0.023721152 0.999152114 57.558032854
0.999365480 0.007689265 0.034776196 1.009320347 -0.008527645 0.999675560 0.024024798 0.180097966 -0.034579824 -0.024306083 0.999106393 58.056091878
0.999309705 0.006696744 0.036550619 1.037395487 -0.007595648 0.999670949 0.024509772 0.181606197 -0.036373952 -0.024770485 0.999031178 58.539760714
0.999273160 0.005712669 0.037683197 1.058854305 -0.006629495 0.999684256 0.024250975 0.181270113 -0.037532622 -0.024483204 0.998995470 58.778173286
0.999197258 0.005411084 0.039702810 1.081272813 -0.006347573 0.999703771 0.023499402 0.180731185 -0.039563289 -0.023732605 0.998935033 59.250997409
0.999079561 0.006268629 0.042428477 1.117136321 -0.007196486 0.999738133 0.021751150 0.178012798 -0.042280133 -0.022036553 0.998862678 59.719632929
0.998988780 0.006134546 0.044540262 1.129743225 -0.007092140 0.999746351 0.021374338 0.177747392 -0.044397705 -0.021668602 0.998779109 59.953389885
0.998811302 0.005480181 0.048432766 1.165759693 -0.006569651 0.999728749 0.022365806 0.179966618 -0.048296599 -0.022657411 0.998576186 60.422011139
0.998646142 0.004557794 0.051809870 1.199047973 -0.005839959 0.999679832 0.024622688 0.184444721 -0.051681115 -0.024891932 0.998353715 60.874465050
0.998576553 0.003962005 0.053184045 1.216856640 -0.005339252 0.999653991 0.025779304 0.186681323 -0.053062927 -0.026026635 0.998251787 61.098479435
0.998381138 0.003445016 0.056765677 1.258557757 -0.005081412 0.999575515 0.028709221 0.192053353 -0.056641876 -0.028951181 0.997974792 61.535000204
0.998153132 0.004102201 0.060603803 1.294202259 -0.006026488 0.999482578 0.031602474 0.197504175 -0.060443146 -0.031909348 0.997661608 61.961555147
0.998063235 0.003982675 0.062071208 1.309686436 -0.006033529 0.999441534 0.032888279 0.199993645 -0.061904996 -0.033199115 0.997529385 62.168522955
0.997857359 0.003317856 0.065341537 1.352159879 -0.005485989 0.999439777 0.033029570 0.200322242 -0.065194431 -0.033317334 0.997316203 62.581817231
0.997689964 0.004049115 0.067803110 1.391874789 -0.006361149 0.999404360 0.033919221 0.201930191 -0.067625032 -0.034272192 0.997122199 62.978946996
0.997599479 0.004014172 0.069131953 1.408228908 -0.006384796 0.999397885 0.034104381 0.202426665 -0.068953537 -0.034463890 0.997024106 63.184150499
0.997376150 0.003844383 0.072293627 1.445100834 -0.006318489 0.999401346 0.034026408 0.202487242 -0.072118622 -0.034393905 0.996803199 63.586594921
0.997198140 0.004045130 0.074699814 1.486649139 -0.006630948 0.999386951 0.034400735 0.203127738 -0.074514748 -0.034799727 0.996612556 63.980187356
0.997069035 0.004191876 0.076397977 1.500666072 -0.006843637 0.999382109 0.034480513 0.203467277 -0.076205703 -0.034902253 0.996481286 64.168345467
0.996817883 0.003247551 0.079640741 1.543650886 -0.006095634 0.999349402 0.035544877 0.205366225 -0.079473069 -0.035917251 0.996189580 64.559279172
0.996625097 0.002126652 0.082060532 1.587139949 -0.005213712 0.999285857 0.037423594 0.208605633 -0.081922468 -0.037725190 0.995924131 64.927852972
0.996498210 0.002267891 0.083586156 1.606298267 -0.005454879 0.999265977 0.037920376 0.209498124 -0.083438826 -0.038243553 0.995778891 65.106274142
0.996234467 0.003295906 0.086628851 1.646901227 -0.006627740 0.999248015 0.038201616 0.209898875 -0.086437552 -0.038631972 0.995507747 65.458695328
0.995978178 0.004534622 0.089481257 1.685703843 -0.008114481 0.999179954 0.039683716 0.212434603 -0.089227465 -0.040250141 0.995197137 65.793179466
0.995861951 0.004319134 0.090777230 1.703494001 -0.008050188 0.999136465 0.040775551 0.214375617 -0.090521472 -0.041337543 0.995036124 65.952781698
0.995670099 0.003477551 0.092890524 1.753937018 -0.007434417 0.999078294 0.042284801 0.216628890 -0.092656795 -0.042792279 0.994778192 66.286611878
0.995433761 0.002828854 0.095413129 1.794967667 -0.006870390 0.999092173 0.042056721 0.215999337 -0.095206615 -0.042520166 0.994549576 66.595209005
0.995283708 0.002772377 0.096968316 1.813175456 -0.006902550 0.999082243 0.042283513 0.216384123 -0.096761761 -0.042753403 0.994388900 66.753930702
0.995045482 0.002264473 0.099393272 1.852383547 -0.006544352 0.999064688 0.042755606 0.217071854 -0.099203539 -0.043194246 0.994129413 67.066064147
0.994834348 0.004739354 0.101403131 1.902365365 -0.009238573 0.998991799 0.043946312 0.218971832 -0.101092299 -0.044656153 0.993874053 67.508135391
0.994565304 0.005699498 0.103951695 1.940213038 -0.010445018 0.998925143 0.045164273 0.220957964 -0.103582422 -0.046004653 0.993556777 67.801449175
0.994387235 0.006741767 0.105581385 1.974068252 -0.012070588 0.998680592 0.049913457 0.229403794 -0.105104791 -0.050907764 0.993157580 68.102709574
0.994345718 0.005781936 0.106032832 1.999820793 -0.011344830 0.998586670 0.051936220 0.232735474 -0.105582356 -0.052845579 0.993005865 68.247262260
0.994195360 0.002712908 0.107560190 2.034871848 -0.008472729 0.998552123 0.053128646 0.234771553 -0.107260027 -0.053731564 0.992778139 68.524415083
0.994018095 -0.000069480 0.109215009 2.079585617 -0.005674404 0.998616609 0.052281607 0.232834881 -0.109066818 -0.052588585 0.992642984 68.804464736
0.993916237 -0.000618876 0.110139692 2.100118665 -0.005205069 0.998602901 0.052581878 0.233192869 -0.110017528 -0.052835269 0.992524533 68.937290353
0.993681989 -0.000889279 0.112231398 2.131963521 -0.005294701 0.998483853 0.054790559 0.237094995 -0.112109637 -0.055038593 0.992170649 69.199162000
0.993497459 0.000815725 0.113852999 2.166549489 -0.007253707 0.998396496 0.056143351 0.239256083 -0.113623358 -0.056604107 0.991910302 69.455728491
0.993389791 0.001992122 0.114770443 2.187573243 -0.008578847 0.998342358 0.056926087 0.240416702 -0.114465872 -0.057534391 0.991759583 69.587666758
0.993208638 0.003910276 0.116280966 2.218453407 -0.010787491 0.998225436 0.058572529 0.243253304 -0.115845345 -0.059429196 0.991488309 69.851311546
0.992978194 0.004908491 0.118197247 2.254426962 -0.012046074 0.998140666 0.059748003 0.245093606 -0.117683652 -0.060752246 0.991190819 70.105223871
0.992874445 0.004712749 0.119069554 2.272659362 -0.012005161 0.998090255 0.060601958 0.246474090 -0.118555953 -0.061599638 0.991035341 70.221000687
0.992750477 0.005353273 0.120074987 2.308112405 -0.012748853 0.998062259 0.060908268 0.246650266 -0.119515365 -0.061997475 0.990894824 70.454331849
0.992541865 0.005370502 0.121781602 2.341492005 -0.012457794 0.998267641 0.057510467 0.240145683 -0.121261175 -0.058598727 0.990890059 70.669751436
0.992465394 0.004509279 0.122440051 2.352659131 -0.011559657 0.998311291 0.056932660 0.239120121 -0.121976247 -0.057919031 0.990841689 70.777339667
0.992324764 0.002987899 0.123618613 2.396073629 -0.010245184 0.998257441 0.058113920 0.240656978 -0.123229094 -0.058934428 0.990627397 70.995621369
0.992153734 0.001547429 0.125010548 2.430722603 -0.009207177 0.998112872 0.060718823 0.245053163 -0.124680197 -0.061393371 0.990295728 71.209239398
0.992050094 0.001652753 0.125829617 2.443846050 -0.009506027 0.998041260 0.061836804 0.247028229 -0.125481516 -0.062541390 0.990123015 71.313278835
0.991860636 0.002460625 0.127301319 2.474179842 -0.010470906 0.998003559 0.062293029 0.247567190 -0.126893728 -0.063118966 0.989906133 71.513402286
0.991744965 0.003111564 0.128185819 2.510059646 -0.011157892 0.998007696 0.062100855 0.246683078 -0.127736868 -0.063018486 0.989804248 71.702909476
0.991718679 0.003639096 0.128377123 2.520796055 -0.011721400 0.997991693 0.062258207 0.246891988 -0.127892428 -0.063247372 0.989769611 71.789908169
0.991511111 0.004274659 0.129949511 2.540871609 -0.012507756 0.997960692 0.062605832 0.247418785 -0.129417023 -0.063699738 0.989542213 71.945089332
0.991352341 0.005075821 0.131125185 2.567910796 -0.013399408 0.997944331 0.062673801 0.247171255 -0.130537661 -0.063888814 0.989382782 72.086997265
0.991310618 0.005540494 0.131421484 2.577690175 -0.013857513 0.997951394 0.062455448 0.246662562 -0.130806186 -0.063733896 0.989357446 72.154297092
0.991229294 0.006640510 0.131986151 2.598655407 -0.014967165 0.997951646 0.062195669 0.245934095 -0.131302251 -0.063625588 0.989298866 72.286240817
0.991095766 0.007457814 0.132939975 2.623834490 -0.015876861 0.997926426 0.062382323 0.245892475 -0.132199098 -0.063937535 0.989159498 72.410217278
0.991026838 0.007444338 0.133458293 2.629897147 -0.015891331 0.997928950 0.062339657 0.245807507 -0.132717558 -0.063901052 0.989091594 72.463125126
0.990921586 0.007124561 0.134252093 2.647136908 -0.015599883 0.997943399 0.062184322 0.245320942 -0.133532175 -0.063714091 0.988994421 72.559206396
0.990909380 0.006987672 0.134346637 2.659698662 -0.015403734 0.997976092 0.061707413 0.244302525 -0.133644052 -0.063215946 0.989011469 72.642668512
0.990884036 0.007001524 0.134534054 2.671332721 -0.015395193 0.997991401 0.061451859 0.243614088 -0.133833816 -0.062962850 0.989001915 72.684957731
0.990799035 0.007241890 0.135145487 2.679701601 -0.015609203 0.998018293 0.060956833 0.242686537 -0.134435998 -0.062505451 0.988948706 72.754913861
0.990767871 0.007371428 0.135368173 2.693656434 -0.015693616 0.998044522 0.060514615 0.241625290 -0.134656419 -0.062080436 0.988945457 72.814250004
0.990762957 0.007434478 0.135401746 2.694585598 -0.015743781 0.998049877 0.060401028 0.241443329 -0.134688549 -0.061974844 0.988948339 72.833951470
0.990722966 0.007628907 0.135677904 2.706675992 -0.015900798 0.998072982 0.059988240 0.240448059 -0.134958548 -0.061589097 0.988935351 72.875356545
0.990671896 0.007676414 0.136052888 2.705282293 -0.015963723 0.998075658 0.059925861 0.240470899 -0.135331093 -0.061538745 0.988887378 72.899482574
0.990667214 0.007656515 0.136086045 2.709942032 -0.015949267 0.998074202 0.059952330 0.240413037 -0.135364341 -0.061563305 0.988881705 72.912103433
0.990718118 0.007829522 0.135703725 2.712265903 -0.016082782 0.998079157 0.059828982 0.240140179 -0.134974556 -0.061456163 0.988941813 72.929150068
0.990755691 0.008298867 0.135403036 2.718221885 -0.016301783 0.998177532 0.058103073 0.236812957 -0.134673759 -0.059773276 0.989085743 72.939125280
0.990742748 0.008522743 0.135482420 2.718172343 -0.016412368 0.998227095 0.057223907 0.235213731 -0.134754151 -0.058917742 0.989126264 72.939129901
0.990721341 0.008645074 0.135636089 2.711589105 -0.016389669 0.998291598 0.056086324 0.233330452 -0.134918388 -0.057788987 0.989170120 72.930054775
0.990742742 0.008258382 0.135503350 2.713459347 -0.016013728 0.998289271 0.056243238 0.233552424 -0.134806998 -0.057892487 0.989179805 72.926514009
0.990746368 0.008158948 0.135482036 2.714396481 -0.015928349 0.998284043 0.056361443 0.233728379 -0.134789780 -0.057997889 0.989175371 72.924743439
0.990742425 0.008375539 0.135496862 2.716239784 -0.016103731 0.998299191 0.056041276 0.233080772 -0.134796399 -0.057704520 0.989191567 72.921205186
0.990745220 0.008397785 0.135474025 2.717614366 -0.016073751 0.998320598 0.055666472 0.232340190 -0.134778555 -0.057328933 0.989216126 72.918552232
0.990745862 0.008429293 0.135468390 2.718085564 -0.016119267 0.998314304 0.055770383 0.232513126 -0.134769435 -0.057437898 0.989211170 72.917666702
0.990738488 0.008650754 0.135510436 2.718552118 -0.016348133 0.998309288 0.055793470 0.232536135 -0.134798302 -0.057492097 0.989203456 72.916781604
0.990736528 0.008618914 0.135521649 2.719461694 -0.016265388 0.998331394 0.055416798 0.231822520 -0.134817869 -0.057107785 0.989223355 72.915013604
0.990740544 0.008560758 0.135497098 2.719457050 -0.016194521 0.998336454 0.055337242 0.231672592 -0.134797907 -0.057019136 0.989231182 72.915014037
0.990737389 0.008523674 0.135523961 2.719927319 -0.016169889 0.998332374 0.055419227 0.231815543 -0.134824897 -0.057097314 0.989223394 72.914128593
0.990734576 0.008617116 0.135537737 2.719916792 -0.016239569 0.998341989 0.055233636 0.231475707 -0.134836340 -0.056922941 0.989231937 72.914129575
0.990738579 0.008677036 0.135504765 2.720378392 -0.016289517 0.998344295 0.055171048 0.231338793 -0.134801638 -0.056867412 0.989239530 72.913244939
0.990744629 0.008715723 0.135457556 2.720376534 -0.016321578 0.998345173 0.055140720 0.231278822 -0.134752644 -0.056841211 0.989248059 72.913245112
0.990737373 0.008693530 0.135515270 2.720372508 -0.016292312 0.998350090 0.055064884 0.231148885 -0.134812389 -0.056762690 0.989243699 72.913245488
0.990733870 0.008669026 0.135538315 2.720370341 -0.016263865 0.998352966 0.055028150 0.231078919 -0.134838505 -0.056722634 0.989242961 72.913245690
0.990733769 0.008686725 0.135541949 2.720835966 -0.016282173 0.998352406 0.055029637 0.231071942 -0.134839337 -0.056726651 0.989242584 72.912360679
0.990734825 0.008780530 0.135523504 2.720831012 -0.016363984 0.998355716 0.054944086 0.230912020 -0.134818003 -0.056652759 0.989249215 72.912361141
0.990736565 0.008803257 0.135512273 2.720831012 -0.016386112 0.998355004 0.054944040 0.230912020 -0.134805365 -0.056655599 0.989251221 72.912361141
0.990740025 0.008803184 0.135486891 2.720831941 -0.016387346 0.998353949 0.054964041 0.230942005 -0.134779792 -0.056675278 0.989253312 72.912361055
0.990737695 0.008797008 0.135501611 2.720827916 -0.016372213 0.998358355 0.054891657 0.230812068 -0.134795997 -0.056601659 0.989255659 72.912361430
0.990736084 0.008783255 0.135514647 2.720828845 -0.016360997 0.998357742 0.054906354 0.230842053 -0.134809489 -0.056614868 0.989253192 72.912361343
0.990741312 0.008832547 0.135471882 2.721293850 -0.016407550 0.998357211 0.054902193 0.230815086 -0.134764039 -0.056616624 0.989259036 72.911476390
0.990742772 0.008887942 0.135460053 2.721295089 -0.016465779 0.998355407 0.054924970 0.230855067 -0.134748595 -0.056647013 0.989259159 72.911476275
0.990738946 0.008922979 0.135484501 2.721295399 -0.016503444 0.998354286 0.054932008 0.230865062 -0.134771354 -0.056659304 0.989256059 72.911476246
0.990730574 0.008909155 0.135552674 2.721293231 -0.016487577 0.998356844 0.054888454 0.230795096 -0.134840468 -0.056614643 0.989248670 72.911476448
0.990729520 0.008914684 0.135557261 2.721288587 -0.016482460 0.998360908 0.054807885 0.230645169 -0.134846770 -0.056534072 0.989252627 72.911476881
0.990730184 0.008931474 0.135550006 2.721288587 -0.016498664 0.998361389 0.054805310 0.230645169 -0.134838200 -0.056533728 0.989253382 72.911476881
0.990730342 0.008950624 0.135546743 2.721754212 -0.016519164 0.998359757 0.054815817 0.230638192 -0.134833204 -0.056546792 0.989253725 72.910591870
0.990732938 0.008960525 0.135529211 2.721752664 -0.016524194 0.998361533 0.054786857 0.230588216 -0.134814793 -0.056518682 0.989257492 72.910592015
0.990729275 0.008980288 0.135552439 2.721751735 -0.016543059 0.998361963 0.054769523 0.230558230 -0.134838957 -0.056504232 0.989255347 72.910592101
0.990729067 0.008918776 0.135556674 2.721752044 -0.016482043 0.998362875 0.054775391 0.230568226 -0.134845886 -0.056501789 0.989254072 72.910592072
0.990728376 0.008918427 0.135565963 2.721752044 -0.016481749 0.998362897 0.054771400 0.230568226 -0.134855295 -0.056497904 0.989253382 72.910592072
0.990725110 0.008926846 0.135585062 2.721749258 -0.016484806 0.998365774 0.054723084 0.230478269 -0.134875033 -0.056450594 0.989253052 72.910592332
0.990725669 0.008938467 0.135583565 2.722213644 -0.016493820 0.998366463 0.054704827 0.230431312 -0.134872306 -0.056433762 0.989254874 72.909707437
0.990727061 0.008958448 0.135571186 2.722213025 -0.016512133 0.998366863 0.054696311 0.230411321 -0.134858793 -0.056427671 0.989256439 72.909707495
0.990724367 0.008968799 0.135591301 2.722213644 -0.016525311 0.998365502 0.054707884 0.230431312 -0.134878037 -0.056441186 0.989253234 72.909707437
0.990728933 0.008989405 0.135553262 2.722212096 -0.016540551 0.998366931 0.054683269 0.230381336 -0.134840315 -0.056418401 0.989259694 72.909707581
0.990731269 0.009045903 0.135536110 2.722212096 -0.016596092 0.998366169 0.054680105 0.230381336 -0.134819942 -0.056422692 0.989262036 72.909707581
0.990733524 0.009088929 0.135517889 2.722212406 -0.016639221 0.998364802 0.054686080 0.230391331 -0.134798720 -0.056434282 0.989264771 72.909707552
0.990731974 0.009059207 0.135526349 2.722212096 -0.016609489 0.998365741 0.054683914 0.230381336 -0.134809144 -0.056428232 0.989263611 72.909707581
0.990731438 0.009086802 0.135529111 2.722208380 -0.016628287 0.998369073 0.054616607 0.230261394 -0.134811326 -0.056364068 0.989267484 72.909707928
0.990726543 0.009116395 0.135565048 2.722204665 -0.016650748 0.998372346 0.054547757 0.230141452 -0.134846238 -0.056299192 0.989266230 72.909708274
0.990722532 0.009128364 0.135590906 2.722205903 -0.016667305 0.998370903 0.054570253 0.230181433 -0.134871759 -0.056323945 0.989261315 72.909708159
0.990723606 0.009147645 0.135584377 2.722205284 -0.016685325 0.998371321 0.054562555 0.230161442 -0.134864069 -0.056318674 0.989262550 72.909708217
0.990726029 0.009179330 0.135565262 2.722667813 -0.016709454 0.998373475 0.054512539 0.230054514 -0.134844252 -0.056272224 0.989268148 72.908823495
0.990725685 0.009199461 0.135561192 2.722668432 -0.016731137 0.998372806 0.054525571 0.230074504 -0.134838367 -0.056287955 0.989268018 72.908823437
0.990724095 0.009186684 0.135573813 2.722668742 -0.016719221 0.998372202 0.054526874 0.230084499 -0.134851862 -0.056287769 0.989265589 72.908823408
0.990721515 0.009287522 0.135587387 2.722668742 -0.016822012 0.998371029 0.054530349 0.230084499 -0.134859156 -0.056305236 0.989263620 72.908823408
0.990729579 0.009299331 0.135532462 2.722667813 -0.016828205 0.998371717 0.054511166 0.230054514 -0.134803949 -0.056286611 0.989272398 72.908823495
0.990732606 0.009316895 0.135506633 2.722667194 -0.016843433 0.998372192 0.054503172 0.230034524 -0.134778336 -0.056280436 0.989275920 72.908823552
0.990729765 0.009418753 0.135520534 2.722664717 -0.016941117 0.998372118 0.054461525 0.229954562 -0.134786997 -0.056252529 0.989277248 72.908823783
0.990727173 0.009388806 0.135545154 2.722670290 -0.016925399 0.998367776 0.054556883 0.230134475 -0.134811260 -0.056345142 0.989268025 72.908823263
0.990725728 0.009419754 0.135550403 2.722671529 -0.016959981 0.998365736 0.054580425 0.230174456 -0.134814746 -0.056373125 0.989265813 72.908823148
0.990724806 0.009292125 0.135566785 2.722665645 -0.016818155 0.998374045 0.054475978 0.229984548 -0.134839421 -0.056250669 0.989269650 72.908823697
0.990719168 0.009280755 0.135609119 2.722661311 -0.016798398 0.998378632 0.054397026 0.229844615 -0.134883443 -0.056170180 0.989268564 72.908824101
0.990722801 0.009277910 0.135578050 2.722665955 -0.016804623 0.998373487 0.054477124 0.229994543 -0.134852034 -0.056250110 0.989267641 72.908823668
0.990720786 0.009454033 0.135583951 2.722671529 -0.016996036 0.998365668 0.054577374 0.230174456 -0.134846033 -0.056375327 0.989262041 72.908823148
0.990712514 0.009544032 0.135636636 2.722661620 -0.017065759 0.998373361 0.054400862 0.229854611 -0.134896503 -0.056210411 0.989263749 72.908824072
0.990714100 0.009481698 0.135627643 2.722659143 -0.016996560 0.998377441 0.054358732 0.229774649 -0.134891347 -0.056159195 0.989267738 72.908824303
0.990721462 0.009343222 0.135588405 2.722664407 -0.016867333 0.998374517 0.054450392 0.229944567 -0.134859445 -0.056232174 0.989267949 72.908823812
0.990718188 0.009386199 0.135604575 2.723128794 -0.016909791 0.998374208 0.054436880 0.229897610 -0.134872782 -0.056224713 0.989266540 72.907938917
0.990718762 0.009415036 0.135599522 2.723125388 -0.016930400 0.998377478 0.054377520 0.229787663 -0.134866435 -0.056168708 0.989270671 72.907939234
0.990721872 0.009460257 0.135575010 2.723124149 -0.016971541 0.998378128 0.054354881 0.229747682 -0.134840282 -0.056151498 0.989275167 72.907939350
0.990717759 0.009509200 0.135600191 2.723128174 -0.017032005 0.998372381 0.054426215 0.229877619 -0.134861624 -0.056230628 0.989267829 72.907938975
0.990714844 0.009461423 0.135626386 2.723128484 -0.016986074 0.998373865 0.054430993 0.229887614 -0.134890027 -0.056229335 0.989263432 72.907938946
0.990714144 0.009427337 0.135631776 2.723124768 -0.016942458 0.998378139 0.054361301 0.229767672 -0.134899141 -0.056154457 0.989266472 72.907939292
0.990711954 0.009523946 0.135644695 2.723121362 -0.017032655 0.998379279 0.054302980 0.229657726 -0.134906473 -0.056108993 0.989268733 72.907939610
0.990709560 0.009551228 0.135659671 2.723121672 -0.017061736 0.998378407 0.054308111 0.229667721 -0.134920733 -0.056118135 0.989266339 72.907939581
0.990713162 0.009532536 0.135632785 2.723122601 -0.017043362 0.998377951 0.054323159 0.229697706 -0.134894333 -0.056130327 0.989268864 72.907939494
0.990713250 0.009526624 0.135634702 2.723118885 -0.017028468 0.998382330 0.054257177 0.229577764 -0.134897962 -0.056063010 0.989272267 72.907939841
