1.000000000 -0.000000000 -0.000000000 0.000000000 0.000000000 1.000000000 0.000000000 -0.000000000 0.000000000 0.000000000 1.000000000 0.000000000
0.999999378 0.000071079 -0.000011541 -0.000000279 -0.000071122 1.000000411 -0.000010650 -0.000019967 0.000011064 0.000010802 0.999999881 -0.000001110
0.999999209 -0.000007810 -0.000020972 -0.000001254 0.000007875 0.999999593 -0.000045192 -0.000089852 0.000020697 0.000045308 1.000000179 -0.000004996
0.999999978 -0.000002752 -0.000038794 -0.000000836 0.000002783 1.000000318 -0.000030932 -0.000059902 0.000038226 0.000031001 1.000000402 -0.000003331
0.999999158 -0.000145683 -0.000030044 0.000000279 0.000145718 0.999999760 0.000013237 0.000019967 0.000029410 -0.000013151 1.000000058 0.000001110
0.999999278 -0.000050775 -0.000059432 0.000000279 0.000050754 0.999999539 0.000015049 0.000019967 0.000058359 -0.000014998 1.000000063 0.000001110
0.999999400 -0.000103721 -0.000036592 -0.000000418 0.000103765 0.999999628 -0.000014629 -0.000029951 0.000036275 0.000014709 1.000000260 -0.000001665
0.999999489 -0.000009256 -0.000039680 -0.000001393 0.000009335 1.000000192 -0.000052834 -0.000099836 0.000039406 0.000052910 1.000000000 -0.000005551
0.999998797 -0.000098554 -0.000071718 0.000580344 0.000098523 0.999999958 -0.000007419 0.000017150 0.000071261 0.000007470 1.000000103 -0.000814437
0.999999649 -0.000129528 -0.000040932 0.000579926 0.000129524 1.000000372 -0.000025791 -0.000012801 0.000041316 0.000025829 1.000000340 -0.000816102
0.999999432 -0.000134471 -0.000006315 0.000577139 0.000134410 1.000000276 -0.000136754 -0.000212473 0.000005728 0.000136887 1.000000317 -0.000827204
0.999999455 -0.000009547 -0.000013531 0.000576721 0.000009570 0.999999578 -0.000154093 -0.000242424 0.000013572 0.000154110 1.000000522 -0.000828869
0.999999551 -0.000065880 -0.000021458 0.000576442 0.000065941 0.999999810 -0.000164001 -0.000262391 0.000021131 0.000164069 1.000000558 -0.000829979
0.999999282 0.000005617 -0.000038990 0.000575467 -0.000005541 0.999999582 -0.000204177 -0.000332276 0.000038579 0.000204279 0.999999733 -0.000833865
0.999999962 0.000017930 -0.000064196 0.000574631 -0.000017899 0.999999639 -0.000236090 -0.000392178 0.000064320 0.000236187 0.999999955 -0.000837195
0.999999762 0.000039333 -0.000132289 0.000574770 -0.000039391 0.999999946 -0.000225214 -0.000382194 0.000132050 0.000225292 0.999999792 -0.000836640
0.999999237 0.000079714 -0.000156667 0.000574492 -0.000079760 0.999999596 -0.000239420 -0.000402162 0.000155653 0.000239472 1.000000183 -0.000837750
0.999999695 0.000097326 -0.000159031 0.000573377 -0.000097374 0.999999871 -0.000284058 -0.000482030 0.000158864 0.000284148 1.000000147 -0.000842191
0.999999847 0.000071258 -0.000094940 0.000571148 -0.000071288 1.000000247 -0.000373890 -0.000641768 0.000094999 0.000373999 0.999999998 -0.000851072
0.999999042 0.000126246 -0.000066906 0.000571566 -0.000126262 0.999999476 -0.000356047 -0.000611817 0.000066096 0.000356047 0.999999923 -0.000849407
0.999999497 0.000143162 -0.000060388 0.000572123 -0.000143199 0.999999665 -0.000330278 -0.000571883 0.000060729 0.000330385 0.999999605 -0.000847187
0.999999647 0.000189885 -0.000049637 0.000571566 -0.000189887 0.999999838 -0.000351494 -0.000611817 0.000050099 0.000351576 1.000000164 -0.000849407
0.999999308 0.000222095 -0.000045102 0.000569058 -0.000222136 0.999999814 -0.000452015 -0.000791522 0.000044697 0.000452029 1.000000043 -0.000859399
0.999999005 0.000232345 -0.000013614 0.000568918 -0.000232304 1.000000128 -0.000461664 -0.000801506 0.000013279 0.000461819 0.999999950 -0.000859954
0.999998964 0.000257328 0.000015763 0.000568361 -0.000257310 0.999999701 -0.000481128 -0.000841440 -0.000016171 0.000481233 1.000000361 -0.000862174
0.999999682 0.000226290 -0.000021798 0.000567664 -0.000226255 0.999999709 -0.000506795 -0.000891358 0.000021415 0.000506904 0.999999426 -0.000864950
0.999998979 0.000253580 -0.000039553 0.000567803 -0.000253685 0.999999455 -0.000504597 -0.000881375 0.000039334 0.000504612 1.000000375 -0.000864394
0.999999468 0.000273636 -0.000085594 0.000567246 -0.000273587 1.000000237 -0.000521458 -0.000921309 0.000085496 0.000521547 0.999999935 -0.000866615
0.999999447 0.000310378 -0.000022390 0.000567664 -0.000310340 0.999999495 -0.000507631 -0.000891358 0.000022328 0.000507661 1.000000195 -0.000864950
0.999998954 0.000328812 -0.000020487 0.000566689 -0.000328829 1.000000081 -0.000546398 -0.000961244 0.000019903 0.000546544 0.999999784 -0.000868835
0.999998825 0.000339060 -0.000028443 0.000566410 -0.000338991 0.999999273 -0.000558402 -0.000981211 0.000027953 0.000558496 0.999999704 -0.000869945
0.999999307 0.000359238 0.000006474 0.000565435 -0.000359188 0.999999827 -0.000597441 -0.001051096 -0.000007050 0.000597516 0.999999488 -0.000873831
0.999999475 0.000328679 0.000023878 0.000565713 -0.000328600 1.000000040 -0.000583303 -0.001031129 -0.000023978 0.000583333 1.000000262 -0.000872721
0.999999281 0.000330952 0.000054540 0.000565574 -0.000330882 0.999999421 -0.000593808 -0.001041113 -0.000054958 0.000593903 0.999999541 -0.000873276
0.999998939 0.000366192 0.000034325 0.000564320 -0.000366060 1.000000195 -0.000643136 -0.001130965 -0.000034676 0.000643194 1.000000071 -0.000878272
0.999999482 0.000397076 0.000005526 0.000563902 -0.000397068 0.999999964 -0.000657441 -0.001160916 -0.000004966 0.000657609 0.999999762 -0.000879937
0.999999249 0.000438594 0.000009035 0.000563345 -0.000438582 1.000000082 -0.000681040 -0.001200850 -0.000009486 0.000681105 0.999999960 -0.000882157
0.999999105 0.000451554 -0.000016338 0.000562091 -0.000451596 0.999999463 -0.000724934 -0.001290703 0.000015637 0.000725001 0.999999516 -0.000887153
0.999999548 0.000450778 0.000006666 0.001142295 -0.000450723 0.999999474 -0.000742931 -0.001283536 -0.000007367 0.000743014 1.000000362 -0.001702145
0.999999331 0.000447667 0.000025180 0.001142156 -0.000447691 0.999999170 -0.000749166 -0.001293520 -0.000025827 0.000749263 0.999999770 -0.001702700
0.999999686 0.000499170 0.000008667 0.001142017 -0.000499188 0.999999974 -0.000757856 -0.001303504 -0.000009480 0.000757911 0.999999880 -0.001703255
0.999999571 0.000508379 0.000000638 0.001141459 -0.000508351 0.999999887 -0.000775052 -0.001343438 -0.000001374 0.000775178 0.999999512 -0.001705475
0.999999352 0.000489651 0.000010529 0.001140484 -0.000489542 0.999999853 -0.000816372 -0.001413323 -0.000011738 0.000816520 0.999999768 -0.001709361
0.999998685 0.000467478 0.000041280 0.001139926 -0.000467420 1.000000007 -0.000837240 -0.001453258 -0.000041943 0.000837338 0.999999868 -0.001711581
0.999999676 0.000438025 0.000040436 0.001139508 -0.000437931 0.999999367 -0.000856146 -0.001483209 -0.000041118 0.000856242 0.999999632 -0.001713246
0.999999786 0.000487527 0.000051165 0.001138951 -0.000487515 0.999999411 -0.000878959 -0.001523143 -0.000051909 0.000879042 1.000000102 -0.001715467
0.999999672 0.000522450 0.000037503 0.001138812 -0.000522296 0.999999687 -0.000883270 -0.001533127 -0.000038824 0.000883330 0.999999988 -0.001716022
0.999999691 0.000495359 0.000043250 0.001138672 -0.000495280 0.999999801 -0.000888068 -0.001543110 -0.000043725 0.000888093 1.000000183 -0.001716577
0.999999485 0.000518039 0.000047232 0.001137836 -0.000517944 0.999999746 -0.000919317 -0.001603012 -0.000048595 0.000919405 0.999999141 -0.001719908
0.999999306 0.000525642 0.000019234 0.001137418 -0.000525566 0.999999786 -0.000934664 -0.001632963 -0.000019563 0.000934794 0.999999355 -0.001721573
0.999999598 0.000537405 0.000025003 0.001137836 -0.000537330 0.999999378 -0.000921012 -0.001603012 -0.000026038 0.000921164 0.999999179 -0.001719908
0.999999512 0.000575485 -0.000039411 0.001138254 -0.000575476 0.999999748 -0.000904802 -0.001573061 0.000038553 0.000904964 0.999999426 -0.001718242
0.999998839 0.000579508 -0.000095428 0.001137418 -0.000579576 0.999998909 -0.000936893 -0.001632963 0.000094444 0.000937060 0.999999776 -0.001721573
0.999999743 0.000581014 -0.000091767 0.001137836 -0.000581118 0.999999049 -0.000916003 -0.001603012 0.000091330 0.000916133 0.999999654 -0.001719908
0.999999199 0.000599691 -0.000055295 0.001137697 -0.000599694 0.999999185 -0.000926814 -0.001612996 0.000054438 0.000927014 0.999999377 -0.001720463
0.999998802 0.000603383 -0.000057419 0.001137836 -0.000603405 0.999999479 -0.000920674 -0.001603012 0.000056444 0.000920810 0.999999371 -0.001719908
0.999999459 0.000630486 -0.000048121 0.001137558 -0.000630607 0.999999628 -0.000929223 -0.001622979 0.000048295 0.000929345 0.999999471 -0.001721018
0.999998857 0.000632968 -0.000058204 0.001137000 -0.000633018 0.999999321 -0.000952140 -0.001662914 0.000057591 0.000952251 0.999999834 -0.001723238
0.999999358 0.000637770 -0.000048853 0.001137279 -0.000637795 0.999998917 -0.000940142 -0.001642946 0.000047895 0.000940292 0.999999679 -0.001722128
0.999999641 0.000625478 -0.000045954 0.001137558 -0.000625516 0.999999527 -0.000932268 -0.001622979 0.000044968 0.000932405 0.999999649 -0.001721018
0.999999590 0.000658367 -0.000084846 0.001137000 -0.000658436 0.999998889 -0.000953436 -0.001662914 0.000084004 0.000953642 0.999999198 -0.001723238
0.999999176 0.000667623 -0.000048743 0.001134353 -0.000667627 0.999998974 -0.001057816 -0.001852602 0.000047633 0.001057878 0.999999306 -0.001733785
0.999999095 0.000685762 -0.000005463 0.001131566 -0.000685786 0.999998796 -0.001164506 -0.002052274 0.000004942 0.001164631 0.999999514 -0.001744886
0.999999366 0.000776010 0.000146723 0.001694493 -0.000775694 0.999997501 -0.001868028 -0.003283075 -0.000148968 0.001867857 0.999998591 -0.002628709
0.999998908 0.000775303 0.000149648 0.002257002 -0.000774933 0.999996587 -0.002587080 -0.004543827 -0.000151720 0.002587071 0.999997374 -0.003514197
0.999999031 0.000734631 0.000050708 0.002250453 -0.000734499 0.999995720 -0.002846952 -0.005013057 -0.000053884 0.002847056 0.999996030 -0.003540286
0.999998945 0.000947758 -0.000006119 0.002241953 -0.000947690 0.999994247 -0.003180382 -0.005622057 0.000002720 0.003180369 0.999995574 -0.003574146
0.999998576 0.001109988 0.000224934 0.002799864 -0.001109036 0.999990970 -0.004081453 -0.007212268 -0.000229909 0.004081327 0.999991528 -0.004477952
0.999998729 0.001066701 0.000297210 0.003365995 -0.001065220 0.999988343 -0.004662104 -0.008213446 -0.000302801 0.004661868 0.999989576 -0.005349008
0.999998875 0.001066126 0.000283154 0.002180087 -0.001064479 0.999983005 -0.005641006 -0.010054780 -0.000289138 0.005640772 0.999984049 -0.003820605
0.999998878 0.001168107 0.000351504 0.005657243 -0.001165872 0.999979101 -0.006370222 -0.012105178 -0.000358928 0.006369960 0.999979892 0.008404273
0.999998616 0.001297617 0.000505643 0.001577279 -0.001294017 0.999974835 -0.006991245 -0.013483163 -0.000514965 0.006990668 0.999975523 0.014035388
0.999998404 0.001590894 0.000840616 0.007951664 -0.001583660 0.999962964 -0.008428964 -0.017571157 -0.000854157 0.008427660 0.999964615 0.039301246
0.999996934 0.001912334 0.000958187 0.008520939 -0.001902790 0.999950024 -0.009824470 -0.021950455 -0.000977968 0.009822741 0.999951665 0.072704809
0.999997456 0.002007477 0.000976443 0.007355901 -0.001997147 0.999943332 -0.010443572 -0.024098119 -0.000997885 0.010441673 0.999945050 0.091447400
0.999997259 0.001688585 0.001232111 0.008532520 -0.001674646 0.999934769 -0.011254242 -0.028327318 -0.001251343 0.011252204 0.999935653 0.141275139
0.999998442 0.000564177 0.001350351 0.008569569 -0.000547781 0.999926125 -0.012140979 -0.034681052 -0.001356451 0.012140313 0.999925497 0.227077976
0.999998438 -0.000118684 0.001333855 0.016728228 0.000136517 0.999911590 -0.013311547 -0.041024309 -0.001332602 0.013311769 0.999910710 0.301465934
0.999997399 -0.000970148 0.001508020 0.019081497 0.000991932 0.999895234 -0.014448645 -0.047678836 -0.001494717 0.014450197 0.999894626 0.383990487
0.999996088 -0.001871956 0.001704495 0.022593705 0.001896946 0.999889433 -0.014741603 -0.050821107 -0.001676894 0.014744881 0.999889959 0.430617098
0.999986793 -0.004261644 0.002527007 0.025547491 0.004300602 0.999869316 -0.015587743 -0.057814733 -0.002460320 0.015598469 0.999875405 0.529538628
0.999979215 -0.005322882 0.003471834 0.036036769 0.005384141 0.999825836 -0.017871487 -0.068832102 -0.003376535 0.017889933 0.999834612 0.652098808
0.999979867 -0.005081204 0.003687848 0.036626743 0.005151807 0.999798957 -0.019392949 -0.075331585 -0.003588313 0.019411618 0.999805042 0.719846930
0.999986644 -0.003470019 0.003539759 0.034912744 0.003548926 0.999739833 -0.022526284 -0.089661092 -0.003461131 0.022538650 0.999739527 0.876577368
0.999990577 -0.002173480 0.003738643 0.036739408 0.002263846 0.999701578 -0.024334155 -0.103292342 -0.003684185 0.024342454 0.999696953 1.062916730
0.999989253 -0.002350777 0.003708293 0.039706849 0.002441357 0.999694132 -0.024601992 -0.109307573 -0.003649979 0.024610958 0.999690113 1.161892658
0.999984686 -0.003777805 0.003842681 0.042736947 0.003873525 0.999674783 -0.025212503 -0.121643427 -0.003746489 0.025227090 0.999674582 1.363904485
0.999968285 -0.006553435 0.004501685 0.051553036 0.006673324 0.999609137 -0.027147309 -0.136859602 -0.004322644 0.027176577 0.999621489 1.574833485
0.999950864 -0.008641666 0.004764811 0.060898238 0.008773072 0.999561137 -0.028289431 -0.144919350 -0.004518357 0.028329883 0.999588764 1.681957668
0.999920483 -0.011368903 0.005413313 0.066248535 0.011526314 0.999483393 -0.029992278 -0.160874215 -0.005069731 0.030052449 0.999535072 1.914969159
0.999900838 -0.012551269 0.006283039 0.072804355 0.012736504 0.999457483 -0.030359835 -0.175383929 -0.005899026 0.030436944 0.999519506 2.163661441
0.999898803 -0.012473870 0.006828366 0.076973388 0.012673109 0.999470636 -0.029953226 -0.182037423 -0.006451737 0.030036819 0.999527771 2.295433543
0.999911727 -0.010396505 0.008165809 0.087095928 0.010620339 0.999555761 -0.027863842 -0.193981946 -0.007872679 0.027948290 0.999578307 2.573838551
0.999910300 -0.009876199 0.009000986 0.089066761 0.010113746 0.999591339 -0.026728719 -0.208093405 -0.008734120 0.026817491 0.999601736 2.863538538
0.999906429 -0.009948034 0.009310584 0.094378059 0.010201328 0.999567735 -0.027563921 -0.217834307 -0.009032889 0.027656386 0.999576850 3.010739421
0.999881408 -0.012228694 0.009283182 0.108485194 0.012499775 0.999479754 -0.029716667 -0.238837376 -0.008916350 0.029829292 0.999515602 3.317395485
0.999849607 -0.013937406 0.010261532 0.116880574 0.014220667 0.999504978 -0.028059369 -0.253442731 -0.009866263 0.028201198 0.999553185 3.632561162
0.999823448 -0.014919592 0.011351170 0.125153754 0.015221892 0.999518568 -0.027026315 -0.260588835 -0.010942125 0.027194461 0.999570414 3.793060586
0.999799687 -0.015637316 0.012452005 0.138730398 0.015976558 0.999491186 -0.027619599 -0.279838794 -0.012014001 0.027813077 0.999541089 4.117860734
0.999805101 -0.015745085 0.011870991 0.146493848 0.016077687 0.999465409 -0.028460655 -0.299959105 -0.011416582 0.028646027 0.999524407 4.450766391
0.999780451 -0.017185794 0.011917337 0.149500460 0.017526400 0.999422983 -0.029081686 -0.310374445 -0.011411098 0.029284316 0.999505790 4.618422556
0.999732206 -0.019048768 0.013136304 0.166584464 0.019432296 0.999369653 -0.029707022 -0.331312230 -0.012562261 0.029954496 0.999472040 4.972698962
0.999706430 -0.019359193 0.014561725 0.181348487 0.019792095 0.999348270 -0.030191611 -0.352218779 -0.013968352 0.030471062 0.999438406 5.330238665
0.999691902 -0.019551800 0.015267911 0.187269466 0.020015356 0.999323931 -0.030823120 -0.363443732 -0.014654607 0.031119305 0.999408391 5.511004086
0.999678213 -0.019434681 0.016279869 0.202600147 0.019953530 0.999278098 -0.032338377 -0.387115396 -0.015639751 0.032652855 0.999344855 5.884805880
0.999685928 -0.017934501 0.017462368 0.213913116 0.018493858 0.999302927 -0.032417631 -0.409506243 -0.016868901 0.032730477 0.999322286 6.281617838
0.999684718 -0.017530073 0.017947043 0.218708351 0.018099434 0.999321694 -0.032066675 -0.420063482 -0.017373425 0.032381504 0.999325286 6.481282385
0.999693400 -0.015895176 0.018973380 0.239924448 0.016492979 0.999358506 -0.031780429 -0.443094914 -0.018456122 0.032083672 0.999314884 6.898659536
0.999681726 -0.015373086 0.020001950 0.252402673 0.016012199 0.999352889 -0.032193887 -0.466925874 -0.019494603 0.032504019 0.999281521 7.310991865
0.999683247 -0.015283513 0.019944593 0.253112092 0.015930973 0.999337851 -0.032714679 -0.479280409 -0.019432059 0.033022236 0.999265988 7.516264213
0.999673677 -0.015377409 0.020397161 0.274863357 0.016080919 0.999265540 -0.034786304 -0.507333253 -0.019847626 0.035103007 0.999187149 7.949778006
0.999632819 -0.015738056 0.022047089 0.292555837 0.016539353 0.999191326 -0.036645375 -0.535246572 -0.021453018 0.036996723 0.999085077 8.389007286
0.999622515 -0.015342429 0.022764753 0.300255934 0.016182690 0.999177127 -0.037194649 -0.549096181 -0.022175018 0.037549113 0.999048566 8.618874269
0.999580665 -0.014927823 0.024790214 0.320288430 0.015883534 0.999119917 -0.038817043 -0.577406968 -0.024188236 0.039194611 0.998938906 9.072051111
0.999555750 -0.013154665 0.026709139 0.343783064 0.014251388 0.999045490 -0.041293099 -0.607042512 -0.026140771 0.041655462 0.998790463 9.520261955
0.999548759 -0.011375696 0.027768149 0.354370251 0.012549650 0.999018934 -0.042474027 -0.621854649 -0.027258678 0.042803457 0.998711839 9.745998471
0.999544951 -0.007876066 0.029103693 0.369710113 0.009210375 0.998898786 -0.046000512 -0.653876769 -0.028709703 0.046247754 0.998517026 10.205492084
0.999515638 -0.007250651 0.030253790 0.389710004 0.008727137 0.998762930 -0.048960341 -0.684523721 -0.029861709 0.049200786 0.998342326 10.658539035
0.999487270 -0.008068967 0.030965170 0.406134737 0.009593165 0.998733571 -0.049392113 -0.698522246 -0.030528510 0.049664004 0.998299314 10.893398108
0.999409966 -0.009443667 0.033015438 0.436647638 0.011115689 0.998645012 -0.050832416 -0.727676108 -0.032491280 0.051169514 0.998161574 11.366313495
0.999345247 -0.010056591 0.034752249 0.463073749 0.011897765 0.998513542 -0.053183101 -0.758697152 -0.034166560 0.053561842 0.997979828 11.844832797
0.999327140 -0.008690961 0.035616243 0.477138927 0.010647140 0.998423571 -0.055107424 -0.775499785 -0.035081240 0.055449740 0.997844863 12.082797522
0.999269296 -0.003913769 0.038011928 0.505323316 0.006086166 0.998344105 -0.057201567 -0.807035283 -0.037725785 0.057391272 0.997638625 12.576073271
0.999201276 -0.000771215 0.039937217 0.529470379 0.003097346 0.998299219 -0.058215113 -0.836893782 -0.039825104 0.058292476 0.997504910 13.075149992
0.999179436 0.000448576 0.040490295 0.546459819 0.001973932 0.998210483 -0.059767491 -0.853797192 -0.040445248 0.059798447 0.997391192 13.326263384
0.999108708 0.000391963 0.042194826 0.582211051 0.002232684 0.998065071 -0.062136844 -0.887110121 -0.042137634 0.062175761 0.997175714 13.843302679
0.999022213 -0.000144824 0.044204841 0.617446839 0.002901084 0.998053274 -0.062293153 -0.917591710 -0.044110289 0.062360547 0.997078900 14.378546006
0.998952254 -0.000184424 0.045757130 0.636230925 0.003032382 0.998060907 -0.062177504 -0.932403852 -0.045657943 0.062251232 0.997015688 14.644560723
0.998841399 -0.000009201 0.048115490 0.683092650 0.003008479 0.998054800 -0.062262352 -0.962978558 -0.048021389 0.062335100 0.996899090 15.180722293
0.998747331 0.002589156 0.049952754 0.720645634 0.000544525 0.998037734 -0.062617385 -0.993691055 -0.050016988 0.062566289 0.996786688 15.712691222
0.998701184 0.003078895 0.050843416 0.740013686 0.000097212 0.998054373 -0.062346115 -1.008226473 -0.050937157 0.062270185 0.996758664 15.977905935
0.998553092 0.005342087 0.053500246 0.789190656 -0.001978563 0.998028443 -0.062725246 -1.039171857 -0.053730665 0.062528752 0.996595807 16.510785334
0.998456630 0.007191551 0.055069813 0.827313812 -0.003684231 0.997972880 -0.063526883 -1.070596008 -0.055415498 0.063225986 0.996460034 17.041899305
0.998410230 0.007291732 0.055877429 0.848425653 -0.003725268 0.997964205 -0.063666085 -1.086684175 -0.056228780 0.063356863 0.996405633 17.321812736
0.998301568 0.008385789 0.057650796 0.896474509 -0.004735773 0.997992066 -0.063159524 -1.117131567 -0.058065189 0.062779295 0.996337345 17.873581825
0.998237580 0.008001370 0.058800658 0.940476981 -0.004353399 0.998072190 -0.061907825 -1.146550893 -0.059182773 0.061542806 0.996348528 18.431115805
0.998223487 0.006351440 0.059221987 0.956953207 -0.002721596 0.998123807 -0.061172196 -1.160463225 -0.059499515 0.060902495 0.996369354 18.700442111
0.998132363 0.003557968 0.060975595 1.006201487 0.000051947 0.998251981 -0.059099235 -1.188100873 -0.061079401 0.058992158 0.996387953 19.250736642
0.998052868 0.000025894 0.062363779 1.049635073 0.003529883 0.998373193 -0.056904656 -1.214914822 -0.062263508 0.057014115 0.996430333 19.791999650
0.997908806 0.001399650 0.064609104 1.112970376 0.002247859 0.998408608 -0.056347099 -1.259591548 -0.064585124 0.056374616 0.996318917 20.597476979
0.997796817 0.006569896 0.066003961 1.159149514 -0.002594968 0.998187725 -0.060127738 -1.295707501 -0.066280356 0.059824162 0.996006077 21.116914625
0.997759174 0.007002099 0.066537103 1.181958386 -0.002894387 0.998094527 -0.061632423 -1.313095167 -0.066842210 0.061301807 0.995879073 21.377078412
0.997732656 0.004837752 0.067111861 1.242179695 -0.000670331 0.998077310 -0.061979815 -1.344240671 -0.067283418 0.061794465 0.995818610 21.911685495
0.997709470 -0.001142807 0.067624125 1.292561940 0.005248507 0.998149865 -0.060567412 -1.371957000 -0.067430679 0.060783730 0.995871303 22.443113649
0.997640281 -0.004643850 0.068485517 1.329388320 0.008743071 0.998179724 -0.059676518 -1.386141315 -0.068084123 0.060134694 0.995865416 22.718348622
0.997477686 -0.005820075 0.070741510 1.380957140 0.009916615 0.998284805 -0.057695651 -1.413770264 -0.070284776 0.058251755 0.995825341 23.265382076
0.997323669 -0.002624681 0.073051172 1.429639288 0.006655045 0.998465174 -0.054983388 -1.440406734 -0.072794822 0.055322541 0.995811465 23.816547662
0.997266365 -0.000357420 0.073882608 1.446095868 0.004435412 0.998474508 -0.055038674 -1.455726755 -0.073749739 0.055216065 0.995747160 24.085795701
0.997165171 0.001284406 0.075229290 1.503447613 0.002823603 0.998511638 -0.054474294 -1.486455666 -0.075187763 0.054532452 0.995676909 24.641734117
0.997154872 -0.002004783 0.075348021 1.554391082 0.006113417 0.998504260 -0.054337907 -1.517326471 -0.075126128 0.054644090 0.995675679 25.189402714
0.997122480 -0.004438558 0.075664480 1.587142514 0.008532508 0.998511984 -0.053868686 -1.532529361 -0.075313037 0.054359470 0.995677105 25.470288785
0.997015836 -0.008588182 0.076707443 1.644518365 0.012631070 0.998547799 -0.052376929 -1.561531108 -0.076146395 0.053189622 0.995677029 26.026323231
0.996893605 -0.009787491 0.078140105 1.702455191 0.013853589 0.998567985 -0.051664990 -1.591903426 -0.077522957 0.052587161 0.995602351 26.581466083
0.996882194 -0.008522844 0.078438602 1.732281495 0.012633271 0.998563716 -0.052058235 -1.608869313 -0.077881879 0.052886948 0.995558971 26.866331082
0.996857640 -0.006071702 0.078973966 1.788399678 0.010394757 0.998462798 -0.054445577 -1.644853952 -0.078521652 0.055095587 0.995388354 27.423608060
0.996861328 -0.003752720 0.079075284 1.838150521 0.008203239 0.998395159 -0.056031782 -1.679849175 -0.078738296 0.056504670 0.995292392 27.989909340
0.996885937 -0.003616480 0.078765620 1.868561488 0.008067999 0.998382584 -0.056272342 -1.696488420 -0.078434274 0.056732668 0.995303794 28.273977110
0.996840637 -0.004000868 0.079318965 1.922400097 0.008536802 0.998341360 -0.056929113 -1.729546576 -0.078960387 0.057426468 0.995222532 28.834678361
0.996834562 -0.005350870 0.079314147 1.982613154 0.009982592 0.998260046 -0.058115437 -1.763084984 -0.078865546 0.058723414 0.995153886 29.386383619
0.996821337 -0.005355706 0.079475840 2.007781131 0.010034680 0.998231508 -0.058590394 -1.779502363 -0.079022612 0.059201860 0.995113624 29.660571014
0.996722852 -0.004872003 0.080739195 2.065109607 0.009657767 0.998211940 -0.058989950 -1.811898537 -0.080307671 0.059576523 0.994987847 30.216416731
0.996678863 -0.003905513 0.081338849 2.126521081 0.008734830 0.998213263 -0.059102119 -1.844500958 -0.080962757 0.059616378 0.994932530 30.783774470
0.996706045 -0.003659772 0.081013276 2.159258719 0.008474418 0.998212506 -0.059166596 -1.860692226 -0.080652774 0.059658372 0.994955365 31.064605587
0.996740829 -0.004080230 0.080560355 2.212531893 0.008869841 0.998207648 -0.059185457 -1.892699286 -0.080174647 0.059707174 0.994991419 31.626180668
0.996744964 -0.006179869 0.080368774 2.268728633 0.010936260 0.998204769 -0.058877988 -1.924857041 -0.079860996 0.059565404 0.995024832 32.200901642
0.996760306 -0.007042080 0.080114461 2.304969064 0.011767067 0.998208305 -0.058659250 -1.941261722 -0.079557618 0.059411975 0.995058594 32.494059773
0.996751523 -0.007954729 0.080138801 2.356509149 0.012656320 0.998217237 -0.058331180 -1.972751166 -0.079531912 0.059156144 0.995074958 33.058109804
0.996793979 -0.009158355 0.079480296 2.416174715 0.013846015 0.998183537 -0.058629323 -2.005754464 -0.078799353 0.059541963 0.995111340 33.627891425
0.996831498 -0.008844014 0.079044389 2.443094561 0.013547677 0.998155741 -0.059169571 -2.023145543 -0.078375525 0.060053051 0.995113615 33.916809734
0.996920169 -0.008746536 0.077924887 2.501020040 0.013435761 0.998116339 -0.059856475 -2.057934277 -0.077255026 0.060719249 0.995160945 34.506169475
0.996992285 -0.008358249 0.077043712 2.547904384 0.013037487 0.998087079 -0.060433222 -2.092293269 -0.076391794 0.061256133 0.995194096 35.093814301
0.997024487 -0.008118899 0.076651007 2.578317968 0.012820876 0.998052587 -0.061051217 -2.110546696 -0.076006146 0.061852440 0.995186778 35.395023544
0.997043201 -0.009306960 0.076268896 2.637976118 0.014069876 0.997967058 -0.062150991 -2.145882997 -0.075536193 0.063040414 0.995149052 35.981906670
0.997071627 -0.009645149 0.075858745 2.687200510 0.014372407 0.997970961 -0.062020266 -2.178835585 -0.075106189 0.062929000 0.995188039 36.566368132
0.997043412 -0.009806894 0.076201167 2.721692106 0.014560694 0.997964853 -0.062081259 -2.195850798 -0.075437413 0.063007395 0.995157983 36.861938488
0.997128017 -0.009293973 0.075156831 2.775544061 0.014024012 0.997936731 -0.062654340 -2.229754399 -0.074419121 0.063528552 0.995201462 37.439823953
0.997152818 -0.008774175 0.074889121 2.824742397 0.013556747 0.997883434 -0.063594454 -2.264573922 -0.074173148 0.064428717 0.995161709 38.024181613
0.997173268 -0.008627263 0.074635076 2.857484462 0.013420796 0.997861574 -0.063964120 -2.282249586 -0.073923767 0.064785019 0.995157743 38.322161419
0.997211182 -0.009603050 0.074006892 2.911360492 0.014362957 0.997842578 -0.064054851 -2.316229894 -0.073232796 0.064939238 0.995198187 38.917273840
0.997258579 -0.011316226 0.073125513 2.971647165 0.015991101 0.997843031 -0.063663643 -2.349898587 -0.072248011 0.064658548 0.995288891 39.520665516
0.997254137 -0.012140915 0.073040874 3.003817387 0.016812603 0.997827822 -0.063689502 -2.366982400 -0.072109183 0.064742772 0.995293682 39.819493618
0.997328380 -0.013474886 0.071786713 3.049543412 0.018100453 0.997774010 -0.064178889 -2.401205971 -0.070762971 0.065306837 0.995353486 40.408776754
0.997322754 -0.014025536 0.071763829 3.109805036 0.018660401 0.997754233 -0.064327459 -2.434867842 -0.070700859 0.065494518 0.995345124 40.994937589
0.997338152 -0.014311749 0.071488030 3.141395610 0.018926524 0.997750987 -0.064298633 -2.451918887 -0.070407227 0.065480622 0.995367175 41.294582903
0.997364937 -0.015564870 0.070848289 3.195260911 0.020176695 0.997691461 -0.064850394 -2.486667934 -0.069675719 0.066109151 0.995377099 41.889652582
0.997386253 -0.017953426 0.069978780 3.254960274 0.022501779 0.997647680 -0.064757492 -2.520852957 -0.068651926 0.066163034 0.995444221 42.493830941
0.997381940 -0.019285864 0.069686653 3.284241455 0.023777902 0.997652654 -0.064216478 -2.537114012 -0.068285699 0.065705457 0.995500121 42.796781739
0.997336849 -0.021214738 0.069765412 3.339323008 0.025628973 0.997684973 -0.062997083 -2.569649170 -0.068267839 0.064617518 0.995572650 43.407574950
0.997327302 -0.022539969 0.069495197 3.399608537 0.026947511 0.997640181 -0.063151005 -2.605201603 -0.067908331 0.064855034 0.995581741 44.028093111
0.997320508 -0.022751765 0.069514310 3.428297809 0.027154073 0.997640587 -0.063055973 -2.622308448 -0.067916050 0.064774798 0.995586197 44.331812274
0.997342127 -0.022843864 0.069181766 3.483367798 0.027170747 0.997690247 -0.062262431 -2.655672245 -0.067599852 0.063976801 0.995659196 44.942559413
0.997370190 -0.023248498 0.068636087 3.535501371 0.027581438 0.997640269 -0.062871116 -2.691607711 -0.067012710 0.064598944 0.995658671 45.557240518
0.997374185 -0.023630605 0.068446178 3.560694368 0.027979570 0.997602945 -0.063292806 -2.709835784 -0.066786360 0.065041884 0.995645248 45.865789681
0.997314848 -0.025565946 0.068614052 3.619260322 0.029876658 0.997594682 -0.062551128 -2.743902191 -0.066850341 0.064433259 0.995680905 46.488836635
0.997254087 -0.026260324 0.069234425 3.681291620 0.030610382 0.997573453 -0.062537190 -2.779063732 -0.067424582 0.064484948 0.995638758 47.106930360
0.997254887 -0.026008371 0.069314116 3.707062174 0.030399918 0.997545867 -0.063073752 -2.797474327 -0.067503698 0.065007944 0.995598619 47.414653984
0.997244909 -0.024200800 0.070112080 3.770801758 0.028733963 0.997511185 -0.064385563 -2.834930566 -0.068379890 0.066222869 0.995459223 48.030173954
0.997299345 -0.022361570 0.069957149 3.823496308 0.026977475 0.997471920 -0.065748411 -2.872236603 -0.068310531 0.067458218 0.995381097 48.643963465
0.997329731 -0.021661150 0.069734618 3.848694321 0.026274666 0.997477840 -0.065933953 -2.890105266 -0.068131567 0.067590268 0.995384671 48.952532611
0.997344134 -0.022410529 0.069287356 3.906649835 0.027024526 0.997427802 -0.066387487 -2.926345284 -0.067622306 0.068083842 0.995385256 49.576274103
0.997328207 -0.021911801 0.069680380 3.969295862 0.026485529 0.997506865 -0.065406185 -2.960827594 -0.068073851 0.067077120 0.995422906 50.210821423
0.997311453 -0.021648354 0.069997908 4.057732538 0.026122370 0.997630835 -0.063646142 -3.010478989 -0.068454028 0.065303741 0.995514741 51.136041375
0.997303955 -0.021833644 0.070051933 4.111607143 0.026355570 0.997582788 -0.064289128 -3.046363005 -0.068479476 0.065962189 0.995469866 51.748279171
0.997290121 -0.022406275 0.070073544 4.143194342 0.026972140 0.997527166 -0.064905626 -3.065457528 -0.068446460 0.066619924 0.995427651 52.065042089
0.997173131 -0.023016241 0.071510007 4.212747228 0.027790082 0.997399508 -0.066494924 -3.103837302 -0.069793480 0.068294408 0.995221157 52.689588030
0.997056145 -0.023554026 0.072968249 4.278208307 0.028624200 0.997189707 -0.069236988 -3.144443667 -0.071132383 0.071121888 0.994928422 53.319717903
0.997019282 -0.023521759 0.073479401 4.312681620 0.028723701 0.997093902 -0.070558224 -3.164570605 -0.071606622 0.072458595 0.994797781 53.632346468
0.996969894 -0.023449327 0.074163501 4.375845459 0.028785725 0.997009125 -0.071723224 -3.201714534 -0.072261186 0.073640912 0.994663716 54.248699192
0.996988456 -0.022396455 0.074241131 4.432614956 0.027807629 0.996967678 -0.072672687 -3.238001997 -0.072388473 0.074518399 0.994588510 54.856837605
0.996992620 -0.021247549 0.074511220 4.460712598 0.026702978 0.996974599 -0.073001874 -3.255934664 -0.072734686 0.074772096 0.994544986 55.161326242
0.997008415 -0.020186306 0.074602970 4.518670341 0.025671652 0.996978528 -0.073315503 -3.292014944 -0.072898347 0.075011518 0.994515024 55.785076615
0.997007902 -0.019216280 0.074861324 4.578374550 0.024730687 0.996992435 -0.073444591 -3.327654412 -0.073225674 0.075076357 0.994485780 56.406405328
0.997022127 -0.018405579 0.074878208 4.602991383 0.023937028 0.996996508 -0.073658712 -3.345600127 -0.073298460 0.075231969 0.994468389 56.715785580
0.997041212 -0.017197892 0.074911004 4.654003392 0.022687678 0.997069066 -0.073059027 -3.380568370 -0.073436525 0.074542582 0.994510563 57.349382463
0.997034220 -0.014937715 0.075491096 4.715459052 0.020485407 0.997102209 -0.073256891 -3.417211490 -0.074177682 0.074586158 0.994452124 57.985440423
0.996994298 -0.015056602 0.075987103 4.740076303 0.020658484 0.997082222 -0.073482343 -3.435127254 -0.074659353 0.074831360 0.994397565 58.294822340
0.996986949 -0.014673174 0.076161365 4.802142683 0.020211065 0.997166374 -0.072459017 -3.469576796 -0.074882970 0.073780060 0.994459242 58.930186873
0.996925647 -0.016773823 0.076525429 4.865387586 0.022211803 0.997245453 -0.070772212 -3.502714137 -0.075128052 0.072254534 0.994552677 59.563993583
0.996865518 -0.018158463 0.076997166 4.899918724 0.023550358 0.997289706 -0.069706785 -3.518697876 -0.075523009 0.071301766 0.994591342 59.876852510
0.996777118 -0.018056302 0.078156279 4.970160746 0.023340525 0.997464115 -0.067234205 -3.551067173 -0.076744063 0.068841855 0.994670994 60.518148464
0.996762625 -0.017288177 0.078513611 5.026430793 0.022485006 0.997579532 -0.065795359 -3.585179051 -0.077186899 0.067347835 0.994739701 61.161685671
0.996790256 -0.016208203 0.078396117 5.055709157 0.021396636 0.997602963 -0.065801577 -3.603443650 -0.077141842 0.067267828 0.994748983 61.481756293
0.996820564 -0.016342298 0.077980149 5.109002242 0.021630553 0.997487237 -0.067460176 -3.643032428 -0.076681658 0.068932530 0.994670192 62.129065936
0.996878644 -0.014996056 0.077496966 5.160531057 0.020408629 0.997371482 -0.069527911 -3.682536047 -0.076250874 0.070892707 0.994565319 62.761595263
0.996883800 -0.014872971 0.077464618 5.191536658 0.020332274 0.997327483 -0.070170550 -3.701737573 -0.076213792 0.071527056 0.994522735 63.079167621
0.996781178 -0.015194740 0.078713439 5.255929817 0.020691000 0.997368169 -0.069488962 -3.737533026 -0.077449790 0.070894080 0.994472807 63.728426982
0.996653278 -0.014674825 0.080411254 5.329632135 0.020212255 0.997447161 -0.068487090 -3.773160737 -0.079201894 0.069883299 0.994406385 64.381880648
0.996626048 -0.013506657 0.080952976 5.357170024 0.019077703 0.997472906 -0.068443957 -3.791436851 -0.079823934 0.069757546 0.994364751 64.704396800
0.996574293 -0.012356103 0.081766688 5.425606501 0.017996708 0.997480910 -0.068610687 -3.828480009 -0.080713091 0.069847221 0.994287624 65.347879058
