1.000000000 0.000000000 0.000000000 0.000000000 0.000000000 1.000000000 0.000000000 0.000000000 0.000000000 -0.000000000 1.000000000 -0.000000000
0.999999441 0.000408351 -0.000114717 0.009963711 -0.000408234 0.999999750 0.000677320 0.005247384 0.000115197 -0.000677256 0.999999818 0.669701318
1.000000206 0.000651285 -0.000003964 0.015891814 -0.000651310 0.999999580 0.000610107 0.007138548 0.000004692 -0.000610087 1.000000044 1.003411344
0.999998449 0.001954662 -0.000652042 0.032205300 -0.001955067 0.999998646 -0.000589283 0.008825070 0.000651466 0.000590555 1.000000116 1.665499729
0.999996850 0.002467890 -0.000739424 0.043997593 -0.002469430 0.999995193 -0.001899969 0.010568443 0.000735239 0.001901800 0.999998427 2.332933204
0.999995799 0.002568537 -0.001370225 0.054958594 -0.002571705 0.999994589 -0.002285835 0.011784197 0.001365132 0.002289330 0.999996670 2.676159018
0.999991630 0.003270404 -0.002321775 0.064245628 -0.003275486 0.999992767 -0.002155298 0.016057348 0.002314852 0.002162926 0.999994866 3.346630388
0.999989683 0.003568321 -0.002783629 0.074210905 -0.003572324 0.999992716 -0.001436042 0.021354706 0.002778839 0.001446018 0.999995885 4.016331378
0.999988558 0.003580061 -0.003113596 0.081450068 -0.003583617 0.999993252 -0.001116239 0.023845026 0.003109643 0.001127424 0.999994549 4.348510183
0.999984113 0.003843822 -0.004059734 0.090112432 -0.003846375 0.999992702 -0.000612528 0.028803095 0.004057639 0.000628166 0.999991523 5.019740682
0.999981057 0.003906469 -0.004710425 0.098745345 -0.003909631 0.999992096 -0.000663902 0.032821645 0.004708123 0.000682320 0.999989396 5.690977366
0.999981639 0.003419752 -0.004895381 0.104048465 -0.003421575 0.999994339 -0.000360561 0.035387732 0.004894181 0.000377320 0.999988057 6.025446586
0.999985261 0.001923095 -0.005062870 0.115281567 -0.001923712 0.999998555 -0.000112859 0.039904952 0.005062501 0.000122601 0.999987605 6.693625436
0.999982297 0.000214114 -0.006005085 0.124697230 -0.000212537 1.000000496 0.000274276 0.044611490 0.006005393 -0.000273009 0.999982584 7.348473509
0.999979957 -0.000287116 -0.006320360 0.128061174 0.000290370 1.000000542 0.000522986 0.047153395 0.006320780 -0.000524845 0.999980301 7.685233801
0.999982643 0.000325306 -0.005948451 0.137887482 -0.000321174 1.000000106 0.000716523 0.051687536 0.005949027 -0.000714588 0.999981771 8.370560259
0.999984703 0.000708514 -0.005465788 0.151575225 -0.000704716 1.000000194 0.000704169 0.055730317 0.005465729 -0.000700311 0.999985435 9.051308126
0.999984917 0.000675091 -0.005505931 0.156856414 -0.000671836 0.999999897 0.000604332 0.057596763 0.005506737 -0.000600585 0.999984932 9.385781951
0.999979323 0.000809737 -0.006466602 0.162387772 -0.000804505 0.999999302 0.000815001 0.062065033 0.006467796 -0.000809749 0.999979315 10.045213419
0.999976226 0.002475152 -0.006372127 0.169249302 -0.002464063 0.999996012 0.001754107 0.067742148 0.006375997 -0.001738331 0.999978335 10.703109653
0.999974390 0.003578892 -0.006265921 0.175843117 -0.003566046 0.999992343 0.002077838 0.070257723 0.006273369 -0.002055449 0.999978812 11.036051930
0.999979398 0.003435489 -0.005424811 0.190988721 -0.003418939 0.999990292 0.003068460 0.075912749 0.005435769 -0.003049845 0.999981157 11.699641463
0.999976678 0.003762735 -0.005724346 0.198481500 -0.003741525 0.999986732 0.003725587 0.081114838 0.005738847 -0.003704124 0.999977358 12.356777186
0.999975873 0.003692351 -0.005977896 0.199354773 -0.003671003 0.999986813 0.003593101 0.082981772 0.005991247 -0.003571079 0.999975678 12.680976029
0.999973175 0.004492857 -0.005828191 0.210001918 -0.004476017 0.999986235 0.002913006 0.085748765 0.005841392 -0.002886811 0.999979330 13.334309596
0.999968238 0.004954102 -0.006216538 0.217384102 -0.004944681 0.999986905 0.001531597 0.087422662 0.006224707 -0.001500842 0.999979683 13.991468548
0.999966024 0.005507333 -0.006092921 0.225846287 -0.005503837 0.999984755 0.000594636 0.087703577 0.006097254 -0.000561080 0.999981568 14.322134624
0.999951321 0.007526854 -0.006415275 0.231277076 -0.007533777 0.999971386 -0.001048641 0.088963492 0.006407388 0.001096915 0.999979566 14.981587214
0.999951528 0.007341086 -0.006544751 0.232379841 -0.007349749 0.999972844 -0.001297543 0.092772589 0.006535076 0.001345619 0.999977901 15.630748042
0.999943916 0.008203660 -0.006664047 0.235848290 -0.008211669 0.999965978 -0.001163600 0.094978274 0.006654080 0.001218350 0.999977417 15.951890103
0.999930394 0.009171821 -0.007453441 0.237744144 -0.009177421 0.999957701 -0.000703087 0.099805189 0.007447383 0.000771456 0.999972093 16.584660148
0.999895480 0.012433503 -0.007436534 0.242046077 -0.012444493 0.999922366 -0.001419454 0.102608458 0.007418542 0.001511907 0.999972097 17.230009409
0.999874793 0.013936006 -0.007473536 0.252894693 -0.013972113 0.999891585 -0.004798242 0.102753562 0.007405746 0.004902101 0.999960903 18.192714565
0.999919609 0.010327112 -0.007440737 0.269956780 -0.010373869 0.999927145 -0.006265172 0.104038629 0.007375680 0.006341853 0.999953326 18.838421512
0.999950529 0.006467337 -0.007594936 0.275962445 -0.006520818 0.999954945 -0.007030978 0.104734014 0.007549418 0.007080192 0.999946553 19.156518966
0.999975268 0.002127559 -0.006692980 0.290749725 -0.002160663 0.999985907 -0.004935331 0.112230581 0.006682125 0.004949725 0.999966395 19.789619125
0.999987976 0.001086793 -0.004811457 0.311350284 -0.001089927 0.999999239 -0.000646433 0.123334274 0.004810618 0.000651733 0.999988554 20.431443240
0.999990219 0.000903346 -0.004338879 0.314893299 -0.000899797 0.999999250 0.000831883 0.127918740 0.004339933 -0.000827940 0.999990705 20.752569641
0.999991031 -0.000395281 -0.004184255 0.335318097 0.000403217 0.999998871 0.001899916 0.133415307 0.004183562 -0.001901533 0.999989150 21.394430672
0.999981461 -0.003593881 -0.004958594 0.348720868 0.003595050 0.999993902 0.000239298 0.134299407 0.004957937 -0.000257050 0.999988130 22.013481197
0.999972999 -0.005131879 -0.005201375 0.350294806 0.005126837 0.999987059 -0.000981539 0.134235669 0.005206607 0.000954822 0.999987023 22.321308668
0.999966885 -0.006640318 -0.004634479 0.375189593 0.006626963 0.999974776 -0.002879794 0.134371709 0.004654088 0.002848989 0.999985434 22.942239084
0.999982530 -0.004197724 -0.004163443 0.379755992 0.004185972 0.999988017 -0.002830122 0.138271632 0.004175675 0.002812694 0.999987697 23.556340237
0.999990965 -0.001284539 -0.004008538 0.382735607 0.001277229 0.999998116 -0.001809362 0.141825504 0.004010515 0.001804224 0.999990562 23.862616616
0.999981114 0.004074253 -0.004564611 0.386772580 -0.004072046 0.999992319 0.000479158 0.149448788 0.004566845 -0.000460522 0.999989699 24.477456894
0.999975003 0.004166111 -0.005646528 0.391281331 -0.004169315 0.999991260 -0.000552241 0.151509653 0.005644179 0.000575807 0.999984245 25.091570155
0.999975762 0.003319136 -0.006011005 0.394774081 -0.003331636 0.999992723 -0.002064283 0.150820430 0.006004813 0.002084272 0.999980280 25.397110831
0.999976016 0.002402437 -0.006454270 0.404953110 -0.002439219 0.999981331 -0.005699825 0.148256248 0.006440488 0.005715449 0.999962935 26.004381803
0.999970257 0.004262047 -0.006442593 0.402752555 -0.004322656 0.999946625 -0.009422285 0.146078363 0.006402308 0.009449805 0.999934839 26.641779791
0.999968337 0.005139944 -0.006014767 0.407545399 -0.005204462 0.999928939 -0.010760345 0.145638475 0.005959634 0.010791304 0.999924216 26.945791551
0.999955682 0.007047244 -0.006169235 0.411054552 -0.007111956 0.999919771 -0.010533976 0.149696070 0.006094555 0.010577417 0.999926308 27.530178054
0.999945511 0.008145964 -0.006500780 0.422407193 -0.008200881 0.999930791 -0.008463517 0.156618975 0.006431094 0.008516407 0.999943004 28.105382040
0.999943610 0.008302464 -0.006619127 0.425514185 -0.008350258 0.999939673 -0.007212307 0.160566252 0.006558861 0.007267207 0.999952206 28.396035385
0.999939343 0.008682400 -0.006713487 0.436204561 -0.008719310 0.999947401 -0.005480790 0.166974688 0.006665698 0.005539042 0.999963175 28.972006396
0.999934258 0.008906724 -0.007222667 0.434051445 -0.008940366 0.999949886 -0.004640705 0.172242689 0.007182156 0.004704962 0.999963418 29.547637225
0.999928883 0.009320287 -0.007440768 0.438411223 -0.009350961 0.999948340 -0.004090286 0.174930075 0.007402074 0.004159599 0.999963872 29.836771590
0.999891165 0.011499967 -0.009230577 0.446352501 -0.011524664 0.999930619 -0.002621569 0.184536449 0.009199860 0.002727717 0.999954517 30.973530252
0.999881681 0.011922166 -0.009717118 0.441772517 -0.011945864 0.999925817 -0.002373097 0.186941348 0.009689095 0.002488921 0.999950242 31.257736960
0.999859070 0.012878108 -0.010756607 0.449204824 -0.012891726 0.999916281 -0.001198243 0.192476575 0.010739949 0.001336757 0.999941723 31.837531908
0.999841280 0.013503845 -0.011623971 0.444479716 -0.013506791 0.999909016 -0.000168168 0.198145444 0.011620209 0.000325196 0.999932860 32.416214649
0.999836848 0.013848092 -0.011609525 0.450766139 -0.013846781 0.999904863 0.000195187 0.200457217 0.011611992 -0.000034394 0.999933051 32.703060573
0.999816356 0.014624864 -0.012399145 0.451153372 -0.014622537 0.999893077 0.000283084 0.204314866 0.012402287 -0.000101737 0.999922836 33.275646137
0.999796606 0.015354649 -0.013111877 0.450915621 -0.015346153 0.999882249 0.000752746 0.208847437 0.013122065 -0.000551342 0.999913900 33.848990894
0.999781396 0.015730196 -0.013799809 0.452029549 -0.015718620 0.999876255 0.000954612 0.211051414 0.013813108 -0.000737454 0.999904661 34.141946630
0.999771584 0.015881461 -0.014305886 0.452510949 -0.015872986 0.999874196 0.000709215 0.214243012 0.014315506 -0.000481949 0.999897590 34.698916134
0.999750725 0.016388404 -0.015157194 0.451766370 -0.016396413 0.999865727 -0.000396753 0.215879552 0.015149537 0.000645230 0.999885202 35.241802709
0.999736796 0.016735854 -0.015703397 0.447259249 -0.016751616 0.999860064 -0.000872620 0.216938749 0.015687844 0.001135451 0.999876725 35.510397832
0.999720238 0.016997701 -0.016449592 0.448358739 -0.017026727 0.999853888 -0.001620368 0.219235537 0.016419060 0.001900036 0.999864058 36.066609590
0.999713251 0.016928154 -0.016940429 0.452690608 -0.016969015 0.999853400 -0.002271698 0.221585954 0.016899804 0.002558516 0.999854482 36.619002807
0.999705682 0.017129753 -0.017180355 0.454536531 -0.017176038 0.999849942 -0.002546795 0.222858747 0.017134710 0.002841158 0.999849389 36.895580592
0.999703242 0.016934846 -0.017494256 0.448762186 -0.016994888 0.999850932 -0.003286901 0.225270647 0.017435769 0.003583285 0.999841683 37.428950719
0.999696444 0.016822515 -0.018001891 0.452550393 -0.016899375 0.999849000 -0.004123608 0.227220146 0.017929829 0.004426613 0.999829280 37.966489769
0.999702359 0.016968560 -0.017529252 0.453848896 -0.017053113 0.999844052 -0.004680658 0.227972083 0.017447427 0.004978270 0.999835940 38.228214176
0.999713231 0.016268367 -0.017561617 0.450629624 -0.016374603 0.999849077 -0.005921128 0.229443390 0.017462988 0.006207007 0.999828660 38.758535945
0.999724548 0.015793473 -0.017369673 0.460114876 -0.015913252 0.999850504 -0.006775593 0.231291916 0.017260821 0.007050120 0.999826631 39.304823364
0.999716483 0.016082450 -0.017553397 0.458222042 -0.016201440 0.999846702 -0.006654089 0.233299552 0.017444290 0.006936673 0.999824490 39.570357693
0.999718849 0.015998820 -0.017494544 0.462599026 -0.016114437 0.999849188 -0.006484031 0.237089232 0.017388400 0.006764128 0.999826698 40.122741434
0.999709738 0.016500412 -0.017546737 0.459355141 -0.016609647 0.999843986 -0.006096792 0.241445453 0.017442924 0.006386553 0.999827402 40.668664653
0.999710034 0.016667943 -0.017370142 0.457469513 -0.016771774 0.999843098 -0.005847866 0.243682971 0.017270403 0.006137478 0.999832220 40.934197469
0.999724658 0.016737985 -0.016473799 0.460719834 -0.016818134 0.999847481 -0.004733436 0.249085970 0.016392319 0.005009197 0.999853580 41.472477420
0.999752159 0.015782264 -0.015704385 0.467751072 -0.015867596 0.999860105 -0.005319679 0.251428925 0.015619194 0.005567580 0.999863202 42.006195691
0.999757522 0.015736663 -0.015424917 0.467774544 -0.015824409 0.999859203 -0.005578652 0.252731117 0.015335451 0.005821413 0.999865683 42.269443751
0.999763002 0.015847573 -0.014953289 0.474706288 -0.015937681 0.999855926 -0.005918668 0.255570209 0.014857892 0.006155621 0.999870859 42.818779200
0.999760936 0.016121537 -0.014788541 0.475333549 -0.016205210 0.999853944 -0.005552907 0.259744912 0.014697340 0.005791301 0.999876206 43.360121788
0.999755695 0.016455678 -0.014772988 0.472157853 -0.016535402 0.999849768 -0.005289156 0.262052931 0.014684185 0.005532146 0.999876698 43.627181415
0.999733172 0.017144780 -0.015491052 0.468829513 -0.017214447 0.999842282 -0.004371127 0.267385044 0.015413243 0.004636630 0.999870690 44.188718653
0.999737011 0.016983487 -0.015408073 0.471315569 -0.017037299 0.999849686 -0.003363975 0.272689754 0.015349067 0.003625620 0.999876079 44.743383332
0.999732374 0.017259202 -0.015401644 0.473191256 -0.017308911 0.999846317 -0.003097036 0.274912060 0.015346274 0.003362764 0.999876612 45.019954866
0.999739089 0.016651484 -0.015623852 0.472545366 -0.016691056 0.999857765 -0.002403956 0.279696987 0.015581684 0.002664141 0.999875427 45.562820712
0.999745034 0.016409357 -0.015471666 0.473733521 -0.016435112 0.999864624 -0.001539291 0.284822326 0.015444643 0.001793212 0.999879848 46.119013848
0.999749610 0.016654294 -0.014970277 0.476250796 -0.016676463 0.999860695 -0.001353504 0.286899438 0.014945670 0.001602855 0.999887547 46.394822699
0.999758855 0.016511351 -0.014481434 0.476858946 -0.016532791 0.999863150 -0.001359904 0.290464453 0.014457553 0.001599044 0.999894928 46.936169302
0.999754890 0.016449976 -0.014832317 0.478098658 -0.016475453 0.999863651 -0.001594850 0.293564437 0.014804644 0.001838842 0.999889024 47.476755328
0.999757351 0.016261819 -0.014870675 0.483176020 -0.016290303 0.999865839 -0.001793337 0.294860875 0.014839893 0.002035206 0.999888052 47.749514768
0.999759989 0.015883304 -0.015072621 0.479242925 -0.015918508 0.999871476 -0.002217500 0.297843069 0.015035464 0.002456943 0.999884630 48.296210672
0.999756957 0.016139541 -0.015000252 0.483068702 -0.016187221 0.999865015 -0.003061249 0.301544530 0.014948794 0.003303373 0.999883337 49.096994821
0.999755912 0.016028817 -0.015200953 0.482872171 -0.016090299 0.999863205 -0.003929246 0.303721916 0.015137246 0.004172941 0.999877311 49.654734640
0.999756631 0.015564512 -0.015620200 0.484541953 -0.015629028 0.999870294 -0.004011700 0.307269187 0.015556141 0.004254913 0.999870136 50.225794972
0.999768843 0.015027202 -0.015385718 0.488881680 -0.015088349 0.999879066 -0.003861539 0.309316900 0.015325911 0.004092794 0.999874761 50.514933548
0.999772575 0.015109462 -0.015026716 0.490560862 -0.015168064 0.999878010 -0.003793017 0.313164017 0.014967576 0.004020116 0.999879935 51.085991905
0.999783564 0.015065876 -0.014341713 0.496131241 -0.015115848 0.999880586 -0.003379892 0.317469288 0.014288798 0.003596009 0.999891241 51.652465420
0.999784339 0.015237522 -0.014113754 0.501121642 -0.015283035 0.999878510 -0.003122971 0.319661659 0.014064458 0.003338008 0.999895988 51.940839406
0.999785389 0.015318700 -0.013898007 0.503563836 -0.015360907 0.999877703 -0.002933262 0.323567086 0.013851804 0.003146133 0.999899184 52.495513298
0.999796652 0.014085539 -0.014412495 0.499689641 -0.014119650 0.999897907 -0.002268115 0.328428316 0.014379551 0.002471152 0.999894177 53.042196830
0.999796534 0.013939783 -0.014571717 0.499649336 -0.013964955 0.999901248 -0.001625465 0.331366062 0.014548538 0.001828629 0.999892889 53.321054566
0.999797418 0.013476862 -0.014953899 0.500181177 -0.013492667 0.999909318 -0.000952838 0.336166836 0.014939702 0.001154407 0.999888137 53.878013477
0.999785296 0.013640240 -0.015607370 0.507698565 -0.013646513 0.999906929 -0.000292599 0.340746160 0.015601237 0.000505523 0.999878456 54.442194275
0.999778575 0.014026436 -0.015710386 0.503121715 -0.014028289 0.999901970 -0.000002910 0.343251008 0.015709040 0.000223333 0.999877412 54.726400325
0.999756432 0.014672641 -0.016489329 0.502261801 -0.014659907 0.999892946 0.000896006 0.348548456 0.016501031 -0.000654035 0.999863800 55.300503684
0.999708462 0.016031702 -0.018049083 0.497496591 -0.016012497 0.999871602 0.001209837 0.352937981 0.018066517 -0.000920441 0.999836936 55.879194847
0.999703815 0.015591265 -0.018720614 0.492251521 -0.015573723 0.999878224 0.001087794 0.354738459 0.018735723 -0.000795882 0.999824769 56.164169172
0.999662734 0.014519233 -0.021541970 0.490695192 -0.014499425 0.999895021 0.001078037 0.358431998 0.021556205 -0.000765308 0.999767780 56.739046729
0.999566952 0.013655962 -0.026084846 0.479563465 -0.013634404 0.999906841 0.001004714 0.362178146 0.026096444 -0.000648616 0.999659217 57.309758061
0.999482027 0.014222127 -0.028876079 0.470435971 -0.014205990 0.999899030 0.000765849 0.363800327 0.028884539 -0.000355257 0.999582876 57.599315386
0.999331530 0.015985493 -0.032875427 0.459253489 -0.016001984 0.999872123 -0.000236253 0.365927305 0.032867973 0.000762224 0.999460196 58.170037378
0.999246407 0.018502749 -0.034123474 0.448082913 -0.018551236 0.999827643 -0.001103867 0.368434089 0.034097160 0.001736104 0.999417611 58.740756870
0.999230435 0.019005096 -0.034326355 0.439046453 -0.019078565 0.999816703 -0.001812736 0.369290270 0.034285786 0.002466276 0.999409718 59.014698794
0.999254077 0.019465924 -0.033339590 0.432374513 -0.019580626 0.999803814 -0.003115924 0.371020571 0.033273222 0.003766417 0.999439476 59.580077934
0.999371757 0.019053440 -0.029888993 0.439600491 -0.019177088 0.999809057 -0.003851707 0.373643682 0.029811078 0.004422462 0.999546119 60.175512498
0.999443221 0.017819466 -0.028197040 0.440683716 -0.017947757 0.999830264 -0.004304036 0.374868160 0.028114971 0.004807705 0.999593695 60.468474683
0.999540759 0.015617195 -0.025969280 0.443484234 -0.015762090 0.999861736 -0.005382423 0.376932046 0.025881417 0.005789241 0.999648596 61.053637949
0.999641569 0.012557653 -0.023627606 0.442609282 -0.012677011 0.999907771 -0.004907246 0.381749740 0.023564553 0.005205025 0.999709101 61.627744467
0.999677500 0.012805313 -0.021927523 0.443727909 -0.012911035 0.999906437 -0.004684133 0.384103640 0.021865861 0.004965803 0.999749064 61.920699216
0.999724333 0.014559618 -0.018401355 0.449810620 -0.014649155 0.999881721 -0.004736970 0.387810341 0.018330849 0.005005177 0.999819715 62.502033478
0.999773432 0.014653242 -0.015443384 0.460898796 -0.014709881 0.999885738 -0.003555175 0.393636591 0.015389310 0.003781579 0.999874823 63.108485572
0.999775899 0.014958315 -0.014992752 0.461405912 -0.015000087 0.999884367 -0.002673946 0.397095193 0.014951731 0.002898262 0.999884723 63.402196685
0.999771655 0.015918623 -0.014248772 0.459251857 -0.015947073 0.999871082 -0.001882540 0.402333209 0.014217162 0.002109324 0.999896693 63.977827711
0.999778779 0.015630911 -0.014093560 0.460662949 -0.015640419 0.999878389 -0.000565232 0.408638243 0.014083369 0.000785555 0.999900487 64.595731218
0.999793791 0.014889348 -0.013812489 0.462475173 -0.014882829 0.999890007 0.000578239 0.412506099 0.013820824 -0.000372524 0.999905084 64.887912362
0.999805998 0.013053015 -0.014752193 0.462317628 -0.013017613 0.999912820 0.002499874 0.419597359 0.014784542 -0.002307306 0.999888098 65.461240274
0.999804615 0.011995304 -0.015725485 0.463852651 -0.011932808 0.999920642 0.004064134 0.426185856 0.015773067 -0.003875655 0.999868951 66.063521471
0.999816515 0.011100688 -0.015607856 0.473904774 -0.011031586 0.999929686 0.004503002 0.428622345 0.015656387 -0.004329985 0.999868725 66.361405192
0.999843284 0.009247511 -0.015084490 0.481281313 -0.009179770 0.999948185 0.004555869 0.432378483 0.015125269 -0.004416708 0.999875821 66.941211853
0.999851319 0.007549383 -0.015515665 0.483454342 -0.007489892 0.999964640 0.003888614 0.435037332 0.015545071 -0.003771758 0.999872671 67.527134840
0.999833709 0.008280801 -0.016251464 0.479363192 -0.008227790 0.999961537 0.003326303 0.436094046 0.016278918 -0.003192040 0.999862657 67.826207231
0.999800238 0.010633826 -0.016908122 0.476979937 -0.010601381 0.999941763 0.002010633 0.437690320 0.016929036 -0.001830994 0.999855394 68.417482677
0.999780645 0.011603420 -0.017466023 0.478494459 -0.011585259 0.999932230 0.001144715 0.439954640 0.017478113 -0.000942072 0.999847311 69.004171899
0.999747133 0.013667405 -0.017850989 0.480286318 -0.013634639 0.999905452 0.001960952 0.443172828 0.017876467 -0.001717000 0.999839385 69.296357320
0.999670761 0.016414036 -0.019717205 0.471134007 -0.016324228 0.999855815 0.004708920 0.451897013 0.019790934 -0.004385489 0.999795165 69.880365409
0.999693992 0.013008574 -0.021037197 0.472048923 -0.012913323 0.999906518 0.004661033 0.455645841 0.021095303 -0.004387962 0.999768125 70.467808495
0.999679282 0.013378696 -0.021492575 0.471173233 -0.013298619 0.999904242 0.003866401 0.456216460 0.021542259 -0.003579268 0.999761826 70.763065897
0.999643711 0.014853988 -0.022168029 0.465082551 -0.014779722 0.999884616 0.003512385 0.459547065 0.022217400 -0.003183480 0.999748778 71.343291307
0.999546045 0.019194850 -0.023212355 0.453294198 -0.019126373 0.999812595 0.003170469 0.462958654 0.023268846 -0.002725066 0.999726095 71.914768479
0.999485963 0.022357078 -0.022971911 0.446785241 -0.022329248 0.999750131 0.001469765 0.461994693 0.022999178 -0.000956021 0.999735423 72.185667836
0.999479030 0.022604130 -0.023040008 0.451689281 -0.022575144 0.999744103 0.001520244 0.465655562 0.023069562 -0.000999300 0.999733824 72.752909231
0.999502791 0.020000922 -0.024386374 0.447735332 -0.019938541 0.999798041 0.002801367 0.471642608 0.024437978 -0.002313702 0.999699467 73.315205795
0.999544050 0.017438852 -0.024651751 0.450895448 -0.017371695 0.999845064 0.002936362 0.473614506 0.024699676 -0.002506786 0.999692041 73.590251702
0.999579700 0.014547270 -0.025070033 0.445654426 -0.014497205 0.999893255 0.002176268 0.476097492 0.025099703 -0.001811925 0.999683212 74.138478167
0.999600196 0.013423992 -0.024881724 0.445553001 -0.013403742 0.999910109 0.000982765 0.477638813 0.024893555 -0.000648857 0.999690635 74.680601730
0.999599662 0.013090848 -0.025059911 0.439768030 -0.013076808 0.999914186 0.000728017 0.479158310 0.025068281 -0.000399989 0.999685974 74.950721099
0.999623530 0.012265457 -0.024543704 0.447373319 -0.012247222 0.999924759 0.000897336 0.482871687 0.024552808 -0.000596371 0.999698884 75.499287154
0.999632056 0.011416088 -0.024593768 0.447313877 -0.011407563 0.999934932 0.000488486 0.485752321 0.024597730 -0.000207745 0.999697596 76.041401900
0.999643337 0.010456676 -0.024584522 0.443450537 -0.010461023 0.999945363 -0.000046804 0.486736287 0.024583812 0.000303974 0.999698234 76.309233881
0.999641552 0.009815790 -0.024900217 0.445960894 -0.009835411 0.999951426 -0.000664243 0.489146088 0.024892990 0.000908911 0.999690192 76.848297176
0.999649021 0.009422911 -0.024742002 0.442819948 -0.009437069 0.999956282 -0.000454388 0.493116115 0.024736807 0.000687729 0.999693864 77.378602494
0.999655471 0.009459627 -0.024483511 0.445442669 -0.009471786 0.999955631 -0.000379846 0.494886992 0.024478827 0.000611644 0.999700327 77.638792918
0.999636182 0.010637970 -0.024780590 0.439280863 -0.010652736 0.999943443 -0.000459649 0.498210909 0.024775338 0.000723434 0.999692856 78.141679790
0.999648234 0.010233008 -0.024451105 0.440748385 -0.010251592 0.999947189 -0.000633649 0.501238146 0.024443494 0.000884100 0.999700750 78.651025407
0.999642335 0.010395899 -0.024640996 0.442092629 -0.010407019 0.999946066 -0.000320909 0.503449335 0.024636191 0.000577278 0.999696239 78.912740208
0.999627738 0.011672598 -0.024680872 0.436584317 -0.011682550 0.999931847 -0.000256659 0.507007863 0.024676525 0.000544892 0.999695772 79.414861898
0.999626089 0.012029951 -0.024554830 0.434825413 -0.012043728 0.999927692 -0.000407817 0.510171374 0.024548240 0.000703407 0.999698599 79.928024806
0.999618827 0.012411817 -0.024682517 0.431101042 -0.012425961 0.999922876 -0.000419731 0.511918557 0.024675248 0.000726274 0.999695846 80.180231319
0.999602356 0.013326701 -0.024828879 0.420420862 -0.013343863 0.999911062 -0.000525084 0.515389279 0.024820050 0.000856229 0.999692188 80.688462688
0.999614768 0.012517058 -0.024768013 0.420571685 -0.012550202 0.999920601 -0.001179189 0.517637453 0.024750586 0.001489597 0.999693235 81.199340710
0.999618444 0.012758819 -0.024495423 0.418139576 -0.012791430 0.999918008 -0.001174066 0.519384099 0.024478754 0.001486958 0.999699503 81.450019951
0.999606884 0.014033634 -0.024277618 0.417162796 -0.014058735 0.999901181 -0.000860579 0.523215607 0.024263352 0.001201582 0.999705585 81.946794380
0.999613432 0.013928633 -0.024037524 0.416255746 -0.013964814 0.999901570 -0.001337321 0.525601463 0.024016916 0.001672495 0.999710804 82.427957883
0.999616215 0.013829480 -0.024015663 0.413936915 -0.013864694 0.999903399 -0.001297805 0.527291747 0.023994999 0.001630274 0.999710947 82.663017051
0.999615350 0.013777261 -0.024084353 0.413705916 -0.013810172 0.999904394 -0.001200640 0.530631846 0.024065814 0.001532792 0.999709922 83.143410634
0.999625399 0.013460001 -0.023841171 0.410364590 -0.013488405 0.999909115 -0.001026000 0.534141809 0.023825279 0.001347242 0.999715851 83.612000843
0.999629177 0.013022662 -0.023938431 0.409337081 -0.013049749 0.999914420 -0.000974364 0.535801570 0.023923986 0.001286375 0.999713139 83.845532936
0.999643966 0.013083406 -0.023255213 0.410523841 -0.013101205 0.999914062 -0.000608863 0.539474569 0.023245301 0.000913355 0.999729750 84.308776608
0.999618054 0.014936355 -0.023237362 0.405919389 -0.014937990 0.999888580 0.000104919 0.543914593 0.023237005 0.000242263 0.999730396 84.778887969
0.999625085 0.015106934 -0.022812516 0.408128645 -0.015103272 0.999886710 0.000334119 0.545767912 0.022814870 0.000010598 0.999740069 85.008600600
0.999637483 0.014265180 -0.022858188 0.407344585 -0.014267557 0.999898759 0.000061645 0.548407247 0.022856645 0.000264532 0.999739293 85.474141990
0.999558078 0.018512919 -0.023261925 0.390771816 -0.018469021 0.999827897 0.002102673 0.555343311 0.023297876 -0.001672072 0.999727376 85.927505146
0.999559625 0.018873036 -0.022879790 0.389892675 -0.018813271 0.999819866 0.002824828 0.558066136 0.022929417 -0.002393116 0.999734411 86.145409797
0.999605704 0.016758056 -0.022546515 0.400811523 -0.016715551 0.999858718 0.002076382 0.559344941 0.022578072 -0.001698629 0.999743555 86.581594222
0.999616532 0.016452338 -0.022268308 0.397065054 -0.016445458 0.999864642 0.000493320 0.559532698 0.022273105 -0.000126917 0.999752097 87.004108609
0.999613596 0.016896813 -0.022069859 0.398731588 -0.016888592 0.999857315 0.000560386 0.561015085 0.022075713 -0.000187396 0.999756517 87.218966876
0.999658442 0.015768072 -0.020863460 0.397073112 -0.015735016 0.999875565 0.001750680 0.565974591 0.020888775 -0.001421748 0.999780730 87.639158935
0.999648734 0.016323637 -0.020862155 0.396056539 -0.016265962 0.999863444 0.002933698 0.570798899 0.020907301 -0.002593320 0.999778063 88.058588246
0.999606799 0.018634715 -0.020950850 0.391334312 -0.018593711 0.999825474 0.002154651 0.570928272 0.020988150 -0.001764201 0.999778635 88.265471353
0.999624655 0.019315249 -0.019453683 0.393301806 -0.019302145 0.999813533 0.000865637 0.571554780 0.019466698 -0.000489781 0.999811051 88.696730557
0.999638857 0.019318263 -0.018648068 0.393598172 -0.019276275 0.999812033 0.002431260 0.577038212 0.018691962 -0.002070871 0.999823312 89.114628253
0.999633093 0.019242452 -0.019046303 0.388981527 -0.019177379 0.999809782 0.003596382 0.580535860 0.019112126 -0.003229747 0.999812276 89.321489184
0.999646041 0.018491870 -0.019128778 0.393727968 -0.018419925 0.999823010 0.003932234 0.583693604 0.019198868 -0.003578444 0.999810039 89.734056728
0.999678263 0.017609317 -0.018228227 0.395179370 -0.017557951 0.999841729 0.002978732 0.584798743 0.018278106 -0.002657685 0.999830014 90.150455974
0.999692676 0.017475403 -0.017613153 0.393724925 -0.017426795 0.999844269 0.002913412 0.586111167 0.017661173 -0.002605535 0.999841260 90.353513105
0.999689173 0.017664026 -0.017582123 0.390804128 -0.017620821 0.999841335 0.002615732 0.588356210 0.017625336 -0.002305063 0.999841972 90.759629866
0.999704693 0.017423815 -0.016949029 0.395617792 -0.017390510 0.999847082 0.002111348 0.589988343 0.016983791 -0.001815935 0.999854159 91.156587010
0.999709852 0.017613566 -0.016422987 0.398031986 -0.017583143 0.999843851 0.001996552 0.591039290 0.016456193 -0.001707173 0.999863825 91.355064036
0.999723952 0.017794825 -0.015356176 0.398366752 -0.017763370 0.999839781 0.002191777 0.594077583 0.015393482 -0.001918343 0.999880241 91.757357386
0.999742107 0.017808230 -0.014081172 0.410111585 -0.017771978 0.999838848 0.002703114 0.597423668 0.014126812 -0.002452123 0.999897147 92.177144119
0.999742972 0.018166957 -0.013568291 0.406754932 -0.018124183 0.999830807 0.003276139 0.599891306 0.013625750 -0.003029346 0.999903060 92.382484557
0.999765595 0.017786679 -0.012331157 0.414078378 -0.017744916 0.999837112 0.003494023 0.602808099 0.012391938 -0.003274373 0.999918620 92.791999136
0.999780002 0.017382024 -0.011715742 0.417534123 -0.017338484 0.999842605 0.003810731 0.606016355 0.011780301 -0.003606778 0.999924067 93.206093623
0.999774189 0.017687909 -0.011777606 0.422448700 -0.017638592 0.999835954 0.004281175 0.608052114 0.011850806 -0.004072454 0.999921702 93.417130058
0.999762959 0.018606814 -0.011277485 0.419069459 -0.018547337 0.999814078 0.005358053 0.612614846 0.011374958 -0.005147588 0.999922429 93.808374754
0.999740574 0.020217455 -0.010449348 0.420710585 -0.020156986 0.999780272 0.005865447 0.616102372 0.010565767 -0.005653281 0.999928483 94.209137871
0.999725638 0.021114758 -0.010160746 0.420580358 -0.021050062 0.999758431 0.006433897 0.618433737 0.010294527 -0.006218222 0.999928342 94.410661018
0.999703746 0.022364700 -0.009592385 0.424559087 -0.022302285 0.999730368 0.006568982 0.621383248 0.009737201 -0.006353084 0.999932768 94.839614014
0.999672334 0.024032744 -0.008789619 0.428645142 -0.023975075 0.999690774 0.006613724 0.624086494 0.008946046 -0.006400802 0.999939229 95.252948188
0.999673112 0.024052606 -0.008684028 0.425908147 -0.023994722 0.999689454 0.006717313 0.625709296 0.008843879 -0.006506725 0.999939919 95.457530550
0.999652906 0.024921703 -0.008525672 0.429423106 -0.024852398 0.999658846 0.008144344 0.630806583 0.008725499 -0.007929604 0.999930953 95.871612600
0.999601024 0.026842019 -0.008785489 0.429785755 -0.026763847 0.999602821 0.008902764 0.634734421 0.009021244 -0.008664057 0.999922011 96.273900094
0.999618695 0.026215853 -0.008661544 0.438532003 -0.026141321 0.999621280 0.008615392 0.635329307 0.008884608 -0.008385658 0.999926262 96.480364189
0.999639619 0.025237292 -0.009136641 0.442022701 -0.025168692 0.999654964 0.007553364 0.635982480 0.009324623 -0.007320658 0.999930478 96.878855054
0.999652430 0.024797721 -0.008904771 0.448120481 -0.024736264 0.999670653 0.006949225 0.637354210 0.009074903 -0.006726520 0.999936890 97.274286637
0.999673342 0.023922172 -0.008981630 0.451845736 -0.023857756 0.999689281 0.007218700 0.639004312 0.009151276 -0.007002043 0.999933737 97.471232443
0.999672932 0.024118058 -0.008423352 0.457379626 -0.024049952 0.999678273 0.008098585 0.642999966 0.008616336 -0.007893337 0.999932508 97.867410389
0.999690761 0.023407901 -0.008415099 0.457164151 -0.023340525 0.999695990 0.008022629 0.645427449 0.008601391 -0.007823715 0.999932828 98.254850954
0.999691943 0.023265576 -0.008664132 0.462001969 -0.023204617 0.999705696 0.007078374 0.645014463 0.008827110 -0.006875120 0.999938244 98.465903511
0.999771358 0.019007687 -0.009775917 0.467139181 -0.018961543 0.999809032 0.004799884 0.643695625 0.009865904 -0.004613396 0.999940938 98.893357334
0.999840183 0.015028479 -0.009696300 0.479446963 -0.014992411 0.999881129 0.003788065 0.644387801 0.009752177 -0.003642050 0.999946091 99.312397902
0.999851849 0.014131622 -0.009802284 0.483071472 -0.014090392 0.999892102 0.004256736 0.646494062 0.009861871 -0.004117983 0.999943167 99.524961148
0.999882055 0.012392802 -0.009023207 0.493668024 -0.012345125 0.999910362 0.005328172 0.650763818 0.009089629 -0.005216133 0.999945414 99.930648632
0.999864569 0.013129292 -0.009911809 0.489566991 -0.013079817 0.999902290 0.005041620 0.652913055 0.009976723 -0.004911215 0.999938576 100.322672855
0.999853011 0.013842534 -0.010073316 0.494547538 -0.013796065 0.999894419 0.004674242 0.653383225 0.010137345 -0.004534530 0.999938642 100.518099154
0.999826874 0.015334945 -0.010592595 0.498747810 -0.015284739 0.999871885 0.004813593 0.656060092 0.010664843 -0.004650849 0.999932571 100.915813057
0.999815241 0.015931210 -0.010745498 0.504347181 -0.015857319 0.999850310 0.006932325 0.662144676 0.010854705 -0.006760643 0.999919230 101.311977250
0.999830244 0.014819013 -0.010938154 0.506202185 -0.014727546 0.999856393 0.008407024 0.665969470 0.011061849 -0.008244521 0.999905380 101.511199651
0.999838222 0.013635667 -0.011726495 0.511770538 -0.013519322 0.999859308 0.009948891 0.671064560 0.011860353 -0.009788723 0.999882202 101.907370359
0.999819386 0.014045825 -0.012800177 0.511523733 -0.013926907 0.999859623 0.009335748 0.672492555 0.012929336 -0.009155789 0.999875112 102.294817505
0.999817641 0.014240107 -0.012713008 0.508873385 -0.014126441 0.999859842 0.008986585 0.673209430 0.012840156 -0.008805345 0.999879137 102.483785387
0.999781801 0.016052296 -0.013365685 0.506836398 -0.015932845 0.999833178 0.009001164 0.675696296 0.013508803 -0.008786253 0.999870528 102.857896031
0.999731902 0.018476908 -0.013955414 0.504791265 -0.018354225 0.999792341 0.008870408 0.677923296 0.014116490 -0.008611866 0.999863615 103.232008385
0.999714510 0.019295637 -0.014053229 0.501493690 -0.019177560 0.999780263 0.008491960 0.678605456 0.014214162 -0.008219998 0.999865492 103.421740134
