1.000000000 0.000000000 0.000000000 -0.000000000 0.000000000 1.000000000 -0.000000000 0.000000000 0.000000000 -0.000000000 1.000000000 0.000000000
1.000000166 0.000006471 0.000019669 0.000000960 -0.000006459 1.000000595 0.000019036 0.000039985 -0.000019123 -0.000018944 1.000000064 -0.000000527
0.999999849 0.000038522 0.000036233 -0.000000960 -0.000038592 1.000000434 -0.000027083 -0.000039985 -0.000036500 0.000027181 0.999999712 0.000000527
1.000000305 0.000051713 0.000035677 -0.000001919 -0.000051697 1.000000423 -0.000050275 -0.000079970 -0.000035689 0.000050298 1.000000018 0.000001055
1.000000239 0.000073290 0.000053292 0.000633871 -0.000073335 1.000000360 -0.000084708 -0.000165404 -0.000053204 0.000084769 1.000000150 -0.000768407
0.999999994 0.000102221 0.000032599 0.000633631 -0.000102273 0.999999705 -0.000087715 -0.000175400 -0.000032977 0.000087823 1.000000008 -0.000768275
0.999999962 0.000097992 0.000034343 0.000630752 -0.000098090 0.999999747 -0.000158985 -0.000295355 -0.000034440 0.000159103 0.999999911 -0.000766693
1.000000563 0.000081717 0.000010225 0.000628593 -0.000081774 0.999999862 -0.000213926 -0.000385321 -0.000009814 0.000214055 0.999999950 -0.000765506
1.000000511 0.000042864 -0.000001647 0.000628833 -0.000042904 0.999999703 -0.000207034 -0.000375325 0.000001841 0.000207103 1.000000286 -0.000765638
0.999999594 0.000071066 -0.000006862 0.000627393 -0.000071122 1.000000496 -0.000242730 -0.000435303 0.000007208 0.000242742 0.999999749 -0.000764846
0.999999793 0.000012888 -0.000031034 0.000625953 -0.000012886 1.000000297 -0.000273355 -0.000495280 0.000031414 0.000273423 1.000000237 -0.000764055
0.999999465 0.000007555 -0.000049069 0.001261744 -0.000007642 0.999999902 -0.000309545 -0.000580714 0.000049145 0.000309660 0.999999496 -0.001533517
1.000000091 -0.000016539 -0.000102000 0.001261024 0.000016450 0.999999712 -0.000327170 -0.000610703 0.000102095 0.000327253 1.000000429 -0.001533121
1.000000185 -0.000035939 -0.000105792 0.001260784 0.000035899 1.000000290 -0.000335685 -0.000620699 0.000105425 0.000335722 1.000000171 -0.001532990
0.999999855 -0.000034337 -0.000095193 0.001260544 0.000034267 1.000000269 -0.000336944 -0.000630695 0.000094820 0.000337048 0.999999893 -0.001532858
0.999999529 -0.000057079 -0.000062647 0.001256945 0.000057059 0.999999999 -0.000426858 -0.000780639 0.000062638 0.000426909 0.999999930 -0.001530880
1.000000150 -0.000057734 -0.000091251 0.001256705 0.000057627 1.000000109 -0.000433975 -0.000790635 0.000091695 0.000434023 0.999999870 -0.001530748
0.999999970 -0.000071241 -0.000094033 0.001255746 0.000071163 0.999999765 -0.000459120 -0.000830620 0.000093695 0.000459212 0.999999697 -0.001530220
1.000000248 -0.000061608 -0.000054460 0.001890337 0.000061529 1.000000377 -0.000523096 -0.000966035 0.000053998 0.000523117 0.999999497 -0.002299023
0.999999851 -0.000082444 -0.000014062 0.001887697 0.000082420 0.999999690 -0.000584783 -0.001075994 0.000014030 0.000584837 0.999999904 -0.002297572
0.999999776 -0.000100361 -0.000015540 0.001886498 0.000100354 0.999999509 -0.000614262 -0.001125975 0.000015972 0.000614291 0.999999655 -0.002296913
1.000000693 -0.000114428 -0.000037244 0.001887218 0.000114315 0.999999669 -0.000600739 -0.001095987 0.000037042 0.000600830 0.999999428 -0.002297308
1.000000030 -0.000116792 -0.000052488 0.001887697 0.000116629 0.999999516 -0.000584870 -0.001075994 0.000051996 0.000584988 0.999999275 -0.002297572
0.999999526 -0.000127736 -0.000051006 0.001886498 0.000127735 1.000000161 -0.000613904 -0.001125975 0.000051212 0.000613952 1.000000162 -0.002296913
1.000000280 -0.000147148 -0.000061400 0.001886018 0.000147061 0.999999848 -0.000630665 -0.001145968 0.000061584 0.000630749 0.999999907 -0.002296649
1.000000412 -0.000138187 -0.000050430 0.001884098 0.000138105 1.000000219 -0.000675142 -0.001225938 0.000050304 0.000675151 1.000000066 -0.002295594
1.000000497 -0.000107564 -0.000067459 0.001882899 0.000107411 0.999999834 -0.000701547 -0.001275919 0.000066969 0.000701667 0.999999834 -0.002294935
1.000000351 -0.000115021 -0.000123584 0.002517970 0.000114866 0.999999729 -0.000755927 -0.001391342 0.000123725 0.000756001 0.999999340 -0.003064001
1.000000311 -0.000122326 -0.000136216 0.002519409 0.000122138 0.999999457 -0.000722010 -0.001331364 0.000136435 0.000722053 0.999999453 -0.003064792
1.000000142 -0.000116296 -0.000128377 0.002519409 0.000116137 1.000000297 -0.000720898 -0.001331364 0.000128703 0.000720913 0.999999410 -0.003064792
1.000000177 -0.000123319 -0.000126569 0.002518689 0.000123119 0.999999670 -0.000736338 -0.001361353 0.000127203 0.000736415 1.000000118 -0.003064397
0.999999792 -0.000145960 -0.000117312 0.002518689 0.000145803 1.000000194 -0.000734862 -0.001361353 0.000117047 0.000734934 0.999999937 -0.003064397
0.999999491 -0.000128056 -0.000156329 0.002517730 0.000127922 1.000000090 -0.000759539 -0.001401338 0.000156337 0.000759616 0.999999633 -0.003063869
0.999999569 -0.000124892 -0.000203498 0.002517250 0.000124737 1.000000175 -0.000771807 -0.001421331 0.000203245 0.000771838 0.999999964 -0.003063605
0.999999805 -0.000076188 -0.000203946 0.002515330 0.000075920 0.999999603 -0.000817016 -0.001501301 0.000203756 0.000817083 0.999999790 -0.003062550
0.999999933 -0.000096830 -0.000169108 0.002514131 0.000096572 0.999999448 -0.000843564 -0.001551282 0.000169424 0.000843633 0.999999628 -0.003061891
1.000000028 -0.000118145 -0.000120342 0.002512691 0.000118019 0.999999468 -0.000882147 -0.001611259 0.000119459 0.000882214 0.999999702 -0.003061100
1.000000406 -0.000120561 -0.000100247 0.002509572 0.000120357 0.999999515 -0.000957163 -0.001741211 0.000100220 0.000957201 0.999999332 -0.003059386
1.000000174 -0.000111904 -0.000091997 0.003146322 0.000111758 0.999999491 -0.000971055 -0.001786659 0.000092522 0.000971115 1.000000125 -0.003829375
1.000000431 -0.000127407 -0.000136052 0.003141764 0.000127136 0.999999336 -0.001082744 -0.001976588 0.000136369 0.001082799 0.999999826 -0.003826869
1.000000172 -0.000140989 -0.000152625 0.003141284 0.000140761 0.999999760 -0.001090156 -0.001996581 0.000152581 0.001090244 0.999999343 -0.003826606
1.000000303 -0.000138633 -0.000132118 0.003142243 0.000138385 0.999999416 -0.001068331 -0.001956596 0.000131996 0.001068446 1.000000007 -0.003827133
0.999999943 -0.000112471 -0.000135183 0.003143203 0.000112326 0.999999500 -0.001046558 -0.001916611 0.000135156 0.001046595 0.999999349 -0.003827661
0.999999608 -0.000168331 -0.000131992 0.003141524 0.000168110 0.999999409 -0.001089648 -0.001986585 0.000131737 0.001089707 0.999999518 -0.003826737
0.999999519 -0.000181067 -0.000126765 0.003140804 0.000180959 0.999999937 -0.001106584 -0.002016573 0.000127343 0.001106546 0.999999209 -0.003826342
0.999999763 -0.000215541 -0.000105746 0.003137925 0.000215380 0.999999670 -0.001175212 -0.002136528 0.000105635 0.001175275 0.999999393 -0.003824759
1.000000234 -0.000215228 -0.000095563 0.003136245 0.000215036 0.999999258 -0.001220379 -0.002206502 0.000095650 0.001220468 0.999998923 -0.003823836
1.000000278 -0.000182616 -0.000075195 0.003134566 0.000182447 0.999998965 -0.001257483 -0.002276476 0.000074693 0.001257584 0.999998824 -0.003822913
1.000000433 -0.000176738 -0.000047888 0.003135045 0.000176586 0.999999669 -0.001245732 -0.002256483 0.000047751 0.001245806 0.999998956 -0.003823177
1.000000356 -0.000274525 -0.000088380 0.003771316 0.000274363 0.999999376 -0.001273172 -0.002321925 0.000088598 0.001273193 0.999998821 -0.004592903
0.999999592 -0.000304808 -0.000101891 0.003770116 0.000304576 0.999999490 -0.001302457 -0.002371906 0.000102546 0.001302534 0.999998998 -0.004592243
0.999999579 -0.000306353 -0.000086814 0.003765558 0.000306171 0.999998952 -0.001410553 -0.002561835 0.000086904 0.001410587 0.999999464 -0.004589738
1.000000681 -0.000295709 -0.000070901 0.003769636 0.000295535 0.999999414 -0.001313304 -0.002391898 0.000071289 0.001313309 0.999999028 -0.004591979
1.000000265 -0.000234144 -0.000083265 0.003768917 0.000233981 0.999999117 -0.001326905 -0.002421887 0.000083365 0.001326991 0.999999635 -0.004591584
0.999999630 -0.000191978 -0.000042219 0.003760759 0.000191844 0.999998738 -0.001526577 -0.002761760 0.000042688 0.001526639 0.999998647 -0.004587100
1.000000444 -0.000198047 -0.000011505 0.004374236 0.000197922 0.999997551 -0.002108043 -0.003776845 0.000012002 0.002108088 0.999997834 -0.005344298
1.000000160 -0.000213072 -0.000050257 0.004351682 0.000212838 0.999996115 -0.002654232 -0.004716493 0.000050222 0.002654352 0.999996808 -0.005331902
0.999999838 -0.000363168 -0.000140370 0.005578396 0.000362617 0.999993061 -0.003818054 -0.006756660 0.000142376 0.003818038 0.999993178 -0.006846166
0.999999993 -0.000516104 -0.000161608 0.006196672 0.000515349 0.999990894 -0.004285548 -0.007571820 0.000163423 0.004285546 0.999991058 -0.007606001
0.999999940 -0.000542168 -0.000107874 0.006198591 0.000541663 0.999990919 -0.004240018 -0.007491850 0.000110578 0.004239965 0.999991164 -0.007607056
0.999999729 -0.000473377 -0.000080051 0.004288340 0.000472959 0.999990830 -0.004206775 -0.007355504 0.000081516 0.004206778 0.999991013 -0.005297088
1.000000645 -0.000219597 -0.000113445 0.003693433 0.000218970 0.999990147 -0.004540813 -0.007705129 0.000114036 0.004540868 0.999990005 0.011099872
1.000000024 -0.000032215 -0.000126854 0.006289475 0.000031493 0.999988507 -0.004757390 -0.007982112 0.000127508 0.004757481 0.999988666 0.023642928
0.999999785 0.000200756 -0.000082658 0.007662976 -0.000201192 0.999987192 -0.005081599 -0.008183413 0.000081772 0.005081647 0.999986609 0.053347922
1.000000155 0.000361339 -0.000085548 0.005221733 -0.000361838 0.999986854 -0.005196471 -0.007872112 0.000083492 0.005196592 0.999986717 0.087669687
1.000000007 0.000316481 -0.000102118 0.002092541 -0.000316999 0.999986676 -0.005177167 -0.007510141 0.000100063 0.005177274 0.999986651 0.107139614
1.000000436 0.000292072 -0.000091731 0.008695075 -0.000292526 0.999987569 -0.005048862 -0.006725984 0.000090521 0.005048904 0.999987109 0.161910412
0.999999998 0.000408705 0.000009485 0.004408458 -0.000408700 0.999988136 -0.004924839 -0.005713770 -0.000011162 0.004924929 0.999987552 0.214156456
1.000000178 0.000468151 0.000066301 0.003882505 -0.000467887 0.999988088 -0.004953514 -0.005328894 -0.000068777 0.004953597 0.999987467 0.246165483
1.000000017 0.000708931 0.000107620 0.006069630 -0.000708438 0.999987092 -0.005088660 -0.004621670 -0.000111593 0.005088692 0.999987169 0.321953177
0.999999879 0.000788291 0.000155256 0.010862153 -0.000787499 0.999986017 -0.005227457 -0.003801574 -0.000159727 0.005227475 0.999987024 0.410278783
0.999999902 0.000715612 0.000295121 0.011027510 -0.000714118 0.999985877 -0.005312256 -0.003327420 -0.000299750 0.005312110 0.999986095 0.457137802
0.999999906 0.000415156 0.000597067 0.008181669 -0.000412055 0.999986342 -0.005255880 -0.001851979 -0.000599245 0.005255673 0.999986062 0.554701831
1.000000249 -0.000252227 0.000745553 0.015655265 0.000255874 0.999987984 -0.004923898 0.000095385 -0.000744372 0.004924199 0.999987579 0.671173727
0.999999745 -0.000719426 0.000772712 0.014611997 0.000723032 0.999988298 -0.004779885 0.001225003 -0.000769316 0.004780453 0.999988410 0.735187035
0.999998160 -0.002035514 0.000839979 0.017023836 0.002039567 0.999986191 -0.004954376 0.002741033 -0.000829717 0.004956113 0.999987510 0.873451090
0.999994471 -0.003061258 0.001385643 0.026513442 0.003067910 0.999983322 -0.004839729 0.004681558 -0.001370485 0.004843992 0.999987244 1.018854825
0.999993170 -0.003235669 0.001461886 0.024887022 0.003242509 0.999983299 -0.004747620 0.005951366 -0.001446141 0.004752412 0.999987555 1.099258631
0.999994927 -0.002638313 0.001553049 0.023571162 0.002646516 0.999983133 -0.005291646 0.007329797 -0.001539239 0.005295815 0.999984881 1.273391551
0.999997818 -0.000449204 0.002064367 0.029348039 0.000462635 0.999978962 -0.006534992 0.007618068 -0.002061877 0.006536020 0.999976414 1.470305891
0.999996887 0.000669435 0.002401032 0.027758663 -0.000652901 0.999975813 -0.006893245 0.008292877 -0.002406175 0.006891761 0.999973366 1.566339304
0.999995664 0.002128223 0.002119726 0.029213464 -0.002115317 0.999979630 -0.006123935 0.012392757 -0.002132956 0.006119530 0.999978766 1.784219241
0.999993379 0.002923739 0.002199761 0.027498429 -0.002912843 0.999983364 -0.004974744 0.017299664 -0.002214946 0.004968391 0.999984929 2.005941477
0.999993955 0.002558510 0.002324565 0.036296486 -0.002547328 0.999985715 -0.004791355 0.019140914 -0.002336903 0.004785471 0.999986046 2.136495352
0.999996480 0.000729838 0.002563692 0.037189584 -0.000717132 0.999987305 -0.004992993 0.022136229 -0.002566673 0.004991214 0.999984114 2.386403966
0.999996524 -0.000067440 0.002592952 0.049014156 0.000081736 0.999985306 -0.005512126 0.024528405 -0.002591740 0.005512343 0.999981337 2.654464040
0.999996410 -0.000293940 0.002738234 0.043715076 0.000309909 0.999983285 -0.005856170 0.025815334 -0.002736992 0.005857060 0.999979176 2.786356428
0.999992875 -0.000155174 0.003675537 0.052929690 0.000179085 0.999979409 -0.006497491 0.027904710 -0.003674246 0.006498180 0.999972170 3.041881094
0.999991977 0.000146297 0.003986570 0.055894317 -0.000118948 0.999976244 -0.006882950 0.031067897 -0.003988410 0.006882582 0.999968291 3.336341001
0.999992670 -0.000263816 0.003926733 0.060288000 0.000290028 0.999977664 -0.006697825 0.033292041 -0.003924754 0.006699042 0.999969793 3.487905706
0.999991702 -0.000780423 0.004116698 0.064599881 0.000807883 0.999977929 -0.006685883 0.037298757 -0.004111446 0.006689169 0.999969465 3.796435064
0.999989923 -0.000012143 0.004580984 0.075291741 0.000041747 0.999979635 -0.006472052 0.041370790 -0.004580941 0.006472264 0.999968704 4.097257671
0.999986047 0.001074077 0.005185151 0.074597181 -0.001042811 0.999981790 -0.006038986 0.044198436 -0.005190951 0.006033599 0.999968664 4.254979127
0.999975101 0.004090350 0.005815632 0.082811089 -0.004050778 0.999968360 -0.006811416 0.047052343 -0.005843209 0.006787768 0.999960127 4.590143676
0.999954250 0.007435659 0.006054304 0.083423343 -0.007396458 0.999951416 -0.006478407 0.052091022 -0.006103018 0.006433421 0.999960922 4.934526470
0.999930480 0.010168384 0.006013092 0.081543671 -0.010137126 0.999934909 -0.005210549 0.056553763 -0.006065861 0.005149290 0.999968015 5.109389291
0.999921321 0.011064401 0.005984829 0.088024732 -0.011046608 0.999934399 -0.003015626 0.064796826 -0.006017415 0.002949341 0.999977253 5.462416270
0.999964670 0.005977810 0.005988908 0.105411450 -0.005958719 0.999977542 -0.003218804 0.069222732 -0.006008191 0.003183125 0.999976956 5.849258867
0.999969826 0.004835431 0.006133896 0.114375197 -0.004807963 0.999978805 -0.004490732 0.069413710 -0.006156205 0.004461159 0.999971463 6.042321546
0.999971385 0.003201128 0.006839652 0.125888068 -0.003155378 0.999973203 -0.006696117 0.070425311 -0.006861265 0.006674479 0.999954417 6.420522728
0.999966919 0.002384583 0.007731123 0.134319492 -0.002324970 0.999967330 -0.007719177 0.073788138 -0.007749266 0.007701053 0.999940285 6.818167595
0.999963408 0.003237448 0.007940624 0.142754553 -0.003176457 0.999965362 -0.007688214 0.076388456 -0.007965508 0.007662782 0.999938613 7.027590836
0.999953429 0.005363795 0.008046725 0.145452586 -0.005294580 0.999949214 -0.008606307 0.080050363 -0.008092012 0.008563373 0.999930800 7.432167058
0.999902081 0.010896277 0.008813991 0.148086556 -0.010798417 0.999880365 -0.011079956 0.081043270 -0.008934091 0.010983768 0.999899505 7.836778491
0.999891759 0.011612213 0.009021065 0.153308834 -0.011506354 0.999865350 -0.011708181 0.082661285 -0.009155519 0.011603172 0.999890346 8.050067635
0.999917917 0.009114500 0.009045234 0.170950977 -0.009013624 0.999897104 -0.011140663 0.089175518 -0.009146155 0.011058252 0.999896779 8.499369715
0.999931546 0.007603140 0.008921214 0.188034921 -0.007513911 0.999921518 -0.009999273 0.096869552 -0.008996194 0.009931603 0.999910950 8.965048578
0.999931218 0.006745551 0.009624141 0.190792588 -0.006649642 0.999928675 -0.009964210 0.099963655 -0.009691044 0.009899582 0.999904502 9.197022363
0.999937296 0.005332021 0.009891189 0.206587291 -0.005227333 0.999930877 -0.010580271 0.104954411 -0.009947236 0.010527948 0.999895224 9.679899824
0.999928646 0.006521643 0.009981378 0.220520304 -0.006408680 0.999915758 -0.011307727 0.109966334 -0.010054265 0.011242969 0.999886122 10.180710530
0.999915219 0.008301973 0.010055840 0.225864416 -0.008184297 0.999898812 -0.011688423 0.112383604 -0.010150800 0.011605203 0.999881111 10.425232647
0.999908113 0.008193501 0.010817280 0.237849988 -0.008048996 0.999879044 -0.013334184 0.115982454 -0.010925834 0.013245939 0.999852689 10.928373762
0.999868797 0.011638518 0.011256260 0.245480999 -0.011499682 0.999858517 -0.012325735 0.124177842 -0.011398681 0.012194713 0.999860556 11.436848361
0.999842241 0.013618644 0.011432857 0.249664232 -0.013489444 0.999845216 -0.011305160 0.129239831 -0.011584685 0.011149257 0.999870362 11.698498524
0.999812305 0.015411064 0.011767452 0.254187644 -0.015296401 0.999835693 -0.009775455 0.138696852 -0.011915847 0.009593699 0.999882402 12.226431183
0.999783667 0.016302749 0.012925670 0.276146744 -0.016198419 0.999835327 -0.008138724 0.148515270 -0.013056104 0.007927646 0.999882903 12.796040204
0.999759412 0.017367006 0.013399519 0.276558516 -0.017271065 0.999824716 -0.007245238 0.153754764 -0.013523679 0.007012163 0.999884468 13.077933317
0.999768562 0.016271796 0.014058577 0.297459188 -0.016249291 0.999867121 -0.001713868 0.170486300 -0.014084767 0.001485043 0.999900261 13.664614075
0.999723317 0.017927645 0.015203037 0.308591132 -0.017930623 0.999839467 0.000055935 0.180977385 -0.015200026 -0.000328438 0.999884982 14.247314234
0.999705607 0.018187142 0.016046596 0.318684631 -0.018208593 0.999834034 0.001189626 0.186694267 -0.016022105 -0.001481439 0.999870288 14.548885731
0.999647280 0.019392762 0.018163039 0.342094344 -0.019449866 0.999806834 0.002969149 0.197385758 -0.018102681 -0.003321290 0.999830510 15.163807330
0.999599151 0.021239985 0.018709744 0.356462055 -0.021303872 0.999767609 0.003219009 0.205539945 -0.018636886 -0.003616225 0.999820145 15.773928890
0.999590885 0.021571351 0.018790519 0.368451503 -0.021624391 0.999762440 0.002620861 0.208386283 -0.018729204 -0.003026019 0.999819754 16.088848247
0.999559058 0.021564833 0.020407026 0.395677109 -0.021599937 0.999765933 0.001498873 0.214336311 -0.020370098 -0.001938952 0.999790736 16.730452379
0.999550974 0.021324803 0.021053916 0.418504005 -0.021369643 0.999770221 0.001905014 0.223043566 -0.021007569 -0.002353962 0.999776297 17.377414259
0.999566296 0.020865159 0.020789254 0.426063793 -0.020912647 0.999779318 0.002066897 0.227357615 -0.020741254 -0.002500707 0.999781787 17.697708377
0.999590520 0.019268859 0.021162812 0.454730561 -0.019321657 0.999811026 0.002290304 0.235925285 -0.021113942 -0.002698197 0.999773160 18.368980314
0.999605104 0.018078107 0.021519387 0.479568188 -0.018133373 0.999832774 0.002371879 0.244405782 -0.021473506 -0.002761081 0.999765557 19.044876935
0.999609568 0.017884466 0.021468279 0.496142002 -0.017932773 0.999837641 0.002057112 0.247953152 -0.021427109 -0.002441209 0.999767434 19.385636437
0.999649693 0.016728712 0.020509452 0.522185230 -0.016742453 0.999859502 0.000496318 0.253513812 -0.020498494 -0.000839447 0.999789165 20.060030400
0.999722635 0.014432413 0.018587493 0.546928324 -0.014403807 0.999895223 -0.001674193 0.258055786 -0.018609572 0.001406075 0.999826196 20.735978979
0.999755853 0.012936422 0.017919556 0.560282157 -0.012888146 0.999913600 -0.002811168 0.260320965 -0.017954483 0.002579640 0.999835691 21.080608341
0.999811268 0.011584196 0.015569758 0.576106668 -0.011509041 0.999921394 -0.004909264 0.265329286 -0.015625112 0.004729223 0.999866911 21.767339013
0.999847377 0.009601366 0.014600948 0.600924716 -0.009504969 0.999932581 -0.006659121 0.270855668 -0.014663098 0.006519409 0.999871052 22.458896364
0.999873746 0.008359689 0.013517752 0.609207579 -0.008263720 0.999940114 -0.007142958 0.274444078 -0.013577474 0.007030377 0.999882830 22.809672981
0.999906077 0.006497508 0.012101363 0.634153125 -0.006411443 0.999954293 -0.007146027 0.283144048 -0.012147488 0.007067899 0.999901672 23.516810223
0.999918005 0.005551448 0.011525912 0.657257375 -0.005473178 0.999961784 -0.006812178 0.292714866 -0.011563633 0.006748590 0.999910509 24.241869501
0.999917834 0.005684898 0.011475307 0.672034615 -0.005604086 0.999959944 -0.007068373 0.296857964 -0.011515307 0.007003553 0.999909567 24.616176427
0.999932658 0.004644392 0.010695263 0.698935708 -0.004550863 0.999951477 -0.008764359 0.303032038 -0.010735518 0.008715164 0.999904511 25.352278741
0.999943392 0.004989412 0.009428526 0.717515859 -0.004882553 0.999924099 -0.011333198 0.307997621 -0.009484911 0.011286597 0.999891776 26.098414653
0.999945325 0.005411128 0.009024265 0.728457241 -0.005303819 0.999915214 -0.011883749 0.311773652 -0.009087696 0.011835321 0.999888410 26.477349955
0.999944978 0.006410778 0.008269658 0.756103388 -0.006308923 0.999904505 -0.012288471 0.320276165 -0.008347206 0.012235682 0.999890285 27.228272721
0.999963830 0.005132141 0.006819806 0.774827258 -0.005054623 0.999923061 -0.011350737 0.331229503 -0.006877451 0.011315909 0.999912667 27.974329642
0.999967331 0.005415646 0.006012432 0.780110587 -0.005355421 0.999935486 -0.010000200 0.338443438 -0.006066174 0.009967834 0.999932320 28.360154891
0.999960092 0.007035964 0.005551291 0.794535029 -0.006992299 0.999945296 -0.007859648 0.352013611 -0.005606513 0.007820573 0.999953945 29.142814929
0.999941601 0.009126712 0.005846282 0.813348343 -0.009082890 0.999931072 -0.007490777 0.362416710 -0.005913639 0.007437256 0.999954707 29.920122625
0.999940109 0.009187554 0.005974354 0.825011265 -0.009143462 0.999931051 -0.007373795 0.367541547 -0.006041400 0.007318817 0.999955530 30.313891303
0.999943658 0.008877044 0.005750670 0.842482604 -0.008835045 0.999934469 -0.007291574 0.377321034 -0.005814967 0.007240461 0.999957306 31.077126645
0.999944569 0.009053309 0.005355370 0.865122898 -0.009016593 0.999936345 -0.006842059 0.387721339 -0.005417433 0.006793431 0.999962058 31.849810844
0.999940218 0.009430019 0.005531291 0.870346243 -0.009391395 0.999931179 -0.006987854 0.392436211 -0.005596896 0.006935569 0.999960518 32.235669062
0.999906844 0.012064571 0.006421097 0.885952292 -0.012018671 0.999902749 -0.007149148 0.402086921 -0.006506190 0.007071419 0.999954178 33.016839628
0.999837498 0.017114863 0.005687245 0.902787934 -0.017067015 0.999819341 -0.008367559 0.409817420 -0.005829370 0.008269235 0.999949484 33.796494348
0.999831671 0.017608364 0.005162163 0.904146390 -0.017558731 0.999800790 -0.009521300 0.412955677 -0.005329789 0.009429173 0.999941398 34.186996898
0.999721501 0.023335678 0.003379949 0.908366752 -0.023309597 0.999699781 -0.007572188 0.426583282 -0.003556097 0.007491353 0.999965679 34.981985602
0.999755969 0.022056144 0.001345675 0.920203645 -0.022047173 0.999737194 -0.006362256 0.438645884 -0.001485572 0.006331071 0.999978531 35.767747884
0.999752684 0.022195610 0.001361594 0.920329868 -0.022186393 0.999732503 -0.006488396 0.443594394 -0.001505760 0.006456733 0.999977694 36.159767731
0.999682916 0.025015343 0.002874917 0.933484983 -0.024998766 0.999671604 -0.005679373 0.455290979 -0.003015479 0.005605804 0.999979953 36.959615422
0.999557373 0.029264939 0.005343060 0.957502377 -0.029235252 0.999556906 -0.005560171 0.465639926 -0.005504473 0.005401571 0.999970528 37.762002637
0.999569174 0.028655674 0.006394193 0.971169219 -0.028626699 0.999579316 -0.004584243 0.472392533 -0.006522283 0.004399288 0.999969190 38.169059831
0.999634766 0.026434828 0.005677526 0.986445579 -0.026435491 0.999651126 0.000038585 0.490605054 -0.005674487 -0.000188618 0.999984301 38.982131554
0.999664418 0.025191408 0.006087052 1.005531019 -0.025209430 0.999678307 0.002892132 0.505930640 -0.006012449 -0.003044584 0.999976929 39.806239586
0.999671380 0.024685220 0.006902383 1.013439275 -0.024708470 0.999689879 0.003298140 0.511932721 -0.006819087 -0.003467540 0.999970721 40.220241982
0.999713558 0.022494139 0.008197638 1.047212389 -0.022528870 0.999737862 0.004164232 0.523703480 -0.008101273 -0.004347645 0.999958163 41.057916880
0.999738779 0.020560846 0.009983467 1.072596087 -0.020599896 0.999780545 0.003818406 0.533551238 -0.009903321 -0.004022997 0.999942308 41.890013044
0.999750780 0.019725163 0.010476249 1.084425805 -0.019766824 0.999796758 0.003880925 0.539210207 -0.010398690 -0.004086956 0.999937665 42.330639949
0.999774721 0.017978134 0.011281956 1.109845107 -0.018013776 0.999833547 0.003061085 0.548402988 -0.011224873 -0.003263547 0.999931552 43.178366513
0.999809989 0.015443176 0.011911044 1.144205160 -0.015460292 0.999879323 0.001340476 0.555914655 -0.011888977 -0.001524270 0.999928531 44.030948766
0.999836766 0.013714274 0.011750014 1.156560926 -0.013716150 0.999905786 0.000076193 0.559054325 -0.011747902 -0.000237266 0.999930571 44.455216559
0.999873452 0.010195317 0.012187003 1.190931776 -0.010179173 0.999947098 -0.001393214 0.567015824 -0.012200559 0.001269074 0.999925206 45.307792878
0.999884839 0.008587986 0.012529656 1.228609558 -0.008572624 0.999962445 -0.001283853 0.577743733 -0.012540240 0.001176339 0.999920747 46.172101515
0.999886221 0.007823919 0.012896326 1.244285211 -0.007815939 0.999969859 -0.000676471 0.584189612 -0.012901656 0.000575659 0.999917100 46.608094506
0.999895306 0.006741329 0.012826787 1.270433971 -0.006734023 0.999977252 -0.000617677 0.595061076 -0.012831228 0.000531327 0.999917348 47.470650092
0.999884318 0.007257768 0.013389576 1.306150156 -0.007235567 0.999972087 -0.001707203 0.603786134 -0.013401474 0.001610221 0.999908729 48.337296918
0.999891211 0.007708749 0.012600666 1.313410959 -0.007673132 0.999966646 -0.002873509 0.607249409 -0.012623119 0.002776614 0.999916483 48.767725154
0.999887325 0.008721991 0.012237534 1.345908603 -0.008664861 0.999951594 -0.004723030 0.614752254 -0.012278077 0.004616596 0.999913475 49.638241049
0.999848520 0.013358096 0.011161787 1.361871037 -0.013310209 0.999901984 -0.004359490 0.626420872 -0.011219301 0.004210402 0.999928078 50.513115543
0.999825123 0.015276524 0.010779793 1.371167191 -0.015235372 0.999876609 -0.003894769 0.632821426 -0.010838779 0.003729944 0.999934247 50.956815021
0.999786506 0.017785061 0.010526863 1.392397288 -0.017763118 0.999839497 -0.002180052 0.647084900 -0.010563884 0.001992670 0.999942264 51.856734087
0.999746552 0.020468303 0.009374803 1.412297165 -0.020465067 0.999790183 -0.000446776 0.661214578 -0.009382037 0.000254927 0.999956221 52.742574339
0.999700897 0.022635682 0.009311434 1.420943132 -0.022633790 0.999744143 -0.000312502 0.667100790 -0.009315675 0.000101718 0.999956482 53.187051191
0.999675891 0.023028846 0.010877105 1.449760008 -0.023028952 0.999734648 -0.000120304 0.678559725 -0.010877339 -0.000130182 0.999940643 54.077760188
0.999677557 0.022717701 0.011336062 1.477366340 -0.022722567 0.999741571 0.000293269 0.690594153 -0.011326201 -0.000550625 0.999935363 54.985624529
0.999681962 0.022249317 0.011875097 1.493090074 -0.022259264 0.999752322 0.000703005 0.696904860 -0.011855880 -0.000967037 0.999928948 55.437241060
0.999740559 0.019891587 0.011104892 1.507929394 -0.019914675 0.999799831 0.001965762 0.710653185 -0.011063081 -0.002186280 0.999936812 56.344872812
0.999727003 0.020590282 0.011039835 1.533643470 -0.020623033 0.999783243 0.002855638 0.723573678 -0.010979481 -0.003082438 0.999935372 57.255037231
0.999735466 0.020369716 0.010626680 1.544893157 -0.020402369 0.999787204 0.002967552 0.729502789 -0.010564324 -0.003183485 0.999939106 57.712052920
0.999762005 0.018176238 0.012066943 1.579518233 -0.018204253 0.999831792 0.002210514 0.739502632 -0.012024940 -0.002429558 0.999924891 58.627089380
0.999788927 0.016536168 0.012178788 1.608980926 -0.016536329 0.999863713 -0.000089118 0.747017135 -0.012178531 -0.000112286 0.999925944 59.548323340
0.999808570 0.015234345 0.012323638 1.629168724 -0.015223755 0.999883582 -0.000957146 0.751155172 -0.012336785 0.000769416 0.999923865 60.010196169
0.999785518 0.015659745 0.013526990 1.662557969 -0.015650855 0.999877518 -0.000764753 0.762815325 -0.013537452 0.000552906 0.999908175 60.926751905
0.999804170 0.014131393 0.013850849 1.705722368 -0.014141142 0.999900444 0.000597630 0.776706986 -0.013841957 -0.000793269 0.999903880 61.878584642
0.999828443 0.012778721 0.013429750 1.720216603 -0.012790035 0.999918192 0.000751673 0.782803482 -0.013418624 -0.000923246 0.999910036 62.347366935
0.999837499 0.012640459 0.012853536 1.750505301 -0.012645781 0.999920196 0.000329635 0.793880738 -0.012848554 -0.000492032 0.999917258 63.299026822
0.999820784 0.013733783 0.013033522 1.779454183 -0.013730670 0.999905424 -0.000328857 0.804424348 -0.013036848 0.000149933 0.999915252 64.236613168
0.999813335 0.014189227 0.013124806 1.796516054 -0.014194230 0.999899336 0.000282558 0.811198726 -0.013119868 -0.000468724 0.999913440 64.702304163
0.999820767 0.015017906 0.011541927 1.821716174 -0.015035991 0.999885853 0.001478140 0.825003909 -0.011518882 -0.001651319 0.999932794 65.644471015
0.999824941 0.015675348 0.010287291 1.846219080 -0.015688617 0.999875850 0.001203920 0.836335484 -0.010266991 -0.001365055 0.999946412 66.587441089
0.999821050 0.015922542 0.010246990 1.860680445 -0.015929189 0.999873371 0.000561057 0.841062493 -0.010236293 -0.000724119 0.999947299 67.056241449
0.999832802 0.015584884 0.009547068 1.890312624 -0.015595552 0.999878350 0.001039812 0.853499927 -0.009530038 -0.001188503 0.999953533 67.993032223
0.999861138 0.014025470 0.009013002 1.921302760 -0.014057835 0.999895262 0.003527558 0.869365145 -0.008962805 -0.003653713 0.999952687 68.928236598
0.999872864 0.013459422 0.008536735 1.935193355 -0.013498282 0.999899193 0.004498573 0.876886573 -0.008475657 -0.004613142 0.999953713 69.397770683
0.999898652 0.012284297 0.007287967 1.962211018 -0.012319216 0.999913324 0.004756676 0.888831277 -0.007228770 -0.004845903 0.999962382 70.322028554
0.999919581 0.011580887 0.005228616 1.978975174 -0.011600017 0.999926390 0.003634133 0.898774186 -0.005186547 -0.003694419 0.999979643 71.258642257
0.999920716 0.011482972 0.005287558 1.987609958 -0.011494414 0.999931608 0.002127414 0.902056152 -0.005263099 -0.002187936 0.999983427 71.718775223
0.999937275 0.010366432 0.004304295 2.007394378 -0.010359262 0.999945004 -0.001693847 0.907098791 -0.004321000 0.001649200 0.999989542 72.635978868
0.999947049 0.009368750 0.004369597 2.031681157 -0.009349025 0.999946420 -0.004532200 0.913702584 -0.004412513 0.004491138 0.999980280 73.547767796
0.999948850 0.009278186 0.004144076 2.042896534 -0.009256326 0.999943302 -0.005266099 0.918202231 -0.004192082 0.005227479 0.999977649 74.004802342
0.999947941 0.009333171 0.004054328 2.055769219 -0.009311464 0.999942238 -0.005360678 0.929737783 -0.004104027 0.005322728 0.999977932 74.914775053
0.999942026 0.009743788 0.004573715 2.084067100 -0.009721012 0.999940424 -0.004991208 0.941871485 -0.004622485 0.004946493 0.999977366 75.837489253
0.999941407 0.009977137 0.004284686 2.094685555 -0.009956858 0.999939533 -0.004739655 0.948075958 -0.004332179 0.004696860 0.999979207 76.295271898
0.999941699 0.010097529 0.003793331 2.114593685 -0.010081765 0.999940370 -0.004183593 0.960411086 -0.003835763 0.004145218 0.999984061 77.196757581
0.999941267 0.010207148 0.003572045 2.135785153 -0.010194974 0.999942711 -0.003421254 0.973065163 -0.003606479 0.003384679 0.999987415 78.096697879
0.999934533 0.010719417 0.004020078 2.146406247 -0.010706898 0.999938382 -0.003121793 0.979379595 -0.004053422 0.003078602 0.999987255 78.554479073
0.999921007 0.011680265 0.004753464 2.172190237 -0.011671455 0.999930059 -0.001900644 0.993074575 -0.004775347 0.001845102 0.999986281 79.480255033
0.999930257 0.010158651 0.005951024 2.198518510 -0.010149221 0.999947671 -0.001609642 1.005009972 -0.005966976 0.001549139 0.999980716 80.389661858
0.999934550 0.009688255 0.006099877 2.214225928 -0.009678803 0.999951749 -0.001592317 1.010640934 -0.006115291 0.001533230 0.999979953 80.841287357
0.999924856 0.009619232 0.007655530 2.246283994 -0.009608637 0.999952986 -0.001423316 1.022127306 -0.007669279 0.001349764 0.999969576 81.743764805
0.999928668 0.008514817 0.008354565 2.267997576 -0.008508734 0.999963801 -0.000762098 1.034236567 -0.008360701 0.000690966 0.999965180 82.611698185
0.999929678 0.008441170 0.008290589 2.278566990 -0.008438644 0.999964073 -0.000344196 1.040536227 -0.008293373 0.000274301 0.999965951 83.053857816
0.999935604 0.008027841 0.008073761 2.303546809 -0.008024585 0.999968326 -0.000440208 1.051578113 -0.008077553 0.000375445 0.999967606 83.949195849
0.999942613 0.005965253 0.008927214 2.331684227 -0.005954181 0.999982006 -0.001276899 1.061303164 -0.008934724 0.001223749 0.999960005 84.840698308
0.999943812 0.005054051 0.009301880 2.347371731 -0.005038023 0.999986238 -0.001753537 1.066104436 -0.009310650 0.001706638 0.999954659 85.292334753
0.999922090 0.007492844 0.010013638 2.371837259 -0.007491008 0.999972155 -0.000222299 1.080155437 -0.010014831 0.000147320 0.999950211 86.204025436
0.999863382 0.013179701 0.009930069 2.394344695 -0.013196138 0.999912034 0.001591379 1.094487953 -0.009908606 -0.001722109 0.999949663 87.102402413
0.999832758 0.015174368 0.010204906 2.408181452 -0.015201859 0.999881288 0.002619601 1.101904643 -0.010163661 -0.002774303 0.999944417 87.556316122
0.999855730 0.014726543 0.008514527 2.432078370 -0.014776594 0.999873960 0.005839608 1.118840029 -0.008428110 -0.005964530 0.999946846 88.468739342
0.999859920 0.014956388 0.007509283 2.440620487 -0.015023173 0.999847119 0.008910248 1.135971744 -0.007375278 -0.009021736 0.999931606 89.384032349
0.999822582 0.017034541 0.008036223 2.450650178 -0.017117119 0.999800395 0.010315079 1.144220916 -0.007858872 -0.010450733 0.999914755 89.842558609
0.999782925 0.018807185 0.008968343 2.467515156 -0.018934030 0.999719279 0.014269350 1.162641092 -0.008697581 -0.014435986 0.999858038 90.747816962
0.999795166 0.018580363 0.008036783 2.485688040 -0.018720367 0.999667685 0.017702862 1.180265413 -0.007705231 -0.017849603 0.999811272 91.667166395
0.999795232 0.018936910 0.007173499 2.496386871 -0.019076328 0.999620541 0.019883497 1.189818630 -0.006795005 -0.020016194 0.999776710 92.124904863
0.999758615 0.020791642 0.007144346 2.515782630 -0.020944684 0.999537302 0.022048814 1.205242844 -0.006683058 -0.022193037 0.999731663 93.042742141
0.999688770 0.023728440 0.007642151 2.531842426 -0.023891257 0.999473532 0.021963020 1.216691099 -0.007117330 -0.022138705 0.999729586 93.948863058
0.999675639 0.024336572 0.007540874 2.543708949 -0.024494314 0.999467041 0.021574161 1.221745072 -0.007012190 -0.021751787 0.999739145 94.405119703
