1.000000000 0.000000000 0.000000000 0.000000000 0.000000000 1.000000000 0.000000000 -0.000000000 -0.000000000 0.000000000 1.000000000 0.000000000
0.999990996 -0.000537465 -0.004289977 -0.002327044 0.000539713 1.000000109 0.000523647 0.003526779 0.004289717 -0.000525907 0.999990670 0.107386586
0.999905549 -0.000845981 -0.013697871 -0.015737501 0.000874867 0.999998018 0.002103091 0.011951724 0.013696082 -0.002114850 0.999903983 0.339802183
0.999712826 -0.000441916 -0.023985366 -0.037762593 0.000538893 0.999991570 0.004037515 0.021506934 0.023983294 -0.004049277 0.999704152 0.591861671
0.999563026 -0.000303439 -0.029567309 -0.048564627 0.000434711 0.999990252 0.004433303 0.025393020 0.029566265 -0.004444264 0.999552832 0.720906726
0.999077318 -0.001582657 -0.042923423 -0.079514590 0.001716504 0.999994245 0.003081881 0.029772868 0.042917789 -0.003152792 0.999073574 0.988775142
0.998273265 -0.003111248 -0.058660057 -0.109887919 0.003263378 0.999991846 0.002497780 0.035647453 0.058652387 -0.002684898 0.998274747 1.264588569
0.997748225 -0.003291509 -0.066991239 -0.129523279 0.003473802 0.999990927 0.002604775 0.039480973 0.066982528 -0.002831616 0.997749809 1.410313536
0.996424088 -0.004668318 -0.084369088 -0.178196077 0.004933064 0.999983897 0.002929332 0.047600079 0.084354088 -0.003335124 0.996429576 1.710448893
0.994675458 -0.005576593 -0.102911005 -0.237410854 0.006003130 0.999975317 0.003835616 0.056570717 0.102886779 -0.004432961 0.994683097 2.003295791
0.993550131 -0.006130221 -0.113233904 -0.266731010 0.006682825 0.999967808 0.004501295 0.061528490 0.113202021 -0.005228898 0.993558104 2.153698548
0.990752999 -0.007402558 -0.135474722 -0.333913175 0.008344669 0.999944652 0.006387455 0.072938588 0.135419694 -0.007458901 0.990759966 2.475136690
0.987081721 -0.007827504 -0.160028180 -0.419465144 0.009443293 0.999912406 0.009339144 0.086848726 0.159941126 -0.010729688 0.987067498 2.819892689
0.984880240 -0.008776564 -0.173017090 -0.467084690 0.010827945 0.999882258 0.010916383 0.094071014 0.172900594 -0.012624760 0.984857630 2.994616881
0.979858427 -0.009847213 -0.199452365 -0.572012557 0.012901812 0.999818257 0.014020641 0.108630163 0.199278013 -0.016311521 0.979807000 3.348768042
0.974147145 -0.010805150 -0.225656247 -0.686980323 0.015250946 0.999722391 0.017967721 0.124721434 0.225399241 -0.020944647 0.974041240 3.702598151
0.970845644 -0.011398878 -0.239434789 -0.743788180 0.016555725 0.999672559 0.019537383 0.132329014 0.239133452 -0.022931776 0.970715785 3.889002670
0.963364807 -0.010360119 -0.267994688 -0.887172311 0.017535749 0.999549077 0.024395217 0.150762978 0.267621243 -0.028200975 0.963110872 4.265871391
0.954935040 -0.008578307 -0.296690698 -1.041244571 0.018082883 0.999406628 0.029305872 0.169169947 0.296262822 -0.033350201 0.954523592 4.633477892
0.950257067 -0.007269776 -0.311382928 -1.128908906 0.017530761 0.999391305 0.030166489 0.175451746 0.310973448 -0.034124666 0.949805733 4.809088302
0.939661553 -0.004425119 -0.342076974 -1.304396261 0.015472363 0.999442919 0.029572808 0.183957813 0.341755409 -0.033081177 0.939205716 5.158414027
0.927581536 -0.004218670 -0.373597698 -1.489434563 0.015890445 0.999477275 0.028167368 0.191347640 0.373283141 -0.032064162 0.927162439 5.514468485
0.921141519 -0.004493458 -0.389203125 -1.587078870 0.016774925 0.999462299 0.028162687 0.196266869 0.388867093 -0.032470616 0.920721007 5.690827224
0.907062257 -0.007611805 -0.420928068 -1.783076548 0.021786868 0.999345980 0.028877185 0.207210974 0.420432697 -0.035364063 0.906633776 6.033539842
0.890797692 -0.011257598 -0.454261171 -2.009577176 0.027068171 0.999232970 0.028316900 0.216021554 0.453593396 -0.037520608 0.890418454 6.370467088
0.882319812 -0.011347096 -0.470513533 -2.128173803 0.027656111 0.999231614 0.027763578 0.219843525 0.469837046 -0.037508848 0.881955855 6.534313702
0.865031636 -0.007605389 -0.501659792 -2.366292446 0.024552268 0.999329327 0.027186260 0.228010093 0.501116043 -0.035833855 0.864637577 6.849023247
0.846379537 -0.003359547 -0.532569285 -2.624497275 0.021175664 0.999401462 0.027348850 0.237621415 0.532158454 -0.034425013 0.845944414 7.163130763
0.836460190 -0.001968127 -0.548024799 -2.754063883 0.020323056 0.999417473 0.027430191 0.242308508 0.547651078 -0.034081745 0.836012215 7.313702080
0.813793897 -0.001891429 -0.581149948 -3.023747240 0.021528899 0.999406340 0.026894588 0.250464874 0.580754358 -0.034398135 0.813351045 7.607607461
0.788493517 -0.004115752 -0.615030516 -3.305049796 0.025519532 0.999336031 0.026029635 0.257677322 0.614513755 -0.036219514 0.788073411 7.879302562
0.775030462 -0.004725124 -0.631906639 -3.465540495 0.027200021 0.999294876 0.025888444 0.261983936 0.631337545 -0.037252123 0.774612058 8.018058629
0.748138948 -0.005685466 -0.663518068 -3.757737533 0.030840207 0.999180843 0.026211836 0.271115576 0.662824677 -0.040073084 0.747701673 8.277450100
0.720345542 -0.003823408 -0.693605925 -4.071587084 0.032356589 0.999081931 0.028096692 0.282504898 0.692860906 -0.042682038 0.719806548 8.514268927
0.706058600 -0.002039735 -0.708150088 -4.224025670 0.031875692 0.999074509 0.028903864 0.287765388 0.707434856 -0.042980632 0.705469973 8.625347529
0.676311235 0.000326517 -0.736616302 -4.539892299 0.030360473 0.999138440 0.028317856 0.294213039 0.735989396 -0.041515654 0.675717974 8.834351641
0.645165567 0.001635880 -0.764041242 -4.857049438 0.029467209 0.999201087 0.027021813 0.299051981 0.763474607 -0.039947648 0.644601014 9.025436062
0.628663721 0.002468050 -0.777673550 -5.030586414 0.029235853 0.999213724 0.026805088 0.302356680 0.777128074 -0.039587277 0.628096086 9.122028284
0.595539510 0.003648442 -0.803317591 -5.368469058 0.029958923 0.999192954 0.026748085 0.309340548 0.802766935 -0.039995962 0.594949888 9.303513600
0.561896266 0.004265968 -0.827196895 -5.717609685 0.032153879 0.999118724 0.026994050 0.316522145 0.826581766 -0.041765415 0.561263688 9.467749135
0.544791742 0.004304772 -0.838560937 -5.892218321 0.033243653 0.999089943 0.026726442 0.319440954 0.837912435 -0.042437202 0.544152229 9.549384656
0.511460187 0.004152415 -0.859296531 -6.252342611 0.034967336 0.999059618 0.025640637 0.324018761 0.858594558 -0.043161444 0.510833982 9.700430735
0.479419614 0.003917813 -0.877577476 -6.593874541 0.037069235 0.999007433 0.024710830 0.328259051 0.876802169 -0.044377982 0.478798232 9.831098694
0.462613524 0.004096438 -0.886551140 -6.769983507 0.037958339 0.998980562 0.024423072 0.330635614 0.885746605 -0.044950320 0.461986354 9.891794884
0.428903362 0.004723886 -0.903338659 -7.122988250 0.038946457 0.998960108 0.023715628 0.334870494 0.902510539 -0.045353496 0.428272704 10.002224839
0.395448923 0.005618405 -0.918470659 -7.477208673 0.038858211 0.998984193 0.022841384 0.338380788 0.917664869 -0.044722687 0.394828624 10.095710974
0.379636155 0.005842928 -0.925118094 -7.644846592 0.038553188 0.999011519 0.022130521 0.339398357 0.924331974 -0.044067724 0.379035791 10.134773433
0.346836473 0.006108845 -0.937905733 -8.000647260 0.036585506 0.999129883 0.020036905 0.340192687 0.937211885 -0.041263307 0.346311029 10.206376277
0.314647164 0.005437490 -0.949193387 -8.366637959 0.036225054 0.999186691 0.017732113 0.340630930 0.948516492 -0.039963925 0.314193996 10.275709293
0.298581924 0.005267487 -0.954369884 -8.554726116 0.036071615 0.999208281 0.016800256 0.341231832 0.953701708 -0.039441918 0.298154769 10.309227035
0.268251583 0.003577941 -0.963341931 -8.941097823 0.036935478 0.999219564 0.013996239 0.340717977 0.962639896 -0.039336092 0.267909830 10.374026334
0.239327068 0.000471850 -0.970939353 -9.298768513 0.038944820 0.999190771 0.010085105 0.337679089 0.970157660 -0.040226635 0.239114833 10.419782534
0.225607017 -0.001461795 -0.974217812 -9.477678412 0.039669006 0.999183585 0.007687216 0.335345500 0.973410418 -0.040380562 0.225480635 10.441683030
0.199657434 -0.004804654 -0.979854379 -9.855588179 0.039625944 0.999209509 0.003174716 0.331163376 0.979063401 -0.039461463 0.199689797 10.484905742
0.175238157 -0.006772424 -0.984502447 -10.253938524 0.038119201 0.999273493 -0.000088942 0.329013816 0.983787113 -0.037512789 0.175369072 10.522523130
0.163623860 -0.007236262 -0.986496421 -10.463406056 0.036999026 0.999315234 -0.001193466 0.328770976 0.985827970 -0.036304123 0.163779497 10.537535973
0.143655372 -0.008107714 -0.989594570 -10.871792673 0.035997938 0.999348046 -0.002961922 0.329073251 0.988972885 -0.035197912 0.143853414 10.574809550
0.124487445 -0.008355818 -0.992186476 -11.320213513 0.036634314 0.999321326 -0.003819459 0.331114195 0.991544029 -0.035872561 0.124709075 10.612903048
0.115749527 -0.008248826 -0.993244440 -11.559455612 0.036635243 0.999320698 -0.004029963 0.332530648 0.992602251 -0.035921328 0.115973066 10.632014165
0.100129799 -0.008153642 -0.994940902 -12.018205930 0.036728446 0.999315079 -0.004493134 0.335036446 0.994295662 -0.036092780 0.100360715 10.665822021
0.085793539 -0.007507299 -0.996285288 -12.487211961 0.037726304 0.999278665 -0.004281150 0.338621307 0.995598201 -0.037218778 0.086014857 10.696326786
0.078153977 -0.006510745 -0.996920193 -12.727019655 0.037421161 0.999293532 -0.003592590 0.341342144 0.996238231 -0.037025080 0.078342378 10.707423626
0.064959435 -0.005497870 -0.997873020 -13.216544327 0.036921235 0.999314043 -0.003102305 0.345255704 0.997204784 -0.036641144 0.065117797 10.731367480
0.053798254 -0.005927601 -0.998534075 -13.706507133 0.036533083 0.999325015 -0.003963979 0.346613660 0.997882526 -0.036266243 0.053978571 10.749388074
0.049133284 -0.006423561 -0.998771286 -13.966272998 0.037184248 0.999297970 -0.004597708 0.347059220 0.998099521 -0.036912696 0.049337635 10.761970438
0.040380909 -0.006643795 -0.999161993 -14.486157349 0.036526852 0.999319311 -0.005168644 0.348988009 0.998516003 -0.036287500 0.040596034 10.782120740
0.032315248 -0.005684008 -0.999461764 -15.036241942 0.037599666 0.999283130 -0.004467297 0.353179498 0.998769758 -0.037434957 0.032505759 10.800367884
0.028874309 -0.005604689 -0.999567557 -15.316238486 0.038014488 0.999267101 -0.004504878 0.354611152 0.998859712 -0.037867968 0.029066221 10.810364070
0.023848521 -0.004841201 -0.999704014 -15.906222112 0.037701868 0.999281806 -0.003939744 0.358640708 0.999003785 -0.037596695 0.024013970 10.831473665
0.019279943 -0.004792038 -0.999802397 -16.496424629 0.038463251 0.999252285 -0.004047676 0.361437447 0.999073785 -0.038377615 0.019449809 10.849620518
0.017185432 -0.004921105 -0.999840469 -16.786539725 0.038805144 0.999238175 -0.004251147 0.362547406 0.999099147 -0.038725844 0.017363239 10.858343775
0.013264274 -0.005718995 -0.999895596 -17.397197053 0.038040466 0.999263091 -0.005210729 0.363767843 0.999188176 -0.037967388 0.013472083 10.870974606
0.010926954 -0.005595817 -0.999924795 -18.017608012 0.037082152 0.999298986 -0.005187081 0.366747934 0.999251709 -0.037022668 0.011126901 10.887269755
0.009430488 -0.005871076 -0.999938683 -18.337933010 0.036996296 0.999300070 -0.005518405 0.367671360 0.999270763 -0.036941900 0.009641137 10.894150462
0.007622630 -0.006919169 -0.999946934 -18.968468948 0.037388262 0.999279453 -0.006629529 0.368700265 0.999271355 -0.037335746 0.007875894 10.909213005
0.005709536 -0.008451229 -0.999948332 -19.609196888 0.037389018 0.999267384 -0.008232003 0.368873241 0.999284041 -0.037340015 0.006021392 10.922018089
0.005163972 -0.008615912 -0.999949818 -19.949398368 0.037419634 0.999264185 -0.008416785 0.370144966 0.999286275 -0.037374270 0.005482568 10.931317150
0.004003808 -0.008136993 -0.999958595 -20.629938724 0.036946916 0.999285704 -0.007983627 0.374029195 0.999308751 -0.036913394 0.004301660 10.947886592
0.003655402 -0.007198500 -0.999967472 -21.320307343 0.037278116 0.999280649 -0.007057312 0.378838938 0.999297530 -0.037251079 0.003921213 10.967143244
0.002557578 -0.006966357 -0.999972427 -21.660863375 0.036946150 0.999293741 -0.006867144 0.380658488 0.999314102 -0.036927559 0.002813167 10.971439998
0.001770337 -0.006215223 -0.999979411 -22.351447651 0.036968478 0.999298057 -0.006145534 0.385055159 0.999314799 -0.036956808 0.001998840 10.987713621
0.000393769 -0.005589465 -0.999984929 -23.052650116 0.036915879 0.999302673 -0.005571110 0.389069347 0.999318432 -0.036913099 0.000599831 10.995731571
-0.000152030 -0.005492951 -0.999984637 -23.403252788 0.036934200 0.999302764 -0.005494815 0.390711555 0.999316973 -0.036934457 0.000050984 10.999749574
-0.000916062 -0.005235288 -0.999986449 -24.114217796 0.036973591 0.999302674 -0.005265572 0.394226106 0.999315589 -0.036977886 -0.000721784 11.011487749
-0.001756093 -0.005163949 -0.999985252 -24.825255464 0.037040534 0.999300630 -0.005225448 0.397406361 0.999311957 -0.037049136 -0.001563549 11.022236445
-0.001991881 -0.005082976 -0.999984876 -25.195735564 0.036996772 0.999302367 -0.005153185 0.399156944 0.999312871 -0.037006441 -0.001802421 11.028678739
-0.001736177 -0.005488567 -0.999984100 -25.936699548 0.036294885 0.999326352 -0.005547964 0.401698412 0.999338799 -0.036303947 -0.001535685 11.041587076
-0.000737549 -0.006289965 -0.999980109 -26.697543404 0.036495281 0.999313679 -0.006312682 0.403728448 0.999333555 -0.036499144 -0.000507383 11.056935041
-0.000704695 -0.006631671 -0.999977757 -27.078072155 0.036613284 0.999307106 -0.006653059 0.404791850 0.999329318 -0.036617109 -0.000461316 11.063111201
0.001981398 -0.006951083 -0.999974213 -27.838698383 0.035666595 0.999340249 -0.006876014 0.407734803 0.999361611 -0.035652046 0.002228042 11.081429826
0.004404648 -0.007736082 -0.999960338 -28.609444977 0.035859534 0.999328067 -0.007573253 0.409896203 0.999346749 -0.035824762 0.004679151 11.098486901
0.004826615 -0.007596756 -0.999959694 -29.009776287 0.035938070 0.999326637 -0.007418385 0.411962100 0.999341674 -0.035900797 0.005096418 11.108062976
0.007850755 -0.006529004 -0.999948366 -29.799887543 0.035506424 0.999350450 -0.006246313 0.417621617 0.999338152 -0.035455486 0.008077624 11.134444711
0.008996242 -0.005931476 -0.999941914 -30.600548073 0.034793570 0.999378777 -0.005615098 0.422283245 0.999353753 -0.034741026 0.009197059 11.153583751
0.010144412 -0.006175553 -0.999929513 -31.010642003 0.034985664 0.999371208 -0.005817138 0.423829511 0.999335993 -0.034924127 0.010354103 11.166880545
0.012134279 -0.006429415 -0.999905414 -31.830899805 0.034246803 0.999395856 -0.006010492 0.427277531 0.999339874 -0.034170643 0.012347084 11.192467588
0.013957982 -0.006156288 -0.999884030 -32.660985476 0.034426158 0.999391516 -0.005672676 0.431751035 0.999309128 -0.034342940 0.014161492 11.220739366
0.015123201 -0.005302897 -0.999871940 -33.080903451 0.034442811 0.999395580 -0.004779409 0.435292481 0.999291430 -0.034366071 0.015296778 11.236696901
0.016901893 -0.004323693 -0.999847780 -33.910841514 0.033889182 0.999419219 -0.003748952 0.441014395 0.999282842 -0.033820644 0.017038585 11.266933286
0.019521161 -0.003378445 -0.999804145 -34.760371130 0.034571390 0.999398388 -0.002702061 0.446972247 0.999210879 -0.034511835 0.019626314 11.303581805
0.020795876 -0.002497468 -0.999780983 -35.190120287 0.035188869 0.999379257 -0.001764511 0.450699440 0.999163618 -0.035144510 0.020870840 11.322244854
0.023184526 -0.000806083 -0.999730718 -36.029456246 0.035262824 0.999377889 0.000011981 0.457933090 0.999109016 -0.035253618 0.023198556 11.361140442
0.025753938 -0.002233776 -0.999666342 -36.898664982 0.035682495 0.999362036 -0.001313808 0.460013769 0.999031001 -0.035636732 0.025817268 11.403305126
0.026831072 -0.003723300 -0.999632831 -37.338118923 0.036069318 0.999345360 -0.002754095 0.459796807 0.998988495 -0.035982100 0.026947833 11.426771386
0.028684304 -0.006525817 -0.999567218 -38.197577181 0.035639386 0.999350174 -0.005501628 0.459318082 0.998952487 -0.035466138 0.028898231 11.465291542
0.030380367 -0.005842628 -0.999521956 -39.087006344 0.035152545 0.999371248 -0.004773284 0.464984041 0.998920106 -0.034990702 0.030566691 11.504805729
0.031269409 -0.004423916 -0.999501087 -39.536486582 0.034520880 0.999398298 -0.003343471 0.469748120 0.998913984 -0.034399124 0.031403310 11.527865592
0.033515641 -0.002010927 -0.999436432 -40.385291837 0.034980079 0.999387592 -0.000837771 0.478479109 0.998825061 -0.034932265 0.033565538 11.574422988
0.035896416 -0.001579355 -0.999354543 -41.243870516 0.035580132 0.999366693 -0.000301348 0.483951327 0.998722051 -0.035546338 0.035929848 11.624768885
0.036657957 -0.002131026 -0.999325714 -41.683246710 0.035798612 0.999358964 -0.000817894 0.485358256 0.998686216 -0.035744504 0.036710817 11.649192711
0.039390026 -0.003472230 -0.999217790 -42.561642969 0.037411315 0.999297670 -0.001997715 0.488024164 0.998523237 -0.037303343 0.039492222 11.703032774
0.041045081 -0.003829552 -0.999149912 -43.450078535 0.038616974 0.999251660 -0.002243557 0.492372147 0.998410270 -0.038491985 0.041162234 11.756548074
0.042601056 -0.003054526 -0.999087968 -43.899062526 0.039384127 0.999223866 -0.001375598 0.496337281 0.998315128 -0.039289549 0.042688290 11.786611957
0.044423039 0.000514155 -0.999013064 -44.807134079 0.041011660 0.999156606 0.002337900 0.507744661 0.998169853 -0.041075045 0.044364538 11.845372792
0.046089566 0.006187247 -0.998918284 -45.725667066 0.038603347 0.999223350 0.007970273 0.522337241 0.998190604 -0.038928928 0.045814914 11.897785168
0.047385677 0.008286008 -0.998842626 -46.174570550 0.039295884 0.999176207 0.010153009 0.528626047 0.998102868 -0.039731501 0.047021107 11.928789301
0.049427568 0.007323252 -0.998750856 -47.052464018 0.041031006 0.999114664 0.009356520 0.532152490 0.997934192 -0.041442202 0.049083263 11.989592319
0.051414686 0.003278037 -0.998672707 -47.930307850 0.041093049 0.999140748 0.005395180 0.530175061 0.997831428 -0.041315793 0.051235851 12.051529283
0.052874437 0.000422543 -0.998601075 -48.349036758 0.040748350 0.999166088 0.002580349 0.527693209 0.997769376 -0.040827726 0.052813096 12.084597616
0.054965549 -0.004863255 -0.998476727 -49.206511292 0.041349670 0.999141089 -0.002590209 0.523698809 0.997630927 -0.041144309 0.055119519 12.151141768
0.054941738 -0.008405926 -0.998454338 -50.094540463 0.041150638 0.999133825 -0.006147280 0.522554920 0.997640510 -0.040749321 0.055240131 12.210779467
0.055365007 -0.008613996 -0.998429413 -50.533557650 0.040096221 0.999175133 -0.006397053 0.524543670 0.997660049 -0.039679111 0.055664755 12.240177646
0.056663186 -0.006084161 -0.998375298 -51.421403295 0.038306390 0.999258172 -0.003915432 0.533755333 0.997657962 -0.038022237 0.056854248 12.301554592
0.056648403 -0.002935021 -0.998389793 -52.339595529 0.038875810 0.999244212 -0.000731725 0.544301186 0.997637069 -0.038771706 0.056719639 12.359055856
0.056925367 -0.001308061 -0.998378170 -52.788431202 0.038958253 0.999240461 0.000912137 0.549694674 0.997617215 -0.038946942 0.056933119 12.391079894
0.057172623 0.001530971 -0.998363186 -53.696151317 0.038864191 0.999237571 0.003757935 0.559764477 0.997606816 -0.039015484 0.057069520 12.454862577
0.057381782 0.003112278 -0.998347626 -54.603593840 0.039613779 0.999200489 0.005391824 0.567862502 0.997565472 -0.039857749 0.057212661 12.522685053
0.056830069 0.002236131 -0.998381662 -55.042471973 0.040401107 0.999173734 0.004537627 0.568930343 0.997565680 -0.040593504 0.056692746 12.554101519
0.056083490 0.001530244 -0.998425039 -55.950001153 0.042383380 0.999094438 0.003912034 0.573145185 0.997525547 -0.042536085 0.055967836 12.621022336
0.054758863 0.002027663 -0.998497615 -56.828384795 0.044498421 0.998999505 0.004469037 0.579010089 0.997507533 -0.044676210 0.054613871 12.674783238
0.055191395 0.002484796 -0.998472531 -57.277084964 0.045717847 0.998941802 0.005013058 0.582582949 0.997428662 -0.045924621 0.055019366 12.708847828
0.054590578 0.002781537 -0.998504984 -58.174632909 0.047582248 0.998853087 0.005383949 0.588480260 0.997373949 -0.047805020 0.054395658 12.775012401
0.052889952 0.001115488 -0.998599664 -59.062792577 0.047405973 0.998869432 0.003626606 0.590426600 0.997474025 -0.047531318 0.052777271 12.832578130
0.052849365 -0.001335707 -0.998601358 -59.511799317 0.046837368 0.998902400 0.001142688 0.588623543 0.997502877 -0.046832217 0.052853901 12.862784750
0.048660436 -0.007836867 -0.998784789 -60.401208453 0.042408472 0.999083748 -0.005773107 0.581277985 0.997914337 -0.042075937 0.048948260 12.903618662
0.046595900 -0.011206941 -0.998850834 -61.299711911 0.040087098 0.999153162 -0.009340322 0.580060318 0.998109006 -0.039605829 0.047005652 12.956988548
0.045052484 -0.009821121 -0.998936448 -61.739146691 0.040047563 0.999165764 -0.008017188 0.584701831 0.998181437 -0.039643746 0.045408135 12.980334583
0.042789872 -0.002133469 -0.999081827 -62.647906057 0.039238588 0.999229870 -0.000453212 0.602603166 0.998313184 -0.039183091 0.042840687 13.028957222
0.039716793 0.004330312 -0.999202017 -63.557173537 0.038675806 0.999234937 0.005867772 0.618294390 0.998461873 -0.038877908 0.039519008 13.070650302
0.038332087 0.006692885 -0.999242353 -64.006718550 0.039040973 0.999204545 0.008190282 0.624723545 0.998502001 -0.039325323 0.038040217 13.092671212
0.035159846 0.009136329 -0.999339726 -64.905823755 0.041590513 0.999078298 0.010597227 0.633733062 0.998515469 -0.041935647 0.034747466 13.136808272
0.032634220 0.009127923 -0.999425994 -65.795042821 0.044169973 0.998968121 0.010566035 0.638402536 0.998490906 -0.044489445 0.032197415 13.179340367
0.031525193 0.007750679 -0.999473040 -66.244756418 0.044498050 0.998967783 0.009150321 0.638264950 0.998511188 -0.044763028 0.031147815 13.199528274
0.028564883 0.004318978 -0.999583058 -67.144473702 0.046465827 0.998903661 0.005643901 0.636792549 0.998510667 -0.046607671 0.028332976 13.235942714
0.025456666 0.002429493 -0.999673176 -68.044252135 0.047733578 0.998853335 0.003643049 0.637904937 0.998534859 -0.047810693 0.025311601 13.271295442
0.023591703 0.003382852 -0.999716630 -68.494306957 0.048535073 0.998811344 0.004525155 0.641694115 0.998542560 -0.048628007 0.023399533 13.286397430
0.021870800 0.005976803 -0.999743363 -69.403599631 0.052120073 0.998616156 0.007110272 0.650997342 0.998400645 -0.052262123 0.021529147 13.328248583
0.019921255 0.007140274 -0.999776212 -70.293025482 0.053421586 0.998538122 0.008195902 0.657503038 0.998373092 -0.053572775 0.019510754 13.367741990
0.018812029 0.004801424 -0.999811950 -70.752934550 0.053211197 0.998566849 0.005796659 0.655629798 0.998405558 -0.053310142 0.018529633 13.385694208
0.016641275 -0.004203899 -0.999852775 -71.632884010 0.055026356 0.998479424 -0.003282277 0.644347665 0.998346187 -0.054963598 0.016847313 13.418926672
0.015813226 -0.012198807 -0.999800820 -72.512611663 0.056394282 0.998345205 -0.011289145 0.635038116 0.998282793 -0.056204519 0.016475051 13.455103573
0.014894949 -0.014566274 -0.999783243 -72.952786378 0.055639480 0.998356875 -0.013716521 0.632957730 0.998339969 -0.055423045 0.015680941 13.468638444
0.014885370 -0.014219328 -0.999788075 -73.813009290 0.054929962 0.998400935 -0.013381843 0.637578998 0.998379072 -0.054719097 0.015642714 13.496057150
0.014282142 -0.009882485 -0.999849173 -74.693010947 0.055561686 0.998414411 -0.009074583 0.649240866 0.998352681 -0.055423654 0.014808631 13.526726354
0.014783166 -0.006258824 -0.999871547 -75.142833553 0.054631708 0.998491904 -0.005442445 0.657641799 0.998396699 -0.054544205 0.015102870 13.544707472
0.013842427 0.002066772 -0.999902008 -76.042899553 0.054989467 0.998483230 0.002825110 0.676286684 0.998390159 -0.055023130 0.013707795 13.574637601
0.013165918 0.010705380 -0.999855992 -76.943104961 0.058920171 0.998197156 0.011463474 0.695762506 0.998175994 -0.059062507 0.012511378 13.602551668
0.012371494 0.012547989 -0.999844955 -77.393368106 0.058800679 0.998181535 0.013254736 0.700998028 0.998192710 -0.058955454 0.011611227 13.614624615
0.011805419 0.011330145 -0.999866648 -78.274122788 0.055449075 0.998389830 0.011968112 0.702619038 0.998391472 -0.055582912 0.011158269 13.635564785
0.011365255 0.004006172 -0.999927695 -79.154632915 0.054506315 0.998503174 0.004620003 0.693890898 0.998448075 -0.054554828 0.011129992 13.660752050
0.010966771 0.000535410 -0.999939499 -79.594743446 0.055280901 0.998470662 0.001140905 0.689995483 0.998410541 -0.055289986 0.010920404 13.675329585
0.011110914 0.002035591 -0.999936616 -80.504901466 0.055727923 0.998442265 0.002651788 0.696956635 0.998384264 -0.055753788 0.010980213 13.705265694
0.011952306 0.010355705 -0.999875026 -81.415656581 0.051519731 0.998612177 0.010958482 0.715324603 0.998600424 -0.051644186 0.011402191 13.725939787
0.012415990 0.011980986 -0.999851378 -81.865706632 0.051318459 0.998603143 0.012603295 0.720323401 0.998605222 -0.051467269 0.011783768 13.741011842
0.011840447 0.006298312 -0.999910639 -82.736302667 0.050062664 0.998722425 0.006883664 0.714342994 0.998675171 -0.050139728 0.011510141 13.764418752
0.011919939 -0.004282138 -0.999919892 -83.596957406 0.048636642 0.998809537 -0.003697584 0.699918233 0.998745477 -0.048588674 0.012114034 13.787320010
0.011845723 -0.006934685 -0.999905785 -84.037062220 0.049188759 0.998769111 -0.006344020 0.697472362 0.998719237 -0.049108978 0.012172247 13.801861675
0.012945565 -0.004004284 -0.999908031 -84.927119112 0.048214640 0.998831891 -0.003375737 0.706777573 0.998752522 -0.048166565 0.013123516 13.832306057
0.013213626 0.000244318 -0.999913300 -85.807335598 0.047502234 0.998871405 0.000871812 0.718236303 0.998783839 -0.047509569 0.013187163 13.859987039
0.013475456 0.001386246 -0.999907962 -86.247486026 0.047873479 0.998851326 0.002029962 0.722313986 0.998762016 -0.047896460 0.013393620 13.873369526
0.013305499 0.002300732 -0.999908946 -87.127868099 0.047211092 0.998880826 0.002926603 0.727965736 0.998796414 -0.047245753 0.013182015 13.899198704
0.014685364 0.002556042 -0.999889512 -87.998137178 0.046473577 0.998914884 0.003236123 0.732529624 0.998810869 -0.046515941 0.014550781 13.926335690
0.014659289 0.002013310 -0.999890645 -88.418422007 0.046108906 0.998933252 0.002687385 0.733499873 0.998828678 -0.046143153 0.014550747 13.937368100
0.016052547 0.000777334 -0.999870903 -89.278584204 0.044619282 0.999003394 0.001493020 0.735426386 0.998874614 -0.044637472 0.016001912 13.965851238
0.017488364 0.000192201 -0.999846752 -90.158833926 0.041364472 0.999143471 0.000915578 0.738457760 0.998990767 -0.041374178 0.017465447 13.993740758
0.018533082 -0.000015133 -0.999828677 -90.589090999 0.039586603 0.999216370 0.000718682 0.740024825 0.999043652 -0.039593163 0.018519165 14.005473010
0.020962084 -0.001880886 -0.999779113 -91.439212115 0.035279591 0.999377271 -0.001140426 0.740719122 0.999157514 -0.035247804 0.021015396 14.034269779
0.022297603 -0.004337071 -0.999741727 -92.280006181 0.029201116 0.999566815 -0.003685030 0.740027243 0.999324856 -0.029111383 0.022414587 14.053406488
0.023062995 -0.004570307 -0.999723925 -92.700074524 0.028979290 0.999572428 -0.003901065 0.741620499 0.999313557 -0.028881292 0.023185585 14.067416731
0.025997316 0.000685368 -0.999661813 -93.539171092 0.033567419 0.999435019 0.001558177 0.755285333 0.999098400 -0.033596541 0.025959594 14.109146426
0.028708439 0.011066367 -0.999526375 -94.398181201 0.036184166 0.999271856 0.012102842 0.777991340 0.998932417 -0.036514481 0.028287142 14.152081616
0.031511847 0.014225585 -0.999402213 -94.827486113 0.035401873 0.999255484 0.015339683 0.785823650 0.998876067 -0.035864117 0.030984812 14.176629581
0.034454874 0.013901887 -0.999310035 -95.646530285 0.033575880 0.999323126 0.015059751 0.789476419 0.998842266 -0.034071548 0.033964858 14.219173307
0.036515676 0.004124999 -0.999324453 -96.455020768 0.036922451 0.999303815 0.005474069 0.777156801 0.998650865 -0.037097341 0.036337882 14.270377415
0.037027674 -0.001617666 -0.999313088 -96.844345905 0.038212950 0.999269682 -0.000201681 0.769444773 0.998582615 -0.038179247 0.037062487 14.294447088
0.040205230 -0.010440428 -0.999137252 -97.652614936 0.040051290 0.999158760 -0.008828952 0.759007767 0.998388217 -0.039661684 0.040589534 14.348597860
0.045062627 -0.014779850 -0.998874730 -98.480302720 0.039291323 0.999143624 -0.013011236 0.756443105 0.998211244 -0.038660756 0.045604707 14.410967299
0.046946988 -0.015621253 -0.998775139 -98.879283437 0.038585998 0.999160010 -0.013813541 0.757263007 0.998151663 -0.037890149 0.047510300 14.439531457
0.049391700 -0.012575884 -0.998700942 -99.697376354 0.036819625 0.999263851 -0.010762077 0.766951093 0.998099956 -0.036240232 0.049818449 14.494896585
0.050592876 -0.008274943 -0.998685642 -100.485465564 0.036882063 0.999299251 -0.006411641 0.778811886 0.998037444 -0.036509216 0.050862615 14.549061866
0.051169811 -0.006834255 -0.998666573 -100.874456136 0.037381569 0.999289455 -0.004923129 0.783573548 0.997989908 -0.037079726 0.051388945 14.576813872
0.052439165 -0.005639943 -0.998608076 -101.642761199 0.035566809 0.999360318 -0.003776488 0.789763310 0.997990496 -0.035319252 0.052606168 14.627694762
0.054467352 -0.009977006 -0.998465496 -102.400843311 0.034527587 0.999371235 -0.008102492 0.786566616 0.997917748 -0.034033215 0.054777602 14.682084314
0.055028216 -0.010818184 -0.998426391 -102.779875753 0.033148394 0.999409997 -0.009001863 0.787152584 0.997934370 -0.032600841 0.055354293 14.709225037
0.054962257 -0.009655841 -0.998441549 -103.537991456 0.033918658 0.999394720 -0.007797946 0.793528486 0.997912230 -0.033437191 0.055256429 14.762379961
0.055390701 0.001067735 -0.998464579 -104.305944961 0.034585065 0.999397266 0.002987386 0.816500587 0.997865233 -0.034697467 0.055320469 14.816836565
0.055634300 0.009031104 -0.998410514 -104.674870677 0.034662025 0.999338993 0.010970979 0.832499117 0.997848907 -0.035217221 0.055284460 14.843879037
0.056876569 0.020484435 -0.998171466 -105.402635057 0.034348383 0.999157224 0.022461879 0.856830378 0.997789642 -0.035563095 0.056125082 14.899434563
0.056545381 0.019595745 -0.998207724 -106.120652707 0.035720885 0.999128133 0.021637324 0.859562610 0.997760740 -0.036880347 0.055796047 14.952814455
0.056332465 0.015014602 -0.998299672 -106.469787417 0.036154477 0.999200910 0.017068377 0.853539639 0.997757364 -0.037054448 0.055744519 14.977974887
0.057391902 0.003293220 -0.998346141 -107.167645751 0.035700251 0.999348537 0.005348825 0.837191451 0.997712632 -0.035948132 0.057236873 15.034388711
0.057398974 -0.004098881 -0.998342790 -107.875590898 0.035979654 0.999350266 -0.002034379 0.828569042 0.997702281 -0.035803279 0.057509109 15.089330468
0.057418702 -0.005513791 -0.998335616 -108.234463509 0.036324842 0.999334304 -0.003430084 0.828294474 0.997688412 -0.036067464 0.057580747 15.118056514
0.057573442 -0.004164780 -0.998333271 -108.952252018 0.036441648 0.999334175 -0.002067368 0.834858706 0.997675472 -0.036261887 0.057686941 15.174334832
0.058192116 -0.001851838 -0.998304375 -109.669819037 0.037762330 0.999287008 0.000347557 0.843315546 0.997590817 -0.037718526 0.058220592 15.233559566
0.059113271 -0.001579059 -0.998250394 -110.028394222 0.038365864 0.999263561 0.000691258 0.846097622 0.997513067 -0.038339613 0.059130347 15.266200974
0.058799992 -0.001598376 -0.998268781 -110.746191918 0.038762116 0.999248846 0.000683235 0.850332585 0.997516792 -0.038735203 0.058817765 15.322536931
0.058833470 -0.001466935 -0.998266768 -111.433850915 0.039602182 0.999215310 0.000865647 0.854789668 0.997481809 -0.039584397 0.058845350 15.379716808
0.058410273 -0.001278063 -0.998292462 -111.762932439 0.039915961 0.999202522 0.001056265 0.857044493 0.997494424 -0.039909405 0.058414707 15.404240929
0.057726394 -0.000928412 -0.998332534 -112.411264581 0.039578569 0.999216024 0.001359320 0.861298418 0.997547661 -0.039591005 0.057717890 15.450585389
0.057243434 -0.001389688 -0.998359618 -113.049485110 0.038988450 0.999239144 0.000844591 0.864114591 0.997598703 -0.038972752 0.057254057 15.498246315
0.056722992 -0.001564308 -0.998389404 -113.378640714 0.038964433 0.999240682 0.000648116 0.865675233 0.997628554 -0.038938417 0.056741014 15.521789864
0.055412313 -0.001663345 -0.998462683 -114.016930158 0.038624650 0.999253652 0.000478920 0.869106813 0.997715724 -0.038591769 0.055435251 15.568437812
0.054264991 -0.001701319 -0.998524950 -114.675096281 0.038740352 0.999248998 0.000402803 0.872836708 0.997774032 -0.038705066 0.054290088 15.617505350
0.051591616 -0.001305445 -0.998667331 -115.652939841 0.038420707 0.999261876 0.000678617 0.878879199 0.997928251 -0.038404504 0.051603768 15.682398969
0.049772094 -0.000673263 -0.998760842 -116.301484446 0.038067790 0.999274379 0.001223469 0.883529797 0.998034146 -0.038081449 0.049761702 15.725740363
0.047905375 0.000233297 -0.998851802 -116.621158453 0.038212924 0.999267189 0.002066113 0.886712121 0.998120208 -0.038267969 0.047861424 15.741544923
0.044672467 0.001400133 -0.999000770 -117.250107049 0.040373167 0.999179939 0.003205756 0.892256427 0.998185654 -0.040475998 0.044579303 15.778446229
0.041927240 0.001491040 -0.999120076 -117.889109500 0.040663237 0.999167517 0.003197527 0.895793966 0.998293000 -0.040761403 0.041831788 15.815114055
0.040700150 0.001235583 -0.999170659 -118.208720111 0.040259299 0.999184882 0.002875531 0.896961323 0.998359705 -0.040342883 0.040617291 15.831966226
0.037692977 0.000026941 -0.999289263 -118.848088469 0.041233397 0.999148855 0.001582261 0.898167589 0.998437996 -0.041263788 0.037659773 15.863702991
0.034083858 -0.000327290 -0.999419510 -119.497568401 0.041960314 0.999118684 0.001103824 0.900821604 0.998537379 -0.041973571 0.034067700 15.894123041
0.031970696 0.000169522 -0.999489247 -119.827218832 0.044709490 0.998999309 0.001599560 0.903541077 0.998488139 -0.044737737 0.031931094 15.910653665
0.028943606 0.002188247 -0.999579194 -120.496273208 0.048385509 0.998822991 0.003587645 0.910769668 0.998408493 -0.048468997 0.028803701 15.947378488
0.025001188 0.003268735 -0.999682283 -121.166550951 0.044380547 0.999005573 0.004376441 0.915324285 0.998701664 -0.044475746 0.024831191 15.967207730
0.023329779 0.002818590 -0.999723630 -121.486735043 0.041495894 0.999132200 0.003785282 0.915796654 0.998865902 -0.041572795 0.023192490 15.976095099
0.020455413 0.001354795 -0.999790328 -122.136651177 0.042341680 0.999101038 0.002220168 0.916384912 0.998893691 -0.042378161 0.020379708 16.000579768
0.016174739 0.003379482 -0.999863639 -122.807421776 0.039682353 0.999204303 0.004019203 0.922598203 0.999080900 -0.039741900 0.016027845 16.013383716
0.013585622 0.004151603 -0.999899481 -123.127882712 0.039140883 0.999222656 0.004680614 0.925232291 0.999141243 -0.039200562 0.013412611 16.018226591
0.009683712 0.005578700 -0.999937537 -123.758830960 0.036857811 0.999302645 0.005932106 0.930253540 0.999273058 -0.036912937 0.009471357 16.027203842
0.007627403 0.003094170 -0.999966131 -124.378901876 0.041497525 0.999133368 0.003408126 0.929006961 0.999109314 -0.041522066 0.007492422 16.048592332
0.006263714 0.001170618 -0.999980173 -124.688906070 0.045330108 0.998971497 0.001453389 0.927266222 0.998951796 -0.045338289 0.006204332 16.059813103
0.003457847 -0.002105470 -0.999991584 -125.339548892 0.047355823 0.998876651 -0.001939373 0.924491527 0.998871601 -0.047348672 0.003553645 16.074403490
0.004117442 -0.003049417 -0.999986756 -125.959966751 0.046607209 0.998909033 -0.002854217 0.925722167 0.998904837 -0.046594776 0.004255117 16.090741930
0.003903988 -0.002129672 -0.999990109 -126.270309371 0.044981599 0.998986536 -0.001951912 0.928617970 0.998979953 -0.044973547 0.003995907 16.096859218
