1.000000000 0.000000000 -0.000000000 0.000000000 -0.000000000 1.000000000 0.000000000 0.000000000 0.000000000 -0.000000000 1.000000000 0.000000000
0.999963079 0.000579255 -0.008502517 -0.014123829 -0.000576242 0.999999566 0.000363427 0.001311744 0.008502255 -0.000358509 0.999963743 0.069049257
0.999533286 0.001847644 -0.030474358 -0.057700580 -0.001817879 0.999998147 0.001004535 0.003872482 0.030475836 -0.000948628 0.999534616 0.191456747
0.998464292 0.003082694 -0.055312587 -0.104493951 -0.002998377 0.999993965 0.001608530 0.007479790 0.055316273 -0.001440218 0.998467757 0.421514604
0.997813093 0.003676532 -0.065989753 -0.130225255 -0.003549656 0.999991978 0.002040576 0.009705898 0.065996898 -0.001801804 0.997817974 0.537397925
0.996458521 0.004321313 -0.083974716 -0.172940651 -0.004098856 0.999987927 0.002821610 0.014140605 0.083985230 -0.002467351 0.996464128 0.787261411
0.995163407 0.004299106 -0.098139251 -0.215345835 -0.003996594 0.999986390 0.003279871 0.018148877 0.098152273 -0.002871774 0.995167391 1.026363304
0.994568335 0.004385233 -0.103992565 -0.235763924 -0.004035342 0.999985501 0.003574953 0.020359137 0.104006346 -0.003135880 0.994571415 1.150951558
0.993729896 0.004961484 -0.111691753 -0.267464528 -0.004453684 0.999978888 0.004796177 0.025511812 0.111712750 -0.004268613 0.993731348 1.375495821
0.993134856 0.005807062 -0.116828094 -0.302949797 -0.005162074 0.999970067 0.005822801 0.030975755 0.116858294 -0.005179717 0.993134760 1.633365920
0.993030717 0.006162409 -0.117691823 -0.315236557 -0.005490427 0.999966661 0.006033097 0.033128903 0.117725022 -0.005344843 0.993031481 1.765628849
0.993146560 0.006446465 -0.116694412 -0.338597598 -0.005833760 0.999967621 0.005590836 0.035952394 0.116726830 -0.004871715 0.993152436 2.019060856
0.993608555 0.007350264 -0.112641416 -0.358503660 -0.006784575 0.999962318 0.005404938 0.039363817 0.112675912 -0.004606102 0.993621005 2.281878463
0.993924029 0.008557863 -0.109731871 -0.364203916 -0.007972223 0.999951601 0.005774545 0.041727134 0.109776801 -0.004864634 0.993944541 2.411734182
0.994672844 0.011109819 -0.102478090 -0.379404112 -0.010578724 0.999927548 0.005725429 0.045322941 0.102533788 -0.004610796 0.994719083 2.672831986
0.995584087 0.011330480 -0.093190069 -0.382453326 -0.010899546 0.999927227 0.005132525 0.048050163 0.093241380 -0.004094108 0.995634605 2.961427637
0.996026765 0.010882519 -0.088379680 -0.385685863 -0.010484590 0.999932961 0.004965729 0.049669430 0.088427684 -0.004019343 0.996074433 3.101026779
0.996965451 0.010484761 -0.077137560 -0.385295033 -0.010175686 0.999938579 0.004399881 0.052564874 0.077178255 -0.003601532 0.997010355 3.399012523
0.997853864 0.008406594 -0.064936730 -0.376137871 -0.008180437 0.999959691 0.003748693 0.054960052 0.064965159 -0.003209394 0.997882033 3.683145373
0.998237385 0.007583841 -0.058862772 -0.370325787 -0.007408083 0.999967743 0.003203504 0.055775623 0.058884534 -0.002761762 0.998260492 3.830083616
0.998862680 0.007582772 -0.047063860 -0.360563410 -0.007478220 0.999969485 0.002396311 0.057910613 0.047081212 -0.002041615 0.998889044 4.124641842
0.999390480 0.008678236 -0.033810900 -0.344832817 -0.008608119 0.999960734 0.002220796 0.061168601 0.033828995 -0.001928366 0.999425125 4.438315400
0.999600937 0.009386893 -0.026642219 -0.335553662 -0.009331268 0.999954168 0.002211530 0.062911869 0.026661481 -0.001962030 0.999642077 4.594635608
0.999865053 0.010890786 -0.012284266 -0.312640239 -0.010868096 0.999939575 0.001918360 0.065870009 0.012303710 -0.001784543 0.999923018 4.916330006
0.999910870 0.013132284 0.002411726 -0.286998317 -0.013132762 0.999914446 0.000200944 0.066268622 -0.002409281 -0.000232620 0.999997252 5.237021103
0.999840662 0.014010738 0.011017354 -0.270885306 -0.014007189 0.999902295 -0.000398225 0.067049230 -0.011021586 0.000243870 0.999938843 5.412135402
0.999506088 0.015427139 0.027355509 -0.233015944 -0.015395456 0.999880437 -0.001369272 0.068727777 -0.027373720 0.000947492 0.999624256 5.760301349
0.998922190 0.014805817 0.043993949 -0.187018808 -0.014716330 0.999888675 -0.002358119 0.070249280 -0.044024959 0.001708220 0.999028438 6.116143041
0.998518085 0.014541694 0.052442980 -0.159960977 -0.014408190 0.999891929 -0.002922343 0.070801599 -0.052480541 0.002162482 0.998619565 6.297903150
0.997417107 0.014339150 0.070371728 -0.103000175 -0.014121184 0.999893713 -0.003593604 0.072624448 -0.070416175 0.002590662 0.997514478 6.660384984
0.995972529 0.015024045 0.088393025 -0.035445304 -0.014665913 0.999881846 -0.004700440 0.073506230 -0.088452780 0.003385147 0.996074304 7.040286415
0.995090612 0.015834889 0.097695194 -0.000288861 -0.015348314 0.999865753 -0.005731013 0.073082071 -0.097773019 0.004203426 0.995199172 7.229731041
0.993109685 0.016852654 0.115964569 0.076896915 -0.016022476 0.999839618 -0.008087595 0.071347949 -0.116082337 0.006173837 0.993220380 7.595458656
0.990632505 0.017344832 0.135445800 0.166321867 -0.016209927 0.999824010 -0.009477780 0.071223534 -0.135585813 0.007193475 0.990739067 7.988657591
0.989375164 0.017484475 0.144327643 0.208071215 -0.016191522 0.999818285 -0.010128276 0.071189420 -0.144478661 0.007683826 0.989477583 8.175693082
0.986361572 0.017677294 0.163638012 0.311896677 -0.016075878 0.999809261 -0.011105257 0.071444635 -0.163803453 0.008323170 0.986458114 8.584923214
0.982978593 0.018366420 0.182796375 0.421665734 -0.016410349 0.999790990 -0.012208315 0.071110939 -0.182982542 0.009000826 0.983074420 8.981332098
0.981126389 0.018866037 0.192441353 0.479659604 -0.016671509 0.999776224 -0.013016682 0.070452951 -0.192644514 0.009562823 0.981221645 9.183722396
0.977175421 0.020256917 0.211466917 0.605370793 -0.017710096 0.999746005 -0.013931098 0.070141665 -0.211695322 0.009867978 0.977285363 9.606245326
0.973027006 0.020958621 0.229738017 0.731172581 -0.018291600 0.999738477 -0.013732984 0.071356236 -0.229965925 0.009160330 0.973155767 9.996797019
0.970754705 0.020884001 0.239163170 0.803003353 -0.018248948 0.999745820 -0.013227654 0.072507261 -0.239378870 0.008476391 0.970889152 10.204780623
0.966381812 0.020060890 0.256327781 0.950076491 -0.017432227 0.999770103 -0.012523831 0.074178084 -0.256520340 0.007634463 0.966508266 10.630146481
0.962307292 0.017958385 0.271368478 1.107093674 -0.015066200 0.999805612 -0.012737395 0.073908897 -0.271544490 0.008168876 0.962390596 11.062520037
0.960670691 0.017453028 0.277141402 1.183247200 -0.014438191 0.999812130 -0.012915847 0.073622154 -0.277315117 0.008406541 0.960741983 11.279567358
0.957859381 0.018174049 0.286660226 1.332740404 -0.015040730 0.999800958 -0.013128946 0.073209849 -0.286841604 0.008264112 0.957942245 11.714690973
0.955103934 0.020022197 0.295593193 1.490998957 -0.016952526 0.999772460 -0.012944249 0.073289685 -0.295785383 0.007352088 0.955225559 12.167905975
0.953873938 0.021237111 0.299454307 1.570608528 -0.018289133 0.999753028 -0.012644073 0.073620853 -0.299648937 0.006584150 0.954026702 12.394338576
0.951662724 0.022730417 0.306300735 1.735045936 -0.019519567 0.999718372 -0.013542173 0.071599182 -0.306522234 0.006908815 0.951838144 12.855937268
0.949910705 0.023559827 0.311631292 1.900430776 -0.020120605 0.999696657 -0.014247462 0.069790267 -0.311872546 0.007263572 0.950095556 13.317190118
0.949141948 0.023246649 0.313988027 1.986241962 -0.019625999 0.999699302 -0.014687647 0.068659487 -0.314235367 0.007778396 0.949312892 13.551999563
0.947990878 0.023604671 0.317419206 2.160983853 -0.019738621 0.999687405 -0.015390479 0.066702785 -0.317683092 0.008324656 0.948160284 14.041773241
0.947173312 0.025210609 0.319729430 2.336652194 -0.021125361 0.999645505 -0.016239582 0.064369244 -0.320025700 0.008627403 0.947369190 14.531207387
0.946876519 0.025965082 0.320546014 2.419643488 -0.021764257 0.999623711 -0.016681860 0.063229764 -0.320858722 0.008819181 0.947085640 14.767047623
0.946562630 0.026759997 0.321407125 2.590062270 -0.022665948 0.999607969 -0.016473816 0.062700837 -0.321721769 0.008308486 0.946797958 15.247757690
0.946289433 0.026449189 0.322237370 2.766729608 -0.022393251 0.999616839 -0.016288104 0.062029052 -0.322545025 0.008197360 0.946518315 15.736830484
0.946079159 0.026059750 0.322883428 2.853494983 -0.021934656 0.999625302 -0.016408343 0.061300896 -0.323190049 0.008441207 0.946295713 15.971292054
0.945791324 0.024617357 0.323840877 3.026730812 -0.020468860 0.999659424 -0.016210809 0.060700724 -0.324129777 0.008703436 0.945972791 16.450972186
0.945708309 0.024247803 0.324109882 3.191280595 -0.020483585 0.999677420 -0.015021138 0.061836875 -0.324369797 0.007566652 0.945899557 16.912537079
0.945785218 0.024768552 0.323846409 3.272446725 -0.021191528 0.999669927 -0.014567714 0.062230533 -0.324100463 0.006915144 0.945996915 17.149048036
0.945396072 0.025873876 0.324893386 3.445713493 -0.022605056 0.999648959 -0.013832361 0.062499761 -0.325137347 0.005732840 0.945648894 17.628718863
0.945146437 0.025597065 0.325641592 3.613988993 -0.022546744 0.999659779 -0.013138336 0.062688174 -0.325867178 0.005075439 0.945401476 18.088919636
0.944946643 0.025624083 0.326218442 3.698287360 -0.022693221 0.999660596 -0.012787584 0.062724055 -0.326435656 0.004680668 0.945207388 18.313637569
0.944773430 0.025045176 0.326765771 3.868443144 -0.022337950 0.999678681 -0.012035546 0.062928261 -0.326962333 0.004071642 0.945028210 18.773151041
0.944655966 0.024956510 0.327110887 4.034805643 -0.022287188 0.999680614 -0.011906785 0.062181515 -0.327303641 0.003957446 0.944910868 19.234048956
0.944551255 0.025500122 0.327372641 4.118752192 -0.022810189 0.999667858 -0.012054488 0.061474639 -0.327571399 0.003918621 0.944818037 19.469540995
0.944412080 0.025175050 0.327798148 4.286983596 -0.022459437 0.999674671 -0.012068314 0.060423907 -0.327995752 0.004035337 0.944669914 19.929755032
0.944356219 0.024006537 0.328045632 4.449280566 -0.021178682 0.999701911 -0.012190924 0.059199521 -0.328240264 0.004565082 0.944583423 20.370843574
0.944148884 0.023357257 0.328688300 4.533567554 -0.020539472 0.999716589 -0.012042849 0.058915624 -0.328876363 0.004619221 0.944361614 20.595564930
0.943982896 0.022119108 0.329252112 4.703679241 -0.019233627 0.999742851 -0.012019084 0.057880685 -0.329433515 0.005013114 0.944165150 21.055091665
0.943914913 0.021672051 0.329476042 4.863472931 -0.018670143 0.999750247 -0.012272793 0.056401040 -0.329659917 0.005433151 0.944083772 21.486447480
0.943708634 0.022061302 0.330040431 4.943378844 -0.019082948 0.999742692 -0.012261860 0.055916041 -0.330226106 0.005273488 0.943887068 21.702122660
0.943547929 0.022002028 0.330503347 5.111019257 -0.019165645 0.999746125 -0.011838805 0.055525222 -0.330680001 0.004836215 0.943730536 22.151907042
0.943454429 0.021080920 0.330829186 5.278749640 -0.018853938 0.999772756 -0.009939460 0.057662659 -0.330963562 0.003140008 0.943638163 22.601664363
0.943345972 0.019719875 0.331223717 5.364044871 -0.017861411 0.999803636 -0.008654305 0.059300337 -0.331329523 0.002247903 0.943511810 22.826021584
0.943407860 0.017949713 0.331148457 5.526434301 -0.016474843 0.999838479 -0.007260678 0.060674159 -0.331225549 0.001394203 0.943549987 23.267082316
0.943671978 0.017098160 0.330438487 5.680946071 -0.015659915 0.999853312 -0.007014420 0.060089755 -0.330509647 0.001444708 0.943801566 23.689723787
0.943703140 0.016925680 0.330360270 5.760860875 -0.015538775 0.999856121 -0.006838978 0.059854584 -0.330428767 0.001320618 0.943829498 23.905396292
0.943531989 0.016724597 0.330857697 5.912273040 -0.015469084 0.999860276 -0.006427806 0.059524937 -0.330918951 0.000946812 0.943658193 24.307876986
0.943465857 0.015972297 0.331084786 6.059311954 -0.014808731 0.999872391 -0.006037114 0.059214037 -0.331139099 0.000792910 0.943581405 24.701309150
0.943411951 0.016104877 0.331231077 6.132334936 -0.014864558 0.999869879 -0.006277819 0.058312651 -0.331289239 0.000999004 0.943528439 24.898205000
0.943433595 0.016245016 0.331163003 6.271530684 -0.014940891 0.999867714 -0.006483792 0.057012856 -0.331224713 0.001169201 0.943550719 25.273207527
0.943415332 0.015730395 0.331239822 6.403907156 -0.014590820 0.999876632 -0.005927241 0.057085439 -0.331292080 0.000758840 0.943528179 25.629411578
0.943348628 0.015844292 0.331423042 6.470096637 -0.014814713 0.999874783 -0.005632828 0.057156706 -0.331470722 0.000403811 0.943465076 25.807513229
0.942917502 0.016084700 0.332637178 6.605268819 -0.015138860 0.999870867 -0.005435289 0.056558458 -0.332681825 0.000089326 0.943038740 26.162693763
0.942896423 0.015598239 0.332719012 6.735132410 -0.014711845 0.999878136 -0.005183356 0.056105968 -0.332759378 -0.000007519 0.943011536 26.509167975
0.942916450 0.015613708 0.332661537 6.801313356 -0.014788267 0.999878607 -0.005013076 0.055937401 -0.332699265 -0.000192556 0.943032938 26.687272193
0.942930190 0.015622791 0.332623165 6.933702274 -0.015068210 0.999877567 -0.004246962 0.056359743 -0.332648929 -0.001007420 0.943049796 27.043472501
0.942799011 0.016275213 0.332962350 7.052365158 -0.016070995 0.999865857 -0.003367584 0.057068537 -0.332972214 -0.002176059 0.942934222 27.362102167
0.942743627 0.016938698 0.333088245 7.110740278 -0.016830853 0.999853930 -0.003209518 0.056960351 -0.333094050 -0.002580376 0.942889630 27.521765518
0.942360094 0.017883327 0.334120713 7.231168226 -0.017490975 0.999838581 -0.004183024 0.054447172 -0.334141609 -0.001902161 0.942520615 27.839742539
0.941946417 0.019106272 0.335219384 7.342883456 -0.018624266 0.999815522 -0.004652922 0.052920832 -0.335246721 -0.001860373 0.942128560 28.139612343
0.941564943 0.019143089 0.336286222 7.400629890 -0.018640233 0.999815638 -0.004723870 0.052413290 -0.336314523 -0.001820595 0.941747997 28.288857377
0.940588020 0.019226176 0.339004508 7.519857009 -0.018558107 0.999814306 -0.005212583 0.050690303 -0.339041834 -0.001388360 0.940770238 28.585980758
0.939502346 0.018426509 0.342044481 7.635046337 -0.017602923 0.999830595 -0.005512089 0.049269139 -0.342088033 -0.000842345 0.939666804 28.863286424
0.938942342 0.017882992 0.343607894 7.696540536 -0.016951120 0.999840046 -0.005715913 0.048433432 -0.343655048 -0.000457592 0.939095894 29.011160708
0.937972009 0.018093422 0.346238980 7.810762517 -0.016903165 0.999836642 -0.006457578 0.046239898 -0.346299448 0.000204543 0.938123874 29.288818207
0.936940729 0.018584646 0.348992951 7.928394671 -0.017009736 0.999826418 -0.007577058 0.043375166 -0.349073443 0.001163002 0.937094351 29.575874784
0.936365424 0.020362649 0.350433941 7.987037327 -0.018623879 0.999792363 -0.008331467 0.041641372 -0.350530765 0.001274879 0.936549888 29.724789377
0.935139101 0.023008322 0.353531717 8.106241687 -0.021126452 0.999734556 -0.009181949 0.039278826 -0.353649285 0.001117575 0.935377207 30.021919605
0.934075902 0.024473464 0.356234895 8.222950590 -0.022363740 0.999699577 -0.010040480 0.036880869 -0.356373855 0.001411873 0.934342364 30.309314751
0.933585178 0.024913974 0.357488256 8.283496290 -0.022702819 0.999688657 -0.010381217 0.035802427 -0.357635608 0.001575762 0.933859989 30.457535198
0.932671985 0.024303313 0.359904216 8.413404248 -0.022234618 0.999704571 -0.009887330 0.035576691 -0.360038003 0.001219317 0.932936450 30.772052078
0.931919792 0.023705848 0.361886986 8.540803591 -0.021703124 0.999718457 -0.009598730 0.034945798 -0.362012741 0.001091217 0.932171854 31.076837835
0.930389743 0.024877452 0.365725229 8.733379821 -0.022535922 0.999689134 -0.010670645 0.031322295 -0.365877139 0.001685929 0.930660908 31.528146698
0.929292429 0.024473586 0.368531582 8.864495635 -0.021953191 0.999698580 -0.011031026 0.029483844 -0.368690557 0.002160634 0.929549038 31.831571117
0.928996825 0.024631127 0.369267597 8.930358462 -0.022034865 0.999694593 -0.011247234 0.028499479 -0.369431909 0.002311892 0.929255001 31.988495319
0.927855041 0.028138944 0.371877792 9.061164065 -0.025750042 0.999603670 -0.011389681 0.027087463 -0.372051267 0.000992146 0.928211080 32.302681331
0.927201536 0.025830036 0.373669718 9.205478579 -0.023671807 0.999666387 -0.010364390 0.027411238 -0.373812458 0.000764467 0.927504105 32.633227590
0.926811049 0.025375080 0.374669882 9.278500765 -0.022902768 0.999677164 -0.011050857 0.025467481 -0.374829447 0.001661125 0.927092195 32.798179691
0.926303150 0.026537228 0.375842409 9.423235573 -0.023280010 0.999642300 -0.013205889 0.020334654 -0.376058285 0.003483018 0.926589404 33.139206947
0.925759122 0.026831360 0.377159721 9.574245608 -0.022883155 0.999626258 -0.014946089 0.015808451 -0.377420021 0.005205930 0.926027190 33.488588905
0.925470015 0.026963300 0.377859248 9.653236366 -0.023018458 0.999623873 -0.014953525 0.014997686 -0.378120325 0.005141297 0.925741649 33.672656233
0.924922778 0.027887912 0.379130444 9.815620293 -0.024213428 0.999602824 -0.014457559 0.014176841 -0.379382982 0.004192107 0.925230194 34.049830646
0.924598148 0.027289825 0.379964445 9.978918579 -0.023603923 0.999618326 -0.014357494 0.012639394 -0.380211363 0.004306324 0.924889356 34.426669163
0.924294034 0.028917972 0.380583314 10.056966528 -0.025335712 0.999574760 -0.014419974 0.011745783 -0.380838524 0.003685927 0.924634237 34.611080943
0.923916283 0.029796484 0.381432828 10.223560833 -0.025396285 0.999540166 -0.016565803 0.006329349 -0.381751456 0.005618510 0.924247415 34.997352873
0.923878901 0.029202641 0.381567588 10.390266091 -0.024627808 0.999554379 -0.016868552 0.004030765 -0.381890085 0.006187405 0.924186809 35.383591431
0.923835839 0.029251113 0.381668708 10.469282098 -0.024857099 0.999556443 -0.016439114 0.003929509 -0.381980173 0.005699937 0.924152963 35.567651165
0.923380542 0.028038571 0.382858976 10.645725029 -0.023769145 0.999592106 -0.015878219 0.003035337 -0.383147670 0.005561393 0.923670177 35.971627780
0.923239445 0.028370786 0.383176422 10.821094997 -0.023461675 0.999572254 -0.017480226 -0.001599157 -0.383508495 0.007148464 0.923509983 36.375987996
0.923250583 0.028500657 0.383138892 10.913135450 -0.023160760 0.999560379 -0.018544188 -0.004434806 -0.383498884 0.008247135 0.923504214 36.587221981
0.922930086 0.029656944 0.383822737 11.095593653 -0.023054504 0.999496484 -0.021792249 -0.012027313 -0.384276167 0.011263996 0.923148794 36.999631490
0.922831216 0.030297773 0.384009950 11.291860038 -0.022911610 0.999454954 -0.023795240 -0.017597865 -0.384521208 0.013160684 0.923022506 37.449586930
0.922950315 0.030268739 0.383726381 11.382996445 -0.022678582 0.999447926 -0.024290278 -0.019427111 -0.384249795 0.013716419 0.923127153 37.661153709
0.923752829 0.028937454 0.381893859 11.577524437 -0.021414252 0.999484612 -0.023936244 -0.021026207 -0.382389716 0.013933141 0.923895801 38.111753772
0.925096821 0.027120477 0.378760247 11.782351578 -0.019662843 0.999529542 -0.023544647 -0.022710232 -0.379220829 0.014333602 0.925194449 38.590530425
0.926142247 0.026125059 0.376267927 11.877605078 -0.018906832 0.999560054 -0.022864586 -0.022612838 -0.376699769 0.014061802 0.926228462 38.821891067
0.928596833 0.024229356 0.370297722 12.078155426 -0.017951308 0.999631547 -0.020391449 -0.020547599 -0.370655200 0.012288194 0.928689137 39.323534166
0.931432254 0.023797598 0.363135262 12.270553818 -0.018411569 0.999663158 -0.018286611 -0.019004848 -0.363448186 0.010346892 0.931557109 39.817508794
0.933078473 0.023958761 0.358874423 12.364220261 -0.018887056 0.999666233 -0.017632156 -0.018806967 -0.359177189 0.009674174 0.933219444 40.070744239
0.936409688 0.024203143 0.350073138 12.548746412 -0.019794430 0.999673879 -0.016166780 -0.018050160 -0.350350274 0.008209238 0.936582801 40.578241963
0.939480315 0.024018534 0.341759407 12.731439932 -0.020464473 0.999692543 -0.014001872 -0.015970071 -0.341990686 0.006160525 0.939683303 41.086412654
0.941180613 0.023869750 0.337060150 12.816046106 -0.020601804 0.999700255 -0.013269509 -0.015408191 -0.337276120 0.005545008 0.941388961 41.332313704
0.944613256 0.024975261 0.327233790 12.983657883 -0.022238404 0.999680067 -0.012103076 -0.014563683 -0.327431547 0.004155656 0.944865488 41.845994674
0.947852974 0.026186780 0.317629678 13.153410453 -0.023767963 0.999651240 -0.011488640 -0.014506466 -0.317820203 0.003340109 0.948144510 42.380185687
0.949250770 0.026520785 0.313398488 13.241699044 -0.024114992 0.999643076 -0.011551165 -0.015089098 -0.313592679 0.003407366 0.949551598 42.656679629
0.952032599 0.027843834 0.304725167 13.411991396 -0.025310459 0.999604920 -0.012261771 -0.017130802 -0.304946260 0.003960890 0.952360614 43.201315699
0.954668068 0.027923444 0.296359733 13.580414489 -0.025244864 0.999599035 -0.012862180 -0.018878512 -0.296600326 0.004797606 0.954989194 43.746635754
0.955982195 0.027962445 0.292087973 13.664944290 -0.025265775 0.999596336 -0.013001219 -0.019442765 -0.292333800 0.005049097 0.956302334 44.024503763
0.958579314 0.028945208 0.283351308 13.822098838 -0.026136476 0.999564498 -0.013688720 -0.020915490 -0.283624435 0.005715954 0.958918420 44.573943664
0.960743439 0.028675543 0.275950559 13.983663266 -0.025869038 0.999570471 -0.013805883 -0.021377673 -0.276228060 0.006125335 0.961071966 45.132421077
0.961748897 0.028327061 0.272462761 14.063561881 -0.025766968 0.999583690 -0.012970409 -0.020027757 -0.272717016 0.005453786 0.962078415 45.411986426
0.963792951 0.027255446 0.265254129 14.215281480 -0.025378360 0.999622754 -0.010502309 -0.015761854 -0.265440649 0.003390358 0.964120844 45.963426298
0.965580482 0.026541647 0.258744938 14.367510279 -0.024841145 0.999642768 -0.009840198 -0.014454279 -0.258913960 0.003073977 0.965894911 46.525320426
0.966290512 0.027174826 0.256014911 14.438281058 -0.025443807 0.999625785 -0.010072020 -0.014639054 -0.256193042 0.003218497 0.966619769 46.797571704
0.967338524 0.027359738 0.252005784 14.586418012 -0.025623466 0.999619934 -0.010169561 -0.014548608 -0.252188414 0.003380123 0.967671967 47.339664374
0.968221258 0.026245836 0.248714730 14.736196517 -0.024809222 0.999652683 -0.008909424 -0.012007319 -0.248862657 0.002455919 0.968535075 47.891809838
0.968561793 0.025655651 0.247446234 14.816404716 -0.024448037 0.999670091 -0.007952203 -0.010081440 -0.247568204 0.001652646 0.968868954 48.192557770
0.969473799 0.024826087 0.243932921 14.969581031 -0.023871114 0.999691895 -0.006870870 -0.007538725 -0.244028932 0.000838210 0.969767114 48.786050017
0.969769331 0.025069733 0.242732411 15.123972315 -0.024192433 0.999685860 -0.006595105 -0.006408862 -0.242821709 0.000523484 0.970070311 49.368447663
0.969901590 0.023693378 0.242342227 15.203601615 -0.023159047 0.999719625 -0.005053563 -0.003483304 -0.242393873 -0.000710947 0.970177101 49.658762305
0.969664849 0.022588158 0.243390125 15.360245627 -0.022289282 0.999743826 -0.003982189 -0.001015289 -0.243417962 -0.001563569 0.969920020 50.229692339
0.969378255 0.024143134 0.244383628 15.516574563 -0.022872230 0.999706776 -0.008037294 -0.007401166 -0.244505964 0.002201585 0.969645452 50.800717143
0.968991289 0.025031289 0.245822827 15.597860463 -0.023248194 0.999678735 -0.010153673 -0.010745477 -0.245998658 0.004123992 0.969261407 51.090411763
0.967933155 0.026955105 0.249756338 15.765001104 -0.024947462 0.999626493 -0.011200862 -0.011956641 -0.249964947 0.004610980 0.968243794 51.678790703
0.966911938 0.027307529 0.253642858 15.937819225 -0.025214790 0.999616146 -0.011498432 -0.012091135 -0.253859660 0.004722435 0.967229116 52.265096723
0.966463442 0.028704028 0.255193419 16.025318007 -0.027324104 0.999586906 -0.008951691 -0.007437192 -0.255345036 0.001678619 0.966848117 52.573833086
0.965263245 0.031826523 0.259331038 16.202427004 -0.032926965 0.999457524 -0.000100631 0.008382004 -0.259193648 -0.008441819 0.965788289 53.190548986
0.964329353 0.029916520 0.263008332 16.388385745 -0.032428150 0.999460750 0.005212808 0.017921284 -0.262710835 -0.013555707 0.964778913 53.814662602
0.963909694 0.027015012 0.264852947 16.484126209 -0.029218423 0.999564041 0.004382434 0.016475554 -0.264619104 -0.011962836 0.964278380 54.120372161
0.962825440 0.029290276 0.268532015 16.670484490 -0.029222805 0.999563914 -0.004249442 0.001687792 -0.268539784 -0.003755756 0.963260701 54.733636442
0.961319119 0.039721313 0.272556729 16.845662534 -0.036499510 0.999191075 -0.016882881 -0.019487117 -0.273006916 0.006281685 0.961991394 55.340325723
0.960230884 0.043929616 0.275729108 16.935893128 -0.039650644 0.998991633 -0.021077151 -0.026443187 -0.276377077 0.009306064 0.961004132 55.637389501
0.958565445 0.042370730 0.281701974 17.138676029 -0.037640173 0.999045621 -0.022185435 -0.028670281 -0.282373006 0.010662974 0.959245152 56.244678718
0.958148724 0.029587032 0.284736823 17.357353456 -0.026817366 0.999547455 -0.013622125 -0.014945587 -0.285011171 0.005416135 0.958508988 56.867488889
0.958006498 0.025494645 0.285609370 17.462439749 -0.023672414 0.999671566 -0.009831391 -0.008730853 -0.285766124 0.002657499 0.958295656 57.180446952
0.956897921 0.025518791 0.289299951 17.664064581 -0.023879831 0.999672492 -0.009194148 -0.007946198 -0.289439989 0.001889444 0.957193985 57.798813656
0.955286883 0.024988603 0.294622674 17.881824872 -0.021270599 0.999648715 -0.015817674 -0.019993722 -0.294914717 0.008843678 0.955482143 58.421899683
0.954832939 0.026083148 0.295996674 17.989191943 -0.020850275 0.999565788 -0.020822253 -0.028919834 -0.296411436 0.013710233 0.954961955 58.733989111
0.954262747 0.029649373 0.297495646 18.201847253 -0.022059281 0.999341332 -0.028839111 -0.043223582 -0.298154974 0.020957604 0.954286927 59.369583274
0.953080251 0.032310466 0.300988093 18.428126225 -0.024874626 0.999284010 -0.028505887 -0.043423343 -0.301693905 0.019681478 0.953201617 60.032171456
0.952381097 0.031194373 0.303310490 18.547547951 -0.024658640 0.999374535 -0.025355031 -0.038657717 -0.303912031 0.016668512 0.952553707 60.361180291
0.951693773 0.024857434 0.306039959 18.800519042 -0.020373745 0.999633656 -0.017837023 -0.027271124 -0.306371266 0.010740268 0.951851171 61.045979519
0.951179042 0.025141182 0.307613771 19.041200899 -0.022638274 0.999675291 -0.011702766 -0.017880881 -0.307808299 0.004167606 0.951439064 61.735266471
0.950844418 0.027190662 0.308472073 19.156415646 -0.025120865 0.999627536 -0.010680384 -0.016547766 -0.308647606 0.002406356 0.951173452 62.076452467
0.949799092 0.030519454 0.311368458 19.404591098 -0.028931448 0.999534739 -0.009719073 -0.015991850 -0.311520286 0.000222856 0.950239338 62.784274200
0.949262590 0.035071838 0.312521421 19.642593019 -0.034865290 0.999372274 -0.006250920 -0.010801054 -0.312544706 -0.004962354 0.949889749 63.495825547
0.949084936 0.033446113 0.313239066 19.769349977 -0.033396856 0.999427393 -0.005524611 -0.010176264 -0.313244576 -0.005217837 0.949657836 63.854085082
0.948556488 0.028365960 0.315332644 20.025911137 -0.028042322 0.999591850 -0.005564382 -0.011672813 -0.315361537 -0.003564495 0.948964839 64.558836692
0.947449600 0.024420873 0.318969422 20.292432702 -0.023620054 0.999700406 -0.006379111 -0.014649689 -0.319029715 -0.001490165 0.947743204 65.270591080
0.946858889 0.021603395 0.320922463 20.427553675 -0.020410115 0.999767254 -0.007082357 -0.016686944 -0.321000773 0.000155965 0.947078756 65.625787016
0.945030281 0.018556420 0.326456339 20.695359553 -0.017013301 0.999827213 -0.007581680 -0.019128016 -0.326540765 0.001610826 0.945181401 66.326425946
0.943649176 0.021928145 0.330219620 20.959884903 -0.019631891 0.999754526 -0.010287705 -0.025378437 -0.330364386 0.003225190 0.943847410 67.038902504
0.943411932 0.022973801 0.330826456 21.091193744 -0.020189228 0.999725975 -0.011851422 -0.028896279 -0.331008387 0.004501678 0.943616654 67.395488552
0.942962603 0.023140375 0.332094175 21.361817579 -0.018550113 0.999684305 -0.016986243 -0.039506648 -0.332382286 0.009857002 0.943093492 68.116372973
0.942803525 0.018197837 0.332850149 21.653044848 -0.013210092 0.999764537 -0.017241908 -0.042018939 -0.333085347 0.011858774 0.942821880 68.872333330
0.941770901 0.016116150 0.335868945 21.812709167 -0.011662849 0.999815703 -0.015272497 -0.040030428 -0.336053333 0.010466028 0.941784653 69.250508370
0.940274329 0.018337417 0.339923869 22.101802755 -0.014123481 0.999789917 -0.014866921 -0.041555565 -0.340125306 0.009178055 0.940335254 69.985956544
0.939404873 0.025931186 0.341826907 22.380220325 -0.020269894 0.999592661 -0.020124248 -0.052566081 -0.342209291 0.011976048 0.939547627 70.725285471
0.939212184 0.027440862 0.342238900 22.529198313 -0.020459515 0.999502958 -0.023993553 -0.060352748 -0.342727453 0.015532952 0.939306121 71.107344364
0.939163805 0.027638692 0.342353880 22.826630866 -0.018397016 0.999374829 -0.030213001 -0.073367478 -0.342974756 0.022076730 0.939084724 71.861012175
0.938329704 0.025969964 0.344763365 23.125039101 -0.016275671 0.999387997 -0.030983920 -0.077251967 -0.345356913 0.023461881 0.938177672 72.593049945
0.937931734 0.026195686 0.345828365 23.276172976 -0.016750458 0.999401773 -0.030272945 -0.077278184 -0.346414440 0.022601195 0.937809165 72.974338642
0.937536642 0.024241629 0.347039836 23.575083185 -0.015634612 0.999497123 -0.027580265 -0.075180440 -0.347533939 0.020431710 0.937444920 73.727501128
0.937026798 0.023794887 0.348444380 23.874180206 -0.015300384 0.999515175 -0.027110523 -0.076976738 -0.348920719 0.020071960 0.936936830 74.469939137
0.937169398 0.025005502 0.347975474 24.020565541 -0.016551205 0.999491946 -0.027247724 -0.078386511 -0.348480102 0.019776404 0.937106858 74.852960473
0.936495408 0.025253313 0.349769566 24.326477927 -0.016629805 0.999480211 -0.027636657 -0.081665112 -0.350285783 0.020064937 0.936427773 75.614198136
0.936242537 0.024300047 0.350511121 24.626094104 -0.015162908 0.999470941 -0.028789261 -0.086139930 -0.351025101 0.021638983 0.936115711 76.367087406
0.936265296 0.023953974 0.350475752 24.771930056 -0.015153488 0.999497723 -0.027831496 -0.085720597 -0.350966790 0.020746720 0.936157465 76.739666572
0.935937501 0.022020582 0.351475648 25.091733838 -0.013907746 0.999575523 -0.025590727 -0.084638855 -0.351890043 0.019063137 0.935847161 77.538425139
0.935263679 0.018543414 0.353466025 25.420062729 -0.011461172 0.999690298 -0.022119395 -0.081692282 -0.353766989 0.016636277 0.935185075 78.334071652
0.935214382 0.019111884 0.353566053 25.573659343 -0.012152538 0.999687178 -0.021893136 -0.082602454 -0.353873750 0.016178043 0.935153290 78.725105270
0.934972533 0.021461412 0.354068847 25.872985935 -0.014441512 0.999643445 -0.022457190 -0.086071237 -0.354424872 0.015883589 0.934949029 79.488749929
0.934799539 0.019814240 0.354622541 26.169231415 -0.012624939 0.999665986 -0.022575733 -0.088765622 -0.354951455 0.016626733 0.934736771 80.232228249
0.934565220 0.020188814 0.355217212 26.326584684 -0.013106930 0.999665263 -0.022332266 -0.089754132 -0.355548971 0.016215214 0.934516756 80.621888443
0.934488864 0.019585465 0.355451784 26.640462924 -0.013343932 0.999711515 -0.020002793 -0.088596216 -0.355740938 0.013949325 0.934480031 81.401518840
0.933939210 0.019556542 0.356894903 26.962347670 -0.013408211 0.999716889 -0.019693617 -0.091002992 -0.357178979 0.013607381 0.933936176 82.188861458
0.933627552 0.021348816 0.357607039 27.124034362 -0.015171097 0.999683996 -0.020071801 -0.093129477 -0.357922490 0.013314358 0.933655818 82.587582159
0.933346703 0.025421982 0.358075234 27.436717660 -0.018812925 0.999582538 -0.021929399 -0.099139517 -0.358483662 0.013731350 0.933434605 83.367632846
0.933100797 0.027153313 0.358587914 27.750730080 -0.020371478 0.999535269 -0.022678043 -0.103354624 -0.359037368 0.013856010 0.933219916 84.136554598
0.933172245 0.030385071 0.358141885 27.899945265 -0.023884233 0.999460794 -0.022562441 -0.104475890 -0.358634407 0.012500707 0.933393876 84.518542147
0.933471636 0.029834171 0.357407659 28.200100399 -0.024427023 0.999509373 -0.019634894 -0.101929192 -0.357818154 0.009598219 0.933741421 85.292545010
0.933412363 0.027363056 0.357758957 28.509697848 -0.023232982 0.999604878 -0.015838432 -0.098154322 -0.358050972 0.006472104 0.933679249 86.063099069
0.933422766 0.027529383 0.357720333 28.660867996 -0.023925968 0.999608922 -0.014496043 -0.097161243 -0.357979712 0.004972129 0.933715627 86.444376856
0.933368086 0.021101071 0.358298306 28.980784423 -0.018437317 0.999771112 -0.010849760 -0.093934071 -0.358445362 0.003520793 0.933543630 87.211157553
0.933028450 0.016235925 0.359435116 29.306641087 -0.012657077 0.999844691 -0.012308312 -0.099513780 -0.359579057 0.006934646 0.933088508 87.986393712
0.933083410 0.018651610 0.359174639 29.456691329 -0.014634361 0.999796090 -0.013900727 -0.103580112 -0.359360842 0.007714214 0.933166213 88.368069219
0.932887529 0.025155162 0.359287717 29.746957296 -0.021436187 0.999667840 -0.014331978 -0.106694889 -0.359528932 0.005668314 0.933116430 89.124379591
0.932802561 0.026659182 0.359399906 30.040467989 -0.021502926 0.999600983 -0.018337841 -0.116150045 -0.359745361 0.009377464 0.933003368 89.858194816
0.933449984 0.028851366 0.357544904 30.180775578 -0.022892684 0.999519668 -0.020887791 -0.121760692 -0.357976100 0.011312577 0.933661745 90.222133763
0.933843951 0.033196414 0.356135655 30.464167973 -0.025323596 0.999321715 -0.026747249 -0.134172460 -0.356781720 0.015959117 0.934051594 90.948993702
0.933519885 0.037405324 0.356567893 30.760053099 -0.029546074 0.999185796 -0.027464808 -0.137849437 -0.357305115 0.015103789 0.933865318 91.703248696
0.933328758 0.036762916 0.357134304 30.908092703 -0.029241687 0.999223353 -0.026438938 -0.137471001 -0.357828662 0.014232995 0.933678731 92.064375011
0.932889805 0.035250024 0.358432293 31.202640843 -0.030582464 0.999358205 -0.018685070 -0.126916692 -0.358861012 0.006469379 0.933367990 92.787209905
0.933627534 0.029522312 0.357025353 31.491667733 -0.026119192 0.999556398 -0.014350759 -0.122192502 -0.357290572 0.004073138 0.933983853 93.501402441
0.933973770 0.026351260 0.356368676 31.644020132 -0.022755375 0.999639574 -0.014279863 -0.123531641 -0.356616700 0.005227822 0.934235776 93.871595468
0.933867516 0.025168937 0.356731778 31.947812108 -0.019668797 0.999625811 -0.019038050 -0.134593765 -0.357077552 0.010762558 0.934012223 94.601648670
0.933906156 0.025302459 0.356621091 32.248953110 -0.019045519 0.999597515 -0.021046503 -0.140917864 -0.357010067 0.012863462 0.934011855 95.332681855
0.933902135 0.026979096 0.356509335 32.390621471 -0.020478237 0.999548913 -0.021997165 -0.143844191 -0.356942053 0.013242563 0.934032416 95.685482347
0.934396583 0.026823132 0.355221477 32.679036586 -0.020165007 0.999545405 -0.022433429 -0.147167719 -0.355661492 0.013798709 0.934512834 96.410527179
0.934884119 0.026848600 0.353935176 32.962248017 -0.020719766 0.999563421 -0.021094910 -0.147397524 -0.354346866 0.012387842 0.935031909 97.126834135
0.935138403 0.027409176 0.353219375 33.099327865 -0.021624665 0.999560464 -0.020313336 -0.147210509 -0.353620686 0.011357545 0.935319860 97.481319133
0.934897815 0.030081850 0.353639973 33.378707961 -0.024480909 0.999494304 -0.020301786 -0.149460528 -0.354072109 0.010322689 0.935160813 98.199021976
0.935282535 0.031308541 0.352514058 33.655145121 -0.025033771 0.999437384 -0.022345813 -0.155176861 -0.353015567 0.012074920 0.935538932 98.917792619
0.935639670 0.031303104 0.351565020 33.795588911 -0.024904233 0.999432043 -0.022709778 -0.156960150 -0.352076136 0.012492775 0.935888208 99.281690599
