1.000000000 0.000000000 0.000000000 0.000000000 0.000000000 1.000000000 0.000000000 -0.000000000 0.000000000 0.000000000 1.000000000 0.000000000
0.999961983 -0.008727906 0.000213977 0.027660005 0.008727467 0.999960081 0.001904168 0.024424722 -0.000230683 -0.001902265 0.999998208 0.800012129
0.999964553 -0.008305046 -0.001379227 0.035613391 0.008313262 0.999947597 0.005992972 0.052061019 0.001329381 -0.006004238 0.999981343 1.579697700
0.999979936 -0.006279049 -0.000873573 0.040929846 0.006284551 0.999959774 0.006468473 0.063451479 0.000832905 -0.006473895 0.999978465 1.979625971
0.999994189 -0.003235537 -0.001184280 0.047995316 0.003237598 0.999993765 0.001706537 0.075222423 0.001178713 -0.001710339 0.999998124 2.729715785
0.999985011 -0.004752649 -0.002946711 0.055943881 0.004743468 0.999984358 -0.003104418 0.087287165 0.002961394 0.003090386 0.999991058 3.489812370
0.999976100 -0.005936424 -0.003625697 0.061355068 0.005923806 0.999976370 -0.003491888 0.096988891 0.003646304 0.003470274 0.999987528 3.879782949
0.999954640 -0.008428860 -0.004440012 0.075308238 0.008431562 0.999964612 0.000583128 0.124591533 0.004434899 -0.000620524 0.999990183 4.659539863
0.999962051 -0.008192517 -0.003040110 0.092352551 0.008216756 0.999933734 0.008037716 0.157904571 0.002974042 -0.008062434 0.999962756 5.439179149
0.999966137 -0.007815776 -0.002574381 0.099853802 0.007843714 0.999909050 0.010983235 0.173252337 0.002488261 -0.011003018 0.999936851 5.829022083
0.999965903 -0.007585000 -0.003248441 0.110905635 0.007630928 0.999868205 0.014348308 0.199422956 0.003139132 -0.014372665 0.999892259 6.598779213
0.999953997 -0.009599441 -0.001037575 0.136968849 0.009612893 0.999858118 0.013846063 0.218623225 0.000904458 -0.013855409 0.999903739 7.358896127
0.999936099 -0.011146478 -0.001885977 0.144362924 0.011169856 0.999855359 0.012840711 0.227244252 0.001742592 -0.012860958 0.999915875 7.748919114
0.999882284 -0.014719269 -0.004425924 0.155007118 0.014762162 0.999843129 0.009811082 0.243098978 0.004280793 -0.009875264 0.999941706 8.538958155
0.999844163 -0.016766326 -0.005579275 0.165573140 0.016811887 0.999825486 0.008221627 0.261681934 0.005440422 -0.008314136 0.999951000 9.338927064
0.999840420 -0.016722380 -0.006310219 0.168970863 0.016768680 0.999832846 0.007347696 0.270545291 0.006186265 -0.007452346 0.999952969 9.728896603
0.999806833 -0.017998188 -0.007967988 0.173881339 0.018042033 0.999822666 0.005459192 0.287863873 0.007868290 -0.005601844 0.999953396 10.498820232
0.999707460 -0.022073160 -0.009929988 0.183638796 0.022138729 0.999733678 0.006536616 0.310830763 0.009783027 -0.006754562 0.999929334 11.288657163
0.999655969 -0.023848176 -0.010934370 0.186225246 0.023938780 0.999679538 0.008229232 0.323908136 0.010734578 -0.008488182 0.999906936 11.668499273
0.999644543 -0.023077317 -0.013379876 0.185302674 0.023244852 0.999651627 0.012503247 0.351725299 0.013086645 -0.012809851 0.999832055 12.438071446
0.999653437 -0.022137162 -0.014270742 0.181340875 0.022354866 0.999633138 0.015281135 0.377090487 0.013927190 -0.015594824 0.999781737 13.207674031
0.999643753 -0.022378107 -0.014534529 0.183861236 0.022590011 0.999638420 0.014582377 0.386019871 0.014202901 -0.014905496 0.999788470 13.587627168
0.999626567 -0.022442865 -0.015635138 0.190412433 0.022638894 0.999666085 0.012477199 0.403685719 0.015349857 -0.012826503 0.999800278 14.387573664
0.999705179 -0.017983517 -0.016319620 0.186198902 0.018224240 0.999725462 0.014725077 0.428520269 0.016050293 -0.015018221 0.999758666 15.177196240
0.999742464 -0.015426407 -0.016676458 0.183675193 0.015705551 0.999736865 0.016737134 0.442334896 0.016413837 -0.016994775 0.999721253 15.566962808
0.999738810 -0.012655084 -0.019037337 0.177771912 0.013067312 0.999679736 0.021684314 0.471379524 0.018756776 -0.021927426 0.999584202 16.336443424
0.999747615 -0.007397407 -0.021228266 0.168753144 0.007963016 0.999612389 0.026683512 0.500820347 0.021022609 -0.026845823 0.999418731 17.115881109
0.999730603 -0.005152987 -0.022645920 0.163200082 0.005777114 0.999602688 0.027580376 0.512802698 0.022494808 -0.027703778 0.999362908 17.505661501
0.999711473 -0.000855975 -0.024021712 0.152704277 0.001426232 0.999717775 0.023734414 0.527575351 0.023994554 -0.023761856 0.999429411 18.305485853
0.999709344 0.002353359 -0.024006654 0.148409643 -0.002008738 0.999894485 0.014367717 0.532050667 0.024037993 -0.014315226 0.999609025 19.075647592
0.999699143 0.001336625 -0.024484988 0.147836313 -0.001086839 0.999947298 0.010211072 0.535109732 0.024497334 -0.010181394 0.999648418 19.455722639
0.999655665 -0.002989532 -0.026083800 0.142305133 0.003119227 0.999983567 0.004930159 0.547645410 0.026068482 -0.005009902 0.999647936 20.255665569
0.999601372 -0.008367990 -0.026976798 0.139980712 0.008566564 0.999937135 0.007250989 0.573147965 0.026914347 -0.007479132 0.999609912 21.055296639
0.999554217 -0.011500803 -0.027547132 0.137360997 0.011778357 0.999881696 0.009936329 0.588571365 0.027429584 -0.010256401 0.999570853 21.455023039
0.999455756 -0.016869052 -0.028375778 0.136219179 0.017288327 0.999744057 0.014597836 0.617896902 0.028122177 -0.015080471 0.999490504 22.244560626
0.999407893 -0.011797282 -0.032336051 0.108285320 0.012395345 0.999755146 0.018359092 0.645095885 0.032111466 -0.018749059 0.999308616 23.013832358
0.999405371 -0.008499352 -0.033426277 0.094853874 0.009150574 0.999770904 0.019379019 0.657103566 0.033253851 -0.019673393 0.999253320 23.393515255
0.999348089 -0.005854758 -0.035636320 0.072971692 0.006594820 0.999764845 0.020683115 0.679891464 0.035506710 -0.020904648 0.999151207 24.152972606
0.999187311 -0.000941980 -0.040296968 0.039463003 0.001859287 0.999740205 0.022731681 0.703257767 0.040265065 -0.022788159 0.998929227 24.882264910
0.999048724 0.001697473 -0.043570926 0.017357804 -0.000706376 0.999741561 0.022751256 0.712868459 0.043598203 -0.022698874 0.998791222 25.231897622
0.998969891 -0.001468982 -0.045362458 -0.002429761 0.002133250 0.999891554 0.014599786 0.718684705 0.045336023 -0.014681559 0.998863849 25.961824049
0.998928524 -0.004190950 -0.046095192 -0.021096216 0.004296309 0.999989048 0.002184731 0.716829952 0.046085484 -0.002380512 0.998934770 26.671961756
0.998817746 -0.002238513 -0.048572350 -0.041310893 0.002151170 0.999996334 -0.001851791 0.719562756 0.048576254 0.001745085 0.998818404 27.021802048
0.998846619 0.000785202 -0.048010757 -0.064786840 -0.000927483 0.999995325 -0.002942821 0.737316108 0.048008093 0.002983929 0.998842399 27.741359101
0.998741308 -0.002162884 -0.050115425 -0.087867389 0.002478731 0.999977348 0.006240988 0.772251578 0.050100691 -0.006357417 0.998724218 28.450453351
0.998610736 -0.004777036 -0.052479664 -0.102821233 0.005403346 0.999916201 0.011799644 0.791338393 0.052418764 -0.012066812 0.998552639 28.799914600
0.998485824 -0.007086000 -0.054561888 -0.129898633 0.008006425 0.999828805 0.016668504 0.818850356 0.054434437 -0.017080098 0.998370948 29.499157698
0.998478400 -0.007103036 -0.054692216 -0.161021796 0.007729430 0.999907251 0.011249611 0.828234451 0.054607187 -0.011655187 0.998440446 30.178833271
0.998564813 -0.005688894 -0.053253208 -0.174085937 0.006147396 0.999946079 0.008449556 0.832757551 0.053202118 -0.008764791 0.998545817 30.518704931
0.998854799 -0.003366824 -0.047741046 -0.189124956 0.003665080 0.999974305 0.006160069 0.847369322 0.047719031 -0.006328050 0.998841312 31.198428422
0.999147690 -0.000227118 -0.041290924 -0.198929919 0.000566050 0.999966895 0.008195714 0.869020069 0.041287684 -0.008212121 0.999113274 31.868019309
0.999233152 -0.000458988 -0.039162543 -0.201749195 0.000856095 0.999948736 0.010124075 0.881243764 0.039155852 -0.010149890 0.999181325 32.197799357
0.999487403 -0.003672697 -0.031825962 -0.191296141 0.004090149 0.999906751 0.013059439 0.903752752 0.031775014 -0.013182880 0.999408429 32.847596291
0.999645678 -0.008969792 -0.025080849 -0.175799813 0.009304691 0.999868644 0.013269869 0.921326521 0.024958535 -0.013498549 0.999596993 33.487581131
0.999705955 -0.011986998 -0.021109372 -0.164658292 0.012279281 0.999829602 0.013769344 0.931042866 0.020940695 -0.014024530 0.999682176 33.817592658
0.999728330 -0.019212998 -0.013246017 -0.137134847 0.019410530 0.999700063 0.014950762 0.950278487 0.012954766 -0.015203844 0.999800671 34.457673899
0.999775592 -0.020492439 -0.005452828 -0.111398136 0.020574704 0.999668288 0.015473931 0.967637137 0.005133897 -0.015582665 0.999865053 35.077776113
0.999835403 -0.018092718 -0.001609655 -0.099931171 0.018115038 0.999721725 0.015121382 0.974876026 0.001335556 -0.015148057 0.999884658 35.377845272
0.999864566 -0.015373597 0.005895163 -0.069089419 0.015307850 0.999821860 0.011038979 0.983541726 -0.006063836 -0.010947233 0.999921729 35.978233082
0.999689280 -0.021371490 0.012871495 -0.023376065 0.021290328 0.999752947 0.006416280 0.991733031 -0.013005473 -0.006140282 0.999897129 36.588812589
0.999547939 -0.026204016 0.014787760 -0.000957751 0.026145177 0.999649367 0.004154876 0.995881687 -0.014891446 -0.003766374 0.999882536 36.889093606
0.999273570 -0.034238600 0.016769148 0.037996781 0.034176430 0.999407976 0.003976907 1.011599074 -0.016895311 -0.003400995 0.999851568 37.489386587
0.999146289 -0.036564182 0.019233446 0.070938811 0.036419495 0.999306597 0.007822243 1.034186353 -0.019506166 -0.007115058 0.999784855 38.099428136
0.999193373 -0.034159218 0.021108665 0.085378935 0.033935180 0.999364947 0.010881886 1.047365079 -0.021467028 -0.010156823 0.999718398 38.409376419
0.999404051 -0.026032316 0.022664848 0.106429986 0.025702496 0.999561233 0.014724739 1.069200512 -0.023038228 -0.014133363 0.999635088 39.009294314
0.999660826 -0.017582938 0.019236075 0.114623673 0.017293169 0.999736174 0.015128502 1.084762836 -0.019497019 -0.014790710 0.999701003 39.589221709
0.999743349 -0.016276901 0.015804378 0.117078541 0.016050291 0.999767906 0.014355992 1.091272585 -0.016034369 -0.014098640 0.999772578 39.889204722
0.999726924 -0.022144503 0.007443807 0.129111900 0.022047317 0.999674025 0.012893738 1.104393198 -0.007726946 -0.012726072 0.999888916 40.479247329
0.999568549 -0.029270141 -0.002412535 0.139246433 0.029294460 0.999513101 0.010765826 1.116236102 0.002096205 -0.010831835 0.999939609 41.059297762
0.999492236 -0.031036754 -0.007312799 0.139937977 0.031108933 0.999466233 0.009973146 1.122338167 0.006999332 -0.010195628 0.999923456 41.339262418
0.999396314 -0.029732166 -0.018017779 0.122286737 0.029942090 0.999485547 0.011491605 1.140085787 0.017666812 -0.012024129 0.999771861 41.908823178
0.999254693 -0.022144492 -0.031641291 0.082732956 0.022679490 0.999604095 0.016651766 1.164023866 0.031259923 -0.017357008 0.999360791 42.477959953
0.999023130 -0.019616521 -0.039598421 0.059627753 0.020381462 0.999611577 0.019007915 1.175328540 0.039210154 -0.019796439 0.999034796 42.747500692
0.998307717 -0.018328580 -0.055193961 0.015362332 0.019545861 0.999576037 0.021595313 1.194478343 0.054774696 -0.022637615 0.998241736 43.286698250
0.997038514 -0.023156111 -0.073340548 -0.033946384 0.024861960 0.999439375 0.022430888 1.210927514 0.072779953 -0.024187852 0.997054768 43.825909394
0.996390048 -0.024711000 -0.081222313 -0.059966301 0.026696863 0.999368983 0.023454212 1.219960573 0.080591382 -0.025537925 0.996420434 44.085472822
0.994929580 -0.023999087 -0.097674403 -0.126792242 0.026536852 0.999341289 0.024766339 1.236232633 0.097015550 -0.027232736 0.994910372 44.584465806
0.993312781 -0.021468208 -0.113448271 -0.203812086 0.024258644 0.999434496 0.023273287 1.248002547 0.112884313 -0.025869721 0.993271790 45.093464789
0.992457718 -0.018794998 -0.121140436 -0.246764685 0.021671718 0.999513140 0.022472808 1.253683081 0.120659335 -0.024928664 0.992380707 45.342915474
0.990672199 -0.015639946 -0.135370200 -0.332579610 0.018487453 0.999633075 0.019802849 1.263075549 0.135010374 -0.022120789 0.990596890 45.831866644
0.988644555 -0.019968658 -0.148944768 -0.410589386 0.022967129 0.999566575 0.018438377 1.275480767 0.148511720 -0.021649910 0.988673529 46.340836881
0.987461529 -0.022721401 -0.156215714 -0.454546886 0.025734193 0.999519278 0.017290131 1.280857060 0.155747413 -0.021093417 0.987571668 46.590283970
0.985094051 -0.024760921 -0.170225373 -0.549213723 0.027803453 0.999493616 0.015512649 1.291939663 0.169754933 -0.020014293 0.985283171 47.069081343
0.982705107 -0.027559866 -0.183115379 -0.643915892 0.031134907 0.999376616 0.016676481 1.308439192 0.182541666 -0.022089391 0.982950548 47.557736616
0.981634906 -0.026770591 -0.188882966 -0.693711079 0.030563990 0.999384886 0.017199022 1.316388356 0.188305980 -0.022656227 0.981849313 47.797041502
0.979184689 -0.024373228 -0.201504982 -0.804112685 0.029154125 0.999358978 0.020792012 1.336536800 0.200868640 -0.026233924 0.979267281 48.265405473
0.976213186 -0.024061045 -0.215476173 -0.919457916 0.029502590 0.999321296 0.022072337 1.352605729 0.214798399 -0.027904410 0.976259540 48.723817044
0.974805643 -0.024061779 -0.221756690 -0.978139732 0.029753777 0.999307127 0.022362113 1.360066084 0.221064822 -0.028396815 0.974845423 48.953026456
0.971771269 -0.025198023 -0.234578693 -1.099508634 0.031384256 0.999250428 0.022675338 1.374669395 0.233831802 -0.029397303 0.971833221 49.411406816
0.969022516 -0.026579351 -0.245537926 -1.220683930 0.032849688 0.999229341 0.021476251 1.386155113 0.244777793 -0.028876800 0.969149766 49.849864836
0.967616874 -0.025867067 -0.251097081 -1.285149310 0.032181347 0.999259864 0.021072966 1.391950841 0.250365719 -0.028471188 0.967732785 50.059042575
0.965046733 -0.023760315 -0.261000927 -1.414318426 0.030051595 0.999345250 0.020139501 1.403851252 0.260351253 -0.027279050 0.965128592 50.497395573
0.963357344 -0.019897779 -0.267484108 -1.542377079 0.025911636 0.999484236 0.018971360 1.415046840 0.266968827 -0.025207176 0.963375229 50.925776282
0.962902291 -0.017983360 -0.269252186 -1.604946659 0.023994987 0.999530504 0.019052136 1.421930370 0.268782910 -0.024805994 0.962881091 51.144951279
0.961980708 -0.016212448 -0.272635539 -1.727938766 0.022580007 0.999540503 0.020234149 1.437285882 0.272181686 -0.025620985 0.961905122 51.573279343
0.960939083 -0.016457433 -0.276271892 -1.847786881 0.023545870 0.999472961 0.022359470 1.454034331 0.275758986 -0.027991153 0.960819721 51.991602449
0.960570928 -0.017347789 -0.277493913 -1.905226237 0.024653275 0.999434515 0.022858916 1.461439996 0.276940340 -0.028798735 0.960455767 52.200819277
0.959947873 -0.018216430 -0.279588201 -2.022121121 0.025746110 0.999397284 0.023282243 1.475243037 0.278995474 -0.029548049 0.959837519 52.619256443
0.959593771 -0.017843526 -0.280822965 -2.140091272 0.025968158 0.999344839 0.025236924 1.491959830 0.280187851 -0.031509667 0.959428190 53.047606771
0.959286164 -0.016866331 -0.281934378 -2.200524628 0.025206242 0.999344390 0.025980001 1.499752143 0.281311254 -0.032028732 0.959081978 53.256778030
0.958811926 -0.014248149 -0.283683587 -2.319165636 0.022887705 0.999369100 0.027163253 1.514226977 0.283117936 -0.032537325 0.958533335 53.655167945
0.958580499 -0.012993837 -0.284527390 -2.432809055 0.021931547 0.999360206 0.028249032 1.528533833 0.283978353 -0.033319064 0.958252059 54.053621059
0.958361812 -0.012621222 -0.285280130 -2.488149929 0.021527071 0.999373815 0.028103673 1.534479430 0.284746016 -0.033074742 0.958032047 54.252897556
0.958209449 -0.013679296 -0.285740713 -2.595709501 0.022606926 0.999353711 0.027968658 1.546394222 0.285172319 -0.033259567 0.957899222 54.641482245
0.958006436 -0.015604794 -0.286323851 -2.707472886 0.024914232 0.999271610 0.028899192 1.560799360 0.285663985 -0.034819133 0.957697222 55.049959102
0.957879822 -0.016242792 -0.286710803 -2.761690557 0.025607896 0.999253126 0.028944241 1.566839746 0.286026967 -0.035067159 0.957580417 55.239241909
0.957481346 -0.016327167 -0.288034892 -2.871132392 0.025715263 0.999253720 0.028839762 1.578516325 0.287348970 -0.035020445 0.957185523 55.617806600
0.957256003 -0.013792816 -0.288915172 -2.979487812 0.022757130 0.999357258 0.027691260 1.587978814 0.288347455 -0.033082498 0.956954037 55.986439401
0.957197336 -0.012620812 -0.289161282 -3.138065029 0.021164875 0.999426883 0.026439931 1.603209372 0.288660801 -0.031428296 0.956915846 56.544409259
0.956912499 -0.013688684 -0.290053743 -3.246616443 0.022356935 0.999396426 0.026592068 1.615639527 0.289514711 -0.031930994 0.956641156 56.932968414
0.956660545 -0.014538926 -0.290844159 -3.299729066 0.023155131 0.999388372 0.026204733 1.620635255 0.290284582 -0.031803529 0.956412217 57.112288029
0.956298690 -0.016557740 -0.291921958 -3.406189005 0.025061597 0.999363414 0.025414807 1.631165554 0.291315416 -0.031620197 0.956104719 57.490918623
0.956216132 -0.015186517 -0.292266453 -3.515621285 0.023722590 0.999388988 0.025684388 1.643441843 0.291697688 -0.031493181 0.955992365 57.869467262
0.956072610 -0.014033647 -0.292796670 -3.569719062 0.022591590 0.999410585 0.025867217 1.649372729 0.292260719 -0.031345690 0.955825145 58.048750105
0.955920671 -0.012007316 -0.293382371 -3.674809321 0.020478240 0.999456919 0.025818691 1.660198616 0.292913156 -0.030688567 0.955646502 58.397375846
0.955468581 -0.011833843 -0.294857722 -3.778924300 0.020044760 0.999491106 0.024840277 1.669469645 0.294413178 -0.029644491 0.955218365 58.746054946
0.955305558 -0.013377719 -0.295316709 -3.830039384 0.021527148 0.999472071 0.024361429 1.674304227 0.294834508 -0.029629989 0.955088824 58.925402354
0.954631496 -0.016517307 -0.297331718 -3.932146951 0.024640635 0.999418171 0.023593407 1.684033810 0.296768550 -0.029849473 0.954482609 59.274092661
0.954149390 -0.018352505 -0.298767553 -4.036233583 0.026609905 0.999367991 0.023593326 1.695083976 0.298145431 -0.030461761 0.954034569 59.622724139
0.953948707 -0.018430902 -0.299403886 -4.088216474 0.026740156 0.999361679 0.023679071 1.700584295 0.298776839 -0.030594728 0.953832705 59.792039094
0.953362203 -0.016992362 -0.301350882 -4.196196126 0.025197144 0.999409346 0.023360182 1.710727796 0.300776393 -0.029863886 0.953227187 60.130644985
0.952803311 -0.014308896 -0.303250225 -4.305288948 0.022398858 0.999480092 0.023215993 1.721406201 0.302760084 -0.028912762 0.952628526 60.479227713
0.952514629 -0.013657848 -0.304187189 -4.359273201 0.021757302 0.999492637 0.023252613 1.726827782 0.303715394 -0.028766727 0.952328414 60.648521294
0.951837339 -0.014230076 -0.306274709 -4.463123229 0.022459803 0.999475381 0.023362938 1.737459046 0.305781412 -0.029116608 0.951656656 60.977158197
0.951282366 -0.015718423 -0.307921591 -4.560729704 0.024218273 0.999423763 0.023801707 1.748087536 0.307369208 -0.030099477 0.951114274 61.285859829
0.951059434 -0.016836971 -0.308549418 -4.610701043 0.025573874 0.999377586 0.024293453 1.754306283 0.307948319 -0.030995306 0.950898565 61.455179034
0.950784394 -0.017476701 -0.309359667 -4.704409083 0.026614767 0.999325067 0.025342712 1.766181273 0.308707376 -0.032329024 0.950607662 61.773897156
0.950882401 -0.015138427 -0.309183811 -4.800992822 0.024589110 0.999341317 0.026692413 1.778233460 0.308576045 -0.032983896 0.950627370 62.082572419
0.951124867 -0.013815937 -0.308498270 -4.849853060 0.023278600 0.999364184 0.027013760 1.783787365 0.307928918 -0.032874856 0.950841850 62.241918267
0.951522633 -0.012902249 -0.307308918 -4.941488258 0.022109857 0.999404815 0.026499165 1.792593067 0.306783580 -0.032009145 0.951240843 62.550739130
0.951899755 -0.014327701 -0.306074160 -5.034267680 0.023066336 0.999422538 0.024952732 1.799984619 0.305539698 -0.030812503 0.951681187 62.869588999
0.952147600 -0.015219133 -0.305260022 -5.078037666 0.023756251 0.999423787 0.024271621 1.803551875 0.304714662 -0.030362022 0.951960212 63.019043831
0.952610760 -0.016746525 -0.303730656 -5.166797484 0.025047672 0.999411097 0.023454932 1.812160390 0.303158631 -0.029951176 0.952469382 63.337908087
0.953179870 -0.017023936 -0.301926166 -5.261644334 0.025360908 0.999397235 0.023713572 1.822961065 0.301340085 -0.030260402 0.953036833 63.666646118
0.953421104 -0.017042980 -0.301161023 -5.310630041 0.025354114 0.999397060 0.023709575 1.828274639 0.300575768 -0.030240872 0.953279024 63.836001292
0.953880328 -0.017583139 -0.299671392 -5.408633783 0.025496660 0.999421684 0.022517033 1.836872770 0.299102680 -0.029119199 0.953776849 64.174765951
0.954388661 -0.016732526 -0.298100213 -5.513880723 0.024081472 0.999490047 0.020996513 1.845499276 0.297596123 -0.027217544 0.954303480 64.533453457
0.954696421 -0.016702642 -0.297114885 -5.564995648 0.023881358 0.999504091 0.020547846 1.850343854 0.296623706 -0.026712456 0.954621268 64.712800598
0.955312937 -0.016385535 -0.295143161 -5.671324704 0.023409637 0.999520517 0.020280893 1.861454319 0.294669805 -0.026283809 0.955237864 65.081412769
0.955680006 -0.017847368 -0.293868223 -5.776748052 0.025065642 0.999469704 0.020814692 1.874277895 0.293340922 -0.027258196 0.955619608 65.459993720
0.955991398 -0.018303500 -0.292825134 -5.831076062 0.025603370 0.999449579 0.021115438 1.881027490 0.292276629 -0.027683502 0.955932881 65.659260437
0.956795650 -0.019372958 -0.290114793 -5.942945964 0.027035805 0.999383257 0.022428242 1.896381720 0.289501275 -0.029302776 0.956728660 66.077714784
0.957123926 -0.020041994 -0.288986664 -6.062037408 0.028230083 0.999309067 0.024193187 1.913123665 0.288302433 -0.031314017 0.957027475 66.516055591
0.957185656 -0.020975976 -0.288714421 -6.118479507 0.029312709 0.999267775 0.024581660 1.920353803 0.287987853 -0.031992238 0.957099235 66.725288859
0.956914525 -0.021756719 -0.289555527 -6.238381608 0.030194709 0.999238715 0.024705340 1.933713894 0.288797258 -0.032383966 0.956841921 67.143702660
0.956779822 -0.021756059 -0.289998278 -6.358391819 0.030356063 0.999221778 0.025189662 1.947923127 0.289224514 -0.032904176 0.956695614 67.572096627
0.956463095 -0.022338098 -0.290998764 -6.419938822 0.031247927 0.999173577 0.026006602 1.956220359 0.290177180 -0.033967467 0.956369723 67.791245524
0.954934832 -0.023174148 -0.295911554 -6.547802095 0.032767621 0.999084591 0.027501129 1.972044151 0.295003388 -0.035958090 0.954819137 68.209499457
0.952757616 -0.023745839 -0.302804632 -6.684572700 0.033818455 0.999034374 0.028063859 1.986079764 0.301845483 -0.036978396 0.952640147 68.617692698
0.951911583 -0.023486288 -0.305473208 -6.757135231 0.033726555 0.999030506 0.028287774 1.993439181 0.304513184 -0.037230065 0.951780428 68.836737554
0.950258222 -0.022675851 -0.310636887 -6.897156504 0.033087449 0.999052513 0.028287835 2.007020955 0.309700242 -0.037158947 0.950108111 69.264913510
0.947767174 -0.022264473 -0.318186507 -7.046082242 0.032681876 0.999089169 0.027438559 2.018994463 0.317286215 -0.036404292 0.947631330 69.683023957
0.946467044 -0.023373067 -0.321954191 -7.114427265 0.033868438 0.999060452 0.027035613 2.024723118 0.321019602 -0.036492405 0.946369429 69.882153637
0.943702587 -0.025488877 -0.329811542 -7.258222460 0.036282675 0.998987388 0.026611837 2.037238751 0.328799479 -0.037080108 0.943671478 70.290305381
0.941013605 -0.025201379 -0.337429760 -7.409951436 0.037001678 0.998906136 0.028584555 2.053937251 0.336339810 -0.039383871 0.940916742 70.698251240
0.939363167 -0.025319283 -0.341989513 -7.487261417 0.037628151 0.998859396 0.029404629 2.061895332 0.340854515 -0.040490073 0.939243418 70.897215583
0.935771280 -0.025377887 -0.351694856 -7.655178984 0.037879568 0.998870399 0.028710604 2.074445186 0.350568788 -0.040188627 0.935674686 71.315087537
0.932255702 -0.021366381 -0.361170103 -7.834207290 0.033865522 0.999025398 0.028312824 2.087715972 0.360212848 -0.038625954 0.932070658 71.742813945
0.930634958 -0.018540562 -0.365479145 -7.925637297 0.031302571 0.999089113 0.029023627 2.095822100 0.364607779 -0.038450836 0.930367207 71.951612855
0.927093136 -0.016917130 -0.374451185 -8.099247974 0.030716714 0.999050431 0.030915054 2.112384574 0.373571874 -0.040163083 0.926731394 72.349301175
0.923102184 -0.017813929 -0.384141393 -8.272910407 0.032127416 0.999006509 0.030875542 2.125698623 0.383210198 -0.040842717 0.922758031 72.747076445
0.920864833 -0.019000687 -0.389418737 -8.361270155 0.033214431 0.999003918 0.029798876 2.130569931 0.388463927 -0.040375071 0.920579170 72.945994268
0.916975008 -0.023023589 -0.398280311 -8.532977728 0.037262190 0.998912053 0.028045421 2.141044133 0.397201000 -0.040557682 0.916834807 73.343869032
0.913281052 -0.023945744 -0.406627712 -8.709530032 0.038526598 0.998873664 0.027707800 2.153645811 0.405505175 -0.040970947 0.913174369 73.731625255
0.911118161 -0.023126515 -0.411496640 -8.802866509 0.037769233 0.998908935 0.027487174 2.159994462 0.410411319 -0.040585918 0.910997237 73.930444832
0.906761954 -0.020674580 -0.421137538 -8.998464310 0.034622905 0.999075072 0.025500617 2.169804118 0.420220207 -0.037703976 0.906638745 74.318052723
0.903116339 -0.019536156 -0.428952717 -9.185937091 0.032912754 0.999175240 0.023788148 2.179799237 0.428133921 -0.035601478 0.903013608 74.695746678
0.901066971 -0.019333959 -0.433249876 -9.281142612 0.032988894 0.999167027 0.024021591 2.186739272 0.432423674 -0.035937489 0.900954004 74.884524051
0.896183003 -0.019729336 -0.443246940 -9.474446710 0.033895729 0.999135955 0.024059754 2.199707069 0.442389236 -0.036586132 0.896076557 75.252065102
0.891610616 -0.019525462 -0.452382806 -9.672877052 0.033937226 0.999141942 0.023763156 2.212402609 0.451530412 -0.036540091 0.891507368 75.629557632
0.889421208 -0.019093130 -0.456690026 -9.775084390 0.033711305 0.999146471 0.023882093 2.219251971 0.455844670 -0.036636871 0.889305669 75.818255251
0.884683547 -0.017762923 -0.465854445 -9.979359904 0.033179612 0.999139270 0.024913029 2.234050610 0.465010360 -0.037497050 0.884511281 76.185618152
0.879428583 -0.016187654 -0.475756389 -10.187509965 0.032571026 0.999126086 0.026211539 2.249102021 0.474916371 -0.038547063 0.879186801 76.542924432
0.876830456 -0.016329980 -0.480521842 -10.293707126 0.033209000 0.999093634 0.026645016 2.256603515 0.479651741 -0.039320893 0.876578075 76.731557634
0.872046155 -0.016332246 -0.489151564 -10.499869999 0.034105038 0.999042007 0.027444713 2.270844095 0.488234165 -0.040615588 0.871767185 77.088909098
0.867506802 -0.014957748 -0.497201616 -10.720249701 0.033743512 0.999014967 0.028820649 2.286791519 0.496280114 -0.041779433 0.867156658 77.466056300
0.865685634 -0.013748312 -0.500399650 -10.824223548 0.032569132 0.999052229 0.028895581 2.293033295 0.499527787 -0.041312043 0.865312315 77.634740913
0.861793245 -0.010615219 -0.507149909 -11.039303626 0.029061214 0.999171942 0.028469460 2.304865997 0.506427603 -0.039273122 0.861387888 77.982048272
0.857686851 -0.006752160 -0.514128570 -11.262462859 0.025466811 0.999244136 0.029361138 2.319391841 0.513542330 -0.038275904 0.857210168 78.339192516
0.855138069 -0.004178926 -0.518384480 -11.381524528 0.023314207 0.999266264 0.030404114 2.327806294 0.517876290 -0.038085422 0.854607002 78.517645763
0.849981195 -0.001871408 -0.526810564 -11.618768434 0.022230865 0.999230168 0.032318705 2.344699108 0.526344622 -0.039181746 0.849368279 78.884565180
0.845733497 -0.001521847 -0.533603177 -11.849936296 0.022465423 0.999210967 0.032756742 2.358710096 0.533132390 -0.039691046 0.845100925 79.241629282
0.843714321 -0.001485326 -0.536791019 -11.968048006 0.022093363 0.999245564 0.031960739 2.363980461 0.536338104 -0.038825276 0.843110103 79.420178427
0.839627204 -0.001998994 -0.543159536 -12.208346586 0.022974771 0.999229430 0.031837381 2.377451771 0.542677135 -0.039210535 0.839025930 79.787154206
0.835236411 -0.000386469 -0.549890659 -12.452586895 0.022722505 0.999169929 0.033811245 2.394593747 0.549421321 -0.040735269 0.834551830 80.153984772
0.832687744 0.001337260 -0.553742364 -12.578666625 0.021088497 0.999195678 0.034124742 2.401898021 0.553342131 -0.040092858 0.831989079 80.332385552
0.828517321 0.005171456 -0.559938996 -12.824729340 0.016784440 0.999278789 0.034064219 2.414924112 0.559711905 -0.037621036 0.827833199 80.679297019
0.823728701 0.008101127 -0.566926534 -13.079794915 0.013439076 0.999337803 0.033806714 2.427800782 0.566824917 -0.035466527 0.823075085 81.026106823
0.821262049 0.008464639 -0.570488407 -13.209878800 0.013263746 0.999337111 0.033921802 2.434857623 0.570397239 -0.035425525 0.820605120 81.204467265
0.816891382 0.009166830 -0.576719098 -13.470041794 0.013016463 0.999326764 0.034321218 2.449271160 0.576644312 -0.035543597 0.816221351 81.561180124
0.813392988 0.008964302 -0.581646677 -13.727223529 0.013342516 0.999331097 0.034060181 2.462498436 0.581562600 -0.035464917 0.812729052 81.917959956
0.811256002 0.008336731 -0.584632098 -13.857320632 0.014011295 0.999334487 0.033692799 2.468725680 0.584523784 -0.035524938 0.810598997 82.096342604
0.807222389 0.007269155 -0.590202942 -14.114401582 0.015001550 0.999349128 0.032825895 2.480644038 0.590057162 -0.035351765 0.806587248 82.443154578
0.804667444 0.005796576 -0.593698161 -14.361391187 0.015746679 0.999392767 0.031099706 2.490627663 0.593517600 -0.034373729 0.804086661 82.780132848
0.803483842 0.005491314 -0.595301283 -14.486374309 0.015878024 0.999404525 0.030649666 2.496357536 0.595114862 -0.034078760 0.802917468 82.948584617
0.800545834 0.005044224 -0.599250960 -14.737335422 0.016101363 0.999422375 0.029922729 2.508142735 0.599056071 -0.033603262 0.800002447 83.285467703
0.797901348 0.004224912 -0.602774089 -14.993421505 0.016528082 0.999446332 0.028883671 2.519735640 0.602562057 -0.033009025 0.797388970 83.632300128
0.796579575 0.003972462 -0.604521045 -15.123514945 0.016760568 0.999448759 0.028653012 2.526192772 0.604301034 -0.032956510 0.796074116 83.810676623
0.793814063 0.004050025 -0.608148031 -15.386472600 0.016330804 0.999475473 0.027972613 2.538235188 0.607941734 -0.032136566 0.793331702 84.147411940
0.790452087 0.004662702 -0.612505850 -15.649398881 0.016126557 0.999466208 0.028420040 2.552246651 0.612311673 -0.032342295 0.789955051 84.484094553
0.788422280 0.004704009 -0.615116763 -15.781361208 0.016399706 0.999454337 0.028663257 2.559305162 0.614916620 -0.032686450 0.787914979 84.652428576
0.784578552 0.003790823 -0.620018509 -16.048294671 0.017939915 0.999423992 0.028811896 2.572879284 0.619770115 -0.033728288 0.784057788 84.989075934
0.781079364 0.004218636 -0.624417120 -16.316208510 0.018318243 0.999392575 0.029666233 2.587688418 0.624162758 -0.034609952 0.780527629 85.325678494
0.779199897 0.004694847 -0.626758178 -16.452146645 0.018719889 0.999351808 0.030758755 2.596278634 0.626495890 -0.035700047 0.778606893 85.493924557
0.775612782 0.005790283 -0.631182887 -16.713808331 0.018814440 0.999301765 0.032286984 2.611624733 0.630928164 -0.036917590 0.774962223 85.810577398
0.771960879 0.006740309 -0.635635396 -16.961246021 0.018882712 0.999259724 0.033528666 2.625713769 0.635390399 -0.037885327 0.771261922 86.107422463
0.770018057 0.007597155 -0.637977691 -17.084962159 0.018516695 0.999242052 0.034248205 2.632928205 0.637753483 -0.038185026 0.769293200 86.255840448
0.766064840 0.010542111 -0.642678005 -17.328147465 0.016586244 0.999208420 0.036161042 2.647575419 0.642550176 -0.038361338 0.765282775 86.532711746
0.761478523 0.010873270 -0.648099417 -17.566246659 0.017187673 0.999169502 0.036957673 2.659976110 0.647962492 -0.039281801 0.760658696 86.799698984
0.754447203 0.009907081 -0.656287329 -17.912780405 0.018219390 0.999184741 0.036027723 2.674310961 0.656108705 -0.039138087 0.753650642 87.185412965
0.750267317 0.008472593 -0.661081159 -18.148799909 0.019973811 0.999171355 0.035474063 2.684072156 0.660833428 -0.039819254 0.749476502 87.442491440
0.748006961 0.008394291 -0.663638022 -18.265295302 0.020485858 0.999152186 0.035728407 2.689848901 0.663375207 -0.040320373 0.747200662 87.571024301
0.743362607 0.009330517 -0.668823920 -18.499169503 0.020033893 0.999143473 0.036205286 2.701088602 0.668589136 -0.040312849 0.742538946 87.818083788
0.738580424 0.009559219 -0.674097927 -18.727937367 0.020217517 0.999136059 0.036319929 2.711351166 0.673862350 -0.040453726 0.737748899 88.055225238
0.736149043 0.010301866 -0.676741816 -18.843325961 0.019301555 0.999158004 0.036205830 2.716193199 0.676544656 -0.039715083 0.735329903 88.173791965
0.732467654 0.012546691 -0.680686281 -19.072999216 0.015895079 0.999242248 0.035522651 2.724762643 0.680616993 -0.036838768 0.731713461 88.400964100
0.728904380 0.020609168 -0.684306052 -19.295452022 0.007978991 0.999223752 0.038592494 2.739510256 0.684569164 -0.033590317 0.728173747 88.618050153
0.727118897 0.023143433 -0.686121877 -19.406781997 0.006512611 0.999154604 0.040603941 2.748018065 0.686481545 -0.033992349 0.726352459 88.736565720
0.723359299 0.020159310 -0.690178207 -19.615406164 0.012048094 0.999052932 0.041808528 2.759598200 0.690366968 -0.038557879 0.722431712 88.963903815
0.720263851 0.010957096 -0.693614177 -19.805062730 0.021134103 0.999064851 0.037728413 2.761446875 0.693379149 -0.041833400 0.719357991 89.181722561
0.719011203 0.005629609 -0.694977064 -19.901395816 0.026463899 0.999020482 0.035471519 2.762074775 0.694495335 -0.043896212 0.718157285 89.290622258
0.717082192 -0.001072363 -0.696988754 -20.091889931 0.033506504 0.998895883 0.032935631 2.766488266 0.696183685 -0.046971228 0.716325210 89.498357719
0.714335166 -0.000793723 -0.699803002 -20.290198092 0.033368229 0.998901080 0.032928058 2.774965129 0.699007395 -0.046872856 0.713576202 89.695887599
0.713140140 0.000820024 -0.701021782 -20.387339903 0.031700963 0.998938294 0.033417521 2.779966967 0.700304852 -0.046054468 0.712357187 89.794655586
0.711514129 0.004811113 -0.702655880 -20.576385031 0.027382031 0.999027148 0.034567500 2.789653632 0.702138926 -0.043835370 0.710689308 89.972252959
0.709764800 0.005595841 -0.704417524 -20.833421931 0.025172134 0.999128740 0.033300129 2.798393171 0.703989737 -0.041366932 0.709005054 90.229112235
0.708393206 0.003691363 -0.705809190 -20.997517829 0.023202323 0.999324360 0.028513651 2.797175275 0.705436338 -0.036575251 0.707829173 90.397292102
0.707501921 0.000662264 -0.706711419 -21.174682669 0.024374369 0.999381694 0.025338095 2.799308260 0.706291671 -0.035152376 0.707047805 90.575232546
0.706879061 0.000127911 -0.707334938 -21.261825000 0.025673753 0.999336158 0.025837779 2.804244011 0.706868603 -0.036424109 0.706405748 90.674119705
0.705386294 0.000495455 -0.708824071 -21.425690621 0.028762199 0.999155922 0.029321037 2.817479107 0.708239469 -0.041069987 0.704776723 90.841912712
0.704545272 -0.001405981 -0.709657672 -21.587696274 0.034170779 0.998905942 0.031945451 2.829553095 0.708836138 -0.046756621 0.703821821 91.019763172
0.704199759 -0.002332533 -0.709998739 -21.671719933 0.036067289 0.998821337 0.032491169 2.834292554 0.709086096 -0.048487962 0.703452957 91.108687912
0.703098951 -0.003972053 -0.711081410 -21.827577424 0.038079482 0.998759918 0.032072860 2.840376669 0.710072391 -0.049627939 0.702378058 91.266763355
