1.000000000 0.000000000 0.000000000 0.000000000 0.000000000 1.000000000 0.000000000 0.000000000 -0.000000000 0.000000000 1.000000000 0.000000000
0.999974300 0.001184278 0.007116907 0.015331542 -0.001186437 0.999999495 0.000286849 0.001742175 -0.007116698 -0.000295255 0.999975071 0.157934778
0.999769274 0.004226917 0.021045886 0.041408506 -0.004227772 0.999991245 -0.000006077 0.003840485 -0.021047018 -0.000082864 0.999778651 0.477715396
0.999347545 0.005975064 0.035619556 0.077878208 -0.005988778 0.999981793 0.000276201 0.007040931 -0.035617482 -0.000489298 0.999365240 0.828087472
0.999060305 0.005974746 0.042928896 0.094806473 -0.006003345 0.999982248 0.000536290 0.008953947 -0.042924945 -0.000793494 0.999078271 1.010970629
0.998334080 0.005609321 0.057431922 0.141997196 -0.005674160 0.999983585 0.000964530 0.012397834 -0.057426135 -0.001288790 0.998348663 1.378491598
0.997278753 0.006609247 0.073427846 0.192610200 -0.006642342 0.999977827 0.000205279 0.013846223 -0.073425617 -0.000692455 0.997300424 1.756229533
0.996609123 0.006336723 0.082038741 0.222522714 -0.006363893 0.999979522 0.000068632 0.015016024 -0.082036871 -0.000590456 0.996629592 1.954320138
0.995084554 0.005035871 0.098901158 0.297616173 -0.005017266 0.999987064 -0.000437483 0.016805529 -0.098903518 -0.000060834 0.995097573 2.363757456
0.993142261 0.004238705 0.116837128 0.374573369 -0.004164886 0.999990949 -0.000876655 0.018578280 -0.116839921 0.000384031 0.993150838 2.758445335
0.992017407 0.005404487 0.125987659 0.417488422 -0.005347054 0.999985985 -0.000794198 0.020034669 -0.125990246 0.000114214 0.992032024 2.971734752
0.989247386 0.008759517 0.145990102 0.502932887 -0.008916878 0.999960023 0.000423097 0.024697198 -0.145981639 -0.001720305 0.989286455 3.385499054
0.985871894 0.010094813 0.167195107 0.610940796 -0.010677411 0.999939395 0.002585450 0.030838610 -0.167158697 -0.004334105 0.985920552 3.819453151
0.984477060 0.010897482 0.175173340 0.666902427 -0.011840419 0.999920279 0.004338182 0.035061108 -0.175112440 -0.006344932 0.984528573 4.047920587
0.979609256 0.010919897 0.200616578 0.803994493 -0.012809532 0.999884812 0.008122981 0.043919487 -0.200505019 -0.010527121 0.979635852 4.509654706
0.974465902 0.010723727 0.224278716 0.956298167 -0.013273214 0.999863017 0.009862547 0.049028385 -0.224143024 -0.012587583 0.974475743 4.984671760
0.971702703 0.010535035 0.235973615 1.032059126 -0.013360432 0.999856928 0.010377252 0.050977425 -0.235830867 -0.013236274 0.971704459 5.222510317
0.965584802 0.012543330 0.259784584 1.199562511 -0.015586305 0.999832113 0.009656532 0.051666971 -0.259619987 -0.013373255 0.965618925 5.710815925
0.958313550 0.014690086 0.285340170 1.387692261 -0.018277098 0.999783745 0.009911669 0.053843385 -0.285133840 -0.014713652 0.958374895 6.207811216
0.954341648 0.013810969 0.298398588 1.494299187 -0.017253541 0.999811303 0.008905226 0.052753743 -0.298220003 -0.013647028 0.954400028 6.458728478
0.945856452 0.012652927 0.324337546 1.715775496 -0.014661704 0.999885689 0.003750184 0.044927111 -0.324253400 -0.008302459 0.945933717 6.953461388
0.936622232 0.014775827 0.350031452 1.938344618 -0.015139348 0.999884504 -0.001698009 0.036482789 -0.350015989 -0.003708819 0.936736867 7.434099804
0.931559974 0.016473829 0.363212969 2.056304977 -0.016044738 0.999862375 -0.004198636 0.032559462 -0.363233022 -0.001916346 0.931696742 7.675292231
0.920445576 0.018849260 0.390415598 2.315172468 -0.017555220 0.999821908 -0.006883334 0.028432400 -0.390476504 -0.000518062 0.920613228 8.164398326
0.908973457 0.019690515 0.416389340 2.591184202 -0.017398936 0.999805429 -0.009298035 0.024418355 -0.416492453 0.001206969 0.909138850 8.652005389
0.902746140 0.018338489 0.429783021 2.739683196 -0.015693519 0.999830178 -0.009698348 0.023615248 -0.429887720 0.002010370 0.902880459 8.893425018
0.877143046 0.015158620 0.479988923 3.344923572 -0.009729697 0.999858098 -0.013796473 0.015550754 -0.480130558 0.007431409 0.877165537 9.823145997
0.870532962 0.015132880 0.491877330 3.499067229 -0.009068188 0.999851228 -0.014711898 0.013586370 -0.492026924 0.008346796 0.870540666 10.046576253
0.855397182 0.016703328 0.517703294 3.824512991 -0.009925790 0.999825006 -0.015858443 0.010570465 -0.517877977 0.008426677 0.855413598 10.491931025
0.839348558 0.016971269 0.543329038 4.160907545 -0.008529203 0.999800785 -0.018053490 0.005400832 -0.543528010 0.010518985 0.839325716 10.914755401
0.830968064 0.016754875 0.556067221 4.339785710 -0.007417104 0.999791511 -0.019040959 0.002860111 -0.556270698 0.011698114 0.830918799 11.130193341
0.813893179 0.016283749 0.580786294 4.694424067 -0.004979499 0.999766207 -0.021052950 -0.002434267 -0.580993590 0.014242895 0.813783802 11.537421008
0.795384320 0.016137831 0.605890967 5.057783324 -0.003213059 0.999743502 -0.022410242 -0.006906099 -0.606098140 0.015878062 0.795231667 11.924043040
0.786158840 0.016835063 0.617795262 5.246120639 -0.003001527 0.999720835 -0.023423304 -0.009862985 -0.618017516 0.016560120 0.785990275 12.118235826
0.766586758 0.016191183 0.641936601 5.631491130 0.000376430 0.999670387 -0.025663866 -0.016363940 -0.642140898 0.019915214 0.766328281 12.486027585
0.745999827 0.017170426 0.665724363 6.021780464 0.001345119 0.999627213 -0.027289949 -0.022087597 -0.665945007 0.021253825 0.745697897 12.836463622
0.735264933 0.017644734 0.677550457 6.220339862 0.002061280 0.999598563 -0.028268488 -0.025309625 -0.677777558 0.022181534 0.734933019 13.008760081
0.713816200 0.017901151 0.700104097 6.620090122 0.004239276 0.999544733 -0.029879999 -0.031349466 -0.700320878 0.024296780 0.713414577 13.337950126
0.692228320 0.018522664 0.721440482 7.027476992 0.004731685 0.999532897 -0.030202811 -0.035469164 -0.721663433 0.024320976 0.691816684 13.660625004
0.680925970 0.019415480 0.732095208 7.231731484 0.003761158 0.999542528 -0.030006601 -0.037013017 -0.732343632 0.023185889 0.680541615 13.814908280
0.657611555 0.019209755 0.753112581 7.660400039 0.005414665 0.999528611 -0.030223278 -0.041433221 -0.753338382 0.023953157 0.657196376 14.119388297
0.633238281 0.020604019 0.773682252 8.101232906 0.004379912 0.999534795 -0.030203629 -0.045836609 -0.773944846 0.022514757 0.632852761 14.413469669
0.620562406 0.020308447 0.783894019 8.326002953 0.005329421 0.999531983 -0.030114127 -0.048011956 -0.784138913 0.022865422 0.620163774 14.550210766
0.595202483 0.019485368 0.803339184 8.783133666 0.008053356 0.999510888 -0.030210566 -0.053032008 -0.803535640 0.024451010 0.594754623 14.817199507
0.569967306 0.021428576 0.821387885 9.231781904 0.008204827 0.999461683 -0.031767721 -0.060671891 -0.821626426 0.024845938 0.569484727 15.065109563
0.557462571 0.022567424 0.829895267 9.458377509 0.008385267 0.999426836 -0.032810253 -0.065013578 -0.830160427 0.025249459 0.556953125 15.187119246
0.530916940 0.023230278 0.847105523 9.927563500 0.010096050 0.999380225 -0.033733848 -0.072035195 -0.847363749 0.026462385 0.530353252 15.417476643
0.505334677 0.023480740 0.862604559 10.415428123 0.011377146 0.999361685 -0.033868398 -0.078161843 -0.862849146 0.026928845 0.504744027 15.645028638
0.492579955 0.022937809 0.869964344 10.667549935 0.013383189 0.999335273 -0.033926603 -0.081309157 -0.870165065 0.028354506 0.491945056 15.758381252
0.467987621 0.021986371 0.883461585 11.166405434 0.016705275 0.999291467 -0.033718250 -0.087219990 -0.883577972 0.030538154 0.467288990 15.963382981
0.444469111 0.023134125 0.895495767 11.657988296 0.016257936 0.999293388 -0.033885184 -0.093900046 -0.895646623 0.029619886 0.443778463 16.161440459
0.433128748 0.024124248 0.901009884 11.893646222 0.015412885 0.999297970 -0.034165114 -0.097538024 -0.901200618 0.028685094 0.432451836 16.249395739
0.408630601 0.024862722 0.912360748 12.396212857 0.015609354 0.999292006 -0.034222882 -0.104402187 -0.912566898 0.028225976 0.407952723 16.424906305
0.383329423 0.026364902 0.923235133 12.909397517 0.015458388 0.999269673 -0.034954623 -0.112701356 -0.923483239 0.027670916 0.382642041 16.591330213
0.369990512 0.026616580 0.928654097 13.172075198 0.016343179 0.999248492 -0.035151329 -0.116662567 -0.928891786 0.028182892 0.369277875 16.669341335
0.344852544 0.026039291 0.938295495 13.677961468 0.019029030 0.999215541 -0.034723757 -0.123060246 -0.938464093 0.029829431 0.344085812 16.802548973
0.321000679 0.024580987 0.946759385 14.195268826 0.022464048 0.999183968 -0.033558692 -0.128482343 -0.946812638 0.032040465 0.320186905 16.925999832
0.309416112 0.024348261 0.950615223 14.453328419 0.023050527 0.999187039 -0.033095090 -0.131508813 -0.950647032 0.032152340 0.308602891 16.981652930
0.288049006 0.024523866 0.957301485 14.975928186 0.023584964 0.999187604 -0.032693572 -0.138583233 -0.957325459 0.031995254 0.287236695 17.100568300
0.268377561 0.025519875 0.962976147 15.488539856 0.024578890 0.999142092 -0.033328460 -0.147439748 -0.963000647 0.032613560 0.267520225 17.201697772
0.259074111 0.026289987 0.965499613 15.752638454 0.026002653 0.999077703 -0.034181679 -0.152887340 -0.965507461 0.033961222 0.258151627 17.252171920
0.242795899 0.027020338 0.969700911 16.283897326 0.029186090 0.998955799 -0.035143353 -0.162618545 -0.969638841 0.036834515 0.241752696 17.350510831
0.227589093 0.026665904 0.973392039 16.821275644 0.031543226 0.998898970 -0.034739825 -0.170241746 -0.973247199 0.038610340 0.226496442 17.443632813
0.220422925 0.026575130 0.975041946 17.089970307 0.031305760 0.998921188 -0.034303228 -0.173743406 -0.974901956 0.038085672 0.219352917 17.490191205
0.206383557 0.026270031 0.978118088 17.652507485 0.032530507 0.998903358 -0.033692240 -0.181513116 -0.977930696 0.038772230 0.205301337 17.588117127
0.193572897 0.025637866 0.980750183 18.218433733 0.033914320 0.998886619 -0.032805734 -0.189027529 -0.980499721 0.039611828 0.192487690 17.669991517
0.188013578 0.025328846 0.981839492 18.508818275 0.035834519 0.998825404 -0.032629118 -0.193309693 -0.981512396 0.041318540 0.186884641 17.711158932
0.177516350 0.024825472 0.983804593 19.104444578 0.038975655 0.998720361 -0.032234693 -0.202114088 -0.983346186 0.044066639 0.176321814 17.793947411
0.169348845 0.025499914 0.985226631 19.720638647 0.039254070 0.998697451 -0.032595918 -0.212730978 -0.984774243 0.044194308 0.168127040 17.885453238
0.165150467 0.026100932 0.985922917 20.039197023 0.039046637 0.998692676 -0.032979667 -0.218625163 -0.985495257 0.043943613 0.163915227 17.928837256
0.156331167 0.026816586 0.987340562 20.695746108 0.038532525 0.998705063 -0.033226336 -0.229887442 -0.986953009 0.043239032 0.155094812 18.012153077
0.147779517 0.024875983 0.988707545 21.367980514 0.041768671 0.998635093 -0.031368885 -0.237569474 -0.988137820 0.045932749 0.146538558 18.095240606
0.143937269 0.023561512 0.989306152 21.712088892 0.042901867 0.998628410 -0.030025598 -0.240929544 -0.988656861 0.046764983 0.142728523 18.129956319
0.135789590 0.021104783 0.990513120 22.400300855 0.045463645 0.998586820 -0.027509570 -0.247919633 -0.989694294 0.048767894 0.134638492 18.199390010
0.130498727 0.020462358 0.991237792 23.091159379 0.044884396 0.998640402 -0.026524444 -0.257776104 -0.990432469 0.047952495 0.129402646 18.279697877
0.128076536 0.022137526 0.991517310 23.442440243 0.042732749 0.998699737 -0.027817810 -0.266005864 -0.990843234 0.045933185 0.126963100 18.321405125
0.122671639 0.028292227 0.992044083 24.140697963 0.038611080 0.998700686 -0.033256587 -0.287309617 -0.991696139 0.042383536 0.121419927 18.395309916
0.118940436 0.032196658 0.992379412 24.862653845 0.035312563 0.998704348 -0.036634308 -0.305392631 -0.992273137 0.039400778 0.117648939 18.475290225
0.116487648 0.033020926 0.992642957 25.226111451 0.036215824 0.998641358 -0.037470445 -0.312905708 -0.992531730 0.040314312 0.115132748 18.506592960
0.113766612 0.029782065 0.993061115 25.963467876 0.038841337 0.998653075 -0.034399621 -0.319979818 -0.992747959 0.042485345 0.112455687 18.573482825
0.111575938 0.025379863 0.993431356 26.717240948 0.039313997 0.998778518 -0.029932114 -0.325102316 -0.992978322 0.042395509 0.110442156 18.639508148
0.110343649 0.024108486 0.993600618 27.102879019 0.038639373 0.998845934 -0.028526852 -0.329236787 -0.993142468 0.041539922 0.109284785 18.678184890
0.110473948 0.022454052 0.993625440 27.877161258 0.038297800 0.998905948 -0.026831527 -0.339471145 -0.993141719 0.041017928 0.109492166 18.752955228
0.112006625 0.022401749 0.993455165 28.642610188 0.039900771 0.998838683 -0.027021847 -0.352736394 -0.992905727 0.042666305 0.110982301 18.822100094
0.113603256 0.022823727 0.993263922 29.031988167 0.040704669 0.998789729 -0.027606335 -0.360324943 -0.992691687 0.043566647 0.112536360 18.857556267
0.117888061 0.023512136 0.992748328 29.811167055 0.041488688 0.998729797 -0.028580640 -0.375152198 -0.992160357 0.044557136 0.116762083 18.941265539
0.121926535 0.023055296 0.992271552 30.612503680 0.039091893 0.998843212 -0.028011510 -0.387880599 -0.991768973 0.042205132 0.120883547 19.032359548
0.123381719 0.022849576 0.992096281 31.016423381 0.037137951 0.998928515 -0.027625608 -0.394130661 -0.991664575 0.040252917 0.122400289 19.081705899
0.127796055 0.023042922 0.991532486 31.822722358 0.033403621 0.999062802 -0.027523301 -0.407752671 -0.991237852 0.036638098 0.126906082 19.181707822
0.132208696 0.022940762 0.990956473 32.637047316 0.030403124 0.999168193 -0.027187219 -0.420994331 -0.990756015 0.033722610 0.131401544 19.288007350
0.133797889 0.022899584 0.990744012 33.051254808 0.030249724 0.999172950 -0.027179597 -0.427930684 -0.990547386 0.033606285 0.132993554 19.341710532
0.137676370 0.022341170 0.990225076 33.886520917 0.030597471 0.999173064 -0.026797236 -0.441304023 -0.990004521 0.033987743 0.136878773 19.443263548
0.143095849 0.021480239 0.989475879 34.721454660 0.030387585 0.999197788 -0.026085965 -0.454048624 -0.989242203 0.033800590 0.142327354 19.558261059
0.145753153 0.021365316 0.989090783 35.131862758 0.030424665 0.999197596 -0.026067040 -0.460880252 -0.988853406 0.033892122 0.144985314 19.615212894
0.152136140 0.021562012 0.988124105 35.945063118 0.031116004 0.999161644 -0.026593769 -0.475293878 -0.987869293 0.034792400 0.151337613 19.735621922
0.156759919 0.022487294 0.987380617 36.760523510 0.031645002 0.999112978 -0.027778667 -0.490874125 -0.987129540 0.035600340 0.155909332 19.854091013
0.158117109 0.022660433 0.987160527 37.170164591 0.031696236 0.999104892 -0.028011612 -0.498086731 -0.986911953 0.035718423 0.157256262 19.911695949
0.163369146 0.023600428 0.986282587 37.993644572 0.031318374 0.999086554 -0.029094433 -0.513646559 -0.986068155 0.035641874 0.162480381 20.036465663
0.168487409 0.023310141 0.985428553 38.845018051 0.030315254 0.999125062 -0.028817518 -0.527260233 -0.985237918 0.034728869 0.167632789 20.176871909
0.169748733 0.023148127 0.985215370 39.269946386 0.030025342 0.999138558 -0.028648518 -0.533963142 -0.985030160 0.034444492 0.168906819 20.247724067
0.171882400 0.022381914 0.984863318 40.107583515 0.029001805 0.999193880 -0.027769151 -0.546374742 -0.984690344 0.033335902 0.171095073 20.373568925
0.173531704 0.021301707 0.984597812 40.963543649 0.028566951 0.999236176 -0.026653301 -0.558572381 -0.984413979 0.032752188 0.172791269 20.510063859
0.174465688 0.020805338 0.984443437 41.391520342 0.028797148 0.999241431 -0.026221573 -0.564861165 -0.984242549 0.032923952 0.173733957 20.578312918
0.179200312 0.020510562 0.983598772 42.236811488 0.028764796 0.999246020 -0.026077499 -0.578493246 -0.983392186 0.032966135 0.178474876 20.723918570
0.181784033 0.020540772 0.983124223 43.049681968 0.029033310 0.999234401 -0.026245837 -0.592138160 -0.982909970 0.033314390 0.181047528 20.857770918
0.182738202 0.020309464 0.982952078 43.458996898 0.028633979 0.999252966 -0.025969572 -0.598372095 -0.982744288 0.032891415 0.182020138 20.928817414
0.185145593 0.019563181 0.982516595 44.265062244 0.026889054 0.999326720 -0.024964997 -0.609926873 -0.982343412 0.031041144 0.184495008 21.068501393
0.187623543 0.019599103 0.982045492 45.077600359 0.025332145 0.999372401 -0.024784718 -0.622943048 -0.981914746 0.029527528 0.187009197 21.215798235
0.188904680 0.020833899 0.981774319 46.299420021 0.021797162 0.999439579 -0.025402917 -0.644072796 -0.981753877 0.026198642 0.188344553 21.434157333
0.192670572 0.019063940 0.981078321 47.116994536 0.019712058 0.999534145 -0.023293827 -0.653813384 -0.981065522 0.023827091 0.192204740 21.590327128
0.192491075 0.016422077 0.981161401 47.523369250 0.015109374 0.999692401 -0.019696559 -0.654372618 -0.981182805 0.018616159 0.192183167 21.663925665
0.194613481 0.009342897 0.980835586 48.350371363 0.002276263 0.999948080 -0.009976631 -0.651084330 -0.980878118 0.004174212 0.194581431 21.838436956
0.196470283 0.008518917 0.980472698 49.177319083 0.010982472 0.999880915 -0.010888335 -0.666080149 -0.980448612 0.012907332 0.196353672 21.973402174
0.196997064 0.011837734 0.980332825 49.594840713 0.018069354 0.999713182 -0.015702900 -0.681100827 -0.980237688 0.020807473 0.196726003 22.037373378
0.196774952 0.028875217 0.980023761 50.410636446 0.019519933 0.999252525 -0.033361262 -0.724725848 -0.980255029 0.025694682 0.196063707 22.181677353
0.196981664 0.033796258 0.979824296 51.242115954 0.015456221 0.999174721 -0.037571081 -0.745515473 -0.980285701 0.022545243 0.196296381 22.339041341
0.198024013 0.028675848 0.979777524 51.672171962 0.016019558 0.999344186 -0.032486332 -0.743803784 -0.980066504 0.022128617 0.197433941 22.418723360
0.198409314 0.014854576 0.980006939 52.522412722 0.022848820 0.999543759 -0.019776661 -0.735583769 -0.979853475 0.026315848 0.197978077 22.560246336
0.197980238 0.008347456 0.980170713 53.367878600 0.027911291 0.999510525 -0.014149934 -0.739377745 -0.979808794 0.030159311 0.197650036 22.705769492
0.198389769 0.008478750 0.980087140 53.782151620 0.029320829 0.999463513 -0.014581572 -0.746745244 -0.979684893 0.031629826 0.198034292 22.785725914
0.198695663 0.011694528 0.979990969 54.603360742 0.029709993 0.999397219 -0.017949882 -0.765868767 -0.979610894 0.032682190 0.198227800 22.938724855
0.198443560 0.014037965 0.980012285 55.423850258 0.027789393 0.999415112 -0.019943044 -0.782703782 -0.979718922 0.031191567 0.197936854 23.092354513
0.197706994 0.014229948 0.980158498 55.841172702 0.027277506 0.999427524 -0.020011960 -0.789597167 -0.979882107 0.030692842 0.197204899 23.169707333
0.196462522 0.014484655 0.980404352 56.686454259 0.027377052 0.999420060 -0.020251754 -0.803769144 -0.980129246 0.030819348 0.195951135 23.315317513
0.196350900 0.015139428 0.980417121 57.547000696 0.026769390 0.999425316 -0.020794249 -0.818691180 -0.980168201 0.030328190 0.195832599 23.474185477
0.196260446 0.016265758 0.980417399 57.965050736 0.026695610 0.999403549 -0.021924809 -0.827423159 -0.980188732 0.030475827 0.195708903 23.550903808
0.197310570 0.018343588 0.980169596 58.797356749 0.026204123 0.999369142 -0.023977942 -0.844482452 -0.979991247 0.030415687 0.196704041 23.707586609
0.196641433 0.019196306 0.980287502 59.620926054 0.025678458 0.999364795 -0.024720966 -0.859133683 -0.980139809 0.030033499 0.196023277 23.858598329
0.196343530 0.019144659 0.980348437 60.030236722 0.025373327 0.999375954 -0.024598051 -0.865607572 -0.980206912 0.029704357 0.195733897 23.929646837
0.195407763 0.018726813 0.980543297 60.856887946 0.024397880 0.999415150 -0.023949481 -0.877955042 -0.980418721 0.028603206 0.194836301 24.078039614
0.194219600 0.018290417 0.980787129 61.698388044 0.025098879 0.999405916 -0.023607894 -0.891012490 -0.980637549 0.029201826 0.193644791 24.226889980
0.194661269 0.017921981 0.980706840 62.115718834 0.026056869 0.999386121 -0.023435509 -0.897435965 -0.980524457 0.030116175 0.194073760 24.304238860
0.194709022 0.017968173 0.980696653 62.951116888 0.027969607 0.999323719 -0.023862706 -0.911621606 -0.980462815 0.032075990 0.194074302 24.458297938
0.194007946 0.017818254 0.980838209 63.784577864 0.031116498 0.999219854 -0.024307023 -0.925799262 -0.980506486 0.035236055 0.193301675 24.600856903
0.193153960 0.018254325 0.980998778 64.198425644 0.032408048 0.999162669 -0.024973396 -0.933646579 -0.980633342 0.036616068 0.192400775 24.668017489
0.191328256 0.019562292 0.981331345 65.020794523 0.033872968 0.999074666 -0.026520208 -0.949618518 -0.980941356 0.038314590 0.190487764 24.806890331
0.190791476 0.021223704 0.981401234 65.832855369 0.034894013 0.998987437 -0.028387793 -0.966043947 -0.981010998 0.039661242 0.189857505 24.941415901
0.190757852 0.021167845 0.981408696 66.241403459 0.035089958 0.998982002 -0.028367428 -0.972648863 -0.981009865 0.039848937 0.189821005 25.013115414
0.190460382 0.020038800 0.981490441 67.063096948 0.034214729 0.999048690 -0.027036834 -0.983842774 -0.981098316 0.038730902 0.189593088 25.152598097
0.189630954 0.017999062 0.981690177 67.910735315 0.033033741 0.999149364 -0.024700348 -0.993732422 -0.981299809 0.037112837 0.188875143 25.296222648
0.189160043 0.016952001 0.981799933 68.334175074 0.032549510 0.999193047 -0.023523631 -0.998637780 -0.981407048 0.036406864 0.188455152 25.368359546
0.188189610 0.015471970 0.982011304 69.163144930 0.030332554 0.999307864 -0.021557405 -1.008852507 -0.981664757 0.033843910 0.187589236 25.514784720
0.187098792 0.016452380 0.982203346 69.989763659 0.027044240 0.999394769 -0.021892016 -1.023029624 -0.981968923 0.030658948 0.186540019 25.663192838
0.185978121 0.016662646 0.982412681 70.400585809 0.026982529 0.999392627 -0.022058685 -1.030011313 -0.982183536 0.030610352 0.185415327 25.732945791
0.184316231 0.016998324 0.982719458 71.212694067 0.026968309 0.999386753 -0.022344783 -1.043767257 -0.982496926 0.030620814 0.183744744 25.867448977
0.181875606 0.016809414 0.983177984 72.041959354 0.026315857 0.999412787 -0.021955203 -1.056690322 -0.982969887 0.029866292 0.181325433 26.000447095
0.181545096 0.016091053 0.983251248 72.466904735 0.026570524 0.999420544 -0.021261696 -1.062433415 -0.983023728 0.029985509 0.181012289 26.071291204
0.179894814 0.014127673 0.983584741 73.296215658 0.027763592 0.999426270 -0.019433200 -1.072786976 -0.983294104 0.030803814 0.179399023 26.204267776
0.178217642 0.011919093 0.983918407 74.115243585 0.027524109 0.999474831 -0.017093055 -1.082184298 -0.983606486 0.030127780 0.177795665 26.332885254
0.177591604 0.011600404 0.984036202 74.518821333 0.028000183 0.999465970 -0.016835685 -1.088345517 -0.983706147 0.030543160 0.177171789 26.395680626
0.174439195 0.012203371 0.984592487 75.297322705 0.030247326 0.999384813 -0.017745685 -1.102635156 -0.984203465 0.032876900 0.173962800 26.506284922
0.171913332 0.012961398 0.985026421 76.063244825 0.031759740 0.999320929 -0.018692500 -1.116841541 -0.984600684 0.034497755 0.171384396 26.614487163
0.170488905 0.013079040 0.985273277 76.448495661 0.032185261 0.999304397 -0.018834666 -1.123436678 -0.984833857 0.034922398 0.169948887 26.666634304
0.168290020 0.012945042 0.985652113 77.225507037 0.032698779 0.999290592 -0.018707227 -1.136008750 -0.985195062 0.035377859 0.167747212 26.778524010
0.165523174 0.012623992 0.986124985 77.992226894 0.033429030 0.999271602 -0.018403508 -1.148104491 -0.985638926 0.036011475 0.164980887 26.886058647
0.163651509 0.015596730 0.986395433 79.102558331 0.036198697 0.999107137 -0.021803487 -1.172189780 -0.985854051 0.039274346 0.162939984 27.041831124
0.161140688 0.017797917 0.986770916 79.846319519 0.038551920 0.998960536 -0.024313375 -1.188674984 -0.986178161 0.041959838 0.160286466 27.142650137
0.159072421 0.018698421 0.987089496 80.213229770 0.039780271 0.998887737 -0.025332633 -1.196473890 -0.986465928 0.043296489 0.158150871 27.184155502
0.157218998 0.018153033 0.987396220 80.931921417 0.042161084 0.998796483 -0.025075817 -1.207783554 -0.986663769 0.045572114 0.156264319 27.280128405
0.154543114 0.017458231 0.987831750 81.979489240 0.043566739 0.998751255 -0.024467136 -1.223984019 -0.987025559 0.046817779 0.153588561 27.423827987
0.151506242 0.018759535 0.988277919 82.677539072 0.043775439 0.998711936 -0.025668647 -1.237650384 -0.987486839 0.047151331 0.150490143 27.511118502
0.149966317 0.019046125 0.988507742 83.367259148 0.043836243 0.998703384 -0.025893052 -1.249458671 -0.987719796 0.047215579 0.148937073 27.605542407
0.149282366 0.019097207 0.988609969 83.714781105 0.043965098 0.998696480 -0.025930950 -1.255304146 -0.987817041 0.047335394 0.148248192 27.650479195
0.147875033 0.018471567 0.988833946 84.426225330 0.044004738 0.998712838 -0.025236871 -1.265963308 -0.988026666 0.047245293 0.146870816 27.739495942
0.145144092 0.018234852 0.989242493 85.119764865 0.043507552 0.998745957 -0.024793637 -1.276746536 -0.988454311 0.046638118 0.144168323 27.830661720
0.143533929 0.018273192 0.989477088 85.461551948 0.043363292 0.998753762 -0.024734920 -1.282389321 -0.988695716 0.046457258 0.142561789 27.867346294
0.141744816 0.018974801 0.989721251 86.150083494 0.042661810 0.998770825 -0.025258181 -1.294848444 -0.988983955 0.045803526 0.140760251 27.949625704
0.139969126 0.019351423 0.989966509 86.833305407 0.041989856 0.998793515 -0.025460887 -1.306625059 -0.989265052 0.045132297 0.138987585 28.036448736
0.138494604 0.019407834 0.990173174 87.172812748 0.041500332 0.998816120 -0.025381905 -1.312211008 -0.989493195 0.044607845 0.137524786 28.075082554
0.135066175 0.020076297 0.990633418 87.829695441 0.040970451 0.998826787 -0.025828480 -1.324032038 -0.989989193 0.044075287 0.134085303 28.144953294
0.133425725 0.021296623 0.990830118 88.492297736 0.039789880 0.998848144 -0.026827136 -1.336915594 -0.990260428 0.043004467 0.132423725 28.223083458
0.132839668 0.021560394 0.990903214 88.827237777 0.039242442 0.998864994 -0.026994534 -1.342827788 -0.990360440 0.042471374 0.131843066 28.265619450
0.130576753 0.021826944 0.991198110 89.481091467 0.038522326 0.998890951 -0.027071169 -1.353973154 -0.990689765 0.041718102 0.129590724 28.338084151
0.128632634 0.022266854 0.991442601 90.127682109 0.037534211 0.998922821 -0.027304759 -1.365347848 -0.990981638 0.040725238 0.127657998 28.403600074
0.127809048 0.022302639 0.991548285 90.451572671 0.036840283 0.998950175 -0.027217871 -1.370654787 -0.991115087 0.040007690 0.126852553 28.442429822
0.126315639 0.022237950 0.991740800 91.061205890 0.036124840 0.998982871 -0.027001468 -1.380648890 -0.991332568 0.039237271 0.125383051 28.500080194
0.125170766 0.021569207 0.991900869 91.678114766 0.035479229 0.999027335 -0.026201445 -1.389703802 -0.991501517 0.038471543 0.124283364 28.564673392
0.126035449 0.020933423 0.991804763 91.991723931 0.035534928 0.999040619 -0.025601913 -1.393964520 -0.991389121 0.038470476 0.125170802 28.599143292
0.128580115 0.020058983 0.991496144 92.616651507 0.034805624 0.999088604 -0.024726344 -1.403049002 -0.991088167 0.037688928 0.127763947 28.670037533
0.131715858 0.019703315 0.991091874 93.248821534 0.033565590 0.999140715 -0.024324283 -1.413063932 -0.990719735 0.036470510 0.130940833 28.747890277
0.133047471 0.019923685 0.990909389 93.558605735 0.033070108 0.999152136 -0.024529742 -1.418659650 -0.990557674 0.036033026 0.132275537 28.785620904
0.135723025 0.020879160 0.990526371 94.161784302 0.031305419 0.999188901 -0.025351353 -1.430292987 -0.990251982 0.034449612 0.134958897 28.861934039
0.138836168 0.021125558 0.990090234 94.748609082 0.029097364 0.999253816 -0.025401414 -1.440338618 -0.989887913 0.032335731 0.138117852 28.939082039
0.141019723 0.021473357 0.989774307 95.030954857 0.028533932 0.999261760 -0.025744695 -1.445720993 -0.989595510 0.031872699 0.140302435 28.973957885
0.145356815 0.022338447 0.989127165 95.611674398 0.028065071 0.999249442 -0.026691421 -1.457074782 -0.988981887 0.031639728 0.144619751 29.056316105
0.151502634 0.023268795 0.988183081 96.175251471 0.027998447 0.999220953 -0.027821324 -1.468441607 -0.988060672 0.031882629 0.150732874 29.140172518
0.153795255 0.024041090 0.987809992 96.458765532 0.026718166 0.999236934 -0.028479123 -1.474312925 -0.987741395 0.030772465 0.153035227 29.187202417
0.158389924 0.025044646 0.987059471 97.003700553 0.023025974 0.999313263 -0.029050564 -1.484515116 -0.987108069 0.027329387 0.157703958 29.273846960
0.163643706 0.024823641 0.986207346 97.557446507 0.020524617 0.999381963 -0.028561066 -1.492946174 -0.986306510 0.024915454 0.163032471 29.366127539
0.166042810 0.024515334 0.985813703 97.817356873 0.020078414 0.999399806 -0.028235146 -1.496719257 -0.985914718 0.024481861 0.165449858 29.407037320
0.171582926 0.025138645 0.984848905 98.361201035 0.017110050 0.999447756 -0.028492348 -1.506193779 -0.985021681 0.021739647 0.171057747 29.507775433
0.175921689 0.025436745 0.984075687 98.903102259 0.017646011 0.999424537 -0.028988148 -1.515990254 -0.984246098 0.022464653 0.175371447 29.597016200
0.178249558 0.025757653 0.983648414 99.172532509 0.016915837 0.999429692 -0.029236383 -1.520880595 -0.983840073 0.021850667 0.177712378 29.642936331
0.183474718 0.025922155 0.982682757 99.713343761 0.015789031 0.999445751 -0.029312330 -1.529899410 -0.982898138 0.020893684 0.182963072 29.746270249
0.187891131 0.026367012 0.981835724 100.246889124 0.014805191 0.999450295 -0.029673282 -1.539307523 -0.982078230 0.020111637 0.187397361 29.842656731
0.189951363 0.026585769 0.981433470 100.508724316 0.014005475 0.999458473 -0.029784836 -1.543778458 -0.981693850 0.019403179 0.189475762 29.895072409
0.193234462 0.026066932 0.980806345 101.026679180 0.013998242 0.999472624 -0.029320915 -1.551427846 -0.981053586 0.019395422 0.192767273 29.991642413
0.195811215 0.025726567 0.980304138 101.536606820 0.014794127 0.999464558 -0.029184529 -1.559527572 -0.980530254 0.020217442 0.195324856 30.081915400
0.197642249 0.025952243 0.979931042 101.789660378 0.014782990 0.999457300 -0.029450945 -1.564119958 -0.980162973 0.020307065 0.197150993 30.128681208
0.199190849 0.025042469 0.979640418 102.295800344 0.016826889 0.999438782 -0.028970059 -1.571455087 -0.979816560 0.022254901 0.198657796 30.222197316
0.200716518 0.022025124 0.979401623 102.805795995 0.020558126 0.999432496 -0.026688771 -1.575725550 -0.979433813 0.025491539 0.200149633 30.312438192
0.201429414 0.021298209 0.979271789 103.058872637 0.021943812 0.999415175 -0.026250061 -1.579018187 -0.979257609 0.026776555 0.200843789 30.359193102
0.202368319 0.020948483 0.979085407 103.557732329 0.025013268 0.999334249 -0.026551757 -1.587552457 -0.978990834 0.029863405 0.201708866 30.445768563
0.204218992 0.021250858 0.978694718 104.049743205 0.025922201 0.999296611 -0.027107306 -1.596456118 -0.978582779 0.030905799 0.203524396 30.538196280
0.204689531 0.021516707 0.978590461 104.295199927 0.025460983 0.999303519 -0.027297812 -1.600729078 -0.978496120 0.030503476 0.203999016 30.591458475
0.204777338 0.022147712 0.978558635 104.772356957 0.024325918 0.999319722 -0.027708193 -1.609202706 -0.978506540 0.029478312 0.204098423 30.683430950
0.205293089 0.024092814 0.978403736 105.216292565 0.024696810 0.999250880 -0.029788305 -1.619969779 -0.978389725 0.030278799 0.204544286 30.764319151
0.205718334 0.024784102 0.978297411 105.439615701 0.025327974 0.999209327 -0.030640065 -1.624981855 -0.978283234 0.031081583 0.204928033 30.810185206
0.206346153 0.025790329 0.978138998 105.870240377 0.026252214 0.999147302 -0.031882354 -1.634057037 -0.978126898 0.032257150 0.205493107 30.889307771
0.204937936 0.025960229 0.978431173 106.300135325 0.026921417 0.999120914 -0.032148118 -1.641413601 -0.978405163 0.032929118 0.204058799 30.969065830
0.203903214 0.026209361 0.978640613 106.504404665 0.026518208 0.999127183 -0.032283286 -1.644981007 -0.978632422 0.032534503 0.203030271 31.004917809
0.201606404 0.026398133 0.979110998 106.911437010 0.025090817 0.999169304 -0.032105407 -1.651318076 -0.979145446 0.031039387 0.200775674 31.077914889
0.198593317 0.026325705 0.979728841 107.344392570 0.023617969 0.999220042 -0.031637005 -1.657570648 -0.979797676 0.029422141 0.197815496 31.155064065
0.197041402 0.026438169 0.980038912 107.558963905 0.023277766 0.999228899 -0.031636032 -1.661024499 -0.980119150 0.029046757 0.196274295 31.195266166
0.194169661 0.027185369 0.980591082 107.970538334 0.021912134 0.999246413 -0.032041483 -1.668455050 -0.980723084 0.027708353 0.193427468 31.264372977
0.191179462 0.027445044 0.981171061 108.372584888 0.021580374 0.999249560 -0.032155724 -1.675218255 -0.981318714 0.027321543 0.190443074 31.328473210
0.189374346 0.027403513 0.981522754 108.570362636 0.021892316 0.999244387 -0.032122255 -1.678384061 -0.981661375 0.027570929 0.188631019 31.356721213
0.186814492 0.027181360 0.982019721 108.959083696 0.022137056 0.999247353 -0.031869490 -1.684275217 -0.982146033 0.027692710 0.186071351 31.419062684
0.183555135 0.026702624 0.982646832 109.350850629 0.022947394 0.999242114 -0.031440144 -1.689892221 -0.982741931 0.028320186 0.182803027 31.478802231
0.181618929 0.026435135 0.983013910 109.546356624 0.023078610 0.999249044 -0.031135695 -1.692551278 -0.983098741 0.028341426 0.180871782 31.508995704
0.178020996 0.026328731 0.983674645 109.917521520 0.023101901 0.999255003 -0.030926701 -1.698285414 -0.983755244 0.028230350 0.177279835 31.560034083
0.174454285 0.025824297 0.984326580 110.298993027 0.023774439 0.999253985 -0.030429617 -1.703646045 -0.984378770 0.028710371 0.173709210 31.615420405
0.173039601 0.025555351 0.984583551 110.487239525 0.024204440 0.999251652 -0.030190021 -1.706334469 -0.984617610 0.029055381 0.172291329 31.638663423
0.169738804 0.025270754 0.985164402 110.877481658 0.024883312 0.999243209 -0.029919235 -1.712193529 -0.985175031 0.029592653 0.168981220 31.699704812
0.165630241 0.025130072 0.985867664 111.256243920 0.025729953 0.999224642 -0.029793391 -1.718217097 -0.985852516 0.030300999 0.164855053 31.744246553
0.163509867 0.025177801 0.986220369 111.444482072 0.026102495 0.999214480 -0.029837136 -1.721375430 -0.986196280 0.030621526 0.162723230 31.767493512
0.160375843 0.025303630 0.986731616 111.806858408 0.026959386 0.999185882 -0.030004941 -1.727620943 -0.986688506 0.031413775 0.159563050 31.812885291
0.157088824 0.025495681 0.987255597 112.157416471 0.027672529 0.999160926 -0.030206352 -1.733742160 -0.987196954 0.032064975 0.156250985 31.855224765
0.155833850 0.025465437 0.987454871 112.332320074 0.027764888 0.999159881 -0.030149104 -1.736538345 -0.987393064 0.032114897 0.154995646 31.876717238
0.152747882 0.025176261 0.987944745 112.696231154 0.028121997 0.999159874 -0.029810097 -1.741981911 -0.987865304 0.032336447 0.151911121 31.920802479
0.149808312 0.025041866 0.988397962 113.033460172 0.029385172 0.999125040 -0.029767545 -1.747431040 -0.988278927 0.033503719 0.148940118 31.961384869
0.148571014 0.025241678 0.988579649 113.198058228 0.029778252 0.999106754 -0.029985927 -1.750540742 -0.988453899 0.033893233 0.147686098 31.978528896
