1.000000000 0.000000000 -0.000000000 0.000000000 -0.000000000 1.000000000 0.000000000 -0.000000000 0.000000000 -0.000000000 1.000000000 0.000000000
0.999995358 0.001227320 -0.002830936 0.013376673 -0.001226086 0.999998885 0.000440906 0.030970479 0.002831905 -0.000437369 0.999995725 0.845613394
0.999990657 0.001324476 -0.004121204 0.027040282 -0.001319724 0.999998821 0.001159929 0.047067193 0.004122917 -0.001154483 0.999990933 1.267105337
0.999972025 0.000939489 -0.007416326 0.034728447 -0.000932262 0.999999381 0.000972062 0.077500594 0.007416387 -0.000965158 0.999972120 2.120987497
0.999965033 0.001974253 -0.008167718 0.050671680 -0.001965842 0.999997996 0.001037069 0.108390122 0.008170527 -0.001021007 0.999965805 2.980517294
0.999963811 0.001603683 -0.008383225 0.056074768 -0.001592767 0.999998189 0.001309925 0.123850910 0.008385187 -0.001296487 0.999963613 3.396368157
0.999937082 0.003218511 -0.010747975 0.060749141 -0.003193410 0.999991965 0.002354845 0.157232272 0.010755690 -0.002320361 0.999939011 4.272305451
0.999929572 0.003202923 -0.011411688 0.059838013 -0.003149079 0.999983821 0.004734359 0.193472738 0.011427047 -0.004698082 0.999923480 5.156387670
0.999922584 0.003010709 -0.012093753 0.056545769 -0.002941112 0.999978820 0.005772407 0.211574151 0.012111249 -0.005736371 0.999910263 5.602554056
0.999909741 0.003586992 -0.012932752 0.063796093 -0.003501449 0.999971574 0.006627309 0.245184215 0.012956939 -0.006581371 0.999894433 6.492396462
0.999902415 0.004117614 -0.013358738 0.068425931 -0.004028112 0.999969550 0.006716684 0.277097228 0.013385393 -0.006662254 0.999888073 7.368387301
0.999898834 0.003917576 -0.013673156 0.065086122 -0.003824643 0.999969916 0.006816762 0.293630404 0.013699259 -0.006763684 0.999883680 7.814610873
0.999897845 0.004589126 -0.013537305 0.072404310 -0.004467969 0.999949562 0.008966105 0.329477952 0.013577529 -0.008904704 0.999868447 8.704371689
0.999890938 0.004725369 -0.014006275 0.074050349 -0.004573642 0.999931125 0.010844794 0.365327815 0.014056244 -0.010779520 0.999842969 9.602381602
0.999906310 0.005032202 -0.012752679 0.075967569 -0.004869931 0.999907485 0.012718437 0.385784496 0.012815566 -0.012655109 0.999837960 10.076289005
0.999899348 0.005216801 -0.013162570 0.083273032 -0.005024325 0.999881062 0.014611621 0.421212516 0.013237512 -0.014543973 0.999806096 10.966065118
0.999885842 0.005076514 -0.014242156 0.081789852 -0.004856227 0.999868485 0.015460869 0.456204619 0.014319180 -0.015389918 0.999778295 11.886268943
0.999890047 0.005333037 -0.013803301 0.075421103 -0.005105692 0.999851458 0.016457051 0.475186318 0.013889331 -0.016384767 0.999768943 12.354565862
0.999871235 0.005963968 -0.014889296 0.070916253 -0.005690172 0.999815311 0.018366004 0.512866674 0.014995907 -0.018278867 0.999719735 13.296834291
0.999874673 0.006669638 -0.014354245 0.080226826 -0.006401735 0.999805577 0.018629636 0.547314987 0.014475395 -0.018535402 0.999723731 14.236635666
0.999862821 0.006684272 -0.015153918 0.073804756 -0.006401504 0.999806441 0.018626503 0.564538662 0.015276276 -0.018526973 0.999711218 14.704996692
0.999859093 0.006185296 -0.015604343 0.063493243 -0.005910111 0.999827219 0.017615850 0.597786319 0.015710810 -0.017521136 0.999723166 15.655675942
0.999832516 0.007275167 -0.016788770 0.058402708 -0.006976842 0.999817795 0.017761900 0.633768818 0.016915004 -0.017641782 0.999701265 16.634082368
0.999808445 0.007732131 -0.017983940 0.048911404 -0.007410158 0.999812506 0.017900290 0.652112510 0.018118632 -0.017763629 0.999677278 17.124565185
0.999802023 0.007673405 -0.018371492 0.035622152 -0.007327958 0.999796681 0.018796717 0.689496792 0.018511597 -0.018658286 0.999654726 18.097256226
0.999769364 0.008965046 -0.019488020 0.019722108 -0.008591300 0.999778840 0.019178522 0.725503665 0.019656066 -0.019006635 0.999625893 19.056084042
0.999775783 0.009112555 -0.019096055 0.012839172 -0.008734665 0.999766537 0.019776966 0.745144856 0.019271464 -0.019605714 0.999621686 19.560432997
0.999768719 0.009195958 -0.019426471 -0.006138286 -0.008805547 0.999759755 0.020090253 0.782002049 0.019605948 -0.019914499 0.999608655 20.541392439
0.999776233 0.010319540 -0.018465737 -0.019517820 -0.009964548 0.999766076 0.019214586 0.816409678 0.018659556 -0.019026238 0.999644961 21.514192024
0.999799677 0.010888980 -0.016801460 -0.023402415 -0.010581509 0.999776574 0.018281427 0.832593480 0.016996981 -0.018099986 0.999691922 21.996504420
0.999813925 0.012306878 -0.014827153 -0.028526277 -0.012044119 0.999771429 0.017682958 0.867477214 0.015041274 -0.017501009 0.999733565 22.974950913
0.999831543 0.013531586 -0.012387159 -0.025415067 -0.013320384 0.999767578 0.016975474 0.902157817 0.012614374 -0.016807603 0.999778396 23.959069083
0.999862075 0.012656306 -0.010779128 -0.018493184 -0.012485966 0.999798546 0.015725004 0.918217357 0.010975531 -0.015588196 0.999818247 24.460963732
0.999893186 0.012600990 -0.007343671 -0.007237184 -0.012503835 0.999835500 0.013121703 0.949718174 0.007507891 -0.013028473 0.999886968 25.450862123
0.999957665 0.008887574 -0.002217578 0.015012221 -0.008856248 0.999866644 0.013745872 0.987257802 0.002339502 -0.013725615 0.999902577 26.460118027
0.999971342 0.007498276 -0.001141048 0.024721824 -0.007478486 0.999836452 0.016486910 1.010528194 0.001264107 -0.016477842 0.999863429 26.975663181
0.999963675 0.007723022 0.003590465 0.055394137 -0.007795654 0.999755592 0.020704949 1.054057729 -0.003429022 -0.020732136 0.999779664 27.990364931
0.999931807 0.008335178 0.008189420 0.080329770 -0.008524784 0.999690113 0.023405549 1.095461970 -0.007991266 -0.023473710 0.999691759 29.013393363
0.999905908 0.009481485 0.009857076 0.095610030 -0.009720234 0.999653613 0.024470975 1.115383809 -0.009621802 -0.024564466 0.999652011 29.520811441
0.999872938 0.010021368 0.012405183 0.120411452 -0.010324831 0.999642832 0.024643057 1.152363025 -0.012153551 -0.024767977 0.999618699 30.544001232
0.999825692 0.009487136 0.016094643 0.150754445 -0.009848548 0.999698000 0.022529127 1.185034765 -0.015875865 -0.022683626 0.999616507 31.559098915
0.999802807 0.009634865 0.017360354 0.160231072 -0.009995013 0.999733829 0.020777423 1.200623792 -0.017155068 -0.020946750 0.999633235 32.074924172
0.999777403 0.008619018 0.019270168 0.198764905 -0.008961416 0.999801855 0.017753418 1.231634040 -0.019113452 -0.017922042 0.999656588 33.095746712
0.999755499 0.006647401 0.021081440 0.231692636 -0.006979409 0.999851909 0.015712467 1.264824155 -0.020974367 -0.015855691 0.999654270 34.124738943
0.999742270 0.005801299 0.021945454 0.249437963 -0.006120512 0.999875970 0.014506225 1.281318805 -0.021857516 -0.014636729 0.999653978 34.646195446
0.999626456 0.006062563 0.026633075 0.307030312 -0.006366247 0.999915459 0.011331788 1.312561031 -0.026562256 -0.011497074 0.999581067 35.692251517
0.999546076 0.007397460 0.029206822 0.356536040 -0.007727936 0.999907112 0.011218700 1.348900887 -0.029120858 -0.011439291 0.999510049 36.732457431
0.999513454 0.007262617 0.030327921 0.382647621 -0.007643703 0.999893402 0.012470382 1.369517543 -0.030234115 -0.012696153 0.999461768 37.259427893
0.999442958 0.006928200 0.032642901 0.432286652 -0.007418641 0.999860790 0.014925153 1.410252458 -0.032535511 -0.015158952 0.999356060 38.299473540
0.999303743 0.008088946 0.036418552 0.492684899 -0.008681609 0.999831624 0.016143480 1.449304863 -0.036282096 -0.016448416 0.999206340 39.359158261
0.999249823 0.008341523 0.037822201 0.518735888 -0.008959889 0.999828705 0.016211283 1.467923765 -0.037679547 -0.016538014 0.999152857 39.886201572
0.999179672 0.006891697 0.039910968 0.589866388 -0.007523495 0.999848716 0.015699870 1.504404658 -0.039797455 -0.015987165 0.999079890 40.965557785
0.999102138 0.004693995 0.042106902 0.664054003 -0.005321233 0.999875999 0.014797142 1.539365985 -0.042031144 -0.015007847 0.999003394 42.022806776
0.999064580 0.003537978 0.043109365 0.695721395 -0.004147162 0.999892923 0.014049257 1.556144638 -0.043054763 -0.014214918 0.998971165 42.541668010
0.998954129 0.000266908 0.045723731 0.772975821 -0.000858952 0.999915981 0.012928124 1.589906037 -0.045715879 -0.012953897 0.998870434 43.576798125
0.998909368 -0.002342362 0.046628249 0.844664437 0.001707421 0.999905025 0.013652258 1.627175811 -0.046656605 -0.013557743 0.998818933 44.620049487
0.998883184 -0.003106373 0.047145250 0.884700810 0.002381352 0.999877819 0.015425665 1.648166370 -0.047186987 -0.015296191 0.998768942 45.144421402
0.998900998 -0.005963982 0.046473342 0.948279175 0.005099414 0.999811750 0.018699086 1.689754648 -0.046576145 -0.018441597 0.998743923 46.181851019
0.998992423 -0.008127552 0.044147809 1.011823002 0.007189318 0.999745945 0.021368954 1.730204207 -0.044310434 -0.021029947 0.998796491 47.219322159
0.998991564 -0.008122016 0.044149885 1.040927168 0.007198403 0.999752714 0.021041472 1.747173687 -0.044309115 -0.020702427 0.998803323 47.724262984
0.998999742 -0.008288053 0.043944578 1.104804314 0.007388431 0.999760226 0.020595550 1.781000457 -0.044104230 -0.020250163 0.998821396 48.725899542
0.999065721 -0.008587087 0.042365429 1.157878921 0.007720790 0.999758293 0.020568775 1.815081342 -0.042531521 -0.020222466 0.998890389 49.707949114
0.999102632 -0.009258186 0.041328496 1.181845121 0.008405435 0.999749394 0.020759234 1.832052905 -0.041510402 -0.020393241 0.998929659 50.185062960
0.999142881 -0.011635041 0.039727728 1.243727762 0.010762860 0.999697591 0.022095970 1.867208989 -0.039973042 -0.021649389 0.998966387 51.136661510
0.999212120 -0.013144285 0.037453392 1.289185097 0.012230382 0.999624814 0.024526832 1.904249673 -0.037761011 -0.024049399 0.998997384 52.076862798
0.999226272 -0.013476866 0.036950985 1.316275670 0.012533858 0.999592662 0.025635853 1.921919175 -0.037281553 -0.025152845 0.998988176 52.531788560
0.999270458 -0.013928605 0.035567098 1.362228712 0.012931981 0.999521524 0.028097243 1.957691052 -0.035941392 -0.027616692 0.998972243 53.435960032
0.999401292 -0.014100832 0.031598469 1.399834889 0.013197907 0.999503660 0.028601691 1.989980204 -0.031985505 -0.028167472 0.999091031 54.334594232
0.999444194 -0.013796432 0.030340349 1.418605864 0.012940475 0.999518102 0.028228492 2.005065970 -0.030715557 -0.027820235 0.999140563 54.783949942
0.999569779 -0.012937308 0.026321551 1.452981027 0.012258388 0.999592129 0.025793713 2.033141135 -0.026644562 -0.025459937 0.999320434 55.704900440
0.999652183 -0.012723504 0.023089235 1.479635002 0.012174183 0.999643348 0.023782579 2.060749949 -0.023383383 -0.023493155 0.999450497 56.584127590
0.999682552 -0.012850361 0.021671842 1.501450671 0.012355897 0.999663580 0.022797284 2.073906608 -0.021957712 -0.022522220 0.999504599 57.011391012
0.999747836 -0.013223401 0.018153758 1.526084993 0.012821381 0.999674350 0.022089111 2.102015669 -0.018439754 -0.021850779 0.999590739 57.840610385
0.999805746 -0.013335068 0.014490193 1.553317081 0.013018918 0.999680401 0.021696071 2.131072622 -0.014775452 -0.021503190 0.999659654 58.683708644
0.999810066 -0.014227449 0.013293028 1.564371715 0.013934858 0.999664655 0.021850873 2.145851859 -0.013599270 -0.021661425 0.999672229 59.091335178
0.999838751 -0.015273403 0.009386340 1.583346009 0.015072704 0.999664441 0.021089812 2.174362785 -0.009705252 -0.020944928 0.999733620 59.928789079
0.999863443 -0.015170106 0.006610099 1.608017596 0.015027659 0.999664813 0.021088329 2.203700465 -0.006928161 -0.020986076 0.999755848 60.757963650
0.999864508 -0.015575449 0.005373146 1.619087984 0.015456194 0.999648038 0.021567233 2.218999118 -0.005706845 -0.021481276 0.999752871 61.165571243
0.999876079 -0.015659127 0.001383457 1.641270874 0.015622575 0.999604631 0.023397257 2.250984863 -0.001749477 -0.023372676 0.999725334 61.980735800
0.999872857 -0.015612690 -0.003163989 1.646949082 0.015686373 0.999570707 0.024766915 2.282238150 0.002775761 -0.024813430 0.999688255 62.784598528
0.999862902 -0.015728862 -0.005123016 1.644163148 0.015857222 0.999534769 0.026065035 2.299420363 0.004710055 -0.026142677 0.999647387 63.194722349
0.999857227 -0.014938459 -0.007851572 1.647266011 0.015149399 0.999506011 0.027531657 2.330464927 0.007436232 -0.027646617 0.999590309 63.984679236
0.999854234 -0.012993392 -0.011027019 1.647617206 0.013274424 0.999579286 0.025798506 2.355487302 0.010687899 -0.025941141 0.999606258 64.760942273
0.999841134 -0.012933795 -0.012270663 1.656004395 0.013229574 0.999616003 0.024341847 2.367021229 0.011950905 -0.024500313 0.999628221 65.154773698
0.999800340 -0.012797411 -0.015350221 1.650701620 0.013142710 0.999657776 0.022604932 2.392645246 0.015055889 -0.022802065 0.999626471 65.939263978
0.999772380 -0.012192002 -0.017525642 1.640298143 0.012577870 0.999676979 0.022078163 2.419499964 0.017250780 -0.022293525 0.999602198 66.695882477
0.999767961 -0.012009921 -0.017889235 1.643584934 0.012399396 0.999684677 0.021824061 2.432274580 0.017621189 -0.022040783 0.999601312 67.061841757
0.999741092 -0.011332621 -0.019724698 1.645023278 0.011764231 0.999690798 0.021906960 2.457915793 0.019469789 -0.022133202 0.999565599 67.765930060
0.999717726 -0.009793891 -0.021650970 1.640816437 0.010275850 0.999699664 0.022260965 2.484448321 0.021426790 -0.022477127 0.999517531 68.478235043
0.999724671 -0.009681235 -0.021381286 1.647222148 0.010168807 0.999688246 0.022814872 2.497741079 0.021154656 -0.023025989 0.999510792 68.822012795
0.999694150 -0.009839726 -0.022692408 1.645730922 0.010421511 0.999616473 0.025666141 2.529107132 0.022431152 -0.025894783 0.999413196 69.548054973
0.999698023 -0.007818109 -0.023290171 1.644688748 0.008462529 0.999580575 0.027699560 2.557666107 0.023063580 -0.027888221 0.999344996 70.238123428
0.999705846 -0.006387044 -0.023389781 1.642840301 0.007041773 0.999582713 0.028020318 2.570532704 0.023200189 -0.028176751 0.999333466 70.576252451
0.999681769 -0.005233425 -0.024666427 1.639147950 0.005941945 0.999569378 0.028735797 2.596415729 0.024506394 -0.028873258 0.999282360 71.252505034
0.999617129 -0.005310690 -0.027131858 1.622038027 0.006102633 0.999555603 0.029188279 2.621035618 0.026964911 -0.029342727 0.999205506 71.895312506
0.999591325 -0.005555643 -0.028047960 1.615014955 0.006377096 0.999551073 0.029284160 2.632695655 0.027872896 -0.029451060 0.999177753 72.205658624
0.999579798 -0.004822134 -0.028599241 1.606585822 0.005642999 0.999572065 0.028692572 2.654195457 0.028448835 -0.028841822 0.999178969 72.818168056
0.999573426 -0.003340275 -0.029020385 1.601240464 0.004160789 0.999592484 0.028258442 2.675054705 0.028914487 -0.028367138 0.999179214 73.408538213
0.999567414 -0.003146325 -0.029235390 1.600367979 0.003974743 0.999591478 0.028321664 2.684874259 0.029133603 -0.028425590 0.999171160 73.674626180
0.999546648 -0.002541196 -0.029998021 1.595531355 0.003386463 0.999597523 0.028161857 2.704894216 0.029914709 -0.028250673 0.999152998 74.228950858
0.999506534 -0.003020079 -0.031262618 1.588105754 0.003891741 0.999604429 0.027857456 2.724255955 0.031166493 -0.027965411 0.999122463 74.769386087
0.999498126 -0.002922799 -0.031539652 1.581589901 0.003812938 0.999595077 0.028199594 2.735026758 0.031444628 -0.028305693 0.999104382 75.043688548
0.999468138 -0.002225238 -0.032519661 1.574703633 0.003162132 0.999580249 0.028785911 2.754558073 0.032441638 -0.028873390 0.999056833 75.548041509
0.999442665 -0.000566569 -0.033366139 1.559551693 0.001531461 0.999580849 0.028897423 2.773283653 0.033336345 -0.028932389 0.999025017 76.046759582
0.999427546 -0.000027588 -0.033814645 1.547863338 0.001011792 0.999576129 0.029090151 2.782917818 0.033799129 -0.029107713 0.999004544 76.293276588
0.999376555 0.000414508 -0.035297315 1.538856228 0.000611658 0.999577461 0.029056925 2.799613129 0.035294550 -0.029060372 0.998954357 76.747743430
0.999314976 0.000107167 -0.037020818 1.522081275 0.000952243 0.999591091 0.028597104 2.814303820 0.037008708 -0.028612769 0.998905221 77.160543018
0.999293044 -0.000462323 -0.037578923 1.516510786 0.001519815 0.999603067 0.028116803 2.821018715 0.037551486 -0.028154043 0.998897798 77.362841210
0.999199775 -0.000769949 -0.039990458 1.508513267 0.001911347 0.999591422 0.028510999 2.835775738 0.039952800 -0.028564518 0.998793300 77.745226564
0.999107316 0.000430529 -0.042229586 1.495330824 0.000775328 0.999592994 0.028531409 2.848986583 0.042224773 -0.028538710 0.998699955 78.099841398
0.999057232 0.001167315 -0.043397140 1.495928795 0.000066627 0.999595832 0.028421139 2.854450333 0.043412942 -0.028397148 0.998653321 78.257859948
0.998934146 0.001637746 -0.046136194 1.480640659 -0.000340999 0.999605056 0.028100630 2.865324613 0.046163909 -0.028054909 0.998539605 78.562570449
0.998820254 0.001965419 -0.048529765 1.462804747 -0.000585642 0.999595801 0.028427618 2.876899148 0.048565643 -0.028365611 0.998417292 78.853341965
0.998748061 0.002116965 -0.049983175 1.455193096 -0.000672744 0.999582517 0.028893343 2.883405086 0.050023692 -0.028823496 0.998331895 79.005658242
0.998607685 0.002431684 -0.052696507 1.442995401 -0.000911851 0.999583360 0.028846431 2.893858564 0.052744614 -0.028758231 0.998193452 79.288221456
0.998471885 0.002249084 -0.055205709 1.428163889 -0.000714772 0.999612938 0.027796575 2.902175485 0.055246889 -0.027714630 0.998087581 79.556949128
0.998391565 0.002266314 -0.056642596 1.412755007 -0.000721907 0.999627678 0.027271019 2.905707892 0.056683836 -0.027186260 0.998021761 79.667633482
0.998242034 0.002425934 -0.059212602 1.409747442 -0.000857622 0.999648491 0.026497739 2.912221971 0.059256485 -0.026400386 0.997893476 79.883852449
0.998106560 0.002284542 -0.061468424 1.395937639 -0.000681327 0.999659383 0.026090961 2.919000155 0.061507502 -0.025999646 0.997768194 80.080484064
0.998047738 0.002565108 -0.062405521 1.394939561 -0.000948195 0.999663589 0.025925502 2.921318016 0.062450544 -0.025815677 0.997714264 80.152551710
0.997898242 0.003491067 -0.064698961 1.387295190 -0.001824981 0.999665618 0.025793642 2.926745167 0.064766854 -0.025621309 0.997571665 80.304907326
0.997730445 0.004389404 -0.067187200 1.365752385 -0.002669790 0.999667571 0.025662210 2.932667439 0.067277694 -0.025424541 0.997410559 80.459829798
0.997645752 0.004912044 -0.068397232 1.364761880 -0.003163149 0.999665447 0.025654340 2.935235020 0.068500192 -0.025377523 0.997327645 80.531888339
0.997485500 0.005728145 -0.070641752 1.351424760 -0.003980928 0.999683534 0.024848484 2.939985250 0.070761996 -0.024504720 0.997191701 80.692517820
0.997378387 0.006208299 -0.072098009 1.338083398 -0.004492460 0.999703838 0.023935219 2.944595637 0.072225228 -0.023548561 0.997110492 80.853152400
0.997374203 0.006340018 -0.072133657 1.328814498 -0.004680883 0.999721004 0.023146990 2.945937955 0.072259876 -0.022748612 0.997126306 80.919591351
0.997377246 0.006152872 -0.072115715 1.321549194 -0.004669449 0.999774843 0.020720796 2.946250621 0.072227299 -0.020329663 0.997180505 81.036057383
0.997411008 0.005952968 -0.071664227 1.313770005 -0.004682278 0.999828891 0.017885629 2.947232769 0.071758040 -0.017503798 0.997268220 81.188575087
0.997439841 0.006260826 -0.071227423 1.315300918 -0.005086618 0.999848265 0.016654625 2.948231072 0.071321195 -0.016249702 0.997320719 81.274604303
0.997546100 0.007359853 -0.069618821 1.304543384 -0.006281742 0.999857646 0.015691425 2.953329868 0.069724379 -0.015215593 0.997450184 81.449134524
0.997738176 0.007775519 -0.066762643 1.304678672 -0.006717356 0.999848972 0.016059294 2.961151202 0.066877223 -0.015574450 0.997639257 81.643143188
0.998122562 0.008400752 -0.060665236 1.297181404 -0.007421042 0.999839051 0.016356419 2.974789249 0.060792030 -0.015875569 0.998024146 81.989493262
0.998464960 0.008227356 -0.054772450 1.290636771 -0.007363127 0.999845793 0.015960690 2.984611119 0.054895506 -0.015532910 0.998371274 82.263830326
0.998620944 0.008086240 -0.051867213 1.294310338 -0.007280417 0.999850310 0.015706073 2.989164617 0.051986549 -0.015306786 0.998530129 82.399719436
0.998921623 0.007918146 -0.045753567 1.290337111 -0.007234296 0.999859800 0.015094401 2.999065356 0.045866448 -0.014747084 0.998838565 82.687967075
0.999216461 0.007535439 -0.038851063 1.305428156 -0.006976378 0.999870533 0.014504402 3.009387860 0.038955169 -0.014221983 0.999140085 83.001441324
0.999346793 0.007585497 -0.035326211 1.300358524 -0.007092797 0.999875716 0.014050891 3.015003757 0.035428961 -0.013791130 0.999277021 83.167703508
0.999579443 0.007783640 -0.027937294 1.312375185 -0.007409077 0.999881597 0.013485518 3.026276468 0.028038945 -0.013272871 0.999519073 83.503305740
0.999760061 0.008785378 -0.020082915 1.323876750 -0.008535382 0.999885681 0.012502072 3.038178705 0.020190687 -0.012327676 0.999719917 83.874961101
0.999824199 0.009375428 -0.016266778 1.323966896 -0.009181454 0.999886739 0.011959325 3.044511712 0.016377229 -0.011807881 0.999796134 84.069024037
0.999904193 0.010846669 -0.008581928 1.337590817 -0.010746409 0.999874537 0.011643673 3.059299897 0.008707255 -0.011550238 0.999895638 84.490563697
0.999925624 0.012180635 -0.000902518 1.351223826 -0.012169446 0.999860143 0.011506153 3.074387745 0.001042346 -0.011494328 0.999933817 84.912092428
0.999909225 0.013085560 0.003313745 1.356511016 -0.013123229 0.999846621 0.011591769 3.082666480 -0.003161114 -0.011634105 0.999927117 85.133911315
0.999838873 0.013585109 0.011730718 1.380483275 -0.013721576 0.999838655 0.011634881 3.099837818 -0.011570483 -0.011793949 0.999862993 85.611017877
0.999721960 0.012412857 0.020028775 1.404473712 -0.012654976 0.999848194 0.012010159 3.117608482 -0.019876466 -0.012260301 0.999727255 86.088102584
0.999635914 0.011715270 0.024297198 1.426230742 -0.012006493 0.999857886 0.011875501 3.125470966 -0.024155241 -0.012162931 0.999634189 86.321265189
0.999417591 0.010385774 0.032509959 1.458413230 -0.010758660 0.999878502 0.011316988 3.141620094 -0.032388250 -0.011660123 0.999407095 86.804073295
0.999130923 0.010419713 0.040349891 1.495763980 -0.010866406 0.999881745 0.010866842 3.158766016 -0.040232183 -0.011295874 0.999126482 87.314671955
0.998972427 0.011227120 0.043904577 1.517024092 -0.011708107 0.999874133 0.010714397 3.167857353 -0.043778069 -0.011217421 0.998978767 87.583865833
0.998353323 0.012358033 0.056010657 1.597028368 -0.013085320 0.999834169 0.012637404 3.207581008 -0.055844799 -0.013349416 0.998350469 88.632691983
0.998229767 0.011465802 0.058356222 1.623973049 -0.012245365 0.999840066 0.013018687 3.217079569 -0.058198467 -0.013710197 0.998210905 88.893621830
0.998096648 0.008708343 0.061049144 1.672242373 -0.009614146 0.999848322 0.014559193 3.237797076 -0.060912826 -0.015118406 0.998028630 89.423667972
0.998031446 0.007660264 0.062245461 1.728757978 -0.008690438 0.999829571 0.016297522 3.258681035 -0.062109950 -0.016806347 0.997927626 89.959372314
0.998041267 0.007930456 0.062045802 1.750084741 -0.009035853 0.999804904 0.017555460 3.269969901 -0.061893899 -0.018081695 0.997918742 90.228486059
0.998077514 0.008482630 0.061390527 1.787051274 -0.009696397 0.999763098 0.019501450 3.292060499 -0.061210380 -0.020059242 0.997922923 90.774980494
0.998238592 0.008706916 0.058686996 1.829592704 -0.009890621 0.999752848 0.019910439 3.310942387 -0.058498639 -0.020455765 0.998077286 91.313342754
0.998321388 0.008085381 0.057349574 1.845209146 -0.009255903 0.999753803 0.020175001 3.320974983 -0.057172226 -0.020672000 0.998149950 91.590751491
0.998540197 0.006384100 0.053628357 1.885164628 -0.007492934 0.999762011 0.020501814 3.339298540 -0.053484625 -0.020873600 0.998350571 92.115220659
0.998746319 0.006415101 0.049654087 1.916858681 -0.007438881 0.999762635 0.020459566 3.356956205 -0.049511010 -0.020803251 0.998556337 92.634049840
0.998856289 0.007532755 0.047206859 1.924211875 -0.008500680 0.999757008 0.020336303 3.366262976 -0.047042207 -0.020714301 0.998678053 92.905820775
0.998998559 0.009040998 0.043819495 1.947612991 -0.009893232 0.999765750 0.019272632 3.382215917 -0.043634528 -0.019686798 0.998853761 93.419047849
0.999176107 0.008458012 0.039696469 1.976708673 -0.009213974 0.999779326 0.018900165 3.398905712 -0.039528094 -0.019250316 0.999033306 93.923998873
0.999275210 0.007707368 0.037259580 1.989754921 -0.008435325 0.999775889 0.019421616 3.408899394 -0.037101781 -0.019721825 0.999116675 94.187495577
0.999418513 0.006875883 0.033394944 2.013288430 -0.007576092 0.999752853 0.020886752 3.429217428 -0.033244213 -0.021127514 0.999223940 94.700563478
0.999495755 0.007722850 0.030801273 2.034236596 -0.008411091 0.999716207 0.022278434 3.448997109 -0.030620182 -0.022526163 0.999277228 95.199737558
0.999528410 0.008068591 0.029626903 2.044661146 -0.008722602 0.999719465 0.022011124 3.457253786 -0.029441641 -0.022259078 0.999318729 95.449384152
0.999588881 0.009469104 0.027071342 2.065565080 -0.010080867 0.999694722 0.022552348 3.475575106 -0.026850169 -0.022815973 0.999378924 95.948611412
0.999639391 0.009953252 0.024943929 2.086509005 -0.010548032 0.999660827 0.023829567 3.495214945 -0.024698052 -0.024084045 0.999404521 96.447790591
0.999664634 0.009338895 0.024129525 2.086185245 -0.009940918 0.999639245 0.024955443 3.505513727 -0.023888236 -0.025186914 0.999397353 96.677784999
0.999705469 0.007649172 0.023027850 2.115830258 -0.008236993 0.999639979 0.025538980 3.522702727 -0.022824438 -0.025721129 0.999408471 97.146641734
0.999732454 0.004764748 0.022650653 2.142754505 -0.005294967 0.999711642 0.023405835 3.534888394 -0.022532325 -0.023519425 0.999469482 97.601767467
0.999748924 0.003199499 0.022194472 2.147960804 -0.003688794 0.999750242 0.022039197 3.540500128 -0.022118644 -0.022115541 0.999510023 97.823683607
0.999760954 0.002012425 0.021761839 2.166679367 -0.002460496 0.999785130 0.020587565 3.553857836 -0.021715514 -0.020636167 0.999550969 98.273102331
0.999761917 0.002595189 0.021663206 2.188059618 -0.003043850 0.999780763 0.020704471 3.570271068 -0.021604887 -0.020765383 0.999550579 98.736323086
0.999757674 0.003135857 0.021802774 2.195953661 -0.003602509 0.999764806 0.021393772 3.579797359 -0.021730063 -0.021467088 0.999532899 98.972009932
0.999729772 0.005072884 0.022692530 2.215370308 -0.005615214 0.999698967 0.023901549 3.598558760 -0.022564406 -0.024022538 0.999456492 99.385155525
0.999735701 0.005153854 0.022418002 2.220456133 -0.005771441 0.999603674 0.027571981 3.621171742 -0.022267120 -0.027694063 0.999368431 99.836821665
0.999743720 0.004910199 0.022084723 2.234027777 -0.005541915 0.999574665 0.028632096 3.630875516 -0.021934626 -0.028747138 0.999345859 100.064252857
0.999779593 0.003247131 0.020748464 2.247198406 -0.003855029 0.999562378 0.029323201 3.648330936 -0.020644886 -0.029396641 0.999354789 100.521771339
0.999772727 0.002855670 0.021126287 2.263330414 -0.003442365 0.999608397 0.027789841 3.661110337 -0.021037688 -0.027856254 0.999390152 100.957297700
0.999773903 0.002574864 0.021090271 2.274234310 -0.003148151 0.999624810 0.027195213 3.667558812 -0.021012439 -0.027255368 0.999407981 101.170934146
0.999781194 0.001367723 0.020861276 2.284755368 -0.001921703 0.999645446 0.026561097 3.682358260 -0.020817756 -0.026595336 0.999429061 101.614636028
0.999799848 0.002136147 0.019889581 2.303435151 -0.002621944 0.999698303 0.024431993 3.694437406 -0.019831856 -0.024479230 0.999503979 102.064101375
0.999802879 0.002547591 0.019694383 2.308629635 -0.002997837 0.999733697 0.022864829 3.699659577 -0.019630873 -0.022919312 0.999544668 102.286031721
0.999786007 0.004597694 0.020150248 2.322158729 -0.005020224 0.999767157 0.020968656 3.711321276 -0.020048916 -0.021065261 0.999576718 102.707685388
0.999774404 0.005890042 0.020373168 2.333699981 -0.006317569 0.999760298 0.020987857 3.724532043 -0.020244929 -0.021111881 0.999572126 103.079293033
0.999770894 0.006667670 0.020346837 2.333870412 -0.007117570 0.999729790 0.022122969 3.733512074 -0.020192990 -0.022262620 0.999548498 103.273259445
0.999753435 0.008251837 0.020624974 2.350715350 -0.008763208 0.999653848 0.024829645 3.752184617 -0.020413154 -0.025004257 0.999478854 103.672494827
0.999758772 0.007512301 0.020653698 2.370567415 -0.008052278 0.999624338 0.026186366 3.767689444 -0.020449015 -0.026346255 0.999443922 104.049683087
0.999767861 0.007226653 0.020304933 2.365015406 -0.007755025 0.999629800 0.026063019 3.775013655 -0.020108735 -0.026214421 0.999454237 104.251959061
0.999777665 0.006814267 0.019961284 2.381641000 -0.007303622 0.999672039 0.024545081 3.786454327 -0.019787730 -0.024685284 0.999499403 104.651458155
0.999786057 0.005525671 0.019918550 2.398768360 -0.005986382 0.999714030 0.023146036 3.796825967 -0.019784569 -0.023260301 0.999533207 105.014920148
0.999796064 0.004673611 0.019626213 2.407090549 -0.005116103 0.999733043 0.022555558 3.802855955 -0.019515371 -0.022651437 0.999553197 105.214658404
0.999800183 0.004809467 0.019411139 2.407259936 -0.005226429 0.999755779 0.021488378 3.815162373 -0.019303350 -0.021585481 0.999580725 105.602797389
0.999807275 0.005102219 0.018965741 2.418731204 -0.005484530 0.999782045 0.020164588 3.826065733 -0.018858512 -0.020264782 0.999616503 105.974489175
0.999808221 0.006139198 0.018612839 2.430115356 -0.006499174 0.999792031 0.019340604 3.830735974 -0.018489943 -0.019457877 0.999639834 106.152114381
0.999805425 0.010647912 0.016586100 2.434073906 -0.010951020 0.999772373 0.018292553 3.854767954 -0.016387836 -0.018470609 0.999695392 106.870174816
0.999810188 0.011006812 0.016065024 2.445505622 -0.011301500 0.999767569 0.018372869 3.861006432 -0.015859129 -0.018550918 0.999701940 107.047742836
0.999816895 0.011426045 0.015311141 2.449291150 -0.011704566 0.999765326 0.018225192 3.872612128 -0.015098911 -0.018401010 0.999717037 107.377668657
0.999841684 0.010284723 0.014521281 2.455685954 -0.010553795 0.999771975 0.018578371 3.885545290 -0.014326638 -0.018728712 0.999721217 107.721459522
0.999851321 0.009877476 0.014084606 2.458898958 -0.010145024 0.999767273 0.019056366 3.892526293 -0.013892760 -0.019196394 0.999719252 107.893336197
0.999863769 0.010009424 0.013106981 2.468342092 -0.010256294 0.999769037 0.018906488 3.903650214 -0.012914511 -0.019038265 0.999734971 108.215030404
0.999863586 0.010667289 0.012631437 2.480375113 -0.010904951 0.999762414 0.018894425 3.915462319 -0.012426780 -0.019029607 0.999741665 108.550612967
0.999857885 0.011405545 0.012447669 2.483566001 -0.011640371 0.999752460 0.018958210 3.921714141 -0.012228200 -0.019100346 0.999742899 108.722516231
0.999863427 0.011737045 0.011657391 2.489958685 -0.011960474 0.999742610 0.019287425 3.934577382 -0.011428589 -0.019424175 0.999745737 109.066309646
0.999888620 0.009943343 0.011069701 2.499333652 -0.010139175 0.999790912 0.017779104 3.943453829 -0.010890047 -0.017889355 0.999780542 109.388085808
0.999899242 0.008865667 0.011064468 2.499884665 -0.009049676 0.999819673 0.016690521 3.947369320 -0.010914817 -0.016789008 0.999799245 109.546160816
0.999918732 0.007164266 0.010531038 2.506770631 -0.007342277 0.999828934 0.016968342 3.958883843 -0.010407681 -0.017044201 0.999800561 109.853927329
0.999927923 0.006597484 0.010069797 2.519316324 -0.006771098 0.999827267 0.017302259 3.969986512 -0.009954262 -0.017369155 0.999799687 110.153459678
0.999925593 0.007269926 0.009823394 2.517336527 -0.007438489 0.999824007 0.017239266 3.975161629 -0.009696526 -0.017311070 0.999802796 110.297575302
0.999909311 0.009153335 0.009877415 2.527199930 -0.009307324 0.999833946 0.015656092 3.982529538 -0.009733021 -0.015746505 0.999828618 110.583330389
0.999872384 0.012754024 0.009625689 2.520435953 -0.012862002 0.999853818 0.011233319 3.985119537 -0.009480576 -0.011355581 0.999890858 110.857931165
0.999864012 0.013615546 0.009279006 2.524000152 -0.013698641 0.999865694 0.008952010 3.986067089 -0.009155339 -0.009077901 0.999916951 110.993951767
0.999862923 0.014098660 0.008673577 2.531215196 -0.014151420 0.999881831 0.006052581 3.990818981 -0.008587134 -0.006174493 0.999943973 111.265888797
0.999864678 0.014205155 0.008295224 2.538526279 -0.014247029 0.999886407 0.005019323 3.998737313 -0.008223305 -0.005136786 0.999953301 111.537710361
0.999871186 0.013705531 0.008312298 2.536557995 -0.013748722 0.999891779 0.005154226 4.004292004 -0.008241316 -0.005267783 0.999952446 111.681812144
0.999914961 0.010797801 0.007281960 2.552231696 -0.010845176 0.999920293 0.006496536 4.016212477 -0.007211452 -0.006574895 0.999952100 111.959152039
0.999926682 0.010189754 0.006588800 2.553845486 -0.010220797 0.999936993 0.004688841 4.023304057 -0.006540685 -0.004755789 0.999966800 112.239252933
0.999928274 0.009858621 0.006743891 2.557491484 -0.009885539 0.999943184 0.003971408 4.026948577 -0.006704578 -0.004037790 0.999968740 112.375175189
0.999923629 0.010017052 0.007253705 2.564844073 -0.010044211 0.999942307 0.003720205 4.036235371 -0.007216170 -0.003792794 0.999966674 112.646946852
0.999912954 0.011425088 0.006661915 2.563993703 -0.011453503 0.999925323 0.004246884 4.046784106 -0.006613097 -0.004322854 0.999968281 112.913008229
0.999909877 0.011781703 0.006369954 2.567764825 -0.011819882 0.999911916 0.005993843 4.054553988 -0.006299024 -0.006068604 0.999961469 113.048780052
0.999901070 0.012391924 0.006566050 2.574911943 -0.012466175 0.999857667 0.011388110 4.074678833 -0.006423528 -0.011468864 0.999913430 113.356232587
0.999905733 0.011850154 0.006887115 2.584534430 -0.011950155 0.999820739 0.014663230 4.091716106 -0.006712289 -0.014744122 0.999868653 113.677711162
0.999907393 0.011726697 0.006844379 2.590841511 -0.011831599 0.999810209 0.015495297 4.098396172 -0.006660848 -0.015574851 0.999855976 113.827436177
0.999904447 0.012134689 0.006576742 2.597816245 -0.012248337 0.999771242 0.017515635 4.112837405 -0.006363235 -0.017594442 0.999824704 114.135095966
0.999905368 0.011617522 0.007380339 2.604799462 -0.011760667 0.999737483 0.019661637 4.127558324 -0.007149785 -0.019746556 0.999779056 114.442745556
0.999906247 0.011482412 0.007449412 2.605445301 -0.011632475 0.999724057 0.020417037 4.134600301 -0.007213622 -0.020501673 0.999763800 114.600706556
0.999907768 0.011641666 0.006994322 2.617969484 -0.011781767 0.999723989 0.020345416 4.144993767 -0.006754555 -0.020425983 0.999768530 114.900264766
0.999911122 0.011479191 0.006729258 2.619181182 -0.011613868 0.999725767 0.020326310 4.156440684 -0.006493406 -0.020402551 0.999770875 115.216282926
0.999911666 0.011352473 0.006860893 2.625468268 -0.011492801 0.999718684 0.020762554 4.162461490 -0.006623878 -0.020839459 0.999761031 115.366031981
0.999920008 0.010484463 0.007025809 2.632358778 -0.010630788 0.999719966 0.021123821 4.174125845 -0.006802387 -0.021196813 0.999751633 115.673793030
0.999936217 0.009135015 0.006675382 2.647472545 -0.009274522 0.999732518 0.021173255 4.185197507 -0.006480249 -0.021233739 0.999753333 115.987239961
0.999948095 0.008014086 0.006331778 2.648090512 -0.008147810 0.999738145 0.021384841 4.191320516 -0.006158864 -0.021435242 0.999751644 116.145234471
