1.000000000 0.000000000 -0.000000000 -0.000000000 0.000000000 1.000000000 -0.000000000 0.000000000 -0.000000000 0.000000000 1.000000000 0.000000000
0.999998851 0.000094518 -0.001112448 -0.002498149 -0.000094457 0.999999498 -0.000058416 0.001995045 0.001111629 0.000058486 0.999999656 0.144186695
0.999993039 0.000576412 -0.003581438 0.000730029 -0.000576646 0.999999792 -0.000074126 0.006013175 0.003581380 0.000076140 0.999993519 0.438250394
0.999981543 0.000530875 -0.006007520 0.003959945 -0.000531207 0.999999789 -0.000063766 0.010101275 0.006007395 0.000066891 0.999982189 0.732313083
0.999973018 0.000696671 -0.007263410 0.001459810 -0.000697826 0.999999109 -0.000161253 0.012016353 0.007263398 0.000166312 0.999973841 0.876500933
0.999950239 0.000844648 -0.009902300 -0.000374294 -0.000845920 0.999998957 -0.000124871 0.015858210 0.009901828 0.000133198 0.999950674 1.142737450
0.999923835 0.001016279 -0.012309768 -0.002195490 -0.001013662 0.999998854 0.000214653 0.020219852 0.012309673 -0.000202148 0.999924781 1.408966457
0.999907359 0.000742006 -0.013549493 0.001006149 -0.000736230 0.999999674 0.000419072 0.022414693 0.013549777 -0.000409118 0.999908338 1.544926116
0.999871303 -0.000063914 -0.016054911 -0.000828203 0.000070860 0.999999298 0.000434330 0.026246554 0.016053922 -0.000435428 0.999871149 1.811162777
0.999813410 -0.000468192 -0.019282421 -0.005822266 0.000475880 0.999998910 0.000386403 0.030326607 0.019281916 -0.000395476 0.999814362 2.099534867
0.999784351 -0.000505776 -0.020743375 -0.014009282 0.000512606 0.999999802 0.000318512 0.032561674 0.020742328 -0.000329059 0.999784827 2.251942243
0.999723311 -0.000854390 -0.023483699 -0.021523565 0.000867530 0.999999007 0.000547552 0.036993409 0.023481917 -0.000567835 0.999724303 2.526394387
0.999671346 -0.000495295 -0.025619991 -0.025882356 0.000514934 0.999999161 0.000757898 0.041007022 0.025618809 -0.000770912 0.999671177 2.778713558
0.999641321 -0.000114770 -0.026770623 -0.030916114 0.000131638 0.999999753 0.000626581 0.042734005 0.026769468 -0.000629872 0.999641851 2.908989260
0.999584208 0.000402473 -0.028829879 -0.035300223 -0.000395516 0.999999675 0.000242405 0.045728039 0.028829248 -0.000230950 0.999584199 3.161323160
0.999552326 0.000966633 -0.029897641 -0.033976849 -0.000958424 0.999999283 0.000286578 0.049231741 0.029897933 -0.000257804 0.999553141 3.405425548
0.999526514 0.001173992 -0.030736569 -0.041541003 -0.001168452 0.999998550 0.000195898 0.050900575 0.030737039 -0.000159910 0.999527770 3.521787226
0.999470638 0.001031036 -0.032511276 -0.040236494 -0.001038201 0.999998842 -0.000204225 0.053644591 0.032510470 0.000237850 0.999471672 3.765900588
0.999427515 0.001105185 -0.033819163 -0.047157950 -0.001130386 0.999998613 -0.000727116 0.056300592 0.033818032 0.000764934 0.999427418 4.004324507
0.999402710 0.001055459 -0.034544593 -0.054739727 -0.001099086 0.999998328 -0.001245777 0.057259719 0.034543151 0.001282941 0.999402887 4.120696438
0.999354806 0.000862579 -0.035892019 -0.059144687 -0.000940291 0.999997115 -0.002150824 0.059414100 0.035889342 0.002183159 0.999353092 4.373042469
0.999341841 0.001027176 -0.036246503 -0.066700174 -0.001134643 0.999994614 -0.002946263 0.062186520 0.036242948 0.002985425 0.999338541 4.647518585
0.999347472 0.001011337 -0.036107282 -0.077429004 -0.001130199 0.999993724 -0.003273388 0.063903628 0.036103159 0.003312068 0.999343042 4.786018580
0.999353116 0.001185143 -0.035927468 -0.084974562 -0.001324132 0.999991772 -0.003846032 0.067075883 0.035922211 0.003891138 0.999346904 5.060488920
0.999378227 0.001330449 -0.035225324 -0.091921833 -0.001508602 0.999985398 -0.005034663 0.068692314 0.035217962 0.005084659 0.999366747 5.298927858
0.999394852 0.001501542 -0.034749870 -0.083060368 -0.001694890 0.999982504 -0.005538369 0.069477615 0.034740249 0.005593880 0.999380801 5.426683731
0.999444535 0.001697438 -0.033279724 -0.090000937 -0.001917688 0.999975866 -0.006588169 0.071363934 0.033267149 0.006648338 0.999424071 5.665118769
0.999496330 0.001810606 -0.031677339 -0.094415825 -0.002058601 0.999966575 -0.007800410 0.073118480 0.031662756 0.007861682 0.999467884 5.917470576
0.999520741 0.001996418 -0.030871768 -0.091246206 -0.002256470 0.999961585 -0.008393257 0.074023853 0.030853830 0.008458887 0.999488143 6.053448864
0.999566287 0.001776115 -0.029383798 -0.087408570 -0.002036992 0.999958583 -0.008855194 0.076935972 0.029366311 0.008911131 0.999528802 6.311474663
0.999620916 0.001985963 -0.027435383 -0.092417278 -0.002243803 0.999952879 -0.009373036 0.080426269 0.027415615 0.009430957 0.999579645 6.599855273
0.999651411 0.002200889 -0.026303711 -0.094914434 -0.002450423 0.999951847 -0.009460041 0.082461297 0.026281508 0.009521202 0.999608840 6.744041390
0.999697428 0.002513408 -0.024455102 -0.091721752 -0.002769179 0.999941221 -0.010435485 0.085050017 0.024426930 0.010500047 0.999646454 7.038125741
0.999744726 0.002601324 -0.022433113 -0.085988992 -0.002853736 0.999932477 -0.011231243 0.088086725 0.022401604 0.011292390 0.999685227 7.346118484
0.999770304 0.002692800 -0.021262781 -0.094181468 -0.002937527 0.999928905 -0.011488775 0.090101883 0.021229796 0.011548616 0.999707640 7.498529038
0.999826115 0.002721594 -0.018433558 -0.082764807 -0.002950613 0.999918422 -0.012413025 0.092698651 0.018397920 0.012465180 0.999753135 7.798303988
0.999872589 0.002918922 -0.015671453 -0.082724637 -0.003127905 0.999905719 -0.013331953 0.095825443 0.015630468 0.013379222 0.999788512 8.114519579
0.999892717 0.002870992 -0.014352684 -0.074472134 -0.003065025 0.999903481 -0.013514918 0.097736747 0.014311570 0.013557430 0.999805448 8.278313064
0.999929219 0.003347077 -0.011383598 -0.069343620 -0.003504796 0.999896761 -0.013871685 0.102089378 0.011335067 0.013910563 0.999838539 8.622340675
0.999954425 0.003989604 -0.008620881 -0.073053259 -0.004110606 0.999891658 -0.014072979 0.107350051 0.008562802 0.014107787 0.999863805 8.996718332
0.999966069 0.003943524 -0.007158148 -0.059726807 -0.004043568 0.999893168 -0.014035394 0.109907433 0.007101655 0.014063810 0.999876067 9.188332213
0.999982185 0.004449044 -0.004024559 -0.049519133 -0.004505114 0.999890754 -0.014055337 0.115116057 0.003960890 0.014073203 0.999893122 9.560177188
0.999989377 0.004478475 -0.000903479 -0.045600102 -0.004490235 0.999898156 -0.013524269 0.122060552 0.000841457 0.013528154 0.999908421 9.976275113
0.999989061 0.004494954 0.000569323 -0.029726872 -0.004487052 0.999903249 -0.013150001 0.125335811 -0.000628380 0.013147322 0.999913352 10.181793487
0.999981581 0.004837436 0.003439235 -0.020764672 -0.004791809 0.999902130 -0.013121200 0.131686897 -0.003503341 0.013104557 0.999908198 10.625729715
0.999967752 0.004801649 0.006394054 -0.011781126 -0.004720750 0.999909261 -0.012597847 0.138897628 -0.006454191 0.012567183 0.999899929 11.069653524
0.999955948 0.004482021 0.008229306 0.006628458 -0.004381931 0.999916492 -0.012139417 0.142470936 -0.008283210 0.012102845 0.999892677 11.289082457
0.999935118 0.003457369 0.010823368 0.020689924 -0.003334926 0.999929894 -0.011306075 0.150487680 -0.010862251 0.011269298 0.999877995 11.760824351
0.999901641 0.002991235 0.013647911 0.035346699 -0.002839194 0.999933099 -0.011145202 0.156828649 -0.013680770 0.011105391 0.999844568 12.196536576
0.999882617 0.002907166 0.015030769 0.048028942 -0.002732945 0.999928654 -0.011595876 0.159092620 -0.015063411 0.011553416 0.999819434 12.424208575
0.999838089 0.003376235 0.017687242 0.059502425 -0.003163092 0.999921536 -0.012063405 0.164732173 -0.017727694 0.012005474 0.999771086 12.882069947
0.999784186 0.003560891 0.020435322 0.089947064 -0.003303649 0.999914592 -0.012604896 0.170156090 -0.020479397 0.012534670 0.999711830 13.365230731
0.999757251 0.003759213 0.021688922 0.096957071 -0.003484796 0.999913504 -0.012671130 0.173329806 -0.021735556 0.012592503 0.999684844 13.601113736
0.999712725 0.003834911 0.023650736 0.124301323 -0.003554812 0.999922932 -0.011870103 0.181390929 -0.023694718 0.011782584 0.999649717 14.106375434
0.999665020 0.003373928 0.025648002 0.145952985 -0.003087980 0.999932447 -0.011177689 0.189542136 -0.025685225 0.011094816 0.999608497 14.619859980
0.999641212 0.003278525 0.026591414 0.158032968 -0.002983748 0.999932924 -0.011116531 0.193201997 -0.026627095 0.011033163 0.999584237 14.883565692
0.999598595 0.002569522 0.028203141 0.185343462 -0.002256630 0.999934792 -0.011119772 0.199903681 -0.028229388 0.011051708 0.999540315 15.388847030
0.999569339 0.001881066 0.029268815 0.212699132 -0.001587594 0.999947587 -0.010043158 0.208424613 -0.029286562 0.009992327 0.999521096 15.894102085
0.999572060 0.001143333 0.029211877 0.224813618 -0.000876419 0.999957258 -0.009146230 0.213473901 -0.029220804 0.009116698 0.999531181 16.157787723
0.999573865 0.001380866 0.029143106 0.243328404 -0.001149908 0.999967819 -0.007938541 0.222792920 -0.029153729 0.007901601 0.999543928 16.693394412
0.999577311 0.001712541 0.029013159 0.275733448 -0.001504792 0.999972483 -0.007179274 0.230970340 -0.029025769 0.007132596 0.999552856 17.226484160
0.999588737 0.001938340 0.028599050 0.282123820 -0.001735689 0.999972748 -0.007106880 0.234840236 -0.028611551 0.007054298 0.999565699 17.498410987
0.999621248 0.001380504 0.027463833 0.303138472 -0.001198040 0.999976322 -0.006655315 0.242987911 -0.027473511 0.006619878 0.999600375 18.047949463
0.999656013 0.000889217 0.026200635 0.326681782 -0.000724412 0.999979524 -0.006295283 0.251123765 -0.026206587 0.006274096 0.999636973 18.611402975
0.999677775 0.000788322 0.025369138 0.343804934 -0.000618599 0.999976854 -0.006695438 0.254190217 -0.025374963 0.006677577 0.999655729 18.902946990
0.999713894 0.000771106 0.023909874 0.364751574 -0.000583807 0.999968817 -0.007838990 0.259599023 -0.023915614 0.007822798 0.999683283 19.452525035
0.999749981 0.000675980 0.022326468 0.382557367 -0.000483490 0.999962558 -0.008623976 0.266015708 -0.022331846 0.008611022 0.999713344 20.024227534
0.999771265 0.000617521 0.021370961 0.399694916 -0.000431993 0.999961887 -0.008683084 0.269661921 -0.021375970 0.008671802 0.999734035 20.315763172
0.999811717 0.001372225 0.019335874 0.409326621 -0.001211111 0.999963973 -0.008337988 0.278079728 -0.019346542 0.008312999 0.999778308 20.881746045
0.999843297 0.000394070 0.017670771 0.427197695 -0.000259961 0.999970694 -0.007587415 0.287125327 -0.017674805 0.007581664 0.999815183 21.453410564
0.999859480 0.000022754 0.016733190 0.436145519 0.000093080 0.999975322 -0.006916964 0.292142922 -0.016733212 0.006917537 0.999836150 21.739235674
0.999887773 -0.001251018 0.014878315 0.445802295 0.001340782 0.999980261 -0.006020251 0.301570313 -0.014871193 0.006039479 0.999870896 22.305203962
0.999910026 -0.001969740 0.013247237 0.460464758 0.002056253 0.999976368 -0.006516169 0.308894917 -0.013234951 0.006542821 0.999891670 22.899032358
0.999921173 -0.001730322 0.012446315 0.471927340 0.001808312 0.999978560 -0.006253113 0.313340921 -0.012435977 0.006275112 0.999903308 23.198780591
0.999939901 -0.002537218 0.010652248 0.483423390 0.002611892 0.999971369 -0.006994362 0.320643828 -0.010634653 0.007021785 0.999918808 23.814748316
0.999952318 -0.003532314 0.009085917 0.500580258 0.003608699 0.999957454 -0.008401399 0.326577180 -0.009055477 0.008433779 0.999923185 24.422511676
0.999960110 -0.003754413 0.008110890 0.506316245 0.003827833 0.999951351 -0.009053125 0.329743834 -0.008076527 0.009083773 0.999926000 24.730502542
0.999966240 -0.004972065 0.006510830 0.520364782 0.005032757 0.999943659 -0.009334300 0.337994523 -0.006464490 0.009366794 0.999934683 25.360371439
0.999979133 -0.004323885 0.004703882 0.534419029 0.004368174 0.999945775 -0.009429953 0.346475117 -0.004663342 0.009450189 0.999943963 25.990237014
0.999982403 -0.004503736 0.003789035 0.534516289 0.004537364 0.999949598 -0.008903889 0.351900960 -0.003749199 0.008920890 0.999953601 26.306419390
0.999984532 -0.005050793 0.002289819 0.551157525 0.005068462 0.999956335 -0.007743004 0.362718761 -0.002251215 0.007754447 0.999966989 26.950166064
0.999987332 -0.004909714 0.000717826 0.559634107 0.004913526 0.999973546 -0.005237677 0.375917528 -0.000693355 0.005241188 0.999986027 27.588187625
0.999990155 -0.004366178 -0.000377555 0.559772323 0.004364833 0.999983170 -0.003727167 0.382992690 0.000394029 0.003725485 0.999992877 27.904346174
0.999992105 -0.002977638 -0.002345632 0.565048981 0.002972382 0.999993049 -0.002232671 0.394820318 0.002351741 0.002225673 0.999994855 28.564526558
0.999990520 -0.002618034 -0.003330103 0.570256883 0.002610076 0.999993565 -0.002403550 0.403879089 0.003335294 0.002394817 0.999991741 29.224746943
0.999987287 -0.002625881 -0.004164756 0.581088413 0.002616328 0.999993622 -0.002327050 0.408561463 0.004171018 0.002316031 0.999988370 29.560545642
0.999980091 -0.002672325 -0.005643154 0.583169865 0.002662247 0.999994114 -0.001800518 0.419207873 0.005647485 0.001785482 0.999982703 30.242882105
0.999974838 -0.002318151 -0.006589462 0.592816690 0.002304903 0.999994551 -0.002024318 0.428989158 0.006594281 0.002009019 0.999976042 30.966975662
0.999974901 -0.002194657 -0.006712008 0.597953396 0.002180612 0.999994746 -0.002111020 0.433671654 0.006716255 0.002096293 0.999975489 31.310998508
0.999963166 -0.002500635 -0.008147974 0.607626781 0.002486865 0.999995508 -0.001712656 0.444522498 0.008152150 0.001692333 0.999965528 32.035076612
0.999957287 -0.002822232 -0.008775070 0.612237139 0.002811096 0.999994436 -0.001297881 0.455167081 0.008778915 0.001273121 0.999961270 32.731327967
0.999954994 -0.002877724 -0.008976136 0.617358952 0.002862379 0.999994133 -0.001736523 0.459249824 0.008980076 0.001710742 0.999957659 33.075359478
0.999947442 -0.003166758 -0.009708639 0.619419801 0.003150282 0.999992954 -0.001717024 0.469066577 0.009713883 0.001686312 0.999951355 33.757707927
0.999939456 -0.003032233 -0.010556562 0.626551620 0.003016151 0.999994049 -0.001540526 0.479409458 0.010560491 0.001508576 0.999942938 34.467878506
0.999933475 -0.003159423 -0.011093160 0.620294458 0.003137122 0.999992218 -0.002029105 0.483922267 0.011098729 0.001994194 0.999936207 34.828352102
0.999916477 -0.002835747 -0.012579221 0.621672128 0.002793409 0.999989731 -0.003383277 0.491876256 0.012588035 0.003347881 0.999915386 35.546781343
0.999905481 -0.002698617 -0.013421743 0.623057246 0.002637424 0.999985663 -0.004584288 0.500130121 0.013433252 0.004548445 0.999899536 36.265206251
0.999905182 -0.002825879 -0.013442468 0.625013389 0.002755427 0.999981569 -0.005261008 0.504221155 0.013457292 0.005223493 0.999895651 36.631376656
0.999907253 -0.003298947 -0.013159543 0.631409407 0.003196817 0.999964617 -0.007780754 0.510582148 0.013184436 0.007738023 0.999882824 37.377658640
0.999921457 -0.003266988 -0.012067507 0.635270809 0.003141981 0.999941208 -0.010366159 0.516715062 0.012099944 0.010327424 0.999873597 38.110029055
0.999921972 -0.003962016 -0.011785021 0.639740470 0.003826441 0.999925902 -0.011512475 0.520184526 0.011829271 0.011466470 0.999864466 38.490123305
0.999928651 -0.004207466 -0.011121500 0.651327595 0.004084609 0.999930298 -0.011048771 0.531909649 0.011166390 0.011002580 0.999877091 39.264157523
0.999934130 -0.004282233 -0.010639288 0.662897096 0.004165367 0.999930320 -0.010989933 0.542925065 0.010685898 0.010944881 0.999882894 40.038201995
0.999932152 -0.005152544 -0.010438678 0.664238321 0.005032639 0.999921014 -0.011489469 0.547902200 0.010496521 0.011436192 0.999879370 40.440413477
0.999925346 -0.006587775 -0.010279106 0.672651834 0.006470023 0.999912907 -0.011453083 0.559315746 0.010352676 0.011385706 0.999881589 41.236591211
0.999935246 -0.005399716 -0.009957000 0.672816298 0.005279801 0.999912995 -0.012033064 0.569711661 0.010021279 0.011979728 0.999878312 42.027092932
0.999940345 -0.004538988 -0.009921920 0.674199968 0.004425022 0.999923795 -0.011481409 0.576398091 0.009972774 0.011436850 0.999885138 42.429279720
0.999945395 -0.003940861 -0.009692275 0.673799653 0.003837396 0.999935428 -0.010676525 0.589699273 0.009733310 0.010638755 0.999895724 43.255793348
0.999967880 -0.002545012 -0.007563461 0.687337503 0.002475274 0.999954005 -0.009218590 0.603788060 0.007586462 0.009199562 0.999928618 44.079762162
0.999973198 -0.002057245 -0.006994090 0.691251817 0.001996244 0.999959876 -0.008727396 0.610542634 0.007011649 0.008713219 0.999937264 44.495862831
0.999982318 -0.002686044 -0.005302218 0.707290525 0.002643389 0.999963638 -0.008045470 0.623500061 0.005322387 0.008031278 0.999953891 45.333762855
0.999990727 -0.002891984 -0.003208888 0.731474775 0.002862526 0.999953776 -0.009150594 0.633306840 0.003234999 0.009141336 0.999953281 46.177399112
0.999992818 -0.002103473 -0.002899545 0.743580552 0.002076377 0.999954059 -0.009345170 0.638760003 0.002918263 0.009339048 0.999952094 46.599209298
0.999995146 -0.002644169 -0.001545090 0.756510433 0.002632511 0.999967345 -0.007532974 0.654014775 0.001565364 0.007528898 0.999970761 47.459215147
0.999993124 -0.003656086 -0.000610986 0.777651634 0.003652413 0.999975644 -0.005950846 0.668767806 0.000632720 0.005948521 0.999981971 48.324918959
0.999994063 -0.003221639 -0.001054814 0.778410705 0.003215849 0.999979243 -0.005424380 0.675950498 0.001071732 0.005420974 0.999984216 48.763152458
0.999997446 -0.002228174 0.000031747 0.791298141 0.002228358 0.999986541 -0.004586730 0.689495976 -0.000022375 0.004586866 0.999989442 49.623183001
0.999995765 -0.001778660 0.002056003 0.812403598 0.001786643 0.999990787 -0.003849249 0.702809602 -0.002049616 0.003852946 0.999991018 50.488907609
0.999995415 -0.001611281 0.002314817 0.824551821 0.001618408 0.999994081 -0.003049319 0.709972058 -0.002310948 0.003053016 0.999992751 50.910693100
0.999994036 -0.001222402 0.003134259 0.840549572 0.001232847 0.999993018 -0.003297704 0.721280166 -0.003130567 0.003301588 0.999989815 51.748616952
0.999989808 -0.002000874 0.003976292 0.859063820 0.002016575 0.999989648 -0.003938245 0.732086654 -0.003968463 0.003946161 0.999984505 52.600462916
0.999987689 -0.002551173 0.004265774 0.873672441 0.002571934 0.999984569 -0.004853687 0.736488424 -0.004253907 0.004864611 0.999978996 53.036203157
0.999981224 -0.002157870 0.005627375 0.889037899 0.002187866 0.999982588 -0.005322106 0.747982922 -0.005615997 0.005334268 0.999970125 53.910178195
0.999977450 -0.001852111 0.006347422 0.910188036 0.001874461 0.999991709 -0.003501771 0.763095805 -0.006341020 0.003513539 0.999974089 54.775876809
0.999977276 -0.002319485 0.006201278 0.922367286 0.002331827 0.999995237 -0.001970542 0.771507745 -0.006197464 0.001984961 0.999979020 55.197644249
0.999981523 -0.002003776 0.005718728 0.930260948 0.002000672 0.999997802 0.000560944 0.787635811 -0.005720569 -0.000549445 0.999983503 56.029807751
0.999979081 -0.002384118 0.005983866 0.957797031 0.002359632 0.999988102 0.004104776 0.804931204 -0.005993941 -0.004090518 0.999973376 56.851196806
0.999978477 -0.002491282 0.006026832 0.967426027 0.002459922 0.999982869 0.005205800 0.812485326 -0.006040109 -0.005190858 0.999968282 57.259061774
0.999979293 -0.002030613 0.006154987 0.994832788 0.001995375 0.999980792 0.005732387 0.824572869 -0.006167179 -0.005720031 0.999964884 58.080526066
0.999993673 -0.001922520 0.002788613 1.008911587 0.001907717 0.999983551 0.005348635 0.834796784 -0.002799384 -0.005343266 0.999981989 58.868496837
0.999996283 -0.002270889 0.001292455 1.015941430 0.002264593 0.999985310 0.004922997 0.839523901 -0.001304071 -0.004920063 0.999986851 59.262487783
0.999992795 -0.003544241 -0.000900775 1.027501499 0.003548606 0.999981642 0.004797317 0.850159474 0.000883939 -0.004800524 0.999987675 60.036537742
0.999985963 -0.003229135 -0.004145248 1.047951599 0.003253285 0.999977095 0.005806637 0.861976143 0.004126842 -0.005820108 0.999974512 60.780207474
0.999977359 -0.002884182 -0.006012509 1.044274973 0.002923305 0.999974574 0.006492205 0.868566267 0.005992551 -0.006509628 0.999961140 61.154565924
0.999948972 -0.003288364 -0.009518187 1.053966975 0.003358640 0.999966728 0.007369602 0.880166801 0.009493033 -0.007401204 0.999927111 61.878633197
0.999903591 -0.003573730 -0.013393527 1.058561696 0.003674413 0.999964643 0.007502782 0.890181645 0.013365082 -0.007551284 0.999882223 62.574893650
0.999880961 -0.003315054 -0.015031316 1.058004818 0.003425682 0.999966612 0.007335194 0.894914241 0.015006847 -0.007385851 0.999859989 62.927139922
0.999807587 -0.002797882 -0.019401315 1.053724401 0.002929874 0.999972787 0.006775642 0.904347741 0.019381522 -0.006831223 0.999789107 63.653771937
0.999727792 -0.003424194 -0.023057787 1.050040783 0.003553008 0.999977757 0.005544407 0.912165441 0.023037562 -0.005624830 0.999718645 64.344373417
0.999664612 -0.003647502 -0.025614523 1.038719601 0.003780100 0.999979130 0.005125998 0.916432005 0.025594808 -0.005221153 0.999658444 64.677020841
0.999536800 -0.003698425 -0.030190731 1.029950120 0.003803853 0.999986572 0.003433829 0.923123825 0.030176925 -0.003547096 0.999537869 65.339808856
0.999400982 -0.003434054 -0.034423191 1.010436689 0.003503515 0.999991254 0.001956760 0.930169274 0.034415836 -0.002076166 0.999405061 65.982986183
0.999359451 -0.003495389 -0.035593767 1.004813062 0.003558885 0.999992139 0.001717744 0.934545672 0.035587236 -0.001843346 0.999365340 66.307407871
0.999078077 -0.003639006 -0.042772482 0.977862254 0.003663134 0.999993071 0.000484476 0.950629037 0.042769661 -0.000640749 0.999084998 67.541231559
0.998979780 -0.004064333 -0.044976493 0.969707734 0.004081982 0.999990883 0.000301203 0.954927294 0.044974172 -0.000484534 0.998987730 67.851739511
0.998781598 -0.003839224 -0.049193024 0.947669864 0.003794955 0.999991923 -0.000993247 0.962154495 0.049196271 0.000805336 0.998788396 68.480999347
0.998617658 -0.003655453 -0.052441175 0.925692559 0.003613445 0.999992932 -0.000897157 0.971820690 0.052443641 0.000706325 0.998623966 69.110223946
0.998524903 -0.003803269 -0.054153274 0.917534812 0.003746133 0.999992173 -0.001158304 0.975989000 0.054156196 0.000953681 0.998531373 69.420733775
0.998335137 -0.003738349 -0.057560477 0.887309203 0.003646338 0.999991332 -0.001704513 0.984667551 0.057565582 0.001491795 0.998340457 70.044281928
0.998192091 -0.003976940 -0.059964369 0.862771467 0.003846226 0.999989486 -0.002296744 0.993066096 0.059972321 0.002061876 0.998198099 70.659609976
0.998119861 -0.003730236 -0.061171502 0.848911450 0.003559752 0.999989203 -0.002897318 0.996934652 0.061180733 0.002674064 0.998122621 70.978348285
0.998030510 -0.003259534 -0.062640305 0.818597226 0.002916230 0.999979571 -0.005572237 1.002044677 0.062657434 0.005378562 0.998020487 71.601947993
0.997918738 -0.002968859 -0.064411516 0.790903254 0.002576330 0.999977324 -0.006178404 1.010831356 0.064427737 0.005999585 0.997903985 72.239409448
0.997864297 -0.002476530 -0.065274239 0.777045471 0.002041497 0.999974528 -0.006730668 1.014789875 0.065288935 0.006583046 0.997845121 72.558146457
0.997776705 -0.002337623 -0.066606627 0.746187816 0.001840132 0.999969736 -0.007529680 1.023664812 0.066621488 0.007390355 0.997751285 73.217745652
0.997637112 -0.001156376 -0.068690262 0.701455044 0.000643669 0.999970919 -0.007487087 1.034291096 0.068696455 0.007425155 0.997609740 73.879852979
0.997566048 -0.001062986 -0.069723285 0.690102835 0.000459378 0.999961856 -0.008673507 1.037308177 0.069729701 0.008620304 0.997528511 74.212518454
0.997460483 -0.001575212 -0.071199721 0.656053696 0.000841953 0.999945987 -0.010328477 1.045151834 0.071211386 0.010242294 0.997408298 74.894271562
0.997386812 -0.002858920 -0.072192323 0.618909382 0.002101635 0.999941915 -0.010564699 1.055842610 0.072217834 0.010385336 0.997334717 75.598122552
0.997353501 -0.002863490 -0.072646193 0.604451077 0.002099915 0.999941312 -0.010585527 1.061266991 0.072671701 0.010404940 0.997301098 75.952892264
0.997322648 -0.002183529 -0.073087032 0.566687128 0.001404658 0.999940918 -0.010708320 1.072653946 0.073105412 0.010576948 0.997267556 76.692787075
0.997187469 -0.002472719 -0.074905727 0.520743135 0.001740239 0.999949222 -0.009843230 1.085802123 0.074925739 0.009685241 0.997142216 77.426965726
0.997129952 -0.002991281 -0.075645672 0.494913301 0.002260628 0.999949068 -0.009744021 1.091956446 0.075669927 0.009545013 0.997086881 77.798173191
0.996983782 -0.002986862 -0.077549144 0.451503676 0.002309345 0.999957602 -0.008825574 1.105322706 0.077572009 0.008619865 0.996949848 78.546263557
0.996822188 -0.003622882 -0.079568587 0.405573335 0.003024138 0.999965488 -0.007645030 1.119020656 0.079593195 0.007380024 0.996799697 79.280434266
0.996794472 -0.003606401 -0.079921360 0.382308152 0.003074005 0.999971616 -0.006784236 1.126612557 0.079943468 0.006516825 0.996777736 79.665535827
0.996747009 -0.002444207 -0.080555454 0.325023161 0.002041950 0.999984364 -0.005076875 1.141720168 0.080566110 0.004895815 0.996737483 80.416134469
0.996701004 -0.001881095 -0.081134416 0.278530772 0.001687503 0.999995066 -0.002456259 1.158433340 0.081137916 0.002311194 0.996700410 81.186315496
0.996692070 -0.001829220 -0.081250901 0.255292645 0.001756307 0.999997287 -0.000968860 1.167114792 0.081252423 0.000822884 0.996693190 81.571401316
0.996609513 -0.001285912 -0.082264183 0.208811177 0.001447893 0.999996727 0.001908662 1.184267782 0.082260961 -0.002021302 0.996608994 82.341575989
0.996545316 -0.001589062 -0.083029067 0.162220990 0.001778353 0.999995561 0.002206042 1.197042581 0.083024781 -0.002346120 0.996544731 83.111813914
0.996509317 -0.002094463 -0.083452230 0.144591554 0.002254241 0.999995090 0.001819283 1.202255343 0.083447083 -0.002000976 0.996509873 83.488725697
0.996467601 -0.003121503 -0.083916782 0.095466999 0.003305185 0.999991994 0.002048542 1.214812059 0.083909281 -0.002318647 0.996470684 84.245051908
0.996396114 -0.003852063 -0.084729946 0.046419144 0.004213623 0.999982625 0.004088285 1.230457499 0.084711815 -0.004430622 0.996395755 85.001333496
0.996377383 -0.003937914 -0.084951372 0.028838111 0.004364802 0.999978742 0.004839866 1.237619457 0.084930070 -0.005193158 0.996373253 85.378217119
0.996347923 -0.004241209 -0.085276504 -0.022854570 0.004619439 0.999979601 0.004237932 1.248598651 0.085255628 -0.004616358 0.996348564 86.120651255
0.996287962 -0.004636870 -0.085950324 -0.071402183 0.004946837 0.999981140 0.003392413 1.258739897 0.085932456 -0.003804969 0.996293446 86.840958483
0.996359509 -0.004160400 -0.085148945 -0.091549108 0.004461225 0.999983692 0.003341805 1.264414296 0.085133619 -0.003709514 0.996362992 87.203948732
0.996404409 -0.001629575 -0.084703503 -0.140033177 0.001976765 0.999989262 0.004014333 1.277114486 0.084695855 -0.004167422 0.996398145 87.924218991
0.996501999 -0.000808390 -0.083556956 -0.168898656 0.001241520 0.999985729 0.005130554 1.290022397 0.083551908 -0.005216384 0.996489595 88.633728665
0.996494301 -0.000876819 -0.083653994 -0.191557856 0.001347240 0.999983024 0.005566592 1.296368346 0.083647854 -0.005659739 0.996479210 88.982794347
0.996503586 -0.001096042 -0.083540795 -0.235241729 0.001496427 0.999987339 0.004729133 1.306083437 0.083533994 -0.004837654 0.996492794 89.678501473
0.996574003 -0.001174314 -0.082693523 -0.282603850 0.001484871 0.999991216 0.003693563 1.315382552 0.082688969 -0.003803670 0.996568078 90.361944573
0.996627681 -0.001097897 -0.082049709 -0.301302289 0.001398888 0.999991620 0.003610928 1.320696842 0.082043951 -0.003713579 0.996622058 90.705268254
0.996724839 -0.000815649 -0.080865076 -0.339212902 0.001203992 0.999987425 0.004752614 1.333570507 0.080859499 -0.004834496 0.996713510 91.392705598
0.996768055 -0.000539597 -0.080327649 -0.378859314 0.000962170 0.999985114 0.005221274 1.345342663 0.080322870 -0.005281691 0.996755507 92.082626100
0.996840215 -0.001006984 -0.079419240 -0.395865392 0.001392513 0.999987322 0.004798118 1.350009184 0.079412765 -0.004893539 0.996829396 92.423491896
0.996865921 -0.001684505 -0.079092392 -0.434989136 0.002021078 0.999988399 0.004174872 1.359896107 0.079083436 -0.004321580 0.996858748 93.112617219
0.996965269 -0.002299973 -0.077810579 -0.474132738 0.002545827 0.999991178 0.003059409 1.368983360 0.077802316 -0.003248241 0.996963544 93.801754095
0.997135323 -0.003671259 -0.075552947 -0.518388879 0.003801238 0.999991287 0.001575621 1.382811303 0.075545841 -0.001858332 0.997140914 94.849716446
0.997208845 -0.003258206 -0.074592297 -0.563182377 0.003371492 0.999993203 0.001391341 1.393707931 0.074587244 -0.001638987 0.997212985 95.547051331
0.997285972 -0.003273301 -0.073546175 -0.578768428 0.003397367 0.999992152 0.001561262 1.399584150 0.073540092 -0.001806934 0.997290420 95.903459345
0.997372958 -0.003874512 -0.072333020 -0.603441430 0.003997820 0.999990545 0.001558534 1.410682944 0.072325878 -0.001843611 0.997379416 96.624442775
0.997477822 -0.004047826 -0.070864094 -0.639701541 0.004246931 0.999986826 0.002658718 1.423938870 0.070851706 -0.002952914 0.997482785 97.344638816
0.997445446 -0.003978553 -0.071315988 -0.660646040 0.004224229 0.999984961 0.003293295 1.430536679 0.071302017 -0.003586153 0.997448049 97.691233615
0.997530459 -0.004464166 -0.070096101 -0.696047354 0.004747739 0.999981135 0.003877581 1.442618843 0.070076706 -0.004200886 0.997532868 98.392597258
0.997628984 -0.001546781 -0.068807554 -0.741644252 0.001899059 0.999984691 0.005053700 1.461145104 0.068798317 -0.005172465 0.997617283 99.460163501
0.997742161 -0.000632172 -0.067146028 -0.776804418 0.000989048 0.999985636 0.005280872 1.472829655 0.067141512 -0.005335428 0.997729480 100.178737414
0.997878608 -0.000983700 -0.065094994 -0.821109532 0.001327644 0.999984652 0.005240008 1.490117079 0.065087852 -0.005315278 0.997865443 101.297112713
0.997975987 -0.000990200 -0.063587462 -0.850444184 0.001160540 0.999995444 0.002641266 1.496955731 0.063583955 -0.002709779 0.997972629 102.024737010
0.998040478 -0.001180305 -0.062551658 -0.880898142 0.001212634 0.999998325 0.000477056 1.504586080 0.062550343 -0.000551991 0.998041332 102.753994699
0.998085201 -0.001071712 -0.061839421 -0.892856334 0.001053592 0.999999387 -0.000327903 1.508849113 0.061839398 0.000262137 0.998086435 103.122696054
0.998197854 -0.001350875 -0.059986747 -0.920129891 0.001313953 0.999998837 -0.000655202 1.519780260 0.059987066 0.000575158 0.998198814 103.864998506
0.998218462 -0.001968403 -0.059626533 -0.946162267 0.002060602 0.999996685 0.001484442 1.534827681 0.059623712 -0.001604685 0.998219822 104.605596660
0.998249948 -0.002295414 -0.059092386 -0.960294534 0.002480211 0.999991865 0.003051535 1.543273036 0.059084808 -0.003192799 0.998247917 104.977527252
0.998317076 -0.002628427 -0.057935229 -0.990319690 0.002918110 0.999982921 0.004915954 1.558062650 0.057920385 -0.005076770 0.998308445 105.723886035
0.998324005 -0.002497410 -0.057819154 -1.025494415 0.002855200 0.999976578 0.006105135 1.571876776 0.057801871 -0.006260056 0.998308576 106.477660646
0.998341058 -0.002495979 -0.057520327 -1.042531681 0.002860267 0.999976440 0.006251499 1.578003149 0.057503307 -0.006405648 0.998324607 106.853736815
0.998470402 -0.002527007 -0.055229135 -1.073783374 0.002863270 0.999977781 0.006009498 1.589266243 0.055212050 -0.006158439 0.998455509 107.601791376
0.998459999 -0.002530976 -0.055404004 -1.101322317 0.002913939 0.999971966 0.006832239 1.602334740 0.055384505 -0.006983226 0.998441077 108.362089889
0.998533731 -0.001999634 -0.054096440 -1.109552618 0.002401853 0.999969467 0.007370245 1.609012925 0.054079527 -0.007489391 0.998508959 108.743026387
0.998632216 -0.000891210 -0.052273525 -1.136466379 0.001388552 0.999953375 0.009477580 1.624324484 0.052262544 -0.009537189 0.998588210 109.502470079
0.998619454 -0.000211189 -0.052511524 -1.161879442 0.000952168 0.999900371 0.014084006 1.644094398 0.052503514 -0.014114588 0.998521113 110.277409056
0.998613766 -0.000298095 -0.052622377 -1.179211136 0.001070134 0.999891359 0.014643965 1.651188605 0.052612630 -0.014680012 0.998506981 110.671498183
0.998604662 -0.000729356 -0.052795912 -1.202163512 0.001275030 0.999945536 0.010302626 1.655384891 0.052784755 -0.010355553 0.998552195 111.442550079
0.998533717 -0.001578657 -0.054100880 -1.233486812 0.001713414 0.999995628 0.002442300 1.653655573 0.054096427 -0.002531370 0.998532812 112.207996867
0.998523848 -0.001620296 -0.054285602 -1.245901022 0.001528344 0.999997086 -0.001738367 1.652379127 0.054287656 0.001652831 0.998523843 112.594805191
0.998361689 -0.001820260 -0.057193390 -1.275573950 0.001618252 0.999991439 -0.003578759 1.661135676 0.057199222 0.003480360 0.998356935 113.375660184
0.998132403 -0.001586967 -0.061060970 -1.316651795 0.001590296 0.999997914 0.000005099 1.679386324 0.061060718 -0.000102272 0.998134065 114.155621789
0.998033149 -0.001139583 -0.062673447 -1.333352596 0.001272185 0.999996236 0.002074400 1.688953498 0.062671119 -0.002150068 0.998031830 114.548852773
0.997794925 -0.000193111 -0.066363090 -1.380450807 0.000452856 0.999992212 0.003896417 1.704203286 0.066361690 -0.003917875 0.997788312 115.319877357
0.997587236 0.000686513 -0.069420146 -1.421621982 -0.000322008 0.999985463 0.005262562 1.718695488 0.069422379 -0.005227499 0.997573616 116.099893260
0.997453522 0.001366724 -0.071298285 -1.446615768 -0.000966683 0.999982757 0.005644500 1.725475761 0.071303921 -0.005561304 0.997439455 116.487473792
0.997332499 0.001420575 -0.072980758 -1.490918196 -0.000966163 0.999979583 0.006260375 1.738646347 0.072987715 -0.006173179 0.997314076 117.254416339
0.997241233 0.001919926 -0.074202227 -1.537477853 -0.001382263 0.999971735 0.007296470 1.752650638 0.074213817 -0.007173796 0.997217053 118.024636502
0.997251492 0.002170792 -0.074060592 -1.551986708 -0.001629635 0.999970786 0.007364670 1.758755193 0.074074247 -0.007223762 0.997226534 118.414627851
0.997174865 0.001795477 -0.075095389 -1.596938148 -0.001342436 0.999980307 0.006081368 1.768723114 0.075104544 -0.005963409 0.997158090 119.182439082
0.996944139 0.000687835 -0.078109961 -1.647218993 -0.000224810 0.999981721 0.005935297 1.780582142 0.078112545 -0.005899670 0.996926955 119.940420203
0.996919455 0.001314662 -0.078416635 -1.665386983 -0.000825055 0.999979947 0.006275475 1.787040403 0.078423438 -0.006191495 0.996901053 120.318136407
0.996787860 0.001625988 -0.080066480 -1.713938978 -0.001097557 0.999977268 0.006643476 1.799721055 0.080074491 -0.006534345 0.996767165 121.073638412
0.996747738 0.001549471 -0.080561966 -1.761692406 -0.001042193 0.999978516 0.006337776 1.811518282 0.080569281 -0.006233214 0.996729573 121.845535290
