1.000000000 -0.000000000 -0.000000000 0.000000000 -0.000000000 1.000000000 0.000000000 0.000000000 0.000000000 -0.000000000 1.000000000 -0.000000000
0.999999417 -0.000323872 -0.000091917 0.002341711 0.000323863 1.000000008 0.000717794 0.001033067 0.000091482 -0.000717824 1.000000321 0.352426049
0.999998729 -0.000764023 0.000622661 0.018163176 0.000762931 0.999997924 0.001769529 0.002204555 -0.000623902 -0.001769094 0.999998747 1.058013208
0.999998195 -0.000704982 0.001152693 0.031869142 0.000703170 0.999998440 0.001585411 0.001263069 -0.001154073 -0.001584630 0.999998477 1.747328639
0.999998167 -0.000787108 0.001285891 0.043265639 0.000785255 0.999998335 0.001472842 0.000648132 -0.001287277 -0.001471856 0.999997968 2.084218645
0.999996681 -0.001969071 0.001322424 0.050945316 0.001964941 0.999993126 0.003152770 0.003114771 -0.001329462 -0.003150180 0.999994487 2.764169454
0.999997158 0.000752093 0.001764955 0.068217438 -0.000760638 0.999987393 0.004852919 0.005301439 -0.001760712 -0.004854325 0.999987266 3.427721776
0.999997079 0.001238498 0.001908302 0.070004463 -0.001248909 0.999984133 0.005444408 0.006126252 -0.001901356 -0.005446818 0.999984408 3.761287757
0.999995203 0.001812471 0.002242563 0.081149064 -0.001827076 0.999977021 0.006529072 0.007452246 -0.002230705 -0.006533171 0.999976557 4.415473498
0.999997121 0.000465560 0.002015339 0.098324262 -0.000479443 0.999976124 0.006902945 0.007429641 -0.002012456 -0.006903938 0.999974166 5.059301763
0.999996804 0.000147467 0.002241055 0.102067079 -0.000163142 0.999975710 0.007002663 0.007388477 -0.002240504 -0.007003030 0.999972797 5.369692017
0.999995825 -0.000524521 0.002566551 0.121227704 0.000504920 0.999970920 0.007614670 0.007749543 -0.002569825 -0.007613414 0.999968476 5.990345128
0.999991653 -0.001517261 0.003587974 0.138390142 0.001485868 0.999960958 0.008719270 0.009066667 -0.003601559 -0.008713931 0.999955694 6.614450964
0.999991592 -0.001809559 0.003519793 0.141120945 0.001778622 0.999959912 0.008774122 0.008958685 -0.003536003 -0.008767821 0.999955622 6.926567330
0.999989278 -0.002872649 0.003413182 0.160748341 0.002843630 0.999959973 0.008465602 0.007698626 -0.003436938 -0.008455854 0.999958796 7.546356625
0.999985618 -0.003886291 0.003521896 0.174777338 0.003857455 0.999958861 0.008158717 0.006586028 -0.003553482 -0.008145055 0.999960474 8.155916731
0.999983570 -0.004228272 0.003666537 0.178959704 0.004199767 0.999960779 0.007745541 0.005653639 -0.003698310 -0.007730042 0.999963740 8.445720461
0.999976287 -0.005586019 0.003830091 0.191338591 0.005561799 0.999964301 0.006296441 0.002626535 -0.003865674 -0.006275052 0.999973430 9.018422814
0.999978030 -0.005343776 0.003759734 0.204236170 0.005324155 0.999972068 0.005221554 0.000167690 -0.003787312 -0.005201452 0.999980288 9.590262357
0.999976694 -0.005585104 0.003821005 0.211469278 0.005564683 0.999969835 0.005324591 0.000055580 -0.003850412 -0.005303263 0.999978834 9.874888035
0.999980075 -0.004511967 0.004324066 0.226976670 0.004484629 0.999969845 0.006307194 0.001127834 -0.004351859 -0.006287741 0.999971464 10.442413841
0.999980713 -0.004141345 0.004549460 0.240406968 0.004109613 0.999967361 0.006966899 0.001706657 -0.004578184 -0.006948110 0.999965871 10.993668663
0.999980549 -0.004207739 0.004514207 0.251691453 0.004174420 0.999964116 0.007362597 0.002001781 -0.004545549 -0.007343658 0.999963111 11.271389955
0.999982850 -0.002569641 0.005090454 0.261635533 0.002522662 0.999954127 0.009208212 0.004701079 -0.005114113 -0.009195281 0.999945269 11.828687250
0.999976209 -0.003169855 0.005930975 0.287306454 0.003100274 0.999926493 0.011706982 0.008270999 -0.005968083 -0.011688367 0.999914545 12.378952773
0.999973256 -0.003849739 0.006067905 0.293551966 0.003774701 0.999916894 0.012334215 0.009121781 -0.006115578 -0.012311000 0.999906294 12.665305035
0.999981537 -0.001524670 0.005821876 0.303987432 0.001450025 0.999916999 0.012813685 0.009360085 -0.005840866 -0.012805057 0.999900754 13.241461174
0.999980833 -0.000928918 0.005953164 0.320998501 0.000848330 0.999908199 0.013521776 0.009927735 -0.005965292 -0.013516466 0.999891594 13.806397534
0.999979727 -0.000577154 0.006200737 0.329279897 0.000486866 0.999893331 0.014557405 0.011412014 -0.006207882 -0.014554177 0.999875395 14.089297801
0.999980048 -0.000229410 0.006251921 0.345895277 0.000124178 0.999858116 0.016819844 0.014720369 -0.006254968 -0.016818746 0.999839071 14.674821534
0.999976404 -0.003215365 0.005939501 0.362981655 0.003113084 0.999848049 0.017153446 0.014707972 -0.005993631 -0.017134621 0.999836040 15.279203716
0.999980443 -0.003696996 0.004798890 0.366171447 0.003614010 0.999845480 0.017182893 0.014528534 -0.004861356 -0.017165285 0.999841506 15.570733934
0.999980633 -0.005532442 0.002571000 0.381219807 0.005487625 0.999837975 0.017140495 0.013792667 -0.002666412 -0.017126043 0.999850240 16.178568069
0.999968547 -0.007846979 -0.000279077 0.386218436 0.007850789 0.999802366 0.018276891 0.015357783 0.000135816 -0.018278523 0.999833697 16.803664690
0.999963780 -0.008096624 -0.002133808 0.389460344 0.008134735 0.999795400 0.018517834 0.015498149 0.001983052 -0.018534612 0.999826374 17.114918099
0.999936859 -0.009227715 -0.006307972 0.396904490 0.009338802 0.999797911 0.017810097 0.013666314 0.006143132 -0.017867995 0.999822305 17.735697804
0.999822703 -0.013111467 -0.013454841 0.395423416 0.013342084 0.999762748 0.017194688 0.012082876 0.013225946 -0.017371263 0.999762494 18.668721638
0.999702500 -0.014918678 -0.019249809 0.390673171 0.015222808 0.999759979 0.015746500 0.009209395 0.019010523 -0.016034907 0.999691411 19.290491536
0.999592931 -0.015340237 -0.024044323 0.390549139 0.015708542 0.999760763 0.015204159 0.007801163 0.023805060 -0.015575667 0.999595629 19.924217507
0.999535436 -0.015107196 -0.026439827 0.383647710 0.015519753 0.999759374 0.015470455 0.008173200 0.026200161 -0.015873650 0.999531126 20.233009407
0.999367413 -0.017066661 -0.031187725 0.372928270 0.017576357 0.999715187 0.016143875 0.009237590 0.030903508 -0.016681913 0.999383740 20.865137969
0.999156006 -0.017853011 -0.036976757 0.353646181 0.018505791 0.999677450 0.017387469 0.011398556 0.036654440 -0.018057150 0.999165313 21.511939250
0.999066413 -0.017913092 -0.039301803 0.344221947 0.018619684 0.999670031 0.017687119 0.011908462 0.038972245 -0.018402474 0.999070906 21.825046571
0.998919555 -0.017358647 -0.043099729 0.329918180 0.018160594 0.999668182 0.018285604 0.012834067 0.042768158 -0.019048578 0.998903299 22.443493527
0.998725524 -0.016047807 -0.047841321 0.303429030 0.016944068 0.999687169 0.018388946 0.013097920 0.047530324 -0.019176160 0.998686144 23.062930850
0.998611640 -0.015622608 -0.050294941 0.289974086 0.016644766 0.999661817 0.019970429 0.015949924 0.049965753 -0.020779885 0.998535237 23.363220773
0.998415328 -0.011028647 -0.055160210 0.251533075 0.012434291 0.999605216 0.025205517 0.025399254 0.054860599 -0.025851576 0.998159503 23.983652983
0.998214311 -0.009451357 -0.058976700 0.223642426 0.011117131 0.999546060 0.027980212 0.030476497 0.058686159 -0.028585944 0.997867259 24.605681730
0.998125050 -0.009300738 -0.060487895 0.207547562 0.010937496 0.999580953 0.026785830 0.028527760 0.060213264 -0.027397277 0.997810213 24.910284807
0.997952832 -0.009056532 -0.063296239 0.178886488 0.010609884 0.999649023 0.024247946 0.024299308 0.063054072 -0.024869919 0.997700531 25.513449311
0.997771183 -0.010202627 -0.065934872 0.152142562 0.011561839 0.999727433 0.020266522 0.017575339 0.065709987 -0.020983736 0.997617971 26.093437339
0.997704752 -0.009322549 -0.067062046 0.135505340 0.010635023 0.999758085 0.019240781 0.015938201 0.066866533 -0.019909875 0.997563190 26.379180587
0.997660719 -0.006919568 -0.067995226 0.100309801 0.008337276 0.999752663 0.020588124 0.018748645 0.067835590 -0.021106878 0.997474205 26.934399119
0.997635433 -0.005047840 -0.068532509 0.075775382 0.006657247 0.999706454 0.023275262 0.023735264 0.068396009 -0.023676481 0.997377564 27.471494148
0.997576397 -0.004183263 -0.069441526 0.062209570 0.005882805 0.999687393 0.024287537 0.025667738 0.069318473 -0.024637287 0.997290989 27.732337562
0.997497421 -0.006183943 -0.070421149 0.039567643 0.007956536 0.999657173 0.024918577 0.027119132 0.070243202 -0.025416542 0.997206457 28.246255639
0.997414951 -0.007393003 -0.071470684 0.010299656 0.009211278 0.999640981 0.025146061 0.027991353 0.071259138 -0.025739510 0.997125830 28.751670335
0.997369101 -0.007611562 -0.072082145 -0.003854032 0.009450855 0.999637201 0.025209296 0.028315967 0.071864038 -0.025824249 0.997080082 28.993653039
0.997324938 -0.007591593 -0.072686557 -0.032726762 0.009427717 0.999643612 0.024950869 0.028307066 0.072471132 -0.025569429 0.997042774 29.458758172
0.997330705 -0.007062742 -0.072668249 -0.057596717 0.008815006 0.999677546 0.023820904 0.026655975 0.072475774 -0.024397926 0.997072119 29.916957980
0.997344465 -0.006066051 -0.072569452 -0.071326978 0.007754812 0.999704519 0.023012223 0.025409554 0.072408831 -0.023513928 0.997097898 30.138353847
0.997447868 -0.004318520 -0.071252472 -0.090166809 0.005841003 0.999758196 0.021174021 0.022389870 0.071144019 -0.021536212 0.997233785 30.586196169
0.997653544 -0.003929221 -0.068344747 -0.107536347 0.005257088 0.999800079 0.019260437 0.019335556 0.068256226 -0.019574580 0.997476389 31.011726217
0.997764254 -0.004319276 -0.066677196 -0.116214123 0.005561516 0.999813968 0.018456818 0.018103316 0.066584736 -0.018786498 0.997604210 31.224491376
0.997988578 -0.006730833 -0.063015974 -0.122888444 0.007853739 0.999813802 0.017588258 0.016785197 0.062886024 -0.018047876 0.997857673 31.651620764
0.998230887 -0.009209644 -0.058736342 -0.126512259 0.010236346 0.999799439 0.017202666 0.016277360 0.058566317 -0.017773475 0.998125814 32.073572095
0.998367105 -0.010350814 -0.056161053 -0.134648585 0.011334416 0.999787517 0.017223450 0.016573108 0.055971028 -0.017831906 0.998273111 32.285474884
0.998634627 -0.013049894 -0.050571928 -0.130573675 0.013958699 0.999746729 0.017658833 0.017390965 0.050329229 -0.018340742 0.998565249 32.733926838
0.998908001 -0.015204487 -0.044166184 -0.130059860 0.016034865 0.999700189 0.018508873 0.019049760 0.043870932 -0.019196893 0.998853382 33.168697636
0.999043668 -0.015826333 -0.040743682 -0.130053407 0.016610690 0.999681132 0.018986105 0.019969923 0.040429563 -0.019644843 0.998989681 33.386514612
0.999318086 -0.014929685 -0.033757510 -0.119283447 0.015662632 0.999644976 0.021553804 0.024276133 0.033423855 -0.022067863 0.999198092 33.843471282
0.999597302 -0.008446666 -0.027074314 -0.122775531 0.009053759 0.999708547 0.022380807 0.025567579 0.026876931 -0.022616934 0.999383527 34.304869526
0.999704295 -0.000569003 -0.024282561 -0.134411156 0.001112590 0.999748696 0.022376987 0.025554380 0.024264149 -0.022397452 0.999455033 34.542536718
0.999718197 0.013113497 -0.019748504 -0.143966833 -0.012676773 0.999676031 0.022080863 0.024925239 0.020032398 -0.021824389 0.999561466 35.034013982
0.999827915 0.011701587 -0.014349321 -0.139540930 -0.011460414 0.999793145 0.016778380 0.015484190 0.014543098 -0.016611161 0.999756887 35.521044245
0.999909241 0.007415457 -0.011169680 -0.121874059 -0.007273559 0.999892949 0.012687202 0.007960954 0.011261334 -0.012604883 0.999857573 35.787542020
0.999976614 -0.002995789 -0.006004650 -0.101929511 0.003006546 0.999993855 0.001796864 -0.011266578 0.005999913 -0.001814933 0.999980536 36.287258664
0.999921438 -0.012457953 0.000042352 -0.070268052 0.012457832 0.999882225 -0.008918809 -0.030160791 0.000068465 0.008918603 0.999960200 36.806570905
0.999974066 -0.006057765 0.003859807 -0.067258397 0.006104367 0.999906998 -0.012164225 -0.036058514 -0.003786194 0.012187528 0.999918682 37.078375455
0.999772989 0.016058674 0.013986062 -0.070484214 -0.015916899 0.999821662 -0.010189160 -0.032928113 -0.014147464 0.009964184 0.999850661 37.638389762
0.999467021 0.024453226 0.021600600 -0.049251872 -0.024541529 0.999691181 0.003831697 -0.009118390 -0.021499814 -0.004359811 0.999759771 38.256464420
0.999459420 0.022534854 0.023911210 -0.032662218 -0.022762446 0.999697172 0.009288442 -0.000031661 -0.023694797 -0.009827712 0.999671183 38.545282076
0.999597978 0.005470470 0.027803694 0.020316560 -0.006012052 0.999793239 0.019432523 0.016560246 -0.027692101 -0.019591938 0.999424419 39.148426007
0.999564154 -0.003982152 0.029211885 0.054380921 0.003281999 0.999707279 0.023977679 0.023813298 -0.029298783 -0.023871482 0.999285877 39.783499297
0.999549354 -0.000273029 0.029993215 0.061961745 -0.000306641 0.999813286 0.019320411 0.015181899 -0.029992723 -0.019320942 0.999364027 40.086981036
0.999388751 0.007967098 0.034026659 0.079988463 -0.008136200 0.999955449 0.004833565 -0.010967992 -0.033987090 -0.005107510 0.999409659 40.708485052
0.998935179 0.011380750 0.044702754 0.153158292 -0.011045909 0.999908845 -0.007730421 -0.034550253 -0.044787225 0.007228405 0.998970842 41.691271608
0.998829920 0.007705677 0.047735152 0.200692139 -0.007275771 0.999931251 -0.009173738 -0.038277023 -0.047802952 0.008815687 0.998817777 42.342483017
0.998779064 0.002280623 0.049335682 0.245678754 -0.002287260 0.999997018 0.000078363 -0.023469625 -0.049335189 -0.000191160 0.998783075 43.018604404
0.998719582 -0.001127766 0.050565722 0.281638721 0.000897612 0.999988809 0.004575038 -0.016512922 -0.050570203 -0.004523826 0.998711278 43.373239586
0.998571657 -0.004845246 0.053187855 0.330458323 0.004444433 0.999960257 0.007652339 -0.012385276 -0.053223225 -0.007405076 0.998555315 44.062174544
0.998486614 -0.005905333 0.054662292 0.385683978 0.005590247 0.999966562 0.005914066 -0.016955848 -0.054696106 -0.005599585 0.998487685 44.759608625
0.998442139 -0.006100094 0.055441656 0.413816207 0.005809719 0.999967935 0.005396262 -0.018642883 -0.055472397 -0.005065853 0.998447745 45.107462868
0.998359299 -0.008491331 0.056624989 0.462945872 0.008289022 0.999957828 0.003807188 -0.022744503 -0.056654837 -0.003331610 0.998388552 45.795530978
0.998216236 -0.009959665 0.058844961 0.519823100 0.009724940 0.999943801 0.004273669 -0.023461010 -0.058883915 -0.003693872 0.998258267 46.510100657
0.998127063 -0.010168654 0.060307299 0.551072174 0.009898376 0.999938973 0.004777642 -0.023418127 -0.060351961 -0.004171780 0.998168540 46.872500309
0.997966193 -0.011144120 0.062748744 0.619194089 0.010763964 0.999921798 0.006392968 -0.022410123 -0.062815535 -0.005704617 0.998009902 47.607529295
0.997744100 -0.013270072 0.065789924 0.685768230 0.012826114 0.999891467 0.007166048 -0.022756993 -0.065877861 -0.006306104 0.997807910 48.345146873
0.997653028 -0.013942876 0.067030106 0.724095911 0.013515836 0.999885229 0.006819205 -0.024355895 -0.067117580 -0.005897280 0.997728235 48.715185816
0.997501458 -0.014826698 0.069070496 0.796158446 0.014517337 0.999882294 0.004977973 -0.029488920 -0.069136093 -0.003962855 0.997600314 49.463030455
0.997321601 -0.017169509 0.071095757 0.875467871 0.016838788 0.999843860 0.005248551 -0.031045304 -0.071174958 -0.004037398 0.997456068 50.238239824
0.997266863 -0.018653347 0.071481179 0.913901010 0.018243970 0.999813497 0.006375796 -0.030075034 -0.071586172 -0.005054341 0.997421962 50.628002989
0.997198098 -0.021925291 0.071515959 0.989769973 0.021340519 0.999732111 0.008931080 -0.027581488 -0.071692275 -0.007379856 0.997399920 51.409255716
0.997269447 -0.023850202 0.069879957 1.051903881 0.023194718 0.999679259 0.010176868 -0.027184544 -0.070100806 -0.008528254 0.997503608 52.194087367
0.997327366 -0.023429168 0.069199958 1.085766952 0.022737409 0.999683571 0.010767736 -0.027189766 -0.069430482 -0.009165570 0.997545087 52.591617728
0.997470691 -0.022854703 0.067291400 1.153485034 0.022112467 0.999686444 0.011755207 -0.027540115 -0.067538869 -0.010237506 0.997664263 53.386678293
0.997708457 -0.017991166 0.065218255 1.207494615 0.017233888 0.999777517 0.012154808 -0.028867381 -0.065422551 -0.011002972 0.997796995 54.185318296
0.997831828 -0.015328809 0.063989880 1.237771658 0.014616547 0.999826239 0.011585130 -0.030960945 -0.064156614 -0.010624710 0.997884286 54.588889198
0.997976119 -0.015723934 0.061595662 1.300743287 0.015279589 0.999853823 0.007678998 -0.039724692 -0.061707025 -0.006722312 0.998072320 55.391713546
0.998222389 -0.015656235 0.057505185 1.358668831 0.015457397 0.999872518 0.003900280 -0.048232696 -0.057558731 -0.003004485 0.998337999 56.203168725
0.998317080 -0.013802395 0.056309833 1.378835017 0.013594079 0.999898714 0.004081279 -0.048724974 -0.056361400 -0.003309005 0.998405574 56.604278748
0.998439997 -0.013424788 0.054179241 1.445024291 0.013187876 0.999902083 0.004729240 -0.049630422 -0.054237869 -0.004007401 0.998519903 57.401928273
0.998615618 -0.014903427 0.050432679 1.497069154 0.014550297 0.999867327 0.007362230 -0.046712452 -0.050536104 -0.006618323 0.998700329 58.184299466
0.998757300 -0.014144618 0.047780251 1.518299986 0.013735899 0.999866064 0.008871033 -0.044918537 -0.047899059 -0.008203735 0.998818755 58.583684396
0.998956023 -0.012611516 0.043894256 1.559688944 0.012169367 0.999872444 0.010326595 -0.043956804 -0.044018195 -0.009781670 0.998983224 59.384179192
0.999106685 -0.012861913 0.040239446 1.604577634 0.012433398 0.999863648 0.010881931 -0.044545706 -0.040374230 -0.010371947 0.999131654 60.178631776
0.999198640 -0.013445240 0.037681800 1.625749671 0.013042018 0.999855501 0.010927334 -0.045231093 -0.037823603 -0.010427100 0.999230156 60.578015567
0.999331447 -0.014574613 0.033503102 1.658884703 0.014239090 0.999845960 0.010229134 -0.047702879 -0.033647610 -0.009745302 0.999386675 61.352871843
0.999453118 -0.013161986 0.030311357 1.691412739 0.012854046 0.999863562 0.010330185 -0.048833145 -0.030443404 -0.009934961 0.999487694 62.069422675
0.999495929 -0.013777195 0.028575502 1.707527828 0.013460713 0.999846560 0.011235874 -0.047843083 -0.028725603 -0.010845585 0.999528257 62.457714906
0.999574355 -0.014908982 0.025034055 1.742894248 0.014574463 0.999802424 0.013491137 -0.045192847 -0.025230308 -0.013120651 0.999596231 63.268567335
0.999670931 -0.015745953 0.020242080 1.767107689 0.015427836 0.999756327 0.015777152 -0.042277787 -0.020485784 -0.015459700 0.999671389 64.078684413
0.999695966 -0.016150297 0.018596557 1.777667011 0.015841213 0.999735314 0.016646800 -0.041220347 -0.018860371 -0.016347207 0.999688814 64.476470461
0.999731767 -0.016990982 0.015732359 1.801288546 0.016709410 0.999700807 0.017861332 -0.040083100 -0.016030927 -0.017593653 0.999717417 65.267726752
0.999796900 -0.016104902 0.012087292 1.821848670 0.015881158 0.999705072 0.018377975 -0.040216006 -0.012380637 -0.018182374 0.999758519 66.064160888
0.999815110 -0.016195313 0.010285143 1.837418278 0.016004935 0.999704204 0.018326976 -0.040923885 -0.010579217 -0.018159030 0.999780083 66.453315411
0.999860886 -0.014849685 0.007477815 1.847727753 0.014710087 0.999722362 0.018390038 -0.041594693 -0.007748520 -0.018277568 0.999802949 67.207841598
0.999898849 -0.013452170 0.004433413 1.863080189 0.013373896 0.999761736 0.017237773 -0.044530784 -0.004664621 -0.017176741 0.999842456 67.973459075
0.999904894 -0.013400485 0.003081088 1.874543696 0.013347421 0.999772251 0.016647160 -0.046075669 -0.003303954 -0.016604502 0.999857512 68.349794742
0.999910719 -0.013316925 0.000798510 1.880710324 0.013303214 0.999795644 0.015237967 -0.049133048 -0.001001198 -0.015226116 0.999883870 69.091501361
0.999932435 -0.011520090 -0.001079447 1.893570300 0.011534826 0.999822881 0.014840375 -0.050651630 0.000908761 -0.014851908 0.999890064 69.861434846
0.999932133 -0.011413101 -0.001718668 1.896952907 0.011438014 0.999817537 0.015256350 -0.050211664 0.001544822 -0.015275062 0.999882434 70.231857523
0.999936468 -0.010701833 -0.003370182 1.908785501 0.010752758 0.999822779 0.015465066 -0.050567306 0.003204146 -0.015500364 0.999875095 70.983794640
0.999913561 -0.012158118 -0.004926554 1.917032582 0.012232913 0.999805305 0.015453364 -0.051111718 0.004737378 -0.015512316 0.999868444 71.722050128
0.999906637 -0.012556279 -0.005319594 1.922906226 0.012635010 0.999806558 0.015038463 -0.052149244 0.005129983 -0.015104314 0.999873475 72.088156770
0.999888102 -0.013442623 -0.006416277 1.938675966 0.013530196 0.999813013 0.013799409 -0.055036719 0.006229859 -0.013884694 0.999884581 72.813465109
0.999909456 -0.011055489 -0.007533074 1.932615569 0.011152890 0.999853068 0.013011164 -0.056756202 0.007388861 -0.013094036 0.999887142 73.516716927
0.999909496 -0.010953646 -0.007719023 1.942559318 0.011055979 0.999849804 0.013340067 -0.056596717 0.007570934 -0.013424167 0.999881695 73.875919546
0.999878890 -0.012523337 -0.009177134 1.939212769 0.012668512 0.999792204 0.015929886 -0.052275912 0.008976228 -0.016044219 0.999831588 74.594581822
0.999896143 -0.010825548 -0.009444134 1.948948913 0.010989405 0.999786658 0.017481966 -0.050185599 0.009252163 -0.017584028 0.999802865 75.290803216
0.999913986 -0.009451903 -0.008984313 1.950688997 0.009603390 0.999809853 0.016964313 -0.051340229 0.008822371 -0.017049138 0.999815815 75.624368289
0.999935047 -0.007758402 -0.008237754 1.958648432 0.007875925 0.999866501 0.014327551 -0.056502920 0.008125603 -0.014391560 0.999863896 76.283729481
0.999934440 -0.006887404 -0.009060123 1.966100082 0.006992699 0.999907629 0.011640679 -0.061773999 0.008979432 -0.011703376 0.999891543 76.943953695
0.999931860 -0.006936783 -0.009276114 1.962772075 0.007045277 0.999906834 0.011714022 -0.061723048 0.009193885 -0.011778635 0.999889327 77.266426992
0.999941410 -0.005645644 -0.009192655 1.968297413 0.005758721 0.999907497 0.012321217 -0.061129345 0.009122880 -0.012373437 0.999882505 77.910383139
0.999951515 -0.004207134 -0.008855984 1.970798367 0.004331831 0.999891205 0.014113948 -0.058366659 0.008795706 -0.014151645 0.999861930 78.539795667
0.999956174 -0.002855406 -0.008774745 1.971044298 0.002988173 0.999880626 0.015152321 -0.056737222 0.008730717 -0.015177892 0.999846866 78.856228188
0.999958383 -0.002258322 -0.008778936 1.987401306 0.002395849 0.999873712 0.015688575 -0.056746351 0.008742273 -0.015708952 0.999838378 80.036030928
0.999957466 -0.002676623 -0.008766657 1.990593232 0.002814497 0.999871659 0.015750902 -0.056835814 0.008723375 -0.015774923 0.999837774 80.327561187
0.999956656 -0.003185026 -0.008665039 1.993403425 0.003323410 0.999865827 0.016000664 -0.056703653 0.008612955 -0.016028858 0.999834784 80.896940305
0.999960085 -0.002397957 -0.008495524 1.999703155 0.002526776 0.999880797 0.015191812 -0.058552005 0.008457644 -0.015212731 0.999848642 81.460277013
0.999964011 -0.002325418 -0.008090038 1.997777678 0.002444044 0.999888846 0.014684251 -0.059515302 0.008055524 -0.014703542 0.999859792 81.740714542
0.999961843 -0.002350124 -0.008313205 1.999076369 0.002474903 0.999883588 0.015028541 -0.059208445 0.008276302 -0.015048624 0.999853219 82.312682955
0.999968169 -0.001416686 -0.007738086 2.008016453 0.001539748 0.999871863 0.015925363 -0.058115637 0.007714384 -0.015936892 0.999843970 82.891428699
0.999970499 -0.001695456 -0.007452794 2.013233119 0.001815303 0.999868552 0.016099248 -0.058041473 0.007424706 -0.016112386 0.999842861 83.179506748
0.999973978 -0.001046150 -0.007093209 2.019111793 0.001161197 0.999867218 0.016236261 -0.058218819 0.007075178 -0.016244185 0.999843999 83.763430338
0.999977523 -0.000497022 -0.006656662 2.029064603 0.000611455 0.999851633 0.017194887 -0.057029202 0.006646658 -0.017198554 0.999830480 84.340449985
0.999980698 -0.000690046 -0.006074005 2.029212230 0.000799001 0.999838554 0.017954092 -0.055789445 0.006060883 -0.017958689 0.999820535 84.617436239
0.999990066 -0.000011302 -0.004437630 2.036089725 0.000099728 0.999801351 0.019916361 -0.052700663 0.004436260 -0.019916643 0.999792210 85.160189098
0.999996310 -0.000040141 -0.002436810 2.049032194 0.000093696 0.999757972 0.021986225 -0.049510887 0.002435535 -0.021986472 0.999755516 85.692585146
0.999999270 0.000243830 -0.000774387 2.061419968 -0.000224804 0.999698407 0.024568464 -0.045300028 0.000780041 -0.024568379 0.999698195 85.968582092
0.999992580 0.002936145 0.002018520 2.069502459 -0.002997583 0.999509548 0.031150185 -0.034006717 -0.001925717 -0.031156169 0.999512867 86.509612573
0.999982338 0.003592599 0.004574344 2.083503648 -0.003747594 0.999402428 0.034348643 -0.028780678 -0.004447497 -0.034365259 0.999399908 87.040283413
0.999980713 0.002651189 0.005565836 2.089634930 -0.002835027 0.999441273 0.033295026 -0.030868962 -0.005474505 -0.033310203 0.999431011 87.306911282
0.999967652 -0.002095969 0.007668900 2.110788226 0.001892642 0.999648710 0.026424749 -0.043611589 -0.007721507 -0.026409463 0.999621572 87.824627803
0.999937815 -0.003234984 0.010602118 2.128988734 0.002996313 0.999742906 0.022445859 -0.051166080 -0.010672400 -0.022412765 0.999692448 88.327802090
0.999913864 -0.003262746 0.012631677 2.137110659 0.002987708 0.999759236 0.021727644 -0.052650756 -0.012698865 -0.021688133 0.999684480 88.571254906
0.999863416 -0.001025937 0.016431436 2.164025072 0.000682677 0.999781836 0.020881640 -0.054923620 -0.016449155 -0.020867689 0.999646765 89.059759402
0.999805572 0.001668178 0.019605630 2.181806307 -0.002082198 0.999775093 0.021114580 -0.055098396 -0.019566141 -0.021151410 0.999585454 89.524354060
0.999781997 0.001689588 0.020781518 2.193996442 -0.002128213 0.999774582 0.021105210 -0.055466038 -0.020741438 -0.021144845 0.999562122 89.760902817
0.999742140 -0.001529403 0.022626140 2.212376975 0.000997189 0.999722958 0.023516699 -0.051673513 -0.022655884 -0.023488129 0.999467697 90.224636224
0.999681721 -0.002878002 0.025049438 2.242270894 0.002261304 0.999694410 0.024614095 -0.050496520 -0.025112382 -0.024549719 0.999384178 90.648794743
0.999645631 -0.003548528 0.026355678 2.253398795 0.002905547 0.999698198 0.024396079 -0.051170808 -0.026434030 -0.024310887 0.999355326 90.867346459
0.999571408 -0.004193859 0.028937165 2.281665281 0.003534072 0.999733770 0.022815549 -0.054707744 -0.029025639 -0.022703503 0.999321492 91.294092028
0.999526049 -0.003128167 0.030616441 2.297723430 0.002477808 0.999770811 0.021256106 -0.057996583 -0.030676332 -0.021170147 0.999305260 91.702105340
0.999500264 -0.001714607 0.031543840 2.306783721 0.001052431 0.999779202 0.020997357 -0.058764413 -0.031573723 -0.020953716 0.999282409 91.904386255
0.999427951 -0.001503142 0.033774592 2.330984452 0.000796294 0.999780160 0.020928985 -0.059559258 -0.033798959 -0.020890237 0.999210793 92.298591567
0.999347058 -0.000449971 0.036099249 2.353599001 -0.000242124 0.999816408 0.019165598 -0.063328522 -0.036100985 -0.019161885 0.999164715 92.695384729
0.999318186 -0.000106066 0.036906710 2.367682618 -0.000568463 0.999832852 0.018264507 -0.065311824 -0.036902537 -0.018273086 0.999152148 92.889034371
0.999251020 0.000129539 0.038682402 2.387770332 -0.000766213 0.999864445 0.016446115 -0.069113172 -0.038674832 -0.016463511 0.999117010 93.290142875
0.999217338 0.000519467 0.039534010 2.412953401 -0.001100720 0.999891406 0.014683533 -0.072970424 -0.039521958 -0.014715613 0.999110545 93.702343683
0.999215119 0.000745144 0.039602121 2.430120198 -0.001301394 0.999900759 0.014021929 -0.074643408 -0.039587766 -0.014062492 0.999117557 93.910538083
0.999240387 0.001342902 0.038943107 2.448718695 -0.001845451 0.999915073 0.012871410 -0.077330324 -0.038922636 -0.012933481 0.999158756 94.314236313
0.999298817 0.001429282 0.037397333 2.462795488 -0.001889758 0.999922757 0.012281661 -0.078953306 -0.037376982 -0.012343808 0.999225151 94.725702675
0.999347909 0.002244753 0.036033791 2.475950026 -0.002690077 0.999920451 0.012316175 -0.079383988 -0.036002763 -0.012405106 0.999275079 94.940802217
0.999440458 0.005092586 0.033028299 2.483475160 -0.005494954 0.999911874 0.012101119 -0.080326601 -0.032963393 -0.012275957 0.999381551 95.363488819
0.999516148 0.006932328 0.030290517 2.500136594 -0.007296620 0.999902197 0.011933938 -0.081357763 -0.030204564 -0.012149209 0.999470208 95.790363139
0.999559277 0.007591988 0.028681399 2.503163206 -0.007948369 0.999891740 0.012330278 -0.080906957 -0.028584401 -0.012552893 0.999512964 96.003001471
0.999629956 0.008910469 0.025665433 2.515265994 -0.009243603 0.999873738 0.012889203 -0.080554168 -0.025546794 -0.013121715 0.999587863 96.417921025
0.999724401 0.008411154 0.021874906 2.521757065 -0.008676615 0.999889183 0.012069692 -0.082493338 -0.021770621 -0.012256210 0.999688081 96.842333314
0.999767166 0.008252546 0.019903036 2.526258195 -0.008482476 0.999897673 0.011497557 -0.083776789 -0.019806314 -0.011663766 0.999736682 97.052381635
0.999821640 0.009165493 0.016489361 2.534814784 -0.009360386 0.999886150 0.011780441 -0.083832815 -0.016379420 -0.011932748 0.999794638 97.473342502
0.999860411 0.009688395 0.013534838 2.545908639 -0.009855706 0.999875002 0.012350429 -0.083416882 -0.013412923 -0.012482186 0.999832341 97.889988228
0.999875273 0.010050274 0.012125564 2.542309191 -0.010199603 0.999872401 0.012315822 -0.083545247 -0.012001128 -0.012438021 0.999850648 98.094123179
0.999902098 0.010937787 0.008648146 2.548818754 -0.011040674 0.999867175 0.011944040 -0.084704637 -0.008515591 -0.012038436 0.999891680 98.518535825
0.999929106 0.010602207 0.005330661 2.553312823 -0.010663827 0.999874986 0.011660199 -0.085637764 -0.005206179 -0.011716284 0.999918505 98.946400861
0.999942123 0.010068039 0.003719646 2.555323627 -0.010111717 0.999877755 0.011907460 -0.085413731 -0.003600086 -0.011944463 0.999922757 99.160765232
0.999944968 0.010427898 -0.000023065 2.559416554 -0.010426699 0.999859734 0.013067521 -0.083836088 0.000159819 -0.013066616 0.999915481 99.609217536
0.999930555 0.011084726 -0.003737949 2.553362826 -0.011030740 0.999838633 0.014149207 -0.082166736 0.003893807 -0.014106995 0.999893094 100.055208267
0.999932936 0.010186261 -0.005412025 2.557467556 -0.010103503 0.999834365 0.015105974 -0.080739473 0.005565116 -0.015050357 0.999871790 100.285843948
0.999930803 0.007661564 -0.008822844 2.558635866 -0.007495079 0.999795877 0.018752501 -0.074663607 0.008964263 -0.018685108 0.999785491 100.739476744
0.999927541 0.001721579 -0.011879600 2.562927702 -0.001429353 0.999697360 0.024557874 -0.064698325 0.011918953 -0.024539207 0.999628265 101.187932897
0.999914923 -0.000624887 -0.012965589 2.569133747 0.000980053 0.999623288 0.027404260 -0.059878343 0.012944044 -0.027414700 0.999540999 101.415117849
0.999887232 -0.001413962 -0.014934956 2.565336343 0.001905681 0.999454504 0.032962201 -0.050157688 0.014880491 -0.032987074 0.999345460 101.877383033
0.999864033 0.000578097 -0.016447264 2.558877205 0.000002973 0.999376319 0.035309862 -0.046157515 0.016457775 -0.035305204 0.999241404 102.343960949
0.999856682 0.000082482 -0.016883859 2.558358762 0.000497894 0.999408648 0.034365135 -0.047945114 0.016876693 -0.034368705 0.999267455 102.582362798
0.999841949 -0.000153184 -0.017735751 2.561747087 0.000679306 0.999560120 0.029659447 -0.056653101 0.017723038 -0.029666861 0.999403397 103.051396497
0.999827944 -0.004081948 -0.018030786 2.566076779 0.004500316 0.999720387 0.023224657 -0.068273431 0.017931232 -0.023301905 0.999568537 103.518702716
0.999780499 -0.008406345 -0.019164292 2.573083561 0.008789059 0.999761469 0.019973594 -0.074173700 0.018991842 -0.020137678 0.999617534 103.763879649
0.999707071 -0.012284916 -0.020810610 2.572878746 0.012572208 0.999826618 0.013729637 -0.085269944 0.020638418 -0.013987297 0.999689371 104.238953751
0.999785816 0.000804768 -0.020636629 2.553663343 -0.000763506 0.999997834 0.002007785 -0.106004749 0.020638611 -0.001991637 0.999785040 104.706510987
0.999786844 0.005675496 -0.019807773 2.552968750 -0.005740140 0.999977918 -0.003205647 -0.115220257 0.019789485 0.003318649 0.999798812 104.944909427
0.999784417 0.010397315 -0.017947104 2.546755427 -0.010527547 0.999919100 -0.007179202 -0.122158587 0.017871004 0.007366521 0.999813335 105.410619251
0.999791074 0.010287214 -0.017604872 2.554016130 -0.010374816 0.999933768 -0.004888491 -0.118581207 0.017553063 0.005070125 0.999833362 105.893340132
0.999825320 0.007207942 -0.017204478 2.556139267 -0.007261383 0.999968650 -0.003051074 -0.115498085 0.017182579 0.003175442 0.999848310 106.127428858
0.999868376 -0.001339526 -0.016132852 2.576577453 0.001326890 0.999998403 -0.000793009 -0.112031899 0.016134355 0.000771470 0.999870282 106.607432873
0.999905077 0.000765466 -0.013707701 2.584538684 -0.000680333 0.999980693 0.006211680 -0.100218418 0.013712520 -0.006201808 0.999887031 107.089294462
0.999910619 0.005087601 -0.012320053 2.576134929 -0.004951851 0.999926393 0.011023805 -0.091773487 0.012375737 -0.010961886 0.999863817 107.321787106
0.999862944 0.013713561 -0.009176760 2.574349699 -0.013561374 0.999772307 0.016449127 -0.082419055 0.009399882 -0.016322531 0.999822524 107.780599836
0.999813153 0.018206287 -0.006413237 2.586498830 -0.018109825 0.999726026 0.014795123 -0.085745547 0.006681143 -0.014676259 0.999870685 108.254686833
0.999830477 0.017705918 -0.004979253 2.587441865 -0.017642424 0.999765868 0.012517069 -0.089817248 0.005199623 -0.012427162 0.999909446 108.490498419
0.999905764 0.013540032 -0.002074961 2.609660600 -0.013520773 0.999867098 0.009050708 -0.096484536 0.002196752 -0.009021829 0.999957681 108.967045498
0.999968542 0.007809453 0.000591627 2.629896084 -0.007813101 0.999948794 0.006431814 -0.101565944 -0.000541577 -0.006436263 0.999979454 109.447045590
0.999975153 0.006703668 0.001914645 2.639020541 -0.006714136 0.999961607 0.005538775 -0.103383689 -0.001877944 -0.005551502 0.999983377 109.688772111
0.999939149 0.009949253 0.004630455 2.647203405 -0.009975462 0.999933725 0.005661558 -0.103528425 -0.004573441 -0.005707443 0.999973995 110.169765140
0.999872150 0.014001634 0.007659922 2.660004185 -0.014051325 0.999880038 0.006473415 -0.102557814 -0.007568124 -0.006580234 0.999950013 110.662714081
0.999858972 0.014165919 0.008896845 2.663612705 -0.014224174 0.999877173 0.006521519 -0.102628653 -0.008803998 -0.006647172 0.999939604 110.913935190
0.999862804 0.012415494 0.010860778 2.681454786 -0.012481706 0.999903470 0.006056515 -0.103993305 -0.010784403 -0.006191276 0.999923446 111.417975389
0.999862201 0.009100398 0.013855650 2.706417911 -0.009180680 0.999940925 0.005739850 -0.105210246 -0.013802126 -0.005866299 0.999888571 111.929655699
0.999864504 0.006963986 0.014892032 2.725262514 -0.007050254 0.999958573 0.005747519 -0.105678630 -0.014851285 -0.005851800 0.999872608 112.194430569
0.999836735 0.004330705 0.017488595 2.753209051 -0.004406752 0.999980336 0.004310802 -0.108914492 -0.017469396 -0.004387217 0.999838713 112.700931524
0.999780636 0.004894087 0.020351002 2.771028094 -0.004940055 0.999985029 0.002212003 -0.113128448 -0.020339540 -0.002312081 0.999790800 113.224693459
0.999743682 0.006135589 0.021757937 2.786759171 -0.006165176 0.999980187 0.001291222 -0.115186790 -0.021750162 -0.001425089 0.999763085 113.474922984
0.999691432 0.006880508 0.023854894 2.806587112 -0.006882873 0.999975955 0.000018321 -0.118027353 -0.023854350 -0.000182546 0.999716249 113.975510220
0.999654173 0.006739789 0.025403434 2.832495911 -0.006723533 0.999976952 -0.000727938 -0.120097111 -0.025407699 0.000556826 0.999677506 114.465740952
0.999645523 0.006266742 0.025851453 2.848268713 -0.006252290 0.999980205 -0.000639564 -0.120395948 -0.025854733 0.000477680 0.999666152 114.715971285
