1.000000000 0.000000000 -0.000000000 -0.000000000 -0.000000000 1.000000000 0.000000000 -0.000000000 -0.000000000 0.000000000 1.000000000 -0.000000000
0.999999596 0.000007563 0.000032213 0.000001639 -0.000007549 0.999999449 0.000033038 0.000059966 -0.000032359 -0.000032961 1.000000048 0.000001194
0.999999471 0.000011187 0.000011513 0.000003004 -0.000011165 0.999999937 0.000062536 0.000109937 -0.000011403 -0.000062451 0.999999265 0.000002189
0.999999768 0.000006851 0.000002954 0.000003824 -0.000006850 1.000000337 0.000076669 0.000139920 -0.000002372 -0.000076604 0.999999720 0.000002786
0.999999900 -0.000036635 0.000031847 0.000005189 0.000036659 1.000000052 0.000103104 0.000189891 -0.000031908 -0.000103071 0.999999250 0.000003781
0.999999707 -0.000011260 0.000052383 0.000005735 0.000011251 0.999999656 0.000118054 0.000209880 -0.000052109 -0.000118024 0.999999156 0.000004179
0.999999555 -0.000018784 0.000070266 0.000003277 0.000018813 0.999999851 0.000067328 0.000119931 -0.000069847 -0.000067229 0.999999560 0.000002388
0.999999967 -0.000009010 0.000081513 0.000001912 0.000009014 0.999999973 0.000036611 0.000069960 -0.000080793 -0.000036511 0.999999160 0.000001393
1.000000220 0.000001634 0.000098631 0.000001366 -0.000001648 0.999999432 0.000024031 0.000049971 -0.000098464 -0.000023988 0.999999465 0.000000995
0.999999384 -0.000003340 0.000080017 0.000001639 0.000003411 0.999999698 0.000030642 0.000059966 -0.000080001 -0.000030516 0.999999515 0.000001194
0.999999594 0.000016116 0.000066129 0.000002458 -0.000016092 0.999999485 0.000046527 0.000089949 -0.000065640 -0.000046522 0.999999663 0.000001791
0.999999453 0.000003749 0.000022576 0.000001912 -0.000003641 0.999999709 0.000040808 0.000069960 -0.000022433 -0.000040765 0.999999947 0.000001393
0.999999844 0.000007359 -0.000002413 0.000000546 -0.000007342 1.000000014 0.000010893 0.000019989 0.000002090 -0.000010818 0.999998928 0.000000398
1.000000287 0.000068966 0.000027135 0.000000546 -0.000069012 1.000000332 0.000010871 0.000019989 -0.000026918 -0.000010813 0.999999694 0.000000398
0.999999546 0.000057489 0.000056747 0.000001639 -0.000057484 1.000000037 0.000030577 0.000059966 -0.000057090 -0.000030504 0.999999520 0.000001194
0.999999365 0.000043582 0.000062891 0.000000546 -0.000043461 1.000000006 0.000009908 0.000019989 -0.000062616 -0.000009877 0.999998977 0.000000398
0.999999768 0.000063438 0.000060659 -0.000005189 -0.000063429 1.000000146 -0.000106504 -0.000189891 -0.000060348 0.000106597 0.999999325 -0.000003781
0.999999723 0.000113899 -0.000049625 -0.000016114 -0.000113953 1.000000314 -0.000330425 -0.000589663 0.000050021 0.000330441 0.999999581 -0.000011740
0.999999624 0.000160180 -0.000108005 -0.000024580 -0.000160215 0.999999590 -0.000504226 -0.000899486 0.000107238 0.000504285 0.999999402 -0.000017909
0.999999893 0.000155138 -0.000336826 0.000383661 -0.000155506 0.999999009 -0.000942427 -0.001672799 0.000337736 0.000942457 0.999999376 -0.000936454
0.999999809 0.000188246 -0.000623345 0.000367001 -0.000189025 0.999999403 -0.001279068 -0.002282451 0.000624277 0.001279252 0.999998076 -0.000948592
0.999999522 0.000199319 -0.000759977 0.000359354 -0.000200308 0.999999003 -0.001434633 -0.002562291 0.000759165 0.001434899 0.999998453 -0.000954164
0.999999039 0.000068951 -0.001163790 0.000780158 -0.000070777 0.999998120 -0.001607791 -0.002875867 0.001164027 0.001607913 0.999997858 -0.001863555
0.999998774 0.000037686 -0.001623801 -0.008680358 -0.000040399 0.999998327 -0.001690551 -0.002719912 0.001623677 0.001690703 0.999996628 -0.005255194
0.999997610 0.000007013 -0.001949337 -0.000091492 -0.000010643 0.999998036 -0.001847932 -0.003348087 0.001950009 0.001847944 0.999995726 -0.000066661
0.999996154 0.000000267 -0.002787635 -0.003549143 -0.000006569 0.999996852 -0.002268417 -0.004177571 0.002787638 0.002268448 0.999992724 0.007142010
0.999991788 0.000087090 -0.003875858 -0.008724148 -0.000097453 0.999996610 -0.002663536 -0.005002039 0.003875711 0.002663955 0.999988399 0.017963373
0.999989357 0.000071153 -0.004518510 -0.012170874 -0.000083960 0.999996064 -0.002863627 -0.005431752 0.004518042 0.002864050 0.999984749 0.025180004
0.999982868 0.000043530 -0.005840024 -0.011756171 -0.000062589 0.999994888 -0.003262105 -0.006648243 0.005840647 0.003262519 0.999976847 0.047516639
0.999971980 -0.000021814 -0.007431112 -0.013060188 -0.000005417 0.999993667 -0.003664839 -0.007909687 0.007431611 0.003664827 0.999964715 0.073464973
0.999964562 -0.000019319 -0.008366766 -0.010058939 -0.000013034 0.999992415 -0.003875047 -0.008748924 0.008367095 0.003875036 0.999956724 0.090390231
0.999948359 0.000054686 -0.010148951 -0.019521732 -0.000096206 0.999991060 -0.004092047 -0.009355964 0.010149461 0.004092815 0.999939137 0.110247406
0.999926440 0.000284897 -0.012098884 -0.022945882 -0.000332105 0.999992411 -0.003906181 -0.009639192 0.012097483 0.003910001 0.999918737 0.140730957
0.999914057 0.000436229 -0.013093871 -0.021645601 -0.000485458 0.999993180 -0.003758092 -0.009873754 0.013092720 0.003764189 0.999907146 0.161280847
0.999885737 0.000708821 -0.015065169 -0.029355354 -0.000759545 0.999993481 -0.003363793 -0.009859601 0.015062903 0.003374933 0.999880239 0.200801801
0.999852175 0.000587785 -0.017171934 -0.028880660 -0.000632698 0.999996740 -0.002613003 -0.009560388 0.017170681 0.002623548 0.999848941 0.246432619
0.999831728 0.000735115 -0.018329043 -0.029282985 -0.000774255 0.999997230 -0.002131530 -0.009250241 0.018328272 0.002145441 0.999828981 0.270605947
0.999795153 0.001247992 -0.020190226 -0.039546512 -0.001273365 0.999998566 -0.001248413 -0.008414026 0.020188878 0.001273917 0.999794710 0.315562158
0.999774278 0.001451233 -0.021167017 -0.039502454 -0.001463157 0.999998766 -0.000551958 -0.008161032 0.021166535 0.000582875 0.999775632 0.362095205
0.999766374 0.001429915 -0.021582089 -0.039049515 -0.001433983 0.999998881 -0.000173331 -0.007978323 0.021581570 0.000204307 0.999766852 0.384459699
0.999744472 0.001615289 -0.022527043 -0.036860743 -0.001605313 0.999998326 0.000460556 -0.007804059 0.022527860 -0.000424277 0.999745874 0.426475437
0.999731963 0.001833189 -0.023060103 -0.041142888 -0.001819121 0.999997649 0.000630952 -0.008059792 0.023061945 -0.000588809 0.999733794 0.458765832
0.999733805 0.001941289 -0.022983154 -0.046294406 -0.001925793 0.999997938 0.000695655 -0.008024751 0.022984566 -0.000651182 0.999735407 0.469604308
0.999738262 0.001756971 -0.022791634 -0.045018704 -0.001750702 0.999998067 0.000293912 -0.009158799 0.022792996 -0.000253920 0.999739569 0.490136289
0.999736973 0.001203588 -0.022887969 -0.038652662 -0.001236839 0.999997987 -0.001436475 -0.012566609 0.022886741 0.001464446 0.999736048 0.499785220
0.999736701 0.001122757 -0.022909653 -0.038272824 -0.001179723 0.999996600 -0.002472935 -0.014379328 0.022908046 0.002499369 0.999734073 0.498845981
0.999740331 0.001515046 -0.022722092 -0.037474368 -0.001600249 0.999991633 -0.003732870 -0.016585577 0.022716396 0.003768320 0.999733743 0.496995758
0.999745443 0.001510714 -0.022523074 -0.036580322 -0.001578939 0.999994123 -0.003011348 -0.015293826 0.022518537 0.003046141 0.999741484 0.495215180
0.999744351 0.001366004 -0.022573389 -0.036131115 -0.001425146 0.999995262 -0.002603239 -0.014567996 0.022570021 0.002634744 0.999741412 0.494326483
0.999737722 0.001119987 -0.022869992 -0.043863898 -0.001177322 0.999996213 -0.002496351 -0.014037276 0.022866468 0.002522643 0.999735059 0.487329713
0.999734324 0.001331692 -0.022992658 -0.043017101 -0.001395104 0.999995377 -0.002745172 -0.014474536 0.022989589 0.002776602 0.999731467 0.485514711
0.999733651 0.001439241 -0.023014952 -0.042586738 -0.001502266 0.999994787 -0.002725241 -0.014438312 0.023010676 0.002759132 0.999730967 0.484612284
0.999731338 0.001440269 -0.023138246 -0.042574448 -0.001497669 0.999995906 -0.002466375 -0.013988569 0.023134742 0.002500488 0.999728371 0.484621238
0.999725527 0.001443669 -0.023370805 -0.042151186 -0.001504652 0.999995327 -0.002590891 -0.014212197 0.023367804 0.002625420 0.999723198 0.483713638
0.999725103 0.001365822 -0.023427202 -0.041725739 -0.001428905 0.999994850 -0.002673160 -0.014355870 0.023423495 0.002705937 0.999721272 0.482807629
0.999723794 0.001247501 -0.023452840 -0.041732021 -0.001313814 0.999995406 -0.002810319 -0.014585738 0.023449137 0.002840439 0.999720310 0.482803052
0.999717426 0.001266015 -0.023731687 -0.041321868 -0.001342511 0.999994010 -0.003205969 -0.015289091 0.023728295 0.003236922 0.999712286 0.481885900
0.999714820 0.001256365 -0.023863603 -0.041331427 -0.001337858 0.999993416 -0.003399814 -0.015638892 0.023859974 0.003430783 0.999709103 0.481878936
0.999710065 0.001324160 -0.024043379 -0.040919363 -0.001414830 0.999991415 -0.003756988 -0.016272285 0.024038792 0.003789974 0.999703067 0.480963177
0.999704363 0.001473432 -0.024261185 -0.040933018 -0.001571674 0.999990804 -0.004031080 -0.016771999 0.024255366 0.004068078 0.999697233 0.480953227
0.999699556 0.001442299 -0.024455217 -0.040511941 -0.001545486 0.999990238 -0.004203160 -0.017075581 0.024449268 0.004239783 0.999691232 0.480044035
0.999686238 0.001269297 -0.025018881 -0.040123364 -0.001396057 0.999986187 -0.005049309 -0.018568483 0.025013164 0.005082708 0.999674179 0.479111163
0.999667495 0.001258139 -0.025750859 -0.040615723 -0.001421777 0.999978783 -0.006339938 -0.020873410 0.025742699 0.006374456 0.999648186 0.479968419
0.999654202 0.001272346 -0.026250646 -0.042364212 -0.001455351 0.999975080 -0.006957398 -0.022007742 0.026241113 0.006993276 0.999630984 0.483558428
0.999618868 0.001196865 -0.027571146 -0.049269135 -0.001406627 0.999970480 -0.007593400 -0.023286928 0.027561261 0.007629401 0.999590916 0.497983330
0.999571493 0.000931195 -0.029234907 -0.050572060 -0.001164740 0.999967264 -0.007974064 -0.024508396 0.029226952 0.008004805 0.999539938 0.523932460
0.999544445 0.000870451 -0.030164122 -0.047997349 -0.001116177 0.999965854 -0.008128999 -0.025243937 0.030156809 0.008159030 0.999511029 0.541762931
0.999481541 0.000911472 -0.032189504 -0.055743700 -0.001185670 0.999963248 -0.008501290 -0.026569018 0.032180614 0.008535110 0.999445344 0.581257221
0.999399499 0.001271715 -0.034613833 -0.059190065 -0.001580131 0.999959455 -0.008885307 -0.028344823 0.034601696 0.008934774 0.999360349 0.634975059
0.999350280 0.001629130 -0.035998777 -0.063923876 -0.001959692 0.999956156 -0.009148339 -0.029416335 0.035983152 0.009212956 0.999309923 0.668152361
0.999241573 0.002426633 -0.038865105 -0.075109944 -0.002804659 0.999949163 -0.009674531 -0.031594318 0.038840251 0.009776228 0.999197526 0.738118860
0.999109116 0.003292022 -0.042078323 -0.079847490 -0.003724579 0.999941075 -0.010203917 -0.034161837 0.042042114 0.010351586 0.999061845 0.817794384
0.999030515 0.003576750 -0.043886247 -0.087579912 -0.004031733 0.999939311 -0.010284411 -0.034977209 0.043847513 0.010451408 0.998983126 0.857298823
0.998853685 0.003927988 -0.047713854 -0.095740697 -0.004435491 0.999934105 -0.010533777 -0.037114932 0.047669692 0.010733349 0.998805189 0.944208091
0.998645551 0.004175737 -0.051860329 -0.106926312 -0.004760095 0.999926452 -0.011148952 -0.039955967 0.051810853 0.011380752 0.998591537 1.037425393
0.998523887 0.004241052 -0.054142840 -0.118971648 -0.004875188 0.999920662 -0.011586278 -0.041473387 0.054089883 0.011833187 0.998465108 1.085947336
0.998223686 0.004187901 -0.059427333 -0.128453929 -0.004945887 0.999908168 -0.012613909 -0.045512189 0.059369482 0.012885462 0.998152452 1.198792202
0.997802991 0.003922300 -0.066132025 -0.146098902 -0.004833914 0.999895811 -0.013631101 -0.049719547 0.066072498 0.013920888 0.997716906 1.328793529
0.997525597 0.003719922 -0.070211258 -0.157704682 -0.004710039 0.999892037 -0.013941218 -0.051543977 0.070151699 0.014237454 0.997434360 1.399670216
0.996790314 0.003319655 -0.079986445 -0.187368407 -0.004508982 0.999881658 -0.014693033 -0.055616268 0.079928193 0.015006571 0.996687354 1.554962382
0.995817601 0.003689284 -0.091282110 -0.214022051 -0.005108633 0.999869309 -0.015320253 -0.059524939 0.091214076 0.015722559 0.995706319 1.703935768
0.995199494 0.004146254 -0.097777152 -0.238087504 -0.005686364 0.999864112 -0.015477722 -0.060957264 0.097701039 0.015959437 0.995087411 1.777747556
0.993634947 0.005564068 -0.112511561 -0.274178814 -0.007379043 0.999849586 -0.015721517 -0.064553501 0.112407602 0.016451719 0.993525330 1.946596423
0.991601192 0.006507996 -0.129170477 -0.323169992 -0.008656379 0.999833674 -0.016077820 -0.068153651 0.129044395 0.017060981 0.991491099 2.119275656
0.990423365 0.006410508 -0.137915811 -0.352404442 -0.008766031 0.999826005 -0.016478510 -0.070190568 0.137786553 0.017529702 0.990306185 2.203913184
0.987758003 0.005006456 -0.155913122 -0.404874846 -0.007865060 0.999811399 -0.017723631 -0.075409752 0.155794618 0.018732976 0.987611456 2.383785367
0.982798364 0.001242483 -0.184674026 -0.502913278 -0.004940889 0.999796112 -0.019568009 -0.083302794 0.184613164 0.020143926 0.982604302 2.682602030
0.979548765 0.001431647 -0.201200721 -0.555315771 -0.005468743 0.999794596 -0.019510430 -0.086716440 0.201131931 0.020211748 0.979354576 2.885774165
0.975330557 0.002346091 -0.220738032 -0.645528285 -0.006773695 0.999790414 -0.019303497 -0.089693024 0.220646286 0.020322562 0.975141135 3.121904038
0.973427928 0.003273204 -0.228968620 -0.679023031 -0.007847640 0.999787333 -0.019070496 -0.091186132 0.228857613 0.020360674 0.973246452 3.238847881
0.969737678 0.005481325 -0.244085871 -0.766662381 -0.010448749 0.999763609 -0.019060789 -0.094275181 0.243924351 0.021034340 0.969566085 3.469556625
0.966473814 0.007347198 -0.256657534 -0.849998740 -0.012673528 0.999737047 -0.019104903 -0.097705018 0.256450185 0.021717166 0.966313287 3.714491106
0.965193839 0.008272543 -0.261404292 -0.886931747 -0.013720887 0.999725152 -0.019024582 -0.099318017 0.261175035 0.021949166 0.965041517 3.838657747
0.963535695 0.010393076 -0.267378189 -0.967708051 -0.016235587 0.999674845 -0.019649502 -0.103340046 0.267087450 0.023274100 0.963390453 4.078161549
0.962990807 0.011236910 -0.269299815 -1.035979713 -0.017162029 0.999659257 -0.019657831 -0.106788163 0.268986805 0.023552128 0.962855058 4.338013487
0.963080836 0.010716563 -0.268997655 -1.076338415 -0.016580055 0.999672008 -0.019535265 -0.108061315 0.268700327 0.023274138 0.962942050 4.469412081
0.964214731 0.009102700 -0.264965930 -1.132114172 -0.014710943 0.999707488 -0.019189273 -0.111255337 0.264714528 0.022400515 0.964066009 4.749605789
0.966517430 0.008232314 -0.256467597 -1.189600729 -0.013509910 0.999731059 -0.018822779 -0.114204479 0.256244780 0.021657432 0.966369041 5.033416966
0.968094494 0.008589307 -0.250437998 -1.215774577 -0.013763484 0.999726261 -0.018916796 -0.116267960 0.250207114 0.021760214 0.967947504 5.181523942
0.971880251 0.009565704 -0.235281648 -1.253492032 -0.014416642 0.999717465 -0.018906090 -0.120599340 0.235034857 0.021766460 0.971742954 5.493554793
0.976159040 0.010427362 -0.216805302 -1.289085257 -0.015008260 0.999697656 -0.019493178 -0.125759022 0.216537291 0.022282344 0.976019401 5.801053412
0.978357721 0.010462351 -0.206656484 -1.301094186 -0.014952361 0.999684792 -0.020176811 -0.129342415 0.206380074 0.022830179 0.978204387 5.965854244
0.982632370 0.010313715 -0.185273345 -1.325115595 -0.014574717 0.999659050 -0.021651024 -0.136639126 0.184988094 0.023975312 0.982447678 6.295453322
0.986771202 0.011338232 -0.161721504 -1.344816262 -0.015216201 0.999625232 -0.022761269 -0.143626995 0.161402707 0.024920983 0.986573392 6.639291070
0.988683760 0.011327786 -0.149583877 -1.341333679 -0.014956858 0.999620269 -0.023159099 -0.147322370 0.149264778 0.025134356 0.988477173 6.818104346
0.992242951 0.010026578 -0.123911632 -1.338692626 -0.013172777 0.999610791 -0.024597937 -0.155824932 0.123616501 0.026039442 0.991988016 7.184740243
0.995169742 0.010966341 -0.097556695 -1.332166657 -0.013538519 0.999577187 -0.025743416 -0.164254763 0.097232848 0.026939927 0.994896524 7.566513259
0.996389883 0.011323290 -0.084131393 -1.325233618 -0.013553481 0.999570609 -0.025985167 -0.168063545 0.083801339 0.027031712 0.996114928 7.761363095
0.998297942 0.013487315 -0.056733334 -1.306235231 -0.015040931 0.999521103 -0.027047278 -0.177098790 0.056341758 0.027854651 0.998021899 8.163460768
0.999459412 0.014926803 -0.029298212 -1.279039287 -0.015732467 0.999498660 -0.027464679 -0.185369250 0.028873621 0.027910777 0.999192395 8.571677856
0.999770101 0.014955550 -0.015337541 -1.256178366 -0.015369156 0.999511202 -0.027212847 -0.189033915 0.014923534 0.027442381 0.999511649 8.779642087
0.999805915 0.015039449 0.012724957 -1.202703802 -0.014699623 0.999543758 -0.026386764 -0.196164382 -0.013114934 0.026194621 0.999570599 9.202581844
0.999089031 0.012866704 0.040683418 -1.135080434 -0.011799403 0.999582752 -0.026365382 -0.205404423 -0.041005449 0.025861356 0.998823690 9.642203717
0.998492598 0.012169674 0.053522420 -1.098490691 -0.010753039 0.999585795 -0.026677828 -0.210835105 -0.053824212 0.026062142 0.998210159 9.867760052
0.995621587 0.005109434 0.093329431 -0.933706055 -0.002423532 0.999579781 -0.028868779 -0.235284603 -0.093436889 0.028516203 0.995215988 10.777623737
0.994945172 0.005204648 0.100284514 -0.894959402 -0.002311793 0.999578257 -0.028940643 -0.241027312 -0.100392237 0.028562590 0.994537231 11.021922123
0.993723803 0.007797902 0.111584003 -0.828221797 -0.004563267 0.999562225 -0.029214800 -0.252615363 -0.111762558 0.028522300 0.993324547 11.509831553
0.992759079 0.010344150 0.119674099 -0.753365018 -0.006745853 0.999514065 -0.030433985 -0.266306990 -0.119929567 0.029406356 0.992346106 12.003803288
0.992404059 0.011298058 0.122495985 -0.716767721 -0.007623961 0.999508002 -0.030420897 -0.272140871 -0.122778854 0.029255981 0.992001936 12.252615600
0.991588478 0.011658998 0.128902932 -0.632385791 -0.007815776 0.999510876 -0.030280402 -0.284302846 -0.129192325 0.029018288 0.991194586 12.773276539
0.991097603 0.008347561 0.132871248 -0.548018063 -0.004339189 0.999527127 -0.030428326 -0.296984525 -0.133061713 0.029580946 0.990665966 13.293927131
0.990967965 0.006772572 0.133927565 -0.505819588 -0.002754096 0.999541239 -0.030167496 -0.302790669 -0.134069207 0.029526197 0.990531266 13.554263073
0.990770311 0.004572833 0.135470634 -0.423887742 -0.000870968 0.999624596 -0.027372392 -0.311015794 -0.135544413 0.027001833 0.990403098 14.103685289
0.990471401 0.005953195 0.137592499 -0.336047254 -0.002273877 0.999635600 -0.026882479 -0.323674388 -0.137701774 0.026313474 0.990123473 14.663639164
0.990365658 0.007260871 0.138284880 -0.291283354 -0.003565338 0.999630134 -0.026953007 -0.330555880 -0.138429862 0.026200377 0.990024881 14.941798811
0.990408610 0.008303261 0.137921042 -0.205093036 -0.004903574 0.999676378 -0.024970959 -0.340750861 -0.138083141 0.024055188 0.990127963 15.505414330
0.990406426 0.003292421 0.138147290 -0.109750758 -0.000471851 0.999790336 -0.020444816 -0.346680568 -0.138185329 0.020183463 0.990200422 16.073412662
0.990458346 -0.000381282 0.137809347 -0.060159009 0.002963767 0.999823889 -0.018534567 -0.350408599 -0.137776985 0.018766217 0.990285427 16.364964469
0.990753834 -0.000503205 0.135672475 0.027013656 0.002451702 0.999896207 -0.014195365 -0.357439760 -0.135651099 0.014396782 0.990651089 16.973364692
0.991155995 0.002858181 0.132666225 0.108141032 -0.001484478 0.999944685 -0.010451920 -0.365717637 -0.132688635 0.010162642 0.991105171 17.594384168
0.991333328 0.005159204 0.131263861 0.147853827 -0.004090217 0.999955812 -0.008412262 -0.369569229 -0.131301177 0.007802485 0.991311536 17.906705924
0.991701970 0.010031874 0.128167209 0.222431630 -0.009238100 0.999934634 -0.006785768 -0.381155457 -0.128226824 0.005545498 0.991729025 18.517942749
0.992127958 0.012665023 0.124582599 0.300660840 -0.011535898 0.999885546 -0.009780763 -0.401214071 -0.124691330 0.008266604 0.992160420 19.144146559
0.992272886 0.014675981 0.123201346 0.346230659 -0.013402487 0.999847622 -0.011158879 -0.411388052 -0.123346291 0.009421465 0.992318875 19.466962365
0.992268586 0.017290619 0.122900285 0.431783319 -0.015695903 0.999779949 -0.013931991 -0.431244049 -0.123113918 0.011895306 0.992320396 20.101080693
0.992238954 0.020815875 0.122589405 0.521525535 -0.018599984 0.999642726 -0.019192326 -0.456271503 -0.122945433 0.016763273 0.992271263 20.772592585
0.992395057 0.020699991 0.121342893 0.563996057 -0.018107966 0.999584307 -0.022425272 -0.469194197 -0.121755960 0.020057488 0.992356964 21.078411696
0.992538218 0.023025186 0.119738410 0.642117570 -0.019815413 0.999413445 -0.027928336 -0.493873600 -0.120310997 0.025347327 0.992411733 21.727787510
0.992657249 0.025075323 0.118332234 0.730183217 -0.021401001 0.999251698 -0.032220258 -0.516723847 -0.119050531 0.029451293 0.992450711 22.379691338
0.992796106 0.023487694 0.117489598 0.779648331 -0.019716955 0.999255219 -0.033154440 -0.526445314 -0.118179950 0.030599141 0.992519613 22.717651824
0.993161759 0.013931473 0.115908386 0.877113011 -0.010554467 0.999502677 -0.029697433 -0.536668497 -0.116263890 0.028270997 0.992815703 23.397368955
0.993483172 0.007028959 0.113760301 0.970091410 -0.004644368 0.999764057 -0.021212612 -0.538225326 -0.113881954 0.020546070 0.993281094 24.087193264
0.993552749 0.007909742 0.113091087 1.022380583 -0.006018880 0.999836315 -0.017051368 -0.539557549 -0.113207213 0.016260813 0.993437806 24.443165896
0.993689620 0.010892042 0.111631994 1.092546388 -0.009916881 0.999907860 -0.009287432 -0.541798104 -0.111722799 0.008121875 0.993705476 25.134315439
0.993942904 0.009417458 0.109494383 1.184465237 -0.008917749 0.999947265 -0.005052771 -0.550703223 -0.109535670 0.004045739 0.993973721 25.825799740
0.994164222 0.008479851 0.107542034 1.227977372 -0.008022578 0.999956897 -0.004683530 -0.558293336 -0.107575975 0.003793450 0.994189313 26.176446736
0.994497383 0.004586306 0.104663092 1.315413979 -0.004152496 0.999982047 -0.004362654 -0.574096962 -0.104679863 0.003904087 0.994497577 26.876825169
0.994652836 0.006620347 0.103057569 1.388966001 -0.005954049 0.999959359 -0.006771251 -0.594514355 -0.103097925 0.006121499 0.994651863 27.582748479
0.994579306 0.009221947 0.103570965 1.440121338 -0.008397442 0.999929264 -0.008394786 -0.605913315 -0.103640362 0.007479627 0.994585855 27.940326978
0.994668509 0.011707520 0.102454103 1.518868029 -0.010740816 0.999892524 -0.009981802 -0.624786653 -0.102559893 0.008828221 0.994687019 28.635443252
0.994927520 0.010095496 0.100080996 1.604917413 -0.008968885 0.999891428 -0.011700921 -0.644216940 -0.100187515 0.010744036 0.994910619 29.338458922
0.995082180 0.009306188 0.098611436 1.643251539 -0.008179040 0.999896613 -0.011828545 -0.652741458 -0.098710964 0.010963849 0.995055646 29.699925093
0.995295432 0.006299560 0.096679947 1.721686031 -0.005247167 0.999924454 -0.011135913 -0.668006533 -0.096742137 0.010576333 0.995252388 30.419280361
0.995438475 0.002135282 0.095376682 1.812052333 -0.000937115 0.999919736 -0.012605039 -0.687267899 -0.095395171 0.012458190 0.995360936 31.136531917
0.995540237 0.000652564 0.094336584 1.852986387 0.000509171 0.999924715 -0.012289986 -0.694925443 -0.094336797 0.012283220 0.995464143 31.492596460
0.995750556 0.000392869 0.092082866 1.928765782 0.000824392 0.999912553 -0.013180258 -0.713076338 -0.092079597 0.013200209 0.995663885 32.217313161
0.995860940 -0.001144674 0.090880801 2.008769422 0.002564127 0.999876329 -0.015503599 -0.733090290 -0.090851200 0.015672512 0.995740472 32.909697281
0.995936315 -0.001324783 0.090048130 2.044046584 0.002828638 0.999858551 -0.016574940 -0.742814405 -0.090012876 0.016762354 0.995798770 33.254197601
0.996125182 -0.002840478 0.087900030 2.121492627 0.004480303 0.999819641 -0.018464464 -0.762146215 -0.087830837 0.018786749 0.995957684 33.952014192
0.996273576 -0.004721277 0.086116349 2.199101444 0.006202639 0.999837350 -0.016942064 -0.775521430 -0.086021927 0.017413171 0.996140771 34.649949379
0.996272788 -0.005917913 0.086053798 2.234489488 0.007297598 0.999849249 -0.015727603 -0.781187864 -0.085947183 0.016296996 0.996165922 34.994530488
0.996375516 -0.006761029 0.084796268 2.309079757 0.008014312 0.999863581 -0.014448638 -0.795036523 -0.084686310 0.015075916 0.996293070 35.698778286
0.996470503 -0.009010220 0.083456361 2.389613992 0.010269440 0.999840038 -0.014670473 -0.811346346 -0.083311070 0.015475824 0.996402775 36.390333007
0.996514001 -0.010259977 0.082791670 2.417612220 0.011553742 0.999818410 -0.015162498 -0.819644009 -0.082620392 0.016066216 0.996450852 36.726951243
0.996602675 -0.011869752 0.081501511 2.494639645 0.013285870 0.999769247 -0.016854841 -0.838582289 -0.081281669 0.017880368 0.996530869 37.425678818
0.996692665 -0.010860884 0.080535829 2.560529346 0.012326111 0.999767340 -0.017717832 -0.855890437 -0.080324149 0.018651931 0.996593781 38.124656697
0.996785665 -0.009896800 0.079502753 2.591991960 0.011336326 0.999779637 -0.017675797 -0.863791798 -0.079310035 0.018520255 0.996677401 38.477321643
0.996830842 -0.009515866 0.078972975 2.661815557 0.010901360 0.999793814 -0.017132010 -0.878555196 -0.078793227 0.017938673 0.996729261 39.168221854
0.996798547 -0.011370917 0.079141515 2.740664118 0.012730873 0.999779115 -0.016700836 -0.893700664 -0.078933260 0.017654940 0.996722712 39.863412351
0.996746554 -0.013527680 0.079456809 2.778129417 0.014924881 0.999744200 -0.017016761 -0.901914419 -0.079206386 0.018147349 0.996692216 40.203427001
0.996544328 -0.018850086 0.080895557 2.862920032 0.020390276 0.999625775 -0.018255375 -0.919591012 -0.080520584 0.019841824 0.996555204 40.885923028
0.996298207 -0.020498090 0.083483662 2.943393090 0.022230062 0.999555722 -0.019869785 -0.938139556 -0.083039049 0.021652043 0.996311167 41.577433176
0.996185417 -0.022017112 0.084434010 2.981257344 0.023857039 0.999497746 -0.020844334 -0.947466429 -0.083931930 0.022779200 0.996210543 41.916522516
0.995920075 -0.027268721 0.086023643 3.069904200 0.029301166 0.999318221 -0.022453318 -0.966119691 -0.085352707 0.024882333 0.996039756 42.614134767
0.995641822 -0.033637614 0.086977408 3.160254754 0.035888258 0.999056778 -0.024442068 -0.985277686 -0.086072964 0.027457067 0.995909385 43.308124376
0.995532131 -0.035837691 0.087358189 3.197235068 0.038240185 0.998930937 -0.025984155 -0.995526522 -0.086333685 0.029208718 0.995837336 43.649001656
0.995113635 -0.041485690 0.089601706 3.297538224 0.044028634 0.998676210 -0.026591407 -1.012545537 -0.088379736 0.030406521 0.995622391 44.345525448
0.994648051 -0.046880756 0.092068295 3.394956109 0.049340920 0.998478670 -0.024627204 -1.025160783 -0.090773726 0.029038175 0.995447166 45.048458957
0.994538627 -0.047780155 0.092788805 3.442376921 0.050168707 0.998462772 -0.023579739 -1.031808662 -0.091518817 0.028106051 0.995406224 45.414260384
0.994434787 -0.047909366 0.093825731 3.532446319 0.050215804 0.998488066 -0.022375656 -1.046902085 -0.092611046 0.026962734 0.995336370 46.155762077
0.994330105 -0.047521591 0.095124107 3.630661656 0.049789107 0.998526296 -0.021605330 -1.063119644 -0.093957220 0.026219017 0.995230634 46.903345576
0.994311297 -0.047346716 0.095414863 3.683594067 0.049672082 0.998519803 -0.022143856 -1.073017913 -0.094224997 0.026757403 0.995190249 47.280605365
0.994507558 -0.043097066 0.095382187 3.761584175 0.045355720 0.998735977 -0.021639902 -1.089511961 -0.094328690 0.025847197 0.995204767 48.024103317
0.994562104 -0.040050270 0.096132515 3.860271388 0.042140034 0.998915605 -0.019806349 -1.104174165 -0.095235243 0.023749751 0.995171260 48.770814636
0.994628015 -0.037726297 0.096389185 3.902160298 0.039587211 0.999063175 -0.017467084 -1.108994271 -0.095639021 0.021188991 0.995189921 49.148393381
0.994868991 -0.032970305 0.095640483 3.977697864 0.034506535 0.999300259 -0.014453062 -1.121641418 -0.095096622 0.017679218 0.995310860 49.920650819
0.995085536 -0.029509444 0.094519218 4.054484913 0.030821963 0.999447010 -0.012455771 -1.136382065 -0.094098843 0.015307864 0.995444669 50.713421135
0.995038440 -0.029894037 0.094894813 4.107935535 0.031103085 0.999451913 -0.011286845 -1.143708988 -0.094504674 0.014182348 0.995423219 51.113092976
0.994942151 -0.029461063 0.096028640 4.200535853 0.030684750 0.999465131 -0.011291054 -1.161820079 -0.095644146 0.014180536 0.995314698 51.895643707
0.994947451 -0.028499769 0.096266939 4.292725199 0.029681777 0.999500026 -0.010869046 -1.179257800 -0.095907686 0.013671510 0.995295865 52.679110992
0.994899697 -0.029637751 0.096414453 4.331925966 0.030844062 0.999463290 -0.011045251 -1.188173035 -0.096034214 0.013962706 0.995279547 53.062027092
0.994816836 -0.031452111 0.096700298 4.426668266 0.032691528 0.999401875 -0.011258372 -1.206462800 -0.096287875 0.014361332 0.995249041 53.840058524
0.994970180 -0.028544404 0.096020714 4.514593311 0.029646117 0.999509346 -0.010066708 -1.222823585 -0.095685609 0.012862656 0.995328249 54.632578734
0.994958607 -0.028755432 0.096076858 4.563707898 0.029814871 0.999508810 -0.009609358 -1.231019030 -0.095753069 0.012425405 0.995327109 55.018000761
0.994703649 -0.035833886 0.096336607 4.660609113 0.036950404 0.999268840 -0.009830031 -1.248867822 -0.095913619 0.013337666 0.995299642 55.791525231
0.994487678 -0.040266520 0.096813230 4.758689987 0.041643951 0.999057566 -0.012248667 -1.270685611 -0.096228643 0.016212858 0.995226150 56.562261234
0.994474936 -0.040695624 0.096767190 4.808560971 0.042239821 0.999010242 -0.013962277 -1.282626426 -0.096102129 0.017972594 0.995209017 56.945802393
0.994308872 -0.040893845 0.098369899 4.901903851 0.042702279 0.998954204 -0.016348537 -1.304309556 -0.097597597 0.020456141 0.995015822 57.703211703
0.994455425 -0.037319591 0.098312655 4.995364075 0.039089489 0.999104915 -0.016137703 -1.322378181 -0.097621515 0.019891196 0.995024379 58.483956983
0.994537119 -0.034571572 0.098491969 5.032454540 0.036253775 0.999225104 -0.015340395 -1.329955405 -0.097884638 0.018827267 0.995018842 58.871415464
0.994617449 -0.033382404 0.098091571 5.125872705 0.035129663 0.999252295 -0.016138907 -1.349563151 -0.097478792 0.019497978 0.995046557 59.652130099
0.994487076 -0.034211618 0.099116465 5.232162335 0.036119468 0.999194008 -0.017517087 -1.370206390 -0.098437596 0.021000653 0.994921019 60.428993676
0.994396188 -0.036693727 0.099150011 5.282107878 0.038638000 0.999094954 -0.017760996 -1.379418764 -0.098408052 0.021492451 0.994913142 60.812589159
0.993914193 -0.040598783 0.102405023 5.391791616 0.042876069 0.998877555 -0.020135227 -1.400878147 -0.101472847 0.024403500 0.994538128 61.558947295
0.993699824 -0.039131051 0.105022178 5.496335307 0.041650173 0.998891971 -0.021901363 -1.421882728 -0.104048338 0.026137611 0.994228236 62.316152266
0.993767973 -0.036337828 0.105375998 5.540638705 0.038966114 0.998975512 -0.022990006 -1.432621982 -0.104432025 0.026952797 0.994166429 62.688194270
0.993799743 -0.032628335 0.106289242 5.633070333 0.035610642 0.999020510 -0.026281498 -1.456226503 -0.105327123 0.029903625 0.993987846 63.447371622
0.993754445 -0.034040815 0.106266366 5.739840398 0.037049178 0.998962444 -0.026463922 -1.474321522 -0.105255673 0.030235748 0.993984562 64.200118781
0.993708725 -0.035810705 0.106119245 5.794607874 0.038628046 0.998950168 -0.024613251 -1.479917270 -0.105125870 0.028557586 0.994048078 64.573851640
0.993723623 -0.030870052 0.107519057 5.884711410 0.033467872 0.999187283 -0.022440840 -1.493761407 -0.106738014 0.025898421 0.993949342 65.315378207
0.993831232 -0.018558146 0.109342457 5.976833483 0.021167774 0.999516529 -0.022753879 -1.512301637 -0.108867021 0.024928083 0.993743675 66.052295532
0.993768349 -0.011824615 0.110835394 6.017262069 0.014554200 0.999609976 -0.023850869 -1.522743834 -0.110509599 0.025315372 0.993552578 66.409207781
0.993842015 -0.009937159 0.110359884 6.109611403 0.013185121 0.999499787 -0.028739937 -1.548000549 -0.110017810 0.030018074 0.993475319 67.121824227
0.993779806 -0.011886351 0.110728375 6.206704560 0.015671782 0.999319638 -0.033379135 -1.572499004 -0.110256122 0.034906877 0.993289641 67.824521140
0.993742140 -0.009346427 0.111302459 6.255281818 0.013320823 0.999297897 -0.035018356 -1.583965394 -0.110897136 0.036281893 0.993169338 68.187517186
0.993642012 -0.001808515 0.112567537 6.344649200 0.006271868 0.999207671 -0.039308710 -1.608356318 -0.112406512 0.039764855 0.992865503 68.906472908
0.993560369 -0.000598856 0.113299262 6.437133724 0.005323849 0.999128235 -0.041405947 -1.628665861 -0.113175025 0.041742548 0.992697422 69.619187853
0.993530271 -0.000950225 0.113560618 6.488825391 0.005621200 0.999150778 -0.040818838 -1.636150812 -0.113424268 0.041193075 0.992691806 69.975941132
0.993541298 -0.002918742 0.113429286 6.583378762 0.006982133 0.999346888 -0.035441891 -1.643602723 -0.113251260 0.036005023 0.992913446 70.685299481
0.993409177 -0.001573573 0.114608665 6.682674864 0.005006470 0.999546775 -0.029671107 -1.650336351 -0.114510452 0.030049326 0.992967279 71.384737501
0.993320236 -0.001901611 0.115374249 6.723727814 0.005018023 0.999629922 -0.026727020 -1.652963340 -0.115280234 0.027127493 0.992961993 71.717638198
0.993213204 -0.001289700 0.116297310 6.822270922 0.004531089 0.999608807 -0.027611592 -1.670180360 -0.116215993 0.027951181 0.992830186 72.371242632
0.993006965 0.001193930 0.118048286 6.915788177 0.002931450 0.999391182 -0.034766815 -1.697796700 -0.118017242 0.034869783 0.992398817 73.011310639
0.992809915 0.002967825 0.119664666 6.959954112 0.001677100 0.999249039 -0.038697056 -1.712206995 -0.119689920 0.038619489 0.992059708 73.336751544
0.992031420 0.006134241 0.125840226 7.063021643 -0.000580723 0.999026407 -0.044121188 -1.737374209 -0.125987077 0.043696564 0.991068397 74.003527063
0.990950194 0.010962670 0.133780276 7.170334723 -0.004225704 0.998713561 -0.050538598 -1.763624924 -0.134162026 0.049515971 0.989721310 74.637985521
0.990352605 0.012246494 0.138028980 7.222288702 -0.004907891 0.998562197 -0.053382576 -1.775864052 -0.138483002 0.052190221 0.988988501 74.947212986
0.988940689 0.010540364 0.147935940 7.344702716 -0.001882488 0.998282646 -0.058543044 -1.799447721 -0.148298452 0.057617089 0.987262378 75.550114358
0.987205838 0.011317478 0.159048793 7.471326316 -0.000850347 0.997837254 -0.065725030 -1.826790224 -0.159448479 0.064748923 0.985080416 76.167173414
0.986171963 0.013845268 0.165148327 7.541717981 -0.002348145 0.997571212 -0.069609731 -1.841316377 -0.165711255 0.068259387 0.983808881 76.484047979
0.983939891 0.017797577 0.177610673 7.674856468 -0.004428390 0.997144953 -0.075386250 -1.866619803 -0.178444852 0.073389068 0.981208812 77.110864415
0.981424956 0.017060257 0.191087798 7.831434646 -0.002536470 0.997104961 -0.075994189 -1.883324350 -0.191830381 0.074097951 0.978626629 77.712346055
0.979998286 0.015150482 0.198426588 7.913183707 -0.000063961 0.997121337 -0.075817605 -1.890762188 -0.199003367 0.074288499 0.977178646 78.005879895
