1.000000000 -0.000000000 0.000000000 0.000000000 0.000000000 1.000000000 -0.000000000 0.000000000 -0.000000000 0.000000000 1.000000000 0.000000000
0.999999099 0.000318518 0.001179928 0.010442983 -0.000319030 0.999999786 0.000382452 0.003348855 -0.001179933 -0.000382801 0.999999270 0.212377606
0.999992948 0.000544438 0.003563833 0.024692353 -0.000549169 0.999999010 0.001322630 0.010680264 -0.003562765 -0.001324534 0.999993814 0.649447707
0.999980168 -0.000103636 0.006278400 0.040832863 0.000090707 0.999998293 0.002059132 0.017602121 -0.006278170 -0.002058472 0.999978675 1.083002376
0.999973318 -0.000250850 0.007332935 0.050783915 0.000236360 0.999998713 0.001973409 0.020183655 -0.007333367 -0.001971613 0.999972250 1.296270668
0.999949271 -0.000317950 0.010082501 0.066399264 0.000304121 0.999999343 0.001375178 0.024828696 -0.010083460 -0.001371980 0.999948618 1.730736554
0.999918293 -0.000828988 0.012735655 0.084665760 0.000812292 0.999999465 0.001318060 0.030575687 -0.012737138 -0.001307560 0.999918302 2.181377760
0.999904005 -0.000396785 0.013812312 0.093678064 0.000375728 0.999999139 0.001520039 0.033671893 -0.013813336 -0.001514610 0.999903978 2.396399554
0.999874773 0.000611094 0.015800638 0.109327084 -0.000640279 0.999998323 0.001845678 0.039846422 -0.015799936 -0.001855537 0.999873582 2.830844638
0.999833496 0.001091877 0.018205914 0.128785452 -0.001137608 0.999996712 0.002499389 0.046431436 -0.018202859 -0.002519681 0.999831263 3.258242134
0.999808105 0.000803843 0.019531399 0.140167623 -0.000854793 0.999996707 0.002602409 0.049285612 -0.019529520 -0.002618534 0.999805914 3.468865966
0.999776783 0.000708315 0.021103814 0.158398259 -0.000765740 0.999996336 0.002711305 0.054691435 -0.021101050 -0.002726864 0.999773801 3.877448441
0.999731091 -0.000567616 0.023185171 0.183526966 0.000505035 0.999996930 0.002701479 0.059907840 -0.023186597 -0.002689022 0.999728253 4.294301543
0.999707800 -0.001134814 0.024138585 0.190848437 0.001071562 0.999996514 0.002634565 0.062367096 -0.024140919 -0.002607940 0.999705455 4.491381192
0.999666298 -0.001085858 0.025791928 0.214756455 0.001026984 0.999997099 0.002292313 0.066724202 -0.025794086 -0.002265056 0.999664837 4.889414922
0.999609668 -0.000324372 0.027928754 0.232972567 0.000268145 0.999997832 0.002016527 0.071470246 -0.027929292 -0.002008286 0.999608247 5.298006371
0.999577161 0.000493431 0.029065536 0.246228493 -0.000537136 0.999999601 0.001495805 0.073125134 -0.029063881 -0.001510703 0.999576571 5.505125512
0.999546468 0.000867069 0.030082219 0.269586262 -0.000842418 0.999999876 -0.000831641 0.074065805 -0.030082947 0.000805922 0.999547742 5.904085960
0.999519352 0.000079260 0.030984565 0.288701730 -0.000004104 0.999997218 -0.002425651 0.076507774 -0.030984888 0.002424441 0.999516983 6.310948244
0.999508175 -0.000372283 0.031345957 0.301476949 0.000470204 0.999995752 -0.003117106 0.077905171 -0.031345065 0.003130343 0.999504478 6.518951138
0.999500643 -0.001132591 0.031569515 0.327974495 0.001276263 0.999989084 -0.004534072 0.080565164 -0.031563990 0.004572079 0.999491806 6.933198258
0.999513734 -0.001154230 0.031140541 0.346898899 0.001323034 0.999985375 -0.005402601 0.084473495 -0.031134231 0.005441127 0.999500783 7.361512409
0.999524078 -0.001289128 0.030801910 0.351145722 0.001465885 0.999982645 -0.005715141 0.086884153 -0.030793634 0.005757563 0.999509090 7.585346033
0.999541525 -0.000156652 0.030258333 0.376304567 0.000335725 0.999982913 -0.005911121 0.092181813 -0.030256542 0.005918602 0.999525501 8.044261402
0.999539735 0.000230234 0.030319095 0.394538714 -0.000025418 0.999977721 -0.006755337 0.096459295 -0.030319903 0.006751508 0.999518406 8.494922594
0.999546580 0.000411039 0.030111645 0.403313959 -0.000198228 0.999974988 -0.007073037 0.098932562 -0.030114070 0.007063870 0.999521448 8.731424671
0.999557605 0.000901187 0.029718360 0.427823040 -0.000718131 0.999980740 -0.006171230 0.106438758 -0.029723267 0.006147187 0.999539807 9.212662064
0.999568349 -0.000236210 0.029357411 0.451217053 0.000352383 0.999992066 -0.003953550 0.116595765 -0.029356081 0.003962163 0.999561404 9.717095715
0.999575099 -0.001428912 0.029103306 0.470525599 0.001513818 0.999995411 -0.002896654 0.121526203 -0.029099054 0.002939523 0.999572456 9.976262229
0.999573618 -0.005478259 0.028671058 0.492222166 0.005545096 0.999982307 -0.002251034 0.129458072 -0.028658188 0.002409026 0.999586556 10.504838707
0.999552431 -0.006104692 0.029258589 0.521984236 0.006186144 0.999977441 -0.002696163 0.135640631 -0.029241660 0.002876030 0.999568132 11.060538087
0.999559243 -0.005524736 0.029150972 0.538201848 0.005594909 0.999982392 -0.002325099 0.139782718 -0.029137693 0.002487148 0.999573375 11.346468639
0.999561529 -0.007706895 0.028572816 0.566830364 0.007764988 0.999968772 -0.001925015 0.147776368 -0.028556472 0.002146070 0.999590047 11.925375699
0.999622154 -0.004407813 0.027115645 0.578533955 0.004488822 0.999986424 -0.002926158 0.153641078 -0.027102740 0.003046888 0.999628624 12.514528926
0.999638259 -0.003556362 0.026646140 0.589014767 0.003655075 0.999987328 -0.003660038 0.156132785 -0.026633017 0.003756061 0.999638452 12.811044932
0.999652862 -0.005766914 0.025695963 0.621032433 0.005834233 0.999980515 -0.002543566 0.165740221 -0.025680589 0.002692635 0.999666945 13.425831659
0.999661261 -0.006500589 0.025201370 0.644254726 0.006535416 0.999977978 -0.001301458 0.175666722 -0.025192753 0.001465734 0.999682231 14.035866999
0.999648645 -0.008291775 0.025166210 0.664770085 0.008328417 0.999964715 -0.001353794 0.179538382 -0.025154314 0.001563009 0.999682786 14.355942344
0.999686135 -0.007075048 0.023998479 0.688515768 0.007073284 0.999974883 0.000155712 0.190373439 -0.023998647 0.000014123 0.999712359 15.007148447
0.999689295 -0.005247846 0.024373713 0.708625560 0.005245695 0.999986157 0.000152031 0.198531916 -0.024374278 -0.000024017 0.999703436 15.643961147
0.999694770 -0.004912805 0.024189898 0.724385121 0.004917382 0.999988441 -0.000125955 0.202157881 -0.024189088 0.000244910 0.999707985 15.972842341
0.999720341 -0.004191987 0.023248926 0.744077795 0.004185946 0.999991368 0.000309403 0.211659614 -0.023249791 -0.000211942 0.999730381 16.652580394
0.999731124 -0.004926027 0.022638642 0.780646748 0.004929993 0.999988547 -0.000119724 0.219792738 -0.022636754 0.000231299 0.999744030 17.364183220
0.999734599 -0.005250186 0.022424721 0.788825024 0.005254020 0.999986666 -0.000112547 0.224297165 -0.022423802 0.000230292 0.999748944 17.707136476
0.999749803 -0.004553996 0.021888575 0.820446894 0.004557642 0.999990144 -0.000115685 0.233640959 -0.021887605 0.000215400 0.999761041 18.448997153
0.999750329 -0.005115013 0.021711391 0.849887102 0.005134286 0.999986419 -0.000834380 0.241630465 -0.021706543 0.000945736 0.999764481 19.173805693
0.999762144 -0.005616298 0.021056469 0.861171044 0.005634499 0.999984097 -0.000801363 0.246304732 -0.021051508 0.000919790 0.999778651 19.532066695
0.999772389 -0.005331073 0.020659299 0.893779417 0.005328598 0.999986420 0.000175922 0.257303128 -0.020659758 -0.000065839 0.999787310 20.272144367
0.999770092 -0.004211674 0.021001637 0.925932171 0.004177815 0.999990385 0.001654565 0.269183652 -0.021008979 -0.001566368 0.999778573 21.013090292
0.999771730 -0.004025558 0.020963910 0.940826916 0.003973595 0.999989505 0.002516965 0.275394879 -0.020973347 -0.002433081 0.999777171 21.385760196
0.999772090 -0.003518839 0.021010098 0.972275768 0.003442846 0.999987729 0.003655464 0.287024761 -0.021022137 -0.003582242 0.999773079 22.149061592
0.999778638 -0.003036560 0.020797835 0.991313384 0.002955128 0.999988042 0.003944215 0.297206823 -0.020809579 -0.003881855 0.999776260 22.893205825
0.999787190 -0.002830571 0.020433045 1.004301584 0.002737310 0.999985630 0.004591758 0.303127836 -0.020445987 -0.004534845 0.999781233 23.269400678
0.999769866 -0.002484590 0.021307438 1.046870122 0.002393117 0.999987721 0.004314363 0.312127316 -0.021318208 -0.004262400 0.999764365 24.033083646
0.999775441 -0.000530000 0.021154063 1.069257274 0.000439541 0.999991559 0.004283673 0.322123767 -0.021156340 -0.004273358 0.999767666 24.813132020
0.999773422 -0.000743515 0.021242291 1.092229626 0.000651840 0.999990761 0.004324713 0.327135500 -0.021245797 -0.004309843 0.999765334 25.212917348
0.999770367 -0.000064042 0.021433336 1.114148175 -0.000030773 0.999990313 0.004420177 0.337424275 -0.021433478 -0.004419792 0.999761379 25.993841997
0.999752373 0.001557518 0.022193221 1.148670564 -0.001662752 0.999988008 0.004723786 0.347764485 -0.022185751 -0.004759522 0.999742964 26.772470990
0.999731045 0.002099899 0.023094099 1.160684365 -0.002208470 0.999986559 0.004673935 0.352580712 -0.023083408 -0.004723704 0.999723219 27.150441370
0.999711563 0.002460261 0.023891847 1.190654123 -0.002564396 0.999988199 0.004327571 0.361758681 -0.023880352 -0.004387579 0.999705413 27.916416866
0.999669160 0.002964885 0.025538897 1.232756478 -0.003074502 0.999986867 0.004253548 0.371160449 -0.025525555 -0.004330647 0.999664797 28.680974613
0.999652991 0.003056610 0.026134723 1.245726852 -0.003172783 0.999985743 0.004404156 0.376271732 -0.026121581 -0.004485483 0.999649308 29.057180479
0.999615427 0.003082745 0.027557366 1.287114533 -0.003216283 0.999983715 0.004799673 0.386221309 -0.027541955 -0.004886477 0.999609811 29.802019465
0.999584387 0.004454657 0.028465256 1.319987242 -0.004625265 0.999971616 0.005927052 0.397793944 -0.028438770 -0.006056201 0.999577497 30.562680888
0.999531358 0.004501891 0.030262307 1.339857227 -0.004685644 0.999971398 0.006003965 0.402785786 -0.030235259 -0.006142889 0.999524152 30.947156430
0.999495871 0.004023008 0.031487986 1.380575337 -0.004244552 0.999966912 0.006970623 0.414044200 -0.031458889 -0.007100735 0.999479801 31.714329677
0.999434835 0.004723467 0.033280197 1.419372378 -0.004970121 0.999961154 0.007332290 0.424352621 -0.033243888 -0.007493567 0.999420002 32.485036847
0.999412619 0.004768218 0.033921605 1.439220356 -0.005003501 0.999964611 0.006854179 0.428344797 -0.033888013 -0.007019834 0.999401926 32.869525985
0.999352835 0.004551406 0.035681164 1.489896430 -0.004787466 0.999967748 0.006532303 0.437504328 -0.035649728 -0.006698857 0.999341929 33.660305886
0.999307695 0.005281000 0.036815738 1.530346012 -0.005511008 0.999966480 0.006148041 0.446710281 -0.036781848 -0.006346614 0.999303314 34.448978859
0.999276780 0.005227732 0.037647395 1.556138128 -0.005436764 0.999971089 0.005451909 0.450337942 -0.037617507 -0.005652686 0.999276339 34.843501508
0.999211303 0.005113222 0.039363028 1.602301623 -0.005335926 0.999971162 0.005553459 0.460154624 -0.039333901 -0.005759104 0.999210279 35.621603166
0.999117897 0.006346723 0.041506607 1.650127573 -0.006611481 0.999958749 0.006245127 0.470606973 -0.041465551 -0.006514002 0.999119049 36.375583616
0.999085776 0.006277466 0.042266368 1.673788861 -0.006545784 0.999959681 0.006213058 0.475189575 -0.042225502 -0.006483985 0.999087525 36.753022720
0.999019958 0.005646560 0.043892509 1.718738269 -0.005920987 0.999964017 0.006123514 0.484446857 -0.043855420 -0.006377377 0.999017845 37.512300928
0.998955535 0.005888623 0.045303458 1.766527248 -0.006159544 0.999964260 0.005841843 0.493219769 -0.045267127 -0.006114787 0.998956334 38.266304219
0.998932141 0.005906687 0.045805327 1.798490217 -0.006151306 0.999967528 0.005201239 0.496636012 -0.045773166 -0.005477476 0.998937605 38.649386486
0.998813805 0.006091616 0.048308137 1.851476750 -0.006306650 0.999971408 0.004299172 0.504142702 -0.048280906 -0.004598705 0.998823868 39.393724242
0.998744884 0.005983399 0.049727735 1.904021968 -0.006204998 0.999971696 0.004302453 0.513181302 -0.049700296 -0.004605592 0.998754081 40.138921414
0.998705800 0.005281174 0.050577681 1.934120425 -0.005517495 0.999974433 0.004532326 0.518216693 -0.050552574 -0.004805490 0.998709971 40.525502662
0.998618555 0.005129989 0.052277126 1.991485250 -0.005419789 0.999970888 0.005402741 0.529111732 -0.052247670 -0.005678573 0.998619005 41.303935449
0.998554167 0.005606869 0.053452213 2.048165331 -0.006018651 0.999953787 0.007544868 0.541914126 -0.053408120 -0.007855658 0.998542429 42.062630986
0.998493042 0.004706153 0.054671883 2.084735948 -0.005203101 0.999947026 0.008951326 0.548991775 -0.054626704 -0.009222311 0.998464316 42.458332758
0.998400881 0.004046515 0.056380366 2.145911002 -0.004627413 0.999938241 0.010176400 0.560337286 -0.056335491 -0.010421059 0.998357825 43.229717414
0.998347303 0.004242461 0.057307374 2.200614996 -0.004838762 0.999935414 0.010272052 0.569690522 -0.057259057 -0.010532373 0.998304144 43.991980865
0.998297695 0.003955113 0.058190385 2.231631735 -0.004526457 0.999942847 0.009689228 0.573281551 -0.058148365 -0.009936117 0.998258793 44.376821255
0.998135286 0.003742578 0.060920933 2.292269964 -0.004314485 0.999948401 0.009258496 0.581820422 -0.060882424 -0.009504023 0.998100175 45.149124334
0.998049274 0.004438740 0.062265721 2.357650348 -0.004995561 0.999948802 0.008789413 0.589985197 -0.062224043 -0.009083257 0.998021395 45.912629995
0.998000921 0.004761708 0.063012617 2.386068975 -0.005343490 0.999944571 0.009067863 0.594883470 -0.062965165 -0.009386391 0.997971614 46.281262299
0.997939974 0.004381564 0.064004800 2.451702703 -0.005002948 0.999942611 0.009551099 0.604410936 -0.063959040 -0.009851593 0.997904570 47.023277615
0.997909173 0.004379352 0.064482405 2.514956440 -0.005025253 0.999939450 0.009857684 0.613720586 -0.064435339 -0.010161134 0.997870220 47.769697147
0.997834898 0.004001766 0.065635773 2.551683790 -0.004647733 0.999942280 0.009691793 0.617772395 -0.065593035 -0.009975833 0.997796402 48.143968263
0.997786409 0.003369991 0.066403768 2.609444388 -0.004014894 0.999946223 0.009580619 0.626354503 -0.066368305 -0.009825931 0.997747468 48.879488886
0.997695251 0.003369023 0.067764810 2.682178693 -0.004028487 0.999945942 0.009597279 0.634746015 -0.067728565 -0.009848152 0.997655989 49.608315893
0.997698495 0.003542893 0.067710502 2.710095706 -0.004174384 0.999949564 0.009186086 0.638437114 -0.067675369 -0.009447526 0.997663314 49.977844866
0.997718202 0.002631544 0.067462431 2.775198781 -0.003265338 0.999952113 0.009285775 0.646726135 -0.067434472 -0.009484841 0.997679274 50.678693905
0.997758450 0.000170237 0.066913633 2.840711042 -0.000683932 0.999970801 0.007653098 0.652023733 -0.066910305 -0.007681685 0.997729466 51.378703380
0.997858001 0.000156209 0.065413725 2.862422003 -0.000640124 0.999972918 0.007375615 0.655615072 -0.065411053 -0.007401673 0.997831114 51.717613597
0.997919085 0.002060066 0.064443363 2.916598658 -0.002600499 0.999962726 0.008302519 0.665168099 -0.064423572 -0.008452765 0.997887643 52.396627838
0.998047338 0.002751470 0.062400212 2.973690367 -0.003445325 0.999934032 0.011015081 0.677665608 -0.062365718 -0.011208567 0.997990637 53.070320528
0.998121015 0.002450294 0.061212407 2.998780804 -0.003205211 0.999920297 0.012238524 0.683719168 -0.061177484 -0.012411726 0.998049628 53.403035503
0.998270411 0.002381577 0.058735970 3.046060269 -0.003166586 0.999906852 0.013274858 0.693501600 -0.058698886 -0.013437890 0.998185532 54.073778572
0.998478335 0.002415715 0.055076033 3.088277126 -0.003124098 0.999913996 0.012778283 0.700534743 -0.055039888 -0.012930916 0.998400684 54.732769981
0.998549083 0.002578884 0.053769648 3.099443783 -0.003166170 0.999936746 0.010839724 0.701169078 -0.053738084 -0.010994191 0.998494454 55.049022558
0.998634119 0.003004592 0.052157133 3.141115904 -0.003506330 0.999948979 0.009529968 0.706323989 -0.052125508 -0.009699856 0.998593489 55.666856392
0.998805941 0.002113434 0.048798758 3.184837394 -0.002712806 0.999921736 0.012218497 0.718256944 -0.048768763 -0.012336253 0.998734446 56.281077036
0.998881182 -0.000773594 0.047274211 3.201862328 0.000086816 0.999894726 0.014528979 0.726059815 -0.047280088 -0.014508573 0.998777339 56.586669107
0.999028617 -0.003816453 0.043887727 3.238141836 0.002892677 0.999774131 0.021092951 0.745199117 -0.043958207 -0.020945514 0.998814645 57.214875749
0.999152534 -0.000265160 0.041145430 3.270792055 -0.000823359 0.999650136 0.026435620 0.761961739 -0.041138601 -0.026447078 0.998804303 57.828684910
0.999217689 0.006030379 0.039064538 3.269621639 -0.007037670 0.999645293 0.025699258 0.764517128 -0.038895039 -0.025954028 0.998906612 58.125734504
0.999231329 0.015878149 0.035836708 3.286250120 -0.016498225 0.999718491 0.017072852 0.756729758 -0.035555594 -0.017650959 0.999211864 58.705390654
0.999359681 0.015305523 0.032341566 3.321510471 -0.015469365 0.999868829 0.004820511 0.742294574 -0.032263516 -0.005317702 0.999465319 59.271399005
0.999472706 0.014696692 0.028935394 3.328284971 -0.014725462 0.999892124 0.000781495 0.738910771 -0.028921306 -0.001207150 0.999581404 59.553565117
0.999560906 0.016230129 0.024776460 3.352060860 -0.016197385 0.999868030 -0.001523337 0.742260196 -0.024797357 0.001121435 0.999692839 60.141337848
0.999493896 0.022318215 0.022653069 3.361775300 -0.022494477 0.999719155 0.007555180 0.765661154 -0.022477499 -0.008060907 0.999715410 60.734653821
0.999433833 0.025870361 0.021478739 3.372068756 -0.026181802 0.999554926 0.014346982 0.781220912 -0.021097699 -0.014901190 0.999667100 61.031872341
0.999400786 0.028939300 0.018961655 3.378717847 -0.029293658 0.999396509 0.018683609 0.796137958 -0.018408816 -0.019227854 0.999645876 61.588521835
0.999514427 0.026879259 0.015724991 3.405693427 -0.027104437 0.999531389 0.014285320 0.795070622 -0.015333787 -0.014704591 0.999775021 62.128129512
0.999649947 0.021818219 0.014911191 3.418744634 -0.022013728 0.999672579 0.013074262 0.796283792 -0.014621011 -0.013397928 0.999803386 62.398789843
0.999844556 0.011342170 0.013476830 3.454140071 -0.011491638 0.999872819 0.011065630 0.799418303 -0.013349907 -0.011218756 0.999848108 62.943967672
0.999926278 0.003128209 0.011676146 3.478503851 -0.003276474 0.999913995 0.012696618 0.809181879 -0.011635436 -0.012733947 0.999851442 63.488709544
0.999944151 -0.000538788 0.010574747 3.493916516 0.000361174 0.999859555 0.016792803 0.819916606 -0.010582024 -0.016788040 0.999803168 63.776310931
0.999956517 0.002190341 0.009057406 3.501914376 -0.002414919 0.999688489 0.024854044 0.841511005 -0.009000000 -0.024874759 0.999650046 64.351700666
0.999970790 -0.000702699 0.007540382 3.517841573 0.000524604 0.999721616 0.023595999 0.846312988 -0.007554586 -0.023591330 0.999693573 64.890882720
0.999978990 -0.001165587 0.006311249 3.521568725 0.001032381 0.999778209 0.021069158 0.845408458 -0.006334613 -0.021062161 0.999758757 65.157705056
0.999985843 -0.001990498 0.004902191 3.527674655 0.001902238 0.999837890 0.017945363 0.847085501 -0.004935941 -0.017935779 0.999827347 65.693943064
0.999974176 -0.005524825 0.004615330 3.544493737 0.005449335 0.999854503 0.016208773 0.850531811 -0.004704158 -0.016183196 0.999858936 66.189319684
0.999964573 -0.007255568 0.004146290 3.549807155 0.007180361 0.999815079 0.017868444 0.856947567 -0.004274991 -0.017837996 0.999831909 66.453401705
0.999947083 -0.008922686 0.005130366 3.569745283 0.008806987 0.999715719 0.022151372 0.871316973 -0.005327058 -0.022104953 0.999742119 66.985411630
0.999953418 -0.006561310 0.007033749 3.578063257 0.006408347 0.999747909 0.021551904 0.877016129 -0.007172887 -0.021505836 0.999742891 67.496602120
0.999955891 -0.005051820 0.007826998 3.577792868 0.004890512 0.999778067 0.020488327 0.878585721 -0.007928395 -0.020449138 0.999760247 67.749841250
0.999944641 -0.002815621 0.010126137 3.593168507 0.002630045 0.999829630 0.018288222 0.881199575 -0.010175888 -0.018260565 0.999782251 68.247869944
0.999919270 0.000063281 0.012655322 3.611704390 -0.000285153 0.999846226 0.017526806 0.886462441 -0.012652971 -0.017528997 0.999766661 68.761172666
0.999896592 -0.001252568 0.014262298 3.623095132 0.001013442 0.999859827 0.016762753 0.888418199 -0.014281333 -0.016746557 0.999758376 69.013872089
0.999878165 -0.003350276 0.015245288 3.641372841 0.003107156 0.999868615 0.015941078 0.893386733 -0.015295799 -0.015891806 0.999757117 69.506587253
0.999856302 -0.003464520 0.016538741 3.659698096 0.003175770 0.999842629 0.017453990 0.901802832 -0.016596918 -0.017398936 0.999711536 69.957192157
0.999830923 -0.002663736 0.018172184 3.669472388 0.002328910 0.999827724 0.018420921 0.906500510 -0.018217544 -0.018375493 0.999665477 70.191903479
0.999762421 0.001017040 0.021742045 3.688465002 -0.001414051 0.999833022 0.018253614 0.912219518 -0.021719592 -0.018280000 0.999597078 70.662256375
0.999679901 0.003557699 0.025036094 3.715072352 -0.004025033 0.999818937 0.018638886 0.918579556 -0.024964835 -0.018733693 0.999513598 71.118516543
0.999651049 0.003542620 0.026171983 3.719343822 -0.004039129 0.999813078 0.018942695 0.922109840 -0.026099424 -0.019041786 0.999478621 71.342334939
0.999568988 0.002521538 0.029227866 3.749225896 -0.003050351 0.999832782 0.018061141 0.926173690 -0.029178144 -0.018142482 0.999410340 71.792464582
0.999466477 0.001098679 0.032617570 3.785006994 -0.001613789 0.999874746 0.015771380 0.927823710 -0.032596365 -0.015815589 0.999344307 72.252655608
0.999397782 0.000919704 0.034680069 3.797111761 -0.001461602 0.999878023 0.015602406 0.930489957 -0.034661279 -0.015643687 0.999276733 72.482993306
0.999292087 0.001440972 0.037573939 3.831165229 -0.002111372 0.999839210 0.017807661 0.939977046 -0.037542814 -0.017874343 0.999135638 72.946598743
0.999188029 0.003446925 0.040133479 3.852798659 -0.004210815 0.999812161 0.018963389 0.947616449 -0.040060383 -0.019116973 0.999014851 73.391052456
0.999105790 0.003999872 0.042071051 3.864173787 -0.004797705 0.999810700 0.018879960 0.950150731 -0.041987630 -0.019064934 0.998936820 73.601680640
0.998951710 0.003322242 0.045649101 3.898753573 -0.004139064 0.999833364 0.017810210 0.953109446 -0.045582037 -0.017980497 0.998799229 74.000959436
0.998818491 0.001063988 0.048574550 3.938567005 -0.001895917 0.999852262 0.017085240 0.956441392 -0.048548698 -0.017157115 0.998673665 74.390550399
0.998773542 -0.000002021 0.049500558 3.955167416 -0.000847729 0.999852603 0.017144969 0.958969032 -0.049494013 -0.017165863 0.998627179 74.591495916
0.998712633 -0.002141138 0.050677782 3.981447942 0.001292744 0.999859274 0.016767977 0.963204069 -0.050706455 -0.016680866 0.998575012 74.985130053
0.998597526 -0.001719759 0.052905120 4.017244236 0.000874557 0.999872269 0.015994720 0.966832145 -0.052926196 -0.015925997 0.998471946 75.403230805
0.998558699 -0.000793558 0.053668223 4.029105134 -0.000078376 0.999868832 0.016243320 0.969853843 -0.053674044 -0.016224093 0.998427119 75.612972108
0.998462337 0.000469818 0.055419774 4.058499469 -0.001366517 0.999869424 0.016144135 0.974628595 -0.055404669 -0.016195050 0.998333267 76.021908962
0.998337523 0.001025371 0.057620740 4.094547125 -0.001966074 0.999865990 0.016271190 0.979529394 -0.057596615 -0.016357421 0.998206681 76.418520592
0.998271642 0.000912715 0.058749842 4.111154579 -0.001886372 0.999862131 0.016520551 0.982376928 -0.058727424 -0.016602782 0.998136474 76.619461758
0.998195451 -0.000718514 0.060043228 4.143197653 -0.000358813 0.999839131 0.017929538 0.989431954 -0.060046138 -0.017918668 0.998035546 77.002494534
0.998083760 -0.003238929 0.061780375 4.186878750 0.002063293 0.999815985 0.019083287 0.995823499 -0.061830674 -0.018919224 0.997907692 77.385001879
0.998045289 -0.003801330 0.062379461 4.201336890 0.002588802 0.999807082 0.019507014 0.998786252 -0.062442116 -0.019307379 0.997862002 77.568870920
0.997961255 -0.004115399 0.063679273 4.228780899 0.002904536 0.999813901 0.019096967 1.002569743 -0.063745555 -0.018873048 0.997788147 77.939278887
0.997888300 -0.004306486 0.064801188 4.263777804 0.003168086 0.999838909 0.017659752 1.004185203 -0.064866679 -0.017417162 0.997742253 78.295632331
0.997861302 -0.004239784 0.065220712 4.275087363 0.003139513 0.999851907 0.016962291 1.005028768 -0.065282809 -0.016721253 0.997727157 78.464220138
0.997859415 -0.004120464 0.065255767 4.300576423 0.003070924 0.999864896 0.016175909 1.007611067 -0.065312764 -0.015940907 0.997737683 78.796102074
0.997876415 -0.004723564 0.064952900 4.333688361 0.003680532 0.999862791 0.016168441 1.011204272 -0.065020242 -0.015895054 0.997757505 79.113886250
0.997901471 -0.005169048 0.064532609 4.346936375 0.004110221 0.999855042 0.016529582 1.013787567 -0.064608559 -0.016229653 0.997779618 79.278929393
0.997989590 -0.005213502 0.063156470 4.370345002 0.004099998 0.999834389 0.017747041 1.019614040 -0.063239103 -0.017452380 0.997846292 79.593696647
0.998049825 -0.003788902 0.062301702 4.391345250 0.002669147 0.999833701 0.018046401 1.023933128 -0.062359893 -0.017844889 0.997894776 79.912885657
0.998082019 -0.003320676 0.061815637 4.396732899 0.002201300 0.999833329 0.018167899 1.026150871 -0.061865812 -0.017996974 0.997922751 80.071426221
0.998209923 -0.002197279 0.059752537 4.419134337 0.001129259 0.999839244 0.017902698 1.029383056 -0.059781902 -0.017803166 0.998053337 80.387989261
0.998310949 -0.002215833 0.058053455 4.441589911 0.001113004 0.999818390 0.019022000 1.035074419 -0.058084858 -0.018925222 0.998132454 80.704518854
0.998358074 -0.002941669 0.057205645 4.447955700 0.001806223 0.999801096 0.019889454 1.038566891 -0.057252050 -0.019753472 0.998164538 80.861281580
0.998406397 -0.003954696 0.056276535 4.470623465 0.002784902 0.999779069 0.020849030 1.043751571 -0.056346318 -0.020659102 0.998198160 81.156346254
0.998479553 -0.005163264 0.054874372 4.493732105 0.004019317 0.999773326 0.020936346 1.047384347 -0.054970042 -0.020683924 0.998273905 81.450551784
0.998513747 -0.005246028 0.054243215 4.505273002 0.004131574 0.999779247 0.020637385 1.048590939 -0.054339650 -0.020382573 0.998315031 81.597662843
0.998565908 -0.005971347 0.053198692 4.523351825 0.004911321 0.999787917 0.020032284 1.050963929 -0.053307455 -0.019742285 0.998383091 81.880096453
0.998645940 -0.006788037 0.051574942 4.540208418 0.005812499 0.999801865 0.019040397 1.052407645 -0.051693969 -0.018714800 0.998488425 82.143711644
0.998682729 -0.006075023 0.050947569 4.547692355 0.005128687 0.999812463 0.018685484 1.053389260 -0.051052127 -0.018399530 0.998527335 82.277276207
0.998756164 -0.004687244 0.049624851 4.557207583 0.003766661 0.999819691 0.018626864 1.056464333 -0.049702749 -0.018416778 0.998595093 82.533481409
0.998813754 -0.003145396 0.048583014 4.570558346 0.002195885 0.999806619 0.019586407 1.061139493 -0.048635026 -0.019456467 0.998627018 82.782622843
0.998860015 -0.002286257 0.047667554 4.572120152 0.001332937 0.999799208 0.020021051 1.063485289 -0.047703950 -0.019934693 0.998663190 82.906140300
0.998955508 -0.002691789 0.045601648 4.588532350 0.001788756 0.999801944 0.019830239 1.066320961 -0.045646891 -0.019727935 0.998763094 83.170616809
0.999003557 -0.003442124 0.044487519 4.605350883 0.002603153 0.999818503 0.018903446 1.067323541 -0.044545065 -0.018768796 0.998831358 83.392174628
0.999059119 -0.003866635 0.043188973 4.608783363 0.003065037 0.999822044 0.018610029 1.068330096 -0.043254060 -0.018460094 0.998894267 83.512189297
0.999140291 -0.005998044 0.041008813 4.622315948 0.005238286 0.999813072 0.018608090 1.071119035 -0.041113236 -0.018377271 0.998985702 83.739884574
0.999251891 -0.006329191 0.038140269 4.633265595 0.005613656 0.999807215 0.018836647 1.074616700 -0.038252210 -0.018608448 0.999095505 83.993443277
0.999290125 -0.005996539 0.037186582 4.637667852 0.005289237 0.999804224 0.019088553 1.076518111 -0.037293723 -0.018878322 0.999125945 84.111685274
0.999371790 -0.005784702 0.034942349 4.640987150 0.005109224 0.999799178 0.019391386 1.079953271 -0.035047231 -0.019200661 0.999201200 84.337265465
0.999456359 -0.005480548 0.032501642 4.645961201 0.004829380 0.999786831 0.020078221 1.083674216 -0.032604574 -0.019910317 0.999269814 84.538729206
0.999499384 -0.005424341 0.031155568 4.646788307 0.004788404 0.999779462 0.020447001 1.085658125 -0.031259790 -0.020287581 0.999306135 84.642540276
0.999561373 -0.004776935 0.029216417 4.659580471 0.004184997 0.999785987 0.020288642 1.087825264 -0.029306325 -0.020157451 0.999367881 84.850532700
0.999623966 -0.003496763 0.027177153 4.664285113 0.002964202 0.999803447 0.019610878 1.089453761 -0.027240210 -0.019522912 0.999438871 85.073496712
0.999649622 -0.003190768 0.026252476 4.661988287 0.002679590 0.999807326 0.019481566 1.090438107 -0.026309977 -0.019404381 0.999466256 85.162011319
0.999706277 -0.002756012 0.024058080 4.674084911 0.002293967 0.999813231 0.019209982 1.092734478 -0.024106965 -0.019149138 0.999526197 85.392354048
0.999758271 -0.003022959 0.021734349 4.678814422 0.002606658 0.999813799 0.019159451 1.095492597 -0.021787883 -0.019098159 0.999581218 85.615302696
0.999783883 -0.003554433 0.020484548 4.678205127 0.003161534 0.999811275 0.019183239 1.096963944 -0.020548355 -0.019114287 0.999606650 85.721761488
0.999829030 -0.003847883 0.018040632 4.680585677 0.003491263 0.999798897 0.019756649 1.100913776 -0.018112938 -0.019690299 0.999642330 85.949095181
0.999877021 -0.003839403 0.015153214 4.688205814 0.003522919 0.999776639 0.020854222 1.105506748 -0.015229729 -0.020798262 0.999667543 86.166737369
0.999895126 -0.003666227 0.014021845 4.681655463 0.003368674 0.999770311 0.021179745 1.107482564 -0.014096649 -0.021130281 0.999677563 86.263160747
0.999923744 -0.003553356 0.011835892 4.689457641 0.003299967 0.999767365 0.021351976 1.110199311 -0.011908875 -0.021311294 0.999702341 86.459356643
0.999947827 -0.003099607 0.009646883 4.692736017 0.002890077 0.999762002 0.021662169 1.113063379 -0.009711446 -0.021633161 0.999719686 86.642881230
0.999955059 -0.002917508 0.008952656 4.687344087 0.002721951 0.999759253 0.021786501 1.114357726 -0.009013448 -0.021761139 0.999722834 86.716081565
0.999976194 -0.002621825 0.006274961 4.691555929 0.002485093 0.999761911 0.021691652 1.116467202 -0.006329941 -0.021675548 0.999746059 86.897855914
0.999985878 -0.002326434 0.004780646 4.689817912 0.002222379 0.999764004 0.021642914 1.118681280 -0.004830433 -0.021631966 0.999755118 87.069600288
0.999988486 -0.002275920 0.004146645 4.692265441 0.002186363 0.999767198 0.021471816 1.119391496 -0.004193979 -0.021462467 0.999760769 87.149316118
0.999993131 -0.002270386 0.002847149 4.699061322 0.002209540 0.999772682 0.021203808 1.120842229 -0.002894256 -0.021197345 0.999771379 87.305226363
0.999997131 -0.001842662 0.001439181 4.699928909 0.001811168 0.999766252 0.021568889 1.123377236 -0.001478454 -0.021566199 0.999766460 87.451093308
0.999997908 -0.001560646 0.000723849 4.696903325 0.001544679 0.999767661 0.021522160 1.124269605 -0.000756429 -0.021521016 0.999768266 87.519897856
0.999999042 -0.000602873 -0.000728529 4.695587268 0.000618158 0.999776288 0.021174807 1.125360354 0.000715601 -0.021175217 0.999775727 87.648713887
0.999997269 -0.000142250 -0.002372158 4.694282435 0.000192231 0.999776906 0.021119288 1.126960933 0.002368779 -0.021119665 0.999774894 87.777522983
0.999994750 -0.000232270 -0.003043231 4.698384277 0.000297114 0.999773326 0.021307232 1.127936941 0.003037518 -0.021307993 0.999768453 87.833122635
0.999989393 -0.000564639 -0.004433897 4.700634359 0.000660547 0.999765887 0.021654726 1.129823616 0.004419777 -0.021657399 0.999756266 87.934294274
0.999984471 -0.000574162 -0.005574607 4.696919398 0.000694779 0.999764892 0.021668917 1.131125123 0.005560640 -0.021672419 0.999749860 88.025445320
0.999981842 -0.000378001 -0.005997524 4.694583190 0.000507283 0.999768003 0.021564864 1.131608355 0.005987889 -0.021567494 0.999749449 88.071903372
0.999975943 0.000120549 -0.006860691 4.693494949 0.000026933 0.999769180 0.021483389 1.132902184 0.006861770 -0.021483025 0.999746283 88.179244830
0.999973079 0.000437579 -0.007277875 4.696217157 -0.000279135 0.999763518 0.021756566 1.134656481 0.007286230 -0.021753925 0.999737082 88.279538019
0.999972058 0.000448112 -0.007390948 4.694361656 -0.000286875 0.999762665 0.021802334 1.135397205 0.007399520 -0.021799579 0.999735168 88.325112318
0.999969055 0.000043113 -0.007811423 4.703973132 0.000126812 0.999764280 0.021747689 1.136562217 0.007810116 -0.021747981 0.999733680 88.433681574
0.999966341 -0.000357719 -0.008204807 4.703585491 0.000537140 0.999761210 0.021883363 1.137956738 0.008194816 -0.021887017 0.999727179 88.518669600
0.999963275 -0.000472768 -0.008460118 4.697675012 0.000657991 0.999760338 0.021911884 1.138562454 0.008448055 -0.021916652 0.999725138 88.550696181
0.999960076 -0.000394727 -0.008885454 4.702718243 0.000589248 0.999760817 0.021897895 1.139143750 0.008875380 -0.021902261 0.999721129 88.604540700
0.999959495 -0.000345551 -0.008986215 4.705133213 0.000542517 0.999759253 0.021933659 1.139662748 0.008976263 -0.021937625 0.999719291 88.642195759
0.999959680 -0.000279713 -0.008990708 4.706816123 0.000477277 0.999759282 0.021972645 1.139939818 0.008982571 -0.021976022 0.999718147 88.660142799
0.999957985 -0.000315623 -0.009086297 4.707547742 0.000515115 0.999759236 0.021960284 1.140161752 0.009077290 -0.021964022 0.999718052 88.679851090
0.999956803 -0.000126283 -0.009247049 4.700418996 0.000326828 0.999764729 0.021692909 1.140018134 0.009242822 -0.021694985 0.999722267 88.693056803
0.999955967 0.000019629 -0.009328590 4.705891889 0.000181539 0.999767237 0.021567834 1.139825983 0.009326759 -0.021568561 0.999724663 88.703968219
0.999955648 0.000269850 -0.009374038 4.708983032 -0.000070951 0.999775570 0.021214454 1.139336044 0.009377340 -0.021212841 0.999731883 88.719284939
0.999955245 0.000324381 -0.009420366 4.704713222 -0.000124211 0.999774995 0.021242538 1.139587760 0.009425073 -0.021240411 0.999730049 88.727203772
0.999955588 0.000261782 -0.009426200 4.702350397 -0.000059124 0.999768812 0.021503652 1.140149683 0.009430419 -0.021502151 0.999724797 88.731597382
0.999954983 0.000203742 -0.009401311 4.708302457 -0.000001555 0.999769192 0.021495612 1.140145048 0.009403624 -0.021494618 0.999724787 88.741625998
0.999955617 0.000181263 -0.009402880 4.708727928 0.000008851 0.999796058 0.020218448 1.137893378 0.009404838 -0.020217606 0.999751928 88.740776372
0.999955170 0.000184322 -0.009409542 4.709644669 -0.000001950 0.999812472 0.019374459 1.136379040 0.009411690 -0.019373560 0.999768698 88.739036467
0.999954578 0.000207051 -0.009462530 4.711968322 -0.000035830 0.999836394 0.018093984 1.134037712 0.009464510 -0.018092799 0.999792058 88.734667058
0.999954534 0.000211295 -0.009474899 4.704590204 -0.000040359 0.999838036 0.018039894 1.133999628 0.009477103 -0.018038708 0.999792448 88.727279775
0.999955156 0.000243469 -0.009461847 4.705071131 -0.000071154 0.999835087 0.018205013 1.134267116 0.009464585 -0.018203486 0.999789599 88.726395886
0.999954098 0.000188238 -0.009491455 4.706016261 -0.000016422 0.999836721 0.018100210 1.134042347 0.009493304 -0.018099202 0.999791075 88.724638442
0.999953993 0.000240818 -0.009527851 4.706476503 -0.000071940 0.999843603 0.017730250 1.133370150 0.009529891 -0.017728750 0.999797917 88.723767334
0.999954212 0.000261383 -0.009503918 4.706947527 -0.000093752 0.999844396 0.017638814 1.133187788 0.009507836 -0.017637118 0.999799516 88.722889563
0.999955431 0.000329294 -0.009431615 4.707428014 -0.000161474 0.999841805 0.017793587 1.133435283 0.009436350 -0.017791247 0.999798200 88.722005947
0.999954136 0.000334234 -0.009485149 4.707426694 -0.000165729 0.999842168 0.017758984 1.133375304 0.009489173 -0.017756590 0.999797485 88.722006762
0.999954204 0.000341583 -0.009519622 4.707897278 -0.000173450 0.999844383 0.017657878 1.133172949 0.009524636 -0.017655382 0.999799653 88.721129264
