1.000000000 -0.000000000 0.000000000 0.000000000 -0.000000000 1.000000000 -0.000000000 -0.000000000 -0.000000000 0.000000000 1.000000000 0.000000000
0.999999954 0.000126394 0.000022956 0.003016167 -0.000126402 1.000000404 -0.000133267 -0.000360359 -0.000022835 0.000133274 1.000000144 0.315764039
0.999999799 0.000546917 -0.000564088 0.015366712 -0.000547206 1.000000122 -0.000479155 -0.001316557 0.000564287 0.000479440 1.000000629 0.939288967
0.999998027 0.000083662 -0.002293378 0.022305083 -0.000083759 0.999999963 -0.000023517 -0.000828478 0.002293344 0.000023699 0.999998152 1.571271253
0.999995215 0.000585811 -0.003163801 0.023542431 -0.000585819 0.999999786 0.000006822 -0.000906638 0.003163523 -0.000004992 0.999995713 1.886127674
0.999989516 0.000874189 -0.004594765 0.028937146 -0.000874393 0.999999217 -0.000047501 -0.001279446 0.004595440 0.000051516 0.999989984 2.483661893
0.999971243 0.000442838 -0.007542877 0.033218991 -0.000433905 0.999998897 0.001193948 0.000581861 0.007543957 -0.001190677 0.999971452 3.114283032
0.999961610 0.000259017 -0.008798589 0.032775534 -0.000240842 0.999997421 0.002073836 0.001998084 0.008799288 -0.002071657 0.999959613 3.417052155
0.999927340 0.000379650 -0.012042413 0.031877780 -0.000339485 0.999994306 0.003334607 0.003950597 0.012043639 -0.003330275 0.999922786 4.022590142
0.999857478 0.001297079 -0.016868000 0.018866013 -0.001208216 0.999985573 0.005275686 0.007111508 0.016874775 -0.005254570 0.999843927 4.936177167
0.999785919 0.001477090 -0.020662367 0.010831923 -0.001350166 0.999980612 0.006152671 0.008482948 0.020671612 -0.006123468 0.999768046 5.538084176
0.999705372 0.002273835 -0.024168036 0.006411729 -0.002141869 0.999982595 0.005486922 0.007112431 0.024179341 -0.005433557 0.999693550 6.130625742
0.999647214 0.002325051 -0.026458992 -0.001258195 -0.002176032 0.999982014 0.005661751 0.007375348 0.026471831 -0.005602204 0.999634516 6.440943756
0.999545381 0.002245066 -0.030072098 -0.013081759 -0.002015833 0.999968583 0.007649749 0.010724252 0.030088719 -0.007585652 0.999518616 7.074576057
0.999400808 0.002980028 -0.034495062 -0.032761895 -0.002654549 0.999952059 0.009477644 0.013877716 0.034521315 -0.009380403 0.999360438 7.681763568
0.999324680 0.003232318 -0.036616380 -0.046578761 -0.002868794 0.999946094 0.009976814 0.014790633 0.036646371 -0.009865057 0.999280370 7.977724781
0.999184230 0.003351536 -0.040262923 -0.064352412 -0.002957017 0.999947585 0.009853811 0.014536687 0.040293333 -0.009726702 0.999140983 8.563458914
0.998995237 0.002817928 -0.044722589 -0.085529305 -0.002396041 0.999952052 0.009484438 0.013891763 0.044747757 -0.009367771 0.998954804 9.125017455
0.998895037 0.002519000 -0.046939934 -0.097409634 -0.002078206 0.999953723 0.009437246 0.013837084 0.046961741 -0.009329286 0.998853786 9.399526009
0.998686150 0.001865642 -0.051214231 -0.120182745 -0.001356538 0.999948936 0.009974588 0.014808810 0.051230003 -0.009892041 0.998638758 9.937817251
0.998545170 0.003237757 -0.053824800 -0.147444041 -0.002759332 0.999955713 0.008960473 0.013146288 0.053852099 -0.008798926 0.998510469 10.473838461
0.998441004 0.003421486 -0.055723724 -0.161032766 -0.002953684 0.999960303 0.008475986 0.012346163 0.055750654 -0.008298213 0.998410387 10.736259057
0.998223480 0.002439771 -0.059545130 -0.189010109 -0.001974445 0.999967231 0.007872742 0.011409247 0.059561840 -0.007741209 0.998194916 11.249466556
0.998026874 0.001632085 -0.062773130 -0.215205061 -0.001177713 0.999973016 0.007274404 0.010480111 0.062783253 -0.007186131 0.998002194 11.763581759
0.997908384 0.001019478 -0.064642399 -0.230567924 -0.000558257 0.999974537 0.007152874 0.010342156 0.064648326 -0.007101838 0.997883622 12.025094848
0.997725407 0.001097077 -0.067401452 -0.265739216 -0.000603721 0.999972634 0.007339816 0.010891735 0.067408131 -0.007282433 0.997699466 12.545852017
0.997568605 0.002441035 -0.069651058 -0.294670848 -0.001912556 0.999969145 0.007653725 0.011573532 0.069666980 -0.007501933 0.997542825 13.069786180
0.997479833 0.003228452 -0.070880283 -0.314574459 -0.002710107 0.999969356 0.007408582 0.011278864 0.070901396 -0.007197851 0.997458056 13.340210007
0.997361805 0.003604415 -0.072500203 -0.344224601 -0.003032828 0.999963889 0.007993255 0.012486283 0.072526568 -0.007752328 0.997336562 13.841330400
0.997296520 0.008741314 -0.072968258 -0.375443371 -0.007976196 0.999910323 0.010770889 0.017550182 0.073055934 -0.010159755 0.997276850 14.319184155
0.997257777 0.012034409 -0.073025191 -0.391483110 -0.011124961 0.999855300 0.012848257 0.021317593 0.073169495 -0.012000644 0.997247780 14.557884472
0.997172595 0.015307202 -0.073579029 -0.427244107 -0.014210582 0.999780666 0.015404795 0.026104789 0.073798822 -0.014315654 0.997170391 15.044648929
0.997302332 0.008714562 -0.072887142 -0.442312819 -0.007875108 0.999899956 0.011796670 0.019816390 0.072983100 -0.011190915 0.997270506 15.497128537
0.997402278 0.003974476 -0.071926301 -0.444943616 -0.003395615 0.999961375 0.008168597 0.013482463 0.071955687 -0.007903164 0.997377537 15.720273561
0.997586038 0.000173355 -0.069446038 -0.459964570 0.000022941 0.999995697 0.002826871 0.004326557 0.069446573 -0.002821675 0.997581828 16.161572285
0.997862377 0.001750815 -0.065327863 -0.477468778 -0.001592771 0.999996132 0.002471197 0.003865598 0.065332476 -0.002361891 0.997861027 16.590331986
0.998039226 0.005755220 -0.062330424 -0.488868803 -0.005671076 0.999982456 0.001527189 0.002334687 0.062338334 -0.001170733 0.998054404 16.797759882
0.998391558 0.015278948 -0.054592427 -0.504478105 -0.015378169 0.999881138 -0.001397748 -0.002473611 0.054565292 0.002235014 0.998508021 17.205065927
0.998692857 0.018831070 -0.047526955 -0.508470276 -0.018982390 0.999815968 -0.002733862 -0.004666542 0.047467082 0.003632445 0.998866623 17.618272805
0.998816425 0.016933535 -0.045607227 -0.506380525 -0.017030024 0.999853677 -0.001727439 -0.002992076 0.045571265 0.002502067 0.998958469 17.821329371
0.999057000 0.008864983 -0.042500938 -0.503136590 -0.008783699 0.999959314 0.002099401 0.003495452 0.042517941 -0.001724128 0.999094593 18.238169617
0.999313517 0.002926558 -0.036941720 -0.489888032 -0.002791741 0.999989013 0.003700515 0.006147885 0.036952207 -0.003594855 0.999311557 18.626460978
0.999424786 0.002317182 -0.033854467 -0.485955199 -0.002195174 0.999991511 0.003642622 0.006012543 0.033861928 -0.003566239 0.999420810 18.819244675
0.999576960 0.003866126 -0.028822250 -0.484327098 -0.003765995 0.999986388 0.003528174 0.005779629 0.028835917 -0.003418153 0.999579394 19.201635124
0.999660590 0.007258575 -0.025048053 -0.486166996 -0.007159564 0.999966731 0.004041006 0.006643349 0.025076465 -0.003860315 0.999678216 19.571030456
0.999697687 0.008679256 -0.022993795 -0.485702655 -0.008576205 0.999952384 0.004577400 0.007564644 0.023032181 -0.004378839 0.999725797 19.750819025
0.999788701 0.009035741 -0.018456064 -0.477722223 -0.008927148 0.999942410 0.005958977 0.009866042 0.018508646 -0.005792976 0.999812136 20.125207140
0.999842713 0.007890962 -0.015917993 -0.473310884 -0.007778238 0.999944869 0.007132204 0.011801908 0.015973956 -0.007007293 0.999848684 20.497779744
0.999853735 0.007152330 -0.015550384 -0.470090771 -0.007033648 0.999946131 0.007674227 0.012662153 0.015604781 -0.007563753 0.999849738 20.667749810
0.999863326 0.007217426 -0.014875910 -0.471846451 -0.007095133 0.999940503 0.008258872 0.013618142 0.014934447 -0.008152217 0.999855318 21.025965132
0.999882501 0.007412795 -0.013455801 -0.466402271 -0.007301376 0.999939114 0.008312288 0.013567600 0.013516841 -0.008213077 0.999875725 21.376630927
0.999882787 0.007626571 -0.013301619 -0.465056033 -0.007514612 0.999936520 0.008447629 0.013737842 0.013365637 -0.008346703 0.999876004 21.556873124
0.999872491 0.007597750 -0.014023462 -0.464067890 -0.007479295 0.999935884 0.008480816 0.013662854 0.014087391 -0.008374878 0.999866173 21.905269658
0.999852424 0.006539734 -0.015918783 -0.469325566 -0.006411152 0.999946809 0.008116361 0.012955687 0.015970729 -0.008013117 0.999841276 22.250489049
0.999826323 0.006130401 -0.017603545 -0.472441155 -0.005991025 0.999950804 0.007959818 0.012631518 0.017651743 -0.007852989 0.999813514 22.428461847
0.999766056 0.006749401 -0.020561833 -0.479395033 -0.006591542 0.999948105 0.007736615 0.012168829 0.020613152 -0.007599301 0.999759277 22.761593571
0.999697320 0.006652878 -0.023687347 -0.487238565 -0.006474939 0.999950243 0.007581751 0.011827240 0.023736540 -0.007426101 0.999691288 23.094271481
0.999652596 0.006828989 -0.025452864 -0.494728315 -0.006644561 0.999950993 0.007324220 0.011380909 0.025501375 -0.007152569 0.999649936 23.258794951
0.999559497 0.007211455 -0.028807387 -0.504365817 -0.007023723 0.999954063 0.006613000 0.010091613 0.028854355 -0.006407773 0.999564032 23.590564880
0.999430271 0.007206473 -0.032987702 -0.518619416 -0.007007112 0.999956980 0.006155642 0.009273282 0.033030490 -0.005920999 0.999437604 23.942425768
0.999359059 0.007057459 -0.035113361 -0.526195970 -0.006860490 0.999959687 0.005727692 0.008524697 0.035152526 -0.005483136 0.999367601 24.118129186
0.999175018 0.006350292 -0.040116185 -0.539563363 -0.006152454 0.999968197 0.005053676 0.007305286 0.040147266 -0.004802713 0.999182689 24.470443806
0.998904598 0.004744733 -0.046555927 -0.558278050 -0.004547798 0.999980772 0.004335333 0.006052540 0.046576248 -0.004118873 0.998907033 24.820035312
0.998745524 0.005167057 -0.049810980 -0.573078238 -0.005006703 0.999982267 0.003343676 0.004380632 0.049827648 -0.003090108 0.998753385 25.003287688
0.998425565 0.006143231 -0.055758713 -0.599049569 -0.006124798 0.999981378 0.000501736 -0.000475234 0.055760628 -0.000159452 0.998444729 25.360427361
0.998036176 0.006517244 -0.062310727 -0.627735408 -0.006554556 0.999978488 -0.000393924 -0.001920304 0.062307273 0.000801550 0.998056843 25.727386526
0.997805220 0.007103160 -0.065838547 -0.643399509 -0.007126376 0.999974334 -0.000117427 -0.001381269 0.065835843 0.000586339 0.997830764 25.910185704
0.997360316 0.007571447 -0.072221399 -0.674746555 -0.007624387 0.999970442 -0.000456997 -0.001833082 0.072216589 0.001006411 0.997388793 26.275783609
0.996929431 0.007570506 -0.077937182 -0.704234630 -0.007679579 0.999970250 -0.001099696 -0.002804801 0.077926242 0.001694828 0.996958427 26.631109025
0.996682491 0.007397370 -0.081051805 -0.723551671 -0.007510974 0.999971381 -0.001096659 -0.002693568 0.081041607 0.001701788 0.996709872 26.823272711
0.996209528 0.005412036 -0.086816579 -0.757825265 -0.005576112 0.999982710 -0.001647232 -0.003458855 0.086805466 0.002125076 0.996223705 27.221049083
0.995698116 0.005223745 -0.092509954 -0.793840479 -0.005274353 0.999986424 -0.000302422 -0.000922171 0.092507885 0.000789034 0.995712068 27.617918727
0.995464350 0.005003315 -0.095008322 -0.812325970 -0.004950467 0.999987466 0.000792176 0.001095532 0.095010680 -0.000318264 0.995476813 27.821716864
0.995024378 0.005148571 -0.099500680 -0.851926289 -0.005060483 0.999986769 0.001137875 0.001966783 0.099505141 -0.000628705 0.995037407 28.216770614
0.994541139 0.006250386 -0.104161380 -0.892346210 -0.006186281 0.999980097 0.000938729 0.001901492 0.104165441 -0.000289255 0.994560413 28.600190199
0.994347791 0.006647749 -0.105966534 -0.916195747 -0.006559091 0.999978259 0.001185288 0.002525963 0.105972511 -0.000483559 0.994369048 28.801264820
0.994131975 0.006828027 -0.107956256 -0.952876786 -0.006720743 0.999977080 0.001357660 0.003120732 0.107963266 -0.000624165 0.994154829 29.164139929
0.994080373 0.006336391 -0.108464957 -0.987949289 -0.006246801 0.999980094 0.001165877 0.003098775 0.108470581 -0.000481437 0.994100025 29.550282632
0.994072943 0.006242007 -0.108538547 -1.005476180 -0.006114832 0.999980360 0.001504651 0.003847739 0.108545686 -0.000832062 0.994091944 29.743354208
0.994249521 0.007232079 -0.106843742 -1.036873449 -0.006993776 0.999972463 0.002605066 0.006063447 0.106859883 -0.001842868 0.994272924 30.120132938
0.994815430 0.006801542 -0.101475708 -1.060270592 -0.006554929 0.999974837 0.002763733 0.006639287 0.101491651 -0.002084252 0.994834327 30.500995840
0.995164324 0.005793903 -0.098059149 -1.067032101 -0.005565462 0.999981237 0.002603197 0.006457273 0.098072271 -0.002044883 0.995178117 30.688333314
0.995761113 0.004081874 -0.091887865 -1.081367085 -0.003906664 0.999990229 0.002086791 0.005776655 0.091895485 -0.001718992 0.995767715 31.051374279
0.996310847 0.004072611 -0.085728388 -1.097456377 -0.003840373 0.999988584 0.002873941 0.007368086 0.085739044 -0.002534122 0.996315451 31.413508214
0.996634481 0.004764230 -0.081842755 -1.105081306 -0.004451842 0.999982385 0.003999192 0.009437012 0.081860744 -0.003621402 0.996637946 31.600392501
0.997308204 0.005966083 -0.073087075 -1.114988181 -0.005536263 0.999966183 0.006082377 0.013258226 0.073121365 -0.005661390 0.997307213 31.976884086
0.997826961 0.006417072 -0.065578974 -1.120379681 -0.005963202 0.999956936 0.007114675 0.015176307 0.065621126 -0.006708172 0.997822091 32.344464326
0.998093846 0.006514397 -0.061372555 -1.120896234 -0.006077257 0.999954800 0.007307069 0.015556478 0.061416924 -0.006920185 0.998089088 32.534978921
0.998535984 0.005546461 -0.053809272 -1.120955590 -0.005140179 0.999956863 0.007686292 0.016277988 0.053849310 -0.007398466 0.998521506 32.905281913
0.998866105 0.005339571 -0.047315106 -1.123432860 -0.004949855 0.999952620 0.008349567 0.017509619 0.047358078 -0.008105897 0.998845409 33.240683392
0.999038046 0.005105388 -0.043562942 -1.119240721 -0.004728549 0.999950631 0.008749422 0.018191043 0.043606279 -0.008535035 0.999013365 33.399927218
0.999315343 0.004998418 -0.036670135 -1.115326030 -0.004675556 0.999950000 0.008885951 0.018429527 0.036713018 -0.008708433 0.999288693 33.716145285
0.999531879 0.006293660 -0.029961768 -1.107678985 -0.006022850 0.999940112 0.009121285 0.018798113 0.030017141 -0.008936578 0.999509897 34.011818719
0.999629049 0.006854728 -0.026361538 -1.107064068 -0.006621841 0.999938142 0.008912184 0.018454056 0.026420701 -0.008734327 0.999613093 34.169246840
0.999791796 0.007391213 -0.019040549 -1.093998689 -0.007227872 0.999936463 0.008634199 0.017878326 0.019103826 -0.008494803 0.999782396 34.456463063
0.999902202 0.007900462 -0.011531753 -1.082797579 -0.007803931 0.999934134 0.008393639 0.017392535 0.011597390 -0.008302847 0.999898989 34.753951648
0.999941902 0.007806949 -0.007495961 -1.074062598 -0.007739345 0.999929476 0.009007686 0.018400658 0.007565955 -0.008949168 0.999931799 34.904284787
0.999971829 0.007514729 -0.000464543 -1.061108011 -0.007509026 0.999907767 0.011301501 0.022320036 0.000550139 -0.011297757 0.999937130 35.213862411
0.999945018 0.008005818 0.006772784 -1.042668733 -0.008088798 0.999892032 0.012313645 0.023937477 -0.006673775 -0.012367744 0.999901244 35.503802386
0.999919356 0.008131700 0.009784314 -1.035652495 -0.008249155 0.999893403 0.012020936 0.023360217 -0.009685620 -0.012100686 0.999880191 35.642047319
0.999859396 0.007526805 0.014998746 -1.014323744 -0.007700213 0.999903721 0.011536089 0.022281360 -0.014910898 -0.011649958 0.999821807 35.899807939
0.999810645 0.007645682 0.017914826 -1.004644241 -0.007858946 0.999898361 0.011863211 0.022724547 -0.017822288 -0.012001816 0.999769759 36.162848985
0.999785828 0.007768329 0.019203202 -0.994864225 -0.007998601 0.999896877 0.011942855 0.022736187 -0.019107829 -0.012093887 0.999745363 36.291275607
0.999749265 0.008310934 0.020807951 -0.987787207 -0.008555791 0.999895131 0.011705480 0.022195055 -0.020708836 -0.011880547 0.999715652 36.541774773
0.999709429 0.008676506 0.022484247 -0.977080283 -0.008918212 0.999903330 0.010671461 0.020211867 -0.022388988 -0.010868877 0.999691230 36.782908880
0.999703585 0.008710426 0.022746665 -0.971607699 -0.008937512 0.999910686 0.009899870 0.018773720 -0.022657818 -0.010100231 0.999692577 36.886705746
0.999682756 0.009494028 0.023348554 -0.966177030 -0.009689143 0.999919557 0.008256941 0.015779547 -0.023267695 -0.008480561 0.999693586 37.113936412
0.999666028 0.010051252 0.023840615 -0.957005631 -0.010223179 0.999922357 0.007099583 0.013595422 -0.023767927 -0.007340951 0.999690747 37.320622646
0.999656823 0.010097725 0.024173460 -0.951522701 -0.010265170 0.999924701 0.006812323 0.012997212 -0.024103424 -0.007058151 0.999684666 37.424419760
0.999666317 0.010447883 0.023650808 -0.946628927 -0.010596936 0.999925204 0.006184958 0.011783117 -0.023583744 -0.006433532 0.999701673 37.606476952
0.999663034 0.010498885 0.023755719 -0.940114794 -0.010638796 0.999926454 0.005769655 0.010912224 -0.023692900 -0.006020461 0.999701474 37.811802021
0.999664888 0.010515754 0.023662505 -0.937302062 -0.010651367 0.999927200 0.005611230 0.010577325 -0.023602102 -0.005861405 0.999704326 37.914237660
0.999673108 0.010661460 0.023245905 -0.927139176 -0.010786861 0.999928305 0.005275482 0.009794260 -0.023187490 -0.005524535 0.999716367 38.110198121
0.999705463 0.010380254 0.021937145 -0.922401275 -0.010495452 0.999931724 0.005142073 0.009415550 -0.021882184 -0.005370816 0.999746414 38.314615634
0.999725826 0.010406854 0.020967958 -0.919509006 -0.010510340 0.999933302 0.004830891 0.008792949 -0.020915580 -0.005049965 0.999768662 38.405871151
0.999754455 0.011101755 0.019180638 -0.919326387 -0.011178638 0.999930468 0.003905593 0.007077616 -0.019135095 -0.004119069 0.999808855 38.619199053
0.999786959 0.011781938 0.016987931 -0.914522866 -0.011834036 0.999925809 0.002968088 0.005281290 -0.016952076 -0.003168510 0.999851398 38.812436110
0.999803070 0.011890688 0.015891473 -0.915359010 -0.011935761 0.999925400 0.002743350 0.004848564 -0.015858062 -0.002932510 0.999870035 38.924236354
0.999840872 0.012572449 0.012694692 -0.911434183 -0.012603805 0.999917889 0.002391435 0.004063272 -0.012663380 -0.002551080 0.999917308 39.117019859
0.999878067 0.012283768 0.009632017 -0.910334810 -0.012310109 0.999920518 0.002678681 0.004426671 -0.009598203 -0.002796942 0.999950502 39.330802225
0.999895185 0.012072068 0.007974277 -0.911158760 -0.012096606 0.999922224 0.003033923 0.004983870 -0.007936587 -0.003130080 0.999963743 39.442602761
0.999916983 0.011920367 0.005051532 -0.912895189 -0.011938088 0.999923216 0.003488552 0.005656026 -0.005009744 -0.003548594 0.999981912 39.677383740
0.999923901 0.012205980 0.001866347 -0.912855633 -0.012212760 0.999918736 0.003656534 0.005816000 -0.001821920 -0.003679066 0.999992704 39.913072270
0.999920110 0.012663696 -0.000002296 -0.913771068 -0.012663632 0.999913081 0.003621777 0.005690974 0.000047365 -0.003621474 0.999994012 40.036052642
0.999899458 0.013790971 -0.003331847 -0.919069815 -0.013777128 0.999896337 0.004149780 0.006547558 0.003387765 -0.004103479 0.999986363 40.269018272
0.999878353 0.014104329 -0.006695095 -0.922582476 -0.014071847 0.999889677 0.004875477 0.007711897 0.006762317 -0.004780690 0.999965981 40.502891695
0.999860175 0.014625065 -0.008165555 -0.922521204 -0.014584967 0.999881277 0.004952118 0.007788022 0.008237476 -0.004832354 0.999955065 40.615145940
0.999822754 0.014913499 -0.011545299 -0.928000088 -0.014858474 0.999877675 0.004839668 0.007510139 0.011615936 -0.004667290 0.999922315 40.870471310
0.999796219 0.014523560 -0.014044427 -0.933294770 -0.014446736 0.999880681 0.005557166 0.008696697 0.014123867 -0.005353162 0.999886441 41.103437037
0.999764229 0.014895456 -0.015827014 -0.933225123 -0.014801687 0.999872229 0.006026647 0.009452771 0.015914251 -0.005790971 0.999856738 41.215691483
0.999688159 0.015548973 -0.019537702 -0.943153270 -0.015430765 0.999862206 0.006186874 0.009700400 0.019630902 -0.005883478 0.999790725 41.468747754
0.999600050 0.016157691 -0.023209667 -0.953153318 -0.016002291 0.999848887 0.006866028 0.010855685 0.023317510 -0.006491889 0.999707663 41.732984330
0.999557320 0.016413505 -0.024823799 -0.955846463 -0.016243730 0.999843773 0.007026044 0.011102852 0.024935655 -0.006619723 0.999667969 41.855057110
0.999463745 0.016508009 -0.028269701 -0.964970035 -0.016315530 0.999842592 0.007026155 0.011067117 0.028380823 -0.006561172 0.999576163 42.119747185
0.999363481 0.016491305 -0.031657975 -0.974009265 -0.016274742 0.999842799 0.007087043 0.011133650 0.031769166 -0.006567324 0.999474065 42.373257253
0.999317060 0.016716931 -0.032968070 -0.978488496 -0.016492913 0.999839002 0.007056010 0.011073061 0.033080043 -0.006507472 0.999432119 42.494422241
0.999221270 0.017201083 -0.035507770 -0.987529328 -0.016961880 0.999832012 0.007027146 0.011009604 0.035623058 -0.006419418 0.999345255 42.747932271
0.999099205 0.017437660 -0.038695060 -0.996569051 -0.017177144 0.999828088 0.007055251 0.011036139 0.038812172 -0.006384243 0.999226756 43.001442328
0.999043262 0.017477949 -0.040099936 -1.001044586 -0.017202672 0.999826627 0.007200063 0.011275528 0.040219171 -0.006503367 0.999170277 43.122607404
0.998902746 0.017834741 -0.043307454 -1.015504614 -0.017519664 0.999817342 0.007644435 0.012086391 0.043435407 -0.006877343 0.999033375 43.384574624
0.998787167 0.018985599 -0.045430307 -1.029015155 -0.018689934 0.999801926 0.006924374 0.010888571 0.045552821 -0.006066910 0.998944103 43.635815065
0.998723619 0.019616936 -0.046535694 -1.033503131 -0.019336035 0.999792002 0.006478950 0.010118036 0.046653288 -0.005570878 0.998895545 43.756979844
0.998607067 0.020690855 -0.048533356 -1.048138369 -0.020400142 0.999770746 0.006478143 0.010194403 0.048656225 -0.005479062 0.998800641 44.041306922
0.998588961 0.019970220 -0.049217166 -1.056373886 -0.019682814 0.999786582 0.006317723 0.009907576 0.049332890 -0.005340096 0.998768691 44.306450774
0.998597982 0.019208366 -0.049335984 -1.058178361 -0.018917161 0.999800991 0.006363032 0.009953649 0.049448497 -0.005420828 0.998762898 44.428977345
0.998581422 0.018208211 -0.050043524 -1.067385658 -0.017914737 0.999819306 0.006307193 0.009865641 0.050148934 -0.005401743 0.998727215 44.704847442
0.998612819 0.017391229 -0.049711265 -1.071967865 -0.017092873 0.999833418 0.006421265 0.010036614 0.049814362 -0.005562666 0.998743125 44.960626795
0.998625258 0.017421641 -0.049436956 -1.078308408 -0.017118478 0.999832082 0.006549442 0.010305946 0.049542536 -0.005694171 0.998756371 45.092064216
0.998670245 0.017925452 -0.048344255 -1.082818838 -0.017650189 0.999825746 0.006115083 0.009559264 0.048445269 -0.005253692 0.998812706 45.336663261
0.998736479 0.017231188 -0.047217070 -1.087396118 -0.016945549 0.999835411 0.006443779 0.010130207 0.047321131 -0.005635532 0.998864086 45.592442732
0.998773410 0.016578434 -0.046658153 -1.092842078 -0.016281539 0.999844550 0.006736360 0.010678406 0.046762508 -0.005968453 0.998888873 45.724334086
0.998818150 0.016298724 -0.045798265 -1.102044449 -0.015999685 0.999848048 0.006889158 0.010990369 0.045903777 -0.006148275 0.998927496 46.000204301
0.998904996 0.016702860 -0.043703771 -1.104931440 -0.016421079 0.999842048 0.006798855 0.010836870 0.043810423 -0.006073764 0.999021760 46.268071297
0.998934323 0.016815533 -0.042995762 -1.108683538 -0.016535831 0.999839678 0.006853100 0.010950606 0.043104448 -0.006134841 0.999052079 46.412050262
0.998976355 0.017574548 -0.041674800 -1.114318294 -0.017290929 0.999825414 0.007156167 0.011508108 0.041793787 -0.006428262 0.999105788 46.689735953
0.999076670 0.015969316 -0.039888809 -1.113652575 -0.015720032 0.999855040 0.006555830 0.010390241 0.039987164 -0.005922737 0.999182896 46.959418067
0.999113745 0.015555975 -0.039123980 -1.115543362 -0.015315841 0.999862103 0.006430581 0.010174057 0.039219187 -0.005825673 0.999214048 47.093124599
0.999202121 0.014586213 -0.037184867 -1.119323704 -0.014363823 0.999877012 0.006241420 0.009841682 0.037271026 -0.005702343 0.999289247 47.360537691
0.999296650 0.013588778 -0.034970937 -1.118497801 -0.013409796 0.999896055 0.005348007 0.008238403 0.035039817 -0.004875304 0.999373949 47.607859588
0.999326707 0.013798062 -0.033993356 -1.118607429 -0.013629794 0.999893429 0.005177383 0.007930006 0.034061018 -0.004710594 0.999409357 47.742473794
0.999446944 0.014030974 -0.030170393 -1.118976276 -0.013868297 0.999888696 0.005595181 0.008658557 0.030245235 -0.005173690 0.999529095 48.034062677
0.999567320 0.012430321 -0.026684537 -1.114753659 -0.012310939 0.999913157 0.004634501 0.006916295 0.026739746 -0.004303994 0.999633524 48.305560011
0.999616304 0.011514685 -0.025191188 -1.110422030 -0.011421997 0.999927208 0.003821063 0.005432435 0.025233139 -0.003531891 0.999676213 48.442443124
0.999703459 0.009814406 -0.022279079 -1.107161339 -0.009740412 0.999947057 0.003427743 0.004688932 0.022311506 -0.003209742 0.999746529 48.724666939
0.999788887 0.009186550 -0.018386896 -1.099498651 -0.009106619 0.999949100 0.004427246 0.006327421 0.018426768 -0.004258888 0.999821730 49.020340747
0.999820265 0.009406761 -0.016499281 -1.097897789 -0.009328957 0.999945498 0.004787144 0.006934458 0.016544134 -0.004632385 0.999852830 49.167042962
0.999863106 0.009746222 -0.013403530 -1.095507785 -0.009675350 0.999939488 0.005343243 0.007851939 0.013454944 -0.005212844 0.999896529 49.448813416
0.999885879 0.011144131 -0.010271008 -1.091438946 -0.011093655 0.999926160 0.004960288 0.007115050 0.010326030 -0.004845801 0.999935390 49.742671121
0.999902989 0.011242312 -0.008208973 -1.089853727 -0.011204934 0.999926847 0.004587145 0.006452183 0.008260397 -0.004494741 0.999956457 49.889372961
0.999940062 0.010218407 -0.003926981 -1.074914720 -0.010199770 0.999936520 0.004741477 0.006546457 0.003975108 -0.004701161 0.999981612 50.166317046
0.999953236 0.009614319 -0.000782477 -1.068962645 -0.009610140 0.999940107 0.005201799 0.007259513 0.000832668 -0.005194062 0.999986745 50.449902843
0.999956713 0.009325787 0.001028708 -1.062827193 -0.009331247 0.999941725 0.005401116 0.007523299 -0.000978516 -0.005410495 0.999985491 50.587694173
0.999951935 0.008457122 0.005018843 -1.050452611 -0.008490899 0.999940830 0.006742327 0.009723022 -0.004960929 -0.006784637 0.999964889 50.852097290
0.999933608 0.007626884 0.008642887 -1.037270867 -0.007696555 0.999938450 0.008056609 0.011849363 -0.008580753 -0.008122613 0.999930827 51.128134274
0.999924680 0.007264551 0.009922010 -1.029360292 -0.007343450 0.999941880 0.007937668 0.011530973 -0.009863392 -0.008009953 0.999919739 51.266833134
0.999901189 0.006815577 0.012293892 -1.019054380 -0.006908936 0.999947305 0.007565801 0.010716317 -0.012241380 -0.007650008 0.999896598 51.563867771
0.999870204 0.006577942 0.014703210 -1.006942552 -0.006700478 0.999943452 0.008298982 0.011819294 -0.014647645 -0.008396442 0.999857860 51.861810676
0.999858600 0.006825247 0.015369707 -0.999919908 -0.006953958 0.999941419 0.008335809 0.011761995 -0.015311913 -0.008441532 0.999848063 52.000055762
0.999859851 0.007529746 0.014958117 -0.994871284 -0.007653880 0.999936720 0.008258040 0.011476237 -0.014895232 -0.008371394 0.999854380 52.283187413
0.999863038 0.007926941 0.014551799 -0.988197004 -0.008053282 0.999929942 0.008642344 0.011963647 -0.014481605 -0.008758375 0.999857251 52.589587069
0.999868879 0.007861508 0.014154546 -0.984811658 -0.007991437 0.999925894 0.009144344 0.012748450 -0.014081729 -0.009256281 0.999858425 52.737197038
0.999888379 0.008947491 0.011980579 -0.980535707 -0.009076148 0.999900981 0.010726088 0.015335860 -0.011883688 -0.010833616 0.999870762 53.008695649
0.999928154 0.007930797 0.008984689 -0.976298401 -0.008059480 0.999864567 0.014372970 0.021530721 -0.008869775 -0.014444349 0.999857283 53.291375362
0.999942044 0.007732435 0.007505487 -0.974592752 -0.007850154 0.999844418 0.015773599 0.023899899 -0.007382602 -0.015831558 0.999847467 53.426898060
0.999955877 0.008760805 0.003364338 -0.978325672 -0.008819490 0.999802349 0.017838467 0.027417233 -0.003207393 -0.017867388 0.999835886 53.694312288
0.999958983 0.009103544 -0.000745871 -0.985622019 -0.009086929 0.999759731 0.019932362 0.031029000 0.000926734 -0.019924817 0.999801733 53.959911142
0.999948389 0.009910853 -0.002250162 -0.985475791 -0.009863627 0.999749831 0.020097505 0.031257389 0.002448856 -0.020074273 0.999795503 54.060985394
0.999920632 0.011286492 -0.005659040 -0.991371047 -0.011177844 0.999759516 0.018880798 0.029054418 0.005871004 -0.018816096 0.999806140 54.248776122
0.999893530 0.011996086 -0.008318013 -0.996119067 -0.011845108 0.999768498 0.017970980 0.027407122 0.008532110 -0.017870526 0.999804078 54.403480753
0.999880485 0.012281951 -0.009384647 -0.998492461 -0.012116007 0.999772846 0.017541386 0.026633471 0.009597697 -0.017425553 0.999803217 54.480833084
0.999857188 0.012898546 -0.010921530 -1.003167965 -0.012721592 0.999788826 0.016122506 0.024128516 0.011126915 -0.015981309 0.999811181 54.624357425
0.999842611 0.013370741 -0.011680996 -1.003142660 -0.013200515 0.999807538 0.014533035 0.021284862 0.011873129 -0.014376524 0.999826679 54.736610808
0.999846623 0.013118605 -0.011617572 -1.003570770 -0.012956169 0.999818473 0.013950407 0.020253561 0.011798522 -0.013797767 0.999835529 54.792510689
0.999872074 0.012082090 -0.010497644 -0.996230962 -0.011942405 0.999841050 0.013272555 0.018965458 0.010656255 -0.013145420 0.999856686 54.886035264
0.999903937 0.010921356 -0.008526257 -0.993420694 -0.010810126 0.999857273 0.012984844 0.018430574 0.008667013 -0.012891510 0.999879332 54.988470844
0.999917094 0.010474768 -0.007541339 -0.990193278 -0.010377862 0.999864717 0.012777994 0.018037059 0.007673462 -0.012698719 0.999890637 55.035006280
0.999931413 0.010106587 -0.006015394 -0.985437233 -0.010031540 0.999873141 0.012379263 0.017284523 0.006140100 -0.012318092 0.999905924 55.115989422
0.999938781 0.010168917 -0.004467709 -0.982461116 -0.010114369 0.999876287 0.012073473 0.016724193 0.004590052 -0.012027580 0.999918262 55.196064920
0.999939376 0.010535665 -0.003331710 -0.979146155 -0.010494751 0.999871772 0.012072480 0.016692926 0.003458050 -0.012036827 0.999922234 55.231420426
0.999940045 0.010894349 -0.001080421 -0.976134811 -0.010878930 0.999851749 0.013390954 0.018992379 0.001226318 -0.013378365 0.999910615 55.311496768
0.999947350 0.010319015 -0.000109869 -0.970341582 -0.010315976 0.999820579 0.015909702 0.023350621 0.000273895 -0.015907804 0.999873620 55.381755233
0.999947488 0.010321747 0.000231615 -0.969683149 -0.010324210 0.999807774 0.016682758 0.024692581 -0.000059289 -0.016684269 0.999861110 55.415749591
0.999943226 0.010545902 0.001451710 -0.965560165 -0.010568678 0.999805016 0.016680030 0.024657928 -0.001275379 -0.016694437 0.999860788 55.462738983
0.999940589 0.010694656 0.002329640 -0.965897899 -0.010731498 0.999808111 0.016423796 0.024218858 -0.002153337 -0.016447893 0.999862790 55.507459003
0.999940678 0.010742293 0.002179750 -0.964193691 -0.010777198 0.999802596 0.016670962 0.024624331 -0.002000394 -0.016693496 0.999859043 55.519546861
0.999935848 0.011220985 0.001457821 -0.964378139 -0.011242707 0.999811454 0.015841187 0.023139892 -0.001279596 -0.015856544 0.999874527 55.541906497
0.999928479 0.011891810 0.001363495 -0.965417540 -0.011908335 0.999847303 0.012821406 0.017849127 -0.001210913 -0.012836789 0.999917486 55.552631122
0.999927082 0.011978421 0.001599941 -0.964566437 -0.011995279 0.999867692 0.010970347 0.014598263 -0.001468096 -0.010988775 0.999938992 55.553084014
0.999931961 0.011547250 0.001687373 -0.963724079 -0.011561545 0.999895339 0.008714182 0.010637453 -0.001586040 -0.008733115 0.999961097 55.553536696
0.999936844 0.011205982 0.001290263 -0.964610409 -0.011217083 0.999897607 0.008935691 0.011028534 -0.001190585 -0.008949623 0.999959532 55.553082960
0.999935030 0.011301409 0.001386027 -0.965505115 -0.011313140 0.999897380 0.008759167 0.010739666 -0.001286325 -0.008774298 0.999961102 55.552629024
0.999929726 0.011738229 0.002101336 -0.963683834 -0.011752118 0.999908398 0.006710496 0.007159993 -0.002022588 -0.006734730 0.999976289 55.542355632
0.999927120 0.011832759 0.002542151 -0.965511182 -0.011844375 0.999919613 0.004596343 0.003502491 -0.002486847 -0.004626140 0.999986739 55.541446851
0.999926931 0.011812369 0.002656052 -0.960982628 -0.011823343 0.999921732 0.004149246 0.002669278 -0.002607148 -0.004180371 0.999987942 55.532535822
0.999920675 0.012161321 0.003430796 -0.963812886 -0.012176911 0.999915556 0.004553475 0.003428000 -0.003374706 -0.004594911 0.999983944 55.553534568
0.999914627 0.012133524 0.004809164 -0.957657321 -0.012155736 0.999915922 0.004615734 0.003477947 -0.004752651 -0.004673811 0.999978550 55.567891576
0.999914634 0.011953820 0.005413412 -0.956854716 -0.011977507 0.999919062 0.004359912 0.003034595 -0.005360842 -0.004424404 0.999975835 55.579525333
0.999913962 0.011480659 0.006454615 -0.953554660 -0.011504509 0.999927689 0.003666856 0.001793420 -0.006412180 -0.003740811 0.999972700 55.614880481
0.999905349 0.011067542 0.008222210 -0.948548425 -0.011095002 0.999932674 0.003299019 0.001117705 -0.008185412 -0.003389950 0.999961615 55.662323535
0.999894298 0.011045793 0.009531604 -0.945153066 -0.011076458 0.999933908 0.003168415 0.000868731 -0.009496311 -0.003273672 0.999950303 55.686498939
0.999860761 0.011468832 0.012177971 -0.941194945 -0.011508834 0.999928721 0.003217501 0.000939518 -0.012140202 -0.003357223 0.999920790 55.755848437
0.999827053 0.011712710 0.014461567 -0.934634586 -0.011769425 0.999923910 0.003842111 0.001974626 -0.014415992 -0.004011675 0.999888251 55.837739809
0.999804191 0.011892709 0.015858171 -0.932287217 -0.011959793 0.999919787 0.004140138 0.002482153 -0.015807969 -0.004329000 0.999866046 55.883821660
0.999739832 0.011826042 0.019531161 -0.922250360 -0.011916938 0.999918739 0.004542977 0.003110574 -0.019474799 -0.004774571 0.999799515 55.978708353
0.999665572 0.010882623 0.023478727 -0.908736757 -0.010997054 0.999928428 0.004749245 0.003352307 -0.023424618 -0.005005875 0.999713518 56.086590371
0.999625309 0.010309567 0.025379693 -0.902910427 -0.010438385 0.999933548 0.004947360 0.003653132 -0.025325962 -0.005210447 0.999665972 56.145667602
0.999545172 0.008872193 0.028826193 -0.893093336 -0.009069749 0.999936777 0.006729315 0.006674544 -0.028764107 -0.006987719 0.999562260 56.274095112
0.999451346 0.008454826 0.032034892 -0.878734019 -0.008737655 0.999924503 0.008698905 0.009972658 -0.031958379 -0.008974067 0.999449663 56.393611920
0.999398367 0.008778181 0.033556035 -0.876551391 -0.009087182 0.999917635 0.009066873 0.010595625 -0.033473600 -0.009366377 0.999396198 56.462053880
0.999316196 0.008827433 0.035927812 -0.863122869 -0.009163326 0.999916073 0.009194674 0.010675094 -0.035843630 -0.009517621 0.999312782 56.581115887
0.999266033 0.009076337 0.037223430 -0.858700863 -0.009407304 0.999917875 0.008725302 0.009783465 -0.037141456 -0.009069090 0.999269545 56.706819138
0.999236673 0.009641564 0.037863295 -0.852889067 -0.009961276 0.999916785 0.008264022 0.008904380 -0.037780426 -0.008634903 0.999249163 56.765896020
0.999168636 0.010564833 0.039377981 -0.844837893 -0.010846637 0.999917040 0.006949060 0.006510699 -0.039301234 -0.007370421 0.999200227 56.882234193
0.999142395 0.011516947 0.039780894 -0.840341031 -0.011768820 0.999912074 0.006102635 0.004951396 -0.039706356 -0.006565587 0.999190527 56.996757210
