1.000000000 0.000000000 -0.000000000 -0.000000000 0.000000000 1.000000000 0.000000000 0.000000000 0.000000000 0.000000000 1.000000000 -0.000000000
0.999999423 0.000051671 -0.000003558 0.000000040 -0.000051667 0.999999967 0.000011524 0.000020000 0.000002813 -0.000011527 1.000000487 0.000000121
0.999999277 0.000165816 -0.000046000 0.000000120 -0.000165821 0.999999867 0.000032761 0.000059999 0.000045951 -0.000032760 1.000000261 0.000000364
0.999999575 0.000159846 -0.000065239 0.000000100 -0.000159848 0.999999861 0.000029668 0.000049999 0.000065220 -0.000029666 1.000000528 0.000000303
0.999999614 0.000140340 -0.000065175 0.000000220 -0.000140338 0.999999094 0.000061707 0.000109998 0.000065339 -0.000061713 1.000000723 0.000000667
0.999999362 0.000104391 -0.000051211 0.000000380 -0.000104389 0.999999451 0.000108643 0.000189996 0.000050795 -0.000108650 1.000000229 0.000001153
0.999999385 0.000102220 -0.000048998 0.000000340 -0.000102216 0.999999386 0.000097229 0.000169996 0.000048573 -0.000097228 1.000000178 0.000001031
1.000000002 0.000123618 -0.000023756 0.000000679 -0.000123612 0.999999922 0.000192661 0.000339993 0.000022956 -0.000192652 1.000000073 0.000002063
0.999999751 0.000118506 -0.000054990 0.000000799 -0.000118491 0.999999145 0.000227714 0.000399992 0.000054291 -0.000227713 1.000000023 0.000002427
0.999999796 0.000124147 -0.000047366 0.000000839 -0.000124141 0.999999212 0.000240606 0.000419991 0.000047549 -0.000240609 1.000000612 0.000002548
0.999999400 0.000104021 -0.000047304 0.000000939 -0.000104002 0.999999440 0.000271585 0.000469990 0.000046326 -0.000271586 1.000000800 0.000002852
0.999999834 0.000114545 -0.000045886 0.000001079 -0.000114537 0.999999640 0.000308014 0.000539989 0.000045371 -0.000308014 1.000000585 0.000003276
0.999999353 0.000155556 -0.000040003 0.000001179 -0.000155540 0.999999756 0.000340664 0.000589988 0.000039305 -0.000340667 1.000000385 0.000003580
0.999999255 0.000176422 -0.000046632 0.000001319 -0.000176400 0.999999956 0.000380527 0.000659986 0.000045886 -0.000380528 1.000000571 0.000004004
0.999999991 0.000188427 -0.000062548 0.000001618 -0.000188399 0.999999454 0.000466567 0.000809983 0.000061920 -0.000466560 0.999999616 0.000004915
0.999999900 0.000165668 -0.000025321 0.000001818 -0.000165654 0.999999821 0.000519462 0.000909981 0.000024937 -0.000519450 0.999999801 0.000005521
0.999999419 0.000178802 -0.000026545 0.000002018 -0.000178779 0.999999162 0.000579971 0.001009979 0.000025748 -0.000579981 1.000000604 0.000006128
0.999999815 0.000217438 -0.000022818 0.000002278 -0.000217420 0.999999526 0.000652765 0.001139976 0.000022386 -0.000652761 1.000000628 0.000006917
1.000000135 0.000219158 -0.000037096 0.000002317 -0.000219130 0.999999612 0.000667527 0.001159976 0.000037138 -0.000667523 1.000000151 0.000007038
0.999999701 0.000209057 -0.000038758 0.000002537 -0.000209025 0.999998995 0.000727274 0.001269974 0.000038090 -0.000727273 0.999999604 0.000007705
0.999999888 0.000202765 -0.000071435 0.000002477 -0.000202713 0.999998921 0.000712969 0.001239974 0.000070778 -0.000712969 0.999999691 0.000007523
0.999999907 0.000183683 -0.000073659 0.000002497 -0.000183627 0.999998995 0.000718993 0.001249974 0.000073130 -0.000718983 0.999999709 0.000007584
0.999999677 0.000164710 -0.000052126 -0.004544166 -0.000164667 0.999999226 0.000750811 0.001265017 0.000051775 -0.000750809 0.999999635 0.008914398
1.000000127 0.000167205 -0.000051178 -0.004544066 -0.000167162 0.999999396 0.000779626 0.001315016 0.000050869 -0.000779625 1.000000264 0.008914701
1.000000039 0.000201749 -0.000054176 -0.004543846 -0.000201695 0.999999720 0.000844314 0.001425014 0.000052896 -0.000844300 1.000000183 0.008915368
0.999999633 0.000177394 -0.000054440 -0.004543546 -0.000177340 0.999999290 0.000930311 0.001575011 0.000053934 -0.000930300 0.999999360 0.008916278
0.999999450 0.000163165 -0.000026159 -0.004543367 -0.000163139 0.999998632 0.000982025 0.001665009 0.000025843 -0.000982030 0.999999462 0.008916825
1.000000015 0.000173518 -0.000009618 -0.004543367 -0.000173510 0.999998608 0.000981429 0.001665009 0.000009237 -0.000981438 1.000000044 0.008916825
1.000000049 0.000299778 -0.000028409 -0.004543387 -0.000299744 0.999999318 0.000975180 0.001655009 0.000027704 -0.000975172 0.999999402 0.008916764
0.999999914 0.000311142 -0.000041629 -0.004543047 -0.000311095 0.999998890 0.001073305 0.001825006 0.000041052 -0.001073297 0.999999885 0.008917795
0.999999952 0.000301629 -0.000039402 -0.004543067 -0.000301592 0.999998883 0.001068941 0.001815006 0.000038873 -0.001068935 0.999999877 0.008917735
0.999999281 0.000294569 -0.000014282 -0.004542947 -0.000294549 0.999999106 0.001103374 0.001875005 0.000013865 -0.001103381 0.999999401 0.008918099
0.999999844 0.000308963 -0.000050460 -0.004542847 -0.000308899 0.999999237 0.001129772 0.001925004 0.000050009 -0.001129772 1.000000153 0.008918402
0.999999044 0.000332107 -0.000086303 -0.004542967 -0.000332000 0.999998987 0.001096196 0.001865005 0.000086536 -0.001096176 0.999999650 0.008918038
0.999999700 0.000365803 -0.000107164 -0.004542687 -0.000365675 0.999998387 0.001173101 0.002005002 0.000106911 -0.001173078 0.999999493 0.008918887
0.999999336 0.000376275 -0.000094539 -0.004542527 -0.000376148 0.999998669 0.001223067 0.002085000 0.000094322 -0.001223039 0.999999454 0.008919373
0.999999538 0.000359200 -0.000074459 -0.004542587 -0.000359107 0.999998570 0.001201156 0.002055001 0.000074301 -0.001201138 0.999999489 0.008919191
0.999999464 0.000374588 -0.000026796 -0.004542907 -0.000374554 0.999998982 0.001109367 0.001895004 0.000025905 -0.001109363 0.999999780 0.008918220
0.999999830 0.000381545 -0.000034909 -0.004543027 -0.000381503 0.999998785 0.001079161 0.001835005 0.000033916 -0.001079158 0.999999976 0.008917856
0.999999872 0.000379130 -0.000030470 -0.004543087 -0.000379096 0.999998690 0.001062663 0.001805006 0.000029459 -0.001062662 0.999999914 0.008917674
0.999999307 0.000415614 -0.000035567 -0.004543387 -0.000415577 0.999999099 0.000977319 0.001655009 0.000034600 -0.000977308 1.000000249 0.008916764
1.000000096 0.000438354 -0.000041509 -0.004543586 -0.000438312 0.999998676 0.000915060 0.001555011 0.000041625 -0.000915053 1.000000270 0.008916157
0.999999608 0.000436285 -0.000046898 -0.004543646 -0.000436243 0.999998600 0.000901834 0.001525012 0.000047001 -0.000901828 0.999999698 0.008915975
0.999999463 0.000415550 -0.000069698 -0.004543606 -0.000415479 0.999998686 0.000909195 0.001545011 0.000069487 -0.000909179 1.000000446 0.008916096
0.999999564 0.000402364 -0.000060239 -0.004543506 -0.000402305 0.999998896 0.000939470 0.001595010 0.000060623 -0.000939454 0.999999814 0.008916400
0.999999647 0.000407706 -0.000049986 -0.004543566 -0.000407657 0.999998773 0.000921012 0.001565011 0.000049410 -0.000920997 0.999999341 0.008916218
0.999999926 0.000370660 -0.000025380 -0.004543546 -0.000370639 0.999998878 0.000926092 0.001575011 0.000025038 -0.000926087 0.999999577 0.008916278
0.999999290 0.000374183 0.000006841 -0.004543506 -0.000374185 0.999998951 0.000939263 0.001595010 -0.000006742 -0.000939278 1.000000374 0.008916400
0.999999385 0.000410468 0.000026119 -0.004543427 -0.000410493 0.999999017 0.000961976 0.001635010 -0.000027087 -0.000961993 1.000000225 0.008916643
0.999999542 0.000444245 0.000053510 -0.004543247 -0.000444300 0.999999265 0.001014054 0.001725008 -0.000054124 -0.001014081 0.999999875 0.008917189
0.999999809 0.000460104 0.000089840 -0.004543067 -0.000460203 0.999998537 0.001064084 0.001815006 -0.000089997 -0.001064137 0.999999587 0.008917735
0.999999606 0.000458976 0.000065354 -0.004542887 -0.000459052 0.999998872 0.001118934 0.001905004 -0.000065394 -0.001118976 0.999999714 0.008918281
0.999999396 0.000489074 0.000046892 -0.004543087 -0.000489119 0.999998449 0.001059087 0.001805006 -0.000047688 -0.001059128 1.000000092 0.008917674
1.000000185 0.000455816 0.000026832 -0.004542987 -0.000455836 0.999998711 0.001091387 0.001855005 -0.000026907 -0.001091409 1.000000120 0.008917977
0.999999676 0.000464571 0.000021522 -0.004542887 -0.000464598 0.999998852 0.001117431 0.001905004 -0.000021598 -0.001117444 0.999999785 0.008918281
0.999999421 0.000451911 -0.000011889 -0.004542667 -0.000451901 0.999999270 0.001182268 0.002015002 0.000012020 -0.001182267 0.999999898 0.008918948
0.999999823 0.000475210 0.000041379 -0.004542587 -0.000475256 0.999998344 0.001202047 0.002055001 -0.000041787 -0.001202074 0.999999122 0.008919191
0.999999711 0.000480851 0.000083052 -0.004542448 -0.000480943 0.999998577 0.001242333 0.002124999 -0.000083415 -0.001242375 0.999999267 0.008919616
0.999999272 0.000454778 0.000077289 -0.004542368 -0.000454865 0.999998792 0.001269112 0.002164999 -0.000077894 -0.001269158 0.999999828 0.008919858
1.000000069 0.000473621 0.000071123 -0.004542208 -0.000473720 0.999999021 0.001313089 0.002244997 -0.000070846 -0.001313128 0.999999148 0.008920344
0.999999847 0.000463137 0.000040816 -0.004542028 -0.000463186 0.999998364 0.001366208 0.002334995 -0.000041714 -0.001366235 0.999999663 0.008920890
0.999999089 0.000493586 0.000012353 -0.004541768 -0.000493596 0.999998758 0.001441220 0.002464992 -0.000011939 -0.001441230 0.999998985 0.008921678
0.999999738 0.000530221 -0.000007625 -0.004541509 -0.000530201 0.999998129 0.001514470 0.002594990 0.000008418 -0.001514476 0.999999261 0.008922467
0.999999624 0.000540736 -0.000019645 -0.004541409 -0.000540709 0.999998262 0.001539767 0.002644989 0.000019534 -0.001539759 0.999998866 0.008922771
0.999999754 0.000572315 -0.000050080 -0.004541449 -0.000572233 0.999998134 0.001529087 0.002624989 0.000049757 -0.001529061 0.999998994 0.008922649
0.999999708 0.000585940 -0.000051439 -0.004541469 -0.000585856 0.999998063 0.001521837 0.002614989 0.000051910 -0.001521814 0.999999386 0.008922588
0.999999693 0.000565219 -0.000058086 -0.004541369 -0.000565127 0.999998292 0.001552770 0.002664988 0.000058744 -0.001552747 0.999999518 0.008922892
0.999999594 0.000568192 -0.000069279 -0.004541389 -0.000568085 0.999998246 0.001546243 0.002654988 0.000069906 -0.001546211 0.999999384 0.008922831
1.000000045 0.000538906 -0.000023227 -0.004541409 -0.000538861 0.999998265 0.001539652 0.002644989 0.000023127 -0.001539649 0.999999283 0.008922771
0.999999755 0.000521461 -0.000007572 -0.004541409 -0.000521451 0.999998307 0.001540879 0.002644989 0.000008471 -0.001540886 0.999999421 0.008922771
0.999999231 0.000518899 -0.000017311 -0.004541249 -0.000518870 0.999998604 0.001589011 0.002724987 0.000018321 -0.001589001 0.999999183 0.008923256
0.999999532 0.000511817 -0.000037395 -0.004541169 -0.000511757 0.999997739 0.001608842 0.002764986 0.000037598 -0.001608834 0.999999135 0.008923499
0.999999258 0.000518368 -0.000068583 -0.004540969 -0.000518247 0.999998078 0.001666985 0.002864984 0.000068863 -0.001666949 0.999999226 0.008924105
1.000000069 0.000501992 -0.000082768 -0.004540769 -0.000501843 0.999998479 0.001727606 0.002964982 0.000082834 -0.001727573 0.999999027 0.008924712
0.999999540 0.000488962 -0.000041955 -0.003649916 -0.000488885 0.999997842 0.001783187 0.003060442 0.000042209 -0.001783170 0.999998810 0.009379979
0.999999202 0.000496208 -0.000027181 -0.003649896 -0.000496155 0.999997864 0.001789099 0.003070442 0.000027403 -0.001789093 0.999998523 0.009380039
0.999999959 0.000503570 0.000012257 -0.003649757 -0.000503590 0.999998096 0.001829830 0.003140440 -0.000011545 -0.001829840 0.999998652 0.009380464
0.999999742 0.000481528 -0.000018977 -0.003649637 -0.000481500 0.999997351 0.001864554 0.003200439 0.000019894 -0.001864552 0.999998601 0.009380828
0.999999569 0.000465453 -0.000044924 -0.003649637 -0.000465369 0.999997365 0.001861664 0.003200439 0.000044588 -0.001861654 0.999998813 0.009380828
0.999999985 0.000428649 -0.000057482 -0.003649697 -0.000428546 0.999997341 0.001845477 0.003170440 0.000057337 -0.001845468 0.999999057 0.009380646
0.999999317 0.000423184 -0.000084955 -0.003650016 -0.000423023 0.999997786 0.001752210 0.003010443 0.000085093 -0.001752190 0.999999158 0.009379675
0.999999378 0.000411284 -0.000081438 -0.003650136 -0.000411147 0.999997615 0.001720246 0.002950444 0.000080693 -0.001720215 0.999998547 0.009379311
0.999999446 0.000470929 -0.000058198 -0.004540809 -0.000470820 0.999998464 0.001714936 0.002944982 0.000057971 -0.001714912 0.999999156 0.008924591
0.999999453 0.000523138 -0.000043454 -0.004540829 -0.000523058 0.999998305 0.001705848 0.002934983 0.000044238 -0.001705831 0.999998777 0.008924530
0.999999409 0.000517446 -0.000050158 -0.004540829 -0.000517348 0.999998329 0.001708072 0.002934983 0.000050980 -0.001708052 0.999998735 0.008924530
0.999999955 0.000471529 -0.000050084 -0.003650036 -0.000471435 0.999997647 0.001745211 0.003000443 0.000050368 -0.001745194 0.999998960 0.009379615
0.999999694 0.000468222 -0.000027817 -0.003650216 -0.000468174 0.999998371 0.001698706 0.002910445 0.000028919 -0.001698700 0.999998865 0.009379068
0.999999742 0.000434951 -0.000030911 -0.003650156 -0.000434898 0.999997535 0.001714835 0.002940444 0.000031356 -0.001714825 0.999998489 0.009379250
1.000000202 0.000450988 -0.000026343 -0.003649976 -0.000450947 0.999997795 0.001762825 0.003030442 0.000025896 -0.001762821 0.999998818 0.009379797
0.999999404 0.000469850 -0.000009288 -0.003649877 -0.000469827 0.999997934 0.001792052 0.003080441 0.000009675 -0.001792050 0.999998690 0.009380100
1.000000004 0.000500001 0.000016678 -0.003649837 -0.000500033 0.999997947 0.001804092 0.003100441 -0.000015995 -0.001804110 0.999998533 0.009380221
0.999999421 0.000530060 -0.000045873 -0.004540390 -0.000529981 0.999998060 0.001832639 0.003154978 0.000046432 -0.001832620 0.999998182 0.008925865
0.999999181 0.000510117 -0.000079772 -0.004540230 -0.000509955 0.999997389 0.001880313 0.003234976 0.000080094 -0.001880283 0.999999082 0.008926350
0.999999643 0.000506349 -0.000079278 -0.003649497 -0.000506200 0.999997518 0.001900377 0.003270437 0.000079226 -0.001900350 0.999998313 0.009381253
0.999999215 0.000483433 -0.000082070 -0.003649677 -0.000483279 0.999998254 0.001849288 0.003180439 0.000082492 -0.001849248 0.999998875 0.009380707
0.999999338 0.000468950 -0.000070898 -0.003649697 -0.000468811 0.999998259 0.001845335 0.003170440 0.000071399 -0.001845313 0.999998944 0.009380646
0.999999424 0.000481764 -0.000057474 -0.003649677 -0.000481650 0.999998260 0.001849717 0.003180439 0.000057905 -0.001849696 0.999999083 0.009380707
0.999999803 0.000500866 -0.000061514 -0.003649717 -0.000500752 0.999998151 0.001838081 0.003160440 0.000061371 -0.001838047 0.999998085 0.009380585
0.999999686 0.000475673 -0.000080724 -0.003649677 -0.000475524 0.999997274 0.001850008 0.003180439 0.000081648 -0.001849981 0.999998443 0.009380707
0.999999261 0.000488446 -0.000075332 -0.003649637 -0.000488308 0.999997336 0.001864494 0.003200439 0.000075753 -0.001864467 0.999999023 0.009380828
0.999999695 0.000508357 -0.000071960 -0.003649237 -0.000508219 0.999997985 0.001977906 0.003400435 0.000072506 -0.001977872 0.999997949 0.009382041
0.999999510 0.000485581 -0.000046731 -0.003648918 -0.000485482 0.999997574 0.002067508 0.003560431 0.000046702 -0.002067491 0.999997807 0.009383012
0.999999601 0.000458432 -0.000042283 -0.003648958 -0.000458336 0.999997555 0.002055499 0.003540432 0.000042394 -0.002055481 0.999997772 0.009382891
0.999999657 0.000434073 -0.000095532 -0.003648997 -0.000433876 0.999997537 0.002044550 0.003520432 0.000095317 -0.002044518 0.999998602 0.009382770
0.999999809 0.000404521 -0.000084351 -0.003648997 -0.000404339 0.999997600 0.002045107 0.003520432 0.000084316 -0.002045087 0.999998699 0.009382770
0.999999286 0.000392078 -0.000096456 -0.003649057 -0.000391882 0.999997520 0.002027845 0.003490433 0.000096462 -0.002027816 0.999998046 0.009382587
0.999999268 0.000360619 -0.000052652 -0.003649097 -0.000360506 0.999997508 0.002015498 0.003470433 0.000052823 -0.002015480 0.999997890 0.009382466
1.000000049 0.000383876 -0.000007072 -0.003649157 -0.000383861 0.999997368 0.002000042 0.003440434 0.000007070 -0.002000049 0.999998625 0.009382284
1.000000020 0.000407562 -0.000004342 -0.003649077 -0.000407557 0.999997441 0.002019922 0.003480433 0.000004690 -0.002019923 0.999997874 0.009382527
0.999999828 0.000475966 -0.000010969 -0.003648938 -0.000475936 0.999997549 0.002060135 0.003550432 0.000010983 -0.002060138 0.999998062 0.009382952
0.999998951 0.000459885 -0.000011771 -0.003648798 -0.000459855 0.999996852 0.002104918 0.003620430 0.000012862 -0.002104920 0.999997879 0.009383376
0.999999448 0.000447798 -0.000009574 -0.003648858 -0.000447767 0.999997756 0.002085064 0.003590431 0.000009809 -0.002085060 0.999997777 0.009383194
0.999999004 0.000451690 -0.000008176 -0.003648758 -0.000451668 0.999996910 0.002111674 0.003640430 0.000008440 -0.002111674 0.999997503 0.009383498
0.999999853 0.000388692 -0.000028853 -0.003648938 -0.000388626 0.999997735 0.002062071 0.003550432 0.000029401 -0.002062070 0.999997924 0.009382952
1.000000109 0.000366514 -0.000057849 -0.003648818 -0.000366388 0.999996997 0.002098090 0.003610430 0.000057714 -0.002098075 0.999997899 0.009383316
1.000000003 0.000410106 -0.000059215 -0.003648858 -0.000409980 0.999996849 0.002087991 0.003590431 0.000059685 -0.002087970 0.999998274 0.009383194
0.999999682 0.000371146 -0.000053948 -0.003649017 -0.000371025 0.999997635 0.002039918 0.003510432 0.000054104 -0.002039905 0.999998475 0.009382709
0.999999453 0.000364312 -0.000082981 -0.003648958 -0.000364131 0.999997756 0.002057567 0.003540432 0.000083215 -0.002057551 0.999998339 0.009382891
0.999999285 0.000392360 -0.000096442 -0.003649037 -0.000392162 0.999997562 0.002034835 0.003500433 0.000096461 -0.002034813 0.999998088 0.009382648
0.999999987 0.000380933 -0.000068764 -0.003649117 -0.000380795 0.999997451 0.002012836 0.003460434 0.000068807 -0.002012824 0.999998634 0.009382405
0.999999593 0.000397231 -0.000058487 -0.003649137 -0.000397112 0.999997381 0.002006658 0.003450434 0.000058418 -0.002006637 0.999998235 0.009382345
0.999999485 0.000460754 -0.000056286 -0.003649197 -0.000460637 0.999997146 0.001988833 0.003420434 0.000055797 -0.001988817 0.999998146 0.009382163
0.999999136 0.000464016 -0.000042786 -0.003649057 -0.000463920 0.999997397 0.002031195 0.003490433 0.000043251 -0.002031186 0.999998515 0.009382587
0.999999216 0.000451778 -0.000036064 -0.003649017 -0.000451700 0.999997462 0.002037991 0.003510432 0.000036617 -0.002037984 0.999998613 0.009382709
0.999999397 0.000407897 -0.000025782 -0.003649037 -0.000407843 0.999997528 0.002034373 0.003500433 0.000025703 -0.002034370 0.999998229 0.009382648
0.999999503 0.000420414 -0.000010040 -0.003648878 -0.000420388 0.999997778 0.002079710 0.003580431 0.000009975 -0.002079716 0.999998635 0.009383134
0.999999512 0.000415717 -0.000010042 -0.003648878 -0.000415688 0.999997780 0.002078490 0.003580431 0.000010003 -0.002078499 0.999998628 0.009383134
0.999999220 0.000431074 -0.000040499 -0.003648958 -0.000430977 0.999997616 0.002056420 0.003540432 0.000041215 -0.002056412 0.999998687 0.009382891
0.999999293 0.000441517 -0.000030290 -0.003649097 -0.000441459 0.999997352 0.002016392 0.003470433 0.000029971 -0.002016388 0.999998083 0.009382466
1.000000089 0.000451412 -0.000039179 -0.003648997 -0.000451328 0.999997500 0.002043990 0.003520432 0.000039310 -0.002043975 0.999998176 0.009382770
0.999999356 0.000447385 -0.000020722 -0.003648798 -0.000447335 0.999996855 0.002101167 0.003620430 0.000020992 -0.002101174 0.999997781 0.009383376
0.999999074 0.000439052 -0.000056433 -0.003648698 -0.000438922 0.999997068 0.002133649 0.003670429 0.000056819 -0.002133631 0.999997679 0.009383680
1.000000007 0.000445854 -0.000049672 -0.003648598 -0.000445745 0.999997216 0.002160305 0.003720428 0.000050524 -0.002160282 0.999997897 0.009383983
0.999999724 0.000424876 -0.000035625 -0.003648298 -0.000424796 0.999996793 0.002248370 0.003870425 0.000035890 -0.002248365 0.999997653 0.009384893
0.999999673 0.000441359 -0.000037232 -0.003647979 -0.000441269 0.999996289 0.002335568 0.004030422 0.000038026 -0.002335558 0.999997273 0.009385864
0.999999803 0.000451212 -0.000019876 -0.003648118 -0.000451160 0.999997035 0.002296917 0.003960423 0.000020078 -0.002296919 0.999998078 0.009385439
0.999999951 0.000498227 0.000009620 -0.003648158 -0.000498244 0.999996861 0.002283833 0.003940424 -0.000009276 -0.002283843 0.999997352 0.009385318
0.999999665 0.000507217 0.000031149 -0.003648058 -0.000507283 0.999997026 0.002313881 0.003990422 -0.000030801 -0.002313902 0.999997266 0.009385621
0.999999551 0.000545490 0.000027587 -0.003648019 -0.000545559 0.999997007 0.002323355 0.004010422 -0.000026561 -0.002323376 0.999997741 0.009385742
0.999999410 0.000550942 0.000011898 -0.003648098 -0.000550963 0.999996883 0.002304698 0.003970423 -0.000010942 -0.002304717 0.999997497 0.009385500
0.999999517 0.000575382 -0.000023059 -0.003648218 -0.000575325 0.999996616 0.002268757 0.003910424 0.000023796 -0.002268754 0.999997434 0.009385136
0.999999487 0.000562361 -0.000029732 -0.003648158 -0.000562296 0.999996747 0.002286170 0.003940424 0.000030583 -0.002286156 0.999997484 0.009385318
0.999999437 0.000550181 -0.000039210 -0.003648298 -0.000550090 0.999996533 0.002246855 0.003870425 0.000039602 -0.002246836 0.999998061 0.009384893
0.999999634 0.000554419 -0.000014796 -0.003648618 -0.000554381 0.999996971 0.002155547 0.003710428 0.000014979 -0.002155543 0.999997713 0.009383922
0.999999976 0.000582492 -0.000020667 -0.003648698 -0.000582447 0.999996753 0.002128916 0.003670429 0.000020626 -0.002128918 0.999997950 0.009383680
0.999999217 0.000554053 -0.000010340 -0.003648638 -0.000554029 0.999996923 0.002147628 0.003700429 0.000011400 -0.002147635 0.999997702 0.009383862
0.999999912 0.000539919 -0.000038424 -0.003648478 -0.000539836 0.999997236 0.002194492 0.003780427 0.000038773 -0.002194483 0.999998198 0.009384347
0.999999388 0.000546661 -0.000045087 -0.003648398 -0.000546561 0.999997357 0.002216685 0.003820426 0.000046331 -0.002216663 0.999998277 0.009384590
0.999999686 0.000569064 -0.000058009 -0.003648338 -0.000568927 0.999997433 0.002236626 0.003850425 0.000058721 -0.002236596 0.999997395 0.009384772
0.999999910 0.000590774 -0.000079403 -0.003648198 -0.000590587 0.999996617 0.002274017 0.003920424 0.000080059 -0.002273987 0.999997889 0.009385196
0.999999471 0.000602029 -0.000076298 -0.003648238 -0.000601855 0.999996528 0.002263098 0.003900424 0.000076409 -0.002263066 0.999998296 0.009385075
0.999999963 0.000564404 -0.000079526 -0.003648418 -0.000564228 0.999997296 0.002212558 0.003810426 0.000080219 -0.002212512 0.999997516 0.009384529
0.999999552 0.000542473 -0.000080840 -0.003648358 -0.000542293 0.999997435 0.002228228 0.003840426 0.000081243 -0.002228187 0.999998047 0.009384711
0.999999777 0.000535874 -0.000108532 -0.003648298 -0.000535624 0.999996542 0.002243697 0.003870425 0.000109461 -0.002243641 0.999997462 0.009384893
0.999998914 0.000525619 -0.000161288 -0.003648278 -0.000525250 0.999996615 0.002252312 0.003880425 0.000161843 -0.002252233 0.999997520 0.009384954
0.999999072 0.000571392 -0.000185055 -0.003648378 -0.000570974 0.999997336 0.002221469 0.003830426 0.000185272 -0.002221362 0.999997582 0.009384650
0.999999645 0.000540022 -0.000177416 -0.003648318 -0.000539619 0.999996520 0.002241360 0.003860425 0.000177863 -0.002241276 0.999998214 0.009384832
0.999999873 0.000635059 -0.000180446 -0.004538792 -0.000634650 0.999996623 0.002289648 0.003954961 0.000180868 -0.002289543 0.999998033 0.008930719
0.999999584 0.000723409 -0.000193026 -0.004538891 -0.000722969 0.999996280 0.002262352 0.003904962 0.000193748 -0.002262227 0.999998210 0.008930415
0.999999920 0.000754567 -0.000198354 -0.004538832 -0.000754115 0.999996325 0.002279985 0.003934962 0.000199377 -0.002279846 0.999997825 0.008930597
0.999999501 0.000742918 -0.000144115 -0.004538632 -0.000742576 0.999996713 0.002340018 0.004034960 0.000145327 -0.002339920 0.999997747 0.008931204
0.999999201 0.000768488 -0.000120354 -0.004538532 -0.000768201 0.999996832 0.002368012 0.004084959 0.000121466 -0.002367927 0.999997668 0.008931507
0.999999321 0.000754999 -0.000109987 -0.003647739 -0.000754733 0.999996093 0.002406643 0.004150419 0.000110368 -0.002406569 0.999997541 0.009386592
0.999999406 0.000787191 -0.000090704 -0.003647639 -0.000786974 0.999996182 0.002431836 0.004200418 0.000092284 -0.002431778 0.999997408 0.009386895
0.999999752 0.000785347 -0.000103583 -0.003647499 -0.000785091 0.999996434 0.002472807 0.004270417 0.000104821 -0.002472723 0.999996654 0.009387320
0.999999465 0.000804343 -0.000079406 -0.003647439 -0.000804136 0.999996504 0.002490671 0.004300416 0.000081000 -0.002490623 0.999997858 0.009387502
0.999999813 0.000733147 -0.000055793 -0.003647599 -0.000733009 0.999996367 0.002444487 0.004220418 0.000056835 -0.002444457 0.999997329 0.009387017
0.999999519 0.000727499 -0.000037954 -0.003647679 -0.000727405 0.999996229 0.002420020 0.004180419 0.000039871 -0.002420001 0.999997330 0.009386774
0.999999981 0.000686175 -0.000046869 -0.003647639 -0.000686056 0.999996399 0.002434418 0.004200418 0.000048176 -0.002434393 0.999997343 0.009386895
0.999999012 0.000678653 -0.000058107 -0.003647739 -0.000678509 0.999996239 0.002405532 0.004150419 0.000058947 -0.002405494 0.999997074 0.009386592
0.999999156 0.000709507 -0.000033514 -0.003647739 -0.000709420 0.999996168 0.002403972 0.004150419 0.000034163 -0.002403957 0.999997270 0.009386592
0.999999443 0.000690543 -0.000057285 -0.003647859 -0.000690405 0.999997009 0.002371478 0.004090420 0.000057984 -0.002371440 0.999997322 0.009386228
0.999999668 0.000740252 -0.000071181 -0.003647899 -0.000740074 0.999996831 0.002358561 0.004070421 0.000072444 -0.002358516 0.999998022 0.009386107
0.999998971 0.000721289 -0.000106139 -0.004538692 -0.000721042 0.999996648 0.002322161 0.004004960 0.000106991 -0.002322096 0.999997957 0.008931022
0.999999311 0.000713330 -0.000120450 -0.004538692 -0.000713042 0.999996649 0.002319713 0.004004960 0.000121801 -0.002319636 0.999997375 0.008931022
0.999999558 0.000683309 -0.000098127 -0.003648098 -0.000683077 0.999996599 0.002301648 0.003970423 0.000099622 -0.002301582 0.999997453 0.009385500
0.999999182 0.000652957 -0.000098136 -0.003648118 -0.000652729 0.999996632 0.002297008 0.003960423 0.000098461 -0.002296956 0.999997424 0.009385439
0.999999578 0.000635463 -0.000107563 -0.003648178 -0.000635212 0.999996581 0.002282832 0.003930424 0.000108857 -0.002282769 0.999998154 0.009385257
0.999999393 0.000668931 -0.000069112 -0.003648198 -0.000668763 0.999996466 0.002274949 0.003920424 0.000069295 -0.002274913 0.999997534 0.009385196
0.999999580 0.000649837 -0.000050364 -0.003648258 -0.000649725 0.999996412 0.002259788 0.003890425 0.000051523 -0.002259769 0.999998046 0.009385014
0.999999961 0.000649701 -0.000058527 -0.003648438 -0.000649564 0.999997079 0.002204833 0.003800426 0.000059577 -0.002204796 0.999998092 0.009384468
0.999999704 0.000718717 -0.000019100 -0.003648318 -0.000718674 0.999997151 0.002239444 0.003860425 0.000019800 -0.002239434 0.999998184 0.009384832
0.999999463 0.000696064 0.000000087 -0.003648398 -0.000696057 0.999997057 0.002216388 0.003820426 0.000000703 -0.002216394 0.999997758 0.009384590
0.999999788 0.000704776 -0.000012427 -0.003648378 -0.000704744 0.999997075 0.002222221 0.003830426 0.000013176 -0.002222220 0.999998136 0.009384650
0.999999669 0.000689623 -0.000030261 -0.003648278 -0.000689552 0.999997270 0.002249387 0.003880425 0.000031157 -0.002249368 0.999998151 0.009384954
0.999999438 0.000739815 -0.000045050 -0.004538991 -0.000739716 0.999997085 0.002235454 0.003854963 0.000046505 -0.002235434 0.999998390 0.008930112
0.999999574 0.000768593 -0.000075039 -0.004539031 -0.000768430 0.999996933 0.002219829 0.003834964 0.000076744 -0.002219778 0.999997598 0.008929991
0.999998743 0.000757489 -0.000070592 -0.004539091 -0.000757329 0.999996881 0.002207670 0.003804964 0.000071885 -0.002207616 0.999997561 0.008929809
0.999999566 0.000716409 -0.000089084 -0.004539351 -0.000716222 0.999997509 0.002132824 0.003674967 0.000090477 -0.002132767 0.999997848 0.008929020
0.999999191 0.000704337 -0.000083783 -0.004539451 -0.000704167 0.999997347 0.002102151 0.003624968 0.000084733 -0.002102103 0.999998154 0.008928716
0.999999226 0.000696534 -0.000081488 -0.004539351 -0.000696353 0.999997539 0.002131225 0.003674967 0.000082544 -0.002131180 0.999998349 0.008929020
0.999999903 0.000706643 -0.000051981 -0.004539371 -0.000706533 0.999997474 0.002123851 0.003664967 0.000052523 -0.002123819 0.999997657 0.008928959
0.999999212 0.000690602 -0.000030967 -0.003648718 -0.000690537 0.999997504 0.002123465 0.003660429 0.000032041 -0.002123452 0.999998278 0.009383619
0.999999495 0.000661265 -0.000005022 -0.003648718 -0.000661255 0.999997573 0.002125234 0.003660429 0.000005387 -0.002125235 0.999998058 0.009383619
1.000000038 0.000654456 0.000005362 -0.003648558 -0.000654466 0.999996875 0.002172725 0.003740428 -0.000004407 -0.002172740 0.999997985 0.009384104
0.999999225 0.000634355 0.000009838 -0.003648538 -0.000634365 0.999996927 0.002174616 0.003750427 -0.000009212 -0.002174625 0.999998034 0.009384165
0.999999185 0.000648076 -0.000045204 -0.003648598 -0.000647969 0.999996799 0.002158066 0.003720428 0.000045716 -0.002158043 0.999997921 0.009383983
0.999999458 0.000682953 -0.000057733 -0.004539271 -0.000682825 0.999996718 0.002156179 0.003714966 0.000058030 -0.002156160 0.999998252 0.008929263
0.999999521 0.000660848 -0.000054697 -0.004539411 -0.000660732 0.999997489 0.002111211 0.003644968 0.000055928 -0.002111178 0.999998452 0.008928838
0.999999839 0.000632342 -0.000023535 -0.003649017 -0.000632293 0.999997115 0.002040168 0.003510432 0.000024796 -0.002040165 0.999998283 0.009382709
0.999999107 0.000627987 -0.000005628 -0.003648977 -0.000627970 0.999997179 0.002049261 0.003530432 0.000006479 -0.002049271 0.999998488 0.009382830
0.999999160 0.000601553 -0.000006462 -0.003648878 -0.000601531 0.999997405 0.002077875 0.003580431 0.000006640 -0.002077877 0.999998207 0.009383134
0.999999715 0.000647673 -0.000034621 -0.003648858 -0.000647600 0.999997369 0.002087120 0.003590431 0.000035883 -0.002087107 0.999998475 0.009383194
0.999999031 0.000659732 -0.000060126 -0.004539531 -0.000659603 0.999997288 0.002077815 0.003584969 0.000061298 -0.002077785 0.999997758 0.008928474
0.999999926 0.000629421 -0.000068162 -0.004539511 -0.000629279 0.999997402 0.002086609 0.003594969 0.000068644 -0.002086566 0.999998191 0.008928534
0.999999113 0.000618808 -0.000060646 -0.004539651 -0.000618684 0.999997170 0.002044841 0.003524970 0.000061546 -0.002044817 0.999998448 0.008928110
0.999999704 0.000638043 -0.000092026 -0.004539790 -0.000637868 0.999996901 0.002006906 0.003454972 0.000093189 -0.002006862 0.999997956 0.008927685
0.999999149 0.000669673 -0.000097837 -0.004539770 -0.000669468 0.999996859 0.002010376 0.003464972 0.000098360 -0.002010319 0.999998376 0.008927746
0.999999772 0.000678804 -0.000074096 -0.004539711 -0.000678658 0.999996947 0.002027829 0.003494971 0.000075053 -0.002027787 0.999998233 0.008927928
0.999999659 0.000669894 -0.000089627 -0.004539491 -0.000669713 0.999997333 0.002088550 0.003604969 0.000090759 -0.002088496 0.999998470 0.008928595
0.999999557 0.000664808 -0.000103070 -0.004539551 -0.000664595 0.999997262 0.002075148 0.003574969 0.000104207 -0.002075081 0.999998277 0.008928413
0.999999452 0.000661564 -0.000117880 -0.004539631 -0.000661316 0.999997121 0.002050826 0.003534970 0.000117643 -0.002050757 0.999998453 0.008928170
0.999999007 0.000740465 -0.000096472 -0.004539731 -0.000740257 0.999997775 0.002019775 0.003484971 0.000097930 -0.002019703 0.999997997 0.008927867
0.999999127 0.000755257 -0.000078588 -0.004539751 -0.000755098 0.999997734 0.002017829 0.003474971 0.000079952 -0.002017778 0.999998135 0.008927806
0.999999646 0.000713915 -0.000080837 -0.004539770 -0.000713748 0.999997777 0.002011383 0.003464972 0.000081548 -0.002011330 0.999998077 0.008927746
0.999999226 0.000739867 -0.000018287 -0.004539870 -0.000739824 0.999997550 0.001982446 0.003414973 0.000018326 -0.001982442 0.999998425 0.008927442
0.999999192 0.000728978 -0.000024121 -0.004539890 -0.000728925 0.999997520 0.001973965 0.003404973 0.000025100 -0.001973955 0.999998772 0.008927382
0.999999191 0.000732839 -0.000077841 -0.004539990 -0.000732685 0.999997342 0.001945876 0.003354974 0.000077852 -0.001945824 0.999998153 0.008927078
0.999999368 0.000750266 -0.000105155 -0.004540050 -0.000750066 0.999997225 0.001932306 0.003324974 0.000105924 -0.001932235 0.999998737 0.008926896
0.999999337 0.000746878 -0.000109632 -0.004540050 -0.000746664 0.999997217 0.001929916 0.003324974 0.000110417 -0.001929843 0.999998685 0.008926896
0.999999700 0.000774134 -0.000112735 -0.004540010 -0.000773916 0.999997235 0.001941844 0.003344974 0.000113833 -0.001941776 0.999998284 0.008927018
0.999999172 0.000723373 -0.000081505 -0.004540130 -0.000723213 0.999997112 0.001904891 0.003284975 0.000082381 -0.001904848 0.999998322 0.008926654
0.999999496 0.000748280 -0.000036790 -0.004540150 -0.000748212 0.999997047 0.001902320 0.003274975 0.000037509 -0.001902305 0.999998680 0.008926593
0.999999156 0.000756220 -0.000022097 -0.004540270 -0.000756171 0.999997823 0.001868043 0.003214977 0.000022699 -0.001868034 0.999998148 0.008926229
0.999999868 0.000770991 -0.000039923 -0.004540170 -0.000770914 0.999997981 0.001898979 0.003264976 0.000040953 -0.001898948 0.999998186 0.008926532
0.999999388 0.000774077 -0.000043487 -0.004540130 -0.000773992 0.999997028 0.001907773 0.003284975 0.000044061 -0.001907752 0.999998657 0.008926654
0.999999881 0.000764352 -0.000039868 -0.004540070 -0.000764264 0.999997163 0.001926678 0.003314975 0.000040993 -0.001926661 0.999998354 0.008926836
0.999998943 0.000791329 -0.000091813 -0.004540170 -0.000791149 0.999997920 0.001895550 0.003264976 0.000093149 -0.001895482 0.999998626 0.008926532
0.999998858 0.000787318 -0.000103051 -0.004540270 -0.000787117 0.999997750 0.001866253 0.003214977 0.000104354 -0.001866182 0.999998355 0.008926229
0.999999170 0.000821304 -0.000111101 -0.004540270 -0.000821096 0.999997692 0.001867957 0.003214977 0.000112201 -0.001867875 0.999998745 0.008926229
0.999999296 0.000776781 -0.000107430 -0.004540110 -0.000776569 0.999997054 0.001912921 0.003294975 0.000107999 -0.001912850 0.999998601 0.008926714
0.999998831 0.000763517 -0.000112752 -0.004540050 -0.000763291 0.999997204 0.001933325 0.003324974 0.000113442 -0.001933251 0.999998232 0.008926896
0.999999534 0.000769621 -0.000080107 -0.004540050 -0.000769467 0.999997179 0.001931161 0.003324974 0.000081210 -0.001931111 0.999998045 0.008926896
0.999999546 0.000801402 -0.000071215 -0.004540130 -0.000801262 0.999997956 0.001904823 0.003284975 0.000072073 -0.001904767 0.999997960 0.008926654
0.999999557 0.000758274 -0.000079770 -0.004540230 -0.000758117 0.999997901 0.001881563 0.003234976 0.000081279 -0.001881514 0.999999089 0.008926350
