1.000000000 0.000000000 0.000000000 0.000000000 0.000000000 1.000000000 0.000000000 0.000000000 -0.000000000 0.000000000 1.000000000 -0.000000000
1.000000261 0.000005620 -0.000021440 0.000000046 -0.000005621 1.000000189 0.000026002 0.000039999 0.000021428 -0.000026008 1.000000462 0.000000300
1.000000215 0.000013632 -0.000025868 0.000000125 -0.000013624 1.000000469 0.000064616 0.000109997 0.000025840 -0.000064616 1.000000715 0.000000825
1.000000468 0.000009309 -0.000049619 0.000000046 -0.000009303 1.000000168 0.000023792 0.000039999 0.000049578 -0.000023799 1.000000657 0.000000300
0.999999387 -0.000025637 -0.000023700 0.000000000 0.000025636 1.000000063 0.000004535 0.000000000 0.000023444 -0.000004544 1.000000283 -0.000000000
1.000000408 -0.000024655 -0.000008872 0.000000114 0.000024648 1.000000501 0.000063009 0.000099997 0.000008238 -0.000063009 1.000000398 0.000000750
1.000000031 0.000022002 0.000006813 0.000000182 -0.000021999 1.000000666 0.000092069 0.000159995 -0.000006873 -0.000092072 1.000000747 0.000001200
1.000000376 0.000068729 0.000000566 0.000000194 -0.000068722 1.000000657 0.000098033 0.000169995 -0.000001406 -0.000098027 0.999999845 0.000001275
1.000000147 -0.000013832 0.000016240 0.000000228 0.000013837 0.999999895 0.000117134 0.000199994 -0.000015549 -0.000117142 1.000000119 0.000001500
0.999999746 -0.000056272 -0.000038782 0.000000205 0.000056274 0.999999857 0.000105637 0.000179995 0.000038435 -0.000105642 1.000000019 0.000001350
0.999999706 -0.000070436 -0.000045513 0.000000160 0.000070443 0.999999724 0.000085836 0.000139996 0.000045250 -0.000085837 0.999999815 0.000001050
1.000000281 -0.000007449 -0.000075015 0.000000205 0.000007452 0.999999788 0.000103864 0.000179995 0.000074300 -0.000103869 1.000000597 0.000001350
1.000000220 -0.000019557 -0.000083455 0.000000285 0.000019575 1.000000125 0.000146920 0.000249993 0.000083336 -0.000146921 0.999999954 0.000001876
0.999999820 -0.000033930 -0.000080351 0.000000251 0.000033932 0.999999990 0.000126743 0.000219994 0.000079862 -0.000126751 1.000000276 0.000001650
1.000000123 -0.000119103 -0.000055774 0.000000217 0.000119104 0.999999961 0.000109934 0.000189995 0.000055904 -0.000109951 1.000000356 0.000001425
1.000000094 -0.000077263 -0.000053530 0.000000228 0.000077272 0.999999967 0.000117101 0.000199994 0.000053354 -0.000117109 1.000000429 0.000001500
1.000000409 -0.000070487 -0.000068306 0.000000205 0.000070501 0.999999867 0.000104876 0.000179995 0.000068065 -0.000104893 1.000000661 0.000001350
0.999999826 -0.000056376 -0.000082613 0.000000205 0.000056385 0.999999844 0.000103867 0.000179995 0.000082266 -0.000103876 1.000000086 0.000001350
1.000000480 -0.000077891 -0.000114418 0.000000125 0.000077905 1.000000564 0.000063299 0.000109997 0.000114187 -0.000063307 1.000000410 0.000000825
0.999999559 -0.000068507 -0.000115791 0.000000068 0.000068513 1.000000374 0.000039448 0.000059998 0.000115898 -0.000039463 1.000000667 0.000000450
1.000000317 -0.000071527 -0.000080090 -0.000000057 0.000071517 0.999999884 -0.000026393 -0.000049999 0.000079253 0.000026382 1.000000473 -0.000000375
0.999999771 -0.000057003 -0.000089094 -0.000000160 0.000057004 1.000000468 -0.000079631 -0.000139996 0.000088979 0.000079622 0.999999999 -0.000001050
1.000000258 -0.000068619 -0.000085980 -0.000000182 0.000068617 1.000000400 -0.000090388 -0.000159995 0.000085940 0.000090388 1.000000391 -0.000001200
1.000000015 -0.000139695 -0.000071718 -0.000000262 0.000139686 1.000000191 -0.000129117 -0.000229993 0.000071711 0.000129104 1.000000668 -0.000001725
0.999999818 -0.000184901 -0.000048028 -0.000000296 0.000184893 1.000000138 -0.000143072 -0.000259993 0.000048344 0.000143054 1.000000315 -0.000001951
0.999999835 -0.000167083 -0.000044448 -0.000000296 0.000167077 1.000000110 -0.000144003 -0.000259993 0.000043738 0.000143999 0.999999890 -0.000001951
1.000000462 -0.000121084 -0.000015388 -0.000000308 0.000121085 1.000000007 -0.000150817 -0.000269992 0.000015670 0.000150820 1.000000083 -0.000002026
1.000000217 -0.000152399 -0.000048861 -0.000000194 0.000152393 1.000000478 -0.000092679 -0.000169995 0.000049446 0.000092674 1.000000238 -0.000001275
0.999999747 -0.000139203 -0.000051112 -0.000000217 0.000139197 1.000000371 -0.000105056 -0.000189995 0.000050237 0.000105047 1.000000126 -0.000001425
1.000000210 -0.000151377 0.000002489 -0.000000331 0.000151379 0.999999968 -0.000160609 -0.000289992 -0.000003336 0.000160606 1.000000159 -0.000002176
1.000000120 -0.000088504 0.000001144 -0.000000319 0.000088504 0.999999901 -0.000159980 -0.000279992 -0.000001572 0.000159974 1.000000600 -0.000002101
1.000000210 -0.000080612 -0.000040448 -0.000000319 0.000080602 0.999999899 -0.000159014 -0.000279992 0.000039963 0.000159007 1.000000706 -0.000002101
1.000000542 -0.000087875 -0.000054763 -0.000000342 0.000087871 0.999999851 -0.000166583 -0.000299991 0.000054779 0.000166571 1.000000082 -0.000002251
0.999999760 -0.000096261 -0.000096312 -0.000000262 0.000096243 1.000000149 -0.000128137 -0.000229993 0.000095982 0.000128125 1.000000469 -0.000001725
0.999999930 -0.000076746 -0.000126732 -0.000000274 0.000076725 1.000000084 -0.000133764 -0.000239993 0.000126249 0.000133754 1.000000619 -0.000001801
1.000000031 -0.000099659 -0.000117782 -0.000000262 0.000099652 1.000000149 -0.000128595 -0.000229993 0.000117477 0.000128580 1.000000733 -0.000001725
0.999999909 -0.000058405 -0.000125941 -0.000000445 0.000058376 1.000000405 -0.000221466 -0.000389989 0.000126112 0.000221457 1.000000416 -0.000002926
0.999999678 -0.000036321 -0.000150549 -0.000000467 0.000036282 1.000000304 -0.000231536 -0.000409988 0.000150542 0.000231530 1.000000134 -0.000003076
1.000000429 -0.000012141 -0.000164805 -0.000000376 0.000012118 1.000000607 -0.000187467 -0.000329991 0.000164232 0.000187467 0.999999898 -0.000002476
0.999999818 -0.000006237 -0.000182658 -0.000000319 0.000006218 0.999999834 -0.000156346 -0.000279992 0.000182967 0.000156343 0.999999981 -0.000002101
0.999999873 -0.000022115 -0.000178176 -0.000000296 0.000022081 0.999999915 -0.000147952 -0.000259993 0.000178614 0.000147945 1.000000082 -0.000001951
0.999999349 0.000005735 -0.000183995 -0.000000308 -0.000005758 0.999999872 -0.000149438 -0.000269992 0.000183768 0.000149430 1.000000469 -0.000002026
1.000000237 -0.000040956 -0.000190769 -0.000000422 0.000040916 1.000000492 -0.000207208 -0.000369989 0.000191281 0.000207203 0.999999980 -0.000002776
1.000000293 -0.000024502 -0.000181839 -0.000000445 0.000024463 1.000000381 -0.000219469 -0.000389989 0.000182213 0.000219465 0.999999963 -0.000002926
0.999999912 -0.000023093 -0.000174319 -0.000000581 0.000023034 0.999999860 -0.000288829 -0.000509985 0.000174149 0.000288818 0.999999953 -0.000003826
0.999999540 -0.000035348 -0.000114030 -0.000000730 0.000035311 1.000000331 -0.000361080 -0.000639982 0.000113413 0.000361082 0.999999917 -0.000004801
0.999999680 -0.000010159 -0.000093902 -0.000000718 0.000010122 1.000000327 -0.000357794 -0.000629982 0.000093099 0.000357796 1.000000110 -0.000004726
1.000000186 0.000026822 -0.000080467 -0.000000684 -0.000026847 1.000000413 -0.000340731 -0.000599983 0.000080751 0.000340736 1.000000351 -0.000004501
0.999999889 0.000068943 -0.000056761 -0.000000684 -0.000068967 1.000000366 -0.000340586 -0.000599983 0.000056729 0.000340592 1.000000103 -0.000004501
1.000000436 0.000054306 -0.000047778 -0.000000616 -0.000054315 1.000000644 -0.000305858 -0.000539985 0.000047004 0.000305859 1.000000439 -0.000004051
1.000000137 0.000097622 -0.000024073 -0.000000616 -0.000097625 1.000000592 -0.000306093 -0.000539985 0.000022973 0.000306101 1.000000188 -0.000004051
1.000000335 0.000121118 0.000003257 -0.000000536 -0.000121114 0.999999853 -0.000267790 -0.000469987 -0.000004035 0.000267789 0.999999810 -0.000003526
0.999999813 0.000098476 -0.000008426 -0.000000627 -0.000098484 1.000000559 -0.000310472 -0.000549984 0.000008205 0.000310477 1.000000287 -0.000004126
0.999999520 0.000108940 -0.000041927 -0.000891206 -0.000108945 0.999999799 -0.000276792 -0.000485560 0.000041668 0.000276797 1.000000258 -0.000458348
0.999999573 0.000165598 -0.000080470 -0.000891332 -0.000165622 1.000000232 -0.000343781 -0.000595556 0.000080601 0.000343789 1.000000328 -0.000459173
1.000000334 0.000181057 -0.000094795 -0.000891366 -0.000181091 1.000000093 -0.000360000 -0.000625556 0.000094356 0.000360023 0.999999639 -0.000459398
0.999999622 0.000155464 -0.000076901 -0.000891355 -0.000155485 1.000000164 -0.000354451 -0.000615556 0.000076205 0.000354469 0.999999830 -0.000459323
0.999999747 0.000177079 -0.000058986 -0.000891309 -0.000177092 1.000000316 -0.000330874 -0.000575557 0.000058154 0.000330889 1.000000157 -0.000459023
0.999999878 0.000161364 -0.000044656 -0.000891275 -0.000161376 1.000000490 -0.000310045 -0.000545558 0.000044856 0.000310056 1.000000881 -0.000458798
0.999999933 0.000178090 -0.000036575 -0.000891218 -0.000178096 0.999999652 -0.000285882 -0.000495559 0.000035786 0.000285882 1.000000682 -0.000458423
0.999999756 0.000169954 -0.000058962 -0.000891263 -0.000169968 1.000000487 -0.000309144 -0.000535558 0.000058208 0.000309153 1.000000320 -0.000458723
0.999999806 0.000158540 -0.000053983 -0.000891172 -0.000158551 0.999999845 -0.000263205 -0.000455560 0.000053821 0.000263214 0.999999812 -0.000458123
0.999999819 0.000163686 -0.000052239 -0.000891241 -0.000163700 1.000000592 -0.000296043 -0.000515559 0.000051546 0.000296050 1.000000475 -0.000458573
0.999999850 0.000120191 -0.000054450 -0.000891195 -0.000120199 0.999999801 -0.000274811 -0.000475560 0.000054109 0.000274816 1.000000615 -0.000458273
0.999999463 0.000142323 -0.000044168 -0.000891206 -0.000142336 0.999999731 -0.000280819 -0.000485560 0.000043653 0.000280815 1.000000209 -0.000458348
1.000000151 0.000172853 -0.000063446 -0.000891286 -0.000172872 1.000000401 -0.000320178 -0.000555558 0.000064003 0.000320187 1.000000200 -0.000458873
0.999999895 0.000151036 -0.000097792 -0.000891138 -0.000151056 0.999999982 -0.000246016 -0.000425561 0.000097708 0.000246023 1.000000021 -0.000457898
0.999999983 0.000172029 -0.000084370 -0.000891127 -0.000172045 1.000000002 -0.000240172 -0.000415562 0.000084134 0.000240179 1.000000177 -0.000457823
0.999999455 0.000170785 -0.000093802 -0.000891184 -0.000170811 0.999999783 -0.000269547 -0.000465560 0.000093978 0.000269556 1.000000772 -0.000458198
1.000000433 0.000159631 -0.000085788 -0.000891263 -0.000159651 1.000000534 -0.000304462 -0.000535558 0.000085572 0.000304478 1.000000131 -0.000458723
1.000000414 0.000127746 -0.000092490 -0.000891252 -0.000127778 1.000000608 -0.000299364 -0.000525558 0.000092520 0.000299372 1.000000113 -0.000458648
0.999999550 0.000131703 -0.000035239 -0.000891241 -0.000131714 1.000000647 -0.000293610 -0.000515559 0.000034789 0.000293623 1.000000188 -0.000458573
1.000000263 0.000102203 -0.000008393 -0.000000570 -0.000102208 0.999999770 -0.000281772 -0.000499986 0.000007287 0.000281767 1.000000502 -0.000003751
1.000000086 0.000077184 -0.000031605 -0.000000502 -0.000077193 1.000000053 -0.000247772 -0.000439987 0.000032071 0.000247775 1.000000115 -0.000003301
0.999999740 0.000096765 -0.000018137 -0.000000410 -0.000096761 1.000000372 -0.000202269 -0.000359990 0.000017162 0.000202274 1.000000569 -0.000002701
1.000000462 0.000146377 -0.000031568 -0.000000433 -0.000146381 1.000000221 -0.000214943 -0.000379989 0.000030661 0.000214947 1.000000361 -0.000002851
0.999999902 0.000135159 0.000006929 -0.000000376 -0.000135156 1.000000432 -0.000188473 -0.000329991 -0.000007722 0.000188472 0.999999988 -0.000002476
1.000000137 0.000212972 -0.000006990 -0.000891115 -0.000212975 1.000000027 -0.000230692 -0.000405562 0.000006456 0.000230688 1.000000449 -0.000457748
0.999999804 0.000155291 -0.000001657 -0.000000513 -0.000155286 0.999999894 -0.000257071 -0.000449987 0.000001071 0.000257065 1.000000743 -0.000003376
1.000000278 0.000105753 -0.000004747 -0.000000456 -0.000105751 1.000000193 -0.000224845 -0.000399989 0.000005024 0.000224849 1.000000512 -0.000003001
0.999999784 0.000063265 -0.000071007 -0.000891229 -0.000063278 0.999999775 -0.000286937 -0.000505559 0.000070188 0.000286938 0.999999938 -0.000458498
0.999999711 0.000028791 -0.000083545 -0.000000604 -0.000028820 0.999999730 -0.000298225 -0.000529985 0.000083863 0.000298228 1.000000196 -0.000003976
0.999999660 0.000023598 -0.000090217 -0.000000536 -0.000023620 0.999999971 -0.000266928 -0.000469987 0.000090610 0.000266924 1.000000375 -0.000003526
1.000000121 0.000001882 -0.000092436 -0.000000502 -0.000001901 1.000000109 -0.000251755 -0.000439987 0.000092119 0.000251751 1.000000470 -0.000003301
0.999999683 0.000003438 -0.000091032 -0.000000410 -0.000003451 1.000000491 -0.000200555 -0.000359990 0.000090762 0.000200562 1.000000418 -0.000002701
1.000000106 -0.000033913 -0.000099125 -0.000000479 0.000033897 1.000000275 -0.000235048 -0.000419988 0.000099095 0.000235039 1.000000539 -0.000003151
1.000000091 -0.000026043 -0.000047288 -0.000000547 0.000026034 0.999999969 -0.000274712 -0.000479986 0.000046262 0.000274715 0.999999782 -0.000003601
1.000000578 -0.000037937 -0.000044169 -0.000000570 0.000037926 0.999999928 -0.000281939 -0.000499986 0.000043224 0.000281936 1.000000201 -0.000003751
1.000000151 -0.000110839 -0.000051702 -0.000000456 0.000110838 1.000000445 -0.000224128 -0.000399989 0.000051370 0.000224118 1.000000124 -0.000003001
0.999999984 -0.000112324 -0.000072345 -0.000000570 0.000112307 1.000000021 -0.000280809 -0.000499986 0.000071506 0.000280799 1.000000420 -0.000003751
0.999999954 -0.000086042 -0.000072347 -0.000000570 0.000086028 0.999999982 -0.000282049 -0.000499986 0.000071308 0.000282034 1.000000411 -0.000003751
0.999999746 -0.000067810 -0.000094671 -0.000000502 0.000067791 1.000000196 -0.000250773 -0.000439987 0.000093532 0.000250765 1.000000458 -0.000003301
0.999999836 -0.000130782 -0.000092474 -0.000000570 0.000130756 1.000000014 -0.000284635 -0.000499986 0.000091768 0.000284625 1.000000223 -0.000003751
0.999999672 -0.000117837 -0.000110324 -0.000000513 0.000117812 1.000000245 -0.000251814 -0.000449987 0.000109560 0.000251791 1.000000319 -0.000003376
0.999999802 -0.000128930 -0.000149705 -0.000000547 0.000128896 1.000000100 -0.000272859 -0.000479986 0.000149001 0.000272838 1.000000279 -0.000003601
0.999999965 -0.000173356 -0.000136287 -0.000000547 0.000173315 1.000000169 -0.000270436 -0.000479986 0.000135918 0.000270414 1.000000410 -0.000003601
0.999999797 -0.000206067 -0.000160883 -0.000000547 0.000206030 1.000000205 -0.000270596 -0.000479986 0.000160760 0.000270556 1.000000202 -0.000003601
0.999999689 -0.000177552 -0.000169790 -0.000000479 0.000177514 1.000000412 -0.000238636 -0.000419988 0.000169490 0.000238608 1.000000367 -0.000003151
0.999999606 -0.000153628 -0.000176531 -0.000000536 0.000153584 1.000000171 -0.000267227 -0.000469987 0.000176019 0.000267202 1.000000096 -0.000003526
0.999999744 -0.000121926 -0.000209212 -0.000000593 0.000121870 0.999999921 -0.000295700 -0.000519985 0.000208431 0.000295669 1.000000056 -0.000003901
1.000000068 -0.000127396 -0.000170711 -0.000000536 0.000127355 1.000000159 -0.000264771 -0.000469987 0.000170460 0.000264752 0.999999716 -0.000003526
1.000000037 -0.000121403 -0.000120645 -0.000000559 0.000121374 1.000000044 -0.000279184 -0.000489986 0.000119876 0.000279162 1.000000475 -0.000003676
0.999999540 -0.000105833 -0.000070135 -0.000000604 0.000105818 0.999999847 -0.000303021 -0.000529985 0.000070112 0.000303008 1.000000273 -0.000003976
0.999999633 -0.000083455 -0.000109508 -0.000000638 0.000083423 0.999999713 -0.000317556 -0.000559984 0.000109302 0.000317543 1.000000281 -0.000004201
1.000000410 -0.000099428 -0.000125684 -0.000000764 0.000099391 1.000000275 -0.000378302 -0.000669981 0.000125529 0.000378287 1.000000585 -0.000005026
1.000000182 -0.000100947 -0.000099788 -0.000000844 0.000100906 0.999999979 -0.000418089 -0.000739979 0.000099598 0.000418077 1.000000056 -0.000005552
1.000000021 -0.000107388 -0.000119879 -0.000000775 0.000107345 1.000000205 -0.000388875 -0.000679981 0.000119771 0.000388864 1.000000107 -0.000005101
0.999999633 -0.000116352 -0.000114500 -0.000000752 0.000116308 1.000000326 -0.000374136 -0.000659981 0.000114021 0.000374116 1.000000710 -0.000004951
1.000000053 -0.000135512 -0.000119916 -0.000000844 0.000135464 0.999999995 -0.000421134 -0.000739979 0.000119982 0.000421123 0.999999865 -0.000005552
1.000000088 -0.000083695 -0.000109261 -0.000000969 0.000083649 1.000000475 -0.000482612 -0.000849976 0.000108413 0.000482601 1.000000388 -0.000006377
1.000000040 -0.000058585 -0.000110147 -0.000000958 0.000058533 1.000000473 -0.000479098 -0.000839976 0.000110460 0.000479095 0.999999960 -0.000006302
1.000000226 -0.000040811 -0.000086442 -0.000000958 0.000040778 1.000000454 -0.000478913 -0.000839976 0.000085731 0.000478917 0.999999712 -0.000006302
0.999999961 -0.000059909 -0.000066829 -0.000001060 0.000059882 1.000000105 -0.000528252 -0.000929973 0.000066640 0.000528246 1.000000402 -0.000006977
1.000000534 -0.000065100 -0.000052064 -0.000001049 0.000065068 1.000000133 -0.000525337 -0.000919974 0.000052372 0.000525327 1.000000100 -0.000006902
0.999999950 -0.000033807 -0.000064602 -0.000891719 0.000033769 1.000000017 -0.000535995 -0.000935547 0.000064208 0.000535991 1.000000362 -0.000461724
1.000000004 -0.000031468 -0.000057902 -0.000891731 0.000031440 0.999999959 -0.000543462 -0.000945546 0.000057483 0.000543462 1.000000362 -0.000461799
0.999999509 -0.000082653 -0.000017162 -0.000001026 0.000082654 1.000000266 -0.000510316 -0.000899974 0.000017163 0.000510315 1.000000058 -0.000006752
1.000000080 -0.000086377 -0.000003178 -0.000000821 0.000086381 1.000000017 -0.000410718 -0.000719979 0.000002884 0.000410717 1.000000027 -0.000005402
1.000000171 -0.000084015 0.000008005 -0.000000821 0.000084015 1.000000035 -0.000408052 -0.000719979 -0.000008314 0.000408049 1.000000140 -0.000005402
1.000000446 -0.000090646 -0.000013503 -0.000000889 0.000090643 0.999999783 -0.000442529 -0.000779978 0.000013206 0.000442523 1.000000149 -0.000005852
0.999999969 -0.000071406 -0.000014354 -0.000000821 0.000071407 1.000000022 -0.000407785 -0.000719979 0.000013952 0.000407783 0.999999955 -0.000005402
1.000000485 -0.000059530 -0.000004485 -0.000000752 0.000059531 1.000000235 -0.000377641 -0.000659981 0.000004028 0.000377637 1.000000711 -0.000004951
1.000000180 -0.000091902 0.000008022 -0.000000787 0.000091904 1.000000150 -0.000393872 -0.000689980 -0.000008255 0.000393873 1.000000247 -0.000005176
0.999999770 -0.000082190 0.000013380 -0.000000798 0.000082199 1.000000109 -0.000397812 -0.000699980 -0.000014145 0.000397809 1.000000709 -0.000005251
1.000000207 -0.000050613 0.000016972 -0.000000775 0.000050623 1.000000143 -0.000388473 -0.000679981 -0.000017509 0.000388476 1.000000362 -0.000005101
1.000000235 -0.000058469 0.000019134 -0.000000912 0.000058479 0.999999670 -0.000452824 -0.000799977 -0.000019686 0.000452819 0.999999898 -0.000006002
1.000000405 -0.000038703 -0.000010418 -0.000000958 0.000038701 1.000000452 -0.000478775 -0.000839976 0.000010580 0.000478769 1.000000351 -0.000006302
0.999999582 -0.000048725 -0.000003712 -0.000000958 0.000048726 1.000000448 -0.000480853 -0.000839976 0.000003492 0.000480850 1.000000391 -0.000006302
1.000000121 -0.000056487 0.000005745 -0.000000866 0.000056489 0.999999840 -0.000429779 -0.000759978 -0.000006284 0.000429781 0.999999959 -0.000005702
1.000000236 -0.000059258 0.000019145 -0.000000889 0.000059269 0.999999741 -0.000443374 -0.000779978 -0.000019680 0.000443367 0.999999969 -0.000005852
0.999999823 -0.000079065 0.000020020 -0.000000912 0.000079079 0.999999664 -0.000456728 -0.000799977 -0.000020877 0.000456720 1.000000324 -0.000006002
0.999999905 -0.000085413 0.000028947 -0.000000946 0.000085426 1.000000557 -0.000471959 -0.000829976 -0.000029773 0.000471956 1.000000284 -0.000006227
1.000000179 -0.000058071 0.000013282 -0.000000969 0.000058079 1.000000436 -0.000483890 -0.000849976 -0.000012981 0.000483893 1.000000064 -0.000006377
1.000000170 -0.000050978 0.000013302 -0.000000935 0.000050979 1.000000564 -0.000465800 -0.000819977 -0.000013034 0.000465800 1.000000199 -0.000006152
1.000000063 -0.000072015 -0.000002357 -0.000000946 0.000072011 1.000000537 -0.000472581 -0.000829976 0.000002776 0.000472587 1.000000017 -0.000006227
0.999999619 -0.000080637 -0.000003728 -0.000000992 0.000080635 1.000000379 -0.000494952 -0.000869975 0.000003732 0.000494952 1.000000285 -0.000006527
0.999999644 -0.000053934 0.000002984 -0.000000980 0.000053936 1.000000379 -0.000490880 -0.000859975 -0.000003177 0.000490878 1.000000372 -0.000006452
1.000000125 -0.000011317 0.000013290 -0.000000958 0.000011320 1.000000439 -0.000476320 -0.000839976 -0.000013331 0.000476324 1.000000120 -0.000006302
0.999999975 -0.000059785 -0.000012646 -0.000000946 0.000059785 1.000000525 -0.000472252 -0.000829976 0.000011629 0.000472251 1.000000381 -0.000006227
1.000000011 -0.000092034 -0.000012667 -0.000000980 0.000092024 1.000000426 -0.000490332 -0.000859975 0.000011871 0.000490335 1.000000245 -0.000006452
1.000000344 -0.000116796 -0.000029664 -0.000000980 0.000116785 1.000000460 -0.000489675 -0.000859975 0.000029054 0.000489663 1.000000555 -0.000006452
0.999999507 -0.000130720 -0.000023824 -0.000000946 0.000130703 0.999999623 -0.000470049 -0.000829976 0.000024232 0.000470040 1.000000304 -0.000006227
0.999999988 -0.000087560 -0.000014878 -0.000000935 0.000087557 1.000000583 -0.000468750 -0.000819977 0.000014073 0.000468750 1.000000388 -0.000006152
0.999999791 -0.000100392 0.000013256 -0.000001015 0.000100408 1.000000316 -0.000506289 -0.000889975 -0.000014008 0.000506289 0.999999896 -0.000006677
0.999999990 -0.000122601 -0.000019360 -0.000000958 0.000122602 1.000000562 -0.000476914 -0.000839976 0.000018808 0.000476909 1.000000290 -0.000006302
1.000000611 -0.000120274 0.000002102 -0.000000969 0.000120279 1.000000508 -0.000483696 -0.000849976 -0.000002224 0.000483699 0.999999971 -0.000006377
1.000000023 -0.000123330 0.000038738 -0.000001026 0.000123352 1.000000315 -0.000509933 -0.000899974 -0.000038433 0.000509938 1.000000529 -0.000006752
1.000000365 -0.000090438 0.000030613 -0.000001151 0.000090462 0.999999804 -0.000573105 -0.001009971 -0.000030626 0.000573110 1.000000435 -0.000007577
0.999999957 -0.000114642 0.000030613 -0.000001151 0.000114662 0.999999831 -0.000573195 -0.001009971 -0.000031790 0.000573194 1.000000434 -0.000007577
1.000000250 -0.000104166 0.000014918 -0.000001220 0.000104174 0.999999532 -0.000611335 -0.001069969 -0.000014871 0.000611326 1.000000017 -0.000008027
1.000000395 -0.000079317 -0.000017772 -0.000001288 0.000079310 1.000000239 -0.000646628 -0.001129968 0.000017593 0.000646630 0.999999926 -0.000008477
0.999999455 -0.000096377 -0.000079495 -0.000891947 0.000096321 1.000000221 -0.000651687 -0.001135541 0.000078984 0.000651675 0.999999818 -0.000463224
0.999999975 -0.000109150 -0.000019079 -0.000001231 0.000109143 0.999999524 -0.000613211 -0.001079969 0.000018707 0.000613194 1.000000612 -0.000008102
0.999999569 -0.000119016 -0.000015513 -0.000001254 0.000119010 1.000000434 -0.000626681 -0.001099969 0.000015200 0.000626679 1.000000094 -0.000008252
1.000000214 -0.000122397 0.000007324 -0.000001220 0.000122404 0.999999583 -0.000607322 -0.001069969 -0.000008026 0.000607319 0.999999536 -0.000008027
0.999999938 -0.000065226 0.000035914 -0.000001254 0.000065257 1.000000370 -0.000627033 -0.001099969 -0.000036633 0.000627035 1.000000522 -0.000008252
1.000000150 -0.000070610 0.000060946 -0.000001288 0.000070651 1.000000253 -0.000643446 -0.001129968 -0.000061189 0.000643452 0.999999715 -0.000008477
1.000000418 -0.000087132 0.000037227 -0.000001311 0.000087152 1.000000179 -0.000655880 -0.001149967 -0.000037359 0.000655890 0.999999870 -0.000008627
0.999999815 -0.000072305 0.000020728 -0.000001231 0.000072319 1.000000451 -0.000617338 -0.001079969 -0.000020927 0.000617347 0.999999573 -0.000008102
1.000000343 -0.000054214 0.000032783 -0.000001265 0.000054240 1.000000327 -0.000631176 -0.001109968 -0.000033134 0.000631175 1.000000018 -0.000008327
0.999999827 -0.000099526 0.000017968 -0.000001357 0.000099532 1.000000027 -0.000677970 -0.001189966 -0.000018487 0.000677968 0.999999990 -0.000008928
0.999999982 -0.000099018 -0.000016917 -0.000001357 0.000099010 1.000000025 -0.000678141 -0.001189966 0.000016395 0.000678137 1.000000144 -0.000008928
0.999999951 -0.000088268 -0.000018305 -0.000892073 0.000088253 0.999999731 -0.000715742 -0.001245538 0.000018551 0.000715736 1.000000298 -0.000464050
1.000000354 -0.000091867 -0.000025025 -0.000892096 0.000091849 0.999999661 -0.000725674 -0.001265537 0.000024395 0.000725665 1.000000167 -0.000464200
0.999999544 -0.000130364 -0.000019714 -0.000001539 0.000130346 1.000000360 -0.000771612 -0.001349961 0.000019757 0.000771610 1.000000315 -0.000010128
1.000000473 -0.000082141 -0.000009422 -0.000892187 0.000082137 1.000000323 -0.000769241 -0.001345535 0.000008670 0.000769237 0.999999971 -0.000464800
1.000000120 -0.000006583 0.000012945 -0.000892175 0.000006590 1.000000287 -0.000762478 -0.001335535 -0.000013367 0.000762472 1.000000210 -0.000464725
1.000000468 -0.000049557 0.000048674 -0.000892255 0.000049597 1.000000028 -0.000803520 -0.001405533 -0.000048821 0.000803520 1.000000201 -0.000465250
1.000000061 -0.000091527 0.000046428 -0.000001619 0.000091570 1.000000010 -0.000812317 -0.001419959 -0.000047616 0.000812319 1.000000117 -0.000010653
1.000000208 -0.000088495 0.000065587 0.003654519 0.000088554 0.999999519 -0.000877355 -0.001473895 -0.000065527 0.000877370 0.999999343 -0.009372502
1.000000193 -0.000124779 0.000058372 0.003654428 0.000124833 1.000000214 -0.000923532 -0.001553893 -0.000058546 0.000923535 0.999999831 -0.009373102
0.999999721 -0.000092926 0.000059211 0.003654337 0.000092994 0.999999839 -0.000968665 -0.001633891 -0.000060130 0.000968662 0.999999947 -0.009373703
1.000000362 -0.000087896 0.000030928 0.003654154 0.000087932 1.000000134 -0.001061892 -0.001793886 -0.000030645 0.001061898 0.999999459 -0.009374903
1.000000077 -0.000034716 0.000004934 0.003654063 0.000034713 0.999999729 -0.001107723 -0.001873884 -0.000004212 0.001107718 0.999999345 -0.009375503
0.999999677 -0.000049530 0.000007161 0.003654052 0.000049549 0.999999684 -0.001115975 -0.001883884 -0.000007682 0.001115975 0.999999301 -0.009375578
0.999999855 -0.000069515 -0.000027708 0.003654075 0.000069497 0.999999816 -0.001101397 -0.001863884 0.000027354 0.001101394 0.999999566 -0.009375428
0.999999937 -0.000109240 -0.000024090 0.003654143 0.000109219 1.000000104 -0.001069119 -0.001803886 0.000023180 0.001069112 0.999999391 -0.009374978
0.999999865 -0.000062112 -0.000025410 0.003654189 0.000062094 0.999999215 -0.001047201 -0.001763887 0.000025062 0.001047187 0.999999991 -0.009374678
1.000000219 -0.000039264 -0.000033026 0.003654154 0.000039234 1.000000075 -0.001062348 -0.001793886 0.000032944 0.001062350 0.999999366 -0.009374903
1.000000258 -0.000040666 -0.000029065 0.003654063 0.000040627 0.999999706 -0.001111679 -0.001873884 0.000028483 0.001111675 0.999999924 -0.009375503
0.999999471 -0.000066006 -0.000019271 0.003653983 0.000065988 0.999999467 -0.001147443 -0.001943882 0.000019274 0.001147433 1.000000186 -0.009376028
0.999999741 -0.000002389 -0.000031334 0.003653995 0.000002355 0.999999441 -0.001141215 -0.001933882 0.000031322 0.001141208 0.999999684 -0.009375953
1.000000319 0.000003675 -0.000015755 0.003653869 -0.000003681 0.999999960 -0.001204442 -0.002043879 0.000014734 0.001204444 0.999999341 -0.009376778
0.999999466 0.000003691 -0.000010430 0.003653801 -0.000003703 0.999999706 -0.001238261 -0.002103877 0.000009807 0.001238258 0.999999579 -0.009377229
1.000000179 -0.000004205 -0.000033620 0.003653915 0.000004165 0.999999119 -0.001184461 -0.002003880 0.000032681 0.001184461 0.999999341 -0.009376478
0.999999503 -0.000044743 -0.000012101 0.003653995 0.000044729 0.999999488 -0.001141365 -0.001933882 0.000012407 0.001141367 0.999999397 -0.009375953
0.999999863 -0.000044373 -0.000022404 0.003653972 0.000044341 0.999999399 -0.001153255 -0.001953882 0.000022693 0.001153244 0.999999669 -0.009376103
0.999999843 -0.000059214 -0.000028299 0.003653835 0.000059187 0.999999904 -0.001221450 -0.002073878 0.000027277 0.001221449 0.999999556 -0.009377004
0.999999695 -0.000044089 -0.000042584 0.003653881 0.000044040 0.999999028 -0.001202640 -0.002033879 0.000042815 0.001202633 0.999999130 -0.009376703
0.999999655 -0.000075454 -0.000052814 0.003653983 0.000075403 0.999999459 -0.001149922 -0.001943882 0.000051995 0.001149907 0.999999886 -0.009376028
1.000000356 -0.000098442 0.000028214 0.003654120 0.000098475 0.999999993 -0.001082205 -0.001823885 -0.000028330 0.001082203 1.000000178 -0.009375128
1.000000518 -0.000071982 -0.000001719 0.003654166 0.000071977 1.000000130 -0.001060046 -0.001783886 0.000001885 0.001060041 0.999999646 -0.009374828
1.000000314 -0.000073306 -0.000026290 0.003654200 0.000073283 0.999999300 -0.001037537 -0.001753887 0.000026492 0.001037532 0.999999609 -0.009374603
1.000000420 -0.000096608 -0.000070977 0.003654257 0.000096543 0.999999537 -0.001009464 -0.001703889 0.000070497 0.001009457 0.999999445 -0.009374228
1.000000027 -0.000100974 -0.000064271 0.003654257 0.000100907 0.999999530 -0.001011092 -0.001703889 0.000064712 0.001011080 0.999999489 -0.009374228
1.000000415 -0.000091517 -0.000071481 0.003654177 0.000091454 0.999999209 -0.001052479 -0.001773887 0.000070458 0.001052464 1.000000013 -0.009374753
1.000000374 -0.000072494 -0.000072877 0.003654086 0.000072417 0.999999852 -0.001097100 -0.001853884 0.000072552 0.001097089 1.000000114 -0.009375353
0.999999513 -0.000048714 -0.000064815 0.003654097 0.000048643 0.999999886 -0.001089016 -0.001843885 0.000065210 0.001089019 0.999999795 -0.009375278
0.999999929 -0.000080966 -0.000073769 0.003654086 0.000080881 0.999999852 -0.001098425 -0.001853884 0.000073506 0.001098422 0.999999649 -0.009375353
1.000000144 -0.000191654 -0.000010365 0.003653915 0.000191638 0.999999362 -0.001180473 -0.002003880 0.000010382 0.001180463 1.000000013 -0.009376478
0.999999955 -0.000195584 0.000019448 0.003653664 0.000195616 0.999999406 -0.001308508 -0.002223874 -0.000020002 0.001308512 0.999999751 -0.009378129
1.000000086 -0.000121901 0.000153116 0.003651327 0.000122281 0.999997472 -0.002488174 -0.004273815 -0.000152934 0.002488188 0.999996951 -0.009393508
0.999999728 0.000184146 0.000632722 0.001865027 -0.000180966 0.999987198 -0.005010972 -0.008654837 -0.000634653 0.005010853 0.999987434 -0.010335787
0.999999335 0.000449268 0.000996349 0.001862781 -0.000443135 0.999981384 -0.006145842 -0.010624781 -0.000999334 0.006145393 0.999981084 -0.010350566
0.999997592 0.001206143 0.001691635 0.000970309 -0.001194151 0.999974594 -0.007070805 -0.012220308 -0.001700437 0.007068770 0.999973718 -0.010817241
0.999993456 0.002525099 0.002659636 0.000876945 -0.002506660 0.999973300 -0.006914145 -0.012024083 -0.002677243 0.006907435 0.999972717 0.000364497
0.999987889 0.003478112 0.003352152 0.004439092 -0.003454100 0.999968529 -0.007143632 -0.012431778 -0.003377167 0.007131971 0.999968750 0.002180259
0.999971210 0.005624043 0.005011839 0.002375162 -0.005584034 0.999953069 -0.007961754 -0.014064185 -0.005056558 0.007933543 0.999955954 0.034799398
0.999945143 0.007707194 0.007139774 0.001998742 -0.007644049 0.999932380 -0.008830215 -0.015879209 -0.007207345 0.008775147 0.999935971 0.079506844
0.999924951 0.008746933 0.008602784 0.004482612 -0.008667721 0.999920547 -0.009203294 -0.016680004 -0.008682138 0.009128031 0.999921284 0.103225483
0.999866355 0.010107974 0.012831965 0.012028910 -0.009982781 0.999902051 -0.009783048 -0.018118647 -0.012930548 0.009653639 0.999870086 0.163208365
0.999770342 0.008970595 0.019472822 0.027311004 -0.008780342 0.999913298 -0.009833633 -0.018958454 -0.019559861 0.009660378 0.999762558 0.260828883
0.999689246 0.007961406 0.023642684 0.040296035 -0.007731436 0.999921778 -0.009802333 -0.019319919 -0.023719188 0.009616479 0.999672953 0.312367813
0.999403747 0.006410207 0.033920045 0.064296169 -0.006060811 0.999928307 -0.010393394 -0.021311496 -0.033984448 0.010181613 0.999371358 0.436887274
0.998839580 0.007275318 0.047611450 0.095328511 -0.006775458 0.999920307 -0.010651606 -0.022802270 -0.047685949 0.010316645 0.998809709 0.576228400
0.998434219 0.007955599 0.055367273 0.108923471 -0.007386630 0.999918548 -0.010473198 -0.023129470 -0.055446865 0.010047817 0.998411799 0.661763088
0.997414699 0.007607034 0.071458036 0.154113441 -0.006893022 0.999924448 -0.010233286 -0.023944857 -0.071530506 0.009714269 0.997390967 0.819564831
0.996064031 0.007570611 0.088315520 0.195553670 -0.006722823 0.999928896 -0.009892946 -0.024720078 -0.088385024 0.009260271 0.996043670 0.997908585
0.995194447 0.007222720 0.097649451 0.222508953 -0.006335167 0.999936253 -0.009396090 -0.024583689 -0.097712166 0.008732309 0.995177007 1.090267330
0.992920880 0.006326097 0.118608819 0.286124306 -0.005448120 0.999955091 -0.007725085 -0.023263404 -0.118652813 0.007024196 0.992911587 1.291174702
0.990300228 0.005306698 0.138842994 0.348570961 -0.004722401 0.999979158 -0.004537435 -0.019560067 -0.138864547 0.003837751 0.990304395 1.525186044
0.988733037 0.004443971 0.149624621 0.390480564 -0.003933912 0.999985869 -0.003704708 -0.019076478 -0.149638675 0.003074352 0.988736345 1.647637914
0.985429669 0.002509118 0.170066575 0.465386906 -0.001641780 0.999985492 -0.005240428 -0.023664877 -0.170076959 0.004884858 0.985418826 1.887952922
0.981878816 0.001358236 0.189507587 0.546901240 0.000051171 0.999972632 -0.007432108 -0.029069162 -0.189512829 0.007307118 0.981851860 2.086723683
0.979675374 -0.000369111 0.200588708 0.590684146 0.001899197 0.999970913 -0.007435578 -0.029980618 -0.200580871 0.007665414 0.979647206 2.198894232
0.975006583 -0.003702308 0.222146096 0.681019313 0.005063772 0.999972115 -0.005559452 -0.028463136 -0.222118908 0.006545398 0.974998274 2.413444240
0.970019511 -0.005326804 0.242966816 0.778481054 0.006240792 0.999975921 -0.002992226 -0.025761100 -0.242945053 0.004418814 0.970030804 2.631640778
0.967469977 -0.005770247 0.252920952 0.825827783 0.006584780 0.999975852 -0.002374111 -0.025610293 -0.252901109 0.003962312 0.967484144 2.745638117
0.962513140 -0.005546683 0.271177236 0.912692605 0.006107668 0.999981053 -0.001224768 -0.025251302 -0.271165517 0.002835116 0.962529287 2.947180348
0.956995099 -0.006532905 0.290028902 1.011227195 0.007206058 0.999973771 -0.001253085 -0.026916031 -0.290013182 0.003289168 0.957016909 3.143438298
0.954261451 -0.007461106 0.298881846 1.059649989 0.008326126 0.999964231 -0.001620890 -0.028312068 -0.298859831 0.004035284 0.954288601 3.235518206
