1.000000000 0.000000000 0.000000000 0.000000000 -0.000000000 1.000000000 0.000000000 0.000000000 -0.000000000 0.000000000 1.000000000 0.000000000
1.000000234 -0.000781089 0.000382962 0.000641704 0.000781182 0.999999677 -0.000406491 -0.004675734 -0.000382296 0.000406822 0.999999570 0.088358340
0.999997856 -0.001981645 0.000957096 0.013539703 0.001981436 0.999998014 0.000190685 -0.012641397 -0.000957392 -0.000188745 0.999998973 0.283797495
0.999992561 -0.003684743 0.001320063 0.019303958 0.003682533 0.999991294 0.001617004 -0.018601044 -0.001325172 -0.001612162 0.999997230 0.472071764
0.999992327 -0.003771814 0.001256489 0.018310761 0.003769103 0.999990669 0.002133150 -0.021727821 -0.001263827 -0.002128389 0.999996422 0.562989836
0.999995524 -0.002716991 0.001285350 0.023576532 0.002713138 0.999991622 0.002931360 -0.028132275 -0.001293331 -0.002927888 0.999994557 0.734028492
0.999996350 -0.002184596 0.001753022 0.021690702 0.002177241 0.999988968 0.004156409 -0.033229781 -0.001762369 -0.004152568 0.999989053 0.897870867
0.999997408 -0.001700338 0.001813699 0.025735621 0.001691448 0.999986381 0.004886260 -0.035780397 -0.001822155 -0.004883167 0.999986232 0.981344325
0.999999221 -0.000843978 0.001529248 0.030998587 0.000835312 0.999983853 0.005627261 -0.042294704 -0.001533436 -0.005626057 0.999982710 1.152378047
0.999999522 -0.000360971 0.001301259 0.031379413 0.000353723 0.999984785 0.005565284 -0.048840717 -0.001302912 -0.005564783 0.999982939 1.294789457
0.999999256 0.000167290 0.001304824 0.031566510 -0.000174459 0.999984924 0.005466722 -0.052243551 -0.001303245 -0.005467000 0.999983818 1.365989332
0.999998141 0.001360245 0.001142335 0.031993764 -0.001367547 0.999978236 0.006418702 -0.056971988 -0.001133188 -0.006420169 0.999977871 1.508482374
0.999998000 0.002067751 0.000278038 0.032473057 -0.002070039 0.999961784 0.008506879 -0.059663144 -0.000260124 -0.008507399 0.999963431 1.651066916
0.999997407 0.002355907 -0.000273606 0.034372858 -0.002353298 0.999954629 0.009203762 -0.061568998 0.000294944 -0.009203108 0.999957128 1.719843860
0.999995050 0.003034433 -0.000684887 0.031015559 -0.003028266 0.999954989 0.008930185 -0.067062178 0.000712525 -0.008928172 0.999959442 1.832021558
0.999992303 0.003919194 -0.000224352 0.035321666 -0.003917516 0.999966681 0.007173249 -0.075676894 0.000251798 -0.007172346 0.999973890 1.950483985
0.999992569 0.004009221 -0.000276402 0.037236064 -0.004007465 0.999973106 0.006186078 -0.079792209 0.000301355 -0.006184981 0.999980223 2.001116007
0.999992531 0.003498231 -0.001557090 0.035606067 -0.003490400 0.999981214 0.005032544 -0.085997871 0.001574962 -0.005027023 0.999986181 2.092725851
0.999990345 0.003669260 -0.002443777 0.038445947 -0.003654892 0.999975941 0.005863059 -0.089241139 0.002465168 -0.005854092 0.999979716 2.195873999
0.999991616 0.003435465 -0.002314087 0.038766516 -0.003420082 0.999971441 0.006654541 -0.090199642 0.002337429 -0.006646511 0.999974454 2.249137965
0.999993943 0.002843332 -0.001928909 0.037820256 -0.002827588 0.999962469 0.008166565 -0.091488870 0.001952525 -0.008161130 0.999964724 2.340138566
0.999992271 0.002704857 -0.002905181 0.042431569 -0.002678443 0.999955550 0.009073146 -0.093716924 0.002928962 -0.009065363 0.999954268 2.422796456
0.999990036 0.002814136 -0.003427114 0.042256971 -0.002782225 0.999952740 0.009275191 -0.094990408 0.003452914 -0.009265605 0.999950666 2.458830640
0.999988575 0.003282169 -0.003487657 0.044686178 -0.003249657 0.999951024 0.009326639 -0.098021768 0.003518594 -0.009315217 0.999949886 2.526726980
0.999987379 0.003677835 -0.003460449 0.041623174 -0.003644984 0.999948705 0.009456662 -0.100336415 0.003494777 -0.009444017 0.999948906 2.584910365
0.999987136 0.003593214 -0.003746131 0.045361554 -0.003556777 0.999947115 0.009686083 -0.101379261 0.003780522 -0.009672621 0.999946066 2.615144526
0.999983084 0.003654739 -0.004575237 0.045659164 -0.003608796 0.999943684 0.010004578 -0.103236564 0.004611066 -0.009987934 0.999938897 2.668368124
0.999981495 0.003899805 -0.004650674 0.041011059 -0.003852624 0.999940722 0.010124038 -0.104833554 0.004690091 -0.010105951 0.999937200 2.711028215
0.999981886 0.003929402 -0.004565590 0.039806531 -0.003882616 0.999940163 0.010217509 -0.105506233 0.004606294 -0.010199527 0.999936821 2.730703802
0.999980894 0.003867263 -0.004897456 0.039629127 -0.003816479 0.999938906 0.010355681 -0.106889570 0.004937966 -0.010336855 0.999934102 2.766733052
0.999978815 0.003783492 -0.005374273 0.043917576 -0.003727518 0.999939083 0.010402633 -0.108249001 0.005413080 -0.010382333 0.999931280 2.796122940
0.999979160 0.003855594 -0.005303576 0.040565635 -0.003800214 0.999938629 0.010411357 -0.108366797 0.005343750 -0.010390926 0.999930920 2.801097977
0.999980158 0.003905552 -0.004908000 0.042710242 -0.003854282 0.999938289 0.010430913 -0.109031533 0.004948485 -0.010411787 0.999932698 2.815793593
0.999980122 0.003843464 -0.004976878 0.045413081 -0.003791350 0.999937722 0.010449698 -0.109693280 0.005016547 -0.010430729 0.999932633 2.829659289
0.999979572 0.003838002 -0.005080714 0.043725632 -0.003786072 0.999940087 0.010209847 -0.110201579 0.005120059 -0.010190444 0.999934412 2.832126624
0.999979853 0.003772162 -0.005126998 0.043112810 -0.003725814 0.999952211 0.009037668 -0.112341716 0.005160517 -0.009018354 0.999945538 2.832860559
0.999979628 0.003778610 -0.005113963 0.044749241 -0.003736853 0.999959401 0.008175736 -0.113830753 0.005145585 -0.008156536 0.999953370 2.830303519
0.999980364 0.003721708 -0.005087673 0.045868000 -0.003679990 0.999959199 0.008205339 -0.113734896 0.005118706 -0.008186569 0.999952608 2.828647715
0.999981758 0.003500199 -0.004991889 0.047563613 -0.003457195 0.999956394 0.008617453 -0.112907024 0.005022080 -0.008600105 0.999950173 2.826194733
0.999981373 0.003455107 -0.005031719 0.048674209 -0.003412347 0.999957993 0.008471254 -0.113130741 0.005060456 -0.008453978 0.999950642 2.824524576
0.999980940 0.003454989 -0.005066389 0.049782255 -0.003413092 0.999959834 0.008267061 -0.113454325 0.005095125 -0.008249671 0.999952982 2.822849934
0.999980732 0.003561842 -0.005055828 0.050342527 -0.003519865 0.999959564 0.008300054 -0.113371443 0.005084789 -0.008282122 0.999952570 2.822023602
0.999980831 0.003623817 -0.005055288 0.050914024 -0.003580438 0.999956500 0.008579536 -0.112849148 0.005086797 -0.008561296 0.999949819 2.821217005
0.999980856 0.003573549 -0.005096627 0.051469960 -0.003530166 0.999956888 0.008514882 -0.112936039 0.005126806 -0.008496736 0.999950322 2.820383048
0.999980431 0.003472517 -0.005160136 0.052022069 -0.003429239 0.999959235 0.008375699 -0.113172731 0.005189626 -0.008357774 0.999950707 2.819542363
0.999981042 0.003516906 -0.005140606 0.052028957 -0.003473065 0.999957568 0.008520035 -0.112903091 0.005170731 -0.008501963 0.999949774 2.819554473
0.999980440 0.003540120 -0.005142930 0.052030232 -0.003496096 0.999957243 0.008548413 -0.112853158 0.005173306 -0.008530233 0.999950200 2.819556716
0.999979555 0.003614946 -0.005232939 0.052026406 -0.003570619 0.999957715 0.008468310 -0.113002958 0.005263526 -0.008449513 0.999950041 2.819549988
0.999979900 0.003686654 -0.005242889 0.052030742 -0.003641740 0.999956286 0.008566811 -0.112833184 0.005275057 -0.008547660 0.999949682 2.819557613
0.999979212 0.003662843 -0.005223316 0.052033548 -0.003617680 0.999956577 0.008626529 -0.112723331 0.005254754 -0.008607487 0.999948847 2.819562547
0.999979986 0.003638791 -0.005254870 0.052591015 -0.003593573 0.999956867 0.008597011 -0.112750303 0.005286099 -0.008577973 0.999948475 2.818731281
0.999979680 0.003680338 -0.005271428 0.052588464 -0.003635272 0.999956534 0.008546634 -0.112850170 0.005302831 -0.008527303 0.999949189 2.818726796
0.999979193 0.003746384 -0.005244493 0.052589484 -0.003701368 0.999955845 0.008569000 -0.112810223 0.005276548 -0.008549514 0.999948662 2.818728590
0.999979621 0.003772194 -0.005248797 0.052589229 -0.003727211 0.999955936 0.008563578 -0.112820210 0.005280945 -0.008543937 0.999949230 2.818728141
0.999979114 0.003814257 -0.005241958 0.052588209 -0.003769470 0.999956716 0.008538256 -0.112860156 0.005274608 -0.008518340 0.999949519 2.818726347
0.999979164 0.003819060 -0.005267587 0.052586933 -0.003774264 0.999956442 0.008512671 -0.112910090 0.005301046 -0.008492674 0.999949631 2.818724105
0.999979119 0.003833190 -0.005258758 0.052587188 -0.003788330 0.999956477 0.008521550 -0.112900103 0.005290977 -0.008501485 0.999949796 2.818724553
0.999978831 0.003800697 -0.005262085 0.053145165 -0.003755919 0.999956346 0.008500026 -0.112907101 0.005294093 -0.008480084 0.999949370 2.817894184
0.999978852 0.003819412 -0.005274132 0.053143379 -0.003774717 0.999957210 0.008463161 -0.112977008 0.005306855 -0.008443081 0.999949879 2.817891044
0.999979377 0.003822509 -0.005259874 0.053140573 -0.003778243 0.999957424 0.008402785 -0.113086862 0.005291430 -0.008382726 0.999950579 2.817886111
0.999978673 0.003809978 -0.005236151 0.053140318 -0.003765975 0.999957511 0.008397466 -0.113096848 0.005268377 -0.008377539 0.999950739 2.817885662
0.999979263 0.003808849 -0.005235419 0.053140573 -0.003764753 0.999957850 0.008404280 -0.113086862 0.005267602 -0.008384443 0.999950215 2.817886111
0.999978930 0.003831845 -0.005239100 0.053140063 -0.003787853 0.999957649 0.008390722 -0.113106835 0.005271563 -0.008370758 0.999950978 2.817885214
0.999979011 0.003838028 -0.005248658 0.053695999 -0.003794237 0.999957854 0.008331970 -0.113193727 0.005279884 -0.008311943 0.999951352 2.817051256
0.999978857 0.003832422 -0.005251296 0.053692683 -0.003789036 0.999958844 0.008261749 -0.113323554 0.005282337 -0.008241631 0.999951248 2.817045426
0.999978612 0.003857295 -0.005294566 0.053694724 -0.003813281 0.999958152 0.008305320 -0.113243660 0.005327337 -0.008284957 0.999951035 2.817049014
0.999978654 0.003873173 -0.005322067 0.053694213 -0.003829029 0.999958197 0.008293286 -0.113263634 0.005354673 -0.008272686 0.999951467 2.817048117
0.999977868 0.003890060 -0.005341884 0.053693448 -0.003845806 0.999958066 0.008277794 -0.113293594 0.005374185 -0.008257087 0.999950950 2.817046771
0.999977860 0.003900334 -0.005346514 0.053692173 -0.003856223 0.999958509 0.008248933 -0.113343527 0.005378715 -0.008228196 0.999951855 2.817044529
0.999978153 0.003874719 -0.005368544 0.053689367 -0.003830757 0.999958544 0.008190553 -0.113453380 0.005400125 -0.008169828 0.999951072 2.817039595
0.999978299 0.003858184 -0.005367483 0.054246578 -0.003814410 0.999959443 0.008156436 -0.113490339 0.005399469 -0.008135834 0.999952048 2.816207880
0.999978097 0.003868641 -0.005349005 0.054245813 -0.003825088 0.999959497 0.008141346 -0.113520299 0.005380944 -0.008120703 0.999952022 2.816206535
0.999978381 0.003837575 -0.005341040 0.054248109 -0.003793768 0.999959571 0.008192031 -0.113430419 0.005372353 -0.008171554 0.999951556 2.816210571
0.999978402 0.003836785 -0.005340979 0.054248364 -0.003792969 0.999958701 0.008194428 -0.113420432 0.005372389 -0.008174040 0.999951663 2.816211020
0.999978644 0.003819021 -0.005325837 0.054250660 -0.003775078 0.999958374 0.008243730 -0.113330552 0.005357367 -0.008223535 0.999951172 2.816215057
0.999978387 0.003881959 -0.005333308 0.054251680 -0.003837802 0.999958755 0.008266132 -0.113290605 0.005365106 -0.008245520 0.999951582 2.816216851
0.999978824 0.003874031 -0.005345792 0.054253210 -0.003829666 0.999958409 0.008298506 -0.113230685 0.005377689 -0.008277892 0.999951302 2.816219542
0.999978726 0.003903410 -0.005317682 0.054253210 -0.003859273 0.999957810 0.008301905 -0.113230685 0.005350265 -0.008281267 0.999951042 2.816219542
0.999978699 0.003900712 -0.005269450 0.054253210 -0.003856907 0.999957803 0.008300177 -0.113230685 0.005302063 -0.008279588 0.999950933 2.816219542
0.999978368 0.003881526 -0.005267091 0.054251425 -0.003837925 0.999958617 0.008262542 -0.113300592 0.005298747 -0.008242197 0.999951480 2.816216402
0.999979126 0.003896008 -0.005260658 0.054251170 -0.003852498 0.999958853 0.008253845 -0.113310579 0.005292823 -0.008233395 0.999951957 2.816215954
0.999978129 0.003861507 -0.005319259 0.054250404 -0.003817636 0.999958147 0.008240725 -0.113340539 0.005351016 -0.008220359 0.999951904 2.816214608
0.999978578 0.003844180 -0.005317027 0.054807361 -0.003800598 0.999958684 0.008198097 -0.113387484 0.005348172 -0.008177862 0.999952227 2.815382445
0.999978462 0.003832733 -0.005351956 0.054806340 -0.003788959 0.999959051 0.008177660 -0.113427431 0.005383397 -0.008157220 0.999952245 2.815380651
0.999978565 0.003825374 -0.005376994 0.054809657 -0.003781000 0.999958490 0.008250267 -0.113297604 0.005409018 -0.008229745 0.999950649 2.815386482
0.999978361 0.003865497 -0.005379603 0.054810422 -0.003820955 0.999958229 0.008267460 -0.113267644 0.005411392 -0.008246738 0.999950573 2.815387828
0.999977493 0.003906531 -0.005403734 0.054811442 -0.003861700 0.999958149 0.008289303 -0.113227697 0.005436216 -0.008268299 0.999950595 2.815389622
0.999977784 0.003950100 -0.005397558 0.054812463 -0.003905204 0.999958117 0.008313678 -0.113187750 0.005430382 -0.008292371 0.999950608 2.815391416
0.999977816 0.003958255 -0.005405999 0.054811187 -0.003913485 0.999957732 0.008287475 -0.113237684 0.005438618 -0.008266138 0.999950224 2.815389173
0.999977781 0.003928246 -0.005399961 0.054811697 -0.003883456 0.999957885 0.008295802 -0.113217710 0.005432189 -0.008274780 0.999950906 2.815390070
0.999977628 0.003937403 -0.005377583 0.054811952 -0.003892774 0.999957965 0.008302858 -0.113207724 0.005410116 -0.008281754 0.999950503 2.815390519
0.999978351 0.003923773 -0.005353691 0.054813993 -0.003879031 0.999957310 0.008347288 -0.113127830 0.005386858 -0.008326301 0.999950948 2.815394107
0.999977761 0.003881226 -0.005359046 0.054813483 -0.003836557 0.999957777 0.008333223 -0.113147804 0.005391256 -0.008312504 0.999950569 2.815393210
0.999978038 0.003872012 -0.005348835 0.054813738 -0.003827385 0.999957404 0.008341879 -0.113137817 0.005380841 -0.008321258 0.999950453 2.815393658
0.999978629 0.003869130 -0.005359087 0.054813483 -0.003824450 0.999958018 0.008331625 -0.113147804 0.005390970 -0.008311000 0.999950497 2.815393210
0.999978197 0.003839834 -0.005306756 0.054814758 -0.003795343 0.999958046 0.008359834 -0.113097870 0.005338411 -0.008339550 0.999950361 2.815395453
0.999978735 0.003865158 -0.005284648 0.054816034 -0.003820755 0.999957696 0.008388808 -0.113047937 0.005317564 -0.008368449 0.999950382 2.815397695
0.999978026 0.003879676 -0.005301626 0.054817054 -0.003835075 0.999957190 0.008408269 -0.113007990 0.005333577 -0.008387749 0.999950335 2.815399489
0.999978825 0.003913626 -0.005300444 0.054818585 -0.003868822 0.999956890 0.008443314 -0.112948070 0.005333180 -0.008422654 0.999949689 2.815402181
0.999978455 0.003920064 -0.005280168 0.054818585 -0.003875437 0.999956769 0.008444279 -0.112948070 0.005313448 -0.008423626 0.999950113 2.815402181
0.999977763 0.003941257 -0.005318795 0.054817564 -0.003896385 0.999957139 0.008420240 -0.112988017 0.005352207 -0.008399320 0.999949951 2.815400386
0.999977630 0.003945308 -0.005326134 0.054817309 -0.003900503 0.999956815 0.008415332 -0.112998003 0.005359241 -0.008394428 0.999949693 2.815399938
0.999977766 0.003978138 -0.005358694 0.054814503 -0.003933328 0.999957379 0.008357660 -0.113107857 0.005392198 -0.008336460 0.999950277 2.815395004
0.999978294 0.003966082 -0.005375044 0.054815014 -0.003921060 0.999957202 0.008369185 -0.113087884 0.005408575 -0.008347968 0.999950432 2.815395901
0.999977437 0.003975053 -0.005397040 0.054818330 -0.003929441 0.999956213 0.008441577 -0.112958057 0.005430683 -0.008420234 0.999949675 2.815401732
0.999978404 0.003948724 -0.005393372 0.054816544 -0.003903322 0.999957062 0.008400823 -0.113027963 0.005426027 -0.008379574 0.999949812 2.815398592
0.999978374 0.003939691 -0.005388489 0.063664524 -0.003894403 0.999957100 0.008396412 -0.113477080 0.005421429 -0.008375287 0.999949362 2.820143238
0.999978221 0.003915583 -0.005371644 0.063662993 -0.003870681 0.999957139 0.008361103 -0.113537000 0.005403890 -0.008340149 0.999950087 2.820140547
0.999977985 0.003907294 -0.005344314 0.063662738 -0.003862523 0.999957120 0.008355791 -0.113546987 0.005376213 -0.008335000 0.999950266 2.820140099
0.999978008 0.003909554 -0.005321643 0.063663504 -0.003864950 0.999956897 0.008374332 -0.113517027 0.005354449 -0.008353628 0.999950379 2.820141444
0.999978073 0.003938861 -0.005250885 0.063663759 -0.003894819 0.999957173 0.008374798 -0.113507040 0.005283704 -0.008354133 0.999951037 2.820141893
0.999979178 0.003898564 -0.005231251 0.063662228 -0.003854903 0.999957654 0.008339942 -0.113566960 0.005263842 -0.008319640 0.999951242 2.820139202
0.999978629 0.003897267 -0.005239123 0.063662483 -0.003853451 0.999957986 0.008346665 -0.113556973 0.005271955 -0.008326295 0.999950948 2.820139650
0.999979006 0.003925342 -0.005239993 0.063659932 -0.003881828 0.999957782 0.008291300 -0.113656840 0.005272630 -0.008270829 0.999951240 2.820135165
0.999978597 0.004030328 -0.005219362 0.063660953 -0.003986912 0.999957226 0.008316802 -0.113616893 0.005253763 -0.008295862 0.999951377 2.820136959
0.999978229 0.004007801 -0.005250360 0.063658657 -0.003964388 0.999957517 0.008265897 -0.113706774 0.005283088 -0.008244935 0.999951993 2.820132922
0.999977969 0.003955673 -0.005306706 0.063658402 -0.003911857 0.999957805 0.008264860 -0.113716760 0.005339855 -0.008243993 0.999951383 2.820132474
0.999978199 0.003922761 -0.005324194 0.063657891 -0.003878770 0.999958146 0.008253693 -0.113736734 0.005356608 -0.008232874 0.999951349 2.820131577
0.999978552 0.003921086 -0.005314820 0.063657891 -0.003877257 0.999958093 0.008251441 -0.113736734 0.005347238 -0.008230747 0.999951573 2.820131577
0.999978149 0.003971351 -0.005298018 0.063656616 -0.003927790 0.999958616 0.008225089 -0.113786667 0.005331091 -0.008204093 0.999951312 2.820129334
0.999978343 0.003929049 -0.005318674 0.063659422 -0.003884908 0.999958386 0.008284905 -0.113676813 0.005350503 -0.008264092 0.999951109 2.820134268
0.999978046 0.003940130 -0.005321362 0.063660187 -0.003895955 0.999957732 0.008299002 -0.113646853 0.005353616 -0.008278113 0.999950894 2.820135613
0.999978380 0.003931857 -0.005289383 0.063660698 -0.003887912 0.999957566 0.008312694 -0.113626880 0.005321495 -0.008292017 0.999951114 2.820136510
0.999978058 0.003985026 -0.005306741 0.063660442 -0.003940865 0.999957917 0.008306620 -0.113636867 0.005339112 -0.008285484 0.999951309 2.820136062
0.999978267 0.003954532 -0.005311730 0.063660953 -0.003910290 0.999957189 0.008317491 -0.113616893 0.005344924 -0.008296527 0.999950660 2.820136959
0.999977799 0.004039132 -0.005297227 0.063658657 -0.003995285 0.999957739 0.008266703 -0.113706774 0.005331398 -0.008245404 0.999951791 2.820132922
0.999978261 0.003997534 -0.005311986 0.063657381 -0.003953648 0.999957747 0.008243036 -0.113756707 0.005344926 -0.008221933 0.999952044 2.820130680
0.999978067 0.003990737 -0.005336130 0.063656871 -0.003946718 0.999958418 0.008231878 -0.113776680 0.005369111 -0.008210694 0.999951144 2.820129783
0.999977751 0.004043560 -0.005354259 0.063656106 -0.003999471 0.999958409 0.008217492 -0.113806640 0.005386737 -0.008195961 0.999951796 2.820128437
0.999978256 0.004004935 -0.005334444 0.063655596 -0.003961176 0.999958636 0.008200381 -0.113826614 0.005367632 -0.008179045 0.999951408 2.820127540
0.999977518 0.003979016 -0.005339974 0.063656106 -0.003935149 0.999958821 0.008211928 -0.113806640 0.005372681 -0.008190718 0.999951619 2.820128437
0.999977117 0.004010039 -0.005384521 0.063658657 -0.003965485 0.999957641 0.008270472 -0.113706774 0.005417407 -0.008248971 0.999950960 2.820132922
0.999977888 0.003997514 -0.005339547 0.063659677 -0.003953171 0.999957983 0.008293074 -0.113666827 0.005372431 -0.008271758 0.999950536 2.820134716
0.999978550 0.003984564 -0.005326681 0.063661463 -0.003940112 0.999956955 0.008329493 -0.113596920 0.005359970 -0.008308378 0.999950566 2.820137856
0.999977632 0.004001678 -0.005382128 0.063664014 -0.003956505 0.999956987 0.008384919 -0.113497053 0.005415591 -0.008363427 0.999949712 2.820142341
0.999977993 0.004021766 -0.005370822 0.063665289 -0.003976540 0.999956799 0.008414570 -0.113447120 0.005404423 -0.008392957 0.999949710 2.820144584
0.999977846 0.004009853 -0.005343454 0.063665289 -0.003964886 0.999956944 0.008410756 -0.113447120 0.005376903 -0.008389402 0.999949956 2.820144584
0.999977506 0.004053812 -0.005351416 0.063662738 -0.004009058 0.999956541 0.008360171 -0.113546987 0.005386306 -0.008338556 0.999950426 2.820140099
0.999976859 0.004066223 -0.005365045 0.063661208 -0.004021518 0.999956702 0.008326395 -0.113606907 0.005398794 -0.008304615 0.999949955 2.820137408
0.999977471 0.004085810 -0.005362474 0.063659932 -0.004041246 0.999956886 0.008297049 -0.113656840 0.005396247 -0.008275244 0.999950875 2.820135165
0.999977238 0.004090492 -0.005390358 0.063658657 -0.004045932 0.999957548 0.008270035 -0.113706774 0.005424910 -0.008248066 0.999950633 2.820132922
0.999976902 0.004055601 -0.005424129 0.064215358 -0.004010917 0.999957642 0.008229931 -0.113763705 0.005457016 -0.008208011 0.999950887 2.819300311
0.999976857 0.004047245 -0.005419183 0.064214848 -0.004002597 0.999958296 0.008217363 -0.113783679 0.005452391 -0.008195531 0.999951460 2.819299414
0.999977963 0.004062880 -0.005386172 0.064214338 -0.004018645 0.999958403 0.008206396 -0.113803652 0.005418917 -0.008184508 0.999951692 2.819298517
0.999977280 0.004115098 -0.005357399 0.064214338 -0.004071122 0.999957926 0.008203257 -0.113803652 0.005390466 -0.008181293 0.999951698 2.819298517
0.999977653 0.004114682 -0.005332432 0.064213317 -0.004071060 0.999957975 0.008181667 -0.113843599 0.005366595 -0.008159859 0.999952246 2.819296723
0.999977089 0.004136697 -0.005331865 0.064212807 -0.004093131 0.999957943 0.008171335 -0.113863572 0.005365603 -0.008149365 0.999952341 2.819295825
0.999977338 0.004178974 -0.005344199 0.064210511 -0.004135544 0.999958694 0.008123285 -0.113953452 0.005377865 -0.008100948 0.999952348 2.819291789
0.999977106 0.004207144 -0.005359025 0.064209236 -0.004163691 0.999958788 0.008097022 -0.114003386 0.005393816 -0.008074481 0.999952484 2.819289546
0.999977206 0.004217319 -0.005335991 0.064206940 -0.004174315 0.999959133 0.008043428 -0.114093266 0.005369464 -0.008021053 0.999953255 2.819285509
0.999977252 0.004253942 -0.005291594 0.064203879 -0.004211674 0.999959306 0.007978992 -0.114213106 0.005325036 -0.007956559 0.999953650 2.819280127
0.999977275 0.004223664 -0.005270665 0.064204134 -0.004181598 0.999959296 0.007983675 -0.114203119 0.005304173 -0.007961405 0.999953411 2.819280575
0.999977148 0.004217578 -0.005272687 0.064204389 -0.004175399 0.999958802 0.007991335 -0.114193132 0.005306671 -0.007969260 0.999953466 2.819281024
0.999977276 0.004261487 -0.005306825 0.064203369 -0.004219179 0.999959674 0.007969354 -0.114233079 0.005340525 -0.007946759 0.999953973 2.819279230
0.999976837 0.004286911 -0.005321376 0.064201073 -0.004244760 0.999959867 0.007921373 -0.114322959 0.005355203 -0.007898619 0.999953694 2.819275193
0.999976950 0.004301376 -0.005337355 0.064198267 -0.004259425 0.999959794 0.007861163 -0.114432813 0.005371760 -0.007838330 0.999954526 2.819270259
0.999976646 0.004296361 -0.005303755 0.064195461 -0.004255039 0.999960076 0.007797605 -0.114542666 0.005336695 -0.007774876 0.999954904 2.819265325
0.999976581 0.004322453 -0.005289736 0.064196226 -0.004281096 0.999960153 0.007814158 -0.114512706 0.005323868 -0.007791426 0.999955162 2.819266671
0.999976924 0.004372758 -0.005296172 0.064194695 -0.004331545 0.999960300 0.007779597 -0.114572626 0.005329939 -0.007756432 0.999954692 2.819263980
0.999976460 0.004420429 -0.005312049 0.064191889 -0.004379435 0.999960550 0.007723382 -0.114682480 0.005346393 -0.007699930 0.999955703 2.819259046
0.999975917 0.004449790 -0.005330772 0.064191634 -0.004408573 0.999960563 0.007718230 -0.114692466 0.005364520 -0.007694616 0.999956210 2.819258598
0.999976005 0.004445543 -0.005334395 0.064189593 -0.004404540 0.999960706 0.007674465 -0.114772360 0.005368310 -0.007650793 0.999956175 2.819255009
0.999976333 0.004409466 -0.005344683 0.064187043 -0.004368733 0.999961178 0.007619655 -0.114872227 0.005377967 -0.007596206 0.999956166 2.819250524
0.999976131 0.004416230 -0.005352175 0.064186022 -0.004375547 0.999961033 0.007598100 -0.114912173 0.005384879 -0.007574523 0.999956551 2.819248730
0.999975936 0.004444718 -0.005356263 0.064186787 -0.004403910 0.999960911 0.007611721 -0.114882213 0.005389993 -0.007588015 0.999956585 2.819250075
0.999975970 0.004441141 -0.005374596 0.064190104 -0.004399823 0.999960346 0.007686317 -0.114752386 0.005408223 -0.007662575 0.999955946 2.819255906
0.999976262 0.004418080 -0.005381496 0.064191124 -0.004376607 0.999960961 0.007709241 -0.114712440 0.005415094 -0.007685459 0.999955549 2.819257700
0.999975744 0.004457102 -0.005399594 0.064191124 -0.004415402 0.999960841 0.007706709 -0.114712440 0.005434176 -0.007682683 0.999955343 2.819257700
0.999975780 0.004477338 -0.005397938 0.064189593 -0.004435851 0.999960858 0.007674014 -0.114772360 0.005432428 -0.007649986 0.999955553 2.819255009
0.999975510 0.004441735 -0.005419192 0.064190614 -0.004399953 0.999960924 0.007699805 -0.114732413 0.005453746 -0.007675789 0.999955212 2.819256803
0.999976023 0.004465471 -0.005416414 0.064192144 -0.004423575 0.999959776 0.007732362 -0.114672493 0.005451025 -0.007708314 0.999955574 2.819259495
0.999975395 0.004452677 -0.005379189 0.064196226 -0.004410562 0.999959054 0.007820293 -0.114512706 0.005413569 -0.007796448 0.999954148 2.819266671
0.999975657 0.004453170 -0.005380188 0.064197501 -0.004410931 0.999959201 0.007846151 -0.114462773 0.005414942 -0.007822287 0.999954191 2.819268914
0.999975578 0.004447627 -0.005363679 0.064197246 -0.004405623 0.999959110 0.007840817 -0.114472759 0.005399354 -0.007817100 0.999954313 2.819268465
0.999976049 0.004387600 -0.005355642 0.064195206 -0.004345702 0.999959712 0.007797428 -0.114552653 0.005389269 -0.007774068 0.999954910 2.819264877
0.999975830 0.004407220 -0.005352211 0.064194950 -0.004365484 0.999959894 0.007790544 -0.114562640 0.005386161 -0.007766991 0.999954619 2.819264428
0.999976165 0.004416941 -0.005343396 0.064194950 -0.004375325 0.999959547 0.007788269 -0.114562640 0.005377671 -0.007764792 0.999955673 2.819264428
0.999976536 0.004373560 -0.005319910 0.064194185 -0.004332205 0.999960012 0.007773662 -0.114592600 0.005353784 -0.007750471 0.999955416 2.819263083
0.999977017 0.004345648 -0.005308924 0.064194695 -0.004304388 0.999960026 0.007780175 -0.114572626 0.005342816 -0.007757220 0.999955763 2.819263980
0.999976422 0.004354338 -0.005335776 0.064196736 -0.004312600 0.999959825 0.007825472 -0.114492733 0.005369931 -0.007802272 0.999954601 2.819267568
0.999976263 0.004362811 -0.005320989 0.064197756 -0.004321043 0.999959722 0.007850237 -0.114452786 0.005355115 -0.007827082 0.999954397 2.819269362
0.999976373 0.004388795 -0.005333860 0.064197501 -0.004347001 0.999959869 0.007846121 -0.114462773 0.005368945 -0.007822834 0.999955258 2.819268914
0.999976454 0.004384612 -0.005342023 0.064197501 -0.004342730 0.999959761 0.007841460 -0.114462773 0.005376355 -0.007818057 0.999954452 2.819268914
0.999976240 0.004401277 -0.005357116 0.064195206 -0.004359522 0.999960204 0.007794056 -0.114552653 0.005391427 -0.007770506 0.999955029 2.819264877
0.999976209 0.004404748 -0.005338904 0.064191634 -0.004363510 0.999960564 0.007714766 -0.114692466 0.005373203 -0.007691319 0.999955458 2.819258598
0.999976590 0.004423167 -0.005331624 0.064189593 -0.004382208 0.999961271 0.007674219 -0.114772360 0.005365704 -0.007650659 0.999955622 2.819255009
0.999976453 0.004418888 -0.005323625 0.064189593 -0.004378021 0.999961304 0.007672489 -0.114772360 0.005357284 -0.007648958 0.999956141 2.819255009
0.999976436 0.004355081 -0.005322038 0.064190104 -0.004314252 0.999961302 0.007680256 -0.114752386 0.005355420 -0.007657223 0.999956219 2.819255906
0.999975906 0.004327307 -0.005357227 0.064188573 -0.004286289 0.999961632 0.007649632 -0.114812306 0.005390818 -0.007626477 0.999955779 2.819253215
0.999976472 0.004317912 -0.005345840 0.064746805 -0.004277025 0.999961415 0.007639321 -0.114809318 0.005378187 -0.007616290 0.999955931 2.818423295
0.999976197 0.004351647 -0.005334905 0.064747060 -0.004310734 0.999961752 0.007643837 -0.114799332 0.005368625 -0.007620684 0.999956189 2.818423743
0.999976317 0.004398212 -0.005354531 0.064189849 -0.004357064 0.999961126 0.007678993 -0.114762373 0.005387929 -0.007655540 0.999955997 2.819255458
0.999975494 0.004406480 -0.005369066 0.064189593 -0.004365222 0.999960720 0.007674770 -0.114772360 0.005402829 -0.007651185 0.999955734 2.819255009
0.999976180 0.004404720 -0.005346256 0.064191379 -0.004363533 0.999960322 0.007709359 -0.114702453 0.005380420 -0.007685916 0.999955178 2.819258149
0.999975659 0.004402375 -0.005355064 0.064190869 -0.004360982 0.999961014 0.007701279 -0.114722426 0.005388583 -0.007677707 0.999955049 2.819257252
0.999975723 0.004381231 -0.005335195 0.064191634 -0.004339964 0.999960350 0.007718768 -0.114692466 0.005368702 -0.007695474 0.999955656 2.819258598
0.999976651 0.004388019 -0.005336601 0.064192144 -0.004346770 0.999960621 0.007728747 -0.114672493 0.005370345 -0.007705366 0.999954985 2.819259495
0.999975714 0.004442439 -0.005362285 0.064192910 -0.004400867 0.999959903 0.007744123 -0.114642533 0.005395959 -0.007720336 0.999954988 2.819260840
0.999975559 0.004457218 -0.005373083 0.064190359 -0.004415901 0.999960148 0.007691187 -0.114742400 0.005407500 -0.007667305 0.999955894 2.819256355
0.999975626 0.004441594 -0.005391337 0.064191889 -0.004399861 0.999960095 0.007725721 -0.114682480 0.005424877 -0.007701841 0.999955404 2.819259046
0.999975272 0.004410352 -0.005404496 0.064193675 -0.004368333 0.999960621 0.007764133 -0.114612573 0.005438780 -0.007740373 0.999954836 2.819262186
0.999975998 0.004392031 -0.005411133 0.064193165 -0.004349989 0.999960647 0.007754186 -0.114632546 0.005444603 -0.007730526 0.999954912 2.819261289
0.999976444 0.004365693 -0.005399636 0.064194950 -0.004323570 0.999959991 0.007791327 -0.114562640 0.005433573 -0.007767836 0.999955246 2.819264428
0.999976191 0.004343529 -0.005399582 0.064199542 -0.004300954 0.999959003 0.007890395 -0.114382879 0.005434029 -0.007866997 0.999954408 2.819272502
0.999975869 0.004343936 -0.005409329 0.064199032 -0.004301269 0.999959439 0.007878067 -0.114402853 0.005443453 -0.007854648 0.999953528 2.819271605
0.999975836 0.004306695 -0.005450411 0.064196481 -0.004263949 0.999959944 0.007823499 -0.114502719 0.005484270 -0.007800122 0.999954485 2.819267120
0.999976095 0.004344074 -0.005418048 0.064194440 -0.004301960 0.999959882 0.007776511 -0.114582613 0.005452029 -0.007753098 0.999954489 2.819263531
0.999976038 0.004338053 -0.005402957 0.064196481 -0.004295753 0.999960159 0.007823815 -0.114502719 0.005436482 -0.007800452 0.999953907 2.819267120
0.999976453 0.004388876 -0.005386433 0.064196226 -0.004346732 0.999959641 0.007819080 -0.114512706 0.005420875 -0.007795525 0.999954057 2.819266671
0.999975116 0.004427043 -0.005408135 0.064197756 -0.004384543 0.999959008 0.007849143 -0.114452786 0.005443051 -0.007825427 0.999954738 2.819269362
0.999975076 0.004438262 -0.005415943 0.064198012 -0.004395620 0.999959124 0.007858363 -0.114442799 0.005451161 -0.007834387 0.999954556 2.819269811
0.999975255 0.004460912 -0.005433690 0.064196991 -0.004418344 0.999959586 0.007837109 -0.114482746 0.005468746 -0.007812957 0.999954069 2.819268017
0.999975589 0.004460858 -0.005417171 0.064194695 -0.004418705 0.999959435 0.007789017 -0.114572626 0.005452074 -0.007764989 0.999954220 2.819263980
0.999975517 0.004474115 -0.005417824 0.064192655 -0.004432156 0.999959987 0.007742141 -0.114652520 0.005452859 -0.007717922 0.999954894 2.819260392
0.999975350 0.004427113 -0.005413557 0.064190359 -0.004385472 0.999960965 0.007692353 -0.114742400 0.005448008 -0.007668394 0.999955185 2.819256355
0.999976307 0.004387522 -0.005433703 0.064194440 -0.004345233 0.999960040 0.007782797 -0.114582613 0.005467861 -0.007759033 0.999954968 2.819263531
0.999976241 0.004380578 -0.005425854 0.064194695 -0.004338250 0.999960356 0.007785830 -0.114572626 0.005459567 -0.007762136 0.999954311 2.819263980
0.999975810 0.004454168 -0.005406261 0.064196991 -0.004411730 0.999959702 0.007835692 -0.114482746 0.005441560 -0.007811709 0.999954423 2.819268017
0.999975291 0.004484501 -0.005410827 0.064196226 -0.004442120 0.999959217 0.007819983 -0.114512706 0.005445193 -0.007795863 0.999954529 2.819266671
0.999975394 0.004503104 -0.005404181 0.064198777 -0.004460511 0.999959134 0.007873388 -0.114412839 0.005439928 -0.007849188 0.999954455 2.819271156
0.999975033 0.004551796 -0.005388463 0.064198522 -0.004509346 0.999958713 0.007869598 -0.114422826 0.005423858 -0.007845211 0.999954088 2.819270708
0.999975267 0.004555156 -0.005375390 0.064196481 -0.004513064 0.999958751 0.007827790 -0.114502719 0.005410644 -0.007803381 0.999954503 2.819267120
0.999975065 0.004561974 -0.005382191 0.064195716 -0.004519878 0.999958841 0.007811451 -0.114532679 0.005417556 -0.007786962 0.999954292 2.819265774
0.999975613 0.004571444 -0.005382606 0.064742468 -0.004530910 0.999960762 0.007547518 -0.114979092 0.005417620 -0.007522995 0.999956352 2.818415670
0.999974760 0.004548841 -0.005449913 0.064713132 -0.004511128 0.999966023 0.006916183 -0.116127560 0.005481524 -0.006891540 0.999961052 2.818364089
0.999974902 0.004496554 -0.005466485 0.065259120 -0.004460226 0.999967925 0.006638862 -0.116603932 0.005496298 -0.006614311 0.999962708 2.817512639
0.999974785 0.004490504 -0.005523421 0.056948199 -0.004456454 0.999971189 0.006173159 -0.116980721 0.005550604 -0.006148469 0.999965717 2.811900845
0.999973754 0.004366518 -0.005725286 0.059039294 -0.004349119 0.999985332 0.003051281 -0.122521361 0.005738642 -0.003026305 0.999978414 2.808331781
0.999972719 0.004381042 -0.005883927 0.060045557 -0.004377473 0.999989679 0.000637754 -0.126829629 0.005886733 -0.000612002 0.999981963 2.806478176
0.999970066 0.004539350 -0.006243644 0.057649115 -0.004557385 0.999984980 -0.002874697 -0.133243042 0.006230977 0.002902908 0.999976365 2.809510350
0.999968341 0.004504429 -0.006526694 0.063022141 -0.004527738 0.999983687 -0.003546378 -0.135844831 0.006510483 0.003575818 0.999972053 2.837184330
0.999967083 0.004498366 -0.006756560 0.061832663 -0.004519509 0.999984383 -0.003109711 -0.135928295 0.006742667 0.003140159 0.999971559 2.856886381
0.999960948 0.004991344 -0.007317994 0.059375083 -0.005005797 0.999985501 -0.001951141 -0.136392419 0.007308882 0.001987687 0.999971446 2.914322823
0.999949509 0.006333524 -0.007746353 0.054000780 -0.006345088 0.999978474 -0.001465548 -0.139006227 0.007736923 0.001514566 0.999968802 2.993858680
0.999945427 0.007256190 -0.007487253 0.055409496 -0.007266109 0.999972391 -0.001293921 -0.141067275 0.007478271 0.001348217 0.999970865 3.045413019
0.999944711 0.009012757 -0.005515725 0.053186007 -0.009019978 0.999958837 -0.001270030 -0.145875385 0.005504056 0.001319818 0.999983078 3.155961376
