1.000000000 0.000000000 0.000000000 -0.000000000 0.000000000 1.000000000 0.000000000 -0.000000000 0.000000000 0.000000000 1.000000000 0.000000000
0.999998552 0.001143842 0.000039656 0.000497385 -0.001143865 0.999999277 -0.000096964 0.000679379 -0.000039421 0.000096949 1.000000236 0.163218649
0.999995849 0.002625246 0.000141062 0.002701489 -0.002625133 0.999996289 -0.000959476 0.000887829 -0.000143636 0.000959140 0.999999817 0.488077593
0.999993596 0.003567224 0.000188720 0.003052346 -0.003566648 0.999988653 -0.003154024 -0.001173008 -0.000200167 0.003153372 0.999995327 0.815325220
0.999989915 0.004248153 0.000693834 0.009032844 -0.004246007 0.999985817 -0.003128565 -0.000268394 -0.000706781 0.003125655 0.999995290 0.987814124
0.999988394 0.004361002 0.001833834 0.018563289 -0.004355279 0.999985667 -0.003125683 0.001414643 -0.001847719 0.003117695 0.999993547 1.319560041
0.999992857 0.003047546 0.002058450 0.022007083 -0.003041699 0.999991172 -0.002859970 0.003562592 -0.002068204 0.002853760 0.999993997 1.642824271
0.999993169 0.002549377 0.002810594 0.030442794 -0.002543848 0.999994475 -0.001993834 0.005886357 -0.002815372 0.001986740 0.999994182 1.812136771
0.999989085 -0.000010751 0.004675476 0.038191506 0.000006642 0.999999481 0.000873476 0.012579651 -0.004675433 -0.000873395 0.999988840 2.146232824
0.999975123 -0.001239713 0.006884984 0.056285917 0.001220848 0.999995713 0.002740401 0.017466786 -0.006888211 -0.002731897 0.999972755 2.483272112
0.999967626 -0.001329850 0.007878830 0.056173969 0.001308763 0.999994923 0.002680955 0.018246349 -0.007882281 -0.002670515 0.999965268 2.647282452
0.999949801 -0.003893994 0.009204250 0.070594702 0.003865033 0.999987704 0.003160927 0.020717815 -0.009216498 -0.003125170 0.999952524 2.972686417
0.999927178 -0.002990613 0.011698155 0.088674274 0.002934381 0.999984056 0.004816961 0.025311930 -0.011712588 -0.004782247 0.999919641 3.326128703
0.999910502 -0.002758720 0.013083658 0.095879922 0.002691999 0.999983217 0.005112663 0.026676136 -0.013097024 -0.005076953 0.999901269 3.497030728
0.999873979 -0.002871433 0.015578558 0.112104780 0.002798554 0.999984572 0.004696840 0.027634087 -0.015591915 -0.004652616 0.999868030 3.836467488
0.999842425 -0.002148001 0.017611853 0.127695444 0.002086085 0.999991591 0.003533014 0.027379266 -0.017619257 -0.003495690 0.999838507 4.193104338
0.999824512 -0.001370737 0.018683259 0.131204912 0.001337665 0.999997185 0.001778004 0.025254830 -0.018686334 -0.001752658 0.999824209 4.368778170
0.999787023 0.000518802 0.020626242 0.147944497 -0.000444752 0.999992900 -0.003597547 0.017700085 -0.020628743 0.003587692 0.999780553 4.723869230
0.999750330 -0.002046199 0.022250709 0.175095200 0.002168931 0.999982442 -0.005494832 0.016215650 -0.022239542 0.005541692 0.999737142 5.098263264
0.999727272 -0.003216687 0.023109120 0.181076674 0.003327705 0.999983243 -0.004767664 0.018437143 -0.023094004 0.004843279 0.999721247 5.287146641
0.999663366 -0.006795431 0.025024119 0.210703404 0.006879853 0.999971067 -0.003287805 0.022925496 -0.025001669 0.003458863 0.999681468 5.691143053
0.999585980 -0.009729886 0.027051635 0.234230712 0.009795666 0.999949173 -0.002303547 0.026578841 -0.027027670 0.002567595 0.999631223 6.086664662
0.999541017 -0.011459034 0.028017410 0.246302668 0.011509281 0.999931919 -0.001633963 0.028725399 -0.027997033 0.001955753 0.999606620 6.284027661
0.999464090 -0.013633775 0.029765255 0.276519668 0.013659767 0.999906639 -0.000672736 0.032390574 -0.029754052 0.001079035 0.999557100 6.703637656
0.999429770 -0.012296406 0.031440587 0.297007572 0.012248683 0.999922786 0.001708664 0.038501678 -0.031460211 -0.001322575 0.999504148 7.119508808
0.999388186 -0.012221003 0.032776107 0.311525599 0.012117111 0.999920352 0.003363640 0.042354329 -0.032814765 -0.002964351 0.999457561 7.330095332
0.999304012 -0.012586977 0.035100978 0.339305553 0.012411415 0.999909367 0.005212924 0.047667123 -0.035164473 -0.004773579 0.999370249 7.769266938
0.999258679 -0.012520949 0.036387359 0.363999453 0.012369605 0.999913209 0.004379005 0.048254203 -0.036439755 -0.003925587 0.999327923 8.196023232
0.999237671 -0.012550031 0.036970442 0.371166281 0.012397531 0.999913684 0.004351431 0.049319311 -0.037021833 -0.003889800 0.999306575 8.416131182
0.999195712 -0.011695735 0.038358699 0.400154784 0.011491779 0.999917949 0.005533115 0.053401801 -0.038421000 -0.005087825 0.999248631 8.853724859
0.999123816 -0.013627424 0.039570979 0.436441139 0.013405411 0.999892616 0.005870375 0.056059060 -0.039647219 -0.005334734 0.999199800 9.298220864
0.999099395 -0.013760169 0.040126755 0.446665048 0.013522090 0.999889254 0.006197484 0.057683182 -0.040207820 -0.005649275 0.999175578 9.514364743
0.998996893 -0.015359475 0.042055891 0.486614669 0.015065344 0.999859615 0.007300240 0.061696176 -0.042162296 -0.006659317 0.999088420 9.970501682
0.998913763 -0.016840202 0.043439745 0.524112809 0.016517428 0.999833076 0.007778735 0.064669996 -0.043564175 -0.007052789 0.999026031 10.429813013
0.998899437 -0.017121541 0.043659633 0.537990553 0.016773765 0.999824058 0.008319453 0.066689913 -0.043794372 -0.007577912 0.999011729 10.657602910
0.998902458 -0.014621601 0.044497503 0.568759893 0.014282772 0.999866092 0.007922159 0.068105922 -0.044608308 -0.007277875 0.998978063 11.125636934
0.998875949 -0.012368360 0.045757958 0.601347803 0.012069487 0.999903449 0.006801031 0.068261440 -0.045837371 -0.006241116 0.998929559 11.591300966
0.998892832 -0.011702898 0.045552613 0.612161491 0.011413897 0.999912812 0.006598514 0.069012387 -0.045626579 -0.006071225 0.998940615 11.823058693
0.998954859 -0.010712217 0.044427016 0.644753913 0.010438134 0.999924853 0.006395784 0.070844761 -0.044491980 -0.005925286 0.998992632 12.305115292
0.998979525 -0.012440161 0.043411587 0.673692894 0.012192849 0.999907502 0.005955468 0.072321337 -0.043481877 -0.005420022 0.999039154 12.775525662
0.999021006 -0.013515353 0.042129327 0.683899705 0.013276768 0.999894318 0.005937105 0.073422453 -0.042205294 -0.005371884 0.999094356 13.008073757
0.999087926 -0.014587915 0.040120065 0.714674251 0.014366498 0.999879656 0.005802043 0.075368429 -0.040199745 -0.005220334 0.999178036 13.476104974
0.999180753 -0.014706890 0.037691002 0.735116261 0.014435716 0.999867902 0.007455573 0.080460480 -0.037796291 -0.006905306 0.999261216 13.941185863
0.999233559 -0.014612936 0.036311747 0.745337610 0.014320232 0.999862343 0.008307223 0.083041504 -0.036428651 -0.007780892 0.999306252 14.173726121
0.999356949 -0.013776590 0.033101747 0.761507709 0.013475424 0.999865446 0.009305960 0.086947999 -0.033226171 -0.008853870 0.999408533 14.627957396
0.999455788 -0.013155569 0.030242484 0.775833113 0.012893918 0.999877574 0.008827850 0.088238267 -0.030355266 -0.008433081 0.999503334 15.068177743
0.999471279 -0.013464779 0.029572975 0.786046510 0.013217236 0.999876093 0.008548702 0.088792456 -0.029684754 -0.008153306 0.999526432 15.284327288
0.999564581 -0.014043266 0.025944950 0.800996671 0.013816212 0.999864694 0.008908772 0.091552442 -0.026067047 -0.008546388 0.999624195 15.723747630
0.999603738 -0.015918690 0.023177740 0.817801362 0.015690620 0.999826446 0.009984556 0.095494823 -0.023333038 -0.009616903 0.999681553 16.144383599
0.999626962 -0.016655863 0.021660744 0.826211225 0.016428376 0.999808195 0.010636144 0.097622523 -0.021833792 -0.010276296 0.999708899 16.346500031
0.999680243 -0.016441576 0.019225010 0.837542141 0.016222270 0.999802240 0.011507878 0.101072723 -0.019410553 -0.011192235 0.999749028 16.741465711
0.999715968 -0.016560086 0.017113471 0.846437994 0.016366106 0.999800748 0.011410565 0.102719875 -0.017299466 -0.011127226 0.999788782 17.106806934
0.999730771 -0.016647433 0.016126816 0.849361705 0.016469314 0.999802085 0.011116695 0.103095474 -0.016308539 -0.010848010 0.999808878 17.283259750
0.999778473 -0.016209852 0.013432417 0.857637025 0.016070266 0.999816128 0.010435337 0.103702880 -0.013599297 -0.010217113 0.999855298 17.649398701
0.999790230 -0.017128428 0.011191230 0.868976794 0.017010917 0.999799657 0.010502993 0.105619255 -0.011369227 -0.010310355 0.999882689 18.011569609
0.999794939 -0.017365516 0.010423434 0.874957783 0.017255332 0.999794604 0.010564508 0.106573866 -0.010605017 -0.010382466 0.999890074 18.184058248
0.999807607 -0.017662968 0.008575202 0.882049518 0.017570783 0.999787601 0.010709788 0.108517647 -0.008762584 -0.010556974 0.999906100 18.518971673
0.999825634 -0.017632843 0.006155187 0.886701959 0.017568652 0.999792150 0.010318492 0.109445292 -0.006336304 -0.010208517 0.999927876 18.840657920
0.999837379 -0.017313014 0.004902549 0.886587849 0.017262484 0.999798729 0.010158916 0.110004869 -0.005077370 -0.010072563 0.999937020 19.004669426
0.999865762 -0.016061453 0.003170707 0.891851884 0.016029385 0.999822828 0.009861839 0.111062315 -0.003329150 -0.009809639 0.999946142 19.325562764
0.999869994 -0.016073536 0.000901541 0.888602941 0.016063652 0.999821006 0.010003128 0.112888453 -0.001061660 -0.009987322 0.999949770 19.624740248
0.999867007 -0.016290767 -0.000361055 0.891558394 0.016293645 0.999814656 0.010262923 0.114060079 0.000194178 -0.010267431 0.999947111 19.768385955
0.999860566 -0.016580781 -0.002034075 0.894415270 0.016600190 0.999811976 0.009957317 0.114937414 0.001867996 -0.009989642 0.999948636 20.043244794
0.999849028 -0.016988010 -0.003420901 0.897875683 0.017019013 0.999811545 0.009258730 0.115124601 0.003262514 -0.009315535 0.999950974 20.317315067
0.999865698 -0.015772757 -0.004268198 0.903681927 0.015807409 0.999841048 0.008222049 0.115336716 0.004137982 -0.008288394 0.999956689 20.719427893
0.999872871 -0.015595426 -0.003200778 0.907748046 0.015616222 0.999856033 0.006591209 0.113836857 0.003098209 -0.006640312 0.999973070 20.976313429
0.999873926 -0.015710696 -0.002090886 0.914359310 0.015722693 0.999859142 0.005857170 0.113170497 0.001998138 -0.005889299 0.999980335 21.098814088
0.999876058 -0.015700903 -0.000565926 0.922708938 0.015703474 0.999864134 0.004920222 0.112819235 0.000487722 -0.004928487 0.999988042 21.350147988
0.999876338 -0.015735212 0.000350160 0.921912476 0.015733726 0.999868719 0.003754536 0.112133886 -0.000408726 -0.003748538 0.999992952 21.596965541
0.999877050 -0.015656790 0.000641982 0.926697311 0.015654605 0.999871471 0.003282746 0.111928067 -0.000693715 -0.003272217 0.999994066 21.721840429
0.999880566 -0.015360376 0.001635113 0.931396935 0.015356480 0.999879510 0.002362562 0.111570986 -0.001670549 -0.002337194 0.999995837 21.961526245
0.999876938 -0.015452515 0.002365762 0.939147844 0.015449124 0.999879276 0.001455839 0.111182955 -0.002387768 -0.001419109 0.999995956 22.197251114
0.999873735 -0.015586448 0.002948560 0.943326685 0.015582893 0.999877887 0.001220603 0.111417299 -0.002967591 -0.001174482 0.999994732 22.322915892
0.999865101 -0.015854218 0.004143116 0.955945670 0.015851005 0.999873818 0.000805733 0.111991610 -0.004155472 -0.000739923 0.999991156 22.585100782
0.999844876 -0.016663143 0.005641166 0.966124472 0.016661056 0.999860999 0.000411994 0.112676674 -0.005647069 -0.000317904 0.999983770 22.850453974
0.999835842 -0.016955104 0.006364788 0.967862442 0.016954250 0.999856200 0.000173930 0.112951776 -0.006367245 -0.000065951 0.999979974 22.979287426
0.999819970 -0.017273278 0.007781518 0.982909914 0.017276273 0.999850067 -0.000317444 0.113442292 -0.007774732 0.000451877 0.999969271 23.254705317
0.999797037 -0.017887541 0.009194448 0.989434678 0.017890849 0.999840046 -0.000277003 0.114928447 -0.009188897 0.000441485 0.999957636 23.524807600
0.999789971 -0.018185285 0.009460321 0.996657824 0.018188431 0.999833899 -0.000255847 0.115638771 -0.009454427 0.000427945 0.999955143 23.662910195
0.999772979 -0.018561541 0.010466449 1.003174533 0.018569639 0.999826954 -0.000679308 0.116304978 -0.010452010 0.000873523 0.999945387 23.933016819
0.999745243 -0.019181114 0.011878133 1.015787029 0.019192296 0.999815038 -0.000834313 0.117436215 -0.011859880 0.001062052 0.999928995 24.211600207
0.999732108 -0.019411401 0.012618696 1.019963605 0.019419887 0.999810897 -0.000552167 0.118657458 -0.012606355 0.000797105 0.999920196 24.353661207
0.999711622 -0.019666058 0.013763477 1.030144660 0.019669807 0.999806341 -0.000137885 0.120789393 -0.013757686 0.000408614 0.999905482 24.635408184
0.999683562 -0.020201807 0.014948730 1.044577389 0.020207849 0.999795379 -0.000252976 0.122047013 -0.014941280 0.000555032 0.999888360 24.928015683
0.999671826 -0.020305912 0.015573066 1.049357405 0.020313981 0.999793060 -0.000363208 0.122568109 -0.015562667 0.000679497 0.999878392 25.069288168
0.999637616 -0.020866065 0.016993147 1.068059793 0.020879062 0.999781960 -0.000588824 0.123564414 -0.016977309 0.000943453 0.999855490 25.356351495
0.999575055 -0.022320523 0.018732983 1.079451067 0.022339689 0.999749776 -0.000814256 0.124636035 -0.018710601 0.001232396 0.999823902 25.636519643
0.999544501 -0.023204378 0.019262619 1.089103388 0.023225052 0.999729803 -0.000850651 0.125332560 -0.019237846 0.001297735 0.999814515 25.787854868
0.999483878 -0.024602785 0.020656154 1.109010586 0.024636234 0.999695583 -0.001364552 0.125935471 -0.020616811 0.001872758 0.999786234 26.089737281
0.999428021 -0.025478086 0.022234625 1.122826216 0.025511875 0.999673825 -0.001239191 0.127720209 -0.022196031 0.001805724 0.999752067 26.399535657
0.999400681 -0.026050356 0.022767499 1.130648768 0.026084662 0.999658448 -0.001212975 0.128537297 -0.022728139 0.001806162 0.999740582 26.553246911
0.999335455 -0.027263463 0.024186596 1.153618352 0.027297157 0.999626912 -0.001061484 0.130239188 -0.024148491 0.001721031 0.999707022 26.851162394
0.999314965 -0.027155974 0.025143101 1.169270437 0.027195109 0.999628809 -0.001217875 0.131366435 -0.025100894 0.001900882 0.999683378 27.142186139
0.999275286 -0.027778248 0.026000235 1.173440235 0.027822629 0.999611816 -0.001347671 0.131897721 -0.025952490 0.002070102 0.999661111 27.284250792
0.999230441 -0.028422878 0.027044086 1.193962464 0.028475322 0.999593503 -0.001557035 0.132980411 -0.026988906 0.002326009 0.999633479 27.585338442
0.999182958 -0.028892938 0.028231843 1.215705129 0.028954270 0.999578477 -0.001766237 0.134042722 -0.028169029 0.002582286 0.999599297 27.884841756
0.999147152 -0.029366956 0.029003744 1.226578868 0.029429569 0.999565151 -0.001733623 0.134818862 -0.028939942 0.002585797 0.999577452 28.034592115
0.999069811 -0.029949884 0.031010230 1.249549925 0.030010210 0.999547952 -0.001481994 0.136670744 -0.030952281 0.002411291 0.999517907 28.332506804
0.999027067 -0.030337012 0.032018543 1.267034524 0.030381026 0.999537845 -0.000889787 0.139174296 -0.031977142 0.001861750 0.999486671 28.637548041
0.999015554 -0.030094118 0.032593924 1.277299715 0.030134153 0.999545711 -0.000739037 0.140130615 -0.032557208 0.001720539 0.999468458 28.788089669
0.998990659 -0.029110394 0.034195392 1.294772925 0.029176660 0.999572839 -0.001439887 0.140257354 -0.034139492 0.002436183 0.999414664 29.076742045
0.998951300 -0.029495040 0.035010599 1.320162751 0.029599626 0.999558293 -0.002474440 0.139818618 -0.034922568 0.003508216 0.999384362 29.371499974
0.998943589 -0.029463337 0.035257155 1.331033936 0.029572407 0.999558556 -0.002576848 0.140334774 -0.035166744 0.003616833 0.999374889 29.521251710
0.998888797 -0.030405949 0.036002668 1.346081500 0.030512854 0.999531308 -0.002425180 0.142052175 -0.035912820 0.003521120 0.999348860 29.813064552
0.998833791 -0.031488241 0.036595398 1.368432903 0.031585289 0.999498409 -0.002078924 0.144171191 -0.036511800 0.003232420 0.999327609 30.128171495
0.998796683 -0.032275907 0.036923020 1.377477365 0.032370667 0.999473794 -0.001973287 0.145117891 -0.036839568 0.003166149 0.999316052 30.280297618
0.998727561 -0.033985597 0.037267332 1.398004899 0.034079943 0.999416597 -0.001900589 0.146740547 -0.037181157 0.003168295 0.999303888 30.581382409
0.998700106 -0.034513942 0.037498320 1.415483407 0.034600788 0.999399709 -0.001669507 0.148624138 -0.037418557 0.002964886 0.999295808 30.886426929
0.998680870 -0.034947926 0.037603490 1.427576108 0.035037368 0.999384347 -0.001720595 0.149229908 -0.037519781 0.003035871 0.999291638 31.034593747
0.998688769 -0.034885881 0.037459421 1.440180646 0.034996952 0.999384847 -0.002315056 0.149551196 -0.037356644 0.003623064 0.999295607 31.313181423
0.998725972 -0.034020291 0.037260491 1.457054738 0.034130879 0.999414251 -0.002336464 0.150818054 -0.037159051 0.003605264 0.999302963 31.602619984
0.998752718 -0.033447416 0.037051952 1.468538794 0.033553958 0.999434049 -0.002255941 0.151594004 -0.036955560 0.003496419 0.999310443 31.751578123
0.998784230 -0.033015843 0.036597829 1.478087718 0.033127352 0.999447652 -0.002446066 0.152723153 -0.036496597 0.003655495 0.999326631 32.050524079
0.998813248 -0.033131360 0.035699364 1.499208672 0.033270083 0.999440183 -0.003301909 0.152625727 -0.035569706 0.004485730 0.999357510 32.350825756
0.998829837 -0.032901653 0.035426571 1.507629261 0.033062560 0.999445349 -0.003965365 0.152192703 -0.035276539 0.005132082 0.999364196 32.503751407
0.998842408 -0.032462395 0.035491778 1.523890385 0.032630689 0.999458069 -0.004173993 0.153189769 -0.035337042 0.005327385 0.999361566 32.793983619
0.998897902 -0.032368960 0.033978561 1.532234695 0.032526225 0.999462405 -0.004085743 0.154732311 -0.033828614 0.005186471 0.999414217 33.078110384
0.998919264 -0.032361275 0.033363459 1.535797714 0.032511650 0.999463653 -0.003978244 0.155623765 -0.033217401 0.005058690 0.999435119 33.220965352
0.998931432 -0.033068822 0.032272914 1.552071608 0.033197378 0.999442771 -0.003456306 0.157920749 -0.032140056 0.004524025 0.999473257 33.511190681
0.998949954 -0.033024216 0.031750557 1.564091863 0.033120585 0.999448259 -0.002516592 0.160892061 -0.031650154 0.003565596 0.999493042 33.790556547
0.998971385 -0.033027107 0.031069837 1.570095752 0.033117857 0.999448604 -0.002410058 0.161742757 -0.030973397 0.003436624 0.999513905 33.930242842
0.999015392 -0.032595312 0.030065191 1.582111395 0.032681501 0.999462963 -0.002380612 0.163027213 -0.029971968 0.003360936 0.999545018 34.193216194
0.999065762 -0.031654052 0.029409085 1.598997282 0.031736999 0.999493333 -0.002356982 0.164277111 -0.029320135 0.003288179 0.999564447 34.466253398
0.999085186 -0.031442756 0.028981229 1.607444302 0.031517121 0.999500866 -0.002113925 0.165317034 -0.028899652 0.003025432 0.999577624 34.602769802
0.999119675 -0.031201307 0.028036622 1.614584883 0.031261090 0.999509087 -0.001695610 0.167362964 -0.027969730 0.002570671 0.999605802 34.872076899
0.999129976 -0.031549568 0.027282703 1.626608189 0.031595025 0.999500011 -0.001238210 0.169427372 -0.027230135 0.002099152 0.999627621 35.135046121
0.999117243 -0.032017365 0.027177477 1.633850300 0.032049857 0.999486148 -0.000764564 0.170850690 -0.027139756 0.001634961 0.999630099 35.256743493
0.999114503 -0.032792632 0.026345713 1.646494832 0.032812666 0.999461428 -0.000330026 0.172807953 -0.026321047 0.001194233 0.999652840 35.502519613
0.999128246 -0.032819256 0.025790472 1.663390259 0.032858208 0.999459608 -0.001087725 0.172594021 -0.025740460 0.001934193 0.999666603 35.742761674
0.999135310 -0.032808905 0.025545190 1.671227263 0.032857804 0.999458620 -0.001495391 0.172447247 -0.025482542 0.002333510 0.999672257 35.863675138
0.999144059 -0.032957282 0.024987192 1.677777292 0.033015054 0.999453144 -0.001900504 0.172852586 -0.024911026 0.002723848 0.999685672 36.084578804
0.999164280 -0.032777645 0.024420068 1.686778217 0.032844927 0.999457687 -0.002359430 0.173020219 -0.024328986 0.003159578 0.999699062 36.285913393
0.999168252 -0.032834418 0.024163235 1.695847942 0.032909107 0.999454019 -0.002701673 0.172886103 -0.024061657 0.003494600 0.999703812 36.388840898
0.999180014 -0.032957525 0.023521710 1.703015660 0.033044608 0.999448422 -0.003323357 0.172824320 -0.023399176 0.004097925 0.999717527 36.592553368
0.999204952 -0.032782535 0.022683327 1.713845863 0.032878277 0.999451383 -0.003861252 0.172821392 -0.022544670 0.004604071 0.999735054 36.791512194
0.999208386 -0.032882534 0.022394327 1.717441121 0.032976174 0.999448150 -0.003827985 0.173341986 -0.022256728 0.004563437 0.999741755 36.885164785
0.999218211 -0.032884255 0.021936253 1.732548448 0.032980544 0.999447221 -0.004042138 0.173837696 -0.021790980 0.004762459 0.999751421 37.078575415
0.999230961 -0.033004010 0.021156979 1.733026769 0.033108648 0.999441306 -0.004615002 0.173794081 -0.020993832 0.005311944 0.999765699 37.258199339
0.999232145 -0.033261109 0.020693129 1.740887362 0.033370279 0.999430561 -0.004951804 0.173613387 -0.020516589 0.005638545 0.999773755 37.346310089
0.999232124 -0.033576741 0.020172896 1.741388584 0.033693858 0.999416460 -0.005491686 0.173465857 -0.019976691 0.006167271 0.999781387 37.493131669
0.999223007 -0.034011958 0.019892766 1.749814477 0.034134739 0.999399708 -0.005865539 0.173572800 -0.019681369 0.006540036 0.999785009 37.646054461
0.999220723 -0.034197320 0.019688635 1.753418090 0.034321280 0.999392194 -0.005994623 0.173726455 -0.019472189 0.006665724 0.999788481 37.723307549
0.999226092 -0.034377127 0.019110489 1.762456264 0.034501850 0.999385146 -0.006235107 0.174033195 -0.018884642 0.006889729 0.999798145 37.875437061
0.999239304 -0.034272010 0.018585326 1.765397473 0.034403695 0.999384057 -0.006811455 0.173754912 -0.018340487 0.007445742 0.999803711 38.019090445
0.999244548 -0.034131216 0.018576148 1.764737623 0.034268433 0.999387287 -0.007119093 0.173582958 -0.018322084 0.007750327 0.999801860 38.085489365
0.999259362 -0.033665960 0.018590147 1.777436318 0.033808117 0.999401102 -0.007388759 0.173748566 -0.018329999 0.008011846 0.999799702 38.232866291
0.999285499 -0.033172720 0.018107312 1.779163771 0.033314089 0.999416032 -0.007560186 0.174170620 -0.017846537 0.008158067 0.999807418 38.378100411
0.999296865 -0.032972621 0.017825360 1.782766795 0.033114275 0.999421790 -0.007709702 0.174264279 -0.017561280 0.008294585 0.999811800 38.455353816
0.999303385 -0.032932079 0.017551720 1.785709968 0.033079542 0.999418831 -0.008180438 0.174185983 -0.017271779 0.008755307 0.999812830 38.599006142
0.999296687 -0.033057870 0.017689023 1.787444599 0.033214065 0.999411377 -0.008610345 0.174121106 -0.017394807 0.009191851 0.999806727 38.727841393
0.999294090 -0.033065511 0.017826085 1.797150193 0.033225498 0.999409239 -0.008754220 0.174152867 -0.017525715 0.009340379 0.999803071 38.797172905
0.999299468 -0.032749391 0.018092654 1.801329329 0.032915432 0.999418211 -0.008954386 0.174417209 -0.017788990 0.009543759 0.999796386 38.922837525
0.999313257 -0.032323959 0.018129854 1.800030166 0.032491054 0.999431225 -0.008997260 0.174946285 -0.017829716 0.009580208 0.999795297 39.039229295
0.999323507 -0.031981199 0.018129032 1.803034569 0.032150444 0.999441500 -0.009124568 0.175013174 -0.017827538 0.009701335 0.999793777 39.100873618
0.999343645 -0.031208050 0.018397172 1.810260668 0.031387616 0.999461161 -0.009556076 0.174806595 -0.018088769 0.010127241 0.999784966 39.222579620
0.999337312 -0.031091468 0.018923036 1.819930586 0.031281626 0.999461597 -0.009840227 0.174859238 -0.018607326 0.010425708 0.999772073 39.341115362
0.999332342 -0.031137069 0.019125420 1.822934694 0.031332238 0.999458900 -0.009994651 0.174896130 -0.018803684 0.010587292 0.999767115 39.402759843
0.999329450 -0.031016251 0.019441178 1.822242605 0.031219518 0.999460053 -0.010240114 0.175095036 -0.019113740 0.010840285 0.999758509 39.518361140
0.999329427 -0.030639999 0.020025760 1.833136396 0.030850792 0.999470768 -0.010306825 0.175477278 -0.019699799 0.010917777 0.999746393 39.635310691
0.999326294 -0.030548849 0.020329594 1.831881855 0.030763913 0.999473178 -0.010356947 0.175678529 -0.020002798 0.010975463 0.999739975 39.686098411
0.999328113 -0.030264945 0.020653002 1.839730654 0.030491007 0.999477353 -0.010723906 0.175514796 -0.020318526 0.011346471 0.999728725 39.790610517
0.999332109 -0.029970585 0.020907778 1.839045840 0.030209262 0.999480958 -0.011193790 0.175236770 -0.020561770 0.011817946 0.999718951 39.889812893
0.999326853 -0.029971243 0.021136761 1.845100645 0.030216336 0.999477943 -0.011371787 0.175182717 -0.020784298 0.012002792 0.999712062 39.947496745
0.999321458 -0.029769802 0.021670900 1.849912801 0.030024861 0.999481950 -0.011545913 0.175322954 -0.021316182 0.012188841 0.999699080 40.039566906
0.999322792 -0.029366755 0.022136087 1.848618949 0.029636096 0.999489120 -0.011942788 0.175175110 -0.021774702 0.012590869 0.999683817 40.139560814
0.999320594 -0.029306004 0.022338873 1.850411469 0.029584186 0.999487037 -0.012224241 0.174915440 -0.021968867 0.012876910 0.999675752 40.186389863
0.999310740 -0.029161217 0.022936294 1.856440426 0.029456062 0.999485803 -0.012623130 0.174665321 -0.022556757 0.013290160 0.999657602 40.276877647
0.999300389 -0.028888280 0.023755911 1.861252484 0.029198118 0.999491176 -0.012804407 0.174795558 -0.023374372 0.013489103 0.999636131 40.368947861
0.999294656 -0.028778808 0.024133170 1.862438323 0.029095474 0.999493537 -0.012878371 0.174906054 -0.023751126 0.013571508 0.999625987 40.416567172
0.999288562 -0.028301121 0.024908974 1.869678672 0.028634707 0.999503308 -0.013143828 0.174932499 -0.024524982 0.013847830 0.999603409 40.521870494
0.999282765 -0.027918102 0.025573763 1.877533070 0.028261800 0.999513773 -0.013177254 0.175338730 -0.025193700 0.013890647 0.999585744 40.626379583
0.999278799 -0.027787196 0.025856628 1.883590724 0.028134827 0.999516543 -0.013183269 0.175574658 -0.025477891 0.013901318 0.999579017 40.684061899
0.999263413 -0.027556674 0.026715723 1.887176250 0.027913285 0.999524775 -0.013069814 0.176322198 -0.026342772 0.013805991 0.999557657 40.794114736
0.999232470 -0.027629274 0.027771230 1.893807658 0.028006241 0.999519758 -0.013278462 0.176488824 -0.027391577 0.014046027 0.999526370 40.900209537
0.999220460 -0.027672726 0.028138908 1.902302941 0.028060352 0.999515301 -0.013477657 0.176354015 -0.027752460 0.014256752 0.999512981 40.954724928
0.999194326 -0.027847554 0.028890453 1.904065089 0.028249677 0.999507834 -0.013605669 0.176655193 -0.028497095 0.014410878 0.999490145 41.050755348
0.999174338 -0.027999687 0.029421458 1.911313494 0.028403651 0.999506361 -0.013403539 0.177501586 -0.029032039 0.014228190 0.999477483 41.156054328
0.999167588 -0.027963083 0.029696176 1.917373996 0.028366033 0.999509169 -0.013239462 0.178027496 -0.029311950 0.014070911 0.999471128 41.213735109
0.999155448 -0.027573462 0.030461172 1.921568757 0.027985241 0.999521066 -0.013177492 0.178664853 -0.030083917 0.014018816 0.999448636 41.322996307
0.999130108 -0.027391785 0.031443085 1.932461468 0.027821894 0.999524174 -0.013323916 0.178937102 -0.031063253 0.014187253 0.999416665 41.439946441
0.999117363 -0.027359910 0.031883836 1.938519907 0.027795175 0.999524744 -0.013290713 0.179253026 -0.031505715 0.014165218 0.999403556 41.497628334
0.999091311 -0.027358338 0.032663064 1.942103960 0.027803907 0.999524731 -0.013269698 0.179850576 -0.032284574 0.014165799 0.999378669 41.607681965
0.999065730 -0.027289481 0.033510572 1.954228010 0.027730390 0.999533498 -0.012765306 0.181212376 -0.033146589 0.013682730 0.999357240 41.723041885
0.999051644 -0.027126284 0.034036280 1.951764330 0.027553231 0.999546631 -0.012139989 0.182583935 -0.033691663 0.013066259 0.999346416 41.775407852
0.999028101 -0.026830808 0.034977403 1.963288084 0.027231782 0.999567974 -0.011037365 0.184965862 -0.034666319 0.011979101 0.999327549 41.891554593
0.999013127 -0.026469130 0.035660091 1.967490704 0.026859394 0.999583653 -0.010508638 0.186403169 -0.035367361 0.011456160 0.999308868 42.000811554
0.999002033 -0.026325936 0.036080960 1.972940399 0.026716339 0.999588613 -0.010382841 0.186879273 -0.035793170 0.011336524 0.999294401 42.059284821
0.998991009 -0.026169864 0.036486147 1.981412579 0.026550025 0.999597933 -0.009972249 0.188045265 -0.036211051 0.010930983 0.999284389 42.162997665
0.998961005 -0.026250589 0.037241991 1.992942332 0.026609920 0.999603674 -0.009184231 0.189820269 -0.036986037 0.010165718 0.999264444 42.262746173
0.998945669 -0.026414484 0.037540483 1.995966093 0.026764056 0.999602540 -0.008840784 0.190640151 -0.037292700 0.009836242 0.999256423 42.307985061
0.998932679 -0.026396852 0.037909594 2.002618235 0.026735679 0.999606395 -0.008459344 0.191699760 -0.037670951 0.009463872 0.999245505 42.397673687
0.998922509 -0.026082280 0.038376424 2.004397384 0.026416040 0.999617025 -0.008216999 0.192513944 -0.038146795 0.009221940 0.999229598 42.477299944
0.998920351 -0.025869236 0.038567849 2.009857891 0.026200204 0.999623311 -0.008102909 0.192873094 -0.038343872 0.009104716 0.999222842 42.519372383
0.998925772 -0.025457413 0.038721950 2.010428791 0.025777547 0.999637550 -0.007790717 0.193730695 -0.038509727 0.008780488 0.999220133 42.584181407
0.998931374 -0.025243761 0.038711682 2.012227598 0.025559909 0.999643894 -0.007693806 0.194110984 -0.038503875 0.008675093 0.999221075 42.631007067
0.998927836 -0.025244330 0.038792275 2.018918468 0.025559808 0.999643722 -0.007658210 0.194242806 -0.038586128 0.008641583 0.999218319 42.655094819
0.998916578 -0.025201006 0.039128253 2.023165324 0.025525062 0.999643122 -0.007807196 0.194095406 -0.038917517 0.008797539 0.999203850 42.682352938
0.998914779 -0.025204904 0.039153215 2.026187127 0.025545599 0.999639389 -0.008227291 0.193498415 -0.038933053 0.009218610 0.999199448 42.711197882
0.998920072 -0.025079253 0.039101186 2.027397045 0.025417810 0.999642901 -0.008185465 0.193624988 -0.038881887 0.009170564 0.999201752 42.726014215
0.998920878 -0.025084769 0.039081605 2.024954504 0.025427019 0.999642484 -0.008285678 0.193495757 -0.038859924 0.009270465 0.999201843 42.729183788
0.998922940 -0.025047123 0.039036330 2.026167867 0.025405194 0.999639322 -0.008705068 0.192755423 -0.038803774 0.009687427 0.999200134 42.727603263
0.998929565 -0.024991070 0.038920196 2.022491340 0.025408452 0.999624024 -0.010268377 0.190049772 -0.038648491 0.011246264 0.999190113 42.715969476
0.998933180 -0.024972513 0.038837283 2.026128775 0.025443846 0.999607356 -0.011689919 0.187558787 -0.038530025 0.012665652 0.999177351 42.711229334
0.998936140 -0.024898276 0.038810691 2.027956973 0.025374763 0.999607370 -0.011833571 0.187278234 -0.038501609 0.012805901 0.999176387 42.708854153
0.998939087 -0.024797456 0.038806959 2.029186937 0.025251866 0.999617336 -0.011263060 0.188227794 -0.038512906 0.012231048 0.999183847 42.707264680
0.998935792 -0.024874930 0.038820804 2.023103626 0.025311871 0.999620678 -0.010802949 0.189032684 -0.038537677 0.011774188 0.999187332 42.698781193
0.998937309 -0.024879671 0.038795790 2.023712469 0.025319403 0.999620157 -0.010885104 0.188882503 -0.038510095 0.011855878 0.999188055 42.697989766
0.998938932 -0.024871956 0.038755301 2.024318659 0.025320327 0.999617326 -0.011121430 0.188462339 -0.038464675 0.012090976 0.999186415 42.697199769
0.998937679 -0.024870306 0.038799776 2.024931431 0.025313387 0.999619512 -0.010969754 0.188712134 -0.038512258 0.011940230 0.999187165 42.696406224
0.998937159 -0.024866137 0.038794232 2.024933592 0.025304104 0.999620776 -0.010838782 0.188932120 -0.038510014 0.011808984 0.999188784 42.696405059
0.998938188 -0.024909103 0.038749676 2.025545087 0.025343825 0.999620830 -0.010768726 0.189051922 -0.038466812 0.011739404 0.999191431 42.695612203
0.998938128 -0.024935996 0.038725441 2.025544989 0.025370559 0.999620111 -0.010771587 0.189041923 -0.038441955 0.011742682 0.999191735 42.695612256
0.998938407 -0.024932236 0.038734542 2.026155010 0.025367310 0.999620132 -0.010782379 0.189011735 -0.038450535 0.011753532 0.999191310 42.694820193
0.998938313 -0.024922551 0.038733095 2.034076636 0.025357711 0.999620059 -0.010786964 0.188956227 -0.038450484 0.011757837 0.999191516 42.700923046
0.998940351 -0.024876267 0.038725286 2.034076636 0.025311333 0.999621596 -0.010787286 0.188956227 -0.038442006 0.011756104 0.999191818 42.700923046
0.998939846 -0.024848474 0.038737293 2.034076636 0.025283769 0.999622322 -0.010787908 0.188956227 -0.038454664 0.011755918 0.999190976 42.700923046
0.998937015 -0.024922321 0.038772418 2.034686363 0.025359325 0.999619230 -0.010818664 0.188896040 -0.038488113 0.011790468 0.999189394 42.700131142
0.998935934 -0.024928570 0.038791625 2.034686363 0.025365730 0.999619295 -0.010818654 0.188896040 -0.038507964 0.011791207 0.999189041 42.700131142
0.998934863 -0.024944544 0.038805755 2.034687345 0.025379763 0.999619170 -0.010764389 0.188996034 -0.038522855 0.011737877 0.999189129 42.700130613
0.998937133 -0.024915632 0.038770927 2.034686265 0.025352831 0.999619210 -0.010827648 0.188886041 -0.038486676 0.011799155 0.999189624 42.700131195
0.998938218 -0.024876748 0.038759777 2.035295795 0.025315178 0.999620012 -0.010864144 0.188805856 -0.038475257 0.011833894 0.999189078 42.699339398
0.998938002 -0.024878180 0.038772515 2.035295697 0.025317112 0.999620064 -0.010870871 0.188795857 -0.038488072 0.011840996 0.999188878 42.699339451
0.998937162 -0.024905806 0.038765713 2.035296090 0.025343864 0.999619227 -0.010849498 0.188835854 -0.038480227 0.011820483 0.999189675 42.699339239
0.998935968 -0.024975909 0.038759556 2.035295500 0.025415317 0.999617125 -0.010886643 0.188775858 -0.038473229 0.011860176 0.999189197 42.699339557
0.998935664 -0.025005504 0.038760570 2.035905030 0.025446425 0.999616632 -0.010926155 0.188695673 -0.038472601 0.011900882 0.999189224 42.698547759
0.998933965 -0.025029808 0.038781306 2.035905325 0.025470635 0.999615810 -0.010913261 0.188725671 -0.038493156 0.011889493 0.999188621 42.698547600
0.998933373 -0.025036144 0.038792298 2.035904932 0.025477885 0.999614998 -0.010936577 0.188685673 -0.038503804 0.011913278 0.999187289 42.698547812
0.998934304 -0.025033589 0.038772601 2.035905128 0.025474673 0.999615905 -0.010924277 0.188705672 -0.038485373 0.011900464 0.999188369 42.698547706
0.998934601 -0.025000069 0.038790953 2.035904932 0.025441578 0.999616605 -0.010930663 0.188685673 -0.038502392 0.011905953 0.999187440 42.698547812
0.998934110 -0.025013063 0.038789178 2.036515641 0.025453687 0.999616607 -0.010906440 0.188725481 -0.038501663 0.011882183 0.999188286 42.697755379
0.998934160 -0.025013621 0.038793266 2.036516427 0.025452260 0.999616348 -0.010856477 0.188805476 -0.038506656 0.011832272 0.999188267 42.697754955
0.998935386 -0.024978513 0.038774855 2.036516427 0.025416940 0.999617992 -0.010856091 0.188805476 -0.038488847 0.011830135 0.999189228 42.697754955
0.998938488 -0.024948141 0.038727949 2.036515248 0.025388663 0.999618051 -0.010926027 0.188685483 -0.038440649 0.011897712 0.999190604 42.697755591
