1.000000000 -0.000000000 -0.000000000 -0.000000000 0.000000000 1.000000000 -0.000000000 0.000000000 -0.000000000 -0.000000000 1.000000000 0.000000000
0.999999498 0.000090090 0.000069466 -0.000011844 -0.000090074 0.999999912 -0.000191961 -0.000329710 -0.000070026 0.000191920 1.000000039 0.000007129
0.999999987 0.000232397 0.000225659 -0.001902044 -0.000232467 0.999999697 0.000275827 0.000588317 -0.000225111 -0.000275954 0.999999249 0.002292817
0.999999720 0.000392318 0.000380359 0.005131166 -0.000392370 0.999999926 0.000138364 0.000598316 -0.000381226 -0.000138545 0.999999760 0.025087258
0.999999993 0.000458056 0.000500895 -0.000636342 -0.000458105 1.000000355 -0.000037115 0.000654768 -0.000500060 0.000036834 0.999999818 0.032002649
0.999999350 0.000511949 0.000955840 0.005782208 -0.000512186 0.999999797 0.000176731 0.001661368 -0.000956345 -0.000177201 0.999999215 0.071168202
0.999998862 0.000439178 0.001393082 0.007108062 -0.000440337 0.999999243 0.000785960 0.003663984 -0.001392941 -0.000786621 0.999998648 0.116460318
0.999998230 0.000486093 0.001695927 0.003291265 -0.000487972 0.999999329 0.001074123 0.004748565 -0.001694533 -0.001075024 0.999997745 0.136672089
0.999997100 0.000843787 0.002336171 0.009093360 -0.000847678 0.999998578 0.001624391 0.006701811 -0.002334775 -0.001626411 0.999996113 0.192209833
0.999994697 0.001419960 0.002845943 0.007858362 -0.001426165 0.999997144 0.002166203 0.009060425 -0.002842349 -0.002170405 0.999993020 0.256192449
0.999993313 0.001678916 0.003113803 0.005966792 -0.001686829 0.999995065 0.002525480 0.010463758 -0.003110137 -0.002530696 0.999991867 0.289715937
0.999991014 0.001843148 0.003818448 0.013700788 -0.001855357 0.999993800 0.003188671 0.013183228 -0.003812014 -0.003195838 0.999987270 0.374179871
0.999988283 0.001094210 0.004630110 0.014376873 -0.001110200 0.999993700 0.003467603 0.015728577 -0.004626489 -0.003472713 0.999983532 0.467101206
0.999986926 0.000524166 0.005062972 0.014385405 -0.000541634 0.999993784 0.003441085 0.016751276 -0.005060758 -0.003443826 0.999980828 0.513951535
0.999981634 -0.000628432 0.005999506 0.020801214 0.000608122 0.999994615 0.003379817 0.018728487 -0.006002440 -0.003376190 0.999976226 0.615592690
0.999974585 -0.001631007 0.006894060 0.027875179 0.001606262 0.999992355 0.003583751 0.021443305 -0.006899991 -0.003572626 0.999969869 0.732073531
0.999970984 -0.001814911 0.007323967 0.029174326 0.001787750 0.999991340 0.003706848 0.022964210 -0.007330504 -0.003693633 0.999966109 0.793000210
0.999965349 -0.001649723 0.008150021 0.036228761 0.001620564 0.999992072 0.003583757 0.025397141 -0.008156378 -0.003570491 0.999959917 0.925111293
0.999959477 -0.001263990 0.008887610 0.038823319 0.001230652 0.999992556 0.003751494 0.028596678 -0.008891504 -0.003740474 0.999953601 1.062585387
0.999957535 -0.001034238 0.009102024 0.042687331 0.000998173 0.999991758 0.003960322 0.030396758 -0.009106497 -0.003951129 0.999950843 1.136056128
0.999954216 -0.001016939 0.009523503 0.046567119 0.000977176 0.999991307 0.004184070 0.033944632 -0.009527639 -0.004174688 0.999945292 1.287609813
0.999950480 -0.001331508 0.009843019 0.045963847 0.001288740 0.999989981 0.004354885 0.037352044 -0.009849033 -0.004342026 0.999942185 1.428921975
0.999949017 -0.001394511 0.010025694 0.051110365 0.001348397 0.999988803 0.004607490 0.039162892 -0.010031793 -0.004593769 0.999939382 1.500855457
0.999945835 -0.000788147 0.010396167 0.051797854 0.000736315 0.999987697 0.004987783 0.042810869 -0.010400200 -0.004979883 0.999932762 1.640625393
0.999944904 0.000162497 0.010500507 0.053744731 -0.000215324 0.999987560 0.005024850 0.046087815 -0.010499116 -0.005026944 0.999931814 1.794490473
0.999946179 0.000269423 0.010362539 0.055050910 -0.000323779 0.999985910 0.005246496 0.048066184 -0.010360893 -0.005249622 0.999931786 1.871031408
0.999951745 0.000184070 0.009808182 0.058954599 -0.000241538 0.999982877 0.005853494 0.052541110 -0.009806862 -0.005855720 0.999934898 2.038189196
0.999951178 0.000398232 0.009834703 0.057073699 -0.000457565 0.999982293 0.006031868 0.056335270 -0.009832672 -0.006036127 0.999933471 2.196654168
0.999950556 0.000805370 0.009894166 0.063483194 -0.000864718 0.999981507 0.005989488 0.057875000 -0.009889057 -0.005997761 0.999933096 2.282680634
0.999953934 0.001344129 0.009493164 0.060319788 -0.001402475 0.999980743 0.006143284 0.061658392 -0.009484653 -0.006156372 0.999936245 2.442682864
0.999958367 0.002598979 0.008724059 0.063553331 -0.002653822 0.999977329 0.006289537 0.065323641 -0.008706493 -0.006312451 0.999941798 2.610626671
0.999958486 0.003018850 0.008564711 0.060978612 -0.003068843 0.999978267 0.005823147 0.066340522 -0.008546916 -0.005849186 0.999946401 2.691799469
0.999958329 0.003152714 0.008534647 0.067986306 -0.003194061 0.999982917 0.004829069 0.068257504 -0.008519748 -0.004856242 0.999951757 2.870794150
0.999959520 0.002727534 0.008556781 0.069297917 -0.002768839 0.999984584 0.004813954 0.072219192 -0.008543284 -0.004837519 0.999951440 3.056661232
0.999963797 0.002115802 0.008196929 0.077017409 -0.002158529 0.999984017 0.005214549 0.074796654 -0.008185595 -0.005232050 0.999952705 3.156752383
0.999972403 0.001054147 0.007298870 0.075813687 -0.001097615 0.999982260 0.005958296 0.079857955 -0.007292596 -0.005966239 0.999955482 3.330045592
0.999978726 0.001042264 0.006378667 0.077133407 -0.001080949 0.999981193 0.006074733 0.084307081 -0.006372413 -0.006081602 0.999960426 3.531526281
0.999979534 0.001346696 0.006221795 0.079705287 -0.001383996 0.999980880 0.005998344 0.086351901 -0.006212823 -0.006006909 0.999962617 3.637777049
0.999982504 0.001781077 0.005639593 0.085508786 -0.001815975 0.999979491 0.006172441 0.090961472 -0.005629235 -0.006182636 0.999964846 3.849498829
0.999987451 0.002076439 0.004522933 0.083638784 -0.002105416 0.999977105 0.006394499 0.096105909 -0.004509438 -0.006404064 0.999968693 4.070431194
0.999988357 0.002472071 0.004137853 0.089410860 -0.002498231 0.999976631 0.006313803 0.098270433 -0.004122382 -0.006324106 0.999971145 4.188460959
0.999988849 0.002609402 0.003911842 0.091371001 -0.002634152 0.999976397 0.006327852 0.103225235 -0.003894815 -0.006338238 0.999972290 4.420410496
0.999993236 0.001392179 0.003368382 0.095917183 -0.001414858 0.999976638 0.006724497 0.109048695 -0.003358703 -0.006729288 0.999971879 4.664891350
0.999994698 0.001495985 0.002870424 0.099784703 -0.001515622 0.999975659 0.006875517 0.111731597 -0.002859882 -0.006879827 0.999972543 4.785215443
0.999996398 0.001567716 0.002101450 0.106270258 -0.001583790 0.999969378 0.007649599 0.118005827 -0.002088983 -0.007652920 0.999967983 5.027381012
0.999997051 0.001792539 0.001891797 0.105711688 -0.001808243 0.999963918 0.008315311 0.124227961 -0.001877560 -0.008318814 0.999963491 5.262377197
0.999995261 0.002371484 0.001691197 0.106398247 -0.002386219 0.999958778 0.008747922 0.127588325 -0.001670789 -0.008751926 0.999960322 5.386529205
0.999995885 0.002704728 0.000969423 0.109660487 -0.002713444 0.999954954 0.009113189 0.133361051 -0.000944749 -0.009115752 0.999957547 5.632548180
0.999994242 0.003404000 0.000550434 0.112861140 -0.003408565 0.999957611 0.008523532 0.137157648 -0.000522087 -0.008525415 0.999963194 5.862985735
0.999994300 0.003401868 0.000464070 0.112219757 -0.003405509 0.999960948 0.008187895 0.138980719 -0.000436220 -0.008189452 0.999965854 5.973083860
0.999993976 0.003299607 -0.000032677 0.119274600 -0.003299222 0.999963998 0.007801857 0.143257093 0.000058253 -0.007801689 0.999969162 6.214524114
0.999992817 0.003677880 -0.000418268 0.122494993 -0.003674621 0.999965509 0.007521391 0.147603207 0.000446598 -0.007519925 0.999971066 6.444949788
0.999993726 0.003497903 -0.000542931 0.128265993 -0.003493837 0.999966675 0.007396490 0.149737757 0.000569605 -0.007394695 0.999972635 6.562980201
0.999996484 0.002502473 -0.000745091 0.129591521 -0.002496859 0.999968933 0.007464578 0.154872012 0.000764102 -0.007462830 0.999971327 6.795694371
0.999998780 0.001107996 -0.001100564 0.139853885 -0.001099981 0.999973875 0.007191537 0.159210275 0.001108247 -0.007190385 0.999973192 7.033290725
0.999998966 0.000372010 -0.001340513 0.142406955 -0.000363048 0.999977053 0.006739020 0.160993190 0.001343968 -0.006738609 0.999976356 7.155171303
0.999999000 -0.000698859 -0.001544395 0.146877046 0.000707930 0.999982905 0.005885184 0.164698511 0.001540197 -0.005886405 0.999980761 7.399697954
0.999997700 -0.000901745 -0.001759948 0.145596497 0.000910802 0.999985935 0.005155864 0.168929871 0.001755318 -0.005157556 0.999984653 7.651129844
0.999997488 -0.000427821 -0.001938297 0.149428696 0.000436995 0.999989199 0.004681197 0.170891273 0.001935889 -0.004682069 0.999986876 7.787093684
0.999997393 -0.000298767 -0.002045729 0.150735984 0.000307722 0.999990779 0.004393919 0.176041247 0.002044082 -0.004394590 0.999987726 8.051055809
0.999997208 0.000801521 -0.001932122 0.154046745 -0.000790961 0.999984460 0.005452480 0.183688059 0.001936434 -0.005451004 0.999983522 8.328282557
0.999997817 0.001035778 -0.001901015 0.159868418 -0.001024218 0.999981588 0.006076033 0.187756642 0.001907282 -0.006074130 0.999979899 8.477519446
0.999999135 0.000377939 -0.001447451 0.168317670 -0.000367270 0.999973018 0.007378716 0.195943954 0.001449843 -0.007378280 0.999971512 8.764210555
0.999999078 0.001207085 -0.000735160 0.172242079 -0.001201226 0.999968118 0.007940869 0.203089461 0.000745060 -0.007940058 0.999968073 9.056303777
0.999999016 0.001010557 -0.000567907 0.178664626 -0.001006004 0.999968827 0.007910344 0.206039416 0.000576019 -0.007909751 0.999968320 9.204796341
0.999999361 0.000468398 -0.000263661 0.181878689 -0.000466416 0.999973402 0.007302894 0.211256229 0.000267112 -0.007302796 0.999973073 9.497699777
0.999999420 0.000866554 0.000135898 0.188298479 -0.000867456 0.999976230 0.006834301 0.216484974 -0.000130319 -0.006834535 0.999975832 9.786760394
0.999999968 0.000406930 0.000664610 0.194723898 -0.000411549 0.999976671 0.006836829 0.219514858 -0.000661406 -0.006837154 0.999975941 9.935251229
0.999998980 0.000364141 0.001570775 0.202491012 -0.000375769 0.999973034 0.007399795 0.226820423 -0.001568123 -0.007400459 0.999971170 10.238354063
0.999996572 0.000948911 0.002274389 0.208372593 -0.000968290 0.999963431 0.008537216 0.235173901 -0.002266470 -0.008539482 0.999960805 10.543739776
0.999995227 0.000773137 0.002894854 0.211613461 -0.000798504 0.999960969 0.008757859 0.238781334 -0.002887293 -0.008760198 0.999957080 10.696060686
0.999990847 0.001160392 0.003943831 0.223826308 -0.001194896 0.999960673 0.008773848 0.245188274 -0.003933482 -0.008778547 0.999953606 11.009427510
0.999989700 0.000447862 0.004631931 0.234768135 -0.000489225 0.999960468 0.008904979 0.251904166 -0.004627361 -0.008907189 0.999949627 11.324324678
0.999988216 0.000370860 0.004820300 0.238023001 -0.000415983 0.999956196 0.009369616 0.255901257 -0.004816050 -0.009371569 0.999944545 11.476637163
0.999982575 0.000102897 0.005813890 0.241288097 -0.000158078 0.999955282 0.009487913 0.263062094 -0.005812348 -0.009488760 0.999937844 11.800746860
0.999974712 0.000467361 0.007091475 0.256696115 -0.000533952 0.999956159 0.009394432 0.269448861 -0.007086554 -0.009398108 0.999931190 12.125895706
0.999971248 0.001296235 0.007394291 0.262490722 -0.001366726 0.999954150 0.009539005 0.273025742 -0.007381292 -0.009548879 0.999927244 12.290767374
0.999960970 0.001988748 0.008563004 0.270264721 -0.002075568 0.999946175 0.010138341 0.281046410 -0.008542645 -0.010155826 0.999911395 12.625103040
0.999950561 0.002882979 0.009542975 0.280571282 -0.002981050 0.999942779 0.010280472 0.288447044 -0.009512899 -0.010308474 0.999901236 12.972002210
0.999942170 0.003238688 0.010203677 0.283160521 -0.003343451 0.999941976 0.010276507 0.292021983 -0.010169474 -0.010310094 0.999894419 13.140716482
0.999927358 0.003223433 0.011641861 0.296648402 -0.003341201 0.999943104 0.010106247 0.298755146 -0.011608350 -0.010144397 0.999880944 13.483787522
0.999917193 0.003155873 0.012486286 0.308223830 -0.003281644 0.999944420 0.010062999 0.305786880 -0.012453596 -0.010103189 0.999871614 13.829157643
0.999912104 0.003468873 0.012744246 0.310146153 -0.003591777 0.999947376 0.009632863 0.308642063 -0.012710197 -0.009677883 0.999871646 13.998655990
0.999896593 0.004319503 0.013681692 0.321666666 -0.004438925 0.999952416 0.008712225 0.314145141 -0.013643418 -0.008772145 0.999867819 14.344059165
0.999871366 0.004681489 0.015348186 0.335766759 -0.004805452 0.999956388 0.008053139 0.320337034 -0.015310348 -0.008125915 0.999849630 14.701997543
0.999859947 0.005236854 0.015874225 0.344739162 -0.005360523 0.999955621 0.007756363 0.323671803 -0.015833155 -0.007840419 0.999843403 14.894280178
0.999834719 0.005710067 0.017228682 0.364610777 -0.005835983 0.999956961 0.007263118 0.330442417 -0.017187040 -0.007362560 0.999825013 15.276537726
0.999816270 0.005250187 0.018398643 0.380010458 -0.005377601 0.999961623 0.006887508 0.337382296 -0.018361969 -0.006985232 0.999807059 15.648547053
0.999804442 0.005143541 0.019082981 0.384514369 -0.005272507 0.999964167 0.006713928 0.341243881 -0.019048115 -0.006813300 0.999794811 15.846197885
0.999772775 0.005014552 0.020724894 0.411458317 -0.005154351 0.999964027 0.006697275 0.349113538 -0.020690686 -0.006802620 0.999762100 16.251226326
0.999739702 0.004672896 0.022321144 0.428800307 -0.004821310 0.999966365 0.006600689 0.357109387 -0.022289493 -0.006706650 0.999729331 16.652155579
0.999722781 0.004645699 0.023083874 0.441631207 -0.004798666 0.999966800 0.006576421 0.361043827 -0.023052489 -0.006685434 0.999712177 16.855438321
0.999682219 0.004947177 0.024730382 0.460923908 -0.005120885 0.999963229 0.006965858 0.370067805 -0.024695401 -0.007090331 0.999670175 17.269663953
0.999652062 0.004448356 0.026004963 0.483402659 -0.004633470 0.999964175 0.007062976 0.379079469 -0.025972768 -0.007181000 0.999636861 17.711295584
0.999639411 0.003679260 0.026593895 0.495609780 -0.003871858 0.999966336 0.007193802 0.384018369 -0.026565786 -0.007294239 0.999620612 17.946573414
0.999608775 0.002571598 0.027852983 0.522590827 -0.002783975 0.999967150 0.007587233 0.393967662 -0.027832824 -0.007661896 0.999582560 18.414053478
0.999580273 0.000770409 0.028950254 0.554688684 -0.000998986 0.999968517 0.007880782 0.404115621 -0.028943834 -0.007906488 0.999549001 18.906629443
0.999570414 0.000230047 0.029316974 0.562427671 -0.000469866 0.999966903 0.008174323 0.409591330 -0.029314113 -0.008184571 0.999537214 19.147275253
0.999575045 -0.000538936 0.029143368 0.591977956 0.000286234 0.999962191 0.008673698 0.420464963 -0.029147322 -0.008661717 0.999537463 19.658533723
0.999595815 0.000047206 0.028448297 0.608733984 -0.000311697 0.999956453 0.009290497 0.431564892 -0.028446554 -0.009295664 0.999551786 20.153909255
0.999593643 0.000304268 0.028514486 0.622859512 -0.000573029 0.999955399 0.009413958 0.436632711 -0.028510445 -0.009426494 0.999548466 20.402502907
0.999613007 0.000471715 0.027812453 0.651761692 -0.000746273 0.999951614 0.009861893 0.447048492 -0.027806691 -0.009878837 0.999564391 20.898915643
0.999654238 -0.000666659 0.026284231 0.674344303 0.000363091 0.999933581 0.011552973 0.459998160 -0.026289778 -0.011539518 0.999587270 21.402958715
0.999731107 -0.001338552 0.023144647 0.700182335 0.001025508 0.999908267 0.013529898 0.478530722 -0.023160839 -0.013502591 0.999640111 22.153024866
0.999772877 0.000096072 0.021302606 0.717585815 -0.000398825 0.999899371 0.014209959 0.490593791 -0.021299216 -0.014215289 0.999672476 22.694483502
0.999790595 0.001038450 0.020444242 0.725324297 -0.001335745 0.999893169 0.014532278 0.496317148 -0.020427195 -0.014556553 0.999685766 22.950748104
0.999820538 0.002583871 0.018738063 0.745937387 -0.002873970 0.999876758 0.015474129 0.507976783 -0.018695913 -0.015525267 0.999704509 23.457124607
0.999861317 0.002188152 0.016498464 0.758880712 -0.002460859 0.999860522 0.016524971 0.520013558 -0.016459583 -0.016563328 0.999726496 23.957090956
0.999884064 0.001579104 0.015115771 0.764695761 -0.001832972 0.999857727 0.016799196 0.525468119 -0.015086965 -0.016824981 0.999744373 24.200042761
0.999917362 0.000459086 0.012805375 0.783351320 -0.000678264 0.999853540 0.017113102 0.535909792 -0.012796099 -0.017120478 0.999771417 24.693126988
0.999945848 0.001138669 0.010318141 0.795550707 -0.001309459 0.999862005 0.016559284 0.544821058 -0.010297325 -0.016571988 0.999809179 25.178305283
0.999958152 0.001751587 0.008985049 0.796843573 -0.001896927 0.999866944 0.016188308 0.549046112 -0.008955423 -0.016204701 0.999828700 25.411039111
0.999975667 0.003495507 0.006038745 0.801958784 -0.003585675 0.999881181 0.014988294 0.556528626 -0.005985297 -0.015009618 0.999868984 25.873453641
0.999981453 0.005242096 0.003165040 0.803863389 -0.005284802 0.999893104 0.013622781 0.563601690 -0.003093450 -0.013639328 0.999901436 26.324095438
0.999980923 0.005825046 0.002042509 0.805150659 -0.005851508 0.999895655 0.013189121 0.567409245 -0.001965226 -0.013200882 0.999910749 26.541214147
0.999983573 0.005736803 -0.000007085 0.816110187 -0.005736231 0.999895193 0.013322814 0.576973428 0.000084039 -0.013322584 0.999911675 26.996667055
0.999977495 0.006063527 -0.002941741 0.816892155 -0.006020225 0.999877224 0.014508275 0.588224178 0.003029823 -0.014490298 0.999890788 27.433131400
0.999971285 0.006244814 -0.004337116 0.811820162 -0.006180436 0.999872383 0.014717870 0.593198956 0.004428063 -0.014690714 0.999881890 27.642285848
0.999955428 0.006708853 -0.006687713 0.819555593 -0.006611040 0.999872806 0.014546740 0.601716383 0.006784453 -0.014501957 0.999871784 28.070355656
0.999932106 0.007706013 -0.008771561 0.818976385 -0.007578534 0.999867114 0.014471963 0.610243018 0.008882229 -0.014404587 0.999856219 28.477167633
0.999915543 0.008597212 -0.009772313 0.820909900 -0.008458068 0.999863500 0.014193272 0.613933199 0.009893377 -0.014109419 0.999850891 28.677896220
0.999874707 0.010392864 -0.011876288 0.812620517 -0.010230387 0.999854380 0.013661482 0.621450325 0.012016749 -0.013538294 0.999835603 29.062703878
0.999845344 0.010947958 -0.013762243 0.817053605 -0.010784748 0.999871691 0.011873018 0.626742910 0.013890188 -0.011722803 0.999834891 29.463437682
0.999831002 0.011176653 -0.014580743 0.814470321 -0.011017105 0.999879143 0.010975479 0.629353453 0.014701777 -0.010813039 0.999833560 29.653945053
0.999797278 0.011619074 -0.016425753 0.814449210 -0.011461661 0.999887601 0.009645509 0.635047233 0.016535960 -0.009455330 0.999818575 30.028801474
0.999791549 0.010319179 -0.017587295 0.817124836 -0.010135477 0.999893493 0.010504536 0.644429328 0.017693833 -0.010324202 0.999789963 30.400504097
0.999786605 0.009792719 -0.018196990 0.818459059 -0.009595799 0.999895291 0.010876017 0.649020463 0.018301499 -0.010699129 0.999774740 30.586357569
0.999791612 0.007703013 -0.018891733 0.823632366 -0.007500738 0.999914194 0.010755904 0.656288103 0.018972745 -0.010611985 0.999763498 30.939407714
0.999799295 0.006148119 -0.019074068 0.826953666 -0.005924628 0.999913823 0.011754012 0.665275202 0.019144094 -0.011638686 0.999748999 31.279102071
0.999794331 0.005981771 -0.019394534 0.828948492 -0.005739894 0.999905597 0.012501885 0.670148612 0.019467825 -0.012388079 0.999733914 31.448556780
0.999782049 0.005126173 -0.020233677 0.825325661 -0.004822701 0.999875503 0.015024495 0.682128805 0.020307841 -0.014923693 0.999682349 31.796640057
0.999774019 0.004187694 -0.020823119 0.830656323 -0.003823491 0.999839292 0.017500579 0.693514962 0.020893153 -0.017417065 0.999630210 32.133977004
0.999770248 0.004587681 -0.020938706 0.830734748 -0.004204670 0.999823864 0.018298808 0.698577040 0.021019086 -0.018206666 0.999612592 32.305733171
0.999762184 0.004786701 -0.021271952 0.826354910 -0.004384295 0.999811354 0.018922637 0.707329681 0.021359017 -0.018824916 0.999594555 32.654654746
0.999758253 0.003960045 -0.021625631 0.827017519 -0.003564072 0.999825750 0.018317836 0.713687535 0.021695137 -0.018236411 0.999598085 32.997480002
0.999756466 0.003583965 -0.021777881 0.830880650 -0.003186855 0.999828732 0.018241635 0.717033452 0.021839639 -0.018167856 0.999596301 33.164662201
0.999749784 0.002309739 -0.022230863 0.830283154 -0.001910130 0.999836493 0.017982460 0.723742354 0.022268473 -0.017935526 0.999590456 33.493392745
0.999757863 0.000746977 -0.021977102 0.832158572 -0.000387665 0.999866177 0.016347799 0.727647408 0.021986984 -0.016335432 0.999624338 33.803485716
0.999765648 0.000313868 -0.021659493 0.832159616 0.000030600 0.999874156 0.015902102 0.730293742 0.021661873 -0.015899103 0.999638399 33.959669969
0.999781598 -0.000544604 -0.020888085 0.834729229 0.000861197 0.999884770 0.015153387 0.735677886 0.020876796 -0.015168088 0.999667127 34.268962447
0.999809644 -0.001137929 -0.019453530 0.834670806 0.001396857 0.999910930 0.013299151 0.739024398 0.019437012 -0.013323838 0.999721813 34.565748885
0.999824890 -0.000898828 -0.018651231 0.838493167 0.001133732 0.999919875 0.012586454 0.740973677 0.018638694 -0.012605439 0.999747068 34.717337135
0.999859137 0.000210022 -0.016773194 0.838520885 -0.000005968 0.999926650 0.012164262 0.746718083 0.016774595 -0.012162540 0.999784809 35.014071726
0.999891374 0.002308003 -0.014539166 0.848140512 -0.002138625 0.999929935 0.011658633 0.752056541 0.014565304 -0.011626339 0.999826469 35.314911556
0.999898953 0.003048415 -0.013867094 0.844963255 -0.002887693 0.999928882 0.011596963 0.755192636 0.013901588 -0.011555816 0.999836010 35.459303634
0.999919226 0.004772723 -0.011782662 0.854622869 -0.004633927 0.999920396 0.011777345 0.761382481 0.011838268 -0.011721947 0.999860946 35.744500907
0.999939472 0.005349766 -0.009665914 0.856590466 -0.005236478 0.999918076 0.011708806 0.767330009 0.009727685 -0.011657477 0.999883958 36.023301422
0.999949517 0.005114842 -0.008674599 0.860432714 -0.005016253 0.999923255 0.011343102 0.769571165 0.008732071 -0.011299076 0.999897709 36.159259214
0.999962293 0.004968873 -0.007184687 0.866166712 -0.004896057 0.999936742 0.010120097 0.773292980 0.007234547 -0.010084604 0.999922989 36.433496778
0.999974105 0.004869555 -0.005216307 0.878998461 -0.004817778 0.999940123 0.009887160 0.778297943 0.005264211 -0.009861798 0.999937670 36.699252962
0.999977537 0.006336539 -0.002238409 0.885490525 -0.006313069 0.999926261 0.010348009 0.786585465 0.002303740 -0.010333769 0.999943581 37.050744030
0.999972901 0.007282911 -0.000471341 0.897645096 -0.007278019 0.999927760 0.009575227 0.790323287 0.000541525 -0.009571611 0.999953830 37.301671977
0.999970031 0.007694971 0.000539352 0.898273509 -0.007699528 0.999930008 0.009010463 0.792065073 -0.000469543 -0.009014487 0.999958818 37.425858981
0.999958446 0.008768883 0.002399883 0.904028471 -0.008788207 0.999927911 0.008185864 0.796108739 -0.002327565 -0.008206707 0.999963639 37.684465440
0.999944996 0.009587995 0.004161241 0.914927602 -0.009620337 0.999923593 0.007838966 0.800327495 -0.004085734 -0.007878688 0.999960201 37.921295866
0.999934073 0.010198941 0.005180940 0.913648734 -0.010237681 0.999919476 0.007510628 0.802250090 -0.005103837 -0.007563252 0.999957900 38.032160350
0.999910406 0.011366956 0.007118854 0.921955004 -0.011414455 0.999912453 0.006653692 0.805410355 -0.007042941 -0.006734385 0.999952008 38.256463566
0.999886394 0.012176646 0.008872441 0.932196192 -0.012230246 0.999906819 0.006004667 0.809159135 -0.008799027 -0.006112583 0.999942039 38.494072666
0.999875809 0.012347026 0.009765619 0.940524666 -0.012404421 0.999906100 0.005834920 0.811105405 -0.009692496 -0.005955337 0.999935563 38.609033100
0.999865859 0.011914035 0.011239225 0.945692834 -0.011981951 0.999910059 0.005987411 0.815874448 -0.011167223 -0.006121316 0.999919332 38.821519945
0.999843338 0.011572791 0.013368528 0.961071012 -0.011649462 0.999916677 0.005671859 0.819598493 -0.013301723 -0.005826698 0.999893892 39.037357333
0.999834129 0.011526183 0.014101059 0.966835698 -0.011604255 0.999917610 0.005466809 0.821295561 -0.014036009 -0.005629539 0.999885646 39.139773058
0.999791989 0.012161142 0.016358031 0.980936183 -0.012248262 0.999910957 0.005238488 0.824881085 -0.016292832 -0.005437777 0.999852665 39.341526319
0.999740457 0.013522615 0.018300334 0.987343214 -0.013612340 0.999895819 0.004785181 0.828184327 -0.018233773 -0.005033105 0.999820503 39.536883685
0.999720066 0.014026960 0.019054651 0.995041888 -0.014121390 0.999888315 0.004829957 0.830182297 -0.018985276 -0.005097724 0.999807109 39.636987366
0.999682505 0.014631383 0.020510845 1.003428998 -0.014745580 0.999877045 0.005424906 0.834807677 -0.020429048 -0.005725663 0.999774400 39.814386461
0.999649752 0.014709487 0.022012517 1.013093229 -0.014844242 0.999871950 0.005969725 0.839293957 -0.021921961 -0.006294459 0.999739182 39.990251539
0.999626775 0.014921131 0.022885883 1.015675306 -0.015063409 0.999868060 0.006057937 0.841360891 -0.022792172 -0.006400457 0.999719833 40.080877681
0.999580281 0.015407270 0.024516030 1.028506500 -0.015561227 0.999860856 0.006102420 0.844780052 -0.024419249 -0.006481433 0.999680680 40.252923270
0.999542111 0.016177431 0.025556137 1.036233154 -0.016345288 0.999846558 0.006374023 0.848865517 -0.025448856 -0.006788875 0.999652728 40.431102551
0.999531651 0.016337157 0.025871569 1.039445896 -0.016506273 0.999843472 0.006334707 0.850643095 -0.025764517 -0.006758798 0.999645327 40.520966437
0.999533707 0.016212733 0.025866861 1.052247870 -0.016370586 0.999848320 0.005903955 0.853510606 -0.025767194 -0.006324722 0.999647979 40.708648101
0.999580940 0.015891195 0.024190258 1.058020795 -0.016033383 0.999855179 0.005693274 0.856745653 -0.024096048 -0.006078830 0.999690861 40.889151307
0.999605707 0.016126627 0.022973129 1.052284497 -0.016265107 0.999850625 0.005850896 0.858979522 -0.022875434 -0.006222291 0.999718531 40.974140354
0.999637544 0.017155896 0.020755995 1.056802911 -0.017285630 0.999831975 0.006082809 0.862983117 -0.020648198 -0.006439448 0.999766284 41.156163968
0.999672809 0.017338273 0.018803341 1.060037890 -0.017458868 0.999828052 0.006269364 0.866688330 -0.018691057 -0.006595623 0.999803573 41.324106911
0.999699137 0.017206166 0.017453865 1.065817080 -0.017320327 0.999829257 0.006412637 0.868527408 -0.017341031 -0.006713057 0.999827221 41.410895417
0.999753521 0.016942743 0.014361775 1.065224999 -0.017041949 0.999831415 0.006807866 0.872769817 -0.014244897 -0.007050943 0.999873518 41.583437820
0.999785520 0.017124021 0.011641373 1.063951287 -0.017200640 0.999831196 0.006514754 0.875882830 -0.011527865 -0.006713603 0.999910680 41.756773154
0.999795273 0.017388552 0.010381944 1.067764544 -0.017450391 0.999830443 0.005897405 0.876531788 -0.010277147 -0.006077468 0.999928726 41.845892931
0.999807575 0.018096781 0.007595329 1.065786947 -0.018131791 0.999825775 0.004563138 0.877895949 -0.007511803 -0.004700036 0.999960487 42.020034591
0.999812009 0.018799036 0.004672965 1.059352702 -0.018815841 0.999817104 0.003569237 0.880116636 -0.004604373 -0.003656560 0.999982737 42.199537319
0.999814328 0.018971658 0.003343104 1.060622841 -0.018982405 0.999814358 0.003202384 0.881353522 -0.003282069 -0.003265338 0.999989106 42.291718433
0.999819135 0.018980954 0.000961407 1.061905380 -0.018983601 0.999815528 0.002807669 0.884505921 -0.000908455 -0.002825428 0.999995876 42.477603013
0.999817967 0.018993100 -0.001527405 1.059378806 -0.018988673 0.999815396 0.002887138 0.888695078 0.001581529 -0.002857638 0.999994464 42.668076251
0.999793724 0.019789901 -0.004580452 1.061397076 -0.019772819 0.999797676 0.003740697 0.896576638 0.004653900 -0.003649442 0.999981925 42.978083243
0.999777772 0.020211717 -0.005900036 1.058935891 -0.020183848 0.999785237 0.004755020 0.903109467 0.005994426 -0.004634907 0.999971244 43.199754100
0.999773144 0.020291130 -0.006464654 1.058353583 -0.020256681 0.999780617 0.005357974 0.906838730 0.006571405 -0.005225823 0.999964712 43.325435156
0.999772366 0.020255506 -0.006757526 1.066172105 -0.020208687 0.999771872 0.006938524 0.914790129 0.006896554 -0.006800407 0.999953138 43.581651584
0.999769107 0.020217405 -0.007232942 1.061836219 -0.020155353 0.999760663 0.008548269 0.923195879 0.007404339 -0.008400506 0.999937764 43.836835776
0.999764388 0.020361260 -0.007539638 1.067652655 -0.020292098 0.999752925 0.009137411 0.926856954 0.007724004 -0.008982248 0.999929308 43.970457329
0.999747858 0.021149788 -0.007507452 1.067117481 -0.021073594 0.999727282 0.010083494 0.934253788 0.007719257 -0.009922789 0.999920379 44.236676410
0.999742488 0.021537977 -0.007206309 1.067206151 -0.021459751 0.999711505 0.010766589 0.941171431 0.007436381 -0.010609261 0.999915934 44.502137338
0.999738717 0.021700944 -0.007182037 1.070434963 -0.021622208 0.999707553 0.010864494 0.944181524 0.007415560 -0.010706445 0.999915478 44.638847017
0.999740787 0.021794502 -0.006562305 1.071741745 -0.021724897 0.999708921 0.010494095 0.949579146 0.006789484 -0.010348877 0.999923376 44.918427934
0.999752625 0.021552661 -0.005456917 1.079456245 -0.021495968 0.999716465 0.010243796 0.955158361 0.005676372 -0.010124023 0.999932436 45.205943948
0.999754609 0.021549086 -0.005127102 1.078197542 -0.021496208 0.999717113 0.010166348 0.958165735 0.005344556 -0.010053696 0.999935077 45.348033272
0.999752191 0.021879228 -0.003998864 1.087823270 -0.021839404 0.999713768 0.009749588 0.963674044 0.004211284 -0.009659895 0.999944401 45.648869428
0.999748297 0.022272861 -0.002828068 1.093606506 -0.022245873 0.999709715 0.009258512 0.969289927 0.003033148 -0.009193355 0.999952635 45.954314334
0.999743892 0.022528416 -0.002146797 1.089773100 -0.022508459 0.999706816 0.008907054 0.972006002 0.002347392 -0.008856515 0.999957424 46.099484006
0.999736173 0.022948777 -0.000904168 1.096177669 -0.022940714 0.999704234 0.008115160 0.977072756 0.001090541 -0.008092396 0.999966768 46.404172272
0.999716396 0.023802899 0.000682496 1.108337607 -0.023807260 0.999690473 0.007202850 0.982268626 -0.000510897 -0.007217170 0.999973277 46.733189429
0.999705786 0.024179697 0.001964030 1.108969675 -0.024192149 0.999685473 0.006591570 0.984635595 -0.001803862 -0.006637208 0.999975765 46.888611210
0.999690047 0.024221128 0.005762801 1.126912767 -0.024255498 0.999688391 0.005971464 0.990472266 -0.005616190 -0.006109387 0.999965839 47.226322047
0.999670084 0.023495575 0.010379480 1.145618461 -0.023571819 0.999695901 0.007280702 0.999953990 -0.010205254 -0.007523024 0.999919188 47.578809706
0.999651602 0.023079563 0.012808398 1.155944225 -0.023185009 0.999698057 0.008144334 1.005010157 -0.012616657 -0.008438514 0.999884601 47.753893949
0.999598434 0.021871885 0.018005702 1.175918068 -0.022040923 0.999714566 0.009242011 1.014103000 -0.017797730 -0.009635182 0.999794653 48.104852991
0.999510494 0.020927988 0.023229495 1.201625533 -0.021162931 0.999726919 0.009913850 1.022457855 -0.023016204 -0.010400681 0.999680992 48.464535525
0.999443134 0.021181080 0.025758940 1.209350034 -0.021446940 0.999718787 0.010087138 1.026483373 -0.025537963 -0.010633977 0.999617254 48.642716102
0.999293980 0.021884272 0.030531649 1.234385053 -0.022205220 0.999701126 0.010213413 1.034226243 -0.030299717 -0.010884236 0.999481527 49.018804528
0.999111879 0.022504145 0.035616165 1.261336114 -0.022883680 0.999685407 0.010284633 1.041770453 -0.035373112 -0.011090557 0.999312742 49.392591713
0.999024175 0.022794891 0.037818722 1.276724635 -0.023197230 0.999678713 0.010234885 1.045258973 -0.037572910 -0.011102232 0.999231727 49.577185899
0.998873015 0.022246484 0.041912177 1.299788126 -0.022666201 0.999697304 0.009566191 1.051394223 -0.041686341 -0.010505504 0.999075138 49.939990476
0.998734389 0.021092471 0.045660157 1.333669679 -0.021477550 0.999737835 0.007957518 1.055565671 -0.045480631 -0.008928178 0.998925353 50.305396949
0.998663729 0.020679444 0.047360502 1.352217985 -0.021047932 0.999751634 0.007294698 1.057787248 -0.047197803 -0.008281840 0.998850890 50.486175968
0.998564883 0.019828860 0.049756765 1.377168951 -0.020162786 0.999777319 0.006216692 1.062666901 -0.049622397 -0.007211026 0.998741993 50.831078008
0.998412431 0.019752621 0.052743945 1.404039760 -0.020048821 0.999786159 0.005092514 1.067715438 -0.052631586 -0.006141949 0.998595059 51.189295007
0.998341173 0.019970502 0.053998707 1.421946633 -0.020238414 0.999785093 0.004419614 1.069926634 -0.053899178 -0.005505197 0.998531521 51.370842762
0.998215567 0.020325313 0.056146412 1.455184601 -0.020515312 0.999785811 0.002809779 1.074027756 -0.056077734 -0.003956690 0.998418795 51.737019269
0.998166540 0.020121193 0.057083234 1.486542989 -0.020258997 0.999793063 0.001835295 1.079604281 -0.057034546 -0.002988354 0.998367723 52.121093559
0.998151904 0.019964468 0.057397847 1.501276293 -0.020086849 0.999796801 0.001555372 1.082960395 -0.057355229 -0.002705538 0.998349898 52.322083268
0.998163056 0.019477220 0.057368290 1.530139154 -0.019600978 0.999807043 0.001595710 1.090711321 -0.057325393 -0.002717351 0.998351849 52.724808739
0.998215001 0.018538852 0.056776327 1.566034866 -0.018654826 0.999824938 0.001512806 1.098462255 -0.056738177 -0.002569269 0.998385249 53.150328869
0.998240900 0.018134821 0.056440032 1.575647837 -0.018231369 0.999832926 0.001196133 1.102045060 -0.056408854 -0.002223085 0.998405343 53.357461776
0.998366214 0.017816556 0.054279770 1.609570291 -0.017856164 0.999841172 0.000244420 1.108663688 -0.054266874 -0.001213261 0.998525032 53.800936073
0.998518567 0.017822266 0.051406208 1.633296586 -0.017843256 0.999840479 -0.000051918 1.116974611 -0.051398484 -0.000865475 0.998677038 54.256669977
0.998609644 0.018179164 0.049470361 1.650593890 -0.018189496 0.999835139 -0.000241884 1.120847557 -0.049466684 -0.000658356 0.998775099 54.485822756
0.998762335 0.018934860 0.045977717 1.674997575 -0.018955789 0.999820000 0.000018325 1.130693252 -0.045969036 -0.000889877 0.998942717 54.972003257
0.998931287 0.019175332 0.042043814 1.696881685 -0.019229544 0.999815030 0.000884710 1.142043936 -0.042018179 -0.001692303 0.999115239 55.476849415
0.999014998 0.018844114 0.040171818 1.707844199 -0.018925474 0.999819562 0.001644715 1.148288778 -0.040133861 -0.002403349 0.999191474 55.729260180
0.999231287 0.017328824 0.035162568 1.729139850 -0.017456203 0.999842037 0.003316465 1.161365423 -0.035100105 -0.003927762 0.999376102 56.250461678
0.999386892 0.017564929 0.030264148 1.750399315 -0.017703690 0.999834469 0.004324340 1.173958225 -0.030183422 -0.004857577 0.999532287 56.802921933
