1.000000000 -0.000000000 -0.000000000 0.000000000 0.000000000 1.000000000 -0.000000000 0.000000000 0.000000000 0.000000000 1.000000000 0.000000000
0.999999247 -0.000120016 -0.000025458 0.000635798 0.000119959 0.999999667 -0.000058929 -0.000131209 0.000025720 0.000058837 0.999999447 -0.000767166
0.999999766 -0.000224386 -0.000016121 0.001271596 0.000224379 0.999999855 -0.000119368 -0.000262418 0.000016699 0.000119211 0.999999260 -0.001534333
1.000000130 -0.000217671 0.000069909 0.001914433 0.000217546 0.999999709 -0.000053081 -0.000173761 -0.000069895 0.000052978 0.999999130 -0.002304592
0.999999839 -0.000223942 0.000044428 0.001914433 0.000223918 0.999999906 -0.000052753 -0.000173761 -0.000044374 0.000052701 1.000000050 -0.002304592
0.999999683 -0.000154771 0.000027852 0.002554071 0.000154701 1.000000490 -0.000038315 -0.000185043 -0.000028677 0.000038235 0.999999994 -0.003073446
0.999999988 -0.000157601 0.000096842 0.002554391 0.000157644 1.000000549 -0.000036120 -0.000175049 -0.000096201 0.000036009 1.000000015 -0.003073587
0.999999767 -0.000143131 0.000116802 0.003193388 0.000143155 1.000000041 -0.000032863 -0.000206319 -0.000116613 0.000032838 0.999999562 -0.003842159
0.999999737 -0.000165097 0.000062769 0.010877537 0.000165125 1.000000069 -0.000056045 -0.000402344 -0.000062884 0.000055949 0.999999820 0.002554481
0.999999399 -0.000151475 0.000108074 0.011516214 0.000151491 0.999999708 -0.000061396 -0.000443608 -0.000108150 0.000061304 0.999999973 0.001786050
1.000000264 -0.000151036 0.000129905 0.011514935 0.000150963 1.000000065 -0.000087714 -0.000483583 -0.000129528 0.000087677 0.999999677 0.001786612
1.000000058 -0.000223537 0.000080825 0.012152652 0.000223501 0.999999730 -0.000112252 -0.000554829 -0.000080607 0.000112246 1.000000204 0.001018602
0.999999300 -0.000247020 0.000043553 0.012153292 0.000247066 1.000000309 -0.000100055 -0.000534841 -0.000043162 0.000099984 0.999999947 0.001018321
0.999999619 -0.000261263 0.000053484 0.012154572 0.000261232 1.000000454 -0.000077966 -0.000494865 -0.000052581 0.000077858 0.999999498 0.001017758
0.999999967 -0.000268251 0.000059296 0.012791330 0.000268234 1.000000220 -0.000116477 -0.000596092 -0.000059082 0.000116425 0.999999391 0.000250170
1.000000147 -0.000290149 0.000073370 0.012791010 0.000290148 0.999999984 -0.000121027 -0.000606086 -0.000072835 0.000120998 0.999999568 0.000250311
0.999999655 -0.000298963 0.000081461 0.013430648 0.000298949 1.000000145 -0.000112383 -0.000617368 -0.000081409 0.000112363 0.999999437 -0.000518543
1.000000041 -0.000303291 0.000095381 0.013430328 0.000303258 1.000000414 -0.000121730 -0.000627362 -0.000094275 0.000121634 0.999999681 -0.000518402
0.999999854 -0.000294342 0.000132609 0.013435447 0.000294231 0.999999800 -0.000027267 -0.000467460 -0.000131794 0.000027222 0.999999466 -0.000520652
0.999999671 -0.000264869 0.000146138 0.014072205 0.000264814 1.000000441 -0.000068826 -0.000568687 -0.000146363 0.000068745 0.999999394 -0.001288240
0.999999387 -0.000259844 0.000140262 0.014071565 0.000259811 1.000000387 -0.000076334 -0.000588675 -0.000139890 0.000076308 1.000000018 -0.001287959
0.999999939 -0.000336847 0.000130481 0.014069645 0.000336868 1.000000375 -0.000113745 -0.000648638 -0.000130856 0.000113644 0.999999914 -0.001287115
1.000000201 -0.000341215 0.000137484 0.014707363 0.000341171 0.999999872 -0.000139080 -0.000719884 -0.000137319 0.000139048 1.000000262 -0.002055125
0.999999350 -0.000358999 0.000161459 0.014707363 0.000359078 1.000000489 -0.000142460 -0.000719884 -0.000160875 0.000142452 0.999999514 -0.002055125
0.999999153 -0.000340389 0.000133608 0.014705763 0.000340366 1.000000254 -0.000168084 -0.000769853 -0.000132953 0.000168083 0.999999520 -0.002054422
0.999999931 -0.000356086 0.000106942 0.015342841 0.000356116 1.000000215 -0.000200751 -0.000861086 -0.000106925 0.000200703 0.999999497 -0.002822151
0.999999465 -0.000350169 0.000141231 0.015343481 0.000350250 0.999999932 -0.000194050 -0.000841099 -0.000140903 0.000194054 0.999999108 -0.002822432
0.999999514 -0.000343376 0.000122200 0.015343481 0.000343405 0.999999690 -0.000192325 -0.000841099 -0.000122368 0.000192296 1.000000130 -0.002822432
0.999999999 -0.000334912 0.000137326 0.015342521 0.000334875 0.999999638 -0.000208016 -0.000871080 -0.000137231 0.000207922 1.000000333 -0.002822010
0.999999816 -0.000301513 0.000158366 0.015979919 0.000301566 0.999999951 -0.000235019 -0.000952320 -0.000158147 0.000235027 0.999999408 -0.003589880
1.000000091 -0.000337583 0.000129972 0.015980239 0.000337583 1.000000086 -0.000233613 -0.000942326 -0.000129458 0.000233657 0.999999164 -0.003590020
0.999999592 -0.000341108 0.000090026 0.015980879 0.000341160 0.999999964 -0.000216925 -0.000922338 -0.000089684 0.000216939 0.999999102 -0.003590302
0.999999568 -0.000368586 0.000099542 0.015980239 0.000368634 1.000000052 -0.000231829 -0.000942326 -0.000099929 0.000231822 0.999999813 -0.003590020
0.999999540 -0.000340038 0.000113255 0.016616037 0.000340032 0.999999923 -0.000287611 -0.001073535 -0.000113101 0.000287571 0.999999172 -0.004357187
0.999999731 -0.000346228 0.000129188 0.016615397 0.000346309 1.000000325 -0.000302118 -0.001093522 -0.000128812 0.000302054 0.999999998 -0.004356906
0.999999694 -0.000362271 0.000181749 0.024301146 0.000362279 0.999999820 -0.000300907 -0.001239578 -0.000181536 0.000300837 0.999999410 0.002039032
0.999999834 -0.000431320 0.000221354 0.024942063 0.000431466 1.000000515 -0.000264249 -0.001210885 -0.000220666 0.000264218 0.999999620 0.001269616
0.999999467 -0.000444358 0.000237782 0.024941103 0.000444355 1.000000201 -0.000283284 -0.001240866 -0.000237109 0.000283317 0.999999740 0.001270038
0.999999990 -0.000445369 0.000270047 0.024943982 0.000445368 1.000000509 -0.000231785 -0.001150921 -0.000270544 0.000231850 0.999999750 0.001268772
0.999999668 -0.000442315 0.000226908 0.024940783 0.000442397 1.000000241 -0.000290836 -0.001250860 -0.000226453 0.000290869 1.000000114 0.001270178
1.000000215 -0.000427104 0.000215312 0.024936944 0.000427231 0.999999739 -0.000360912 -0.001370787 -0.000214973 0.000360915 0.999999830 0.001271866
0.999999927 -0.000434312 0.000221061 0.025574662 0.000434364 1.000000257 -0.000381402 -0.001442032 -0.000220707 0.000381314 1.000000240 0.000503856
1.000000234 -0.000447671 0.000206810 0.025572422 0.000447660 1.000000262 -0.000422386 -0.001511989 -0.000206680 0.000422381 0.999999166 0.000504840
0.999999489 -0.000480056 0.000197100 0.025571782 0.000480159 0.999999510 -0.000437580 -0.001531977 -0.000195611 0.000437512 0.999999518 0.000505121
0.999999774 -0.000516412 0.000167312 0.025573062 0.000516476 1.000000367 -0.000415709 -0.001492002 -0.000166926 0.000415709 0.999999885 0.000504559
0.999999916 -0.000548441 0.000146251 0.026211100 0.000548485 0.999999583 -0.000429344 -0.001553253 -0.000145991 0.000429316 0.999999843 -0.000263592
0.999999524 -0.000543991 0.000133175 0.026210780 0.000543976 0.999999557 -0.000437632 -0.001563247 -0.000133122 0.000437570 0.999999718 -0.000263451
0.999999094 -0.000559189 0.000167207 0.026211740 0.000559228 0.999999781 -0.000419007 -0.001533265 -0.000166628 0.000418940 0.999999931 -0.000263873
0.999999715 -0.000559410 0.000206245 0.026214299 0.000559448 1.000000186 -0.000376037 -0.001453314 -0.000206456 0.000376064 0.999999412 -0.000264998
0.999999900 -0.000596835 0.000187880 0.026213339 0.000596838 0.999999628 -0.000393463 -0.001483296 -0.000187005 0.000393503 0.999999165 -0.000264576
0.999999320 -0.000610056 0.000159265 0.026210460 0.000610153 0.999999747 -0.000442973 -0.001573241 -0.000159404 0.000443007 0.999999508 -0.000263311
0.999999858 -0.000603385 0.000181831 0.026212699 0.000603413 1.000000019 -0.000406368 -0.001503284 -0.000182103 0.000406386 0.999999865 -0.000264295
0.999999802 -0.000577778 0.000189512 0.026853617 0.000577803 0.999999639 -0.000366495 -0.001474590 -0.000188914 0.000366539 0.999999425 -0.001033711
0.999999579 -0.000542491 0.000178465 0.026851697 0.000542634 0.999999974 -0.000399462 -0.001534554 -0.000178561 0.000399506 0.999999388 -0.001032867
1.000000164 -0.000556306 0.000154570 0.026852017 0.000556371 1.000000333 -0.000393584 -0.001524560 -0.000153913 0.000393601 1.000000101 -0.001033008
0.999999369 -0.000567143 0.000136868 0.026852337 0.000567162 0.999999633 -0.000390324 -0.001514566 -0.000135496 0.000390345 0.999999562 -0.001033149
0.999999829 -0.000570301 0.000170574 0.026856496 0.000570258 0.999999715 -0.000317853 -0.001384645 -0.000170369 0.000317846 0.999999916 -0.001034977
0.999999608 -0.000539126 0.000162403 0.026858096 0.000539171 1.000000255 -0.000284976 -0.001334676 -0.000161482 0.000284933 0.999999592 -0.001035680
0.999999926 -0.000540682 0.000143409 0.026858416 0.000540721 1.000000208 -0.000278070 -0.001324682 -0.000143065 0.000278046 0.999999132 -0.001035820
0.999999765 -0.000579501 0.000135929 0.026859056 0.000579554 1.000000304 -0.000267627 -0.001304694 -0.000135670 0.000267627 0.999998994 -0.001036101
0.999999306 -0.000604970 0.000127024 0.026864175 0.000605011 0.999999796 -0.000173677 -0.001144792 -0.000126679 0.000173610 0.999999478 -0.001038351
0.999999878 -0.000622137 0.000096337 0.026863855 0.000622239 1.000000434 -0.000179889 -0.001154786 -0.000095678 0.000179869 1.000000240 -0.001038211
1.000000014 -0.000601955 0.000071376 0.026862575 0.000601965 1.000000118 -0.000203308 -0.001194761 -0.000071320 0.000203297 0.999999956 -0.001037648
0.999999993 -0.000537854 0.000094516 0.026864495 0.000537797 0.999999581 -0.000168733 -0.001134798 -0.000094749 0.000168787 0.999999573 -0.001038492
1.000000179 -0.000575808 0.000106656 0.027505732 0.000575848 1.000000191 -0.000125688 -0.001096111 -0.000106551 0.000125758 1.000000108 -0.001808048
0.999999582 -0.000565631 0.000125758 0.027507011 0.000565604 0.999999576 -0.000105194 -0.001056135 -0.000124846 0.000105229 0.999999543 -0.001808611
0.999999515 -0.000624118 0.000154856 0.027508291 0.000624123 1.000000159 -0.000084614 -0.001016159 -0.000154607 0.000084683 0.999999478 -0.001809173
1.000000048 -0.000648694 0.000150301 0.027509891 0.000648686 0.999999469 -0.000050847 -0.000966190 -0.000149958 0.000050877 0.999999521 -0.001809876
0.999999226 -0.000618621 0.000132997 0.027510531 0.000618640 1.000000343 -0.000039175 -0.000946202 -0.000132505 0.000039153 1.000000273 -0.001810158
0.999999637 -0.000607090 0.000116933 0.027511171 0.000607150 0.999999827 -0.000028766 -0.000926214 -0.000116082 0.000028724 0.999999505 -0.001810439
0.999999457 -0.000609246 0.000103563 0.027510211 0.000609237 1.000000142 -0.000046249 -0.000956196 -0.000103306 0.000046175 0.999999509 -0.001810017
0.999999815 -0.000564725 0.000114027 0.027509891 0.000564645 0.999999791 -0.000051489 -0.000966190 -0.000114205 0.000051457 0.999999315 -0.001809876
0.999999833 -0.000617611 0.000133655 0.027510531 0.000617609 1.000000302 -0.000038607 -0.000946202 -0.000133259 0.000038563 0.999999496 -0.001810158
1.000000041 -0.000616042 0.000130713 0.027511491 0.000616041 1.000000025 -0.000022492 -0.000916220 -0.000130420 0.000022444 1.000000298 -0.001810579
0.999999464 -0.000634437 0.000151949 0.027511491 0.000634479 0.999999627 -0.000023379 -0.000916220 -0.000151166 0.000023430 0.999999774 -0.001810579
0.999999754 -0.000646862 0.000121706 0.028149848 0.000646895 1.000000198 -0.000035718 -0.000967478 -0.000121505 0.000035716 0.999999853 -0.002578871
0.999999719 -0.000650132 0.000138576 0.028149528 0.000650158 1.000000378 -0.000040962 -0.000977472 -0.000138582 0.000041057 0.999999780 -0.002578730
0.999999519 -0.000680229 0.000151969 0.028151768 0.000680198 0.999999802 -0.000002760 -0.000907515 -0.000151680 0.000002786 1.000000253 -0.002579714
0.999999260 -0.000668395 0.000165672 0.028155607 0.000668402 1.000000413 0.000069136 -0.000787588 -0.000165728 -0.000069110 0.999999613 -0.002581402
0.999999153 -0.000661051 0.000164771 0.028157527 0.000661022 0.999999673 0.000104993 -0.000727625 -0.000164215 -0.000105000 1.000000007 -0.002582245
0.999999892 -0.000611696 0.000146336 0.028156567 0.000611725 1.000000371 0.000085367 -0.000757606 -0.000145982 -0.000085333 0.999999791 -0.002581823
0.999999524 -0.000600321 0.000146007 0.028155927 0.000600232 1.000000151 0.000075074 -0.000777594 -0.000145820 -0.000075085 0.999999936 -0.002581542
0.999999695 -0.000621878 0.000159057 0.028158807 0.000621846 1.000000117 0.000126583 -0.000687649 -0.000159569 -0.000126575 0.999999582 -0.002582808
0.999999896 -0.000588972 0.000199720 0.028156567 0.000588955 0.999999602 0.000088262 -0.000757606 -0.000199699 -0.000088267 0.999999819 -0.002581823
0.999999144 -0.000573124 0.000179531 0.028154008 0.000573063 0.999999804 0.000037871 -0.000837557 -0.000178859 -0.000037887 0.999999396 -0.002580698
0.999999303 -0.000550020 0.000176438 0.028155607 0.000549977 0.999999566 0.000073290 -0.000787588 -0.000176487 -0.000073315 0.999999287 -0.002581402
0.999999543 -0.000590905 0.000242745 0.028161046 0.000590859 0.999999604 0.000163734 -0.000617692 -0.000243006 -0.000163647 0.999999992 -0.002583792
0.999999629 -0.000597104 0.000220831 0.028164566 0.000597068 0.999999850 0.000231474 -0.000507759 -0.000221069 -0.000231395 0.999999834 -0.002585339
0.999999747 -0.000616331 0.000196494 0.028165525 0.000616233 1.000000239 0.000247561 -0.000477777 -0.000195728 -0.000247526 0.999999764 -0.002585760
0.999999733 -0.000584122 0.000207814 0.028167765 0.000584049 0.999999626 0.000289023 -0.000407820 -0.000207441 -0.000288900 0.999999681 -0.002586745
0.999999592 -0.000511437 0.000197804 0.028168725 0.000511440 1.000000027 0.000308455 -0.000377838 -0.000198099 -0.000308374 0.999999676 -0.002587166
1.000000088 -0.000470744 0.000185537 0.028167125 0.000470675 1.000000104 0.000281431 -0.000427808 -0.000185619 -0.000281440 0.999999685 -0.002586463
1.000000366 -0.000442857 0.000157336 0.028168405 0.000442752 0.999999826 0.000308853 -0.000387832 -0.000156928 -0.000308858 0.999999844 -0.002587026
0.999999503 -0.000455594 0.000147082 0.028168085 0.000455617 1.000000348 0.000300670 -0.000397826 -0.000147760 -0.000300732 0.999999458 -0.002586885
0.999999261 -0.000463682 0.000130514 0.028170004 0.000463678 1.000000119 0.000335328 -0.000337863 -0.000130074 -0.000335421 0.999999886 -0.002587729
0.999999838 -0.000516708 0.000080532 0.028171924 0.000516682 1.000000320 0.000370648 -0.000277899 -0.000081007 -0.000370668 0.999999830 -0.002588573
0.999999492 -0.000422088 0.000089278 0.028167445 0.000422021 1.000000402 0.000291721 -0.000417814 -0.000089154 -0.000291743 0.999999904 -0.002586604
0.999999557 -0.000455937 0.000084859 0.028168405 0.000455994 1.000000231 0.000309766 -0.000387832 -0.000085277 -0.000309860 0.999999400 -0.002587026
0.999999784 -0.000497738 0.000020331 0.028170964 0.000497724 0.999999933 0.000354864 -0.000307881 -0.000020430 -0.000355011 0.999999863 -0.002588151
1.000000230 -0.000515709 0.000022330 0.028169365 0.000515697 0.999999869 0.000329286 -0.000357851 -0.000022091 -0.000329354 0.999999964 -0.002587448
0.999999457 -0.000496094 0.000046715 0.028168725 0.000496064 1.000000447 0.000314698 -0.000377838 -0.000046656 -0.000314761 1.000000013 -0.002587166
1.000000203 -0.000487276 0.000043159 0.028165205 0.000487286 1.000000051 0.000251668 -0.000487771 -0.000043077 -0.000251727 0.999999621 -0.002585620
1.000000139 -0.000457383 0.000048461 0.028166805 0.000457394 0.999999679 0.000281225 -0.000437802 -0.000048419 -0.000281245 1.000000225 -0.002586323
0.999999238 -0.000466058 0.000084939 0.028166165 0.000466019 1.000000139 0.000268244 -0.000457790 -0.000084649 -0.000268308 0.999999854 -0.002586042
0.999999669 -0.000513255 0.000167336 0.028805483 0.000513178 0.999999636 0.000269102 -0.000479066 -0.000166879 -0.000269145 0.999999366 -0.003354755
0.999999498 -0.000547936 0.000166045 0.028806762 0.000547819 1.000000414 0.000292765 -0.000439090 -0.000165828 -0.000292806 0.999999932 -0.003355317
0.999999669 -0.000506507 0.000226850 0.028806443 0.000506436 1.000000221 0.000283417 -0.000449084 -0.000226456 -0.000283336 1.000000123 -0.003355176
0.999999542 -0.000558437 0.000223131 0.028805163 0.000558414 1.000000222 0.000259310 -0.000489059 -0.000223471 -0.000259243 0.999999313 -0.003354614
0.999999395 -0.000569399 0.000197663 0.028805163 0.000569283 0.999999561 0.000260038 -0.000489059 -0.000198014 -0.000260002 1.000000227 -0.003354614
0.999999707 -0.000586862 0.000186149 0.028810922 0.000586760 0.999999650 0.000364559 -0.000309169 -0.000185455 -0.000364562 0.999999414 -0.003357145
1.000000020 -0.000583515 0.000134737 0.028809002 0.000583467 0.999999957 0.000335187 -0.000369133 -0.000134317 -0.000335119 0.999999499 -0.003356301
0.999999122 -0.000628878 0.000198876 0.028810602 0.000628809 1.000000032 0.000361954 -0.000319163 -0.000199361 -0.000361908 0.999999692 -0.003357004
0.999999289 -0.000670028 0.000196807 0.028812201 0.000669962 1.000000019 0.000385333 -0.000269194 -0.000196994 -0.000385321 0.999999622 -0.003357707
0.999999830 -0.000698681 0.000185910 0.028810602 0.000698617 1.000000334 0.000357063 -0.000319163 -0.000186000 -0.000356982 0.999999519 -0.003357004
0.999999068 -0.000646921 0.000190871 0.028806762 0.000646939 0.999999593 0.000291969 -0.000439090 -0.000191036 -0.000291929 0.999999787 -0.003355317
0.999999481 -0.000680418 0.000213945 0.028809962 0.000680321 0.999999927 0.000344464 -0.000339151 -0.000214170 -0.000344383 0.999999921 -0.003356723
0.999999742 -0.000680180 0.000195639 0.028809962 0.000680072 0.999999858 0.000348856 -0.000339151 -0.000195728 -0.000348736 1.000000136 -0.003356723
0.999999098 -0.000643205 0.000157935 0.028808682 0.000643196 0.999999974 0.000327541 -0.000379127 -0.000158331 -0.000327497 0.999999581 -0.003356161
0.999999201 -0.000642811 0.000172276 0.028805483 0.000642692 0.999999807 0.000267347 -0.000479066 -0.000172538 -0.000267312 0.999999641 -0.003354755
0.999999957 -0.000613927 0.000154257 0.028805163 0.000613914 0.999999976 0.000260713 -0.000489059 -0.000153824 -0.000260740 0.999999242 -0.003354614
1.000000000 -0.000600275 0.000195228 0.028804523 0.000600127 0.999999662 0.000252005 -0.000509047 -0.000194862 -0.000251979 0.999999831 -0.003354333
0.999999560 -0.000602055 0.000177734 0.028806123 0.000601992 1.000000301 0.000281781 -0.000459078 -0.000177089 -0.000281719 0.999999688 -0.003355036
0.999999544 -0.000625306 0.000163270 0.028805803 0.000625213 1.000000152 0.000274139 -0.000469072 -0.000162433 -0.000274110 0.999999684 -0.003354895
0.999999918 -0.000693162 0.000175465 0.036491551 0.000693161 1.000000256 0.000278946 -0.000615127 -0.000175295 -0.000278876 0.999999219 0.003041042
0.999999162 -0.000746224 0.000203105 0.036493790 0.000746131 0.999999403 0.000317993 -0.000545170 -0.000202800 -0.000318014 0.999999792 0.003040058
0.999999384 -0.000733045 0.000195907 0.036495070 0.000732918 0.999999713 0.000337232 -0.000505195 -0.000195572 -0.000337125 0.999999530 0.003039496
0.999999335 -0.000726958 0.000170407 0.036497310 0.000726866 0.999999903 0.000380980 -0.000435237 -0.000170646 -0.000380864 0.999999969 0.003038511
0.999999742 -0.000719830 0.000179977 0.036501469 0.000719729 0.999999622 0.000455816 -0.000305317 -0.000179125 -0.000455725 0.999999677 0.003036683
0.999999866 -0.000719798 0.000186084 0.036503389 0.000719735 1.000000133 0.000490538 -0.000245353 -0.000185528 -0.000490460 0.999999439 0.003035840
0.999999283 -0.000753082 0.000156450 0.036504668 0.000752969 0.999999824 0.000517207 -0.000205378 -0.000157439 -0.000517078 0.999999738 0.003035277
0.999999525 -0.000700749 0.000167289 0.036504988 0.000700698 1.000000057 0.000523659 -0.000195384 -0.000166821 -0.000523670 0.999999379 0.003035137
0.999999281 -0.000677053 0.000160641 0.036504668 0.000676975 0.999999405 0.000516067 -0.000205378 -0.000160854 -0.000516043 0.999999365 0.003035277
1.000000046 -0.000616662 0.000145618 0.036506588 0.000616522 0.999999926 0.000554975 -0.000145414 -0.000146049 -0.000554981 0.999999604 0.003034434
0.999999267 -0.000604310 0.000150093 0.036504668 0.000604282 1.000000041 0.000518709 -0.000205378 -0.000150102 -0.000518694 0.999999596 0.003035277
0.999999480 -0.000595467 0.000167487 0.036505308 0.000595321 0.999999602 0.000529855 -0.000185390 -0.000167776 -0.000529800 0.999999292 0.003034996
0.999999073 -0.000570070 0.000139117 0.036506268 0.000570013 0.999999479 0.000551980 -0.000155408 -0.000139761 -0.000551877 0.999999525 0.003034574
0.999999642 -0.000539447 0.000123272 0.036509468 0.000539420 0.999999692 0.000609223 -0.000055469 -0.000122430 -0.000609306 0.999999636 0.003033168
0.999999575 -0.000561588 0.000130842 0.036511387 0.000561512 0.999999891 0.000645598 0.000004494 -0.000131191 -0.000645547 0.999999245 0.003032325
0.999999168 -0.000588388 0.000106570 0.036515866 0.000588287 0.999999591 0.000727723 0.000144409 -0.000106597 -0.000727798 0.999999144 0.003030356
0.999999747 -0.000582917 0.000129536 0.036519706 0.000582846 0.999999447 0.000796840 0.000264335 -0.000129314 -0.000796756 0.999999813 0.003028669
0.999999523 -0.000560566 0.000155089 0.036520985 0.000560384 0.999999422 0.000818729 0.000304311 -0.000154608 -0.000818767 0.999999349 0.003028106
0.999999789 -0.000529214 0.000171220 0.036522905 0.000529021 0.999999918 0.000854438 0.000364274 -0.000171327 -0.000854394 0.999999598 0.003027263
0.999999079 -0.000550488 0.000147697 0.036526424 0.000550384 0.999999734 0.000915929 0.000474207 -0.000148065 -0.000915921 0.999999658 0.003025716
0.999999664 -0.000560082 0.000113845 0.036528024 0.000559948 0.999999605 0.000946920 0.000524176 -0.000114139 -0.000946922 0.999998877 0.003025013
0.999999582 -0.000605893 0.000130713 0.036528984 0.000605732 0.999999864 0.000961596 0.000554158 -0.000131684 -0.000961600 0.999999292 0.003024591
0.999999373 -0.000654920 0.000112211 0.036527704 0.000654831 0.999999738 0.000939872 0.000514183 -0.000113037 -0.000939904 0.999999106 0.003025154
0.999999195 -0.000641714 0.000125043 0.036527704 0.000641551 0.999999305 0.000940565 0.000514183 -0.000125655 -0.000940616 0.999999338 0.003025154
0.999999405 -0.000656684 0.000143197 0.036530903 0.000656491 0.999999014 0.000995415 0.000614122 -0.000144305 -0.000995337 0.999999188 0.003023748
0.999999585 -0.000690274 0.000146393 0.036532503 0.000690170 0.999999641 0.001027233 0.000664091 -0.000146826 -0.001027192 0.999999250 0.003023045
0.999999363 -0.000687466 0.000147711 0.036534743 0.000687257 0.999998971 0.001068408 0.000734048 -0.000148194 -0.001068418 0.999998671 0.003022060
0.999999725 -0.000715052 0.000161210 0.036537302 0.000714867 0.999999272 0.001109908 0.000813999 -0.000162027 -0.001109841 0.999999098 0.003020935
0.999999478 -0.000739974 0.000189205 0.036541462 0.000739707 0.999999026 0.001184049 0.000943920 -0.000189265 -0.001184027 0.999998538 0.003019108
0.999999627 -0.000724543 0.000189554 0.036543061 0.000724386 0.999999098 0.001214962 0.000993889 -0.000189819 -0.001214918 0.999998872 0.003018404
0.999999090 -0.000664507 0.000219550 0.036542101 0.000664237 0.999999394 0.001199586 0.000963908 -0.000220346 -0.001199496 0.999998414 0.003018826
0.999999643 -0.000670005 0.000231161 0.036542421 0.000669761 0.999999478 0.001206123 0.000973902 -0.000231821 -0.001206021 0.999998694 0.003018686
0.999999846 -0.000692029 0.000213611 0.036547540 0.000691714 0.999998888 0.001298139 0.001133804 -0.000214330 -0.001298081 0.999998574 0.003016436
0.999999742 -0.000696445 0.000200933 0.036548820 0.000696199 0.999998691 0.001322262 0.001173780 -0.000201588 -0.001322173 0.999998762 0.003015874
0.999999551 -0.000666018 0.000176948 0.036550420 0.000665731 0.999999336 0.001349343 0.001223749 -0.000177087 -0.001349337 0.999998537 0.003015171
0.999999115 -0.000644160 0.000165883 0.036552979 0.000643886 0.999998926 0.001399834 0.001303700 -0.000166152 -0.001399845 0.999998993 0.003014046
0.999999567 -0.000722310 0.000165890 0.036555539 0.000722016 0.999998805 0.001444054 0.001383651 -0.000166352 -0.001443997 0.999998501 0.003012921
0.999999518 -0.000744759 0.000166073 0.036557139 0.000744518 0.999999162 0.001469769 0.001433621 -0.000167308 -0.001469702 0.999998908 0.003012218
0.999999799 -0.000737967 0.000183560 0.036557778 0.000737656 0.999998746 0.001483814 0.001453609 -0.000185011 -0.001483815 0.999998563 0.003011937
0.999999783 -0.000674360 0.000223589 0.036559378 0.000673968 0.999998291 0.001513745 0.001503578 -0.000224069 -0.001513664 0.999998098 0.003011234
0.999999399 -0.000662161 0.000215492 0.036559058 0.000661785 0.999999025 0.001504900 0.001493584 -0.000216087 -0.001504853 0.999998232 0.003011374
0.999999618 -0.000765436 0.000234765 0.036559058 0.000765065 0.999998304 0.001506689 0.001493584 -0.000235719 -0.001506635 0.999998569 0.003011374
0.999999775 -0.000855292 0.000274188 0.036563537 0.000854772 0.999998125 0.001581671 0.001633499 -0.000274369 -0.001581595 0.999998369 0.003009406
0.999998974 -0.000869710 0.000248898 0.036565137 0.000869254 0.999998161 0.001611997 0.001683468 -0.000249601 -0.001611799 0.999998228 0.003008703
0.999999147 -0.000837915 0.000196385 0.036565137 0.000837563 0.999998139 0.001612285 0.001683468 -0.000197425 -0.001612167 0.999998795 0.003008703
0.999999339 -0.000835777 0.000194140 0.035929339 0.000835496 0.999998199 0.001674188 0.001814677 -0.000194579 -0.001674146 0.999998313 0.003775869
0.999999118 -0.000880807 0.000189248 0.036568656 0.000880493 0.999998596 0.001677442 0.001793401 -0.000190088 -0.001677252 0.999998016 0.003007156
0.999998976 -0.000876852 0.000212681 0.036565137 0.000876567 0.999998372 0.001613153 0.001683468 -0.000213466 -0.001613062 0.999997996 0.003008703
0.999999372 -0.000875893 0.000154161 0.036565777 0.000875682 0.999998162 0.001625837 0.001703456 -0.000154551 -0.001625788 0.999998268 0.003008421
0.999999764 -0.000827940 0.000139605 0.035927099 0.000827637 0.999998496 0.001635316 0.001744720 -0.000140560 -0.001635245 0.999998791 0.003776853
0.999999374 -0.000847994 0.000150437 0.036566417 0.000847699 0.999998049 0.001641568 0.001723444 -0.000152110 -0.001641491 0.999998435 0.003008140
0.999999170 -0.000877018 0.000125668 0.036565457 0.000876789 0.999998222 0.001624145 0.001693462 -0.000126140 -0.001624123 0.999998067 0.003008562
0.999999413 -0.000909356 0.000156387 0.036564817 0.000909046 0.999998493 0.001607354 0.001673474 -0.000158477 -0.001607303 0.999998268 0.003008843
0.999999313 -0.000911066 0.000197829 0.036568656 0.000910781 0.999998566 0.001677377 0.001793401 -0.000198965 -0.001677166 0.999998648 0.003007156
0.999999506 -0.000892647 0.000172721 0.036570576 0.000892306 0.999998467 0.001713399 0.001853364 -0.000174632 -0.001713372 0.999998427 0.003006312
0.999999531 -0.000828801 0.000151043 0.035932218 0.000828595 0.999998269 0.001724495 0.001904622 -0.000151202 -0.001724427 0.999998167 0.003774603
0.999998822 -0.000814978 0.000160199 0.035931898 0.000814663 0.999997857 0.001722400 0.001894628 -0.000161633 -0.001722286 0.999998058 0.003774744
0.999999116 -0.000847587 0.000137958 0.035932858 0.000847387 0.999998711 0.001735926 0.001924610 -0.000139300 -0.001735771 0.999998533 0.003774322
0.999999323 -0.000857685 0.000116370 0.035935738 0.000857395 0.999998217 0.001793841 0.002014555 -0.000117416 -0.001793848 0.999997745 0.003773057
0.999999504 -0.000779214 0.000116431 0.035934458 0.000779033 0.999998018 0.001771739 0.001974579 -0.000117981 -0.001771665 0.999998695 0.003773619
0.999999465 -0.000722749 0.000151328 0.035932538 0.000722519 0.999998751 0.001733390 0.001914616 -0.000152146 -0.001733337 0.999998042 0.003774463
0.999999561 -0.000753718 0.000145497 0.035929979 0.000753410 0.999998388 0.001687343 0.001834665 -0.000146817 -0.001687379 0.999997670 0.003775588
0.999999413 -0.000781931 0.000180718 0.036567377 0.000781538 0.999998745 0.001655106 0.001753425 -0.000181913 -0.001655032 0.999998339 0.003007718
0.999999165 -0.000850515 0.000199782 0.036566097 0.000850208 0.999998287 0.001630380 0.001713450 -0.000201828 -0.001630325 0.999998281 0.003008281
0.999999583 -0.000867079 0.000178229 0.036566737 0.000866812 0.999998607 0.001645374 0.001733438 -0.000180037 -0.001645280 0.999997967 0.003008000
0.999999654 -0.000741089 0.000171492 0.035928059 0.000740842 0.999998439 0.001655003 0.001774701 -0.000172251 -0.001655022 0.999998479 0.003776431
0.999999062 -0.000714602 0.000168187 0.035928699 0.000714289 0.999998469 0.001663807 0.001794689 -0.000169061 -0.001663709 0.999997975 0.003776150
0.999999839 -0.000754980 0.000174109 0.036566737 0.000754702 0.999998973 0.001648713 0.001733438 -0.000175263 -0.001648638 0.999998308 0.003008000
0.999999237 -0.000843831 0.000158060 0.036565137 0.000843592 0.999998281 0.001615602 0.001683468 -0.000159863 -0.001615530 0.999998023 0.003008703
0.999999027 -0.000846214 0.000200784 0.036565457 0.000845911 0.999998329 0.001617641 0.001693462 -0.000201768 -0.001617513 0.999998331 0.003008562
0.999999551 -0.000830784 0.000212826 0.036566417 0.000830517 0.999998553 0.001637669 0.001723444 -0.000213717 -0.001637612 0.999998420 0.003008140
0.999999155 -0.000729401 0.000164872 0.036565777 0.000729143 0.999998441 0.001628291 0.001703456 -0.000165684 -0.001628260 0.999997965 0.003008421
0.999999347 -0.000818890 0.000139812 0.036565457 0.000818627 0.999998396 0.001621793 0.001693462 -0.000141842 -0.001621732 0.999998212 0.003008562
0.999999892 -0.000887637 0.000128503 0.036566737 0.000887420 0.999998273 0.001644670 0.001733438 -0.000129875 -0.001644664 0.999998288 0.003008000
0.999999086 -0.000918796 0.000140745 0.036571856 0.000918491 0.999998000 0.001734933 0.001893340 -0.000142219 -0.001734964 0.999998288 0.003005750
0.999998882 -0.000867978 0.000124723 0.036570896 0.000867794 0.999998549 0.001722641 0.001863358 -0.000126013 -0.001722531 0.999998479 0.003006172
0.999999712 -0.000785286 0.000093481 0.035930619 0.000785058 0.999998177 0.001703122 0.001854652 -0.000094633 -0.001703078 0.999998019 0.003775306
0.999999443 -0.000796471 0.000077828 0.035934138 0.000796302 0.999998645 0.001766362 0.001964585 -0.000078400 -0.001766392 0.999998046 0.003773760
0.999999385 -0.000811306 0.000105492 0.035935418 0.000811101 0.999997842 0.001786190 0.002004561 -0.000107675 -0.001786110 0.999998120 0.003773197
0.999998895 -0.000827532 0.000086639 0.035934778 0.000827405 0.999998539 0.001773492 0.001984573 -0.000087928 -0.001773476 0.999998576 0.003773479
0.999999740 -0.000809947 0.000087556 0.035932538 0.000809768 0.999998473 0.001738135 0.001914616 -0.000087809 -0.001738165 0.999998175 0.003774463
0.999999724 -0.000758246 0.000123141 0.035930299 0.000758036 0.999998394 0.001697272 0.001844659 -0.000123449 -0.001697259 0.999998196 0.003775447
0.999998855 -0.000762881 0.000110118 0.035931259 0.000762637 0.999998354 0.001710601 0.001874640 -0.000111348 -0.001710609 0.999998536 0.003775025
0.999999260 -0.000747315 0.000099983 0.035934458 0.000747056 0.999998019 0.001770156 0.001974579 -0.000101270 -0.001770126 0.999998096 0.003773619
0.999998811 -0.000814121 0.000145188 0.036567057 0.000813983 0.999998796 0.001653648 0.001743431 -0.000146002 -0.001653563 0.999998784 0.003007859
0.999999391 -0.000828800 0.000166286 0.036567057 0.000828560 0.999998337 0.001648463 0.001743431 -0.000168232 -0.001648444 0.999998321 0.003007859
0.999999378 -0.000880483 0.000171069 0.036565457 0.000880244 0.999998367 0.001621792 0.001693462 -0.000171646 -0.001621675 0.999998177 0.003008562
0.999999817 -0.000911069 0.000207631 0.036567377 0.000910724 0.999997928 0.001651448 0.001753425 -0.000208952 -0.001651381 0.999998745 0.003007718
0.999999068 -0.000947691 0.000205174 0.036566737 0.000947296 0.999998224 0.001642716 0.001733438 -0.000207160 -0.001642547 0.999998358 0.003008000
0.999999408 -0.000969468 0.000171813 0.036569296 0.000969184 0.999998326 0.001685016 0.001813389 -0.000172638 -0.001684857 0.999998826 0.003006875
0.999998893 -0.000973906 0.000193768 0.036566737 0.000973583 0.999998064 0.001642576 0.001733438 -0.000195364 -0.001642477 0.999997988 0.003008000
0.999999050 -0.000966516 0.000182806 0.036562897 0.000966245 0.999998870 0.001568287 0.001613511 -0.000183224 -0.001568318 0.999998403 0.003009687
0.999999956 -0.000943688 0.000217982 0.036562258 0.000943295 0.999998277 0.001558652 0.001593523 -0.000219269 -0.001558552 0.999998115 0.003009968
0.999999236 -0.000917255 0.000225018 0.036564497 0.000916917 0.999998873 0.001598356 0.001663480 -0.000225301 -0.001598272 0.999998446 0.003008984
0.999999014 -0.000910218 0.000216326 0.036562897 0.000909831 0.999998034 0.001570922 0.001613511 -0.000217390 -0.001570789 0.999998841 0.003009687
0.999999507 -0.000873695 0.000220561 0.036562897 0.000873328 0.999998862 0.001571182 0.001613511 -0.000222000 -0.001571033 0.999998448 0.003009687
0.999999486 -0.000896650 0.000207105 0.036561618 0.000896349 0.999998879 0.001551000 0.001573535 -0.000207342 -0.001550955 0.999998490 0.003010249
0.999998890 -0.000925593 0.000184192 0.036563857 0.000925291 0.999998291 0.001587560 0.001643492 -0.000185595 -0.001587486 0.999998771 0.003009265
0.999999022 -0.000896903 0.000149550 0.036563857 0.000896663 0.999998284 0.001593866 0.001643492 -0.000150492 -0.001593818 0.999998337 0.003009265
0.999999505 -0.000903521 0.000122309 0.036564817 0.000903219 0.999998309 0.001607249 0.001673474 -0.000124334 -0.001607128 0.999998564 0.003008843
0.999999481 -0.000886894 0.000133120 0.036566097 0.000886673 0.999998417 0.001632820 0.001713450 -0.000134090 -0.001632732 0.999998705 0.003008281
0.999999081 -0.000881826 0.000104285 0.036568976 0.000881583 0.999998527 0.001684474 0.001803395 -0.000105591 -0.001684471 0.999998653 0.003007015
0.999999471 -0.000877858 0.000099243 0.036568656 0.000877648 0.999998421 0.001683031 0.001793401 -0.000099902 -0.001682989 0.999998423 0.003007156
0.999999567 -0.000901140 0.000114042 0.036568656 0.000900946 0.999998192 0.001681147 0.001793401 -0.000115083 -0.001681129 0.999997792 0.003007156
0.999998833 -0.000882949 0.000146189 0.036566417 0.000882703 0.999998178 0.001640909 0.001723444 -0.000147478 -0.001640762 0.999998833 0.003008140
0.999999368 -0.000852181 0.000167179 0.036566097 0.000851862 0.999998313 0.001632326 0.001713450 -0.000169199 -0.001632232 0.999998418 0.003008281
0.999999508 -0.000837167 0.000199942 0.036566417 0.000836901 0.999998791 0.001635377 0.001723444 -0.000201001 -0.001635252 0.999998211 0.003008140
0.999999228 -0.000875878 0.000170378 0.036564497 0.000875547 0.999998523 0.001600205 0.001663480 -0.000171580 -0.001600157 0.999998481 0.003008984
0.999999655 -0.000901307 0.000174556 0.036565457 0.000900985 0.999998077 0.001618685 0.001693462 -0.000176163 -0.001618549 0.999998601 0.003008562
0.999999646 -0.000933243 0.000186496 0.036567697 0.000932940 0.999998525 0.001659516 0.001763419 -0.000187880 -0.001659432 0.999997759 0.003007578
0.999999386 -0.000924413 0.000155181 0.036565137 0.000924184 0.999998887 0.001613697 0.001683468 -0.000156512 -0.001613592 0.999998309 0.003008703
0.999999298 -0.000933760 0.000159788 0.036564497 0.000933531 0.999998356 0.001601548 0.001663480 -0.000160869 -0.001601435 0.999998730 0.003008984
0.999999496 -0.000934823 0.000111463 0.036565777 0.000934704 0.999998065 0.001624598 0.001703456 -0.000112611 -0.001624555 0.999997949 0.003008421
