1.000000000 0.000000000 0.000000000 0.000000000 0.000000000 1.000000000 -0.000000000 -0.000000000 0.000000000 0.000000000 1.000000000 -0.000000000
0.999994743 -0.000662911 0.003093564 0.005691733 0.000661723 0.999999479 0.000380532 0.004146122 -0.003094355 -0.000378369 0.999994731 0.174777378
0.999957252 0.000288624 0.009227887 0.027627945 -0.000306053 0.999997766 0.001886944 0.013651777 -0.009227776 -0.001889622 0.999955805 0.543556064
0.999904956 0.001458913 0.013695194 0.037477228 -0.001499827 0.999993807 0.002978004 0.023076675 -0.013690770 -0.002998209 0.999901423 0.928289046
0.999867265 0.002009392 0.016175293 0.050042820 -0.002058460 0.999993350 0.003024238 0.026823174 -0.016168636 -0.003057104 0.999864886 1.127108320
0.999735763 0.006170506 0.022153916 0.070206777 -0.006237004 0.999975788 0.002937111 0.033921328 -0.022135566 -0.003074349 0.999749878 1.514731862
0.999567784 0.008640723 0.028095626 0.091481447 -0.008675795 0.999961668 0.001127908 0.038079772 -0.028085568 -0.001371046 0.999604276 1.900818746
0.999513865 0.006140154 0.030560858 0.106428886 -0.006160539 0.999980838 0.000575600 0.040773226 -0.030556202 -0.000763551 0.999533284 2.096468477
0.999329764 0.002495066 0.036503855 0.146285448 -0.002509866 0.999996115 0.000361063 0.047769207 -0.036503103 -0.000452356 0.999333066 2.507781617
0.999109928 -0.000091626 0.042179957 0.183861728 0.000084088 0.999999510 0.000181061 0.055251472 -0.042179686 -0.000177352 0.999110031 2.938679551
0.998999797 -0.001785834 0.044677302 0.199665467 0.001811205 0.999998372 -0.000524881 0.058284339 -0.044676141 0.000605292 0.999001249 3.166332787
0.998870240 -0.000248337 0.047521908 0.235053398 0.000304704 0.999998977 -0.001177880 0.065396346 -0.047520842 0.001191070 0.998869256 3.633236547
0.998675210 0.007893816 0.050843403 0.259131457 -0.007949834 0.999967827 0.000900516 0.077627731 -0.050834864 -0.001303435 0.998706428 4.115193289
0.998540747 0.012482722 0.052544323 0.271584057 -0.012644474 0.999915481 0.002745891 0.085285692 -0.052505544 -0.003406194 0.998615299 4.363944071
0.998354931 0.015644500 0.055157983 0.306786328 -0.015934965 0.999860686 0.004831176 0.097745269 -0.055075214 -0.005702066 0.998466168 4.864346752
0.998295613 0.013910038 0.056677342 0.350557588 -0.014187823 0.999889356 0.004502091 0.106270001 -0.056608055 -0.005298439 0.998382127 5.386468911
0.998257690 0.012019205 0.057767664 0.381365232 -0.012269970 0.999916276 0.003989391 0.109940625 -0.057714543 -0.004691191 0.998321777 5.660582020
0.998193353 0.007030360 0.059676760 0.429009875 -0.007249447 0.999967151 0.003454793 0.118685065 -0.059650996 -0.003881060 0.998211889 6.210721898
0.998134644 0.010491302 0.060133337 0.465041407 -0.010533620 0.999944174 0.000387891 0.123425735 -0.060125820 -0.001020494 0.998189960 6.776096654
0.998069964 0.013856509 0.060527077 0.485519030 -0.013795988 0.999903257 -0.001417533 0.125338984 -0.060540893 0.000579859 0.998165246 7.063804584
0.997875788 0.020174627 0.061943402 0.519311200 -0.020122652 0.999796022 -0.001462540 0.135419480 -0.061959811 0.000213061 0.998078270 7.632263414
0.997784769 0.022772971 0.062495450 0.565591714 -0.022904339 0.999736352 0.001386574 0.150412730 -0.062447859 -0.002814863 0.998043787 8.217479513
0.997767806 0.022106391 0.063011606 0.590603266 -0.022322242 0.999746411 0.002723939 0.157862920 -0.062934917 -0.004124309 0.998008899 8.515897563
0.997768030 0.019669026 0.063814521 0.646532994 -0.019915228 0.999796136 0.003225401 0.168686770 -0.063737200 -0.004489041 0.997956389 9.104838595
0.997819446 0.019495999 0.063060087 0.694565034 -0.019709967 0.999801426 0.002773402 0.178219059 -0.062993548 -0.004010232 0.998005709 9.704174624
0.997856086 0.019736583 0.062391429 0.722042063 -0.019949321 0.999797085 0.002789053 0.183509848 -0.062323850 -0.004027634 0.998047400 10.015849142
0.997919380 0.021494586 0.060780601 0.766115892 -0.021680062 0.999762031 0.002395578 0.193958789 -0.060714705 -0.003708320 0.998148766 10.653558241
0.997969024 0.023247653 0.059303793 0.805268330 -0.023442002 0.999721582 0.002584112 0.205391850 -0.059227417 -0.003968969 0.998236208 11.281224841
0.998041692 0.023300208 0.058041546 0.831078059 -0.023502911 0.999719777 0.002814072 0.211432767 -0.057960023 -0.004172683 0.998309715 11.611681259
0.998164809 0.023826494 0.055670544 0.877247770 -0.024022892 0.999706865 0.002861846 0.223158499 -0.055585971 -0.004193860 0.998444643 12.279779905
0.998338966 0.025031259 0.051890885 0.918585366 -0.025211430 0.999678213 0.002821007 0.234931869 -0.051802988 -0.004124437 0.998648258 12.954258675
0.998441305 0.025195905 0.049791992 0.936539920 -0.025366434 0.999674112 0.002796931 0.240960263 -0.049705807 -0.004055632 0.998755164 13.295084590
0.998695838 0.024981586 0.044528292 0.973122389 -0.025082344 0.999683840 0.001706141 0.251475064 -0.044471542 -0.002820734 0.999006242 13.992373481
0.998926037 0.023809364 0.039737621 1.005978543 -0.023867825 0.999714202 0.000999789 0.262572369 -0.039702953 -0.001947071 0.999210177 14.678032611
0.999064067 0.022714417 0.036809481 1.025284207 -0.022775291 0.999739066 0.001236540 0.269271155 -0.036771688 -0.002073641 0.999321571 15.033653843
0.999283106 0.023159950 0.029960575 1.049840195 -0.023194253 0.999729861 0.000797155 0.281523833 -0.029933923 -0.001491404 0.999550923 15.746860772
0.999462082 0.023624034 0.022727768 1.065792916 -0.023626511 0.999720598 -0.000157739 0.293057665 -0.022725581 -0.000379264 0.999741405 16.454844959
0.999529749 0.023998419 0.019058662 1.071066823 -0.023994484 0.999711201 -0.000431748 0.299321024 -0.019063941 -0.000025654 0.999818337 16.812416510
0.999705159 0.022050795 0.010185033 1.090491446 -0.022049606 0.999756485 -0.000227178 0.313551476 -0.010187379 0.000002605 0.999948453 17.565570621
0.999788516 0.020559270 -0.000692070 1.094855236 -0.020558990 0.999788316 0.000299408 0.329119901 0.000697938 -0.000285078 0.999999888 18.338638913
0.999787444 0.019828496 -0.005624949 1.093666595 -0.019824555 0.999802512 0.000752464 0.337290191 0.005639430 -0.000640798 0.999983708 18.721350374
0.999657884 0.019939274 -0.016905584 1.079217329 -0.019916544 0.999800248 0.001509261 0.353999678 0.016931907 -0.001171992 0.999856193 19.502718628
0.999375582 0.019416275 -0.029512910 1.051896839 -0.019396777 0.999811562 0.000945242 0.368832901 0.029525537 -0.000372141 0.999563593 20.284470658
0.999195837 0.019544530 -0.035000778 1.033491698 -0.019549795 0.999808586 0.000188918 0.375265725 0.034998005 0.000495511 0.999386528 20.656742615
0.998752060 0.017926609 -0.046613273 0.996977211 -0.017980480 0.999837848 -0.000737517 0.389785756 0.046592681 0.001574810 0.998913135 21.434061451
0.998152847 0.018659497 -0.057807053 0.953956999 -0.018790318 0.999821974 -0.001720462 0.404913695 0.057764173 0.002803562 0.998326209 22.236546097
0.997840712 0.019008574 -0.062867558 0.922468070 -0.019145755 0.999814916 -0.001580170 0.414008433 0.062826863 0.002780541 0.998020511 22.642716890
0.997250172 0.019220523 -0.071575114 0.874218318 -0.019209435 0.999815117 0.000843483 0.435405295 0.071578305 0.000533887 0.997434630 23.452255257
0.996788776 0.018978466 -0.077789379 0.817869075 -0.018785230 0.999817800 0.003214496 0.456684087 0.077835570 -0.001742835 0.996964683 24.239357319
0.996544226 0.018856427 -0.080886674 0.793052867 -0.018595073 0.999818478 0.003982286 0.466572678 0.080947182 -0.002464385 0.996715832 24.636738306
0.996036200 0.016514988 -0.087399348 0.739342076 -0.016077658 0.999854158 0.005705058 0.487273695 0.087480093 -0.004277134 0.996157227 25.453469256
0.995504414 0.015338997 -0.093460923 0.671187418 -0.014662223 0.999860592 0.007923275 0.509696436 0.093569132 -0.006517232 0.995591368 26.289309102
0.995214019 0.014308948 -0.096663942 0.636282251 -0.013479457 0.999866630 0.009228628 0.521457740 0.096783248 -0.007881431 0.995274669 26.716616489
0.994620946 0.010218222 -0.103078005 0.567324634 -0.008834615 0.999864813 0.013870108 0.548834306 0.103206077 -0.012884852 0.994576262 27.586760742
0.994002949 0.007771839 -0.109075557 0.487777002 -0.006185549 0.999869675 0.014873328 0.570253838 0.109176766 -0.014109304 0.993921640 28.454179595
0.993706360 0.007414803 -0.111771188 0.448593915 -0.005755234 0.999868252 0.015163339 0.580557950 0.111869251 -0.014424579 0.993618053 28.887099474
0.992991949 0.003615240 -0.118121325 0.373120272 -0.002025705 0.999905080 0.013574278 0.597299283 0.118158715 -0.013239800 0.992906375 29.749028160
0.992057297 0.000422686 -0.125787521 0.274017070 0.001141327 0.999922742 0.012360633 0.615698961 0.125783828 -0.012405965 0.991979999 30.625627567
0.991616769 -0.000861042 -0.129209675 0.221459050 0.002567730 0.999911258 0.013042579 0.627150498 0.129187064 -0.013264897 0.991531868 31.059668572
0.990598185 -0.002276814 -0.136783129 0.101881207 0.004319819 0.999882817 0.014640909 0.651235702 0.136733410 -0.015094087 0.990492412 31.946870237
0.989411621 -0.003401642 -0.145096339 -0.018209049 0.005719433 0.999862634 0.015559759 0.674460325 0.145023084 -0.016224776 0.989295261 32.851290647
0.988750965 -0.004738576 -0.149497265 -0.088281492 0.007179773 0.999848778 0.015793423 0.686144501 0.149400120 -0.016689060 0.988636180 33.308458409
0.987520603 -0.007606890 -0.157306430 -0.221186842 0.010294727 0.999813974 0.016279045 0.709181593 0.157152665 -0.017695180 0.987415833 34.213228926
0.986157800 -0.007415636 -0.165643911 -0.359160718 0.010021035 0.999838399 0.014898425 0.728776130 0.165507401 -0.016352066 0.986073107 35.108045201
0.985509967 -0.006977906 -0.169471937 -0.440393907 0.009555278 0.999850713 0.014397183 0.739132939 0.169346041 -0.015807823 0.985430183 35.546788939
0.984116974 -0.008695871 -0.177307012 -0.586391283 0.010999179 0.999867373 0.012011275 0.757273224 0.177178864 -0.013770552 0.984082541 36.435599502
0.982701307 -0.006972777 -0.185065820 -0.746380892 0.008952809 0.999911375 0.009865048 0.776167187 0.184981245 -0.011351263 0.982676395 37.326336675
0.981989685 -0.005733992 -0.188847370 -0.828224074 0.007619239 0.999927596 0.009258378 0.786350087 0.188780628 -0.010530442 0.981962967 37.765881515
0.980530695 -0.005589222 -0.196284882 -0.988711746 0.007479347 0.999932684 0.008889510 0.808437611 0.196222083 -0.010184464 0.980506481 38.657352650
0.978794952 -0.004817289 -0.204783453 -1.173966193 0.007515973 0.999894404 0.012402386 0.837948255 0.204702253 -0.013678594 0.978728361 39.548570886
0.976479854 -0.005120626 -0.215548938 -1.450442152 0.009129023 0.999803235 0.017604865 0.882716147 0.215416020 -0.019158507 0.976334492 40.908398894
0.974664720 -0.005864052 -0.223592837 -1.641550886 0.009136944 0.999865775 0.013605424 0.899699833 0.223483546 -0.015303589 0.974587879 41.807045598
0.973740185 -0.007237339 -0.227547610 -1.741724670 0.010006784 0.999889152 0.011019740 0.907360587 0.227442842 -0.013007314 0.973704613 42.254165800
0.971435016 -0.011440400 -0.237030049 -1.949956242 0.013567390 0.999880688 0.007343903 0.925424690 0.236918097 -0.010349848 0.971474771 43.142316818
0.969577190 -0.008401314 -0.244641689 -2.167616227 0.010605826 0.999913635 0.007695287 0.950678737 0.244555159 -0.010055665 0.969583006 44.043086634
0.968694231 -0.005783343 -0.248190949 -2.275530532 0.008336627 0.999922532 0.009237485 0.965398843 0.248117756 -0.011017289 0.968667376 44.484031383
0.966826409 -0.003618774 -0.255408558 -2.509103929 0.006992804 0.999899552 0.012303194 0.995385831 0.255338016 -0.013681052 0.966754374 45.356233469
0.964967919 0.000672791 -0.262367860 -2.737788817 0.003176753 0.999893057 0.014247809 1.023399442 0.262349297 -0.014582118 0.964862764 46.238497778
0.964135710 0.003014604 -0.265392993 -2.859227517 0.000595905 0.999907902 0.013523061 1.034770351 0.265408456 -0.013196126 0.964045656 46.680653304
0.963112128 0.002871584 -0.269084110 -3.090598820 -0.000058758 0.999945182 0.010460615 1.054673890 0.269099281 -0.010058894 0.963059645 47.566269846
0.961756510 0.004729678 -0.273862982 -3.328601259 -0.002128838 0.999949844 0.009793219 1.078657102 0.273895157 -0.008835560 0.961718523 48.444175073
0.960982595 0.006177244 -0.276539482 -3.454905218 -0.003372817 0.999938130 0.010615494 1.092700862 0.276588049 -0.009268566 0.960943632 48.876254431
0.959597280 0.006259529 -0.281305553 -3.696911899 -0.002501595 0.999902833 0.013715656 1.123460697 0.281364356 -0.012457743 0.959520121 49.759607988
0.958311811 0.007271002 -0.285632356 -3.942137863 -0.002955987 0.999874629 0.015535391 1.151879273 0.285708801 -0.014043289 0.958213177 50.630592444
0.957595304 0.007502307 -0.288017617 -4.070296378 -0.003164460 0.999873729 0.015523582 1.164661857 0.288097283 -0.013953803 0.957499263 51.065089849
0.956298524 0.006184939 -0.292326913 -4.324069880 -0.001740051 0.999879025 0.015462554 1.190415862 0.292387356 -0.014278161 0.956193746 51.947294310
0.954992315 0.005760347 -0.296575255 -4.576554313 -0.000794225 0.999857440 0.016862353 1.218596126 0.296630386 -0.015867862 0.954860955 52.827855129
0.954025985 0.006276311 -0.299657506 -4.715028831 -0.000914230 0.999837174 0.018030586 1.233665484 0.299721793 -0.016927614 0.953876375 53.259462772
0.952716340 0.006365089 -0.303794274 -4.976184550 -0.000298718 0.999799425 0.020011120 1.262702904 0.303860417 -0.018974135 0.952527792 54.118365475
0.951622122 0.006560920 -0.307200488 -5.240910950 -0.000269926 0.999789617 0.020516237 1.289760380 0.307269968 -0.019440755 0.951423339 54.998497413
0.950989277 0.006349956 -0.309158754 -5.385506652 -0.000155414 0.999798889 0.020057350 1.302451116 0.309222826 -0.019026218 0.950799209 55.438128823
0.949650489 0.005822988 -0.313255375 -5.656472076 0.000207139 0.999814660 0.019213200 1.327207099 0.313309394 -0.018310634 0.949474098 56.309879038
0.948573549 0.005562827 -0.316507491 -5.933552637 0.000528025 0.999815776 0.019154996 1.353388787 0.316555720 -0.018337013 0.948396205 57.173173218
0.948158545 0.005368090 -0.317753119 -6.069549721 0.000747219 0.999816658 0.019120369 1.366658475 0.317797841 -0.018366453 0.947980990 57.618030158
0.946797941 0.005346220 -0.321783996 -6.358747035 0.001282268 0.999791564 0.020383594 1.395484546 0.321826243 -0.019711744 0.946593041 58.480820348
0.945591346 0.005312822 -0.325312116 -6.645473890 0.001391187 0.999791595 0.020371539 1.422301103 0.325352939 -0.019715685 0.945387037 59.356864019
0.944994708 0.005248413 -0.327044355 -6.798046593 0.001297722 0.999803411 0.019794500 1.434936536 0.327084078 -0.019130009 0.944801233 59.790461825
0.944679091 0.004124078 -0.327968744 -7.072137375 0.001514040 0.999855319 0.016933810 1.456554671 0.327991203 -0.016493551 0.944536924 60.666262773
0.943985984 0.003496362 -0.329966337 -7.365585110 0.001657315 0.999880468 0.015336030 1.481128463 0.329981239 -0.015023799 0.943867880 61.551125137
0.943766116 0.003969932 -0.330589023 -7.516877047 0.001413064 0.999870132 0.016040970 1.495940343 0.330610153 -0.015605988 0.943638471 61.983084281
0.943432241 0.006024497 -0.331510135 -7.803937890 0.000885948 0.999785005 0.020690183 1.530886752 0.331563334 -0.019813450 0.943224999 62.859763496
0.943009095 0.006607811 -0.332702142 -8.097872064 0.000449362 0.999776406 0.021130158 1.559003842 0.332767376 -0.020075386 0.942795079 63.745352849
0.943038769 0.007425097 -0.332599963 -8.242453152 -0.000503335 0.999781034 0.020892375 1.572134248 0.332682206 -0.019534839 0.942836689 64.184975494
0.942576682 0.006829295 -0.333919169 -8.526229683 -0.000270388 0.999806179 0.019684557 1.596822609 0.333988467 -0.018463817 0.942396110 65.057073424
0.941499730 0.006535738 -0.336950418 -8.821042479 -0.000628427 0.999844193 0.017637692 1.620306325 0.337013175 -0.016394075 0.941356669 65.927148838
0.941075882 0.007282563 -0.338118074 -8.971811774 -0.001645313 0.999854187 0.016956172 1.632664089 0.338192657 -0.015400636 0.940950567 66.358359277
0.940765549 0.007973910 -0.338962758 -9.274510897 -0.002587595 0.999863289 0.016339334 1.658820452 0.339046850 -0.014494310 0.940657946 67.222346697
0.940014172 0.006429332 -0.341073578 -9.567570370 -0.001193648 0.999878115 0.015558011 1.684142096 0.341132157 -0.014217545 0.939907822 68.073588611
0.939954867 0.006067146 -0.341243226 -9.708672115 -0.000948434 0.999883866 0.015164847 1.696504511 0.341295821 -0.013930579 0.939852391 68.492036808
0.939468925 0.005880008 -0.342583839 -10.000646048 -0.000941646 0.999893168 0.014579600 1.721751479 0.342633128 -0.013374413 0.939373817 69.325280989
0.938898519 0.006554390 -0.344132547 -10.296565503 -0.000920803 0.999862289 0.016531476 1.751919279 0.344193246 -0.015204370 0.938775218 70.180414453
0.938765869 0.007369423 -0.344476355 -10.450934902 -0.001084648 0.999828793 0.018433505 1.768656694 0.344553255 -0.016931044 0.938613763 70.599919425
0.938429733 0.008206903 -0.345372415 -10.747387294 -0.000797819 0.999766105 0.021588950 1.800968842 0.345469280 -0.019984096 0.938217584 71.455807770
0.938015057 0.007523617 -0.346512541 -11.050360956 -0.000356513 0.999784781 0.020742500 1.826110340 0.346593720 -0.019333219 0.937815910 72.287007518
0.937824068 0.007342182 -0.347032337 -11.193918282 -0.000573267 0.999807683 0.019603742 1.837307466 0.347108978 -0.018185838 0.937648353 72.708669486
0.937570976 0.007879136 -0.347703334 -11.490879701 -0.001558955 0.999828293 0.018453083 1.861550048 0.347788845 -0.016758900 0.937423390 73.531910814
0.937198130 0.009512646 -0.348668256 -11.790610498 -0.002959660 0.999808690 0.019322281 1.889742273 0.348785808 -0.017076825 0.937046818 74.375465519
0.937137284 0.009857629 -0.348820942 -11.940848116 -0.003202120 0.999801806 0.019651027 1.903540182 0.348946453 -0.017298707 0.936982965 74.789445658
0.937445264 0.009051380 -0.348015053 -12.226212434 -0.002755248 0.999823292 0.018582268 1.927682430 0.348121601 -0.016460922 0.937304665 75.613937887
0.937042720 0.007209061 -0.349140043 -12.511152686 -0.001464013 0.999858580 0.016715900 1.950027256 0.349210624 -0.015152280 0.936921531 76.421264365
0.936960378 0.006338006 -0.349377804 -12.652397845 -0.000757899 0.999870027 0.016105778 1.961697377 0.349433952 -0.014825613 0.936843164 76.823322412
0.937468072 0.006625284 -0.348008532 -12.935396522 -0.000933357 0.999862763 0.016520830 1.987921411 0.348070516 -0.015162794 0.937346080 77.628178644
0.937574387 0.008545189 -0.347680480 -13.212849134 -0.002043120 0.999816109 0.019063603 2.017399369 0.347779376 -0.017163108 0.937419430 78.425791292
0.937739286 0.009041543 -0.347221752 -13.352758724 -0.001969197 0.999783139 0.020715758 2.032894698 0.347334890 -0.018742197 0.937554018 78.826177805
0.937754775 0.010098856 -0.347151349 -13.641893463 -0.002764760 0.999762695 0.021615262 2.059914912 0.347287115 -0.019309993 0.937560459 79.622590554
0.937552835 0.013427160 -0.347583249 -13.930663921 -0.006648471 0.999763488 0.020687384 2.083339054 0.347778728 -0.017084546 0.937421044 80.401873413
0.937613242 0.014346406 -0.347384775 -14.073281779 -0.008084279 0.999777609 0.019469104 2.093689271 0.347586762 -0.015446091 0.937520751 80.789149092
0.938687827 0.014939601 -0.344443195 -14.330453648 -0.009289441 0.999793872 0.018048211 2.115270551 0.344642040 -0.013741872 0.938633640 81.559799614
0.939136929 0.015455857 -0.343194958 -14.594302156 -0.009801735 0.999785925 0.018203522 2.139562531 0.343402545 -0.013731586 0.939088052 82.322766116
0.939256088 0.015547013 -0.342863731 -14.727126584 -0.009428602 0.999764877 0.019504671 2.153704554 0.343086889 -0.015087026 0.939182143 82.697204046
0.939943300 0.015580679 -0.340974963 -14.981799959 -0.008626485 0.999722771 0.021901572 2.181364618 0.341221677 -0.017644737 0.939816882 83.448138881
0.941481909 0.013897502 -0.336777761 -15.221348797 -0.006608491 0.999718264 0.022779887 2.205980804 0.336999534 -0.019221216 0.941308164 84.195597500
0.941534019 0.013264284 -0.336656253 -15.345064256 -0.005895167 0.999720186 0.022901855 2.217877940 0.336865006 -0.019578104 0.941349434 84.574519625
0.941799030 0.011576168 -0.335976292 -15.590871382 -0.004374225 0.999744349 0.022184534 2.239613067 0.336147436 -0.019423675 0.941608938 85.313608075
0.942125607 0.010394748 -0.335099012 -15.833658769 -0.003365723 0.999761560 0.021549870 2.261308429 0.335243572 -0.019174761 0.941936224 86.048709147
0.942685457 0.010723803 -0.333509519 -15.950768598 -0.003883775 0.999767886 0.021168927 2.271980935 0.333658985 -0.018660280 0.942508656 86.418881711
0.943555468 0.012948252 -0.330961001 -16.194139407 -0.006397207 0.999761522 0.020875655 2.294301786 0.331151758 -0.017579979 0.943413818 87.154767946
0.944174350 0.012697116 -0.329201379 -16.422909650 -0.006289648 0.999769346 0.020521326 2.315992906 0.329386623 -0.017305071 0.944037239 87.887927465
0.944630726 0.011538971 -0.327933449 -16.538363471 -0.005358689 0.999790037 0.019743634 2.325575539 0.328092577 -0.016893016 0.944494662 88.239324904
0.944787974 0.008588791 -0.327569597 -16.756382686 -0.002994792 0.999840295 0.017577950 2.343512215 0.327668297 -0.015626408 0.944663095 88.958201860
0.945015868 0.006499628 -0.326960426 -16.983680525 -0.001369716 0.999872268 0.015917472 2.362212076 0.327022097 -0.014594372 0.944904030 89.656220209
0.945334314 0.006003456 -0.326047416 -17.088121663 -0.000959228 0.999877389 0.015629205 2.372289887 0.326101399 -0.014461967 0.945223912 90.009654310
0.945119799 0.006442493 -0.326659831 -17.319504783 -0.001139885 0.999864136 0.016421370 2.395328204 0.326721456 -0.015147705 0.944999596 90.713169601
0.944163547 0.006889128 -0.329403416 -17.544371882 -0.001186734 0.999845510 0.017509022 2.418068380 0.329473365 -0.016140407 0.944026456 91.391512906
0.943658345 0.007591998 -0.330833775 -17.659936236 -0.002017448 0.999849848 0.017190239 2.427947977 0.330915425 -0.015554164 0.943531953 91.726500470
0.942779090 0.008998057 -0.333297052 -17.881244679 -0.003445313 0.999844953 0.017247309 2.448683904 0.333400122 -0.015112017 0.942664297 92.400097929
0.941075379 0.010477348 -0.338033164 -18.116708366 -0.005040825 0.999842929 0.016956457 2.468891660 0.338158406 -0.014253194 0.940980924 93.059243602
0.940456925 0.011196428 -0.339728188 -18.229383109 -0.005856837 0.999842029 0.016738508 2.478438898 0.339862950 -0.013752075 0.940374465 93.373845668
0.937945188 0.012209401 -0.346568441 -18.464816572 -0.006727376 0.999831825 0.017016811 2.499555971 0.346718935 -0.013629218 0.937870072 94.032973211
0.937309908 0.012435753 -0.348275198 -18.691228680 -0.007048406 0.999835306 0.016731586 2.519414603 0.348426074 -0.013227834 0.937242709 94.680161330
0.936924156 0.012162712 -0.349318651 -18.800280666 -0.006803621 0.999839073 0.016564337 2.528886142 0.349464561 -0.013142737 0.936857211 94.989979099
0.934951212 0.011644602 -0.354585015 -19.021453464 -0.005755117 0.999826830 0.017659422 2.550014561 0.354729349 -0.014469962 0.934856928 95.597155287
0.932695939 0.010849459 -0.360498852 -19.241997338 -0.004200842 0.999806513 0.019221181 2.571886462 0.360637336 -0.016413017 0.932561501 96.203519016
0.931347355 0.010087154 -0.363991980 -19.355966397 -0.003099570 0.999799354 0.019776032 2.582472024 0.364118508 -0.017290053 0.931192029 96.503291697
0.929078424 0.009355488 -0.369765470 -19.591108844 -0.001544047 0.999769072 0.021415744 2.605033612 0.369880582 -0.019325921 0.928878822 97.112380946
0.927316037 0.007589842 -0.374201239 -19.819756262 0.000127145 0.999787347 0.020593688 2.623043069 0.374277772 -0.019144313 0.927119155 97.712786977
0.926204370 0.005985076 -0.376974996 -19.933191719 0.001638709 0.999800562 0.019899476 2.631504268 0.377018745 -0.019048667 0.926009027 98.011804378
0.923959032 0.003355539 -0.382476495 -20.171196476 0.003908898 0.999826348 0.018214438 2.647908690 0.382470308 -0.018324357 0.923785516 98.591399019
0.921460024 0.001285594 -0.388470092 -20.408411292 0.005989515 0.999828260 0.017515954 2.666278491 0.388426118 -0.018466884 0.921294483 99.186560793
0.920648493 0.000689977 -0.390392679 -20.529167590 0.006725951 0.999821297 0.017628659 2.676247252 0.390334934 -0.018855403 0.920479589 99.478715796
0.918978784 0.000193564 -0.394307367 -20.769482785 0.007389562 0.999815087 0.017712727 2.695853106 0.394237833 -0.019191351 0.918807336 100.061437145
0.916889269 0.000887769 -0.399139827 -21.004311035 0.007255131 0.999794609 0.018889829 2.716934220 0.399074988 -0.020215604 0.916695003 100.636950371
0.915766922 0.000569542 -0.401708620 -21.122021687 0.007952234 0.999776668 0.019545800 2.727642630 0.401630026 -0.021093803 0.915558626 100.925102455
0.913115174 -0.000252309 -0.407701760 -21.372224170 0.009241740 0.999755848 0.020079575 2.747877730 0.407596278 -0.022102743 0.912894424 101.487765502
0.910685280 0.000318159 -0.413099772 -21.612140474 0.009280757 0.999731677 0.021229389 2.768551196 0.412996242 -0.023167130 0.910438195 102.036860025
0.909739305 0.001160714 -0.415177442 -21.731204894 0.008590067 0.999729386 0.021617567 2.778509275 0.415089780 -0.023232685 0.909483491 102.310218384
0.907613759 0.003702375 -0.419790548 -21.973554858 0.006293160 0.999728732 0.022423360 2.798676957 0.419758755 -0.022993525 0.907344325 102.862513529
0.904989803 0.005692942 -0.425394577 -22.217203788 0.004944453 0.999701916 0.023897653 2.819743068 0.425403212 -0.023730475 0.904692478 103.399982076
0.903427206 0.007181099 -0.428681823 -22.342413569 0.003725125 0.999689728 0.024597009 2.830217536 0.428725434 -0.023818410 0.903120927 103.664902531
0.900647142 0.008719957 -0.434463538 -22.590469884 0.002431516 0.999681633 0.025104683 2.849553848 0.434544167 -0.023666763 0.900339310 104.191585054
0.898215884 0.008732680 -0.439467692 -22.836800179 0.002081616 0.999706893 0.024119665 2.866284239 0.439549049 -0.022579368 0.897934795 104.715926630
0.896844438 0.009104307 -0.442251780 -22.959790126 0.001552919 0.999716728 0.023729586 2.874453788 0.442342298 -0.021968459 0.896577267 104.961298548
0.893917324 0.009455128 -0.448132523 -23.199576168 0.001206387 0.999722474 0.023499496 2.891735402 0.448230419 -0.021547155 0.893658615 105.460451204
0.891226947 0.009809596 -0.453451341 -23.437708195 0.000620621 0.999738717 0.022847226 2.907867188 0.453556816 -0.020643465 0.890988446 105.940829929
0.890091825 0.009177671 -0.455688718 -23.554659328 0.001245767 0.999744471 0.022568299 2.915937221 0.455779176 -0.020655472 0.889852625 106.178227488
0.887460849 0.008991817 -0.460795729 -23.785508309 0.001664600 0.999740268 0.022714484 2.933046763 0.460880610 -0.020925164 0.887215124 106.649015107
0.884655544 0.009682507 -0.466143680 -24.018278869 0.001281414 0.999729456 0.023197549 2.950501110 0.466242666 -0.021119052 0.884405214 107.105784801
0.883679982 0.009780914 -0.467989655 -24.137170846 0.001068765 0.999736600 0.022912389 2.958336384 0.468090233 -0.020747264 0.883436594 107.329175991
0.881372008 0.008534521 -0.472346091 -24.366408657 0.002033083 0.999758419 0.021857688 2.973007067 0.472418909 -0.020224979 0.881142617 107.781215379
0.879801421 0.007091758 -0.475287398 -24.586598875 0.003181200 0.999778475 0.020806244 2.987208716 0.475329690 -0.019817325 0.879584263 108.221299603
0.878933133 0.006617443 -0.476898994 -24.698848687 0.003681499 0.999779331 0.020657947 2.994918533 0.476930143 -0.019912631 0.878715300 108.435919317
0.877191469 0.006033148 -0.480102495 -24.922766217 0.004074556 0.999790819 0.020008474 3.009672708 0.480123222 -0.019507386 0.876984341 108.864374378
0.875427516 0.006285378 -0.483308527 -25.144270346 0.003532356 0.999805717 0.019400641 3.024323125 0.483336585 -0.018691036 0.875234532 109.289640971
0.874865609 0.006486491 -0.484322295 -25.260267065 0.003265312 0.999808714 0.019288720 3.031995911 0.484355204 -0.018456423 0.874677011 109.492643276
0.873863639 0.006780911 -0.486122074 -25.478101274 0.003119032 0.999804017 0.019552876 3.047989563 0.486159718 -0.018602725 0.873672151 109.913097282
0.872930829 0.006017934 -0.487807132 -25.697908544 0.003844219 0.999807475 0.019213515 3.062779184 0.487829202 -0.018647163 0.872739902 110.319564244
0.871955448 0.005281744 -0.489556465 -25.803555050 0.004357509 0.999817729 0.018547968 3.069194424 0.489566374 -0.018306104 0.871773724 110.525435791
0.870228876 0.003675804 -0.492632598 -26.019198986 0.005522977 0.999836095 0.017216636 3.081993826 0.492615581 -0.017703119 0.870066991 110.926358993
0.869125951 0.002612240 -0.494583788 -26.229995529 0.006256423 0.999847667 0.016275141 3.095205246 0.494551242 -0.017239413 0.868978080 111.320892905
0.868546760 0.002885725 -0.495597864 -26.336352597 0.005818368 0.999854413 0.016018698 3.102043313 0.495572021 -0.016796489 0.868404255 111.511149703
0.868113941 0.003676285 -0.496351275 -26.546054965 0.004585801 0.999870653 0.015426226 3.115439862 0.496344110 -0.015667843 0.867985100 111.887680703
0.868118331 0.004492557 -0.496335931 -26.749569458 0.003558874 0.999876319 0.015274920 3.129599060 0.496343541 -0.015026720 0.867996004 112.272624107
0.868194817 0.004554765 -0.496202763 -26.844924140 0.003492447 0.999876653 0.015288928 3.136622538 0.496211167 -0.015006641 0.868072297 112.464923744
0.868267337 0.004124218 -0.496079452 -27.042519651 0.004085468 0.999872064 0.015462990 3.150699393 0.496079940 -0.015452688 0.868138934 112.825488493
0.868898749 0.004294110 -0.494971748 -27.229708487 0.004202624 0.999861961 0.016051836 3.165217426 0.494972603 -0.016027514 0.868761090 113.188888616
0.869098697 0.004379169 -0.494619171 -27.318555119 0.004158254 0.999860686 0.016158751 3.171702944 0.494621458 -0.016100247 0.868959064 113.356021049
0.869644732 0.004398249 -0.493658158 -27.497497263 0.003810376 0.999870706 0.015620724 3.183456812 0.493663729 -0.015465495 0.869516010 113.691905449
0.870715022 0.004132909 -0.491770964 -27.670242565 0.004109244 0.999868394 0.015678761 3.196243127 0.491771020 -0.015672444 0.870583782 114.036196875
0.870977207 0.004311814 -0.491304888 -27.763915001 0.003939889 0.999867659 0.015759745 3.202966139 0.491308221 -0.015662017 0.870844965 114.209705646
0.871552943 0.004175566 -0.490283786 -27.937977204 0.004321215 0.999858759 0.016197059 3.216111289 0.490282365 -0.016235150 0.871412188 114.539181233
0.872707717 0.004173875 -0.488225308 -28.108431263 0.004409607 0.999854711 0.016429888 3.228741072 0.488223400 -0.016491230 0.872562787 114.863881290
0.873104775 0.004121276 -0.487515508 -28.201515627 0.004348939 0.999858264 0.016241041 3.234978490 0.487513933 -0.016300302 0.872962838 115.036602109
0.874148536 0.002858024 -0.485650387 -28.373622704 0.006117470 0.999838530 0.016895039 3.248788077 0.485620212 -0.017739665 0.873989546 115.380075498
0.874402978 0.003814789 -0.485185776 -28.540228555 0.006131803 0.999802424 0.018911838 3.264502601 0.485162095 -0.019511561 0.874206257 115.716332199
0.874437397 0.003553174 -0.485125683 -28.628458883 0.006616857 0.999792526 0.019249623 3.271351887 0.485093489 -0.020042611 0.874232734 115.882659744
0.875491295 0.001825487 -0.483230852 -28.794737984 0.008209005 0.999791893 0.018649593 3.282341188 0.483163943 -0.020294335 0.875294546 116.201809068
0.876508652 0.002114750 -0.481381930 -28.950039609 0.007450490 0.999810571 0.017958235 3.292766462 0.481329048 -0.019327033 0.876326993 116.523016172
0.877115465 0.002613279 -0.480272460 -29.032303528 0.006429110 0.999831320 0.017181626 3.297337867 0.480236865 -0.018157934 0.876950564 116.681412789
0.877979032 0.002380619 -0.478693044 -29.196266212 0.005440719 0.999873426 0.014951209 3.305305602 0.478667396 -0.015731225 0.877854747 116.997431819
0.878938448 0.002693038 -0.476927535 -29.354685820 0.004937867 0.999878331 0.014745917 3.316437327 0.476910143 -0.015315726 0.878818473 117.306209056
0.879459621 0.002336716 -0.475967947 -29.432058504 0.005528901 0.999869861 0.015124780 3.322739759 0.475941460 -0.015933059 0.879333000 117.458190087
0.880327139 0.000147505 -0.474366182 -29.570452710 0.007795330 0.999860153 0.014777354 3.332848416 0.474302259 -0.016706646 0.880203072 117.757069742
0.881327178 -0.001538110 -0.472504587 -29.709658447 0.008760349 0.999875774 0.013085039 3.340342183 0.472425487 -0.015671430 0.881231263 118.040395214
0.881684994 -0.001992736 -0.471834156 -29.783609912 0.008849670 0.999884614 0.012313768 3.344127938 0.471754854 -0.015032299 0.881601434 118.171236662
0.882432620 -0.002289801 -0.470433128 -29.910707463 0.008723504 0.999895100 0.011496552 3.352341981 0.470357427 -0.014248670 0.882360872 118.438595087
0.883225649 -0.001850604 -0.468943872 -30.035932190 0.008366523 0.999895377 0.011811918 3.362366787 0.468873006 -0.014355917 0.883148551 118.703524507
0.883729215 -0.001047584 -0.467996714 -30.111001344 0.007862889 0.999889395 0.012609345 3.368882409 0.467932829 -0.014823028 0.883639819 118.835906796
0.884481278 -0.000332617 -0.466574995 -30.243954038 0.008222095 0.999855417 0.014873697 3.382721818 0.466503071 -0.016991684 0.884356278 119.111129407
0.884703378 -0.000861405 -0.466153187 -30.370931688 0.009490504 0.999824438 0.016164030 3.394543152 0.466058048 -0.018724304 0.884555788 119.378415911
0.884794259 -0.001212290 -0.465980792 -30.443628294 0.009935689 0.999818183 0.016264663 3.399725938 0.465875855 -0.019020651 0.884645310 119.507634237
0.884943757 -0.002115329 -0.465693494 -30.570854645 0.010544662 0.999824092 0.015496041 3.407687358 0.465578795 -0.018623573 0.884810778 119.758593746
0.885740702 -0.002022354 -0.464175847 -30.688862089 0.010392005 0.999825880 0.015473892 3.416711406 0.464064283 -0.018529459 0.885607553 120.013971506
0.886257666 -0.002015730 -0.463188004 -30.745121508 0.010628793 0.999815472 0.015985899 3.421986041 0.463069488 -0.019090660 0.886116124 120.138055827
0.886963319 -0.002745085 -0.461831908 -30.864986762 0.012141720 0.999775244 0.017375970 3.433273453 0.461680586 -0.021019176 0.886797251 120.379377411
0.887470047 -0.002528965 -0.460858326 -30.975807411 0.012602061 0.999744024 0.018781503 3.444001898 0.460693063 -0.022475730 0.887274820 120.608745625
0.887541084 -0.002730356 -0.460721149 -31.023025547 0.013063179 0.999729364 0.019240422 3.448617642 0.460544073 -0.023095010 0.887336596 120.720878568
0.888000394 -0.003778301 -0.459826432 -31.127882444 0.014329935 0.999707735 0.019459111 3.456988267 0.459618577 -0.023868932 0.887795454 120.942317448
0.887886173 -0.004442424 -0.460040227 -31.237716863 0.015018505 0.999699703 0.019332257 3.464654280 0.459817318 -0.024073959 0.887687081 121.153747498
0.887660608 -0.004682882 -0.460474464 -31.291126527 0.015273083 0.999697312 0.019275592 3.468397457 0.460243752 -0.024142993 0.887463951 121.257470228
0.887312342 -0.004348749 -0.461148635 -31.397917293 0.015128622 0.999691280 0.019682035 3.476743164 0.460920334 -0.024440634 0.887104891 121.464898555
0.886860973 -0.004346256 -0.462015322 -31.501561179 0.015365923 0.999679686 0.020091444 3.485251767 0.461780259 -0.024917571 0.886643942 121.684739416
0.886320448 -0.003996156 -0.463055342 -31.557359334 0.015204126 0.999674682 0.020474502 3.489848140 0.462822859 -0.025187239 0.886093177 121.791635672
0.884793028 -0.003187548 -0.465973431 -31.667115036 0.015089372 0.999648005 0.021813582 3.499882374 0.465739172 -0.026331694 0.884529934 122.003018506
0.883786467 -0.002424622 -0.467884419 -31.777607539 0.014959198 0.999621488 0.023076356 3.509550030 0.467651166 -0.027393646 0.883488755 122.198802329
0.883443862 -0.002136279 -0.468532080 -31.827971226 0.014921068 0.999610420 0.023576539 3.514042847 0.468299632 -0.027819445 0.883131724 122.298521941
