1.000000000 0.000000000 0.000000000 0.000000000 0.000000000 1.000000000 0.000000000 -0.000000000 0.000000000 0.000000000 1.000000000 0.000000000
0.999993264 -0.001551526 -0.003201151 0.002796920 0.001552492 0.999998057 0.000301018 0.011445952 0.003200829 -0.000305974 0.999994567 0.673543800
0.999987033 -0.001668803 -0.004874890 0.009711144 0.001669984 0.999997720 0.000220120 0.016924999 0.004874503 -0.000228230 0.999987773 1.014750669
0.999969588 -0.001577673 -0.007594620 0.015768294 0.001575339 0.999998507 -0.000314910 0.027495445 0.007595386 0.000302901 0.999970865 1.718136787
0.999960007 -0.002333324 -0.008592999 0.021832894 0.002323776 0.999996230 -0.001127758 0.037516013 0.008595350 0.001107717 0.999961881 2.421531762
0.999950101 -0.002825992 -0.009596430 0.018815788 0.002810742 0.999994064 -0.001601105 0.042197969 0.009600953 0.001573984 0.999952508 2.763832128
0.999912628 -0.003399378 -0.012741220 0.027061415 0.003357300 0.999988747 -0.003321817 0.051078323 0.012752382 0.003278768 0.999913106 3.487130945
0.999872047 -0.004599421 -0.015291376 0.026413196 0.004545293 0.999983093 -0.003572500 0.062505611 0.015307357 0.003502465 0.999876792 4.221412140
0.999842398 -0.006046094 -0.016687150 0.016679884 0.005991704 0.999975750 -0.003308201 0.068844231 0.016706693 0.003207725 0.999854845 4.594594701
0.999805849 -0.006764363 -0.018482894 0.019225659 0.006737613 0.999975674 -0.001509971 0.084284929 0.018493341 0.001385181 0.999827275 5.358639475
0.999780111 -0.006600380 -0.019914310 0.013950424 0.006642777 0.999975262 0.002062179 0.103007163 0.019900230 -0.002194029 0.999799344 6.143597535
0.999761916 -0.006783453 -0.020721362 0.007434404 0.006854398 0.999970831 0.003353819 0.111639575 0.020698292 -0.003495087 0.999779854 6.546571370
0.999691768 -0.009092584 -0.023125073 0.001127916 0.009206100 0.999946032 0.004806231 0.126557887 0.023080088 -0.005017617 0.999720824 7.321647956
0.999646693 -0.010253745 -0.024541620 -0.005091882 0.010319046 0.999943214 0.002535032 0.135077618 0.024514126 -0.002787417 0.999695402 8.096827596
0.999629816 -0.010146531 -0.025229821 -0.012619785 0.010171834 0.999947361 0.000873306 0.138476424 0.025220766 -0.001129614 0.999680703 8.489942983
0.999622641 -0.009862338 -0.025655907 -0.016672778 0.009822955 0.999950087 -0.001661515 0.146905709 0.025671344 0.001408882 0.999668958 9.285009559
0.999583711 -0.008179244 -0.027665424 -0.037456611 0.008174037 0.999966415 -0.000301670 0.162343203 0.027666345 0.000075341 0.999616998 10.111952797
0.999543151 -0.007386095 -0.029321863 -0.041843889 0.007458470 0.999969454 0.002359178 0.173694545 0.029304068 -0.002576837 0.999567171 10.534768321
0.999476264 -0.007686235 -0.031442163 -0.060556005 0.007927516 0.999939266 0.007555413 0.196060035 0.031382585 -0.007800701 0.999476918 11.381485457
0.999417123 -0.006913802 -0.033428424 -0.069273806 0.007266129 0.999918588 0.010429092 0.214573648 0.033354375 -0.010665897 0.999386765 12.227183972
0.999392030 -0.006547715 -0.034233824 -0.083535387 0.006902067 0.999923664 0.010242305 0.220918832 0.034165319 -0.010472376 0.999360890 12.651160783
0.999365991 -0.008023226 -0.034696772 -0.089966237 0.008297220 0.999934806 0.007759559 0.230473966 0.034631556 -0.008042527 0.999367327 13.516889059
0.999282750 -0.006209997 -0.037358730 -0.116225748 0.006324497 0.999975648 0.002947406 0.235925474 0.037339284 -0.003181546 0.999297593 14.384844746
0.999257431 -0.004831687 -0.038239524 -0.128286256 0.004874206 0.999987162 0.001018377 0.239650773 0.038233733 -0.001204084 0.999268285 14.828749230
0.999193451 -0.003913497 -0.039964144 -0.151368433 0.003875396 0.999991080 -0.001030836 0.250345418 0.039967512 0.000875135 0.999200012 15.726448690
0.999079098 0.000034440 -0.042899655 -0.173392945 -0.000127627 0.999997436 -0.002168241 0.262894418 0.042899423 0.002171770 0.999076301 16.634061024
0.999021809 0.002932517 -0.044135185 -0.195446414 -0.003018135 0.999993012 -0.001874065 0.270371616 0.044129507 0.002005434 0.999023332 17.078985740
0.998937921 0.006187680 -0.045660277 -0.218580606 -0.006273330 0.999978300 -0.001733188 0.284905409 0.045648573 0.002017771 0.998955235 17.976623367
0.998833995 0.009084685 -0.047424349 -0.250589138 -0.009141552 0.999957814 -0.000981622 0.300546455 0.047413519 0.001414003 0.998874211 18.885266560
0.998800206 0.010421686 -0.047848879 -0.270509666 -0.010407614 0.999945466 0.000541345 0.310432652 0.047852931 -0.000042683 0.998854348 19.350037956
0.998662250 0.012089507 -0.050276594 -0.298296880 -0.011821340 0.999913823 0.005626965 0.334180966 0.050340480 -0.005025054 0.998718970 20.298321532
0.998648845 0.011696474 -0.050642311 -0.328235186 -0.011185769 0.999883014 0.010355037 0.356859984 0.050757327 -0.009774562 0.998662531 21.226736851
0.998576067 0.009832778 -0.052437074 -0.337123644 -0.009244357 0.999890848 0.011450856 0.366218333 0.052544001 -0.010949771 0.998558670 21.700378829
0.998478953 0.007122432 -0.054673000 -0.375726475 -0.006704872 0.999946704 0.007815891 0.374518040 0.054726230 -0.007437467 0.998473244 22.640049136
0.998438910 0.004747031 -0.055646486 -0.403296694 -0.004549346 0.999982246 0.003677702 0.382249907 0.055663524 -0.003418805 0.998443548 23.588590669
0.998372165 0.003232945 -0.056948978 -0.422096299 -0.003038638 0.999989345 0.003497851 0.389321496 0.056960128 -0.003319045 0.998370979 24.063350136
0.998230689 0.002470679 -0.059411765 -0.465417034 -0.002027383 0.999969529 0.007519685 0.411624661 0.059428571 -0.007385972 0.998204792 25.053589263
0.998172373 0.001934253 -0.060403203 -0.501965215 -0.001429419 0.999963565 0.008400377 0.428112084 0.060417363 -0.008298694 0.998138120 26.013013179
0.998129346 0.002428262 -0.061090378 -0.529599338 -0.001998338 0.999972793 0.007096689 0.433351578 0.061106090 -0.006961295 0.998106956 26.498825551
0.998096348 0.003288328 -0.061590401 -0.574909435 -0.003063431 0.999987396 0.003744584 0.442648095 0.061602246 -0.003548775 0.998094475 27.469388681
0.998012119 0.001986533 -0.062983835 -0.619202501 -0.001792354 0.999993274 0.003139401 0.456798302 0.062989470 -0.003020254 0.998009086 28.449816378
0.998026308 -0.000037087 -0.062799185 -0.645800088 0.000275123 0.999992458 0.003780803 0.465451805 0.062798666 -0.003790632 0.998018988 28.945516504
0.997985329 -0.000329114 -0.063451912 -0.690104261 0.000561336 0.999992438 0.003642166 0.480421830 0.063451011 -0.003670458 0.997977685 29.925930998
0.997970073 -0.002563325 -0.063634298 -0.731071945 0.002533032 0.999996637 -0.000557212 0.488887598 0.063635316 0.000394878 0.997972735 30.936278465
0.997901374 -0.004861907 -0.064577004 -0.756546036 0.004755499 0.999987143 -0.001801451 0.494536534 0.064584608 0.001490569 0.997910956 31.441969721
0.997734395 -0.006578762 -0.066961589 -0.815414379 0.006709706 0.999975849 0.001730401 0.516434320 0.066948704 -0.002175765 0.997753937 32.474147652
0.997659285 -0.007441316 -0.067969081 -0.862370971 0.008369220 0.999875119 0.013377237 0.552795698 0.067861305 -0.013914779 0.997597345 33.524897455
0.997675267 -0.005056677 -0.067965333 -0.897948282 0.006364221 0.999797701 0.019035139 0.570334728 0.067855576 -0.019423418 0.997505529 34.031477871
0.997703958 -0.002360395 -0.067687635 -0.950091751 0.003817899 0.999762851 0.021410444 0.589935991 0.067621562 -0.021619694 0.997476850 35.032783912
0.997811786 -0.004112602 -0.065989064 -0.986402619 0.004931221 0.999912265 0.012246835 0.588907301 0.065933318 -0.012545444 0.997745059 35.992489939
0.997813130 -0.002119400 -0.066067778 -1.015024379 0.002585430 0.999971570 0.006968617 0.587123585 0.066051873 -0.007124214 0.997790058 36.468472686
0.997937801 0.001075278 -0.064178252 -1.061411646 -0.000853946 0.999993589 0.003476052 0.596005428 0.064182268 -0.003414072 0.997931787 37.429099756
0.997923229 0.000293961 -0.064414862 -1.114745931 0.000393071 0.999942384 0.010652793 0.623580156 0.064414448 -0.010655974 0.997866561 38.420334639
0.997924004 -0.000739156 -0.064398170 -1.132573477 0.001715620 0.999884411 0.015108310 0.638824697 0.064380049 -0.015187441 0.997809565 38.904905213
0.997875720 -0.001634220 -0.065122504 -1.189095795 0.002939143 0.999796229 0.019946947 0.661946113 0.065076068 -0.020095992 0.997677485 39.866383602
0.997834043 -0.004666829 -0.065617191 -1.234443819 0.005879375 0.999814536 0.018297830 0.674042009 0.065519863 -0.018643980 0.997676742 40.836901646
0.997927386 -0.007100272 -0.063956986 -1.253165538 0.008065453 0.999856940 0.014845299 0.675364873 0.063842505 -0.015330382 0.997841687 41.311753700
0.998017554 -0.006608030 -0.062591946 -1.300566586 0.007158162 0.999937559 0.008568882 0.679153079 0.062530736 -0.008999957 0.998001834 42.262520067
0.998114883 -0.006603749 -0.061025315 -1.337077246 0.007096964 0.999943102 0.007868560 0.692871117 0.060969914 -0.008286823 0.998104425 43.221988587
0.998040252 -0.006584776 -0.062223200 -1.364757965 0.007131411 0.999936978 0.008566552 0.701549847 0.062163546 -0.008993500 0.998025175 43.707745568
0.998100326 -0.004028589 -0.061482630 -1.400217868 0.004596672 0.999947608 0.009100610 0.717632127 0.061443016 -0.009365939 0.998066076 44.677118749
0.998131534 -0.000900869 -0.061098562 -1.448854566 0.001478053 0.999954229 0.009401653 0.732703063 0.061086997 -0.009474381 0.998087449 45.617760659
0.998216145 0.000429436 -0.059712078 -1.467659860 0.000135895 0.999954590 0.009461908 0.740194559 0.059714059 -0.009453139 0.998170094 46.092513363
0.998143111 0.007230288 -0.060477142 -1.526257147 -0.006605644 0.999922237 0.010522174 0.756627924 0.060548758 -0.010103136 0.998113890 47.034213990
0.998126890 0.013393169 -0.059699151 -1.572726093 -0.012793083 0.999863175 0.010422282 0.771538429 0.059831312 -0.009639006 0.998161868 47.994743963
0.998151639 0.013175920 -0.059329949 -1.582644584 -0.012642808 0.999876206 0.009352432 0.777002876 0.059446702 -0.008585060 0.998193864 48.458505915
0.998281115 0.006540900 -0.058247913 -1.611273146 -0.006294822 0.999969658 0.004406885 0.782930377 0.058274756 -0.004032586 0.998291960 49.397133770
0.998327691 0.007685104 -0.057303368 -1.642108607 -0.007626201 0.999970084 0.001246804 0.791907668 0.057311199 -0.000807743 0.998355507 50.315827027
0.998397829 0.008035477 -0.056004408 -1.663092219 -0.007932022 0.999965730 0.002068752 0.800339421 0.056019204 -0.001621209 0.998428240 50.770679108
0.998481845 0.006508033 -0.054705756 -1.691947123 -0.006148854 0.999958355 0.006730153 0.822973216 0.054748336 -0.006383559 0.998479793 51.709037895
0.998519106 0.005335705 -0.054142427 -1.715140507 -0.004826650 0.999942265 0.009528579 0.841876039 0.054189852 -0.009253135 0.998487077 52.606605156
0.998522650 0.006068972 -0.053995444 -1.735011866 -0.005593172 0.999944019 0.008958426 0.848133042 0.054047005 -0.008643205 0.998500238 53.071435003
0.998542885 0.007196588 -0.053487115 -1.764795485 -0.006830209 0.999951363 0.007027168 0.859394593 0.053535359 -0.006651640 0.998543320 54.000034209
0.998605650 0.006750691 -0.052351152 -1.794563391 -0.006525791 0.999968135 0.004465234 0.869496401 0.052380321 -0.004117334 0.998618806 54.928652094
0.998567460 0.006757591 -0.053082409 -1.813349722 -0.006570440 0.999971649 0.003700083 0.875588207 0.053105584 -0.003346008 0.998582967 55.403427341
0.998586047 0.007148551 -0.052673719 -1.846419442 -0.006962838 0.999968092 0.003708772 0.889634840 0.052697983 -0.003336831 0.998604790 56.302153474
0.998614092 0.007231907 -0.052134208 -1.888359982 -0.007023173 0.999966567 0.004184113 0.904528783 0.052163799 -0.003812165 0.998631354 57.211889358
0.998652892 0.006972810 -0.051411316 -1.900476568 -0.006739402 0.999966258 0.004711483 0.912393164 0.051442314 -0.004358649 0.998666247 57.655727179
0.998653508 0.006135568 -0.051509956 -1.932516932 -0.005785829 0.999958375 0.006935244 0.930383688 0.051551241 -0.006627885 0.998647939 58.564332532
0.998682075 0.005876255 -0.050980079 -1.963470101 -0.005431260 0.999945532 0.008862063 0.948049052 0.051029827 -0.008573492 0.998660096 59.482885861
0.998728240 0.005974653 -0.050062080 -1.984453849 -0.005496455 0.999937598 0.009684772 0.956490803 0.050116492 -0.009397293 0.998698771 59.937737781
0.998823038 0.006485117 -0.048070525 -2.005452254 -0.005962840 0.999921527 0.010999907 0.973223642 0.048137511 -0.010700321 0.998783127 60.855225470
0.998996513 0.004957503 -0.044511575 -2.025381345 -0.004389374 0.999907567 0.012850246 0.990951026 0.044570851 -0.012641984 0.998926139 61.782639880
0.999067097 0.004132367 -0.042994546 -2.035349412 -0.003536548 0.999896410 0.013923463 1.000074661 0.043048177 -0.013758426 0.998977794 62.246342898
0.999238749 0.005165617 -0.038673433 -2.044225167 -0.004613374 0.999885856 0.014354387 1.015704545 0.038743588 -0.014165039 0.999148428 63.182653171
0.999261231 0.006475983 -0.037889897 -2.072934866 -0.005998053 0.999900762 0.012715420 1.027620718 0.037968699 -0.012478744 0.999200725 64.121184573
0.999341361 0.006420494 -0.035712199 -2.074001637 -0.005994315 0.999908876 0.012026073 1.033647541 0.035785864 -0.011804078 0.999290023 64.573914070
0.999498788 0.006891720 -0.030884131 -2.082810748 -0.006597295 0.999931742 0.009623002 1.044358517 0.030949338 -0.009414425 0.999476498 65.510303565
0.999612012 0.007913840 -0.026701049 -2.089560876 -0.007607562 0.999903510 0.011551639 1.062937281 0.026789771 -0.011344025 0.999576451 66.466451822
0.999666214 0.007778838 -0.024649149 -2.098444999 -0.007473052 0.999893550 0.012471984 1.071975701 0.024743271 -0.012283619 0.999617928 66.940098952
0.999745577 0.005916859 -0.021772563 -2.106236268 -0.005639820 0.999902664 0.012761605 1.087480380 0.021846262 -0.012635570 0.999681457 67.886353980
0.999839840 0.004936267 -0.017231412 -2.102964448 -0.004742691 0.999924932 0.011256815 1.100167719 0.017285003 -0.011173290 0.999787753 68.841516464
0.999888119 0.003888637 -0.014415678 -2.091939587 -0.003729949 0.999932222 0.011012264 1.107381080 0.014457104 -0.010957272 0.999835093 69.313031670
0.999956206 0.002329122 -0.009093278 -2.080964195 -0.002212795 0.999915082 0.012779653 1.125454959 0.009122192 -0.012758972 0.999876417 70.247141262
0.999992570 0.001607119 -0.003471939 -2.061121370 -0.001557567 0.999896868 0.014219611 1.142931472 0.003495012 -0.014214088 0.999893016 71.170237076
0.999999689 0.000544770 -0.000262817 -2.051185600 -0.000540858 0.999896450 0.014340214 1.150609963 0.000271113 -0.014340059 0.999897214 71.631802052
0.999965664 -0.003525687 0.007542085 -2.012526674 0.003410800 0.999877969 0.015194826 1.167006485 -0.007594507 -0.015168573 0.999855776 72.542811203
0.999835220 -0.008549204 0.016000926 -1.962841909 0.008295766 0.999839284 0.015839976 1.183335057 -0.016133561 -0.015704627 0.999745933 73.462683529
0.999717607 -0.012411639 0.020270082 -1.933016930 0.012095706 0.999804088 0.015635637 1.190648166 -0.020460039 -0.015386042 0.999671810 73.922093071
0.999463533 -0.016945195 0.028017806 -1.891029642 0.016593762 0.999781057 0.012728864 1.201140298 -0.028227139 -0.012257130 0.999525642 74.863025535
0.999128891 -0.019465192 0.036908275 -1.830193067 0.019192516 0.999785362 0.007728328 1.208102982 -0.037050594 -0.007013240 0.999288044 75.791910786
0.998978548 -0.020708262 0.040153507 -1.799252854 0.020484187 0.999771435 0.005984133 1.213021389 -0.040268047 -0.005155513 0.999175221 76.261301636
0.998569802 -0.021527087 0.048930419 -1.728563783 0.021320159 0.999760822 0.004747347 1.226599874 -0.049020669 -0.003697301 0.998790243 77.188999675
0.998070097 -0.021778466 0.058155563 -1.646933936 0.021409779 0.999746216 0.006955403 1.246389016 -0.058292139 -0.005696888 0.998282912 78.125459767
0.997839362 -0.022638594 0.061674481 -1.605042925 0.022172803 0.999720122 0.008227134 1.256778244 -0.061843173 -0.006841870 0.998062174 78.603624586
0.997230955 -0.023233029 0.070648448 -1.521242075 0.022582801 0.999694537 0.009988230 1.276167008 -0.070858760 -0.008365129 0.997451167 79.559976605
0.996499419 -0.023707810 0.080172269 -1.416459675 0.022906755 0.999677518 0.010897085 1.294485312 -0.080404626 -0.009022444 0.996720928 80.524127286
0.996128781 -0.024657569 0.084378481 -1.364621892 0.023736288 0.999647220 0.011905195 1.304531884 -0.084641929 -0.009856280 0.996362714 81.001216964
0.995292937 -0.023733055 0.093963187 -1.238901150 0.022532861 0.999650163 0.013813523 1.324969022 -0.094257959 -0.011631239 0.995479514 81.973114941
0.994664954 -0.019600224 0.101275526 -1.134123626 0.018180822 0.999723143 0.014919406 1.343647246 -0.101539589 -0.012998537 0.994746750 82.937259825
0.994151840 -0.019332481 0.106247970 -1.081188218 0.017816318 0.999725217 0.015201025 1.352598828 -0.106512444 -0.013219176 0.994223453 83.424309878
0.993131889 -0.015747121 0.115936359 -0.944453963 0.013819753 0.999752036 0.017409702 1.373877814 -0.116181679 -0.015687918 0.993103380 84.405056377
0.991997672 -0.012870016 0.125600312 -0.807720792 0.010482447 0.999751912 0.019651830 1.395236781 -0.125821882 -0.018177978 0.991885776 85.385801587
0.991254020 -0.012551686 0.131368319 -0.734917713 0.009940658 0.999739542 0.020512744 1.405412627 -0.131591428 -0.019027458 0.991120953 85.870670604
0.989674527 -0.010757976 0.142926033 -0.569337689 0.008227813 0.999798832 0.018281881 1.419150324 -0.143093742 -0.016917161 0.989563860 86.838353844
0.987946290 -0.010736576 0.154426164 -0.391610225 0.008664062 0.999862976 0.014087625 1.429955472 -0.154555996 -0.012579862 0.987903675 87.824889135
0.987214600 -0.009110242 0.159139545 -0.298855223 0.007308824 0.999902116 0.011901512 1.435136963 -0.159232254 -0.010586212 0.987184309 88.307677272
0.985810379 -0.011485071 0.167467977 -0.113329100 0.010486121 0.999920984 0.006848232 1.444310208 -0.167533219 -0.004994954 0.985853791 89.273272708
0.984304746 -0.014107767 0.175914687 0.084349475 0.014412455 0.999895909 -0.000454296 1.450180987 -0.175889850 0.002982566 0.984405085 90.257726153
0.983447516 -0.015636944 0.180519805 0.189204914 0.016379338 0.999862301 -0.002622486 1.455899160 -0.180453816 0.005535806 0.983567391 90.759310466
0.981599266 -0.019479662 0.189956061 0.419746449 0.020093010 0.999797155 -0.001303279 1.477402576 -0.189891910 0.005096078 0.981791159 91.770098375
0.979661281 -0.023646785 0.199259088 0.649049488 0.022743736 0.999718024 0.006819946 1.510398675 -0.199363840 -0.002149439 0.979922883 92.770758447
0.978627992 -0.026149145 0.203969045 0.762635553 0.024582060 0.999645519 0.010213255 1.525617242 -0.204163553 -0.004981001 0.978923717 93.261166351
0.976460836 -0.029013350 0.213736581 1.010875110 0.026973287 0.999557900 0.012455494 1.548645322 -0.214003600 -0.006397112 0.976811547 94.249882908
0.974542197 -0.024720379 0.222836142 1.261341342 0.022629246 0.999672023 0.011933050 1.567163936 -0.223057792 -0.006586646 0.974782351 95.258557572
0.973364747 -0.022635173 0.228143714 1.397052772 0.020486257 0.999719912 0.011783375 1.576807809 -0.228346906 -0.006795698 0.973556160 95.766779421
0.970819511 -0.020534756 0.238930239 1.668485790 0.018435229 0.999768474 0.011018918 1.595345722 -0.239100674 -0.006292648 0.970973606 96.783235195
0.967911150 -0.016681305 0.250736950 1.947690378 0.014481529 0.999838025 0.010615897 1.614251288 -0.250873084 -0.006644190 0.967997148 97.778718911
0.965989345 -0.014632046 0.258168606 2.101118794 0.012311554 0.999868034 0.010602761 1.624020136 -0.258289081 -0.007063700 0.966041700 98.264891950
0.963172253 -0.011909120 0.268620025 2.399074735 0.008939070 0.999883918 0.012277156 1.646624651 -0.268735542 -0.009423795 0.963167989 99.248212034
0.960041265 -0.010803848 0.279650039 2.720107649 0.006623091 0.999851798 0.015890703 1.673337091 -0.279779136 -0.013403597 0.959969935 100.259132856
0.958620969 -0.011443545 0.284455076 2.884536032 0.006965088 0.999835299 0.016750615 1.684947565 -0.284599616 -0.014076235 0.958543194 100.754138315
0.955267697 -0.012912914 0.295461274 3.225593607 0.009111908 0.999856402 0.014237995 1.701296841 -0.295602930 -0.010908884 0.955248171 101.763064726
0.952548960 -0.008509653 0.304266217 3.562511406 0.007696743 0.999962060 0.003871150 1.703520183 -0.304287634 -0.001345520 0.952578971 102.732447688
0.951316491 -0.006933814 0.308139139 3.725991434 0.007607064 0.999969884 -0.000983598 1.705208092 -0.308122948 0.003279771 0.951340922 103.217670219
0.949342917 -0.007688700 0.314147740 4.072641583 0.008906420 0.999957214 -0.002441046 1.722915267 -0.314114413 0.005115378 0.949371376 104.185723143
0.947145233 -0.009500644 0.320664484 4.418057841 0.009103492 0.999954552 0.002737823 1.751775202 -0.320675828 0.000326122 0.947188693 105.143653705
0.945660793 -0.009818526 0.325006888 4.601257084 0.008703765 0.999950178 0.004883731 1.765644945 -0.325038670 -0.001789566 0.945699088 105.626518719
0.943348456 -0.009305802 0.331672353 4.955607689 0.007457435 0.999948787 0.006845241 1.788968609 -0.331719193 -0.003984020 0.943369672 106.573515048
0.941042736 -0.010339883 0.338128865 5.328713983 0.007132933 0.999916237 0.010725634 1.815671293 -0.338211408 -0.007681437 0.941038291 107.508352898
0.939859474 -0.011551138 0.341366907 5.509745609 0.007517027 0.999885002 0.013138031 1.829691469 -0.341478905 -0.009781842 0.939838086 107.971330011
0.937262339 -0.014149587 0.348336745 5.882855018 0.008821064 0.999818048 0.016878421 1.856164204 -0.348512340 -0.012746811 0.937216950 108.906171565
0.934687779 -0.017688471 0.355028609 6.253835279 0.011607610 0.999746975 0.019250594 1.879948002 -0.355279519 -0.013872262 0.934657123 109.821170947
0.933164376 -0.019517242 0.358918948 6.444842257 0.013153017 0.999709583 0.020165213 1.891515991 -0.359207525 -0.014096602 0.933150773 110.283106895
0.929994310 -0.025003293 0.366723415 6.824732889 0.018842531 0.999614463 0.020370064 1.911533126 -0.367091797 -0.012034026 0.930106698 111.187143544
0.926471012 -0.026955668 0.375399613 7.214616212 0.021641222 0.999596605 0.018366728 1.927818357 -0.375743002 -0.008892142 0.926680728 112.090159640
0.924880667 -0.026299015 0.379346610 7.403505419 0.021267390 0.999620733 0.017449140 1.935857595 -0.379662189 -0.008070645 0.925089762 112.532266942
0.921848015 -0.026611368 0.386636181 7.800043587 0.021582734 0.999616396 0.017342464 1.955015157 -0.386949822 -0.007642460 0.922068900 113.404327900
0.918612176 -0.025726440 0.394321776 8.186610196 0.020019517 0.999626721 0.018580490 1.976344970 -0.394653175 -0.009174141 0.918784170 114.277434530
0.916785625 -0.024369773 0.398635410 8.394273107 0.018387828 0.999652982 0.018823352 1.986433522 -0.398956169 -0.009926919 0.916916655 114.707404770
0.913095863 -0.024646966 0.406999109 8.800748836 0.018581497 0.999649706 0.018849428 2.005928278 -0.407321152 -0.009648722 0.913233443 115.578379637
0.909535999 -0.025178696 0.414863027 9.213934268 0.019269905 0.999643776 0.018423289 2.024246263 -0.415178767 -0.008762274 0.909697012 116.418464580
0.907736909 -0.025467913 0.418767249 9.420516622 0.019440296 0.999636369 0.018654736 2.034170085 -0.419089860 -0.008792609 0.907902368 116.838494734
0.903963977 -0.025209828 0.426865884 9.842600777 0.020047413 0.999660850 0.016584176 2.049581216 -0.427139186 -0.006433943 0.904163092 117.667603096
0.900676996 -0.024646897 0.433788965 10.252581786 0.020335680 0.999686719 0.014576800 2.064655621 -0.434012378 -0.004307602 0.900896561 118.477912062
0.898939931 -0.024311449 0.437396187 10.466985285 0.020698545 0.999700864 0.013025650 2.071287908 -0.437582488 -0.002655769 0.899174588 118.877029090
0.895045738 -0.023898208 0.445334575 10.896841009 0.021077265 0.999713706 0.011286551 2.087066692 -0.445476790 -0.000715586 0.895292979 119.685165393
0.891740905 -0.025413138 0.451831507 11.348677163 0.022322023 0.999676335 0.012171346 2.107968410 -0.451994631 -0.000767871 0.892019916 120.510943348
0.890248505 -0.026369816 0.454710556 11.574030919 0.022642611 0.999649968 0.013641666 2.120111510 -0.454911512 -0.001848641 0.890534243 120.918833701
0.887239441 -0.027009908 0.460517684 12.024795184 0.023084042 0.999633003 0.014155691 2.140208639 -0.460731078 -0.001928870 0.887537849 121.734681875
0.884282543 -0.028778280 0.466065649 12.474449499 0.024137590 0.999581497 0.015924346 2.162310556 -0.466328642 -0.002831936 0.884606926 122.540555021
0.882581286 -0.029789226 0.469215914 12.698724729 0.024535546 0.999548800 0.017308047 2.174138960 -0.469519958 -0.003763234 0.882914220 122.938507703
0.879343142 -0.030433767 0.475215927 13.157211665 0.023638453 0.999514530 0.020270020 2.198212941 -0.475601963 -0.006590914 0.879635517 123.733325690
0.876282949 -0.032171763 0.480721698 13.637708154 0.023204359 0.999427779 0.024587762 2.225260333 -0.481237602 -0.010391009 0.876528556 124.545819947
0.874615318 -0.032481359 0.483728895 13.884039803 0.023092955 0.999411699 0.025354589 2.236602913 -0.484267683 -0.011004775 0.874850172 124.961504614
0.871906103 -0.031136156 0.488682602 14.353610552 0.021320405 0.999443932 0.025639196 2.256329894 -0.489208683 -0.011936071 0.872084377 125.765254693
0.868421047 -0.027987301 0.495036960 14.833233591 0.020140158 0.999572169 0.021180717 2.267925947 -0.495417827 -0.008423672 0.868613894 126.568055067
0.867007705 -0.027134367 0.497554873 15.078542114 0.020090010 0.999607001 0.019506483 2.274864738 -0.497889095 -0.006916389 0.867212690 126.973867921
0.863580739 -0.027281088 0.503471843 15.579019784 0.020172320 0.999604873 0.019563868 2.294758253 -0.503806825 -0.006738783 0.863789845 127.784316079
0.861100793 -0.028741565 0.507621315 16.068469177 0.021626344 0.999567299 0.019909858 2.314899678 -0.507974326 -0.006166375 0.861349825 128.585898164
0.859129118 -0.028052567 0.510988995 16.322652447 0.022168266 0.999598787 0.017605006 2.320701222 -0.511277615 -0.003797244 0.859406574 128.980705937
0.856375841 -0.026723594 0.515662041 16.821053525 0.022735332 0.999642005 0.014048063 2.334026661 -0.515852535 -0.000306616 0.856677444 129.771374400
0.852993718 -0.027369703 0.521203693 17.340313161 0.022971993 0.999624366 0.014897212 2.355359626 -0.521415676 -0.000734069 0.853302603 130.569695318
0.851568440 -0.029382536 0.523420284 17.606460062 0.023133602 0.999561561 0.018474314 2.371795613 -0.523733433 -0.003623558 0.851874035 130.983136633
0.848536342 -0.032396308 0.528144445 18.124514930 0.022840308 0.999436054 0.024609268 2.402131814 -0.528643207 -0.008818910 0.848797954 131.771369808
0.845655641 -0.032319713 0.532749266 18.642699021 0.022290492 0.999432500 0.025248889 2.422930131 -0.533262110 -0.009476634 0.845896837 132.559756597
0.844137569 -0.031764027 0.535184264 18.906800618 0.022457730 0.999461336 0.023897388 2.430488554 -0.535655393 -0.008153648 0.844397362 132.953455414
0.841474055 -0.032623135 0.539311643 19.432819670 0.024549847 0.999453023 0.022152668 2.446975563 -0.539739711 -0.005400867 0.841814401 133.720945502
0.839580925 -0.035010096 0.542104449 19.959867401 0.027085977 0.999377650 0.022592203 2.467456452 -0.542558419 -0.004284532 0.840007125 134.498314005
0.839085430 -0.035706991 0.542826645 20.223927821 0.027663226 0.999352555 0.022976336 2.478054200 -0.543295397 -0.004262789 0.839530523 134.891963872
0.837302022 -0.036291240 0.545535454 20.759867231 0.028921003 0.999337485 0.022091367 2.496148120 -0.545974786 -0.002719683 0.837796906 135.658347421
0.836295717 -0.036100039 0.547089980 21.286955191 0.029501279 0.999347039 0.020846114 2.513659668 -0.547485276 -0.001293641 0.836814811 136.435763747
0.835260465 -0.036247580 0.548659100 21.549946160 0.029725298 0.999342142 0.020769524 2.523272868 -0.549050743 -0.001038885 0.835788453 136.819486732
0.833714067 -0.036437567 0.550992486 22.074839142 0.029806500 0.999335010 0.020986331 2.542954401 -0.551390139 -0.001073441 0.834246297 137.576982630
0.832813122 -0.037026400 0.552314305 22.600800627 0.030035645 0.999312396 0.021702995 2.563690467 -0.552737899 -0.001485402 0.833353601 138.344404284
0.832514917 -0.037367040 0.552740915 22.863786177 0.030341606 0.999299752 0.021856725 2.573703579 -0.553170625 -0.001425015 0.833066096 138.728120828
0.831715132 -0.037471973 0.553936736 23.388685255 0.030497589 0.999296237 0.021808160 2.592935211 -0.554364110 -0.001244432 0.832272981 139.485623973
0.829901984 -0.038092292 0.556607068 23.900398867 0.031171322 0.999273449 0.021910499 2.611795358 -0.557038048 -0.000833344 0.830486957 140.214385542
0.829601865 -0.038422639 0.557031846 24.151285065 0.031527770 0.999260674 0.021971340 2.621191805 -0.557464412 -0.000665521 0.830200278 140.579307197
0.827886982 -0.039182664 0.559524971 24.674004470 0.031935238 0.999230902 0.022722544 2.641463674 -0.559985396 -0.000943154 0.828501586 141.316908110
0.826019333 -0.040717153 0.562169997 25.195626250 0.032788215 0.999169333 0.024191363 2.662830533 -0.562687748 -0.001549934 0.826668134 142.044548647
0.825479736 -0.041637384 0.562893444 25.457515124 0.033330725 0.999130264 0.025026678 2.673868651 -0.563445480 -0.001897415 0.826150265 142.418305943
0.823331191 -0.042732546 0.565949534 25.990175611 0.034158816 0.999083971 0.025743398 2.694217770 -0.566531353 -0.001863177 0.824037867 143.154824952
0.821078081 -0.042833481 0.569207219 26.532806981 0.034666885 0.999081498 0.025175190 2.712444629 -0.569762207 -0.000938172 0.821808436 143.890297483
0.820642811 -0.042903214 0.569828636 26.794725519 0.035041260 0.999079036 0.024757155 2.721293232 -0.570365344 -0.000349257 0.821391094 144.264090042
0.818982066 -0.042716221 0.572227074 27.326336739 0.035228027 0.999087154 0.024162076 2.739168134 -0.572736420 0.000370119 0.819739438 144.990706161
0.817532308 -0.041732110 0.574368022 27.835896821 0.034145616 0.999128490 0.023992656 2.757138945 -0.574868681 -0.000002668 0.818245110 145.699596575
0.816576414 -0.041095195 0.575772575 28.095642189 0.033274804 0.999154486 0.024122373 2.766547890 -0.576276647 -0.000539058 0.817254140 146.053494631
0.814759210 -0.040667314 0.578371365 28.614032184 0.031957181 0.999170494 0.025236665 2.786690721 -0.578917151 -0.002078715 0.815382649 146.751326664
0.812950465 -0.040792500 0.580902932 29.131335932 0.031137611 0.999161481 0.026587849 2.807088728 -0.581499925 -0.003526660 0.813538447 147.439211849
0.811710417 -0.040558766 0.582651031 29.378978289 0.030703292 0.999169478 0.026779313 2.816150949 -0.583252889 -0.003847772 0.812281684 147.774310670
0.809611447 -0.040333592 0.585579156 29.895234666 0.030457348 0.999178443 0.026711876 2.833934770 -0.586175371 -0.003791056 0.810174846 148.452295218
0.806169172 -0.041196790 0.590248511 30.419258277 0.031176912 0.999144613 0.027154052 2.852406173 -0.590862187 -0.003488637 0.806764145 149.109302555
0.805105041 -0.041813671 0.591655508 30.677927422 0.031997243 0.999121339 0.027069257 2.861330459 -0.592267994 -0.002862208 0.805735433 149.453265678
0.802124160 -0.041090774 0.595741848 31.192043949 0.031786626 0.999152818 0.026117245 2.877215167 -0.596310537 -0.002012658 0.802750641 150.111395334
0.798650356 -0.040966511 0.600398332 31.703989473 0.032021545 0.999159533 0.025579625 2.893500254 -0.600942147 -0.001203440 0.799291158 150.749633064
0.797293314 -0.041847594 0.602140155 31.959418705 0.033237310 0.999123782 0.025427845 2.901800379 -0.602676189 -0.000259954 0.797985778 151.063778021
0.793843861 -0.043475501 0.606566517 32.470249944 0.034619588 0.999053867 0.026298703 2.920410182 -0.607135442 0.000122045 0.794597978 151.692035570
0.791071877 -0.044707145 0.610087272 32.981082130 0.035530502 0.998999592 0.027135944 2.938950002 -0.610690221 0.000210192 0.791869571 152.320294246
0.789563495 -0.045763402 0.611959596 33.236498088 0.036553992 0.998951947 0.027540494 2.948229909 -0.612578479 0.000624634 0.790409441 152.634423423
0.785538413 -0.047006456 0.617025486 33.756203939 0.037945042 0.998892527 0.027790030 2.965712465 -0.617648361 0.001582931 0.786452986 153.251675729
0.782569774 -0.048300616 0.620685940 34.277008091 0.040026997 0.998826034 0.027260047 2.982050041 -0.621274785 0.003511300 0.783584533 153.878889215
0.780576585 -0.048953068 0.623140587 34.531362455 0.041191183 0.998789286 0.026865435 2.989765529 -0.623701355 0.004697359 0.781648593 154.183100849
0.776759312 -0.048453900 0.627930591 35.048942407 0.041562118 0.998805715 0.025659396 3.004319200 -0.628423778 0.006166969 0.777846304 154.780514849
0.773987740 -0.048158315 0.631367271 35.556574776 0.041960161 0.998812582 0.024747082 3.019275515 -0.631808619 0.007338350 0.775089378 155.379003022
0.772636456 -0.048447931 0.632997589 35.809844112 0.042505369 0.998794144 0.024562935 3.027156199 -0.633423853 0.007927602 0.773763488 155.673269256
0.768760172 -0.050083005 0.637573697 36.325234098 0.044720933 0.998697822 0.024527637 3.043509938 -0.637971079 0.009657030 0.769999081 156.250768785
0.766145123 -0.049855679 0.640730338 36.830677176 0.044204996 0.998712873 0.024852998 3.060216331 -0.641144592 0.009282457 0.767363514 156.829343294
0.763831392 -0.049451437 0.643517722 37.082867986 0.043923530 0.998731306 0.024612436 3.067782319 -0.643918356 0.009465861 0.765035579 157.113671857
0.760641770 -0.048745162 0.647339949 37.607124593 0.043245404 0.998766462 0.024393319 3.083598678 -0.647729789 0.009439884 0.761811077 157.680156643
0.757809829 -0.048907372 0.650640082 38.110393417 0.042747398 0.998765554 0.025286903 3.100945396 -0.651073203 0.008650483 0.758965819 158.238835360
0.756253434 -0.048665480 0.652467169 38.372517860 0.042409675 0.998778529 0.025340124 3.109138512 -0.652903138 0.008507362 0.757394045 158.522073163
0.752220847 -0.048825788 0.657099907 38.894595742 0.042237403 0.998772019 0.025862197 3.125925123 -0.657555386 0.008300151 0.753360161 159.068656844
0.748368062 -0.047263155 0.661597770 39.405684763 0.040928952 0.998847608 0.025058702 3.140050290 -0.662019074 0.008325352 0.749440698 159.606421309
0.746356690 -0.046106566 0.663947018 39.656809238 0.040145359 0.998899126 0.024238541 3.146401781 -0.664333976 0.008563824 0.747386874 159.880826693
0.742425579 -0.044408184 0.668455342 40.177841102 0.038742482 0.998976280 0.023336434 3.160474227 -0.668806605 0.008572028 0.743386518 160.417511348
0.739115360 -0.042634885 0.672227541 40.688942179 0.037610378 0.999049443 0.022010264 3.173709591 -0.672527533 0.009014618 0.740016893 160.955290144
0.737076849 -0.040841163 0.674573285 40.950016811 0.036334896 0.999122539 0.020789004 3.179468481 -0.674830838 0.009187482 0.737915167 161.228624414
0.733586678 -0.037115679 0.678582144 41.458990771 0.033855733 0.999262745 0.018055614 3.189864942 -0.678751990 0.009728574 0.734303105 161.746563454
0.730032364 -0.033479389 0.682592001 41.980061782 0.031345479 0.999387774 0.015493488 3.201048029 -0.682692786 0.010085461 0.730635608 162.283294644
0.728159405 -0.032455014 0.684638818 42.238960399 0.030539267 0.999422269 0.014896578 3.207577215 -0.684727563 0.010061338 0.728729446 162.536731029
0.724759425 -0.031744925 0.688270622 42.746784314 0.029449787 0.999452205 0.015086375 3.222937808 -0.688372079 0.009335435 0.725297124 163.044647378
0.721178936 -0.031492849 0.692032735 43.264553239 0.029187551 0.999459586 0.015066304 3.238085716 -0.692134253 0.009333258 0.721708451 163.551486494
0.719610343 -0.031434035 0.693666103 43.513511045 0.029728354 0.999452703 0.014450771 3.244517655 -0.693740880 0.010222666 0.720151381 163.806005104
0.715989096 -0.031671282 0.697391892 44.030233547 0.031628003 0.999416135 0.012915881 3.256981392 -0.697393768 0.012809477 0.716573164 164.302944712
0.712797746 -0.031448732 0.700663888 44.523812299 0.031962273 0.999412835 0.012342070 3.270266110 -0.700640311 0.013597322 0.713384523 164.772204196
0.711232810 -0.031916529 0.702231796 44.770587453 0.032350162 0.999396382 0.012657932 3.277958236 -0.702211447 0.013714556 0.711835297 165.006817032
0.708527970 -0.032935308 0.704913774 45.265188924 0.031953098 0.999383130 0.014576700 3.295676738 -0.704958776 0.012196137 0.709142831 165.485947846
