1.000000000 0.000000000 -0.000000000 0.000000000 0.000000000 1.000000000 0.000000000 0.000000000 0.000000000 -0.000000000 1.000000000 0.000000000
0.999998980 -0.000968877 -0.001247033 0.005477975 0.000968802 1.000000271 -0.000044767 0.007840168 0.001247954 0.000043478 0.999999128 0.666414835
0.999995341 -0.001715148 -0.002455203 0.019566413 0.001717277 0.999998094 0.000898871 0.012988592 0.002453883 -0.000903057 0.999997189 0.988560129
0.999990942 -0.003193653 -0.002849506 0.033992153 0.003200146 0.999992913 0.002249066 0.023115456 0.002842455 -0.002258184 0.999993633 1.659525910
0.999986022 -0.004293136 -0.002952515 0.048606348 0.004298326 0.999989867 0.001749245 0.029796089 0.002945510 -0.001761873 0.999994583 2.308172706
0.999986409 -0.003854395 -0.003391850 0.049154650 0.003857432 0.999992346 0.000904089 0.032247955 0.003389767 -0.000917226 0.999994025 2.634663065
0.999983885 -0.004287020 -0.003632697 0.063699245 0.004282571 0.999990799 -0.001232725 0.036089648 0.003638964 0.001217161 0.999992624 3.283344258
0.999976717 -0.005526176 -0.004017575 0.069070616 0.005510753 0.999977768 -0.003848862 0.039581441 0.004039162 0.003826672 0.999985169 3.949811780
0.999977697 -0.005197304 -0.004246366 0.074005435 0.005185000 0.999982229 -0.002900781 0.045179665 0.004261488 0.002878720 0.999986783 4.289733713
0.999975976 -0.005346819 -0.004423106 0.079585358 0.005344515 0.999986180 -0.000531722 0.057178280 0.004427666 0.000507963 0.999990171 4.956098163
0.999986676 -0.002745971 -0.004415926 0.085241251 0.002762337 0.999989466 0.003688695 0.072275737 0.004407054 -0.003700880 0.999983959 5.622425067
0.999986129 -0.002991044 -0.004397003 0.090124116 0.003005915 0.999990172 0.003382272 0.075754753 0.004388371 -0.003395407 0.999984408 5.962372676
0.999983655 -0.003194251 -0.004832244 0.099813875 0.003199098 0.999994202 0.000981649 0.079613942 0.004830093 -0.000997102 0.999988439 6.642305443
0.999989035 -0.002458724 -0.004071391 0.113827169 0.002454142 0.999996866 -0.001133850 0.084050449 0.004074999 0.001123856 0.999991542 7.335700911
0.999990207 -0.001663785 -0.003988862 0.114089234 0.001653935 0.999995565 -0.002466497 0.085960035 0.003994145 0.002459833 0.999989380 7.684558581
0.999992413 0.000779577 -0.003913459 0.132718916 -0.000793632 0.999993487 -0.003596304 0.091786039 0.003911826 0.003599363 0.999986405 8.369046168
0.999989856 -0.000076812 -0.004574476 0.142489547 0.000058191 0.999992366 -0.004086053 0.098943995 0.004575724 0.004085797 0.999981035 9.048938966
0.999988060 -0.000365542 -0.004805198 0.142749897 0.000339247 0.999985306 -0.005480114 0.100783608 0.004807485 0.005478408 0.999973222 9.397797484
0.999986627 -0.000676291 -0.005091405 0.156827399 0.000645393 0.999981986 -0.006065175 0.107839136 0.005096190 0.006061804 0.999968576 10.091161219
0.999986395 -0.001141789 -0.005122201 0.161921602 0.001128551 0.999996216 -0.002584737 0.122291870 0.005126869 0.002578977 0.999983617 10.802217415
0.999986187 -0.001335434 -0.005076857 0.171226519 0.001334139 0.999999609 -0.000244728 0.130366702 0.005077798 0.000237938 0.999987326 11.155579037
0.999982301 -0.001361029 -0.005728048 0.176644454 0.001387463 0.999988505 0.004602961 0.146891144 0.005722515 -0.004610831 0.999973096 11.844249392
0.999984856 -0.000708052 -0.005422786 0.190492084 0.000734584 0.999988137 0.004884773 0.155703534 0.005419340 -0.004888641 0.999973681 12.559952581
0.999983898 0.000087817 -0.005679573 0.186133841 -0.000073429 0.999997106 0.002538541 0.156063684 0.005680726 -0.002538081 0.999980503 12.917720069
0.999977617 0.000879493 -0.006628588 0.190817802 -0.000904034 0.999993488 -0.003713087 0.153782668 0.006626219 0.003718993 0.999971633 13.628979017
0.999974259 0.001635844 -0.006959309 0.200179908 -0.001688652 0.999969906 -0.007584920 0.155410209 0.006947669 0.007596410 0.999947752 14.331299563
0.999971000 0.001645062 -0.007413305 0.200474322 -0.001705489 0.999965586 -0.008154306 0.158639302 0.007400933 0.008166721 0.999939572 14.680141246
0.999968389 0.001962441 -0.007760870 0.205424181 -0.002025263 0.999965168 -0.008098499 0.167204235 0.007746145 0.008113923 0.999936978 15.391268781
0.999973493 0.001867313 -0.007074440 0.214708848 -0.001920347 0.999970225 -0.007499774 0.176806314 0.007061013 0.007513194 0.999947114 16.115853446
0.999970865 0.001793935 -0.007389953 0.219324102 -0.001851838 0.999968108 -0.007837023 0.180502766 0.007376358 0.007850446 0.999942622 16.478159162
0.999971068 0.001225904 -0.007537167 0.223973755 -0.001290810 0.999962380 -0.008613305 0.187955632 0.007526842 0.008622737 0.999934400 17.211660912
0.999972322 0.000167482 -0.007490710 0.233246659 -0.000229690 0.999965455 -0.008302180 0.197077891 0.007489984 0.008303667 0.999938249 17.936251391
0.999972485 0.000243108 -0.007377007 0.237909455 -0.000298502 0.999971977 -0.007506794 0.202713619 0.007375889 0.007508776 0.999944494 18.298533610
0.999975394 0.000269929 -0.006995556 0.251634064 -0.000296588 0.999992567 -0.003811269 0.217641242 0.006994818 0.003813190 0.999968483 19.036523446
0.999978639 -0.000764716 -0.006427501 0.269673384 0.000764364 1.000000472 -0.000065358 0.232786318 0.006427960 0.000060398 0.999979308 19.787980343
0.999978279 -0.000754053 -0.006580434 0.274143070 0.000770410 0.999996513 0.002469057 0.241678347 0.006579508 -0.002474071 0.999975113 20.172583849
0.999980076 -0.001600872 -0.006068070 0.287817929 0.001630805 0.999986382 0.004931298 0.254576728 0.006060744 -0.004941069 0.999969894 20.910598271
0.999983536 0.000036041 -0.005721926 0.296778619 -0.000012086 0.999991315 0.004194283 0.262097103 0.005722899 -0.004194143 0.999975109 21.657568900
0.999981509 0.002029513 -0.005682545 0.296864729 -0.002001038 0.999985606 0.005019164 0.267962729 0.005693433 -0.005007648 0.999971604 22.028739378
0.999970574 0.003617082 -0.006756477 0.296741153 -0.003576814 0.999976469 0.005959045 0.278761847 0.006778723 -0.005934676 0.999960128 22.793452369
0.999970397 0.000649633 -0.007637105 0.305760169 -0.000599639 0.999978771 0.006552174 0.288661333 0.007642154 -0.006547425 0.999949889 23.540394171
0.999961485 -0.001028648 -0.008652242 0.305606850 0.001097664 0.999967514 0.007973373 0.295893966 0.008645258 -0.007982548 0.999930904 23.933908827
0.999959222 -0.000079782 -0.009022728 0.301029364 0.000129439 0.999985332 0.005499228 0.300797753 0.009023568 -0.005500207 0.999944222 24.685223551
0.999969393 0.001297944 -0.007748202 0.314229621 -0.001284054 0.999997506 0.001800476 0.307823663 0.007750825 -0.001790409 0.999968613 25.816911415
0.999961453 0.001339815 -0.008635640 0.318346012 -0.001330834 0.999998793 0.001033065 0.315791372 0.008637820 -0.001021500 0.999962650 26.595128409
0.999959129 0.001239188 -0.008973999 0.318236161 -0.001219013 0.999997454 0.002254750 0.327150281 0.008978126 -0.002243800 0.999957329 27.359834617
0.999958428 0.001221789 -0.008988415 0.322585518 -0.001204636 0.999997928 0.001920588 0.331134144 0.008990911 -0.001909627 0.999958172 27.744497591
0.999960821 0.000908857 -0.008800644 0.326663679 -0.000907065 1.000000287 0.000209381 0.337542435 0.008802520 -0.000201418 0.999961066 28.522733479
0.999962860 0.000116014 -0.008670277 0.335548643 -0.000136621 0.999997907 -0.002372800 0.341973964 0.008670877 0.002373824 0.999959323 29.269741533
0.999965720 -0.000534135 -0.008259919 0.344203155 0.000510606 0.999995707 -0.002862505 0.345785424 0.008262565 0.002858253 0.999962233 29.667876293
0.999965162 -0.001760480 -0.008101256 0.352990095 0.001748768 0.999997571 -0.001453216 0.357351805 0.008104513 0.001438949 0.999966316 30.437158639
0.999966553 -0.002720988 -0.007752577 0.370448610 0.002729909 0.999995571 0.001143844 0.371072448 0.007750186 -0.001164984 0.999969104 31.233354277
0.999965556 -0.003528067 -0.007537764 0.365737229 0.003550749 0.999989796 0.003000193 0.379294696 0.007527979 -0.003026930 0.999967414 31.635747987
0.999960088 -0.003970672 -0.007979454 0.378634986 0.004018553 0.999974273 0.005997453 0.393894995 0.007956865 -0.006029318 0.999950460 32.440824010
0.999964627 -0.004149446 -0.007289350 0.391468046 0.004203649 0.999964228 0.007437348 0.405856280 0.007258208 -0.007467716 0.999946176 33.245932009
0.999957780 -0.004892961 -0.007733320 0.391254440 0.004950517 0.999960460 0.007428724 0.410629831 0.007697481 -0.007466725 0.999942787 33.639476460
0.999960456 -0.005736787 -0.006804419 0.412905379 0.005785851 0.999957897 0.007199882 0.419579790 0.006763515 -0.007238965 0.999950870 34.449199597
0.999966577 -0.005418932 -0.006074433 0.421138961 0.005468109 0.999952143 0.008111107 0.430841320 0.006030860 -0.008144072 0.999948701 35.263207118
0.999969426 -0.005052789 -0.005960039 0.429844202 0.005105417 0.999948187 0.008855453 0.436722008 0.005916418 -0.008885637 0.999943063 35.661316807
0.999966374 -0.004831386 -0.006616703 0.442689270 0.004901479 0.999932471 0.010610831 0.449173110 0.006565679 -0.010642897 0.999921516 36.466418871
0.999969110 -0.005096137 -0.006017200 0.446362584 0.005167532 0.999916238 0.011909736 0.461334288 0.005956346 -0.011940454 0.999911194 37.289306536
0.999971768 -0.005212305 -0.005317183 0.455033515 0.005274829 0.999916268 0.011815043 0.465815498 0.005256395 -0.011842765 0.999916230 37.687433181
0.999978516 -0.004186742 -0.005061663 0.467745512 0.004239399 0.999936989 0.010430567 0.472838628 0.005018847 -0.010451805 0.999932425 38.492601012
0.999984268 -0.002710287 -0.004838636 0.480481280 0.002756813 0.999949739 0.009618940 0.480831395 0.004813224 -0.009632100 0.999942467 39.297757095
0.999986276 -0.002533064 -0.004532193 0.489153192 0.002576302 0.999951079 0.009564189 0.485352590 0.004508207 -0.009575752 0.999944111 39.695883255
0.999984724 -0.003130590 -0.004651939 0.501929642 0.003175442 0.999948284 0.009679849 0.495004737 0.004621967 -0.009694472 0.999942592 40.501019232
0.999988480 -0.002632926 -0.004115805 0.523630329 0.002676700 0.999940306 0.010655988 0.505983938 0.004088333 -0.010666917 0.999934626 41.310717782
0.999989428 -0.002234439 -0.004085429 0.527747365 0.002279904 0.999935832 0.011128900 0.511624700 0.004061511 -0.011138113 0.999929567 41.717721422
0.999989907 -0.002392689 -0.003844880 0.531630209 0.002435318 0.999935992 0.011105668 0.521199326 0.003819399 -0.011114862 0.999931377 42.518279686
0.999982124 -0.004129331 -0.004372873 0.548926490 0.004172275 0.999942543 0.009859224 0.528302442 0.004332701 -0.009877285 0.999942347 43.314555504
0.999978351 -0.004327390 -0.004910052 0.548722687 0.004376814 0.999939439 0.010100098 0.533475844 0.004866854 -0.010121404 0.999936541 43.708095110
0.999977401 -0.005032746 -0.004457531 0.557201089 0.005079301 0.999931941 0.010493794 0.543590285 0.004404584 -0.010516158 0.999934807 44.499755789
0.999975351 -0.006050790 -0.003656661 0.570277008 0.006091948 0.999917445 0.011356123 0.554324510 0.003588680 -0.011378108 0.999928721 45.282517915
0.999974716 -0.006462731 -0.002800637 0.574667537 0.006495847 0.999907179 0.011967580 0.559987746 0.002724436 -0.011985550 0.999924616 45.667160541
0.999978528 -0.006175064 -0.002263460 0.592280443 0.006201687 0.999909677 0.011926684 0.568872677 0.002191396 -0.011940425 0.999926598 46.441054029
0.999977361 -0.006324927 -0.002296126 0.600745121 0.006352129 0.999908240 0.012017643 0.578427328 0.002220825 -0.012031960 0.999925528 47.232721491
0.999980212 -0.005902664 -0.002203696 0.609427080 0.005929232 0.999908565 0.012211218 0.583358370 0.002132625 -0.012224054 0.999923332 47.630842686
0.999991385 -0.003983238 -0.001404625 0.622435607 0.003999169 0.999925546 0.011556955 0.591343622 0.001359206 -0.011562475 0.999932465 48.413638119
0.999986818 -0.005129101 -0.000164443 0.635733310 0.005130638 0.999923087 0.011358571 0.599991109 0.000107042 -0.011359289 0.999935825 49.174064787
0.999980548 -0.006177789 0.000378195 0.644430464 0.006172826 0.999910652 0.011867960 0.605541920 -0.000450751 -0.011865461 0.999929255 49.572178472
0.999983542 -0.005786054 0.000614098 0.653377675 0.005779080 0.999925047 0.010796739 0.612512500 -0.000675731 -0.010792961 0.999942224 50.319155762
0.999979574 -0.006038185 0.002163273 0.666670477 0.006015202 0.999926945 0.010499200 0.620960062 -0.002224955 -0.010485977 0.999942889 51.079584853
0.999974665 -0.006550469 0.002761915 0.679904862 0.006522330 0.999928635 0.010080133 0.624671575 -0.002826188 -0.010061947 0.999945376 51.468829779
0.999961470 -0.007885898 0.003898443 0.702023141 0.007853284 0.999935142 0.008294909 0.630417695 -0.003962848 -0.008263938 0.999958246 52.233870253
0.999934109 -0.010113270 0.005391040 0.733134031 0.010064811 0.999910011 0.008955112 0.640279828 -0.005479610 -0.008900277 0.999945459 53.003439509
0.999911118 -0.011912111 0.005995244 0.746443897 0.011850133 0.999877258 0.010278712 0.647070191 -0.006116151 -0.010206812 0.999929072 53.392647131
0.999857366 -0.015199230 0.007376799 0.768595752 0.015083681 0.999766336 0.015475295 0.665319159 -0.007608783 -0.015361807 0.999853755 54.179896857
0.999869049 -0.013528086 0.008901258 0.786368196 0.013355289 0.999726453 0.019191446 0.680711660 -0.009157598 -0.019070076 0.999776145 54.953711497
0.999878760 -0.012511321 0.009224011 0.799588368 0.012339198 0.999752995 0.018488458 0.683843390 -0.009452603 -0.018372442 0.999786473 55.342963448
0.999876072 -0.012116902 0.010105458 0.825816727 0.011994779 0.999855344 0.012057128 0.681460080 -0.010249886 -0.011934405 0.999876321 56.121572118
0.999858991 -0.013214157 0.010366290 0.856276477 0.013176666 0.999906880 0.003680826 0.675895493 -0.010412804 -0.003543719 0.999939974 56.913689028
0.999875619 -0.011332523 0.011007185 0.864879770 0.011310702 0.999934535 0.002037221 0.677617734 -0.011028616 -0.001912484 0.999937136 57.311849102
0.999922242 -0.003218025 0.012071985 0.881976078 0.003187494 0.999991491 0.002546085 0.687697255 -0.012079460 -0.002507412 0.999923818 58.130449597
0.999904596 -0.000943089 0.013761299 0.903705684 0.000885060 0.999991123 0.004222170 0.699856015 -0.013764182 -0.004209598 0.999897189 58.940133855
0.999888777 -0.001042212 0.014864396 0.921248165 0.000986825 0.999992518 0.003732085 0.703515082 -0.014867284 -0.003717044 0.999883304 59.342849113
0.999879305 -0.000189766 0.015541151 0.956104480 0.000132282 0.999993829 0.003702928 0.712640059 -0.015540684 -0.003700471 0.999872489 60.170618478
0.999852484 0.001201925 0.017137995 0.986749012 -0.001304935 0.999981561 0.006003759 0.725746014 -0.017128904 -0.006025261 0.999835666 60.984869911
0.999843227 0.001226302 0.017672873 0.999767250 -0.001346287 0.999976569 0.006778061 0.731774180 -0.017662554 -0.006800805 0.999820797 61.396447509
0.999819359 0.001367153 0.018978170 1.026075749 -0.001527948 0.999963676 0.008460668 0.743793009 -0.018965299 -0.008488120 0.999784148 62.197242418
0.999831958 0.000445215 0.018340593 1.061205803 -0.000603275 0.999962669 0.008610623 0.752950455 -0.018334776 -0.008620251 0.999795272 63.002650649
0.999823778 0.000526342 0.018778937 1.074442148 -0.000681418 0.999965961 0.008255606 0.756741939 -0.018773580 -0.008266914 0.999790135 63.391894606
0.999826909 0.000987714 0.018584871 1.100658502 -0.001132860 0.999969023 0.007804046 0.765002172 -0.018575163 -0.007823752 0.999797006 64.192735056
0.999823403 0.001848511 0.018709214 1.131435123 -0.001979035 0.999973954 0.006960291 0.772362756 -0.018694417 -0.006996072 0.999800905 64.984695361
0.999822771 0.001422957 0.018768619 1.148969271 -0.001541332 0.999979516 0.006296965 0.775681950 -0.018758449 -0.006324741 0.999804028 65.387414737
0.999817292 0.001989387 0.019013387 1.175239049 -0.002124714 0.999972745 0.007101989 0.786121368 -0.018997727 -0.007141088 0.999794270 66.188228783
0.999838887 0.002029673 0.017833864 1.205817903 -0.002170654 0.999967234 0.007889778 0.796548325 -0.017816528 -0.007927216 0.999809813 67.002512676
0.999843004 0.001912380 0.017617477 1.223396409 -0.002058491 0.999963387 0.008282016 0.801676842 -0.017600046 -0.008316937 0.999811316 67.405210130
0.999837852 0.002190146 0.017889776 1.262856859 -0.002349529 0.999958094 0.008894328 0.811691502 -0.017868889 -0.008934881 0.999800251 68.224077671
0.999848920 0.002835520 0.017172440 1.284502897 -0.002983889 0.999958499 0.008619011 0.820441536 -0.017146580 -0.008668944 0.999815702 69.033803230
0.999842883 0.003366474 0.017402849 1.306360825 -0.003510794 0.999959594 0.008270053 0.824348044 -0.017374042 -0.008329860 0.999814724 69.449985186
0.999846492 0.003542385 0.017129954 1.327936529 -0.003650995 0.999973940 0.006315492 0.830229149 -0.017106575 -0.006377089 0.999833939 70.259745507
0.999876057 0.003178482 0.015392619 1.358436471 -0.003259503 0.999980998 0.005242882 0.837437308 -0.015375188 -0.005292427 0.999868162 71.074068400
0.999890266 0.002719465 0.014592777 1.375983363 -0.002791325 0.999984466 0.004904015 0.841276308 -0.014578408 -0.004944181 0.999882078 71.476781478
0.999900672 0.002471219 0.013854199 1.392868670 -0.002562219 0.999975572 0.006558532 0.853882403 -0.013837300 -0.006593328 0.999882723 72.317712101
0.999909569 0.002884196 0.013116216 1.423184324 -0.002981596 0.999968056 0.007412964 0.864706729 -0.013094426 -0.007451435 0.999886595 73.154351920
0.999918932 0.002258226 0.012549806 1.431594751 -0.002352071 0.999969814 0.007470585 0.869695267 -0.012531397 -0.007499521 0.999893897 73.574833159
0.999920923 0.002826861 0.012240403 1.457305780 -0.002920725 0.999966473 0.007662908 0.879609917 -0.012217036 -0.007698057 0.999896325 74.420375044
0.999915458 0.002807697 0.012692968 1.487611140 -0.002912361 0.999961967 0.008237553 0.890014400 -0.012668958 -0.008273833 0.999885637 75.257019950
0.999918338 0.002688250 0.012466622 1.504963451 -0.002807713 0.999950724 0.009574441 0.897049723 -0.012439425 -0.009608636 0.999876642 75.682055041
0.999924021 0.002868387 0.012018970 1.531016836 -0.003007208 0.999929278 0.011556822 0.909795797 -0.011983788 -0.011592103 0.999861475 76.505201880
0.999941640 0.002566303 0.010499720 1.552453834 -0.002698738 0.999916825 0.012625545 0.921152375 -0.010465760 -0.012653138 0.999865016 77.337256598
0.999949540 0.002234251 0.009782937 1.565471582 -0.002365350 0.999907516 0.013410341 0.927160549 -0.009751024 -0.013432800 0.999862399 77.748834438
0.999958624 0.001732423 0.008962691 1.586977688 -0.001876378 0.999869480 0.016085108 0.941336073 -0.008932646 -0.016101236 0.999830627 78.580855001
0.999968623 0.000571359 0.007925181 1.599579897 -0.000716743 0.999831461 0.018363319 0.955014234 -0.007913253 -0.018368394 0.999800295 79.408302938
0.999969761 0.000038335 0.007776345 1.612548386 -0.000178084 0.999838347 0.017969482 0.959013158 -0.007774110 -0.017970305 0.999808777 79.819905123
0.999981631 0.001016969 0.005984643 1.654918278 -0.001066419 0.999965997 0.008255761 0.961163995 -0.005975168 -0.008262013 0.999947785 81.484263699
0.999982657 0.000787122 0.005869799 1.672378906 -0.000821602 0.999982609 0.005865170 0.961484309 -0.005863690 -0.005869862 0.999965793 81.887019411
0.999985943 0.000510611 0.005359577 1.693775958 -0.000542528 0.999982162 0.005967992 0.971211495 -0.005355873 -0.005970834 0.999968283 82.719093871
0.999986253 0.000673482 0.005127562 1.710612007 -0.000706466 0.999979305 0.006451484 0.981808341 -0.005122144 -0.006455053 0.999966231 83.560048839
0.999988066 0.001106210 0.004730788 1.719107472 -0.001146603 0.999963383 0.008539518 0.990265583 -0.004719924 -0.008544852 0.999952148 83.980488050
0.999985528 0.001655113 0.005184701 1.736297151 -0.001712445 0.999937224 0.011070715 1.004153682 -0.005165133 -0.011079392 0.999925250 84.799042399
0.999986699 0.001850139 0.004751219 1.757708906 -0.001904862 0.999931884 0.011529454 1.014480644 -0.004728870 -0.011538328 0.999922448 85.631109592
0.999990127 0.001565379 0.004224377 1.766098258 -0.001612198 0.999937099 0.011099420 1.018609504 -0.004205565 -0.011106132 0.999929564 86.051601247
0.999990193 0.001068782 0.004277252 1.783095559 -0.001107548 0.999958595 0.009093696 1.024650533 -0.004266395 -0.009098299 0.999950160 86.870250674
0.999986201 0.000892647 0.005200831 1.804656804 -0.000927808 0.999977205 0.006758183 1.029941859 -0.005193200 -0.006762919 0.999963745 87.680018140
0.999983317 0.001371037 0.005513087 1.822183110 -0.001403574 0.999981660 0.005914973 1.032941172 -0.005503557 -0.005922655 0.999967638 88.082741392
0.999984908 0.002338174 0.004856101 1.830630143 -0.002365562 0.999981333 0.005632599 1.041776091 -0.004842152 -0.005644022 0.999972713 88.874417574
0.999984029 0.002347567 0.005181826 1.857162876 -0.002380372 0.999977441 0.006346767 1.051808144 -0.005166256 -0.006359018 0.999966387 89.652875815
0.999981568 0.002790933 0.005471271 1.865844591 -0.002826644 0.999975336 0.006528557 1.056729190 -0.005452375 -0.006543897 0.999963552 90.050997131
0.999979407 0.003048621 0.005614132 1.883257524 -0.003093741 0.999963533 0.008052688 1.068590528 -0.005588637 -0.008069932 0.999952156 90.847215296
0.999978247 0.003339556 0.005734717 1.900865038 -0.003384767 0.999963257 0.007897663 1.077255542 -0.005708042 -0.007916850 0.999952831 91.621111449
0.999974894 0.003411704 0.006162295 1.918694735 -0.003460476 0.999963100 0.007927906 1.081496874 -0.006134295 -0.007948999 0.999949495 92.001458911
0.999979442 0.003874613 0.005132894 1.923096383 -0.003913661 0.999963489 0.007620852 1.089966878 -0.005102558 -0.007640774 0.999958047 92.757309078
0.999980611 0.003443955 0.005182820 1.949628626 -0.003487041 0.999959522 0.008326275 1.099978938 -0.005153012 -0.008344189 0.999951677 93.535767561
0.999982750 0.003111318 0.004905293 1.954256133 -0.003151849 0.999961213 0.008284406 1.104175203 -0.004878938 -0.008299730 0.999953813 93.898067221
0.999979224 0.002420513 0.005961249 1.981287574 -0.002469152 0.999963447 0.008177569 1.112282939 -0.005939453 -0.008192091 0.999948924 94.631827296
0.999980588 0.001891713 0.005864655 1.999470992 -0.001944670 0.999958015 0.009038635 1.122172461 -0.005847096 -0.009049850 0.999942010 95.360987131
0.999980156 0.002422643 0.005867765 2.008677147 -0.002475638 0.999955973 0.009037964 1.126218798 -0.005845433 -0.009052271 0.999942502 95.714397563
0.999974276 0.003787948 0.006122917 2.017962058 -0.003847017 0.999945816 0.009664240 1.135830873 -0.006085672 -0.009687578 0.999934638 96.438982107
0.999971753 0.005010715 0.005669168 2.032650018 -0.005072593 0.999927108 0.010958240 1.145520383 -0.005613375 -0.010986674 0.999924362 97.087592447
0.999968417 0.005637408 0.005609472 2.046482118 -0.005705057 0.999910652 0.012118584 1.151346071 -0.005539817 -0.012150175 0.999911043 97.432090275
0.999963078 0.006112994 0.006034970 2.060421404 -0.006200211 0.999875534 0.014544778 1.163897065 -0.005944340 -0.014581636 0.999876611 98.147748166
0.999955424 0.006745050 0.006617380 2.074592520 -0.006851282 0.999846366 0.016160896 1.174771167 -0.006507081 -0.016205498 0.999847389 98.841065634
0.999947073 0.007440946 0.007107827 2.079518027 -0.007559883 0.999829784 0.016856202 1.179989533 -0.006981003 -0.016909033 0.999832971 99.180992170
0.999927421 0.008849178 0.008189794 2.103045432 -0.008987125 0.999815660 0.016969472 1.187547387 -0.008036999 -0.017041824 0.999822530 99.834206989
0.999878187 0.012101821 0.009882112 2.126517697 -0.012256940 0.999800642 0.015791546 1.192856082 -0.009688178 -0.015910757 0.999826430 100.487449059
0.999864047 0.012820960 0.010340677 2.131691209 -0.012986041 0.999786576 0.016062409 1.197057311 -0.010131946 -0.016194515 0.999817346 100.805027178
0.999851320 0.013060796 0.011265466 2.155289439 -0.013260303 0.999753155 0.017825531 1.207504086 -0.011029516 -0.017972232 0.999777405 101.458206994
0.999827173 0.014796479 0.011255729 2.174513650 -0.014999100 0.999723575 0.018139498 1.215314313 -0.010983181 -0.018305171 0.999772499 102.097949059
0.999800681 0.016669298 0.010984245 2.175369509 -0.016868187 0.999690874 0.018271572 1.219178134 -0.010674940 -0.018453188 0.999773443 102.402061569
0.999784616 0.017051001 0.011866250 2.195002243 -0.017235861 0.999729002 0.015653910 1.221385419 -0.011595544 -0.015855035 0.999807478 102.997150040
0.999738856 0.018853013 0.012898902 2.205740882 -0.019019132 0.999736937 0.012880708 1.223495190 -0.012652800 -0.013122666 0.999834054 103.587661040
0.999704759 0.020125878 0.013626231 2.224591766 -0.020288280 0.999723408 0.011886310 1.224857526 -0.013382626 -0.012159228 0.999837160 103.878600422
0.999720109 0.018738345 0.014421813 2.244233813 -0.018876072 0.999777665 0.009476070 1.227444669 -0.014239958 -0.009745637 0.999851938 104.473684290
0.999624308 0.022261858 0.015970932 2.255025386 -0.022390500 0.999718086 0.007921941 1.231713634 -0.015789807 -0.008276550 0.999840910 105.064169129
0.999523532 0.025914893 0.016773682 2.269394180 -0.026070846 0.999618743 0.009146657 1.237164427 -0.016530316 -0.009579581 0.999817826 105.363950018
0.999409847 0.029856344 0.016968900 2.280531296 -0.030020121 0.999504209 0.009480306 1.244394768 -0.016676786 -0.009984093 0.999811090 105.932038235
0.999397355 0.029452890 0.018357931 2.304956619 -0.029560923 0.999547170 0.005642146 1.244045506 -0.018181914 -0.006181398 0.999815763 106.495905897
0.999365121 0.030064312 0.019130169 2.319481273 -0.030151081 0.999536456 0.004263617 1.244720565 -0.018991708 -0.004837688 0.999807620 106.773383910
0.999352042 0.030393837 0.019266765 2.330557122 -0.030460353 0.999531508 0.003168902 1.249451840 -0.019160676 -0.003753711 0.999809412 107.341502406
0.999313953 0.031118644 0.020068328 2.346089576 -0.031108698 0.999516421 -0.000807951 1.249055046 -0.020083427 0.000183094 0.999798524 107.900791991
0.999197496 0.034135987 0.020951935 2.360633100 -0.034106329 0.999417001 -0.001771103 1.250499817 -0.020998535 0.001055149 0.999778950 108.178260679
0.999250964 0.032032859 0.021712671 2.380679506 -0.032021088 0.999487133 -0.000889496 1.258447440 -0.021729133 0.000193562 0.999764096 108.750918857
0.999291226 0.031018401 0.021307632 2.409910164 -0.031040835 0.999517886 0.000724145 1.267194795 -0.021274751 -0.001385002 0.999773245 109.305785256
0.999261304 0.031893876 0.021421767 2.410970652 -0.031887600 0.999491595 -0.000633900 1.268272139 -0.021430094 -0.000049643 0.999769985 109.587570788
0.999377566 0.027034001 0.022643848 2.444460881 -0.026890973 0.999616790 -0.006594559 1.263854428 -0.022812421 0.005981548 0.999722074 110.133705655
0.999341523 0.028691423 0.022222251 2.455413952 -0.028460533 0.999538760 -0.010635053 1.263577574 -0.022516508 0.009995561 0.999696073 110.701884831
0.999335674 0.029021400 0.022054326 2.465346234 -0.028753352 0.999510701 -0.012374973 1.263842770 -0.022402019 0.011732600 0.999680775 110.988258855
0.999319597 0.028507012 0.023411106 2.485556343 -0.028184694 0.999505480 -0.013985161 1.267334539 -0.023798070 0.013315771 0.999628345 111.538610281
0.999247685 0.029701250 0.024928449 2.519309773 -0.029365777 0.999475045 -0.013714946 1.273652818 -0.025322467 0.012972586 0.999595197 112.084615067
0.999237341 0.029639512 0.025437327 2.529366060 -0.029329056 0.999491605 -0.012493019 1.278976125 -0.025794478 0.011737467 0.999598617 112.370927805
0.999254235 0.030227254 0.024021352 2.540866609 -0.030000090 0.999502466 -0.009762308 1.289897570 -0.024303218 0.009034350 0.999663723 112.916610559
0.999170809 0.032311620 0.024764536 2.565530627 -0.032123842 0.999452425 -0.007942266 1.299284670 -0.025006926 0.007140194 0.999661616 113.480360251
0.999149154 0.032685595 0.025141735 2.571198191 -0.032478837 0.999435833 -0.008589831 1.301371653 -0.025407567 0.007765990 0.999646858 113.753242505
0.999224304 0.029236504 0.026377853 2.609108756 -0.028929067 0.999509880 -0.011964190 1.301479785 -0.026713389 0.011191860 0.999580441 114.312792232
0.999283399 0.026612645 0.026924716 2.628992192 -0.026215481 0.999544591 -0.014995994 1.302779891 -0.027310376 0.014279388 0.999525274 114.885530954
0.999312662 0.025125651 0.027239775 2.643552626 -0.024709305 0.999574714 -0.015513905 1.304914405 -0.027617212 0.014830162 0.999509062 115.162991284
0.999231053 0.026436062 0.028966180 2.672433820 -0.025981859 0.999535848 -0.015946948 1.310540444 -0.029372727 0.015182107 0.999453583 115.740256243
0.999169295 0.028237240 0.029398564 2.697000792 -0.027762160 0.999479921 -0.016444078 1.315969023 -0.029846511 0.015614265 0.999433142 116.304053898
0.999220952 0.026579591 0.029169561 2.707035023 -0.026129174 0.999535426 -0.015716673 1.320392666 -0.029572296 0.014942245 0.999451357 116.590377537
0.999304418 0.023236653 0.029157411 2.736060317 -0.022876270 0.999659228 -0.012631795 1.331896510 -0.029439909 0.011956026 0.999494787 117.167571279
0.999390789 0.018856491 0.029354263 2.765010130 -0.018529269 0.999763942 -0.011378334 1.340321503 -0.029560358 0.010827500 0.999504389 117.744802325
0.999398051 0.018028886 0.029623533 2.779328930 -0.017700464 0.999779647 -0.011310593 1.343733058 -0.029820138 0.010779421 0.999497361 118.044607922
0.999368949 0.018753520 0.030183488 2.803599373 -0.018382390 0.999753223 -0.012526452 1.348199515 -0.030410036 0.011963710 0.999465888 118.630777976
0.999321660 0.020001503 0.030928021 2.836731807 -0.019564633 0.999705243 -0.014363755 1.351453973 -0.031205059 0.013748906 0.999418827 119.221541366
0.999301844 0.021163694 0.030790878 2.846425396 -0.020695544 0.999666440 -0.015444848 1.353116166 -0.031106279 0.014796882 0.999406456 119.530259204
0.999298651 0.021581727 0.030593056 2.883888717 -0.021075383 0.999637221 -0.016777479 1.357247830 -0.030943267 0.016120941 0.999391563 120.134481662
0.999328254 0.019117003 0.031254108 2.916782950 -0.018764154 0.999758035 -0.011543875 1.373052636 -0.031466731 0.010949642 0.999444972 120.769814470
0.999378404 0.016235763 0.031295714 2.939840719 -0.015971785 0.999834893 -0.008665881 1.381367426 -0.031430112 0.008160589 0.999472823 121.096500051
0.999356607 0.015875588 0.032161090 2.972693289 -0.015534352 0.999820939 -0.010832388 1.384339508 -0.032326333 0.010325840 0.999424130 121.709627603
0.999333723 0.015955608 0.032834970 3.014198318 -0.015348384 0.999708650 -0.018662199 1.377552785 -0.033122388 0.018145818 0.999286433 122.327452048
0.999320823 0.015540965 0.033399953 3.037276916 -0.014820967 0.999654628 -0.021696943 1.375583899 -0.033724862 0.021187215 0.999206918 122.631901489
0.999277560 0.017351313 0.033820716 3.060907000 -0.016268785 0.999355450 -0.032023250 1.365063471 -0.034353732 0.031449899 0.998915142 123.240613869
0.999279764 0.017104761 0.033868409 3.093861028 -0.016030726 0.999368074 -0.031733123 1.372174007 -0.034388864 0.031167258 0.998922397 123.853691278
0.999269332 0.016915290 0.034272561 3.121625370 -0.016040480 0.999542978 -0.025642100 1.385556920 -0.034689886 0.025073609 0.999083321 124.171424408
0.999253862 0.016524080 0.034903594 3.159170547 -0.016107993 0.999796438 -0.012168598 1.415294055 -0.035096705 0.011597331 0.999316811 124.820058104
0.999301732 0.016314717 0.033624446 3.192076788 -0.016101010 0.999848645 -0.006616309 1.431588678 -0.033726651 0.006070258 0.999412943 125.455384977
0.999294646 0.016969857 0.033507603 3.206089746 -0.016728028 0.999832850 -0.007483703 1.433658252 -0.033628157 0.006917883 0.999410238 125.777567575
0.999247053 0.018880438 0.033893829 3.243241833 -0.018554662 0.999779422 -0.009900082 1.436228017 -0.034072124 0.009263796 0.999376385 126.404169698
0.999202470 0.019012598 0.035126077 3.275862816 -0.018628022 0.999763123 -0.011243670 1.440886987 -0.035330837 0.010580399 0.999319612 127.039637552
0.999193610 0.019189765 0.035281813 3.289904937 -0.018797041 0.999757913 -0.011429047 1.444146116 -0.035492102 0.010756587 0.999312137 127.361805738
0.999236870 0.017190572 0.035060184 3.331582250 -0.016895279 0.999819783 -0.008701265 1.455520126 -0.035202984 0.008102359 0.999347663 128.001770882
0.999211563 0.018188883 0.035299308 3.368741936 -0.018038647 0.999826784 -0.004570254 1.469533135 -0.035375613 0.003929908 0.999366344 128.650595096
0.999176741 0.019492511 0.035569664 3.387142391 -0.019376148 0.999805606 -0.003612893 1.474789052 -0.035632720 0.002920757 0.999360367 128.986208784
0.999160294 0.019388744 0.036086721 3.428750105 -0.019308229 0.999810541 -0.002578456 1.483324123 -0.036128897 0.001879620 0.999345636 129.626208326
0.999196892 0.018332576 0.035629146 3.465705161 -0.018225775 0.999828980 -0.003320045 1.488990250 -0.035683431 0.002668057 0.999360125 130.275133674
0.999198855 0.018639079 0.035405460 3.484026704 -0.018500520 0.999820478 -0.004235754 1.491027369 -0.035476486 0.003577303 0.999364352 130.610786362
0.999133733 0.020904905 0.035980971 3.520699689 -0.020724503 0.999770676 -0.005379805 1.496321153 -0.036083909 0.004629519 0.999337987 131.282076961
0.999114927 0.021327382 0.036251756 3.557396691 -0.021125220 0.999758979 -0.005950511 1.502594570 -0.036369445 0.005179476 0.999325033 131.953355691
0.999117835 0.021344962 0.036162521 3.575742006 -0.021130306 0.999756884 -0.006307244 1.505601328 -0.036287942 0.005537575 0.999326161 132.288996631
0.999158465 0.020937888 0.035274757 3.607948339 -0.020781719 0.999772861 -0.004788026 1.515613333 -0.035365468 0.004050952 0.999366965 132.969121107
0.999149309 0.020732473 0.035652168 3.653674468 -0.020674678 0.999784971 -0.001988480 1.527492206 -0.035684473 0.001249673 0.999362663 133.644910572
0.999143094 0.020929118 0.035716352 3.667506813 -0.020913060 0.999780932 -0.000823420 1.533327891 -0.035724528 0.000075772 0.999362389 133.989408280
0.999157649 0.020645958 0.035463331 3.699717803 -0.020686835 0.999785555 0.000786288 1.543529825 -0.035439114 -0.001519234 0.999371160 134.669530455
0.999156423 0.020628382 0.035505453 3.741012323 -0.020666775 0.999786846 0.000715014 1.550423027 -0.035481869 -0.001448212 0.999369862 135.331910631
0.999146131 0.021491474 0.035287289 3.755044886 -0.021516213 0.999769144 0.000321406 1.553292302 -0.035271517 -0.001080292 0.999377516 135.654083540
0.999174463 0.020552459 0.035030011 3.787486236 -0.020602770 0.999787472 0.001076997 1.561757367 -0.034999386 -0.001797841 0.999386100 136.311866019
0.999142704 0.021619261 0.035301990 3.842637363 -0.021729414 0.999760642 0.002740293 1.575475884 -0.035233130 -0.003505015 0.999373620 137.318731912
0.999119121 0.023328728 0.034875677 3.875044159 -0.023436189 0.999721904 0.002675978 1.582531476 -0.034802525 -0.003490946 0.999388576 137.976531469
0.999067834 0.024515026 0.035535845 3.911995294 -0.024594954 0.999696567 0.001814089 1.588037662 -0.035479805 -0.002686381 0.999367321 138.625458754
0.999130905 0.022198859 0.035296448 3.930553325 -0.022219833 0.999752950 0.000201434 1.588587820 -0.035282201 -0.000985537 0.999377325 138.938768718
