1.000000000 -0.000000000 -0.000000000 0.000000000 0.000000000 1.000000000 0.000000000 0.000000000 -0.000000000 0.000000000 1.000000000 0.000000000
0.999997724 0.000233328 -0.002333507 0.005961275 -0.000237128 0.999999041 -0.001631861 0.006231341 0.002333380 0.001632440 0.999995904 0.586628728
0.999993649 -0.000409029 -0.003536240 0.010889601 0.000401791 0.999997942 -0.002060194 0.010107039 0.003537753 0.002058812 0.999991369 0.886730660
0.999981926 -0.001373990 -0.005962079 0.012978163 0.001362736 0.999997238 -0.001893958 0.019217741 0.005965194 0.001885846 0.999979696 1.459716215
0.999956276 -0.003960443 -0.008505330 0.019927322 0.003952013 0.999991465 -0.001008001 0.029418083 0.008510642 0.000974418 0.999962848 2.023941080
0.999934771 -0.004467634 -0.010544535 0.025827410 0.004460115 0.999989670 -0.000736349 0.034133198 0.010548562 0.000689371 0.999944299 2.301687548
0.999877630 -0.004268987 -0.015052386 0.015287648 0.004265915 0.999990642 -0.000235970 0.043583556 0.015052861 0.000171730 0.999885728 2.856214404
0.999780508 -0.002728069 -0.020767511 -0.000104830 0.002737900 0.999996285 0.000445480 0.053474071 0.020766305 -0.000502197 0.999783766 3.419478293
0.999723078 -0.002026061 -0.023451528 -0.007795868 0.002058668 0.999997573 0.001365897 0.059429194 0.023448955 -0.001413787 0.999723582 3.701094619
0.999603915 -0.001416083 -0.028127320 -0.022223537 0.001471312 0.999997618 0.001943182 0.068809304 0.028125070 -0.001983729 0.999602374 4.242023919
0.999441230 -0.002832669 -0.033310275 -0.041519838 0.002863333 0.999995625 0.000872898 0.075539981 0.033308161 -0.000967758 0.999444797 4.791738033
0.999361889 -0.003680907 -0.035517418 -0.048257706 0.003696526 0.999993154 0.000373626 0.078725001 0.035516212 -0.000504682 0.999368854 5.051054718
0.999148814 -0.004801735 -0.040983337 -0.066575292 0.004838159 0.999988472 0.000789198 0.087644915 0.040979065 -0.000986750 0.999159617 5.578392492
0.998962618 -0.004903374 -0.045270195 -0.093632676 0.004977484 0.999986219 0.001524598 0.097094718 0.045262587 -0.001748302 0.998973502 6.100867268
0.998853087 -0.005094406 -0.047616817 -0.105217595 0.005187741 0.999985049 0.001836726 0.101819748 0.047607144 -0.002081558 0.998863579 6.368903976
0.998617328 -0.005425053 -0.052279751 -0.127419792 0.005573228 0.999980913 0.002688928 0.111309330 0.052264747 -0.002976538 0.998628931 6.882634298
0.998354308 -0.006377083 -0.056997457 -0.149616786 0.006623102 0.999969276 0.004128148 0.121808779 0.056969396 -0.004498775 0.998365694 7.396349001
0.998222819 -0.006992115 -0.059185859 -0.165089663 0.007270932 0.999963946 0.004496566 0.126453562 0.059153031 -0.004918917 0.998236209 7.650788307
0.997930612 -0.008271001 -0.063764422 -0.191197691 0.008504038 0.999957999 0.003383507 0.132393359 0.063734011 -0.003918726 0.997958590 8.150974885
0.997670501 -0.007718585 -0.067776868 -0.221193265 0.007898784 0.999966580 0.002391394 0.138332899 0.067755616 -0.002921155 0.997696832 8.637562824
0.997527500 -0.007477127 -0.069873350 -0.245413359 0.007653640 0.999968404 0.002258354 0.142067761 0.069854271 -0.002787448 0.997553222 8.887161398
0.997255674 -0.007208060 -0.073684260 -0.279287775 0.007401951 0.999970324 0.002358142 0.149696821 0.073666126 -0.002897066 0.997278121 9.360124565
0.997021895 -0.006881698 -0.076807916 -0.313162037 0.007092215 0.999971964 0.002468300 0.157355876 0.076789757 -0.003005635 0.997042418 9.833087269
0.996896030 -0.007416548 -0.078375550 -0.327673299 0.007627058 0.999968165 0.002386377 0.160870338 0.078356257 -0.002976766 0.996920421 10.065201573
0.996637295 -0.008806280 -0.081472530 -0.365436549 0.009034591 0.999956462 0.002433795 0.168249174 0.081448287 -0.003161646 0.996672081 10.524569968
0.996413613 -0.008964238 -0.084143499 -0.403195371 0.009248488 0.999953080 0.002988869 0.176487895 0.084113767 -0.003756314 0.996448520 10.983925064
0.996325540 -0.008814741 -0.085194930 -0.417703748 0.009123651 0.999953508 0.003236831 0.180562283 0.085163085 -0.004002201 0.996358884 11.216030709
0.996169446 -0.008191982 -0.087062926 -0.451582079 0.008475338 0.999960333 0.002885327 0.187431443 0.087036493 -0.003612115 0.996198584 11.689005628
0.996089927 -0.007580559 -0.088020523 -0.484495446 0.007827153 0.999966559 0.002455911 0.193820196 0.087999481 -0.003135194 0.996115126 12.139645496
0.996050868 -0.007588287 -0.088463823 -0.503862772 0.007809638 0.999967192 0.002155864 0.197124900 0.088444858 -0.002838171 0.996076941 12.380506883
0.995986861 -0.008629652 -0.089082846 -0.532883030 0.008863526 0.999958884 0.002230301 0.204593766 0.089060377 -0.003010869 0.996021257 12.844728689
0.996013821 -0.009695305 -0.088678513 -0.566762649 0.009886491 0.999949934 0.001716725 0.211212959 0.088657350 -0.002586499 0.996058433 13.317707474
0.996015036 -0.010393170 -0.088576849 -0.577385437 0.010577912 0.999943146 0.001616029 0.214907654 0.088556123 -0.002546512 0.996067541 13.563417634
0.996190256 -0.010650136 -0.086553892 -0.606405952 0.010833931 0.999939864 0.001654263 0.222326527 0.086531216 -0.002585617 0.996245275 14.027640213
0.996419353 -0.009821066 -0.083980494 -0.631540878 0.009971424 0.999949497 0.001371580 0.229365706 0.083962996 -0.002203995 0.996465717 14.505467307
0.996550674 -0.009219733 -0.082477371 -0.650909853 0.009324507 0.999955955 0.000884827 0.232350453 0.082465643 -0.001650771 0.996592056 14.746333643
0.996895675 -0.008797769 -0.078235014 -0.676054204 0.008787061 0.999961090 -0.000480713 0.237559876 0.078236419 -0.000208154 0.996934317 15.224189034
0.997397577 -0.008857346 -0.071553901 -0.692452782 0.008771905 0.999960179 -0.001508721 0.243399257 0.071564551 0.000877140 0.997434910 15.706889486
0.997661866 -0.009292399 -0.067710281 -0.694330672 0.009220950 0.999956298 -0.001367551 0.247553933 0.067719727 0.000739954 0.997703167 15.957447336
0.998188858 -0.010053090 -0.059312372 -0.701980745 0.009966760 0.999948659 -0.001751001 0.254553202 0.059327293 0.001156674 0.998236976 16.444984654
0.998732793 -0.010175939 -0.049292370 -0.705753368 0.010020889 0.999944162 -0.003392658 0.259592988 0.049324476 0.002894433 0.998778273 16.946150918
0.998968343 -0.010364719 -0.044213414 -0.698896042 0.010192890 0.999939900 -0.004110189 0.262327894 0.044253858 0.003655333 0.999012676 17.201585529
0.999376081 -0.010026332 -0.033872340 -0.694881158 0.009877185 0.999941047 -0.004567585 0.269777874 0.033915638 0.004230232 0.999415416 17.729911805
0.999658827 -0.011055355 -0.023666421 -0.686013506 0.010935241 0.999927313 -0.005200038 0.276797696 0.023721927 0.004939521 0.999706272 18.249500893
0.999749584 -0.012310390 -0.018697608 -0.674301868 0.012201759 0.999908271 -0.005912562 0.279402405 0.018769347 0.005682987 0.999807349 18.496193678
0.999855115 -0.013952751 -0.009743650 -0.651840207 0.013886139 0.999879977 -0.006870137 0.285742144 0.009838531 0.006733880 0.999928308 19.011904250
0.999897763 -0.014144633 -0.001835714 -0.634211072 0.014134675 0.999886058 -0.005343612 0.296441520 0.001911537 0.005317123 0.999983431 19.536291237
0.999901362 -0.013929655 0.001789716 -0.623450645 0.013937358 0.999893003 -0.004390477 0.302196283 -0.001727586 0.004415025 0.999988662 19.805277787
0.999887967 -0.012758075 0.007902095 -0.597086191 0.012787443 0.999912075 -0.003674379 0.311495886 -0.007853722 0.003775077 0.999961865 20.334541226
0.999813177 -0.014582128 0.012719372 -0.575566728 0.014608105 0.999891167 -0.001953455 0.322735447 -0.012688741 0.002138961 0.999917038 20.872518501
0.999769153 -0.015444170 0.014952400 -0.565766423 0.015451662 0.999881072 -0.000385993 0.329910493 -0.014944547 0.000617017 0.999888253 21.163825568
0.999641202 -0.018899990 0.019001552 -0.532573658 0.018861967 0.999820173 0.002179586 0.343220549 -0.019038574 -0.001820398 0.999816667 21.742566751
0.999657407 -0.015054387 0.021441473 -0.513978547 0.015038952 0.999886841 0.000884306 0.350182092 -0.021452259 -0.000561500 0.999768764 22.347637633
0.999654520 -0.013289105 0.022677385 -0.500305323 0.013276178 0.999911935 0.000721703 0.354517771 -0.022684518 -0.000420338 0.999741922 22.652587254
0.999607704 -0.012806819 0.024910798 -0.477781100 0.012711864 0.999911533 0.003966797 0.369548500 -0.024959545 -0.003648533 0.999681463 23.271131986
0.999567830 -0.012186951 0.026740660 -0.441664156 0.012010611 0.999905462 0.006745451 0.383649179 -0.026819805 -0.006421335 0.999619381 23.885802066
0.999561482 -0.013725474 0.026224060 -0.432849005 0.013569610 0.999889732 0.006110700 0.387385153 -0.026305075 -0.005752185 0.999637001 24.199504801
0.999462167 -0.019945655 0.026030238 -0.397715154 0.019774483 0.999781299 0.006817553 0.398446707 -0.026160483 -0.006299054 0.999637679 24.836564364
0.999339404 -0.026320402 0.025068269 -0.362598660 0.026189451 0.999642124 0.005535913 0.406138708 -0.025204517 -0.004875679 0.999670369 25.473676038
0.999401463 -0.026172277 0.022618303 -0.358659094 0.026122238 0.999656152 0.002506822 0.405875427 -0.022674934 -0.001914498 0.999740462 25.796184462
0.999772921 -0.019639089 0.008343430 -0.355474421 0.019688815 0.999789204 -0.005921077 0.412333147 -0.008224831 0.006083999 0.999947246 27.170617123
0.999769647 -0.020955694 0.004660793 -0.352474940 0.020983919 0.999761461 -0.006083277 0.417379632 -0.004531286 0.006179686 0.999970111 27.515385912
0.999759994 -0.021623246 -0.003702720 -0.364922912 0.021601135 0.999749376 -0.005903999 0.428552847 0.003829448 0.005822594 0.999975082 28.217539657
0.999703894 -0.022203113 -0.009967613 -0.368604558 0.022173825 0.999749923 -0.003041310 0.444345490 0.010032817 0.002819420 0.999945410 28.924476765
0.999658785 -0.022553649 -0.013150685 -0.375301652 0.022531117 0.999744277 -0.001858489 0.451992060 0.013189507 0.001561534 0.999911019 29.286693021
0.999563450 -0.022086251 -0.019649978 -0.393577759 0.022039062 0.999753470 -0.002616490 0.462056108 0.019702908 0.002182301 0.999802663 30.019950240
0.999468929 -0.020227241 -0.025546776 -0.417669073 0.020161575 0.999792891 -0.002827617 0.473520656 0.025599231 0.002311069 0.999668796 30.784272122
0.999421244 -0.019927749 -0.027572613 -0.420490569 0.019849576 0.999798186 -0.003108249 0.478847790 0.027629635 0.002559193 0.999615168 31.160122891
0.999377810 -0.019238513 -0.029563477 -0.434870425 0.019157817 0.999811835 -0.003010766 0.490601870 0.029615591 0.002442560 0.999558016 31.906952617
0.999312042 -0.018735245 -0.032017962 -0.458961791 0.018639892 0.999820843 -0.003274348 0.502056419 0.032073298 0.002675304 0.999481113 32.671274653
0.999258690 -0.017913367 -0.034092968 -0.466645223 0.017772723 0.999832256 -0.004425542 0.506033947 0.034166783 0.003816395 0.999408127 33.055890133
0.999215363 -0.015694868 -0.036364540 -0.487852171 0.015375121 0.999841110 -0.009056882 0.510560143 0.036500944 0.008490666 0.999296627 33.856260442
0.999128150 -0.014642778 -0.039097512 -0.512939301 0.014153145 0.999818137 -0.012770213 0.516515893 0.039277672 0.012205838 0.999153464 34.643010001
0.999070022 -0.013833307 -0.040844588 -0.534207059 0.013332634 0.999832984 -0.012504211 0.523053254 0.041010728 0.011948090 0.999086747 35.031474928
0.999021392 -0.011080679 -0.042822289 -0.560195491 0.010711814 0.999903458 -0.008835505 0.541847772 0.042917039 0.008368148 0.999043530 35.840368413
0.998887211 -0.011263436 -0.045803087 -0.587123700 0.011171143 0.999935153 -0.002269867 0.566012049 0.045825632 0.001755659 0.998947316 36.671521335
0.998833270 -0.011453614 -0.046912523 -0.600610648 0.011391408 0.999934329 -0.001593230 0.573659776 0.046928763 0.001057025 0.998897694 37.087166375
0.998722462 -0.011303637 -0.049258993 -0.632474034 0.011107861 0.999929350 -0.004247663 0.582256333 0.049303396 0.003695148 0.998777012 37.927303895
0.998454303 -0.014768872 -0.053583227 -0.664300749 0.014641342 0.999888730 -0.002772668 0.597971945 0.053618769 0.001983826 0.998558876 38.767331317
0.998352749 -0.016062593 -0.055078787 -0.687489111 0.016013744 0.999870589 -0.001328778 0.607279881 0.055093045 0.000444591 0.998480972 39.200438360
0.998031521 -0.016467561 -0.060524337 -0.720270745 0.016582770 0.999861631 0.001402749 0.625425643 0.060492605 -0.002403629 0.998165101 40.062770681
0.997726286 -0.017538822 -0.065069617 -0.771509715 0.017797208 0.999836053 0.003393427 0.642631916 0.065000342 -0.004543680 0.997874254 40.937750406
0.997629291 -0.018249486 -0.066354274 -0.794710851 0.018515305 0.999822634 0.003392942 0.649460181 0.066280935 -0.004613409 0.997790073 41.370895798
0.997494628 -0.018486003 -0.068282281 -0.832370336 0.018763115 0.999818624 0.003420154 0.663166746 0.068207020 -0.004692738 0.997659291 42.242040611
0.997386308 -0.019306828 -0.069624540 -0.874873421 0.019676316 0.999795892 0.004625526 0.679083233 0.069521221 -0.005983357 0.997562209 43.121895087
0.997327056 -0.019764316 -0.070339590 -0.889321984 0.020217971 0.999779204 0.005743291 0.687861281 0.070211686 -0.007150113 0.997506151 43.559865128
0.997271045 -0.020000437 -0.071064034 -0.941526948 0.020597448 0.999758961 0.007676918 0.705347988 0.070893195 -0.009119704 0.997441364 44.457182998
0.997088402 -0.019296451 -0.073771953 -0.993738143 0.020009595 0.999759695 0.008939787 0.721624856 0.073582429 -0.010389855 0.997234649 45.354519578
0.996993894 -0.019249640 -0.075048093 -1.021787875 0.020023729 0.999754266 0.009574756 0.729693171 0.074846416 -0.011048665 0.997133257 45.796389631
0.996683603 -0.020112237 -0.078847469 -1.077882445 0.021074046 0.999713376 0.011386052 0.746779675 0.078595891 -0.013009872 0.996820613 46.680115047
0.996440994 -0.020770731 -0.081694263 -1.142725159 0.021869574 0.999681498 0.012578633 0.762776282 0.081407223 -0.014320459 0.996578107 47.559002516
0.996308362 -0.021191358 -0.083195458 -1.165923668 0.022337836 0.999668023 0.012874315 0.770114479 0.082895683 -0.014685120 0.996449476 47.992140021
0.995828275 -0.022011833 -0.088552858 -1.235633468 0.023218923 0.999651132 0.012624530 0.783761612 0.088243636 -0.014627922 0.995991234 48.879807664
0.995336061 -0.023583703 -0.093536790 -1.314081934 0.024888700 0.999608277 0.012808904 0.798158603 0.093198606 -0.015077078 0.995533373 49.762608906
0.995033064 -0.024348703 -0.096519945 -1.359629601 0.025626902 0.999599076 0.012025680 0.803727165 0.096189092 -0.014439416 0.995258216 50.194808012
0.994355519 -0.025985992 -0.102872399 -1.450721071 0.027248394 0.999570075 0.010884901 0.815614190 0.102545229 -0.013626502 0.994634391 51.059194625
0.993531154 -0.026711847 -0.110370632 -1.542754172 0.028256923 0.999522897 0.012457992 0.832511022 0.109985348 -0.015496101 0.993811909 51.945846242
0.993120241 -0.026745634 -0.114003520 -1.588287366 0.028445932 0.999507094 0.013313255 0.840889212 0.113591772 -0.016464539 0.993390737 52.378001896
0.992211130 -0.025611747 -0.121909186 -1.687127249 0.027697274 0.999497700 0.015442772 0.857955037 0.121452892 -0.018699020 0.992421037 53.215111133
0.991049640 -0.025600709 -0.131020012 -1.793764270 0.027842137 0.999494855 0.015303795 0.870740916 0.130562304 -0.018814673 0.991260676 54.025089274
0.990602976 -0.024810322 -0.134500253 -1.848049264 0.027091119 0.999518256 0.015153667 0.877319302 0.134059711 -0.018654982 0.990797408 54.452417959
0.989342033 -0.022390681 -0.143881297 -1.965361316 0.024795784 0.999581481 0.014944019 0.890566021 0.143486938 -0.018352375 0.989481424 55.302219134
0.988021147 -0.022101527 -0.152727233 -2.082688975 0.024362282 0.999619440 0.012947388 0.900783141 0.152382300 -0.016513016 0.988183030 56.152067162
0.987554379 -0.021985880 -0.155734302 -2.140865739 0.024211981 0.999630352 0.012411477 0.906541380 0.155403372 -0.016027552 0.987720752 56.565809888
0.986101929 -0.021764665 -0.164713132 -2.275659502 0.024161946 0.999628922 0.012564542 0.920437928 0.164378806 -0.016369713 0.986261118 57.405891406
0.984660178 -0.021533207 -0.173151348 -2.415294908 0.024341296 0.999603835 0.014110487 0.936924347 0.172779409 -0.018108737 0.984793602 58.254676710
0.983886076 -0.021520869 -0.177497762 -2.496769362 0.024464167 0.999597404 0.014410384 0.944582935 0.177116567 -0.018520466 0.984014980 58.689766760
0.982339756 -0.021227190 -0.185898873 -2.646115041 0.024577057 0.999574629 0.015733733 0.961009792 0.185485488 -0.020024657 0.982442877 59.556040663
0.980845797 -0.021381163 -0.193610333 -2.808108515 0.024788623 0.999577408 0.015194008 0.973996805 0.193203293 -0.019702254 0.980960706 60.403914318
0.979981321 -0.020891416 -0.197990972 -2.884736897 0.024260290 0.999598965 0.014604351 0.979925408 0.197606302 -0.019115223 0.980094725 60.830287284
0.978212239 -0.020001246 -0.206640839 -3.060336175 0.023204078 0.999644861 0.013087408 0.991302808 0.206305372 -0.017597168 0.978329003 61.682074867
0.976499805 -0.020191695 -0.214570718 -3.232042034 0.023326801 0.999655017 0.012088767 1.003820314 0.214252400 -0.016809888 0.976633282 62.547443462
0.975508071 -0.020401419 -0.219016697 -3.331008191 0.023528256 0.999655192 0.011678044 1.010188989 0.218702926 -0.016545063 0.975651090 62.972843854
0.973607239 -0.020361182 -0.227319269 -3.520172582 0.024099704 0.999616116 0.013682499 1.027855727 0.226953522 -0.018799666 0.973724262 63.828423207
0.971705214 -0.019765180 -0.235367455 -3.722924236 0.024392144 0.999562091 0.016762979 1.047512374 0.234934013 -0.022029773 0.971761109 64.687860820
0.970787775 -0.019327468 -0.239162460 -3.821883388 0.024123875 0.999561916 0.017144008 1.055240868 0.238726276 -0.022412682 0.970827319 65.113240182
0.968861221 -0.018284220 -0.246927119 -4.033406981 0.023187720 0.999587424 0.016964500 1.069188230 0.246515463 -0.022161885 0.968884587 65.967911288
0.967315151 -0.016850255 -0.253017547 -4.244931913 0.021765828 0.999624667 0.016641033 1.082875627 0.252641838 -0.021604200 0.967318231 66.822586415
0.966345777 -0.016391017 -0.256723508 -4.362344229 0.021411761 0.999629725 0.016773853 1.090474526 0.256353066 -0.021706197 0.966338911 67.260600656
0.964989874 -0.015590310 -0.261823757 -4.587459307 0.020812940 0.999635538 0.017186026 1.105591905 0.261460293 -0.022033637 0.964962301 68.119142703
0.963812615 -0.015225554 -0.266144878 -4.807717343 0.020735080 0.999625211 0.017903319 1.121109017 0.265772874 -0.022773929 0.963766800 68.968934728
0.961770618 -0.016034025 -0.273386064 -5.154139185 0.021711188 0.999606721 0.017753257 1.142485216 0.272993877 -0.023010057 0.961740134 70.251913098
0.960425570 -0.015724447 -0.278094004 -5.383137226 0.021800150 0.999586451 0.018768586 1.158492221 0.277683836 -0.024088253 0.960370127 71.096842744
0.959705574 -0.015913189 -0.280557944 -5.499585557 0.022043516 0.999581640 0.018708283 1.165420737 0.280142951 -0.024138876 0.959653912 71.512524871
0.958189961 -0.016342252 -0.285665669 -5.742191153 0.022570216 0.999573974 0.018522425 1.179478173 0.285240390 -0.024195447 0.958150264 72.361373703
0.956966176 -0.015811649 -0.289770222 -5.984810965 0.021592867 0.999626553 0.016764839 1.190775975 0.289397189 -0.022300332 0.956948781 73.210265214
0.956256702 -0.015366381 -0.292124821 -6.101266043 0.020940466 0.999653452 0.015963837 1.196394665 0.291779037 -0.021382730 0.956246227 73.625967597
0.955089784 -0.014280934 -0.295973009 -6.347753417 0.020076218 0.999661196 0.016550514 1.211571696 0.295637018 -0.021749195 0.955052627 74.461200472
0.953767286 -0.013135513 -0.300258929 -6.589373654 0.019617159 0.999635470 0.018582097 1.229108198 0.299904532 -0.023613151 0.953676414 75.287653017
0.953131050 -0.012553548 -0.302298747 -6.714559105 0.019240265 0.999631401 0.019151817 1.237086533 0.301946773 -0.024070435 0.953020582 75.698464105
0.951898249 -0.011463412 -0.306202048 -6.968824560 0.018349499 0.999639321 0.019619717 1.251683127 0.305865893 -0.024294554 0.951764234 76.506508670
0.950897433 -0.010575817 -0.309324104 -7.223094393 0.017492368 0.999655630 0.019595132 1.265429834 0.309010616 -0.024043736 0.950753978 77.314566380
0.950348982 -0.009840345 -0.311029181 -7.357024537 0.016877456 0.999658409 0.019941923 1.272988183 0.310727308 -0.024201138 0.950190878 77.720529159
0.949302582 -0.008353116 -0.314252761 -7.606439285 0.015426321 0.999681027 0.020027681 1.286754672 0.313984585 -0.023860010 0.949127943 78.519842724
0.948276453 -0.007246423 -0.317363676 -7.864604802 0.014067337 0.999716620 0.019206254 1.298921332 0.317134744 -0.022677259 0.948108733 79.314326227
0.947661139 -0.006427842 -0.319213130 -7.993681355 0.013346143 0.999721584 0.019490246 1.306209502 0.318999292 -0.022730356 0.947482625 79.711549345
0.946329061 -0.005809699 -0.323151323 -8.255728032 0.012791435 0.999728830 0.019485528 1.319615741 0.322950931 -0.022573268 0.946145779 80.492415035
0.945164002 -0.006056854 -0.326540712 -8.512913186 0.013416124 0.999703875 0.020289603 1.334291596 0.326320488 -0.023557841 0.944965021 81.264517250
0.944610809 -0.006225354 -0.328134383 -8.637138464 0.013619293 0.999702281 0.020239862 1.340859647 0.327910875 -0.023587672 0.944413853 81.653007666
0.943872298 -0.007534693 -0.330226483 -8.889489495 0.014560889 0.999716903 0.018808388 1.351485825 0.329991134 -0.022561024 0.943714183 82.416428672
0.942839587 -0.009544361 -0.333109239 -9.151547968 0.016288210 0.999714689 0.017458398 1.362602367 0.332847706 -0.021886175 0.942726111 83.197329773
0.942442037 -0.010279366 -0.334212033 -9.284521080 0.016873776 0.999716377 0.016834039 1.368140512 0.333943235 -0.021504484 0.942347095 83.580981313
0.941632084 -0.011697666 -0.336439855 -9.532006210 0.018385724 0.999691395 0.016699932 1.380886195 0.336140391 -0.021910822 0.941556290 84.335625701
0.940900359 -0.013026012 -0.338433235 -9.793090962 0.019686645 0.999674514 0.016255547 1.393222104 0.338111443 -0.021957417 0.940849878 85.094165462
0.939435270 -0.013612407 -0.342454518 -10.187131161 0.020743861 0.999637785 0.017170379 1.414525703 0.342096959 -0.023234261 0.939376826 86.236303724
0.938603587 -0.013650103 -0.344728060 -10.443359747 0.020769548 0.999640281 0.016967398 1.427091367 0.344373348 -0.023085427 0.938549310 86.986096093
0.938367538 -0.013459602 -0.345377838 -10.571475250 0.020497996 0.999649985 0.016734483 1.433139230 0.345030874 -0.022782560 0.938314013 87.360995911
0.937730444 -0.014036080 -0.347080264 -10.841314894 0.020492903 0.999678639 0.014939431 1.443075416 0.346759237 -0.021121758 0.937716133 88.114717981
0.937153858 -0.014908030 -0.348598175 -11.102403097 0.021153709 0.999677142 0.014116680 1.454741414 0.348275625 -0.020603618 0.937165146 88.873268102
0.936712410 -0.014666606 -0.349792058 -11.239254588 0.021115227 0.999670391 0.014628986 1.462059066 0.349462315 -0.021089057 0.936712428 89.243293479
0.936327637 -0.013326433 -0.350874371 -11.509055242 0.020675983 0.999638257 0.017208209 1.479564247 0.350518513 -0.023367171 0.936264342 89.996898492
0.936002265 -0.012219269 -0.351783422 -11.774001325 0.020498437 0.999593514 0.019819668 1.496989224 0.351398128 -0.025762191 0.935870695 90.741760906
0.935858827 -0.012073894 -0.352167906 -11.897258240 0.020452280 0.999589172 0.020079899 1.503736780 0.351780347 -0.025994526 0.935721057 91.107906065
0.935122003 -0.012330939 -0.354111329 -12.166122516 0.020519550 0.999601885 0.019378603 1.515212290 0.353731136 -0.025387466 0.935002481 91.839261846
0.934457506 -0.012571380 -0.355851619 -12.431100738 0.020454408 0.999621290 0.018398652 1.526398095 0.355486565 -0.024471477 0.934360629 92.584220751
0.934269369 -0.013429506 -0.356316153 -12.558249784 0.021325970 0.999606073 0.018242225 1.532255512 0.355931247 -0.024641886 0.934186759 92.936781033
0.933742572 -0.014887221 -0.357635221 -12.817408010 0.022551806 0.999596551 0.017270008 1.542970693 0.357234987 -0.024191028 0.933700882 93.650660896
0.933463004 -0.016104740 -0.358312102 -13.081411019 0.023900644 0.999564193 0.017338624 1.555665827 0.357876404 -0.024748806 0.933440433 94.373253976
0.933390442 -0.016756231 -0.358470740 -13.209519208 0.024818704 0.999532292 0.017901481 1.563133501 0.358003467 -0.025605826 0.933368337 94.748131837
0.933240467 -0.018124359 -0.358794496 -13.464781852 0.026221052 0.999499193 0.017712884 1.575408732 0.358293736 -0.025938292 0.933248064 95.475586215
0.932606687 -0.019614869 -0.360360631 -13.719077060 0.027864780 0.999455258 0.017711874 1.587683492 0.359816406 -0.026559515 0.932644943 96.180698119
0.931822117 -0.020860593 -0.362317057 -14.104413856 0.029033533 0.999431925 0.017126815 1.604845541 0.361753670 -0.026478419 0.931897567 97.224786666
0.931339949 -0.021538560 -0.363513421 -14.349006104 0.029574762 0.999425199 0.016555022 1.615760052 0.362948309 -0.026169118 0.931441604 97.912431928
0.931052575 -0.022241881 -0.364206928 -14.475187611 0.030369028 0.999401427 0.016601889 1.621636995 0.363619577 -0.026517750 0.931170033 98.242649426
0.930355683 -0.023051753 -0.365933401 -14.732390156 0.031975233 0.999320821 0.018342780 1.636390698 0.365262325 -0.028766074 0.930459681 98.911781868
0.930298241 -0.018672521 -0.366328719 -14.990550505 0.028353431 0.999376467 0.021063829 1.653014624 0.365707491 -0.029982282 0.930246347 99.603227868
0.930130871 -0.015266290 -0.366911711 -15.121563663 0.025747908 0.999387740 0.023689551 1.663421181 0.366325809 -0.031481545 0.929953422 99.942119153
0.929611387 -0.012178671 -0.368339498 -15.383601051 0.024034973 0.999329744 0.027617486 1.682084579 0.367756104 -0.034526515 0.929280766 100.619934970
0.928765421 -0.015179607 -0.370356611 -15.632081721 0.027105907 0.999267818 0.027018669 1.692828856 0.369674751 -0.035132760 0.928496512 101.293984222
0.928115279 -0.019971683 -0.371758730 -15.758285376 0.031330308 0.999208493 0.024538036 1.694406370 0.370974020 -0.034421361 0.928004743 101.624268212
0.926846355 -0.028553384 -0.374352553 -16.001962878 0.038101731 0.999109565 0.018128715 1.695091767 0.373501736 -0.031066006 0.927108533 102.289729189
0.924955508 -0.031281678 -0.378787812 -16.272792294 0.040532056 0.999043017 0.016469911 1.704146398 0.377909764 -0.030586929 0.925336073 102.962838804
0.923067247 -0.030111458 -0.383459243 -16.417411925 0.040064132 0.999035580 0.017992730 1.712813358 0.382547371 -0.031971389 0.923382167 103.305646028
0.919356367 -0.028691806 -0.392378255 -16.701773542 0.041235708 0.998871265 0.023576461 1.734546480 0.391258719 -0.037855119 0.919500763 103.982448602
0.914879656 -0.029837120 -0.402622860 -16.985206044 0.043592882 0.998735825 0.025042867 1.748840117 0.401366714 -0.040462644 0.915022762 104.637023749
0.912850431 -0.030652735 -0.407142343 -17.133738099 0.044178470 0.998738782 0.023859579 1.752677462 0.405897356 -0.039767067 0.913052964 104.966307022
0.909381660 -0.031424434 -0.414774461 -17.430806278 0.044132482 0.998803110 0.021087226 1.759562255 0.413615756 -0.037481321 0.909678961 105.624885783
0.905829213 -0.030959309 -0.422511646 -17.732719757 0.043150456 0.998881796 0.019318407 1.768327013 0.421441208 -0.035730683 0.906151575 106.292179310
0.903983421 -0.029820475 -0.426526366 -17.889981825 0.042198290 0.998917204 0.019596252 1.774593993 0.425480021 -0.035713281 0.904262557 106.616570204
0.900571693 -0.027480501 -0.433839158 -18.200618158 0.040153063 0.998992523 0.020071704 1.787178202 0.432850554 -0.035495930 0.900766123 107.278949858
0.897348864 -0.025814848 -0.440567384 -18.510294884 0.038491053 0.999062050 0.019859015 1.798242142 0.439641608 -0.034778296 0.897499379 107.919010542
0.895707327 -0.025375557 -0.443919623 -18.671451298 0.037955002 0.999090336 0.019472241 1.803189040 0.443021581 -0.034290368 0.895854289 108.229823209
0.893021869 -0.024136122 -0.449366198 -18.981125345 0.036836256 0.999130413 0.019539628 1.814772910 0.448503624 -0.034002210 0.893133967 108.869875852
0.889815285 -0.022955260 -0.455743589 -19.309243233 0.036219720 0.999136288 0.020391750 1.828036945 0.454881971 -0.034651747 0.889876654 109.522535386
0.888146530 -0.022726561 -0.458998331 -19.480108170 0.035890418 0.999155875 0.019975126 1.833264236 0.458157242 -0.034214413 0.888211892 109.850831395
0.885090071 -0.022052913 -0.464897402 -19.816979971 0.035178085 0.999189668 0.019575691 1.844318522 0.464088643 -0.033680356 0.885148179 110.498670299
0.882286116 -0.022084784 -0.470194481 -20.154817507 0.035215067 0.999196383 0.019146742 1.855703235 0.469393787 -0.033450780 0.882354091 111.168846575
0.880445130 -0.022312732 -0.473623284 -20.334429660 0.035120818 0.999217624 0.018214234 1.860020604 0.472845952 -0.032670604 0.880539207 111.492301852
0.877551582 -0.022172142 -0.478968971 -20.680044350 0.034949692 0.999231003 0.017777814 1.871004857 0.478206619 -0.032340701 0.877650769 112.135287036
0.875045821 -0.023521532 -0.483468827 -21.020815389 0.035777645 0.999229168 0.016141035 1.879789188 0.482716439 -0.031421454 0.875212842 112.769562403
0.873740028 -0.024131347 -0.485795216 -21.186825704 0.036356580 0.999215211 0.015755123 1.884946273 0.485033694 -0.031427667 0.873930338 113.089115658
0.871732695 -0.023935824 -0.489396880 -21.526626680 0.035663942 0.999256766 0.014653449 1.894240064 0.488682033 -0.030227637 0.871937907 113.701040665
0.869504874 -0.023973926 -0.493341977 -21.880985754 0.035509190 0.999270930 0.014024551 1.904864323 0.492645862 -0.029712491 0.869722077 114.339176612
0.868815852 -0.024131861 -0.494546312 -22.055739061 0.035506714 0.999276722 0.013617298 1.909931378 0.493860027 -0.029390593 0.869043603 114.653876457
0.867604747 -0.025161270 -0.496616949 -22.396515251 0.035521889 0.999303403 0.011427783 1.917715841 0.495983456 -0.027555537 0.867893845 115.288167287
0.866773624 -0.025648109 -0.498042433 -22.736327198 0.034796421 0.999353151 0.009093817 1.924879915 0.497486860 -0.025212318 0.867104994 115.900125230
0.866409864 -0.025436293 -0.498685915 -22.915934458 0.034357904 0.999372178 0.008718424 1.930147158 0.498150886 -0.024687511 0.866738526 116.223565817
0.865921576 -0.025721005 -0.499518143 -23.255734301 0.034146723 0.999387088 0.007733636 1.939660920 0.499013062 -0.023753564 0.866268118 116.835487422
0.865580425 -0.026496309 -0.500068074 -23.590672672 0.034952164 0.999361084 0.007548061 1.950434301 0.499548330 -0.024011885 0.865952409 117.438645707
0.865067407 -0.026974441 -0.500930538 -23.765425773 0.035304315 0.999350684 0.007153943 1.955541350 0.500412418 -0.023873562 0.865457818 117.753344933
0.864575265 -0.026294475 -0.501815447 -24.100361466 0.034636527 0.999373862 0.007309151 1.966834662 0.501309079 -0.023700402 0.864942984 118.356495177
0.863681909 -0.025655719 -0.503383606 -24.448894104 0.034026843 0.999393754 0.007446030 1.978238131 0.502886769 -0.023559505 0.864030768 118.963532752
0.863515772 -0.025607835 -0.503671416 -24.618787021 0.034150112 0.999386526 0.007737189 1.984354832 0.503164619 -0.023881572 0.863859889 119.269472525
0.862654656 -0.024464201 -0.505201797 -24.962451799 0.033852926 0.999382929 0.009410648 1.998257755 0.504659650 -0.025220645 0.862949643 119.867727607
0.862337037 -0.023331770 -0.505796442 -25.306113230 0.033758421 0.999364301 0.011455499 2.012810592 0.505207546 -0.026953305 0.862576238 120.465972638
0.862414976 -0.022581528 -0.505698253 -25.475996618 0.033685738 0.999350811 0.012822422 2.020777048 0.505079989 -0.028093051 0.862614865 120.771883803
0.862241804 -0.020483980 -0.506082677 -25.815773438 0.032223581 0.999376575 0.014450872 2.034760217 0.505470960 -0.028767906 0.862363541 121.383736286
0.861912489 -0.017817819 -0.506744458 -26.149738657 0.029589902 0.999446423 0.015186973 2.046642979 0.506193655 -0.028084288 0.861961967 121.964534933
0.861751635 -0.017474487 -0.507029057 -26.314783544 0.028975310 0.999470531 0.014800628 2.051409644 0.506501575 -0.027445759 0.861801855 122.261751744
0.861238888 -0.017812063 -0.507888346 -26.648770498 0.028370290 0.999512015 0.013054465 2.059072966 0.507408179 -0.025651886 0.861323508 122.842615646
0.860488721 -0.017329200 -0.509173989 -26.977887017 0.027896536 0.999524887 0.013126558 2.069735675 0.508704482 -0.025499424 0.860562498 123.414689321
0.860494221 -0.016849124 -0.509181116 -27.133220600 0.027313878 0.999541569 0.013083840 2.074761877 0.508727023 -0.025166250 0.860559324 123.694414441
0.860178025 -0.015936539 -0.509745099 -27.462342219 0.025985777 0.999582611 0.012599469 2.084434717 0.509331492 -0.024083851 0.860233280 124.266503425
0.859504215 -0.015807558 -0.510884839 -27.776903783 0.025415196 0.999607376 0.011828663 2.093157040 0.510497055 -0.023150950 0.859567594 124.812375592
0.859100379 -0.015899923 -0.511560775 -27.936131660 0.025124570 0.999622322 0.011123999 2.096873159 0.511191142 -0.022409333 0.859174267 125.078522330
0.858810066 -0.016125349 -0.512040419 -28.232245623 0.024713348 0.999644946 0.009968827 2.104645221 0.511698002 -0.021215524 0.858902774 125.611776318
0.858372020 -0.017011617 -0.512745250 -28.527391172 0.025256913 0.999639316 0.009116215 2.112606786 0.512405280 -0.020775397 0.858491537 126.122684894
0.858000047 -0.017262692 -0.513359297 -28.681763088 0.025261556 0.999644155 0.008605882 2.116512665 0.513027796 -0.020352080 0.858130159 126.380084858
0.857517297 -0.017337009 -0.514163909 -28.972046340 0.025410941 0.999639205 0.008673386 2.125893827 0.513828325 -0.020502898 0.857647795 126.882227640
0.857232947 -0.017208170 -0.514640847 -29.252617104 0.025592899 0.999629895 0.009205072 2.135764495 0.514291934 -0.021062010 0.857356044 127.366875174
0.856971985 -0.017105907 -0.515079365 -29.402129196 0.025564400 0.999629734 0.009335245 2.140610034 0.514729143 -0.021167700 0.857090697 127.615516767
0.856261044 -0.017337847 -0.516253064 -29.682706861 0.025723142 0.999627508 0.009092991 2.149140880 0.515903507 -0.021065555 0.856387316 128.100185021
0.855301676 -0.017173010 -0.517845917 -29.963274586 0.026100995 0.999609660 0.009960330 2.159601470 0.517472432 -0.022035322 0.855415969 128.584823432
0.854379707 -0.016897500 -0.519374284 -30.103076816 0.026009814 0.999609474 0.010264957 2.164426583 0.518997504 -0.022278957 0.854485024 128.815977662
0.852931736 -0.017677028 -0.521723884 -30.382687354 0.026938427 0.999585509 0.010171756 2.172896965 0.521327637 -0.022730124 0.853053851 129.278304370
0.850717464 -0.018075796 -0.525313243 -30.652587001 0.027638321 0.999564195 0.010364261 2.181546894 0.524897152 -0.023335780 0.850845484 129.723140623
0.849077282 -0.018149189 -0.527957610 -30.787538987 0.027719572 0.999563960 0.010218180 2.185451915 0.527541621 -0.023310718 0.849209266 129.945565243
0.845054550 -0.017403703 -0.534397276 -31.066178381 0.027381091 0.999567904 0.010745388 2.194641730 0.533979083 -0.023712763 0.845164864 130.385538343
0.840404608 -0.016434937 -0.541710063 -31.343861877 0.026118133 0.999607364 0.010192286 2.201591372 0.541329390 -0.022714027 0.840503256 130.803203606
0.837822124 -0.016171176 -0.545704725 -31.477853329 0.025466219 0.999630586 0.009475762 2.204156098 0.545350000 -0.021835982 0.837924033 131.003306473
0.831285157 -0.015172477 -0.555638978 -31.744877606 0.023098856 0.999707327 0.007259493 2.207575307 0.555366136 -0.018869279 0.831391027 131.381196175
0.823919738 -0.013744253 -0.566539700 -32.020637304 0.020693989 0.999769053 0.005840926 2.212374291 0.566328642 -0.016536390 0.824012709 131.754209735
0.820114823 -0.013595102 -0.572038207 -32.144919770 0.020189195 0.999782670 0.005183787 2.214748614 0.571843361 -0.015800222 0.820210632 131.936827869
0.811585836 -0.014107690 -0.584062582 -32.406113181 0.020367646 0.999784568 0.004152647 2.219806920 0.583878127 -0.015266197 0.811697886 132.283605901
0.801759137 -0.015320126 -0.597451060 -32.689632108 0.022583360 0.999734333 0.004670433 2.227684982 0.597219822 -0.017236919 0.801891327 132.629374556
