1.000000000 -0.000000000 -0.000000000 0.000000000 0.000000000 1.000000000 0.000000000 0.000000000 0.000000000 0.000000000 1.000000000 -0.000000000
0.999973633 -0.000073523 0.007240961 0.022912694 0.000078636 1.000000073 -0.000706044 0.001351442 -0.007240483 0.000706598 0.999974136 0.471141952
0.999943402 -0.002058359 0.010444521 0.035963798 0.002081233 0.999995121 -0.002179494 0.000149315 -0.010439346 0.002201111 0.999943430 0.717788791
0.999878785 -0.002561220 0.015355109 0.056359940 0.002641718 0.999982232 -0.005225801 -0.002446376 -0.015341536 0.005265738 0.999868852 1.202870905
0.999806534 -0.002102298 0.019556096 0.091376444 0.002216977 0.999980549 -0.005845717 -0.000695031 -0.019543016 0.005887940 0.999792140 1.726485320
0.999762903 -0.002189464 0.021627339 0.101926725 0.002317382 0.999980052 -0.005892176 0.000645590 -0.021613559 0.005940903 0.999748744 1.987036547
0.999698064 -0.000228028 0.024570694 0.117316398 0.000405922 0.999973477 -0.007235458 0.001145432 -0.024567608 0.007243254 0.999671835 2.499938406
0.999675696 -0.000462225 0.025452784 0.144106525 0.000747531 0.999936937 -0.011199688 -0.002791765 -0.025445925 0.011215131 0.999613595 3.029289962
0.999654889 -0.003265921 0.026054428 0.160356404 0.003598184 0.999912502 -0.012716758 -0.003929659 -0.026009814 0.012806225 0.999580099 3.298067471
0.999633848 -0.004528775 0.026669473 0.178950642 0.004868546 0.999907603 -0.012688436 -0.000975627 -0.026608891 0.012813603 0.999564252 3.833086826
0.999615712 -0.003423517 0.027486224 0.203257857 0.003724251 0.999933897 -0.010896187 0.005019789 -0.027446711 0.010994403 0.999563464 4.376302036
0.999612499 -0.003323542 0.027641641 0.217014231 0.003579189 0.999951321 -0.009205566 0.009444588 -0.027609525 0.009300975 0.999575652 4.658967287
0.999605583 -0.002808671 0.027929722 0.238133335 0.002944609 0.999983864 -0.004828459 0.019775691 -0.027915231 0.004908843 0.999598627 5.180027574
0.999587300 -0.004695833 0.028336379 0.271356491 0.004707246 0.999988968 -0.000336155 0.030606694 -0.028334242 0.000469403 0.999598445 5.753559774
0.999594655 -0.005241166 0.028000828 0.285110758 0.005219687 0.999985879 0.000840052 0.034161509 -0.028004020 -0.000693558 0.999607891 6.036229820
0.999623292 -0.002319847 0.027356123 0.312607876 0.002307765 0.999997363 0.000473198 0.036561226 -0.027356447 -0.000409892 0.999626157 6.601595874
0.999644708 0.000406665 0.026657574 0.334387050 -0.000331128 0.999995604 -0.002838098 0.033869595 -0.026658631 0.002828263 0.999640745 7.158777373
0.999669460 -0.000718933 0.025674744 0.348125830 0.000856984 0.999985433 -0.005366386 0.031034527 -0.025669714 0.005386580 0.999656234 7.441482641
0.999757496 -0.003081119 0.021821164 0.373101718 0.003282703 0.999951613 -0.009209668 0.027557145 -0.021791277 0.009279045 0.999719324 8.020799495
0.999837897 -0.008571446 0.015827346 0.384173905 0.008724097 0.999915444 -0.009600744 0.030059569 -0.015744331 0.009737324 0.999829049 8.597576551
0.999862836 -0.010592026 0.012722527 0.395418381 0.010708871 0.999900833 -0.009147342 0.032457200 -0.012624028 0.009282288 0.999877858 8.894171380
0.999946418 -0.010038510 0.002444214 0.392575379 0.010059560 0.999910850 -0.008778780 0.036199514 -0.002355031 0.008802966 0.999958611 9.468434766
0.999893875 -0.008246110 -0.011978656 0.370109132 0.008147433 0.999932964 -0.008258867 0.040170298 0.012046281 0.008160409 0.999894798 10.031977437
0.999764581 -0.006488607 -0.020705531 0.353514675 0.006315700 0.999944333 -0.008407114 0.041517776 0.020759319 0.008274309 0.999750799 10.323564383
0.999218408 -0.002568189 -0.039443651 0.306402210 0.002175167 0.999947851 -0.010004321 0.042002687 0.039467092 0.009910648 0.999171669 10.904243621
0.998218161 -0.002170056 -0.059621934 0.245373199 0.001503176 0.999935542 -0.011227725 0.043167499 0.059642365 0.011118130 0.998158485 11.482412276
0.997460663 -0.003034033 -0.071146645 0.209154358 0.002219895 0.999930816 -0.011519483 0.044273455 0.071177245 0.011332284 0.997399330 11.763281098
0.995663227 -0.003857709 -0.092943021 0.142425919 0.002825422 0.999932563 -0.011235424 0.047986780 0.092980333 0.010924168 0.995608659 12.333223085
0.993493201 -0.002531941 -0.113859901 0.053570190 0.001384724 0.999946868 -0.010153437 0.053141347 0.113879940 0.009929706 0.993444991 12.906356076
0.992262736 -0.001980634 -0.124139640 0.009143076 0.000815153 0.999954863 -0.009438262 0.056028625 0.124153202 0.009264065 0.992220071 13.192920863
0.989052451 -0.000548436 -0.147564424 -0.107549285 -0.000705042 0.999963926 -0.008442129 0.061083022 0.147564594 0.008453692 0.989016760 13.761040735
0.985125513 -0.001959247 -0.171824493 -0.232447058 0.000986016 0.999983033 -0.005749313 0.069098719 0.171832983 0.005494332 0.985111165 14.334850068
0.982900335 -0.001720824 -0.184129662 -0.296492472 0.001056082 0.999992189 -0.003708205 0.074254429 0.184135533 0.003450353 0.982895645 14.610682895
0.977938491 0.003668520 -0.208861080 -0.449222224 -0.003754495 0.999992513 -0.000015168 0.084089921 0.208860455 0.000799000 0.977945040 15.179468525
0.972401357 0.014352654 -0.232870774 -0.629786497 -0.013801455 0.999896511 0.003995971 0.094695227 0.232904342 -0.000671676 0.972500315 15.743236241
0.969403063 0.018192588 -0.244798470 -0.715966449 -0.017494410 0.999834654 0.005026271 0.098302233 0.244850051 -0.000589909 0.969561264 16.022276553
0.963034442 0.013819254 -0.269023495 -0.885846202 -0.014097945 0.999899654 0.000896203 0.094443654 0.269009805 0.002929606 0.963133222 16.566499807
0.956230654 0.000869752 -0.292612363 -1.061440457 -0.002534302 0.999982965 -0.005309536 0.086913702 0.292602875 0.005818698 0.956216354 17.102530678
0.946367040 -0.002831022 -0.323079013 -1.373180597 -0.000534952 0.999946694 -0.010329261 0.083501843 0.323091472 0.009948077 0.946315615 17.915784322
0.940509153 0.001074393 -0.339765781 -1.584799761 -0.005104414 0.999926812 -0.010967682 0.085902892 0.339729267 0.012049580 0.940446401 18.452452565
0.937363616 0.001372837 -0.348350105 -1.693106810 -0.004819754 0.999947575 -0.009028466 0.091031139 0.348319707 0.010141929 0.937321682 18.734683440
0.929664766 -0.004035483 -0.368383635 -1.921128754 0.002639345 0.999987423 -0.004293635 0.102674727 0.368396891 0.003019379 0.929664524 19.282712305
0.921341045 -0.010357241 -0.388615637 -2.163078804 0.010392809 0.999944049 -0.002010473 0.110228304 0.388614843 -0.002186480 0.921398473 19.828256879
0.917509083 -0.013318494 -0.397490437 -2.285309743 0.013869977 0.999902412 -0.001487762 0.113006508 0.397471483 -0.004148106 0.917605488 20.107993873
0.910356438 -0.016561034 -0.413491718 -2.536178183 0.017039669 0.999850995 -0.002530463 0.114714516 0.413472946 -0.004742203 0.910504184 20.623227025
0.902604342 -0.014147518 -0.430238520 -2.814202729 0.012639947 0.999899963 -0.006362130 0.111739468 0.430285160 0.000304228 0.902693151 21.169521746
0.898606045 -0.013579309 -0.438544471 -2.961774855 0.010906347 0.999903210 -0.008613628 0.109654794 0.438619773 0.002957323 0.898667781 21.430353469
0.890937519 -0.012273849 -0.453959414 -3.245496260 0.008490141 0.999910437 -0.010372274 0.110288239 0.454046385 0.005386851 0.890962156 21.968415681
0.883197955 -0.012103034 -0.468844169 -3.540623475 0.007967114 0.999909338 -0.010804007 0.113148763 0.468933059 0.005806775 0.883215521 22.490040376
0.879170899 -0.011375777 -0.476369818 -3.690691238 0.007312130 0.999919686 -0.010383287 0.115746798 0.476450640 0.005645359 0.879183311 22.764764691
0.871296504 -0.009974563 -0.490655732 -4.002229837 0.007193872 0.999944992 -0.007553250 0.124299926 0.490704929 0.003051394 0.871321077 23.297769577
0.863790873 -0.011421506 -0.503721067 -4.321976514 0.011067513 0.999931538 -0.003693978 0.134714375 0.503729432 -0.002384114 0.863858653 23.836469987
0.860070120 -0.012429954 -0.510023730 -4.485957843 0.013148770 0.999910569 -0.002195988 0.139222289 0.510006980 -0.004817515 0.860157425 24.108676938
0.852270957 -0.014614773 -0.522895513 -4.817130204 0.016046739 0.999869584 -0.001791493 0.143663967 0.522854370 -0.006863902 0.852394757 24.630985031
0.845351990 -0.016616839 -0.533951386 -5.148307025 0.018105950 0.999833397 -0.002450021 0.146265677 0.533903787 -0.007596536 0.845511538 25.153303266
0.842672811 -0.014145552 -0.538240473 -5.323701289 0.015958033 0.999871945 -0.001293682 0.150060724 0.538190462 -0.007499194 0.842790763 25.409088907
0.838537230 -0.011507886 -0.544722047 -5.671293395 0.013981006 0.999902070 0.000398138 0.156745069 0.544664599 -0.007949599 0.838616437 25.942796207
0.835795118 -0.011976042 -0.548910576 -6.004971499 0.015029960 0.999886619 0.001069858 0.161699531 0.548835422 -0.009144258 0.835880014 26.479019877
0.834259888 -0.011987160 -0.551240817 -6.182873591 0.015652044 0.999875547 0.001945117 0.165147379 0.551148982 -0.010250776 0.834344306 26.748725836
0.831394019 -0.012440219 -0.555543475 -6.532968410 0.018010615 0.999827077 0.004564627 0.173594486 0.555391032 -0.013800692 0.831475150 27.296341823
0.829276930 -0.010568505 -0.558737966 -6.896993275 0.015703792 0.999867157 0.004395094 0.177151596 0.558618082 -0.012419088 0.829332313 27.841477928
0.829300541 -0.009833192 -0.558715992 -7.069194291 0.014677174 0.999883486 0.004187705 0.178730918 0.558610479 -0.011673265 0.829348282 28.119406807
0.828690715 -0.008383478 -0.559643035 -7.425010084 0.012282708 0.999919771 0.003208692 0.180836701 0.559571795 -0.009532932 0.828727296 28.658845128
0.829747830 -0.007641295 -0.558085751 -7.775126279 0.009728766 0.999952055 0.000773153 0.180463969 0.558054431 -0.006071010 0.829783158 29.206509731
0.830355869 -0.008171119 -0.557173924 -7.947333863 0.009160508 0.999957305 -0.001012777 0.179333340 0.557159275 -0.004263041 0.830394859 29.484453547
0.832009840 -0.009655083 -0.554676158 -8.299958879 0.008967727 0.999952116 -0.003954341 0.178203417 0.554688516 -0.001684150 0.832057097 30.046040728
0.836200211 -0.012976311 -0.548270642 -8.632960699 0.010883644 0.999916126 -0.007066302 0.176825024 0.548316578 -0.000058288 0.836271437 30.618348734
0.838156027 -0.012404095 -0.545288814 -8.805165787 0.009429288 0.999921845 -0.008252275 0.176724377 0.545348699 0.001775033 0.838208002 30.896286873
0.843422181 -0.009921747 -0.537159801 -9.146371759 0.005810977 0.999939287 -0.009345521 0.178827275 0.537220392 0.004760804 0.843428476 31.474281473
0.848751122 -0.007444163 -0.528739729 -9.481867689 0.002913044 0.999951538 -0.009402292 0.182761580 0.528785125 0.006439966 0.848732569 32.060478599
0.857008804 -0.008334661 -0.515233422 -9.956019076 0.004429629 0.999951225 -0.008807716 0.189746792 0.515282029 0.005265980 0.857005220 32.937822784
0.863446800 -0.009086536 -0.504356599 -10.263679805 0.005192875 0.999945014 -0.009125077 0.193191278 0.504412282 0.005259946 0.863446704 33.529036281
0.867066638 -0.008612186 -0.498118160 -10.410550103 0.004736573 0.999948089 -0.009043665 0.195313556 0.498169400 0.005482087 0.867062305 33.825894242
0.874174702 -0.008015500 -0.485545783 -10.715009053 0.004354787 0.999952533 -0.008667062 0.200062253 0.485592829 0.005462113 0.874167891 34.439231575
0.880818885 -0.006259764 -0.473411453 -11.013748750 0.004404340 0.999977088 -0.005027798 0.210442288 0.473433089 0.002343485 0.880827419 35.060750486
0.883878297 -0.005411382 -0.467684934 -11.163117229 0.004594415 0.999985338 -0.002887411 0.216197294 0.467693990 0.000403390 0.883890945 35.371506828
0.889890416 -0.007562288 -0.456110135 -11.447953516 0.007063586 0.999971294 -0.002798165 0.220477526 0.456118763 -0.000731731 0.889919007 35.995566198
0.895834562 -0.011955304 -0.444226608 -11.710673466 0.010296891 0.999928108 -0.006145807 0.218796598 0.444268808 0.000931526 0.895893071 36.616459479
0.898823948 -0.012756163 -0.438123805 -11.851848553 0.010004370 0.999913305 -0.008588613 0.216630396 0.438196643 0.003336525 0.898873447 36.921553699
0.904902769 -0.015203198 -0.425347401 -12.119587187 0.010604789 0.999856704 -0.013176652 0.213005092 0.425486330 0.007412892 0.904934518 37.570294505
0.910573997 -0.012983009 -0.413141447 -12.389815229 0.008102287 0.999875089 -0.013563399 0.216632451 0.413267120 0.009003162 0.910566083 38.232913738
0.913567909 -0.011889777 -0.406512057 -12.527777534 0.007380358 0.999892023 -0.012659061 0.220310377 0.406619935 0.008564685 0.913557446 38.560106769
0.919343307 -0.011802227 -0.393278871 -12.778368203 0.008649004 0.999914459 -0.009789056 0.229539160 0.393361700 0.005598047 0.919367588 39.233414581
0.925323423 -0.011228678 -0.379011369 -13.020747011 0.009236239 0.999932001 -0.007074823 0.238466594 0.379065207 0.003045835 0.925365667 39.901018271
0.928215609 -0.010978970 -0.371881558 -13.139085999 0.009301930 0.999936790 -0.006303345 0.241946049 0.371927992 0.002391637 0.928258270 40.238931851
0.934550282 -0.009535381 -0.355702682 -13.353636005 0.008152452 0.999951873 -0.005386672 0.247743713 0.355737008 0.002134281 0.934584001 40.911566464
0.940362124 -0.009113058 -0.340051211 -13.576397410 0.008161795 0.999957700 -0.004227640 0.254032721 0.340076522 0.001200097 0.940397289 41.589904153
0.942838443 -0.009562055 -0.333112852 -13.680822614 0.008549290 0.999952894 -0.004506095 0.255692296 0.333140548 0.001400583 0.942876540 41.930334600
0.947933877 -0.010911180 -0.318278460 -13.875763141 0.009142521 0.999933241 -0.007050211 0.255581594 0.318334770 0.003773269 0.947971212 42.613721237
0.953052630 -0.013433493 -0.302504674 -14.059291799 0.011082653 0.999893911 -0.009486509 0.255743767 0.302600474 0.005688545 0.953100798 43.313531609
0.955602706 -0.014025606 -0.294324032 -14.149799681 0.011605548 0.999882663 -0.009967270 0.257043434 0.294430386 0.006108992 0.955654118 43.656470876
0.960924264 -0.012736235 -0.276517185 -14.327606348 0.010816950 0.999905216 -0.008465187 0.263966924 0.276599106 0.005143391 0.960971979 44.364456598
0.965802505 -0.010245752 -0.259074470 -14.485783105 0.009132328 0.999943073 -0.005500864 0.273411894 0.259115786 0.002946752 0.965841938 45.083147878
0.967892693 -0.009810378 -0.251172415 -14.564872041 0.009056232 0.999950421 -0.004158259 0.277904384 0.251200532 0.001750032 0.967934032 45.442494786
0.972624412 -0.011772421 -0.232084034 -14.695220480 0.011353251 0.999930850 -0.003141843 0.284019587 0.232105123 0.000420927 0.972690943 46.166218091
0.976706094 -0.014387989 -0.214097960 -14.825580286 0.013664507 0.999894900 -0.004858751 0.285444876 0.214145609 0.001820028 0.976800708 46.889967248
0.978864702 -0.014339526 -0.204007529 -14.876840443 0.013538198 0.999894247 -0.005322940 0.286797595 0.204063057 0.002448550 0.978954980 47.254345134
0.982785000 -0.013519568 -0.184254672 -14.973648922 0.012860768 0.999905542 -0.004769938 0.292074425 0.184303196 0.002318202 0.982867231 47.991299352
0.986077191 -0.015307826 -0.165579983 -15.059046210 0.014801375 0.999880917 -0.004291990 0.297344137 0.165626019 0.001781395 0.986186972 48.744678849
0.987461607 -0.017102606 -0.156929020 -15.098893455 0.016616501 0.999852072 -0.004409070 0.299399723 0.156981073 0.001746150 0.987599957 49.125478101
0.989924085 -0.019771280 -0.140207257 -15.176082809 0.019255919 0.999801487 -0.005031574 0.302748116 0.140279204 0.002281105 0.990109630 49.873162404
0.992279181 -0.021181013 -0.122203291 -15.228634307 0.020659596 0.999770672 -0.005532295 0.306132445 0.122292887 0.002964867 0.992490271 50.603729157
0.993320490 -0.021302874 -0.113402793 -15.257760751 0.020840451 0.999768408 -0.005261961 0.308693873 0.113489527 0.002863444 0.993534867 50.964901432
0.995038611 -0.022489515 -0.096908723 -15.288170488 0.022294968 0.999746538 -0.003089820 0.316606851 0.096953786 0.000913899 0.995288527 51.692244274
0.996306075 -0.024173783 -0.082401199 -15.326790171 0.024229029 0.999706393 -0.000330783 0.325611164 0.082385332 -0.001666934 0.996599704 52.425286885
0.996868040 -0.024783277 -0.075094184 -15.333781592 0.024927629 0.999688328 0.000984941 0.329921292 0.075046666 -0.002853775 0.997176529 52.783250572
0.997863282 -0.024320716 -0.060642540 -15.355982257 0.024509295 0.999696724 0.002367274 0.336382943 0.060566758 -0.003848545 0.998156760 53.504895630
0.998485688 -0.025463222 -0.048756494 -15.359259374 0.025579970 0.999671071 0.001773535 0.339289155 0.048695144 -0.003018027 0.998809513 54.201230313
0.998666693 -0.026611928 -0.044225329 -15.358048582 0.026666032 0.999644493 0.000635202 0.339318007 0.044192597 -0.001813636 0.999021680 54.553511816
0.998923012 -0.027872681 -0.037092327 -15.367041897 0.027800292 0.999610436 -0.002465488 0.337852859 0.037146197 0.001431627 0.999308910 55.241657975
0.999213643 -0.025758534 -0.030130305 -15.376031867 0.025628192 0.999660071 -0.004703494 0.337767686 0.030242042 0.003927608 0.999535066 55.929796527
0.999302683 -0.025217901 -0.027530187 -15.378017595 0.025082897 0.999671159 -0.005238309 0.338662287 0.027653179 0.004544095 0.999607075 56.259942233
0.999395503 -0.026752242 -0.022189969 -15.373079944 0.026641323 0.999630648 -0.005278419 0.342467129 0.022323630 0.004684021 0.999740006 56.950566179
0.999447327 -0.028074759 -0.017778597 -15.368142438 0.027983760 0.999593749 -0.005347127 0.346211972 0.017922028 0.004846630 0.999827956 57.641190456
0.999455748 -0.029016296 -0.015675425 -15.366926363 0.028937773 0.999567558 -0.005217423 0.348420784 0.015820576 0.004760923 0.999863986 57.993459942
0.999476507 -0.029862430 -0.012395212 -15.359482871 0.029796527 0.999540454 -0.005467934 0.351752840 0.012552919 0.005095783 0.999908069 58.670168090
0.999537403 -0.029239897 -0.008365359 -15.348845598 0.029182382 0.999549594 -0.006912244 0.353089167 0.008564074 0.006664981 0.999941233 59.369018262
0.999558205 -0.028901274 -0.006872366 -15.345126325 0.028848799 0.999554890 -0.007613339 0.353735214 0.007089701 0.007411745 0.999947748 59.707377958
0.999557184 -0.029276497 -0.005310609 -15.340191945 0.029231147 0.999537425 -0.008409923 0.356190080 0.005554688 0.008251003 0.999950690 60.398009345
0.999505760 -0.031119727 -0.004268966 -15.332742758 0.031087962 0.999489939 -0.007307552 0.361872093 0.004494715 0.007171162 0.999964335 61.074704540
0.999489024 -0.031821233 -0.002982865 -15.329016166 0.031802076 0.999474169 -0.006276784 0.365538084 0.003181225 0.006178737 0.999976452 61.413047590
0.999438490 -0.033398189 -0.002785730 -15.310144446 0.033391301 0.999439155 -0.002493162 0.375892892 0.002868086 0.002398716 0.999993043 62.106142267
0.999460414 -0.032762010 -0.002381752 -15.305193586 0.032763827 0.999463178 0.000686810 0.385147634 0.002358449 -0.000764483 0.999997312 62.796736172
0.999529919 -0.030551307 -0.002530590 -15.309684766 0.030552673 0.999532728 0.000522874 0.386675019 0.002513451 -0.000599947 0.999996627 63.140796795
0.999579771 -0.028868398 -0.002632463 -15.293350586 0.028860549 0.999578941 -0.002977158 0.384422852 0.002717868 0.002899915 0.999991914 63.847879367
0.999591688 -0.028336423 -0.003670928 -15.290941871 0.028305347 0.999564671 -0.008271847 0.379170653 0.003903808 0.008164583 0.999959233 64.552471641
0.999565802 -0.029142002 -0.004348258 -15.287228317 0.029095627 0.999523088 -0.010375763 0.377456743 0.004648148 0.010244742 0.999937410 64.890844346
0.999618909 -0.027337273 -0.003649251 -15.279095042 0.027295129 0.999564968 -0.011120101 0.380025842 0.003952082 0.011016301 0.999931941 65.603606127
0.999688297 -0.024743685 -0.003212097 -15.276654360 0.024714918 0.999656431 -0.008694076 0.387963403 0.003426686 0.008611966 0.999957447 66.308125697
0.999761832 -0.021509745 -0.003565425 -15.275436467 0.021480602 0.999736988 -0.008036084 0.390922201 0.003738665 0.007957597 0.999961744 66.660391049
0.999790977 -0.020012175 -0.004082191 -15.264799146 0.019972838 0.999756125 -0.009450036 0.392278528 0.004270920 0.009366548 0.999947492 67.359241111
0.999749864 -0.021981664 -0.004044328 -15.259878726 0.021924670 0.999666934 -0.013638168 0.388973500 0.004343154 0.013546061 0.999899472 68.049904248
0.999743882 -0.022344640 -0.003687927 -15.250454620 0.022288768 0.999644938 -0.014561712 0.389300992 0.004012276 0.014475725 0.999887968 68.396478320
0.999808869 -0.019347628 -0.002691719 -15.236604396 0.019312312 0.999733875 -0.012570427 0.396551446 0.002933764 0.012516090 0.999917600 69.117426917
0.999833707 -0.018042668 -0.002308241 -15.228457767 0.018018485 0.999786224 -0.010112154 0.404630444 0.002490407 0.010068848 0.999946180 69.830158327
0.999857748 -0.016421179 -0.003726900 -15.227237281 0.016387611 0.999826323 -0.008866350 0.408659224 0.003871739 0.008803992 0.999954125 70.182417781
0.999917384 -0.011760034 -0.005137985 -15.227317828 0.011708605 0.999881865 -0.009924040 0.410719686 0.005254622 0.009863086 0.999937620 70.900888151
0.999905414 -0.012001208 -0.006711608 -15.215997897 0.011908665 0.999835930 -0.013660185 0.408353110 0.006874361 0.013578926 0.999884780 71.635808162
0.999900993 -0.012207902 -0.006987282 -15.217294012 0.012103396 0.999816752 -0.014811639 0.408414756 0.007167708 0.014725629 0.999866406 72.002007888
0.999919863 -0.010450302 -0.007091193 -15.202757954 0.010347620 0.999843136 -0.014372646 0.413272283 0.007240468 0.014298127 0.999872382 72.759019103
0.999953822 -0.007093965 -0.006503657 -15.193918366 0.007017504 0.999906438 -0.011701811 0.421898301 0.006586696 0.011655688 0.999910585 73.507796926
0.999964594 -0.005894081 -0.006059624 -15.183791026 0.005833687 0.999933819 -0.009929534 0.427012735 0.006118596 0.009893810 0.999932597 73.890394040
0.999982396 -0.003943889 -0.004368543 -15.174947150 0.003916528 0.999972955 -0.006257655 0.437408721 0.004393007 0.006240474 0.999971050 74.639162107
0.999972449 -0.006480723 -0.003620129 -15.160408983 0.006461328 0.999965026 -0.005342904 0.443136232 0.003654706 0.005319385 0.999979699 75.396168527
0.999983946 -0.004736350 -0.003158931 -15.155993164 0.004720584 0.999976829 -0.004976997 0.445809270 0.003182146 0.004962012 0.999982992 75.770566478
0.999990215 -0.003793195 -0.002090830 -15.138265143 0.003780128 0.999973431 -0.006219632 0.447921082 0.002114717 0.006211649 0.999978709 76.549723852
0.999990692 -0.004351795 0.000103830 -15.120546355 0.004352603 0.999943012 -0.009699556 0.446222963 -0.000061338 0.009699875 0.999952819 77.328902227
0.999982750 -0.005840237 0.000439194 -15.112943225 0.005845096 0.999909068 -0.012137558 0.444230322 -0.000368386 0.012139971 0.999926417 77.725456920
0.999984525 -0.005500707 0.000985986 -15.100942429 0.005518077 0.999811930 -0.018608948 0.437420857 -0.000883439 0.018614138 0.999827011 78.496450850
0.999985710 -0.004768956 0.002577078 -15.085722719 0.004820186 0.999783196 -0.020242126 0.438985473 -0.002479167 0.020254303 0.999792074 79.289529644
0.999982312 -0.005523681 0.002090519 -15.072396751 0.005561487 0.999812569 -0.018527327 0.444104142 -0.001987707 0.018538649 0.999826442 79.694257759
0.999965446 -0.007500121 0.003525147 -15.045740839 0.007549279 0.999871279 -0.014143651 0.455981451 -0.003418009 0.014169800 0.999894223 80.503704949
0.999957970 -0.008789863 0.002505723 -15.033005859 0.008815590 0.999905990 -0.010444345 0.466728694 -0.002413089 0.010466049 0.999942954 81.310651531
0.999958527 -0.008849253 0.002147982 -15.019678752 0.008867065 0.999925207 -0.008464936 0.472317354 -0.002072727 0.008483624 0.999962306 81.715377055
0.999955207 -0.009204784 0.002083800 -15.010146036 0.009216306 0.999942209 -0.005587317 0.481560390 -0.002031575 0.005606284 0.999982486 82.500200905
0.999958488 -0.008880759 0.001958439 -14.989202833 0.008886437 0.999955713 -0.002920044 0.490506312 -0.001932743 0.002937342 0.999993617 83.301451633
0.999956037 -0.009086828 0.002094090 -14.989799397 0.009091573 0.999955673 -0.002276331 0.493834928 -0.002073074 0.002295271 0.999995539 83.703682779
0.999955890 -0.009188823 0.002035829 -14.971377229 0.009195036 0.999953094 -0.003033792 0.496983750 -0.002007615 0.003052349 0.999993862 84.518883865
0.999946569 -0.010149957 0.001794389 -14.955462840 0.010157081 0.999939922 -0.004032026 0.499805372 -0.001752765 0.004050051 0.999990083 85.348005159
0.999938003 -0.011088875 0.001065862 -14.926219768 0.011091772 0.999934730 -0.002683650 0.508865644 -0.001035623 0.002695294 0.999996701 86.581848394
0.999920571 -0.012486961 0.001332198 -14.904588647 0.012488379 0.999921107 -0.001044003 0.516278623 -0.001318662 0.001060548 0.999998992 87.419156999
0.999914105 -0.012930663 0.002063627 -14.899478610 0.012931110 0.999916524 -0.000188807 0.520018672 -0.002061076 0.000215460 0.999997752 87.829598497
0.999889883 -0.014609041 0.002668604 -14.869634490 0.014604926 0.999891982 0.001567147 0.527600293 -0.002691147 -0.001528010 0.999995681 88.661200389
0.999843855 -0.017651074 0.000907988 -14.845499614 0.017648782 0.999841312 0.002458965 0.533680502 -0.000951478 -0.002442567 0.999996591 89.484597937
0.999812846 -0.019307124 0.001131703 -14.834686732 0.019304121 0.999810465 0.002621035 0.536282012 -0.001181023 -0.002598676 0.999996403 89.903258331
0.999719818 -0.023616971 0.001608046 -14.815569352 0.023612843 0.999717481 0.002533535 0.540907836 -0.001667440 -0.002494866 0.999995781 90.754500704
0.999609725 -0.027889419 0.001270883 -14.796448482 0.027885174 0.999605806 0.003262209 0.546973634 -0.001361339 -0.003225498 0.999994665 91.605735139
0.999548783 -0.030022356 -0.000211838 -14.788142506 0.030022875 0.999543137 0.003372462 0.549607938 0.000110879 -0.003377362 0.999994234 92.038313756
0.999394739 -0.034682491 -0.002675309 -14.771527718 0.034693650 0.999389168 0.004241504 0.556046524 0.002526979 -0.004331758 0.999987958 92.903464541
0.999190727 -0.039586255 -0.007086720 -14.765636252 0.039616135 0.999206690 0.004119495 0.560939287 0.006917790 -0.004396897 0.999966519 93.788248035
0.999074427 -0.041785816 -0.010170149 -14.765544802 0.041825481 0.999117435 0.003718073 0.562774959 0.010006289 -0.004139995 0.999941640 94.226536838
0.998889629 -0.044848598 -0.014413561 -14.762858169 0.044885049 0.998989902 0.002217228 0.565103534 0.014299556 -0.002861658 0.999893997 95.089203442
0.998870830 -0.043527598 -0.019038061 -14.768389237 0.043528379 0.999051945 -0.000370182 0.565323502 0.019036263 -0.000458980 0.999819386 95.957587453
0.998853319 -0.042797928 -0.021455367 -14.774008896 0.042765502 0.999083488 -0.001968713 0.564887775 0.021520773 0.001048823 0.999768565 96.387676157
0.998819815 -0.040236820 -0.027205479 -14.792767696 0.040117042 0.999182639 -0.004931931 0.564624695 0.027381934 0.003834721 0.999617753 97.289605423
0.998773381 -0.038370993 -0.031288026 -14.814721998 0.038166225 0.999245579 -0.007116706 0.565647356 0.031537370 0.005913910 0.999485319 98.169396577
0.998754046 -0.037749343 -0.032626833 -14.828548791 0.037525084 0.999267784 -0.007458016 0.567462943 0.032884165 0.006224337 0.999440208 98.605178656
0.998793391 -0.034925595 -0.034528463 -14.844785222 0.034714376 0.999374900 -0.006697819 0.573546953 0.034741577 0.005491087 0.999381297 99.493154532
0.998878910 -0.032277176 -0.034611911 -14.855316312 0.032086979 0.999466319 -0.006034294 0.579522404 0.034788416 0.004916969 0.999383156 100.389343626
0.998878429 -0.031781079 -0.035087971 -14.865940574 0.031606794 0.999485231 -0.005508705 0.582952196 0.035245994 0.004393475 0.999369728 100.847247830
0.998942537 -0.029316784 -0.035412466 -14.887190963 0.029162320 0.999563174 -0.004871353 0.589041794 0.035540800 0.003833480 0.999361378 101.763060484
0.999037963 -0.026533919 -0.034914454 -14.900224864 0.026435800 0.999645217 -0.003269458 0.596740009 0.034989350 0.002343336 0.999385504 102.673158486
0.999123688 -0.025101405 -0.033488425 -14.902635642 0.025032083 0.999683908 -0.002487529 0.600538440 0.033540940 0.001647077 0.999436519 103.125354874
0.999228246 -0.024071512 -0.031034598 -14.915673179 0.024026990 0.999709176 -0.001806952 0.606736682 0.031069692 0.001059866 0.999516623 104.035461145
0.999367861 -0.022972881 -0.027131766 -14.920501836 0.022927339 0.999735202 -0.001989575 0.611403598 0.027170482 0.001366261 0.999630770 104.939870072
0.999485308 -0.020812497 -0.024399223 -14.914704051 0.020766460 0.999782420 -0.002137575 0.613540705 0.024438994 0.001629807 0.999700620 105.386369833
0.999657274 -0.017200565 -0.019703326 -14.922042935 0.017142652 0.999847941 -0.003106749 0.616870440 0.019753754 0.002767923 0.999801344 106.304704535
0.999776730 -0.014269790 -0.015610224 -14.921174467 0.014188180 0.999884699 -0.005323782 0.618038860 0.015684478 0.005101113 0.999864148 107.217345366
0.999827671 -0.017013447 -0.007435328 -14.900581950 0.016970079 0.999838805 -0.005855499 0.624674412 0.007533658 0.005728255 0.999955883 108.578974439
0.999892500 -0.014665251 -0.000523460 -14.880074824 0.014662705 0.999882479 -0.004532537 0.631974246 0.000589638 0.004524371 0.999990161 109.502300929
0.999965044 -0.008240573 0.001561510 -14.879284210 0.008245400 0.999961281 -0.003127575 0.636916891 -0.001535449 0.003140344 0.999993772 109.976622034
0.999968282 -0.004834327 0.006320363 -14.853081632 0.004861283 0.999979378 -0.004262264 0.640028242 -0.006299207 0.004292874 0.999971024 110.908184231
0.999885055 -0.012451502 0.008603399 -14.813661499 0.012516033 0.999893064 -0.007492613 0.639422718 -0.008508758 0.007599440 0.999935138 111.806224324
0.999848691 -0.013954549 0.010330799 -14.807869652 0.014048919 0.999859903 -0.009124193 0.639109870 -0.010201398 0.009268000 0.999905342 112.252737590
0.999792198 -0.014395392 0.014439655 -14.765236713 0.014525831 0.999854501 -0.008974923 0.644358473 -0.014307689 0.009182797 0.999855600 113.172876438
0.999750732 -0.017211277 0.014203678 -14.739009656 0.017273574 0.999841591 -0.004269763 0.657569640 -0.014127449 0.004514020 0.999890727 114.104382963
0.999737179 -0.018545751 0.013463322 -14.721791931 0.018579854 0.999824597 -0.002408874 0.663309562 -0.013415571 0.002658362 0.999907254 114.567288106
0.999657172 -0.022269504 0.013718787 -14.687360867 0.022268537 0.999751416 0.000224067 0.672979439 -0.013719924 0.000081471 0.999905990 115.493108367
0.999645542 -0.022535880 0.014153810 -14.657944100 0.022499357 0.999743304 0.002733784 0.682514907 -0.014211970 -0.002414399 0.999896126 116.446766178
0.999679387 -0.020757441 0.014498227 -14.643235001 0.020698705 0.999776877 0.004188461 0.687577636 -0.014581714 -0.003887075 0.999886279 116.923593457
0.999709189 -0.019284523 0.014460157 -14.619525563 0.019194617 0.999795387 0.006329262 0.696401678 -0.014579613 -0.006049840 0.999875309 117.869042569
0.999698828 -0.020747810 0.013099070 -14.595826812 0.020672174 0.999769353 0.005883281 0.700815799 -0.013217939 -0.005610766 0.999897221 118.814515989
0.999708835 -0.020627447 0.012487084 -14.586836918 0.020577730 0.999779832 0.004096206 0.700267190 -0.012568209 -0.003838100 0.999914022 119.283161579
0.999679445 -0.022043401 0.012443636 -14.554943200 0.022051794 0.999756892 -0.000537142 0.697410091 -0.012429231 0.000811395 0.999922981 120.222969294
0.999691898 -0.022562922 0.010341358 -14.536962781 0.022605395 0.999736010 -0.004000410 0.696572868 -0.010248206 0.004232922 0.999939274 121.160259041
0.999707090 -0.022036992 0.010013139 -14.522259911 0.022078348 0.999747903 -0.004043429 0.699065644 -0.009921885 0.004263344 0.999942204 121.637100486
0.999773391 -0.019520868 0.008450685 -14.501748786 0.019536145 0.999807748 -0.001729595 0.708015448 -0.008415435 0.001894318 0.999963162 122.560417881
0.999819064 -0.018016674 0.006024467 -14.483743743 0.018012520 0.999837212 0.000734454 0.717338040 -0.006036445 -0.000625771 0.999982128 123.497651625
0.999826175 -0.017738036 0.005742968 -14.474745342 0.017732726 0.999842194 0.000971406 0.720299367 -0.005759034 -0.000869386 0.999983186 123.966277867
0.999872288 -0.015171485 0.004989325 -14.456752054 0.015168562 0.999884726 0.000627474 0.724772047 -0.004998297 -0.000551704 0.999988162 124.903538345
0.999909931 -0.012105905 0.005720142 -14.438757408 0.012102603 0.999926361 0.000609436 0.729804717 -0.005726264 -0.000540164 0.999983384 125.840795735
0.999908576 -0.012353146 0.005444762 -14.421546978 0.012349414 0.999923258 0.000734747 0.732534694 -0.005453510 -0.000667462 0.999985489 126.303717469
0.999828633 -0.017864761 0.004768433 -14.401054829 0.017872549 0.999838570 -0.001598020 0.733654641 -0.004738439 0.001682969 0.999988200 127.227078023
0.999802501 -0.019623604 0.003033214 -14.374855328 0.019634225 0.999801168 -0.003499242 0.735496015 -0.002963848 0.003558085 0.999989463 128.158647220
0.999800477 -0.019804939 0.002399723 -14.371561226 0.019811967 0.999799450 -0.002938359 0.738995892 -0.002340896 0.002985282 0.999992734 128.619057874
0.999717622 -0.023582006 0.002956262 -14.345334751 0.023577448 0.999720856 0.001574392 0.751967063 -0.002991816 -0.001504247 0.999994279 129.550565722
0.999682516 -0.025180957 0.000546922 -14.329833221 0.025178081 0.999671904 0.004753601 0.762722423 -0.000666078 -0.004738288 0.999989040 130.501709973
0.999669337 -0.025696943 -0.000058217 -14.323342769 0.025696951 0.999658366 0.004699932 0.765286552 -0.000062253 -0.004699873 0.999989577 130.984256809
0.999640701 -0.026804266 -0.000033001 -14.296451788 0.026804273 0.999637297 0.002659441 0.767064957 -0.000038073 -0.002659347 0.999996917 131.951875782
0.999634625 -0.026910320 -0.002312302 -14.283473984 0.026914570 0.999635762 0.001834334 0.770913238 0.002262242 -0.001895853 0.999995809 132.916976509
0.999610994 -0.027712075 -0.003218535 -14.282688800 0.027718121 0.999614368 0.001868617 0.773615923 0.003165697 -0.001957073 0.999993325 133.391309961
0.999537626 -0.029847435 -0.005772982 -14.269710899 0.029853727 0.999553801 0.001012510 0.777504204 0.005740019 -0.001184393 0.999983799 134.356410468
0.999411358 -0.033455261 -0.007583177 -14.259249090 0.033440227 0.999438310 -0.002112372 0.777635347 0.007650254 0.001857544 0.999968778 135.335450089
0.999360527 -0.034808756 -0.008148584 -14.255968318 0.034770611 0.999384103 -0.004777053 0.775635324 0.008310009 0.004490661 0.999955361 135.795891059
0.999307129 -0.035727613 -0.010441204 -14.256914767 0.035654562 0.999338646 -0.007102331 0.776983564 0.010687729 0.006725215 0.999920543 136.758498731
0.999231767 -0.037105480 -0.012609785 -14.252141310 0.037031747 0.999295541 -0.006027857 0.784233137 0.012824328 0.005556259 0.999902211 137.729286494
0.999194888 -0.037744407 -0.013613436 -14.251350624 0.037683916 0.999278375 -0.004673431 0.789205782 0.013780185 0.004156681 0.999896601 138.203607434
0.999150991 -0.037890478 -0.016187990 -14.255485645 0.037822371 0.999274196 -0.004494694 0.794699712 0.016346549 0.003878636 0.999859335 139.144061231
0.999175009 -0.036002280 -0.018810957 -14.257134941 0.035831937 0.999313846 -0.009318161 0.791421007 0.019133240 0.008636454 0.999779878 140.070644979
0.999195963 -0.035224531 -0.019160547 -14.262066610 0.034999972 0.999316382 -0.011932951 0.789482338 0.019568750 0.011252721 0.999745400 140.536791395
0.999163198 -0.034974687 -0.021220396 -14.266900599 0.034695155 0.999308487 -0.013399015 0.791949294 0.021674888 0.012651589 0.999685605 141.441212449
0.999163936 -0.033866892 -0.022893311 -14.276730952 0.033629172 0.999376708 -0.010691739 0.801681706 0.023241938 0.009912869 0.999680734 142.373430262
0.999121759 -0.034407468 -0.023916989 -14.273433480 0.034192889 0.999371228 -0.009325588 0.806571557 0.024222514 0.008499639 0.999670729 142.833833255
0.999080828 -0.034486517 -0.025466425 -14.278258721 0.034275014 0.999374646 -0.008695803 0.812648447 0.025750801 0.007814973 0.999637947 143.738234410
