1.000000000 0.000000000 -0.000000000 0.000000000 0.000000000 1.000000000 0.000000000 0.000000000 0.000000000 0.000000000 1.000000000 0.000000000
1.000000012 -0.000092677 0.000081042 0.025965222 0.000092730 1.000000238 0.000116843 0.007439455 -0.000081111 -0.000116756 1.000000477 1.063372214
0.999999637 -0.000030549 0.000287683 0.035929162 0.000030605 0.999999971 -0.000174073 0.010619166 -0.000287320 0.000174157 1.000000508 1.593269457
0.999999637 -0.000279080 0.000623069 0.063588801 0.000279507 1.000000094 -0.000650371 0.017017583 -0.000623224 0.000650583 0.999999663 2.657673800
0.999999844 0.000551958 0.000630136 0.083582246 -0.000551293 0.999999621 -0.001103341 0.023717011 -0.000631402 0.001103078 0.999999345 3.740790153
0.999999020 0.000973360 0.000924134 0.093574332 -0.000972057 0.999998710 -0.001460593 0.026861783 -0.000925891 0.001459778 0.999999285 4.282349836
0.999999428 0.000749983 -0.000829950 0.107526136 -0.000752222 0.999995864 -0.002697543 0.032291233 0.000826989 0.002698287 0.999996825 5.361889857
0.999996516 0.002337683 -0.000659620 0.125870275 -0.002339073 0.999995230 -0.002190713 0.040746547 0.000654543 0.002192270 0.999998167 6.455631009
0.999994431 0.002561990 -0.002083718 0.130759428 -0.002564615 0.999996320 -0.001256473 0.046144678 0.002079847 0.001261895 0.999997011 6.994100699
0.999993338 0.003453938 -0.001391564 0.149928075 -0.003454005 0.999994408 -0.000068415 0.055633932 0.001390886 0.000073290 0.999999551 8.065022122
0.999989234 0.004588167 -0.000818909 0.177625490 -0.004587825 0.999989054 0.000433456 0.063701877 0.000820510 -0.000429623 0.999999864 9.129414193
0.999986014 0.005100110 -0.001353789 0.184201822 -0.005099356 0.999987385 0.000584682 0.067739061 0.001356767 -0.000577756 0.999999148 9.668918363
0.999980885 0.006215971 -0.000476318 0.213661613 -0.006215254 0.999979812 0.001441916 0.076490530 0.000486132 -0.001438945 0.999999151 10.745992068
0.999970893 0.007541180 -0.001215972 0.228498289 -0.007540098 0.999971042 0.000875480 0.083063990 0.001221622 -0.000866262 0.999999579 11.826035918
0.999964258 0.008272830 -0.002058709 0.235858283 -0.008273113 0.999965711 -0.000099182 0.085051038 0.002057405 0.000116300 0.999998282 12.354405214
0.999946182 0.010049026 -0.002666933 0.254034290 -0.010053138 0.999948097 -0.001527674 0.089912217 0.002652001 0.001554440 0.999996072 13.413186237
0.999940533 0.010460870 -0.003205065 0.265512216 -0.010461475 0.999945809 -0.000164044 0.099897376 0.003203291 0.000197624 0.999994929 14.491156055
0.999938627 0.010322379 -0.004092936 0.274641404 -0.010318480 0.999946641 0.000974206 0.105427039 0.004102820 -0.000931858 0.999991381 15.008861602
0.999943774 0.009821727 -0.003948146 0.320520418 -0.009811807 0.999948525 0.002527716 0.122439856 0.003973057 -0.002488802 0.999989446 17.097018128
0.999940321 0.009765372 -0.004915436 0.325349531 -0.009752199 0.999948569 0.002704368 0.126463325 0.004940942 -0.002656209 0.999984201 17.623835739
0.999942970 0.009667521 -0.004495311 0.344365427 -0.009657042 0.999950420 0.002341104 0.133038252 0.004517827 -0.002297477 0.999987281 18.659792037
0.999946538 0.009087846 -0.004906607 0.354801434 -0.009081219 0.999957702 0.001366731 0.138775128 0.004917854 -0.001322073 0.999987070 19.702294297
0.999946856 0.008896471 -0.005231064 0.360444746 -0.008890496 0.999959460 0.001174420 0.142098079 0.005241291 -0.001127757 0.999986244 20.217967113
0.999950378 0.008761454 -0.004625789 0.375157982 -0.008758927 0.999961959 0.000563570 0.148331434 0.004630454 -0.000523020 0.999989611 21.251364731
0.999955286 0.008575144 -0.003933363 0.391586576 -0.008572467 0.999963210 0.000687932 0.155728076 0.003938951 -0.000654177 0.999992359 22.274116091
0.999956796 0.008815592 -0.002871243 0.407510756 -0.008813674 0.999960791 0.000676650 0.159137959 0.002877039 -0.000651295 0.999995976 22.784272943
0.999957543 0.008875853 -0.002260775 0.437627280 -0.008873362 0.999960235 0.001105931 0.166623817 0.002270863 -0.001085803 0.999997062 23.791895092
0.999955398 0.008680093 -0.003659215 0.447072199 -0.008674660 0.999961803 0.001506939 0.174195537 0.003672149 -0.001475065 0.999993209 24.763898527
0.999959212 0.008337930 -0.003500182 0.456123607 -0.008330280 0.999963398 0.002204550 0.178845348 0.003518191 -0.002175213 0.999991989 25.258286176
0.999967596 0.006987920 -0.003995639 0.470824016 -0.006970254 0.999965509 0.004438474 0.189627214 0.004025851 -0.004410420 0.999983015 26.245001626
0.999971864 0.006370976 -0.004006564 0.483769481 -0.006351289 0.999967977 0.004910787 0.197496286 0.004037619 -0.004885157 0.999980629 27.242376195
0.999973535 0.006339246 -0.003618874 0.494470519 -0.006325217 0.999972252 0.003880008 0.199125618 0.003643309 -0.003856939 0.999986433 27.737810524
0.999965990 0.007477330 -0.003461307 0.503004067 -0.007472740 0.999971267 0.001330327 0.201824484 0.003470588 -0.001304345 0.999993801 28.732661907
0.999963304 0.008226153 -0.002406929 0.527825775 -0.008225088 0.999966664 0.000461980 0.206919864 0.002409841 -0.000442097 0.999997856 29.702241650
0.999962066 0.008335487 -0.002698906 0.533411665 -0.008334448 0.999964824 0.000378313 0.210262708 0.002701341 -0.000355783 0.999996667 30.194589954
0.999958642 0.008696646 -0.002655551 0.546303779 -0.008693741 0.999961495 0.001080878 0.218331623 0.002664867 -0.001057731 0.999996231 31.168638688
0.999952889 0.009424169 -0.002412341 0.559999236 -0.009421387 0.999955546 0.001147298 0.225220155 0.002423908 -0.001124496 0.999996647 32.131546153
0.999946099 0.009932883 -0.003152161 0.567227551 -0.009930572 0.999950034 0.000748055 0.227781788 0.003159445 -0.000716682 0.999994656 32.601600310
0.999942095 0.010389467 -0.002902902 0.577484278 -0.010389802 0.999945819 -0.000085126 0.233268431 0.002902289 0.000115335 0.999996469 33.574131311
0.999943807 0.010429924 -0.001904727 0.591980815 -0.010431341 0.999945517 -0.000723192 0.238876609 0.001896889 0.000743023 0.999998308 34.525898244
0.999943102 0.010374719 -0.002438521 0.599220213 -0.010376801 0.999945736 -0.000849712 0.241928103 0.002428670 0.000874991 0.999997042 34.995948800
0.999939665 0.010886514 -0.001852799 0.612017582 -0.010888387 0.999940321 -0.001013220 0.248367377 0.001841064 0.001033343 0.999998056 35.946685147
0.999941322 0.010786798 -0.001169195 0.632552496 -0.010786942 0.999942064 -0.000134413 0.256380162 0.001168025 0.000147053 0.999999615 36.890357887
0.999948286 0.010036804 -0.001258413 0.644987344 -0.010035758 0.999949855 0.000842120 0.261267140 0.001267147 -0.000829382 0.999999420 37.363468379
0.999954381 0.009409109 -0.001467098 0.666453145 -0.009404959 0.999951725 0.002793150 0.271178771 0.001492861 -0.002779175 0.999995008 38.319301583
0.999956362 0.009303402 -0.000638203 0.686935806 -0.009301900 0.999954458 0.002330754 0.276882209 0.000659282 -0.002324651 0.999997043 39.262991299
0.999959392 0.008991426 -0.000893361 0.695022849 -0.008990384 0.999959408 0.001122771 0.278153590 0.000903797 -0.001114684 0.999999323 39.745229362
0.999962705 0.008564738 -0.000898588 0.709403214 -0.008567686 0.999958368 -0.003273969 0.277348632 0.000870178 0.003281643 0.999994692 40.708705620
0.999986509 0.005188210 0.000535313 0.747478686 -0.005185488 0.999973592 -0.005031855 0.284281237 -0.000561391 0.005029117 0.999987422 42.163592696
0.999981340 0.005494692 0.002669882 0.769991157 -0.005492883 0.999984442 -0.000659336 0.298651093 -0.002673949 0.000644747 0.999996541 43.154891914
0.999961436 0.006262441 0.006134377 0.813217098 -0.006257222 0.999980387 -0.000861694 0.307988920 -0.006140075 0.000823300 0.999981130 44.589510371
0.999935682 0.006235700 0.009510992 0.851655124 -0.006196679 0.999972872 -0.004132230 0.308729824 -0.009536053 0.004073097 0.999946990 45.555655752
0.999914237 0.006480448 0.011346058 0.877376955 -0.006426888 0.999967811 -0.004755480 0.314364435 -0.011376955 0.004682272 0.999924725 46.537405952
0.999895800 0.006056196 0.013084472 0.892447383 -0.006006068 0.999974842 -0.003867478 0.319284507 -0.013107360 0.003788544 0.999907647 47.035377282
0.999854869 0.005552349 0.016081669 0.928529932 -0.005516752 0.999982334 -0.002257330 0.328535052 -0.016093957 0.002168327 0.999868081 48.011585576
0.999820853 0.005194993 0.018184507 0.970478298 -0.005160019 0.999985272 -0.001970395 0.335121536 -0.018194474 0.001876211 0.999832812 48.956412573
0.999801569 0.005202929 0.019244190 0.990592427 -0.005160578 0.999984131 -0.002253374 0.337728164 -0.019255170 0.002153691 0.999812690 49.434149971
0.999761209 0.004730790 0.021355880 1.029090883 -0.004681346 0.999986608 -0.002362555 0.343697488 -0.021366683 0.002262078 0.999769996 50.376932552
0.999712388 0.004459246 0.023575163 1.082141330 -0.004412658 0.999988278 -0.002030086 0.349980298 -0.023583656 0.001925557 0.999720537 51.305096510
0.999661881 0.004300554 0.025638259 1.106561512 -0.004250433 0.999988695 -0.002011663 0.353078456 -0.025646867 0.001902066 0.999669495 51.785391487
0.999615222 0.003828373 0.027472713 1.161370358 -0.003769215 0.999990832 -0.002204454 0.358590253 -0.027480369 0.002100101 0.999620425 52.737909955
0.999591771 0.003407365 0.028382227 1.217896113 -0.003318467 0.999989582 -0.003178997 0.362776143 -0.028393421 0.003083547 0.999592710 53.703124830
0.999585081 0.003313020 0.028606181 1.241499834 -0.003233526 0.999991135 -0.002825923 0.366474849 -0.028615777 0.002732288 0.999587313 54.194565337
0.999579834 0.003522599 0.028785117 1.284525181 -0.003545420 0.999993109 0.000742949 0.378859179 -0.028782421 -0.000844582 0.999585858 55.174848500
0.999568602 0.002072302 0.029307807 1.339671262 -0.002296353 0.999968713 0.007610890 0.396717584 -0.029291432 -0.007674855 0.999542460 56.150600575
0.999559484 0.001500900 0.029641448 1.367589180 -0.001753070 0.999962340 0.008483474 0.401267718 -0.029628429 -0.008531639 0.999525268 56.644596014
0.999579137 0.003413666 0.028828070 1.410200027 -0.003481164 0.999991208 0.002291612 0.396611817 -0.028820275 -0.002390969 0.999582685 57.613342257
0.999569956 0.004119243 0.029036109 1.455191461 -0.003882098 0.999958369 -0.008220705 0.384555961 -0.029068924 0.008104498 0.999545074 58.572017429
0.999587887 0.003412566 0.028504469 1.474415160 -0.003125781 0.999944334 -0.010100425 0.384494060 -0.028537164 0.010007240 0.999543207 59.060924389
0.999566857 0.003951250 0.029182220 1.521792836 -0.003830467 0.999983610 -0.004194819 0.400693930 -0.029198777 0.004081315 0.999565756 60.032078512
0.999587291 0.003704645 0.028484431 1.560504246 -0.003718731 0.999993186 0.000440278 0.414796004 -0.028482074 -0.000545978 0.999594520 60.986463491
0.999574089 0.003742327 0.028951196 1.586661825 -0.003773469 0.999992070 0.001017257 0.418752587 -0.028947616 -0.001125993 0.999581360 61.467776634
0.999554591 0.004354786 0.029513249 1.629512803 -0.004406612 0.999989126 0.001689263 0.425988272 -0.029506167 -0.001818530 0.999563654 62.424773279
0.999565740 0.005329981 0.028988649 1.669739833 -0.005388854 0.999983944 0.001951852 0.432426131 -0.028977148 -0.002107227 0.999578392 63.368576891
0.999546168 0.007895951 0.029085981 1.687296388 -0.007962807 0.999965648 0.002182488 0.435889515 -0.029067920 -0.002413090 0.999574566 63.844771278
0.999546750 0.009864136 0.028441142 1.726763960 -0.009987576 0.999941890 0.004203367 0.445447208 -0.028398872 -0.004485468 0.999586921 64.799701901
0.999583933 0.006490508 0.028094925 1.777272860 -0.006601534 0.999970461 0.003859325 0.450737398 -0.028068817 -0.004043151 0.999598406 65.749660808
0.999596335 0.005986182 0.027772901 1.804161752 -0.006065271 0.999978032 0.002765451 0.451609087 -0.027757021 -0.002932688 0.999610835 66.208184500
0.999644554 0.005812673 0.026034479 1.841623328 -0.005767394 0.999981745 -0.001815544 0.449716300 -0.026044797 0.001664824 0.999659470 67.150512636
0.999676280 0.001736399 0.025406276 1.891272820 -0.001701293 0.999997699 -0.001401349 0.456266750 -0.025409607 0.001357728 0.999676806 68.088287858
0.999736411 0.000754405 0.022943261 1.901918957 -0.000740260 0.999999422 -0.000627672 0.460585120 -0.022943688 0.000610585 0.999737196 68.537053688
0.999759249 0.000472559 0.021952090 1.940304022 -0.000446407 0.999999040 -0.001197994 0.465379624 -0.021952198 0.001187912 0.999758898 69.444858355
0.999762124 0.000531327 0.021803550 1.976097550 -0.000449190 0.999992625 -0.003772498 0.466972133 -0.021804864 0.003761802 0.999755423 70.374474212
0.999784637 0.000847574 0.020760208 1.991873537 -0.000773637 0.999992947 -0.003571268 0.470226808 -0.020763416 0.003554455 0.999778841 70.826321290
0.999812718 0.001303783 0.019290686 2.026119487 -0.001300897 0.999999517 -0.000162372 0.481907695 -0.019290544 0.000137255 0.999814301 71.731514145
0.999834584 0.001741872 0.018104233 2.064622177 -0.001783784 0.999995444 0.002302262 0.491900729 -0.018100618 -0.002334130 0.999834457 72.639280598
0.999855955 0.002588413 0.016802868 2.076143782 -0.002634422 0.999993174 0.002714872 0.495668639 -0.016796189 -0.002758648 0.999855645 73.100224895
0.999877371 0.002901659 0.015412438 2.113630081 -0.002931779 0.999993858 0.001928681 0.499983894 -0.015406611 -0.001973548 0.999880149 73.995858665
0.999906939 0.002749863 0.013357109 2.137392840 -0.002759919 0.999996141 0.000732805 0.503914967 -0.013354699 -0.000769549 0.999911458 74.894961630
0.999926213 0.003159513 0.011759435 2.141963083 -0.003167036 0.999994696 0.000620477 0.506728375 -0.011757997 -0.000657636 0.999931083 75.328490673
0.999942150 0.003102489 0.010265448 2.168236659 -0.003111892 0.999994929 0.000905741 0.512851627 -0.010262585 -0.000937587 0.999947192 76.182465506
0.999953895 0.003431173 0.008959832 2.193707893 -0.003440758 0.999993399 0.001055828 0.518920661 -0.008957303 -0.001086591 0.999959672 77.059252866
0.999970950 0.002560780 0.007184512 2.204279643 -0.002571645 0.999995968 0.001492763 0.522509137 -0.007181246 -0.001511128 0.999973704 77.484699695
0.999972397 0.004191046 0.006128458 2.223697604 -0.004199361 0.999990111 0.001346550 0.528072927 -0.006122866 -0.001372142 0.999980480 78.346242919
0.999976150 0.005255995 0.004407855 2.239668144 -0.005259907 0.999985506 0.000874688 0.533129524 -0.004403021 -0.000897803 0.999990189 79.205740919
0.999980332 0.004931688 0.003886261 2.249367915 -0.004935473 0.999987350 0.000945661 0.536143828 -0.003880938 -0.000964771 0.999992081 79.630679730
0.999987835 0.004523751 0.001701337 2.258455504 -0.004525276 0.999989940 0.000907954 0.541990481 -0.001696932 -0.000915569 0.999998825 80.474411834
0.999990228 0.004584669 -0.000081305 2.274385586 -0.004584551 0.999989166 0.000969924 0.547816760 0.000085075 -0.000969474 1.000000003 81.310579809
0.999988728 0.004727637 0.000115331 2.284051557 -0.004727706 0.999988021 0.000956871 0.550616074 -0.000111964 -0.000957325 0.999999921 81.723858019
0.999986104 0.004973469 -0.001516165 2.292300096 -0.004970074 0.999985369 0.002201815 0.558622731 0.001526471 -0.002194207 0.999996705 82.555399823
0.999979177 0.005979932 -0.002495733 2.305715261 -0.005968380 0.999971961 0.004609360 0.568469821 0.002522487 -0.004594293 0.999986546 83.378339343
0.999979674 0.005426577 -0.003446592 2.311126978 -0.005407214 0.999970204 0.005602792 0.573066957 0.003477615 -0.005584039 0.999978732 83.789043146
0.999975574 0.005312076 -0.004537129 2.323584790 -0.005283661 0.999966995 0.006261135 0.579845530 0.004569548 -0.006236979 0.999970301 84.599830803
0.999979597 0.004450361 -0.004533253 2.339472250 -0.004423180 0.999972544 0.005977515 0.585066929 0.004559833 -0.005957323 0.999972702 85.424341041
0.999977853 0.004328587 -0.005047641 2.343125308 -0.004298741 0.999973787 0.005912683 0.587865906 0.005072070 -0.005890810 0.999970077 85.834033586
0.999983407 0.003042234 -0.004910034 2.354718024 -0.003014874 0.999980334 0.005572775 0.593095634 0.004926349 -0.005557823 0.999973048 86.655982573
0.999982960 0.002660664 -0.005246906 2.369745528 -0.002624765 0.999973639 0.006840589 0.600831888 0.005264970 -0.006826630 0.999963496 87.456637721
0.999982634 0.002656328 -0.005269871 2.373409896 -0.002619079 0.999972169 0.007053892 0.604130723 0.005289111 -0.007039958 0.999961658 87.866326591
0.999975257 0.004473638 -0.005472368 2.380688901 -0.004430819 0.999959532 0.007816288 0.611088192 0.005507631 -0.007791781 0.999955435 88.662377320
0.999975584 0.003572308 -0.005987168 2.393875085 -0.003532174 0.999971088 0.006702237 0.614651907 0.006010787 -0.006680845 0.999960461 89.450376481
0.999979648 0.002722628 -0.005800111 2.402547640 -0.002694683 0.999985173 0.004810464 0.614067743 0.005812929 -0.004794678 0.999971701 89.839842959
0.999981803 0.002003149 -0.005669498 2.413020656 -0.001993264 0.999996953 0.001744245 0.614169335 0.005672664 -0.001732820 0.999983078 90.603006489
0.999982049 0.002698918 -0.005327125 2.416706954 -0.002694696 0.999996150 0.000803423 0.618035191 0.005328767 -0.000788983 0.999985602 91.362044443
0.999976633 0.004576554 -0.005026552 2.422043186 -0.004561318 0.999985359 0.003032148 0.624411622 0.005040716 -0.003009069 0.999983306 91.726086434
0.999972748 0.006422856 -0.003811206 2.426826081 -0.006391602 0.999945899 0.008161628 0.638778842 0.003863149 -0.008137001 0.999959497 92.485559431
0.999988251 0.002322230 -0.004240747 2.439891183 -0.002295613 0.999977373 0.006281708 0.640827834 0.004255143 -0.006271838 0.999971939 93.238583178
0.999989362 0.001251567 -0.004418151 2.444186916 -0.001234609 0.999991564 0.003832314 0.639182201 0.004422338 -0.003826791 0.999983579 93.602171901
0.999989468 0.003620194 -0.002929658 2.457951793 -0.003619351 0.999993083 0.000286322 0.638031280 0.002930320 -0.000275636 0.999996061 94.320744859
0.999988514 0.004501380 -0.001944933 2.464255834 -0.004500608 0.999990280 0.000402639 0.643699628 0.001946656 -0.000393832 0.999998610 95.081306278
0.999991416 0.003864918 -0.001395740 2.473972637 -0.003859229 0.999984896 0.004043235 0.652582070 0.001410996 -0.004037800 0.999991707 95.459553221
0.999993950 0.003311544 -0.001023623 2.490794510 -0.003299901 0.999931886 0.011186903 0.670088975 0.001060817 -0.011183430 0.999937780 96.202850106
0.999997451 0.002410093 -0.000176512 2.509004233 -0.002407711 0.999922271 0.012272908 0.676842438 0.000205873 -0.012272399 0.999925390 96.912263967
0.999998124 0.001786563 0.000024089 2.516719598 -0.001786797 0.999937552 0.011024380 0.677033520 -0.000004632 -0.011024388 0.999939451 97.254563775
0.999998990 0.001689399 0.000261663 2.529608232 -0.001691672 0.999961425 0.008619773 0.677677657 -0.000247148 -0.008620181 0.999963557 97.949286934
0.999993956 0.003336316 0.000721635 2.541663602 -0.003342303 0.999958416 0.008448335 0.682016314 -0.000693187 -0.008450656 0.999964276 98.620146330
0.999994353 0.003086298 0.001278017 2.551970375 -0.003096852 0.999960596 0.008375541 0.684124804 -0.001252365 -0.008379402 0.999964535 98.952306575
0.999989275 0.003578065 0.003062643 2.570866882 -0.003603170 0.999959455 0.008234763 0.688383105 -0.003033500 -0.008245636 0.999961524 99.615602284
0.999987860 0.003866291 0.003067074 2.580309744 -0.003892825 0.999954594 0.008688344 0.693708381 -0.003034128 -0.008700119 0.999958205 100.261593347
0.999991620 0.003119062 0.002853196 2.589695712 -0.003143570 0.999958064 0.008614107 0.695642485 -0.002826251 -0.008622929 0.999959141 100.569918269
0.999985675 0.003988072 0.003701319 2.604255079 -0.004018274 0.999958645 0.008167591 0.699314232 -0.003668630 -0.008182315 0.999960667 101.218994916
0.999987188 0.004092565 0.003082940 2.615244619 -0.004117787 0.999957898 0.008221949 0.703463255 -0.003049637 -0.008234492 0.999962250 101.807708187
0.999986522 0.004381499 0.003005240 2.622024509 -0.004405965 0.999956689 0.008176902 0.705389310 -0.002969500 -0.008190005 0.999962270 102.102834271
0.999987968 0.003809928 0.003138696 2.633061971 -0.003834458 0.999962026 0.007850675 0.709098559 -0.003108644 -0.007862588 0.999964809 102.714875141
0.999986994 0.003847968 0.003311369 2.645764702 -0.003873621 0.999962628 0.007786991 0.713036310 -0.003281918 -0.007799649 0.999964302 103.304614441
0.999986182 0.003738524 0.003714503 2.653400737 -0.003766836 0.999964039 0.007658572 0.714836734 -0.003685214 -0.007672405 0.999964000 103.600253687
0.999984306 0.004245919 0.003594329 2.665202214 -0.004272137 0.999964145 0.007305614 0.718185268 -0.003562844 -0.007320820 0.999967235 104.177822897
0.999981670 0.004373306 0.004218083 2.677871824 -0.004403502 0.999964234 0.007170442 0.721938021 -0.004187010 -0.007188834 0.999965884 104.755901374
0.999984381 0.004075354 0.003862697 2.681218091 -0.004102876 0.999966146 0.007149806 0.723966711 -0.003832996 -0.007165489 0.999967489 105.048977751
0.999978572 0.004832943 0.004504324 2.696440880 -0.004865436 0.999962386 0.007228403 0.727947351 -0.004469188 -0.007250097 0.999964189 105.616929085
0.999979586 0.004357721 0.004605194 2.715079779 -0.004392778 0.999961250 0.007622724 0.732330162 -0.004571595 -0.007642750 0.999961390 106.175264232
0.999980038 0.003862075 0.004897181 2.719239696 -0.003901210 0.999960619 0.008010537 0.734912928 -0.004865707 -0.008029461 0.999956246 106.445524408
0.999977858 0.004023917 0.005267179 2.732718789 -0.004071188 0.999951755 0.008988030 0.740314397 -0.005230280 -0.009009257 0.999945739 106.989116454
0.999981463 0.002936506 0.005345999 2.745279436 -0.002985710 0.999952695 0.009219117 0.744366864 -0.005318296 -0.009234881 0.999943674 107.520543996
0.999978337 0.003056871 0.005812024 2.752829676 -0.003110692 0.999952584 0.009269860 0.746212124 -0.005783352 -0.009287679 0.999941041 107.781196363
0.999974011 0.003443779 0.006414550 2.767042377 -0.003509089 0.999941918 0.010206030 0.751187845 -0.006379671 -0.010228200 0.999927991 108.278655046
0.999972610 0.002662232 0.006968998 2.784629210 -0.002728976 0.999950184 0.009585510 0.753431675 -0.006942914 -0.009604233 0.999930361 108.778182763
0.999968982 0.002369044 0.007503920 2.792091038 -0.002436174 0.999957485 0.008951241 0.753927216 -0.007482189 -0.008969212 0.999931855 109.015520686
0.999962674 0.003797582 0.007811476 2.805328193 -0.003864015 0.999956376 0.008503191 0.756309236 -0.007778753 -0.008533000 0.999933622 109.489161830
0.999962071 0.003019251 0.008184288 2.825398116 -0.003083781 0.999964572 0.007883892 0.758241004 -0.008159863 -0.007908767 0.999935950 109.955242007
0.999964202 0.002639512 0.008047134 2.827724438 -0.002701244 0.999966723 0.007675044 0.759550311 -0.008026826 -0.007696434 0.999938865 110.189500519
0.999965123 0.001584491 0.008278342 2.846837946 -0.001641832 0.999975175 0.006923309 0.761012727 -0.008267284 -0.006936591 0.999942191 110.620085358
0.999958432 0.002579380 0.008737123 2.858273400 -0.002637688 0.999974468 0.006669220 0.763530889 -0.008719807 -0.006691945 0.999940428 111.057714477
0.999954286 0.002885085 0.009112585 2.868245689 -0.002946525 0.999973034 0.006735886 0.764924026 -0.009093137 -0.006762425 0.999935861 111.261595967
0.999953129 0.003411579 0.009136389 2.877875241 -0.003464719 0.999976956 0.005801715 0.766113796 -0.009116797 -0.005832993 0.999941580 111.674886008
0.999949379 0.005106020 0.008742898 2.881504547 -0.005151274 0.999973311 0.005150704 0.767863070 -0.008717063 -0.005195461 0.999948740 112.084586269
0.999948917 0.004569910 0.009039467 2.889724640 -0.004616210 0.999976805 0.005104263 0.769022555 -0.009016121 -0.005145737 0.999946065 112.275782817
0.999942969 0.004920902 0.009436233 2.904462942 -0.004972166 0.999973489 0.005422449 0.772052656 -0.009409341 -0.005469001 0.999940808 112.657146210
0.999951377 0.003379669 0.009274602 2.917464075 -0.003428201 0.999980927 0.005223473 0.774234329 -0.009257177 -0.005254953 0.999944059 113.037491363
0.999951134 0.002987935 0.009429713 2.923960343 -0.003035341 0.999983358 0.005013068 0.775135219 -0.009414566 -0.005041440 0.999943124 113.227665336
0.999945698 0.004222015 0.009521131 2.933393554 -0.004265806 0.999980477 0.004588032 0.776599557 -0.009501622 -0.004628377 0.999944781 113.559318078
0.999939399 0.004035825 0.010211476 2.941154063 -0.004089775 0.999977700 0.005265764 0.780064662 -0.010190276 -0.005307156 0.999934754 113.889931635
0.999940844 0.004064742 0.010103838 2.950154006 -0.004121309 0.999975678 0.005588072 0.781563233 -0.010080459 -0.005629319 0.999933718 114.046651380
0.999941330 0.004576364 0.009840074 2.956986568 -0.004628818 0.999975061 0.005317915 0.783259454 -0.009815731 -0.005363106 0.999938100 114.365103520
0.999937420 0.003892894 0.010491672 2.969781859 -0.003949357 0.999978188 0.005367576 0.785295815 -0.010471532 -0.005408586 0.999930869 114.663814460
0.999935586 0.003923119 0.010702487 2.971915008 -0.003984760 0.999975767 0.005738731 0.787019651 -0.010680332 -0.005780966 0.999926576 114.816434643
0.999927310 0.004992933 0.010947625 2.982142093 -0.005059023 0.999969409 0.006019615 0.789442901 -0.010917900 -0.006074467 0.999922507 115.113606025
0.999923242 0.005294840 0.011219235 2.993148674 -0.005360599 0.999968860 0.005840536 0.790910654 -0.011187695 -0.005900243 0.999920521 115.387972303
0.999925585 0.005222146 0.011016283 2.994377400 -0.005286751 0.999969526 0.005839555 0.791905312 -0.010986380 -0.005897260 0.999922952 115.528423426
0.999936492 0.004010831 0.010535140 3.003599567 -0.004069172 0.999976372 0.005522274 0.792994403 -0.010512674 -0.005564713 0.999929111 115.778443645
0.999939193 0.002556689 0.010765029 3.017088203 -0.002605389 0.999986832 0.004507741 0.792825519 -0.010753512 -0.004535469 0.999932470 116.031034302
0.999937291 0.001967651 0.011005211 3.019951437 -0.002011172 0.999990313 0.003948120 0.792689065 -0.010997602 -0.003969996 0.999932485 116.149193849
0.999934244 0.001411102 0.011354677 3.029035913 -0.001448033 0.999994055 0.003252875 0.792808228 -0.011350024 -0.003269055 0.999930626 116.352572466
0.999935684 0.001006156 0.011318309 3.038105137 -0.001039890 0.999995311 0.002972340 0.793532170 -0.011314587 -0.002983862 0.999932253 116.544284454
0.999934605 0.000786068 0.011417178 3.043469330 -0.000818943 0.999996011 0.002876591 0.793873430 -0.011415324 -0.002885716 0.999931489 116.628990656
0.999930864 0.000799701 0.011780679 3.052478417 -0.000830730 0.999996533 0.002627089 0.794497300 -0.011778302 -0.002636664 0.999927544 116.797379014
0.999925470 0.001261868 0.012136128 3.057208143 -0.001295244 0.999995192 0.002741756 0.795809305 -0.012132829 -0.002757193 0.999922852 116.963201122
0.999923127 0.001634840 0.012295224 3.059971009 -0.001669257 0.999994360 0.002790749 0.796352456 -0.012290624 -0.002810980 0.999921216 117.034706942
0.999921536 0.002678730 0.012226756 3.061181317 -0.002717087 0.999991211 0.003123072 0.797811932 -0.012218494 -0.003155990 0.999921204 117.163492465
0.999923209 0.003213172 0.011983015 3.065791221 -0.003253467 0.999989458 0.003343538 0.798943786 -0.011972253 -0.003382233 0.999922643 117.282667165
0.999923131 0.003268946 0.011937581 3.067657130 -0.003307348 0.999989244 0.003200577 0.799087666 -0.011926926 -0.003239739 0.999924148 117.342001499
0.999923338 0.003173318 0.011944026 3.075613830 -0.003206290 0.999990780 0.002742746 0.798837146 -0.011935895 -0.002780810 0.999924725 117.439910948
0.999925058 0.002801150 0.011946603 3.077548924 -0.002834547 0.999991953 0.002780673 0.799480985 -0.011939125 -0.002814237 0.999925471 117.522565973
0.999924769 0.002628324 0.011987740 3.078497422 -0.002660993 0.999993388 0.002711137 0.799600436 -0.011980178 -0.002742771 0.999924668 117.558063882
0.999925380 0.002711489 0.011893328 3.082082857 -0.002742839 0.999993135 0.002624869 0.799812964 -0.011886114 -0.002657306 0.999926062 117.618422187
0.999923280 0.002742602 0.012037309 3.083095563 -0.002774357 0.999992462 0.002619920 0.800212438 -0.012029942 -0.002653061 0.999924688 117.677242404
0.999922583 0.002750040 0.012175361 3.085734537 -0.002782456 0.999993079 0.002648660 0.800395489 -0.012167598 -0.002682293 0.999922569 117.702102139
0.999922071 0.002539248 0.012219518 3.091075109 -0.002572819 0.999993229 0.002735238 0.800971632 -0.012213030 -0.002766424 0.999921478 117.775144431
0.999922461 0.002560530 0.012208663 3.091966863 -0.002594843 0.999993316 0.002793693 0.801140968 -0.012200694 -0.002825118 0.999921938 117.787317607
0.999920666 0.002663175 0.012343077 3.091143485 -0.002689432 0.999993963 0.002116121 0.800157014 -0.012337203 -0.002149070 0.999921892 117.810136968
0.999920487 0.002953041 0.012286983 3.091090424 -0.002952929 0.999996139 -0.000027984 0.796533089 -0.012286402 -0.000008267 0.999924982 117.821825791
0.999920163 0.002986840 0.012274802 3.093632164 -0.002975858 0.999994830 -0.000906732 0.794976531 -0.012276802 0.000870147 0.999924390 117.823373947
0.999919673 0.003067434 0.012321656 3.094454377 -0.003045035 0.999993838 -0.001837357 0.793351325 -0.012326890 0.001799749 0.999922819 117.823898132
0.999919125 0.002952912 0.012414142 3.092712683 -0.002922485 0.999993103 -0.002472288 0.792302953 -0.012421766 0.002435873 0.999920172 117.822881363
0.999918672 0.002861305 0.012432976 3.096962316 -0.002826692 0.999992589 -0.002799551 0.791579777 -0.012441500 0.002764258 0.999919593 117.813785687
0.999918663 0.002703004 0.012480024 3.095228086 -0.002662796 0.999991395 -0.003236657 0.790861312 -0.012489172 0.003203221 0.999917167 117.812766492
0.999918501 0.002634489 0.012536898 3.094374205 -0.002595587 0.999992085 -0.003118910 0.791086915 -0.012545401 0.003086191 0.999917187 117.812252595
0.999918126 0.002662374 0.012570231 3.099496042 -0.002623632 0.999992266 -0.003093760 0.790947907 -0.012578810 0.003060545 0.999916744 117.803664863
0.999916899 0.002762730 0.012600093 3.097766563 -0.002719953 0.999990319 -0.003411234 0.790439383 -0.012608975 0.003376735 0.999915550 117.802644125
0.999916686 0.002828365 0.012593160 3.096876262 -0.002775331 0.999987805 -0.004224533 0.789055441 -0.012604455 0.004189268 0.999912065 117.802142060
0.999917428 0.002849047 0.012569207 3.096858392 -0.002790392 0.999985710 -0.004683730 0.788265664 -0.012582737 0.004648344 0.999910846 117.802147866
0.999917460 0.002788506 0.012542434 3.096010940 -0.002723587 0.999982817 -0.005191582 0.787496598 -0.012557328 0.005157051 0.999908960 117.813303464
0.999917255 0.002594553 0.012592298 3.100338128 -0.002530383 0.999983626 -0.005110595 0.787643276 -0.012605728 0.005078290 0.999907895 117.827525759
0.999917499 0.002472545 0.012643728 3.101227394 -0.002407931 0.999984463 -0.005119565 0.787702644 -0.012657043 0.005088777 0.999907309 117.839699744
0.999917865 0.002310057 0.012630789 3.099590947 -0.002241788 0.999982403 -0.005425669 0.787469194 -0.012642820 0.005396934 0.999905974 117.873663533
0.999919089 0.002099170 0.012522507 3.101382243 -0.002025361 0.999980713 -0.005904462 0.786873182 -0.012534811 0.005878727 0.999904949 117.909678940
0.999920348 0.001977411 0.012455371 3.106557204 -0.001901454 0.999979947 -0.006104107 0.786524334 -0.012466773 0.006080023 0.999904010 117.924417116
0.999920322 0.001689929 0.012484312 3.104987455 -0.001611679 0.999978771 -0.006280420 0.786680874 -0.012494954 0.006259825 0.999902818 117.981702404
0.999916622 0.001377373 0.012891860 3.111987642 -0.001298789 0.999980539 -0.006099818 0.787235591 -0.012900774 0.006082601 0.999898708 118.032444964
0.999911255 0.001225630 0.013281819 3.112080901 -0.001144778 0.999980910 -0.006089875 0.787520662 -0.013289138 0.006074202 0.999893487 118.067429417
0.999896872 0.001085966 0.014329961 3.117418532 -0.000998605 0.999981170 -0.006102891 0.787966842 -0.014335996 0.006087913 0.999879489 118.140472664
0.999874905 0.000962138 0.015821635 3.123646787 -0.000865930 0.999980866 -0.006088095 0.788532372 -0.015827274 0.006073699 0.999856911 118.225689455
0.999858756 0.000854607 0.016782993 3.127209506 -0.000754095 0.999981615 -0.005994129 0.789019772 -0.016788296 0.005980680 0.999841333 118.274383557
0.999814142 0.000618774 0.019262930 3.137767209 -0.000505829 0.999983008 -0.005863309 0.789831953 -0.019266675 0.005852478 0.999797800 118.373821909
0.999748389 0.000365721 0.022421060 3.147486283 -0.000230461 0.999982038 -0.006036789 0.790264958 -0.022423150 0.006030215 0.999730681 118.484412993
0.999593240 -0.000036862 0.028512718 3.166879450 0.000206221 0.999982486 -0.005936988 0.791700705 -0.028512594 0.005940586 0.999576629 118.682266607
0.999443404 -0.000716481 0.033342951 3.183588210 0.000898142 0.999985320 -0.005431889 0.793503145 -0.033338386 0.005458860 0.999429306 118.831932078
0.999354202 -0.001207943 0.035906954 3.188122047 0.001383467 0.999987410 -0.004864253 0.795109713 -0.035900697 0.004910836 0.999344120 118.916116740
0.999130676 -0.001946199 0.041648440 3.208307732 0.002118152 0.999989666 -0.004085322 0.797444389 -0.041640035 0.004169990 0.999124302 119.079489435
0.998866773 -0.001578449 0.047568618 3.226747877 0.001771508 0.999990803 -0.004016157 0.798560741 -0.047561409 0.004095931 0.998860478 119.241846609
0.998715597 -0.001261186 0.050650565 3.240670245 0.001470981 0.999990206 -0.004105411 0.798780324 -0.050645029 0.004174742 0.998708910 119.320013904
0.998386992 -0.000085967 0.056776430 3.259143060 0.000312633 0.999992299 -0.003983269 0.800061680 -0.056775550 0.003994693 0.998379156 119.494032048
0.998009983 0.000767653 0.063057350 3.279348747 -0.000549866 0.999993835 -0.003470743 0.802001518 -0.063059881 0.003429222 0.998004470 119.669069828
0.997809370 0.000894429 0.066151836 3.295865334 -0.000691417 0.999995104 -0.003091969 0.802983887 -0.066155334 0.003039580 0.997805207 119.748768230
0.997388265 0.000663171 0.072228726 3.318651894 -0.000486473 0.999996799 -0.002463756 0.805096678 -0.072229693 0.002422217 0.997385627 119.925341453
0.996958931 -0.000353189 0.077926410 3.342256272 0.000518159 0.999997645 -0.002096393 0.806668904 -0.077926207 0.002130412 0.996957289 120.090768706
0.996721034 -0.000964945 0.080910377 3.357039535 0.001141800 0.999997178 -0.002139620 0.806972797 -0.080908460 0.002225006 0.996719549 120.169447619
0.996223516 -0.001894924 0.086805108 3.387454513 0.002118735 0.999994420 -0.002486795 0.807115049 -0.086799934 0.002661358 0.996222154 120.327321105
0.995754132 -0.002178165 0.092027374 3.412727426 0.002423867 0.999993624 -0.002557558 0.807781150 -0.092021321 0.002769852 0.995753506 120.482117311
0.995543139 -0.002011842 0.094285966 3.420645478 0.002254989 0.999994151 -0.002471392 0.808380288 -0.094280466 0.002673040 0.995542811 120.556696149
0.995092683 -0.001150287 0.098938030 3.442420558 0.001409638 0.999995701 -0.002551249 0.808869002 -0.098934413 0.002678244 0.995090660 120.686120340
0.994663397 -0.000472481 0.103173931 3.465872769 0.000771822 0.999996182 -0.002860572 0.808831482 -0.103172488 0.002924990 0.994659463 120.804910694
0.994464863 -0.000319125 0.105068386 3.475440709 0.000628348 0.999995970 -0.002910004 0.808979315 -0.105067235 0.002959967 0.994461525 120.857192959
0.994070319 -0.000292987 0.108734706 3.497987045 0.000606121 0.999995911 -0.002847207 0.809427223 -0.108733809 0.002896253 0.994067196 120.952143140
0.993672648 -0.000471551 0.112317910 3.512830218 0.000807748 0.999995852 -0.002946938 0.809821192 -0.112316084 0.003019059 0.993668612 121.054145757
0.993476930 -0.000565804 0.114032887 3.524085015 0.000912807 0.999995401 -0.002991021 0.809872669 -0.114030341 0.003075703 0.993472996 121.095791023
