1.000000000 -0.000000000 0.000000000 -0.000000000 0.000000000 1.000000000 -0.000000000 -0.000000000 -0.000000000 -0.000000000 1.000000000 -0.000000000
1.000000063 0.000273755 -0.000401254 0.002026011 -0.000273793 1.000000047 -0.000068465 0.002818765 0.000401249 0.000068586 0.999999696 0.274568606
1.000000152 0.000506804 -0.000126536 0.006320440 -0.000506748 1.000000563 0.000263799 0.009095180 0.000127688 -0.000263669 0.999999148 0.804831092
0.999999583 0.000896808 0.000588752 0.014389696 -0.000897053 0.999999411 0.000448858 0.014998533 -0.000586942 -0.000449295 0.999999663 1.329205933
0.999999203 0.000440292 0.000844357 0.018043666 -0.000440818 1.000000434 0.000584961 0.018145851 -0.000843087 -0.000585268 0.999998748 1.601245925
0.999998951 -0.000249073 0.001568840 0.028574824 0.000248454 0.999999938 0.000389419 0.023528024 -0.001568297 -0.000388952 0.999998962 2.140285835
0.999996790 -0.000039355 0.002595841 0.045045796 0.000038723 1.000000488 0.000213555 0.028705280 -0.002594949 -0.000213393 0.999996729 2.670069564
0.999992448 0.000310508 0.003786711 0.045140477 -0.000311298 1.000000132 0.000218612 0.031574902 -0.003785971 -0.000219674 0.999993047 2.929136569
0.999980027 0.001202037 0.006199943 0.062163476 -0.001204240 0.999999961 0.000358745 0.037311551 -0.006197813 -0.000366229 0.999980153 3.458072510
0.999964191 0.001065480 0.008311069 0.082415523 -0.001067153 0.999999535 0.000199161 0.042415661 -0.008310058 -0.000207961 0.999964890 3.981965317
0.999953790 0.000558189 0.009578111 0.090388222 -0.000560938 1.000000217 0.000283669 0.045359417 -0.009576876 -0.000288920 0.999953488 4.247274138
0.999927795 -0.000059721 0.012048709 0.107432466 0.000047668 1.000000329 0.000999633 0.052115784 -0.012048176 -0.000998931 0.999926571 4.776198933
0.999892198 -0.000846118 0.014670181 0.130180575 0.000825664 0.999999428 0.001402926 0.058338262 -0.014671175 -0.001390627 0.999891165 5.314738889
0.999876625 -0.000549995 0.015663972 0.137603332 0.000530858 0.999999124 0.001228601 0.060822597 -0.015663959 -0.001220093 0.999875903 5.580894405
0.999824022 0.000708511 0.018762574 0.169321639 -0.000747932 0.999998236 0.002091798 0.067668152 -0.018760103 -0.002105415 0.999821745 6.123986828
0.999772620 0.001888732 0.021248264 0.186136182 -0.001946310 0.999994846 0.002687670 0.074395465 -0.021241827 -0.002728357 0.999770589 6.671779685
0.999748151 0.001789829 0.022358857 0.203065957 -0.001854318 0.999994979 0.002864104 0.077332473 -0.022353112 -0.002904724 0.999745695 6.941647857
0.999706045 0.001264189 0.024190056 0.222856728 -0.001321926 0.999996417 0.002371079 0.082288499 -0.024186396 -0.002402315 0.999703897 7.503277771
0.999662818 0.000401611 0.025966380 0.249669913 -0.000452713 0.999998082 0.001961423 0.087128679 -0.025964409 -0.001972439 0.999660514 8.053967183
0.999627394 0.000320948 0.027292162 0.266594897 -0.000375542 0.999998401 0.001995940 0.089835750 -0.027290337 -0.002005430 0.999625033 8.323837868
0.999540601 0.000304202 0.030319450 0.301494347 -0.000341107 0.999999349 0.001208788 0.093749402 -0.030317922 -0.001218529 0.999539071 8.861912289
0.999460252 -0.000353394 0.032842741 0.334445803 0.000351383 1.000000770 0.000065744 0.096914133 -0.032841587 -0.000054108 0.999460412 9.384493850
0.999432759 -0.000180448 0.033687859 0.346725151 0.000186871 0.999999889 -0.000188634 0.099074487 -0.033687127 0.000194985 0.999432507 9.643077837
0.999360366 0.000546562 0.035748777 0.381870548 -0.000534243 1.000000269 -0.000353597 0.103796978 -0.035748260 0.000334313 0.999360200 10.162275673
0.999288135 -0.000598190 0.037726298 0.411825155 0.000635891 0.999999508 -0.000987758 0.107743268 -0.037724517 0.001011133 0.999287375 10.671030994
0.999264879 -0.001662728 0.038290716 0.427348340 0.001707524 0.999997771 -0.001137791 0.109980888 -0.038287197 0.001202400 0.999265773 10.924564090
0.999252657 -0.004533376 0.038376284 0.468783996 0.004549222 0.999989881 -0.000325080 0.116378427 -0.038373598 0.000499527 0.999262902 11.452511268
0.999277402 -0.005839255 0.037546314 0.495041677 0.005790823 0.999982710 0.001400037 0.124436746 -0.037552428 -0.001181563 0.999293312 11.967113368
0.999288325 -0.004744142 0.037414807 0.511118138 0.004684825 0.999988459 0.001673150 0.127293743 -0.037421094 -0.001496633 0.999298552 12.219798019
0.999299294 -0.002029013 0.037368015 0.537558030 0.001945482 0.999996257 0.002271146 0.133101746 -0.037371260 -0.002196775 0.999299156 12.715556969
0.999344356 -0.000431737 0.036188462 0.562952607 0.000293308 0.999993265 0.003831776 0.140610184 -0.036188647 -0.003818610 0.999337418 13.212980684
0.999377738 0.000547966 0.035253085 0.573319162 -0.000698299 0.999990897 0.004250737 0.143711150 -0.035249438 -0.004272664 0.999368769 13.456053344
0.999403164 0.000670581 0.034552956 0.597802104 -0.000816211 0.999990876 0.004198299 0.148340350 -0.034549291 -0.004223932 0.999393774 13.936324133
0.999402510 0.000518423 0.034566267 0.620380794 -0.000691505 0.999987415 0.004992792 0.154320049 -0.034562249 -0.005013622 0.999390140 14.401079115
0.999405410 0.002053216 0.034413626 0.633450825 -0.002243925 0.999982286 0.005503390 0.157498732 -0.034400258 -0.005577278 0.999392686 14.639942553
0.999395647 0.002507485 0.034667045 0.662825143 -0.002728275 0.999976660 0.006325114 0.163473490 -0.034649076 -0.006415834 0.999378462 15.112623565
0.999363360 0.003441973 0.035510478 0.682929016 -0.003696995 0.999968142 0.007117542 0.169354539 -0.035484093 -0.007244227 0.999344243 15.562720253
0.999335192 0.003881982 0.036259512 0.696780148 -0.004176549 0.999959553 0.008051977 0.173091678 -0.036226148 -0.008197987 0.999310173 15.781868169
0.999287237 0.002741724 0.037641659 0.729341713 -0.003115892 0.999946678 0.009883580 0.180371939 -0.037611349 -0.009993709 0.999242237 16.212591052
0.999229146 -0.000093440 0.039268932 0.755862859 -0.000255690 0.999960810 0.008885489 0.183028452 -0.039267827 -0.008888625 0.999188814 16.652622890
0.999210829 -0.000912796 0.039710184 0.777519525 0.000599740 0.999969069 0.007894636 0.183360686 -0.039715126 -0.007864534 0.999179914 16.878050647
0.999113738 -0.002351438 0.042026974 0.806730609 0.002074964 0.999976634 0.006621702 0.185445096 -0.042040377 -0.006528562 0.999094311 17.313880366
0.998991239 -0.000542412 0.044901680 0.837560278 0.000302043 0.999985935 0.005359930 0.187408184 -0.044903158 -0.005340870 0.998976639 17.747186388
0.998954844 0.001237394 0.045693556 0.851357880 -0.001459240 0.999987879 0.004820391 0.188576033 -0.045685899 -0.004881949 0.998944078 17.966362386
0.998904217 0.003678368 0.046654424 0.882524247 -0.003878443 0.999983587 0.004197484 0.191759268 -0.046636485 -0.004373802 0.998901953 18.417681141
0.998847130 0.005434066 0.047694253 0.912295687 -0.005610262 0.999978031 0.003559956 0.194802961 -0.047673281 -0.003823330 0.998854994 18.852658700
0.998829609 0.005366458 0.048063770 0.926114952 -0.005546415 0.999978890 0.003611375 0.197010523 -0.048042601 -0.003873627 0.998837724 19.071823334
0.998756328 0.008253520 0.049164565 0.953085480 -0.008579271 0.999943415 0.006418724 0.206295689 -0.049108089 -0.006832461 0.998769947 19.529808792
0.998714187 0.006394253 0.050278686 0.983466434 -0.006788809 0.999948263 0.007679693 0.212658013 -0.050225636 -0.008011141 0.998705515 19.963908405
0.998694560 0.005623942 0.050762150 0.999427359 -0.005997767 0.999956785 0.007215137 0.213914029 -0.050718560 -0.007510104 0.998684768 20.179716741
0.998595645 0.007890466 0.052386497 1.025600560 -0.008182834 0.999952382 0.005367868 0.214810543 -0.052340437 -0.005788923 0.998612072 20.601741747
0.998461612 0.009591888 0.054601508 1.058612714 -0.009864675 0.999940723 0.004728456 0.217781543 -0.054552070 -0.005259702 0.998496866 21.031670054
0.998398011 0.011572959 0.055390884 1.072441351 -0.011870456 0.999916714 0.005044025 0.220438980 -0.055327313 -0.005693366 0.998451431 21.250829771
0.998225557 0.015628226 0.057451472 1.108738792 -0.015980705 0.999856449 0.005680618 0.225476695 -0.057353662 -0.006588560 0.998332102 21.675685442
0.998033212 0.020642323 0.059190721 1.133805234 -0.020859787 0.999778143 0.003057944 0.225124459 -0.059113829 -0.004286547 0.998241455 22.099407445
0.997941020 0.020886853 0.060644902 1.156216966 -0.021033692 0.999777504 0.001783363 0.224765494 -0.060593679 -0.003055193 0.998157362 22.305133339
0.997891746 0.018434041 0.062226616 1.193312588 -0.018678917 0.999820701 0.003355628 0.231181438 -0.062152594 -0.004510795 0.998056219 22.710264528
0.997879290 0.016228353 0.063041564 1.231486226 -0.016569000 0.999851272 0.004884141 0.237466514 -0.062952243 -0.005918228 0.997998908 23.113713798
0.997840362 0.014894371 0.063978796 1.254486643 -0.015243585 0.999871852 0.004973095 0.239426456 -0.063895992 -0.005937539 0.997938578 23.318572672
0.997686431 0.013974996 0.066534032 1.294235960 -0.014355148 0.999883340 0.005238515 0.243530778 -0.066452620 -0.006181412 0.997770134 23.719520754
0.997562598 0.015052202 0.068130646 1.332885807 -0.015426916 0.999868710 0.004976834 0.246736253 -0.068045045 -0.006015660 0.997663695 24.122162009
0.997499448 0.015683135 0.068909499 1.355866020 -0.016032483 0.999861968 0.004519474 0.247726463 -0.068827877 -0.005612883 0.997612462 24.327031482
0.997381879 0.016455298 0.070419256 1.392329841 -0.016745145 0.999853889 0.003527252 0.249754072 -0.070350138 -0.004697119 0.997510821 24.733052309
0.997294591 0.015902633 0.071770754 1.426876288 -0.016162318 0.999864944 0.003038397 0.252502353 -0.071712126 -0.004190061 0.997416617 25.123564214
0.997258141 0.015215188 0.072416531 1.444698621 -0.015476205 0.999875633 0.003044166 0.254295926 -0.072360660 -0.004156466 0.997369753 25.317973907
0.997183376 0.013886959 0.073703619 1.486046528 -0.014127111 0.999896515 0.002737620 0.257319190 -0.073657172 -0.003771049 0.997276136 25.716408781
0.997061455 0.012712545 0.075541078 1.527920217 -0.012902432 0.999915470 0.002025736 0.259642195 -0.075508580 -0.002994329 0.997140281 26.114009635
0.997015749 0.012374824 0.076195049 1.554138643 -0.012527421 0.999921181 0.001525038 0.260439745 -0.076169755 -0.002474950 0.997091967 26.313831166
0.996940636 0.013310777 0.077015087 1.589232117 -0.013446361 0.999908882 0.001241935 0.263507486 -0.076990678 -0.002273613 0.997028464 26.703497905
0.996853564 0.014032812 0.078010945 1.622414048 -0.014201868 0.999898013 0.001612612 0.267575821 -0.077980119 -0.002715371 0.996951371 27.077652661
0.996790024 0.014444003 0.078746179 1.644022455 -0.014631564 0.999891871 0.001804836 0.269536182 -0.078710431 -0.002951098 0.996893206 27.266168809
0.996713822 0.014607196 0.079670290 1.675280971 -0.014853219 0.999886604 0.002495959 0.274035270 -0.079623867 -0.003671040 0.996818144 27.624817811
0.996636275 0.013995703 0.080749554 1.717091404 -0.014249433 0.999895933 0.002566592 0.277266601 -0.080704400 -0.003708516 0.996730557 27.985514924
0.996584298 0.013562453 0.081454744 1.735145520 -0.013833800 0.999901031 0.002767691 0.279189200 -0.081408615 -0.003884992 0.996673101 28.161055463
0.996510707 0.013227908 0.082402936 1.772874006 -0.013537194 0.999903466 0.003195663 0.282993053 -0.082351984 -0.004299936 0.996593740 28.509611969
0.996440224 0.013151331 0.083265407 1.803257962 -0.013477324 0.999904264 0.003354196 0.286392411 -0.083212736 -0.004464359 0.996521777 28.851088596
0.996379367 0.013796564 0.083888390 1.824554042 -0.014150651 0.999893139 0.003627509 0.288302300 -0.083828448 -0.004801362 0.996468047 29.021579227
0.996269776 0.015126847 0.084955306 1.859492885 -0.015529255 0.999871085 0.004077579 0.291837065 -0.084881373 -0.005381571 0.996376389 29.337453234
0.996159695 0.015614667 0.086145323 1.893015764 -0.016013262 0.999864791 0.003937832 0.294222567 -0.086071626 -0.005302095 0.996274663 29.636997081
0.996113302 0.015894471 0.086630969 1.906643531 -0.016276029 0.999861222 0.003699687 0.295127642 -0.086558496 -0.005095236 0.996233177 29.782388324
0.995995970 0.016115814 0.087928787 1.946109766 -0.016502225 0.999857499 0.003669255 0.297478179 -0.087855929 -0.005105504 0.996119533 30.072674135
0.995878355 0.016595796 0.089171812 1.980400208 -0.016985824 0.999849384 0.003616385 0.299772316 -0.089097376 -0.005116046 0.996009304 30.352509562
0.995818992 0.016619862 0.089819119 1.988859472 -0.017006969 0.999849510 0.003545966 0.300970894 -0.089745803 -0.005058607 0.995951013 30.487446598
0.995676781 0.016170781 0.091460024 2.026378964 -0.016530933 0.999859007 0.003181569 0.302632493 -0.091394762 -0.004679659 0.995802995 30.762238893
0.995509714 0.016025852 0.093291717 2.060128836 -0.016385842 0.999860806 0.003093656 0.304917084 -0.093228703 -0.004608331 0.995634017 31.042916099
0.995416756 0.015711257 0.094329476 2.080250942 -0.016090207 0.999865694 0.003257978 0.306296601 -0.094264100 -0.004760751 0.995535347 31.178202062
0.995266711 0.015729879 0.095898538 2.118554452 -0.016133771 0.999864039 0.003437394 0.308656617 -0.095830590 -0.004968239 0.995385060 31.433277305
0.995130901 0.016668069 0.097137609 2.144874876 -0.017063772 0.999849395 0.003244110 0.310405327 -0.097068111 -0.004885761 0.995265009 31.669982254
0.995046179 0.016989556 0.097950406 2.157876113 -0.017377061 0.999844734 0.003104191 0.311119484 -0.097881395 -0.004790817 0.995186249 31.779323444
0.994910263 0.017800122 0.099181804 2.188513391 -0.018170988 0.999831664 0.002836879 0.312574657 -0.099113972 -0.004624581 0.995065451 32.009298206
0.994750543 0.017796786 0.100768257 2.219147963 -0.018138792 0.999832355 0.002478464 0.313899867 -0.100706337 -0.004293184 0.994906117 32.239274388
0.994661881 0.017616410 0.101672439 2.231067017 -0.017940574 0.999836375 0.002274380 0.314544947 -0.101615391 -0.004086216 0.994815062 32.350299683
0.994516007 0.016669062 0.103249578 2.264398607 -0.016950020 0.999854602 0.001843919 0.315637959 -0.103203144 -0.003583798 0.994653878 32.576070030
0.994353297 0.016071418 0.104893491 2.300960079 -0.016280815 0.999867166 0.001140133 0.316138422 -0.104860442 -0.002841358 0.994482762 32.796796807
0.994292753 0.016018520 0.105477429 2.309324843 -0.016210411 0.999868183 0.000961825 0.316745740 -0.105447677 -0.002666081 0.994420894 32.894846492
0.994154305 0.016173095 0.106751108 2.342900089 -0.016380770 0.999865381 0.001068519 0.318537622 -0.106718422 -0.002810855 0.994284863 33.101741456
0.994014967 0.016404568 0.108002627 2.368054455 -0.016608782 0.999861905 0.000991354 0.320135855 -0.107970512 -0.002779131 0.994149775 33.303237586
0.993954668 0.016490094 0.108546303 2.378585041 -0.016695152 0.999860042 0.000980358 0.320951307 -0.108513374 -0.002786538 0.994091282 33.397918298
0.993973509 0.015887951 0.108461512 2.405901271 -0.016090473 0.999870193 0.000991987 0.322567726 -0.108431599 -0.002731125 0.994099577 33.596047530
0.993841074 0.015458351 0.109730277 2.430732478 -0.015629087 0.999877692 0.000695721 0.323595631 -0.109705518 -0.002406346 0.993960677 33.779523824
0.993767908 0.015187014 0.110428505 2.444497320 -0.015339230 0.999882390 0.000528672 0.324028476 -0.110407201 -0.002219173 0.993883930 33.869158671
0.993604381 0.015183989 0.111888188 2.473651839 -0.015317510 0.999883355 0.000333515 0.325072758 -0.111869839 -0.002045133 0.993720094 34.045901389
0.993497937 0.015828935 0.112746033 2.487303142 -0.016014580 0.999871495 0.000740796 0.327107521 -0.112718635 -0.002541467 0.993623668 34.191280285
0.993461605 0.016060626 0.113025606 2.504322027 -0.016276439 0.999867625 0.000986839 0.328107495 -0.112993473 -0.002819962 0.993591490 34.275858886
0.993349210 0.016814630 0.113907557 2.528315959 -0.017062185 0.999854485 0.001198522 0.329825176 -0.113870078 -0.003133978 0.993490329 34.442143246
0.993185229 0.017362939 0.115246202 2.554465297 -0.017628211 0.999844187 0.001282716 0.331251129 -0.115205826 -0.003305470 0.993335923 34.605064095
0.993117109 0.017312741 0.115841384 2.565231208 -0.017612740 0.999844061 0.001566289 0.332365561 -0.115795400 -0.003595708 0.993266481 34.680873796
0.993011177 0.017387072 0.116732067 2.589453590 -0.017727658 0.999841794 0.001879875 0.334052313 -0.116680593 -0.003936047 0.993161316 34.828290749
0.992930167 0.017221100 0.117442662 2.610645797 -0.017551425 0.999844439 0.001778723 0.334921066 -0.117392867 -0.003827355 0.993077831 34.961898946
0.992878339 0.016881135 0.117930167 2.618918353 -0.017183756 0.999851391 0.001549471 0.335047095 -0.117885470 -0.003564826 0.993020684 35.023060078
0.992803865 0.016174465 0.118655162 2.640324848 -0.016428027 0.999865195 0.001158920 0.335205107 -0.118619516 -0.003099768 0.992934456 35.137808299
0.992735852 0.015669950 0.119288622 2.649775960 -0.015921645 0.999873274 0.001157035 0.336081447 -0.119254224 -0.003047829 0.992858484 35.234171695
0.992700548 0.015539994 0.119597659 2.656669628 -0.015819021 0.999874601 0.001383878 0.336837720 -0.119559840 -0.003265615 0.992820722 35.278983218
0.992601630 0.016262831 0.120321601 2.672614247 -0.016597100 0.999861140 0.001776205 0.338148513 -0.120275866 -0.003759977 0.992732622 35.365241771
0.992491973 0.017875889 0.121000700 2.680692929 -0.018301570 0.999830315 0.002407243 0.339965011 -0.120935866 -0.004603597 0.992649164 35.445252171
0.992459899 0.018827840 0.121111265 2.689748045 -0.019295511 0.999810083 0.002689562 0.340719476 -0.121036876 -0.005006097 0.992634816 35.486697015
0.992422438 0.020629828 0.121125679 2.699438022 -0.021159384 0.999771759 0.003087111 0.342064748 -0.121033451 -0.005626572 0.992632028 35.564187542
0.992348061 0.021225651 0.121636462 2.705562669 -0.021775260 0.999758289 0.003190632 0.342842405 -0.121538015 -0.005814785 0.992569848 35.628708249
0.992310830 0.021098574 0.121954687 2.709428038 -0.021631953 0.999761567 0.003050972 0.342870655 -0.121860116 -0.005665557 0.992530250 35.659710033
0.992268138 0.020790275 0.122356318 2.719864332 -0.021309977 0.999768531 0.002939955 0.343104844 -0.122266123 -0.005524547 0.992481678 35.717503284
0.992222461 0.019859149 0.122882370 2.732457909 -0.020351853 0.999789098 0.002755363 0.343137281 -0.122800025 -0.005234725 0.992417282 35.771932043
0.992176087 0.019910340 0.123247746 2.730610664 -0.020395074 0.999788794 0.002672346 0.343279536 -0.123167433 -0.005164992 0.992372099 35.793323256
0.992127017 0.020093056 0.123610000 2.743211947 -0.020585147 0.999784299 0.002704745 0.343681870 -0.123528248 -0.005227885 0.992326861 35.847747972
0.992128787 0.020039881 0.123608213 2.750096451 -0.020529135 0.999785694 0.002685323 0.343998264 -0.123526097 -0.005201657 0.992327375 35.892564303
0.992114678 0.020135300 0.123701804 2.749330346 -0.020620902 0.999783985 0.002646227 0.344159610 -0.123620863 -0.005176110 0.992315887 35.912271958
0.992072566 0.019763153 0.124100035 2.755145165 -0.020280031 0.999790331 0.002902735 0.345006762 -0.124016260 -0.005396383 0.992265711 35.958765836
0.992039228 0.019386887 0.124428669 2.769910187 -0.019920973 0.999796999 0.003049179 0.345517257 -0.124343483 -0.005503555 0.992223463 36.009822672
0.992036097 0.019179034 0.124486492 2.769143249 -0.019703231 0.999801357 0.002980606 0.345638614 -0.124404262 -0.005409561 0.992217073 36.029530764
0.992037623 0.018718927 0.124541900 2.773544813 -0.019210145 0.999812165 0.002744258 0.345466467 -0.124466367 -0.005114777 0.992210834 36.059693063
0.992023540 0.018652405 0.124662401 2.779031683 -0.019132610 0.999813592 0.002655613 0.345513355 -0.124589000 -0.005019463 0.992195237 36.088169619
0.992015674 0.018542939 0.124739555 2.781506083 -0.019020447 0.999816200 0.002638058 0.345592010 -0.124666889 -0.004989513 0.992185751 36.102828131
0.992004686 0.018447240 0.124845339 2.789152734 -0.018913061 0.999818309 0.002546756 0.345557111 -0.124775188 -0.004887518 0.992172660 36.127938883
0.991991065 0.018332164 0.124971739 2.789459230 -0.018767010 0.999821524 0.002302850 0.345327660 -0.124906320 -0.004629667 0.992157491 36.145967460
0.991991480 0.018179747 0.124991806 2.794093411 -0.018610929 0.999824129 0.002282463 0.345324529 -0.124927672 -0.004590294 0.992155414 36.157260168
0.992009829 0.018048465 0.124865561 2.796571560 -0.018489672 0.999827050 0.002375207 0.345583134 -0.124800002 -0.004664874 0.992170790 36.171916713
0.992019702 0.018066132 0.124782877 2.791717468 -0.018525952 0.999826021 0.002525348 0.346027081 -0.124714350 -0.004816837 0.992180636 36.179486931
0.992015430 0.018114348 0.124806002 2.799580281 -0.018533989 0.999826508 0.002201842 0.345371417 -0.124743041 -0.004497337 0.992178379 36.185736724
0.991999331 0.018202902 0.124921887 2.800090233 -0.018518331 0.999827745 0.001363940 0.343911368 -0.124874971 -0.003666286 0.992164954 36.184911007
0.992000036 0.018046667 0.124938573 2.792752993 -0.018351364 0.999831047 0.001288032 0.343856777 -0.124892837 -0.003570435 0.992163245 36.177827303
0.992011995 0.017804659 0.124882658 2.793300645 -0.018133917 0.999835099 0.001500027 0.344206228 -0.124834591 -0.003752578 0.992169751 36.176981809
0.992004753 0.017837167 0.124936747 2.794385951 -0.018185807 0.999833711 0.001650266 0.344425263 -0.124885514 -0.003909068 0.992162779 36.175296066
0.992010440 0.017891172 0.124879634 2.795448553 -0.018179612 0.999834809 0.001170343 0.343554599 -0.124836855 -0.003431171 0.992171068 36.173622233
0.992021845 0.017850095 0.124797355 2.795988707 -0.018139341 0.999834616 0.001181348 0.343544150 -0.124755645 -0.003435574 0.992180990 36.172780673
0.992026606 0.017848595 0.124761210 2.795998497 -0.018171601 0.999833688 0.001450957 0.344014020 -0.124713776 -0.003706405 0.992185709 36.172775538
0.992021393 0.017794509 0.124810052 2.796537609 -0.018114642 0.999835108 0.001430157 0.343953584 -0.124763665 -0.003679550 0.992179526 36.171934524
0.992024707 0.017745388 0.124786941 2.797074430 -0.018054314 0.999836143 0.001344854 0.343783179 -0.124741613 -0.003586988 0.992182219 36.171094712
0.992036123 0.017738380 0.124698659 2.797074013 -0.018045438 0.999836447 0.001333014 0.343763185 -0.124653691 -0.003572549 0.992193597 36.171094930
0.992031404 0.017808337 0.124726786 2.797073805 -0.018115349 0.999834949 0.001327421 0.343753187 -0.124681165 -0.003576217 0.992190390 36.171095039
0.992030194 0.017765028 0.124738808 2.797073180 -0.018069222 0.999836129 0.001307438 0.343723196 -0.124694947 -0.003550866 0.992187894 36.171095367
0.992038268 0.017671926 0.124688033 2.797069639 -0.017962916 0.999838284 0.001209541 0.343553243 -0.124646001 -0.003439588 0.992194533 36.171097225
0.992045248 0.017746196 0.124625288 2.797605835 -0.018024803 0.999837764 0.001108213 0.343352846 -0.124584162 -0.003345663 0.992203081 36.170257741
0.992044108 0.017871724 0.124613978 2.797066931 -0.018154835 0.999834668 0.001136434 0.343423279 -0.124572227 -0.003389645 0.992204645 36.171098645
0.992040981 0.018335157 0.124573664 2.797069014 -0.018629073 0.999825745 0.001194512 0.343523251 -0.124529434 -0.003505610 0.992209452 36.171097553
0.992040935 0.018133963 0.124604968 2.797067140 -0.018419859 0.999829781 0.001142366 0.343433276 -0.124561881 -0.003428382 0.992205850 36.171098536
0.992045027 0.017788910 0.124621097 2.797604794 -0.018064344 0.999836125 0.001080127 0.343302860 -0.124580966 -0.003322636 0.992203451 36.170258287
0.992053011 0.017282325 0.124630758 2.797605835 -0.017556968 0.999846094 0.001105376 0.343352846 -0.124591737 -0.003284657 0.992201906 36.170257741
0.992057378 0.017616001 0.124549750 2.797605419 -0.017891893 0.999839798 0.001096573 0.343332851 -0.124509491 -0.003316203 0.992213125 36.170257959
0.992055986 0.017850903 0.124528503 2.797603127 -0.018120774 0.999835271 0.001034372 0.343222882 -0.124488185 -0.003282622 0.992215263 36.170259161
0.992051886 0.018079800 0.124522693 2.797601669 -0.018346474 0.999831624 0.000994931 0.343152901 -0.124482954 -0.003271490 0.992216059 36.170259926
0.992055817 0.017982645 0.124504785 2.797598962 -0.018239096 0.999833610 0.000919957 0.343022937 -0.124466404 -0.003183427 0.992218274 36.170261346
0.992049902 0.017813699 0.124575297 2.797597920 -0.018065213 0.999836685 0.000889335 0.342972951 -0.124538599 -0.003132663 0.992209597 36.170261893
0.992042887 0.017648312 0.124661333 2.798135991 -0.017891831 0.999839952 0.000833765 0.342862529 -0.124625750 -0.003057468 0.992198415 36.169421425
0.992051205 0.017828336 0.124564459 2.797597295 -0.018077997 0.999836532 0.000873895 0.342942959 -0.124527945 -0.003118739 0.992211336 36.170262221
0.992048049 0.017946038 0.124570141 2.797597712 -0.018197540 0.999834836 0.000881245 0.342962954 -0.124533007 -0.003141025 0.992210050 36.170262002
0.992037131 0.018113783 0.124635019 2.797595421 -0.018359089 0.999831777 0.000819620 0.342852984 -0.124599074 -0.003101194 0.992202076 36.170263204
0.992039052 0.017801045 0.124666017 2.798135366 -0.018043945 0.999836721 0.000819142 0.342832537 -0.124630456 -0.003061991 0.992198210 36.169421753
0.992041589 0.017711380 0.124653832 2.798137241 -0.017960106 0.999839135 0.000871737 0.342922513 -0.124617793 -0.003103519 0.992199809 36.169420769
0.992042693 0.017734075 0.124646868 2.798136199 -0.017979407 0.999837946 0.000843215 0.342872526 -0.124610673 -0.003077494 0.992200787 36.169421316
0.992038819 0.017893841 0.124654885 2.798133491 -0.018130449 0.999835273 0.000763643 0.342742562 -0.124618996 -0.003017527 0.992199546 36.169422736
0.992041947 0.017942462 0.124621268 2.798133700 -0.018180278 0.999835119 0.000771083 0.342752560 -0.124586068 -0.003030510 0.992203939 36.169422627
0.992045616 0.017794072 0.124616628 2.798135158 -0.018036082 0.999836945 0.000813719 0.342822540 -0.124581275 -0.003054753 0.992204679 36.169421862
0.992038334 0.017812156 0.124664734 2.798134741 -0.018052472 0.999836707 0.000797999 0.342802546 -0.124629521 -0.003042073 0.992197901 36.169422081
0.992041717 0.017727501 0.124655318 2.798134116 -0.017965414 0.999838738 0.000784467 0.342772554 -0.124619958 -0.003017628 0.992199319 36.169422409
0.992041651 0.017780493 0.124645550 2.798133075 -0.018014966 0.999837898 0.000753999 0.342722568 -0.124611666 -0.002993396 0.992200921 36.169422955
0.992041940 0.017817782 0.124637438 2.798135783 -0.018061929 0.999837246 0.000828993 0.342852532 -0.124602021 -0.003073500 0.992202212 36.169421534
0.992041247 0.017853758 0.124637480 2.798134949 -0.018095190 0.999836710 0.000805109 0.342812543 -0.124601657 -0.003053967 0.992201632 36.169421971
0.992046049 0.017787516 0.124611709 2.798132033 -0.018018269 0.999838071 0.000724759 0.342672582 -0.124577865 -0.002964199 0.992204873 36.169423501
0.992049250 0.017820592 0.124576828 2.798132450 -0.018053133 0.999837199 0.000737880 0.342692576 -0.124542876 -0.002980936 0.992209506 36.169423283
0.992053110 0.017889913 0.124542176 2.798132450 -0.018122679 0.999835687 0.000736015 0.342692576 -0.124507810 -0.002987114 0.992213460 36.169423283
0.992049719 0.017944605 0.124558587 2.798132450 -0.018178252 0.999834435 0.000739178 0.342692576 -0.124524086 -0.002997470 0.992212030 36.169423283
0.992051775 0.017897048 0.124551494 2.798131200 -0.018125932 0.999835874 0.000704478 0.342632593 -0.124516907 -0.002956407 0.992213076 36.169423938
0.992053171 0.017910882 0.124536097 2.798130575 -0.018137218 0.999835800 0.000683657 0.342602601 -0.124502664 -0.002936880 0.992214397 36.169424266
0.992051604 0.017841415 0.124560348 2.798132242 -0.018073280 0.999836811 0.000731408 0.342682579 -0.124526615 -0.002976727 0.992210972 36.169423392
0.992051181 0.017796513 0.124570563 2.798673437 -0.018032764 0.999837394 0.000768862 0.342722116 -0.124536190 -0.003009012 0.992210675 36.168581285
0.992049130 0.017928368 0.124566587 2.798132033 -0.018160142 0.999834948 0.000725119 0.342672582 -0.124532034 -0.002981424 0.992210374 36.169423501
0.992052034 0.017926618 0.124546699 2.798131617 -0.018156897 0.999835117 0.000713723 0.342652587 -0.124512423 -0.002969347 0.992213339 36.169423720
0.992049014 0.017964710 0.124559820 2.798132242 -0.018197615 0.999834067 0.000731998 0.342682579 -0.124525256 -0.002992772 0.992211807 36.169423392
0.992050890 0.017909650 0.124553557 2.798671354 -0.018139486 0.999835520 0.000711203 0.342622143 -0.124519522 -0.002964807 0.992211859 36.168582378
0.992049222 0.017829681 0.124582457 2.798672603 -0.018062948 0.999836943 0.000742720 0.342682127 -0.124548598 -0.002987064 0.992208246 36.168581722
0.992051047 0.017835550 0.124564030 2.798673228 -0.018071088 0.999836615 0.000761034 0.342712118 -0.124529402 -0.003005894 0.992211427 36.168581395
0.992051663 0.017870535 0.124551132 2.798673020 -0.018105357 0.999835924 0.000753436 0.342702121 -0.124516290 -0.003002407 0.992212842 36.168581504
0.992054488 0.017805091 0.124541562 2.798674478 -0.018045082 0.999836879 0.000798840 0.342772102 -0.124506435 -0.003039766 0.992213917 36.168580739
0.992048429 0.017827858 0.124587347 2.798675728 -0.018072103 0.999837018 0.000830301 0.342832085 -0.124551261 -0.003075169 0.992208068 36.168580083
0.992045241 0.017828168 0.124611826 2.798675520 -0.018071525 0.999837091 0.000822645 0.342822088 -0.124575901 -0.003067948 0.992204947 36.168580193
0.992041185 0.017758282 0.124653504 2.798676769 -0.018005414 0.999838267 0.000855992 0.342882072 -0.124618139 -0.003093533 0.992199982 36.168579537
0.992041425 0.017851655 0.124640539 2.798676353 -0.018098119 0.999836315 0.000845155 0.342862077 -0.124603849 -0.003094108 0.992201432 36.168579756
0.992041379 0.017808130 0.124644587 2.798676978 -0.018056946 0.999837047 0.000866423 0.342892069 -0.124608444 -0.003110135 0.992201137 36.168579428
0.992042732 0.017793236 0.124633140 2.798676978 -0.018041338 0.999837427 0.000862112 0.342892069 -0.124597259 -0.003103717 0.992202215 36.168579428
0.992043952 0.017717343 0.124635466 2.798673853 -0.017953880 0.999839074 0.000774780 0.342742110 -0.124600978 -0.003006222 0.992202265 36.168581067
0.992047366 0.017706631 0.124614575 2.798673020 -0.017940629 0.999839527 0.000755597 0.342702121 -0.124580095 -0.002985178 0.992204775 36.168581504
0.992050892 0.017707442 0.124585125 2.798673437 -0.017942419 0.999839422 0.000764021 0.342722116 -0.124550455 -0.002993236 0.992208252 36.168581285
0.992046172 0.017754255 0.124617366 2.798670729 -0.017980485 0.999838186 0.000690539 0.342592152 -0.124584646 -0.002925625 0.992204581 36.168582706
0.992041998 0.017773159 0.124644552 2.798670312 -0.017998310 0.999837874 0.000680189 0.342572157 -0.124611848 -0.002918074 0.992200886 36.168582924
0.992043758 0.017805263 0.124630208 2.798670937 -0.018032532 0.999837996 0.000695438 0.342602149 -0.124596815 -0.002937217 0.992203195 36.168582597
0.992040750 0.017824023 0.124652203 2.798671145 -0.018052242 0.999837511 0.000701262 0.342612146 -0.124618469 -0.002945846 0.992200530 36.168582487
0.992041290 0.017797593 0.124649214 2.798672187 -0.018029310 0.999837772 0.000730890 0.342662132 -0.124615115 -0.002972331 0.992200269 36.168581941
0.992040114 0.017794259 0.124658171 2.798671979 -0.018024904 0.999837938 0.000722378 0.342652135 -0.124624295 -0.002963505 0.992199092 36.168582050
0.992037936 0.017777181 0.124676447 2.798671979 -0.018007786 0.999838310 0.000722739 0.342652135 -0.124642747 -0.002962054 0.992196550 36.168582050
0.992037695 0.017832236 0.124672213 2.798671770 -0.018062734 0.999837135 0.000718527 0.342642138 -0.124638001 -0.002964644 0.992197500 36.168582159
0.992041394 0.017826351 0.124641120 2.798671562 -0.018056217 0.999837316 0.000714476 0.342632141 -0.124608452 -0.002959250 0.992201416 36.168582269
0.992044420 0.017826144 0.124621080 2.798669063 -0.018047094 0.999837102 0.000643895 0.342512174 -0.124588905 -0.002887739 0.992203344 36.168583580
0.992046468 0.017824763 0.124602090 2.798668646 -0.018044537 0.999837233 0.000635136 0.342492179 -0.124569827 -0.002878385 0.992206821 36.168583798
0.992047889 0.017834553 0.124588013 2.798668854 -0.018054624 0.999836995 0.000637298 0.342502177 -0.124555597 -0.002881533 0.992208431 36.168583689
0.992044705 0.017902165 0.124606302 2.798669687 -0.018126193 0.999836193 0.000664272 0.342542165 -0.124572540 -0.002917538 0.992206439 36.168583252
0.992043096 0.017896664 0.124620315 2.798671145 -0.018125133 0.999835925 0.000699412 0.342612146 -0.124586670 -0.002952531 0.992203881 36.168582487
0.992041817 0.017857505 0.124633877 2.798670104 -0.018082305 0.999837087 0.000672558 0.342562160 -0.124600416 -0.002920797 0.992202540 36.168583034
0.992046858 0.017852489 0.124594300 2.798668646 -0.018072225 0.999836639 0.000633349 0.342492179 -0.124561774 -0.002879915 0.992207808 36.168583798
0.992045400 0.017828918 0.124609117 2.798668854 -0.018049440 0.999837078 0.000640734 0.342502177 -0.124577524 -0.002884675 0.992205251 36.168583689
0.992046139 0.017872095 0.124597992 2.798667813 -0.018089257 0.999836443 0.000611528 0.342452190 -0.124566575 -0.002860460 0.992207142 36.168584236
0.992045249 0.017926638 0.124600623 2.798667605 -0.018143451 0.999835301 0.000605136 0.342442193 -0.124568206 -0.002860919 0.992206608 36.168584345
0.992046394 0.017922373 0.124585411 2.798668229 -0.018140851 0.999835245 0.000619156 0.342472185 -0.124553273 -0.002874231 0.992208391 36.168584017
0.992044780 0.017904646 0.124601339 2.798668854 -0.018125585 0.999835411 0.000639507 0.342502177 -0.124568941 -0.002892801 0.992206233 36.168583689
0.992047400 0.017871560 0.124589547 2.798668229 -0.018089594 0.999836378 0.000618650 0.342472185 -0.124557439 -0.002867421 0.992207491 36.168584017
0.992047718 0.017885461 0.124586721 2.798668021 -0.018103232 0.999836102 0.000615685 0.342462188 -0.124554526 -0.002866124 0.992208127 36.168584126
0.992046725 0.017876842 0.124595582 2.798670937 -0.018104506 0.999836420 0.000694852 0.342602149 -0.124562263 -0.002944988 0.992207136 36.168582597
0.992049650 0.017979012 0.124555959 2.798671770 -0.018210485 0.999833885 0.000719757 0.342642138 -0.124520970 -0.002982176 0.992212004 36.168582159
0.992056492 0.018006927 0.124496602 2.798666771 -0.018221172 0.999833794 0.000582023 0.342402204 -0.124465218 -0.002845787 0.992220046 36.168584782
0.992052984 0.018098719 0.124512644 2.798661148 -0.018293819 0.999832500 0.000423328 0.342132279 -0.124483530 -0.002697687 0.992217558 36.168587732
0.992050410 0.018149399 0.124524470 2.799195261 -0.018324579 0.999832157 0.000261240 0.341831910 -0.124498695 -0.002540933 0.992216012 36.167749341
0.992055549 0.018116833 0.124491715 2.799191303 -0.018277905 0.999833096 0.000151468 0.341641962 -0.124466821 -0.002425623 0.992220241 36.167751417
0.992060004 0.018215160 0.124437422 2.799168808 -0.018298949 0.999832765 -0.000469903 0.340562260 -0.124424233 -0.001810820 0.992226646 36.167763218
0.992051360 0.018362451 0.124487375 2.800196626 -0.018264515 0.999831542 -0.001928189 0.338022058 -0.124500733 -0.000360714 0.992219265 36.166107633
0.992046166 0.018488437 0.124509506 2.800701163 -0.018267486 0.999829621 -0.002916386 0.336302081 -0.124540835 0.000618860 0.992213506 36.165284757
0.992044929 0.018523424 0.124512786 2.801723566 -0.018100958 0.999826539 -0.004523569 0.333501951 -0.124574197 0.002233871 0.992207127 36.163632013
0.992046025 0.018324821 0.124532620 2.800618264 -0.017810996 0.999827816 -0.005238441 0.332323181 -0.124606685 0.002978820 0.992201573 36.165328246
0.992040619 0.017718920 0.124665409 2.803074959 -0.017134975 0.999836936 -0.005755267 0.331552071 -0.124746611 0.003573459 0.992181686 36.179996045
0.992024983 0.017018805 0.124885658 2.808537251 -0.016330124 0.999846041 -0.006536123 0.330419285 -0.124977045 0.004444678 0.992149466 36.208485495
