1.000000000 0.000000000 0.000000000 -0.000000000 -0.000000000 1.000000000 0.000000000 -0.000000000 0.000000000 0.000000000 1.000000000 -0.000000000
0.999999662 0.000779467 0.000011236 -0.002754198 -0.000779471 1.000000007 0.000196374 0.002077126 -0.000011024 -0.000196442 1.000000319 0.112393120
1.000000175 0.000946770 -0.000085582 -0.004145086 -0.000946751 1.000000053 0.000268072 0.003191182 0.000086573 -0.000267990 1.000000069 0.176399683
0.999999030 0.001400624 -0.000368247 0.002640164 -0.001400551 0.999999005 0.000251606 0.005404928 0.000369653 -0.000251083 0.999999960 0.324149709
0.999998676 0.001455060 -0.000624429 0.001085132 -0.001454934 0.999999222 0.000154998 0.007684858 0.000624675 -0.000154184 1.000000109 0.481872309
0.999999565 0.001243604 -0.000793076 -0.002900031 -0.001243500 0.999999141 0.000100441 0.008880274 0.000794670 -0.000099487 0.999999634 0.564568752
0.999999930 0.000899055 -0.001060060 0.001238788 -0.000898875 0.999999403 0.000197118 0.012067273 0.001060696 -0.000196148 0.999999984 0.762239576
0.999998535 0.000221978 -0.001672701 0.002173266 -0.000220903 0.999999746 0.000657075 0.015959638 0.001673336 -0.000656737 0.999998738 0.963735521
0.999999103 0.000235944 -0.001887323 0.003910548 -0.000234119 1.000000082 0.000955003 0.018111112 0.001887901 -0.000954593 0.999998506 1.070757097
0.999996523 0.002211814 -0.001818172 0.002882951 -0.002211419 0.999997369 0.000223262 0.020239989 0.001819035 -0.000219255 0.999999032 1.290204170
0.999989676 0.004390492 -0.001563276 0.006283998 -0.004392664 0.999989400 -0.001402768 0.021235382 0.001557644 0.001409578 0.999997799 1.535542994
0.999987140 0.004979471 -0.001530461 0.010528805 -0.004981888 0.999986422 -0.001597861 0.022968553 0.001524089 0.001605389 0.999997793 1.670746893
0.999979821 0.006218919 -0.001825187 0.007515869 -0.006218867 0.999981140 0.000025961 0.029905087 0.001826541 -0.000014633 0.999998350 1.939288439
0.999988682 0.004415180 -0.002046186 0.019826747 -0.004409725 0.999987343 0.002681179 0.038962153 0.002057821 -0.002672124 0.999994647 2.236251502
0.999994420 0.002809612 -0.001883308 0.025337524 -0.002802729 0.999989600 0.003644436 0.042885857 0.001894101 -0.003639207 0.999991977 2.385509560
0.999996761 0.001662122 -0.002107675 0.029291793 -0.001652939 0.999989631 0.004343520 0.048799529 0.002115951 -0.004340053 0.999988741 2.692494689
0.999996570 0.001782898 -0.002370854 0.031309786 -0.001774109 0.999991956 0.003699491 0.052448775 0.002377639 -0.003695379 0.999989897 3.001816334
0.999992772 0.003358720 -0.002176939 0.035565986 -0.003352705 0.999991208 0.002777350 0.058459399 0.002186475 -0.002770026 0.999994217 3.495500796
0.999992711 0.003431587 -0.001791025 0.043920966 -0.003427113 0.999991092 0.002500166 0.063320582 0.001800649 -0.002494073 0.999995194 3.843998764
0.999994409 0.003181196 -0.001410437 0.048085074 -0.003177803 0.999992112 0.002385232 0.065906655 0.001419051 -0.002380826 0.999996348 4.026056518
0.999998269 0.002029418 -0.000728243 0.058310546 -0.002027892 0.999995807 0.002133458 0.071244509 0.000733395 -0.002131965 0.999998216 4.403490208
0.999998711 0.001354802 -0.000957170 0.057016836 -0.001352895 0.999997561 0.001982591 0.076782984 0.000960391 -0.001981370 0.999997457 4.779108063
0.999998843 0.001243196 -0.001197508 0.062438318 -0.001240734 0.999997376 0.002031522 0.079869812 0.001200808 -0.002030125 0.999997565 4.975246032
0.999998972 0.001209868 -0.001219753 0.066840849 -0.001206977 0.999996768 0.002341457 0.086785294 0.001223721 -0.002340009 0.999996330 5.390804863
0.999999046 0.001539792 -0.001107165 0.075074167 -0.001535699 0.999992692 0.003664603 0.095590981 0.001112905 -0.003662999 0.999992758 5.817353686
0.999998912 0.001553392 -0.001002005 0.074700744 -0.001549016 0.999989592 0.004380016 0.100194440 0.001008748 -0.004378452 0.999989714 6.035995402
0.999999062 0.000975701 -0.001409204 0.086080348 -0.000968792 0.999987458 0.004903414 0.108026806 0.001414686 -0.004902023 0.999986950 6.489967906
0.999998622 0.001436329 -0.001641669 0.089123639 -0.001426789 0.999982334 0.005798131 0.116705253 0.001650196 -0.005795797 0.999982218 6.953900960
0.999996383 0.002127335 -0.001652696 0.096394646 -0.002116418 0.999976815 0.006577843 0.121719566 0.001667107 -0.006574371 0.999977212 7.194574616
0.999995129 0.002814208 -0.001697555 0.101362973 -0.002801357 0.999967687 0.007528264 0.130452731 0.001718649 -0.007523495 0.999970538 7.656205226
0.999991642 0.003563921 -0.002168457 0.107579772 -0.003547280 0.999964297 0.007633479 0.137936881 0.002195878 -0.007625744 0.999968352 8.131943033
0.999988376 0.004291659 -0.002505593 0.111636622 -0.004272367 0.999961286 0.007656554 0.141726814 0.002538587 -0.007645789 0.999967539 8.376471567
0.999986252 0.004826748 -0.002463895 0.121014153 -0.004805382 0.999951922 0.008607335 0.151077269 0.002505574 -0.008595405 0.999960241 8.879589269
0.999969091 0.006881383 -0.003888792 0.123368765 -0.006841008 0.999923525 0.010304981 0.161642569 0.003958972 -0.010278078 0.999939769 9.375505098
0.999957689 0.008106285 -0.004359684 0.122937135 -0.008059861 0.999911447 0.010563071 0.165948077 0.004445405 -0.010527505 0.999934585 9.625396080
0.999954503 0.008471461 -0.004530357 0.124600076 -0.008427530 0.999918020 0.009630238 0.172240035 0.004611650 -0.009591644 0.999943175 10.137767339
0.999961375 0.007342719 -0.004888916 0.139676453 -0.007302181 0.999939887 0.008257565 0.177907158 0.004949900 -0.008221570 0.999954511 10.665281711
0.999966117 0.006592621 -0.005008190 0.137314751 -0.006552983 0.999947318 0.007890484 0.181168079 0.005060383 -0.007857417 0.999957150 10.917490399
0.999973760 0.005389111 -0.005002803 0.147935211 -0.005352205 0.999958494 0.007362016 0.188179663 0.005043151 -0.007335075 0.999960319 11.434732102
0.999983409 0.004327378 -0.003820895 0.158522753 -0.004303732 0.999972057 0.006173641 0.194292370 0.003848013 -0.006157131 0.999973536 11.967610001
0.999990364 0.002732709 -0.003444890 0.170831861 -0.002713713 0.999981311 0.005508676 0.197429210 0.003460081 -0.005499312 0.999979070 12.249042017
0.999996335 -0.000659894 -0.002917452 0.180117351 0.000675155 0.999986529 0.005240456 0.205402860 0.002914676 -0.005242370 0.999982204 12.799047956
0.999992050 -0.002472413 -0.003380418 0.196420209 0.002494988 0.999974392 0.006683875 0.216642081 0.003364227 -0.006692320 0.999972063 13.371809016
0.999991692 -0.002494181 -0.003359913 0.194652185 0.002517800 0.999971998 0.007040893 0.221629692 0.003342617 -0.007049348 0.999969151 13.654468550
0.999996689 -0.000975841 -0.002488397 0.210919835 0.000994630 0.999971314 0.007563184 0.231520094 0.002481029 -0.007565681 0.999968113 14.242872745
0.999996385 -0.000547681 -0.002751613 0.221428143 0.000574400 0.999952985 0.009714179 0.244345936 0.002747202 -0.009715754 0.999949451 14.838136472
0.999993763 -0.000950222 -0.003597772 0.223491821 0.000990425 0.999937319 0.011185305 0.251403729 0.003588229 -0.011188839 0.999931174 15.131783222
0.999991022 -0.000857072 -0.004180446 0.235277654 0.000910103 0.999919449 0.012702453 0.263119533 0.004169028 -0.012706184 0.999910724 15.725529666
0.999989408 0.000938036 -0.004571274 0.236171269 -0.000880063 0.999920000 0.012666093 0.272161245 0.004583620 -0.012661985 0.999909198 16.316737403
0.999987383 0.002283318 -0.004597382 0.239501739 -0.002226647 0.999922042 0.012290695 0.275999278 0.004626673 -0.012280326 0.999914304 16.608899402
0.999981469 0.004483681 -0.004143016 0.246161053 -0.004436400 0.999925478 0.011350144 0.283355385 0.004194518 -0.011331575 0.999926916 17.193228333
0.999956929 0.008272885 -0.004311565 0.250257738 -0.008225982 0.999908178 0.010785355 0.291441764 0.004401100 -0.010749451 0.999932648 17.780614802
0.999938815 0.010052175 -0.004667731 0.245917777 -0.010002881 0.999895246 0.010464632 0.295329887 0.004772944 -0.010417327 0.999934416 18.066360089
0.999945098 0.009975113 -0.003357480 0.262792949 -0.009940406 0.999898587 0.010195175 0.304096350 0.003460095 -0.010161250 0.999943026 18.669636750
0.999953406 0.009066743 -0.003511887 0.272628264 -0.009035695 0.999921330 0.008758674 0.310748097 0.003591362 -0.008726563 0.999955574 19.265762880
0.999962742 0.007876329 -0.003671408 0.275307867 -0.007849283 0.999942476 0.007322943 0.312761461 0.003729682 -0.007293881 0.999966435 19.558720214
0.999969577 0.007169810 -0.003278881 0.293451257 -0.007152141 0.999960082 0.005370975 0.318588128 0.003317494 -0.005347440 0.999979818 20.160507807
0.999979538 0.005904383 -0.002796698 0.303286826 -0.005893305 0.999975250 0.003954570 0.325289868 0.002819941 -0.003938033 0.999988551 20.756633166
0.999983834 0.005134778 -0.002714949 0.304690175 -0.005125846 0.999981464 0.003283997 0.328663237 0.002732813 -0.003270029 0.999990588 21.051103929
0.999992036 0.003679930 -0.001967230 0.325387537 -0.003673913 0.999988342 0.003051707 0.337630128 0.001978351 -0.003044480 0.999993421 21.665396637
0.999998834 0.001514218 -0.001152620 0.339051807 -0.001511432 0.999996319 0.002400226 0.345812127 0.001156580 -0.002398487 0.999996564 22.272518309
0.999999783 0.000813910 -0.001242928 0.342353327 -0.000811636 0.999997961 0.001810427 0.349531180 0.001244001 -0.001809516 0.999997824 22.580304478
0.999997858 -0.001984822 -0.000223331 0.363013142 0.001984894 0.999998331 0.000373387 0.356689314 0.000222532 -0.000373883 1.000000126 23.210247413
0.999990833 -0.004388739 0.000495155 0.390065915 0.004388975 0.999990069 -0.000500381 0.364917393 -0.000492993 0.000502544 1.000000257 23.848124188
0.999987576 -0.004976952 0.000872010 0.397190641 0.004977731 0.999987008 -0.000948866 0.369036848 -0.000867160 0.000953152 0.999999636 24.166923321
0.999978376 -0.006519816 0.000963028 0.413333383 0.006522051 0.999976020 -0.002319849 0.376661567 -0.000946962 0.002325969 0.999997128 24.817851795
0.999975493 -0.007076480 0.000587949 0.432678737 0.007078945 0.999965670 -0.004256085 0.383240965 -0.000557444 0.004260148 0.999991392 25.464960388
0.999972053 -0.007546687 0.000279645 0.434675102 0.007547803 0.999962381 -0.004278929 0.388211042 -0.000247498 0.004280888 0.999990825 25.789884002
0.999965041 -0.008450604 0.000672549 0.451439252 0.008453744 0.999952778 -0.004846150 0.397441463 -0.000631047 0.004851675 0.999987709 26.455642852
0.999958887 -0.009086689 0.000807287 0.470097402 0.009091259 0.999941761 -0.005801225 0.406197675 -0.000754348 0.005808315 0.999983599 27.134729751
0.999959698 -0.008950087 0.000853868 0.478460673 0.008954324 0.999946593 -0.005121619 0.412688643 -0.000807040 0.005128962 0.999987024 27.483202587
0.999969811 -0.007700396 0.001281035 0.491316126 0.007704380 0.999965100 -0.003164323 0.427001960 -0.001256409 0.003174130 0.999994191 28.200353265
0.999961613 -0.008678012 0.001372691 0.509298058 0.008680623 0.999961245 -0.001876372 0.440094703 -0.001355488 0.001888167 0.999997272 28.911385167
0.999959632 -0.008932017 0.001262296 0.515737870 0.008933352 0.999960111 -0.001070983 0.446840913 -0.001252595 0.001082227 0.999998612 29.262155666
0.999952813 -0.009633925 0.001251856 0.529262664 0.009632760 0.999953687 0.000940034 0.461038148 -0.001260324 -0.000928007 0.999998555 29.962918599
0.999951645 -0.009856345 0.001036360 0.545962392 0.009853909 0.999949359 0.002330090 0.474321049 -0.001058342 -0.002319878 0.999996967 30.675481967
0.999956785 -0.009304066 0.001104250 0.544085379 0.009301138 0.999953786 0.002639163 0.480172565 -0.001127917 -0.002628855 0.999995517 31.020617523
0.999969947 -0.007685534 0.001371589 0.560136935 0.007681014 0.999965833 0.003270166 0.492160729 -0.001396650 -0.003259493 0.999994185 31.733968056
0.999967408 -0.007856510 0.001900451 0.573615128 0.007850724 0.999965096 0.003054338 0.502769441 -0.001923647 -0.003039368 0.999993568 32.450408658
0.999970078 -0.007588232 0.001580591 0.583219751 0.007584935 0.999968944 0.002064789 0.506611579 -0.001595441 -0.002052696 0.999997139 32.813010275
0.999974613 -0.006982289 0.001608620 0.591565261 0.006979351 0.999974174 0.001784314 0.517221025 -0.001620152 -0.001773103 0.999997418 33.535588463
0.999990099 -0.004072168 0.002176049 0.607558456 0.004067902 0.999989737 0.001953019 0.528881241 -0.002183582 -0.001944122 0.999995416 34.280188724
0.999993880 -0.002511423 0.002477366 0.610785126 0.002506213 0.999995290 0.002113105 0.534603045 -0.002482173 -0.002106909 0.999995262 34.634811019
0.999998019 -0.000036849 0.001929399 0.616578993 0.000030098 0.999994434 0.003486428 0.548102478 -0.001929320 -0.003486401 0.999992330 35.360413442
0.999997463 -0.000582617 0.002284635 0.639591854 0.000576873 0.999997264 0.002511325 0.557907933 -0.002286059 -0.002510034 0.999994418 36.112225443
0.999996230 -0.001642348 0.002455232 0.650452528 0.001638610 0.999997754 0.001534552 0.561990861 -0.002456618 -0.001530636 0.999995955 36.488911284
0.999993210 -0.002798921 0.002633555 0.667678479 0.002801476 0.999995426 -0.000977880 0.569312469 -0.002630660 0.000985227 0.999996356 37.247666382
0.999994407 -0.002090560 0.002721824 0.679144580 0.002095728 0.999996091 -0.001904980 0.579469530 -0.002717473 0.001910703 0.999994551 38.013282554
0.999995792 -0.001745960 0.002473317 0.684242810 0.001749897 0.999997577 -0.001597556 0.585877977 -0.002469604 0.001601878 0.999995778 38.396837333
0.999997055 -0.001910213 0.001729077 0.697620408 0.001911777 0.999997695 -0.000903437 0.599000377 -0.001725939 0.000906709 0.999998502 39.175728518
0.999995535 -0.003041381 0.000916157 0.712263578 0.003043427 0.999992741 -0.002220189 0.608663049 -0.000908500 0.002222959 0.999997686 39.953138651
0.999994348 -0.003494046 0.000139303 0.717347007 0.003494513 0.999987623 -0.003622187 0.612161879 -0.000125635 0.003622613 0.999993510 40.336738296
1.000000605 -0.000607213 -0.000016796 0.726904907 0.000607193 0.999996147 -0.002663218 0.625573787 0.000018548 0.002663121 0.999996626 41.104605878
0.999998102 0.002315457 0.000189990 0.737096474 -0.002315516 0.999997468 0.000502506 0.643001079 -0.000188114 -0.000502988 1.000000388 41.887266680
0.999994594 0.003512128 0.000261295 0.741539502 -0.003512725 0.999990941 0.002346645 0.652305242 -0.000252242 -0.002347560 0.999997670 42.287166343
0.999984552 0.005588182 -0.000520613 0.752981668 -0.005583842 0.999952511 0.007984740 0.674473736 0.000566320 -0.007981731 0.999968100 43.099464310
0.999970934 0.007555022 -0.001114058 0.763763200 -0.007541800 0.999906658 0.011417799 0.692897814 0.001201040 -0.011409091 0.999934846 43.912587213
0.999965310 0.008213385 -0.001531560 0.761148660 -0.008192569 0.999879860 0.013137382 0.702177989 0.001639406 -0.013124394 0.999912969 44.320926442
0.999944343 0.010424467 -0.001888682 0.767477083 -0.010395706 0.999838497 0.014643852 0.716926185 0.002042024 -0.014623424 0.999891026 45.108231753
0.999936375 0.011088199 -0.002255621 0.775674226 -0.011058177 0.999855941 0.012909744 0.726230826 0.002399125 -0.012884005 0.999914199 45.908941740
0.999933642 0.011377764 -0.002104028 0.783271639 -0.011352221 0.999865945 0.011775182 0.730581187 0.002238341 -0.011750531 0.999929022 46.320704127
0.999926826 0.011975189 -0.002150169 0.793985615 -0.011951739 0.999872956 0.010606314 0.741297284 0.002277031 -0.010579863 0.999942110 47.149568221
0.999930848 0.011712699 -0.001348757 0.800247285 -0.011697584 0.999874529 0.010710712 0.754067749 0.001474838 -0.010694226 0.999941507 47.968148700
0.999932440 0.011563170 -0.001601371 0.810423145 -0.011544887 0.999873033 0.010989458 0.760797430 0.001728718 -0.010970247 0.999938560 48.376805600
0.999933922 0.011482128 -0.001070546 0.824376009 -0.011470481 0.999880915 0.010304186 0.772026996 0.001190009 -0.010291245 0.999946213 49.186203443
0.999959840 0.008993273 -0.001170403 0.839606906 -0.008982288 0.999918559 0.009071103 0.782246512 0.001252698 -0.009060241 0.999958662 49.994082462
0.999969749 0.007745405 -0.000890715 0.849772594 -0.007737836 0.999936311 0.008197998 0.786976456 0.000954873 -0.008190889 0.999965960 50.402770197
0.999983365 0.005847649 0.000114575 0.868173542 -0.005848221 0.999966426 0.005760768 0.795321764 -0.000081389 -0.005761361 0.999983796 51.222464453
0.999995275 0.003213716 0.000300330 0.883365417 -0.003214633 0.999990039 0.003152110 0.803442561 -0.000290134 -0.003153098 0.999994915 52.045998169
0.999997858 0.002143715 0.001142009 0.900564961 -0.002146841 0.999994453 0.002763294 0.809107377 -0.001135615 -0.002765835 0.999995973 52.461854629
0.999997505 -0.001075956 0.002272147 0.922806511 0.001070431 0.999996779 0.002447179 0.821272637 -0.002273570 -0.002444808 0.999994361 53.292509120
0.999990865 -0.003584476 0.002409723 0.942485584 0.003578332 0.999990274 0.002535390 0.834198164 -0.002418430 -0.002526741 0.999994264 54.126220686
0.999987831 -0.004390245 0.002510534 0.953296647 0.004385024 0.999988294 0.002088826 0.839672917 -0.002518982 -0.002077801 0.999994798 54.534129737
0.999985364 -0.004343644 0.003252025 0.972344648 0.004342824 0.999991143 0.000270217 0.849092992 -0.003252971 -0.000256143 0.999994949 55.353040221
0.999981623 -0.005039749 0.003616399 0.997781689 0.005044898 0.999985975 -0.001430993 0.858813115 -0.003608911 0.001449172 0.999992889 56.179896418
0.999984156 -0.004117304 0.004048254 1.006666953 0.004125500 0.999989309 -0.002018009 0.864083171 -0.004039831 0.002034603 0.999990147 56.590110224
0.999978451 -0.004924135 0.004432994 1.025721769 0.004937729 0.999983569 -0.003060673 0.874843070 -0.004417834 0.003082494 0.999985645 57.409000048
0.999974944 -0.005465565 0.004733878 1.052461259 0.005477566 0.999982211 -0.002530533 0.888352511 -0.004719537 0.002556380 0.999985672 58.234263414
0.999978579 -0.004679423 0.004772514 1.058152811 0.004686735 0.999987634 -0.001523665 0.896417658 -0.004764825 0.001545953 0.999987747 58.648270119
0.999987837 -0.002617327 0.004201424 1.068245013 0.002619072 0.999996898 -0.000416155 0.911028335 -0.004200082 0.000427147 0.999991565 59.477841360
0.999979651 -0.003223832 0.005626190 1.089853446 0.003222614 0.999995139 0.000229368 0.924858467 -0.005626947 -0.000211279 0.999984080 60.309237379
0.999982707 -0.002751957 0.005382290 1.101283882 0.002750067 0.999996683 0.000359458 0.931538975 -0.005383010 -0.000344676 0.999986131 60.731982973
0.999987718 -0.001482245 0.004693451 1.120958530 0.001482475 0.999999302 -0.000042548 0.943594616 -0.004692834 0.000049464 0.999988960 61.565707953
0.999981532 0.001130580 0.006031517 1.139996908 -0.001131454 0.999999921 0.000144161 0.956695212 -0.006031255 -0.000151013 0.999981873 62.400184020
0.999979195 0.003407300 0.005527936 1.151431261 -0.003411395 0.999994180 0.000726343 0.964145618 -0.005525491 -0.000745141 0.999984693 62.822917743
0.999961205 0.007310452 0.005021686 1.165979939 -0.007315581 0.999972695 0.001008695 0.977521820 -0.005013901 -0.001045439 0.999987269 63.662759957
0.999883316 0.014794574 0.004019513 1.167113747 -0.014813218 0.999880158 0.004648276 0.996813166 -0.003949747 -0.004707320 0.999980980 64.502999818
0.999917119 0.012326686 0.003778899 1.179192509 -0.012347646 0.999908579 0.005577944 1.004818407 -0.003709215 -0.005624167 0.999977871 64.924957786
0.999930291 0.011074078 0.004364176 1.198867310 -0.011096733 0.999924746 0.005200231 1.016904045 -0.004305624 -0.005248366 0.999976776 65.758682304
0.999855783 0.016066388 0.005523013 1.208940285 -0.016088753 0.999862805 0.004027584 1.027735219 -0.005457523 -0.004115897 0.999976905 66.588311823
0.999827022 0.017498728 0.006444244 1.222291638 -0.017522984 0.999839877 0.003720789 1.033660551 -0.006377782 -0.003833135 0.999972482 67.008767464
0.999862026 0.014956266 0.007294542 1.245838739 -0.015000276 0.999869479 0.006016273 1.050225048 -0.007203909 -0.006124885 0.999955318 67.837819720
0.999906709 0.011839157 0.006912078 1.266869251 -0.011913801 0.999870084 0.010859366 1.070998354 -0.006782652 -0.010940724 0.999916938 68.654253541
0.999921537 0.010773598 0.006412714 1.275772418 -0.010851997 0.999865182 0.012319860 1.079787947 -0.006278732 -0.012388520 0.999903398 69.064413077
0.999931233 0.009725664 0.006659240 1.287811893 -0.009811029 0.999868493 0.012909038 1.093252495 -0.006532313 -0.012973510 0.999894608 69.876078056
0.999937191 0.008440957 0.007494719 1.313287906 -0.008534836 0.999885050 0.012584723 1.105061338 -0.007386893 -0.012647920 0.999893123 70.687279709
0.999939669 0.007576940 0.007992209 1.333692860 -0.007672264 0.999899045 0.011964701 1.110230760 -0.007899858 -0.012025330 0.999896382 71.099307809
0.999950255 0.006182141 0.007850062 1.357268056 -0.006270290 0.999917269 0.011254931 1.121173988 -0.007779075 -0.011303619 0.999906190 71.897202073
0.999960674 0.004232648 0.007895883 1.375707873 -0.004312845 0.999939187 0.010167332 1.131588019 -0.007851899 -0.010201000 0.999917672 72.701242094
0.999967324 0.002908475 0.007615137 1.390364380 -0.002979402 0.999952176 0.009319053 1.136262328 -0.007587032 -0.009341465 0.999927711 73.104560290
0.999973409 0.000511558 0.007379274 1.417131254 -0.000561688 0.999976603 0.006792857 1.144010517 -0.007375262 -0.006796848 0.999949630 73.898667822
0.999974827 -0.001695798 0.006976333 1.441960315 0.001655107 0.999981859 0.005833810 1.154764591 -0.006986121 -0.005822149 0.999958733 74.710652939
0.999974998 -0.002087170 0.006818324 1.453414972 0.002048803 0.999982024 0.005630301 1.160634201 -0.006829440 -0.005616235 0.999960958 75.117788702
0.999968039 -0.003615450 0.007123708 1.475691017 0.003571556 0.999974774 0.006162215 1.174008297 -0.007145546 -0.006136591 0.999955586 75.932802218
0.999962712 -0.004767744 0.007329865 1.501173795 0.004719433 0.999967123 0.006593698 1.187146965 -0.007360337 -0.006558893 0.999951336 76.743983365
0.999967720 -0.004302186 0.006933008 1.507522684 0.004258502 0.999971138 0.006304334 1.192736342 -0.006959840 -0.006274658 0.999956264 77.141638710
0.999967687 -0.002834278 0.007627869 1.532353220 0.002792247 0.999980662 0.005518429 1.203780377 -0.007642915 -0.005497008 0.999955767 77.953619356
0.999969811 -0.000921177 0.007771858 1.562927625 0.000886626 0.999990238 0.004446446 1.214419645 -0.007775752 -0.004439430 0.999960391 78.774323782
0.999970631 0.001241794 0.007551709 1.571174228 -0.001273403 0.999991025 0.004184166 1.220264717 -0.007546120 -0.004193717 0.999962646 79.185295922
0.999958949 0.006332607 0.006499601 1.580670767 -0.006360695 0.999970692 0.004310538 1.232758755 -0.006471404 -0.004351769 0.999969370 79.984422329
0.999947137 0.008702629 0.005491026 1.601026506 -0.008731843 0.999947964 0.005320516 1.247008011 -0.005443716 -0.005368171 0.999970347 80.801723949
0.999934196 0.010240631 0.005216149 1.609925859 -0.010273609 0.999927396 0.006336055 1.255047702 -0.005150401 -0.006389254 0.999966878 81.211895048
0.999912578 0.012534782 0.004322072 1.623871744 -0.012568804 0.999890116 0.007931550 1.270477721 -0.004222374 -0.007985223 0.999959533 82.036850457
0.999896512 0.014024086 0.003220467 1.635911321 -0.014051088 0.999865587 0.008521319 1.283962266 -0.003099690 -0.008565729 0.999958764 82.848515127
0.999892559 0.014287899 0.003407174 1.647367860 -0.014316468 0.999861114 0.008526364 1.290201827 -0.003284224 -0.008574213 0.999958370 83.255645186
0.999918820 0.012248277 0.003496804 1.665174916 -0.012277460 0.999888741 0.008450901 1.302350722 -0.003392341 -0.008493179 0.999957898 84.060425655
0.999940816 0.010648043 0.002381366 1.680396445 -0.010669605 0.999900962 0.009241458 1.316300752 -0.002281669 -0.009266344 0.999954647 84.883869486
0.999944242 0.010334685 0.002416868 1.688009422 -0.010358084 0.999897734 0.009878814 1.323710710 -0.002313617 -0.009903326 0.999948333 85.295584695
0.999933977 0.011248471 0.002525868 1.701956579 -0.011277104 0.999869094 0.011626120 1.339390696 -0.002394086 -0.011653864 0.999929503 86.120536249
0.999928878 0.011822506 0.002111611 1.708230558 -0.011849232 0.999844067 0.013128276 1.354580842 -0.001955524 -0.013152382 0.999912010 86.939079417
0.999931152 0.011623576 0.001954678 1.716479297 -0.011648216 0.999846372 0.013111504 1.360845859 -0.001801117 -0.013133372 0.999912765 87.350045081
0.999949299 0.010065554 0.000981105 1.731070720 -0.010076699 0.999875922 0.012110865 1.371480412 -0.000858537 -0.012120158 0.999926512 88.158684899
0.999962757 0.008546492 0.001454416 1.745012139 -0.008560812 0.999912074 0.010134968 1.380460275 -0.001367348 -0.010147062 0.999947959 88.968117432
0.999967749 0.007940562 0.001733962 1.750716416 -0.007956669 0.999923139 0.009486113 1.385454821 -0.001657992 -0.009499624 0.999953334 89.366549149
0.999969020 0.007671823 0.002051661 1.769839613 -0.007692118 0.999919429 0.010072833 1.398512408 -0.001973750 -0.010088336 0.999946754 90.154158872
0.999978310 0.006532235 0.001065738 1.788960877 -0.006543005 0.999924592 0.010446995 1.411190046 -0.000996369 -0.010453768 0.999945287 90.941774454
0.999984324 0.005483864 0.001236411 1.801724553 -0.005496097 0.999933989 0.010118702 1.416568532 -0.001180131 -0.010125371 0.999948472 91.331761054
0.999990979 0.004282930 0.000673953 1.819575168 -0.004288688 0.999952328 0.008810480 1.426135757 -0.000635062 -0.008813316 0.999961404 92.105336661
0.999991692 0.004262340 0.000426441 1.839985411 -0.004265137 0.999968009 0.006763612 1.434382790 -0.000397631 -0.006765399 0.999977189 92.875863827
0.999989679 0.004606266 0.000272190 1.846357402 -0.004607815 0.999971844 0.006012865 1.438941297 -0.000243935 -0.006014097 0.999981589 93.257912732
0.999992573 0.003930654 -0.000024374 1.864222818 -0.003930406 0.999972534 0.006386885 1.451418139 0.000050256 -0.006386775 0.999980425 94.031443473
0.999987077 0.005092044 -0.000807916 1.875037329 -0.005085932 0.999959953 0.007407504 1.465180822 0.000845480 -0.007403335 0.999972537 94.813393583
0.999981517 0.005961889 -0.001668782 1.875002468 -0.005949053 0.999953698 0.007596875 1.471510014 0.001714433 -0.007586840 0.999969785 95.203087181
0.999971746 0.007585078 -0.000732254 1.892837712 -0.007579300 0.999942211 0.007607476 1.483627909 0.000790444 -0.007601738 0.999970608 95.992245793
0.999962674 0.008669549 -0.001014872 1.904281474 -0.008661994 0.999936693 0.007221723 1.494965819 0.001077964 -0.007212685 0.999973892 96.773466093
0.999955959 0.009320547 -0.001778772 1.908743230 -0.009305856 0.999923950 0.008100587 1.502379225 0.001854279 -0.008083709 0.999965664 97.157772575
0.999949966 0.009780009 -0.002248753 1.920847372 -0.009757347 0.999904327 0.009875745 1.517411558 0.002345785 -0.009853348 0.999948344 97.938168709
0.999956884 0.009175794 -0.002021500 1.937437806 -0.009152683 0.999895561 0.011159026 1.531498372 0.002124541 -0.011140057 0.999935854 98.713209024
0.999960902 0.008664237 -0.002159328 1.944461072 -0.008638789 0.999896512 0.011525696 1.537961537 0.002259910 -0.011506605 0.999932006 99.094461360
0.999965122 0.007885538 -0.002883802 1.958493007 -0.007854604 0.999913021 0.010586136 1.548018244 0.002967728 -0.010563132 0.999940378 99.857010281
0.999967731 0.007442231 -0.003258607 1.978290284 -0.007413601 0.999935191 0.008712273 1.556319356 0.003323701 -0.008687862 0.999957114 100.612681477
0.999967844 0.006923362 -0.004096701 1.979551778 -0.006893194 0.999949165 0.007332668 1.559667752 0.004148012 -0.007304217 0.999965163 100.985264303
0.999976251 0.004876910 -0.004964221 1.992952894 -0.004854489 0.999977926 0.004516809 1.566269001 0.004987200 -0.004492612 0.999978161 101.733011371
0.999978882 0.003979010 -0.005305190 1.999951430 -0.003962464 0.999987896 0.003125505 1.575480824 0.005318671 -0.003104497 0.999981107 102.488390181
0.999978382 0.004071178 -0.005179863 2.003789540 -0.004055947 0.999987222 0.002944267 1.580848587 0.005192317 -0.002923216 0.999982584 102.857873070
0.999979860 0.004092478 -0.004869372 2.019142142 -0.004076943 0.999987199 0.003197028 1.592703869 0.004883653 -0.003177119 0.999983065 103.603237523
0.999977156 0.004937275 -0.004706723 2.028104635 -0.004922214 0.999982828 0.003205006 1.604049131 0.004723307 -0.003181851 0.999983353 104.340659501
0.999974099 0.005471032 -0.004835056 2.032589085 -0.005453766 0.999978435 0.003576589 1.610351680 0.004855073 -0.003550125 0.999982135 104.709360777
0.999968148 0.006238026 -0.005135525 2.046689552 -0.006216137 0.999971989 0.004266045 1.622736071 0.005162370 -0.004234038 0.999978019 105.440629134
0.999955609 0.007678108 -0.005485523 2.053751840 -0.007656501 0.999962716 0.003948469 1.633335702 0.005516610 -0.003906273 0.999977060 106.164741873
0.999950250 0.008409542 -0.005481832 2.062084278 -0.008386579 0.999956223 0.004197075 1.639337739 0.005517365 -0.004150938 0.999976560 106.528844585
0.999938967 0.009394085 -0.005921989 2.072999741 -0.009368365 0.999946918 0.004355579 1.650656725 0.005964029 -0.004299831 0.999972966 107.248343033
0.999928570 0.010384941 -0.005988089 2.083318372 -0.010364631 0.999940494 0.003414048 1.659629102 0.006023176 -0.003351812 0.999976622 107.937400194
0.999920245 0.011207767 -0.005881267 2.081443242 -0.011184794 0.999929455 0.003927148 1.665850569 0.005925435 -0.003861121 0.999975037 108.282530045
0.999936142 0.009789388 -0.005740128 2.094314626 -0.009763043 0.999942263 0.004592487 1.677723202 0.005785590 -0.004536164 0.999973084 108.984096022
0.999942716 0.008729885 -0.006283025 2.098199742 -0.008700651 0.999951515 0.004664911 1.688797225 0.006324317 -0.004610027 0.999970000 109.696415108
0.999949275 0.008231707 -0.005962793 2.104634569 -0.008202580 0.999954428 0.004894012 1.694563564 0.006003172 -0.004844861 0.999969966 110.047200717
0.999951852 0.008296602 -0.005273663 2.112400693 -0.008267542 0.999950569 0.005506744 1.706255950 0.005319483 -0.005462907 0.999971057 110.739284735
0.999967871 0.006524937 -0.004707654 2.117629680 -0.006495074 0.999958666 0.006331377 1.718117676 0.004749094 -0.006300611 0.999969306 111.418812604
0.999963589 0.007190393 -0.004716622 2.118961130 -0.007158553 0.999952117 0.006734339 1.724073720 0.004765086 -0.006700347 0.999966915 111.760110550
0.999960528 0.007367964 -0.005143052 2.126085338 -0.007330314 0.999946521 0.007302070 1.735701206 0.005197474 -0.007264104 0.999960232 112.452962768
0.999978515 0.004658839 -0.004694266 2.139614058 -0.004627466 0.999966740 0.006673882 1.745098069 0.004725164 -0.006652035 0.999967246 113.138177385
0.999985521 0.003622983 -0.004210390 2.142864746 -0.003595670 0.999972960 0.006475873 1.749968980 0.004234823 -0.006460677 0.999970373 113.477190464
0.999986092 0.004366133 -0.003285353 2.159608337 -0.004344144 0.999968165 0.006670524 1.760730203 0.003315175 -0.006656188 0.999972306 114.158548045
0.999989429 0.004271088 -0.002185356 2.171886856 -0.004256412 0.999968506 0.006674822 1.771036125 0.002214498 -0.006665468 0.999975687 114.829660708
0.999991340 0.003944517 -0.001754497 2.178347735 -0.003932530 0.999969544 0.006777671 1.776351519 0.001782066 -0.006770744 0.999975489 115.164830935
0.999986946 0.005096558 -0.001372557 2.188733017 -0.005086471 0.999961284 0.007257687 1.787281629 0.001409943 -0.007250648 0.999972588 115.822613237
0.999977271 0.006794383 -0.000229448 2.194027739 -0.006791940 0.999932943 0.009373398 1.800921112 0.000293244 -0.009371655 0.999956144 116.470869022
0.999975033 0.007096660 -0.000042412 2.200494975 -0.007095859 0.999922643 0.010199876 1.807486341 0.000114814 -0.010199346 0.999947687 116.806019977
0.999989393 0.004771362 0.000550461 2.213435552 -0.004777894 0.999910114 0.012554815 1.821816641 -0.000489861 -0.012557336 0.999921347 117.476303386
0.999981278 0.005982186 0.001425779 2.223808668 -0.006002545 0.999873334 0.014729437 1.835927337 -0.001336998 -0.014737739 0.999890981 118.149658979
0.999975067 0.006758195 0.002267575 2.236662758 -0.006792379 0.999858605 0.015421902 1.842362670 -0.002162413 -0.015436953 0.999878686 118.492762277
0.999936892 0.010785659 0.003300298 2.247021988 -0.010837114 0.999814017 0.015992217 1.853743726 -0.003126542 -0.016026995 0.999866815 119.166159960
0.999924703 0.011576193 0.004112966 2.262502702 -0.011650220 0.999761801 0.018457312 1.868494608 -0.003897827 -0.018503865 0.999821358 119.848990421
0.999915302 0.012286121 0.004354742 2.269588499 -0.012369838 0.999728218 0.019746784 1.876105612 -0.004110576 -0.019798989 0.999796121 120.198980386
0.999903402 0.013250082 0.004372785 2.277370492 -0.013343752 0.999666483 0.022131205 1.890917588 -0.004077899 -0.022187422 0.999746046 120.891016301
0.999868403 0.015461355 0.005024648 2.285125315 -0.015579998 0.999578523 0.024492817 1.905960538 -0.004643383 -0.024567865 0.999688077 121.598670989
0.999844841 0.016744693 0.005575275 2.290919802 -0.016878260 0.999549564 0.024829663 1.911971936 -0.005156475 -0.024919888 0.999676537 121.950220019
0.999814848 0.018041206 0.006753238 2.306995019 -0.018204976 0.999521459 0.025029010 1.923039216 -0.006297621 -0.025147344 0.999664367 122.647962416
0.999786836 0.019482237 0.006917542 2.320467313 -0.019643880 0.999515779 0.024131246 1.932488081 -0.006443986 -0.024262012 0.999685162 123.364420903
0.999785700 0.019327291 0.007489677 2.324327557 -0.019497640 0.999536869 0.023388084 1.936635000 -0.007033236 -0.023529148 0.999698518 123.718300282
0.999822622 0.016603625 0.008903102 2.351848438 -0.016790772 0.999630674 0.021376654 1.944194104 -0.008544592 -0.021522376 0.999732519 124.449154187
0.999831399 0.015377960 0.010083171 2.374894176 -0.015557852 0.999716591 0.018017127 1.949318167 -0.009802761 -0.018170969 0.999786914 125.169793703
0.999834880 0.014839869 0.010534140 2.385138477 -0.015015935 0.999745509 0.016836531 1.952785262 -0.010281196 -0.016991944 0.999802711 125.531633904
0.999836578 0.013341302 0.012248555 2.410732389 -0.013518615 0.999803899 0.014509290 1.959909699 -0.012052466 -0.014672529 0.999819570 126.264796111
0.999857235 0.011235630 0.012623402 2.438863845 -0.011387550 0.999863180 0.012029269 1.966944785 -0.012485216 -0.012171329 0.999848112 127.010513233
0.999860196 0.011137255 0.012522743 2.449724976 -0.011276659 0.999874762 0.011118416 1.971117700 -0.012396261 -0.011258089 0.999860069 127.387197686
0.999858852 0.010972452 0.012769692 2.472725426 -0.011084524 0.999900278 0.008739033 1.978483477 -0.012672363 -0.008879376 0.999880050 128.139047306
0.999860890 0.011583602 0.012063746 2.494424181 -0.011672364 0.999905126 0.007315480 1.987780187 -0.011977186 -0.007455280 0.999900403 128.908023887
0.999856129 0.012363939 0.011673873 2.504649907 -0.012447238 0.999897544 0.007091250 1.993168035 -0.011583899 -0.007235560 0.999907283 129.285456806
0.999857257 0.012591342 0.011325444 2.521902714 -0.012678592 0.999890549 0.007666234 2.005768948 -0.011227672 -0.007808745 0.999907026 130.044130498
0.999867775 0.011645183 0.011383374 2.546823307 -0.011735256 0.999900235 0.007879046 2.017799840 -0.011289587 -0.008011615 0.999904356 130.809228920
0.999869012 0.011911669 0.011030823 2.553842199 -0.011997414 0.999898006 0.007742369 2.023403118 -0.010937878 -0.007873700 0.999909437 131.190494515
0.999862931 0.012314260 0.011105433 2.572339664 -0.012392771 0.999898888 0.007028079 2.034005115 -0.011017328 -0.007164788 0.999914185 131.963286967
0.999879458 0.010542873 0.011406052 2.602352597 -0.010609631 0.999926909 0.005811654 2.043676588 -0.011343685 -0.005931962 0.999918365 132.737906509
0.999883968 0.010480463 0.011156132 2.614474154 -0.010541298 0.999930457 0.005410837 2.048950180 -0.011098743 -0.005527825 0.999923218 133.128661926
