1.000000000 -0.000000000 -0.000000000 0.000000000 0.000000000 1.000000000 0.000000000 0.000000000 0.000000000 -0.000000000 1.000000000 0.000000000
0.999999896 -0.000987218 0.000316915 0.011361658 0.000987315 0.999999006 -0.000265424 0.003569569 -0.000316106 0.000265734 1.000001054 0.386334788
0.999997224 -0.002363842 0.000492811 0.028444124 0.002364365 0.999996143 -0.001034091 0.010192151 -0.000490027 0.001035231 0.999999862 1.150224715
0.999990328 -0.004457314 0.000487375 0.042709118 0.004458083 0.999988545 -0.001537541 0.017449940 -0.000479695 0.001539605 0.999999216 1.932765681
0.999984655 -0.005593522 0.000137436 0.048213008 0.005593713 0.999982648 -0.001370800 0.021823918 -0.000128828 0.001371547 0.999999623 2.325927033
0.999973703 -0.007315566 0.000542057 0.062476585 0.007316411 0.999971081 -0.001582094 0.029591678 -0.000529882 0.001586006 0.999999015 3.108462721
0.999957469 -0.009148533 0.000880941 0.082170821 0.009150548 0.999955443 -0.002298709 0.036777100 -0.000858654 0.002306614 0.999997466 3.915409313
0.999949958 -0.009967835 0.001005252 0.095269985 0.009970249 0.999947434 -0.002419376 0.040739537 -0.000980922 0.002429196 0.999996954 4.315081622
0.999931246 -0.011621534 0.001530686 0.114527450 0.011626367 0.999926697 -0.003171180 0.047709981 -0.001493445 0.003188741 0.999994864 5.107169987
0.999928473 -0.011825384 0.001684106 0.136171025 0.011830987 0.999923958 -0.003345679 0.055797199 -0.001643626 0.003365316 0.999993384 5.911828950
0.999929691 -0.011666587 0.002051235 0.141026534 0.011674004 0.999924573 -0.003648394 0.059367274 -0.002008742 0.003672038 0.999991668 6.305758054
0.999924152 -0.012194912 0.001845396 0.164624559 0.012202869 0.999915473 -0.004361929 0.066516395 -0.001791198 0.004384089 0.999989550 7.108148428
0.999927104 -0.012021352 0.001507096 0.176507826 0.012027856 0.999917927 -0.004363570 0.074994349 -0.001454103 0.004381336 0.999989420 7.924194830
0.999931506 -0.011642151 0.001119370 0.187441068 0.011647015 0.999922477 -0.004416536 0.079255962 -0.001066717 0.004429261 0.999990807 8.341762222
0.999943493 -0.010598796 0.001203951 0.199323028 0.010603687 0.999934463 -0.004135181 0.088203890 -0.001158752 0.004147669 0.999991240 9.157803760
0.999953880 -0.009228199 0.002652814 0.221840200 0.009239424 0.999947528 -0.004244797 0.096701067 -0.002612575 0.004269052 0.999987737 9.992179382
0.999963054 -0.008147118 0.002678983 0.223879961 0.008159535 0.999955657 -0.004645968 0.100286385 -0.002640884 0.004667589 0.999985700 10.404765940
0.999975426 -0.006811665 0.001845079 0.235553591 0.006821751 0.999961095 -0.005498453 0.107465457 -0.001807109 0.005510863 0.999983848 11.236445666
0.999984534 -0.005341540 0.001260674 0.253301897 0.005348338 0.999970746 -0.005462168 0.116436003 -0.001230524 0.005468791 0.999984569 12.091752298
0.999985218 -0.005208421 0.001738709 0.257726572 0.005217129 0.999972793 -0.005042095 0.121568072 -0.001712188 0.005051074 0.999986523 12.516905003
0.999976878 -0.006586656 0.001596945 0.279370887 0.006591978 0.999972591 -0.003361817 0.133302154 -0.001573579 0.003372283 0.999993894 13.367626444
0.999967720 -0.007765080 0.002190166 0.293420927 0.007768607 0.999968274 -0.001611836 0.145087799 -0.002176813 0.001628737 0.999997030 14.211840652
0.999965429 -0.007888762 0.002642332 0.306087980 0.007890753 0.999967973 -0.000742431 0.151072203 -0.002635391 0.000763190 0.999996942 14.642731803
0.999936077 -0.010821454 0.003370590 0.329473441 0.010820519 0.999941144 0.000305032 0.161889229 -0.003372612 -0.000268642 0.999994954 15.506804321
0.999901577 -0.013779775 0.002593607 0.349614553 0.013781106 0.999904241 -0.000499655 0.169566689 -0.002585590 0.000535375 0.999996717 16.374706489
0.999886772 -0.014884452 0.002221241 0.359688194 0.014887944 0.999888040 -0.001552948 0.172295484 -0.002197542 0.001585799 0.999996848 16.808669060
0.999847271 -0.017370551 0.002004714 0.381137434 0.017378064 0.999841485 -0.003808636 0.177490987 -0.001937809 0.003842865 0.999991275 17.675078049
0.999785003 -0.020657576 0.001990829 0.400624914 0.020665400 0.999778426 -0.004003498 0.186254435 -0.001906735 0.004043740 0.999990149 18.543728410
0.999768508 -0.021426850 0.001723898 0.412646531 0.021433940 0.999760677 -0.004238756 0.190374997 -0.001632010 0.004274712 0.999989819 18.975398282
0.999726436 -0.023388707 0.000719550 0.436040496 0.023392002 0.999713859 -0.004997316 0.198132200 -0.000601180 0.005012741 0.999987355 19.839502464
0.999702269 -0.024390993 0.000412621 0.452501628 0.024393560 0.999670431 -0.007938926 0.202045139 -0.000217682 0.007946549 0.999969050 20.696380300
0.999714705 -0.023864407 -0.000492495 0.456279785 0.023859485 0.999680232 -0.008379811 0.205703344 0.000692709 0.008365654 0.999964796 21.122307690
0.999717006 -0.023729551 -0.001671212 0.469471613 0.023715649 0.999687388 -0.007903129 0.215456199 0.001858634 0.007861285 0.999967699 21.982922251
0.999706847 -0.024006494 -0.003167110 0.478106686 0.023984095 0.999687361 -0.006948091 0.226091356 0.003333234 0.006870083 0.999971575 22.848843706
0.999698790 -0.024135099 -0.004454896 0.482532835 0.024104293 0.999685569 -0.006840912 0.230693456 0.004619869 0.006731463 0.999966935 23.274001896
0.999653911 -0.025488482 -0.006466131 0.493127306 0.025440008 0.999647853 -0.007482997 0.238610619 0.006655400 0.007315862 0.999951542 24.137673182
0.999580574 -0.027510653 -0.009126477 0.500470703 0.027432598 0.999586642 -0.008576056 0.245808077 0.009359262 0.008322067 0.999922185 25.005149076
0.999550603 -0.028242776 -0.010056902 0.501646916 0.028150924 0.999561314 -0.009160823 0.249280494 0.010312888 0.008873591 0.999907928 25.434116118
0.999478777 -0.029895106 -0.012182196 0.502478412 0.029785512 0.999515031 -0.009078059 0.258548338 0.012448053 0.008710458 0.999885165 26.309164908
0.999359310 -0.032788448 -0.014383647 0.503516598 0.032682453 0.999437005 -0.007544462 0.270175004 0.014623205 0.007069452 0.999868555 27.168569404
0.999252095 -0.035255018 -0.015903672 0.506428623 0.035136544 0.999352503 -0.007668541 0.274650253 0.016164478 0.007103930 0.999844554 27.610867654
0.999106804 -0.037960029 -0.018575648 0.502495699 0.037809210 0.999249076 -0.008402940 0.282791558 0.018881601 0.007693050 0.999793156 28.506864010
0.999123914 -0.036794116 -0.019960743 0.497477263 0.036611016 0.999284005 -0.009464928 0.290043974 0.020295119 0.008725841 0.999756597 29.388768546
0.999134564 -0.036394072 -0.020172227 0.499733987 0.036228026 0.999306514 -0.008536025 0.296205177 0.020469271 0.007797761 0.999760260 29.831808781
0.999022891 -0.037776210 -0.022930748 0.502291790 0.037649029 0.999272589 -0.005953158 0.309895655 0.023139573 0.005083984 0.999720215 30.720153390
0.998982899 -0.037425584 -0.025132556 0.492695811 0.037382496 0.999297802 -0.002183148 0.325509941 0.025197325 0.001241420 0.999682846 31.607287416
0.999033687 -0.035398610 -0.026051007 0.489097046 0.035377756 0.999373088 -0.001260582 0.331655600 0.026079865 0.000337721 0.999660255 32.057162701
0.999009380 -0.034951343 -0.027555838 0.486249607 0.034924205 0.999388044 -0.001466996 0.340695794 0.027591553 0.000503141 0.999619639 32.967250774
0.998853234 -0.037121312 -0.030248226 0.476032343 0.037019681 0.999306690 -0.003916089 0.345756741 0.030373768 0.002791675 0.999535443 33.855253446
0.998838158 -0.036580858 -0.031385184 0.467449750 0.036453707 0.999324165 -0.004614877 0.349079926 0.031533436 0.003465433 0.999497894 34.295613513
0.998999527 -0.028662020 -0.034343822 0.444846113 0.028619663 0.999588980 -0.001724353 0.363025320 0.034379733 0.000739679 0.999409040 35.197953452
0.998993269 -0.027375297 -0.035537375 0.436344568 0.027414458 0.999623465 0.000614945 0.376318681 0.035508592 -0.001588603 0.999368589 36.099212516
0.998970950 -0.026572073 -0.036761201 0.424505704 0.026611128 0.999645071 0.000574811 0.380792052 0.036733739 -0.001552557 0.999325109 36.543357841
0.998974527 -0.021815228 -0.039675681 0.396504423 0.021710601 0.999759131 -0.003064818 0.383440471 0.039733567 0.002200250 0.999208916 37.421409812
0.998934642 -0.018649811 -0.042211200 0.371531602 0.018479023 0.999818908 -0.004432378 0.390179442 0.042286478 0.003647584 0.999099068 38.311242173
0.998977186 -0.016978531 -0.041922236 0.363592442 0.016841754 0.999850868 -0.003614564 0.396086427 0.041977784 0.002904855 0.999114950 38.750816070
0.998906509 -0.014290075 -0.044504521 0.334913574 0.014230461 0.999896838 -0.001655232 0.408440335 0.044524390 0.001020023 0.999008321 39.629527034
0.998762521 -0.013956598 -0.047727626 0.311017289 0.013936554 0.999902096 -0.000751771 0.419298009 0.047733759 0.000085615 0.998860142 40.533417791
0.998704964 -0.013975033 -0.048930401 0.295271412 0.013985361 0.999901441 -0.000131968 0.424967614 0.048928509 -0.000552534 0.998803103 40.982107329
0.998571606 -0.013130516 -0.051792497 0.257271091 0.013230054 0.999911098 0.001579080 0.437177281 0.051767449 -0.002262096 0.998657557 41.887071719
0.998340922 -0.012690592 -0.056165099 0.212120881 0.012812014 0.999915661 0.001802534 0.446913647 0.056138761 -0.002519150 0.998420114 42.800415457
0.998191392 -0.012775364 -0.058742996 0.189221447 0.012898044 0.999914992 0.001709669 0.451429875 0.058716151 -0.002464305 0.998271700 43.257470684
0.997864560 -0.012992529 -0.064016258 0.135834084 0.013044160 0.999914239 0.000388192 0.458434014 0.064006687 -0.001222470 0.997949121 44.165095431
0.997578448 -0.012361668 -0.068444276 0.084401756 0.012282031 0.999923296 -0.001584070 0.464290068 0.068459670 0.000739558 0.997654036 45.070453762
0.997440353 -0.011914068 -0.070509573 0.051310190 0.011761958 0.999926853 -0.002572175 0.467202157 0.070535469 0.001736176 0.997508165 45.524056621
0.997117102 -0.010293703 -0.075179410 -0.005329692 0.010019538 0.999941111 -0.004023513 0.474006561 0.075217284 0.003258592 0.997162399 46.435480595
0.996761071 -0.009243216 -0.079889897 -0.075426202 0.008952129 0.999951177 -0.004000889 0.483316840 0.079923576 0.003272709 0.996796396 47.347206828
0.996586971 -0.009177750 -0.082037855 -0.102881947 0.008904281 0.999953079 -0.003698831 0.488555380 0.082068798 0.002955712 0.996623414 47.809570606
0.996248946 -0.009550483 -0.086006796 -0.164521774 0.009296875 0.999950706 -0.003348894 0.498336975 0.086034847 0.002536683 0.996289667 48.711419344
0.995666025 -0.010134388 -0.092451764 -0.245460631 0.009776943 0.999941976 -0.004318675 0.505899173 0.092491298 0.003396009 0.995708349 49.620454130
0.995255299 -0.010625720 -0.096715495 -0.290700949 0.010167180 0.999934181 -0.005232408 0.508925174 0.096765119 0.004224290 0.995299336 50.072865136
0.994548126 -0.011135540 -0.103683987 -0.371638388 0.010517979 0.999922670 -0.006500894 0.515977401 0.103749560 0.005374935 0.994589208 50.981905200
0.993747914 -0.011714732 -0.111034497 -0.463421760 0.010892276 0.999908306 -0.008011238 0.522571473 0.111118958 0.006751665 0.993784146 51.888240467
0.993226267 -0.011470018 -0.115627613 -0.511915513 0.010514952 0.999904666 -0.008866346 0.525727719 0.115718674 0.007590442 0.993253107 52.344447286
0.992086770 -0.012141925 -0.124968523 -0.629306042 0.011175575 0.999901352 -0.008430845 0.535581542 0.125058811 0.006967498 0.992125684 53.249886338
0.991014767 -0.012929489 -0.133125452 -0.737369571 0.012115401 0.999902376 -0.006923692 0.547496571 0.133203513 0.005248544 0.991075763 54.175152343
0.990439904 -0.013272762 -0.137303859 -0.799320591 0.012546036 0.999902387 -0.006156909 0.553388679 0.137373251 0.004375392 0.990510498 54.631659041
0.989247629 -0.014964597 -0.145484879 -0.915410497 0.014302956 0.999882125 -0.005592775 0.563460388 0.145551934 0.003451678 0.989344733 55.535576973
0.988002119 -0.017040552 -0.153495627 -1.043653599 0.016622111 0.999853223 -0.004009096 0.575245917 0.153542252 0.001409578 0.988141588 56.438286496
0.987359522 -0.018811486 -0.157374729 -1.104307998 0.018684467 0.999822649 -0.002286636 0.582795828 0.157390747 -0.000682740 0.987536758 56.893257174
0.985844426 -0.022453906 -0.166151777 -1.250570514 0.023187539 0.999727452 0.002476687 0.600139410 0.166051867 -0.006294371 0.986098132 57.801553395
0.984415009 -0.023898902 -0.174227794 -1.396822832 0.025176636 0.999669947 0.005127008 0.613813203 0.174049218 -0.009433706 0.984692293 58.709887593
0.983776360 -0.025465781 -0.177582542 -1.471567928 0.026751064 0.999629712 0.004846712 0.617915385 0.177394033 -0.009518669 0.984094415 59.165981573
0.982314342 -0.031911277 -0.184499311 -1.605643205 0.032736369 0.999462283 0.001427073 0.621295855 0.184354486 -0.007441724 0.982832075 60.075612966
0.980674828 -0.037598165 -0.191999281 -1.757947996 0.038008692 0.999275642 -0.001545475 0.625188636 0.191919162 -0.005782112 0.981394387 60.960402939
0.979615484 -0.038219190 -0.197210168 -1.848532744 0.038670737 0.999250669 -0.001562358 0.629569982 0.197123155 -0.006095804 0.980360282 61.404240067
0.977948088 -0.041536658 -0.204674941 -2.018215321 0.042559105 0.999093365 0.000594388 0.642254578 0.204465585 -0.009292141 0.978830236 62.293823840
0.975826900 -0.044711213 -0.213920472 -2.209366740 0.046276022 0.998925918 0.002310486 0.654418874 0.213588157 -0.012154062 0.976848563 63.208474258
0.974957782 -0.043694173 -0.218057369 -2.307759873 0.045332145 0.998968880 0.002512323 0.659162806 0.217723478 -0.012334529 0.975933568 63.661420818
0.973448034 -0.041299950 -0.225151308 -2.512793576 0.043203601 0.999059936 0.003532271 0.669618229 0.224794597 -0.013165867 0.974318129 64.561556660
0.971997508 -0.038099845 -0.231879304 -2.726060234 0.039686637 0.999208920 0.002180186 0.675831513 0.231614101 -0.011321718 0.972742783 65.455989136
0.971420459 -0.037087888 -0.234451280 -2.831393009 0.038544902 0.999254955 0.001633708 0.679181040 0.234216868 -0.010623991 0.972126345 65.901683997
0.970566085 -0.036134939 -0.238110161 -3.027947019 0.036754839 0.999322432 -0.001837144 0.681828257 0.238016005 -0.006968705 0.971236678 66.792028026
0.969388923 -0.035260756 -0.242986138 -3.243808701 0.035141394 0.999370037 -0.004827075 0.685365898 0.243004177 -0.003859566 0.970018065 67.689525920
0.969046864 -0.035143999 -0.244361825 -3.350443656 0.034932104 0.999376133 -0.005202014 0.689057506 0.244393108 -0.003495146 0.969670675 68.136736105
0.967919388 -0.033133457 -0.249067016 -3.560472302 0.033325785 0.999438513 -0.003445808 0.700690224 0.249041899 -0.004965123 0.968480248 69.027315337
0.966693416 -0.032352187 -0.253885863 -3.775941694 0.033678450 0.999431798 0.000878010 0.716535070 0.253714474 -0.009399383 0.967233876 69.893446102
0.966023351 -0.032354935 -0.256420975 -3.879329883 0.033955773 0.999420793 0.001816711 0.722496294 0.256214388 -0.010462004 0.966563445 70.336835638
0.964402800 -0.031282216 -0.262579943 -4.120790636 0.032170843 0.999481761 -0.000915562 0.726383854 0.262474080 -0.007564498 0.964909848 71.233467429
0.962684841 -0.034602315 -0.268403064 -4.367226380 0.033921626 0.999398065 -0.007174655 0.724269123 0.268490455 -0.002197748 0.963281074 72.120616910
0.961931023 -0.037996965 -0.270639244 -4.482091846 0.036498056 0.999277377 -0.010571168 0.722838643 0.270846298 0.000290848 0.962623449 72.562132835
0.960393239 -0.040957243 -0.275623250 -4.723984313 0.038442976 0.999154799 -0.014520922 0.724691330 0.275985698 0.003349954 0.961156630 73.443925233
0.958816807 -0.035747198 -0.281768090 -5.088180433 0.034491431 0.999360489 -0.009416903 0.745732867 0.281925144 -0.000689483 0.959436900 74.744893594
0.957173503 -0.032183791 -0.287721029 -5.340096245 0.032189103 0.999470383 -0.004713720 0.761979446 0.287720407 -0.004749694 0.957703055 75.607448182
0.955704757 -0.029252911 -0.292868911 -5.596973821 0.028690484 0.999568215 -0.006216759 0.767464010 0.292925458 -0.002461172 0.956132958 76.460569716
0.955215241 -0.028930810 -0.294494466 -5.728981648 0.027511098 0.999581340 -0.008963429 0.766844765 0.294630348 0.000460056 0.955611445 76.891342147
0.953923941 -0.028292362 -0.298711601 -5.996261076 0.025812275 0.999591445 -0.012245562 0.769456305 0.298936710 0.003970910 0.954265664 77.756644326
0.952201631 -0.026841860 -0.304289166 -6.266814225 0.024597787 0.999634355 -0.011206429 0.779497668 0.304480468 0.003185894 0.952513907 78.625666778
0.951386119 -0.027146080 -0.306802988 -6.403397733 0.025456609 0.999630324 -0.009507679 0.786570332 0.306948577 0.001235313 0.951725290 79.061675633
0.949686972 -0.029051862 -0.311850240 -6.672653399 0.028041420 0.999576666 -0.007724815 0.797959516 0.311943305 -0.001408643 0.950100665 79.929165272
0.948361561 -0.028544935 -0.315904760 -6.949497003 0.027705994 0.999590227 -0.007147774 0.807120394 0.315980440 -0.001973795 0.948764699 80.790171273
0.947818932 -0.029134798 -0.317476054 -7.087811847 0.028415684 0.999572301 -0.006896634 0.811580318 0.317541808 -0.002484582 0.948242088 81.212865579
0.946524042 -0.029733321 -0.321260747 -7.356414297 0.029485775 0.999548535 -0.005636904 0.822033506 0.321284426 -0.004137236 0.946973846 82.079605473
0.944845553 -0.029721824 -0.326165322 -7.643671898 0.029970322 0.999540920 -0.004264639 0.832691106 0.326143711 -0.005745905 0.945303544 82.952746899
0.944031407 -0.029899939 -0.328498663 -7.793050452 0.030479612 0.999529345 -0.003385506 0.838323823 0.328445897 -0.006816554 0.944498315 83.388339414
0.942855595 -0.029279634 -0.331912655 -8.085510132 0.030119529 0.999542667 -0.002614681 0.847959887 0.331838395 -0.007531872 0.943306647 84.267566868
0.941767591 -0.029689066 -0.334950454 -8.377967089 0.030645063 0.999526949 -0.002431826 0.856616008 0.334865816 -0.007974469 0.942232603 85.146804464
0.940931111 -0.030129459 -0.337255653 -8.527988161 0.030839923 0.999518279 -0.003252008 0.859334944 0.337192196 -0.007341023 0.941408401 85.583186565
0.939489091 -0.030728317 -0.341198845 -8.826082717 0.031243520 0.999503023 -0.003986554 0.866304575 0.341152502 -0.006914938 0.939983371 86.453656619
0.938012895 -0.031360653 -0.345178312 -9.127868592 0.031770029 0.999484753 -0.004472515 0.873589450 0.345141807 -0.006771144 0.938526598 87.313060120
0.937278547 -0.031683852 -0.347137301 -9.284187399 0.032221562 0.999471150 -0.004224714 0.878047749 0.347088789 -0.007225734 0.937804841 87.741398659
0.936236534 -0.032356766 -0.349877290 -9.593135918 0.033227040 0.999440816 -0.003516194 0.887449058 0.349796233 -0.008333411 0.936789510 88.609134011
0.935121304 -0.032984223 -0.352789161 -9.898174923 0.033743612 0.999421814 -0.003998846 0.894754185 0.352718753 -0.008165020 0.935694341 89.472334463
0.934634763 -0.033743849 -0.354003446 -10.053185520 0.034110416 0.999404591 -0.005206097 0.896700528 0.353968766 -0.007209401 0.935229813 89.899180133
0.933018783 -0.035797936 -0.358042778 -10.366020627 0.035224649 0.999346425 -0.008125629 0.899948496 0.358100948 -0.005030622 0.933670025 90.771535757
0.931860583 -0.035403832 -0.361085355 -10.691021575 0.035130290 0.999355934 -0.007323704 0.909460021 0.361112670 -0.005860443 0.932503992 91.642635888
0.931179699 -0.034511658 -0.362921613 -10.861010733 0.034867960 0.999375791 -0.005570961 0.916595228 0.362888595 -0.007466835 0.931802972 92.086894799
0.929857113 -0.032210275 -0.366508222 -11.205984352 0.034129218 0.999415993 -0.001244755 0.932172928 0.366336132 -0.011351230 0.930414006 92.965854665
0.928733522 -0.031301242 -0.369425673 -11.557443806 0.033204203 0.999447656 -0.001207693 0.940441556 0.369260339 -0.011144935 0.929259876 93.852484492
0.927093290 -0.032649609 -0.373405185 -12.071060884 0.033399467 0.999431998 -0.004463225 0.947153287 0.373339557 -0.008333780 0.927657886 95.174349995
0.926067294 -0.032159972 -0.375986370 -12.417745499 0.032341095 0.999459652 -0.005831552 0.952798671 0.375971818 -0.006759438 0.926606852 96.040071061
0.925839224 -0.032229147 -0.376541724 -12.585120513 0.032143829 0.999461543 -0.006511508 0.955729918 0.376549671 -0.006074947 0.926377428 96.481335749
0.924829615 -0.033667432 -0.378888026 -12.935924807 0.033325406 0.999416164 -0.007462569 0.962362591 0.378918700 -0.005725077 0.925412383 97.367223073
0.923990993 -0.033866479 -0.380912524 -13.280872999 0.033136470 0.999414287 -0.008476548 0.968790820 0.380977658 -0.004789952 0.924572123 98.246277624
0.923518313 -0.034376175 -0.382010319 -13.452804852 0.033615784 0.999396372 -0.008666412 0.972634368 0.382079309 -0.004838040 0.924117651 98.692848895
0.921982909 -0.034147332 -0.385722198 -13.813385321 0.034457084 0.999386849 -0.006111942 0.985367447 0.385695373 -0.007655840 0.922594646 99.590064570
0.921284937 -0.032805505 -0.387501526 -14.169632871 0.034789573 0.999392367 -0.001895271 1.001029044 0.387329447 -0.011735013 0.921867464 100.497553798
0.920655317 -0.032667977 -0.389007877 -14.358275567 0.035294946 0.999376853 -0.000393625 1.007788697 0.388778402 -0.013367718 0.921235142 100.948220243
0.919603606 -0.032791218 -0.391476056 -14.716888885 0.035204177 0.999378878 -0.001014144 1.015013942 0.391267669 -0.012848994 0.920188060 101.843214620
0.918032774 -0.032924736 -0.395135636 -15.093285580 0.034517207 0.999398595 -0.003080283 1.019596673 0.395001194 -0.010811237 0.918617626 102.728260676
0.917790256 -0.032848553 -0.395705026 -15.274762352 0.034289451 0.999405882 -0.003433338 1.023059960 0.395584030 -0.010417459 0.918370937 103.170607481
0.916960815 -0.031825167 -0.397706461 -15.636422025 0.033560497 0.999433065 -0.002598468 1.032634280 0.397564292 -0.010964646 0.917509368 104.053754826
0.915812883 -0.031906926 -0.400335809 -16.003282805 0.033680891 0.999428468 -0.002606113 1.040837084 0.400190671 -0.011096949 0.916365403 104.942991821
0.915180547 -0.032459193 -0.401735025 -16.185408570 0.033989924 0.999415894 -0.003318906 1.043716456 0.401608574 -0.010617533 0.915750336 105.386104101
0.913710119 -0.034715059 -0.404880546 -16.561807932 0.035807828 0.999346575 -0.004876556 1.049259131 0.404786599 -0.010042213 0.914356874 106.271140223
0.913131502 -0.033792251 -0.406262430 -16.941255541 0.034970120 0.999377814 -0.004526502 1.057830841 0.406163534 -0.010073793 0.913745556 107.144322277
0.912786846 -0.032727148 -0.407123369 -17.125341064 0.034242776 0.999406431 -0.003565164 1.063558200 0.406999961 -0.010686910 0.913366332 107.589683380
0.911619991 -0.031264664 -0.409843769 -17.499592318 0.033641391 0.999432730 -0.001412218 1.075211328 0.409656700 -0.012500416 0.912154793 108.456758088
0.910420731 -0.028166969 -0.412723640 -17.892486355 0.030163037 0.999542697 -0.001679288 1.082619126 0.412582508 -0.010920165 0.910854871 109.330280377
0.909717809 -0.026551497 -0.414376708 -18.092614082 0.027909006 0.999606683 -0.002779357 1.084776913 0.414288259 -0.009036508 0.910101768 109.779044340
0.908358929 -0.024873210 -0.417450299 -18.497216654 0.025681822 0.999662516 -0.003680636 1.091273674 0.417401822 -0.007377618 0.908692277 110.666245835
0.907675476 -0.022400809 -0.419074489 -18.890985716 0.023867799 0.999713591 -0.001742217 1.102698333 0.418994328 -0.008421097 0.907950242 111.556105870
0.907946944 -0.021392412 -0.418539372 -19.084621994 0.023670271 0.999719662 0.000250720 1.110145309 0.418417297 -0.010134680 0.908199274 111.997220776
0.906807431 -0.022902812 -0.420923378 -19.469926454 0.025617937 0.999671277 0.000796435 1.119191447 0.420767686 -0.011505452 0.907096500 112.877232809
0.906130151 -0.025295672 -0.422241633 -19.858916814 0.028118309 0.999604532 0.000457547 1.126602941 0.422063778 -0.012287374 0.906483296 113.746198467
0.906109581 -0.026514170 -0.422210494 -20.049286539 0.029079186 0.999576665 -0.000364720 1.129199945 0.422042448 -0.011947124 0.906498090 114.183566403
0.905352839 -0.029103826 -0.423661997 -20.429595194 0.031770527 0.999494008 -0.000768494 1.136758806 0.423471735 -0.012764268 0.905819960 115.073138253
0.904090978 -0.028594015 -0.426382161 -20.824441877 0.031172143 0.999512698 -0.000932649 1.144454739 0.426202441 -0.012448102 0.904542804 115.948935857
0.903209975 -0.027841808 -0.428294560 -21.029566798 0.030413698 0.999536644 -0.000838294 1.148599775 0.428120323 -0.012268921 0.903639635 116.388134828
0.901257033 -0.028958467 -0.432316020 -21.434602917 0.030921116 0.999518395 -0.002490439 1.153721624 0.432180646 -0.011123263 0.901718968 117.260490101
0.898543662 -0.031778614 -0.437732853 -21.841580122 0.032208685 0.999459677 -0.006443705 1.154971849 0.437702077 -0.008308983 0.899081980 118.135163736
0.897841778 -0.032997164 -0.439080365 -22.050599690 0.032680381 0.999430731 -0.008282212 1.155863376 0.439105187 -0.006913288 0.898409566 118.578952969
0.896265817 -0.033564670 -0.442245542 -22.475159870 0.033051523 0.999413689 -0.008868674 1.163006625 0.442284647 -0.006668262 0.896850617 119.474070286
0.895564256 -0.030846122 -0.443861983 -22.904727333 0.031425989 0.999486997 -0.006052328 1.175766913 0.443821946 -0.008528581 0.896075306 120.359585048
0.895099791 -0.029338966 -0.444898870 -23.116362572 0.030229064 0.999529472 -0.005095821 1.181412367 0.444839956 -0.008887634 0.895566437 120.806362813
0.893729172 -0.026432206 -0.447826626 -23.548960996 0.027525334 0.999612593 -0.004068258 1.190982050 0.447761579 -0.008690722 0.894111138 121.680087871
0.892694415 -0.022788369 -0.450086721 -23.963551121 0.023538000 0.999714348 -0.003931768 1.198993449 0.450048845 -0.007084281 0.892976886 122.548184839
0.892060931 -0.021867825 -0.451385611 -24.176920226 0.022531786 0.999738012 -0.003904366 1.202936112 0.451353775 -0.006687647 0.892320729 122.981638638
0.891510955 -0.020147190 -0.452551613 -24.588254164 0.020347944 0.999782530 -0.004424774 1.209827322 0.452543421 -0.005263793 0.891727487 123.845950038
0.889403072 -0.020361899 -0.456670592 -25.012826924 0.020644684 0.999777069 -0.004370670 1.217583461 0.456658349 -0.005540553 0.889625390 124.694960795
0.888860517 -0.021401235 -0.457678229 -25.221644525 0.022138354 0.999747189 -0.003753668 1.222533711 0.457643323 -0.006795865 0.889110050 125.123088143
0.888084753 -0.022845616 -0.459112603 -25.636894786 0.024838796 0.999690092 -0.001697973 1.233970963 0.459010149 -0.009895958 0.888376958 125.991909090
0.886196512 -0.026389127 -0.462557649 -26.049317294 0.028670079 0.999586658 -0.002098839 1.241073221 0.462422547 -0.011401676 0.886587272 126.842117287
0.885264789 -0.028429352 -0.464218313 -26.265069618 0.030375799 0.999533153 -0.003285947 1.242859168 0.464095609 -0.011192176 0.885715102 127.263011251
0.884490279 -0.030999780 -0.465527149 -26.678130891 0.031805588 0.999474676 -0.006126015 1.245697723 0.465473632 -0.009387979 0.885012693 128.114023004
0.883080478 -0.033589476 -0.468017387 -27.107904508 0.034309004 0.999386332 -0.006989552 1.251992351 0.467965955 -0.009884977 0.883691855 128.969124342
0.881512426 -0.033746809 -0.470952541 -27.335378204 0.035010746 0.999368015 -0.006079340 1.257486995 0.470861160 -0.011129504 0.882137653 129.403649704
0.880045999 -0.032704751 -0.473760518 -27.785123713 0.035231831 0.999372623 -0.003543328 1.269567814 0.473581258 -0.013573285 0.880646543 130.266613676
0.879069122 -0.030325478 -0.475727371 -28.213400880 0.034232239 0.999413290 -0.000452555 1.282348924 0.475463690 -0.015887463 0.879592513 131.104509140
0.878444403 -0.028268162 -0.477008330 -28.422008067 0.032644610 0.999466207 0.000887636 1.288318074 0.476729403 -0.016351618 0.878899120 131.517006061
0.877480472 -0.025023031 -0.478959004 -28.843779446 0.030734464 0.999518990 0.004087642 1.301228670 0.478627548 -0.018307390 0.877827794 132.347305865
0.876257838 -0.022262241 -0.481329112 -29.266187283 0.027778896 0.999604416 0.004337989 1.309045612 0.481043234 -0.017172038 0.876529897 133.178417813
0.874212828 -0.021567973 -0.485064462 -29.497127961 0.026497725 0.999643118 0.003307523 1.310864688 0.484820321 -0.015744630 0.874472789 133.586298038
0.872437561 -0.022676849 -0.488199983 -29.932314284 0.025565242 0.999672568 -0.000748544 1.311282027 0.488058004 -0.011827942 0.872731172 134.417055321
0.871404507 -0.024955265 -0.489931181 -30.357095559 0.026508473 0.999641226 -0.003769413 1.313422457 0.489850486 -0.009702784 0.871752602 135.235643859
0.871307924 -0.025793154 -0.490058462 -30.576101958 0.026929050 0.999625423 -0.004734098 1.315568637 0.489997470 -0.009072079 0.871677571 135.660331256
0.869823284 -0.027686199 -0.492585529 -31.011951807 0.028343207 0.999578767 -0.006132950 1.320631758 0.492548917 -0.008626831 0.870242528 136.491799893
0.867374410 -0.030184492 -0.496740391 -31.454099002 0.031015705 0.999496694 -0.006577032 1.327294250 0.496689875 -0.009702031 0.867873983 137.315226417
0.865836049 -0.030224302 -0.499413967 -31.672895959 0.031045107 0.999495265 -0.006666055 1.330809309 0.499364352 -0.009732705 0.866338530 137.724279765
0.864441484 -0.031057156 -0.501774090 -32.121336054 0.031839508 0.999468045 -0.007009785 1.337471265 0.501725319 -0.009916696 0.864970958 138.539680732
0.861781900 -0.032473849 -0.506238675 -32.571726377 0.033120066 0.999421147 -0.007729062 1.343551407 0.506197245 -0.010106013 0.862358987 139.357366017
0.861297136 -0.033441940 -0.506999760 -32.798113523 0.033744760 0.999393592 -0.008594540 1.345648113 0.506980550 -0.009706214 0.861903411 139.759927345
0.859567473 -0.032895503 -0.509962719 -33.255448822 0.032968124 0.999416729 -0.008898829 1.352253738 0.509958450 -0.009163408 0.860150700 140.570341062
0.858525153 -0.032541925 -0.511738357 -33.703242482 0.032909605 0.999423382 -0.008343087 1.360419557 0.511715418 -0.009678429 0.859101606 141.384967034
0.857704063 -0.032227197 -0.513133923 -33.939182550 0.032949733 0.999426730 -0.007693186 1.365015835 0.513088308 -0.010309147 0.858274693 141.783274093
0.854860166 -0.031673412 -0.517891756 -34.404116264 0.032740147 0.999438133 -0.007081547 1.373162936 0.517826370 -0.010902218 0.855416664 142.587165160
0.853321009 -0.031499967 -0.520433344 -34.867096917 0.032809326 0.999438875 -0.006697232 1.380871912 0.520353674 -0.011360302 0.853875959 143.388782464
0.852208916 -0.031870684 -0.522231148 -35.106290782 0.033738306 0.999412421 -0.005935785 1.385728427 0.522114104 -0.012560694 0.852783847 143.790883990
0.850276168 -0.033141341 -0.525292551 -35.574479071 0.035828722 0.999344585 -0.005054864 1.394415751 0.525116393 -0.014522612 0.850907056 144.598566627
0.848563415 -0.032510171 -0.528094444 -36.061751863 0.034809113 0.999377486 -0.005590379 1.400422662 0.527948741 -0.013638772 0.849167768 145.397820199
0.847244810 -0.033081736 -0.530171272 -36.302239488 0.035022179 0.999365924 -0.006391165 1.402591434 0.530047568 -0.013152986 0.847866154 145.801468404
0.846345018 -0.034097764 -0.531543052 -36.783003073 0.035517828 0.999339996 -0.007553430 1.407497904 0.531450796 -0.012486516 0.846997680 146.593139043
0.843477429 -0.033351137 -0.536127694 -37.275924441 0.035231706 0.999355634 -0.006738206 1.415768098 0.536008509 -0.013205291 0.844109957 147.383584200
0.842923613 -0.033086131 -0.537015445 -37.515120279 0.035690186 0.999347095 -0.005549853 1.421334572 0.536848543 -0.014488102 0.843554510 147.785678379
0.841685015 -0.033042386 -0.538956955 -38.010650426 0.037029666 0.999307550 -0.003436742 1.431878837 0.538698795 -0.017064845 0.842325867 148.579137730
0.839770574 -0.033415974 -0.541911539 -38.497723168 0.038998059 0.999237686 -0.001183023 1.442634432 0.541539961 -0.020140090 0.840434847 149.362722276
0.838546959 -0.033665779 -0.543788199 -38.746899945 0.039861345 0.999204498 -0.000392371 1.447335682 0.543369974 -0.021347184 0.839222263 149.745736556
0.837203373 -0.033486418 -0.545864878 -39.226817073 0.041363729 0.999141640 0.002147505 1.458504697 0.545325189 -0.024377031 0.837870455 150.520963071
0.835932159 -0.032053108 -0.547895974 -39.714981942 0.041837397 0.999109119 0.005381711 1.470751265 0.547236040 -0.027421330 0.836529784 151.290431169
0.835522582 -0.031569144 -0.548548370 -39.959604854 0.041893996 0.999101836 0.006312354 1.475610152 0.547857838 -0.028255131 0.836095081 151.668127794
0.834745146 -0.030835922 -0.549772549 -40.428445405 0.040619007 0.999158525 0.005632306 1.480976643 0.549137702 -0.027032834 0.835295238 152.430504011
0.833429714 -0.029621992 -0.551832295 -40.911812508 0.037356394 0.999297371 0.002777358 1.482350444 0.551363073 -0.022929202 0.833950881 153.179148720
0.832930761 -0.029540946 -0.552588350 -41.152518430 0.036103188 0.999346848 0.000995026 1.482423304 0.552199224 -0.020779085 0.833454245 153.552338280
0.832138183 -0.030536025 -0.553727729 -41.625038767 0.035433849 0.999370103 -0.001861883 1.483955277 0.553436269 -0.018071417 0.832695679 154.303690889
0.829010161 -0.030697853 -0.558390215 -42.114702326 0.034306899 0.999402817 -0.004009191 1.486608468 0.558181823 -0.015833096 0.829568647 155.044296796
0.827883332 -0.032546377 -0.559955959 -42.356063132 0.035916791 0.999342086 -0.004982578 1.488217290 0.559750374 -0.015986831 0.828507459 155.418229893
0.826699951 -0.038111279 -0.561350818 -42.837478145 0.040577051 0.999143423 -0.008076158 1.489502944 0.561179006 -0.016101533 0.827538466 156.164597218
0.824296068 -0.039165282 -0.564803122 -43.315437866 0.041519999 0.999099524 -0.008684986 1.494757074 0.564636155 -0.016291695 0.825180593 156.891506430
0.823129669 -0.039870735 -0.566452056 -43.560493159 0.042386317 0.999063035 -0.008727884 1.497821073 0.566270225 -0.016825782 0.824048614 157.254361178
0.820865154 -0.042172485 -0.569562933 -44.043010080 0.045213248 0.998938038 -0.008802854 1.504117496 0.569330042 -0.018525925 0.821901328 157.986575629
0.817500930 -0.042680108 -0.574343791 -44.547223006 0.046221407 0.998895013 -0.008439079 1.510987523 0.574070199 -0.019648061 0.818571221 158.713365069
0.816812138 -0.042135644 -0.575363316 -44.790978536 0.045804463 0.998916830 -0.008127683 1.514579390 0.575084294 -0.019715467 0.817857181 159.074695490
0.814368748 -0.040233591 -0.578950964 -45.303437896 0.044180923 0.998996782 -0.007278160 1.522056997 0.578663944 -0.019651529 0.815329585 159.795731376
0.811565643 -0.038649584 -0.582982106 -45.806784328 0.042348366 0.999076225 -0.007282435 1.527979985 0.582726261 -0.018778271 0.812452506 160.506151301
0.809252846 -0.038087535 -0.586224767 -46.060735269 0.041805602 0.999099812 -0.007202019 1.531147645 0.585972778 -0.018679315 0.810116006 160.864017143
0.805481989 -0.037044062 -0.591461708 -46.582742160 0.041514139 0.999119266 -0.006040180 1.539184936 0.591165278 -0.019688838 0.806311070 161.580818836
0.802799148 -0.036569762 -0.595127159 -47.100848013 0.042313793 0.999094572 -0.004313612 1.548175868 0.594747093 -0.021719282 0.803620276 162.293054067
0.802431369 -0.036060689 -0.595653456 -47.354799843 0.041910670 0.999112840 -0.004026280 1.551663509 0.595271015 -0.021733493 0.803231579 162.650916597
0.799406254 -0.033562840 -0.599853102 -47.862486141 0.038807136 0.999237476 -0.004191971 1.557157834 0.599537506 -0.019927617 0.800099476 163.351037100
0.796248849 -0.034816271 -0.603967103 -48.366052149 0.039864839 0.999191602 -0.005042993 1.561444884 0.603655914 -0.020061734 0.796993539 164.030993621
0.794329508 -0.035462280 -0.606451601 -48.608942548 0.040823011 0.999153949 -0.004955634 1.564579685 0.606115349 -0.020820899 0.795105100 164.375949456
0.790088903 -0.033058195 -0.612100480 -49.123370578 0.039762278 0.999204818 -0.002640357 1.574198244 0.611702151 -0.022252526 0.790776046 165.053141266
0.785348628 -0.034042812 -0.618116907 -49.640180965 0.041922603 0.999118514 -0.001761696 1.581350107 0.617633200 -0.024529629 0.786084261 165.717776448
