1.000000000 0.000000000 0.000000000 0.000000000 -0.000000000 1.000000000 -0.000000000 0.000000000 0.000000000 0.000000000 1.000000000 -0.000000000
0.999999583 -0.000994544 -0.000957549 0.010891194 0.000996869 0.999996298 0.002562232 0.012128637 0.000954772 -0.002563180 0.999996288 0.862991215
0.999998305 0.001172565 -0.001718436 0.012740447 -0.001166533 0.999992950 0.003545958 0.021624021 0.001721749 -0.003543934 0.999992037 1.721600026
0.999995459 0.002667287 -0.001615063 0.020274450 -0.002660759 0.999988108 0.004065424 0.026147732 0.001624854 -0.004061061 0.999990594 2.137440789
0.999996787 0.002640652 -0.001211141 0.030906050 -0.002635510 0.999987532 0.004304263 0.034094892 0.001221648 -0.004301075 0.999989945 2.978109631
0.999999518 0.000073734 -0.001476884 0.046004213 -0.000064953 0.999981858 0.005988645 0.044391897 0.001477392 -0.005988569 0.999981084 3.809779602
0.999995525 0.003090106 0.000999771 0.059325688 -0.003090257 0.999995421 0.000108250 0.045443075 -0.000998810 -0.000111344 0.999999307 5.053010908
0.999989281 0.001929896 0.004349216 0.087643822 -0.001920825 0.999995805 -0.002103312 0.048767169 -0.004353415 0.002094898 0.999988601 5.880174969
0.999987922 0.002033405 0.004502771 0.095161421 -0.002024445 0.999996403 -0.002006186 0.052611107 -0.004506764 0.001996949 0.999988385 6.296022017
0.999985832 0.001744892 0.005146992 0.119023113 -0.001737634 0.999998051 -0.001431258 0.060580148 -0.005148909 0.001422234 0.999986060 7.109759230
0.999977325 0.001722485 0.006587943 0.138389775 -0.001702569 0.999994397 -0.003035368 0.065019737 -0.006593316 0.003024057 0.999973968 7.932506222
0.999968617 0.001590793 0.007814345 0.145836205 -0.001554266 0.999987826 -0.004686545 0.065914659 -0.007821835 0.004674247 0.999958951 8.348380540
0.999952638 0.000889145 0.009723093 0.183132591 -0.000823367 0.999977066 -0.006772154 0.069232887 -0.009729134 0.006763859 0.999930361 9.179951408
0.999945340 -0.000236485 0.010552934 0.207331329 0.000299479 0.999981969 -0.005976244 0.078017402 -0.010551908 0.005979086 0.999926463 10.038403158
0.999934921 -0.000773675 0.011427443 0.219467971 0.000827147 0.999989048 -0.004684433 0.083954144 -0.011423824 0.004693592 0.999924001 10.467614751
0.999916802 -0.001981604 0.012754035 0.252573299 0.002002008 0.999996715 -0.001587567 0.096338718 -0.012751034 0.001612977 0.999917066 11.308078926
0.999903858 -0.002157364 0.013730328 0.272278443 0.002143290 0.999997805 0.001029187 0.108228694 -0.013733027 -0.000999664 0.999905420 12.153118063
0.999883931 -0.002481088 0.015063450 0.293213836 0.002450929 0.999995572 0.002015035 0.113296985 -0.015068459 -0.001977858 0.999884936 12.564383401
0.999829340 -0.004150227 0.018033347 0.335201399 0.004099585 0.999987560 0.002839465 0.121697021 -0.018044663 -0.002765067 0.999833368 13.409291175
0.999799258 -0.004695687 0.019518858 0.372744834 0.004642047 0.999985372 0.002785506 0.128676900 -0.019531530 -0.002694373 0.999805994 14.263189223
0.999774856 -0.004434770 0.020784075 0.398214110 0.004374450 0.999986607 0.002945013 0.132309173 -0.020796861 -0.002853454 0.999779637 14.687851737
0.999748246 -0.004037127 0.022112419 0.435781670 0.003960658 0.999985892 0.003495990 0.140288719 -0.022127042 -0.003407541 0.999749268 15.541740541
0.999693477 -0.003986718 0.024446284 0.473395549 0.003862516 0.999979707 0.005122576 0.150187625 -0.024467073 -0.005026608 0.999688369 16.395611597
0.999692805 -0.004263453 0.024424589 0.489907321 0.004125092 0.999975051 0.005705808 0.154685477 -0.024448429 -0.005603320 0.999685474 16.815859353
0.999663013 -0.004296922 0.025604533 0.527596722 0.004163929 0.999978181 0.005244135 0.161138405 -0.025627052 -0.005135823 0.999658219 17.692123313
0.999627451 -0.003051579 0.027167718 0.569654016 0.002946327 0.999988227 0.003909868 0.165852544 -0.027179759 -0.003828339 0.999623553 18.559426209
0.999605504 -0.002409624 0.028007135 0.599654522 0.002321325 0.999992312 0.003183734 0.167938836 -0.028015196 -0.003117482 0.999602978 18.997486914
0.999591725 -0.002591431 0.028480413 0.641742454 0.002518959 0.999993374 0.002576250 0.173922550 -0.028487388 -0.002503482 0.999590713 19.864778070
0.999595642 -0.002940103 0.028314060 0.688444123 0.002854494 0.999991415 0.003058341 0.181779143 -0.028323191 -0.002976289 0.999594714 20.745435804
0.999566402 -0.002546950 0.029357857 0.709511007 0.002451222 0.999991671 0.003294004 0.185720683 -0.029366318 -0.003220634 0.999563919 21.179072600
0.999533599 -0.002749088 0.030449162 0.755909646 0.002618349 0.999987048 0.004329934 0.194171331 -0.030461105 -0.004248177 0.999527307 22.015002763
0.999559399 -0.004577391 0.029331816 0.797837379 0.004467527 0.999983448 0.003808121 0.200092194 -0.029348776 -0.003675445 0.999562577 22.859933462
0.999545124 -0.004632019 0.029831709 0.823295316 0.004523272 0.999982714 0.003709545 0.203254624 -0.029848301 -0.003572889 0.999548186 23.284600320
0.999517273 -0.005689401 0.030562312 0.865262614 0.005566385 0.999975868 0.004107739 0.210814939 -0.030584777 -0.003935632 0.999524022 24.129515859
0.999500547 -0.007092602 0.030807544 0.916053994 0.006946786 0.999964404 0.004834946 0.218556454 -0.030840477 -0.004618535 0.999514291 24.956475437
0.999491250 -0.007448528 0.031039585 0.932571073 0.007280003 0.999958631 0.005535069 0.223274232 -0.031080470 -0.005306290 0.999503112 25.376721159
0.999497384 -0.007792321 0.030735979 0.969946106 0.007629474 0.999956167 0.005408970 0.229851373 -0.030777323 -0.005171815 0.999512738 26.208261893
0.999497947 -0.007900530 0.030716387 1.016275024 0.007756528 0.999958426 0.004801440 0.235412985 -0.030752986 -0.004560824 0.999517050 27.044218771
0.999513318 -0.007328102 0.030333675 1.041755880 0.007170782 0.999960923 0.005288720 0.239525098 -0.030372101 -0.005068632 0.999526164 27.468876847
0.999570316 -0.006162041 0.028667366 1.074765432 0.005986924 0.999963078 0.006185670 0.247940996 -0.028704741 -0.006011385 0.999569577 28.309377720
0.999566195 -0.007654166 0.028476281 1.116738520 0.007465067 0.999949357 0.006736839 0.255741231 -0.028526250 -0.006521294 0.999572237 29.154291040
0.999557676 -0.008126115 0.028614990 1.137638932 0.007931504 0.999945311 0.006906076 0.259360006 -0.028669512 -0.006676084 0.999566556 29.565569783
0.999580256 -0.007910951 0.027881313 1.175125674 0.007758594 0.999954406 0.005565918 0.263990669 -0.027923895 -0.005347324 0.999595708 30.419489554
0.999570734 -0.008811513 0.027960177 1.217092247 0.008648007 0.999944717 0.005960719 0.271520995 -0.028011949 -0.005716378 0.999591550 31.264405370
0.999560643 -0.009834797 0.027969491 1.242547049 0.009676871 0.999936409 0.005772318 0.274553468 -0.028025232 -0.005499148 0.999592296 31.689073430
0.999579469 -0.011646308 0.026574189 1.279961887 0.011474740 0.999912823 0.006594551 0.282780059 -0.026648960 -0.006286829 0.999625459 32.520598911
0.999511204 -0.014586907 0.027684654 1.326428317 0.014337977 0.999855842 0.009165878 0.294039769 -0.027813561 -0.008764535 0.999574780 33.356503099
0.999475024 -0.016540724 0.027868453 1.351830756 0.016222749 0.999801041 0.011593820 0.301477899 -0.028054909 -0.011135656 0.999544705 33.758769381
0.999483019 -0.015118290 0.028385138 1.389395892 0.014667104 0.999764357 0.016034073 0.315932412 -0.028620932 -0.015609538 0.999468448 34.590237273
0.999522899 -0.013848045 0.027627400 1.431247149 0.013471512 0.999814271 0.013766072 0.318684331 -0.027812944 -0.013387313 0.999523187 35.435197275
0.999531575 -0.013887459 0.027301591 1.447589324 0.013610280 0.999854189 0.010306960 0.316154529 -0.027441712 -0.009930548 0.999574389 35.855510015
0.999593845 -0.014020694 0.024826108 1.475663074 0.013965187 0.999900192 0.002405493 0.309352001 -0.024857185 -0.002057870 0.999689214 36.682767715
0.999674795 -0.006843925 0.024594019 1.503965044 0.006843491 0.999976771 0.000095888 0.312006319 -0.024593710 0.000072420 0.999697550 37.509937969
0.999666619 -0.003341567 0.025609609 1.524710806 0.003328411 0.999994310 0.000550930 0.315792165 -0.025611002 -0.000465547 0.999671680 37.898854128
0.999654441 -0.001440788 0.026273263 1.561979195 0.001393313 0.999997252 0.001822822 0.324525713 -0.026275855 -0.001785611 0.999653052 38.708013883
0.999685225 -0.001549698 0.025049646 1.585639434 0.001511621 0.999997577 0.001532148 0.330722472 -0.025052152 -0.001493795 0.999684767 39.499406445
0.999675615 -0.000275181 0.025471620 1.610961779 0.000220841 0.999997989 0.002131990 0.334841709 -0.025471964 -0.002125687 0.999673108 39.901703417
0.999646816 0.001043299 0.026569279 1.639278455 -0.001147632 0.999991413 0.003910253 0.344680756 -0.026565823 -0.003939366 0.999639556 40.706446195
0.999630148 0.000667918 0.027202651 1.685403014 -0.000837669 0.999980137 0.006226080 0.354925059 -0.027197785 -0.006246622 0.999610786 41.497637695
0.999640872 0.000560626 0.026802172 1.706140814 -0.000733598 0.999978766 0.006441211 0.358381015 -0.026798076 -0.006458579 0.999620262 41.886556904
0.999659297 0.000321855 0.026109193 1.738622482 -0.000489170 0.999979990 0.006397805 0.364649010 -0.026106753 -0.006408451 0.999638696 42.659994522
0.999698120 0.000632065 0.024608975 1.771097636 -0.000785625 0.999981007 0.006228745 0.370647095 -0.024605186 -0.006246189 0.999678040 43.433434637
0.999698316 0.001065276 0.024568702 1.782846811 -0.001215570 0.999980663 0.006098331 0.373679060 -0.024561483 -0.006126363 0.999679964 43.817951013
0.999672495 0.002647192 0.025461657 1.824135674 -0.002799847 0.999978411 0.005958306 0.379428487 -0.025445437 -0.006027626 0.999657706 44.573439141
0.999656196 0.001708052 0.026168208 1.865423573 -0.001859621 0.999982046 0.005767121 0.385137927 -0.026157361 -0.005813803 0.999640854 45.328927640
0.999678214 0.002105678 0.025286150 1.872626320 -0.002263006 0.999978449 0.006191622 0.389086083 -0.025272345 -0.006246839 0.999661347 45.700051647
0.999683950 0.003011346 0.024970187 1.904990489 -0.003193646 0.999968531 0.007258307 0.397060635 -0.024946850 -0.007335750 0.999662033 46.451112447
0.999670776 0.003545213 0.025429839 1.937347179 -0.003752909 0.999960512 0.008123205 0.404725291 -0.025400553 -0.008215985 0.999643222 47.202176112
0.999670688 0.003824489 0.025398659 1.948958832 -0.004044470 0.999955203 0.008610387 0.408634090 -0.025364365 -0.008710315 0.999639926 47.564323341
0.999656524 0.004014051 0.025920589 1.985549994 -0.004256280 0.999948238 0.009294413 0.415606733 -0.025881590 -0.009401584 0.999620958 48.284055224
0.999641430 0.004521172 0.026415655 2.013115620 -0.004754037 0.999950855 0.008754310 0.420625895 -0.026374300 -0.008876792 0.999612396 48.999398416
0.999623731 0.005221466 0.026946037 2.038058700 -0.005441229 0.999952964 0.008083773 0.422180242 -0.026903289 -0.008227384 0.999603864 49.356997028
0.999588283 0.006474931 0.027972513 2.065449410 -0.006680723 0.999951892 0.007268132 0.426526756 -0.027924026 -0.007452034 0.999582285 50.049985402
0.999580744 0.006143129 0.028298252 2.106296515 -0.006380218 0.999945489 0.008292420 0.433697089 -0.028246029 -0.008469524 0.999565691 50.738377276
0.999569694 0.005682076 0.028801226 2.122141674 -0.005931060 0.999946208 0.008562373 0.436873889 -0.028750041 -0.008729557 0.999548382 51.069193092
0.999547542 0.005067133 0.029673684 2.149443835 -0.005351804 0.999940307 0.009519953 0.444126559 -0.029623233 -0.009674450 0.999514082 51.739793554
0.999495714 0.004879041 0.031403044 2.181128846 -0.005192993 0.999937114 0.009919844 0.450260233 -0.031353340 -0.010077908 0.999457551 52.401427221
0.999484209 0.005486655 0.031654112 2.201336349 -0.005780118 0.999941066 0.009184704 0.451468319 -0.031602859 -0.009362935 0.999457015 52.723284100
0.999503650 0.004708658 0.031161051 2.228371195 -0.004950783 0.999957873 0.007694492 0.454219618 -0.031123922 -0.007844959 0.999484873 53.371565147
0.999490264 0.004780676 0.031580437 2.264448224 -0.005030053 0.999956949 0.007818345 0.459614168 -0.031542173 -0.007973229 0.999470842 54.024228506
0.999482674 0.004255886 0.031911829 2.280279632 -0.004505797 0.999960274 0.007761753 0.462221158 -0.031877833 -0.007901519 0.999460880 54.355049592
0.999478399 0.003967047 0.032065042 2.316392848 -0.004249907 0.999953137 0.008754538 0.469115208 -0.032029055 -0.008886274 0.999447176 55.007699085
0.999451971 0.004528982 0.032801655 2.348126350 -0.004870870 0.999934635 0.010348202 0.477258211 -0.032753132 -0.010502317 0.999408548 55.669314172
0.999431744 0.004207096 0.033453439 2.368386687 -0.004572613 0.999930784 0.010854785 0.480655567 -0.033405535 -0.011001601 0.999381295 55.991150807
0.999468609 0.003961184 0.032383515 2.399924766 -0.004342929 0.999921809 0.011722326 0.487276204 -0.032334949 -0.011856730 0.999407194 56.630418932
0.999454522 0.003126883 0.032909806 2.426927757 -0.003567932 0.999905109 0.013350074 0.495282877 -0.032865151 -0.013460222 0.999369347 57.256290344
0.999438923 0.003430879 0.033342161 2.447058774 -0.003922279 0.999884351 0.014680981 0.499896954 -0.033287599 -0.014803515 0.999336223 57.555754690
0.999418688 0.001184818 0.034096538 2.518891456 -0.001830507 0.999820067 0.018911431 0.517095295 -0.034068081 -0.018962829 0.999239557 58.793939026
0.999416229 0.000666480 0.034160468 2.534545776 -0.001300451 0.999827185 0.018538608 0.518939666 -0.034141746 -0.018572235 0.999244260 59.102406125
0.999410709 0.000661978 0.034349641 2.561164206 -0.001175676 0.999887654 0.014933861 0.517586589 -0.034336494 -0.014965459 0.999298382 59.706003047
0.999414286 0.000369932 0.034242989 2.601002838 -0.000761400 0.999934330 0.011417778 0.515845529 -0.034236517 -0.011437165 0.999348050 60.282672130
0.999433101 0.000309212 0.033684311 2.616448226 -0.000646075 0.999950056 0.009987027 0.515607722 -0.033680435 -0.010003151 0.999382557 60.568797444
0.999470400 0.001366296 0.032526294 2.638541217 -0.001609327 0.999970766 0.007444431 0.516040546 -0.032515398 -0.007492883 0.999442715 61.158993956
0.999466119 0.001129542 0.032665203 2.673913516 -0.001338042 0.999979558 0.006362276 0.518534571 -0.032656920 -0.006402639 0.999445700 61.722239982
0.999462254 0.001001547 0.032808804 2.684879544 -0.001233549 0.999974332 0.007048802 0.521992028 -0.032801405 -0.007085491 0.999437081 61.994947229
0.999472013 0.000655329 0.032503618 2.715911934 -0.000900962 0.999971225 0.007542587 0.527384456 -0.032497237 -0.007567877 0.999442885 62.567143595
0.999521418 0.001458729 0.030910948 2.733381046 -0.001694442 0.999970110 0.007598304 0.532099475 -0.030898659 -0.007647047 0.999493389 63.121555576
0.999513536 0.002157089 0.031136923 2.753323154 -0.002418020 0.999962159 0.008344024 0.535461096 -0.031117897 -0.008415262 0.999480499 63.398670463
0.999492826 0.002422469 0.031774615 2.784399693 -0.002737657 0.999947465 0.009878787 0.542682914 -0.031748591 -0.009960759 0.999445812 63.970849913
0.999502555 0.002664815 0.031459190 2.806281810 -0.002983339 0.999944711 0.010078158 0.547528519 -0.031431127 -0.010167032 0.999453915 64.516283543
0.999508294 0.002845537 0.031233180 2.826007025 -0.003145435 0.999949165 0.009552873 0.548478072 -0.031204287 -0.009646443 0.999466594 64.771059697
0.999516591 0.001999811 0.031055585 2.856528419 -0.002297491 0.999951829 0.009551546 0.552422363 -0.031035378 -0.009618284 0.999471931 65.276186338
0.999507549 0.001983330 0.031337507 2.878062876 -0.002274075 0.999955085 0.009242492 0.556012641 -0.031317735 -0.009309219 0.999466410 65.776909498
0.999508619 0.001759837 0.031326178 2.893212955 -0.002028748 0.999961943 0.008550511 0.556688782 -0.031310129 -0.008609901 0.999473217 66.018304283
0.999522592 0.001436696 0.030896059 2.918931221 -0.001649735 0.999975382 0.006870381 0.557487747 -0.030885656 -0.006918061 0.999499206 66.487715074
0.999513800 0.001883142 0.031141665 2.940089309 -0.002052026 0.999983160 0.005391364 0.558633094 -0.031131058 -0.005452693 0.999500538 66.943738765
0.999510776 0.001850860 0.031238364 2.955077740 -0.002000245 0.999986904 0.004747284 0.559186404 -0.031229452 -0.004807475 0.999500305 67.162773647
0.999513285 0.002444802 0.031124374 2.971705805 -0.002577237 0.999988351 0.004212776 0.561927715 -0.031114662 -0.004290929 0.999506882 67.605398685
0.999514475 0.002669076 0.031067950 2.997309226 -0.002785205 0.999989696 0.003691805 0.564543201 -0.031057326 -0.003776551 0.999510231 68.052431639
0.999519236 0.003085664 0.030879325 3.007915049 -0.003198608 0.999988342 0.003604113 0.566225504 -0.030868005 -0.003701185 0.999516432 68.280433224
0.999521891 0.003011978 0.030795881 3.028929824 -0.003093994 0.999992311 0.002612947 0.568007765 -0.030787575 -0.002706951 0.999522007 68.714089987
0.999527095 0.002809522 0.030653909 3.049837715 -0.002902141 0.999991909 0.002974890 0.571936436 -0.030645340 -0.003062456 0.999526025 69.125365864
0.999525183 0.003073112 0.030669808 3.060303603 -0.003180417 0.999989102 0.003447664 0.574395607 -0.030659350 -0.003543581 0.999523856 69.330999226
0.999536961 0.002673346 0.030320191 3.085624742 -0.002796240 0.999988679 0.004008792 0.578464861 -0.030309598 -0.004091746 0.999532058 69.733296661
0.999522225 0.003270799 0.030748898 3.101942057 -0.003390930 0.999987536 0.003851812 0.581480335 -0.030736582 -0.003954241 0.999519612 70.131197085
0.999527832 0.003618037 0.030527319 3.116774389 -0.003723619 0.999987247 0.003399838 0.582140735 -0.030514008 -0.003511950 0.999528463 70.327869938
0.999535059 0.004033073 0.030240012 3.132907862 -0.004118592 0.999988011 0.002763875 0.584113683 -0.030229162 -0.002887107 0.999539017 70.703418964
0.999520700 0.004585489 0.030641357 3.148925525 -0.004687908 0.999983830 0.003269940 0.587863166 -0.030626413 -0.003412061 0.999524782 71.056590524
0.999523546 0.004287967 0.030602149 3.163623230 -0.004397111 0.999983982 0.003498256 0.589520360 -0.030586583 -0.003631182 0.999525234 71.230893121
0.999520861 0.003967586 0.030720620 3.179604706 -0.004065563 0.999987243 0.003125855 0.591770343 -0.030708537 -0.003249247 0.999523273 71.584078547
0.999514419 0.003991490 0.030912850 3.199982059 -0.004071699 0.999989162 0.002530077 0.593441148 -0.030902091 -0.002654739 0.999518773 71.928292186
0.999519936 0.004023832 0.030741902 3.210091601 -0.004096676 0.999989468 0.002304247 0.594285111 -0.030732847 -0.002429075 0.999524308 72.089218407
0.999529235 0.004218933 0.030397889 3.225928799 -0.004294275 0.999987720 0.002412249 0.597132021 -0.030387639 -0.002541627 0.999534790 72.420037274
0.999544843 0.004369833 0.029862255 3.241611828 -0.004454131 0.999986908 0.002752905 0.600165996 -0.029849611 -0.002884686 0.999549931 72.728493372
0.999545953 0.004529635 0.029810504 3.247153712 -0.004607942 0.999985843 0.002554798 0.601046444 -0.029799027 -0.002691026 0.999552106 72.876035360
0.999535611 0.003910540 0.030240778 3.267058186 -0.003984084 0.999989643 0.002370083 0.602848586 -0.030231728 -0.002489476 0.999539900 73.153164668
0.999542606 0.003858371 0.030006078 3.277993575 -0.003930361 0.999990223 0.002337778 0.605036467 -0.029996569 -0.002454706 0.999546830 73.425883655
0.999526000 0.003244288 0.030618526 3.298875412 -0.003308539 0.999992872 0.002047834 0.607885499 -0.030611681 -0.002148169 0.999529325 73.837169515
0.999528023 0.003213806 0.030572752 3.309644811 -0.003275062 0.999992529 0.001949223 0.609770607 -0.030566828 -0.002048476 0.999530107 74.087530263
0.999532390 0.003095251 0.030447002 3.319428163 -0.003149866 0.999993338 0.001742614 0.610248946 -0.030441425 -0.001837724 0.999535138 74.203737788
0.999515891 0.002722095 0.031015053 3.338987630 -0.002758607 0.999996062 0.001133760 0.610905724 -0.031011511 -0.001218851 0.999518167 74.436155609
0.999509654 0.002753244 0.031221701 3.345028207 -0.002789474 0.999995462 0.001115860 0.612724479 -0.031217813 -0.001202436 0.999511898 74.650772036
0.999518681 0.002676196 0.030926588 3.350242695 -0.002705851 0.999996203 0.000915514 0.613189319 -0.030924351 -0.000998830 0.999521689 74.753595789
0.999514120 0.003424926 0.031003685 3.360675291 -0.003444899 0.999993937 0.000589635 0.614268950 -0.031001248 -0.000696136 0.999519608 74.959241908
0.999509050 0.004077045 0.031075855 3.371118501 -0.004095362 0.999991637 0.000522302 0.615788434 -0.031073579 -0.000649319 0.999517454 75.164883960
0.999517515 0.004207414 0.030807125 3.376349152 -0.004231416 0.999990725 0.000710311 0.616923051 -0.030803613 -0.000840343 0.999525318 75.267701520
0.999527635 0.004859019 0.030358187 3.382232907 -0.004888020 0.999988258 0.000881332 0.618818907 -0.030353618 -0.001029308 0.999538680 75.459956195
0.999530590 0.004786529 0.030269839 3.401482348 -0.004810154 0.999988661 0.000705119 0.619779837 -0.030265792 -0.000850420 0.999541372 75.647649127
0.999523545 0.005053671 0.030471265 3.402139311 -0.005079428 0.999986557 0.000767144 0.620701022 -0.030466347 -0.000921589 0.999535310 75.737084763
0.999504013 0.005645295 0.030996304 3.416835086 -0.005677500 0.999983396 0.000950153 0.622278244 -0.030990316 -0.001125717 0.999519523 75.911388100
0.999504869 0.005925459 0.030921085 3.427120750 -0.005960017 0.999981906 0.001020987 0.623844839 -0.030914859 -0.001204769 0.999521219 76.094668678
0.999511066 0.006129150 0.030675012 3.432181311 -0.006164553 0.999980637 0.001054557 0.624506741 -0.030667959 -0.001243145 0.999528977 76.175129570
0.999512996 0.006158894 0.030595908 3.437740806 -0.006200964 0.999979839 0.001279030 0.626116945 -0.030587139 -0.001468185 0.999531097 76.322664809
0.999517005 0.006091308 0.030493981 3.443299578 -0.006139487 0.999980594 0.001484550 0.627697160 -0.030483966 -0.001671059 0.999533557 76.470200325
0.999518983 0.006175628 0.030422515 3.452768320 -0.006226699 0.999979648 0.001581004 0.628289714 -0.030412077 -0.001769703 0.999535441 76.541684716
0.999526455 0.006291752 0.030160101 3.453755091 -0.006346483 0.999978585 0.001715440 0.629726474 -0.030148513 -0.001906103 0.999544192 76.675837663
0.999525716 0.006718821 0.030059772 3.459145943 -0.006776763 0.999975195 0.001820794 0.630923943 -0.030046211 -0.002023646 0.999546206 76.801015680
0.999523366 0.006915252 0.030096540 3.455068777 -0.006973915 0.999974191 0.001843182 0.631558848 -0.030083316 -0.002052222 0.999544840 76.854709029
0.999518335 0.006993498 0.030266453 3.469274543 -0.007058673 0.999973409 0.002044429 0.632557643 -0.030251122 -0.002257133 0.999540430 76.961934598
0.999514108 0.006918375 0.030416251 3.474337275 -0.006986130 0.999973561 0.002117055 0.633309515 -0.030400681 -0.002328547 0.999535544 77.042394658
0.999515534 0.006906885 0.030377643 3.470096773 -0.006975406 0.999973556 0.002148311 0.633751611 -0.030362326 -0.002359143 0.999535990 77.073728751
0.999525677 0.006840218 0.030053403 3.474995686 -0.006910229 0.999973510 0.002223238 0.634290680 -0.030037845 -0.002429857 0.999545733 77.131829740
0.999535442 0.007026891 0.029679845 3.479892670 -0.007097069 0.999972672 0.002256362 0.634749776 -0.029663667 -0.002466010 0.999556663 77.189931469
0.999537564 0.007052669 0.029608493 3.480056488 -0.007122865 0.999971970 0.002264861 0.634962578 -0.029591890 -0.002474735 0.999559345 77.212290539
0.999539704 0.006944116 0.029547360 3.480548909 -0.007015415 0.999973225 0.002307853 0.635640972 -0.029530713 -0.002514114 0.999560744 77.279367383
0.999547417 0.006852640 0.029328786 3.489855762 -0.006927346 0.999973220 0.002443135 0.636100697 -0.029311524 -0.002645248 0.999566483 77.328491963
0.999551058 0.006808210 0.029218241 3.490019822 -0.006883102 0.999973167 0.002458648 0.636323496 -0.029201483 -0.002658698 0.999569834 77.350850941
0.999555709 0.006838337 0.029038502 3.494911981 -0.006910059 0.999973278 0.002368461 0.636582659 -0.029021480 -0.002568039 0.999575992 77.408954519
0.999560220 0.006892903 0.028849908 3.499643698 -0.006963745 0.999973069 0.002356489 0.636768972 -0.028833184 -0.002556405 0.999580611 77.444697731
0.999563096 0.006870132 0.028771259 3.499808723 -0.006941977 0.999973263 0.002396167 0.637031758 -0.028754240 -0.002594883 0.999583510 77.467056340
0.999564906 0.006750849 0.028729574 3.495569426 -0.006823995 0.999973696 0.002448046 0.637523837 -0.028712388 -0.002643076 0.999584239 77.498389971
0.999562198 0.006743878 0.028813405 3.495735658 -0.006819193 0.999974274 0.002511492 0.637836606 -0.028795152 -0.002706897 0.999581709 77.520748117
0.999561677 0.006692677 0.028869138 3.500305727 -0.006768880 0.999974246 0.002541087 0.637900088 -0.028851063 -0.002735370 0.999580585 77.534131426
0.999555655 0.006732694 0.029063081 3.504879899 -0.006813040 0.999973122 0.002663778 0.638133513 -0.029044722 -0.002860657 0.999574028 77.547513164
0.999551408 0.006655490 0.029213004 3.505022970 -0.006721724 0.999975582 0.002167899 0.637486602 -0.029198030 -0.002363360 0.999571168 77.569880185
0.999549905 0.006426388 0.029307480 3.505001981 -0.006477716 0.999977917 0.001654281 0.636616892 -0.029296389 -0.001843350 0.999569321 77.569888227
0.999541099 0.006268235 0.029661371 3.504963382 -0.006292272 0.999980437 0.000715484 0.635017426 -0.029656697 -0.000901796 0.999560041 77.569903017
0.999543173 0.005641090 0.029731733 3.504968689 -0.005668361 0.999983655 0.000832383 0.635237352 -0.029726774 -0.001000550 0.999557572 77.569900984
0.999544318 0.005406082 0.029721083 3.509382660 -0.005439508 0.999984478 0.001039193 0.635407925 -0.029715441 -0.001200366 0.999558010 77.560922264
0.999541251 0.005664309 0.029775794 3.509355882 -0.005678747 0.999984104 0.000397941 0.634298295 -0.029773179 -0.000566897 0.999557165 77.560932525
0.999540987 0.005686688 0.029790657 3.509359983 -0.005703980 0.999983660 0.000494912 0.634468239 -0.029787260 -0.000664645 0.999555729 77.560930953
0.999538881 0.005717767 0.029830461 3.509370598 -0.005742894 0.999983509 0.000753394 0.634908092 -0.029825355 -0.000924362 0.999555329 77.560926886
0.999538676 0.005648014 0.029861034 3.509363360 -0.005667768 0.999983857 0.000575225 0.634608192 -0.029858236 -0.000744242 0.999554038 77.560929659
0.999540057 0.005580862 0.029841109 3.513765269 -0.005598189 0.999984276 0.000491046 0.634278931 -0.029837857 -0.000657884 0.999554948 77.551955561
0.999540450 0.005531170 0.029820615 3.513769129 -0.005551285 0.999984602 0.000586904 0.634438878 -0.029816370 -0.000752249 0.999555123 77.551954082
0.999538060 0.005588381 0.029901365 3.513768164 -0.005607698 0.999984452 0.000559897 0.634398891 -0.029897687 -0.000727397 0.999552988 77.551954452
0.999537873 0.005578412 0.029902640 3.513766476 -0.005596503 0.999984064 0.000520057 0.634328915 -0.029899129 -0.000687158 0.999553340 77.551955099
0.999540402 0.005487835 0.029853266 3.513766958 -0.005506186 0.999985172 0.000531392 0.634348908 -0.029850769 -0.000695540 0.999554493 77.551954914
0.999536697 0.005506973 0.029938219 3.513764546 -0.005523778 0.999985223 0.000474928 0.634248941 -0.029934665 -0.000640133 0.999551700 77.551955838
0.999536776 0.005474738 0.029970650 3.513765752 -0.005492374 0.999984749 0.000502932 0.634298925 -0.029967599 -0.000667309 0.999550314 77.551955376
0.999538209 0.005447686 0.029915805 3.513769129 -0.005467694 0.999984663 0.000583886 0.634438878 -0.029912822 -0.000747212 0.999551770 77.551954082
0.999537860 0.005498286 0.029919620 3.513768647 -0.005518036 0.999984511 0.000574890 0.634418885 -0.029916388 -0.000739754 0.999552718 77.551954267
0.999537174 0.005522797 0.029935155 3.513767682 -0.005541870 0.999985128 0.000551590 0.634378898 -0.029931821 -0.000717263 0.999551922 77.551954637
0.999537139 0.005510045 0.029925432 3.513765752 -0.005527674 0.999984906 0.000501144 0.634298925 -0.029922110 -0.000666361 0.999551556 77.551955376
0.999539314 0.005487426 0.029883406 3.513766476 -0.005505533 0.999985286 0.000519966 0.634328915 -0.029880286 -0.000684268 0.999553929 77.551955099
0.999538946 0.005483127 0.029883564 3.513768164 -0.005502515 0.999984986 0.000563749 0.634398891 -0.029879416 -0.000727929 0.999553083 77.551954452
0.999539756 0.005434236 0.029877797 3.513765993 -0.005451972 0.999985675 0.000510125 0.634308921 -0.029874513 -0.000672835 0.999553612 77.551955284
0.999540854 0.005454114 0.029842060 3.513766958 -0.005472477 0.999985004 0.000530473 0.634348908 -0.029839003 -0.000693592 0.999554583 77.551954914
0.999540810 0.005476580 0.029835865 3.513766234 -0.005494528 0.999984603 0.000514593 0.634318918 -0.029832988 -0.000678323 0.999555220 77.551955191
0.999540933 0.005473768 0.029833775 3.513764063 -0.005490109 0.999985128 0.000465207 0.634228948 -0.029830793 -0.000628797 0.999555236 77.551956023
0.999541259 0.005448305 0.029811576 3.513764304 -0.005464896 0.999984687 0.000472156 0.634238945 -0.029807768 -0.000634824 0.999555335 77.551955931
0.999541515 0.005421151 0.029804640 3.513764063 -0.005437346 0.999985436 0.000462771 0.634228948 -0.029802652 -0.000624658 0.999555471 77.551956023
0.999541310 0.005443126 0.029821691 3.522738213 -0.005459499 0.999984878 0.000465055 0.634053139 -0.029818998 -0.000627677 0.999554878 77.556364403
0.999541655 0.005412908 0.029816408 3.522737007 -0.005428250 0.999984926 0.000431525 0.634003156 -0.029813917 -0.000593152 0.999555221 77.556364865
0.999540729 0.005387784 0.029845487 3.522736283 -0.005402586 0.999985706 0.000413358 0.633973166 -0.029842767 -0.000574415 0.999554279 77.556365142
0.999540139 0.005411391 0.029849499 3.522735318 -0.005425719 0.999985306 0.000394227 0.633933179 -0.029847025 -0.000556023 0.999554423 77.556365512
0.999540502 0.005392337 0.029865191 3.522734594 -0.005406067 0.999985926 0.000377435 0.633903189 -0.029862859 -0.000538760 0.999553566 77.556365789
0.999540151 0.005426281 0.029865591 3.522733147 -0.005438875 0.999985457 0.000338541 0.633843209 -0.029863454 -0.000500810 0.999553468 77.556366344
0.999540110 0.005453519 0.029846176 3.522731217 -0.005464803 0.999985208 0.000293728 0.633763236 -0.029843987 -0.000456685 0.999554911 77.556367084
0.999541289 0.005448020 0.029822770 3.522731699 -0.005459719 0.999985228 0.000306151 0.633783229 -0.029821232 -0.000468854 0.999555417 77.556366899
0.999541630 0.005438319 0.029807264 3.522731941 -0.005450180 0.999985408 0.000312398 0.633793226 -0.029805668 -0.000474733 0.999555474 77.556366806
0.999540175 0.005412628 0.029857256 3.522728081 -0.005421601 0.999985927 0.000215688 0.633633279 -0.029856007 -0.000377498 0.999554196 77.556368285
0.999539358 0.005363507 0.029892421 3.522726151 -0.005371187 0.999985530 0.000171668 0.633553306 -0.029890897 -0.000332187 0.999553444 77.556369025
0.999538785 0.005349177 0.029899671 3.522724944 -0.005355736 0.999986186 0.000138570 0.633503322 -0.029898188 -0.000298679 0.999553244 77.556369487
0.999539517 0.005338768 0.029896291 3.522724462 -0.005345017 0.999985534 0.000128415 0.633483329 -0.029894713 -0.000288176 0.999552913 77.556369672
0.999539983 0.005381090 0.029873740 3.522724944 -0.005387737 0.999985404 0.000139042 0.633503322 -0.029872414 -0.000299934 0.999553877 77.556369487
0.999538346 0.005368673 0.029907197 3.522719396 -0.005371311 0.999985936 0.000005962 0.633273399 -0.029906989 -0.000166659 0.999553050 77.556371613
0.999538990 0.005347854 0.029888000 3.522719396 -0.005350536 0.999985431 0.000007411 0.633273399 -0.029887056 -0.000167397 0.999553624 77.556371613
0.999539897 0.005332607 0.029872801 3.522720119 -0.005335818 0.999985629 0.000026374 0.633303389 -0.029872437 -0.000185803 0.999553564 77.556371336
0.999540516 0.005286032 0.029881808 3.522720361 -0.005289295 0.999985742 0.000028856 0.633313386 -0.029880914 -0.000186939 0.999553475 77.556371243
0.999540312 0.005294823 0.029885297 3.522717948 -0.005296434 0.999986074 -0.000030191 0.633213419 -0.029885320 -0.000128149 0.999553091 77.556372168
0.999539767 0.005301355 0.029881861 3.522715777 -0.005301393 0.999986374 -0.000079900 0.633123449 -0.029882141 -0.000078600 0.999553567 77.556373000
0.999539261 0.005335623 0.029899953 3.522715295 -0.005335363 0.999985630 -0.000089939 0.633103456 -0.029900613 -0.000069676 0.999552631 77.556373185
0.999538298 0.005290542 0.029929828 3.522719154 -0.005292985 0.999985909 -0.000001365 0.633263403 -0.029928719 -0.000157098 0.999552056 77.556371706
0.999538518 0.005300766 0.029924287 3.522719637 -0.005303460 0.999986557 0.000009886 0.633283396 -0.029925048 -0.000168583 0.999552442 77.556371521
0.999539698 0.005247201 0.029884832 3.522716983 -0.005248094 0.999986414 -0.000049465 0.633173433 -0.029884412 -0.000107409 0.999553269 77.556372537
0.999540984 0.005253348 0.029875674 3.522715053 -0.005252948 0.999986690 -0.000095420 0.633093459 -0.029875880 -0.000061614 0.999554200 77.556373277
0.999541023 0.005219557 0.029857993 3.522715536 -0.005219379 0.999986434 -0.000086600 0.633113453 -0.029858742 -0.000069281 0.999554249 77.556373092
0.999541517 0.005220931 0.029841856 3.522717707 -0.005222435 0.999986903 -0.000032784 0.633203423 -0.029841723 -0.000123099 0.999555221 77.556372260
0.999542543 0.005222309 0.029824965 3.522714812 -0.005221711 0.999986513 -0.000102201 0.633083463 -0.029825636 -0.000053559 0.999555080 77.556373369
0.999542701 0.005230809 0.029824100 3.522720361 -0.005234105 0.999986097 0.000028385 0.633313386 -0.029824183 -0.000184526 0.999555243 77.556371243
0.999542908 0.005269808 0.029791921 3.522718672 -0.005271926 0.999986479 -0.000007486 0.633243409 -0.029792087 -0.000149571 0.999555804 77.556371890
0.999543814 0.005264850 0.029742413 3.522719637 -0.005267780 0.999986380 0.000016565 0.633283396 -0.029741593 -0.000173283 0.999557737 77.556371521
0.999544262 0.005261985 0.029751373 3.522719637 -0.005264881 0.999986444 0.000017118 0.633283396 -0.029751462 -0.000173799 0.999557667 77.556371521
0.999545064 0.005313870 0.029717061 3.522718431 -0.005315895 0.999986472 -0.000014440 0.633233413 -0.029716567 -0.000143543 0.999558204 77.556371983
0.999543743 0.005346718 0.029733647 3.522716018 -0.005347128 0.999986170 -0.000068625 0.633133446 -0.029733270 -0.000090424 0.999558574 77.556372907
0.999543907 0.005350053 0.029761128 3.522716501 -0.005350689 0.999986010 -0.000060306 0.633153439 -0.029760968 -0.000099034 0.999557403 77.556372722
0.999543275 0.005323293 0.029756082 3.522714812 -0.005322721 0.999986053 -0.000102322 0.633083463 -0.029756297 -0.000056127 0.999556927 77.556373369
0.999542304 0.005366328 0.029797096 3.522719878 -0.005369390 0.999985854 0.000021596 0.633293393 -0.029797013 -0.000181624 0.999555503 77.556371428
