1.000000000 -0.000000000 -0.000000000 0.000000000 0.000000000 1.000000000 0.000000000 -0.000000000 -0.000000000 -0.000000000 1.000000000 -0.000000000
0.999974893 -0.000052386 -0.007042323 -0.007316477 0.000055914 0.999999612 0.000501306 0.005780510 0.007041647 -0.000501565 0.999975529 0.319395818
0.999763326 -0.000849314 -0.021731413 -0.031252375 0.000889366 0.999997646 0.001832653 0.017914505 0.021729508 -0.001851551 0.999762525 0.954521332
0.999303751 -0.001169876 -0.037288524 -0.068159685 0.001266697 0.999995149 0.002573268 0.029223520 0.037284722 -0.002618677 0.999301012 1.595310944
0.998975412 -0.001681024 -0.045226040 -0.079134956 0.001814541 0.999993217 0.002911153 0.034895881 0.045220070 -0.002990247 0.998972930 1.924016971
0.997992758 -0.002392937 -0.063275069 -0.134679425 0.002517666 0.999994192 0.001891276 0.043181468 0.063269551 -0.002046800 0.997994570 2.557539027
0.996536783 -0.000940881 -0.083139586 -0.195880942 0.000974598 0.999999159 0.000364818 0.050428437 0.083138865 -0.000444598 0.996537841 3.178111433
0.995680275 0.000216239 -0.092841651 -0.240435066 -0.000201338 0.999999044 0.000169953 0.055051364 0.092841360 -0.000150455 0.995680965 3.482896280
0.993632081 0.003167619 -0.112626453 -0.323882517 -0.003121866 0.999994717 0.000582779 0.065835763 0.112626975 -0.000227393 0.993637326 4.105407868
0.990936044 0.004229113 -0.134265522 -0.431594329 -0.004129606 0.999990213 0.001019555 0.076537524 0.134267593 -0.000455816 0.990945215 4.707640508
0.989282695 0.004267980 -0.145945274 -0.489103142 -0.004087229 0.999989639 0.001538366 0.082565138 0.145950225 -0.000925282 0.989291594 5.018054860
0.985382262 0.003492366 -0.170318808 -0.628383554 -0.003073638 0.999991320 0.002722025 0.094747697 0.170326605 -0.002158748 0.985385472 5.618601358
0.980659177 0.002725182 -0.195701397 -0.773325364 -0.002170537 0.999992777 0.003048401 0.105311723 0.195707815 -0.002564686 0.980659167 6.206207204
0.977977569 0.002119112 -0.208698186 -0.849459037 -0.001581700 0.999994630 0.002742007 0.109955666 0.208702102 -0.002351437 0.977976708 6.509328559
0.971627549 0.001814670 -0.236510364 -1.020352444 -0.001576095 0.999997121 0.001197766 0.117699904 0.236511352 -0.000790988 0.971628536 7.108280752
0.964228721 0.002221896 -0.265063011 -1.202535051 -0.002152987 0.999996956 0.000550437 0.126686410 0.265062597 0.000039900 0.964231373 7.681282143
0.959738224 0.003279517 -0.280875319 -1.312226655 -0.003032436 0.999994051 0.001314310 0.133070504 0.280877551 -0.000409613 0.959743669 7.960439035
0.950980617 0.004609338 -0.309214188 -1.527947020 -0.003772851 0.999986801 0.003303079 0.146486761 0.309224889 -0.001974542 0.950987020 8.509434235
0.941804138 0.000829666 -0.336160060 -1.743681558 0.000613210 0.999990421 0.004185992 0.158013299 0.336160163 -0.004148517 0.941795565 9.058458754
0.936584520 -0.002018766 -0.350435135 -1.862685330 0.003852884 0.999982277 0.004536628 0.163740552 0.350419337 -0.005599155 0.936576298 9.333968605
0.924963877 -0.004273807 -0.380029769 -2.112010119 0.006245487 0.999972471 0.003955373 0.172697883 0.380001862 -0.006032033 0.924966567 9.859095523
0.913059623 -0.002846713 -0.407815833 -2.376331497 0.003264783 0.999994031 0.000329165 0.176310298 0.407812505 -0.001631931 0.913064173 10.367682372
0.906711728 -0.003273301 -0.421738524 -2.519623552 0.003063481 0.999994033 -0.001175108 0.178765388 0.421739783 -0.000226462 0.906717364 10.622962762
0.892672187 -0.006222677 -0.450663822 -2.802509422 0.006486886 0.999977582 -0.000958304 0.189042932 0.450659687 -0.002067896 0.892694147 11.124131735
0.877017551 -0.008624359 -0.480379835 -3.093040996 0.009351313 0.999954955 -0.000879976 0.198631198 0.480365562 -0.003720330 0.877060374 11.590071341
0.869808485 -0.008862820 -0.493310129 -3.251272570 0.009625502 0.999953199 -0.000993422 0.203350238 0.493295218 -0.003884278 0.869853884 11.828693609
0.856088732 -0.006110883 -0.516792710 -3.564056602 0.007458339 0.999971980 0.000530807 0.215606064 0.516774344 -0.004308768 0.856110888 12.296585893
0.842371406 -0.002581935 -0.538890853 -3.875173945 0.004550624 0.999986973 0.002322171 0.227859446 0.538877574 -0.004408415 0.842372896 12.732895389
0.835177232 -0.001567013 -0.549978471 -4.039057243 0.003255073 0.999991851 0.002093853 0.232249762 0.549970124 -0.003538919 0.835176919 12.958556992
0.820055921 0.000671228 -0.572282955 -4.378104790 0.001396716 0.999993184 0.003174317 0.243372497 0.572281371 -0.003402410 0.820050298 13.383912332
0.804122923 0.003532880 -0.594452802 -4.733734998 0.000917067 0.999973438 0.007183488 0.259901158 0.594462059 -0.006321478 0.804099373 13.824143627
0.795491809 0.005200756 -0.605941383 -4.912546942 0.000451492 0.999957522 0.009175301 0.268005208 0.605963272 -0.007572417 0.795457250 14.033124613
0.778027319 0.007588614 -0.628183962 -5.285141846 0.000027081 0.999926621 0.012112874 0.282277884 0.628229961 -0.009441146 0.777970535 14.434493618
0.760363904 0.008287413 -0.649444416 -5.657751373 0.000979068 0.999901947 0.013905832 0.294600850 0.649495788 -0.011209308 0.760282656 14.835892873
0.751590648 0.007106675 -0.659591015 -5.855206700 0.002521960 0.999902770 0.013647048 0.298851597 0.659624227 -0.011920423 0.751501252 15.037619179
0.733506314 0.004871746 -0.679664937 -6.233508071 0.004699317 0.999913642 0.012238827 0.305496636 0.679666126 -0.012171191 0.733421014 15.426140765
0.714739283 0.003961432 -0.699379373 -6.649069062 0.002675656 0.999961139 0.008398396 0.308054528 0.699385150 -0.007873941 0.714701653 15.800096833
0.705422921 0.002757827 -0.708781765 -6.848539142 0.002608572 0.999974644 0.006487043 0.309175132 0.708781861 -0.006424997 0.705398563 15.979597408
0.685703293 0.000498790 -0.727880557 -7.260436164 0.002654819 0.999991389 0.003186236 0.312531071 0.727875581 -0.004117148 0.685696864 16.344232562
0.663844850 -0.000718098 -0.747869482 -7.696558702 0.004360167 0.999985829 0.002910114 0.320983600 0.747857340 -0.005192688 0.663839039 16.688508412
0.652954853 -0.001532486 -0.757394699 -7.910951803 0.006602170 0.999970758 0.003668486 0.326567827 0.757367849 -0.007395749 0.652946864 16.851316736
0.632417833 0.000910136 -0.774626640 -8.345361382 0.007458361 0.999945277 0.007263993 0.341186994 0.774590908 -0.010371294 0.632377071 17.163914081
0.611687180 0.004642505 -0.791086034 -8.792727225 0.007178702 0.999908721 0.011418734 0.357000880 0.791066815 -0.012663635 0.611598688 17.482144189
0.601327518 0.006138209 -0.798978321 -9.025723364 0.007096103 0.999889522 0.013022391 0.364111002 0.798970664 -0.013500331 0.601218651 17.637614373
0.578566135 0.009474092 -0.815579718 -9.501034708 0.005156367 0.999869617 0.015272768 0.376754544 0.815618448 -0.013041716 0.578443454 17.944921971
0.556566592 0.011869287 -0.830718425 -9.981995152 0.004987680 0.999831497 0.017627241 0.389419308 0.830787758 -0.013954061 0.556414101 18.239263475
0.546139606 0.012479128 -0.837600858 -10.233619451 0.004986292 0.999822854 0.018147196 0.394705825 0.837679328 -0.014087403 0.545981292 18.387447487
0.526180951 0.011722827 -0.850291456 -10.729580308 0.005574809 0.999835852 0.017234393 0.401515749 0.850353736 -0.013808607 0.526030556 18.665256834
0.508402126 0.009760835 -0.861063965 -11.238523524 0.006061522 0.999870197 0.014913233 0.406040910 0.861098012 -0.012801262 0.508277986 18.948752929
0.500004806 0.008830390 -0.865977241 -11.486510702 0.006505432 0.999881150 0.013951961 0.408546006 0.865997864 -0.012609590 0.499888523 19.087671564
0.482806196 0.006525324 -0.875702855 -12.014063781 0.008205285 0.999893897 0.011974614 0.413687198 0.875688313 -0.012966785 0.482702166 19.363843635
0.466907650 0.004274202 -0.884295355 -12.525005627 0.008433643 0.999920983 0.009286014 0.417231896 0.884266210 -0.011793514 0.466834940 19.625080646
0.459598530 0.003520687 -0.888119072 -12.787949496 0.008557951 0.999927844 0.008392625 0.419711284 0.888085466 -0.011457688 0.459536458 19.747376683
0.447046990 0.003748477 -0.894502250 -13.308163240 0.008530546 0.999927880 0.008453595 0.427968342 0.894469359 -0.011409724 0.446983961 20.004883348
0.435468345 0.004070446 -0.900194125 -13.824715040 0.009128025 0.999917620 0.008937052 0.436753486 0.900156940 -0.012108777 0.435397016 20.253073287
0.431125311 0.004517364 -0.902280308 -14.091295506 0.009679339 0.999906215 0.009631106 0.442084284 0.902239945 -0.012885654 0.431043010 20.384633615
0.423779842 0.006886816 -0.905738588 -14.617132402 0.009076708 0.999887905 0.011849519 0.453822050 0.905719842 -0.013242676 0.423670559 20.629120512
0.416998960 0.010599812 -0.908844619 -15.146613693 0.007293503 0.999860576 0.015007767 0.467371381 0.908877077 -0.012886871 0.416865126 20.882887832
0.413779551 0.012389059 -0.910292512 -15.418828111 0.007417482 0.999828334 0.016979294 0.474743101 0.910346723 -0.013777743 0.413617364 21.001450731
0.407136221 0.012559063 -0.913280456 -15.957632294 0.011663645 0.999751862 0.018947780 0.486205804 0.913293025 -0.018366488 0.406889969 21.251593193
0.402171139 0.008705699 -0.915522688 -16.492859573 0.012063186 0.999816986 0.014806386 0.486858282 0.915484718 -0.016998796 0.401994386 21.492594848
0.399743483 0.005880192 -0.916607617 -16.755830515 0.012577387 0.999849249 0.011899345 0.485728207 0.916540448 -0.016285188 0.399610104 21.614946887
0.394614630 0.001789798 -0.918844207 -17.287409124 0.012021717 0.999901677 0.007110629 0.485139036 0.918768167 -0.013852011 0.394555679 21.846659275
0.389297537 -0.000451654 -0.921111761 -17.841240866 0.009859257 0.999944295 0.003676596 0.487127437 0.921059043 -0.010512740 0.389281395 22.080325737
0.387068936 -0.001721060 -0.922049309 -18.113498103 0.010074267 0.999945612 0.002362650 0.488790008 0.921995416 -0.010203435 0.387066385 22.198977214
0.382786464 0.000173954 -0.923836822 -18.663610983 0.008602159 0.999955125 0.003752555 0.498895366 0.923796781 -0.009383366 0.382769611 22.423209208
0.379560273 0.001398306 -0.925166093 -19.208072064 0.009170992 0.999943830 0.005273851 0.509339447 0.925121224 -0.010486401 0.379527341 22.660401711
0.377407234 0.002206406 -0.926044678 -19.480304330 0.008591710 0.999945571 0.005884014 0.514331522 0.926007389 -0.010176943 0.377368751 22.779001530
0.373782434 0.003742203 -0.927508368 -20.017442949 0.010098054 0.999915640 0.008103818 0.525641804 0.927460928 -0.012395075 0.373713673 22.997563530
0.371998303 0.005139401 -0.928219043 -20.548926619 0.012847279 0.999859785 0.010684813 0.537710747 0.928144760 -0.015899783 0.371881262 23.229079524
0.371599537 0.006039696 -0.928373391 -20.821153035 0.013156913 0.999843346 0.011770988 0.543482706 0.928299355 -0.016588599 0.371463136 23.347667243
0.371371749 0.006219925 -0.928463404 -21.374936858 0.013538024 0.999834556 0.012113050 0.551860156 0.928385491 -0.017067986 0.371225875 23.581234577
0.370478503 0.004183476 -0.928831767 -21.941722238 0.012632142 0.999873754 0.009541973 0.555393224 0.928755077 -0.015268190 0.370379607 23.820528372
0.370222595 0.001236432 -0.928941788 -22.223308516 0.013142404 0.999891596 0.006568672 0.554149289 0.928850346 -0.014640369 0.370167754 23.935567712
0.369608244 -0.002235938 -0.929184794 -22.780791028 0.015242981 0.999877061 0.003657254 0.557099382 0.929062321 -0.015515278 0.369597319 24.178527784
0.367912138 -0.002423911 -0.929857449 -23.347542663 0.015881327 0.999867084 0.003677277 0.565131780 0.929725149 -0.016120246 0.367902352 24.417751771
0.367434303 -0.001748296 -0.930047518 -23.642042685 0.016322048 0.999855556 0.004568833 0.570751719 0.929906432 -0.016858986 0.367410382 24.538335914
0.366583837 0.000209326 -0.930385170 -24.218074766 0.016332765 0.999843800 0.006660292 0.582356645 0.930241518 -0.017637273 0.366524486 24.773847239
0.364740451 0.000711306 -0.931108438 -24.768203544 0.015564833 0.999855001 0.006860990 0.590342319 0.930978822 -0.016995008 0.364677344 24.998112120
0.364099665 0.000450511 -0.931359700 -25.040451108 0.014903232 0.999868638 0.006309831 0.593294698 0.931240003 -0.016177651 0.364046119 25.116743586
0.363678114 0.000455615 -0.931524525 -25.590582661 0.014918726 0.999868359 0.006313470 0.600910427 0.931405045 -0.016193210 0.363623445 25.341014207
0.362938368 0.002408444 -0.931810231 -26.140689317 0.014501770 0.999860941 0.008232744 0.611845661 0.931700194 -0.016500850 0.362853555 25.565233325
0.362535732 0.003298405 -0.931963662 -26.412915058 0.014991269 0.999842806 0.009370281 0.617707606 0.931848873 -0.017368352 0.362430544 25.683819648
0.361641785 0.004126304 -0.932308235 -26.963028313 0.016376187 0.999807719 0.010777357 0.627762972 0.932173740 -0.019165166 0.361505133 25.908052417
0.361334784 0.005381818 -0.932420343 -27.500168282 0.018411247 0.999746953 0.012905190 0.638893281 0.932254093 -0.021830103 0.361144551 26.126617210
0.361003004 0.005920700 -0.932544949 -27.785357035 0.020032526 0.999699779 0.014101957 0.645050078 0.932349542 -0.023772081 0.360776905 26.250850257
0.359865706 0.006350549 -0.932982333 -28.335479364 0.020716377 0.999675898 0.014795125 0.653895624 0.932774410 -0.024652254 0.359617585 26.475101797
0.359054266 0.007696144 -0.933285385 -28.898566356 0.018710202 0.999705343 0.015442082 0.662816055 0.933128756 -0.023006478 0.358805267 26.705003474
0.358664368 0.008913432 -0.933423884 -29.189406009 0.018376103 0.999692621 0.016607174 0.668754111 0.933285825 -0.023109077 0.358390837 26.816274151
0.357366468 0.008934455 -0.933920952 -29.752498475 0.018966732 0.999677910 0.016821195 0.676944650 0.933771810 -0.023724742 0.357083661 27.046187152
0.355787272 0.006399562 -0.934545177 -30.324931905 0.019926883 0.999696418 0.014431994 0.680638921 0.934354282 -0.023757259 0.355552141 27.272512681
0.355338475 0.004854041 -0.934724377 -30.606499810 0.020218840 0.999712389 0.012877767 0.681844621 0.934518558 -0.023475011 0.355138612 27.387514015
0.354454950 0.002251384 -0.935070167 -31.191901202 0.020502106 0.999737710 0.010178763 0.685173841 0.934848517 -0.022778800 0.354316470 27.619496507
0.354127980 -0.000340986 -0.935197142 -31.777307019 0.019812975 0.999777870 0.007138004 0.687913150 0.934986363 -0.021056777 0.354057292 27.851488151
0.353775982 -0.000713202 -0.935329573 -32.071825863 0.019394911 0.999789826 0.006573524 0.691023462 0.935128712 -0.020466163 0.353716939 27.972111232
0.352616634 0.000908253 -0.935767231 -32.683093663 0.020210191 0.999758805 0.008585980 0.702891204 0.935550011 -0.021939580 0.352513811 28.215263844
0.350978340 0.002536870 -0.936380008 -33.294358538 0.021627918 0.999706879 0.010815120 0.715148887 0.936134126 -0.024047793 0.350822004 28.458410406
0.350184728 0.002526689 -0.936677487 -33.598173502 0.022445814 0.999685618 0.011088211 0.719742040 0.936412175 -0.024907334 0.350018778 28.575353248
0.349042835 0.002763504 -0.937102596 -34.222425087 0.023123925 0.999665468 0.011560992 0.729135046 0.936821373 -0.025704787 0.348862977 28.824195555
0.345893096 0.002369050 -0.938271196 -35.159801704 0.025846860 0.999593292 0.012052295 0.742744322 0.937917947 -0.028420183 0.345692113 29.186329318
0.343679624 0.002162662 -0.939084297 -35.780400044 0.027154290 0.999555876 0.012239639 0.751505587 0.938693951 -0.029706713 0.343469272 29.425872895
0.342329967 0.002627037 -0.939576235 -36.423258492 0.028737268 0.999498917 0.013264842 0.761914564 0.939140203 -0.031541808 0.342083586 29.667384973
0.339675272 0.000960411 -0.940541870 -37.399552044 0.029901239 0.999482164 0.011819355 0.772688951 0.940067857 -0.032138040 0.339472040 30.046516617
0.338456570 -0.001450703 -0.940980741 -38.055418348 0.030607738 0.999486297 0.009468215 0.777413671 0.940483961 -0.032005802 0.338327506 30.293768186
0.337890559 -0.002686961 -0.941181154 -38.381523116 0.031046090 0.999483317 0.008292347 0.779695125 0.940673622 -0.032021932 0.337799793 30.412740961
0.336531482 -0.005044050 -0.941657974 -39.041041991 0.032445606 0.999453197 0.006241836 0.785141573 0.941113111 -0.032653143 0.336512294 30.669289864
0.335869605 -0.005205858 -0.941893539 -39.709841087 0.033128776 0.999431120 0.006289508 0.794190545 0.941326133 -0.033316262 0.335851466 30.922125641
0.335091850 -0.004641921 -0.942174352 -40.048881870 0.034207570 0.999388096 0.007242418 0.800366315 0.941564761 -0.034656328 0.335046536 31.046689292
0.334561253 -0.002220844 -0.942371562 -40.734263403 0.035409049 0.999319888 0.010215905 0.814851209 0.941708041 -0.036786292 0.334413386 31.314400559
0.333331686 0.000166745 -0.942809215 -41.412340846 0.034822592 0.999314764 0.012488358 0.827752668 0.942166313 -0.036993737 0.333099075 31.563519330
0.332658312 0.001121793 -0.943046217 -41.738418467 0.034651312 0.999309341 0.013411954 0.833653584 0.942411009 -0.037139425 0.332390347 31.682435948
0.331040609 0.002037762 -0.943614713 -42.420165202 0.035693126 0.999254736 0.014679792 0.845047102 0.942941382 -0.038540070 0.330721867 31.940886647
0.328797032 0.002498888 -0.944396786 -43.107574686 0.035543784 0.999254814 0.015018806 0.854642116 0.943731377 -0.038505556 0.328464360 32.186399485
0.328328233 0.002544753 -0.944559865 -43.446629118 0.035247567 0.999266210 0.014944154 0.858998157 0.943906175 -0.038200075 0.327998685 32.310991371
0.326980264 0.003346770 -0.945025301 -44.111765295 0.034520629 0.999283180 0.015483152 0.868705196 0.944400035 -0.037685581 0.326631315 32.554508406
0.325580145 0.004065941 -0.945505806 -44.789863961 0.034313426 0.999280725 0.016112822 0.878777077 0.944891746 -0.037689535 0.325206918 32.803671079
0.325061865 0.004985561 -0.945679090 -45.128907069 0.033868949 0.999282365 0.016910070 0.884642894 0.945085299 -0.037526038 0.324660959 32.928239539
0.323918476 0.006114657 -0.946065116 -45.803343641 0.033571548 0.999274120 0.017952951 0.895262859 0.945489354 -0.037576095 0.323478827 33.168085177
0.323262932 0.006769383 -0.946284313 -46.481441706 0.033614313 0.999260245 0.018631449 0.905414728 0.945711314 -0.037831578 0.322797739 33.417246609
0.323471726 0.006359705 -0.946216380 -46.820502662 0.033227607 0.999283762 0.018075535 0.908900899 0.945654354 -0.037287416 0.323030272 33.541851991
0.323657974 0.005215992 -0.946159720 -47.498623750 0.033579880 0.999290568 0.016995702 0.915983225 0.945578115 -0.037272734 0.323254078 33.791061047
0.322955520 0.004196899 -0.946404808 -48.163780325 0.033794987 0.999301282 0.015963830 0.922970669 0.945810698 -0.037139308 0.322589022 34.034620277
0.322524490 0.003482739 -0.946554396 -48.499185412 0.034177040 0.999298265 0.015322141 0.926175047 0.945943755 -0.037292216 0.322179952 34.149921500
0.321664625 0.002842923 -0.946848995 -49.173645006 0.034157035 0.999308988 0.014604318 0.933725469 0.946237030 -0.037039305 0.321346721 34.389814762
0.322264010 0.003352653 -0.946644100 -49.838785983 0.033080625 0.999342970 0.014800869 0.942792603 0.946072263 -0.036085274 0.321941558 34.633341726
0.322385303 0.002994425 -0.946603213 -50.164883626 0.032414330 0.999373438 0.014200728 0.946023917 0.946053781 -0.035261617 0.322086909 34.752299763
0.321465445 0.002544400 -0.946917237 -50.826376233 0.032502344 0.999376965 0.013719469 0.953809407 0.946363397 -0.035187385 0.321183650 34.986538079
0.320894343 0.001918719 -0.947112666 -51.491522010 0.033870191 0.999334669 0.013500216 0.962236637 0.946509182 -0.036410985 0.320616593 35.230074971
0.320732982 0.001876745 -0.947167908 -51.826919897 0.033777681 0.999338756 0.013418091 0.966400872 0.946566763 -0.036296776 0.320458854 35.345361301
0.320500826 0.001722576 -0.947246070 -52.501370942 0.034112311 0.999328295 0.013359141 0.975091124 0.946633773 -0.036594325 0.320228281 35.585236878
0.320650366 0.002697374 -0.947193620 -53.179467808 0.033404798 0.999341424 0.014154332 0.985402969 0.946608883 -0.036179395 0.320349191 35.834395828
0.320418453 0.002584295 -0.947272313 -53.514866971 0.033244613 0.999349545 0.013971427 0.989397230 0.946692646 -0.035968441 0.320124995 35.949684795
0.320631957 0.001265127 -0.947202440 -54.192984459 0.034907699 0.999303064 0.013151129 0.996959485 0.946559933 -0.037281357 0.320365321 36.198886406
0.320860541 0.001075841 -0.947126123 -54.852463063 0.038500664 0.999157556 0.014177944 1.007775132 0.946343785 -0.041014075 0.320549361 36.455352005
0.320874348 0.000905753 -0.947120813 -55.187860726 0.038816534 0.999146546 0.014106147 1.011969363 0.946326185 -0.041290253 0.320565668 36.570637869
0.320952699 -0.000072430 -0.947095092 -55.853023750 0.037447080 0.999218440 0.012613765 1.018096935 0.946354316 -0.039514411 0.320705415 36.814210440
0.320433945 -0.000654104 -0.947270517 -56.510865812 0.036585096 0.999262090 0.011685652 1.024890739 0.946563988 -0.038400436 0.320221632 37.039155612
0.320605361 -0.001276082 -0.947211915 -56.823998868 0.036861283 0.999257459 0.011130399 1.028037168 0.946495146 -0.038483887 0.320415025 37.152463667
0.319576168 -0.002055019 -0.947557918 -57.485496649 0.036825618 0.999268158 0.010252713 1.035132761 0.946844677 -0.038170876 0.319419476 37.386712688
0.319916557 -0.001908756 -0.947443299 -58.124705451 0.037827817 0.999225818 0.010760013 1.044430069 0.946690206 -0.039281992 0.319742065 37.618933482
0.320676673 -0.001431648 -0.947186933 -58.437823209 0.038093395 0.999209240 0.011386529 1.049616195 0.946421974 -0.039733054 0.320478140 37.732209891
0.319934483 -0.000516357 -0.947439950 -59.077027287 0.037921846 0.999204540 0.012261009 1.059543409 0.946680469 -0.039851393 0.319700625 37.964420913
0.319126223 0.000247985 -0.947711756 -59.712581120 0.036804553 0.999242284 0.012654746 1.068438942 0.946997087 -0.038918597 0.318876246 38.187339410
0.319578617 0.000242495 -0.947559680 -60.025707727 0.036629275 0.999249126 0.012609502 1.072445244 0.946851413 -0.038738092 0.319331213 38.300634124
0.318102160 0.000543942 -0.948055406 -60.661260435 0.037191206 0.999222419 0.013052136 1.081490754 0.947326868 -0.039411229 0.317835515 38.523550294
0.317762997 0.001657971 -0.948168272 -61.287492651 0.038124470 0.999167078 0.014523927 1.092302941 0.947403104 -0.040763584 0.317436241 38.750096286
0.317768357 0.002606550 -0.948164743 -61.596948316 0.038222966 0.999147422 0.015556812 1.098037150 0.947398018 -0.041185143 0.317398141 38.854055659
0.316950449 0.004410886 -0.948431352 -62.223174458 0.038469131 0.999105737 0.017502311 1.109659216 0.947662032 -0.042032667 0.316497723 39.080589086
0.316702903 0.005989575 -0.948505859 -62.845750429 0.037895842 0.999101182 0.018962426 1.120239602 0.947767696 -0.041949864 0.316192184 39.297830143
0.317122887 0.007012731 -0.948358630 -63.158864213 0.037419734 0.999100861 0.019900817 1.125955648 0.947646004 -0.041798301 0.316575506 39.411098330
0.317268773 0.008778886 -0.948295114 -63.777784690 0.035986028 0.999124870 0.021289183 1.136204249 0.947652428 -0.040879723 0.316675844 39.619036004
0.316331795 0.008167203 -0.948612863 -64.400390509 0.035564503 0.999157855 0.020461974 1.142805227 0.947981918 -0.040209758 0.315775359 39.836338802
0.316760617 0.006934674 -0.948480289 -64.700569476 0.035535071 0.999183807 0.019172901 1.144466982 0.947839333 -0.039777497 0.316256373 39.944018594
0.317479220 0.004279241 -0.948255307 -65.300927111 0.036125296 0.999208603 0.016604057 1.147830485 0.947576735 -0.039527477 0.317074572 40.159377557
0.317266522 0.000411996 -0.948335646 -65.901300194 0.037041685 0.999230728 0.012826425 1.149134296 0.947612711 -0.039197376 0.317008512 40.374768477
0.317094330 -0.001421810 -0.948392926 -66.188520123 0.037796122 0.999222681 0.011139025 1.149971277 0.947640729 -0.039377722 0.316902176 40.476809767
0.317582330 -0.003177895 -0.948224887 -66.788865084 0.038431815 0.999215475 0.009522845 1.155024529 0.947451090 -0.039466292 0.317455821 40.692142513
0.318472698 -0.004130586 -0.947922378 -67.379885279 0.040460999 0.999138214 0.009239872 1.162414371 0.947068231 -0.041296582 0.318366516 40.911096239
0.318606145 -0.004260808 -0.947877503 -67.676389330 0.041095374 0.999111464 0.009322068 1.166333955 0.946996124 -0.041923347 0.318498688 41.009432469
0.319437978 -0.005102690 -0.947593009 -68.254444412 0.043058916 0.999029884 0.009135697 1.173708903 0.946628012 -0.043720654 0.319348940 41.222735127
0.319739708 -0.006423086 -0.947483372 -68.867735588 0.046160962 0.998894838 0.008805963 1.181296673 0.946379821 -0.046552318 0.319683950 41.443679848
0.320000951 -0.006655487 -0.947393285 -69.171551527 0.047398573 0.998835482 0.008992991 1.185759846 0.946230738 -0.047782900 0.319944785 41.560624707
0.320736661 -0.006540150 -0.947145538 -69.762557024 0.049381914 0.998731395 0.009826104 1.195109396 0.945880368 -0.049923419 0.320654316 41.779548027
0.321041432 -0.006641984 -0.947041480 -70.362876938 0.050492682 0.998672438 0.010112529 1.203502150 0.945718493 -0.051065198 0.320951042 41.994828960
0.320918880 -0.006263807 -0.947085580 -70.663028159 0.051686322 0.998603072 0.010909283 1.208863354 0.945695581 -0.052452411 0.320795426 42.102451354
0.321753406 -0.004328216 -0.946813238 -71.266972221 0.053658343 0.998464868 0.013670221 1.221767271 0.945301506 -0.055202872 0.321492998 42.326970826
0.321048368 -0.003484808 -0.947055969 -71.845006606 0.055212002 0.998360812 0.015043056 1.231901809 0.945452482 -0.057118443 0.320715697 42.540230669
0.321530619 -0.003330515 -0.946892965 -72.141507882 0.055550977 0.998337160 0.015351670 1.236191337 0.945268212 -0.057536861 0.321182396 42.638561159
0.323240080 -0.002468361 -0.946313749 -72.749132711 0.055453987 0.998327265 0.016337852 1.246057542 0.944690902 -0.057757869 0.322837114 42.872436294
0.322284584 -0.003101667 -0.946637533 -73.349470848 0.054483448 0.998397541 0.015277707 1.252020658 0.945073757 -0.056499831 0.321937484 43.087754923
0.322883866 -0.003062354 -0.946433584 -73.649634592 0.053938481 0.998428816 0.015170937 1.255712110 0.944900212 -0.055947665 0.322541847 43.195403224
0.323372530 -0.002322671 -0.946268522 -74.240645263 0.053063566 0.998467574 0.015682883 1.264371764 0.944782782 -0.055283768 0.323001302 43.414337248
0.323027177 0.000171175 -0.946389571 -74.837290335 0.050621006 0.998564832 0.017458889 1.275012348 0.945034968 -0.053546850 0.322555586 43.620274774
0.322790276 0.001836233 -0.946467909 -75.141091801 0.049464216 0.998598587 0.018807021 1.281405233 0.945177080 -0.052886965 0.322248459 43.737189692
0.322306980 0.004855151 -0.946622123 -75.728427480 0.045952032 0.998727759 0.020768205 1.292332714 0.945519462 -0.050192958 0.321674535 43.946780000
0.320736656 0.008102865 -0.947133746 -76.321416983 0.041120609 0.998901086 0.022470836 1.302651512 0.946274674 -0.046153986 0.320051539 44.143413986
0.319787079 0.005568330 -0.947472984 -77.186694694 0.043051376 0.998864094 0.020400869 1.310503495 0.946510650 -0.047313863 0.319184897 44.458763519
0.318882358 0.001399335 -0.947793099 -77.761143102 0.044301191 0.998883946 0.016379816 1.311037628 0.946758557 -0.047211683 0.318464951 44.662863783
0.319001450 0.000344581 -0.947753995 -78.044699363 0.044240899 0.998904315 0.015254064 1.312632661 0.946720499 -0.046795538 0.318637574 44.755584780
0.318980400 -0.000699907 -0.947760628 -78.596852717 0.041334281 0.999058198 0.013173828 1.316178388 0.946859381 -0.043377241 0.318709910 44.957644253
0.318397148 -0.000850019 -0.947956570 -79.158279094 0.043156015 0.998975414 0.013599296 1.324286496 0.946974818 -0.045240012 0.318108182 45.155975706
0.317901433 0.002585525 -0.948119978 -79.451097953 0.039463557 0.999093348 0.015956531 1.331833705 0.947301678 -0.042488794 0.317512587 45.244947120
0.316684506 0.012393441 -0.948449999 -80.034702172 0.031718273 0.999217090 0.023647426 1.352557892 0.948000247 -0.037571973 0.316044893 45.445076897
0.316429218 0.013120507 -0.948525376 -80.599765070 0.035278989 0.999049748 0.025588512 1.363527409 0.947959921 -0.041559954 0.315666731 45.652672486
0.315795051 0.010833644 -0.948765739 -80.874009463 0.040031106 0.998892256 0.024730333 1.365739289 0.947982981 -0.045789793 0.315012144 45.749041146
0.314480201 0.008202854 -0.949228532 -81.426154718 0.043743540 0.998774357 0.023123284 1.370364855 0.948255301 -0.048794429 0.313737014 45.951083864
0.313803872 0.010669712 -0.949427496 -81.963665173 0.033804417 0.999176924 0.022401812 1.375373024 0.948885495 -0.039124676 0.313185363 46.115886521
0.314495411 0.012100848 -0.949182284 -82.234262170 0.025036509 0.999464885 0.021037292 1.376173280 0.948929033 -0.030380321 0.314024737 46.202968550
0.316236594 0.009676388 -0.948631000 -82.756849603 0.022016109 0.999603359 0.017535618 1.376717827 0.948424608 -0.026430583 0.315898556 46.384463458
0.314137522 0.001263148 -0.949376900 -83.264499091 0.033257324 0.999370525 0.012334148 1.374788454 0.948794590 -0.035448299 0.313898325 46.582619746
0.312580298 -0.001967017 -0.949889318 -83.512827957 0.038268986 0.999211684 0.010524015 1.375010839 0.949119618 -0.039640971 0.312409719 46.667716675
0.311611909 -0.004224274 -0.950200279 -84.016756859 0.044652113 0.998950011 0.010202423 1.381428388 0.949159618 -0.045607656 0.311474627 46.856434927
0.313912081 -0.005405627 -0.949436403 -84.526371830 0.039679002 0.999184818 0.007430168 1.382937894 0.948622906 -0.040005077 0.313870919 47.032263565
0.315224447 -0.004512643 -0.949006346 -84.765373155 0.036499014 0.999306353 0.007371849 1.385866815 0.948315064 -0.036961566 0.315171455 47.120975734
0.313929833 -0.000305849 -0.949446184 -85.258279630 0.034978644 0.999324244 0.011243603 1.398747897 0.948801555 -0.036740107 0.313728971 47.281668108
0.310733902 0.002154762 -0.950494226 -85.732566869 0.040004091 0.999080886 0.015342938 1.412262762 0.949654786 -0.042791187 0.310362633 47.449665115
0.310020781 0.001195341 -0.950729247 -85.971565794 0.043103314 0.998952528 0.015311380 1.415511635 0.949752559 -0.045726354 0.309645453 47.538372320
0.311055067 -0.002298685 -0.950388876 -86.436632130 0.046648236 0.998828298 0.012851778 1.417515153 0.949246751 -0.048331510 0.310799265 47.710205161
0.310083633 -0.002581199 -0.950704910 -86.894364903 0.045214600 0.998904463 0.012035234 1.421864652 0.949632967 -0.046717705 0.309861646 47.863384540
0.309338660 -0.002328911 -0.950949364 -87.116749297 0.043347639 0.998991922 0.011654179 1.423956966 0.949963579 -0.044826476 0.309128944 47.937149860
0.308696086 -0.002657388 -0.951156363 -87.587452657 0.040485022 0.999125877 0.010347949 1.427591468 0.950298006 -0.041701902 0.308535500 48.095991631
0.308596816 -0.003820904 -0.951184712 -88.019269605 0.038951640 0.999203492 0.008623441 1.429991465 0.950394767 -0.039711431 0.308500320 48.237898660
0.308320149 -0.004348401 -0.951272240 -88.232348054 0.039109341 0.999201568 0.008108408 1.431910744 0.950478716 -0.039703647 0.308245473 48.315323897
0.307820718 -0.004866636 -0.951431265 -88.671452368 0.041446703 0.999105999 0.008298970 1.438123843 0.950541274 -0.041988294 0.307748555 48.475788828
0.307853744 -0.004813375 -0.951421075 -89.093934351 0.042414372 0.999061542 0.008669798 1.444220228 0.950488030 -0.043022975 0.307770429 48.621295739
0.308124784 -0.004797649 -0.951333435 -89.307010701 0.041334157 0.999109928 0.008348980 1.446419465 0.950447915 -0.041895063 0.308049349 48.698716632
0.309040042 -0.003992476 -0.951040850 -89.738801176 0.039619158 0.999176686 0.008679589 1.452348937 0.950223483 -0.040361750 0.308943741 48.840568900
0.309727590 -0.002315277 -0.950822030 -90.151967841 0.037386901 0.999252966 0.009745480 1.459522101 0.950089984 -0.038566764 0.309582804 48.989716338
0.309904486 -0.001538334 -0.950766624 -90.352067305 0.036918101 0.999263835 0.010416750 1.463276210 0.950051019 -0.038328615 0.309734028 49.061461808
0.309514668 -0.000701992 -0.950894136 -90.748614038 0.037214558 0.999242572 0.011375635 1.470012708 0.950166389 -0.038908047 0.309307306 49.195656191
0.309738260 -0.000567809 -0.950821377 -91.135860302 0.038108719 0.999203250 0.011817528 1.475846279 0.950057209 -0.039894906 0.309514717 49.333521815
0.309972994 -0.000805123 -0.950744949 -91.323006052 0.038450009 0.999191611 0.011689765 1.478065721 0.949966912 -0.040179650 0.309754504 49.399639797
0.310163142 -0.000351766 -0.950682917 -91.697288629 0.038347372 0.999190556 0.012141229 1.483694426 0.949909201 -0.040221885 0.309926360 49.531857302
0.310591563 0.000224966 -0.950542662 -92.071570380 0.038007551 0.999196766 0.012655467 1.489433116 0.949782935 -0.040058561 0.310334115 49.664073099
0.310793042 0.000178871 -0.950477344 -92.258715605 0.037908764 0.999201915 0.012583714 1.491722547 0.949721008 -0.039942338 0.310539489 49.730189996
0.310615983 0.000206899 -0.950534855 -92.620039669 0.037925978 0.999200319 0.012610915 1.496456489 0.949777918 -0.039967186 0.310360572 49.856770084
0.310621405 -0.000008827 -0.950533673 -92.981368156 0.037704917 0.999212638 0.012312225 1.500600520 0.949785204 -0.039664255 0.310378371 49.983359324
0.310847410 -0.000467563 -0.950458833 -93.159209838 0.038043519 0.999203830 0.011950553 1.502396963 0.949697975 -0.039873579 0.310618629 50.053141102
0.311274860 -0.001905777 -0.950318179 -93.507587011 0.038708526 0.999192972 0.010675098 1.504686374 0.949531284 -0.040108295 0.311098269 50.174107819
0.311382130 -0.003620779 -0.950277781 -93.843006496 0.038880285 0.999203726 0.008932950 1.505971038 0.949488595 -0.039728543 0.311276333 50.289438826
0.311657623 -0.003918944 -0.950186139 -94.004227121 0.038840837 0.999208079 0.008618502 1.507480793 0.949399852 -0.039592075 0.311564231 50.344265222
0.311046351 -0.004486878 -0.950384217 -94.330323790 0.039063932 0.999203671 0.008067662 1.510842087 0.949591821 -0.039635059 0.310975390 50.463221243
0.311148776 -0.004992176 -0.950347325 -94.656421958 0.038700921 0.999222938 0.007421973 1.514003410 0.949573221 -0.039088739 0.311100670 50.582180366
0.310907702 -0.005202121 -0.950425242 -94.817638533 0.039339938 0.999198176 0.007399984 1.516053085 0.949625734 -0.039690344 0.310864137 50.636998385
0.310831180 -0.006739743 -0.950441390 -95.143748626 0.039469145 0.999203408 0.005822439 1.517624645 0.949645934 -0.039322888 0.310850381 50.755982173
0.310760020 -0.009159490 -0.950444295 -95.479181909 0.038686920 0.999246613 0.003019324 1.517069584 0.949701188 -0.037707958 0.310880575 50.871341724
0.310641265 -0.008846798 -0.950485194 -95.644051354 0.038592750 0.999249225 0.003312317 1.519800991 0.949743304 -0.037710755 0.310750560 50.935457697
0.310130802 -0.007563099 -0.950663406 -95.962812287 0.038157677 0.999261230 0.004498232 1.525798223 0.949927935 -0.037670133 0.310191190 51.035755757
0.309890902 -0.005729840 -0.950754684 -96.285223765 0.037416034 0.999280335 0.006173157 1.532787141 0.950035413 -0.037486444 0.309882617 51.145346963
0.309800249 -0.005259346 -0.950786590 -96.437128547 0.037008768 0.999293085 0.006531142 1.535443664 0.950081458 -0.037210784 0.309776429 51.203812799
0.310280935 -0.004621770 -0.950632777 -96.759555398 0.036417291 0.999311678 0.007027959 1.540382888 0.949947063 -0.036800051 0.310237115 51.313435806
0.309778731 -0.004170263 -0.950799637 -97.059711493 0.036400516 0.999309344 0.007476583 1.545094189 0.950112171 -0.036925625 0.309717311 51.421068283
