1.000000000 -0.000000000 -0.000000000 -0.000000000 0.000000000 1.000000000 0.000000000 0.000000000 -0.000000000 0.000000000 1.000000000 0.000000000
1.000000172 0.000005530 -0.000055364 0.004501723 -0.000005523 0.999999639 0.000143229 0.000074179 0.000055059 -0.000143230 1.000000816 -0.008932337
0.999999807 0.000123979 -0.000005547 0.004497436 -0.000123976 0.999999463 0.000013814 -0.000145771 0.000005563 -0.000013815 1.000000310 -0.008930413
0.999999766 -0.000097542 -0.000112602 0.004486330 0.000097509 0.999999661 -0.000315632 -0.000715641 0.000112291 0.000315602 1.000000665 -0.008925428
0.999999486 -0.000193111 -0.000226492 0.013416948 0.000193038 1.000000244 -0.000283763 -0.000800323 0.000226835 0.000283703 1.000000951 -0.004426610
0.999999857 -0.000010647 -0.000259990 0.013421624 0.000010585 0.999999461 -0.000143382 -0.000560378 0.000260643 0.000143357 1.000000513 -0.004428709
0.999999668 0.000074609 -0.000217880 0.013418701 -0.000074700 0.999999575 -0.000231969 -0.000710344 0.000218459 0.000231975 1.000000967 -0.004427398
0.999999733 0.000036935 -0.000290987 0.013417532 -0.000037062 0.999999600 -0.000265145 -0.000770330 0.000290580 0.000265185 1.000000601 -0.004426873
1.000000002 0.000005925 -0.000399674 0.013419870 -0.000006104 0.999999597 -0.000195822 -0.000650357 0.000399880 0.000195819 1.000000572 -0.004427922
0.999999676 0.000010517 -0.000331625 0.013419091 -0.000010597 0.999999683 -0.000215803 -0.000690348 0.000331492 0.000215823 1.000000497 -0.004427572
1.000000058 0.000008644 -0.000364097 0.013418701 -0.000008818 0.999999839 -0.000229527 -0.000710344 0.000364125 0.000229546 1.000000077 -0.004427398
0.999999566 0.000009348 -0.000520732 0.013418506 -0.000009540 0.999999862 -0.000233720 -0.000720342 0.000520662 0.000233707 0.999999662 -0.004427310
0.999999550 0.000127484 -0.000505758 0.017914968 -0.000127594 0.999999665 -0.000245585 -0.000916101 0.000506048 0.000245722 1.000000704 -0.013357286
0.999999582 0.000105179 -0.000491255 0.017914578 -0.000105321 1.000000215 -0.000258853 -0.000936096 0.000491093 0.000258891 1.000000416 -0.013357111
0.999999002 -0.000009984 -0.000536077 0.017914384 0.000009807 0.999999500 -0.000263632 -0.000946094 0.000535696 0.000263619 1.000000329 -0.013357023
0.999999890 -0.000010776 -0.000543000 0.017914189 0.000010552 0.999999611 -0.000274569 -0.000956092 0.000542848 0.000274529 1.000000405 -0.013356936
0.999999670 0.000025336 -0.000531018 0.017913215 -0.000025554 1.000000152 -0.000302480 -0.001006080 0.000531090 0.000302446 1.000000238 -0.013356499
0.999999163 0.000020889 -0.000578598 0.017912045 -0.000021125 0.999999513 -0.000333949 -0.001066067 0.000578903 0.000333924 1.000000378 -0.013355974
0.999999623 0.000058428 -0.000627170 0.017911656 -0.000058714 0.999999900 -0.000347432 -0.001086062 0.000627984 0.000347446 1.000000804 -0.013355799
0.999999103 0.000092950 -0.000578993 0.017910487 -0.000093139 0.999999489 -0.000377316 -0.001146048 0.000579090 0.000377379 0.999999864 -0.013355274
0.999999459 0.000034406 -0.000542438 0.017909707 -0.000034654 0.999999886 -0.000406655 -0.001186039 0.000542350 0.000406680 0.999999781 -0.013354924
0.999999193 0.000044188 -0.000566954 0.017910487 -0.000044435 0.999999456 -0.000379226 -0.001146048 0.000567033 0.000379252 1.000000363 -0.013355274
0.999999965 0.000075875 -0.000550788 0.017909123 -0.000076196 1.000000212 -0.000421931 -0.001216032 0.000551215 0.000421958 1.000000338 -0.013354662
0.999999658 0.000066506 -0.000565583 0.017909123 -0.000066763 0.999999409 -0.000423640 -0.001216032 0.000565442 0.000423637 1.000000758 -0.013354662
0.999999259 0.000127156 -0.000602862 0.026837597 -0.000127448 0.999999498 -0.000454523 -0.001410690 0.000602201 0.000454625 1.000000475 -0.008854883
0.999999279 0.000149643 -0.000599742 0.026836818 -0.000149879 1.000000267 -0.000478101 -0.001450681 0.000599268 0.000478253 1.000000244 -0.008854533
0.999999223 0.000151667 -0.000603268 0.026836039 -0.000152039 0.999999404 -0.000498409 -0.001490672 0.000603759 0.000498436 0.999999966 -0.008854183
0.999999368 0.000075939 -0.000599462 0.026835064 -0.000076366 1.000000180 -0.000532669 -0.001540660 0.000599068 0.000532738 1.000000278 -0.008853746
0.999999260 0.000089989 -0.000545868 0.026834090 -0.000090335 1.000000144 -0.000559934 -0.001590649 0.000545523 0.000559970 0.999999779 -0.008853308
0.999999817 0.000124286 -0.000583742 0.026831947 -0.000124722 1.000000014 -0.000621380 -0.001700624 0.000583395 0.000621475 0.999999763 -0.008852346
0.999999567 0.000157803 -0.000599045 0.026832531 -0.000158194 1.000000203 -0.000603279 -0.001670631 0.000598448 0.000603413 0.999999560 -0.008852609
0.999999541 0.000077282 -0.000534915 0.026833700 -0.000077636 0.999999495 -0.000571728 -0.001610644 0.000534231 0.000571836 0.999999914 -0.008853133
0.999999747 -0.000027354 -0.000547689 0.026832531 0.000027005 0.999999846 -0.000607519 -0.001670631 0.000548069 0.000607489 0.999999745 -0.008852609
0.999999400 -0.000080314 -0.000559474 0.026831557 0.000079921 1.000000148 -0.000638475 -0.001720619 0.000559230 0.000638371 0.999999984 -0.008852171
0.999999201 -0.000019231 -0.000528735 0.026830583 0.000018946 0.999999215 -0.000667807 -0.001770608 0.000528908 0.000667805 1.000000330 -0.008851734
0.999999394 0.000032990 -0.000571349 0.026832531 -0.000033398 0.999999649 -0.000605074 -0.001670631 0.000571409 0.000605070 1.000000103 -0.008852609
0.999999336 0.000053512 -0.000606369 0.026833895 -0.000053895 0.999999907 -0.000565877 -0.001600647 0.000606473 0.000565905 0.999999656 -0.008853221
0.999999895 -0.000043862 -0.000603828 0.026832142 0.000043393 0.999999269 -0.000619159 -0.001690626 0.000603829 0.000619119 0.999999686 -0.008852434
0.999999216 -0.000142952 -0.000579321 0.026830583 0.000142514 0.999999643 -0.000669839 -0.001770608 0.000579251 0.000669770 1.000000650 -0.008851734
0.999999147 -0.000163111 -0.000584037 0.026831557 0.000162765 0.999999744 -0.000636476 -0.001720619 0.000584440 0.000636437 0.999999895 -0.008852171
0.999998922 -0.000056430 -0.000563615 0.026830583 0.000056066 0.999999935 -0.000667244 -0.001770608 0.000563911 0.000667199 1.000000672 -0.008851734
0.999999239 -0.000027637 -0.000568993 0.026830583 0.000027198 0.999999379 -0.000667854 -0.001770608 0.000569086 0.000667824 1.000000215 -0.008851734
0.999999709 -0.000009443 -0.000591516 0.026830193 0.000008986 1.000000096 -0.000675997 -0.001790603 0.000592057 0.000675965 1.000000222 -0.008851559
0.999999477 0.000002419 -0.000591581 0.026829414 -0.000002911 1.000000096 -0.000702417 -0.001830594 0.000592161 0.000702430 0.999999560 -0.008851209
0.999999631 -0.000092857 -0.000562970 0.026828634 0.000092458 0.999999160 -0.000726198 -0.001870585 0.000563593 0.000726136 0.999999851 -0.008850859
0.999999285 -0.000123499 -0.000578126 0.026827855 0.000123002 0.999999934 -0.000746372 -0.001910576 0.000578529 0.000746300 1.000000433 -0.008850510
0.999999350 -0.000063461 -0.000614121 0.026827465 0.000063001 0.999999859 -0.000757213 -0.001930571 0.000614389 0.000757163 1.000000424 -0.008850335
0.999999044 0.000048807 -0.000585342 0.026828440 -0.000049276 0.999999404 -0.000726522 -0.001880583 0.000584965 0.000726586 0.999999790 -0.008850772
1.000000031 0.000022337 -0.000577131 0.026829609 -0.000022758 0.999999646 -0.000695343 -0.001820596 0.000577131 0.000695336 0.999999986 -0.008851297
0.999999511 -0.000065015 -0.000571384 0.026830388 0.000064626 0.999999177 -0.000675808 -0.001780605 0.000571888 0.000675768 1.000000278 -0.008851647
0.999999692 -0.000112000 -0.000518546 0.026830388 0.000111676 1.000000067 -0.000672930 -0.001780605 0.000519595 0.000672807 0.999999958 -0.008851647
0.999999113 -0.000131374 -0.000539674 0.026830973 0.000130962 0.999999290 -0.000655282 -0.001750612 0.000539102 0.000655226 1.000000189 -0.008851909
0.999999247 -0.000073169 -0.000564311 0.026830973 0.000072762 1.000000173 -0.000657143 -0.001750612 0.000563765 0.000657086 1.000000134 -0.008851909
0.999999670 0.000024065 -0.000537437 0.026827855 -0.000024496 1.000000067 -0.000747312 -0.001910576 0.000537789 0.000747261 0.999999664 -0.008850510
0.999999760 0.000021954 -0.000521996 0.026828245 -0.000022334 1.000000003 -0.000735222 -0.001890580 0.000522117 0.000735225 1.000000496 -0.008850684
0.999999706 -0.000019448 -0.000509057 0.026826686 0.000018972 0.999999226 -0.000782899 -0.001970562 0.000510125 0.000782922 1.000000059 -0.008849985
0.999999530 -0.000065789 -0.000569623 0.026823374 0.000065206 0.999999015 -0.000884218 -0.002140523 0.000569647 0.000884222 0.999999435 -0.008848498
0.999999135 -0.000136804 -0.000565833 0.026824543 0.000136297 0.999999102 -0.000850312 -0.002080537 0.000565889 0.000850251 0.999999594 -0.008849023
0.999999250 -0.000324600 -0.000552637 0.026824153 0.000324129 0.999999860 -0.000861771 -0.002100532 0.000553502 0.000861599 0.999999733 -0.008848848
0.999999270 -0.000254593 -0.000540043 0.026822789 0.000254097 0.999999867 -0.000904102 -0.002170516 0.000540254 0.000904020 1.000000142 -0.008848236
0.999999574 -0.000131308 -0.000533507 0.026823958 0.000130806 0.999999142 -0.000867178 -0.002110530 0.000533738 0.000867127 0.999999389 -0.008848760
0.999999433 0.000119335 -0.000593477 0.026822984 -0.000119928 0.999999474 -0.000891681 -0.002160519 0.000593191 0.000891773 0.999999879 -0.008848323
0.999999914 0.000138039 -0.000609503 0.026820061 -0.000138600 0.999999880 -0.000979636 -0.002310484 0.000609457 0.000979794 1.000000160 -0.008847011
0.999999852 0.000034829 -0.000555352 0.026820841 -0.000035452 0.999999676 -0.000955226 -0.002270494 0.000554881 0.000955259 1.000000101 -0.008847361
0.999999521 -0.000210483 -0.000468815 0.035748731 0.000209964 0.999998964 -0.001013517 -0.002495144 0.000469534 0.001013369 0.999999969 -0.004347319
0.999999637 -0.000154190 -0.000512167 0.035748731 0.000153621 0.999999853 -0.001011777 -0.002495144 0.000512070 0.001011690 0.999999381 -0.004347319
0.999999771 -0.000070101 -0.000517619 0.035749315 0.000069552 0.999999051 -0.000993084 -0.002465151 0.000518177 0.000993021 0.999999648 -0.004347582
0.999999366 -0.000051423 -0.000532144 0.035748925 0.000050875 0.999999783 -0.001003997 -0.002485147 0.000531758 0.001003981 0.999999255 -0.004347407
0.999999449 -0.000106388 -0.000561789 0.035748731 0.000105851 0.999998907 -0.001010193 -0.002495144 0.000562133 0.001010136 1.000000119 -0.004347319
0.999999068 -0.000175048 -0.000538728 0.035747756 0.000174466 0.999999535 -0.001043391 -0.002545133 0.000538271 0.001043297 1.000000030 -0.004346882
0.999999141 -0.000222870 -0.000525943 0.035746587 0.000222270 0.999999751 -0.001075904 -0.002605119 0.000526223 0.001075760 1.000000354 -0.004346357
0.999999563 -0.000154683 -0.000538481 0.035745029 0.000154057 0.999998833 -0.001122759 -0.002685101 0.000538900 0.001122656 0.999999388 -0.004345657
1.000000016 -0.000105170 -0.000513904 0.035745029 0.000104522 0.999998879 -0.001123988 -0.002685101 0.000514292 0.001123961 0.999999470 -0.004345657
0.999999943 -0.000050896 -0.000486209 0.035744054 0.000050364 0.999999040 -0.001148934 -0.002735090 0.000486146 0.001148937 0.999999322 -0.004345220
0.999999312 -0.000159303 -0.000503556 0.040239932 0.000158657 0.999999510 -0.001189907 -0.002960842 0.000503974 0.001189856 0.999999186 -0.013274933
0.999999912 -0.000169051 -0.000516251 0.040239542 0.000168457 0.999998776 -0.001198557 -0.002980837 0.000516412 0.001198510 0.999999672 -0.013274759
0.999999299 -0.000218024 -0.000443295 0.040239737 0.000217442 0.999998709 -0.001196260 -0.002970840 0.000443528 0.001196134 0.999999415 -0.013274846
0.999999497 -0.000206457 -0.000450700 0.040238568 0.000205907 0.999998796 -0.001231942 -0.003030826 0.000451680 0.001231855 0.999999708 -0.013274321
0.999999810 -0.000159960 -0.000491688 0.040239542 0.000159342 0.999999616 -0.001200535 -0.002980837 0.000491895 0.001200497 0.999999761 -0.013274759
0.999999615 -0.000105563 -0.000501220 0.040237593 0.000104920 0.999999021 -0.001253726 -0.003080815 0.000501765 0.001253656 0.999999307 -0.013273884
0.999999480 -0.000125633 -0.000527422 0.040237204 0.000124949 0.999999528 -0.001266914 -0.003100810 0.000527081 0.001266832 0.999999795 -0.013273709
0.999999103 -0.000151422 -0.000521273 0.040235450 0.000150717 0.999999484 -0.001318749 -0.003190789 0.000521933 0.001318682 0.999999375 -0.013272922
0.999999615 -0.000148681 -0.000482591 0.040234281 0.000147966 0.999998736 -0.001353711 -0.003250776 0.000483049 0.001353670 0.999999347 -0.013272397
0.999999202 -0.000125277 -0.000470066 0.040234281 0.000124653 0.999999280 -0.001353759 -0.003250776 0.000469837 0.001353688 0.999998936 -0.013272397
0.999999318 -0.000110624 -0.000484616 0.040234671 0.000109978 0.999998900 -0.001342870 -0.003230780 0.000484725 0.001342821 0.999999245 -0.013272572
0.999999594 -0.000106727 -0.000515176 0.040231358 0.000105938 0.999998693 -0.001442198 -0.003400742 0.000515173 0.001442209 0.999999137 -0.013271085
0.999999528 -0.000127539 -0.000522329 0.040230579 0.000126709 0.999999297 -0.001464963 -0.003440732 0.000522593 0.001464863 0.999999317 -0.013270735
0.999999277 -0.000161176 -0.000525715 0.040230189 0.000160354 0.999999067 -0.001478103 -0.003460728 0.000526321 0.001478051 0.999998976 -0.013270560
0.999999520 -0.000130576 -0.000545139 0.040229800 0.000129805 0.999998556 -0.001487822 -0.003480723 0.000544927 0.001487759 0.999999453 -0.013270385
0.999999315 -0.000119457 -0.000541033 0.040231553 0.000118568 0.999998902 -0.001437691 -0.003390744 0.000540553 0.001437698 0.999999470 -0.013271173
0.999998911 -0.000101101 -0.000555489 0.040231163 0.000100310 0.999998608 -0.001445114 -0.003410739 0.000556366 0.001445044 0.999999047 -0.013270998
0.999999303 -0.000058259 -0.000593589 0.040230969 0.000057425 0.999998809 -0.001449173 -0.003420737 0.000594312 0.001449146 0.999998973 -0.013270910
0.999999411 -0.000052940 -0.000524572 0.040230579 0.000052115 0.999998847 -0.001465319 -0.003440732 0.000525038 0.001465261 0.999999314 -0.013270735
0.999999384 -0.000070036 -0.000496671 0.040230189 0.000069272 0.999998305 -0.001479668 -0.003460728 0.000496711 0.001479618 0.999999073 -0.013270560
0.999999226 -0.000086494 -0.000506397 0.040228046 0.000085664 0.999999178 -0.001542796 -0.003570703 0.000506406 0.001542756 0.999998707 -0.013269598
0.999999467 -0.000074006 -0.000493967 0.040226292 0.000073152 0.999998379 -0.001593546 -0.003660682 0.000494441 0.001593516 0.999999189 -0.013268811
0.999999284 -0.000041104 -0.000492348 0.040227461 0.000040323 0.999998411 -0.001556268 -0.003600696 0.000491599 0.001556222 0.999999313 -0.013269336
0.999999158 -0.000035055 -0.000493457 0.040227072 0.000034244 0.999998391 -0.001567352 -0.003620691 0.000493889 0.001567331 0.999998960 -0.013269161
0.999999917 0.000019818 -0.000482205 0.040224928 -0.000020589 0.999998893 -0.001632684 -0.003730666 0.000481851 0.001632691 0.999999120 -0.013268199
0.999998881 0.000000855 -0.000501495 0.040224149 -0.000001686 0.999998489 -0.001658617 -0.003770657 0.000502254 0.001658535 0.999998846 -0.013267849
0.999999026 -0.000020791 -0.000592023 0.040224539 0.000019797 0.999998789 -0.001644549 -0.003750662 0.000591512 0.001644605 0.999998908 -0.013268024
0.999999263 0.000014267 -0.000583359 0.040223954 -0.000015287 0.999998232 -0.001659020 -0.003780655 0.000583324 0.001659023 0.999999061 -0.013267762
0.999999765 -0.000010753 -0.000578916 0.040223175 0.000009768 0.999998934 -0.001683618 -0.003820646 0.000578633 0.001683587 0.999998396 -0.013267412
0.999999489 -0.000018577 -0.000572522 0.040223370 0.000017623 0.999998026 -0.001676733 -0.003810648 0.000572749 0.001676640 0.999999248 -0.013267499
0.999999484 -0.000065257 -0.000578809 0.040221031 0.000064285 0.999998551 -0.001747033 -0.003930621 0.000578599 0.001747075 0.999998507 -0.013266450
0.999999586 -0.000065616 -0.000546941 0.040219668 0.000064609 0.999997910 -0.001787364 -0.004000605 0.000547290 0.001787330 0.999998507 -0.013265837
0.999999396 -0.000054447 -0.000538362 0.040219083 0.000053433 0.999997858 -0.001806233 -0.004030598 0.000538444 0.001806281 0.999998698 -0.013265575
0.999999352 -0.000053943 -0.000548989 0.040220057 0.000052932 0.999998599 -0.001777722 -0.003980609 0.000549629 0.001777742 0.999998416 -0.013266012
0.999999759 -0.000073777 -0.000542931 0.040218888 0.000072768 0.999998277 -0.001811145 -0.004040596 0.000542747 0.001811096 0.999998728 -0.013265488
0.999999780 -0.000123961 -0.000561872 0.040217135 0.000122847 0.999997725 -0.001864985 -0.004130575 0.000561984 0.001864893 0.999999147 -0.013264701
0.999999347 -0.000195215 -0.000571760 0.040217135 0.000194057 0.999998136 -0.001867497 -0.004130575 0.000571642 0.001867412 0.999998694 -0.013264701
0.999999307 -0.000213719 -0.000556076 0.040216355 0.000212631 0.999997685 -0.001889113 -0.004170566 0.000556720 0.001889008 0.999998035 -0.013264351
0.999999238 -0.000091838 -0.000535532 0.040213238 0.000090818 0.999998128 -0.001982527 -0.004330529 0.000535431 0.001982515 0.999998916 -0.013262951
0.999999152 -0.000045592 -0.000561371 0.040212653 0.000044432 0.999998383 -0.002000231 -0.004360522 0.000560884 0.002000311 0.999998550 -0.013262689
0.999999593 -0.000088892 -0.000545730 0.040211874 0.000087701 0.999997433 -0.002024046 -0.004400513 0.000545745 0.002023988 0.999997911 -0.013262339
0.999999535 -0.000221298 -0.000529621 0.040210315 0.000220093 0.999997412 -0.002069671 -0.004480495 0.000529821 0.002069626 0.999997912 -0.013261639
0.999999632 -0.000305448 -0.000449011 0.040208366 0.000304512 0.999997611 -0.002133653 -0.004580472 0.000449918 0.002133515 0.999998260 -0.013260765
0.999999757 -0.000263296 -0.000432231 0.040207977 0.000262250 0.999997888 -0.002144885 -0.004600468 0.000432848 0.002144770 0.999997960 -0.013260590
0.999999189 -0.000146715 -0.000461203 0.040205833 0.000145686 0.999997174 -0.002208535 -0.004710443 0.000461601 0.002208530 0.999997990 -0.013259628
0.999999777 -0.000182179 -0.000493488 0.040203300 0.000181074 0.999997504 -0.002281625 -0.004840413 0.000494834 0.002281593 0.999997646 -0.013258491
0.999999449 -0.000209918 -0.000483793 0.040202326 0.000208702 0.999997310 -0.002312123 -0.004890402 0.000485198 0.002311971 0.999997495 -0.013258053
0.999999263 -0.000360581 -0.000480891 0.040201157 0.000359405 0.999997550 -0.002346888 -0.004950388 0.000481187 0.002346732 0.999997362 -0.013257529
0.999999196 -0.000382284 -0.000494026 0.040199403 0.000381135 0.999996448 -0.002401245 -0.005040367 0.000495307 0.002401107 0.999997356 -0.013256742
0.999999532 -0.000354548 -0.000500039 0.040198234 0.000353267 0.999997198 -0.002434437 -0.005100354 0.000500473 0.002434321 0.999997183 -0.013256217
0.999999850 -0.000333505 -0.000553829 0.040198040 0.000332131 0.999996839 -0.002440291 -0.005110351 0.000554775 0.002440109 0.999997080 -0.013256129
0.999999152 -0.000325520 -0.000583629 0.040196676 0.000324005 0.999997009 -0.002477516 -0.005180335 0.000584809 0.002477385 0.999997322 -0.013255517
0.999999344 -0.000352704 -0.000549201 0.040195896 0.000351300 0.999996746 -0.002501294 -0.005220326 0.000549685 0.002501102 0.999997183 -0.013255167
0.999999389 -0.000323370 -0.000493732 0.040194532 0.000322118 0.999996575 -0.002547088 -0.005290310 0.000495380 0.002546895 0.999996852 -0.013254555
0.999999735 -0.000339096 -0.000481160 0.040192194 0.000337796 0.999996464 -0.002613651 -0.005410283 0.000481826 0.002613444 0.999996579 -0.013253505
0.999999298 -0.000338020 -0.000469692 0.040190441 0.000336715 0.999995918 -0.002667886 -0.005500262 0.000471548 0.002667746 0.999996643 -0.013252718
0.999999937 -0.000371199 -0.000472296 0.040186738 0.000369827 0.999995534 -0.002778764 -0.005690219 0.000473494 0.002778701 0.999996270 -0.013251057
0.999999055 -0.000415055 -0.000454831 0.040186154 0.000413806 0.999995581 -0.002800707 -0.005720212 0.000456557 0.002800623 0.999996513 -0.013250794
0.999999699 -0.000403372 -0.000461759 0.040185764 0.000402054 0.999995450 -0.002811874 -0.005740208 0.000463818 0.002811660 0.999996592 -0.013250619
0.999999674 -0.000380906 -0.000473259 0.040184400 0.000379441 0.999995357 -0.002851264 -0.005810192 0.000474303 0.002851082 0.999996011 -0.013250007
0.999999372 -0.000414730 -0.000494461 0.040181672 0.000413244 0.999995700 -0.002929471 -0.005950160 0.000495919 0.002929337 0.999995744 -0.013248783
0.999999737 -0.000454055 -0.000479427 0.040180698 0.000452614 0.999995745 -0.002961368 -0.006000148 0.000480815 0.002961155 0.999996068 -0.013248345
0.999999655 -0.000524510 -0.000515321 0.040179724 0.000522943 0.999995368 -0.002990082 -0.006050137 0.000516421 0.002989847 0.999995323 -0.013247908
0.999999574 -0.000520789 -0.000517223 0.040177970 0.000519163 0.999994748 -0.003041856 -0.006140116 0.000518691 0.003041563 0.999995326 -0.013247121
0.999999519 -0.000519646 -0.000528101 0.040176217 0.000518062 0.999995192 -0.003095157 -0.006230096 0.000529881 0.003094873 0.999995317 -0.013246334
0.999999782 -0.000513354 -0.000547859 0.040177581 0.000511624 0.999994702 -0.003053058 -0.006160112 0.000549169 0.003052810 0.999995783 -0.013246946
0.999999209 -0.000508500 -0.000557096 0.040176412 0.000506720 0.999994939 -0.003091092 -0.006220098 0.000559050 0.003090748 0.999995197 -0.013246421
0.999999634 -0.000462513 -0.000563822 0.040173879 0.000460660 0.999994654 -0.003160875 -0.006350068 0.000565718 0.003160606 0.999995345 -0.013245284
0.999999059 -0.000479938 -0.000570032 0.040171735 0.000478029 0.999994574 -0.003227276 -0.006460043 0.000571825 0.003226971 0.999994570 -0.013244322
0.999999626 -0.000411985 -0.000537728 0.040171930 0.000410222 0.999994205 -0.003222100 -0.006450046 0.000539775 0.003221893 0.999995065 -0.013244410
0.999999515 -0.000380655 -0.000522292 0.040171540 0.000378974 0.999994694 -0.003233402 -0.006470041 0.000523502 0.003233294 0.999995209 -0.013244235
0.999999417 -0.000425042 -0.000543115 0.040170371 0.000423275 0.999994869 -0.003269003 -0.006530027 0.000545027 0.003268719 0.999995462 -0.013243710
0.999998945 -0.000491041 -0.000533180 0.040169787 0.000489308 0.999994315 -0.003287203 -0.006560020 0.000534605 0.003287005 0.999995204 -0.013243447
0.999999271 -0.000509554 -0.000544380 0.040169787 0.000507802 0.999994682 -0.003288085 -0.006560020 0.000545624 0.003287753 0.999995179 -0.013243447
0.999999179 -0.000505259 -0.000546150 0.040169787 0.000503423 0.999994592 -0.003287258 -0.006560020 0.000547898 0.003287006 0.999994272 -0.013243447
0.999999357 -0.000445079 -0.000543779 0.040168423 0.000443287 0.999994761 -0.003326206 -0.006630004 0.000545745 0.003326043 0.999995069 -0.013242835
0.999999147 -0.000437507 -0.000564696 0.040168618 0.000435666 0.999994565 -0.003320802 -0.006620007 0.000565937 0.003320565 0.999994514 -0.013242923
0.999999118 -0.000414924 -0.000575158 0.040165305 0.000412853 0.999994008 -0.003421722 -0.006789968 0.000576424 0.003421531 0.999994478 -0.013241436
0.999999700 -0.000509361 -0.000547335 0.040164721 0.000507425 0.999994008 -0.003440070 -0.006819961 0.000549206 0.003439819 0.999994273 -0.013241173
0.999999430 -0.000516004 -0.000532592 0.040165500 0.000514202 0.999993944 -0.003417949 -0.006779970 0.000534387 0.003417662 0.999994568 -0.013241523
0.999999587 -0.000415851 -0.000573736 0.040165305 0.000413836 0.999993990 -0.003417653 -0.006789968 0.000575522 0.003417369 0.999993999 -0.013241436
0.999999205 -0.000412910 -0.000534890 0.040165305 0.000410999 0.999993963 -0.003421105 -0.006789968 0.000536189 0.003420866 0.999994589 -0.013241436
0.999999497 -0.000379884 -0.000522640 0.040162383 0.000378075 0.999994047 -0.003504164 -0.006939934 0.000523510 0.003504012 0.999994461 -0.013240124
0.999999175 -0.000403494 -0.000628131 0.040158681 0.000401111 0.999993480 -0.003615540 -0.007129890 0.000629301 0.003615310 0.999993796 -0.013238462
0.999999531 -0.000466778 -0.000622134 0.040159850 0.000464471 0.999993430 -0.003583148 -0.007069904 0.000623824 0.003582882 0.999993975 -0.013238987
0.999999646 -0.000420105 -0.000580750 0.040157122 0.000417894 0.999993221 -0.003663173 -0.007209872 0.000582195 0.003662939 0.999993905 -0.013237763
0.999999612 -0.000339907 -0.000520943 0.040143872 0.000337751 0.999991136 -0.004060844 -0.007889717 0.000522077 0.004060689 0.999992211 -0.013231815
0.999998990 -0.000185589 -0.000610786 0.040086198 0.000182014 0.999983187 -0.005782663 -0.010849041 0.000611998 0.005782515 0.999983408 -0.013205927
1.000000037 -0.000113671 -0.000680504 0.040040993 0.000108781 0.999974629 -0.007136890 -0.013168512 0.000681073 0.007136885 0.999974558 -0.013185636
0.999999816 0.000013007 -0.000668646 0.035529093 -0.000019452 0.999954986 -0.009518433 -0.017268678 0.000668784 0.009518451 0.999955309 -0.026579532
0.999999372 -0.000002732 -0.000621444 0.044428536 -0.000003755 0.999945238 -0.010427145 -0.018952996 0.000621238 0.010427143 0.999945556 -0.022066721
0.999999229 -0.000024302 -0.000655259 0.039922526 0.000017252 0.999942993 -0.010694174 -0.019247125 0.000655489 0.010694144 0.999942443 -0.013132459
0.999999105 -0.000065532 -0.000798804 0.039835086 0.000056420 0.999934817 -0.011382794 -0.020229994 0.000799153 0.011382809 0.999935569 0.009237592
0.999999245 -0.000104315 -0.000845211 0.035250209 0.000094041 0.999926764 -0.012090931 -0.021067093 0.000846676 0.012090845 0.999926464 0.040538056
0.999999626 -0.000156386 -0.000899013 0.035174069 0.000145119 0.999922854 -0.012442696 -0.021470095 0.000900790 0.012442626 0.999922698 0.062903034
0.999998964 -0.000240666 -0.001049604 0.039458868 0.000226986 0.999915461 -0.013010753 -0.022015057 0.001053468 0.013010497 0.999915637 0.121060471
0.999998801 -0.000360224 -0.001120827 0.039248570 0.000344952 0.999908266 -0.013522746 -0.022294275 0.001126223 0.013522413 0.999908311 0.188147272
0.999998809 -0.000126060 -0.001230122 0.039116165 0.000109228 0.999907581 -0.013622854 -0.022080512 0.001232503 0.013622765 0.999906641 0.232868308
0.999998917 0.000693311 -0.001257377 0.038797427 -0.000710228 0.999908603 -0.013506079 -0.020916247 0.001247769 0.013506932 0.999908665 0.344665386
0.999998749 0.001255319 -0.001118026 0.038399433 -0.001270643 0.999903569 -0.013839107 -0.020314948 0.001100196 0.013840541 0.999904396 0.478828843
0.999997797 0.001523474 -0.001181656 0.042634592 -0.001539857 0.999901405 -0.013960111 -0.019903222 0.001160704 0.013961845 0.999902595 0.559339364
0.999997129 0.001842860 -0.001537363 0.046624620 -0.001863741 0.999904823 -0.013689193 -0.018054200 0.001512395 0.013692056 0.999905445 0.729283122
0.999997807 0.001189193 -0.001657047 0.037129939 -0.001211075 0.999911639 -0.013241603 -0.015377955 0.001641715 0.013243613 0.999911893 0.926014709
0.999998395 0.000611096 -0.001765780 0.041312534 -0.000634039 0.999914899 -0.013013409 -0.014159507 0.001757836 0.013014473 0.999914490 1.028879625
0.999997181 -0.000506684 -0.001940990 0.040622496 0.000482394 0.999921771 -0.012454010 -0.011024256 0.001947022 0.012453138 0.999921135 1.274828178
0.999997139 -0.000516690 -0.002145427 0.048770179 0.000489387 0.999919190 -0.012708521 -0.009236494 0.002151793 0.012707491 0.999916973 1.547648048
0.999996460 -0.000057413 -0.002487602 0.048367898 0.000024636 0.999913271 -0.013168610 -0.008855145 0.002488177 0.013168439 0.999911093 1.681813429
0.999995277 0.000648368 -0.002753993 0.047519930 -0.000685357 0.999909066 -0.013457824 -0.006815832 0.002744875 0.013459655 0.999906610 1.972494475
0.999993875 0.001039908 -0.003312278 0.051115470 -0.001084283 0.999909077 -0.013414954 -0.004185552 0.003298033 0.013418534 0.999904623 2.276600115
0.999992393 0.001377359 -0.003533811 0.050660041 -0.001425132 0.999907575 -0.013536281 -0.003027474 0.003515254 0.013541238 0.999902817 2.433120154
0.999993419 0.000992625 -0.003331789 0.049713961 -0.001035587 0.999915691 -0.012922502 0.000985201 0.003318176 0.012925855 0.999911412 2.768506842
0.999991544 0.001068140 -0.003887598 0.053220937 -0.001113496 0.999931274 -0.011669767 0.006078731 0.003875214 0.011674041 0.999925167 3.117313839
0.999991531 0.001040800 -0.003921543 0.052711580 -0.001085790 0.999933174 -0.011483046 0.007973546 0.003909407 0.011487230 0.999927004 3.296188885
0.999991440 0.000105528 -0.004025232 0.060599130 -0.000153172 0.999930348 -0.011824143 0.010428780 0.004024185 0.011824680 0.999922552 3.658448727
0.999989125 -0.001024442 -0.004455013 0.068417359 0.000969501 0.999923518 -0.012304250 0.012830933 0.004466893 0.012299763 0.999914359 4.043070487
0.999986124 -0.001616478 -0.004912725 0.072327350 0.001554866 0.999919896 -0.012518222 0.014076998 0.004932667 0.012510417 0.999909557 4.235380973
0.999982459 -0.001603044 -0.005567652 0.071260166 0.001538050 0.999931014 -0.011647694 0.018883304 0.005586212 0.011638946 0.999917447 4.615483624
0.999977706 -0.002085529 -0.006250905 0.074582563 0.002022055 0.999946201 -0.010140532 0.025017314 0.006272465 0.010127644 0.999929489 5.031365877
0.999973226 -0.001926597 -0.006964142 0.074009147 0.001857421 0.999949204 -0.009923508 0.027128986 0.006983213 0.009910318 0.999926865 5.232600479
0.999957692 -0.001882635 -0.008952294 0.077183896 0.001785003 0.999938751 -0.010887816 0.029190832 0.008972204 0.010871372 0.999901001 5.670879809
0.999946168 -0.002120804 -0.010058835 0.075891995 0.002010586 0.999937935 -0.010954363 0.032978088 0.010082006 0.010933529 0.999890347 6.118075733
0.999942900 -0.002113198 -0.010463339 0.079678154 0.001997979 0.999937255 -0.011008643 0.034877817 0.010485959 0.010987090 0.999884740 6.355103406
0.999936135 -0.002928166 -0.010884899 0.082794540 0.002820533 0.999947282 -0.009891707 0.040952559 0.010912960 0.009860399 0.999892474 6.838070536
0.999928184 -0.003040585 -0.011562296 0.085889882 0.002931935 0.999951110 -0.009396023 0.045947548 0.011589962 0.009361510 0.999889288 7.321047112
0.999921068 -0.003292628 -0.012101698 0.080686041 0.003179867 0.999951366 -0.009325743 0.048388761 0.012131594 0.009286541 0.999883984 7.575933425
0.999905887 -0.003853481 -0.013175015 0.083725897 0.003740801 0.999956485 -0.008558017 0.054040505 0.013207574 0.008507946 0.999876815 8.081265708
0.999903229 -0.002247719 -0.013695241 0.082273577 0.002143499 0.999968140 -0.007616462 0.060107959 0.013711796 0.007586387 0.999877312 8.595526043
0.999901638 -0.002111450 -0.013802045 0.090436848 0.002009425 0.999970644 -0.007404328 0.062695539 0.013817625 0.007375798 0.999877820 8.868338916
0.999878515 -0.002259003 -0.015390648 0.084484320 0.002128326 0.999961069 -0.008501801 0.065262689 0.015409555 0.008468047 0.999846230 9.369200108
0.999850565 -0.001516381 -0.017211813 0.073957631 0.001344982 0.999949493 -0.009967129 0.067542615 0.017226323 0.009942536 0.999802897 9.901356952
0.999836779 -0.001896427 -0.017945671 0.073142157 0.001695104 0.999935847 -0.011226944 0.067745442 0.017966502 0.011194707 0.999776989 10.169692611
0.999829727 -0.003818720 -0.018044720 0.084749378 0.003537449 0.999872150 -0.015590240 0.065185077 0.018102321 0.015523813 0.999716281 10.746679170
0.999816982 -0.002055606 -0.018993291 0.078566677 0.001717567 0.999840360 -0.017797340 0.066453242 0.019026637 0.017761502 0.999661422 11.314636083
0.999812463 -0.002206412 -0.019244443 0.073306376 0.001869907 0.999845552 -0.017486567 0.069501222 0.019280205 0.017447284 0.999662434 11.591878540
0.999808039 -0.002031733 -0.019479791 0.076158191 0.001747254 0.999892027 -0.014610659 0.079519594 0.019507572 0.014573767 0.999704415 12.186618435
0.999809921 -0.001091205 -0.019451704 0.074592022 0.000871520 0.999935903 -0.011299071 0.090256700 0.019462067 0.011279936 0.999747791 12.767922278
0.999800555 -0.002165738 -0.019815482 0.073832125 0.001988511 0.999958182 -0.008958607 0.096814982 0.019834143 0.008917408 0.999764151 13.058563791
0.999771240 -0.004126786 -0.020976612 0.076717454 0.004020322 0.999978408 -0.005116776 0.108552961 0.020997759 0.005031249 0.999767678 13.653288643
0.999755922 -0.005765571 -0.021318155 0.075043775 0.005699564 0.999978844 -0.003153065 0.117277433 0.021336245 0.003030879 0.999768636 14.256971545
0.999739165 -0.007895582 -0.021404545 0.069692331 0.007818519 0.999962596 -0.003685542 0.119152587 0.021432927 0.003517196 0.999764130 14.556585715
0.999751489 -0.008767070 -0.020499556 0.072292644 0.008635787 0.999941953 -0.006483471 0.119770011 0.020555004 0.006304840 0.999769011 15.173769303
0.999753821 -0.009412174 -0.020103565 0.074927836 0.009248300 0.999923662 -0.008224223 0.122177026 0.020179757 0.008036259 0.999764458 15.790937235
0.999761787 -0.009493798 -0.019635638 0.074022238 0.009331581 0.999921246 -0.008335195 0.124763120 0.019713029 0.008149955 0.999772598 16.103974951
0.999780340 -0.009086410 -0.018839584 0.085586878 0.008897870 0.999909580 -0.010066203 0.127025467 0.018929771 0.009896380 0.999772244 16.725642225
0.999770483 -0.010470206 -0.018661726 0.088198928 0.010273983 0.999890826 -0.010580701 0.131748859 0.018770488 0.010386525 0.999770577 17.365151346
0.999784560 -0.010535165 -0.017871076 0.091764897 0.010366025 0.999900952 -0.009528650 0.136365592 0.017969618 0.009341333 0.999795347 17.691601062
0.999792250 -0.011658832 -0.016698546 0.098863517 0.011519168 0.999898227 -0.008435681 0.143889447 0.016795340 0.008241503 0.999825777 18.344515449
0.999812180 -0.011813574 -0.015364224 0.101438980 0.011689926 0.999898497 -0.008108793 0.150239375 0.015458457 0.007927634 0.999850002 19.006371794
0.999796441 -0.011522944 -0.016507071 0.096065369 0.011403566 0.999907741 -0.007306153 0.154480895 0.016590196 0.007116394 0.999837405 19.328326716
0.999810683 -0.010857825 -0.016111000 0.094214126 0.010781312 0.999930286 -0.004832819 0.164605765 0.016163241 0.004658152 0.999858810 19.999081725
0.999850004 -0.008687763 -0.014935720 0.092374184 0.008658674 0.999960743 -0.002013133 0.175310502 0.014952599 0.001883513 0.999886568 20.669831662
0.999863296 -0.008174582 -0.014349196 0.086959116 0.008167464 0.999966124 -0.000557715 0.180928614 0.014353645 0.000440427 0.999897359 21.014135994
0.999871173 -0.007773292 -0.014013854 0.102859650 0.007782606 0.999969180 0.000608381 0.188771507 0.014008661 -0.000717313 0.999902371 21.716268572
0.999872759 -0.006074223 -0.014727484 0.091834127 0.006069693 0.999981586 -0.000345091 0.193486126 0.014729928 0.000255645 0.999892161 22.427295740
0.999881287 -0.005107949 -0.014522933 0.095284208 0.005096922 0.999986850 -0.000797386 0.195660322 0.014526081 0.000723327 0.999894944 22.776128276
0.999878137 -0.003014916 -0.015323325 0.084267063 0.002992310 0.999994440 -0.001497701 0.200804842 0.015327259 0.001451664 0.999882255 23.487151684
0.999880222 -0.000934211 -0.015416595 0.082195539 0.000907393 0.999998295 -0.001739758 0.206634505 0.015418521 0.001725609 0.999880092 24.202667174
0.999881789 0.000234912 -0.015362211 0.067736887 -0.000261893 0.999998754 -0.001749213 0.210044729 0.015362629 0.001752992 0.999880779 24.564854197
0.999913777 0.001870511 -0.012954727 0.074607672 -0.001892370 0.999996364 -0.001669107 0.216389571 0.012952179 0.001693505 0.999914742 25.284863256
0.999919598 0.004390893 -0.011858641 0.076919105 -0.004408982 0.999988979 -0.001495597 0.223207016 0.011851798 0.001547764 0.999929343 26.036161322
