1.000000000 0.000000000 -0.000000000 0.000000000 0.000000000 1.000000000 -0.000000000 -0.000000000 -0.000000000 0.000000000 1.000000000 0.000000000
0.999998282 0.000353224 0.001776390 0.012406208 -0.000353642 1.000000395 0.000229707 0.003634197 -0.001775639 -0.000230348 0.999998106 0.398036528
0.999989184 -0.000114161 0.004610587 0.023771460 0.000115160 1.000000353 -0.000217894 0.009557320 -0.004609723 0.000218411 0.999989011 1.198559030
0.999969188 0.000641248 0.007884842 0.048571618 -0.000638971 1.000000017 -0.000296916 0.015895829 -0.007884256 0.000291884 0.999968514 1.994639953
0.999906122 0.000269526 0.013754422 0.090265137 -0.000262746 1.000000590 -0.000493362 0.025173780 -0.013753497 0.000489734 0.999905544 3.179830124
0.999820044 0.000282896 0.018977888 0.119514163 -0.000281001 1.000000105 -0.000103892 0.032427292 -0.018976775 0.000098575 0.999819849 3.989331555
0.999769398 0.000426861 0.021494452 0.136352498 -0.000424350 1.000000349 -0.000124469 0.035706649 -0.021494492 0.000115371 0.999768748 4.400799335
0.999602769 0.000361101 0.028170692 0.174504592 -0.000332021 0.999999918 -0.001035535 0.040680717 -0.028170627 0.001025747 0.999602992 5.214815145
0.999416154 -0.000002239 0.034181103 0.221641142 0.000075544 0.999998190 -0.002145354 0.045035181 -0.034180880 0.002146679 0.999413075 6.010969881
0.999314245 0.000423956 0.037032758 0.251895271 -0.000326289 0.999996666 -0.002644571 0.047280101 -0.037032850 0.002630641 0.999310544 6.418008348
0.999078699 0.000397671 0.042919558 0.303474889 -0.000247483 0.999994293 -0.003505087 0.052109623 -0.042920577 0.003491273 0.999072577 7.227587315
0.998877219 0.001214856 0.047362000 0.359556819 -0.001026724 0.999991357 -0.003997816 0.057394249 -0.047365317 0.003944727 0.998870289 8.028229274
0.998770116 0.001244667 0.049571260 0.389822152 -0.001047710 0.999991941 -0.003998847 0.060489065 -0.049575181 0.003942030 0.998762782 8.435260550
0.998556807 0.001483207 0.053696751 0.441419697 -0.001268035 0.999991006 -0.004040643 0.066678421 -0.053701797 0.003966801 0.998548701 9.244828012
0.998232046 0.001468094 0.059421178 0.510930733 -0.001206172 0.999989573 -0.004444502 0.071938487 -0.059425921 0.004364949 0.998223256 10.041032113
0.998107238 0.000899935 0.061484909 0.545694951 -0.000639400 0.999990758 -0.004258033 0.075228439 -0.061487870 0.004210698 0.998099026 10.439128580
0.997940358 0.000423383 0.064151909 0.615206647 -0.000128778 0.999990151 -0.004596157 0.080538499 -0.064152317 0.004578499 0.997930254 11.235332259
0.997683711 -0.000716134 0.068023817 0.684726120 0.001032234 0.999988957 -0.004611870 0.086438486 -0.068019308 0.004671373 0.997673265 12.031530946
0.997634099 -0.001660673 0.068732714 0.723992386 0.001945528 0.999990434 -0.004077542 0.090163546 -0.068725321 0.004201662 0.997626705 12.420690574
0.997432910 -0.002872996 0.071556787 0.806957179 0.003114163 0.999990254 -0.003259022 0.097268822 -0.071545714 0.003473516 0.997431067 13.212440998
0.997302371 -0.002239647 0.073370946 0.881004008 0.002376796 0.999996034 -0.001782298 0.105523682 -0.073365828 0.001951894 0.997302844 13.999686603
0.997271734 -0.001947791 0.073792503 0.924710179 0.002036276 0.999997429 -0.001124064 0.109483828 -0.073789225 0.001271260 0.997273283 14.402272493
0.997061404 -0.000733462 0.076597909 0.998632325 0.000745634 1.000000246 -0.000129806 0.117308653 -0.076597249 0.000186564 0.997062240 15.234244552
0.996960468 -0.000258151 0.077907175 1.090343147 0.000253826 1.000000021 0.000065146 0.123764153 -0.077906847 -0.000045149 0.996960165 16.097579790
0.996923255 0.000154884 0.078392070 1.129472075 -0.000122928 1.000000359 -0.000412803 0.126099293 -0.078391224 0.000401934 0.996922527 16.531473993
0.996864999 0.000583860 0.079121092 1.216730471 -0.000516982 1.000000264 -0.000866383 0.131369822 -0.079121037 0.000822786 0.996865179 17.381391006
0.996777105 -0.000415122 0.080225683 1.299539076 0.000567779 0.999998709 -0.001879794 0.135655356 -0.080223956 0.001919318 0.996774636 18.217888103
0.996763175 -0.001201688 0.080387933 1.338729621 0.001380006 0.999997012 -0.002162333 0.138150521 -0.080384291 0.002266270 0.996760902 18.629419545
0.996750015 -0.002853253 0.080507837 1.434976955 0.003075515 0.999991941 -0.002637294 0.143141405 -0.080499354 0.002876284 0.996750036 19.461472609
0.996854545 -0.004252904 0.079138802 1.513326220 0.004430603 0.999988482 -0.002070121 0.150231435 -0.079128206 0.002414314 0.996862033 20.306879135
0.996920484 -0.004849242 0.078269562 1.548047538 0.004960225 0.999987522 -0.001223663 0.154781189 -0.078262225 0.001608099 0.996931339 20.727326352
0.996992011 -0.005160245 0.077327810 1.635321883 0.005250086 0.999986535 -0.000958260 0.161261570 -0.077320400 0.001361382 0.997005395 21.577233128
0.997121799 -0.004996831 0.075654568 1.718094970 0.005084800 0.999987312 -0.000971325 0.167366836 -0.075648256 0.001353250 0.997133172 22.436076237
0.997166219 -0.005063255 0.075065657 1.757235762 0.005146706 0.999986759 -0.000918841 0.170601867 -0.075059218 0.001302593 0.997178631 22.869962827
0.997177512 -0.004818719 0.074924417 1.835522223 0.004877605 0.999988702 -0.000603843 0.177441884 -0.074919604 0.000967597 0.997189012 23.737732876
0.997352852 -0.004652867 0.072563899 1.909395274 0.004607173 0.999989429 0.000797573 0.186056567 -0.072565765 -0.000461158 0.997363845 24.592059661
0.997434998 -0.005081548 0.071398152 1.948546348 0.005000876 0.999986958 0.001308695 0.190071502 -0.071402968 -0.000948326 0.997446872 25.025939652
0.997518629 -0.006339940 0.070111627 2.026820418 0.006280216 0.999980242 0.001072470 0.195971634 -0.070116204 -0.000629471 0.997538621 25.893717654
0.997665579 -0.006843228 0.067956155 2.091712499 0.006838023 0.999976522 0.000309273 0.200956485 -0.067955969 0.000156180 0.997688088 26.743580057
0.997657528 -0.007581985 0.067988225 2.135335172 0.007613987 0.999971097 -0.000210899 0.203096810 -0.067984048 0.000728095 0.997686327 27.168542751
0.997668677 -0.009586679 0.067567137 2.209219092 0.009669633 0.999953498 -0.000901766 0.208021989 -0.067553802 0.001553015 0.997714378 28.000539344
0.997824110 -0.010338853 0.065125319 2.278610981 0.010454387 0.999945125 -0.001432425 0.213271968 -0.065106114 0.002110162 0.997876345 28.841466346
0.997893569 -0.011278019 0.063886966 2.308805338 0.011430443 0.999932892 -0.002021127 0.215496846 -0.063858850 0.002747143 0.997955112 29.270866390
0.997986175 -0.013130170 0.062062355 2.378190769 0.013333827 0.999907275 -0.002867731 0.220256885 -0.062018325 0.003689471 0.998068564 30.111797538
0.998002231 -0.014174205 0.061566445 2.443085882 0.014419064 0.999890174 -0.003534538 0.225471708 -0.061508267 0.004415270 0.998096666 30.961657995
0.998046101 -0.014508465 0.060766722 2.473292102 0.014754110 0.999885167 -0.003595194 0.228596476 -0.060706433 0.004484720 0.998145232 31.391050426
0.998079827 -0.014978353 0.060105459 2.542658623 0.015171215 0.999881387 -0.002753709 0.236436094 -0.060056485 0.003660335 0.998188277 32.254316926
0.998072285 -0.014478313 0.060361271 2.625441596 0.014646821 0.999890152 -0.002350020 0.243291269 -0.060319941 0.003229555 0.998174319 33.113153689
0.998025272 -0.014626045 0.061081413 2.664579225 0.014803587 0.999888165 -0.002456233 0.246286329 -0.061037857 0.003355538 0.998129651 33.547042309
0.998202953 -0.015002882 0.058016757 2.729407317 0.015232172 0.999877883 -0.003512744 0.250931177 -0.057955596 0.004390094 0.998309703 34.419268997
0.998208777 -0.015433615 0.057801121 2.798674786 0.015721826 0.999866406 -0.004535262 0.255771118 -0.057722708 0.005435838 0.998317392 35.304922284
0.998241215 -0.015974236 0.057090754 2.833320779 0.016257591 0.999858421 -0.004502541 0.259120975 -0.057010265 0.005422765 0.998359131 35.747741060
0.998335838 -0.016548650 0.055237333 2.898074408 0.016785922 0.999852352 -0.003835329 0.267145322 -0.055164763 0.004756185 0.998465464 36.664661971
0.998370228 -0.017866353 0.054212472 2.962895981 0.018040071 0.999833704 -0.002716968 0.275809634 -0.054154300 0.003690585 0.998526250 37.559216059
0.998394698 -0.018667692 0.053483516 2.997548565 0.018822786 0.999819815 -0.002397988 0.279659430 -0.053428322 0.003400866 0.998565510 38.002030605
0.998373929 -0.019498180 0.053577071 3.066831192 0.019674556 0.999803276 -0.002766914 0.285649230 -0.053512086 0.003816513 0.998559937 38.887674163
0.998313709 -0.021010466 0.054123036 3.145031255 0.021247265 0.999767766 -0.003803218 0.290449452 -0.054029629 0.004946690 0.998526751 39.777822879
0.998360858 -0.021267736 0.053132136 3.179662353 0.021532887 0.999758337 -0.004422198 0.292669447 -0.053023875 0.005559089 0.998578230 40.220651214
0.998403374 -0.021321694 0.052301830 3.235501243 0.021639563 0.999751195 -0.005517470 0.297573943 -0.052170014 0.006640417 0.998615828 41.110742021
0.998437334 -0.021331410 0.051655964 3.295922647 0.021630626 0.999752866 -0.005240719 0.304503396 -0.051530311 0.006349901 0.998651634 41.969521129
0.998478623 -0.021429298 0.050807334 3.326136118 0.021709819 0.999751786 -0.004974222 0.308178097 -0.050687848 0.006069694 0.998696402 42.398908907
0.998521612 -0.021197965 0.050060650 3.386519236 0.021417818 0.999763072 -0.003860688 0.316717309 -0.049966557 0.004927199 0.998738259 43.280035803
0.998508690 -0.020028752 0.050786506 3.437976220 0.020180513 0.999793572 -0.002476655 0.325786180 -0.050725765 0.003497843 0.998706439 44.156663125
0.998587784 -0.018563821 0.049789411 3.523989503 0.018710376 0.999822499 -0.002479087 0.335915143 -0.049734534 0.003407191 0.998756691 45.498490005
0.998598874 -0.016462436 0.050295860 3.584337032 0.016629993 0.999857676 -0.002914239 0.341754685 -0.050240542 0.003746645 0.998730372 46.379639742
0.998620529 -0.016219685 0.049937171 3.610037777 0.016412484 0.999859895 -0.003454144 0.344184378 -0.049873698 0.004268896 0.998746119 46.817971211
0.998619232 -0.014924342 0.050374135 3.661454162 0.015138256 0.999877828 -0.003866954 0.350173626 -0.050309662 0.004624197 0.998722564 47.694624590
0.998703251 -0.012079996 0.049461198 3.717314142 0.012291024 0.999916876 -0.003966544 0.356677927 -0.049408242 0.004569311 0.998768489 48.584701861
0.998741203 -0.010646403 0.049025082 3.747509553 0.010878836 0.999930655 -0.004475798 0.358982795 -0.048972621 0.005003534 0.998787355 49.014101228
0.998852124 -0.002845967 0.047818288 3.785572493 0.002923308 0.999994771 -0.001547312 0.370735901 -0.047812623 0.001685329 0.998854663 49.895143905
0.998957741 -0.002404235 0.045585341 3.837005750 0.002461733 0.999996829 -0.001205668 0.378004992 -0.045581669 0.001316667 0.998959663 50.771786455
0.998937299 -0.006656157 0.045604123 3.867197734 0.006752263 0.999975851 -0.001953841 0.380049892 -0.045589543 0.002259723 0.998958016 51.201188022
0.998920627 -0.006780365 0.045966286 3.927494443 0.007118877 0.999949018 -0.007204316 0.377520503 -0.045914706 0.007523858 0.998917223 52.060047159
0.998879204 -0.002187262 0.047279066 3.974320991 0.002749999 0.999925980 -0.011840785 0.376415458 -0.047248912 0.011957569 0.998811474 52.945693718
0.998807826 -0.001310243 0.048800573 4.009004288 0.001807945 0.999946829 -0.010156496 0.382594968 -0.048783145 0.010232537 0.998756771 53.388488554
0.998901814 -0.006320176 0.046437101 4.069437100 0.006646641 0.999955048 -0.006879350 0.394903719 -0.046390622 0.007180434 0.998897327 54.269583557
0.998940546 -0.010641276 0.044771905 4.129743575 0.010951893 0.999918017 -0.006699024 0.402143046 -0.044696309 0.007182296 0.998974734 55.173082859
0.998922699 -0.009892636 0.045339795 4.150915645 0.010299777 0.999909331 -0.008755813 0.402117879 -0.045248512 0.009213412 0.998933277 55.620368255
0.998794976 -0.006415820 0.048650406 4.211208076 0.006991854 0.999908119 -0.011679180 0.403777933 -0.048570054 0.012005260 0.998747855 56.501553354
0.998838871 -0.004619499 0.047966188 4.262662159 0.005124295 0.999932894 -0.010406104 0.412626830 -0.047914090 0.010639869 0.998795226 57.378182538
0.998875310 -0.004742464 0.047172845 4.292832071 0.005198105 0.999941201 -0.009540754 0.417511339 -0.047124367 0.009775251 0.998840861 57.829921488
0.998909926 -0.003898920 0.046518234 4.348741086 0.004252924 0.999963551 -0.007512964 0.427735185 -0.046486996 0.007702632 0.998889499 58.719967288
0.998896722 -0.001449918 0.046947133 4.404639687 0.001731281 0.999981104 -0.005953113 0.437169127 -0.046936991 0.006027845 0.998879132 59.610019772
0.998886736 -0.000465743 0.047174025 4.430365081 0.000721311 0.999985062 -0.005400598 0.441468591 -0.047170837 0.005428639 0.998871887 60.048335422
0.998982880 0.000523112 0.045100711 4.472919979 -0.000288880 0.999986933 -0.005199325 0.448377494 -0.045102064 0.005181013 0.998968647 60.898124519
0.998961661 0.002117052 0.045515587 4.528898843 -0.001884667 0.999984875 -0.005148341 0.454871884 -0.045524166 0.005057223 0.998950489 61.743479058
0.998947612 0.002134406 0.045826616 4.554682427 -0.001927518 0.999987642 -0.004558664 0.459071405 -0.045835111 0.004465601 0.998939117 62.159434145
0.998906711 0.002648866 0.046680832 4.619600608 -0.002455682 0.999988567 -0.004195501 0.466036014 -0.046690754 0.004076231 0.998901090 63.009279798
0.998971908 0.002178101 0.045297731 4.675589621 -0.002013159 0.999991677 -0.003687053 0.473300310 -0.045304352 0.003592097 0.998966590 63.854627823
0.998966681 0.001663641 0.045430488 4.696876034 -0.001519028 0.999993682 -0.003217980 0.477434678 -0.045434235 0.003145666 0.998962497 64.279516619
0.998954606 0.000649973 0.045716931 4.748369062 -0.000522641 0.999995870 -0.002797408 0.484723811 -0.045717329 0.002770581 0.998950263 65.133797592
0.998816678 0.001432567 0.048615976 4.813292779 -0.001326363 0.999997307 -0.002217294 0.492108368 -0.048618304 0.002150252 0.998814981 65.983639692
0.998803737 0.001309848 0.048889204 4.839065949 -0.001209283 0.999997872 -0.002087393 0.495517985 -0.048890801 0.002025796 0.998801605 66.399601462
0.998649004 0.001059713 0.051945321 4.895154338 -0.000942259 0.999996932 -0.002286206 0.501292552 -0.051946264 0.002234247 0.998647401 67.200239276
0.998434016 0.001927061 0.055922765 4.969027977 -0.001736812 0.999992922 -0.003450621 0.505437826 -0.055928471 0.003348090 0.998429507 68.032242467
0.998321791 0.001937408 0.057883828 4.999286323 -0.001722821 0.999991344 -0.003756569 0.508002707 -0.057889537 0.003650566 0.998315908 68.439278226
0.998131071 0.000782245 0.061100093 5.068748134 -0.000551640 0.999993411 -0.003790587 0.514042633 -0.061102147 0.003749848 0.998124486 69.257837137
0.997801588 0.000655511 0.066264820 5.151634569 -0.000395461 0.999992375 -0.003937575 0.519718041 -0.066265809 0.003902728 0.997794537 70.071961067
0.997638741 0.001193864 0.068672704 5.186392591 -0.000920372 0.999991609 -0.004014604 0.522538050 -0.068676367 0.003941885 0.997631384 70.470061510
0.997364156 0.000465205 0.072558330 5.273708781 -0.000140002 0.999990641 -0.004487222 0.527678639 -0.072558954 0.004465188 0.997354607 71.297618215
0.997093525 0.000859797 0.076182899 5.352135408 -0.000434855 0.999984579 -0.005594974 0.531609144 -0.076185974 0.005545607 0.997078087 72.098328658
0.996967604 0.001164455 0.077813456 5.395822466 -0.000715337 0.999983100 -0.005800466 0.534119468 -0.077818095 0.005727256 0.996951163 72.500926814
0.996647335 0.000241601 0.081824033 5.478719710 0.000205316 0.999985936 -0.005453389 0.540614775 -0.081823190 0.005451934 0.996631964 73.315043806
0.996376176 -0.000427467 0.085055689 5.574985366 0.000868559 0.999986661 -0.005149328 0.546995489 -0.085051816 0.005204481 0.996362575 74.147085111
0.996208775 -0.000123613 0.086999986 5.618678882 0.000567265 0.999986814 -0.005074760 0.549995753 -0.086997823 0.005104914 0.996195610 74.549679122
0.995962876 0.001004018 0.089760569 5.710485653 -0.000495029 0.999984353 -0.005692726 0.554701555 -0.089764496 0.005625346 0.995947163 75.368306347
0.995686814 -0.000961074 0.092776195 5.811228313 0.001540353 0.999979870 -0.006172795 0.559617608 -0.092767757 0.006289073 0.995668231 76.191426886
0.995600650 -0.000630815 0.093696516 5.859353693 0.001229851 0.999979653 -0.006336086 0.562243034 -0.093689766 0.006423465 0.995580730 76.607452318
0.995282628 -0.000117758 0.097017139 5.955655922 0.000793768 0.999975542 -0.006929053 0.566884004 -0.097013826 0.006973342 0.995258811 77.417146935
0.994926240 -0.001606221 0.100595839 6.056449917 0.002389299 0.999967716 -0.007664972 0.571180177 -0.100579304 0.007866432 0.994897620 78.217911311
0.994780299 -0.002641424 0.102005643 6.117995572 0.003489006 0.999961258 -0.008131953 0.573111124 -0.101980353 0.008445373 0.994750887 78.629504553
0.994460945 -0.003901321 0.105037227 6.223243840 0.004780531 0.999955983 -0.008120380 0.578732251 -0.104999768 0.008577488 0.994435619 79.443685969
0.994131937 -0.006656979 0.107968811 6.337440387 0.007501062 0.999944943 -0.007413848 0.585503514 -0.107912382 0.008180162 0.994126714 80.262352746
0.994066404 -0.007825439 0.108496115 6.394496912 0.008704411 0.999933300 -0.007630428 0.587979234 -0.108428142 0.008529565 0.994067286 80.682874537
0.993870967 -0.008840130 0.110190351 6.504171375 0.009792800 0.999919813 -0.008107621 0.592795575 -0.110109189 0.009137070 0.993877984 81.510491013
0.993570926 -0.011111027 0.112671417 6.622799127 0.012052283 0.999898455 -0.007676199 0.599142006 -0.112573713 0.008984724 0.993602916 82.342589634
0.993514153 -0.013025090 0.112963587 6.675375616 0.013934687 0.999877060 -0.007265957 0.602852415 -0.112854608 0.008792948 0.993572448 82.772034137
0.993306299 -0.015313433 0.114495439 6.802938730 0.016185244 0.999846712 -0.006688121 0.609369101 -0.114374716 0.008496491 0.993401945 83.608626410
0.993206394 -0.016906212 0.115133408 6.921488257 0.017849363 0.999815416 -0.007165440 0.614295661 -0.114989738 0.009171860 0.993324889 84.463098453
0.993073821 -0.018284967 0.116058447 6.978543068 0.019283325 0.999786809 -0.007484810 0.616641397 -0.115895377 0.009670962 0.993214128 84.883621344
0.992961094 -0.020849087 0.116595288 7.106135181 0.021651027 0.999750316 -0.005615482 0.625357814 -0.116447982 0.008100364 0.993163840 85.720195006
0.992963347 -0.016788756 0.117227046 7.220300165 0.017330749 0.999843755 -0.003605613 0.634248773 -0.117147421 0.005611870 0.993098736 86.561205257
0.993022079 -0.015335297 0.116928124 7.277352340 0.015906106 0.999866045 -0.003950528 0.636394534 -0.116851178 0.005782785 0.993132657 86.981729840
0.993076097 -0.013821632 0.116655602 7.391454904 0.014772402 0.999864989 -0.007289337 0.636036668 -0.116538187 0.008962175 0.993145564 87.800456935
0.993385083 -0.010322286 0.114366985 7.492139962 0.011560005 0.999881654 -0.010164686 0.636583256 -0.114248464 0.011419592 0.993386426 88.623614443
0.993426607 -0.008595489 0.114147686 7.549198463 0.009827940 0.999899825 -0.010238592 0.639208958 -0.114048044 0.011293161 0.993411539 89.044134965
0.993544806 -0.006669016 0.113248872 7.658960115 0.007770286 0.999927390 -0.009285679 0.646125087 -0.113178289 0.010105735 0.993523694 89.849372267
0.993792557 -0.003062726 0.111209573 7.759772565 0.004095012 0.999951347 -0.009055206 0.651821088 -0.111175490 0.009454414 0.993755805 90.650124799
0.993948592 -0.002240480 0.109827429 7.812368886 0.003383934 0.999942652 -0.010225623 0.652521910 -0.109796499 0.010535333 0.993898628 91.057233357
0.994225963 -0.002398124 0.107283774 7.904185075 0.003804242 0.999909584 -0.012903841 0.653428221 -0.107241647 0.013237401 0.994144768 91.853531321
0.994406892 -0.000893278 0.105619401 8.000502330 0.002251573 0.999916969 -0.012742160 0.659209052 -0.105597839 0.012908762 0.994324751 92.663216294
0.994585340 0.000242366 0.103920195 8.035288297 0.000959993 0.999933570 -0.011520066 0.664148802 -0.103915557 0.011557440 0.994519341 93.061298802
0.994871233 0.001393621 0.101145592 8.127219428 -0.000478978 0.999959518 -0.009066059 0.673774047 -0.101152580 0.008971111 0.994830421 93.857522998
0.995053156 0.002292770 0.099317845 8.214653183 -0.001377106 0.999955796 -0.009287455 0.678804738 -0.099334543 0.009104761 0.995012348 94.640357817
0.995205387 0.002891103 0.097765282 8.258364555 -0.001833903 0.999939152 -0.010901824 0.678645432 -0.097790010 0.010670306 0.995150010 95.020617152
0.995529296 0.002964885 0.094410115 8.341338107 -0.001828520 0.999925528 -0.012120630 0.681901224 -0.094438574 0.011893820 0.995459501 95.790038738
0.995914319 0.001976036 0.090283603 8.410874452 -0.000962270 0.999936168 -0.011270709 0.689081055 -0.090299117 0.011137792 0.995852317 96.586226596
0.996098436 0.001412489 0.088235822 8.454583259 -0.000490564 0.999945231 -0.010469290 0.693241177 -0.088245391 0.010385207 0.996044672 96.988810794
0.996440958 0.001183922 0.084289338 8.528662970 -0.000343457 0.999950312 -0.009984877 0.699476328 -0.084296716 0.009920364 0.996391409 97.753712079
0.996749834 -0.000263834 0.080558856 8.602729631 0.001080025 0.999949271 -0.010087815 0.704721600 -0.080552172 0.010142054 0.996698963 98.518621740
0.996921674 -0.001484473 0.078389232 8.637557048 0.002241958 0.999951806 -0.009575648 0.708291562 -0.078370618 0.009721930 0.996876916 98.894354431
0.997192753 -0.003115814 0.074815893 8.698237311 0.003717374 0.999962090 -0.007903093 0.716800999 -0.074788062 0.008159068 0.997166211 99.663674540
0.997430690 -0.004299206 0.071517882 8.767849245 0.004758386 0.999969295 -0.006251573 0.725200725 -0.071487682 0.006575801 0.997419714 100.437490669
0.997560280 -0.004714840 0.069653011 8.793687591 0.005126695 0.999970563 -0.005734883 0.729040333 -0.069623290 0.006078013 0.997555025 100.831087394
0.997737928 -0.004975087 0.067045705 8.858842090 0.005320210 0.999973546 -0.004970279 0.735875135 -0.067018912 0.005315801 0.997737322 101.591488514
0.997875403 -0.005225594 0.064943276 8.928430825 0.005520001 0.999975676 -0.004355290 0.742515076 -0.064917377 0.004704495 0.997879242 102.365319532
0.997928617 -0.005661496 0.064089183 8.963185816 0.005964399 0.999972150 -0.004535894 0.745105114 -0.064060991 0.004908737 0.997933608 102.763421921
0.998074250 -0.005676026 0.061775941 9.023837475 0.005942723 0.999973839 -0.004135604 0.751444815 -0.061750486 0.004494773 0.998081286 103.532760388
0.998199502 -0.006989964 0.059583380 9.080060302 0.007203484 0.999968219 -0.003369551 0.758389327 -0.059556921 0.003792716 0.998218116 104.288665487
0.998282590 -0.007390492 0.058127084 9.101452285 0.007592359 0.999966618 -0.003253012 0.761503908 -0.058100250 0.003688711 0.998304200 104.668840096
0.998361500 -0.007046887 0.056791590 9.162143285 0.007265586 0.999967160 -0.003645122 0.766313841 -0.056763629 0.004051705 0.998379260 105.415830097
0.998508975 -0.006103348 0.054246318 9.209387383 0.006378702 0.999967808 -0.004905071 0.769798500 -0.054214105 0.005243786 0.998515852 106.167269377
0.998700245 -0.004595049 0.050776226 9.282524853 0.004892821 0.999972174 -0.005741231 0.776782853 -0.050747923 0.005982199 0.998693446 107.289946850
0.998825264 -0.002533076 0.048399106 9.312010065 0.002771704 0.999984624 -0.004864150 0.783896560 -0.048384754 0.004992607 0.998816339 108.010003833
0.998856377 -0.001568626 0.047798483 9.342394678 0.001789704 0.999988127 -0.004583140 0.787011461 -0.047790013 0.004663486 0.998846857 108.372312123
0.998956303 0.000652823 0.045689339 9.376320584 -0.000490338 0.999993365 -0.003568848 0.794420247 -0.045691213 0.003542764 0.998949143 109.105794859
0.998997327 0.003365035 0.044654239 9.423653717 -0.003214827 0.999989458 -0.003434881 0.800144676 -0.044664379 0.003287913 0.998997244 109.834853781
0.999031916 0.003167132 0.043876892 9.445039373 -0.003012078 0.999989556 -0.003599572 0.802779316 -0.043886489 0.003463965 0.999030650 110.215032450
0.999088150 0.004476707 0.042468186 9.487953296 -0.004367775 0.999986886 -0.002658046 0.809838466 -0.042478574 0.002470159 0.999094642 110.930651829
0.999122183 0.006208259 0.041442911 9.526422305 -0.006128554 0.999979345 -0.002050338 0.816282574 -0.041454129 0.001794561 0.999138297 111.632848162
0.999163055 0.006418114 0.040403688 9.547872214 -0.006346918 0.999978211 -0.001890802 0.819277215 -0.040413700 0.001632823 0.999181699 111.990662378
0.999221355 0.006252456 0.038968255 9.586325802 -0.006180704 0.999979130 -0.001962099 0.824551466 -0.038978456 0.001719737 0.999238573 112.692868608
0.999289947 0.007092218 0.037024120 9.629223511 -0.007032748 0.999973995 -0.001737248 0.830380766 -0.037034533 0.001475675 0.999312654 113.408498393
0.999303325 0.007595045 0.036557532 9.646185344 -0.007552609 0.999970533 -0.001299509 0.834000170 -0.036565409 0.001022524 0.999331002 113.775240480
0.999306350 0.008273672 0.036307394 9.680259530 -0.008321784 0.999965457 0.001173900 0.843628773 -0.036295896 -0.001475209 0.999340213 114.463981619
0.999350111 0.008768152 0.034966249 9.718713980 -0.008900891 0.999953995 0.003642022 0.853482420 -0.034931730 -0.003950863 0.999381570 115.188510513
0.999376981 0.008702817 0.034203149 9.740225901 -0.008845237 0.999952778 0.004014674 0.856667081 -0.034165580 -0.004314676 0.999407318 115.523961713
0.999415286 0.008399205 0.033141601 9.774224162 -0.008508451 0.999959208 0.003156558 0.860536389 -0.033112430 -0.003436673 0.999445890 116.212751580
0.999430374 0.009236359 0.032459657 9.808222878 -0.009234962 0.999957346 -0.000193362 0.859926288 -0.032459077 -0.000106478 0.999473500 116.879217939
0.999456610 0.009033369 0.031711482 9.825262864 -0.008995451 0.999958823 -0.001338099 0.860446159 -0.031721771 0.001052101 0.999496075 117.201263434
0.999484717 0.008356810 0.030986475 9.850375780 -0.008278362 0.999962162 -0.002660035 0.863425344 -0.031006407 0.002402158 0.999516189 117.863204333
0.999540125 0.006569213 0.029629906 9.888909103 -0.006445953 0.999970758 -0.004253749 0.865720048 -0.029655987 0.004060731 0.999551759 118.520712957
0.999550105 0.005361394 0.029518489 9.905906585 -0.005222907 0.999975334 -0.004767235 0.867529717 -0.029542914 0.004610976 0.999552706 118.865108948
0.999604413 0.003269600 0.027954261 9.931037823 -0.003123187 0.999981829 -0.005282121 0.871898731 -0.027969810 0.005192756 0.999595130 119.527038087
0.999623173 0.002254894 0.027354791 9.969529564 -0.002085816 0.999979298 -0.006208838 0.875553226 -0.027368104 0.006149505 0.999606393 120.206896614
0.999625837 0.002126595 0.027264570 9.977613698 -0.001966654 0.999981344 -0.005892570 0.878862435 -0.027275638 0.005836819 0.999611079 120.546784826
0.999646552 0.001334642 0.026549901 10.011705870 -0.001198643 0.999986579 -0.005136962 0.885341467 -0.026555805 0.005103371 0.999634145 121.213191205
0.999685081 -0.000287695 0.025109428 10.036872302 0.000390699 0.999991538 -0.004098891 0.892380155 -0.025107209 0.004107367 0.999676216 121.875097757
0.999694875 -0.000724923 0.024706444 10.049459934 0.000808738 0.999994337 -0.003383284 0.896234458 -0.024703307 0.003402318 0.999688788 122.206048199
0.999718462 -0.000862129 0.023710584 10.079106138 0.000933271 0.999995847 -0.002990990 0.902018459 -0.023706979 0.003012273 0.999714669 122.859032208
0.999736177 0.000025483 0.022992868 10.095281714 0.000078980 0.999990097 -0.004542532 0.904677406 -0.022992158 0.004543191 0.999725124 123.516480724
0.999743625 0.000530284 0.022642348 10.107831779 -0.000406234 0.999985309 -0.005483698 0.905682058 -0.022644096 0.005473047 0.999728647 123.847455276
0.999753420 0.001058440 0.022180892 10.137369440 -0.000894959 0.999972285 -0.007378866 0.907746470 -0.022187322 0.007357231 0.999726573 124.522832164
0.999782957 0.000829090 0.020804989 10.162483674 -0.000649378 0.999963060 -0.008643718 0.910825642 -0.020811413 0.008628324 0.999746331 125.184772216
0.999774415 0.000925724 0.021224796 10.170555812 -0.000737734 0.999960616 -0.008862267 0.913224963 -0.021231976 0.008844586 0.999735841 125.524668126
0.999788331 0.001967093 0.020478023 10.191191329 -0.001774311 0.999954493 -0.009427208 0.917638812 -0.020495043 0.009388953 0.999745892 126.195530043
0.999789545 0.002698300 0.020362198 10.216280326 -0.002509594 0.999953565 -0.009289535 0.923317621 -0.020385931 0.009236531 0.999749346 126.879809509
0.999798855 0.003022468 0.019816418 10.228804496 -0.002847448 0.999957568 -0.008854457 0.926871917 -0.019840994 0.008796255 0.999764831 127.233123897
0.999817374 0.002979985 0.018896301 10.258333134 -0.002817504 0.999959186 -0.008621436 0.932765817 -0.018920799 0.008566614 0.999784209 127.930829792
0.999818659 0.002118091 0.018927585 10.283501544 -0.001976495 0.999970197 -0.007499935 0.939954486 -0.018941804 0.007461231 0.999793099 128.592735075
0.999821021 0.000865874 0.018908847 10.296089571 -0.000737734 0.999976827 -0.006781653 0.943838785 -0.018913411 0.006766535 0.999798578 128.923685263
0.999837985 -0.000274543 0.018018338 10.321180282 0.000393081 0.999978299 -0.006576138 0.949647579 -0.018015094 0.006582159 0.999816475 129.607963629
0.999855744 -0.000955040 0.016997893 10.346267302 0.001065995 0.999978925 -0.006524233 0.955176407 -0.016990791 0.006541451 0.999834005 130.292244363
0.999851910 -0.001823583 0.017139592 10.354342868 0.001936912 0.999977132 -0.006598832 0.957835696 -0.017125660 0.006631077 0.999831422 130.632138073
0.999843741 -0.003711366 0.017307738 10.379419475 0.003833743 0.999968056 -0.007043554 0.962574621 -0.017280435 0.007108854 0.999825342 131.316425490
0.999850091 -0.005436043 0.016419348 10.409000899 0.005551892 0.999960778 -0.007017414 0.967958627 -0.016379531 0.007107550 0.999840297 131.991774292
0.999848829 -0.005935784 0.016362334 10.421523618 0.006045460 0.999959399 -0.006658985 0.971402936 -0.016321561 0.006756910 0.999844262 132.345089611
0.999850640 -0.006018202 0.016207766 10.437642527 0.006111203 0.999965307 -0.005691858 0.978791216 -0.016172740 0.005790138 0.999852648 133.047220928
0.999865679 -0.005131053 0.015603894 10.462702597 0.005198704 0.999977700 -0.004301186 0.986789698 -0.015580419 0.004381683 0.999869259 133.753842175
0.999868336 -0.004711918 0.015526348 10.475231248 0.004769422 0.999981759 -0.003667861 0.990683952 -0.015508787 0.003741433 0.999872179 134.107153687
0.999858921 -0.004651761 0.016163820 10.495773189 0.004706536 0.999983324 -0.003353499 0.997027476 -0.016147370 0.003429093 0.999863532 134.822722093
0.999854921 -0.004440991 0.016431819 10.516276376 0.004519447 0.999979272 -0.004741686 1.000431360 -0.016409658 0.004815325 0.999853645 135.538315372
0.999844835 -0.004734194 0.016967428 10.528763902 0.004835750 0.999971418 -0.005949627 1.001205996 -0.016937867 0.006030755 0.999837991 135.891653278
0.999840153 -0.005207244 0.017094953 10.553752529 0.005340299 0.999955952 -0.007749247 1.003785141 -0.017053078 0.007839299 0.999824085 136.598320376
0.999830117 -0.004645074 0.017870603 10.587700772 0.004794390 0.999954340 -0.008322299 1.008374316 -0.017830226 0.008406574 0.999805439 137.309465561
0.999819599 -0.005189326 0.018290743 10.595725925 0.005338272 0.999952791 -0.008106759 1.011723476 -0.018246773 0.008202930 0.999799760 137.671714842
0.999796093 -0.005889368 0.019311231 10.620717392 0.006030739 0.999956106 -0.007270817 1.019031999 -0.019266588 0.007385778 0.999786764 138.400703334
0.999774929 -0.006378579 0.020261394 10.659098422 0.006543322 0.999946504 -0.008076550 1.023316327 -0.020207498 0.008207375 0.999762042 139.125279348
0.999771790 -0.006316028 0.020402164 10.667120543 0.006480057 0.999947892 -0.007983813 1.026435516 -0.020349188 0.008114221 0.999759824 139.487530575
0.999743484 -0.007354203 0.021426560 10.701069386 0.007485128 0.999954325 -0.006034241 1.035584089 -0.021380616 0.006193045 0.999752137 140.220998592
0.999718182 -0.008591494 0.022146395 10.726093147 0.008677119 0.999955809 -0.003776689 1.045342312 -0.022112189 0.003967764 0.999747766 140.949966358
0.999711428 -0.008770916 0.022378106 10.743074621 0.008828680 0.999958279 -0.002482996 1.050451533 -0.022354104 0.002679841 0.999746313 141.316695840
0.999687329 -0.008800667 0.023410539 10.768046448 0.008861767 0.999957971 -0.002508704 1.056270238 -0.023386657 0.002715367 0.999723224 142.045696938
0.999640542 -0.009762288 0.024984967 10.806392152 0.009887412 0.999939117 -0.004890050 1.057874894 -0.024934858 0.005135369 0.999675910 142.770295623
0.999623446 -0.010773652 0.025224713 10.818887849 0.010921655 0.999923878 -0.005740507 1.059269454 -0.025160594 0.006013830 0.999664962 143.123628284
0.999597919 -0.012571157 0.025427882 10.848360934 0.012714758 0.999904892 -0.005494484 1.065463273 -0.025356124 0.005815623 0.999661601 143.843693050
0.999552037 -0.014727120 0.026058634 10.886788626 0.014843142 0.999881435 -0.004263733 1.073287168 -0.025992394 0.004648596 0.999651414 144.568239117
0.999520599 -0.015247424 0.026970075 10.894813515 0.015362609 0.999873881 -0.004069321 1.076616331 -0.026903872 0.004481724 0.999627936 144.930488567
0.999519020 -0.015142308 0.027055703 10.933211022 0.015259295 0.999874931 -0.004122274 1.082150507 -0.026989314 0.004533146 0.999625921 145.655054006
0.999523508 -0.014904441 0.027047426 10.962731751 0.015024484 0.999878751 -0.004241690 1.087444480 -0.026980152 0.004646065 0.999624678 146.352764978
0.999518670 -0.015183966 0.027042710 10.979741361 0.015303730 0.999874366 -0.004226119 1.090174036 -0.026974486 0.004637920 0.999625428 146.697153186
0.999521794 -0.015155627 0.026972301 11.018189016 0.015284527 0.999872974 -0.004580334 1.094998343 -0.026898733 0.004990423 0.999625574 147.399363223
0.999527480 -0.014705934 0.027012596 11.052184772 0.014861366 0.999874273 -0.005563939 1.098677674 -0.026926430 0.005962766 0.999619273 148.088154698
0.999517029 -0.015288138 0.027049585 11.069184759 0.015455252 0.999862625 -0.005982504 1.100677320 -0.026952969 0.006397699 0.999616215 148.432549082
0.999501754 -0.015643080 0.027429523 11.103168916 0.015854208 0.999846269 -0.007499377 1.103476758 -0.027307026 0.007930488 0.999595184 149.121348001
0.999486059 -0.017419874 0.026908847 11.132696368 0.017623932 0.999817888 -0.007365763 1.109280669 -0.026775135 0.007836215 0.999611058 149.819054658
0.999431196 -0.020288084 0.026947591 11.149747499 0.020445360 0.999776197 -0.005575165 1.115159840 -0.026827416 0.006122979 0.999621439 150.163416218
0.999403631 -0.021182749 0.027264266 11.179334794 0.021266485 0.999770653 -0.002786371 1.125503195 -0.027198508 0.003364548 0.999624497 150.861084468
0.999508295 -0.015464923 0.027300831 11.204385961 0.015584928 0.999869857 -0.004189379 1.128312356 -0.027231376 0.004612823 0.999618171 151.545388212
0.999506154 -0.014947036 0.027636162 11.221382389 0.015083708 0.999875644 -0.004743660 1.130042035 -0.027560758 0.005158152 0.999607187 151.889784880
0.999485501 -0.016960657 0.027230581 11.250985754 0.017138275 0.999833766 -0.006300589 1.132576434 -0.027118509 0.006763986 0.999609092 152.542796384
0.999484836 -0.018820902 0.026014639 11.280635313 0.019043239 0.999784645 -0.008325361 1.134101001 -0.025851139 0.008816565 0.999626768 153.173455024
