1.000000000 0.000000000 -0.000000000 0.000000000 -0.000000000 1.000000000 -0.000000000 0.000000000 -0.000000000 0.000000000 1.000000000 0.000000000
0.999999928 0.000191439 -0.000146945 0.003610067 -0.000191427 0.999999573 0.000164814 0.004801526 0.000147354 -0.000164757 1.000000370 0.331155683
0.999999823 0.000028797 -0.000175085 0.015558092 -0.000028671 1.000000289 0.000353653 0.013944840 0.000174480 -0.000353628 1.000000327 0.984664782
1.000000176 -0.000005561 -0.000089498 0.026902121 0.000005634 0.999998777 0.001816212 0.025597232 0.000088519 -0.001816204 0.999999161 1.660491869
0.999999549 0.000499041 0.000066463 0.039358083 -0.000499232 0.999995501 0.002873278 0.031768460 -0.000065576 -0.002873267 0.999996225 1.996364081
0.999999734 0.000931895 0.000262022 0.051346799 -0.000932933 0.999991808 0.003954281 0.042431081 -0.000258732 -0.003954465 0.999992320 2.649851947
0.999998696 0.001680549 0.000458800 0.058607892 -0.001682924 0.999984852 0.005164245 0.053563436 -0.000450384 -0.005165058 0.999986546 3.312141939
0.999997164 0.002421596 -0.000071579 0.066973959 -0.002421136 0.999979596 0.005839245 0.058954745 0.000085343 -0.005839085 0.999983230 3.634480688
0.999993797 0.003339733 -0.000850537 0.078939118 -0.003334180 0.999973680 0.006438622 0.068737767 0.000871489 -0.006435723 0.999979034 4.287980847
0.999991002 0.004054403 -0.000948486 0.082145384 -0.004046716 0.999959636 0.008007728 0.080399605 0.000979924 -0.008003843 0.999968170 4.936719076
0.999994640 0.003333614 -0.000714141 0.089886841 -0.003326657 0.999949807 0.009446606 0.087530343 0.000745667 -0.009444176 0.999955654 5.281386569
0.999995581 0.002880421 -0.000617806 0.105987940 -0.002873206 0.999930682 0.011396599 0.099812500 0.000650401 -0.011394777 0.999935078 5.948396164
0.999990864 0.004065698 -0.001381176 0.113211287 -0.004049031 0.999922065 0.011821630 0.109535498 0.001429650 -0.011815930 0.999929444 6.610705853
0.999986982 0.005076095 -0.001144190 0.112100691 -0.005061707 0.999911802 0.012266356 0.115066639 0.001206443 -0.012260408 0.999924977 6.950660030
0.999989540 0.004396838 -0.001198073 0.128178768 -0.004379947 0.999896733 0.013715136 0.126489188 0.001257752 -0.013709724 0.999906010 7.617681638
0.999986260 0.005200053 -0.001079352 0.145536047 -0.005184193 0.999885401 0.014204068 0.135552368 0.001152746 -0.014198316 0.999899175 8.240030112
0.999984989 0.005386506 -0.001376125 0.145071745 -0.005366355 0.999883064 0.014302158 0.140153711 0.001452512 -0.014294570 0.999896985 8.557644230
0.999986993 0.005006681 -0.001384196 0.156961678 -0.004987976 0.999900185 0.013231750 0.147128014 0.001449667 -0.013224688 0.999911660 9.211183642
0.999992378 0.003471242 -0.002003105 0.168773174 -0.003450083 0.999938887 0.010469849 0.151173654 0.002039237 -0.010462872 0.999943506 9.864763984
0.999994416 0.002793431 -0.002062556 0.168231773 -0.002775062 0.999956267 0.008877551 0.152896310 0.002087050 -0.008871738 0.999958996 10.182418333
0.999997698 0.001685730 -0.001202276 0.201405848 -0.001679594 0.999985308 0.005124540 0.163626490 0.001210504 -0.005122537 0.999986227 11.471924755
0.999997489 0.001259071 -0.001677794 0.209758798 -0.001249775 0.999984657 0.005487731 0.168528022 0.001684274 -0.005485667 0.999983774 11.794270349
0.999996119 0.000270868 -0.002645714 0.216963405 -0.000256339 0.999985271 0.005475008 0.177551339 0.002646811 -0.005474290 0.999981675 12.456589816
0.999990690 -0.001983311 -0.003837472 0.224806543 0.002002220 0.999986266 0.004919094 0.185354990 0.003826801 -0.004926707 0.999981412 13.096573275
0.999985526 -0.003454012 -0.004037215 0.233119069 0.003471654 0.999984183 0.004372460 0.188747211 0.004021963 -0.004386464 0.999982671 13.418939963
0.999977068 -0.004960905 -0.004597721 0.249081764 0.004976179 0.999982162 0.003315670 0.195861725 0.004581188 -0.003338490 0.999983904 14.086021779
0.999977288 -0.004294955 -0.005111458 0.252231278 0.004313752 0.999984382 0.003671037 0.205404530 0.005095264 -0.003693085 0.999980433 14.734789623
0.999981048 -0.002397255 -0.005694745 0.251727891 0.002414254 0.999992488 0.002970323 0.208546539 0.005687228 -0.002983985 0.999979760 15.052424135
0.999961353 -0.005773408 -0.006711165 0.259565407 0.005788630 0.999980543 0.002252339 0.216140285 0.006697285 -0.002291106 0.999975006 15.692410528
0.999940469 -0.006350054 -0.008896486 0.262680118 0.006366903 0.999978112 0.001867247 0.224383683 0.008884254 -0.001923703 0.999959330 16.341196532
0.999934467 -0.005601178 -0.009923825 0.266924433 0.005615925 0.999982766 0.001460035 0.227805616 0.009915374 -0.001515689 0.999950110 16.650018442
0.999932151 -0.006304495 -0.009770892 0.279437369 0.006299913 0.999979814 -0.000494616 0.232980518 0.009773203 0.000433001 0.999952637 17.281229948
0.999954300 0.000892729 -0.009548335 0.274355156 -0.000911647 0.999997701 -0.001967143 0.239024371 0.009545670 0.001975802 0.999952791 17.902957967
0.999951936 0.000980419 -0.009770183 0.269708600 -0.001022462 0.999989918 -0.004297490 0.239397368 0.009765596 0.004307271 0.999943942 18.207086815
0.999925677 0.002815180 -0.011895997 0.269436196 -0.002864902 0.999987293 -0.004165747 0.248040087 0.011884348 0.004199439 0.999920607 18.819969822
0.999920462 -0.000502442 -0.012591674 0.282743467 0.000461361 0.999994902 -0.003259873 0.257812669 0.012593509 0.003253872 0.999916142 19.428764020
0.999918566 -0.001977240 -0.012622774 0.291704964 0.001925495 0.999989922 -0.004104683 0.260375046 0.012630446 0.004080007 0.999912036 19.728789251
0.999920235 -0.000833010 -0.012629328 0.291329225 0.000753465 0.999980183 -0.006301871 0.265159525 0.012633934 0.006291845 0.999900442 20.341726179
0.999926574 -0.000109917 -0.012130451 0.299786264 0.000014037 0.999968414 -0.007910034 0.270823929 0.012131360 0.007909267 0.999895128 20.959386482
0.999931786 0.000914533 -0.011670860 0.299273508 -0.001018221 0.999959744 -0.008882915 0.273616097 0.011662610 0.008894187 0.999892691 21.277025884
0.999911781 0.003142917 -0.012868470 0.302995964 -0.003277344 0.999940265 -0.010441077 0.279490354 0.012834613 0.010482335 0.999863206 21.903491944
0.999902151 0.003168939 -0.013605056 0.310855967 -0.003313316 0.999937853 -0.010601984 0.287923717 0.013570929 0.010645963 0.999852254 22.543466603
0.999898352 0.003341804 -0.013852952 0.310331700 -0.003505739 0.999924359 -0.011825556 0.290286082 0.013811707 0.011872925 0.999834341 22.861112011
0.999885933 0.003475363 -0.014728020 0.310009234 -0.003664925 0.999910282 -0.012858757 0.297059653 0.014681760 0.012911258 0.999808900 23.474021141
0.999873112 0.003029115 -0.015619874 0.314460972 -0.003232365 0.999910236 -0.013006162 0.305102697 0.015577963 0.013055002 0.999793594 24.078103838
0.999871101 0.003005173 -0.015773412 0.318762576 -0.003197804 0.999920618 -0.012199770 0.310663655 0.015734899 0.012248668 0.999801744 24.386895853
0.999866901 0.003075062 -0.016001167 0.318687737 -0.003200312 0.999964402 -0.007805608 0.326683008 0.015976887 0.007855791 0.999841959 24.999675767
0.999830269 0.007164079 -0.016970080 0.309324433 -0.007155814 0.999974224 0.000549441 0.349868988 0.016973438 -0.000427966 0.999856299 25.629972906
0.999809469 0.008604204 -0.017517047 0.318427546 -0.008555477 0.999959807 0.002858952 0.357718953 0.017540288 -0.002708502 0.999843117 25.929924240
0.999791343 0.009677023 -0.017991281 0.309310049 -0.009641826 0.999951803 0.002043379 0.365021956 0.018009966 -0.001869542 0.999836186 26.538090298
0.999767114 0.009458800 -0.019377736 0.308928688 -0.009465541 0.999954873 -0.000254084 0.369596531 0.019374079 0.000437424 0.999812471 27.151030160
0.999754179 0.009523276 -0.020005832 0.309041612 -0.009565400 0.999951749 -0.002007767 0.370689252 0.019985505 0.002198655 0.999798279 27.446340259
0.999726409 0.010254824 -0.020992663 0.304552688 -0.010364297 0.999932899 -0.005113902 0.373824209 0.020939277 0.005330047 0.999767029 28.045755878
0.999716228 0.011185628 -0.021039751 0.304550130 -0.011170480 0.999937113 0.000837531 0.392542331 0.021047533 -0.000602259 0.999778413 28.658498075
0.999697844 0.011826452 -0.021568649 0.300217057 -0.011713699 0.999917222 0.005346937 0.404619989 0.021629996 -0.005092643 0.999753411 28.962463344
0.999688823 0.011869036 -0.021927765 0.300902287 -0.011612448 0.999863125 0.011788857 0.423957606 0.022064058 -0.011530541 0.999691028 29.552843829
0.999710821 0.009342010 -0.022176366 0.305616108 -0.008960265 0.999810664 0.017252591 0.441786186 0.022333391 -0.017048911 0.999605649 30.156789768
0.999703455 0.009692361 -0.022316372 0.305863420 -0.009282432 0.999787369 0.018400080 0.447896618 0.022489619 -0.018187500 0.999581868 30.452029741
0.999635559 0.012055629 -0.024148732 0.288448074 -0.011712503 0.999829411 0.014302843 0.449231795 0.024316465 -0.014014818 0.999606868 31.033190478
0.999617551 0.013865483 -0.023938136 0.288487064 -0.013707139 0.999882839 0.006767803 0.444440420 0.024029485 -0.006437150 0.999690838 31.623908181
0.999607306 0.014539959 -0.023936086 0.283843721 -0.014435820 0.999885455 0.004517200 0.444933363 0.023999225 -0.004169966 0.999703555 31.928035353
0.999601667 0.013810973 -0.024621436 0.288220234 -0.013747768 0.999901760 0.002735493 0.450167688 0.024656952 -0.002395869 0.999693450 32.532157303
0.999555592 0.014279114 -0.026189616 0.274533863 -0.014139249 0.999884829 0.005516822 0.463867721 0.026265061 -0.005144114 0.999642586 33.149042651
0.999559242 0.014693713 -0.025808545 0.270188208 -0.014447322 0.999848211 0.009709255 0.475475593 0.025947549 -0.009332115 0.999620598 33.453014485
0.999582523 0.014580269 -0.024956596 0.275049267 -0.014124400 0.999732302 0.018346462 0.498801665 0.025217244 -0.017986310 0.999520071 34.056883593
0.999576428 0.015171882 -0.024832510 0.274846733 -0.014679759 0.999694159 0.019883172 0.510053194 0.025126377 -0.019510237 0.999494340 34.669730140
0.999574142 0.014686006 -0.025237756 0.274319789 -0.014217714 0.999725524 0.018635477 0.512315604 0.025503852 -0.018268733 0.999508364 34.987376945
0.999569927 0.012830937 -0.026368549 0.264430177 -0.012426011 0.999803077 0.015463460 0.515850549 0.026561458 -0.015129160 0.999533333 35.617948719
0.999593114 0.010288099 -0.026608321 0.268089722 -0.009958605 0.999872874 0.012486243 0.519375877 0.026733324 -0.012216207 0.999568409 36.244447607
0.999600743 0.009257574 -0.026704653 0.267566525 -0.008958744 0.999895812 0.011290219 0.521778223 0.026805590 -0.011046457 0.999580086 36.562092457
0.999590295 0.007382497 -0.027635926 0.261805090 -0.007127392 0.999930953 0.009319539 0.527522435 0.027703130 -0.009118784 0.999574879 37.206177717
0.999583928 0.004881447 -0.028422640 0.256703067 -0.004676773 0.999962726 0.007264408 0.532826625 0.028456960 -0.007128444 0.999570282 37.827916073
0.999582796 0.004549476 -0.028535969 0.247406523 -0.004358482 0.999967655 0.006751741 0.536568033 0.028565432 -0.006624494 0.999570468 38.140806537
0.999582229 0.005075787 -0.028470427 0.246491037 -0.004872233 0.999962286 0.007215573 0.546260496 0.028505884 -0.007073816 0.999568692 38.776027927
0.999596042 0.005038552 -0.027972988 0.244874377 -0.004849574 0.999964789 0.006818189 0.554833691 0.028006148 -0.006679716 0.999586172 39.433618013
0.999598601 0.004525440 -0.027960536 0.244385179 -0.004349173 0.999970731 0.006359814 0.558505458 0.027987646 -0.006235694 0.999588836 39.751245122
0.999600628 0.002922184 -0.028115548 0.233944844 -0.002767500 0.999980484 0.005540527 0.566538574 0.028131248 -0.005460522 0.999590078 40.404107084
0.999613085 0.002931347 -0.027649321 0.231564100 -0.002851387 0.999991700 0.002930728 0.571643574 0.027657655 -0.002850747 0.999613804 41.084098694
0.999629903 0.002913852 -0.027060635 0.226270715 -0.002890053 0.999995216 0.000921535 0.572926379 0.027063604 -0.000843032 0.999634078 41.410567881
0.999666626 0.000840167 -0.025812677 0.223763615 -0.000956984 0.999988879 -0.004513626 0.573313532 0.025808762 0.004536838 0.999657372 42.090625426
0.999714381 0.000893179 -0.023891679 0.230151936 -0.001083715 0.999967654 -0.007963869 0.576919543 0.023883502 0.007987557 0.999682930 42.775373657
0.999735619 0.000198787 -0.023021329 0.228329191 -0.000398061 0.999962584 -0.008649573 0.580921604 0.023018015 0.008656407 0.999697822 43.137702257
0.999788446 0.000424941 -0.020567189 0.239036295 -0.000562548 0.999977106 -0.006682614 0.593853635 0.020562776 0.006692778 0.999766564 43.835864515
0.999807520 -0.000743492 -0.019603183 0.240350529 0.000683234 0.999994703 -0.003077966 0.610054070 0.019605278 0.003063988 0.999803198 44.551598476
0.999811291 -0.001567961 -0.019392853 0.234554607 0.001536979 0.999997044 -0.001610118 0.617634225 0.019394557 0.001579952 0.999811020 44.900332707
0.999839704 -0.004020610 -0.017470888 0.245143118 0.003981275 0.999989502 -0.002279991 0.626138276 0.017479076 0.002210063 0.999845659 45.598556848
0.999866260 -0.004457139 -0.015747281 0.255605808 0.004368495 0.999974371 -0.005657763 0.629944470 0.015772010 0.005588237 0.999860718 46.296846644
0.999877696 -0.004364761 -0.014993850 0.253781189 0.004269655 0.999970954 -0.006372956 0.633876563 0.015021183 0.006308168 0.999868105 46.659176222
0.999903581 -0.005213393 -0.012887793 0.263782301 0.005144438 0.999972678 -0.005373189 0.645509409 0.012914922 0.005306323 0.999903228 47.379709690
0.999915801 -0.005680927 -0.011620213 0.277958172 0.005657217 0.999982217 -0.002080545 0.661090728 0.011631558 0.002014689 0.999930200 48.113732338
0.999915898 -0.006077670 -0.011493460 0.281000918 0.006079664 0.999981836 0.000134630 0.669770707 0.011492426 -0.000204558 0.999934352 48.467186871
0.999928754 -0.006254569 -0.010139068 0.290403120 0.006280679 0.999977017 0.002542928 0.684102544 0.010122851 -0.002606454 0.999945635 49.210035672
0.999918925 -0.008677665 -0.009282626 0.299676556 0.008697534 0.999959764 0.002104433 0.693626575 0.009263093 -0.002185048 0.999955122 49.952951665
0.999932474 -0.007606804 -0.008787035 0.301924968 0.007620064 0.999970138 0.001471263 0.697708874 0.008775122 -0.001538118 0.999961263 50.328823507
0.999946993 -0.006694102 -0.007825795 0.315840361 0.006687353 0.999976826 -0.000885035 0.703564630 0.007830423 0.000832713 0.999969068 51.062982076
0.999953829 -0.006781154 -0.006885442 0.325081940 0.006767786 0.999975317 -0.001964721 0.711899203 0.006898276 0.001918017 0.999974850 51.805914692
0.999956051 -0.006805495 -0.006522607 0.336172767 0.006793852 0.999975658 -0.001797117 0.717221264 0.006534172 0.001752626 0.999977758 52.186504879
0.999966277 -0.005522066 -0.006023523 0.340710549 0.005509011 0.999982858 -0.002183524 0.726915165 0.006034399 0.002150269 0.999979911 52.938227190
0.999958674 -0.007432382 -0.005296043 0.358143967 0.007420706 0.999970463 -0.002223364 0.737259370 0.005312826 0.002183954 0.999983714 53.708220446
0.999958639 -0.007930363 -0.004456639 0.369899827 0.007921487 0.999967051 -0.002023075 0.742351313 0.004471812 0.001987666 0.999988630 54.066460795
0.999962466 -0.006747538 -0.005350048 0.374521936 0.006744862 0.999977580 -0.000534012 0.755193778 0.005353347 0.000497895 0.999986248 54.818139103
0.999970683 -0.006524541 -0.004127501 0.387979767 0.006530972 0.999977618 0.001550668 0.769026117 0.004116841 -0.001577523 0.999990349 55.574539248
0.999973365 -0.006136410 -0.003911576 0.399095491 0.006145261 0.999978200 0.002271419 0.775277753 0.003897545 -0.002295386 0.999990578 55.955116443
0.999973424 -0.005661500 -0.004631385 0.398940451 0.005674468 0.999980249 0.002787351 0.786740795 0.004615065 -0.002813549 0.999985340 56.715622720
0.999973845 -0.005488754 -0.004742190 0.417007580 0.005499288 0.999982806 0.002201969 0.795685417 0.004730425 -0.002227979 0.999986675 57.463282482
0.999979102 -0.004464433 -0.004722895 0.419276873 0.004474044 0.999987795 0.002034481 0.800547360 0.004713506 -0.002055536 0.999987036 57.839143428
0.999984822 -0.003236735 -0.004381990 0.424534835 0.003249461 0.999990781 0.002911146 0.812070205 0.004372004 -0.002925299 0.999986429 58.568487124
0.999984222 -0.002393419 -0.005027834 0.433894472 0.002415901 0.999987549 0.004463385 0.824812767 0.005016557 -0.004475447 0.999977921 59.311358136
0.999986329 -0.001755885 -0.005012831 0.440958046 0.001783963 0.999982609 0.005602767 0.831693841 0.005002685 -0.005611594 0.999971830 59.678382173
0.999983104 -0.000263830 -0.005886552 0.440850926 0.000306093 0.999973736 0.007179421 0.844946067 0.005884433 -0.007181138 0.999957103 60.438863444
0.999976784 -0.000163669 -0.006837618 0.447712344 0.000216920 0.999969445 0.007796000 0.861530986 0.006836413 -0.007797344 0.999946209 61.566418343
0.999971479 -0.000052445 -0.007509482 0.452973251 0.000117992 0.999961413 0.008730958 0.873163780 0.007507563 -0.008731624 0.999934414 62.295760502
0.999982029 0.000442249 -0.005988897 0.467638005 -0.000392791 0.999965997 0.008245474 0.881937982 0.005992269 -0.008242992 0.999949064 63.007525230
0.999984626 0.000339208 -0.005587556 0.470571260 -0.000294135 0.999967128 0.008074954 0.886529826 0.005589966 -0.008073209 0.999952738 63.361036897
0.999982391 -0.000160539 -0.005943531 0.485253415 0.000208062 0.999967527 0.007999063 0.895953732 0.005941344 -0.008000146 0.999950915 64.072792545
0.999985330 -0.001112697 -0.005370719 0.495851563 0.001153520 0.999970340 0.007613084 0.904817619 0.005361880 -0.007619206 0.999957484 64.771011656
0.999981159 -0.002285675 -0.005804959 0.503518063 0.002328811 0.999970084 0.007438121 0.909149634 0.005787382 -0.007451491 0.999956148 65.115718263
0.999980866 -0.002283070 -0.005781754 0.518200485 0.002325700 0.999969987 0.007368559 0.918583535 0.005764599 -0.007381832 0.999956968 65.827473772
0.999979950 -0.002121077 -0.006033874 0.520043758 0.002169966 0.999964411 0.008101717 0.929476169 0.006016106 -0.008114674 0.999949406 66.520928859
0.999980204 -0.002022996 -0.005959749 0.523025199 0.002076561 0.999957423 0.008987161 0.935867193 0.005940531 -0.008999378 0.999942553 66.874415381
0.999984019 -0.001002519 -0.005579947 0.533758539 0.001066996 0.999932149 0.011566616 0.949778776 0.005568055 -0.011572434 0.999917950 67.572563948
0.999982389 -0.000418788 -0.005922234 0.545147006 0.000501642 0.999901627 0.013995129 0.963090411 0.005915978 -0.013997854 0.999885361 68.248367846
0.999980772 -0.000561399 -0.006152937 0.544026506 0.000648834 0.999898286 0.014220117 0.968251721 0.006143750 -0.014223881 0.999881018 68.588327192
0.999981395 -0.000718406 -0.006035120 0.550478005 0.000792228 0.999925233 0.012234101 0.974216656 0.006025311 -0.012238680 0.999907578 69.273042455
0.999982999 -0.000340730 -0.005782215 0.561678811 0.000401957 0.999944072 0.010594293 0.980521488 0.005778308 -0.010596464 0.999927658 69.948944278
0.999986647 -0.000515514 -0.005166593 0.574063029 0.000567414 0.999949085 0.010068823 0.984013938 0.005161164 -0.010071613 0.999936213 70.284853927
0.999987148 0.000783135 -0.005113048 0.576515116 -0.000733768 0.999953128 0.009659759 0.992577412 0.005119990 -0.009655932 0.999940262 70.955988512
0.999988026 0.001071434 -0.004692333 0.588485896 -0.001022852 0.999946003 0.010334035 1.002570339 0.004702779 -0.010329120 0.999936061 71.609485737
0.999986336 0.001672509 -0.004916980 0.588011957 -0.001622057 0.999946359 0.010233656 1.006811846 0.004933519 -0.010225533 0.999936255 71.927104883
0.999985841 0.001292389 -0.005107076 0.604659229 -0.001242880 0.999952209 0.009682884 1.014425909 0.005118969 -0.009676398 0.999940545 72.571826664
0.999984603 0.001056034 -0.005407089 0.607812757 -0.001001374 0.999948763 0.010095109 1.024118646 0.005416952 -0.010089556 0.999934514 73.220592413
0.999985568 0.000795946 -0.005262539 0.616163565 -0.000741228 0.999945480 0.010397383 1.028940215 0.005270399 -0.010393388 0.999932097 73.542939124
0.999983333 0.000718420 -0.005738280 0.624039363 -0.000657685 0.999944000 0.010580273 1.037963310 0.005746091 -0.010576303 0.999927825 74.182905541
0.999982097 0.002019149 -0.005711194 0.631889729 -0.001960753 0.999946309 0.010220484 1.046036837 0.005731292 -0.010209084 0.999932152 74.822885228
0.999980998 0.002123034 -0.005837247 0.631436938 -0.002061293 0.999941784 0.010560768 1.051067984 0.005858481 -0.010548557 0.999927417 75.140493339
0.999978145 0.002249568 -0.006183650 0.639342451 -0.002179090 0.999932954 0.011381055 1.061200572 0.006207812 -0.011367375 0.999916669 75.780444250
0.999978864 0.002665835 -0.005919331 0.643128085 -0.002599721 0.999934187 0.011141275 1.069433752 0.005948702 -0.011125689 0.999921333 76.406877343
0.999976127 0.003061450 -0.006199350 0.647403721 -0.002990752 0.999930316 0.011379208 1.074025152 0.006233163 -0.011360367 0.999916231 76.715682908
0.999975783 0.003486641 -0.006011052 0.655965701 -0.003413968 0.999921409 0.012062705 1.083607768 0.006051918 -0.012041911 0.999909480 77.333288452
0.999975762 0.003670448 -0.005995469 0.665129535 -0.003601764 0.999928200 0.011440394 1.090601344 0.006036793 -0.011418489 0.999917343 77.928577125
0.999975821 0.003907673 -0.005765921 0.665316614 -0.003842464 0.999928977 0.011288628 1.094462801 0.005808566 -0.011266224 0.999920123 78.223848529
0.999977149 0.004031314 -0.005473972 0.678580249 -0.003969406 0.999928801 0.011278581 1.102606127 0.005518737 -0.011256651 0.999921765 78.832665496
0.999977458 0.004272578 -0.005081435 0.687758004 -0.004216795 0.999930981 0.010946312 1.110119465 0.005127294 -0.010924633 0.999927567 79.427946905
0.999979586 0.004106453 -0.004857555 0.696747878 -0.004054036 0.999934149 0.010749915 1.113741359 0.004901224 -0.010729991 0.999930839 79.727957328
0.999976937 0.004034859 -0.005508403 0.705942766 -0.003975158 0.999933255 0.010810139 1.121894405 0.005550585 -0.010787988 0.999926768 80.323229797
0.999974475 0.004779253 -0.005434315 0.706320671 -0.004721461 0.999932295 0.010601437 1.129757257 0.005484124 -0.010575518 0.999929362 80.913770650
0.999975105 0.004751336 -0.005257200 0.715314025 -0.004696046 0.999933720 0.010480340 1.133509091 0.005306574 -0.010455418 0.999931477 81.213779257
0.999975055 0.005101158 -0.004975384 0.720456496 -0.005046564 0.999927087 0.010929285 1.142281580 0.005030298 -0.010903956 0.999928277 81.795498706
0.999977814 0.004334712 -0.005028783 0.729678958 -0.004276320 0.999923725 0.011561317 1.151464157 0.005078068 -0.011539506 0.999921387 82.390756786
0.999980059 0.003928341 -0.004971782 0.738678469 -0.003870652 0.999925490 0.011567161 1.155445886 0.005016658 -0.011547683 0.999921200 82.690762181
0.999979404 0.003475385 -0.005371467 0.738421056 -0.003411101 0.999922484 0.011933553 1.164648350 0.005412117 -0.011915003 0.999915129 83.303637366
0.999989376 0.002116404 -0.004149050 0.751711997 -0.002064630 0.999920330 0.012462970 1.173811210 0.004175438 -0.012454254 0.999914455 83.912440084
0.999990776 0.002100383 -0.003815594 0.755987901 -0.002051820 0.999917685 0.012682167 1.178412605 0.003841933 -0.012674258 0.999912598 84.221245510
0.999989458 0.002528532 -0.003866759 0.764527661 -0.002478485 0.999914284 0.012894204 1.187165600 0.003898759 -0.012884532 0.999909740 84.838862648
0.999992171 0.002329173 -0.003049322 0.781819352 -0.002292649 0.999926019 0.011932868 1.193779897 0.003077245 -0.011925848 0.999924450 85.461245347
0.999994359 0.002035417 -0.002817746 0.786055100 -0.002003579 0.999933881 0.011287667 1.196881976 0.002840809 -0.011281962 0.999933236 85.770071726
0.999997840 0.000821715 -0.001954118 0.799264926 -0.000802009 0.999949258 0.010075312 1.203016218 0.001961360 -0.010073687 0.999948100 86.378916772
0.999998564 -0.000527402 -0.001586968 0.816555547 0.000541782 0.999958339 0.009073466 1.209590533 0.001581777 -0.009074314 0.999958117 87.001300029
0.999998679 -0.000654321 -0.001559968 0.820798522 0.000667754 0.999962467 0.008591594 1.212962489 0.001554415 -0.008592643 0.999962454 87.310122637
0.999998772 -0.001333794 -0.001051524 0.833363394 0.001341875 0.999969160 0.007767957 1.220076507 0.001040175 -0.007769375 0.999969552 87.941307043
0.999999052 -0.001121215 -0.000941503 0.850034223 0.001128371 0.999968974 0.007732190 1.228570169 0.000932814 -0.007733227 0.999970656 88.586016531
0.999999474 -0.000930036 -0.000892873 0.849582503 0.000937205 0.999966779 0.008095806 1.233641298 0.000885087 -0.008096592 0.999967175 88.903624083
0.999999298 -0.001109729 -0.001060279 0.862202790 0.001118599 0.999962958 0.008498459 1.242824371 0.001050200 -0.008499608 0.999963426 89.534779572
0.999998724 -0.001129301 -0.001128274 0.870097059 0.001139464 0.999958477 0.009071229 1.252537151 0.001117441 -0.009072511 0.999958321 90.174736350
0.999998812 -0.000671163 -0.001031733 0.878453221 0.000680859 0.999954180 0.009503512 1.257558628 0.001024881 -0.009504225 0.999954797 90.497080268
0.999998885 0.000263289 -0.001531340 0.886356057 -0.000247555 0.999947221 0.010287802 1.267591262 0.001533933 -0.010287402 0.999946752 91.137032576
0.999999065 0.001151298 -0.000895272 0.898287484 -0.001142234 0.999947753 0.010123534 1.276114859 0.000906391 -0.010122469 0.999949237 91.790550336
0.999998752 0.001568704 -0.000817200 0.911354404 -0.001560343 0.999948419 0.010063564 1.280036890 0.000832909 -0.010062320 0.999949752 92.104100928
0.999996614 0.002173075 -0.000979374 0.910421517 -0.002163012 0.999945930 0.010158151 1.289079649 0.001001042 -0.010155967 0.999948470 92.739331398
0.999996601 0.002577514 -0.000875680 0.922961224 -0.002569638 0.999957716 0.008826278 1.295254095 0.000897867 -0.008823972 0.999961370 93.370528935
0.999996567 0.002719994 -0.000479641 0.931275356 -0.002715931 0.999961732 0.008336401 1.298706289 0.000502236 -0.008335121 0.999965577 93.692894784
0.999992265 0.003718307 -0.001206056 0.947919950 -0.003708839 0.999963057 0.007763351 1.306220398 0.001234497 -0.007758848 0.999969515 94.337617961
0.999989178 0.004111962 -0.002222062 0.956381808 -0.004097879 0.999971862 0.006311994 1.312064720 0.002247829 -0.006302869 0.999977842 94.955275749
0.999990521 0.003805455 -0.002136348 0.955872800 -0.003793844 0.999978420 0.005426921 1.314996825 0.002157019 -0.005418787 0.999983163 95.272913196
0.999993668 0.002781834 -0.002266545 0.973207056 -0.002769634 0.999981246 0.005394924 1.323200397 0.002280697 -0.005388581 0.999983356 95.895273683
0.999992712 0.001949954 -0.003171463 0.981783760 -0.001929604 0.999977382 0.006406340 1.333332763 0.003184211 -0.006400228 0.999974711 96.512871544
0.999992849 0.002010904 -0.003249448 0.981336859 -0.001988547 0.999974218 0.006874259 1.338583809 0.003262048 -0.006867759 0.999971753 96.830476581
0.999993120 0.002128774 -0.002939748 0.989234608 -0.002106690 0.999969116 0.007514307 1.348426530 0.002955502 -0.007508039 0.999967899 97.470431543
0.999989970 0.002031012 -0.004047447 1.001170051 -0.002000792 0.999970506 0.007460908 1.357100058 0.004062648 -0.007452743 0.999964496 98.123947208
0.999988540 0.001599503 -0.004614749 1.004754954 -0.001566895 0.999973386 0.007078701 1.360962013 0.004625365 -0.007071407 0.999964514 98.455116021
0.999988350 0.000682457 -0.004861409 1.012550440 -0.000655825 0.999985061 0.005491256 1.366986475 0.004865165 -0.005487996 0.999973490 99.095124345
0.999986759 0.000706115 -0.005102262 1.020402412 -0.000679832 0.999986198 0.005150086 1.375119975 0.005105758 -0.005146527 0.999974075 99.735103195
0.999985943 0.000929651 -0.005278106 1.024032825 -0.000899334 0.999982728 0.005758737 1.380681155 0.005283037 -0.005753899 0.999970166 100.066248261
0.999981936 0.000259774 -0.006029148 1.036032785 -0.000217076 0.999975094 0.007084213 1.391763584 0.006030390 -0.007082770 0.999956968 100.719730259
0.999979785 0.000221568 -0.006326538 1.048065137 -0.000163943 0.999958813 0.009109578 1.404055462 0.006327549 -0.009108369 0.999938376 101.373195356
0.999978888 0.000171564 -0.006573027 1.051722320 -0.000103948 0.999946678 0.010288217 1.410616186 0.006574081 -0.010287294 0.999925744 101.704326452
0.999976300 0.002217051 -0.006518090 1.059013128 -0.002137725 0.999923914 0.012162289 1.422858034 0.006544083 -0.012148126 0.999905511 102.366600939
0.999976826 0.002782837 -0.006157407 1.066892674 -0.002706225 0.999919289 0.012413969 1.432021065 0.006191395 -0.012397035 0.999904876 103.006565400
0.999974431 0.002926918 -0.006501295 1.070503276 -0.002844796 0.999917004 0.012589519 1.436842582 0.006537019 -0.012570730 0.999900146 103.337720803
0.999967954 0.002200322 -0.007689118 1.073627090 -0.002105026 0.999921347 0.012380362 1.445425825 0.007715247 -0.012363856 0.999894431 103.986502057
0.999964170 0.002957273 -0.007960619 1.076729755 -0.002863866 0.999927480 0.011714538 1.453219428 0.007994818 -0.011691355 0.999900245 104.635294348
0.999959824 0.003873286 -0.008036325 1.085055131 -0.003780780 0.999927153 0.011493491 1.457091430 0.008079825 -0.011462622 0.999902161 104.957654330
0.999965353 0.004204784 -0.007252946 1.092285438 -0.004117548 0.999919084 0.012007703 1.467074309 0.007301909 -0.011977413 0.999902123 105.619960387
0.999957637 0.005001721 -0.007758900 1.098806808 -0.004911830 0.999921109 0.011560901 1.475648054 0.007815461 -0.011522249 0.999904018 106.304639191
0.999961026 0.004118815 -0.007849495 1.107132451 -0.004029899 0.999928053 0.011317724 1.479530051 0.007895607 -0.011285682 0.999905372 106.626999033
0.999958767 0.002794191 -0.008644903 1.114299580 -0.002703470 0.999941024 0.010485914 1.487154007 0.008673321 -0.010462118 0.999907955 107.289338057
0.999953167 0.001459175 -0.009595699 1.121416648 -0.001376971 0.999962355 0.008572864 1.492908814 0.009607099 -0.008559222 0.999917875 107.951703204
0.999949057 0.000940938 -0.010053088 1.129706151 -0.000864909 0.999971332 0.007558961 1.495441428 0.010059402 -0.007549854 0.999921083 108.274081905
0.999944306 -0.000108885 -0.010576555 1.136836069 0.000171407 0.999982336 0.005909428 1.501676017 0.010575984 -0.005910945 0.999927247 108.936440346
0.999933209 -0.001270869 -0.011513503 1.139896436 0.001320538 0.999989691 0.004303551 1.507890341 0.011507296 -0.004318487 0.999924538 109.585254708
0.999930501 -0.001547725 -0.011708239 1.138740866 0.001591746 0.999991660 0.003759202 1.511742248 0.011701435 -0.003777555 0.999925017 109.925232353
0.999927569 -0.002142362 -0.011849353 1.145935033 0.002183959 0.999991109 0.003499257 1.520375743 0.011842052 -0.003524816 0.999924674 110.587557268
0.999916589 -0.001730682 -0.012812661 1.148417907 0.001779036 0.999991383 0.003767582 1.530088693 0.012806165 -0.003790043 0.999911401 111.258675789
0.999907211 -0.001430249 -0.013519828 1.152022084 0.001482135 0.999991583 0.003824709 1.534670319 0.013513677 -0.003844323 0.999902128 111.589834544
0.999899482 -0.000773238 -0.014167899 1.154493179 0.000827545 0.999992010 0.003831836 1.543943470 0.014165219 -0.003843203 0.999893107 112.260959211
0.999893321 0.000840502 -0.014568282 1.152196495 -0.000795372 0.999995292 0.003104769 1.552187038 0.014570241 -0.003092869 0.999889294 112.940906958
0.999872011 0.002066769 -0.015843456 1.151736209 -0.002014188 0.999992529 0.003335236 1.556938313 0.015849445 -0.003302945 0.999869576 113.258518980
0.999851073 0.004476841 -0.016700060 1.145471702 -0.004396036 0.999978069 0.004875625 1.568959883 0.016721198 -0.004801526 0.999849180 113.924869564
0.999823073 0.007060283 -0.017459769 1.135082231 -0.006969640 0.999962453 0.005242678 1.578892132 0.017495791 -0.005120014 0.999834667 114.577704985
0.999806609 0.007477423 -0.018193304 1.129869157 -0.007387146 0.999960487 0.005026235 1.583173569 0.018229038 -0.004890828 0.999822388 114.904132264
0.999798793 0.007764260 -0.018501138 1.132935414 -0.007699805 0.999964499 0.003552925 1.589607793 0.018527852 -0.003409799 0.999822495 115.552943553
0.999806531 0.008610058 -0.017699819 1.135947059 -0.008596091 0.999962507 0.000866741 1.594002946 0.017706808 -0.000714447 0.999843409 116.201783338
0.999824538 0.007977392 -0.016937740 1.143601780 -0.007971398 0.999968465 0.000418724 1.597895162 0.016940120 -0.000283589 0.999856951 116.546496092
0.999828705 0.009003572 -0.016152555 1.146085992 -0.008993814 0.999959532 0.000676500 1.607658089 0.016157077 -0.000531095 0.999869703 117.217613913
0.999838176 0.008793312 -0.015698104 1.152872879 -0.008767070 0.999960165 0.001742507 1.623021956 0.015712815 -0.001604601 0.999875929 118.197523192
0.999826908 0.009909518 -0.015764504 1.156026675 -0.009876469 0.999948492 0.002174947 1.632724688 0.015784798 -0.002018846 0.999873391 118.846288801
0.999811054 0.010250844 -0.016532159 1.159844166 -0.010208395 0.999943900 0.002650036 1.642147325 0.016557965 -0.002480754 0.999860626 119.472705271
0.999808716 0.009879288 -0.016867525 1.154682224 -0.009821262 0.999945681 0.003518091 1.648337891 0.016901196 -0.003351741 0.999852185 119.799105869
0.999829627 0.009262223 -0.015957929 1.172067077 -0.009190444 0.999947232 0.004570718 1.658430602 0.015998476 -0.004423299 0.999862702 120.421439955
0.999833661 0.009800466 -0.015389333 1.171113845 -0.009736956 0.999944053 0.004199327 1.666713707 0.015428998 -0.004048796 0.999873405 121.056681042
0.999825157 0.010575424 -0.015390907 1.179448590 -0.010512313 0.999935832 0.004173455 1.670935550 0.015433933 -0.004010941 0.999873293 121.379036135
0.999819898 0.010771601 -0.015659960 1.174406533 -0.010719007 0.999936914 0.003439707 1.678478718 0.015695908 -0.003271225 0.999872129 122.000743200
0.999853737 0.007444844 -0.015361349 1.190959037 -0.007433817 0.999972498 0.000772039 1.682554396 0.015366492 -0.000657668 0.999882344 122.645514431
0.999857213 0.007921813 -0.014957139 1.190465555 -0.007919430 0.999968490 0.000220448 1.686066236 0.014958525 -0.000102002 0.999888152 122.963143775
0.999866349 0.010033198 -0.012889284 1.202418666 -0.010027694 0.999949279 0.000494728 1.695399464 0.012892694 -0.000365362 0.999917645 123.616650220
0.999886609 0.010913244 -0.010395267 1.210319896 -0.010901756 0.999940186 0.001160960 1.705372125 0.010407146 -0.001047576 0.999945924 124.256603366
0.999914102 0.009178254 -0.009364012 1.218665082 -0.009166411 0.999957180 0.001309655 1.709983789 0.009375548 -0.001223704 0.999955499 124.578953011
0.999937466 0.008283074 -0.007476982 1.231311068 -0.008266705 0.999963213 0.002211651 1.720126425 0.007494364 -0.002149618 0.999969914 125.210095090
0.999956538 0.008145892 -0.004496514 1.243923591 -0.008135273 0.999964297 0.002371586 1.729019631 0.004515149 -0.002334920 0.999987871 125.841254631
0.999961471 0.008425155 -0.002647477 1.252289925 -0.008417276 0.999960179 0.002975828 1.734420935 0.002672349 -0.002953428 0.999992581 126.163593240
0.999990864 0.004095867 0.001147873 1.281997738 -0.004102998 0.999971678 0.006270626 1.748842494 -0.001121859 -0.006275287 0.999980336 126.826499916
0.999995494 0.000659957 0.003021233 1.298772437 -0.000685213 0.999964437 0.008364887 1.761214387 -0.003015283 -0.008366906 0.999961523 127.471155203
0.999991535 0.001549495 0.003742772 1.307119497 -0.001581702 0.999961298 0.008599089 1.765896020 -0.003730176 -0.008604900 0.999956628 127.793503870
