1.000000000 -0.000000000 -0.000000000 0.000000000 -0.000000000 1.000000000 0.000000000 0.000000000 0.000000000 0.000000000 1.000000000 0.000000000
1.000000040 -0.000457845 0.000249920 0.007114871 0.000457849 0.999999960 0.000096646 0.001380624 -0.000250104 -0.000096535 0.999999826 0.249895025
0.999999954 0.000790581 0.000869427 0.010782502 -0.000790890 0.999999187 0.000362938 0.004300369 -0.000868362 -0.000363650 0.999999524 0.729976573
0.999988327 0.003938877 0.002938527 0.016875059 -0.003943536 0.999991261 0.001598559 0.008954189 -0.002932150 -0.001610126 0.999994326 1.223986610
0.999970721 0.006946394 0.003340246 0.015848014 -0.006955002 0.999972950 0.002582902 0.011937427 -0.003321348 -0.002606059 0.999990970 1.468103150
0.999944908 0.009919161 0.003530535 0.025292179 -0.009930124 0.999945624 0.003107656 0.015169948 -0.003498999 -0.003142532 0.999989235 1.940015465
0.999976060 0.005863602 0.003691285 0.038027104 -0.005866297 0.999982360 0.000734636 0.013251719 -0.003687281 -0.000756270 0.999993261 2.389849711
0.999989897 0.002919515 0.003562212 0.048469604 -0.002916741 0.999995325 -0.000760508 0.011741261 -0.003564189 0.000750090 0.999993313 2.617654759
0.999993621 -0.000978211 0.003586167 0.058819897 0.000987973 0.999996283 -0.002715771 0.010558594 -0.003583055 0.002719286 0.999990421 3.053547504
0.999985425 -0.001739055 0.005221265 0.069196128 0.001758626 0.999991194 -0.003754252 0.010965694 -0.005214403 0.003763413 0.999980089 3.489431872
0.999984202 -0.000900641 0.005679890 0.071498831 0.000924990 0.999990274 -0.004281468 0.011187830 -0.005676357 0.004286637 0.999974973 3.711457750
0.999968972 0.003515118 0.007066701 0.081877672 -0.003478630 0.999980742 -0.005166281 0.011754907 -0.007084961 0.005141637 0.999961765 4.147341276
0.999967187 0.004203143 0.006974381 0.092334817 -0.004180391 0.999985540 -0.003276893 0.017121278 -0.006987499 0.003247602 0.999970121 4.583199514
0.999972868 0.002931866 0.006787488 0.092294323 -0.002919072 0.999994010 -0.001887453 0.020618604 -0.006792838 0.001867586 0.999975167 4.791270510
0.999980020 -0.001126158 0.006310501 0.108501900 0.001130652 0.999999160 -0.000712155 0.024697986 -0.006309689 0.000719260 0.999979693 5.218967945
0.999970974 -0.004027326 0.006550815 0.116488279 0.004037187 0.999990671 -0.001487281 0.025520696 -0.006544889 0.001513663 0.999977579 5.640912498
0.999966205 -0.004620853 0.006871638 0.124562296 0.004634383 0.999987834 -0.001952859 0.025735655 -0.006861953 0.001984617 0.999974487 5.854770830
0.999972983 -0.002879750 0.006782913 0.126764310 0.002901580 0.999990964 -0.003205099 0.025765660 -0.006774187 0.003224668 0.999972024 6.284887144
0.999975515 0.001094445 0.006925724 0.137132711 -0.001063665 0.999989490 -0.004438850 0.025692830 -0.006929881 0.004431385 0.999966284 6.720774041
0.999973376 0.002728815 0.006828588 0.139434762 -0.002694904 0.999983595 -0.004975155 0.025874972 -0.006841549 0.004956654 0.999964222 6.942800131
0.999977291 0.002993545 0.006069471 0.147401565 -0.002954734 0.999974776 -0.006398597 0.025497858 -0.006087498 0.006380517 0.999961252 7.364751006
0.999986154 0.001819151 0.004989216 0.149627396 -0.001785084 0.999975211 -0.006821720 0.026987648 -0.005001316 0.006812707 0.999964416 7.794859628
0.999987644 0.001129043 0.004945288 0.157724904 -0.001097153 0.999978500 -0.006444432 0.028642396 -0.004953042 0.006438902 0.999967455 8.008710374
0.999987167 0.000428264 0.005060534 0.162394258 -0.000401822 0.999986543 -0.005228002 0.033006093 -0.005063013 0.005225948 0.999973337 8.452741480
0.999983265 0.002011355 0.005451143 0.169418391 -0.001981291 0.999983177 -0.005514034 0.034804495 -0.005461683 0.005503118 0.999969997 8.910723727
0.999979131 0.003286096 0.005626271 0.179880140 -0.003250584 0.999975445 -0.006292933 0.034473864 -0.005646546 0.006274441 0.999964754 9.138522558
0.999967103 0.005921279 0.005552478 0.178718311 -0.005880903 0.999956491 -0.007263405 0.035175277 -0.005594950 0.007230558 0.999958311 9.590740545
0.999967640 0.006564584 0.004724500 0.191543448 -0.006534255 0.999958469 -0.006402217 0.038786235 -0.004766883 0.006371118 0.999968734 10.040545657
0.999968155 0.006576970 0.004509483 0.193869806 -0.006549461 0.999959607 -0.006085746 0.040458158 -0.004549534 0.006055979 0.999971932 10.262563897
0.999969839 0.006353172 0.004515887 0.200884641 -0.006322751 0.999957550 -0.006709766 0.041686645 -0.004558274 0.006680961 0.999967345 10.720549146
0.999974515 0.005374200 0.004796961 0.213658065 -0.005337059 0.999955861 -0.007720645 0.042128069 -0.004838458 0.007694859 0.999958800 11.170370959
0.999976341 0.005155460 0.004542920 0.218374601 -0.005120508 0.999958109 -0.007657382 0.043404379 -0.004582443 0.007633971 0.999960724 11.406328908
0.999973619 0.005330973 0.005040855 0.227823334 -0.005295696 0.999961643 -0.006976792 0.046916859 -0.005077331 0.006949875 0.999963091 11.878239749
0.999978174 0.005011867 0.004430796 0.237254938 -0.004981197 0.999963435 -0.006893609 0.049379494 -0.004464716 0.006871359 0.999966648 12.350156121
0.999978569 0.004944148 0.004364204 0.241968701 -0.004913843 0.999963722 -0.006927527 0.050485829 -0.004398223 0.006905923 0.999966705 12.586114966
0.999977737 0.005710202 0.003581482 0.245625891 -0.005684946 0.999959730 -0.007022362 0.052765668 -0.003620572 0.007001805 0.999968828 13.066199886
0.999975535 0.006176068 0.003264120 0.257450610 -0.006152727 0.999956457 -0.007084189 0.055012663 -0.003306932 0.007063900 0.999969754 13.552055020
0.999978333 0.005989895 0.002871514 0.262169104 -0.005969868 0.999957756 -0.006941253 0.056408956 -0.002912526 0.006923914 0.999971637 13.788012337
0.999982413 0.005543614 0.002284239 0.274010136 -0.005528845 0.999964341 -0.006424870 0.059655805 -0.002319513 0.006412141 0.999976665 14.273862203
0.999983072 0.005542865 0.001714425 0.282454210 -0.005531067 0.999961317 -0.006794534 0.061544359 -0.001752085 0.006784878 0.999975850 14.781824434
0.999986239 0.005106382 0.001023347 0.287163078 -0.005099005 0.999962508 -0.006993395 0.062350739 -0.001059161 0.006988100 0.999974664 15.017784860
0.999987110 0.005080752 -0.000924063 0.293228392 -0.005086852 0.999964327 -0.006679767 0.065334804 0.000889367 0.006684420 0.999977358 15.511803694
0.999986134 0.004799675 -0.002281597 0.296913152 -0.004812806 0.999971237 -0.005785973 0.069304395 0.002254247 0.005796865 0.999980486 15.991879711
0.999986038 0.004653634 -0.002758365 0.295859353 -0.004669467 0.999972468 -0.005755294 0.070647874 0.002731760 0.005768125 0.999979901 16.236004890
0.999983930 0.004592371 -0.003352581 0.301898403 -0.004613709 0.999968914 -0.006407128 0.072022175 0.003323199 0.006422484 0.999973933 16.730032207
0.999980331 0.004674678 -0.004220033 0.302194849 -0.004700389 0.999969982 -0.006101037 0.075163395 0.004191479 0.006120739 0.999973139 17.232217798
0.999979638 0.004145260 -0.004872001 0.303548684 -0.004173040 0.999975507 -0.005699646 0.077181104 0.004848240 0.005719843 0.999972358 17.490277050
0.999979208 0.003599454 -0.005514473 0.314389788 -0.003632858 0.999975385 -0.006074550 0.079093984 0.005492726 0.006094424 0.999966833 18.012176779
0.999974082 0.003390771 -0.006364890 0.313671298 -0.003436580 0.999967755 -0.007205308 0.079981371 0.006340482 0.007227065 0.999954451 18.550417080
0.999975777 0.003178272 -0.006182787 0.323166071 -0.003225937 0.999964930 -0.007721573 0.080336475 0.006158146 0.007741270 0.999950949 18.814255133
0.999970939 0.003239624 -0.006975326 0.328248095 -0.003293494 0.999965000 -0.007731972 0.083006423 0.006950538 0.007754732 0.999945942 19.344318457
0.999966926 0.002275974 -0.007830503 0.329959425 -0.002336249 0.999967552 -0.007704748 0.085927840 0.007812014 0.007722794 0.999940137 19.896485666
0.999966493 0.001726264 -0.008064553 0.327923968 -0.001790202 0.999966658 -0.007924682 0.087057187 0.008051103 0.007938880 0.999936450 20.176654808
0.999956901 0.000528351 -0.009311051 0.329638234 -0.000600851 0.999969432 -0.007787879 0.090158578 0.009307587 0.007793124 0.999926649 20.728821069
0.999948232 -0.000602289 -0.010216235 0.339541073 0.000532165 0.999975964 -0.006866189 0.094516935 0.010220373 0.006860480 0.999924371 21.286750747
0.999944725 -0.000818656 -0.010494644 0.343288349 0.000749425 0.999978077 -0.006599717 0.096339002 0.010499545 0.006591521 0.999922811 21.558748656
0.999940263 -0.002056954 -0.010821755 0.339252019 0.001994038 0.999981105 -0.005821356 0.100717384 0.010833034 0.005799491 0.999924779 22.119075772
0.999929494 -0.002340133 -0.011664980 0.340981456 0.002280299 0.999984114 -0.005141031 0.104748638 0.011676516 0.005114023 0.999918897 22.671237133
0.999930987 -0.001743000 -0.011635107 0.344724002 0.001684420 0.999985890 -0.005042198 0.106280747 0.011644723 0.005022277 0.999919973 22.943236569
0.999916782 -0.001385187 -0.012839382 0.352220348 0.001328425 0.999989824 -0.004426708 0.110034864 0.012845536 0.004409282 0.999907471 23.487231806
0.999922367 -0.000800180 -0.012456597 0.353947012 0.000752218 0.999992323 -0.003857390 0.113896144 0.012459984 0.003847704 0.999914850 24.039394063
0.999928877 -0.000810584 -0.011938697 0.360085772 0.000765183 0.999992223 -0.003806058 0.115402586 0.011941521 0.003796643 0.999921073 24.325331259
0.999933415 -0.001885437 -0.011460789 0.369973114 0.001845870 0.999991888 -0.003463185 0.118811083 0.011467404 0.003441796 0.999928434 24.883265943
0.999923320 -0.002219949 -0.012227939 0.371729304 0.002197720 0.999995737 -0.001834706 0.124482097 0.012233120 0.001807705 0.999923635 25.435418664
0.999920524 -0.001960490 -0.012469659 0.367318514 0.001944785 0.999997557 -0.001272558 0.126916922 0.012471714 0.001248203 0.999922211 25.701643303
0.999919544 -0.002022465 -0.012552821 0.377198514 0.002007953 0.999997008 -0.001167285 0.129875485 0.012555674 0.001141984 0.999920471 26.259580357
0.999926733 -0.001912179 -0.012020914 0.382257863 0.001888324 0.999996617 -0.002001557 0.131155637 0.012025223 0.001978697 0.999925748 26.789651004
0.999919174 -0.002519361 -0.012491175 0.377815425 0.002487421 0.999993493 -0.002573885 0.131650748 0.012497157 0.002542620 0.999919072 27.055885863
0.999915730 -0.003888938 -0.012401878 0.388625044 0.003838453 0.999984757 -0.004094639 0.131633911 0.012416933 0.004046729 0.999914633 27.577795759
0.999906307 -0.005744403 -0.012454495 0.393661555 0.005672947 0.999967714 -0.005767614 0.131514269 0.012487220 0.005696422 0.999905561 28.107873782
0.999898688 -0.006480812 -0.012721490 0.394989778 0.006401127 0.999959449 -0.006295367 0.131962208 0.012762254 0.006213346 0.999899688 28.365941305
0.999892743 -0.007527104 -0.012625110 0.401022629 0.007436734 0.999946164 -0.007190397 0.132956565 0.012678215 0.007095761 0.999894643 28.859970623
0.999872146 -0.008537506 -0.013523326 0.407077339 0.008439393 0.999938102 -0.007297330 0.135290726 0.013584763 0.007182320 0.999881503 29.353992882
0.999859193 -0.009456842 -0.013868606 0.406027129 0.009358384 0.999930252 -0.007152590 0.136854172 0.013934864 0.007021823 0.999878829 29.598116903
0.999851632 -0.010192728 -0.013887717 0.412074825 0.010088967 0.999921120 -0.007516951 0.138758395 0.013963782 0.007375789 0.999875121 30.092141427
0.999841081 -0.010940894 -0.014127843 0.412354958 0.010831156 0.999910870 -0.007823607 0.140899762 0.014212021 0.007669304 0.999869823 30.594332286
0.999835511 -0.011239691 -0.014270143 0.419463957 0.011127363 0.999906267 -0.007928818 0.141920439 0.014358618 0.007768707 0.999866575 30.844229207
0.999811289 -0.011832684 -0.015451335 0.417362558 0.011715369 0.999902393 -0.007657388 0.144987341 0.015540175 0.007475013 0.999851667 31.332477564
0.999802624 -0.012705722 -0.015272847 0.421024642 0.012590536 0.999891346 -0.007614278 0.147567136 0.015368747 0.007420499 0.999854584 31.812560904
0.999799591 -0.012866506 -0.015381936 0.419963176 0.012746702 0.999888264 -0.007863958 0.148440684 0.015481530 0.007666350 0.999850284 32.056688559
0.999794626 -0.012839683 -0.015693845 0.423601117 0.012704972 0.999881977 -0.008655444 0.149540696 0.015803206 0.008454365 0.999839154 32.536779696
0.999796810 -0.012399305 -0.015918638 0.423892833 0.012264728 0.999888117 -0.008522968 0.152391959 0.016022750 0.008326015 0.999837312 33.038966814
0.999800898 -0.012203509 -0.015811810 0.422844254 0.012073146 0.999892835 -0.008311762 0.154055391 0.015911307 0.008119196 0.999840660 33.283090308
0.999801241 -0.012167281 -0.015824471 0.423140375 0.012041385 0.999895747 -0.008027202 0.157176613 0.015920654 0.007835073 0.999842854 33.785276004
0.999777891 -0.013097212 -0.016545235 0.423431601 0.012967333 0.999884295 -0.007933589 0.159997880 0.016647774 0.007717233 0.999831704 34.287463281
0.999770266 -0.013392023 -0.016774990 0.430544352 0.013260817 0.999880911 -0.007904956 0.161248524 0.016878677 0.007680701 0.999828101 34.537358991
0.999792417 -0.012673538 -0.015964263 0.425056598 0.012544664 0.999888598 -0.008149558 0.163607037 0.016065148 0.007947636 0.999839217 35.047716290
0.999789160 -0.012779589 -0.016090452 0.427736209 0.012646314 0.999885404 -0.008357249 0.165922707 0.016194606 0.008152074 0.999835603 35.563843856
0.999782252 -0.012767293 -0.016519211 0.426680615 0.012629984 0.999885343 -0.008388998 0.167156202 0.016623460 0.008178515 0.999828349 35.807969615
0.999776999 -0.013124589 -0.016577076 0.426999085 0.013004682 0.999888516 -0.007322059 0.171647223 0.016672230 0.007104817 0.999835675 36.310148094
0.999740680 -0.014829944 -0.017295197 0.429723557 0.014729065 0.999873912 -0.005952456 0.176712489 0.017381677 0.005696134 0.999833125 36.826261172
0.999721474 -0.015563125 -0.017730100 0.422912310 0.015467463 0.999865496 -0.005521129 0.178913020 0.017813657 0.005245324 0.999827223 37.078549420
0.999728246 -0.015141409 -0.017741496 0.426604900 0.015066251 0.999876558 -0.004363354 0.183362541 0.017805588 0.004094875 0.999832789 37.558622908
0.999704754 -0.015647801 -0.018596419 0.422106797 0.015574595 0.999870188 -0.004076277 0.186425114 0.018657169 0.003785502 0.999819125 38.032933663
0.999704414 -0.015731517 -0.018589887 0.421045820 0.015653904 0.999867773 -0.004309364 0.187328657 0.018655597 0.004017092 0.999817858 38.277061161
0.999709443 -0.014771195 -0.019054688 0.424653419 0.014656246 0.999873911 -0.006158959 0.186568943 0.019143649 0.005877958 0.999799756 38.757162096
0.999686463 -0.016424349 -0.018935659 0.425855994 0.016268369 0.999832322 -0.008361697 0.185294975 0.019069730 0.008051051 0.999786143 39.223328115
0.999672816 -0.017390407 -0.018765687 0.422401086 0.017233294 0.999815750 -0.008504784 0.186364165 0.018910417 0.008178506 0.999787395 39.453517115
0.999656789 -0.018168432 -0.018897157 0.426075079 0.018019348 0.999805873 -0.008034359 0.189673853 0.019038952 0.007691143 0.999789477 39.933596609
0.999668971 -0.018691070 -0.017711366 0.427323168 0.018540958 0.999791447 -0.008601297 0.191189475 0.017868212 0.008270041 0.999806474 40.399747930
0.999670301 -0.018464627 -0.017884323 0.432036441 0.018312212 0.999794999 -0.008647102 0.192265815 0.018040745 0.008316682 0.999802612 40.635706933
0.999666476 -0.017617994 -0.018903579 0.425142776 0.017464348 0.999813154 -0.008263098 0.195394050 0.019046545 0.007930229 0.999787557 41.096079717
0.999686703 -0.017653568 -0.017757268 0.424060881 0.017541915 0.999825132 -0.006420646 0.200994743 0.017866906 0.006107144 0.999821913 41.548271889
0.999682995 -0.018387062 -0.017188620 0.426384628 0.018282396 0.999813052 -0.006225233 0.202506689 0.017299619 0.005909026 0.999833403 41.770290971
0.999662134 -0.019467871 -0.017212336 0.427618198 0.019344466 0.999786298 -0.007310950 0.203132443 0.017351533 0.006975565 0.999825088 42.236446981
0.999624020 -0.020840767 -0.017836876 0.432234698 0.020700702 0.999754132 -0.008001146 0.204256615 0.017999774 0.007628927 0.999809363 42.680495156
0.999628894 -0.020973771 -0.017415392 0.434539195 0.020828581 0.999746842 -0.008477374 0.204588735 0.017589650 0.008111447 0.999812662 42.902520454
0.999627137 -0.021801314 -0.016454204 0.435773091 0.021645826 0.999720107 -0.009566279 0.205234485 0.016658788 0.009206533 0.999819350 43.368676359
0.999619089 -0.021768163 -0.017009544 0.433658805 0.021604592 0.999719444 -0.009744303 0.207511503 0.017217047 0.009373102 0.999808399 43.856928878
0.999629093 -0.021391102 -0.016861753 0.432614304 0.021235035 0.999730437 -0.009382033 0.209424898 0.017057671 0.009020436 0.999813657 44.101051055
0.999596731 -0.022529471 -0.017298267 0.436266112 0.022363821 0.999702575 -0.009709514 0.211374786 0.017511759 0.009318758 0.999803443 44.581137713
0.999621917 -0.021449697 -0.017210102 0.428324720 0.021245780 0.999702863 -0.011948301 0.210239483 0.017461391 0.011578181 0.999780878 45.077575796
0.999665378 -0.019792297 -0.016675200 0.435385595 0.019563996 0.999714503 -0.013745667 0.208310593 0.016943616 0.013414780 0.999766487 45.327488258
0.999717070 -0.016959826 -0.016670557 0.421663102 0.016686932 0.999726393 -0.016373137 0.206582556 0.016943963 0.016090280 0.999726957 45.832097049
0.999743295 -0.015658439 -0.016406007 0.424372240 0.015404440 0.999761675 -0.015494023 0.210707960 0.016644852 0.015237334 0.999746017 46.348215079
0.999769081 -0.014399845 -0.015999236 0.425740920 0.014167621 0.999794238 -0.014535211 0.213635535 0.016205075 0.014305226 0.999766249 46.606269537
0.999764895 -0.014123156 -0.016495626 0.426048133 0.013895392 0.999808063 -0.013842298 0.217436658 0.016687903 0.013609779 0.999768844 47.108451651
0.999759166 -0.014015660 -0.016919842 0.426352084 0.013791858 0.999817281 -0.013271191 0.221037810 0.017103136 0.013034637 0.999769369 47.610634819
0.999780071 -0.012922443 -0.016521996 0.427724189 0.012721713 0.999844915 -0.012196621 0.224175355 0.016676703 0.011983827 0.999788699 47.868688171
0.999847792 -0.007654279 -0.015672806 0.414129917 0.007494856 0.999920011 -0.010209391 0.230306162 0.015749493 0.010090412 0.999825012 48.373255553
0.999848017 -0.006783765 -0.016080216 0.414379709 0.006598171 0.999911034 -0.011569757 0.230587802 0.016157763 0.011461856 0.999803727 48.875456211
0.999844530 -0.005462198 -0.016768648 0.413262778 0.005231431 0.999891205 -0.013778956 0.228061849 0.016841911 0.013689039 0.999764705 49.119601778
0.999841398 -0.005692183 -0.016901166 0.411076224 0.005412107 0.999847652 -0.016573738 0.225909518 0.016993396 0.016479603 0.999720478 49.607877635
0.999847591 -0.005994434 -0.016427487 0.409012019 0.005748539 0.999871150 -0.014975061 0.231256085 0.016515805 0.014878257 0.999752739 50.096113981
0.999841437 -0.006223783 -0.016729205 0.413753677 0.005989750 0.999883748 -0.014003947 0.234072169 0.016814746 0.013901519 0.999762062 50.332063817
0.999841414 -0.004526954 -0.017245567 0.411689472 0.004314058 0.999914583 -0.012366514 0.239418736 0.017299596 0.012290141 0.999775093 50.820300163
0.999867706 -0.003300973 -0.015981906 0.409587910 0.003107716 0.999922338 -0.012104864 0.242475639 0.016020909 0.012053557 0.999798898 51.308548573
0.999873784 -0.002914923 -0.015614959 0.416717463 0.002735892 0.999930761 -0.011474987 0.244756131 0.015646967 0.011430801 0.999812440 51.558438856
0.999883460 -0.000833770 -0.015279261 0.412264058 0.000687634 0.999953932 -0.009566550 0.250558301 0.015286578 0.009554975 0.999837535 52.032735177
0.999875899 -0.000366572 -0.015779567 0.407750947 0.000211901 0.999951610 -0.009806378 0.252701010 0.015782685 0.009801786 0.999827315 52.507050778
0.999879275 -0.000817423 -0.015512759 0.418207312 0.000649930 0.999941173 -0.010801905 0.252040427 0.015520576 0.010790585 0.999821904 52.734851348
0.999880343 -0.002126629 -0.015381162 0.419418859 0.001931901 0.999918250 -0.012667532 0.251316378 0.015406741 0.012636348 0.999801712 53.201014470
0.999870718 -0.002141181 -0.015942436 0.412559941 0.001964904 0.999937049 -0.011066788 0.256574300 0.015965089 0.011034076 0.999811795 53.661376033
0.999867793 -0.002307499 -0.016120782 0.414913541 0.002150113 0.999949941 -0.009774934 0.259915978 0.016142357 0.009738929 0.999822069 53.883385475
0.999868019 -0.001634662 -0.016208237 0.416253147 0.001520922 0.999974564 -0.007030089 0.267040776 0.016219204 0.007004505 0.999843983 54.349507242
0.999879133 0.002408790 -0.015394997 0.409352467 -0.002515386 0.999973295 -0.006908363 0.269739073 0.015377722 0.006946296 0.999858070 54.809882291
0.999882590 0.002951223 -0.015057419 0.411653049 -0.003064626 0.999966688 -0.007516459 0.269831229 0.015035519 0.007561747 0.999858187 55.031908854
0.999872025 0.004448794 -0.015377770 0.408090601 -0.004581578 0.999952146 -0.008610463 0.270288348 0.015338831 0.008679775 0.999844949 55.470190502
0.999863147 0.003500224 -0.016180745 0.406928609 -0.003655945 0.999946787 -0.009602824 0.270979763 0.016145974 0.009660721 0.999823348 55.922408541
0.999871336 0.003456574 -0.015672269 0.403476801 -0.003607548 0.999947557 -0.009616479 0.272238925 0.015637897 0.009671750 0.999831352 56.152596540
0.999923875 0.003686918 -0.011820801 0.410490331 -0.003809348 0.999939611 -0.010351277 0.273387423 0.011782166 0.010395527 0.999876735 56.610582211
0.999950969 0.005598920 -0.008274942 0.428994449 -0.005704426 0.999902252 -0.012785640 0.271332036 0.008202606 0.012832183 0.999884158 57.052249595
0.999956087 0.006598028 -0.006679470 0.423132397 -0.006686257 0.999889543 -0.013279912 0.271756991 0.006590505 0.013324023 0.999889347 57.268504364
0.999958166 0.009015598 -0.001706578 0.441733905 -0.009035815 0.999884491 -0.012243704 0.275670727 0.001596450 0.012258633 0.999923318 57.710140297
0.999908261 0.012051097 0.006261985 0.460371955 -0.011988403 0.999878433 -0.009954422 0.281824134 -0.006381272 0.009878428 0.999930440 58.151764429
0.999855281 0.012941053 0.011068180 0.470866983 -0.012834611 0.999870871 -0.009634076 0.283533203 -0.011190903 0.009490686 0.999892961 58.379552514
0.999618815 0.016477202 0.022149607 0.508105473 -0.016213049 0.999795745 -0.012050912 0.281576432 -0.022343395 0.011687127 0.999682640 58.846697084
0.999150908 0.018007147 0.037061999 0.553550806 -0.017532940 0.999760635 -0.013079428 0.281996463 -0.037288969 0.012418541 0.999227569 59.319599173
0.998763442 0.018955912 0.045964607 0.580377791 -0.018382822 0.999747939 -0.012858560 0.283449872 -0.046196774 0.011997736 0.998860297 59.558928686
0.997630157 0.020620024 0.065645757 0.645591355 -0.019893914 0.999734169 -0.011694968 0.287382182 -0.065869069 0.010361301 0.997774775 60.021247141
0.995818378 0.022164308 0.088628958 0.732880948 -0.021225285 0.999707931 -0.011523329 0.289381900 -0.088858307 0.009593976 0.995998194 60.486948276
0.994560825 0.023186491 0.101548134 0.779392315 -0.022069951 0.999683326 -0.012104805 0.289208343 -0.101795863 0.009797757 0.994756951 60.715721234
0.991247156 0.024374774 0.129749072 0.892105630 -0.022771940 0.999644937 -0.013822718 0.287614206 -0.130039386 0.010747068 0.991451176 61.162708592
0.986891872 0.023390342 0.159680059 1.024570863 -0.021449875 0.999673425 -0.013865063 0.288532495 -0.159952694 0.010258241 0.987071691 61.599117584
0.984359163 0.023100920 0.174652077 1.082658136 -0.021128795 0.999690820 -0.013142519 0.290384283 -0.174901612 0.009246785 0.984542849 61.811544702
0.977830696 0.025225260 0.207872819 1.237275254 -0.023345059 0.999661091 -0.011493711 0.294019297 -0.208093069 0.006386029 0.978088793 62.251311878
0.969744297 0.026675479 0.242663963 1.405912779 -0.025780909 0.999643885 -0.006861822 0.302613555 -0.242760968 0.000398103 0.970085891 62.688655380
0.965463289 0.024031211 0.259429575 1.491886547 -0.023374606 0.999711551 -0.005615854 0.304925222 -0.259489306 -0.000642164 0.965745558 62.896284987
0.954945531 0.022440666 0.295933481 1.691707526 -0.022518916 0.999741596 -0.003144337 0.309208552 -0.295927583 -0.003661431 0.955204051 63.306750907
0.942861857 0.013309841 0.332919501 1.916882406 -0.012376407 0.999911615 -0.004924310 0.305618656 -0.332954560 0.000522591 0.942942730 63.698525598
0.936118215 0.007714351 0.351602879 2.036431274 -0.005952245 0.999964170 -0.006092358 0.303313769 -0.351636952 0.003610381 0.936129605 63.893216858
0.921103828 0.004262560 0.389294128 2.268367936 -0.001526755 0.999971931 -0.007336782 0.300470749 -0.389314571 0.006163614 0.921084492 64.240777195
0.904882733 0.012284222 0.425483427 2.505057385 -0.008894517 0.999911100 -0.009952395 0.295146751 -0.425567431 0.005221248 0.904912020 64.616225854
0.896011340 0.018711230 0.443637863 2.636116745 -0.014895388 0.999815967 -0.012084945 0.290857800 -0.443782227 0.004220090 0.896125153 64.794592400
0.876749077 0.025626440 0.480265456 2.903081888 -0.021251039 0.999668324 -0.014546366 0.285538077 -0.480478818 0.002547343 0.877002645 65.179183575
0.858285586 0.027107490 0.512456443 3.198060279 -0.024480966 0.999629344 -0.011875738 0.288447090 -0.512588635 -0.002352655 0.858632013 65.558936305
0.849816371 0.022935721 0.526579931 3.351331881 -0.020791499 0.999733856 -0.009990190 0.290574320 -0.526668288 -0.002458554 0.850067212 65.740641542
0.831191513 0.014613277 0.555794460 3.669290308 -0.010448357 0.999888699 -0.010664081 0.287005574 -0.555888696 0.003056761 0.831251730 66.087758067
0.809367781 0.014306987 0.587128403 4.001059030 -0.006149433 0.999855306 -0.015886895 0.275517963 -0.587269777 0.009247810 0.809338513 66.432518771
0.797401247 0.015089538 0.603262025 4.173901964 -0.004658146 0.999811202 -0.018851230 0.269089245 -0.603431649 0.012221871 0.797320983 66.603703961
0.772340369 0.018848066 0.634930090 4.533593884 -0.006119913 0.999734482 -0.022232907 0.260311182 -0.635179527 0.013285705 0.772250504 66.943655302
0.745926499 0.025604801 0.665536506 4.915488913 -0.014702368 0.999650083 -0.021980726 0.257389384 -0.665865676 0.006611030 0.746042100 67.286948285
0.732929388 0.028238474 0.679719127 5.108101220 -0.017542357 0.999590774 -0.022611736 0.254542934 -0.680079618 0.004648892 0.733123890 67.447549471
0.676138492 0.024052306 0.736382595 5.929697727 -0.015967655 0.999710733 -0.017991988 0.254346726 -0.736601152 0.000406784 0.676327113 68.052429837
0.662172772 0.021308016 0.749048621 6.147831145 -0.013048633 0.999771847 -0.016905027 0.253875544 -0.749237741 0.001419993 0.662300134 68.194285797
0.635713363 0.018357880 0.771707726 6.581584312 -0.005987830 0.999804288 -0.018851352 0.245759906 -0.771902242 0.007363202 0.635699168 68.464097886
0.609184371 0.018276359 0.792818033 7.029260661 -0.002368517 0.999772054 -0.021227165 0.236644387 -0.793025074 0.011053459 0.609088480 68.731517700
0.596632953 0.018029877 0.802311932 7.244953167 -0.001091267 0.999765297 -0.021655559 0.233459275 -0.802514242 0.012044896 0.596511782 68.859450334
0.571016139 0.018389908 0.820732981 7.698486474 -0.002271598 0.999780784 -0.020821296 0.229585808 -0.820935811 0.010024898 0.570932465 69.118674944
0.545876491 0.018878620 0.837653706 8.155432400 -0.006175847 0.999809976 -0.018508557 0.228030493 -0.837843154 0.004930158 0.545889360 69.355782130
0.533134593 0.019297442 0.845810489 8.399021677 -0.007643831 0.999808646 -0.017992847 0.225935167 -0.845995502 0.003127377 0.533180350 69.478913934
0.508016926 0.020357305 0.861106812 8.875604188 -0.009380297 0.999791772 -0.018101940 0.219823317 -0.861296416 0.001118657 0.508101968 69.705480001
0.480613415 0.021438573 0.876671258 9.385799645 -0.009575307 0.999769626 -0.019199471 0.211414572 -0.876880045 0.000833135 0.480708181 69.919095498
0.467360279 0.021131849 0.883814134 9.649072651 -0.008475712 0.999775598 -0.019422471 0.207652285 -0.884026081 0.001586342 0.467434927 70.031670958
0.440091127 0.020863268 0.897711145 10.170813999 -0.006130994 0.999776529 -0.020229671 0.199429157 -0.897932591 0.003399043 0.440120294 70.228950308
0.413637832 0.021052769 0.910198571 10.698318342 -0.004168261 0.999765805 -0.021230177 0.190688927 -0.910432289 0.004987663 0.413629030 70.418064799
0.400114038 0.021154972 0.916221196 10.973125982 -0.003461571 0.999761625 -0.021572162 0.186422358 -0.916458873 0.005459754 0.400091707 70.514307747
0.371368524 0.021873169 0.928228462 11.517942961 -0.002904136 0.999744759 -0.022396543 0.177580608 -0.928481215 0.005621644 0.371337114 70.678920019
0.345434314 0.022225300 0.938180349 12.068523913 -0.000856654 0.999726687 -0.023367920 0.168281748 -0.938442230 0.007268359 0.345358655 70.835367116
0.332952223 0.022239614 0.942681475 12.338535046 0.000487709 0.999717255 -0.023757357 0.163816550 -0.942944076 0.008369831 0.332847269 70.903735861
0.310476885 0.022362470 0.950317926 12.900654221 0.003562205 0.999689368 -0.024688048 0.154233375 -0.950574449 0.011050299 0.310300512 71.043849287
0.289296176 0.022515135 0.956975178 13.474324507 0.005356457 0.999669977 -0.025138905 0.145155769 -0.957224695 0.012398566 0.289080458 71.167624880
0.280039983 0.022793094 0.959718110 13.758273993 0.005618720 0.999661977 -0.025381287 0.140620555 -0.959971982 0.012500160 0.279817135 71.233596450
0.262989214 0.022521775 0.964536261 14.340123064 0.007315939 0.999651827 -0.025336479 0.132200004 -0.964770878 0.013719735 0.262733541 71.363138622
0.249647422 0.021646186 0.968095331 14.911427151 0.008679902 0.999660443 -0.024590305 0.124987796 -0.968298356 0.014541884 0.249374748 71.472966762
0.244376096 0.020920875 0.969455139 15.201167853 0.009674110 0.999664987 -0.024011423 0.121665225 -0.969632729 0.015246429 0.244091885 71.530764358
0.236934891 0.020155487 0.971316717 15.802728874 0.011829220 0.999651175 -0.023628931 0.113307460 -0.971454154 0.017088536 0.236613777 71.649741072
0.230108650 0.020873291 0.972941892 16.390318101 0.012978987 0.999615679 -0.024515147 0.102970012 -0.973078962 0.018268918 0.229749142 71.771125760
0.226474278 0.021611505 0.973777881 16.688182286 0.014056024 0.999576863 -0.025453080 0.096914994 -0.973915894 0.019451896 0.226074735 71.834707794
0.219366908 0.023430964 0.975361539 17.301209426 0.016184491 0.999486809 -0.027650568 0.083853564 -0.975508391 0.021851369 0.218874639 71.937374122
0.215283406 0.024977938 0.976232262 17.908478630 0.017370396 0.999417127 -0.029401695 0.071619190 -0.976397491 0.023287214 0.214724151 72.048203677
0.213873902 0.025041098 0.976540252 18.212130605 0.018419917 0.999390595 -0.029661155 0.066566847 -0.976687155 0.024331559 0.213282035 72.103612844
0.210393169 0.023617932 0.977331684 18.827663585 0.017346655 0.999460862 -0.027886981 0.060198762 -0.977462705 0.022820678 0.209869779 72.220181530
0.207110999 0.020443912 0.978104004 19.443236694 0.018059275 0.999531451 -0.024715805 0.056290316 -0.978151244 0.022782817 0.206644635 72.336737257
0.206317573 0.018790833 0.978304892 19.755105464 0.018809422 0.999554518 -0.023165727 0.054224685 -0.978304340 0.023180878 0.205871554 72.397900728
0.204800478 0.016231799 0.978669191 20.409098795 0.018713267 0.999614747 -0.020495237 0.048877876 -0.978625054 0.022511488 0.204417560 72.529376613
0.200826088 0.013708627 0.979531177 21.394630921 0.017045760 0.999701787 -0.017485644 0.038958600 -0.979478539 0.020208449 0.200532367 72.711464048
0.198754237 0.014185106 0.979947504 22.062479408 0.015690413 0.999721042 -0.017653624 0.028442524 -0.979923876 0.018884471 0.198475874 72.840569626
0.195723162 0.015187891 0.980542236 22.713978808 0.014652507 0.999722869 -0.018409729 0.017132262 -0.980550125 0.017970535 0.195445925 72.958139306
0.193317453 0.016097710 0.981004049 23.039717416 0.014138023 0.999715965 -0.019190768 0.010797231 -0.981034820 0.017579303 0.193035135 73.016927729
0.189793879 0.018330389 0.981653449 23.683012746 0.013640673 0.999679772 -0.021304258 -0.002719857 -0.981729083 0.017433802 0.189482532 73.128738996
0.186545089 0.019207434 0.982259223 24.334511984 0.013345923 0.999667381 -0.022082376 -0.014040118 -0.982356308 0.017228526 0.186226880 73.246308729
0.184616369 0.019317880 0.982621347 24.660272614 0.012920777 0.999673179 -0.022080695 -0.019025347 -0.982725953 0.016772706 0.184305571 73.305090039
0.182159562 0.018802520 0.983089428 25.339678410 0.013438054 0.999676559 -0.021609701 -0.028655909 -0.983177135 0.017147187 0.181847569 73.417855782
0.180446798 0.018163340 0.983417053 26.019089590 0.013468637 0.999690334 -0.020935208 -0.037956520 -0.983492489 0.017022972 0.180146501 73.530619787
0.179429028 0.017802765 0.983609817 26.358797872 0.013187397 0.999703250 -0.020499683 -0.042441850 -0.983682664 0.016649512 0.179141508 73.587000920
0.177259806 0.017275268 0.984012909 27.038212804 0.011789216 0.999736636 -0.019675023 -0.051512494 -0.984093211 0.015088348 0.177008792 73.699763713
0.174640145 0.017381405 0.984479318 27.739709963 0.010766769 0.999750256 -0.019561026 -0.062135787 -0.984573578 0.014015776 0.174409894 73.815907184
0.173577909 0.017539858 0.984664367 28.087569624 0.010496851 0.999751262 -0.019658938 -0.067643815 -0.984764743 0.013748232 0.173350859 73.878063746
0.171518395 0.017718764 0.985021805 28.780893871 0.010318514 0.999751335 -0.019780455 -0.078564215 -0.985126849 0.013556743 0.171293618 73.988438742
0.169926643 0.018249069 0.985287994 29.479978503 0.009824927 0.999747355 -0.020211250 -0.090161694 -0.985407914 0.013114832 0.169704853 74.090649721
0.168814299 0.018218993 0.985479993 29.833612903 0.009506205 0.999752994 -0.020111270 -0.095466930 -0.985601821 0.012763254 0.168599651 74.144637630
0.166883781 0.017241971 0.985825748 30.549074190 0.008839235 0.999781293 -0.018982335 -0.104580471 -0.985936838 0.011881825 0.166695600 74.258375603
0.165359319 0.016725595 0.986092094 31.242418177 0.008614406 0.999793905 -0.018402540 -0.114291049 -0.986195699 0.011537531 0.165181808 74.368744224
0.164585800 0.016199285 0.986229461 31.601834005 0.008696957 0.999802394 -0.017873584 -0.118983554 -0.986324745 0.011518975 0.164412840 74.414561321
0.163389109 0.015247135 0.986444198 32.287020087 0.009341960 0.999811426 -0.017001112 -0.128071374 -0.986517280 0.011993163 0.163216443 74.519156620
0.162351229 0.015430646 0.986612161 32.986108961 0.010020719 0.999800118 -0.017285856 -0.139408890 -0.986682683 0.012692974 0.162164394 74.621366229
0.161731358 0.015858535 0.986708340 33.345496241 0.010374570 0.999788335 -0.017769254 -0.145851138 -0.986779989 0.013110539 0.161532717 74.667192545
0.161720453 0.016827691 0.986693768 34.038792919 0.011099886 0.999760227 -0.018869803 -0.158461289 -0.986774160 0.014003795 0.161495601 74.777576444
0.161834225 0.017524521 0.986662397 34.743635488 0.011849384 0.999735470 -0.019700237 -0.170885825 -0.986746785 0.014879596 0.161584119 74.871624196
0.161486532 0.017721928 0.986716404 35.097259611 0.012295553 0.999724762 -0.019967885 -0.176820968 -0.986797858 0.015356810 0.161223918 74.925615424
0.161634187 0.018189480 0.986682998 35.796339348 0.013074636 0.999702709 -0.020571331 -0.188718403 -0.986764186 0.016225617 0.161348818 75.027827983
0.162293628 0.018131156 0.986576886 36.503605375 0.012636352 0.999711344 -0.020451209 -0.199498850 -0.986661998 0.015785832 0.162017538 75.135804698
0.161754664 0.017551972 0.986675135 36.865420517 0.012567163 0.999723866 -0.019844287 -0.204027050 -0.986751370 0.015609615 0.161489009 75.195558554
