1.000000000 0.000000000 -0.000000000 -0.000000000 0.000000000 1.000000000 -0.000000000 0.000000000 -0.000000000 0.000000000 1.000000000 0.000000000
0.999999864 -0.000263552 0.000667370 0.008664515 0.000264602 0.999998292 -0.001605057 0.001062767 -0.000668031 0.001605141 0.999998947 0.348756748
0.999998273 -0.001729319 0.000094721 0.026294634 0.001729662 0.999990910 -0.003917907 0.004925965 -0.000088943 0.003917989 0.999992665 1.068611021
0.999995136 -0.003215514 -0.000464944 0.030610706 0.003213243 0.999982866 -0.004902951 0.011390155 0.000480118 0.004901436 0.999988491 1.793071283
0.999992862 -0.003723334 0.000077482 0.039305469 0.003723627 0.999977596 -0.005597287 0.014012529 -0.000057326 0.005597464 0.999984670 2.141810361
0.999995558 -0.002969334 0.000272447 0.056650592 0.002971510 0.999961504 -0.008292256 0.016967854 -0.000249393 0.008292952 0.999966126 2.839314455
0.999987789 -0.004867307 -0.000074400 0.069676871 0.004866334 0.999940377 -0.009712737 0.022339154 0.000121045 0.009712148 0.999953009 3.545789817
0.999981358 -0.006113983 -0.000335104 0.078393352 0.006110370 0.999933997 -0.009753992 0.026081245 0.000394472 0.009751730 0.999953063 3.894516208
0.999978261 -0.006498341 -0.000803359 0.082495203 0.006490808 0.999938584 -0.008974338 0.035286642 0.000860822 0.008968932 0.999959954 4.596584947
0.999980079 -0.006377080 0.000107118 0.100050517 0.006377554 0.999965144 -0.005340382 0.049079232 -0.000074089 0.005340973 0.999985932 5.293966252
0.999976070 -0.006911929 -0.000002779 0.104190692 0.006911816 0.999969018 -0.003619830 0.055749066 0.000027378 0.003619666 0.999993676 5.629297647
0.999976119 -0.006860548 -0.000778011 0.112685264 0.006859052 0.999974539 -0.001905017 0.066347528 0.000791013 0.001899567 0.999997956 6.322351961
0.999981334 -0.005923099 -0.001068648 0.125513998 0.005922022 0.999981426 -0.001028750 0.075319817 0.001074182 0.001022332 0.999998930 7.006426059
0.999984202 -0.005627567 -0.000406726 0.129599880 0.005627185 0.999983787 -0.000944449 0.079190358 0.000411427 0.000942045 1.000000223 7.341789171
0.999986799 -0.005041730 -0.000420655 0.146755020 0.005041251 0.999986800 -0.001153634 0.086136575 0.000425947 0.001151449 1.000000029 8.016887583
0.999988269 -0.004858447 0.000018009 0.159558934 0.004858504 0.999987066 -0.001047221 0.093829187 -0.000013056 0.001047236 0.999999322 8.700976180
0.999990368 -0.004377729 0.000928899 0.163635509 0.004378916 0.999989054 -0.001247033 0.097219849 -0.000924674 0.001251043 0.999999394 9.036344729
0.999994781 -0.002729771 0.001496871 0.180520389 0.002731865 0.999994726 -0.001390502 0.104018002 -0.001494173 0.001394484 0.999997649 9.689084354
0.999997158 -0.000711146 0.002040513 0.197676111 0.000714324 0.999998547 -0.001566395 0.110994211 -0.002040305 0.001567739 0.999997007 10.364182426
0.999998004 -0.000109623 0.001733510 0.206125822 0.000112026 0.999999133 -0.001413100 0.114768193 -0.001733960 0.001413211 0.999997255 10.690547991
0.999998586 -0.000037626 0.001567318 0.218650946 0.000039980 0.999998657 -0.001494386 0.121872853 -0.001567676 0.001494369 0.999998391 11.352282785
0.999998001 0.000960323 0.001518340 0.226524141 -0.000957140 0.999997154 -0.002100402 0.128006239 -0.001521719 0.002098983 0.999997212 12.000666761
0.999997864 0.001152742 0.001665592 0.234961055 -0.001148853 0.999996215 -0.002347434 0.131120388 -0.001668980 0.002345469 0.999995924 12.327039802
0.999995262 0.002711166 0.001616426 0.247454960 -0.002705705 0.999990337 -0.003351268 0.136615453 -0.001625735 0.003346753 0.999992899 12.988792833
0.999989451 0.004181235 0.001639617 0.255023576 -0.004173055 0.999978703 -0.004931584 0.140831223 -0.001660374 0.004924666 0.999986891 13.614838071
0.999985576 0.004851038 0.002066178 0.267810164 -0.004839449 0.999972769 -0.005557654 0.143118996 -0.002093052 0.005547556 0.999983276 13.932221834
0.999981407 0.005845381 0.001941565 0.275413488 -0.005833512 0.999964561 -0.006095215 0.149124314 -0.001977758 0.006083756 0.999979575 14.558246796
0.999986473 0.004808119 0.002022895 0.292028497 -0.004795495 0.999968774 -0.006190625 0.155794398 -0.002052401 0.006180859 0.999978749 15.188627408
0.999982544 0.005092591 0.002790065 0.304834670 -0.005075108 0.999967715 -0.006235531 0.159091917 -0.002822141 0.006221218 0.999977063 15.505999730
0.999983189 0.005213247 0.002383195 0.317074603 -0.005197186 0.999963713 -0.006705082 0.165278706 -0.002419142 0.006692518 0.999975149 16.145384459
0.999978871 0.005442739 0.003352045 0.329307556 -0.005417785 0.999957223 -0.007413737 0.171105587 -0.003392595 0.007395375 0.999967190 16.784773266
0.999976396 0.005291241 0.004419733 0.337726825 -0.005254835 0.999952163 -0.008213659 0.173309965 -0.004464253 0.008190249 0.999956803 17.111156615
0.999975141 0.004733305 0.005194864 0.358935979 -0.004683558 0.999942958 -0.009537201 0.177972074 -0.005240335 0.009512533 0.999941027 17.754921801
0.999974408 0.003277514 0.006278219 0.375839280 -0.003219870 0.999952114 -0.009173344 0.185719987 -0.006308107 0.009152840 0.999938561 18.407650665
0.999974146 0.002795623 0.006567879 0.393299707 -0.002739055 0.999959144 -0.008613483 0.190108748 -0.006591642 0.008595251 0.999941794 18.738372445
0.999974530 0.001967146 0.006799733 0.410241013 -0.001918976 0.999972878 -0.007078372 0.199816167 -0.006814095 0.007065055 0.999952355 19.391079107
0.999975001 0.001531774 0.006841140 0.422890040 -0.001508352 0.999993092 -0.003435342 0.213309213 -0.006846835 0.003424881 0.999971369 20.052741519
0.999979963 0.001095310 0.006225537 0.427021878 -0.001083138 0.999996831 -0.001955146 0.219549156 -0.006228559 0.001948356 0.999978992 20.388077785
0.999974987 0.000669507 0.007090670 0.448626358 -0.000672506 0.999999107 0.000428741 0.230807701 -0.007090927 -0.000433544 0.999975557 21.054128695
0.999968062 -0.000027659 0.007963922 0.470204661 0.000011607 0.999997683 0.002017552 0.240716587 -0.007964355 -0.002017471 0.999966978 21.720194897
0.999969015 0.000380814 0.007847720 0.474303729 -0.000400492 0.999996211 0.002504388 0.245266956 -0.007847529 -0.002507542 0.999966123 22.055550307
0.999957517 0.000951778 0.009103254 0.491206642 -0.000977908 0.999994918 0.002871447 0.252994875 -0.009100508 -0.002880260 0.999954815 22.708279398
0.999956158 0.001354557 0.009278813 0.512799682 -0.001400236 0.999986783 0.004926370 0.263663568 -0.009272479 -0.004939226 0.999945087 23.374336991
0.999956013 0.001753245 0.009266116 0.516911354 -0.001806953 0.999981221 0.005790428 0.268863774 -0.009256336 -0.005806990 0.999941023 23.709685038
0.999951455 0.001795426 0.009693732 0.538509241 -0.001872775 0.999966624 0.007976390 0.279782404 -0.009679566 -0.007994200 0.999921852 24.375739800
0.999940859 0.002234973 0.010596265 0.560130591 -0.002349997 0.999938441 0.010852553 0.291910730 -0.010571823 -0.010876904 0.999885217 25.041780855
0.999934421 0.002319716 0.011196729 0.568607449 -0.002451658 0.999927186 0.011786728 0.297084358 -0.011168622 -0.011813483 0.999867990 25.368130561
0.999930221 0.003848723 0.011141624 0.585822699 -0.003997672 0.999902350 0.013374883 0.307129793 -0.011089696 -0.013418583 0.999848358 26.043193858
0.999924332 0.003907985 0.011629693 0.607455101 -0.004100455 0.999853968 0.016569654 0.319827974 -0.011563936 -0.016616171 0.999795343 26.709228457
0.999910541 0.004429740 0.012631933 0.620325262 -0.004661979 0.999819787 0.018417729 0.326424660 -0.012548252 -0.018475030 0.999750561 27.026563398
0.999905944 0.004314209 0.013038589 0.641930130 -0.004584684 0.999773173 0.020786764 0.337703200 -0.012946680 -0.020844656 0.999699647 27.692614082
0.999892058 0.004369265 0.014022308 0.668123713 -0.004674309 0.999751616 0.021795194 0.346693835 -0.013924153 -0.021858494 0.999664406 28.372052511
0.999885544 0.004800840 0.014309858 0.676568771 -0.005112050 0.999749185 0.021793274 0.350227878 -0.014202789 -0.021863972 0.999660479 28.698420795
0.999876457 0.004429641 0.015069575 0.706773515 -0.004737929 0.999779226 0.020485339 0.354724962 -0.014975247 -0.020554300 0.999676922 29.346551031
0.999875044 0.004278871 0.015233027 0.728241876 -0.004565445 0.999811964 0.018826765 0.358965279 -0.015150686 -0.018894015 0.999707197 30.012681461
0.999882534 0.003781808 0.014834281 0.736670064 -0.004053458 0.999823362 0.018327749 0.361629541 -0.014761961 -0.018385792 0.999722061 30.339059599
0.999898088 0.002441437 0.014075578 0.758191748 -0.002698115 0.999829486 0.018249676 0.368619163 -0.014028897 -0.018285843 0.999734848 31.005158878
0.999896038 0.002987594 0.014070633 0.779453061 -0.003248033 0.999822675 0.018526177 0.375970593 -0.014012931 -0.018570012 0.999730052 31.648893592
0.999895673 0.002921542 0.014169179 0.792256713 -0.003182347 0.999825183 0.018418489 0.379138145 -0.014113397 -0.018461744 0.999730047 31.966267387
0.999887585 0.001402229 0.014893345 0.813221396 -0.001669342 0.999837352 0.017935052 0.384981854 -0.014866745 -0.017957958 0.999728830 32.587658720
0.999900428 -0.000179451 0.014102346 0.829803054 -0.000058254 0.999857507 0.016856988 0.389932372 -0.014104729 -0.016856162 0.999758919 33.218058815
0.999916970 -0.001533510 0.012753543 0.838224650 0.001327213 0.999867748 0.016169632 0.392256720 -0.012777136 -0.016151426 0.999788334 33.544440805
0.999925344 -0.002997322 0.011864451 0.854784396 0.002825895 0.999891922 0.014439377 0.396077523 -0.011906025 -0.014404870 0.999825511 34.174853700
0.999944146 -0.004182215 0.009739925 0.866725179 0.004053454 0.999904084 0.013192848 0.400626625 -0.009794872 -0.013152693 0.999866101 34.791896520
0.999954399 -0.004485775 0.008439613 0.874879424 0.004378748 0.999909992 0.012658678 0.402952871 -0.008496142 -0.012621216 0.999884728 35.095918024
0.999981718 -0.004488421 0.004017248 0.882192517 0.004441281 0.999922026 0.011669976 0.407780385 -0.004069152 -0.011651984 0.999924046 35.699595866
0.999980468 -0.006163603 -0.001178017 0.885147210 0.006175917 0.999922442 0.010767874 0.412984388 0.001110736 -0.010775018 0.999941398 36.312268085
0.999970433 -0.006838512 -0.003431596 0.893312314 0.006874441 0.999920618 0.010567075 0.415870492 0.003357819 -0.010590465 0.999938860 36.616283245
0.999926497 -0.007592587 -0.009394021 0.887012209 0.007687493 0.999918882 0.010109146 0.421661311 0.009316422 -0.010180641 0.999905163 37.202225169
0.999830282 -0.007511208 -0.016790048 0.880691938 0.007664714 0.999929184 0.009093146 0.426412392 0.016719790 -0.009220374 0.999818181 37.788178874
0.999758235 -0.006911178 -0.020883540 0.866230221 0.007099518 0.999934868 0.008957889 0.429497061 0.020820393 -0.009104071 0.999742495 38.070103599
0.999584997 -0.006865308 -0.027980950 0.855043607 0.007123263 0.999932455 0.009131222 0.436008079 0.027916458 -0.009326764 0.999566671 38.620315075
0.999319103 -0.007873521 -0.036026784 0.830479347 0.008193046 0.999928491 0.008729539 0.441840917 0.035955188 -0.009018886 0.999313057 39.175169696
0.999162562 -0.008520668 -0.040017843 0.829353199 0.008842754 0.999930002 0.007880395 0.443434313 0.039946282 -0.008227712 0.999168454 39.452475857
0.998703137 -0.008337035 -0.050234270 0.791393065 0.008670603 0.999942030 0.006424461 0.447649209 0.050176690 -0.006851761 0.998716803 40.011984270
0.997987187 -0.007418914 -0.062980377 0.748532849 0.007763008 0.999956291 0.005220367 0.451884481 0.062937876 -0.005698842 0.998001535 40.535770164
0.997475759 -0.007735573 -0.070582346 0.724802954 0.008118514 0.999953405 0.005140930 0.454866140 0.070538903 -0.005701037 0.997492940 40.790972410
0.996084340 -0.009265152 -0.087919264 0.668340981 0.009727304 0.999940451 0.004830283 0.460654568 0.087868984 -0.005666661 0.996116066 41.297015702
0.994079771 -0.008704117 -0.108305747 0.593880651 0.009239539 0.999947404 0.004442370 0.466403138 0.108260969 -0.005416788 0.994108055 41.794333083
0.992793077 -0.009186665 -0.119492073 0.556505759 0.009733434 0.999944032 0.003993546 0.468708516 0.119448095 -0.005127930 0.992827346 42.031817987
0.989629642 -0.007514689 -0.143442651 0.455000486 0.007885475 0.999966287 0.002016341 0.471952915 0.143422427 -0.003126585 0.989656618 42.516074197
0.986053443 -0.004645995 -0.166363455 0.339867472 0.004730960 0.999988892 0.000114224 0.475410808 0.166361160 -0.000899807 0.986065500 42.982602984
0.984163914 -0.002693108 -0.177240049 0.280119342 0.002580907 0.999995666 -0.000863817 0.477203031 0.177241899 0.000392625 0.984167863 43.220365981
0.979785048 -0.000787373 -0.200050669 0.160374539 0.000367536 0.999997134 -0.002135597 0.481759129 0.200052043 0.002018775 0.979783443 43.673520502
0.974491957 0.001326721 -0.224418312 0.027057452 -0.001736988 0.999996692 -0.001630916 0.489388000 0.224415206 0.001979085 0.974491648 44.108915203
0.971475697 0.001791611 -0.237132058 -0.046268586 -0.002095678 0.999997224 -0.001030088 0.493963068 0.237128982 0.001497653 0.971477098 44.328921665
0.964311193 0.002945541 -0.264755720 -0.201881932 -0.002706950 0.999995170 0.001266292 0.505047781 0.264757653 -0.000504463 0.964314886 44.764549489
0.955919434 0.006546029 -0.293555194 -0.375505268 -0.005908483 0.999977593 0.003058477 0.515492788 0.293567868 -0.001189295 0.955937211 45.191458198
0.951561234 0.008715632 -0.307337187 -0.471437767 -0.007773277 0.999960809 0.004290197 0.521316154 0.307361761 -0.001693478 0.951591318 45.389362331
0.942091295 0.012227551 -0.335133437 -0.654314931 -0.010674725 0.999922308 0.006475069 0.532397965 0.335186142 -0.002522748 0.942149109 45.789540178
0.931733866 0.010394358 -0.362991803 -0.850540463 -0.007673076 0.999930651 0.008937802 0.544311214 0.363059158 -0.005542470 0.931749553 46.194344066
0.926283575 0.010770317 -0.376673755 -0.946511355 -0.007969273 0.999927778 0.008993815 0.548155081 0.376743299 -0.005329077 0.926302755 46.392270627
0.914763804 0.011279566 -0.403832483 -1.165480244 -0.008821715 0.999929282 0.007946430 0.554258411 0.403893447 -0.003706593 0.914799067 46.775052158
0.902829507 0.011353779 -0.429847570 -1.384453980 -0.009371914 0.999933662 0.006727411 0.560111804 0.429895042 -0.002045294 0.902876401 47.157836520
0.896604495 0.012341313 -0.442659759 -1.511762871 -0.010233293 0.999922370 0.007150258 0.565197137 0.442712896 -0.001881141 0.896662146 47.351658112
0.882911614 0.014232767 -0.469323002 -1.761725234 -0.011529677 0.999895952 0.008632817 0.576519032 0.469396701 -0.002210979 0.882985330 47.752650076
0.867654995 0.009586847 -0.497073846 -2.016436864 -0.007224208 0.999951162 0.006675587 0.581850921 0.497113449 -0.002201217 0.867683157 48.140348086
0.859387402 0.007877137 -0.511264485 -2.152791372 -0.005824199 0.999967304 0.005616713 0.584521930 0.511291925 -0.001849293 0.859405158 48.329833852
0.842342873 0.009375284 -0.538860330 -2.443365921 -0.006450208 0.999951776 0.007314600 0.596672361 0.538902843 -0.002685734 0.842363901 48.700001880
0.824856781 0.010843823 -0.565237256 -2.742595803 -0.005576337 0.999923215 0.011045472 0.612744969 0.565313195 -0.005959044 0.824855553 49.088122751
0.815385154 0.011169662 -0.578810505 -2.910244487 -0.005408481 0.999917005 0.011676927 0.618916875 0.578893189 -0.006390778 0.815379068 49.273477948
0.794517539 0.011583232 -0.607130778 -3.223485027 -0.005279576 0.999912175 0.012167877 0.629246379 0.607218558 -0.006462269 0.794509123 49.621578422
0.772223571 0.010348313 -0.635266492 -3.554740597 -0.003550786 0.999922150 0.011972137 0.638676242 0.635340481 -0.006989526 0.772201195 49.960962726
0.760017662 0.009963481 -0.649825962 -3.722689208 -0.003050137 0.999925960 0.011764060 0.643170471 0.649894271 -0.006958901 0.759993057 50.123976467
0.735673033 0.011216527 -0.677242989 -4.072218048 -0.004861636 0.999924788 0.011279651 0.652172472 0.677318730 -0.005005711 0.735673108 50.432278792
0.709535806 0.010048789 -0.704597862 -4.417659523 -0.003537753 0.999936386 0.010698254 0.660609931 0.704660454 -0.005098195 0.709526810 50.709228407
0.695391025 0.009467171 -0.718568517 -4.599242079 -0.002912601 0.999941549 0.010355610 0.664997734 0.718625045 -0.005108368 0.695379429 50.854518350
0.666541176 0.007789058 -0.745427803 -4.976025430 -0.000481983 0.999949389 0.010017638 0.674476711 0.745467785 -0.006317939 0.666511677 51.127365262
0.637371978 0.005548642 -0.770536728 -5.366445248 0.002730465 0.999951271 0.009459277 0.683719296 0.770551083 -0.008133099 0.637326727 51.382489848
0.622349210 0.004936627 -0.782724222 -5.561652442 0.003698654 0.999950280 0.009247535 0.688480553 0.782731223 -0.008650263 0.622300547 51.510050555
0.592117729 0.005264817 -0.805833811 -5.961313677 0.003979786 0.999947140 0.009457312 0.698999780 0.805841873 -0.008806959 0.592066078 51.738437030
0.561348271 0.008212845 -0.827538988 -6.392288091 0.001262355 0.999941355 0.010780080 0.712040152 0.827578952 -0.007096119 0.561305688 51.962704038
0.545593165 0.007883551 -0.838013087 -6.605496162 0.001350427 0.999945732 0.010286118 0.716631583 0.838049505 -0.006743785 0.545553295 52.081540306
0.514182611 0.005623775 -0.857662548 -7.041218486 0.002646974 0.999962795 0.008143766 0.723751931 0.857676293 -0.006457686 0.514149720 52.292512566
0.483801495 0.003893803 -0.875168972 -7.468180187 0.004732599 0.999963853 0.007065186 0.732378732 0.875164844 -0.007560054 0.483766502 52.485470475
0.467386155 0.003538819 -0.884046665 -7.703992975 0.006055318 0.999955591 0.007204243 0.738308439 0.884032521 -0.008720405 0.467344469 52.582203395
0.435186848 0.004500566 -0.900328875 -8.166870531 0.006575976 0.999944344 0.008177040 0.751024471 0.900316254 -0.009479153 0.435133596 52.757662245
0.404125169 0.004290280 -0.914693490 -8.625429244 0.007086793 0.999944566 0.007821154 0.761324529 0.914676383 -0.009643008 0.404073451 52.924149828
0.388820561 0.003399506 -0.921307371 -8.865917421 0.007112662 0.999952370 0.006691452 0.765073269 0.921286188 -0.009154829 0.388777587 53.007545636
0.357421972 0.003591676 -0.933936172 -9.342754251 0.005373830 0.999967601 0.005902213 0.774695529 0.933927876 -0.007128510 0.357392049 53.142954071
0.325776983 0.004073902 -0.945437504 -9.828558167 0.004815264 0.999970406 0.005968104 0.785952442 0.945434128 -0.006496822 0.325748479 53.273980804
0.310416152 0.004498709 -0.950590255 -10.078273414 0.004042041 0.999972956 0.006052368 0.791717637 0.950592685 -0.005721126 0.310390048 53.330630119
0.282335907 0.003837467 -0.959307725 -10.577745596 0.003288365 0.999981964 0.004967954 0.801098572 0.959309645 -0.004557240 0.282318747 53.443953102
0.259263426 0.003218470 -0.965801781 -11.077193541 0.004857852 0.999976825 0.004636498 0.811729190 0.965794733 -0.005893885 0.259242517 53.557261927
0.249047328 0.003744885 -0.968484103 -11.322529640 0.005394010 0.999971382 0.005253785 0.818187628 0.968476498 -0.006532545 0.249021270 53.604904746
0.230604908 0.005240672 -0.973033401 -11.835267200 0.006853974 0.999951513 0.007010003 0.832678921 0.973023851 -0.008285773 0.230558353 53.722805287
0.214807409 0.006185691 -0.976636988 -12.343946286 0.006796508 0.999945808 0.007828164 0.845116049 0.976633109 -0.008319329 0.214754270 53.809369998
0.208158101 0.006620911 -0.978072645 -12.602650725 0.006523835 0.999945092 0.008157362 0.851376185 0.978073227 -0.008078870 0.208104603 53.861650523
0.195000124 0.007705312 -0.980772476 -13.115692477 0.005585299 0.999943721 0.008966368 0.863969857 0.980787491 -0.007226429 0.194946428 53.957212101
0.182982918 0.008894032 -0.983075860 -13.637714890 0.006526225 0.999925580 0.010261238 0.877498358 0.983094435 -0.008293478 0.182911876 54.048399906
0.177103463 0.009832035 -0.984142884 -13.914393253 0.006476138 0.999916759 0.011155043 0.884978318 0.984170705 -0.008349112 0.177026137 54.091940248
0.166165812 0.010723413 -0.986039264 -14.445415522 0.008734520 0.999885244 0.012345924 0.898451899 0.986058971 -0.010664124 0.166053638 54.178765494
0.156914837 0.008258099 -0.987577400 -14.989894744 0.014065882 0.999844649 0.010595636 0.907158332 0.987511978 -0.015553851 0.156774163 54.270280213
0.152651018 0.006554719 -0.988258376 -15.253293963 0.016087678 0.999829003 0.009116476 0.910237754 0.988149307 -0.017290486 0.152519790 54.309234954
0.145036450 0.004566015 -0.989415275 -15.797770859 0.019147156 0.999788626 0.007420585 0.919064157 0.989241278 -0.020020847 0.144919058 54.400748314
0.137004016 0.003489768 -0.990564062 -16.355857074 0.020609304 0.999767137 0.006372671 0.929053814 0.990356057 -0.021287944 0.136900888 54.474523489
0.132955708 0.002635964 -0.991118483 -16.628237729 0.020037238 0.999784826 0.005346963 0.933028076 0.990919350 -0.020570273 0.132875210 54.509104910
0.124265881 0.001913244 -0.992246749 -17.172959677 0.020290213 0.999783502 0.004468863 0.943006087 0.992041682 -0.020688338 0.124200990 54.578244758
0.115587138 0.002193767 -0.993295062 -17.739994752 0.022560387 0.999733229 0.004833207 0.955570161 0.993040864 -0.022967809 0.115507541 54.647627583
0.110814506 0.001876854 -0.993838827 -18.021344433 0.024357169 0.999692547 0.004603742 0.961079101 0.993542862 -0.024717342 0.110735791 54.677828434
0.102555674 0.001082740 -0.994726462 -18.584054072 0.026796754 0.999633501 0.003850863 0.971567115 0.994366429 -0.027050486 0.102490215 54.738236140
0.096963056 -0.000103535 -0.995288536 -19.160143685 0.026745360 0.999638640 0.002501654 0.981256979 0.994929329 -0.026861967 0.096931384 54.803288349
0.094769445 -0.000702438 -0.995498569 -19.437149897 0.025897524 0.999662614 0.001760002 0.985619625 0.995162691 -0.025947806 0.094756339 54.824503547
0.091677918 -0.001200583 -0.995788244 -19.990864139 0.024669391 0.999694832 0.001065888 0.995932618 0.995483216 -0.024663260 0.091679137 54.889276417
0.089338856 -0.000915539 -0.996000501 -20.566902173 0.024725148 0.999693408 0.001298809 1.008281811 0.995694011 -0.024742430 0.089334972 54.954298496
0.088126957 -0.001324612 -0.996107793 -20.857255589 0.025118567 0.999684292 0.000892873 1.013535881 0.995792962 -0.025099613 0.088133141 54.980139053
0.086564168 -0.002377717 -0.996243410 -21.455691294 0.025578105 0.999672537 -0.000163457 1.024112237 0.995918262 -0.025467882 0.086597600 55.045453497
0.086166330 -0.001868136 -0.996278678 -22.063070429 0.026176488 0.999657349 0.000389511 1.037542938 0.995937489 -0.026112679 0.086186664 55.106372419
0.086186759 -0.001326476 -0.996277971 -22.366752435 0.025820884 0.999666360 0.000902799 1.044648190 0.995944764 -0.025802650 0.086193037 55.136827462
0.086435947 -0.000924051 -0.996256984 -22.987499716 0.024393748 0.999701394 0.001189182 1.057890588 0.995958457 -0.024405268 0.086432922 55.202383978
0.087407122 -0.000558048 -0.996172607 -23.612607918 0.023563779 0.999721362 0.001507428 1.071379508 0.995894117 -0.023605469 0.087395371 55.276936342
0.088112766 -0.000241484 -0.996110450 -23.929654772 0.023473200 0.999722925 0.001834025 1.078466414 0.995834647 -0.023543547 0.088094554 55.312027053
0.088133060 0.000516617 -0.996108324 -24.563748094 0.022275484 0.999749092 0.002489408 1.092660221 0.995859316 -0.022408250 0.088099780 55.382208249
0.089676615 0.000996532 -0.995970553 -25.188856878 0.020053871 0.999794532 0.002806057 1.106119148 0.995769006 -0.020224730 0.089639476 55.456760952
0.089776750 0.001155589 -0.995961512 -25.505909938 0.019684918 0.999801479 0.002934517 1.112886134 0.995767408 -0.019868930 0.089736788 55.491855288
0.089664035 0.002832028 -0.995967877 -26.139965255 0.020815547 0.999772402 0.004716776 1.129039447 0.995754895 -0.021154614 0.089585594 55.562014282
0.090008728 0.004587051 -0.995930437 -26.774020184 0.021149708 0.999754753 0.006516151 1.145212754 0.995716129 -0.021650201 0.089889897 55.632173050
0.090156754 0.005676704 -0.995911342 -27.091044158 0.020204378 0.999767253 0.007527727 1.153479362 0.995723025 -0.020800493 0.090021570 55.667250394
0.089976234 0.008061686 -0.995910999 -27.707366724 0.017632713 0.999797842 0.009686146 1.169764409 0.995787746 -0.018432202 0.089816921 55.723773794
0.090971754 0.008079740 -0.995820712 -28.332486173 0.017004647 0.999808509 0.009665519 1.182673474 0.995708793 -0.017812921 0.090817050 55.798332728
0.090741724 0.007174043 -0.995848117 -28.640576411 0.017356961 0.999811023 0.008784079 1.187585864 0.995723340 -0.018082063 0.090600842 55.837811259
0.090031494 0.005253741 -0.995924948 -29.261396794 0.017370076 0.999825147 0.006844621 1.197059213 0.995787751 -0.017915607 0.089924652 55.903410479
0.089658210 0.003107025 -0.995967533 -29.873225851 0.018195373 0.999822602 0.004756985 1.206147594 0.995806398 -0.018548579 0.089586039 55.973377242
0.089477072 0.002782120 -0.995984740 -30.190291903 0.018881898 0.999811431 0.004489130 1.212244750 0.995809933 -0.019207845 0.089407626 56.008479167
0.089782191 0.003869953 -0.995953741 -30.797651842 0.019341189 0.999796985 0.005628418 1.226665201 0.995773838 -0.019768343 0.089690258 56.069386875
0.089983920 0.004145058 -0.995934638 -31.436117331 0.019931296 0.999783641 0.005961911 1.240525676 0.995743814 -0.020386868 0.089882679 56.148570489
0.089333174 0.004570780 -0.995991285 -31.739801469 0.020179287 0.999776177 0.006398030 1.247520956 0.995797738 -0.020670030 0.089221484 56.179026778
0.089502643 0.006007438 -0.995968312 -32.373866869 0.020579731 0.999757289 0.007879711 1.263154399 0.995773789 -0.021202054 0.089358629 56.249191663
0.088333522 0.005831275 -0.996073561 -33.007982102 0.022405203 0.999718218 0.007839581 1.276218492 0.995839335 -0.023009792 0.088179104 56.319385658
0.088367203 0.005609704 -0.996071866 -33.334040060 0.023342912 0.999698065 0.007700970 1.282670624 0.995815103 -0.023931798 0.088210588 56.350120380
0.088107874 0.006326510 -0.996091295 -33.959126545 0.025776932 0.999630777 0.008629108 1.297279260 0.995777839 -0.026436509 0.087912930 56.424660058
0.089397709 0.006883641 -0.995972256 -34.584221755 0.026905564 0.999594437 0.009323691 1.311438010 0.995632875 -0.027630823 0.089176718 56.499204832
0.089571568 0.007050961 -0.995955285 -34.901271712 0.027419885 0.999578151 0.009542672 1.318364957 0.995603136 -0.028163818 0.089340468 56.534297356
0.089992340 0.007669315 -0.995913067 -35.544357910 0.028506923 0.999541111 0.010273179 1.332863753 0.995534517 -0.029315028 0.089732608 56.600111914
0.090867951 0.007727396 -0.995832912 -36.182824369 0.030712161 0.999472723 0.010558027 1.346674240 0.995389808 -0.031543655 0.090583660 56.679296095
0.091193938 0.007562330 -0.995804536 -36.499882858 0.031892772 0.999435617 0.010510559 1.353161297 0.995322199 -0.032717566 0.090901853 56.714393603
0.092009333 0.007775578 -0.995727624 -37.142984181 0.032378759 0.999417628 0.010796303 1.366880290 0.995231738 -0.033233925 0.091704630 56.780216997
0.093271249 0.007613878 -0.995611626 -37.768105374 0.032825906 0.999403689 0.010718085 1.379699378 0.995099594 -0.033681626 0.092966294 56.854776950
0.092884315 0.007325037 -0.995649843 -38.085174722 0.032265693 0.999425020 0.010362881 1.385626577 0.995154801 -0.033087944 0.092594989 56.889880801
0.092376207 0.007369888 -0.995697161 -38.714925544 0.032426556 0.999419332 0.010405805 1.398624103 0.995196326 -0.033248372 0.092084302 56.951076910
0.091792577 0.007371658 -0.995751306 -39.340038981 0.033849605 0.999371166 0.010518873 1.411843090 0.995202852 -0.034671399 0.091486595 57.025632332
0.091798721 0.007483809 -0.995749613 -39.643733396 0.034077748 0.999362277 0.010652561 1.418308504 0.995194431 -0.034910840 0.091484644 57.056094625
0.093550732 0.009144042 -0.995572819 -40.259796562 0.034474372 0.999328590 0.012417966 1.434181755 0.995017521 -0.035483466 0.093173283 57.134983155
0.094719797 0.011012606 -0.995442903 -40.862500114 0.033477091 0.999337534 0.014241213 1.449803421 0.994941446 -0.034673580 0.094288893 57.209239075
0.094995867 0.011417049 -0.995411945 -41.157190600 0.032959107 0.999350109 0.014607571 1.456533702 0.994932649 -0.034195632 0.094558631 57.244061548
0.095412274 0.012801807 -0.995355517 -41.759906174 0.033215242 0.999319769 0.016036736 1.471535524 0.994883589 -0.034591221 0.094923166 57.318324492
0.095428578 0.015654043 -0.995312543 -42.371571771 0.032735569 0.999285830 0.018855142 1.489051778 0.994898104 -0.034381582 0.094848884 57.388195764
0.095783285 0.017023548 -0.995257106 -42.675223915 0.032778998 0.999257214 0.020246592 1.497696641 0.994862442 -0.034562849 0.095154809 57.418633363
0.096979271 0.019139947 -0.995102372 -43.277912343 0.033426518 0.999188194 0.022476141 1.514098110 0.994725300 -0.035442548 0.096260689 57.492880448
0.098084435 0.020555909 -0.994965599 -43.867275089 0.031707965 0.999214446 0.023769483 1.528498435 0.994673212 -0.033879872 0.097356152 57.562514747
0.097896710 0.020317003 -0.994988667 -44.175344192 0.031704808 0.999220431 0.023522826 1.534500549 0.994691187 -0.033848887 0.097176682 57.601980930
0.098066119 0.019330147 -0.994992292 -44.773779508 0.031567956 0.999247180 0.022524154 1.545096900 0.994679461 -0.033618769 0.097382370 57.667295148
0.098176910 0.018470155 -0.994997650 -45.363211478 0.032057631 0.999250209 0.021712244 1.555928126 0.994653000 -0.034029029 0.097512206 57.736969885
0.098560595 0.018183852 -0.994964435 -45.662283633 0.032519200 0.999239729 0.021483343 1.561835198 0.994599374 -0.034472970 0.097895419 57.780800327
0.099060154 0.018614387 -0.994906923 -46.260672219 0.031983712 0.999248872 0.021880170 1.574840941 0.994567029 -0.033988413 0.098390817 57.846087245
0.099568537 0.019687362 -0.994835908 -46.836681556 0.032073174 0.999220706 0.022984189 1.588669761 0.994513778 -0.034196199 0.098860313 57.911092559
0.099819406 0.019885133 -0.994806555 -47.131375145 0.032622059 0.999197329 0.023246214 1.595240082 0.994470641 -0.034773193 0.099091420 57.945916844
0.099467874 0.019495756 -0.994850212 -47.698439693 0.032369808 0.999215286 0.022817697 1.606284539 0.994514396 -0.034472838 0.098759014 58.015316887
0.099127967 0.019170937 -0.994889877 -48.301214601 0.032328785 0.999224506 0.022475609 1.618227134 0.994549404 -0.034391652 0.098432309 58.089614493
0.100113918 0.018980028 -0.994794565 -48.595923315 0.032181670 0.999232847 0.022303374 1.624017652 0.994455839 -0.034247187 0.099426903 58.124447614
0.100375251 0.018709416 -0.994773312 -49.212055510 0.031852933 0.999250081 0.022007652 1.636331802 0.994439308 -0.033895567 0.099704551 58.203376470
0.100727129 0.019232347 -0.994728019 -49.850517509 0.031025099 0.999265684 0.022461713 1.650372231 0.994430342 -0.033124140 0.100057229 58.282558045
0.100633824 0.019661069 -0.994729270 -50.158565670 0.030608756 0.999269647 0.022847417 1.657454073 0.994452647 -0.032746729 0.099958590 58.322011995
0.101516608 0.019178103 -0.994648998 -50.788061358 0.030698121 0.999277319 0.022400461 1.669819859 0.994360845 -0.032807994 0.100854884 58.405575726
0.101227944 0.018082126 -0.994699402 -51.404214882 0.032144296 0.999253431 0.021436195 1.681034287 0.994344290 -0.034143986 0.100571442 58.484517042
0.101871017 0.018016425 -0.994634911 -51.712275647 0.032619722 0.999237207 0.021440795 1.687466292 0.994262753 -0.034629015 0.101206183 58.523978354
0.101128195 0.018804568 -0.994695773 -52.337370858 0.031858270 0.999246876 0.022129550 1.701625043 0.994362990 -0.033927283 0.100453229 58.598523129
0.100936661 0.019075216 -0.994710172 -52.984836397 0.031491547 0.999253544 0.022357902 1.715420599 0.994394438 -0.033581778 0.100260332 58.673344297
0.100640446 0.018777131 -0.994744952 -53.306266860 0.031328251 0.999266601 0.022031977 1.721584322 0.994429824 -0.033381001 0.099979010 58.717444110
0.099783002 0.016878871 -0.994865600 -53.962802255 0.031068979 0.999315730 0.020070501 1.731715869 0.994524096 -0.032912323 0.099190884 58.787943611
0.097625980 0.013044547 -0.995137504 -54.619409976 0.029162105 0.999447546 0.015961941 1.738118358 0.994796046 -0.030578667 0.097191259 58.858485364
0.096828554 0.010521396 -0.995245264 -54.958908406 0.028912171 0.999492241 0.013379144 1.740653128 0.994881433 -0.030070306 0.096475619 58.893899931
0.094445934 0.005071955 -0.995517359 -55.624556510 0.029438819 0.999535129 0.007885413 1.744911224 0.995094691 -0.030051621 0.094253413 58.960102799
0.094149943 0.003844064 -0.995550930 -56.290071596 0.027190935 0.999609873 0.006431121 1.756027589 0.995186746 -0.027675480 0.094008301 59.026227961
0.092437977 0.003694526 -0.995711619 -57.281607799 0.024110870 0.999691113 0.005947602 1.775495606 0.995426485 -0.024557336 0.092320899 59.123066322
0.093917291 0.004874163 -0.995568045 -57.951396549 0.023824523 0.999690138 0.007141867 1.791357356 0.995294912 -0.024389754 0.093772961 59.198136359
0.093352310 0.005282780 -0.995619216 -58.290792986 0.024512163 0.999669999 0.007602604 1.799150799 0.995331286 -0.025114582 0.093192831 59.233491343
0.093631845 0.004874633 -0.995594312 -58.973989826 0.025409918 0.999650104 0.007284249 1.812764766 0.995282588 -0.025980101 0.093476053 59.313222308
0.094421340 0.002826471 -0.995528602 -59.652881784 0.025477459 0.999661185 0.005254601 1.823242941 0.995206030 -0.025859722 0.094318072 59.383990160
0.094198734 0.001445102 -0.995552310 -59.996704875 0.024681450 0.999687526 0.003786514 1.827893761 0.995247986 -0.024928457 0.094134716 59.428379394
0.095240978 -0.001268203 -0.995453369 -60.688979521 0.024043830 0.999710293 0.001026774 1.837433822 0.995164097 -0.024032444 0.095244743 59.503793336
0.094608661 -0.004717536 -0.995503158 -61.372280487 0.024110074 0.999706144 -0.002446055 1.845679144 0.995222945 -0.023770345 0.094695712 59.583585129
0.095453266 -0.006382899 -0.995413614 -61.716111915 0.023349095 0.999718934 -0.004171564 1.849900072 0.995160274 -0.022843840 0.095575215 59.627979233
0.094419469 -0.005736763 -0.995515763 -62.417271628 0.022961468 0.999730074 -0.003583315 1.865303718 0.995268406 -0.022520209 0.094526442 59.698963557
0.093860265 -0.003233007 -0.995579797 -63.118366964 0.023228508 0.999729788 -0.001056613 1.884026527 0.995315190 -0.023026729 0.093910576 59.769910274
0.093972272 -0.002298016 -0.995571910 -63.462110942 0.023011818 0.999735126 -0.000135510 1.892756317 0.995309521 -0.022897245 0.094000898 59.814253291
0.094071842 -0.000063676 -0.995565092 -64.176575976 0.022497083 0.999744269 0.002061765 1.911210843 0.995311783 -0.022591331 0.094049791 59.889838508
0.094737537 0.000300137 -0.995502111 -64.904461509 0.021913252 0.999756453 0.002386785 1.926777747 0.995260955 -0.022040872 0.094708279 59.970091902
0.094711879 -0.000082435 -0.995504616 -65.266241654 0.021833383 0.999759193 0.001994436 1.933518171 0.995265731 -0.021924230 0.094690746 60.005731097
0.094674062 0.000551926 -0.995507985 -65.994116523 0.021842348 0.999758109 0.002631491 1.949634936 0.995268329 -0.021993441 0.094640334 60.085978261
0.095520940 0.001523429 -0.995425632 -66.712980288 0.022732416 0.999734056 0.003711368 1.966386475 0.995168081 -0.022982995 0.095461518 60.170581415
0.096496374 0.001594212 -0.995332309 -67.079104485 0.023338036 0.999719668 0.003863799 1.974243200 0.995060478 -0.023601974 0.096432854 60.215206603
0.097456521 0.001116138 -0.995239269 -67.798016144 0.024288737 0.999698599 0.003499575 1.988525363 0.994943866 -0.024514245 0.097401427 60.299837735
0.097547852 0.000150389 -0.995231045 -68.539300460 0.024902848 0.999686402 0.002591865 2.002324362 0.994919839 -0.025036925 0.097514271 60.384746621
0.097429679 -0.000130424 -0.995242099 -68.914433820 0.025310553 0.999676518 0.002346743 2.009646288 0.994920780 -0.025418848 0.097401728 60.425014687
0.097647793 0.001106680 -0.995219767 -69.642286390 0.025896059 0.999657480 0.003652421 2.026912763 0.994884345 -0.026129068 0.097585560 60.505248825
0.097886102 0.003011133 -0.995193154 -70.383473172 0.027022117 0.999618596 0.005682378 2.045740494 0.994830933 -0.027448553 0.097767567 60.590100733
0.098054771 0.003769525 -0.995174069 -70.758572988 0.027080453 0.999612370 0.006454576 2.054791983 0.994812578 -0.027582712 0.097915314 60.630349203
0.098913823 0.004996802 -0.995083170 -71.513140520 0.028121365 0.999574270 0.007814702 2.072781574 0.994698432 -0.028756201 0.098731495 60.719846068
