1.000000000 0.000000000 0.000000000 0.000000000 -0.000000000 1.000000000 0.000000000 0.000000000 -0.000000000 0.000000000 1.000000000 0.000000000
0.999997732 0.000719754 0.001702066 0.016798589 -0.000722578 0.999998390 0.001666600 0.018916128 -0.001701246 -0.001667777 0.999997418 0.809548111
0.999997616 -0.000537319 0.002340822 0.042208047 0.000524066 0.999984212 0.005626016 0.041654590 -0.002344149 -0.005624732 0.999981286 1.624277457
0.999993266 -0.001291383 0.003607040 0.055858026 0.001268645 0.999980185 0.006299340 0.050600940 -0.003615557 -0.006294632 0.999973279 2.020554072
0.999993675 -0.002545375 0.002522982 0.072572168 0.002529775 0.999977787 0.006186391 0.066428861 -0.002538961 -0.006179972 0.999977745 2.830165065
0.999986586 -0.004063223 0.003131406 0.092491132 0.004047160 0.999979149 0.005117530 0.080909129 -0.003152742 -0.005104769 0.999982042 3.653570422
0.999981669 -0.005049008 0.003314216 0.104117521 0.005030718 0.999972138 0.005512106 0.089834067 -0.003341824 -0.005495301 0.999979200 4.072122256
0.999975013 -0.005792228 0.004196001 0.132696546 0.005759221 0.999952923 0.007805452 0.109935625 -0.004241180 -0.007781073 0.999960153 4.900672218
0.999963835 -0.006719272 0.005186223 0.157978925 0.006672296 0.999937549 0.009029707 0.128026785 -0.005246665 -0.008994834 0.999945654 5.715496191
0.999955079 -0.008045646 0.004981206 0.174848209 0.007999916 0.999926570 0.009144267 0.136155174 -0.005054538 -0.009103988 0.999945199 6.125556384
0.999937319 -0.009978853 0.005046028 0.189534389 0.009935355 0.999914320 0.008568664 0.151801777 -0.005131765 -0.008517976 0.999950266 6.957445852
0.999939519 -0.010022498 0.004576616 0.212777328 0.009980045 0.999908408 0.009208093 0.169291862 -0.004668618 -0.009161814 0.999946758 7.794556848
0.999933669 -0.010259953 0.005264357 0.224446349 0.010204117 0.999892600 0.010508005 0.179775895 -0.005372235 -0.010453606 0.999930634 8.213076937
0.999936574 -0.010099822 0.004900069 0.239193199 0.010043936 0.999886091 0.011296148 0.197641209 -0.005013940 -0.011246214 0.999924234 9.044921228
0.999942858 -0.009589710 0.004843488 0.262364536 0.009538814 0.999901028 0.010414948 0.212512815 -0.004943003 -0.010368075 0.999933856 9.882085540
0.999947645 -0.009139019 0.004644622 0.265415036 0.009095472 0.999915356 0.009298460 0.218894676 -0.004729436 -0.009255754 0.999945442 10.295430092
0.999969614 -0.006561334 0.004291551 0.285257479 0.006532295 0.999956754 0.006737590 0.230576569 -0.004335671 -0.006709326 0.999968451 11.118892429
0.999986250 -0.005010594 0.001667360 0.286026218 0.005005634 0.999983315 0.002937627 0.240868739 -0.001683038 -0.002929214 0.999994465 11.954139718
0.999985124 -0.005099604 0.001685845 0.297625825 0.005094872 0.999983876 0.002784147 0.248814246 -0.001699998 -0.002775476 0.999995145 12.372711496
0.999998030 -0.001712725 0.001299389 0.303796513 0.001710020 0.999996546 0.002078828 0.264126490 -0.001303564 -0.002076598 0.999996585 13.199348709
0.999998264 0.001198496 0.000979851 0.313310305 -0.001201915 0.999993639 0.003419181 0.283148144 -0.000976112 -0.003420336 0.999993744 14.039677315
0.999997546 0.002256208 0.000583348 0.311223399 -0.002258996 0.999985619 0.004849635 0.294184314 -0.000572515 -0.004850818 0.999988189 14.461434958
0.999994437 0.003365630 0.000015635 0.329277553 -0.003365667 0.999970460 0.006955508 0.314449799 0.000006716 -0.006955535 0.999975120 15.306997301
0.999987469 0.005035992 0.000063352 0.345069896 -0.005036283 0.999964926 0.006703806 0.339355169 -0.000029434 -0.006704025 0.999977537 16.574447526
0.999977842 0.006678226 0.000193126 0.363070486 -0.006679472 0.999948819 0.007647272 0.357661791 -0.000142356 -0.007648374 0.999970853 17.420049755
0.999969990 0.007732656 -0.000387589 0.376006910 -0.007727182 0.999889584 0.012682950 0.383301167 0.000485855 -0.012679555 0.999919369 18.274010537
0.999975548 0.007008318 -0.000013104 0.391033521 -0.007007214 0.999842063 0.016330624 0.398024303 0.000127221 -0.016330135 0.999866745 18.706211234
0.999979898 0.006348748 -0.000174079 0.409197263 -0.006343727 0.999766394 0.020687972 0.422297461 0.000305150 -0.020686440 0.999785981 19.551691975
0.999977717 0.006746297 -0.000155524 0.427133630 -0.006741874 0.999772453 0.020249668 0.438255447 0.000291586 -0.020248089 0.999794966 20.397342026
0.999977715 0.006737308 -0.000219761 0.433437596 -0.006731803 0.999791821 0.019261750 0.445068623 0.000348846 -0.019259827 0.999814418 20.824444720
0.999982056 0.005757706 -0.001499701 0.451317666 -0.005730358 0.999828593 0.017648186 0.458967805 0.001601054 -0.017639207 0.999843101 21.670136692
0.999989251 0.004198289 -0.002147103 0.469330554 -0.004157231 0.999814473 0.018814386 0.477724166 0.002225587 -0.018805230 0.999820489 22.515729764
0.999991923 0.003534934 -0.002213012 0.475688084 -0.003492433 0.999814781 0.018951799 0.486496204 0.002278921 -0.018943877 0.999818141 22.942792571
0.999989395 0.004185158 -0.002111951 0.490366339 -0.004145901 0.999824841 0.018273527 0.501852975 0.002187613 -0.018264532 0.999830618 23.774687941
0.999970765 0.006814688 -0.003402073 0.496489475 -0.006757410 0.999839999 0.016567539 0.515426228 0.003514390 -0.016544107 0.999856450 24.601360562
0.999973322 0.006325806 -0.003643741 0.504809926 -0.006267755 0.999857322 0.015734312 0.522000967 0.003742388 -0.015711076 0.999869834 25.006193328
0.999976440 0.005078090 -0.004655544 0.502461842 -0.005009432 0.999881029 0.014624406 0.536858921 0.004729014 -0.014600733 0.999882021 25.827580727
0.999975035 0.004487811 -0.005558877 0.511876978 -0.004410818 0.999894873 0.013804815 0.552272670 0.005619803 -0.013779916 0.999889283 26.667982796
0.999978752 0.004850493 -0.004436736 0.520172286 -0.004795200 0.999912283 0.012410196 0.557927942 0.004496615 -0.012388647 0.999912789 27.072834283
0.999985392 0.003855202 -0.003938915 0.538856182 -0.003809963 0.999927417 0.011424713 0.571808418 0.003982906 -0.011409522 0.999926761 27.860210145
0.999989087 0.000903947 -0.004535084 0.555446611 -0.000850898 0.999931566 0.011684247 0.596485204 0.004545390 -0.011680199 0.999921386 29.069348535
0.999987025 0.000906357 -0.005034227 0.572201747 -0.000843672 0.999922898 0.012451053 0.613812255 0.005044939 -0.012446612 0.999910041 29.878929002
0.999978539 0.002344937 -0.006034720 0.575179912 -0.002267022 0.999915004 0.012881938 0.630921890 0.006064341 -0.012867990 0.999898853 30.691762693
0.999979130 0.002477681 -0.006089030 0.578267852 -0.002401101 0.999919266 0.012544431 0.638672957 0.006119108 -0.012529534 0.999902555 31.105079367
0.999976873 0.002737422 -0.006217145 0.594934170 -0.002666280 0.999932002 0.011424639 0.652751894 0.006247575 -0.011407818 0.999915660 31.914725971
0.999968023 0.005716322 -0.005661418 0.597822969 -0.005659968 0.999935435 0.009924643 0.666593427 0.005717305 -0.009892300 0.999934027 32.727626207
0.999952770 0.008265796 -0.005084899 0.606125930 -0.008221154 0.999928173 0.008734701 0.672528537 0.005156373 -0.008692457 0.999948988 33.132471996
0.999969208 0.006196952 -0.004787670 0.622770111 -0.006162928 0.999955954 0.007089518 0.685797944 0.004831050 -0.007059747 0.999963513 33.942135084
0.999984920 0.002427034 -0.004966155 0.634311320 -0.002383789 0.999960027 0.008691249 0.704980928 0.004986936 -0.008679245 0.999949916 34.760185622
0.999983151 0.004245177 -0.004026419 0.634246364 -0.004203252 0.999937487 0.010359199 0.715978545 0.004070283 -0.010342108 0.999938249 35.159669266
0.999986603 0.004556990 -0.002522661 0.656355623 -0.004523414 0.999903800 0.013161871 0.736576685 0.002582245 -0.013150282 0.999910701 35.960675269
0.999999013 -0.000601825 -0.000744777 0.675085704 0.000611469 0.999914834 0.013049401 0.752146181 0.000736476 -0.013049861 0.999914254 36.748016740
0.999999068 -0.001568892 -0.000882288 0.680117434 0.001578724 0.999934703 0.011307525 0.757000353 0.000863965 -0.011308880 0.999935323 37.139117615
0.999999352 -0.000589488 -0.000242345 0.691468982 0.000591595 0.999960520 0.008922092 0.769247365 0.000237509 -0.008922267 0.999959944 37.957309381
0.999996073 0.000137643 0.002854205 0.713493249 -0.000165932 0.999950968 0.009888663 0.786737310 -0.002852241 -0.009889067 0.999946919 38.758378672
0.999995006 0.000506993 0.003291703 0.718628555 -0.000541070 0.999946249 0.010360241 0.795379284 -0.003287081 -0.010361953 0.999941048 39.149402421
0.999989265 -0.000481332 0.004538357 0.745882053 0.000432491 0.999941937 0.010772854 0.811572970 -0.004543182 -0.010770742 0.999931837 39.941990247
0.999979139 -0.002734096 0.005835688 0.771134644 0.002667834 0.999932539 0.011324992 0.828574763 -0.005866661 -0.011309190 0.999918175 40.756836401
0.999977207 -0.003305594 0.005899421 0.779493355 0.003238780 0.999930939 0.011290175 0.836548688 -0.005937360 -0.011270760 0.999918882 41.161640676
0.999968183 -0.003179358 0.007316379 0.801464605 0.003097566 0.999933178 0.011161655 0.852099759 -0.007351559 -0.011138689 0.999910444 41.962749446
0.999962654 -0.003767536 0.007750400 0.823372451 0.003692312 0.999946237 0.009694555 0.865332176 -0.007786486 -0.009665594 0.999922917 42.763905427
0.999954554 -0.004661137 0.008295904 0.842716865 0.004590383 0.999953611 0.008527305 0.870741867 -0.008335467 -0.008488743 0.999929621 43.150895409
0.999952580 -0.004641388 0.008575891 0.862857756 0.004581384 0.999965249 0.006996647 0.883176308 -0.008608072 -0.006956984 0.999938627 43.916876717
0.999941679 -0.004667591 0.009729832 0.884695424 0.004589809 0.999957559 0.008004728 0.899903153 -0.009766699 -0.007959557 0.999920481 44.680218267
0.999930752 -0.005041167 0.010663313 0.892500824 0.004941617 0.999944718 0.009341770 0.909925819 -0.010709942 -0.009288449 0.999899635 45.066959973
0.999912012 -0.005068072 0.012282678 0.920883030 0.004903548 0.999898170 0.013392007 0.931920963 -0.012349251 -0.013330562 0.999834725 45.838856459
0.999891205 -0.005808692 0.013584727 0.950746282 0.005572357 0.999833761 0.017369458 0.953349561 -0.013683295 -0.017291823 0.999756317 46.589340484
0.999872025 -0.007046809 0.014359841 0.962749659 0.006780102 0.999805286 0.018536337 0.962868910 -0.014488274 -0.018436519 0.999725064 46.969286150
0.999852589 -0.007587600 0.015399312 0.993117850 0.007277331 0.999771541 0.020099725 0.980479795 -0.015549238 -0.019984699 0.999678971 47.737868763
0.999842343 -0.005686714 0.016807557 1.020656240 0.005359815 0.999796722 0.019433370 0.993899848 -0.016914462 -0.019340206 0.999669898 48.491918999
0.999839755 -0.005241292 0.017137186 1.033058414 0.004933050 0.999826135 0.017974669 0.998750207 -0.017228339 -0.017887174 0.999691623 48.871108948
0.999829911 -0.005742980 0.017520150 1.059304179 0.005495682 0.999885359 0.014129447 1.006435221 -0.017600042 -0.014030712 0.999747041 49.608105891
0.999844875 -0.005610590 0.016698356 1.084243092 0.005408909 0.999912957 0.012098309 1.018026613 -0.016765340 -0.012006096 0.999787524 50.385318931
0.999842388 -0.005929490 0.016760550 1.095664025 0.005727012 0.999910742 0.012100558 1.025498852 -0.016831664 -0.012002618 0.999785898 50.766157066
0.999813286 -0.006229013 0.018297532 1.123757257 0.006010256 0.999910553 0.011985792 1.039956601 -0.018370551 -0.011873609 0.999760579 51.519335387
0.999821224 -0.004856736 0.018287013 1.146053025 0.004644530 0.999921891 0.011624833 1.054183197 -0.018341800 -0.011537769 0.999765176 52.281877060
0.999821061 -0.004899967 0.018271103 1.164919117 0.004690360 0.999923614 0.011500714 1.061353566 -0.018327141 -0.011412939 0.999767023 52.669681977
0.999819779 -0.005605474 0.018159917 1.185650378 0.005399934 0.999921341 0.011343592 1.076124949 -0.018222635 -0.011243489 0.999770008 53.434764916
0.999849082 -0.004613452 0.016765093 1.215375181 0.004437272 0.999935350 0.010527774 1.089460018 -0.016812396 -0.010451780 0.999803799 54.204285378
0.999852744 -0.004792355 0.016474982 1.219874096 0.004617522 0.999933149 0.010632110 1.097112496 -0.016525134 -0.010554424 0.999807576 54.577308421
0.999876996 -0.004328349 0.015116906 1.242028192 0.004188657 0.999948256 0.009253849 1.109188569 -0.015156731 -0.009189352 0.999842701 55.321022243
0.999903386 -0.004197893 0.013239113 1.258474187 0.004073085 0.999947659 0.009442280 1.124301591 -0.013278770 -0.009387453 0.999867474 56.074032874
0.999915705 -0.003665572 0.012464515 1.274209081 0.003543193 0.999946045 0.009828808 1.132481582 -0.012499766 -0.009783811 0.999874089 56.466921949
0.999920711 -0.005683437 0.011206729 1.296017781 0.005568778 0.999932277 0.010235474 1.148149042 -0.011264141 -0.010172282 0.999884702 57.230285070
0.999939166 -0.004877003 0.009946589 1.316924220 0.004738737 0.999892834 0.013875443 1.169326705 -0.010013763 -0.013827427 0.999854525 57.995237566
0.999938414 -0.005152062 0.009811609 1.327313626 0.005011448 0.999885632 0.014305712 1.177581892 -0.009884414 -0.014255642 0.999849140 58.377761331
0.999955196 -0.004928794 0.008097499 1.344986111 0.004796936 0.999857134 0.016230370 1.196011357 -0.008175737 -0.016190788 0.999835123 59.147874500
0.999981314 -0.000104636 0.006147899 1.353678171 -0.000013926 0.999814547 0.019273397 1.216356859 -0.006148839 -0.019273063 0.999794985 59.913540379
0.999990446 -0.000782429 0.004312402 1.378385041 0.000707445 0.999849260 0.017351500 1.235865884 -0.004325677 -0.017348263 0.999839862 61.071428137
0.999996148 0.001307404 0.002467674 1.379389810 -0.001345075 0.999881859 0.015345347 1.247658397 -0.002447134 -0.015348612 0.999878644 61.830307533
0.999991822 0.003700722 0.001908149 1.379085618 -0.003727120 0.999895421 0.013967693 1.252937563 -0.001856414 -0.013974604 0.999900476 62.211035975
0.999987756 0.004506766 0.001984288 1.399274608 -0.004533156 0.999899129 0.013487468 1.267130982 -0.001924166 -0.013496283 0.999906632 62.976981468
0.999984700 0.005570243 0.000476945 1.411502675 -0.005576117 0.999894992 0.013399021 1.282017745 -0.000402728 -0.013401480 0.999909622 63.736802994
0.999979581 0.006342956 -0.000418572 1.413889893 -0.006336778 0.999891169 0.013340699 1.289457151 0.000503486 -0.013337773 0.999910990 64.113233520
0.999972654 0.007433812 -0.000504365 1.430994963 -0.007425846 0.999869877 0.014347731 1.306389188 0.000610366 -0.014343572 0.999896877 64.884227965
0.999984011 0.005418849 -0.001793558 1.446536347 -0.005390282 0.999864311 0.015612965 1.323895994 0.001877777 -0.015602998 0.999876072 65.657763066
0.999994499 0.002873029 -0.001751011 1.455928115 -0.002842573 0.999849689 0.017140726 1.334173408 0.001799900 -0.017135594 0.999851321 66.041947227
0.999995272 -0.000176661 -0.003035563 1.473092489 0.000235353 0.999812898 0.019351865 1.353274185 0.003031330 -0.019352467 0.999807544 66.812897514
0.999970346 0.006692557 -0.003795709 1.468020930 -0.006642236 0.999892355 0.013130459 1.357667935 0.003882718 -0.013104856 0.999907031 67.562414567
0.999915024 0.012157459 -0.004776656 1.462168472 -0.012121260 0.999898332 0.007545618 1.355606603 0.004867864 -0.007487000 0.999960382 67.932928695
0.999907046 0.012236696 -0.006005490 1.465881662 -0.012261399 0.999916463 -0.004100000 1.350928472 0.005955033 0.004173268 0.999973425 68.687038745
0.999941870 0.006407722 -0.008714275 1.483025881 -0.006526067 0.999886162 -0.013621836 1.350039156 0.008625875 0.013677863 0.999868663 69.457545278
0.999909403 0.009455548 -0.009627708 1.478555959 -0.009591518 0.999853915 -0.014179719 1.357000954 0.009492858 0.014270779 0.999852870 69.845045747
0.999814758 0.016534519 -0.009827485 1.466301745 -0.016607934 0.999834698 -0.007438296 1.384488582 0.009702885 0.007600147 0.999923930 70.625726000
0.999880324 0.012576766 -0.009038649 1.475922889 -0.012558067 0.999919356 0.002123064 1.416527364 0.009064345 -0.002009295 0.999956493 71.409174637
0.999892560 0.011053668 -0.009642471 1.480669785 -0.011000597 0.999924264 0.005541976 1.430218107 0.009703165 -0.005435312 0.999938037 71.800946370
0.999875320 0.010999303 -0.011350223 1.478178173 -0.010915931 0.999913784 0.007376297 1.448918516 0.011430238 -0.007251531 0.999907792 72.565640612
0.999874137 0.010831920 -0.011609008 1.478048278 -0.010768984 0.999927152 0.005471362 1.460752635 0.011667519 -0.005345612 0.999917598 73.307349093
0.999871865 0.010717773 -0.011886384 1.481480140 -0.010656074 0.999929922 0.005244572 1.467888815 0.011941860 -0.005117160 0.999915711 73.682084221
0.999848018 0.011810490 -0.012824407 1.481643426 -0.011738863 0.999915304 0.005649259 1.484383770 0.012889670 -0.005497807 0.999901775 74.461441079
0.999837527 0.011592140 -0.013816993 1.480144095 -0.011535038 0.999924807 0.004206827 1.497835596 0.013863659 -0.004046714 0.999895889 75.243412259
0.999841544 0.011601990 -0.013537805 1.485774395 -0.011548563 0.999925276 0.004019977 1.505326536 0.013583164 -0.003863024 0.999900196 75.633608659
0.999858838 0.010410711 -0.013199285 1.489055761 -0.010363920 0.999939771 0.003610705 1.520332150 0.013235642 -0.003473320 0.999905952 76.407891126
0.999841247 0.011407330 -0.013699628 1.488017155 -0.011370355 0.999932001 0.002771010 1.534410139 0.013730432 -0.002614792 0.999901980 77.170127130
0.999850617 0.011751548 -0.012659467 1.489874126 -0.011720122 0.999928887 0.002552459 1.541711327 0.012688259 -0.002403744 0.999916841 77.547411256
0.999853733 0.010443081 -0.013564939 1.498428176 -0.010409683 0.999942935 0.002531547 1.557009758 0.013590603 -0.002389955 0.999904779 78.313179902
0.999877126 0.007843649 -0.013564450 1.503945586 -0.007776956 0.999957707 0.004966659 1.576775803 0.013602229 -0.004860523 0.999895493 79.083962295
0.999885924 0.006359548 -0.013727467 1.502760177 -0.006262055 0.999955794 0.007132554 1.588334725 0.013772351 -0.007045790 0.999879845 79.466264442
0.999892987 0.003094056 -0.014299703 1.516361762 -0.002925067 0.999926579 0.011828055 1.611914809 0.014334596 -0.011784910 0.999827460 80.243079024
0.999900691 0.001417564 -0.014057311 1.528888914 -0.001192386 0.999871666 0.016014526 1.634708752 0.014078348 -0.015996124 0.999773073 81.021611186
0.999900121 0.000403420 -0.014147666 1.525549722 -0.000161886 0.999854550 0.017072477 1.644515496 0.014151338 -0.017068409 0.999754242 81.407352155
0.999894899 -0.000762311 -0.014488448 1.533767121 0.001038270 0.999818846 0.019047627 1.663725129 0.014471557 -0.019060640 0.999713432 82.192763587
0.999914691 -0.000832140 -0.013009431 1.538136858 0.001084518 0.999811517 0.019403590 1.680026588 0.012990552 -0.019416076 0.999726483 82.965318097
0.999914362 -0.000465650 -0.013097177 1.537336580 0.000709265 0.999826896 0.018603206 1.686416810 0.013086673 -0.018610868 0.999740879 83.346874702
0.999906335 0.000557264 -0.013639241 1.541619957 -0.000322410 0.999852597 0.017209425 1.699560102 0.013647129 -0.017203419 0.999758817 84.119493517
0.999903358 0.002231015 -0.013748517 1.539578247 -0.001991390 0.999847099 0.017416936 1.715460436 0.013785122 -0.017387859 0.999754100 84.883393987
0.999906700 0.003393477 -0.013253929 1.543667270 -0.003154565 0.999833716 0.018001783 1.724345670 0.013312976 -0.017958217 0.999749896 85.276114355
0.999912750 0.005487207 -0.012038844 1.539154801 -0.005251552 0.999795980 0.019521704 1.743124610 0.012143309 -0.019456719 0.999736363 86.063081781
0.999901869 0.007020081 -0.012121088 1.541966591 -0.006772533 0.999770780 0.020341530 1.760210716 0.012261489 -0.020257435 0.999719657 86.838172672
0.999900432 0.007092982 -0.012209792 1.540155010 -0.006843204 0.999769063 0.020378584 1.768123456 0.012351455 -0.020292992 0.999717544 87.221399848
0.999894069 0.006726502 -0.012937952 1.537599450 -0.006456398 0.999763351 0.020807407 1.784485223 0.013074159 -0.020721675 0.999699538 87.986141709
0.999905021 0.005101811 -0.012834212 1.542007720 -0.004818706 0.999747209 0.021991248 1.802195863 0.012943439 -0.021927273 0.999676034 88.758667525
0.999909247 0.004645903 -0.012652768 1.541770484 -0.004367263 0.999749086 0.021964087 1.809923608 0.012751610 -0.021906789 0.999678654 89.139346110
0.999903843 0.006402610 -0.012282687 1.542349783 -0.006155848 0.999780909 0.020027945 1.822379207 0.012407934 -0.019950385 0.999724361 89.917934430
0.999900531 0.007878970 -0.011710152 1.536496045 -0.007674597 0.999819365 0.017399174 1.833644141 0.011844942 -0.017307579 0.999779895 90.687884787
0.999900407 0.007209624 -0.012130655 1.539976114 -0.007012572 0.999844649 0.016216017 1.839512828 0.012244829 -0.016129316 0.999794561 91.081517363
0.999906918 0.007336483 -0.011530188 1.547985159 -0.007154466 0.999850569 0.015752252 1.854133354 0.011643655 -0.015668228 0.999809029 91.848150597
0.999907097 0.006841343 -0.011782674 1.551225698 -0.006646701 0.999842260 0.016477144 1.870676304 0.011893034 -0.016397263 0.999795298 92.603530122
0.999909381 0.006927014 -0.011562807 1.555189446 -0.006737166 0.999844011 0.016373873 1.878010667 0.011674325 -0.016294488 0.999798632 92.977410429
0.999923935 0.006112376 -0.010764811 1.569458429 -0.005951698 0.999872127 0.014893619 1.890522005 0.010854183 -0.014828337 0.999830775 93.733877178
0.999927166 0.004542986 -0.011175653 1.576296190 -0.004387870 0.999894706 0.013862347 1.903844916 0.011237827 -0.013812257 0.999841049 94.483366767
0.999935611 0.002794229 -0.010994011 1.576036545 -0.002647520 0.999907751 0.013338791 1.910753136 0.011029980 -0.013308766 0.999850528 94.864062039
0.999941740 -0.000326769 -0.010807466 1.592004873 0.000461169 0.999922633 0.012440607 1.924620354 0.010801464 -0.012444876 0.999864062 95.636820462
0.999943753 -0.001415005 -0.010497819 1.596352473 0.001544602 0.999923200 0.012339650 1.940112283 0.010480026 -0.012355121 0.999868707 96.409391455
0.999939725 -0.002331885 -0.010723149 1.597681383 0.002461473 0.999924241 0.012084656 1.947355205 0.010692736 -0.012110275 0.999869466 96.787527553
0.999953498 -0.002568365 -0.009324506 1.608869179 0.002681322 0.999922854 0.012127579 1.962705102 0.009292114 -0.012151974 0.999883308 97.549041221
0.999952316 -0.001630622 -0.009626736 1.614224694 0.001757177 0.999912580 0.013150026 1.979581053 0.009604601 -0.013166271 0.999867728 98.301010822
0.999947572 -0.001674956 -0.010079231 1.615611814 0.001817600 0.999898340 0.014153361 1.988952739 0.010054635 -0.014170870 0.999849354 98.679103575
0.999940977 -0.002926884 -0.010469920 1.624372197 0.003119944 0.999825379 0.018470101 2.011796790 0.010413719 -0.018501685 0.999773940 99.444718579
0.999943727 -0.000630202 -0.010578919 1.627300845 0.000881269 0.999717604 0.023749130 2.036186884 0.010561191 -0.023757103 0.999661554 100.200789109
0.999951977 0.002337578 -0.009574721 1.622300022 -0.002097352 0.999685135 0.025023846 2.046016946 0.009629237 -0.025002512 0.999640876 100.570210321
0.999955958 0.002139461 -0.009156053 1.640230723 -0.001926535 0.999729554 0.023204052 2.057666876 0.009203049 -0.023185364 0.999688760 101.320739108
0.999956509 -0.002801014 -0.008935944 1.649253383 0.002932086 0.999887897 0.014696246 2.057657251 0.008894107 -0.014721751 0.999852545 102.047374600
0.999946723 -0.004144540 -0.009454607 1.659795518 0.004231229 0.999949740 0.009174042 2.055275142 0.009416015 -0.009213627 0.999912945 102.410392533
0.999956443 -0.004110192 -0.008437592 1.668752481 0.004120679 0.999991511 0.001233567 2.055893382 0.008432192 -0.001268322 0.999963666 103.118143601
0.999957728 -0.004829102 -0.007781584 1.677661384 0.004840978 0.999987580 0.001504797 2.070976695 0.007774482 -0.001542318 0.999968612 103.845322562
0.999945593 -0.006754955 -0.008013929 1.686486996 0.006788524 0.999968408 0.004180712 2.082833122 0.007984940 -0.004234839 0.999959318 104.211453717
0.999943241 -0.005805096 -0.008972240 1.690202088 0.005875624 0.999951746 0.007853012 2.103538411 0.008926769 -0.007905319 0.999928691 104.928154425
0.999922220 -0.008646470 -0.009014383 1.699959198 0.008716354 0.999932260 0.007735309 2.117195607 0.008946705 -0.007813230 0.999929372 105.615917573
0.999914009 -0.009802595 -0.008701515 1.708025986 0.009867266 0.999924292 0.007411483 2.123585139 0.008628194 -0.007496704 0.999934904 105.964139190
0.999945088 -0.006141132 -0.008535018 1.707616192 0.006189067 0.999965761 0.005600942 2.134274608 0.008499827 -0.005653533 0.999947695 106.649256060
0.999963626 0.001504209 -0.008416351 1.703085214 -0.001456714 0.999983291 0.005643548 2.148275764 0.008424525 -0.005631015 0.999948896 107.341111786
0.999963551 0.003214071 -0.007905974 1.708078468 -0.003158005 0.999970377 0.007090131 2.157783692 0.007927975 -0.007064878 0.999943512 107.694374624
0.999963642 0.003687668 -0.007730919 1.720490201 -0.003644294 0.999978285 0.005626621 2.169225440 0.007750892 -0.005598213 0.999954542 108.396800591
0.999949608 0.004355694 -0.009102605 1.717926516 -0.004313493 0.999980014 0.004655795 2.181189203 0.009122224 -0.004616187 0.999947248 109.066423019
0.999945097 0.005173194 -0.009135105 1.718579573 -0.005125843 0.999973681 0.005203243 2.189029936 0.009161473 -0.005156122 0.999944394 109.407654452
0.999947267 0.006016913 -0.008365989 1.727919030 -0.005954670 0.999954872 0.007454087 2.206666523 0.008410303 -0.007403801 0.999937260 110.096187358
0.999938368 0.006803211 -0.008788017 1.727181496 -0.006717158 0.999930038 0.009789279 2.224623474 0.008853148 -0.009729690 0.999912789 110.782007036
0.999943495 0.005838735 -0.008857133 1.734232335 -0.005747866 0.999930839 0.010250841 2.232365622 0.008915472 -0.010199324 0.999908142 111.131902684
0.999947575 0.003974829 -0.009426344 1.745100880 -0.003885462 0.999948145 0.009481803 2.245131705 0.009462604 -0.009444649 0.999910715 111.836854043
0.999951554 0.003578742 -0.009239222 1.747490826 -0.003493428 0.999951800 0.009240120 2.258912645 0.009271659 -0.009207393 0.999914254 112.536525675
0.999951120 0.004176329 -0.008935419 1.753478711 -0.004091803 0.999947077 0.009460163 2.266288408 0.008974920 -0.009423073 0.999915086 112.888130355
0.999933124 0.004877521 -0.010486418 1.752652631 -0.004773263 0.999939406 0.009940835 2.281007239 0.010534817 -0.009890066 0.999895753 113.574015966
0.999927451 0.004400925 -0.011248417 1.759178685 -0.004285796 0.999938212 0.010244594 2.295052646 0.011293014 -0.010195617 0.999883836 114.248004286
0.999913852 0.004775880 -0.012242618 1.761891241 -0.004654875 0.999940253 0.009895406 2.301197559 0.012288784 -0.009837544 0.999876203 114.585867105
0.999914328 0.006086505 -0.011636608 1.772099344 -0.005990530 0.999947890 0.008264232 2.312094657 0.011686022 -0.008193789 0.999897610 115.272835666
0.999925687 0.006075162 -0.010594618 1.775946559 -0.005996444 0.999954786 0.007443055 2.324439556 0.010639323 -0.007378960 0.999916063 115.951112541
0.999919735 0.005975502 -0.011205148 1.780249037 -0.005893431 0.999955473 0.007349267 2.330969143 0.011248172 -0.007282509 0.999910272 116.286415169
0.999902561 0.006818162 -0.012210200 1.785214137 -0.006720581 0.999945101 0.008020776 2.345689261 0.012263510 -0.007937892 0.999893179 116.962942108
0.999892029 0.007396027 -0.012682992 1.788065080 -0.007289645 0.999938432 0.008418134 2.360106359 0.012744010 -0.008324725 0.999883663 117.642878361
0.999884049 0.007613883 -0.013184613 1.781755947 -0.007506240 0.999938118 0.008196727 2.366658185 0.013245890 -0.008096745 0.999879384 117.976324617
0.999853306 0.008616718 -0.014783002 1.788821091 -0.008522102 0.999942815 0.006449709 2.390618337 0.014837422 -0.006322754 0.999870251 119.314872369
0.999853866 0.008325883 -0.014915759 1.791545398 -0.008232513 0.999946523 0.006311023 2.397193001 0.014966953 -0.006187224 0.999868624 119.652726437
0.999870221 0.007274138 -0.014407441 1.791673122 -0.007179380 0.999952548 0.006621815 2.411317004 0.014454367 -0.006517510 0.999873712 120.318050949
0.999866977 0.007269813 -0.014642224 1.797648050 -0.007147839 0.999940168 0.008367318 2.427491104 0.014701733 -0.008261551 0.999857592 120.973975071
0.999861621 0.007454994 -0.014866638 1.797182567 -0.007314915 0.999928990 0.009458133 2.435963102 0.014936374 -0.009348094 0.999845227 121.298023582
0.999872279 0.005715868 -0.014942841 1.811780106 -0.005516918 0.999896374 0.013320530 2.468872470 0.015017110 -0.013236335 0.999800030 122.605606470
0.999873094 0.005368403 -0.015015788 1.809718416 -0.005158570 0.999889351 0.013979695 2.476729928 0.015088950 -0.013900466 0.999789179 122.932219853
0.999871031 0.004500090 -0.015390436 1.814473688 -0.004282928 0.999891155 0.014112045 2.489837440 0.015451447 -0.014044258 0.999781993 123.571036348
0.999879528 0.001230507 -0.015479306 1.815080446 -0.000992358 0.999881615 0.015382786 2.505257218 0.015495218 -0.015365561 0.999762031 124.216612050
0.999880299 -0.001291242 -0.015385528 1.826792994 0.001542391 0.999865702 0.016317835 2.513232149 0.015362414 -0.016339552 0.999748698 124.539974244
0.999869720 -0.001374561 -0.016057427 1.826216170 0.001644864 0.999857417 0.016834122 2.526904573 0.016031942 -0.016858325 0.999729280 125.168415458
0.999876373 0.001750718 -0.015608666 1.823027463 -0.001474065 0.999841965 0.017720490 2.541325068 0.015637081 -0.017695316 0.999720795 125.801095369
0.999879930 0.003642722 -0.015061146 1.823524091 -0.003387594 0.999850847 0.016933488 2.546475592 0.015120102 -0.016880442 0.999742805 126.123509939
0.999876462 0.003680767 -0.015251523 1.827336889 -0.003525367 0.999941843 0.010204099 2.547400107 0.015287772 -0.010149072 0.999831194 126.744553648
0.999873951 0.001946263 -0.015780374 1.836465003 -0.001872734 0.999987215 0.004678214 2.550176536 0.015789242 -0.004648097 0.999864259 127.357051788
0.999874231 0.001782707 -0.015772476 1.835292348 -0.001721760 0.999990974 0.003875418 2.555070541 0.015779083 -0.003847740 0.999868477 127.663152300
0.999873687 0.002685937 -0.015685636 1.835128530 -0.002655176 0.999995071 0.001983979 2.564593673 0.015691201 -0.001942163 0.999875028 128.290827214
0.999887608 0.004671580 -0.014252164 1.839447839 -0.004614502 0.999981645 0.004030695 2.581010964 0.014270723 -0.003964438 0.999889836 128.930427103
0.999889259 0.005281499 -0.013884746 1.841631679 -0.005204553 0.999971723 0.005572808 2.590104096 0.013913796 -0.005499962 0.999887786 129.250209037
0.999890785 0.005333000 -0.013770910 1.851310412 -0.005225378 0.999956205 0.007838227 2.606955894 0.013812004 -0.007765397 0.999873738 129.900163858
0.999887476 0.005768209 -0.013888203 1.850235042 -0.005644557 0.999944309 0.008925646 2.621649426 0.013938502 -0.008846249 0.999863032 130.529435066
0.999883906 0.005396428 -0.014288432 1.848571766 -0.005269969 0.999947441 0.008874965 2.627854371 0.014335208 -0.008798619 0.999858615 130.836359671
0.999880089 0.004238674 -0.014899039 1.849993936 -0.004102431 0.999949954 0.009161979 2.640648728 0.014937464 -0.009099741 0.999846818 131.442543980
0.999886731 0.003938178 -0.014497011 1.853081017 -0.003803272 0.999949891 0.009316963 2.653539698 0.014532841 -0.009260702 0.999850813 132.065045603
0.999894575 0.003868767 -0.014014349 1.856760495 -0.003741309 0.999951879 0.009113149 2.659569505 0.014048403 -0.009059729 0.999860393 132.382337554
0.999908912 0.004255636 -0.012841399 1.871569802 -0.004144469 0.999954245 0.008674532 2.671517139 0.012877195 -0.008620551 0.999879685 133.023884372
0.999914361 0.003723411 -0.012573295 1.870977947 -0.003612438 0.999954311 0.008837741 2.684639882 0.012605485 -0.008791511 0.999881737 133.652336777
0.999917286 0.003791241 -0.012273271 1.877297730 -0.003682145 0.999954178 0.008900343 2.690961014 0.012306412 -0.008854376 0.999884924 133.965368866
0.999923069 0.004355598 -0.011615133 1.877132164 -0.004251841 0.999950882 0.008947338 2.703450652 0.011652508 -0.008897156 0.999892487 134.574111738
0.999931625 0.004925745 -0.010650652 1.886520995 -0.004830123 0.999948556 0.008985811 2.715761544 0.010693630 -0.008933687 0.999902736 135.186415740
0.999936510 0.004692675 -0.010267576 1.887498844 -0.004598244 0.999947476 0.009200204 2.722287797 0.010309248 -0.009152319 0.999904562 135.489079873
0.999938017 0.004854447 -0.010032947 1.896829357 -0.004754126 0.999938791 0.009999660 2.735496397 0.010080734 -0.009951241 0.999899848 136.082493957
0.999949277 0.005152036 -0.008673514 1.903005168 -0.005058825 0.999929413 0.010744605 2.748855116 0.008728690 -0.010700164 0.999904456 136.681009700
0.999947922 0.005673079 -0.008477386 1.913535773 -0.005580173 0.999925106 0.010947785 2.755142659 0.008537904 -0.010899899 0.999904042 136.987236185
0.999947881 0.007249220 -0.007230570 1.919735088 -0.007160612 0.999900384 0.012212056 2.769360879 0.007318167 -0.012159567 0.999899657 137.585734428
0.999936136 0.008831679 -0.007048853 1.923812047 -0.008738872 0.999876620 0.013082119 2.782976254 0.007162699 -0.013019666 0.999889006 138.187648089
0.999927035 0.009894770 -0.006925196 1.926885468 -0.009802969 0.999865794 0.013175364 2.789125922 0.007053223 -0.013106470 0.999889052 138.486916746
0.999935173 0.009790175 -0.005829193 1.934621413 -0.009710267 0.999861427 0.013568079 2.801779947 0.005960864 -0.013510563 0.999890955 139.082894480
0.999947698 0.008796031 -0.005269733 1.941818804 -0.008712629 0.999839728 0.015663208 2.817022399 0.005405632 -0.015616491 0.999863517 139.660798655
0.999945412 0.009060186 -0.005171934 1.946492259 -0.008975111 0.999827742 0.016241722 2.823926525 0.005317547 -0.016194372 0.999854195 139.957499592
0.999952826 0.008958727 -0.003833513 1.951082521 -0.008893228 0.999820100 0.016790038 2.837060478 0.003982830 -0.016755085 0.999851963 140.558572270
0.999953226 0.009338200 -0.002411167 1.968475619 -0.009289792 0.999770159 0.019360272 2.853293576 0.002591030 -0.019336970 0.999809799 141.158034620
0.999941980 0.010585914 -0.002050877 1.967837475 -0.010541153 0.999730201 0.020727709 2.861512178 0.002269596 -0.020704842 0.999782797 141.444345012
0.999907888 0.013462785 -0.001559356 1.971259459 -0.013427346 0.999693414 0.020833101 2.873458452 0.001839695 -0.020810211 0.999781627 142.028271806
0.999773787 0.021287048 -0.000591310 1.973880533 -0.021273868 0.999627558 0.017091545 2.878398724 0.000955272 -0.017075057 0.999853790 142.594320399
0.999714621 0.023907600 -0.000308755 1.981600740 -0.023900038 0.999596402 0.015392564 2.881205022 0.000676620 -0.015380771 0.999881243 142.886000059
0.999706532 0.024215351 -0.000055667 1.991750872 -0.024212501 0.999619413 0.013252942 2.888911643 0.000376256 -0.013247708 0.999911606 143.458952961
0.999728061 0.023292036 -0.001001015 1.994521981 -0.023277480 0.999648605 0.012687644 2.899338729 0.001296917 -0.012660876 0.999918704 144.024889834
0.999728649 0.023306429 -0.000857300 2.004939064 -0.023293970 0.999651932 0.012452391 2.904505151 0.001147331 -0.012429020 0.999922221 144.312267508
