1.000000000 0.000000000 -0.000000000 -0.000000000 0.000000000 1.000000000 0.000000000 0.000000000 -0.000000000 0.000000000 1.000000000 -0.000000000
0.999998807 -0.001406229 0.000390817 0.008861145 0.001405966 0.999998299 0.000667272 0.000882449 -0.000392064 -0.000666725 0.999999174 0.313875786
0.999998560 -0.001130972 0.001111483 0.023719214 0.001128369 0.999996386 0.002346487 0.003263268 -0.001113284 -0.002345229 0.999996916 0.927040487
0.999987861 -0.004238430 0.002402103 0.047132051 0.004231330 0.999986725 0.002956862 0.003779151 -0.002414268 -0.002946659 0.999992127 1.545378238
0.999992056 -0.003094369 0.002288819 0.051059150 0.003085237 0.999987191 0.003983595 0.005297164 -0.002300831 -0.003976509 0.999989173 1.848089992
0.999995681 -0.000352843 0.002890912 0.055531468 0.000334703 0.999979763 0.006273167 0.008789021 -0.002892588 -0.006272172 0.999976044 2.439782197
0.999991198 -0.002460842 0.003407748 0.082009213 0.002440550 0.999979075 0.005944639 0.007688268 -0.003422130 -0.005936275 0.999976528 3.014396791
0.999986984 -0.003620743 0.003506161 0.088241676 0.003603323 0.999980667 0.004963093 0.005733100 -0.003523890 -0.004950394 0.999981012 3.293961144
0.999971000 -0.006664362 0.003588545 0.102022046 0.006648814 0.999968868 0.004328478 0.004136572 -0.003616210 -0.004304506 0.999984020 3.870246327
0.999975472 -0.006070448 0.003266138 0.119183545 0.006060307 0.999977101 0.003105469 0.001474213 -0.003285183 -0.003085602 0.999989930 4.460262294
0.999981421 -0.004841831 0.003598167 0.120758291 0.004835142 0.999986536 0.001866057 -0.000931759 -0.003607760 -0.001848621 0.999991919 4.747527614
0.999984268 -0.004176775 0.003670114 0.130399874 0.004170706 0.999989545 0.001661248 -0.001789002 -0.003676226 -0.001645915 0.999992167 5.330659070
0.999981533 -0.005404703 0.002732521 0.143666490 0.005397141 0.999980998 0.002768425 -0.000375624 -0.002746356 -0.002753626 0.999992084 5.907802515
0.999980389 -0.005973417 0.001998300 0.151731058 0.005967921 0.999978686 0.002749647 -0.000666894 -0.002014260 -0.002737668 0.999994498 6.203667088
0.999973806 -0.006843964 0.002070458 0.164475123 0.006840926 0.999975672 0.001472605 -0.003383599 -0.002080087 -0.001458410 0.999997098 6.781662730
0.999972947 -0.006780045 0.002741507 0.180324838 0.006778382 0.999976859 0.000613168 -0.005389770 -0.002745562 -0.000594567 0.999996124 7.354524743
0.999977831 -0.006281169 0.002054850 0.180071373 0.006280720 0.999979918 0.000223942 -0.006299642 -0.002055508 -0.000211035 0.999998047 7.625492529
0.999980063 -0.006103340 0.001676841 0.188916452 0.006104402 0.999980979 -0.000626963 -0.008270605 -0.001673205 0.000637188 0.999998419 8.190612822
0.999982698 -0.005651723 0.001413203 0.205524035 0.005653452 0.999982922 -0.001218602 -0.009780229 -0.001406381 0.001226567 0.999997863 8.742897923
0.999982654 -0.005626247 0.001559244 0.205270964 0.005628475 0.999982717 -0.001421348 -0.010370102 -0.001551319 0.001430099 0.999997340 9.013865980
0.999979301 -0.006413208 0.000708841 0.217979746 0.006414266 0.999978620 -0.001505012 -0.010983984 -0.000698999 0.001509526 0.999998440 9.553275859
0.999965986 -0.008152808 0.001193773 0.230690080 0.008153848 0.999966301 -0.000866857 -0.010337867 -0.001186006 0.000876563 0.999998429 10.092686808
0.999962807 -0.008519299 0.001034027 0.235612841 0.008519838 0.999963053 -0.000513752 -0.009946848 -0.001028957 0.000522533 0.999998860 10.355098643
0.999957791 -0.009084917 0.001372960 0.252976962 0.009086886 0.999957953 -0.001448342 -0.012039924 -0.001359146 0.001460756 0.999998044 10.886805915
0.999957332 -0.009109007 0.001491492 0.264370115 0.009113376 0.999953694 -0.002964114 -0.015117612 -0.001464598 0.002977578 0.999994773 11.409059189
0.999958808 -0.008884484 0.001507061 0.271878155 0.008889783 0.999953915 -0.003555872 -0.016376144 -0.001475415 0.003569128 0.999992440 11.667191095
0.999966986 -0.008038907 0.000862971 0.280406090 0.008043286 0.999954491 -0.005189645 -0.019647911 -0.000820802 0.005196410 0.999986084 12.174856810
0.999967352 -0.008041798 0.000233507 0.284517946 0.008043094 0.999948618 -0.006226035 -0.021874025 -0.000183680 0.006227703 0.999980455 12.670503135
0.999968482 -0.007860836 -0.000114580 0.286573886 0.007859894 0.999945957 -0.006744784 -0.022977082 0.000167572 0.006743675 0.999976752 12.918326306
0.999970770 -0.007527206 -0.000914922 0.294826526 0.007520359 0.999945103 -0.007272525 -0.024322483 0.000970598 0.007265433 0.999973019 13.407127735
0.999972923 -0.007301541 -0.000858853 0.302285164 0.007295096 0.999946816 -0.007281744 -0.024751606 0.000912276 0.007275289 0.999973034 13.877919726
0.999976890 -0.006697287 -0.000938224 0.304064614 0.006690307 0.999951094 -0.007255056 -0.024898295 0.000987067 0.007248608 0.999972953 14.106877787
0.999985364 -0.005184098 -0.001133165 0.311006492 0.005176130 0.999962509 -0.006926458 -0.024757508 0.001169664 0.006920494 0.999975471 14.578525967
0.999991745 -0.003625237 -0.001417789 0.317151781 0.003614797 0.999966269 -0.007301344 -0.025800440 0.001444481 0.007296163 0.999971596 15.032162924
0.999994190 -0.002794725 -0.001658728 0.318931207 0.002782573 0.999969259 -0.007285398 -0.025967130 0.001679598 0.007280737 0.999971975 15.261120969
0.999995580 -0.001552884 -0.002162774 0.325597741 0.001540152 0.999980921 -0.005879893 -0.023939976 0.002172300 0.005876538 0.999980506 15.713904829
0.999996485 -0.000823678 -0.002391343 0.332264965 0.000813731 0.999990484 -0.004158116 -0.021352823 0.002394811 0.004156155 0.999988544 16.166689165
0.999996583 -0.000840173 -0.002468464 0.335598627 0.000832095 0.999994255 -0.003274782 -0.020019247 0.002472001 0.003272714 0.999991082 16.393081366
0.999994762 -0.000180256 -0.003208982 0.336813504 0.000175160 0.999998874 -0.001587532 -0.017476619 0.003209403 0.001586963 0.999993372 16.835556798
0.999990512 0.001971546 -0.003770217 0.333091305 -0.001975211 0.999997742 -0.000968692 -0.016758424 0.003768717 0.000976131 0.999991780 17.266866107
0.999990323 0.002857423 -0.003310867 0.343151731 -0.002858133 0.999995294 -0.000209228 -0.015623686 0.003310409 0.000218685 0.999993841 17.482133967
0.999982834 0.004134948 -0.003972574 0.337602207 -0.004128314 0.999990314 0.001674697 -0.012689394 0.003980045 -0.001658266 0.999990054 17.897146353
0.999985333 0.003184105 -0.004184793 0.351474335 -0.003173317 0.999991258 0.002581521 -0.011478162 0.004193177 -0.002568200 0.999988028 18.299362092
0.999985929 0.002952218 -0.004344700 0.345693336 -0.002941872 0.999992377 0.002384339 -0.011976907 0.004351326 -0.002371524 0.999987135 18.482846259
0.999985137 0.002072950 -0.005037626 0.353829629 -0.002070329 0.999997883 0.000525570 -0.015533826 0.005039259 -0.000515125 0.999987451 18.855883158
0.999980523 0.001359140 -0.006129484 0.358068033 -0.001361605 0.999998980 -0.000398042 -0.017455004 0.006129208 0.000406380 0.999981516 19.216045463
0.999976290 0.001461431 -0.006720960 0.351770607 -0.001462217 0.999999096 -0.000112150 -0.017113839 0.006721468 0.000121976 0.999976793 19.400386050
0.999953772 0.004155506 -0.008598846 0.352666405 -0.004156701 0.999990746 -0.000121931 -0.017442013 0.008598406 0.000157671 0.999963077 19.785405569
0.999929147 0.005698058 -0.010408876 0.349658031 -0.005720621 0.999981112 -0.002138807 -0.021234439 0.010397059 0.002198200 0.999943439 20.157546163
0.999909580 0.005463223 -0.012278828 0.344909998 -0.005503541 0.999979449 -0.003252244 -0.023323003 0.012262061 0.003319533 0.999919213 20.339317568
0.999826702 0.004783684 -0.017969929 0.341901673 -0.004878366 0.999974591 -0.005228563 -0.027075430 0.017945286 0.005315327 0.999824425 20.711458195
0.999689181 0.004340341 -0.024548504 0.333206706 -0.004455918 0.999979606 -0.004655320 -0.026408844 0.024528009 0.004763264 0.999687558 21.093015338
0.999600826 0.003338763 -0.028027586 0.327427285 -0.003455090 0.999985320 -0.004103077 -0.025627591 0.028014451 0.004198282 0.999598454 21.276500592
0.999322608 -0.000233991 -0.036782455 0.308863955 0.000126388 0.999995807 -0.002927772 -0.023909877 0.036783061 0.002921141 0.999318900 21.635729483
0.998776864 -0.002544298 -0.049370092 0.279952633 0.002489708 0.999996249 -0.001167194 -0.021173951 0.049372442 0.001042846 0.998779604 22.012073350
0.998379064 -0.003011576 -0.056823612 0.265895661 0.003030410 0.999995065 0.000245309 -0.018894129 0.056822666 -0.000417106 0.998383680 22.209251166
0.997304860 -0.003016944 -0.073304867 0.217283179 0.003180688 0.999992709 0.002117153 -0.015928772 0.073298129 -0.002344610 0.997307057 22.579524489
0.995623005 0.000816113 -0.093452831 0.146890951 -0.000817118 0.999999953 0.000027490 -0.019824332 0.093452651 0.000048993 0.995623053 22.947144067
0.994578774 0.009219326 -0.103578571 0.099631683 -0.009564662 0.999950401 -0.002837806 -0.024814565 0.103547085 0.003813115 0.994616922 23.121905763
0.991920834 0.026087787 -0.124141797 0.004591545 -0.027636075 0.999559870 -0.010765619 -0.038155117 0.123806379 0.014109467 0.992205561 23.472282006
0.989064761 0.020645527 -0.146027839 -0.070747420 -0.023584650 0.999552156 -0.018424129 -0.051715101 0.145581907 0.021666655 0.989108819 23.828728802
0.987389411 0.016316337 -0.157468820 -0.107896317 -0.019828237 0.999587833 -0.020756802 -0.055960006 0.157065295 0.023617450 0.987305053 24.006098647
0.983109976 0.009430591 -0.182773108 -0.199024483 -0.013788162 0.999649378 -0.022584880 -0.059506314 0.182497033 0.024723539 0.982895599 24.369359194
0.977967658 -0.002095840 -0.208743220 -0.296638256 -0.002907173 0.999715413 -0.023657556 -0.061747326 0.208733863 0.023743184 0.977683917 24.724023394
0.974885438 -0.003876393 -0.222670749 -0.351932168 -0.001543073 0.999706476 -0.024159271 -0.062712536 0.222699158 0.023896191 0.974594040 24.892758170
0.966984630 -0.002175213 -0.254825726 -0.492328898 -0.004141786 0.999696863 -0.024250231 -0.063028855 0.254801763 0.024505041 0.966682423 25.221550838
0.957788286 0.006979186 -0.287389280 -0.648519806 -0.013559568 0.999689075 -0.020913078 -0.057371492 0.287154453 0.023927228 0.957585681 25.557153824
0.952760325 0.012366954 -0.303471424 -0.737241252 -0.018981648 0.999641607 -0.018856770 -0.053793230 0.303129253 0.023726419 0.952653227 25.723204144
0.941605415 0.013146189 -0.336459699 -0.903313473 -0.021475556 0.999547829 -0.021046420 -0.057594727 0.336031352 0.027043115 0.941461991 26.036469950
0.927640611 0.006908574 -0.373409327 -1.084665010 -0.015826566 0.999658059 -0.020821975 -0.057532450 0.373137830 0.025225055 0.927432587 26.355688578
0.920015064 0.004705902 -0.391853813 -1.181946361 -0.013635589 0.999707025 -0.020008772 -0.056259246 0.391644486 0.023751538 0.919809330 26.516562306
0.904602515 0.000850352 -0.426255995 -1.375471871 -0.009097115 0.999808355 -0.017311322 -0.051872661 0.426159824 0.019537596 0.904436509 26.836599913
0.889104546 -0.003823696 -0.457687740 -1.583520320 -0.002293178 0.999915146 -0.012808394 -0.044335755 0.457698089 0.012437568 0.889020744 27.142012402
0.880019781 -0.004557189 -0.474915360 -1.688320011 -0.000347233 0.999947821 -0.010238678 -0.039977437 0.474937589 0.009175171 0.879971577 27.296002705
0.859114369 -0.001266415 -0.511781031 -1.931116427 -0.002631151 0.999972387 -0.006891311 -0.034260861 0.511775953 0.007266999 0.859087860 27.581570820
0.837432706 -0.001439797 -0.546538338 -2.174714916 -0.002734883 0.999972649 -0.006824857 -0.034177999 0.546533969 0.007210077 0.837405631 27.849123931
0.825831350 -0.003130316 -0.563908533 -2.303121579 -0.000945921 0.999975538 -0.006936252 -0.034384500 0.563916910 0.006261584 0.825807671 27.984163635
0.802019864 -0.005155808 -0.597275256 -2.560212405 0.001147522 0.999974104 -0.007091110 -0.034661134 0.597296627 0.005001820 0.802005035 28.235377235
0.776921175 -0.003743351 -0.629586478 -2.836493028 -0.003300180 0.999944236 -0.010017915 -0.039658241 0.629589681 0.009860839 0.776865415 28.479660381
0.764133682 -0.005687142 -0.645032324 -2.966732966 -0.002403385 0.999929119 -0.011663413 -0.042478639 0.645052965 0.010462633 0.764065691 28.598399058
0.735615852 -0.003979290 -0.677387425 -3.262467419 -0.004653688 0.999929396 -0.010927818 -0.041129864 0.677382851 0.011190980 0.735544796 28.816895228
0.705909293 0.000651870 -0.708301598 -3.561061004 -0.008415402 0.999936656 -0.007466706 -0.035035173 0.708251653 0.011231466 0.705870314 29.020808034
0.691330599 0.002531392 -0.722534222 -3.716450926 -0.011392272 0.999907544 -0.007397148 -0.034810667 0.722449051 0.013345148 0.691295390 29.123169692
0.662098047 0.002063197 -0.749414718 -4.022058732 -0.012658233 0.999884658 -0.008430613 -0.036460760 0.749310056 0.015068198 0.662047314 29.319334170
0.629018865 -0.002179824 -0.777386916 -4.336740358 -0.007750111 0.999928719 -0.009074819 -0.037536003 0.777351446 0.011733055 0.628956936 29.511180208
0.611396583 -0.003828318 -0.791314779 -4.507690077 -0.004151836 0.999958747 -0.008045574 -0.035731353 0.791313534 0.008204446 0.611355024 29.600626825
0.578364850 -0.003117637 -0.815772253 -4.851654683 -0.000014095 0.999992949 -0.003831667 -0.028322414 0.815778327 0.002227597 0.578360675 29.782946108
0.548949139 -0.001177872 -0.835855140 -5.187345989 -0.001694515 0.999995072 -0.002522052 -0.025862040 0.835854507 0.002800850 0.548943990 29.951569900
0.533774078 -0.001821317 -0.845625430 -5.361162812 -0.000604139 0.999996661 -0.002535154 -0.025781466 0.845627215 0.001864070 0.533770830 30.026427657
0.500073833 -0.000022311 -0.865982432 -5.710628034 -0.005682808 0.999978442 -0.003307378 -0.026854216 0.865964710 0.006575148 0.500062915 30.159843319
0.465424359 -0.000851670 -0.885086881 -6.077730431 -0.011009897 0.999916102 -0.006751736 -0.032457171 0.885018805 0.012887154 0.465375589 30.283761571
0.448596589 -0.001341623 -0.893733186 -6.251829904 -0.015305850 0.999840533 -0.009183493 -0.036420223 0.893603375 0.017799075 0.448504888 30.339749971
0.413453099 -0.002310857 -0.910522068 -6.623107272 -0.019645948 0.999741627 -0.011458223 -0.039911068 0.910313736 0.022625556 0.413300240 30.431928111
0.377521919 -0.005579585 -0.925983540 -7.001108325 -0.014678698 0.999820477 -0.012008953 -0.040703079 0.925883789 0.018125951 0.377372260 30.535232717
0.360817481 -0.007152983 -0.932608319 -7.185312415 -0.011374989 0.999862102 -0.012069616 -0.040741465 0.932566419 0.014963333 0.360686525 30.588616934
0.330046002 -0.005734542 -0.943947268 -7.568757559 -0.007811797 0.999930333 -0.008806006 -0.034878008 0.943932725 0.010280295 0.329978320 30.681618326
0.300794448 -0.003031380 -0.953683940 -7.942370264 -0.006668362 0.999963983 -0.005281707 -0.028482855 0.953665630 0.007948220 0.300762617 30.758361764
0.286049318 -0.002704249 -0.958210689 -8.137478912 -0.008686647 0.999947945 -0.005415208 -0.028500291 0.958175077 0.009872651 0.286010544 30.791128266
0.258369387 0.000837531 -0.966045470 -8.535213635 -0.016490786 0.999857657 -0.003543632 -0.024710049 0.965905492 0.016846450 0.258346788 30.849778474
0.233594892 0.006832913 -0.972309504 -8.929835477 -0.020298346 0.999791242 0.002149391 -0.014339279 0.972122318 0.019234166 0.233685401 30.903300040
0.199862474 0.008620385 -0.979786325 -9.494177882 -0.017152795 0.999839001 0.005297931 -0.008404388 0.979673980 0.015747191 0.199977915 30.986242331
0.180460837 0.007635530 -0.983552222 -9.892950291 -0.009270515 0.999938776 0.006061790 -0.006854322 0.983538713 0.008024121 0.180520714 31.046602047
0.171340073 0.007669213 -0.985182436 -10.088057053 -0.005368032 0.999962055 0.006850679 -0.005341759 0.985197800 0.004114698 0.171374459 31.079369849
0.153542693 0.007937939 -0.988109866 -10.484520315 -0.004922954 0.999961035 0.007268167 -0.004194878 0.988129361 0.003748445 0.153575356 31.116584773
0.137967706 0.004560109 -0.990425308 -10.870882423 -0.005638300 0.999977085 0.003818666 -0.009782659 0.990420400 0.005057468 0.137990022 31.156401492
0.130878155 0.004730539 -0.991387038 -11.066269137 -0.009918657 0.999944203 0.003461958 -0.010123725 0.991348333 0.009380130 0.130917860 31.170301796
0.116251852 0.003001594 -0.993215138 -11.456010107 -0.011771318 0.999929532 0.001644095 -0.012805677 0.993149494 0.011500372 0.116278327 31.196389295
0.101999597 0.002518024 -0.994780859 -11.859996329 -0.008066275 0.999966229 0.001704081 -0.012323677 0.994752049 0.007850361 0.102016188 31.226717610
0.095113004 0.003810084 -0.995458459 -12.055379359 -0.007551061 0.999966171 0.003105859 -0.009674747 0.995437435 0.007221364 0.095138233 31.240620454
0.082204557 0.007942426 -0.996583647 -12.468947512 -0.001481285 0.999967508 0.007847219 -0.001027996 0.996614122 0.000831148 0.082213444 31.267492482
0.069310878 0.012471385 -0.997516493 -12.870336146 0.001966319 0.999918044 0.012638030 0.007794440 0.997592620 -0.002837385 0.069279930 31.293549354
0.062569793 0.014408959 -0.997936008 -13.071170512 0.000350312 0.999895312 0.014459259 0.011218844 0.998040897 -0.001254305 0.062558088 31.297143990
0.050567647 0.016075131 -0.998591239 -13.485022794 0.000522464 0.999869329 0.016122167 0.014621970 0.998720277 -0.001336997 0.050551734 31.305145641
0.040034721 0.017189740 -0.999049938 -13.904050673 0.003291374 0.999844203 0.017335321 0.017234204 0.999192223 -0.003982243 0.039971872 31.321703676
0.034669463 0.017930113 -0.999238047 -14.118618880 0.005855606 0.999818412 0.018143753 0.018912656 0.999381432 -0.006480165 0.034557317 31.328679252
0.024632692 0.021141019 -0.999473099 -14.537642139 0.012014392 0.999697601 0.021441899 0.025274885 0.999624380 -0.012536200 0.024371182 31.345240472
0.015636495 0.022034897 -0.999634403 -14.974302302 0.015571568 0.999630369 0.022278416 0.027326908 0.999756573 -0.015914180 0.015286995 31.352304470
0.011044024 0.021023804 -0.999717430 -15.182665223 0.012221932 0.999701674 0.021158443 0.025546436 0.999864399 -0.012452122 0.010783037 31.349008640
0.000986127 0.020315177 -0.999793268 -15.605875133 0.007287187 0.999767175 0.020321784 0.024540786 0.999973046 -0.007305708 0.000837661 31.333821696
-0.008450781 0.023224658 -0.999694424 -16.042808632 0.004758379 0.999719258 0.023184947 0.030109173 0.999952622 -0.004561022 -0.008558786 31.322022759
-0.013175063 0.023826036 -0.999628975 -16.260242292 0.004770654 0.999706428 0.023765083 0.031403548 0.999901624 -0.004455741 -0.013285971 31.314410613
-0.021274413 0.022957263 -0.999509628 -16.701841257 0.008121733 0.999707197 0.022788973 0.030231140 0.999740570 -0.007632951 -0.021453882 31.310307300
-0.030121546 0.019298371 -0.999359591 -17.171187412 0.011975984 0.999748904 0.018944938 0.024073198 0.999474451 -0.011397722 -0.030345609 31.294098673
-0.034506011 0.018141928 -0.999239799 -17.399769276 0.011396401 0.999776800 0.017758093 0.022262069 0.999339065 -0.010774978 -0.034705889 31.285587784
-0.040577571 0.016547350 -0.999038623 -17.863418143 0.005107025 0.999853382 0.016353399 0.020325104 0.999163339 -0.004438489 -0.040656560 31.259969981
-0.043812782 0.009096245 -0.998998018 -18.328114270 -0.001944239 0.999955800 0.009190237 0.008377974 0.999037441 0.002344948 -0.043793885 31.236055087
-0.045421391 0.003926896 -0.998959367 -18.563708913 -0.005606569 0.999975242 0.004185808 -0.000007940 0.998952456 0.005790857 -0.045398930 31.219796862
-0.049083695 -0.004813106 -0.998783042 -19.019850888 -0.008027257 0.999958304 -0.004424287 -0.014320007 0.998761592 0.007800334 -0.049120451 31.201054592
-0.051494781 -0.007672129 -0.998643518 -19.489712743 -0.003969920 0.999964412 -0.007477559 -0.019048040 0.998665431 0.003579482 -0.051524401 31.185702885
-0.052488268 -0.007861377 -0.998590149 -19.720362387 -0.002987273 0.999965496 -0.007715188 -0.019179528 0.998616343 0.002578099 -0.052510025 31.180616245
-0.054393245 -0.009219222 -0.998477048 -20.200330276 -0.000728040 0.999957167 -0.009193245 -0.021132893 0.998518701 0.000226877 -0.054398064 31.162659379
-0.057092926 -0.009675998 -0.998321966 -20.679778509 -0.000818549 0.999952696 -0.009645043 -0.021306171 0.998367956 0.000266511 -0.057098514 31.143848320
-0.058383864 -0.009254142 -0.998250633 -20.926505720 -0.002191073 0.999955998 -0.009141823 -0.020107605 0.998291837 0.001653512 -0.058401582 31.126702132
-0.059808049 -0.007339800 -0.998182565 -21.434724510 -0.004575172 0.999964524 -0.007078773 -0.015886606 0.998199310 0.004143493 -0.059839685 31.097505138
-0.061513822 -0.006993719 -0.998081318 -21.935942682 -0.001817376 0.999974437 -0.006894976 -0.014960811 0.998104151 0.001389749 -0.061525535 31.076047095
-0.062979961 -0.006876032 -0.997991178 -22.186293165 -0.000391770 0.999976507 -0.006864990 -0.014602869 0.998014699 -0.000041375 -0.062980886 31.064890132
-0.065217703 -0.007250239 -0.997843867 -22.685960465 0.002103741 0.999970127 -0.007403177 -0.014906804 0.997868940 -0.002582023 -0.065201065 31.040863928
-0.067155732 -0.006443503 -0.997721638 -23.215435809 0.002506909 0.999974442 -0.006626791 -0.012896639 0.997739431 -0.002946227 -0.067138274 31.008161434
-0.067481248 -0.005846393 -0.997703467 -23.473824399 0.000778725 0.999982202 -0.005912416 -0.011323670 0.997720035 -0.001175910 -0.067475462 30.990975164
-0.068082692 -0.005359855 -0.997664554 -23.991638216 -0.001276627 0.999984828 -0.005285202 -0.009567908 0.997678656 0.000913809 -0.068088765 30.958312854
-0.067172457 -0.006897083 -0.997717122 -24.518253996 0.002016260 0.999972609 -0.007048431 -0.011953659 0.997738615 -0.002485115 -0.067156622 30.940194020
-0.067074041 -0.007575959 -0.997719063 -24.783372888 0.004218361 0.999960359 -0.007876529 -0.013051848 0.997738759 -0.004737069 -0.067039852 30.934129654
-0.065946652 -0.008973309 -0.997782669 -25.332276968 0.007120185 0.999929621 -0.009463249 -0.015068615 0.997797939 -0.007728451 -0.065878303 30.914218922
-0.063733561 -0.012608389 -0.997886636 -25.877045292 0.004145219 0.999907747 -0.012898695 -0.020284663 0.997957956 -0.004958541 -0.063675567 30.887459829
-0.063018615 -0.013373674 -0.997922098 -26.159795174 0.001072460 0.999908108 -0.013468027 -0.020893063 0.998011343 -0.001918977 -0.062998233 30.871902317
-0.061282432 -0.011261533 -0.998056441 -26.730462218 -0.002443384 0.999935384 -0.011132697 -0.016150764 0.998117801 0.001756406 -0.061306424 30.849349410
-0.061332182 -0.005450241 -0.998102174 -27.318235533 -0.005414362 0.999972392 -0.005127749 -0.005028594 0.998102598 0.005089586 -0.061360331 30.816452657
-0.060891721 -0.003696529 -0.998137343 -27.604602908 -0.004171192 0.999985196 -0.003448909 -0.001787624 0.998135358 0.003953404 -0.060906961 30.806888354
-0.060033214 -0.003064904 -0.998191098 -28.189523141 -0.000964359 0.999995112 -0.003012442 -0.000321365 0.998195580 0.000781770 -0.060036074 30.788570792
-0.058702727 -0.008149139 -0.998242356 -28.765898574 0.003127124 0.999960109 -0.008347050 -0.008810032 0.998270189 -0.003611628 -0.058675795 30.775419407
-0.057863852 -0.012004484 -0.998252083 -29.062904674 0.004145092 0.999915909 -0.012264828 -0.015154468 0.998315973 -0.004847522 -0.057809123 30.764095150
-0.056592367 -0.021250848 -0.998170922 -29.636183107 0.001165545 0.999771198 -0.021351002 -0.029952591 0.998396235 -0.002371700 -0.056554970 30.745804173
-0.054817872 -0.027103269 -0.998128407 -30.208419185 -0.003300916 0.999630851 -0.026962877 -0.038720543 0.998490702 0.001816696 -0.054886758 30.725806906
-0.054649869 -0.028328883 -0.998103431 -30.503866947 -0.005157826 0.999591835 -0.028088704 -0.040234718 0.998491601 0.003612975 -0.054774777 30.711919636
-0.056395763 -0.023782590 -0.998125058 -31.089296719 0.000280741 0.999715683 -0.023836416 -0.032338555 0.998408687 -0.001624513 -0.056373236 30.694463242
-0.056783813 -0.015776952 -0.998261677 -31.677306510 0.006315591 0.999849574 -0.016161282 -0.018522847 0.998366310 -0.007222343 -0.056675921 30.681290405
-0.057189669 -0.012313699 -0.998287009 -31.972744526 0.005362135 0.999905333 -0.012640872 -0.012127031 0.998348663 -0.006075862 -0.057118589 30.667409854
-0.057003882 -0.005619442 -0.998357643 -32.571660130 0.000060448 0.999984248 -0.005632046 0.000689629 0.998373981 -0.000381398 -0.057002807 30.633618434
-0.056450734 0.004591070 -0.998394305 -33.166426880 -0.015410893 0.999866010 0.005469215 0.020936995 0.998286160 0.015694908 -0.056372894 30.592987682
-0.055808456 0.008102382 -0.998408098 -33.454859830 -0.017331790 0.999808886 0.009082508 0.027647603 0.998291049 0.017811136 -0.055657478 30.586849149
-0.056088473 0.006660411 -0.998403228 -34.047547926 -0.004028980 0.999968048 0.006897192 0.024302529 0.998417600 0.004409396 -0.056060275 30.581363083
-0.057066306 0.001094111 -0.998369732 -34.636104454 0.005699839 0.999983449 0.000770078 0.014358177 0.998354350 -0.005646600 -0.057072555 30.569025768
-0.057773337 -0.001836382 -0.998327869 -34.922999284 0.007138104 0.999971427 -0.002252487 0.009489068 0.998304410 -0.007256303 -0.057759248 30.560310281
-0.055996080 -0.007921788 -0.998399534 -35.501723016 0.000553110 0.999967609 -0.007965258 0.000366413 0.998430711 -0.000998246 -0.055989475 30.531715257
-0.054177049 -0.014795276 -0.998421615 -36.069303546 -0.009196980 0.999855088 -0.014317497 -0.009710734 0.998488453 0.008406753 -0.054305478 30.504015529
-0.054764155 -0.015080724 -0.998385603 -36.354640111 -0.009338649 0.999849340 -0.014590639 -0.009809581 0.998455944 0.008524540 -0.054897258 30.492736977
-0.057344651 -0.012409300 -0.998277246 -36.929964675 -0.001384886 0.999922717 -0.012350180 -0.005358086 0.998353571 0.000674261 -0.057358066 30.477885174
-0.057304556 -0.013040956 -0.998270943 -37.498291553 0.007266915 0.999882887 -0.013479220 -0.006581790 0.998329638 -0.008026760 -0.057203620 30.470770300
-0.056136131 -0.014463579 -0.998318320 -37.787770578 0.010427476 0.999832383 -0.015071906 -0.008921350 0.998368085 -0.011256041 -0.055976164 30.466335489
-0.054388163 -0.016172770 -0.998388571 -38.366208431 0.014212983 0.999754765 -0.016969176 -0.011380381 0.998418157 -0.015113044 -0.054145537 30.456612049
-0.053782255 -0.014390728 -0.998448801 -38.971862174 0.014835517 0.999774009 -0.015208900 -0.007594871 0.998442220 -0.015630520 -0.053557729 30.433937130
-0.053411133 -0.013076951 -0.998486261 -39.268857197 0.014620940 0.999797143 -0.013876248 -0.004949319 0.998465619 -0.015340007 -0.053209789 30.422620510
-0.052262429 -0.010378767 -0.998579009 -39.877613694 0.014650073 0.999830711 -0.011158572 0.000475653 0.998525703 -0.015212460 -0.052101641 30.405081217
-0.052430687 -0.009420391 -0.998579949 -40.494931107 0.016475414 0.999811041 -0.010297031 0.002775568 0.998488419 -0.016991947 -0.052265727 30.382364635
-0.052821591 -0.010178778 -0.998551431 -40.792965590 0.017836034 0.999779171 -0.011134859 0.001740946 0.998444997 -0.018398411 -0.052628372 30.372756300
-0.052963598 -0.014399610 -0.998492535 -41.390075111 0.019921651 0.999681336 -0.015473408 -0.004898470 0.998397905 -0.020711160 -0.052660990 30.355247159
-0.051417740 -0.017425747 -0.998525144 -41.978107216 0.018655456 0.999656099 -0.018406218 -0.009192739 0.998502860 -0.019574375 -0.051075324 30.342058937
-0.050724768 -0.017827515 -0.998553238 -42.284180137 0.015790727 0.999701164 -0.018650133 -0.009282333 0.998587389 -0.016713948 -0.050428559 30.326421066
-0.051177805 -0.017121268 -0.998542656 -42.884660845 0.008527893 0.999809094 -0.017580040 -0.006785928 0.998652740 -0.009415205 -0.051022722 30.295187996
-0.050036878 -0.014935456 -0.998635658 -43.469059364 0.003312606 0.999879855 -0.015120007 -0.001869583 0.998741464 -0.004064675 -0.049982534 30.276017659
-0.049639532 -0.013049866 -0.998681813 -43.757496133 0.003076779 0.999908247 -0.013218777 0.001741029 0.998762020 -0.003728934 -0.049595384 30.269876493
-0.049350431 -0.010908679 -0.998721777 -44.344482716 0.004452887 0.999927686 -0.011141877 0.006046928 0.998771045 -0.004997037 -0.049299131 30.254984166
-0.048208048 -0.013821133 -0.998741098 -44.909191016 0.003388767 0.999896478 -0.014000627 0.001853852 0.998830698 -0.004059471 -0.048156511 30.241876830
-0.047244864 -0.016388638 -0.998748437 -45.195567300 0.002864319 0.999859287 -0.016542340 -0.002135169 0.998879039 -0.003642298 -0.047191255 30.232306385
-0.044851084 -0.019757053 -0.998797762 -45.753271938 0.002608445 0.999798314 -0.019894022 -0.007153451 0.998989672 -0.003497594 -0.044790692 30.226940099
-0.044567853 -0.020779683 -0.998789933 -46.319528892 0.004226491 0.999770984 -0.020988705 -0.008316798 0.998997509 -0.005156792 -0.044470542 30.216402453
-0.044521796 -0.020837006 -0.998790700 -46.608487486 0.007042219 0.999750449 -0.021170895 -0.008246271 0.998983585 -0.007976281 -0.044363512 30.211113985
-0.043906478 -0.019921810 -0.998836954 -47.166183499 0.011294195 0.999726891 -0.020436026 -0.006264562 0.998971646 -0.012178277 -0.043670364 30.205753645
-0.042686064 -0.017983579 -0.998926329 -47.710145438 0.012798264 0.999745691 -0.018545255 -0.002346901 0.999006300 -0.013576111 -0.042444568 30.197012527
-0.042240893 -0.017228472 -0.998958890 -47.984335427 0.012145591 0.999768171 -0.017755974 -0.000660243 0.999033530 -0.012882950 -0.042021267 30.186631598
-0.042094638 -0.016631644 -0.998974838 -48.527782688 0.012940415 0.999768088 -0.017190083 0.000997511 0.999029735 -0.013650753 -0.041869581 30.177032855
-0.042224132 -0.016252208 -0.998976193 -49.074853036 0.019687380 0.999660345 -0.017095463 0.001964639 0.998913567 -0.020389114 -0.041890257 30.173423464
-0.042198580 -0.016703033 -0.998969664 -49.342558587 0.022704205 0.999585480 -0.017672347 0.001396004 0.998851035 -0.023426514 -0.041802229 30.171638075
-0.041630628 -0.017782746 -0.998974295 -49.856716018 0.024677327 0.999518517 -0.018820778 0.000129568 0.998827745 -0.025435519 -0.041171754 30.171570809
-0.040724297 -0.019607483 -0.998978153 -50.372704815 0.022267828 0.999540766 -0.020526341 -0.002200765 0.998922144 -0.023081009 -0.040269749 30.155203834
-0.040303952 -0.020163694 -0.998983846 -50.615016725 0.018767330 0.999604487 -0.020933340 -0.002677850 0.999011194 -0.019591964 -0.039909791 30.150076500
-0.039849025 -0.020657574 -0.998992164 -51.119858316 0.015456403 0.999653290 -0.021287864 -0.002712679 0.999086117 -0.016289136 -0.039516357 30.134607580
-0.039981816 -0.019956610 -0.999000446 -51.626767490 0.015800277 0.999662697 -0.020602137 -0.000907868 0.999074800 -0.016608201 -0.039653349 30.122563045
-0.040430146 -0.018970098 -0.999002218 -51.881255739 0.016924961 0.999663412 -0.019667658 0.001019358 0.999038697 -0.017703281 -0.040096063 30.118253060
-0.040273555 -0.017125245 -0.999041612 -52.383227860 0.020775928 0.999622347 -0.017972672 0.004628603 0.998972523 -0.021479812 -0.039902344 30.117374630
-0.039000400 -0.016274129 -0.999106676 -52.893241353 0.019812599 0.999658432 -0.017056542 0.006802878 0.999042318 -0.020460123 -0.038665454 30.110464643
-0.038392609 -0.016333886 -0.999128774 -53.147731623 0.018557008 0.999682432 -0.017056014 0.007090106 0.999090696 -0.019195740 -0.038078144 30.106153264
-0.038290320 -0.017467951 -0.999113401 -53.643500158 0.016506046 0.999699121 -0.018110808 0.005860428 0.999130134 -0.017184869 -0.037990660 30.095002257
-0.037549886 -0.018513092 -0.999122520 -54.140303372 0.014108276 0.999718392 -0.019054302 0.004830572 0.999195499 -0.014811437 -0.037278737 30.085562831
-0.037463699 -0.019295573 -0.999111765 -54.393242832 0.013653662 0.999709993 -0.019819091 0.003838070 0.999204332 -0.014384042 -0.037190509 30.078683248
-0.036848091 -0.020578763 -0.999108494 -54.892634072 0.014992601 0.999663742 -0.021143160 0.002227768 0.999208625 -0.015758320 -0.036527227 30.073521857
-0.036685746 -0.021026515 -0.999105508 -55.380879143 0.014956096 0.999655273 -0.021587307 0.002072971 0.999214473 -0.015734685 -0.036359523 30.069257807
-0.037152122 -0.021020955 -0.999088173 -55.632782088 0.015389491 0.999647643 -0.021605041 0.002370646 0.999190757 -0.016178136 -0.036815324 30.060667910
-0.036300157 -0.021719442 -0.999104922 -56.121545138 0.015838121 0.999625891 -0.022306162 0.001795760 0.999215182 -0.016633693 -0.035943213 30.057259209
-0.035654364 -0.022896847 -0.999102155 -56.597612365 0.014509887 0.999620236 -0.023426505 0.000456651 0.999258486 -0.015332141 -0.035309430 30.052178848
-0.035529330 -0.023258833 -0.999097999 -56.830849518 0.013863121 0.999621141 -0.023764009 0.000164716 0.999272092 -0.014694888 -0.035193595 30.051370600
-0.035385664 -0.023339212 -0.999100464 -57.317023963 0.013703938 0.999622104 -0.023836725 0.000640276 0.999279487 -0.014535105 -0.035052521 30.043684264
-0.035829607 -0.024053790 -0.999068143 -57.788950628 0.013850299 0.999602139 -0.024563400 0.000001881 0.999262295 -0.014717459 -0.035482973 30.031758853
-0.036085243 -0.024715574 -0.999042718 -58.019601134 0.013744821 0.999586891 -0.025225521 -0.000829607 0.999253774 -0.014641959 -0.035731776 30.026671619
-0.035121217 -0.025582015 -0.999055040 -58.462752154 0.013724404 0.999565946 -0.026077536 -0.001732283 0.999288652 -0.014627297 -0.034755334 30.025135651
-0.035143980 -0.025763608 -0.999049713 -58.924568251 0.013760133 0.999560206 -0.026260827 -0.001465351 0.999287746 -0.014670042 -0.034774335 30.015818527
-0.034857271 -0.025444862 -0.999068416 -59.156251600 0.013356066 0.999574454 -0.025923734 -0.000607019 0.999303318 -0.014247268 -0.034502803 30.012444138
-0.034808974 -0.025705424 -0.999063181 -59.610028248 0.012773198 0.999576286 -0.026163672 -0.000465115 0.999312597 -0.013672025 -0.034465772 30.009157247
-0.034348641 -0.025415227 -0.999086951 -60.071843310 0.012167610 0.999591395 -0.025846417 0.000641816 0.999336146 -0.013044347 -0.034025518 29.999840836
-0.034032200 -0.025208664 -0.999102653 -60.293417459 0.011812107 0.999601826 -0.025623556 0.001295477 0.999351005 -0.012673578 -0.033720629 29.999073791
-0.033570013 -0.024414802 -0.999137256 -60.746674488 0.012386731 0.999614304 -0.024842708 0.003187468 0.999359437 -0.013210029 -0.033255325 29.994932680
-0.033940718 -0.023589676 -0.999145714 -61.206418641 0.012278598 0.999636179 -0.024018371 0.005154756 0.999347943 -0.013083318 -0.033638988 29.982194178
-0.033835784 -0.023250338 -0.999156412 -61.427475056 0.012002262 0.999647515 -0.023668237 0.006028505 0.999355276 -0.012792970 -0.033544919 29.980571614
-0.032952221 -0.021980003 -0.999215056 -61.855337532 0.011543043 0.999682506 -0.022370891 0.008752046 0.999390534 -0.012271154 -0.032688586 29.973089188
-0.033168243 -0.021135674 -0.999226052 -62.282683457 0.011171811 0.999706131 -0.021516677 0.010735678 0.999387242 -0.011876847 -0.032923028 29.964750428
-0.033199234 -0.021809813 -0.999210923 -62.490010307 0.010263242 0.999701209 -0.022161561 0.009885383 0.999395285 -0.010990875 -0.032965366 29.959743977
-0.032885356 -0.022844568 -0.999197453 -62.894036482 0.009507839 0.999685865 -0.023168639 0.008680212 0.999413227 -0.010262084 -0.032658158 29.951483308
-0.032868306 -0.021511857 -0.999227646 -63.312306863 0.008890122 0.999722660 -0.021814892 0.011488993 0.999419967 -0.009600301 -0.032668094 29.947464176
-0.033023559 -0.020313161 -0.999248443 -63.519629770 0.007753608 0.999758187 -0.020579704 0.013838694 0.999424128 -0.008427416 -0.032858173 29.942460444
-0.032497792 -0.020317179 -0.999264908 -63.926241089 0.006808729 0.999765380 -0.020548814 0.014393074 0.999448646 -0.007471502 -0.032351593 29.938479797
-0.031533309 -0.021438011 -0.999272401 -64.310048628 0.006869534 0.999741826 -0.021664833 0.012968561 0.999479136 -0.007547710 -0.031378102 29.935433975
-0.031619775 -0.022102200 -0.999255352 -64.497156671 0.007517118 0.999722214 -0.022350398 0.012038925 0.999471323 -0.008218250 -0.031444993 29.935642490
-0.032052361 -0.020345973 -0.999278866 -64.888997758 0.007159210 0.999762706 -0.020585481 0.015529434 0.999460947 -0.007813875 -0.031899600 29.926570505
-0.031063268 -0.016870695 -0.999374673 -65.263203592 0.005921267 0.999837264 -0.017062559 0.021990150 0.999499170 -0.006447594 -0.030957994 29.926994603
