1.000000000 -0.000000000 -0.000000000 0.000000000 0.000000000 1.000000000 0.000000000 0.000000000 0.000000000 -0.000000000 1.000000000 0.000000000
1.000000012 -0.000027478 -0.000054265 0.002670868 0.000027436 1.000000744 -0.000310404 0.001906553 0.000054666 0.000310451 0.999999774 0.162214402
0.999999784 0.000605069 0.000455610 0.009433861 -0.000604060 0.999998187 -0.002237939 0.003315573 -0.000457464 0.002237714 0.999997554 0.476002811
0.999999206 0.000977663 0.000473141 0.015328218 -0.000975965 0.999993785 -0.003601408 0.005699262 -0.000476923 0.003600961 0.999993159 0.789285360
0.999999447 -0.000893749 0.000373486 0.019429002 0.000894949 0.999995343 -0.003193890 0.008661327 -0.000370978 0.003194275 0.999994549 0.940807258
0.999998540 0.000767241 0.001270327 0.025011301 -0.000762425 0.999993167 -0.003791539 0.012170085 -0.001274182 0.003790595 0.999992290 1.242413899
0.999994902 0.003059134 0.000879006 0.029958096 -0.003054257 0.999980735 -0.005539887 0.013379508 -0.000895185 0.005537234 0.999984137 1.520737248
0.999992691 0.003715108 0.000419813 0.031997839 -0.003712569 0.999975592 -0.005970311 0.014736524 -0.000442405 0.005968747 0.999982594 1.659642003
0.999980082 0.006220643 -0.000176297 0.029110553 -0.006221639 0.999960676 -0.006389716 0.018178730 0.000136037 0.006390730 0.999979443 1.933511118
0.999975285 0.006950081 -0.000335582 0.035168473 -0.006952596 0.999942684 -0.008236836 0.018879047 0.000278558 0.008239008 0.999965979 2.189506567
0.999977526 0.006681361 -0.000501808 0.036335728 -0.006685608 0.999937785 -0.008994709 0.019670910 0.000440756 0.008997925 0.999959363 2.327928655
0.999981323 0.005979233 -0.000929494 0.040418642 -0.005987442 0.999941325 -0.009044350 0.023754782 0.000874578 0.009049843 0.999958980 2.605717531
0.999981439 0.006051925 -0.000856168 0.047353556 -0.006059848 0.999937067 -0.009504563 0.026820042 0.000797763 0.009509629 0.999953945 2.862168537
0.999976174 0.006858507 -0.000704012 0.045036461 -0.006865389 0.999924558 -0.010269242 0.027591038 0.000632398 0.010273957 0.999946710 2.998626227
0.999977134 0.006720550 -0.000954262 0.052204355 -0.006731935 0.999899385 -0.012491057 0.027322300 0.000869554 0.012497341 0.999921422 3.232300703
0.999986960 0.004789662 -0.001335686 0.056996623 -0.004809694 0.999870669 -0.015376444 0.025563699 0.001261353 0.015382749 0.999881322 3.441697338
0.999991833 0.003596397 -0.001831229 0.058088678 -0.003625593 0.999862258 -0.016213016 0.025696455 0.001771591 0.016219610 0.999867121 3.545643645
0.999992123 0.003299224 -0.001944506 0.058867772 -0.003323809 0.999913739 -0.012742573 0.034855299 0.001902264 0.012749024 0.999917150 3.764078912
0.999979397 0.006421784 -0.000311585 0.063692397 -0.006424121 0.999947847 -0.008027341 0.046025197 0.000259541 0.008029206 0.999968023 3.973280817
0.999965013 0.008355898 -0.000307204 0.062734497 -0.008357957 0.999940306 -0.007117140 0.048982389 0.000246547 0.007119525 0.999975018 4.064543263
0.999930370 0.011685999 -0.001491715 0.059059407 -0.011699381 0.999889180 -0.009308032 0.048047133 0.001381976 0.009324892 0.999955150 4.246188969
0.999900113 0.014020510 -0.001638538 0.060607914 -0.014039545 0.999827904 -0.012196263 0.045973315 0.001466612 0.012218101 0.999924532 4.430798892
0.999899222 0.014152839 -0.001100505 0.063126406 -0.014166085 0.999813736 -0.013144296 0.045771744 0.000913642 0.013158650 0.999912868 4.524073628
0.999920989 0.012570530 -0.000400404 0.073080034 -0.012574796 0.999827461 -0.013736533 0.047394871 0.000226892 0.013740526 0.999905212 4.701880687
0.999933394 0.011526832 -0.000993974 0.074327768 -0.011538921 0.999847364 -0.013151556 0.050955597 0.000841411 0.013162129 0.999913355 4.874746780
0.999932046 0.011569237 -0.001188938 0.075664716 -0.011583707 0.999849334 -0.012955021 0.052513804 0.001037721 0.012967976 0.999914996 4.955844869
0.999923786 0.012277834 -0.001006827 0.081190310 -0.012289915 0.999839826 -0.013040692 0.054491617 0.000846069 0.013052070 0.999914614 5.096704986
0.999897989 0.014169684 -0.001758766 0.077450631 -0.014191112 0.999817874 -0.012814859 0.057136761 0.001575837 0.012838564 0.999916298 5.243811053
0.999880246 0.015296689 -0.002293924 0.073563132 -0.015323485 0.999808982 -0.012136129 0.059493570 0.002108038 0.012169913 0.999923686 5.321950045
0.999849371 0.017134937 -0.002854700 0.073000273 -0.017162891 0.999802594 -0.010078055 0.065094440 0.002681223 0.010125641 0.999945572 5.459317344
0.999824655 0.018548714 -0.002654316 0.075287711 -0.018571580 0.999789337 -0.008834928 0.068996776 0.002489567 0.008882808 0.999957715 5.575357014
0.999818928 0.018800325 -0.002738008 0.077421524 -0.018822967 0.999787571 -0.008491745 0.070291046 0.002577738 0.008541806 0.999959981 5.622464547
0.999814941 0.018909732 -0.003474040 0.076461097 -0.018937506 0.999787458 -0.008156151 0.072238356 0.003319075 0.008220480 0.999960790 5.713742204
0.999805695 0.019314448 -0.003902825 0.077483533 -0.019344424 0.999782790 -0.007770818 0.073941744 0.003751118 0.007844959 0.999961807 5.783179145
0.999808473 0.019214777 -0.003672465 0.076686719 -0.019243313 0.999784002 -0.007906009 0.074225679 0.003519094 0.007975310 0.999961892 5.817169399
0.999816801 0.018877978 -0.003077994 0.082300302 -0.018904003 0.999784566 -0.008630444 0.073711029 0.002914279 0.008687138 0.999957703 5.866268892
0.999822126 0.018575167 -0.003291997 0.084115849 -0.018604029 0.999787520 -0.008972504 0.073650655 0.003123598 0.009032201 0.999954036 5.901737867
0.999823303 0.018438441 -0.003479237 0.083559748 -0.018469386 0.999788994 -0.009044560 0.073690234 0.003311487 0.009107323 0.999952976 5.912905055
0.999821676 0.018590620 -0.003374517 0.087359285 -0.018620619 0.999786118 -0.009079627 0.073835888 0.003203987 0.009140826 0.999952899 5.926526536
0.999816967 0.018850136 -0.003146666 0.084505559 -0.018878089 0.999781482 -0.009083981 0.074164581 0.002974797 0.009141768 0.999954007 5.947874798
0.999817879 0.018802822 -0.003221487 0.087118571 -0.018831583 0.999781462 -0.009140017 0.074080243 0.003048026 0.009199018 0.999952925 5.949349602
0.999817991 0.018734151 -0.003536792 0.087989258 -0.018766036 0.999782119 -0.009232865 0.073925479 0.003362748 0.009297603 0.999951179 5.949843112
0.999821855 0.018575730 -0.003351950 0.090284055 -0.018608407 0.999777629 -0.009974911 0.072506495 0.003164850 0.010035583 0.999944780 5.939679056
0.999823634 0.018479455 -0.003240805 0.088539103 -0.018512942 0.999772658 -0.010627370 0.071386190 0.003042578 0.010685532 0.999937830 5.938713574
0.999832555 0.017976825 -0.003463393 0.089960860 -0.018016590 0.999767897 -0.011819063 0.069182081 0.003249541 0.011879503 0.999923801 5.928070166
0.999835250 0.017740492 -0.003790188 0.087346072 -0.017785510 0.999767918 -0.012174563 0.068556501 0.003572178 0.012240056 0.999918755 5.926606055
0.999831807 0.017936301 -0.003753841 0.091386622 -0.017980476 0.999766019 -0.012080917 0.068577785 0.003535560 0.012146475 0.999920485 5.917402662
0.999827808 0.018184586 -0.003705073 0.090516961 -0.018226976 0.999765347 -0.011745546 0.069142502 0.003490292 0.011811157 0.999924089 5.916902978
0.999826915 0.018163161 -0.003932104 0.089645623 -0.018208478 0.999765369 -0.011805913 0.069037297 0.003715667 0.011875427 0.999922213 5.916413385
0.999826568 0.018196920 -0.003975666 0.088774111 -0.018243153 0.999762855 -0.011909132 0.068862100 0.003757376 0.011979696 0.999921165 5.915924845
0.999826806 0.018205080 -0.003782330 0.088773835 -0.018249173 0.999762711 -0.011970926 0.068752112 0.003563574 0.012037918 0.999920979 5.915926502
0.999830234 0.018008607 -0.003833274 0.089645373 -0.018053031 0.999766618 -0.011865360 0.068937308 0.003618534 0.011932693 0.999922662 5.916414891
0.999830947 0.017944217 -0.003927644 0.089645598 -0.017989482 0.999768942 -0.011808320 0.069027298 0.003714333 0.011877058 0.999922472 5.916413535
0.999827256 0.018167948 -0.003908456 0.089645348 -0.018213156 0.999764306 -0.011869288 0.068927309 0.003690677 0.011938421 0.999921666 5.916415041
0.999827179 0.018179563 -0.003901434 0.089644873 -0.018225176 0.999762963 -0.011981335 0.068737332 0.003682795 0.012050392 0.999920582 5.916417903
0.999827319 0.018118814 -0.003963675 0.089644923 -0.018165132 0.999763990 -0.011971973 0.068757329 0.003745033 0.012042068 0.999920925 5.916417602
0.999828542 0.018070470 -0.004001215 0.089645173 -0.018117025 0.999765172 -0.011909260 0.068857318 0.003785115 0.011979771 0.999921686 5.916416096
0.999831019 0.017959627 -0.003927791 0.090516260 -0.018005314 0.999767457 -0.011911542 0.068862535 0.003712338 0.011980264 0.999921793 5.916907195
0.999830524 0.017974637 -0.003999351 0.090516461 -0.018020926 0.999767672 -0.011860455 0.068942525 0.003784650 0.011930628 0.999921933 5.916905990
0.999828762 0.018043381 -0.004113491 0.090516436 -0.018091116 0.999766645 -0.011867787 0.068932526 0.003898478 0.011940246 0.999920841 5.916906141
0.999826711 0.018138151 -0.004079860 0.090516661 -0.018185334 0.999765615 -0.011815352 0.069022516 0.003864429 0.011887613 0.999921719 5.916904785
0.999828206 0.018085054 -0.004078048 0.090516786 -0.018131950 0.999766326 -0.011787645 0.069072510 0.003863245 0.011859613 0.999922284 5.916904032
0.999830231 0.017959464 -0.004157806 0.091387648 -0.018007626 0.999768370 -0.011835159 0.068987738 0.003943856 0.011908054 0.999921723 5.917396487
0.999830029 0.017940446 -0.004136299 0.091387548 -0.017988458 0.999767807 -0.011861334 0.068947742 0.003921612 0.011933850 0.999920504 5.917397090
0.999830417 0.017945078 -0.004117924 0.091387773 -0.017992615 0.999769018 -0.011810052 0.069037732 0.003904678 0.011882250 0.999921983 5.917395734
0.999828771 0.018024496 -0.004148847 0.091387698 -0.018072465 0.999767053 -0.011824676 0.069007735 0.003934916 0.011897787 0.999922009 5.917396186
0.999828766 0.018034246 -0.004132276 0.091387623 -0.018082040 0.999767289 -0.011842330 0.068977739 0.003916701 0.011915106 0.999921311 5.917396638
0.999828605 0.018024883 -0.004100117 0.091387473 -0.018072526 0.999766842 -0.011878109 0.068917746 0.003884306 0.011950249 0.999921664 5.917397542
0.999831383 0.017911925 -0.004054379 0.092258710 -0.017958764 0.999768566 -0.011842320 0.068982956 0.003841517 0.011913163 0.999921606 5.917887738
0.999829289 0.017989413 -0.004051753 0.092258560 -0.018036453 0.999766974 -0.011881934 0.068922963 0.003835875 0.011953094 0.999921442 5.917888641
0.999828952 0.018024456 -0.004029813 0.092258535 -0.018071279 0.999766959 -0.011886992 0.068912964 0.003814444 0.011957928 0.999921268 5.917888792
0.999828432 0.018062301 -0.004021780 0.097169698 -0.018109016 0.999766037 -0.011898612 0.068749487 0.003805587 0.011969409 0.999921396 5.909179361
0.999828203 0.018049334 -0.004062510 0.097169623 -0.018096596 0.999765321 -0.011914525 0.068719491 0.003846587 0.011986105 0.999920506 5.909179812
0.999828604 0.018040610 -0.004063859 0.097169648 -0.018087878 0.999766260 -0.011909117 0.068729490 0.003847818 0.011980596 0.999920805 5.909179662
0.999828089 0.018102150 -0.004047350 0.097169472 -0.018149467 0.999764750 -0.011951868 0.068659498 0.003829023 0.012023359 0.999920485 5.909180716
0.999826390 0.018174067 -0.004043794 0.097169422 -0.018221337 0.999762811 -0.011967679 0.068639500 0.003824656 0.012039373 0.999920454 5.909181017
0.999826170 0.018191208 -0.004058173 0.097169222 -0.018238745 0.999762420 -0.012010756 0.068559509 0.003837449 0.012082685 0.999919945 5.909182222
0.999825825 0.018184811 -0.004037607 0.097169197 -0.018232142 0.999761582 -0.012020704 0.068549510 0.003817627 0.012092411 0.999920224 5.909182373
0.999827615 0.018113296 -0.004056814 0.098040310 -0.018160930 0.999763629 -0.012011965 0.068564726 0.003838130 0.012083625 0.999919583 5.909673322
0.999827850 0.018071718 -0.004035314 0.098040360 -0.018119045 0.999764498 -0.011996911 0.068584724 0.003816906 0.012067974 0.999919976 5.909673020
0.999829168 0.018060176 -0.004001314 0.098040184 -0.018107275 0.999764132 -0.012037713 0.068514732 0.003781863 0.012108201 0.999919154 5.909674075
0.999830249 0.018010261 -0.003971359 0.098040084 -0.018057007 0.999764606 -0.012061690 0.068474737 0.003752941 0.012131369 0.999919218 5.909674677
0.999829865 0.018019773 -0.003953028 0.098040034 -0.018066302 0.999764739 -0.012072334 0.068454739 0.003733359 0.012141782 0.999919396 5.909674978
0.999829718 0.018041696 -0.003936892 0.098040059 -0.018088042 0.999763608 -0.012067476 0.068464738 0.003717560 0.012136711 0.999919230 5.909674828
0.999829553 0.018044556 -0.003931131 0.098039959 -0.018090929 0.999764009 -0.012094690 0.068424742 0.003711774 0.012163806 0.999919482 5.909675430
0.999828865 0.018042138 -0.003918587 0.098039984 -0.018088324 0.999763920 -0.012088620 0.068434741 0.003698714 0.012157507 0.999919567 5.909675279
0.999829870 0.018025188 -0.003934243 0.098911022 -0.018071678 0.999764105 -0.012097891 0.068419961 0.003715080 0.012167005 0.999918928 5.910166680
0.999828478 0.018073912 -0.003952613 0.098910997 -0.018120621 0.999763062 -0.012102645 0.068409962 0.003732323 0.012172222 0.999918982 5.910166831
0.999829313 0.018062304 -0.003962893 0.098911047 -0.018109061 0.999762999 -0.012096421 0.068429959 0.003742937 0.012166137 0.999918823 5.910166530
0.999829473 0.018024343 -0.003950804 0.098911122 -0.018070921 0.999763781 -0.012075938 0.068459956 0.003732066 0.012145293 0.999919562 5.910166078
0.999830030 0.017964404 -0.003977643 0.098911047 -0.018011311 0.999765170 -0.012091589 0.068429959 0.003758953 0.012161187 0.999918463 5.910166530
0.999830185 0.017957322 -0.004002312 0.098910871 -0.018004747 0.999764812 -0.012132541 0.068359967 0.003783044 0.012202666 0.999917857 5.910167584
0.999830507 0.017972543 -0.004022049 0.098910846 -0.018020150 0.999763883 -0.012139385 0.068349969 0.003802998 0.012209886 0.999918322 5.910167734
0.999829143 0.017999383 -0.004013555 0.098910746 -0.018047093 0.999763175 -0.012163318 0.068309973 0.003793487 0.012233758 0.999917765 5.910168337
0.999830482 0.017971725 -0.003997001 0.098910646 -0.018019248 0.999763606 -0.012187671 0.068269978 0.003776561 0.012257766 0.999917168 5.910168939
0.999831306 0.017930763 -0.004035999 0.098910546 -0.017978860 0.999764018 -0.012207774 0.068229983 0.003815397 0.012278291 0.999917323 5.910169542
0.999830633 0.017958776 -0.004039614 0.098910521 -0.018006908 0.999764061 -0.012215160 0.068219984 0.003818924 0.012285820 0.999917703 5.910169692
0.999830186 0.017966943 -0.004031134 0.098910396 -0.018015148 0.999763482 -0.012244492 0.068169990 0.003809623 0.012315120 0.999917227 5.910170445
0.999829796 0.017971204 -0.004029791 0.098910371 -0.018019467 0.999762590 -0.012252400 0.068159991 0.003808326 0.012323048 0.999916966 5.910170596
0.999829673 0.017975949 -0.004031989 0.098910421 -0.018024133 0.999763363 -0.012238097 0.068179988 0.003810629 0.012308718 0.999916640 5.910170295
0.999830082 0.017971983 -0.004014980 0.098910446 -0.018019890 0.999763285 -0.012232635 0.068189987 0.003793568 0.012302924 0.999916956 5.910170144
0.999830905 0.017961939 -0.003980511 0.098910421 -0.018009506 0.999763383 -0.012238021 0.068179988 0.003759417 0.012307707 0.999916962 5.910170295
0.999828829 0.018024761 -0.003994428 0.098910396 -0.018072520 0.999762387 -0.012248382 0.068169990 0.003771914 0.012318462 0.999917322 5.910170445
0.999829650 0.018026391 -0.003986336 0.098910446 -0.018074036 0.999762202 -0.012236405 0.068189987 0.003764365 0.012306410 0.999917095 5.910170144
0.999828878 0.018034602 -0.004027974 0.098910496 -0.018082599 0.999761986 -0.012222593 0.068209985 0.003806552 0.012293477 0.999917500 5.910169843
0.999828377 0.018056494 -0.004037828 0.098910421 -0.018104761 0.999761230 -0.012242280 0.068179988 0.003815820 0.012313297 0.999916860 5.910170295
0.999829210 0.018019739 -0.004058443 0.098910371 -0.018068250 0.999762470 -0.012251829 0.068159991 0.003836354 0.012323092 0.999916875 5.910170596
0.999829915 0.017960468 -0.004044965 0.099781583 -0.018008726 0.999763140 -0.012220556 0.068215202 0.003824290 0.012291382 0.999917071 5.910660942
0.999830200 0.017971937 -0.004057064 0.099781483 -0.018020450 0.999763489 -0.012245339 0.068175206 0.003836125 0.012316443 0.999916397 5.910661545
0.999829529 0.017973422 -0.004070981 0.099781433 -0.018022146 0.999762645 -0.012255700 0.068155209 0.003849552 0.012327053 0.999916757 5.910661846
0.999830068 0.017972544 -0.004079060 0.099781408 -0.018021439 0.999762751 -0.012262379 0.068145210 0.003856733 0.012333904 0.999916905 5.910661997
0.999829886 0.017982656 -0.004073185 0.099781483 -0.018031326 0.999762443 -0.012243698 0.068175206 0.003851053 0.012315156 0.999916465 5.910661545
0.999829818 0.017957230 -0.004093349 0.099781383 -0.018006218 0.999762897 -0.012269459 0.068135211 0.003871268 0.012341111 0.999915853 5.910662147
0.999830308 0.017931399 -0.004102376 0.099781208 -0.017980680 0.999763529 -0.012307039 0.068065219 0.003880309 0.012378776 0.999915974 5.910663201
0.999831019 0.017906030 -0.004108277 0.099780908 -0.017955710 0.999762697 -0.012380348 0.067945233 0.003884891 0.012452088 0.999915003 5.910665009
0.999831648 0.017895697 -0.004103761 0.099780983 -0.017945159 0.999763422 -0.012360458 0.067975230 0.003881627 0.012432127 0.999914925 5.910664557
0.999831622 0.017913560 -0.004088166 0.099780733 -0.017963134 0.999762271 -0.012420112 0.067875241 0.003863538 0.012491474 0.999914369 5.910666063
0.999831377 0.017911986 -0.004065376 0.099780683 -0.017961364 0.999761480 -0.012434064 0.067855244 0.003841556 0.012505066 0.999914819 5.910666364
0.999831081 0.017930511 -0.004044778 0.099780683 -0.017979592 0.999761383 -0.012431014 0.067855244 0.003819875 0.012501735 0.999914903 5.910666364
0.999831411 0.017905837 -0.004047930 0.099780608 -0.017955041 0.999761730 -0.012450113 0.067825247 0.003823101 0.012520654 0.999914588 5.910666816
0.999831489 0.017883105 -0.004026759 0.099780958 -0.017931721 0.999763578 -0.012370153 0.067965231 0.003804390 0.012440409 0.999914875 5.910664707
0.999831908 0.017893286 -0.004018263 0.099781033 -0.017941755 0.999763223 -0.012348456 0.067995227 0.003795607 0.012418486 0.999915864 5.910664256
0.999831973 0.017885826 -0.004026789 0.099780908 -0.017934535 0.999762751 -0.012382051 0.067945233 0.003803562 0.012452290 0.999915054 5.910665009
0.999830852 0.017914976 -0.004040260 0.099780783 -0.017963847 0.999762110 -0.012410524 0.067895239 0.003816042 0.012481023 0.999914816 5.910665762
0.999831152 0.017909940 -0.004024572 0.099780883 -0.017958671 0.999762791 -0.012388754 0.067935234 0.003801200 0.012458998 0.999915267 5.910665159
0.999830615 0.017947090 -0.004034407 0.099781008 -0.017995731 0.999762215 -0.012356314 0.067985229 0.003810693 0.012426911 0.999916076 5.910664406
0.999830757 0.017953306 -0.004039272 0.099781158 -0.018001843 0.999762647 -0.012319496 0.068045222 0.003816614 0.012390224 0.999916170 5.910663503
0.999830908 0.017963209 -0.004027677 0.099781058 -0.018011731 0.999761999 -0.012344627 0.068005226 0.003804233 0.012415223 0.999916233 5.910664105
0.999829909 0.017965081 -0.004092557 0.099781058 -0.018014451 0.999762024 -0.012345479 0.068005226 0.003869158 0.012417196 0.999915256 5.910664105
0.999830242 0.017923946 -0.004130120 0.099781283 -0.017973549 0.999763324 -0.012291666 0.068095216 0.003908857 0.012363899 0.999916151 5.910662750
0.999831032 0.017919489 -0.004114882 0.099781258 -0.017968987 0.999763423 -0.012297912 0.068085217 0.003893154 0.012369766 0.999915661 5.910662900
0.999830404 0.017921969 -0.004136860 0.099781208 -0.017971762 0.999763575 -0.012307852 0.068065219 0.003914660 0.012380231 0.999916061 5.910663201
0.999830470 0.017921606 -0.004127962 0.099780958 -0.017971517 0.999762456 -0.012366495 0.067965231 0.003904360 0.012438716 0.999915156 5.910664707
0.999830351 0.017950684 -0.004120834 0.099780858 -0.018000535 0.999761757 -0.012391418 0.067925235 0.003896734 0.012463505 0.999914994 5.910665310
0.999830306 0.017968758 -0.004120834 0.099780858 -0.018018633 0.999761717 -0.012391618 0.067925235 0.003897006 0.012463823 0.999914997 5.910665310
0.999831141 0.017920274 -0.004115028 0.099780833 -0.017970121 0.999761971 -0.012400734 0.067915237 0.003890937 0.012472646 0.999914976 5.910665460
0.999830615 0.017926230 -0.004134735 0.099780658 -0.017976529 0.999761551 -0.012439908 0.067845245 0.003910265 0.012512178 0.999913695 5.910666515
0.999831616 0.017900276 -0.004124459 0.099780608 -0.017950482 0.999761733 -0.012447932 0.067825247 0.003900067 0.012519929 0.999913880 5.910666816
0.999831370 0.017896381 -0.004056877 0.100651670 -0.017945687 0.999761838 -0.012455497 0.067820465 0.003833257 0.012526227 0.999914224 5.911158066
0.999831661 0.017895061 -0.004042506 0.100651845 -0.017944011 0.999762238 -0.012415720 0.067890457 0.003818468 0.012486210 0.999914783 5.911157012
0.999832147 0.017871227 -0.004050537 0.100651895 -0.017920272 0.999763113 -0.012403300 0.067910455 0.003827536 0.012473904 0.999914643 5.911156711
0.999831064 0.017900713 -0.004027307 0.100651745 -0.017949538 0.999761545 -0.012437264 0.067850462 0.003803296 0.012507549 0.999914524 5.911157614
0.999831514 0.017909387 -0.004044789 0.100651770 -0.017958475 0.999761500 -0.012435414 0.067860461 0.003820919 0.012506011 0.999914969 5.911157464
0.999830869 0.017937053 -0.004075234 0.100651670 -0.017986526 0.999760744 -0.012455451 0.067820465 0.003850869 0.012526790 0.999914205 5.911158066
0.999830675 0.017940829 -0.004044857 0.100651470 -0.017990210 0.999760502 -0.012506939 0.067740474 0.003818673 0.012577720 0.999913813 5.911159271
0.999830464 0.017925383 -0.004022042 0.100651445 -0.017974442 0.999760594 -0.012510992 0.067730476 0.003796480 0.012581293 0.999914114 5.911159422
0.999830199 0.017976245 -0.004000111 0.100651420 -0.018025100 0.999759589 -0.012519450 0.067720477 0.003773053 0.012589438 0.999913991 5.911159572
0.999831350 0.017950510 -0.003950472 0.100651244 -0.017998840 0.999759219 -0.012557880 0.067650485 0.003723900 0.012626944 0.999913911 5.911160626
0.999831381 0.017930443 -0.003967429 0.100651320 -0.017978966 0.999760041 -0.012542545 0.067680481 0.003741960 0.012611826 0.999913281 5.911160175
0.999831507 0.017916697 -0.003984471 0.100651219 -0.017965525 0.999760360 -0.012561207 0.067640486 0.003757884 0.012630707 0.999913164 5.911160777
0.999831739 0.017904945 -0.003998809 0.100651119 -0.017954018 0.999759802 -0.012588285 0.067600491 0.003771603 0.012658074 0.999912414 5.911161379
0.999831715 0.017914605 -0.003998846 0.100651044 -0.017963717 0.999759998 -0.012602983 0.067570494 0.003771749 0.012672703 0.999912635 5.911161831
0.999831671 0.017887583 -0.004000167 0.100651119 -0.017936686 0.999760815 -0.012586376 0.067600491 0.003773575 0.012656075 0.999912765 5.911161379
0.999831360 0.017897101 -0.004015389 0.100651169 -0.017946262 0.999760607 -0.012573931 0.067620488 0.003788483 0.012643879 0.999913162 5.911161078
0.999831448 0.017906177 -0.004014047 0.100651144 -0.017955394 0.999759710 -0.012582139 0.067610490 0.003786387 0.012652226 0.999912906 5.911161229
0.999831998 0.017874784 -0.004029761 0.100650994 -0.017924436 0.999760278 -0.012614508 0.067550497 0.003803409 0.012684689 0.999912615 5.911162132
0.999831438 0.017883614 -0.004023990 0.100650719 -0.017933342 0.999759268 -0.012681751 0.067440509 0.003796352 0.012751913 0.999911237 5.911163789
0.999831474 0.017887650 -0.004032065 0.100650694 -0.017937520 0.999759337 -0.012686929 0.067430510 0.003804478 0.012757174 0.999911361 5.911163940
0.999831678 0.017887184 -0.004048238 0.100650419 -0.017937511 0.999758305 -0.012750814 0.067320523 0.003818370 0.012821338 0.999910183 5.911165596
0.999831757 0.017900066 -0.004046007 0.100650419 -0.017950344 0.999758290 -0.012752018 0.067320523 0.003816330 0.012822517 0.999910312 5.911165596
0.999831500 0.017879867 -0.004078241 0.100650444 -0.017930546 0.999758261 -0.012746135 0.067330522 0.003849155 0.012817213 0.999910410 5.911165446
0.999831842 0.017860929 -0.004107787 0.100650394 -0.017911997 0.999758443 -0.012754669 0.067310524 0.003878894 0.012826165 0.999909964 5.911165747
0.999832868 0.017810121 -0.004132811 0.100650644 -0.017861300 0.999760701 -0.012696784 0.067410513 0.003905044 0.012768430 0.999910974 5.911164241
0.999831615 0.017847306 -0.004148486 0.100650569 -0.017898778 0.999759872 -0.012713755 0.067380516 0.003919881 0.012785967 0.999910452 5.911164693
0.999831205 0.017859352 -0.004148089 0.100650419 -0.017910896 0.999758409 -0.012751465 0.067320523 0.003918702 0.012823668 0.999910148 5.911165596
0.999831771 0.017855511 -0.004136944 0.100650193 -0.017907166 0.999758215 -0.012804512 0.067230534 0.003907478 0.012876502 0.999909270 5.911166952
0.999831852 0.017848943 -0.004127578 0.100650093 -0.017900622 0.999757578 -0.012827739 0.067190538 0.003897082 0.012899561 0.999909193 5.911167554
0.999831605 0.017848147 -0.004105641 0.100650068 -0.017899552 0.999757672 -0.012834197 0.067180539 0.003875111 0.012905655 0.999909040 5.911167705
0.999832516 0.017839863 -0.004087323 0.100649993 -0.017891124 0.999757923 -0.012849941 0.067150543 0.003857115 0.012920957 0.999909295 5.911168157
0.999832754 0.017833723 -0.004083302 0.100649893 -0.017884993 0.999757333 -0.012876166 0.067110548 0.003852556 0.012947127 0.999908550 5.911168759
0.999832454 0.017822737 -0.004135258 0.100649918 -0.017874718 0.999758298 -0.012871128 0.067120546 0.003903884 0.012942982 0.999909022 5.911168608
0.999831261 0.017891378 -0.004175070 0.100649918 -0.017943828 0.999757099 -0.012868338 0.067120546 0.003943387 0.012941178 0.999908341 5.911168608
0.999831304 0.017908170 -0.004147316 0.100649868 -0.017960258 0.999756219 -0.012879513 0.067100549 0.003914978 0.012951924 0.999908101 5.911168910
0.999832218 0.017835772 -0.004120925 0.100649818 -0.017887625 0.999757561 -0.012891078 0.067080551 0.003890186 0.012962630 0.999908247 5.911169211
0.999832086 0.017844488 -0.004123561 0.100649968 -0.017896190 0.999758003 -0.012855364 0.067140544 0.003892549 0.012927008 0.999908469 5.911168307
0.999831710 0.017842898 -0.004121802 0.100649993 -0.017894510 0.999757905 -0.012848654 0.067150543 0.003891161 0.012920258 0.999909350 5.911168157
0.999832969 0.017821044 -0.004116457 0.100649818 -0.017872809 0.999757584 -0.012890186 0.067080551 0.003884625 0.012961673 0.999908456 5.911169211
0.999833009 0.017786623 -0.004107087 0.100649743 -0.017838234 0.999757991 -0.012911913 0.067050555 0.003876041 0.012983016 0.999908357 5.911169663
0.999833073 0.017797829 -0.004124128 0.100649668 -0.017849890 0.999757243 -0.012930174 0.067020558 0.003892342 0.013001632 0.999908233 5.911170114
0.999833300 0.017769880 -0.004128597 0.100649643 -0.017821906 0.999758330 -0.012931267 0.067010559 0.003897750 0.013002732 0.999908028 5.911170265
0.999833308 0.017748443 -0.004119592 0.100649768 -0.017800230 0.999758947 -0.012902486 0.067060553 0.003889361 0.012973757 0.999908039 5.911169512
0.999834216 0.017741431 -0.004102213 0.100649593 -0.017793202 0.999758609 -0.012945631 0.066990562 0.003871387 0.013016538 0.999908216 5.911170566
0.999834059 0.017714819 -0.004107665 0.100649192 -0.017767038 0.999758034 -0.013035752 0.066830580 0.003875460 0.013106711 0.999906626 5.911172976
0.999833895 0.017743142 -0.004094311 0.100648942 -0.017795377 0.999755902 -0.013098402 0.066730592 0.003859760 0.013169101 0.999906003 5.911174482
0.999834807 0.017726629 -0.004093894 0.100648817 -0.017778974 0.999756388 -0.013127913 0.066680598 0.003860004 0.013198589 0.999905576 5.911175235
0.999833965 0.017740951 -0.004084087 0.100648642 -0.017793432 0.999755003 -0.013171253 0.066610606 0.003849434 0.013241821 0.999904931 5.911176289
0.999833828 0.017732748 -0.004079653 0.100648392 -0.017785421 0.999754893 -0.013229088 0.066510617 0.003843484 0.013299542 0.999903791 5.911177795
0.999834477 0.017732253 -0.004085079 0.100648242 -0.017785048 0.999754422 -0.013264081 0.066450624 0.003848437 0.013334633 0.999903605 5.911178699
0.999834319 0.017750837 -0.004089171 0.100648041 -0.017803812 0.999753078 -0.013310582 0.066370633 0.003850953 0.013381301 0.999903212 5.911179904
0.999834423 0.017724447 -0.004051629 0.100647766 -0.017777268 0.999753070 -0.013372895 0.066260646 0.003813834 0.013442772 0.999902444 5.911181560
0.999833526 0.017787409 -0.004033247 0.100647816 -0.017839876 0.999751761 -0.013362942 0.066280644 0.003793693 0.013432715 0.999902312 5.911181259
0.999832878 0.017828698 -0.003981825 0.100647741 -0.017880553 0.999750981 -0.013385063 0.066250647 0.003742331 0.013454172 0.999902969 5.911181711
0.999833383 0.017830773 -0.003963028 0.100647641 -0.017882443 0.999750282 -0.013405821 0.066210652 0.003723129 0.013474528 0.999902429 5.911182313
0.999833801 0.017789374 -0.003973777 0.100647716 -0.017841173 0.999751164 -0.013390983 0.066240649 0.003734166 0.013459780 0.999903012 5.911181861
0.999833949 0.017748646 -0.003981910 0.100647391 -0.017800857 0.999751357 -0.013463488 0.066110664 0.003741622 0.013532222 0.999901917 5.911183819
0.999834218 0.017763654 -0.003950119 0.100647266 -0.017815455 0.999750777 -0.013494487 0.066060669 0.003708719 0.013562624 0.999900835 5.911184572
0.999834280 0.017765005 -0.003939408 0.100647140 -0.017816810 0.999750231 -0.013525023 0.066010675 0.003698442 0.013593017 0.999900488 5.911185325
0.999834278 0.017765742 -0.003941284 0.100646915 -0.017817710 0.999749035 -0.013578527 0.065920686 0.003698456 0.013646496 0.999900312 5.911186681
0.999834505 0.017763609 -0.003937296 0.100646740 -0.017815678 0.999748631 -0.013617750 0.065850694 0.003693958 0.013685715 0.999899763 5.911187735
0.999834925 0.017729217 -0.003930155 0.100646665 -0.017781284 0.999749016 -0.013637974 0.065820697 0.003686739 0.013705582 0.999899530 5.911188187
0.999835684 0.017685188 -0.003933752 0.100646640 -0.017737316 0.999750131 -0.013638261 0.065810699 0.003691036 0.013705881 0.999899803 5.911188337
0.999836338 0.017646218 -0.003921658 0.100646565 -0.017698290 0.999750558 -0.013660506 0.065780702 0.003679280 0.013727759 0.999898951 5.911188789
0.999835243 0.017683474 -0.003942667 0.100646690 -0.017735680 0.999750031 -0.013631246 0.065830696 0.003699945 0.013698946 0.999899253 5.911188036
0.999835356 0.017719387 -0.003957453 0.100646640 -0.017771867 0.999749088 -0.013640612 0.065810699 0.003714383 0.013708764 0.999899107 5.911188337
0.999836252 0.017665019 -0.003959259 0.100646540 -0.017717634 0.999749607 -0.013666120 0.065770703 0.003716291 0.013734128 0.999898508 5.911188940
0.999836049 0.017675388 -0.003971808 0.100646490 -0.017728244 0.999749708 -0.013674290 0.065750705 0.003728981 0.013742613 0.999898456 5.911189241
0.999835892 0.017636213 -0.004057336 0.100646390 -0.017690253 0.999750184 -0.013698090 0.065710710 0.003814377 0.013767705 0.999897695 5.911189843
0.999834977 0.017697822 -0.004057891 0.100646089 -0.017752185 0.999748086 -0.013768002 0.065590724 0.003812585 0.013837842 0.999897385 5.911191651
0.999834359 0.017748624 -0.004060129 0.100646089 -0.017803065 0.999746991 -0.013769898 0.065590724 0.003814223 0.013839984 0.999897303 5.911191651
0.999834864 0.017732487 -0.004032353 0.100646089 -0.017786579 0.999747064 -0.013772573 0.065590724 0.003786680 0.013842135 0.999896935 5.911191651
0.999834861 0.017718214 -0.004068648 0.100645964 -0.017772827 0.999747530 -0.013800693 0.065540730 0.003823193 0.013870705 0.999896451 5.911192404
0.999834946 0.017710241 -0.004059296 0.100645839 -0.017764784 0.999746984 -0.013829619 0.065490736 0.003812775 0.013899514 0.999896460 5.911193157
0.999835301 0.017657107 -0.004053946 0.100645664 -0.017711758 0.999747708 -0.013869151 0.065420744 0.003807509 0.013938774 0.999895535 5.911194211
0.999835454 0.017666169 -0.004042814 0.100645414 -0.017720946 0.999746560 -0.013927398 0.065320755 0.003795117 0.013996832 0.999894735 5.911195717
0.999835169 0.017672941 -0.004039229 0.100645414 -0.017727698 0.999746607 -0.013931710 0.065320755 0.003791623 0.014001109 0.999894531 5.911195717
0.999837012 0.017614046 -0.004031677 0.100645189 -0.017668916 0.999746531 -0.013983645 0.065230766 0.003783657 0.014052634 0.999893904 5.911197072
0.999836591 0.017604217 -0.004040629 0.100645164 -0.017659181 0.999746670 -0.013991128 0.065220767 0.003792445 0.014060293 0.999893572 5.911197223
0.999837136 0.017590800 -0.004020025 0.100645164 -0.017645374 0.999746618 -0.013985879 0.065220767 0.003773006 0.014054565 0.999893622 5.911197223
0.999837818 0.017524820 -0.004043794 0.100645239 -0.017579798 0.999748561 -0.013970898 0.065250764 0.003797570 0.014039832 0.999894899 5.911196771
0.999838199 0.017506085 -0.004036633 0.100645189 -0.017561002 0.999748790 -0.013983223 0.065230766 0.003790586 0.014051883 0.999894547 5.911197072
0.999838268 0.017497038 -0.004045100 0.100645139 -0.017552082 0.999748962 -0.013993020 0.065210768 0.003798514 0.014061819 0.999893378 5.911197374
0.999838582 0.017486173 -0.004031281 0.100645013 -0.017541206 0.999748417 -0.014021755 0.065160774 0.003783587 0.014090261 0.999893607 5.911198127
0.999838600 0.017460661 -0.004020993 0.100644988 -0.017515530 0.999748519 -0.014024579 0.065150775 0.003775137 0.014092751 0.999893714 5.911198277
0.999838907 0.017463936 -0.004033559 0.100644938 -0.017518955 0.999748739 -0.014039449 0.065130777 0.003786848 0.014107912 0.999893762 5.911198578
0.999838136 0.017504862 -0.004049694 0.100644738 -0.017560347 0.999747380 -0.014088435 0.065050787 0.003800873 0.014157305 0.999892360 5.911199783
0.999838927 0.017473909 -0.004043497 0.100644513 -0.017529433 0.999747193 -0.014137461 0.064960797 0.003795069 0.014206102 0.999892069 5.911201139
0.999838560 0.017505369 -0.004059159 0.100644488 -0.017561206 0.999746295 -0.014149032 0.064950798 0.003810311 0.014218115 0.999891465 5.911201289
0.999838212 0.017500265 -0.004039476 0.100644413 -0.017555903 0.999745524 -0.014163785 0.064920802 0.003790509 0.014232472 0.999891326 5.911201741
0.999838420 0.017516608 -0.004062351 0.100644338 -0.017572671 0.999745794 -0.014184029 0.064890805 0.003812717 0.014253164 0.999891390 5.911202193
0.999837947 0.017527701 -0.004071286 0.100644338 -0.017583834 0.999744783 -0.014184914 0.064890805 0.003821819 0.014254269 0.999890959 5.911202193
0.999839559 0.017454016 -0.004059218 0.100644363 -0.017510007 0.999746774 -0.014172529 0.064900804 0.003810031 0.014241391 0.999891819 5.911202042
0.999840144 0.017434645 -0.004065919 0.100644363 -0.017490702 0.999746831 -0.014173018 0.064900804 0.003816932 0.014241948 0.999891493 5.911202042
0.999839697 0.017451054 -0.004038596 0.100644413 -0.017506617 0.999746594 -0.014160380 0.064920802 0.003789387 0.014228931 0.999891766 5.911201741
0.999838947 0.017473277 -0.004026544 0.100644263 -0.017528809 0.999746116 -0.014198924 0.064860809 0.003776700 0.014267303 0.999891160 5.911202645
0.999839396 0.017463883 -0.004036901 0.100643962 -0.017519869 0.999745178 -0.014267825 0.064740823 0.003785990 0.014336307 0.999889899 5.911204452
0.999840420 0.017420957 -0.004044516 0.100643887 -0.017477148 0.999745552 -0.014285517 0.064710826 0.003793901 0.014354003 0.999889341 5.911204904
