1.000000000 -0.000000000 0.000000000 0.000000000 0.000000000 1.000000000 0.000000000 0.000000000 -0.000000000 0.000000000 1.000000000 0.000000000
1.000000397 -0.000002905 0.000018950 0.000000133 0.000002812 1.000000158 -0.000007771 -0.000009996 -0.000019309 0.000007654 0.999999278 0.000000256
0.999999826 -0.000043634 0.000048694 0.000001193 0.000043661 1.000000780 -0.000053088 -0.000089963 -0.000049017 0.000053048 0.999999546 0.000002304
0.999999766 -0.000067358 0.000074263 0.000000530 0.000067313 1.000000762 -0.000025537 -0.000039983 -0.000074690 0.000025575 0.999999591 0.000001024
1.000000051 -0.000115761 0.000057291 0.000000000 0.000115688 1.000000425 0.000001558 0.000000000 -0.000057077 -0.000001597 0.999999921 0.000000000
0.999999935 -0.000144024 0.000043052 -0.000000663 0.000143935 1.000000382 0.000027769 0.000049979 -0.000043906 -0.000027711 0.999999503 -0.000001280
0.999999870 -0.000198940 0.000079289 -0.000000530 0.000198850 1.000000666 0.000027270 0.000039983 -0.000079317 -0.000027255 1.000000294 -0.000001024
1.000000256 -0.000195225 0.000056925 -0.000000663 0.000195119 1.000000666 0.000029146 0.000049979 -0.000057262 -0.000029188 0.999999214 -0.000001280
1.000000185 -0.000194742 0.000065717 -0.000001458 0.000194611 1.000000652 0.000068999 0.000109954 -0.000065313 -0.000069022 0.999999968 -0.000002816
1.000000313 -0.000239114 0.000081815 -0.000002120 0.000239002 1.000000268 0.000100136 0.000159934 -0.000082091 -0.000100126 1.000000381 -0.000004096
0.999999853 -0.000302876 0.000082444 0.000870247 0.000302815 0.999999953 0.000118552 0.000213979 -0.000082364 -0.000118469 1.000000397 0.000482684
0.999999988 -0.000339477 0.000057508 -0.000001723 0.000339363 1.000000452 0.000080089 0.000129946 -0.000057745 -0.000080047 0.999999759 -0.000003328
0.999999562 -0.000330718 0.000074733 0.000869319 0.000330611 1.000000575 0.000157855 0.000283950 -0.000075012 -0.000157882 0.999999954 0.000480892
0.999999776 -0.000345456 0.000083867 0.000867463 0.000345382 1.000000336 0.000237815 0.000423892 -0.000084328 -0.000237733 1.000000169 0.000477308
1.000000291 -0.000373315 0.000005969 -0.000002518 0.000373189 1.000000150 0.000113430 0.000189921 -0.000006629 -0.000113399 1.000000127 -0.000004864
0.999999669 -0.000319753 0.000142824 -0.000822668 0.000319984 0.999997760 -0.002226391 -0.003802489 -0.000142363 0.002226495 0.999997766 -0.000390779
0.999999935 -0.000184159 0.000194087 0.001516444 0.000185120 0.999984493 -0.005700732 -0.009901040 -0.000193615 0.005700773 0.999983090 -0.010430358
1.000000191 -0.000087520 0.000169427 0.001536191 0.000088518 0.999978366 -0.006583344 -0.011390421 -0.000168797 0.006583361 0.999978489 -0.010392213
1.000000157 0.000192158 0.000137342 -0.000738644 -0.000191424 0.999982721 -0.005983637 -0.010139856 -0.000138513 0.005983630 0.999981719 -0.000228475
0.999999569 0.001081431 0.000006005 -0.001799510 -0.001081450 0.999988483 -0.004693552 -0.007372566 -0.000011499 0.004693572 0.999989081 0.022044841
0.999997047 0.002255089 -0.000249141 -0.005086572 -0.002256394 0.999985201 -0.004972981 -0.007023186 0.000237641 0.004973446 0.999987862 0.054575849
0.999996432 0.002668871 -0.000425170 -0.006104895 -0.002671237 0.999981150 -0.005576462 -0.007464563 0.000410993 0.005577618 0.999984068 0.076931341
0.999995351 0.002756742 -0.000913059 -0.006391242 -0.002763142 0.999972401 -0.006984940 -0.008659050 0.000893314 0.006987366 0.999975242 0.122626637
0.999999042 0.000729591 -0.000826863 -0.001068916 -0.000737139 0.999959750 -0.009026673 -0.010545555 0.000819551 0.009027228 0.999958611 0.182928896
0.999999806 -0.000490046 -0.000510273 0.000903537 0.000484605 0.999947029 -0.010295009 -0.011781110 0.000515868 0.010294719 0.999946725 0.218429477
0.999999499 -0.000837733 0.000794083 0.006074605 0.000847590 0.999919907 -0.012696337 -0.013655112 -0.000783418 0.012696946 0.999918779 0.301563768
0.999998779 0.001165645 0.000853562 0.000930507 -0.001154268 0.999911049 -0.013346244 -0.011903638 -0.000869997 0.013345160 0.999910008 0.413239853
0.999998512 0.001573768 0.000194557 0.000082252 -0.001571281 0.999918859 -0.012696969 -0.009340467 -0.000215157 0.012696642 0.999919312 0.470011006
0.999997234 0.002289177 -0.000702822 -0.000896594 -0.002297182 0.999931099 -0.011552636 -0.003887683 0.000676199 0.011554235 0.999932994 0.606865469
0.999998061 0.001625031 0.001002545 0.004984576 -0.001612972 0.999927618 -0.011998160 -0.000429020 -0.001022469 0.011996504 0.999927526 0.770508664
0.999996017 0.001213679 0.002347731 0.006970936 -0.001185235 0.999926340 -0.012123390 0.001722323 -0.002362863 0.012120480 0.999923386 0.863247466
0.999995228 -0.000165388 0.003184691 0.012662812 0.000200946 0.999937530 -0.011200487 0.008062298 -0.003182598 0.011201047 0.999932263 1.049649221
0.999996157 0.000985283 0.002729754 0.012710175 -0.000953535 0.999932170 -0.011648716 0.015273332 -0.002741691 0.011646055 0.999927825 1.358921703
0.999990999 0.001748832 0.003779563 0.014605429 -0.001706079 0.999935318 -0.011302137 0.021771985 -0.003798805 0.011295579 0.999928698 1.589031443
0.999988302 0.002099119 0.004409161 0.017589372 -0.002047304 0.999929343 -0.011749475 0.027840681 -0.004433484 0.011740305 0.999921048 1.854132969
0.999988340 0.002697631 0.004036724 0.017525037 -0.002647139 0.999918842 -0.012476595 0.030168831 -0.004069627 0.012465757 0.999913958 1.991555619
0.999987683 0.004569430 0.002140275 0.015983430 -0.004541540 0.999907502 -0.012860667 0.036919412 -0.002198737 0.012850811 0.999914768 2.277031214
0.999978562 0.006446713 0.000000454 0.009097712 -0.006446050 0.999858747 -0.015561566 0.040239519 -0.000100935 0.015561202 0.999878954 2.582498037
0.999982464 0.005742317 -0.001606288 0.010289095 -0.005769586 0.999831051 -0.017452598 0.040935702 0.001505718 0.017461606 0.999845731 2.732110904
0.999968496 0.006246592 -0.004889522 0.002335355 -0.006336171 0.999809234 -0.018505792 0.047562875 0.004772722 0.018536191 0.999816667 3.059837218
0.999972169 0.003543827 -0.006509964 0.004450501 -0.003656244 0.999844066 -0.017326867 0.057744099 0.006447061 0.017350134 0.999828773 3.381670217
0.999968599 0.002448437 -0.007524781 0.005067252 -0.002572822 0.999859636 -0.016553233 0.063157543 0.007482961 0.016572044 0.999835100 3.542334367
0.999933613 0.004905999 -0.010405420 -0.003405722 -0.005087464 0.999834692 -0.017477178 0.070323713 0.010317618 0.017528926 0.999792743 3.881218971
0.999927339 0.005386941 -0.010771572 -0.006258758 -0.005596700 0.999794616 -0.019523443 0.075948218 0.010663692 0.019582293 0.999751298 4.234732298
0.999923804 0.006498483 -0.010462564 -0.006642439 -0.006708676 0.999774376 -0.020179079 0.079570846 0.010329031 0.020247811 0.999741211 4.417786500
0.999887310 0.010653366 -0.010512539 -0.011476948 -0.010849983 0.999764658 -0.018816400 0.091547085 0.010309509 0.018928346 0.999767533 4.792993180
0.999895692 0.010049892 -0.010372581 -0.007972065 -0.010214459 0.999821570 -0.015929012 0.105819762 0.010209817 0.016033290 0.999819599 5.161362425
0.999912022 0.007846105 -0.010703062 -0.003193773 -0.007986784 0.999881869 -0.013155308 0.115214400 0.010597787 0.013239591 0.999855908 5.347197784
0.999886852 0.007769262 -0.012897257 -0.006321319 -0.007898623 0.999919575 -0.010002505 0.130147547 0.012818792 0.010103199 0.999866504 5.723305062
0.999869949 0.006879623 -0.014564198 -0.006301663 -0.006988405 0.999948770 -0.007423234 0.143884175 0.014512686 0.007524056 0.999866086 6.089735382
0.999863262 0.007189764 -0.014866206 -0.007617217 -0.007271196 0.999959735 -0.005418674 0.151940894 0.014825762 0.005526009 0.999875020 6.272187860
0.999773513 0.011689015 -0.017785312 -0.016342701 -0.011730175 0.999928746 -0.002208446 0.166756394 0.017757994 0.002416482 0.999839049 6.633708911
0.999653951 0.013744748 -0.022401959 -0.033235115 -0.013770328 0.999905148 -0.000982044 0.177663618 0.022386116 0.001290226 0.999748275 6.979276325
0.999604759 0.014367007 -0.024143813 -0.039741533 -0.014396813 0.999896286 -0.001056109 0.182127421 0.024125442 0.001403296 0.999707276 7.158891838
0.999509563 0.016528046 -0.026599580 -0.052165823 -0.016652466 0.999851475 -0.004461297 0.185288203 0.026521821 0.004902026 0.999635959 7.507098462
0.999436385 0.017002757 -0.028928278 -0.060584194 -0.017234711 0.999821204 -0.007784828 0.188336083 0.028790059 0.008278960 0.999550558 7.846088538
0.999356666 0.018327613 -0.030813641 -0.066056253 -0.018582641 0.999795298 -0.008006287 0.192031765 0.030660654 0.008573772 0.999492732 8.003379535
0.999220455 0.019624619 -0.034257648 -0.082954233 -0.019858566 0.999781695 -0.006500598 0.203358815 0.034122009 0.007175851 0.999391378 8.348936197
0.999132594 0.019785684 -0.036622214 -0.093701644 -0.020047065 0.999776363 -0.006781034 0.211745561 0.036479144 0.007509266 0.999306170 8.697985308
0.999102111 0.018935679 -0.037895043 -0.100194147 -0.019230382 0.999787437 -0.007425315 0.215159800 0.037746623 0.008147333 0.999253623 8.877627701
0.998979993 0.018718955 -0.041093244 -0.115828326 -0.019038311 0.999792067 -0.007392117 0.224245137 0.040946226 0.008166896 0.999127438 9.235390196
0.998783973 0.020315085 -0.044911568 -0.134960455 -0.020655175 0.999761915 -0.007119259 0.233754027 0.044755035 0.008038251 0.998965271 9.591189189
0.998694835 0.020999364 -0.046556029 -0.143212535 -0.021356811 0.999746519 -0.007191728 0.238179710 0.046393185 0.008176607 0.998889322 9.769829351
0.998539990 0.022975962 -0.048889354 -0.164226474 -0.023390545 0.999695184 -0.007923246 0.246523455 0.048692591 0.009055144 0.998772499 10.147514209
0.998349717 0.024666065 -0.051851807 -0.186639171 -0.025124056 0.999650644 -0.008198799 0.255891927 0.051631313 0.009487942 0.998621036 10.535856753
0.998270068 0.024362565 -0.053506353 -0.197664116 -0.024848334 0.999656221 -0.008430702 0.260507836 0.053282191 0.009745659 0.998532037 10.735859904
0.998120358 0.023689963 -0.056516472 -0.218860722 -0.024180360 0.999676389 -0.008006270 0.271233100 0.056308747 0.009357879 0.998369830 11.136316121
0.997963566 0.021906464 -0.059903620 -0.238308619 -0.022406723 0.999720024 -0.007689739 0.281766580 0.059717996 0.009016222 0.998174094 11.537753578
0.997881732 0.021946679 -0.061246438 -0.251595146 -0.022472999 0.999716208 -0.007916460 0.286633468 0.061055332 0.009276081 0.998090858 11.747946068
0.997683519 0.023875591 -0.063704465 -0.278556718 -0.024371524 0.999678279 -0.007018008 0.298443095 0.063515948 0.008554357 0.997944545 12.156617626
0.997481340 0.025413906 -0.066222556 -0.304721333 -0.025649677 0.999667401 -0.002711759 0.315994405 0.066131495 0.004403534 0.997801178 12.565630299
0.997325853 0.025869331 -0.068356387 -0.317539783 -0.025987671 0.999662644 -0.000840666 0.324180694 0.068311455 0.002614859 0.997660306 12.764565682
0.997097119 0.024378775 -0.072134241 -0.344844813 -0.024474127 0.999700325 -0.000437367 0.334667582 0.072102299 0.002201564 0.997394642 13.161610859
0.996923020 0.023800119 -0.074682607 -0.376434017 -0.024137330 0.999702694 -0.003614621 0.339026675 0.074573533 0.005406117 0.997200945 13.556372154
0.996810861 0.024640241 -0.075897824 -0.391779314 -0.025154559 0.999666960 -0.005825982 0.340243656 0.075729030 0.007716516 0.997097980 13.754021535
0.996628709 0.024693140 -0.078235291 -0.420765067 -0.025424834 0.999642552 -0.008368899 0.345794458 0.078000556 0.010329837 0.996899512 14.150216801
0.996362161 0.025430706 -0.081333699 -0.451570566 -0.026136673 0.999629784 -0.007624833 0.356894820 0.081109500 0.009722892 0.996658061 14.545293611
0.996254808 0.025159083 -0.082727143 -0.469249277 -0.025789746 0.999646268 -0.006562311 0.363780530 0.082531611 0.008671235 0.996550558 14.752993579
0.996141648 0.022382864 -0.084858893 -0.497992692 -0.022792403 0.999733438 -0.003858566 0.378280903 0.084750166 0.005777755 0.996385384 15.160619898
0.996008797 0.022076574 -0.086477086 -0.530721218 -0.022352088 0.999748492 -0.002217252 0.391324829 0.086406115 0.004141314 0.996251686 15.577502956
0.995889908 0.021755179 -0.087915346 -0.552396439 -0.021983041 0.999757072 -0.001622970 0.397613736 0.087858041 0.003548954 0.996126500 15.794437648
0.995637077 0.024994642 -0.089894689 -0.590050299 -0.024923581 0.999687679 0.001914522 0.414265044 0.089914056 0.000334254 0.995948868 16.219959595
0.995307186 0.030454231 -0.091847397 -0.637520103 -0.029858521 0.999523466 0.007855128 0.435512205 0.092042342 -0.005075855 0.995742399 16.662826389
0.995159179 0.032887369 -0.092606931 -0.664111380 -0.032102832 0.999435217 0.009950749 0.444708784 0.092881581 -0.006929691 0.995653132 16.888417889
0.995058025 0.031681628 -0.094103050 -0.703602124 -0.030814428 0.999468442 0.010655823 0.456806356 0.094389714 -0.007703504 0.995505038 17.335912485
0.994997016 0.028800042 -0.095663219 -0.743015204 -0.028163571 0.999571773 0.007997270 0.463046361 0.095853103 -0.005263002 0.995381195 17.783557097
0.995000820 0.026742174 -0.096217881 -0.766553284 -0.026206201 0.999633795 0.006831586 0.466740717 0.096365031 -0.004275934 0.995336346 18.022414262
0.995053276 0.021496239 -0.096990543 -0.805311520 -0.020927733 0.999757580 0.006876436 0.478045195 0.097114145 -0.004812722 0.995261017 18.493249685
0.994897578 0.025549596 -0.097603025 -0.858530163 -0.025112422 0.999668877 0.005706404 0.487764464 0.097716266 -0.003226198 0.995209127 18.967487181
0.994767219 0.029073000 -0.097944498 -0.887292902 -0.028840715 0.999576976 0.003787960 0.490414847 0.098012581 -0.000943333 0.995184883 19.203442101
0.994650437 0.033697370 -0.097647642 -0.932982099 -0.033745174 0.999430086 0.001163198 0.497668463 0.097630906 0.002138099 0.995219876 19.670475960
0.994416536 0.035120603 -0.099511192 -0.985370519 -0.035101443 0.999382100 0.001944881 0.510620458 0.099517426 0.001558887 0.995034532 20.145118828
0.994464820 0.032462057 -0.099931357 -1.003197440 -0.032358722 0.999473158 0.002656184 0.517288766 0.099964307 0.000592204 0.994990623 20.375656715
0.994726010 0.024974287 -0.099477073 -1.030917677 -0.025033787 0.999687016 0.000651318 0.524904371 0.099461420 0.001842374 0.995039336 20.841272484
0.994816039 0.021171965 -0.099459885 -1.070997406 -0.021511236 0.999765817 -0.002338402 0.531405996 0.099386926 0.004465783 0.995039184 21.322914842
0.994847482 0.021626564 -0.099046937 -1.092460811 -0.021967740 0.999756175 -0.002354287 0.537550758 0.098971665 0.004518033 0.995080154 21.574345835
0.994953067 0.023163487 -0.097631433 -1.136267012 -0.023481040 0.999722130 -0.002103323 0.550316017 0.097554895 0.004385217 0.995220777 22.076707475
0.995030633 0.025294743 -0.096303791 -1.178642251 -0.025778175 0.999660890 -0.003778444 0.559627559 0.096175681 0.006242240 0.995345033 22.568473635
0.995072462 0.024191809 -0.096155787 -1.200097836 -0.024698777 0.999687328 -0.004084485 0.565182566 0.096027029 0.006439280 0.995357730 22.819919733
0.995272744 0.019505365 -0.095132715 -1.233487718 -0.019696641 0.999805675 -0.001070863 0.582524740 0.095093499 0.002939557 0.995463558 23.328022119
0.995403293 0.015241866 -0.094549643 -1.269173904 -0.014983232 0.999882422 0.003445328 0.602736806 0.094590300 -0.002012804 0.995513738 23.846246771
0.995486317 0.014155138 -0.093838277 -1.285411987 -0.013842215 0.999896230 0.003985768 0.609875563 0.093884910 -0.002668891 0.995579665 24.100581290
0.995621800 0.012121185 -0.092686596 -1.323276395 -0.011733145 0.999920851 0.004731514 0.624051220 0.092736336 -0.003623320 0.995684088 24.629156305
0.995567300 0.016409199 -0.092608122 -1.370237352 -0.015939985 0.999856268 0.005804337 0.638582762 0.092690750 -0.004302381 0.995685525 25.141180312
0.995516101 0.020074104 -0.092435923 -1.392599630 -0.019525176 0.999786830 0.006840202 0.646672649 0.092553198 -0.005004732 0.995695351 25.392073326
0.995539725 0.022161113 -0.091701991 -1.436999414 -0.021286596 0.999718817 0.010505261 0.665584575 0.091908663 -0.008506402 0.995730785 25.905449638
0.995533126 0.023047238 -0.091554211 -1.475719317 -0.021544130 0.999617018 0.017372875 0.689829474 0.091918827 -0.015322817 0.995648335 26.410446258
0.995532288 0.023160298 -0.091532974 -1.494628175 -0.021401116 0.999568222 0.020155929 0.700854413 0.091960444 -0.018106956 0.995598105 26.663216758
0.995635109 0.020634355 -0.091020673 -1.527536196 -0.018475677 0.999529927 0.024497141 0.720476419 0.091482299 -0.022708602 0.995547732 27.160088661
0.995730935 0.023026947 -0.089385937 -1.563040246 -0.020625196 0.999403996 0.027701289 0.738346950 0.089970815 -0.025739363 0.995611672 27.655540929
0.995771775 0.025919087 -0.088127463 -1.576498837 -0.023533787 0.999331561 0.027999482 0.744795689 0.088794175 -0.025807080 0.995715199 27.888525259
0.995790568 0.027295254 -0.087499828 -1.619072647 -0.024920486 0.999294444 0.028119260 0.757688251 0.088205433 -0.025820366 0.995767173 28.403032060
0.995677049 0.031667274 -0.087317151 -1.662520414 -0.029308767 0.999173992 0.028163194 0.770646719 0.088137025 -0.025482242 0.995782575 28.917049008
0.995669277 0.033213148 -0.086824065 -1.682267578 -0.030766344 0.999095523 0.029371350 0.779048679 0.087720347 -0.026573000 0.995789931 29.169398521
0.995820212 0.032088204 -0.085507084 -1.716518297 -0.029473609 0.999064052 0.031668878 0.795467169 0.086442871 -0.029016311 0.995833642 29.677036399
0.995937432 0.030770806 -0.084627470 -1.746435542 -0.027868282 0.998989513 0.035269981 0.814294997 0.085626692 -0.032768203 0.995787838 30.187053391
0.995954608 0.031203900 -0.084261514 -1.768476494 -0.028087819 0.998886867 0.037918847 0.825376928 0.085350393 -0.035398754 0.995721958 30.449530034
0.996103131 0.031502300 -0.082369666 -1.801829399 -0.028358327 0.998834620 0.039065698 0.839930260 0.083504178 -0.036577667 0.995835321 30.957703844
0.996163320 0.032541934 -0.081238120 -1.841742638 -0.029582289 0.998864180 0.037375439 0.849706321 0.082361554 -0.034828848 0.995993440 31.473754951
0.996214256 0.033042782 -0.080404911 -1.858829497 -0.030159450 0.998867611 0.036815421 0.855011772 0.081529697 -0.034251069 0.996082206 31.727648258
0.996372602 0.032195713 -0.078773765 -1.893607666 -0.029143988 0.998791156 0.039588805 0.872589000 0.079953179 -0.037149386 0.996106143 32.246428555
0.996505411 0.030844511 -0.077623643 -1.925199537 -0.027790487 0.998808957 0.040122522 0.886020933 0.078768734 -0.037825108 0.996174594 32.755607412
0.996586413 0.030100918 -0.076876229 -1.941392427 -0.027185720 0.998881831 0.038691678 0.889751106 0.077953951 -0.036469694 0.996289674 33.010029227
0.996835508 0.027666294 -0.074514213 -1.964592556 -0.024856325 0.998954240 0.038379037 0.901531117 0.075497902 -0.036405471 0.996480499 33.512471770
0.996973663 0.027144608 -0.072844993 -1.993293578 -0.024088266 0.998806102 0.042513960 0.921705741 0.073912305 -0.040630544 0.996436780 34.034602691
0.996991852 0.027165799 -0.072589928 -2.012709610 -0.023945622 0.998705727 0.044871451 0.932360055 0.073714774 -0.042998272 0.996352013 34.298554777
0.997179317 0.022657922 -0.071549072 -2.031577325 -0.019397332 0.998756439 0.045944062 0.946629371 0.072500460 -0.044426648 0.996378210 34.803374385
0.997245777 0.024683103 -0.069942219 -2.063976888 -0.021666181 0.998816083 0.043570725 0.955129285 0.070934624 -0.041935288 0.996599097 35.312191392
0.997249139 0.026775187 -0.069123290 -2.076178305 -0.023856578 0.998803176 0.042710733 0.959836104 0.070183441 -0.040944180 0.996693358 35.557368755
0.997445962 0.023727365 -0.067359615 -2.096195449 -0.021042192 0.998966321 0.040297663 0.967720717 0.068246219 -0.038777404 0.996914423 36.050203459
0.997502014 0.024443260 -0.066275228 -2.121815036 -0.021947882 0.999032282 0.038122368 0.975827541 0.067142470 -0.036572483 0.997072188 36.528443232
0.997504820 0.024944721 -0.066038647 -2.134348381 -0.022586383 0.999088434 0.036221531 0.978341983 0.066881802 -0.034639561 0.997158848 36.762016485
0.997693935 0.023771246 -0.063570962 -2.153023888 -0.021526540 0.999129185 0.035766773 0.989510079 0.064366048 -0.034315926 0.997335716 37.244083167
0.997696737 0.027498234 -0.062009265 -2.174996355 -0.024909868 0.998801246 0.042137074 1.013170004 0.063094278 -0.040495412 0.997185471 37.735537526
0.997671913 0.030155451 -0.061166791 -2.186463899 -0.027287220 0.998513239 0.047200278 1.028376530 0.062499176 -0.045421279 0.997010941 37.980934148
0.997706296 0.031969037 -0.059662164 -2.208174281 -0.028532255 0.997932317 0.057596071 1.059496643 0.061379174 -0.055761714 0.996555010 38.483857704
0.997782520 0.033453398 -0.057535665 -2.221817031 -0.029655135 0.997402014 0.065650763 1.086182702 0.059581380 -0.063798954 0.996182301 38.968455942
0.997832167 0.033675663 -0.056546162 -2.233765772 -0.029728543 0.997156109 0.069253083 1.099059416 0.058716718 -0.067421919 0.995995103 39.225084326
0.997918022 0.035010638 -0.054157050 -2.245229812 -0.030951859 0.996774772 0.074052003 1.120349140 0.056574363 -0.072221538 0.995782641 39.722457352
0.997954930 0.037602624 -0.051690745 -2.264947232 -0.033727678 0.996695709 0.073896659 1.132855121 0.054298829 -0.072002059 0.995924642 40.226833958
0.997962131 0.038686786 -0.050743473 -2.272771706 -0.034952102 0.996753801 0.072528986 1.136692640 0.053384401 -0.070607563 0.996074693 40.474474403
0.997875740 0.043621149 -0.048383221 -2.296778732 -0.040221748 0.996796379 0.069139324 1.143480657 0.051243435 -0.067046402 0.996432819 40.976556631
0.997792873 0.047174474 -0.046734009 -2.314825411 -0.044070173 0.996887916 0.065367137 1.150279652 0.049672122 -0.063163339 0.996765867 41.504888076
0.997815075 0.047258819 -0.046158601 -2.323676159 -0.044267571 0.996980441 0.063808186 1.154275546 0.049034998 -0.061625519 0.996893669 41.774868653
0.997930063 0.046223140 -0.044712251 -2.336530781 -0.043402128 0.997123799 0.062131369 1.164577494 0.047455301 -0.060062073 0.997065995 42.306039367
0.998042709 0.045895993 -0.042481187 -2.349469956 -0.043125114 0.997018873 0.063993886 1.181256793 0.045291457 -0.062036551 0.997045476 42.837046753
0.998132614 0.045041379 -0.041254267 -2.349506609 -0.042279593 0.996954720 0.065535933 1.190368733 0.044079663 -0.063669374 0.996996433 43.088945589
0.998290498 0.044441652 -0.037954785 -2.357587245 -0.041778112 0.996789711 0.068301235 1.208478558 0.040867958 -0.066598745 0.996942695 43.611185062
0.998494442 0.042318204 -0.034911556 -2.366689651 -0.039769804 0.996703362 0.070717493 1.226406898 0.037788648 -0.069222594 0.996884949 44.155773372
0.998664074 0.039537073 -0.033267565 -2.367756952 -0.037050716 0.996694742 0.072300175 1.236007075 0.036015562 -0.070970973 0.996827735 44.430003893
0.998942096 0.033555202 -0.031444807 -2.367289297 -0.031081207 0.996614888 0.076112565 1.256489102 0.033892157 -0.075054696 0.996603023 44.979896601
0.999233757 0.026833124 -0.028486241 -2.362884944 -0.024594346 0.996787132 0.076233171 1.270683300 0.030438933 -0.075474243 0.996682945 45.543563258
0.999377349 0.022486262 -0.027176927 -2.358637200 -0.020405595 0.997008506 0.074556106 1.274510283 0.028771211 -0.073955104 0.996846259 45.820870617
0.999588030 0.015137846 -0.024366053 -2.344862053 -0.013417074 0.997505477 0.069304631 1.279059946 0.025354101 -0.068949189 0.997297718 46.378493820
0.999714830 0.006822470 -0.022870699 -2.335507848 -0.005290417 0.997779347 0.066395419 1.287797530 0.023271890 -0.066255463 0.997531329 46.933568949
0.999755211 0.002581707 -0.021972020 -2.328651088 -0.001148146 0.997884004 0.065014784 1.292396397 0.022092727 -0.064973597 0.997641841 47.212321031
0.999785330 -0.003304318 -0.020440722 -2.327395925 0.004638707 0.997836319 0.065582703 1.307937052 0.020180081 -0.065663386 0.997637480 47.785660807
0.999651817 -0.017342339 -0.019882210 -2.305924005 0.018634741 0.997593742 0.066778358 1.324628283 0.018676249 -0.067125542 0.997569353 48.347366530
0.999515940 -0.024189830 -0.019566505 -2.297021064 0.025462583 0.997384439 0.067654961 1.333826663 0.017879043 -0.068120344 0.997516793 48.638637400
0.999424586 -0.028136498 -0.018938060 -2.296803972 0.029370112 0.997228409 0.068371457 1.350415323 0.016961643 -0.068888336 0.997480444 49.234294524
0.999398014 -0.030382858 -0.016726800 -2.285889158 0.031429741 0.997300903 0.066362213 1.361752471 0.014665748 -0.066847921 0.997655664 49.813111756
0.999484994 -0.028273578 -0.015161382 -2.287038934 0.029197379 0.997481921 0.064642169 1.366177306 0.013295202 -0.065051503 0.997793371 50.110307173
0.999601498 -0.025163833 -0.012758175 -2.285030325 0.025925016 0.997644775 0.063512765 1.379345523 0.011129354 -0.063818179 0.997899485 50.707028225
0.999623696 -0.025465615 -0.010206528 -2.267870640 0.026125565 0.997148380 0.070812073 1.407857301 0.008374346 -0.071052077 0.997436773 51.300483006
0.999624651 -0.025584385 -0.009803057 -2.262236299 0.026266712 0.996660164 0.077325252 1.427408397 0.007791370 -0.077553583 0.996957169 51.601196338
0.999570949 -0.027717543 -0.009470730 -2.252725736 0.028463442 0.995469133 0.090731676 1.467412079 0.006913550 -0.090962316 0.995829947 52.201623588
0.999699904 -0.023769464 -0.005940905 -2.243944937 0.024238316 0.994866639 0.098252713 1.496606182 0.003574598 -0.098367229 0.995143556 52.801839515
0.999789360 -0.019900790 -0.004974007 -2.241080710 0.020287255 0.995148631 0.096270786 1.500308369 0.003033072 -0.096351483 0.995342113 53.089834000
0.999896367 -0.014170626 -0.002505958 -2.232723698 0.014321547 0.996921627 0.077092487 1.479783260 0.001404784 -0.077120436 0.997020644 53.656342499
0.999920611 -0.012510010 0.001073616 -2.214369275 0.012430291 0.998358594 0.055913216 1.456807203 -0.001771642 -0.055895445 0.998434669 54.239943827
0.999925936 -0.011947533 0.002112015 -2.204959069 0.011825667 0.998656113 0.050457710 1.454973453 -0.002713294 -0.050429046 0.998723809 54.543157495
0.999940477 -0.010311480 0.003510821 -2.189689983 0.010121030 0.998672959 0.050500516 1.471587054 -0.004027382 -0.050461975 0.998717946 55.181605374
0.999950606 -0.009356751 0.003405767 -2.173407578 0.009136732 0.998174697 0.059703445 1.504851094 -0.003957973 -0.059669288 0.998209860 55.831775244
0.999956101 -0.008754251 0.003247893 -2.167584879 0.008518175 0.997738923 0.066675567 1.526027311 -0.003824477 -0.066644923 0.997768982 56.166939566
0.999965384 -0.007787392 0.002796569 -2.153381694 0.007578668 0.997648253 0.068131217 1.545788045 -0.003320937 -0.068107671 0.997672335 56.827651033
0.999833188 -0.018025598 0.002931318 -2.122401065 0.017844658 0.998431487 0.053067644 1.535472765 -0.003884169 -0.053006378 0.998586697 57.463915268
0.999815711 -0.018861263 0.003540444 -2.114671713 0.018683649 0.998820802 0.044829858 1.528712925 -0.004382441 -0.044755349 0.998987807 57.766278770
0.999917016 -0.012175977 0.004082447 -2.104817276 0.012015795 0.999236730 0.037184236 1.531384621 -0.004532171 -0.037132119 0.999299361 58.390494471
0.999971349 -0.006317361 0.004080041 -2.096517949 0.006126627 0.998961579 0.045153738 1.562705365 -0.004361394 -0.045127405 0.998971947 59.059152990
0.999983709 -0.004017326 0.004017941 -2.093825621 0.003802741 0.998638331 0.052041795 1.583808629 -0.004221673 -0.052025645 0.998636565 59.404026783
0.999954987 -0.009233985 0.002235505 -2.072724609 0.009091090 0.998326059 0.057126920 1.610119185 -0.002759580 -0.057103977 0.998364407 60.068475813
0.999908139 -0.013380952 0.001901468 -2.049116967 0.013264378 0.998569725 0.051801016 1.617696438 -0.002592445 -0.051771033 0.998654976 60.723208851
0.999862637 -0.016500562 0.001453017 -2.035494858 0.016416152 0.998806588 0.046015743 1.616045460 -0.002211175 -0.045985576 0.998939204 61.051691009
0.999880308 -0.015426250 0.000886907 -2.024712830 0.015393749 0.999456526 0.029150053 1.603210173 -0.001337059 -0.029132893 0.999574701 61.699624371
0.999945851 -0.010240646 -0.001944056 -2.024798957 0.010281441 0.999698065 0.022328443 1.608481058 0.001714515 -0.022347212 0.999748797 62.364068408
0.999948058 -0.009925815 -0.002098363 -2.017996012 0.009974862 0.999641216 0.024866559 1.621574700 0.001850809 -0.024886195 0.999688520 62.699927894
0.999915250 -0.012659746 -0.002832745 -2.007859545 0.012757145 0.999213610 0.037556103 1.661865651 0.002354755 -0.037589073 0.999289908 63.403825616
0.999872214 -0.014977757 -0.005516619 -2.001469197 0.015214480 0.998838434 0.045725845 1.694070400 0.004825160 -0.045803887 0.998938853 64.094317519
0.999845770 -0.016320691 -0.006477415 -1.996021142 0.016606016 0.998768447 0.046764456 1.704880143 0.005706308 -0.046864808 0.998884626 64.440919428
0.999759880 -0.020682617 -0.007213276 -1.985444237 0.021000643 0.998663419 0.047239408 1.723347650 0.006225714 -0.047379499 0.998857567 65.122543712
0.999704106 -0.022617404 -0.008923835 -1.981673019 0.023025323 0.998551829 0.048629841 1.744147441 0.007811134 -0.048821000 0.998776478 65.834695566
0.999734701 -0.020819305 -0.009854089 -1.985971463 0.021279107 0.998565740 0.049129274 1.754315211 0.008816795 -0.049325879 0.998743410 66.198776467
0.999805535 -0.016590913 -0.010599543 -1.988241742 0.017078047 0.998718253 0.047653614 1.769828722 0.009795668 -0.047825436 0.998807214 66.907646560
0.999755171 -0.018701448 -0.011820642 -1.982873635 0.019162072 0.999010536 0.040142615 1.774659994 0.011058761 -0.040359362 0.999123966 67.609523448
0.999700249 -0.020939889 -0.012693027 -1.977253159 0.021358074 0.999202101 0.033764417 1.772465138 0.011975805 -0.034025373 0.999349244 67.956458414
0.999659633 -0.020959336 -0.015486864 -1.984059756 0.021330841 0.999479432 0.024231670 1.773640977 0.014970593 -0.024553770 0.999586559 68.651594629
0.999635397 -0.021732606 -0.016025520 -1.980656779 0.022146979 0.999413328 0.026154828 1.794987253 0.015447506 -0.026500218 0.999528826 69.352072228
0.999577043 -0.023906686 -0.016567259 -1.980681123 0.024404746 0.999235816 0.030547286 1.812042502 0.015824109 -0.030938690 0.999395787 69.718417555
0.999423157 -0.028719313 -0.018124487 -1.976803013 0.029471267 0.998653968 0.042687912 1.852007621 0.016873065 -0.043197400 0.998924070 70.441738828
0.999380117 -0.029874636 -0.018617403 -1.974374849 0.030754573 0.998328939 0.048927918 1.881026642 0.017124712 -0.049470127 0.998628874 71.141531759
0.999305171 -0.032151543 -0.018812794 -1.971451521 0.032987513 0.998398565 0.045960708 1.884707142 0.017304571 -0.046549328 0.998766123 71.486851762
0.999130788 -0.037338533 -0.018552875 -1.960640967 0.037994406 0.998616549 0.036359105 1.885551969 0.017168665 -0.037032358 0.999166385 72.168927376
0.998900359 -0.042693895 -0.019366935 -1.954384191 0.043226734 0.998673470 0.027988828 1.889207796 0.018145452 -0.028795215 0.999420421 72.871322531
0.998824144 -0.044320945 -0.019624818 -1.952346086 0.044814945 0.998670595 0.025496961 1.893803848 0.018468106 -0.026346427 0.999481996 73.216130923
0.999046381 -0.038279408 -0.020988426 -1.964809564 0.038849004 0.998868464 0.027443195 1.915139414 0.019913231 -0.028232399 0.999402593 73.930654202
0.999106137 -0.035656925 -0.022690824 -1.969894545 0.036426603 0.998742229 0.034465446 1.945394598 0.021433338 -0.035261193 0.999147956 74.637682258
0.999070333 -0.035773294 -0.024047661 -1.975970591 0.036633646 0.998668243 0.036344185 1.957933248 0.022715811 -0.037191377 0.999049505 75.000726112
0.999053109 -0.036788442 -0.023220602 -1.972215939 0.037664253 0.998549239 0.038482199 1.979982520 0.021770753 -0.039320299 0.998989483 75.712845965
0.999254782 -0.032942184 -0.020088552 -1.968358975 0.033656428 0.998773430 0.036322711 1.994314997 0.018867257 -0.036971756 0.999138000 76.425163451
0.999322936 -0.032515665 -0.017225154 -1.958995825 0.033095893 0.998855223 0.034545946 2.000466235 0.016081898 -0.035092596 0.999254239 76.785497580
0.999351045 -0.032529593 -0.015435271 -1.949336256 0.032983469 0.999001610 0.030129996 2.010875529 0.014439336 -0.030619530 0.999426716 77.489672430
0.999473014 -0.029990697 -0.012387998 -1.940301149 0.030356291 0.999075110 0.030461831 2.029760523 0.011462714 -0.030821823 0.999458434 78.204802305
0.999531294 -0.028308022 -0.011659349 -1.935379220 0.028668317 0.999077110 0.031998684 2.041629046 0.010742261 -0.032317939 0.999419641 78.562549192
0.999535605 -0.029063014 -0.009152202 -1.921960544 0.029337338 0.999075222 0.031434401 2.059144948 0.008229979 -0.031688306 0.999463586 79.280154948
0.999470706 -0.032013628 -0.005817005 -1.898170243 0.032157690 0.999127470 0.026658759 2.068777144 0.004958075 -0.026831685 0.999627774 79.969327967
0.999414364 -0.033727412 -0.005740061 -1.887404227 0.033856668 0.999135360 0.024167089 2.073593783 0.004919718 -0.024347334 0.999690928 80.319012346
0.999282154 -0.037594941 -0.004536762 -1.868166646 0.037680755 0.999077566 0.020617515 2.085957013 0.003757553 -0.020773667 0.999777480 81.028506954
0.999172141 -0.040632466 -0.001831046 -1.846930197 0.040662469 0.998939258 0.021615350 2.106488274 0.000950201 -0.021671889 0.999764230 81.750428959
0.999142130 -0.041382296 -0.001307183 -1.840279967 0.041401676 0.998857764 0.023885203 2.119704374 0.000317256 -0.023918877 0.999713328 82.109117661
0.999034290 -0.043914667 -0.000820888 -1.824182787 0.043920506 0.998656574 0.027524401 2.144147094 -0.000389298 -0.027533896 0.999621085 82.805178156
0.998951603 -0.045786683 -0.000321103 -1.810658311 0.045776442 0.998525786 0.029187438 2.165079070 -0.001015870 -0.029171526 0.999573491 83.499864072
0.998923791 -0.046379215 -0.000552614 -1.802924818 0.046375477 0.998497603 0.029189840 2.173838580 -0.000802840 -0.029183998 0.999573484 83.836322722
0.998871309 -0.047472621 -0.001315729 -1.793198546 0.047490766 0.998459931 0.028691568 2.190612722 -0.000048099 -0.028721698 0.999587856 84.517502211
0.998888061 -0.047103808 -0.001701287 -1.775943489 0.047132426 0.998527255 0.026897634 2.204971191 0.000431854 -0.026947939 0.999636386 85.191476783
0.998956303 -0.045669924 -0.001189973 -1.770461904 0.045685333 0.998603685 0.026554328 2.213251985 -0.000025014 -0.026580965 0.999646645 85.538143460
0.999063566 -0.043252494 -0.000305459 -1.752369601 0.043245503 0.998716584 0.026365280 2.230313399 -0.000835023 -0.026353838 0.999651928 86.212536971
0.999167642 -0.040782426 0.000351797 -1.735295489 0.040760012 0.998841923 0.025586718 2.246923441 -0.001395044 -0.025551054 0.999672645 86.909286230
0.999223781 -0.039373996 -0.000588485 -1.733311323 0.039376142 0.998900066 0.025490897 2.255587803 -0.000416070 -0.025494294 0.999674594 87.253990429
0.999296421 -0.037490561 -0.000198340 -1.719541229 0.037484797 0.999022421 0.023458760 2.269390232 -0.000682498 -0.023449655 0.999724608 87.926026586
0.999416883 -0.034118557 -0.000996932 -1.715543741 0.034132160 0.999175465 0.022010865 2.284519870 0.000245663 -0.022032048 0.999757050 88.615491304
0.999464385 -0.032724175 -0.000679564 -1.706390154 0.032731171 0.999250196 0.020684180 2.290645322 0.000002090 -0.020695289 0.999785620 88.941333484
0.999499587 -0.031624685 -0.000251979 -1.694889858 0.031623694 0.999319375 0.018994559 2.305318473 -0.000348806 -0.018993016 0.999819397 89.623543108
0.999387449 -0.034990138 -0.000224707 -1.668067921 0.034988208 0.999214851 0.018601159 2.322470529 -0.000426898 -0.018597643 0.999826908 90.302815935
