1.000000000 -0.000000000 -0.000000000 -0.000000000 -0.000000000 1.000000000 0.000000000 -0.000000000 -0.000000000 0.000000000 1.000000000 0.000000000
0.999998945 -0.000512525 -0.001204901 0.007241117 0.000512222 0.999999663 -0.000374646 0.002280904 0.001204830 0.000374114 0.999999419 0.354925155
0.999999738 0.000026014 -0.000583249 0.022493900 -0.000025772 0.999999928 0.000360337 0.009654129 0.000583217 -0.000360255 0.999999405 1.076394836
0.999998949 0.001318861 0.000502073 0.034769260 -0.001319087 0.999998720 0.000558105 0.016371287 -0.000501492 -0.000558713 0.999999458 1.807640477
0.999998081 0.002085309 0.000490593 0.042014615 -0.002085367 0.999997661 0.000212505 0.018722059 -0.000490226 -0.000213490 0.999999922 2.162564953
0.999996565 0.002479933 0.000429792 0.052644042 -0.002479357 0.999996489 -0.001098492 0.022776514 -0.000432602 0.001097408 0.999998819 2.881720497
0.999994560 0.003115667 0.000791818 0.068819844 -0.003116013 0.999995009 0.000547052 0.031300430 -0.000791012 -0.000549470 0.999999600 3.569646704
0.999991709 0.003977819 0.001085780 0.075422926 -0.003980431 0.999989004 0.002481182 0.037642671 -0.001075753 -0.002485422 0.999996350 3.924063082
0.999974906 0.006925726 0.001779217 0.087538066 -0.006938040 0.999951231 0.007028098 0.051609442 -0.001731033 -0.007040214 0.999973212 4.643591514
0.999960733 0.008597277 0.002333526 0.096605547 -0.008620845 0.999910104 0.010300882 0.063762329 -0.002245767 -0.010320590 0.999944380 5.372907167
0.999958856 0.008760095 0.002157817 0.102175818 -0.008782765 0.999903658 0.010773422 0.067658177 -0.002063254 -0.010791959 0.999940092 5.726878053
0.999970664 0.007385712 0.002115192 0.114468825 -0.007403279 0.999936497 0.008452322 0.069977913 -0.002052501 -0.008467695 0.999961517 6.446989031
0.999981342 0.005465998 0.002556739 0.134425866 -0.005481484 0.999966258 0.006138882 0.072112762 -0.002523876 -0.006152742 0.999977846 7.182502773
0.999979794 0.005503021 0.003108643 0.144998899 -0.005522993 0.999963650 0.006481946 0.075690955 -0.003072382 -0.006499006 0.999974241 7.550469868
0.999970444 0.006235209 0.004410932 0.163617506 -0.006271523 0.999945633 0.008290122 0.084920416 -0.004358924 -0.008317519 0.999956219 8.284976053
0.999973570 0.004981991 0.005211465 0.181504833 -0.005041417 0.999921580 0.011473773 0.096674113 -0.005154228 -0.011499667 0.999920170 9.018988409
0.999976952 0.003996804 0.005499747 0.196817563 -0.004064259 0.999916151 0.012309091 0.100800588 -0.005450543 -0.012331122 0.999908983 9.378119155
0.999981937 0.001917972 0.005625858 0.215190948 -0.001983725 0.999929860 0.011721293 0.105987670 -0.005603070 -0.011732226 0.999915574 10.112664651
0.999978021 -0.000312461 0.006632943 0.237860728 0.000246076 0.999949647 0.010013528 0.109103686 -0.006636593 -0.010011638 0.999927925 10.849576697
0.999977128 -0.000503949 0.006720923 0.246604279 0.000438629 0.999952968 0.009734645 0.111681754 -0.006725569 -0.009731393 0.999929656 11.216614954
0.999971350 0.001744425 0.007370260 0.265257485 -0.001813155 0.999954434 0.009347550 0.116793266 -0.007353604 -0.009360637 0.999929057 11.939983757
0.999967603 0.000993119 0.007918579 0.282666480 -0.001056411 0.999967109 0.007996629 0.120661829 -0.007910679 -0.008004725 0.999936776 12.674072793
0.999966522 0.000341753 0.008154136 0.297855085 -0.000404256 0.999970800 0.007667442 0.122742162 -0.008151560 -0.007670466 0.999937358 13.033223437
0.999966908 -0.001753674 0.007923176 0.317029381 0.001703690 0.999978866 0.006326747 0.126552846 -0.007934974 -0.006312985 0.999948033 13.768251600
0.999955993 -0.002020734 0.009123856 0.334445035 0.001975126 0.999985772 0.005020454 0.130531202 -0.009133688 -0.005002235 0.999945460 14.502339568
0.999945005 -0.003514876 0.009850668 0.349690556 0.003464155 0.999981000 0.005163471 0.133549766 -0.009869168 -0.005128975 0.999937696 14.861481089
0.999933235 -0.003781223 0.010917474 0.372209285 0.003724387 0.999979560 0.005228132 0.139378236 -0.010937590 -0.005187093 0.999926705 15.575542620
0.999902224 -0.006675310 0.012282410 0.396282519 0.006604659 0.999961717 0.005788212 0.146362252 -0.012320884 -0.005706528 0.999908141 16.301708906
0.999889991 -0.007732987 0.012665898 0.409803912 0.007653251 0.999950551 0.006338432 0.150117415 -0.012714574 -0.006240775 0.999899382 16.659904699
0.999865380 -0.008531392 0.014007187 0.435555258 0.008445182 0.999945400 0.006203724 0.155606261 -0.014059053 -0.006084536 0.999882664 17.387024089
0.999852312 -0.007894957 0.015273508 0.459227662 0.007848331 0.999964848 0.003119765 0.155982735 -0.015297284 -0.002999392 0.999878411 18.113254631
0.999834494 -0.008579851 0.016030978 0.476025959 0.008560529 0.999962358 0.001277627 0.155440025 -0.016041212 -0.001140198 0.999870430 18.473369347
0.999796557 -0.010991374 0.016922015 0.505375203 0.011008084 0.999938872 -0.000893245 0.157234147 -0.016911597 0.001079379 0.999856474 19.191224368
0.999789887 -0.010485377 0.017635587 0.531970449 0.010509659 0.999944018 -0.001283079 0.162055258 -0.017621525 0.001468188 0.999843628 19.918819533
0.999778907 -0.010056960 0.018475717 0.543476994 0.010066646 0.999948835 -0.000431989 0.166442930 -0.018470870 0.000617987 0.999828931 20.287248039
0.999743369 -0.009752949 0.020427758 0.577607020 0.009733078 0.999951916 0.001076840 0.174150931 -0.020437814 -0.000877711 0.999790992 21.007391959
0.999721757 -0.009668773 0.021503138 0.612491335 0.009640849 0.999952724 0.001404419 0.179713980 -0.021515944 -0.001196719 0.999767867 21.728026020
0.999688121 -0.010442644 0.022666843 0.632419636 0.010410517 0.999944543 0.001538540 0.182342595 -0.022681893 -0.001302048 0.999741943 22.078340315
0.999643650 -0.011616920 0.024023567 0.663576479 0.011560275 0.999929715 0.002497717 0.189464396 -0.024051908 -0.002219055 0.999707958 22.808259517
0.999594274 -0.010782580 0.026341066 0.703092108 0.010726050 0.999940299 0.002287964 0.193789096 -0.026364319 -0.002004483 0.999650495 23.520074603
0.999588839 -0.010129020 0.026820533 0.717393219 0.010080260 0.999946852 0.001954964 0.195818519 -0.026838583 -0.001683795 0.999637923 23.878756461
0.999581411 -0.010035448 0.027127539 0.751837259 0.010018633 0.999949820 0.000757928 0.198812127 -0.027133345 -0.000485801 0.999631228 24.610592937
0.999605783 -0.007559280 0.027045410 0.782571473 0.007617452 0.999968513 -0.002047876 0.198967063 -0.027028834 0.002253100 0.999631616 25.340579890
0.999602918 -0.006266440 0.027460206 0.795925752 0.006350645 0.999975952 -0.002976664 0.199967421 -0.027440587 0.003149952 0.999618763 25.698802472
0.999558104 -0.005073750 0.029294557 0.829682713 0.005144505 0.999984325 -0.002338018 0.206213890 -0.029282988 0.002487749 0.999568441 26.430138033
0.999523848 -0.002683211 0.030721081 0.866056141 0.002742447 0.999994526 -0.001881447 0.211854518 -0.030716218 0.001964888 0.999525722 27.162887331
0.999508171 -0.001666958 0.031295906 0.888344703 0.001720571 0.999996786 -0.001683915 0.214342128 -0.031293437 0.001736994 0.999508660 27.525788271
0.999488223 0.000373326 0.031999655 0.927460625 -0.000279851 0.999995669 -0.002924137 0.216766125 -0.032000700 0.002913678 0.999483196 28.248799269
0.999447206 0.002376930 0.033150528 0.966097323 -0.002190351 0.999981255 -0.005660651 0.216492775 -0.033163583 0.005584922 0.999433709 28.949012360
0.999431609 0.002496929 0.033619050 0.985023694 -0.002276144 0.999976066 -0.006601296 0.217184037 -0.033634991 0.006521095 0.999412477 29.298876213
0.999459490 -0.000298713 0.032856982 1.029099796 0.000561997 0.999967811 -0.007999634 0.219102589 -0.032853277 0.008013750 0.999428093 30.001883681
0.999488332 0.002427661 0.031901208 1.065399849 -0.002100443 0.999945032 -0.010284667 0.219359510 -0.031924335 0.010212438 0.999438129 30.689506342
0.999510678 0.002674903 0.031148383 1.081680084 -0.002328169 0.999935480 -0.011159591 0.220167534 -0.031176786 0.011081617 0.999452571 31.037961213
0.999565330 0.002358246 0.029390335 1.117751089 -0.002053346 0.999944396 -0.010397011 0.226025321 -0.029413609 0.010332189 0.999514104 31.747884262
0.999653612 0.001396477 0.026262128 1.153991717 -0.001117776 0.999943106 -0.010620610 0.229990962 -0.026275958 0.010587594 0.999597961 32.446648284
0.999671233 0.001375497 0.025602524 1.171424044 -0.001148174 0.999959625 -0.008890887 0.235211673 -0.025613954 0.008858619 0.999631996 32.795529526
0.999720103 0.001386377 0.023592564 1.196931699 -0.001198713 0.999967963 -0.007959873 0.241885852 -0.023603445 0.007929455 0.999689873 33.499813251
0.999771314 0.004778123 0.020836411 1.219836296 -0.004589045 0.999948056 -0.009108353 0.244698582 -0.020878498 0.009010662 0.999741432 34.191549254
0.999786468 0.006303642 0.019680043 1.231801972 -0.006127274 0.999940411 -0.009003003 0.247278238 -0.019736590 0.008880538 0.999765743 34.537640487
0.999824491 0.007480792 0.017174660 1.258079052 -0.007325517 0.999931837 -0.009081710 0.252056997 -0.017241927 0.008954392 0.999811502 35.242411927
0.999868919 0.007088086 0.014554817 1.278317445 -0.006973003 0.999943842 -0.007944650 0.259343987 -0.014610618 0.007842190 0.999862251 35.943874000
0.999886993 0.006759233 0.013380265 1.289443460 -0.006658951 0.999949757 -0.007519244 0.262661247 -0.013430379 0.007429325 0.999881624 36.289488778
0.999904667 0.006030123 0.012426233 1.317708747 -0.005927483 0.999948347 -0.008270928 0.266368325 -0.012476289 0.008196523 0.999888357 36.984031776
0.999922829 0.005533523 0.011068782 1.337596478 -0.005445741 0.999953300 -0.007935421 0.272563087 -0.011112716 0.007874582 0.999907342 37.696681899
0.999918110 0.007530557 0.010316746 1.345791692 -0.007453063 0.999944200 -0.007522906 0.275992831 -0.010374043 0.007445403 0.999918086 38.052065164
0.999935084 0.006915214 0.009011929 1.372111477 -0.006877770 0.999968074 -0.004166670 0.286678022 -0.009041077 0.004104439 0.999950540 38.733955028
0.999963844 0.004473078 0.007290911 1.392842215 -0.004465135 0.999989591 -0.001108893 0.297392836 -0.007296278 0.001076385 0.999972906 39.424206339
0.999971052 0.004077250 0.006349211 1.399580407 -0.004074066 0.999991853 -0.000514070 0.301274004 -0.006351600 0.000488230 0.999979591 39.767469223
0.999976011 0.004807778 0.005030257 1.419429794 -0.004807821 0.999988701 -0.000006223 0.307350845 -0.005030182 -0.000017925 0.999986857 40.446118927
0.999974750 0.005737216 0.004257895 1.435115067 -0.005735817 0.999983592 -0.000333668 0.312476881 -0.004260146 0.000309279 0.999990642 41.145255605
0.999976384 0.005954110 0.003291127 1.438892184 -0.005953726 0.999982193 -0.000095646 0.315971474 -0.003291768 0.000076079 0.999994448 41.498291830
0.999973988 0.007135562 0.001021369 1.452884814 -0.007135853 0.999974456 0.000348128 0.322353131 -0.001019739 -0.000355330 0.999999465 42.196477733
0.999966442 0.008157002 0.000044258 1.458831866 -0.008156880 0.999966661 -0.000372977 0.327318408 -0.000047493 0.000372663 0.999999468 42.890453872
0.999965660 0.008328619 -0.000126416 1.468405798 -0.008328718 0.999964713 -0.000623711 0.329520047 0.000121289 0.000624783 0.999999845 43.223963507
0.999948915 0.010062193 0.000108951 1.481785304 -0.010062039 0.999949455 -0.000392631 0.335685394 -0.000112882 0.000391497 0.999999501 43.910504804
0.999943874 0.010600049 -0.000408056 1.494337259 -0.010599860 0.999943701 0.000352378 0.342787968 0.000411096 -0.000347967 0.999999807 44.596567705
0.999936949 0.011161051 -0.000967376 1.494578931 -0.011160548 0.999937492 0.000485485 0.346318470 0.000972416 -0.000474614 0.999998776 44.947726452
0.999931631 0.011666162 -0.000378608 1.513531740 -0.011665759 0.999931547 0.000721181 0.352194683 0.000386969 -0.000716686 0.999999974 45.625908825
0.999931599 0.011667523 0.000363038 1.532737124 -0.011667674 0.999931684 0.000689952 0.357546172 -0.000356106 -0.000694106 0.999999455 46.292918874
0.999922477 0.012406658 0.000487145 1.540530616 -0.012406654 0.999922933 0.000274171 0.359556161 -0.000484039 -0.000280130 1.000000039 46.625491808
0.999933295 0.011484316 0.000783956 1.552605968 -0.011483496 0.999933208 -0.001007459 0.363490421 -0.000795669 0.000998382 0.999999410 47.322762948
0.999917428 0.012758488 0.001295183 1.570141717 -0.012758298 0.999918909 -0.000075079 0.370476817 -0.001296682 0.000058526 0.999999366 47.988818533
0.999909774 0.013304860 0.001541019 1.578902628 -0.013305299 0.999911925 0.000321757 0.373855231 -0.001537237 -0.000342182 0.999998762 48.321847442
0.999929607 0.011730854 0.002004714 1.597864520 -0.011732013 0.999930818 0.000570769 0.379881162 -0.001998209 -0.000594194 0.999997608 49.000028360
0.999944737 0.010275696 0.002085778 1.617030348 -0.010276980 0.999947340 0.000636389 0.385094766 -0.002079487 -0.000657753 0.999997089 49.633038184
0.999950780 0.009659444 0.002160652 1.623699515 -0.009660433 0.999953030 0.000496054 0.387838079 -0.002156498 -0.000516899 0.999997388 49.976312132
0.999955895 0.009018918 0.002670145 1.644319339 -0.009019599 0.999959118 0.000256628 0.392550354 -0.002667762 -0.000280643 0.999995693 50.621442824
0.999965712 0.007590339 0.003269402 1.659211374 -0.007593873 0.999970639 0.001080014 0.399693437 -0.003261539 -0.001104747 0.999993685 51.286089039
0.999968863 0.007364117 0.002582611 1.665367323 -0.007368821 0.999971644 0.001878419 0.403867334 -0.002569208 -0.001897390 0.999994555 51.617702366
0.999965261 0.008007855 0.002166980 1.678021406 -0.008016596 0.999959181 0.004091410 0.413167620 -0.002133883 -0.004108583 0.999989390 52.269742330
0.999959425 0.008866607 0.001409888 1.687760432 -0.008875394 0.999939868 0.006391733 0.422839900 -0.001354447 -0.006403984 0.999978368 52.931548257
0.999965899 0.008196413 0.000933715 1.696840521 -0.008202867 0.999940775 0.007187242 0.426791521 -0.000875089 -0.007194647 0.999973302 53.253394164
0.999979012 0.006371109 0.000790039 1.710826698 -0.006377388 0.999945673 0.008284952 0.434095151 -0.000737334 -0.008289816 0.999965472 53.883567971
0.999992020 0.004005647 0.000465861 1.725278866 -0.004009278 0.999959272 0.008046062 0.439189665 -0.000434328 -0.008047824 0.999967731 54.525409971
0.999993956 0.003521692 0.000193022 1.734520706 -0.003522975 0.999963666 0.007729628 0.441119384 -0.000165944 -0.007730230 0.999969895 54.836098113
0.999995061 0.002997626 -0.000118704 1.743977983 -0.002996560 0.999965378 0.007732917 0.446661308 0.000142233 -0.007732536 0.999969744 55.463942642
0.999994621 0.003232308 0.000542495 1.759348932 -0.003236677 0.999959729 0.008393253 0.452836645 -0.000516308 -0.008394865 0.999964389 56.072241848
0.999996063 0.002747079 0.000714772 1.765954929 -0.002752761 0.999963666 0.008130304 0.455052807 -0.000692156 -0.008132191 0.999967134 56.381519358
0.999999689 -0.000582747 -0.000154582 1.781943845 0.000584161 0.999960390 0.008841515 0.461524305 0.000148674 -0.008841533 0.999960883 57.001462393
0.999991246 -0.004137609 -0.000383037 1.799334079 0.004140795 0.999954167 0.008680640 0.466626109 0.000347435 -0.008682102 0.999961952 57.633534741
0.999985515 -0.005385467 -0.000405677 1.805590020 0.005388457 0.999956303 0.007693489 0.467760025 0.000364602 -0.007695602 0.999969790 57.954000203
0.999978204 -0.006559700 -0.000023433 1.824890958 0.006559779 0.999958209 0.006376433 0.470512557 -0.000019159 -0.006376394 0.999979727 58.575856532
0.999970593 -0.007633756 -0.000074152 1.837809207 0.007634142 0.999954705 0.005709421 0.474790885 0.000030329 -0.005709786 0.999984170 59.205590477
0.999967872 -0.007988344 -0.000301040 1.843220037 0.007989904 0.999954852 0.005122681 0.476572574 0.000259799 -0.005124897 0.999986928 59.525580358
0.999947413 -0.010219092 -0.000815202 1.857064531 0.010222947 0.999936580 0.004839337 0.481540608 0.000764813 -0.004847357 0.999987665 60.155776878
0.999898875 -0.014167607 -0.000699561 1.874135389 0.014170832 0.999889060 0.004684183 0.486580098 0.000632496 -0.004693544 0.999988692 60.765025694
0.999873033 -0.015915219 -0.000904320 1.883294883 0.015918377 0.999867354 0.003492775 0.487152377 0.000848005 -0.003506648 0.999993418 61.075727036
0.999853955 -0.017115745 0.000090400 1.898539572 0.017115823 0.999853115 -0.000313755 0.486043878 -0.000085722 0.000315309 0.999999945 61.706921213
0.999899976 -0.014156233 0.000130772 1.906895099 0.014156710 0.999887670 -0.004917582 0.483314678 -0.000060755 0.004918867 0.999987763 62.323199466
0.999902474 -0.013946560 0.000292900 1.912424691 0.013948356 0.999878425 -0.007024085 0.482365802 -0.000195699 0.007027471 0.999975164 62.632038473
0.999859703 -0.016742565 -0.000499303 1.926258287 0.016738455 0.999832596 -0.007445338 0.487154174 0.000624173 0.007435913 0.999972353 63.262236740
0.999855849 -0.016981239 -0.000479472 1.937768557 0.016977333 0.999828869 -0.007324403 0.492692403 0.000603054 0.007315202 0.999973276 63.879842441
0.999884238 -0.015229805 -0.000349543 1.941768987 0.015227002 0.999859538 -0.007079901 0.495694067 0.000456983 0.007073835 0.999974196 64.187704466
0.999959317 -0.008929860 0.000844521 1.942446985 0.008935130 0.999939061 -0.006430330 0.502303921 -0.000788049 0.006437688 0.999979028 64.810845789
0.999986709 -0.004978462 0.000905002 1.950326143 0.004984845 0.999962328 -0.007100195 0.506301032 -0.000869629 0.007104666 0.999974625 65.426589349
0.999983670 -0.005744711 0.000392503 1.955130510 0.005747627 0.999953647 -0.007714468 0.507976203 -0.000348124 0.007716635 0.999969723 65.734933555
0.999960369 -0.008804712 0.000704689 1.980284806 0.008805405 0.999960718 -0.000888041 0.530271089 -0.000697091 0.000894299 0.999998790 66.948150289
0.999969635 -0.007488603 0.002088732 1.988277910 0.007486372 0.999971052 0.001078472 0.536085760 -0.002097112 -0.001062806 0.999997120 67.246684658
0.999988575 -0.003750720 0.002966666 1.997226614 0.003742952 0.999989554 0.002640895 0.543649009 -0.002975768 -0.002629814 0.999991927 67.828861255
0.999979335 -0.005831932 0.002478864 2.008087234 0.005825199 0.999979456 0.002757043 0.548882948 -0.002494731 -0.002742490 0.999993306 68.400821641
0.999970677 -0.007448036 0.001743338 2.013523296 0.007443151 0.999968274 0.002859999 0.551594739 -0.001765093 -0.002846901 0.999994066 68.686800911
0.999953922 -0.009335213 0.002296413 2.027772834 0.009331611 0.999954824 0.001600168 0.554377322 -0.002311933 -0.001578641 0.999995959 69.260662263
0.999946680 -0.010088307 0.002215719 2.038277342 0.010086102 0.999948324 0.000991837 0.558429203 -0.002226186 -0.000969413 0.999996764 69.843811571
0.999954429 -0.009180355 0.002477306 2.046594554 0.009178420 0.999957265 0.000796438 0.560210053 -0.002484231 -0.000773712 0.999996489 70.120030314
0.999961126 -0.007893243 0.003947717 2.059359824 0.007894710 0.999969335 -0.000326267 0.562994908 -0.003946003 0.000357463 0.999992272 70.681775652
0.999961277 -0.007074269 0.005116753 2.077958841 0.007082314 0.999973606 -0.001542138 0.565095661 -0.005105879 0.001578373 0.999986110 71.223988479
0.999955389 -0.007432823 0.005754642 2.088884649 0.007445516 0.999969564 -0.002180013 0.566140915 -0.005738223 0.002222845 0.999980885 71.501622221
0.999948032 -0.007723330 0.006655214 2.103813110 0.007738067 0.999968153 -0.002171574 0.570738650 -0.006639131 0.002223048 0.999975804 72.053111066
0.999942002 -0.007573713 0.007625541 2.123204275 0.007582550 0.999970881 -0.001112484 0.576521036 -0.007616847 0.001170283 0.999970497 72.572933236
0.999941065 -0.007017635 0.008249434 2.126359396 0.007019115 0.999975730 -0.000134573 0.580681365 -0.008248507 0.000192519 0.999966021 72.846313146
0.999939114 -0.005839070 0.009371438 2.146372766 0.005828731 0.999982045 0.001133214 0.586829780 -0.009377796 -0.001078402 0.999955417 73.377778466
0.999938442 -0.005441574 0.009704040 2.163687324 0.005423540 0.999983627 0.001888842 0.592226594 -0.009714614 -0.001836009 0.999950697 73.907843248
0.999932514 -0.005239214 0.010339792 2.169646698 0.005221769 0.999985030 0.001719866 0.594188373 -0.010348221 -0.001665706 0.999945075 74.171474957
0.999924820 -0.005448580 0.011032158 2.191209013 0.005433722 0.999984112 0.001374760 0.597226518 -0.011039754 -0.001314678 0.999938359 74.669907522
0.999911778 -0.005755250 0.011967813 2.209513281 0.005744741 0.999983147 0.000923198 0.600185077 -0.011972775 -0.000854304 0.999928127 75.155286305
0.999911482 -0.005106053 0.012286390 2.218015660 0.005102589 0.999986717 0.000312154 0.600844184 -0.012288133 -0.000249426 0.999924535 75.386336963
0.999904414 -0.004472198 0.013092765 2.232442702 0.004476641 0.999990308 -0.000306218 0.603407035 -0.013091483 0.000364869 0.999913868 75.847018329
0.999887402 -0.003674436 0.014525251 2.250453630 0.003680769 0.999992884 -0.000401535 0.606732472 -0.014523977 0.000455015 0.999894045 76.309569406
0.999878783 -0.003476789 0.015160963 2.259945830 0.003477423 0.999994100 -0.000008732 0.609129308 -0.015161212 0.000061506 0.999885247 76.541072447
0.999863147 -0.004165103 0.015999419 2.281842867 0.004155182 0.999991421 0.000659346 0.613511062 -0.016002228 -0.000592713 0.999871669 76.994312953
0.999847202 -0.005276497 0.016681910 2.301363295 0.005256766 0.999985354 0.001231674 0.617764329 -0.016687848 -0.001143782 0.999859777 77.434969435
0.999837108 -0.005698146 0.017114135 2.310484653 0.005678767 0.999983402 0.001187425 0.619250451 -0.017120977 -0.001090003 0.999853083 77.643657195
0.999829207 -0.006688104 0.017234558 2.325807468 0.006669340 0.999976894 0.001147095 0.622514841 -0.017241454 -0.001031951 0.999850703 78.070799455
0.999811387 -0.006419237 0.018345705 2.345007915 0.006386658 0.999977935 0.001837838 0.626695812 -0.018357169 -0.001720262 0.999830202 78.488632502
0.999805195 -0.005966893 0.018830391 2.349731763 0.005931569 0.999980568 0.001933697 0.628586143 -0.018842093 -0.001821560 0.999820550 78.694969921
0.999796123 -0.006075483 0.019256955 2.371312252 0.006013959 0.999976352 0.003255136 0.633466382 -0.019276306 -0.003138601 0.999809121 79.091379877
0.999806249 -0.003115151 0.019418942 2.383598109 0.003061315 0.999990955 0.002805174 0.635607440 -0.019428120 -0.002745082 0.999807447 79.494301077
0.999812935 -0.001059626 0.019327119 2.386431320 0.001025341 0.999998034 0.001784124 0.635489547 -0.019329042 -0.001763885 0.999811715 79.699719461
0.999811066 -0.000697249 0.019419929 2.403035169 0.000681214 0.999999241 0.000835024 0.636429754 -0.019420964 -0.000821602 0.999811248 80.070997185
0.999814922 -0.003300754 0.018962755 2.422830783 0.003256598 0.999991487 0.002365062 0.641559366 -0.018970640 -0.002302887 0.999817196 80.432464586
0.999814236 -0.003312689 0.018979621 2.429072609 0.003251431 0.999989532 0.003258919 0.644517265 -0.018991178 -0.003196487 0.999814736 80.616906049
0.999813891 -0.003114240 0.019031490 2.444649417 0.003037730 0.999986807 0.004048822 0.648308658 -0.019044710 -0.003990202 0.999810284 80.964862626
0.999815522 -0.001919068 0.019132418 2.451954110 0.001837339 0.999988919 0.004286471 0.651637586 -0.019140800 -0.004250483 0.999807431 81.319777590
0.999819484 -0.001048962 0.018982443 2.461263056 0.000973667 0.999992058 0.003979559 0.652041890 -0.018986950 -0.003960318 0.999812084 81.483296877
0.999824665 0.003925247 0.018302204 2.463916860 -0.004021906 0.999978609 0.005252069 0.656800662 -0.018282036 -0.005324689 0.999818083 81.813027388
0.999792725 0.007823578 0.018762158 2.471431371 -0.008025543 0.999910688 0.010714478 0.668790828 -0.018677204 -0.010862788 0.999766358 82.145033987
0.999766675 0.009251807 0.019528751 2.476571680 -0.009499650 0.999875138 0.012638409 0.673372229 -0.019409764 -0.012820896 0.999728848 82.306166243
0.999742481 0.010635588 0.020054044 2.487646636 -0.010898095 0.999856239 0.013025796 0.676361961 -0.019912281 -0.013240995 0.999713797 82.617782640
0.999771238 0.009534532 0.019142895 2.498078194 -0.009784940 0.999867155 0.013033204 0.678636324 -0.019015887 -0.013217474 0.999731860 82.917759284
0.999773231 0.009211188 0.019204489 2.508008542 -0.009467488 0.999867182 0.013301535 0.679907568 -0.019080245 -0.013480354 0.999727241 83.058915285
0.999763890 0.008630850 0.019909807 2.523106533 -0.008891874 0.999874677 0.013065085 0.681522489 -0.019794692 -0.013238955 0.999716047 83.350067325
0.999711703 0.013459591 0.019864300 2.528392953 -0.013750991 0.999799239 0.014610557 0.686455804 -0.019664034 -0.014879447 0.999696227 83.647202420
0.999635915 0.017494700 0.020513186 2.531406201 -0.017829906 0.999708694 0.016276792 0.690334087 -0.020223184 -0.016636596 0.999656905 83.784578812
0.999581785 0.019262803 0.021586819 2.540714446 -0.019633191 0.999661183 0.017081850 0.693872629 -0.021250251 -0.017498529 0.999620771 84.061249743
0.999586749 0.019651096 0.020963555 2.550199061 -0.019954419 0.999698172 0.014363187 0.690941942 -0.020675666 -0.014775528 0.999677016 84.315628730
0.999584068 0.020288171 0.020516514 2.555171539 -0.020548899 0.999709903 0.012578612 0.688582571 -0.020255680 -0.012994972 0.999710586 84.431649490
0.999590018 0.019443886 0.021023190 2.569123702 -0.019674174 0.999748367 0.010806446 0.686916383 -0.020808024 -0.011215614 0.999720662 84.654361025
0.999566047 0.019457722 0.022120793 2.583571844 -0.019706974 0.999744391 0.011106999 0.688737907 -0.021898959 -0.011538100 0.999693470 84.865861215
0.999545569 0.020147363 0.022405320 2.587300430 -0.020410548 0.999724772 0.011583194 0.690343337 -0.022165810 -0.012035241 0.999681749 84.969727427
0.999524794 0.021254743 0.022334035 2.598768529 -0.021524602 0.999697219 0.011915788 0.691979761 -0.022074631 -0.012390820 0.999679828 85.156997434
0.999468153 0.022567885 0.023518558 2.610453478 -0.022845457 0.999672096 0.011609131 0.692502572 -0.023248995 -0.012140233 0.999656237 85.333100842
0.999438783 0.023240787 0.024127367 2.617329715 -0.023525393 0.999656277 0.011583869 0.692881904 -0.023850077 -0.012144909 0.999641624 85.416031968
0.999420093 0.023766034 0.024388061 2.628136858 -0.024048067 0.999646614 0.011342698 0.693513504 -0.024109967 -0.011922553 0.999638262 85.591665037
0.999420096 0.023601851 0.024539912 2.634809357 -0.023878513 0.999653468 0.011044253 0.694194270 -0.024271138 -0.011623776 0.999637320 85.753773789
0.999417191 0.023518494 0.024744495 2.640224938 -0.023802932 0.999653322 0.011267314 0.694965140 -0.024470694 -0.011849707 0.999630040 85.824585116
0.999401039 0.023724121 0.025208852 2.651924022 -0.024034288 0.999637842 0.012075347 0.696749283 -0.024913639 -0.012673971 0.999609205 85.932673128
0.999337810 0.025387213 0.026056559 2.657287730 -0.025689182 0.999605761 0.011324284 0.696150879 -0.025759172 -0.011986139 0.999596578 86.037499335
0.999307400 0.026241433 0.026374278 2.660474529 -0.026519463 0.999596160 0.010249282 0.694541793 -0.026095085 -0.010941586 0.999599515 86.084571104
0.999256847 0.028204275 0.026268725 2.666844494 -0.028426043 0.999563537 0.008110965 0.691263734 -0.026028404 -0.008851621 0.999621803 86.178715225
0.999216850 0.030227456 0.025518605 2.668275273 -0.030407518 0.999515336 0.006701465 0.689351354 -0.025303869 -0.007472124 0.999652156 86.258852944
0.999196823 0.031018755 0.025375187 2.668295452 -0.031191411 0.999492802 0.006436571 0.689169840 -0.025162693 -0.007222813 0.999657394 86.292856274
0.999171977 0.031675179 0.025537334 2.674036872 -0.031866982 0.999466938 0.007143303 0.690623709 -0.025297095 -0.007951196 0.999648107 86.352483531
0.999177675 0.031388336 0.025654977 2.680721490 -0.031613528 0.999464899 0.008424923 0.693046757 -0.025377196 -0.009229012 0.999635289 86.412570645
0.999180820 0.031274021 0.025681742 2.680832492 -0.031513932 0.999463340 0.008991452 0.694362421 -0.025387631 -0.009793376 0.999629144 86.446559416
0.999190130 0.030840115 0.025838923 2.685969871 -0.031099056 0.999468976 0.009682399 0.695749697 -0.025525825 -0.010478117 0.999619016 86.494540610
0.999190881 0.030640504 0.026045784 2.692209778 -0.030905826 0.999473462 0.009846825 0.696044325 -0.025730638 -0.010643809 0.999612004 86.531824284
0.999192524 0.030490315 0.026159171 2.694577303 -0.030756563 0.999478653 0.009838175 0.696023095 -0.025845908 -0.010634792 0.999609093 86.544409765
0.999197601 0.030245674 0.026247583 2.697544631 -0.030511207 0.999487080 0.009780157 0.695998590 -0.025938460 -0.010573168 0.999607460 86.568641987
0.999192754 0.030276882 0.026383014 2.699637785 -0.030544385 0.999484996 0.009794870 0.696142761 -0.026073316 -0.010592772 0.999603938 86.592403286
0.999192301 0.030232851 0.026476405 2.704929451 -0.030501877 0.999486414 0.009818927 0.695899254 -0.026165964 -0.010618573 0.999601508 86.595221347
0.999197185 0.030200033 0.026340634 2.706416748 -0.030468100 0.999487291 0.009835520 0.695946889 -0.026031114 -0.010630133 0.999604669 86.607336875
0.999204096 0.030180354 0.026099120 2.707037136 -0.030450193 0.999485946 0.010001356 0.696282974 -0.025784638 -0.010788128 0.999608905 86.618980317
0.999205785 0.030194591 0.025997385 2.709674795 -0.030461747 0.999486672 0.009943676 0.696026475 -0.025684701 -0.010727700 0.999612849 86.620390657
0.999208297 0.030070006 0.026061898 2.712235557 -0.030316997 0.999499079 0.009137108 0.694502365 -0.025774398 -0.009920006 0.999618581 86.621813325
0.999211568 0.029840724 0.026171029 2.712151395 -0.030067742 0.999512878 0.008326791 0.693114981 -0.025909986 -0.009107091 0.999623224 86.621826817
0.999219947 0.029651761 0.026085262 2.713035257 -0.029878469 0.999519209 0.008346813 0.693106003 -0.025825112 -0.009119716 0.999624454 86.622296186
0.999236038 0.029263207 0.025908361 2.717757394 -0.029497541 0.999527343 0.008713179 0.693364831 -0.025641092 -0.009470780 0.999626249 86.613462652
0.999228550 0.029535307 0.025890089 2.716852340 -0.029763953 0.999520925 0.008493564 0.693024467 -0.025627101 -0.009257594 0.999629157 86.612996680
0.999230409 0.029551064 0.025785838 2.716829937 -0.029773636 0.999521970 0.008290470 0.692655163 -0.025529418 -0.009051823 0.999633329 86.613000271
0.999238177 0.029456532 0.025604701 2.716837809 -0.029679457 0.999523979 0.008372332 0.692784919 -0.025346858 -0.009125857 0.999636871 86.612999009
0.999233261 0.029608925 0.025631223 2.717734385 -0.029835946 0.999518253 0.008521012 0.692985546 -0.025366697 -0.009279138 0.999634517 86.613466340
0.999234412 0.029547636 0.025647555 2.722411111 -0.029772982 0.999520666 0.008450239 0.692495785 -0.025385718 -0.009207313 0.999634821 86.604640086
0.999240586 0.029432048 0.025505403 2.723271359 -0.029650913 0.999526680 0.008250888 0.692097541 -0.025250485 -0.009000870 0.999640249 86.605113240
0.999241366 0.029497768 0.025410827 2.724153404 -0.029716251 0.999524555 0.008266550 0.692058620 -0.025154440 -0.009015414 0.999642652 86.605582901
0.999237764 0.029595815 0.025463856 2.724148560 -0.029813645 0.999522057 0.008216861 0.691978771 -0.025208911 -0.008969741 0.999642287 86.605583677
0.999238758 0.029594647 0.025429659 2.725010019 -0.029807416 0.999523955 0.008030059 0.691600490 -0.025180324 -0.008781936 0.999644432 86.606056638
0.999241859 0.029542574 0.025348249 2.725882982 -0.029752637 0.999525907 0.007951906 0.691411851 -0.025101676 -0.008699991 0.999646425 86.606527755
0.999239891 0.029577205 0.025369402 2.725879955 -0.029786688 0.999525067 0.007923684 0.691361945 -0.025122817 -0.008673310 0.999646371 86.606528240
0.999237744 0.029614363 0.025438916 2.726754734 -0.029822926 0.999524432 0.007857223 0.691203250 -0.025194938 -0.008609839 0.999645259 86.606999065
0.999239517 0.029636018 0.025326939 2.727633752 -0.029842987 0.999524338 0.007837629 0.691114423 -0.025083272 -0.008587469 0.999648969 86.607469211
0.999240105 0.029653821 0.025281763 2.727627697 -0.029859226 0.999523754 0.007787521 0.691014611 -0.025039232 -0.008536423 0.999649755 86.607470182
0.999236795 0.029753424 0.025315535 2.728504293 -0.029957940 0.999521164 0.007738056 0.690885860 -0.025073101 -0.008490487 0.999649358 86.607940716
0.999235872 0.029778155 0.025297257 2.729380283 -0.029981169 0.999521148 0.007688356 0.690747127 -0.025056758 -0.008440886 0.999650805 86.608411347
0.999235585 0.029802578 0.025272046 2.729377255 -0.030004746 0.999520904 0.007664259 0.690697221 -0.025030999 -0.008416702 0.999650899 86.608411832
0.999234685 0.029853807 0.025268636 2.730256879 -0.030055560 0.999518975 0.007644965 0.690618375 -0.025028214 -0.008398501 0.999651031 86.608881881
0.999233926 0.029871757 0.025274930 2.730249613 -0.030071830 0.999519526 0.007578706 0.690498601 -0.025036998 -0.008332924 0.999651483 86.608883046
0.999234490 0.029886290 0.025257246 2.731126209 -0.030085127 0.999519109 0.007531032 0.690369850 -0.025020282 -0.008285092 0.999652028 86.609353580
0.999233885 0.029883494 0.025272006 2.731137713 -0.030085203 0.999518203 0.007641264 0.690559492 -0.025031928 -0.008395744 0.999650708 86.609351736
0.999230229 0.029974760 0.025291565 2.732017336 -0.030176244 0.999515816 0.007623669 0.690480646 -0.025051576 -0.008380975 0.999650496 86.609821785
0.999231353 0.029993533 0.025228185 2.732005226 -0.030191657 0.999515792 0.007510489 0.690281023 -0.024991426 -0.008266338 0.999653328 86.609823726
0.999235048 0.029948878 0.025133667 2.731973741 -0.030138849 0.999519396 0.007216258 0.689762001 -0.024905583 -0.007968233 0.999657422 86.609828773
0.999226515 0.030172235 0.025198302 2.737507082 -0.030355143 0.999515726 0.006913945 0.688814109 -0.024978079 -0.007673519 0.999657943 86.601476256
0.999225037 0.030213034 0.025225006 2.737492550 -0.030392624 0.999515632 0.006770317 0.688574561 -0.025009011 -0.007531673 0.999658875 86.601478585
0.999226809 0.030205458 0.025153881 2.737451983 -0.030375013 0.999517822 0.006388617 0.687905822 -0.024948769 -0.007147676 0.999663189 86.601485089
0.999226318 0.030298466 0.025069812 2.737366004 -0.030447143 0.999521133 0.005571093 0.686488494 -0.024889364 -0.006330062 0.999669838 86.601498872
0.999227063 0.030308081 0.025047074 2.737299401 -0.030440742 0.999524717 0.004936908 0.685390564 -0.024885839 -0.005695481 0.999674158 86.601509549
0.999227005 0.030390998 0.024948504 2.736241160 -0.030481258 0.999530087 0.003249952 0.682524961 -0.024838858 -0.004007854 0.999683498 86.601068134
0.999228227 0.030466497 0.024805048 2.735192606 -0.030516966 0.999533000 0.001657575 0.679819058 -0.024742688 -0.002413214 0.999691112 86.600625166
0.999227233 0.030515210 0.024788590 2.736007443 -0.030549803 0.999533212 0.001022055 0.678672226 -0.024746370 -0.001778476 0.999692024 86.601105601
0.999220688 0.030600919 0.024926515 2.737408761 -0.030615410 0.999530908 0.000202708 0.677302532 -0.024909089 -0.000965633 0.999688533 86.613234912
0.999210628 0.030687984 0.025217499 2.739444999 -0.030689130 0.999528786 -0.000339533 0.676508472 -0.025217202 -0.000434606 0.999682142 86.637005336
0.999201268 0.030754838 0.025507786 2.741799810 -0.030752531 0.999526981 -0.000478497 0.676277638 -0.025510650 -0.000306277 0.999674339 86.649592855
0.999174106 0.030899480 0.026373947 2.745366334 -0.030893702 0.999522331 -0.000624135 0.676239876 -0.026381231 -0.000191156 0.999651792 86.685471915
0.999127093 0.031384964 0.027575380 2.748425289 -0.031387350 0.999507691 -0.000343056 0.677211637 -0.027572697 -0.000522689 0.999619337 86.743696014
0.999100312 0.031684935 0.028192149 2.753205752 -0.031699176 0.999497334 0.000059162 0.677917766 -0.028176505 -0.000952725 0.999602359 86.768859695
