1.000000000 0.000000000 -0.000000000 -0.000000000 0.000000000 1.000000000 0.000000000 -0.000000000 -0.000000000 0.000000000 1.000000000 0.000000000
0.999999319 0.000473970 0.000738037 0.003408090 -0.000473982 1.000000066 0.000046785 0.000290881 -0.000738428 -0.000047109 0.999999662 0.048138452
0.999996693 0.001416491 0.002116643 0.006964694 -0.001416933 0.999998991 0.000198213 0.001106336 -0.002116832 -0.000201226 0.999998133 0.154076033
0.999989363 0.002688158 0.003855001 0.009851339 -0.002689086 0.999996881 0.000215798 0.001784970 -0.003854614 -0.000226166 0.999992125 0.271175194
0.999981901 0.003363109 0.004944383 0.013459707 -0.003364214 0.999994804 0.000218207 0.002078761 -0.004943641 -0.000234822 0.999987488 0.330973985
0.999964241 0.004415479 0.007178265 0.018939440 -0.004416409 0.999990230 0.000111899 0.002516832 -0.007176942 -0.000143584 0.999974255 0.449573287
0.999943222 0.005034353 0.009398987 0.026997037 -0.005030495 0.999987823 -0.000437073 0.002144554 -0.009400713 0.000389797 0.999955919 0.569676068
0.999931273 0.005111671 0.010549933 0.031451073 -0.005102652 0.999986346 -0.000885817 0.001658418 -0.010553635 0.000831898 0.999944416 0.629979004
0.999898480 0.004948475 0.013363188 0.042925792 -0.004915822 0.999984948 -0.002476951 -0.000544046 -0.013375004 0.002411045 0.999907719 0.752090813
0.999850507 0.004626141 0.016692756 0.053749514 -0.004563329 0.999982240 -0.003800557 -0.002173597 -0.016709698 0.003723794 0.999853608 0.885360046
0.999823044 0.004348290 0.018313218 0.057550683 -0.004275270 0.999982958 -0.004024432 -0.002156792 -0.018329475 0.003945377 0.999824015 0.956820815
0.999755566 0.003728341 0.021790273 0.071027584 -0.003638575 0.999985287 -0.004157391 -0.001777746 -0.021804986 0.004077059 0.999754582 1.091577018
0.999670945 0.003351918 0.025430763 0.083836662 -0.003241772 0.999985572 -0.004371392 -0.001455551 -0.025444602 0.004287537 0.999666804 1.237494332
0.999612882 0.003661079 0.027594169 0.089366557 -0.003533513 0.999982976 -0.004670648 -0.001599122 -0.027611151 0.004571358 0.999607805 1.309955196
0.999468816 0.005393097 0.032127144 0.099543554 -0.005215001 0.999970873 -0.005623244 -0.002495818 -0.032156369 0.005452671 0.999468421 1.454380915
0.999318331 0.006901547 0.036278949 0.116420218 -0.006646826 0.999953017 -0.007140085 -0.004596715 -0.036326149 0.006894097 0.999316382 1.591149952
0.999235160 0.007695427 0.038344080 0.119546353 -0.007409431 0.999944225 -0.007596285 -0.004906661 -0.038400187 0.007306387 0.999235231 1.673773412
0.999015998 0.008427924 0.043537148 0.140381177 -0.008122852 0.999941808 -0.007179547 -0.003573891 -0.043594609 0.006818899 0.999025918 1.835841364
0.998747640 0.007714324 0.049441132 0.159907061 -0.007407719 0.999952133 -0.006383905 -0.001355196 -0.049488509 0.006009651 0.998756627 2.020225684
0.998600935 0.007857265 0.052288104 0.171717684 -0.007536514 0.999951824 -0.006328766 -0.000937589 -0.052335364 0.005925822 0.998612012 2.107840661
0.998299782 0.007864522 0.057746919 0.193808881 -0.007517808 0.999952750 -0.006220072 0.000000932 -0.057792350 0.005775400 0.998311937 2.293731211
0.997999813 0.006673607 0.062863856 0.221111358 -0.006322447 0.999963215 -0.005783774 0.001397976 -0.062899613 0.005374762 0.998005209 2.482616542
0.997864806 0.006707069 0.064973925 0.230533178 -0.006359500 0.999964886 -0.005554583 0.002208999 -0.065008570 0.005129525 0.997871899 2.580390838
0.997500148 0.007388440 0.070268557 0.256929095 -0.006985226 0.999957713 -0.005981554 0.002106821 -0.070309523 0.005475760 0.997510490 2.768785371
0.997085669 0.008502049 0.075815938 0.282384267 -0.007915005 0.999936325 -0.008040084 -0.000774100 -0.075878642 0.007416602 0.997089353 2.956696599
0.996892082 0.008833396 0.078277582 0.299346079 -0.008157296 0.999926565 -0.008953031 -0.002147130 -0.078350659 0.008286687 0.996890935 3.047319529
0.996595316 0.009154263 0.081937369 0.323323815 -0.008377431 0.999916756 -0.009820465 -0.002955480 -0.082019810 0.009100626 0.996589195 3.245879819
0.996308222 0.008507465 0.085428019 0.349946718 -0.007709307 0.999923296 -0.009668941 -0.002055122 -0.085503695 0.008974642 0.996297581 3.445928837
0.996119521 0.007839515 0.087662828 0.363677264 -0.006996754 0.999926840 -0.009917571 -0.002134854 -0.087733433 0.009265766 0.996100880 3.546206238
0.995719951 0.005806980 0.092238208 0.398702385 -0.004809671 0.999927588 -0.011031575 -0.003578706 -0.092295778 0.010540738 0.995675354 3.739604406
0.995445046 0.004650109 0.095226321 0.426810736 -0.003537288 0.999923870 -0.011851887 -0.004451032 -0.095274042 0.011461028 0.995384818 3.929002604
0.995288317 0.004959544 0.096833577 0.437939381 -0.003800237 0.999919168 -0.012153350 -0.004620077 -0.096886207 0.011728080 0.995226883 4.027781795
0.994872735 0.006617109 0.100916415 0.465182034 -0.005336253 0.999901545 -0.012957027 -0.005462196 -0.100993031 0.012352081 0.994810956 4.216680239
0.994474955 0.008906204 0.104598879 0.496493875 -0.007373801 0.999860054 -0.015027548 -0.008667430 -0.104718727 0.014173199 0.994401247 4.396430054
0.994310456 0.009475869 0.106094611 0.506719165 -0.007805417 0.999839012 -0.016148944 -0.010215743 -0.106230191 0.015228951 0.994225309 4.494717744
0.993992796 0.009648557 0.109016982 0.533728155 -0.007770308 0.999813932 -0.017641152 -0.012310304 -0.109166393 0.016688000 0.993883445 4.671963167
0.993563249 0.009161304 0.112903165 0.566611442 -0.007076226 0.999797237 -0.018854964 -0.014069424 -0.113052755 0.017934712 0.993427509 4.841043314
0.993347085 0.008396454 0.114853138 0.580972955 -0.006158176 0.999784837 -0.019829228 -0.015471790 -0.114994447 0.018989998 0.993184764 4.930167682
0.993058883 0.006630879 0.117433711 0.615533421 -0.004045357 0.999744327 -0.022241918 -0.019320564 -0.117551456 0.021612468 0.992831656 5.100259222
0.992843350 0.005826777 0.119278223 0.644276211 -0.003021433 0.999714833 -0.023687002 -0.021385572 -0.119381893 0.023157044 0.992578526 5.278503627
0.992707252 0.006124260 0.120395453 0.659536272 -0.003268476 0.999708930 -0.023903239 -0.021588603 -0.120506851 0.023335493 0.992438736 5.368120550
0.992446073 0.006807609 0.122493769 0.687672132 -0.003886706 0.999703120 -0.024068970 -0.021431313 -0.122620781 0.023411072 0.992177742 5.557512719
0.992265380 0.007798115 0.123890828 0.714929741 -0.004799751 0.999689338 -0.024481615 -0.021713641 -0.124043605 0.023697621 0.991993343 5.746407885
0.992194386 0.008748484 0.124391722 0.731032798 -0.005657855 0.999667343 -0.025177819 -0.022796562 -0.124569652 0.024277535 0.991913640 5.836529538
0.992004882 0.010522266 0.125759618 0.758200404 -0.007106502 0.999594746 -0.027578833 -0.026447630 -0.125998868 0.026464662 0.991677348 6.025444431
0.991817338 0.011689677 0.127126610 0.790374738 -0.007972901 0.999527165 -0.029706818 -0.029803026 -0.127413934 0.028450204 0.991441658 6.205694704
0.991741242 0.012393808 0.127654212 0.803412623 -0.008561634 0.999497619 -0.030524758 -0.030869261 -0.127968276 0.029179707 0.991348770 6.317138660
0.991591895 0.014150368 0.128624639 0.839686106 -0.010114194 0.999437877 -0.031978324 -0.033007250 -0.129005002 0.030408561 0.991177200 6.534361182
0.991509830 0.014746440 0.129194770 0.875283219 -0.010469787 0.999376720 -0.033719173 -0.035521970 -0.129611613 0.032080150 0.991045329 6.762746687
0.991503815 0.015057487 0.129201076 0.889396428 -0.010698645 0.999351978 -0.034365018 -0.036265633 -0.129634460 0.032690750 0.991022288 6.886348687
0.991587669 0.015047324 0.128561014 0.920676535 -0.010524366 0.999303686 -0.035789163 -0.038199482 -0.129010264 0.034135037 0.991055287 7.112232902
0.991765192 0.015015178 0.127186020 0.956233855 -0.010206396 0.999210896 -0.038377536 -0.042203645 -0.127662049 0.036763420 0.991136107 7.340627130
0.991855950 0.015882390 0.126371082 0.970109128 -0.010927605 0.999147539 -0.039805826 -0.044359691 -0.126895922 0.038100721 0.991183821 7.452577046
0.992116131 0.018020270 0.124020228 0.996153919 -0.012888989 0.999032239 -0.042053283 -0.047651727 -0.124658456 0.040123232 0.991388618 7.675471748
0.992367525 0.020577110 0.121585693 1.024163234 -0.015368933 0.998930494 -0.043619583 -0.049771726 -0.122352690 0.041418039 0.991621893 7.911019097
0.992491164 0.020853663 0.120528555 1.038280182 -0.015625566 0.998902185 -0.044160337 -0.050375441 -0.121316567 0.041945445 0.991726989 8.034620278
0.992838856 0.020631084 0.117668019 1.066091088 -0.015344805 0.998839345 -0.045656284 -0.052428375 -0.118473669 0.043523756 0.992002938 8.258506879
0.993307965 0.020665573 0.113633253 1.091323595 -0.015438871 0.998790816 -0.046685737 -0.053690952 -0.114459495 0.044618928 0.992425518 8.480890119
0.993557657 0.020616178 0.111438939 1.098509084 -0.015421551 0.998762846 -0.047277763 -0.054272935 -0.112275916 0.045254532 0.992646120 8.600494550
0.993989471 0.020729023 0.107494326 1.120734326 -0.015589224 0.998704925 -0.048436727 -0.055810578 -0.108360185 0.046469890 0.993025299 8.798059956
0.994486545 0.020821203 0.102771452 1.135350670 -0.015744806 0.998626790 -0.049961778 -0.057743204 -0.103670519 0.048068254 0.993449602 9.002791830
0.994766193 0.020387357 0.100123753 1.142332409 -0.015373786 0.998601585 -0.050592807 -0.058458047 -0.101014237 0.048788664 0.993687869 9.110736684
0.995331538 0.019705776 0.094483189 1.158762141 -0.015000546 0.998623708 -0.050254605 -0.057382234 -0.095342841 0.048602695 0.994256948 9.316450097
0.995871831 0.019412307 0.088671277 1.171559249 -0.015089857 0.998676806 -0.049159819 -0.055048930 -0.089508654 0.047618913 0.994847383 9.508497479
0.996162177 0.018977010 0.085445835 1.175127605 -0.014853995 0.998706857 -0.048632977 -0.053793639 -0.086258002 0.047177162 0.995155104 9.614432484
0.996681666 0.019286227 0.079081952 1.184444561 -0.015526531 0.998732630 -0.047884243 -0.051989268 -0.079905043 0.046497448 0.995717510 9.804484652
0.997116562 0.020821473 0.072976390 1.185326983 -0.017444114 0.998761095 -0.046616327 -0.049050234 -0.073856082 0.045208877 0.996243485 10.001194754
0.997294911 0.021845104 0.070181992 1.190238730 -0.018658006 0.998778550 -0.045751563 -0.047391351 -0.071096359 0.044318383 0.996484287 10.084805840
0.997620043 0.025561504 0.064032188 1.185120557 -0.022825302 0.998810047 -0.043104712 -0.042021703 -0.065058236 0.041540622 0.997016627 10.278004663
0.997988361 0.027598804 0.057076160 1.184792810 -0.025307060 0.998859592 -0.040493449 -0.036959066 -0.058128235 0.038967600 0.997547851 10.450882040
0.998260510 0.026553209 0.052641759 1.187944050 -0.024448436 0.998890989 -0.040232229 -0.036329363 -0.053652152 0.038875311 0.997802636 10.533499997
0.998692812 0.024582949 0.044820446 1.186829098 -0.022777274 0.998926041 -0.040362185 -0.035791907 -0.045764524 0.039288532 0.998179578 10.717564651
0.999005587 0.022471038 0.038515558 1.185787591 -0.020972151 0.999023198 -0.038890767 -0.032505479 -0.039351366 0.038044383 0.998500873 10.901613207
0.999160815 0.021017256 0.035156715 1.188121740 -0.019694009 0.999100048 -0.037571546 -0.030026249 -0.035914459 0.036847611 0.998675584 10.983720756
0.999490870 0.017606262 0.026625290 1.183513309 -0.016701283 0.999287909 -0.033840375 -0.023023250 -0.027201827 0.033378499 0.999072469 11.154088881
0.999667824 0.017746098 0.018675108 1.176104034 -0.017178148 0.999398355 -0.030145617 -0.016062493 -0.019198707 0.029814809 0.999371152 11.311298164
0.999721758 0.017924630 0.015344594 1.171500314 -0.017473412 0.999425515 -0.029052041 -0.013801442 -0.015856021 0.028775831 0.999459624 11.389410369
0.999836270 0.016183906 0.008128453 1.165513190 -0.015952186 0.999486544 -0.027802545 -0.010982482 -0.008574432 0.027668296 0.999580055 11.535982706
0.999882655 0.015349465 -0.000125319 1.157621099 -0.015347594 0.999547339 -0.025873290 -0.007106394 -0.000271282 0.025872214 0.999665042 11.669889342
0.999874655 0.015259366 -0.004185658 1.151951670 -0.015358313 0.999576369 -0.024719896 -0.004808049 0.003806621 0.024781069 0.999685897 11.735841395
0.999813698 0.016042990 -0.010713312 1.135565755 -0.016292746 0.999587748 -0.023637789 -0.002016468 0.010330391 0.023807976 0.999663062 11.876418959
0.999704054 0.017442366 -0.016932628 1.123090680 -0.017828014 0.999578768 -0.022897413 -0.000021499 0.016525997 0.023192517 0.999594366 11.996178366
0.999628556 0.017676847 -0.020736580 1.118055957 -0.018140772 0.999585029 -0.022401185 0.001094160 0.020332426 0.022769029 0.999534566 12.050976567
0.999418182 0.018897619 -0.028387053 1.100167720 -0.019524394 0.999567892 -0.021966643 0.002567719 0.027959492 0.022508065 0.999356105 12.156081205
0.999144900 0.020539588 -0.035876343 1.085719040 -0.021340175 0.999528870 -0.022076592 0.003050778 0.035405930 0.022823245 0.999112439 12.263189955
0.999000235 0.020466884 -0.039756608 1.078065323 -0.021355422 0.999529150 -0.022054112 0.003437362 0.039286223 0.022881070 0.998965606 12.316493691
0.998623161 0.019725576 -0.048609792 1.055191190 -0.020786550 0.999555135 -0.021417939 0.005394957 0.048165680 0.022398860 0.998588185 12.430258384
0.998173119 0.019238259 -0.057266546 1.039729948 -0.020428944 0.999585384 -0.020278962 0.007904565 0.056852858 0.021411862 0.998152850 12.525195332
0.997946984 0.018983240 -0.061167772 1.028633203 -0.020227897 0.999599732 -0.019793588 0.009151698 0.060767014 0.020990220 0.997930985 12.576495718
0.997465591 0.018388460 -0.068736213 1.011411454 -0.019759340 0.999618494 -0.019317105 0.010632126 0.068354306 0.020626355 0.997447961 12.670439539
0.996855559 0.017582721 -0.077267521 0.992435608 -0.019128010 0.999630574 -0.019304206 0.011323285 0.076899552 0.020721484 0.996823731 12.763388825
0.996513252 0.017243494 -0.081634239 0.983714045 -0.018876001 0.999636757 -0.019268406 0.011667192 0.081273250 0.020742125 0.996475815 12.804532878
0.995827204 0.016928905 -0.089674928 0.965402016 -0.018729431 0.999638931 -0.019274807 0.012265257 0.089316251 0.020873919 0.995785047 12.886321932
0.995134889 0.017571658 -0.096944593 0.941253348 -0.019481686 0.999634089 -0.018790608 0.013937355 0.096579302 0.020587806 0.995112761 12.976268007
0.994759740 0.017890196 -0.100660413 0.930813743 -0.019845907 0.999633257 -0.018460672 0.014841487 0.100292569 0.020361629 0.994749416 13.016409624
0.993875681 0.018382336 -0.108968392 0.909948420 -0.020404987 0.999639611 -0.017475642 0.017169559 0.108608157 0.019592106 0.993891548 13.096689813
0.992799272 0.019019465 -0.118266424 0.880016795 -0.020966878 0.999664022 -0.015243693 0.021924937 0.117937382 0.017613567 0.992864679 13.194781144
0.992179711 0.019744776 -0.123243889 0.863761650 -0.021621246 0.999669916 -0.013906787 0.024692807 0.122929003 0.016462658 0.992278981 13.243075158
0.990971752 0.020535101 -0.132487631 0.837948622 -0.022304433 0.999680682 -0.011884277 0.028934379 0.132201126 0.014732053 0.991113537 13.332007031
0.989738870 0.019579988 -0.141541052 0.811219419 -0.021346993 0.999712243 -0.010975917 0.031316864 0.141286616 0.013884822 0.989871390 13.420450213
0.988969190 0.018452345 -0.146969871 0.799882067 -0.020333291 0.999729031 -0.011305707 0.031051651 0.146721926 0.014169353 0.989075910 13.460099100
0.987048405 0.015969640 -0.159625337 0.765204811 -0.018390896 0.999736751 -0.013702081 0.027838186 0.159364790 0.016460349 0.987082218 13.544078852
0.984674530 0.013944608 -0.173845842 0.725521360 -0.017042702 0.999721005 -0.016340690 0.024349040 0.173569305 0.019053003 0.984636998 13.636723107
0.983342719 0.013173610 -0.181280967 0.706578850 -0.016512411 0.999720988 -0.016920945 0.023828791 0.181007866 0.019632409 0.983285838 13.683537642
0.980093331 0.011604659 -0.198197693 0.656239517 -0.014896399 0.999775048 -0.015125344 0.028135381 0.197977214 0.017776659 0.980045031 13.792962446
0.975611991 0.009948346 -0.219275384 0.597504376 -0.012863167 0.999846545 -0.011869071 0.035026090 0.219123623 0.014400154 0.975591028 13.909036694
0.972916226 0.009539934 -0.230962367 0.565194850 -0.012290914 0.999869440 -0.010475035 0.038123792 0.230832748 0.013030027 0.972906779 13.971157510
0.966831413 0.009565640 -0.255235262 0.488173004 -0.012026070 0.999895191 -0.008080861 0.044101272 0.255130697 0.010882281 0.966844821 14.122887818
0.959350203 0.008512266 -0.282089038 0.406818395 -0.010548512 0.999928065 -0.005700327 0.050069843 0.282019699 0.008444278 0.959371359 14.272120289
0.954859482 0.007672494 -0.296958995 0.349130487 -0.009389183 0.999946733 -0.004354975 0.053772577 0.296909227 0.006946649 0.954880731 14.354231295
0.944043325 0.007366711 -0.329739574 0.238988654 -0.008065029 0.999966954 -0.000749921 0.062486252 0.329723528 0.003367284 0.944071544 14.521443113
0.933037197 0.008561666 -0.359678131 0.128607815 -0.008412947 0.999963231 0.001979104 0.069747559 0.359681522 0.001179425 0.933074650 14.677003080
0.926996037 0.009316176 -0.374954799 0.086762793 -0.008742541 0.999956830 0.003231132 0.072697709 0.374968360 0.000282862 0.927037706 14.733629405
0.908166195 0.008951712 -0.418513177 -0.074954231 -0.006230817 0.999949344 0.007867564 0.084420994 0.418562359 -0.004537346 0.908176706 14.940311487
0.887264569 0.007833099 -0.461193501 -0.249704263 -0.002848734 0.999929719 0.011502802 0.094818039 0.461251169 -0.008892226 0.887224836 15.139507670
0.876340225 0.007415959 -0.481635388 -0.361135635 -0.001288941 0.999914592 0.013050837 0.100225486 0.481690844 -0.010816150 0.876274468 15.236776715
0.851956999 0.008371264 -0.523544519 -0.560826416 0.000019051 0.999871432 0.016018620 0.110161923 0.523611240 -0.013657144 0.851848056 15.433148195
0.823840009 0.010237246 -0.566730253 -0.785521244 -0.000721148 0.999854883 0.017012818 0.117268638 0.566822253 -0.013607132 0.823728212 15.626708845
0.808217994 0.011144864 -0.588777270 -0.882234416 -0.000297828 0.999828708 0.018516771 0.122212560 0.588883012 -0.014790241 0.808082779 15.732473427
0.773480776 0.014085850 -0.633662882 -1.144540074 -0.000668579 0.999770268 0.021408023 0.133623061 0.633819779 -0.016135003 0.773313242 15.927348163
0.735044093 0.012905251 -0.677896046 -1.431628669 0.003312138 0.999738750 0.022623613 0.142986458 0.678011192 -0.018874627 0.734809709 16.131067842
0.715677507 0.011822287 -0.698330834 -1.608321955 0.005857406 0.999720156 0.022927582 0.148089287 0.698406042 -0.020499149 0.715407821 16.225351827
0.675855902 0.010246197 -0.736962286 -1.925568455 0.009786440 0.999690520 0.022874012 0.156313636 0.736968532 -0.022671789 0.675546392 16.423253310
0.636540849 0.009237776 -0.771187357 -2.248195800 0.013433952 0.999643568 0.023062894 0.165226123 0.771125653 -0.025040614 0.636189524 16.606492940
0.615889270 0.008790828 -0.787783778 -2.399097863 0.015864374 0.999596980 0.023557267 0.170189565 0.787673039 -0.027006409 0.615500768 16.704104719
0.575312149 0.008158296 -0.817892993 -2.747688401 0.019881109 0.999515074 0.023954463 0.180298132 0.817692381 -0.030041863 0.574871172 16.872350012
0.534103556 0.007619741 -0.845385060 -3.115993453 0.024178168 0.999412704 0.024283526 0.190964406 0.845073114 -0.033409709 0.533605719 17.040762106
0.512987893 0.007655271 -0.858361611 -3.336643733 0.026068390 0.999359775 0.024492178 0.197360758 0.858000228 -0.034940315 0.512459775 17.121220404
0.469666462 0.009204049 -0.882796055 -3.751497530 0.027486644 0.999309034 0.025042325 0.209611099 0.882416084 -0.036026601 0.469088387 17.274306376
0.426363404 0.010410992 -0.904492259 -4.188907547 0.027901969 0.999306423 0.024654989 0.220847476 0.904121933 -0.035749078 0.425776705 17.414409264
0.405838558 0.011298894 -0.913874708 -4.401977774 0.027523463 0.999319352 0.024578106 0.226559216 0.913529951 -0.035127762 0.405250862 17.487707416
0.369201040 0.011405387 -0.929279783 -4.845664247 0.028922746 0.999299455 0.023755689 0.237394356 0.928899471 -0.035647921 0.368611856 17.612655254
0.334797951 0.011015360 -0.942225591 -5.322707041 0.032126638 0.999217052 0.023097052 0.249613285 0.941742524 -0.038003386 0.334181533 17.741432165
0.318984921 0.010042673 -0.947705966 -5.575460788 0.033278696 0.999209185 0.021789649 0.254408286 0.947175453 -0.038488973 0.318398718 17.803415463
0.291169832 0.008187163 -0.956636598 -6.080138640 0.032450619 0.999303949 0.018429230 0.262618587 0.956121209 -0.036409465 0.290701278 17.927889716
0.271994975 0.007102231 -0.962272178 -6.601037500 0.029547447 0.999439627 0.015728459 0.272415339 0.961844852 -0.032710705 0.271632950 18.054523056
0.265177011 0.006875708 -0.964175052 -6.862227918 0.028200606 0.999491908 0.014883548 0.278265033 0.963787831 -0.031137114 0.264848318 18.123164755
0.253959159 0.006193792 -0.967195040 -7.388036559 0.028569535 0.999494970 0.013902209 0.291394755 0.966793105 -0.031162974 0.253654255 18.258441466
0.244784843 0.005177027 -0.969563498 -7.936811544 0.030779223 0.999440052 0.013107413 0.305605769 0.969089090 -0.033050977 0.244488561 18.403543957
0.241306857 0.004583224 -0.970438246 -8.210763383 0.032308794 0.999396815 0.012753798 0.312801134 0.969911042 -0.034431339 0.241013156 18.476344464
0.235090166 0.004036503 -0.971965123 -8.775780474 0.033221016 0.999374175 0.012185546 0.327808894 0.971405697 -0.035154410 0.234808859 18.623610667
0.229557764 0.004066307 -0.973286423 -9.342522017 0.032409169 0.999404646 0.011819486 0.343136971 0.972755436 -0.034256651 0.229289106 18.769875838
0.227309638 0.004197045 -0.973813070 -9.637919498 0.031096261 0.999450048 0.011566070 0.350960451 0.973326313 -0.032911027 0.227053620 18.841843578
0.223915723 0.004216222 -0.974599424 -10.231322771 0.028326864 0.999540418 0.010832329 0.366278186 0.974196925 -0.030032838 0.223693829 18.984282254
0.220872352 0.004229700 -0.975293753 -10.836619363 0.027940531 0.999552566 0.010662525 0.383001353 0.974902645 -0.029605229 0.220655648 19.131378967
0.218804915 0.004259968 -0.975759541 -11.149992483 0.027604103 0.999563875 0.010553836 0.391602022 0.975377991 -0.029244175 0.218590712 19.204511378
0.214571402 0.004325105 -0.976698437 -11.788643527 0.028432142 0.999539353 0.010672526 0.409778952 0.976294167 -0.030059674 0.214349032 19.355436755
0.210852188 0.006315785 -0.977497624 -12.445207448 0.027430411 0.999546920 0.012375165 0.431082193 0.977133604 -0.029422500 0.210583699 19.507513046
0.208811479 0.007548670 -0.977926315 -12.774755373 0.028975091 0.999483339 0.013901998 0.442998668 0.977526644 -0.031238445 0.208484599 19.582794418
0.203925810 0.008995227 -0.978944914 -13.439973870 0.031006102 0.999397182 0.015642115 0.464693938 0.978494964 -0.033543063 0.203524062 19.729872636
0.198857231 0.011482945 -0.979961481 -14.130957418 0.029596301 0.999404696 0.017716662 0.487508228 0.979581063 -0.032526295 0.198399421 19.873617323
0.196239191 0.012597758 -0.980475180 -14.484578792 0.029082213 0.999402970 0.018661669 0.498993866 0.980124877 -0.032176530 0.195755703 19.946573395
0.190648997 0.012342834 -0.981580693 -15.190407667 0.028098263 0.999442580 0.018024846 0.517513461 0.981255618 -0.031017114 0.190195253 20.081850410
0.186746847 0.011334792 -0.982342811 -15.895399688 0.027428133 0.999484055 0.016746680 0.534923252 0.982025251 -0.030071204 0.186339179 20.217633501
0.184789913 0.011334485 -0.982712358 -16.256871633 0.026255713 0.999520257 0.016465508 0.544461577 0.982427378 -0.028844463 0.184402666 20.286104777
0.182633031 0.011183360 -0.983117242 -16.995848806 0.026095342 0.999527630 0.016217754 0.564657762 0.982834712 -0.028616689 0.182254578 20.436869506
0.181322777 0.012240458 -0.983347552 -17.721987374 0.025240166 0.999535480 0.017096081 0.586397195 0.983099575 -0.027919767 0.180930156 20.583458509
0.181534256 0.013248530 -0.983295356 -18.818701579 0.024865506 0.999527675 0.018057931 0.618702784 0.983070147 -0.027728276 0.181118747 20.816338125
0.181461415 0.013075741 -0.983311269 -19.554183377 0.027867184 0.999441587 0.018432874 0.639997688 0.983003589 -0.030746933 0.180995388 20.969094732
0.181096319 0.013081023 -0.983378546 -19.931686734 0.028366029 0.999426506 0.018518352 0.650725522 0.983056105 -0.031248196 0.180621134 21.051387775
0.180372800 0.013519974 -0.983504943 -20.684285151 0.028515765 0.999413499 0.018968388 0.672517503 0.983185320 -0.031466687 0.179881787 21.205810271
0.180584623 0.012866413 -0.983475740 -21.450588938 0.028427161 0.999428162 0.018294968 0.692756455 0.983148854 -0.031261248 0.180116131 21.363908972
0.180332069 0.012103161 -0.983530936 -21.835064350 0.028006591 0.999455905 0.017434174 0.701986590 0.983207296 -0.030689280 0.179894799 21.442214164
0.179390056 0.013133357 -0.983690393 -22.612353294 0.027223092 0.999462057 0.018308506 0.725190174 0.983401246 -0.030063478 0.178935725 21.605461349
0.178050076 0.015065408 -0.983906197 -23.399113905 0.027758817 0.999408358 0.020326093 0.750635313 0.983629790 -0.030931152 0.177526177 21.763200051
0.177954560 0.016076506 -0.983906943 -23.809944473 0.027619043 0.999391123 0.021324858 0.763836530 0.983651580 -0.030969423 0.177401763 21.849315788
0.177078749 0.017230163 -0.984045870 -24.597624998 0.026173744 0.999410816 0.022209138 0.787282633 0.983848124 -0.029688901 0.176523584 22.006566620
0.176947304 0.016549232 -0.984081199 -25.410098340 0.024856304 0.999464588 0.021277330 0.808311772 0.983906562 -0.028225513 0.176441056 22.172664560
0.176668036 0.015906445 -0.984142268 -25.811687165 0.024254120 0.999496056 0.020508595 0.818158938 0.983971935 -0.027492735 0.176193601 22.252634938
0.175541956 0.014903869 -0.984358655 -26.616582057 0.023240935 0.999544057 0.019278386 0.838443486 0.984197411 -0.026261654 0.175115988 22.411573083
0.173948434 0.015444177 -0.984633043 -27.416405054 0.022919978 0.999543162 0.019727096 0.861462796 0.984488482 -0.025999306 0.173514371 22.561832325
0.173592202 0.016131704 -0.984685603 -27.832441293 0.023411273 0.999516205 0.020501853 0.874415411 0.984539342 -0.026611717 0.173130485 22.644952051
0.172030713 0.016953769 -0.984945755 -28.651756358 0.024029827 0.999481917 0.021401084 0.898825026 0.984798890 -0.027349711 0.171534425 22.807033573
0.170144711 0.017155809 -0.985269969 -29.464371222 0.025080753 0.999449307 0.021733912 0.922050433 0.985099976 -0.028409192 0.169620231 22.961458297
0.169242457 0.017036800 -0.985426832 -29.870251948 0.026083581 0.999422758 0.021758526 0.933418119 0.985229229 -0.029385943 0.168700343 23.038921882
0.167669589 0.016539688 -0.985704049 -30.684631326 0.027128186 0.999403525 0.021384111 0.955464402 0.985469696 -0.030325930 0.167120368 23.192354355
0.166392459 0.015908796 -0.985931458 -31.504014761 0.027689980 0.999399824 0.020799290 0.977314974 0.985670425 -0.030761283 0.165851815 23.354450862
0.166026922 0.015676713 -0.985997025 -31.917704662 0.027412648 0.999413947 0.020505907 0.988284767 0.985740342 -0.030433361 0.165499300 23.427420578
0.164266048 0.015489348 -0.986294795 -32.754395380 0.027048527 0.999430517 0.020200577 1.010989371 0.986045521 -0.029996123 0.163753613 23.579520529
0.163817431 0.016479171 -0.986352771 -33.596022318 0.026775086 0.999417795 0.021144405 1.036037315 0.986127490 -0.029873467 0.163279886 23.740269646
0.163856219 0.017449546 -0.986329617 -34.018986011 0.025679672 0.999429436 0.021947398 1.049161607 0.986150051 -0.028924840 0.163314263 23.819391745
0.163609935 0.019174920 -0.986338859 -34.858197974 0.023537899 0.999450432 0.023334283 1.074795769 0.986244083 -0.027034070 0.163068177 23.969975807
0.163213295 0.019729154 -0.986393332 -35.703305598 0.023646904 0.999434499 0.023902764 1.099294789 0.986307481 -0.027226324 0.162655248 24.128729827
0.163073204 0.019500824 -0.986421394 -36.121125046 0.023122257 0.999454956 0.023581006 1.110368541 0.986342925 -0.026653698 0.162532769 24.210861400
0.163125856 0.018169609 -0.986437637 -36.973258940 0.021932115 0.999516869 0.022037430 1.131340620 0.986361639 -0.025229558 0.162648580 24.365639453
0.163468472 0.015943691 -0.986419525 -37.830430543 0.020455866 0.999600215 0.019546652 1.150857459 0.986336568 -0.023373327 0.163076795 24.529088915
0.163090088 0.014953737 -0.986497722 -38.258682433 0.019286038 0.999645611 0.018341477 1.160644304 0.986422671 -0.022016937 0.162743310 24.605233091
0.161485837 0.014580001 -0.986767474 -39.117699447 0.018204246 0.999676554 0.017749967 1.183447439 0.986707568 -0.020829679 0.161167636 24.756003798
0.162249208 0.016117542 -0.986617928 -39.985087965 0.016531172 0.999681857 0.019049521 1.209744354 0.986611779 -0.019400710 0.161931623 24.913418624
0.162668827 0.016911552 -0.986535743 -40.414128369 0.014530497 0.999703714 0.019533183 1.222450325 0.986574138 -0.017512248 0.162375105 24.989046128
0.163468190 0.015138966 -0.986432834 -41.285792789 0.013625813 0.999752063 0.017601455 1.243373248 0.986455057 -0.016318172 0.163221307 25.155654890
0.164834623 0.011631570 -0.986252880 -42.163370231 0.016083485 0.999766439 0.014479051 1.262511272 0.986189670 -0.018249001 0.164608275 25.330437415
0.165850944 0.010389353 -0.986096070 -42.613508333 0.019009636 0.999725364 0.013730129 1.273881913 0.985967612 -0.021022515 0.165607028 25.428564361
0.166868839 0.013875356 -0.985880993 -43.500269804 0.023326917 0.999566043 0.018016203 1.306027467 0.985703032 -0.026003896 0.166472299 25.597775359
0.168205597 0.018507855 -0.985578629 -44.387648888 0.026502606 0.999377636 0.023290133 1.339995469 0.985396036 -0.030037929 0.167610490 25.778136463
0.168752219 0.019319651 -0.985468958 -44.824242104 0.028966173 0.999279404 0.024550616 1.354405671 0.985232804 -0.032688284 0.168071776 25.860918142
0.168167619 0.016109344 -0.985626983 -45.703526638 0.032772595 0.999222804 0.021923229 1.374513768 0.985213134 -0.035988352 0.167508922 26.034695832
0.168247569 0.012166343 -0.985669336 -46.606929757 0.031976740 0.999330793 0.017793150 1.392501659 0.985226505 -0.034512087 0.167745482 26.206158114
0.168598790 0.011878493 -0.985613539 -47.060733600 0.029717376 0.999412176 0.017128277 1.403890254 0.985236898 -0.032177643 0.168146215 26.290626288
0.168970138 0.013728347 -0.985525368 -47.967368759 0.024471669 0.999536079 0.018119220 1.430635742 0.985317766 -0.027179012 0.168555811 26.460038976
0.169120210 0.014286510 -0.985491665 -48.869714422 0.021491702 0.999604318 0.018179296 1.455770744 0.985361429 -0.024254375 0.168745984 26.631958983
0.169406477 0.013044495 -0.985460232 -49.315098954 0.019872262 0.999664344 0.016648727 1.465454889 0.985346167 -0.022403742 0.169089888 26.709772560
0.169935574 0.009654061 -0.985408437 -50.205702727 0.017254105 0.999769848 0.012770339 1.483516579 0.985303957 -0.019172518 0.169729806 26.877067722
0.171491658 0.009430582 -0.985139866 -51.080760233 0.016127657 0.999793626 0.012378333 1.507169351 0.985053245 -0.018010799 0.171303773 27.041662187
0.171430588 0.010905716 -0.985135893 -51.519082708 0.015474669 0.999785609 0.013760782 1.521719937 0.985074634 -0.017603706 0.171224722 27.123443889
0.171533572 0.014187170 -0.985075753 -52.423020088 0.014034100 0.999760171 0.016842429 1.552143397 0.985078047 -0.016713641 0.171293166 27.294333771
0.171455192 0.016027832 -0.985061989 -53.311632870 0.013341974 0.999738251 0.018588865 1.579861042 0.985101834 -0.016329791 0.171195859 27.462571544
0.171988681 0.016587043 -0.984959022 -53.746528875 0.013242049 0.999729276 0.019148036 1.592931310 0.985009774 -0.016336072 0.171722450 27.546360225
0.172897206 0.017814240 -0.984778965 -54.618912637 0.013143826 0.999705710 0.020391987 1.619362392 0.984852206 -0.016469525 0.172611424 27.712437154
0.173820001 0.019705675 -0.984580552 -55.500587551 0.013249160 0.999662488 0.022346636 1.647298214 0.984688148 -0.016929185 0.173499334 27.884670271
0.174411551 0.020283943 -0.984464102 -55.940474794 0.013332876 0.999647863 0.022958887 1.660652593 0.984582943 -0.017130019 0.174078751 27.977120178
0.175204962 0.020582853 -0.984316958 -56.816367285 0.013094791 0.999644874 0.023234202 1.685485142 0.984445104 -0.016960126 0.174873519 28.141208156
0.175905821 0.019879782 -0.984206712 -57.709224723 0.012585889 0.999669321 0.022441607 1.708998357 0.984326623 -0.016334688 0.175596983 28.318633016
0.175603063 0.019386484 -0.984269976 -58.166281999 0.012464154 0.999682779 0.021913800 1.720850559 0.984382093 -0.016116254 0.175305042 28.412760520
0.176337052 0.018232497 -0.984160655 -59.077142317 0.012121278 0.999712761 0.020692401 1.744121344 0.984254939 -0.015578090 0.176064797 28.591356022
0.176487690 0.017252434 -0.984151344 -59.963281927 0.012228628 0.999731312 0.019718542 1.767110104 0.984226366 -0.015514901 0.176229408 28.761120219
0.177044515 0.017119291 -0.984054123 -60.396478318 0.012132745 0.999734513 0.019574940 1.778930405 0.984128048 -0.015404911 0.176789564 28.845915376
0.178955888 0.016354628 -0.983721738 -61.261823284 0.012262213 0.999746756 0.018851864 1.801863963 0.983780705 -0.015436292 0.178709838 29.027669764
0.179354522 0.014600396 -0.983675810 -62.123940723 0.013859414 0.999752932 0.017366055 1.823364277 0.983686801 -0.016747832 0.179108480 29.199770501
0.179608719 0.013576952 -0.983644540 -62.561303249 0.014156842 0.999765566 0.016384542 1.833919049 0.983636542 -0.016868062 0.179374811 29.293735536
0.178973755 0.013871363 -0.983756311 -63.430267219 0.014182082 0.999760301 0.016677184 1.858619907 0.983751345 -0.016936416 0.178733829 29.461820908
0.180686028 0.015468069 -0.983419162 -64.285308178 0.014740381 0.999721433 0.018432806 1.885526459 0.983430180 -0.017826512 0.180407890 29.637886607
0.180557875 0.015904548 -0.983435267 -64.725201564 0.014958206 0.999709020 0.018914082 1.898650923 0.983450949 -0.018125546 0.180267151 29.730337861
0.180969042 0.015858280 -0.983360877 -65.593980478 0.014750523 0.999713497 0.018836614 1.922784903 0.983378398 -0.017913902 0.180683434 29.910086908
0.181063238 0.016250006 -0.983337310 -66.458615156 0.014122422 0.999717341 0.019121099 1.947364718 0.983369863 -0.017349247 0.180782178 30.080670878
0.181075244 0.016907409 -0.983324084 -66.888313502 0.013768486 0.999711179 0.019724645 1.960383700 0.983372765 -0.017110527 0.180789672 30.167457326
0.181603413 0.018619164 -0.983195377 -67.732295592 0.014174232 0.999667121 0.021549163 1.987084590 0.983270351 -0.017849396 0.181278804 30.338358386
0.182453294 0.020126370 -0.983008555 -68.578892403 0.013702173 0.999641922 0.023010182 2.013216345 0.983119246 -0.017667679 0.182112802 30.507764046
0.182538716 0.020782923 -0.982978916 -69.005122616 0.013808428 0.999624024 0.023699111 2.026314428 0.983101585 -0.017899448 0.182183359 30.596548342
0.182079989 0.021580461 -0.983047497 -69.855002237 0.014841777 0.999584762 0.024692601 2.051810201 0.983171878 -0.019086237 0.181683990 30.775619770
0.183138827 0.021754700 -0.982846400 -70.688866739 0.015161842 0.999573851 0.024950144 2.075506693 0.982970859 -0.019471082 0.182730750 30.940873002
0.183386104 0.021571076 -0.982804337 -71.104743829 0.015367422 0.999574695 0.024806674 2.086922793 0.982920872 -0.019652333 0.182976251 31.035662081
0.184028794 0.020288803 -0.982711468 -71.926544911 0.016645507 0.999579639 0.023754179 2.108087184 0.982779352 -0.020729182 0.183613253 31.207924230
0.183152577 0.018961824 -0.982901608 -72.739895168 0.017525111 0.999592418 0.022549446 2.128726686 0.982928543 -0.021355410 0.182745340 31.373524874
