1.000000000 0.000000000 0.000000000 0.000000000 -0.000000000 1.000000000 0.000000000 0.000000000 -0.000000000 0.000000000 1.000000000 0.000000000
0.999997982 -0.000522077 -0.001927133 0.002825723 0.000522841 0.999999610 0.000406357 0.001454466 0.001927814 -0.000407428 0.999998078 0.400768412
0.999977411 0.000143718 -0.006672531 0.006542793 -0.000135915 0.999999012 0.001157682 0.004214745 0.006673705 -0.001156801 0.999977090 1.204602207
0.999937232 0.001751377 -0.010999048 0.004540012 -0.001729388 0.999995675 0.002005239 0.007252913 0.011003362 -0.001986186 0.999937524 1.999704925
0.999903666 0.002917428 -0.013510687 0.005433753 -0.002885385 0.999992937 0.002391463 0.008658697 0.013518250 -0.002352287 0.999906068 2.402770089
0.999823498 0.004183061 -0.018304214 -0.006820950 -0.004135873 0.999987206 0.002615390 0.010854788 0.018314804 -0.002539288 0.999828988 3.194503032
0.999735281 0.004106275 -0.022631401 -0.012698795 -0.004073634 0.999990568 0.001485750 0.010580579 0.022636356 -0.001393186 0.999742881 3.978585929
0.999686133 0.003744173 -0.024763582 -0.016934648 -0.003728971 0.999992061 0.000659116 0.010037795 0.024766300 -0.000566585 0.999692878 4.372159366
0.999611340 0.003152593 -0.027694140 -0.022156922 -0.003203198 0.999992601 -0.001785643 0.007511191 0.027688406 0.001873600 0.999614334 5.139861269
0.999515446 0.003073555 -0.030970657 -0.029832285 -0.003164988 0.999989972 -0.002903724 0.007296377 0.030961603 0.003000309 0.999515933 5.894999876
0.999445588 0.002810510 -0.033165491 -0.042915654 -0.002914112 0.999990652 -0.003077223 0.008050748 0.033157232 0.003172089 0.999445729 6.268047333
0.999366912 0.000942937 -0.035564011 -0.049919315 -0.001069806 0.999992298 -0.003549339 0.009008492 0.035560678 0.003585089 0.999361279 7.022417810
0.999188544 -0.002297136 -0.040199345 -0.073133692 0.002215333 0.999995401 -0.002079335 0.014505019 0.040204778 0.001988567 0.999189419 8.153655159
0.999093075 -0.000288115 -0.042578834 -0.092206835 0.000204064 0.999997231 -0.001978522 0.016595473 0.042579637 0.001968010 0.999091183 8.891327760
0.998963993 0.000615711 -0.045498395 -0.117021069 -0.000649871 0.999998937 -0.000737706 0.020829221 0.045497393 0.000766470 0.998964387 9.635885580
0.998864738 -0.000296872 -0.047630845 -0.130079286 0.000282370 0.999999767 -0.000311589 0.022633287 0.047630898 0.000297784 0.998865279 10.008930726
0.998716011 0.001268304 -0.050639502 -0.156730242 -0.001188270 0.999997209 0.001611581 0.028042053 0.050641282 -0.001549402 0.998716311 10.740162204
0.998624491 0.002222690 -0.052373643 -0.183322111 -0.002050399 0.999991645 0.003343146 0.033164955 0.052381133 -0.003231217 0.998622261 11.455773908
0.998530324 0.002647476 -0.054130693 -0.205235031 -0.002420576 0.999987514 0.004256622 0.035966262 0.054141735 -0.004119393 0.998524621 11.808293734
0.998389068 0.000813326 -0.056734425 -0.232452210 -0.000540136 0.999987970 0.004830707 0.039100897 0.056738687 -0.004792311 0.998377627 12.509054961
0.998245928 -0.001978606 -0.059168097 -0.259131594 0.002150702 0.999992867 0.002844901 0.037819709 0.059161812 -0.002967181 0.998243889 13.209060357
0.998169938 -0.001773984 -0.060439073 -0.276615207 0.001897653 0.999995874 0.001988571 0.037452224 0.060436059 -0.002099707 0.998169631 13.556228318
0.998085865 0.001876716 -0.061823492 -0.307179395 -0.001913485 0.999997481 -0.000536277 0.035203926 0.061822169 0.000653471 0.998086958 14.260829133
0.997965525 0.004928407 -0.063556600 -0.348500804 -0.005061617 0.999984895 -0.001935379 0.035133832 0.063547057 0.002253122 0.997976172 14.947198674
0.997908119 0.007643161 -0.064195548 -0.365980504 -0.007730809 0.999969449 -0.001118103 0.037681448 0.064185468 0.001611960 0.997937060 15.309980621
0.997819384 0.008433303 -0.065455079 -0.403419103 -0.008376359 0.999963669 0.001143452 0.043998785 0.065462997 -0.000592692 0.997855035 16.022983618
0.997838166 0.008727304 -0.065141357 -0.436514551 -0.008674287 0.999961766 0.001096368 0.046303521 0.065148403 -0.000529031 0.997875400 16.746257009
0.997825320 0.009796929 -0.065172131 -0.454676013 -0.009756025 0.999951629 0.000944858 0.047258699 0.065178750 -0.000307020 0.997873828 17.109808010
0.997745273 0.013592971 -0.065729641 -0.494131633 -0.013550073 0.999906906 0.001098756 0.049978384 0.065738350 -0.000205672 0.997836965 17.825115569
0.997838365 0.015792771 -0.063785124 -0.527827000 -0.015793410 0.999874787 0.000493720 0.051354544 0.063784401 0.000514699 0.997963742 18.533536150
0.997844587 0.015666357 -0.063714019 -0.542745415 -0.015635521 0.999876719 0.000982077 0.053353913 0.063722093 0.000016206 0.997968164 18.893257111
0.997914420 0.013370294 -0.063153976 -0.573129306 -0.013326425 0.999910097 0.001115468 0.055878286 0.063163562 -0.000271562 0.998003353 19.582227020
0.998011083 0.011690104 -0.061936185 -0.592777536 -0.011738301 0.999930457 -0.000414018 0.055324716 0.061927814 0.001140176 0.998079678 20.289430185
0.998100608 0.010877720 -0.060635024 -0.606398622 -0.010974506 0.999938651 -0.001264259 0.054994610 0.060618262 0.001927281 0.998158629 20.632004773
0.998243741 0.009447858 -0.058477689 -0.622717170 -0.009560474 0.999952512 -0.001646185 0.056349033 0.058460080 0.002202368 0.998286803 21.319755594
0.998307543 0.009196647 -0.057424564 -0.647333861 -0.009328760 0.999954327 -0.002032489 0.057819797 0.057403368 0.002564728 0.998348160 22.001837887
0.998373831 0.009200419 -0.056254259 -0.655220005 -0.009361744 0.999952476 -0.002605637 0.057841621 0.056227944 0.003127957 0.998412869 22.353142166
0.998469396 0.009863260 -0.054418693 -0.686904899 -0.010032574 0.999945152 -0.002839121 0.059790364 0.054388566 0.003380679 0.998514266 23.043644440
0.998562101 0.009985653 -0.052656867 -0.708343379 -0.010135197 0.999944613 -0.002575160 0.062351250 0.052628149 0.003105088 0.998609217 23.737516993
0.998612235 0.010544410 -0.051603679 -0.712343521 -0.010687375 0.999939090 -0.002494755 0.063390170 0.051574849 0.003042757 0.998664124 24.084225744
0.998738636 0.010556492 -0.049083339 -0.733714531 -0.010676838 0.999940072 -0.002190589 0.066015091 0.049057734 0.002711807 0.998791976 24.762477755
0.998767900 0.012134076 -0.048120135 -0.757017522 -0.012239610 0.999922783 -0.001900673 0.068591332 0.048094377 0.002487240 0.998839752 25.443026518
0.998798822 0.012696986 -0.047331787 -0.773109664 -0.012798850 0.999916221 -0.001849179 0.069823234 0.047304644 0.002452719 0.998877872 25.773039460
0.998865072 0.013691914 -0.045617042 -0.793764496 -0.013767078 0.999904302 -0.001334461 0.072725027 0.045594891 0.001960913 0.998957711 26.434904911
0.998917772 0.013733784 -0.044421486 -0.808644463 -0.013798375 0.999903859 -0.001149306 0.074893119 0.044401481 0.001760979 0.999012329 27.089882040
0.998956911 0.013837939 -0.043507201 -0.813800844 -0.013897341 0.999902157 -0.001063725 0.075894361 0.043488190 0.001667213 0.999052304 27.406881167
0.999016741 0.015519013 -0.041534220 -0.829206311 -0.015581791 0.999877249 -0.001188409 0.077487828 0.041510794 0.001834377 0.999136098 28.031384306
0.999104555 0.014843600 -0.039628811 -0.835691521 -0.014926345 0.999886638 -0.001793397 0.078068114 0.039597399 0.002383274 0.999213033 28.660792398
0.999135906 0.014840825 -0.038826443 -0.833791436 -0.014936014 0.999885492 -0.002163117 0.078101518 0.038790526 0.002741119 0.999243603 28.969372622
0.999131731 0.015091808 -0.038822813 -0.846631307 -0.015197267 0.999881072 -0.002423340 0.079326686 0.038782403 0.003011209 0.999243320 29.590814378
0.999206300 0.014587163 -0.037069356 -0.854306211 -0.014680852 0.999889698 -0.002257129 0.081224847 0.037033418 0.002799503 0.999309910 30.206130265
0.999220491 0.015880118 -0.036140924 -0.863236807 -0.015951522 0.999870541 -0.001688596 0.083122492 0.036109659 0.002263745 0.999345760 30.512100307
0.999292765 0.016462870 -0.033810988 -0.864446459 -0.016496874 0.999863426 -0.000727599 0.086239283 0.033794618 0.001284824 0.999428287 31.119758028
0.999278733 0.019992422 -0.032283900 -0.873222986 -0.019978128 0.999799769 0.000764672 0.090379105 0.032292996 -0.000119189 0.999478847 31.705359275
0.999254890 0.022332071 -0.031468504 -0.878214241 -0.022289832 0.999749796 0.001691671 0.092768052 0.031499000 -0.000989018 0.999503158 31.991114544
0.999339701 0.020141656 -0.030234952 -0.880581890 -0.020118622 0.999796453 0.001064997 0.093022038 0.030250722 -0.000456045 0.999542518 32.553448456
0.999372654 0.019706947 -0.029422307 -0.890651676 -0.019737157 0.999804771 -0.000737627 0.091405839 0.029402496 0.001317848 0.999566696 33.109352663
0.999394605 0.019619401 -0.028721100 -0.890529706 -0.019644253 0.999806495 -0.000584426 0.092308404 0.028704309 0.001148238 0.999586806 33.388986816
0.999467693 0.018734841 -0.026707887 -0.892156664 -0.018711711 0.999823810 0.001115353 0.096614114 0.026724019 -0.000615044 0.999642755 33.950546263
0.999437680 0.022628792 -0.024730704 -0.902736538 -0.022612682 0.999743047 0.000930359 0.097818253 0.024745458 -0.000370640 0.999693543 34.491589409
0.999452041 0.023045148 -0.023765321 -0.896162971 -0.023014835 0.999733686 0.001547452 0.099369614 0.023794606 -0.000999685 0.999716248 34.763566650
0.999504376 0.022669621 -0.021842293 -0.897638936 -0.022592906 0.999737719 0.003751217 0.104473201 0.021921933 -0.003255921 0.999754400 35.293883537
0.999511804 0.023458200 -0.020641417 -0.901074751 -0.023387238 0.999718974 0.003672223 0.105613295 0.020721896 -0.003187720 0.999780200 35.810885390
0.999557733 0.022176874 -0.019800073 -0.895768252 -0.022117830 0.999749626 0.003195160 0.105253467 0.019866047 -0.002755852 0.999798887 36.068777531
0.999629608 0.020661404 -0.017709006 -0.892078932 -0.020616076 0.999783786 0.002736665 0.105539744 0.017762295 -0.002370601 0.999839127 36.561739828
0.999660902 0.020253241 -0.016387130 -0.883307927 -0.020217799 0.999792398 0.002324506 0.105775170 0.016431575 -0.001992443 0.999862996 37.064198252
0.999675456 0.020156144 -0.015572856 -0.883081197 -0.020129543 0.999795706 0.001860725 0.105546171 0.015608402 -0.001546687 0.999876931 37.312594091
0.999696619 0.020502847 -0.013620713 -0.880673956 -0.020484131 0.999789097 0.001508859 0.106046590 0.013649807 -0.001229434 0.999906488 37.807087014
0.999715366 0.020568033 -0.012057764 -0.870562422 -0.020540557 0.999785513 0.002396578 0.108507168 0.012104464 -0.002148259 0.999924914 38.308009444
0.999722727 0.020422993 -0.011704221 -0.869007620 -0.020389802 0.999787762 0.002944806 0.109983471 0.011762414 -0.002705375 0.999927558 38.554870433
0.999747438 0.019906528 -0.010387948 -0.863929704 -0.019872164 0.999796068 0.003398291 0.111749171 0.010453542 -0.003191038 0.999940450 39.030677976
0.999746004 0.020876263 -0.008475393 -0.854284343 -0.020844340 0.999774806 0.003834978 0.113359259 0.008553763 -0.003657382 0.999957017 39.485506620
0.999741955 0.021386641 -0.007563304 -0.849443697 -0.021353092 0.999761111 0.004485638 0.114914085 0.007657752 -0.004323024 0.999961625 39.712919292
0.999728695 0.022284878 -0.006757775 -0.847417351 -0.022245992 0.999735734 0.005771531 0.118122982 0.006885376 -0.005619668 0.999960486 40.161310597
0.999712421 0.023124546 -0.006382299 -0.844210413 -0.023085701 0.999714906 0.006090769 0.119634114 0.006522074 -0.005941718 0.999960548 40.623794943
0.999697777 0.023808494 -0.006075513 -0.840688975 -0.023772257 0.999698788 0.005964941 0.119853531 0.006216813 -0.005818744 0.999963780 40.852741651
0.999682120 0.024810906 -0.004337655 -0.831615266 -0.024782112 0.999671378 0.006559823 0.121714702 0.004499260 -0.006450287 0.999968500 41.292714889
0.999644245 0.026469501 -0.003323627 -0.830148594 -0.026441237 0.999615823 0.008272000 0.125674537 0.003541736 -0.008181208 0.999960591 41.726249688
0.999609679 0.027750879 -0.002966665 -0.827828350 -0.027724340 0.999578329 0.008625317 0.126731968 0.003205626 -0.008539742 0.999958705 41.941105246
0.999613852 0.027716216 -0.001985158 -0.821312891 -0.027699440 0.999583420 0.008025308 0.126516200 0.002206631 -0.007967251 0.999965967 42.368524847
0.999656671 0.026205460 -0.000668656 -0.806536420 -0.026200486 0.999634721 0.006579381 0.124634541 0.000841417 -0.006559641 0.999978364 42.801616387
0.999669174 0.025714194 -0.000062825 -0.797241793 -0.025713304 0.999650560 0.006078831 0.124050276 0.000219234 -0.006075248 0.999981272 43.023674927
0.999706543 0.024206892 0.001342820 -0.785550827 -0.024214754 0.999687341 0.006197280 0.124947373 -0.001192351 -0.006228008 0.999980070 43.444967692
0.999726087 0.023241258 0.002638836 -0.771922609 -0.023257953 0.999707767 0.006491760 0.126113088 -0.002486634 -0.006551388 0.999975574 43.863963219
0.999728071 0.023095434 0.003142250 -0.767050423 -0.023114997 0.999712547 0.006350538 0.126232385 -0.002995010 -0.006421482 0.999974539 44.075758649
0.999748429 0.022163914 0.003472706 -0.754786209 -0.022180456 0.999742254 0.004807573 0.124193231 -0.003364546 -0.004883433 0.999982282 44.496292327
0.999831619 0.017982611 0.003586260 -0.743111613 -0.017993324 0.999833469 0.002988743 0.121655378 -0.003530551 -0.003052810 0.999988988 44.901972248
0.999856220 0.016536398 0.003745326 -0.727952371 -0.016546756 0.999858643 0.002753427 0.121331177 -0.003698946 -0.002815046 0.999989424 45.101519879
0.999885580 0.014344616 0.004712805 -0.713494752 -0.014365337 0.999886522 0.004398642 0.124747246 -0.004647869 -0.004465880 0.999979171 45.488504102
0.999900827 0.013060879 0.005219476 -0.699703085 -0.013089531 0.999898843 0.005504387 0.127230687 -0.005146889 -0.005572193 0.999971312 45.876255926
0.999895793 0.013652159 0.004699912 -0.693474881 -0.013677928 0.999890694 0.005500928 0.127469799 -0.004623288 -0.005564672 0.999973765 46.070899592
0.999873040 0.015362406 0.004315497 -0.686057120 -0.015383540 0.999869012 0.004911027 0.127043207 -0.004238545 -0.004976836 0.999978770 46.435072501
0.999851313 0.016790814 0.003853797 -0.682457330 -0.016811157 0.999843909 0.005312493 0.128438696 -0.003763786 -0.005376535 0.999978995 46.803834690
0.999845819 0.017105637 0.004071270 -0.671696335 -0.017129947 0.999834803 0.006017435 0.129827764 -0.003967680 -0.006086285 0.999973542 46.993116987
0.999872182 0.015635810 0.003380318 -0.666030977 -0.015662772 0.999844444 0.008111845 0.134095170 -0.003253291 -0.008163793 0.999961492 47.343955808
0.999892066 0.014381929 0.003146568 -0.653328318 -0.014410547 0.999852917 0.009285903 0.136594970 -0.003012432 -0.009330261 0.999951799 47.686377487
0.999890882 0.014425574 0.003138830 -0.648264257 -0.014453497 0.999854334 0.009075512 0.136466500 -0.003005936 -0.009119945 0.999953915 47.851312255
0.999883081 0.014883453 0.003516773 -0.642592833 -0.014911746 0.999855325 0.008178215 0.135483536 -0.003394151 -0.008229717 0.999961011 48.170921828
0.999866130 0.015944957 0.003685056 -0.629880432 -0.015974123 0.999840197 0.008033501 0.135638070 -0.003555795 -0.008091338 0.999960637 48.497728266
0.999847589 0.017069747 0.003586432 -0.630529994 -0.017098187 0.999821172 0.008065303 0.136047412 -0.003448295 -0.008125443 0.999960665 48.653931385
0.999817973 0.018671225 0.003901949 -0.622851211 -0.018699979 0.999797075 0.007475353 0.135507069 -0.003761372 -0.007546990 0.999964617 48.955622935
0.999795727 0.019853411 0.003768116 -0.616397815 -0.019878673 0.999779239 0.006797293 0.134795032 -0.003632251 -0.006870853 0.999969205 49.243225559
0.999789782 0.020196139 0.003625043 -0.615706929 -0.020219629 0.999773537 0.006567239 0.134674379 -0.003491161 -0.006639193 0.999971699 49.382278345
0.999784036 0.020485619 0.003453172 -0.609827341 -0.020506020 0.999771876 0.005990739 0.134123450 -0.003330222 -0.006060294 0.999976022 49.655025761
0.999751612 0.021955415 0.003724478 -0.602648905 -0.021976386 0.999742278 0.005698577 0.134058178 -0.003597648 -0.005779053 0.999976672 49.926241011
0.999726763 0.023017703 0.003996395 -0.602530869 -0.023039788 0.999719060 0.005581529 0.134138622 -0.003866490 -0.005672110 0.999976538 50.050438501
0.999695149 0.024372643 0.003856776 -0.595310114 -0.024390852 0.999690413 0.004752784 0.133087690 -0.003740084 -0.004845444 0.999980936 50.306035518
0.999663089 0.025648111 0.004008361 -0.595080031 -0.025665604 0.999660648 0.004381728 0.132998650 -0.003894004 -0.004483170 0.999982037 50.554431049
0.999659552 0.025812170 0.003857960 -0.594311852 -0.025829222 0.999656587 0.004444210 0.133351913 -0.003741789 -0.004542383 0.999982291 50.677862390
0.999686337 0.024652149 0.004256131 -0.587062591 -0.024670384 0.999685702 0.004293827 0.133490636 -0.004148816 -0.004397524 0.999981863 50.933456789
0.999704202 0.023929154 0.004309707 -0.581067703 -0.023943674 0.999707096 0.003355040 0.132248016 -0.004227109 -0.003457274 0.999985142 51.174964923
0.999733500 0.022566255 0.004808833 -0.568519470 -0.022577878 0.999741880 0.002382804 0.131054833 -0.004752909 -0.002490775 0.999986002 51.533015131
0.999735831 0.022482390 0.004735791 -0.558005205 -0.022491347 0.999745062 0.001852068 0.130402331 -0.004692793 -0.001958127 0.999987430 51.769163127
0.999739537 0.022305526 0.004809833 -0.557828082 -0.022313401 0.999749861 0.001596025 0.130196912 -0.004773339 -0.001702965 0.999987432 51.877740845
0.999747209 0.021870113 0.005189144 -0.551046671 -0.021875375 0.999759673 0.000962853 0.129415165 -0.005167264 -0.001076160 0.999985859 52.087241612
0.999739799 0.022207811 0.005245430 -0.548712853 -0.022208578 0.999752498 0.000088513 0.128287283 -0.005241815 -0.000205018 0.999986057 52.286481577
0.999737269 0.022271345 0.005380405 -0.540823611 -0.022269910 0.999751864 -0.000318589 0.127616779 -0.005384959 0.000198641 0.999985763 52.385873737
0.999730698 0.022501992 0.005685662 -0.533324587 -0.022498222 0.999746209 -0.000723073 0.127171887 -0.005700204 0.000594923 0.999983484 52.578987813
0.999730673 0.022468510 0.005815045 -0.528387325 -0.022463844 0.999747309 -0.000861023 0.127255247 -0.005832931 0.000730121 0.999982932 52.775162919
0.999733823 0.022296536 0.005881386 -0.523702802 -0.022291031 0.999750723 -0.000994771 0.127140091 -0.005902072 0.000863377 0.999982876 52.878381599
0.999742272 0.021857849 0.006080211 -0.523227267 -0.021847727 0.999759826 -0.001720159 0.126287488 -0.006116496 0.001586845 0.999980636 53.064297202
0.999755938 0.021219763 0.006090098 -0.513741245 -0.021206046 0.999772403 -0.002302339 0.125435462 -0.006137634 0.002172598 0.999978432 53.239495126
0.999765687 0.020769768 0.005996822 -0.507059425 -0.020755823 0.999781352 -0.002373384 0.125343048 -0.006044137 0.002248328 0.999978718 53.324796709
0.999780134 0.020115270 0.005959486 -0.503843586 -0.020102508 0.999795639 -0.002188814 0.125909736 -0.006002174 0.002068494 0.999979803 53.476406191
0.999781478 0.020096116 0.005777206 -0.495554685 -0.020083774 0.999795096 -0.002184514 0.126065675 -0.005819885 0.002067971 0.999980698 53.637512592
0.999782184 0.020003939 0.005968472 -0.493305127 -0.019991471 0.999797199 -0.002139805 0.126266941 -0.006009463 0.002019985 0.999979727 53.712551965
0.999795257 0.019345490 0.005970618 -0.486878341 -0.019333334 0.999810858 -0.002082239 0.126538206 -0.006009259 0.001966340 0.999980244 53.860334355
0.999811199 0.018525013 0.005750388 -0.477891469 -0.018511871 0.999825072 -0.002325642 0.126211238 -0.005792137 0.002218721 0.999980911 54.005055868
0.999817609 0.018235335 0.005647961 -0.478802634 -0.018221361 0.999830429 -0.002511322 0.126052170 -0.005692652 0.002407912 0.999981295 54.068303375
0.999828831 0.017628555 0.005646057 -0.470390528 -0.017613642 0.999841338 -0.002676465 0.125846322 -0.005691571 0.002576526 0.999980771 54.198169768
0.999827624 0.017654551 0.005683875 -0.465769884 -0.017638928 0.999839945 -0.002782094 0.125817086 -0.005731210 0.002681311 0.999979635 54.317008660
0.999826155 0.017832367 0.005527168 -0.469824285 -0.017817212 0.999836683 -0.002779476 0.126027473 -0.005575623 0.002680483 0.999981153 54.368462694
0.999819354 0.018190952 0.005394577 -0.465143835 -0.018174901 0.999829589 -0.003005546 0.125742366 -0.005447943 0.002906923 0.999980608 54.471681748
0.999812399 0.018582108 0.005377172 -0.458469441 -0.018564741 0.999821765 -0.003256311 0.125340041 -0.005435935 0.003155846 0.999980729 54.556984012
0.999812381 0.018556942 0.005442023 -0.461171896 -0.018539435 0.999822338 -0.003243833 0.125500294 -0.005500525 0.003142291 0.999980074 54.591286657
0.999823612 0.018011243 0.005308493 -0.455069154 -0.017993644 0.999832631 -0.003337739 0.125349052 -0.005367422 0.003241600 0.999981014 54.661733516
0.999836368 0.017321822 0.005171364 -0.455338081 -0.017303593 0.999843618 -0.003544826 0.125132899 -0.005232339 0.003454725 0.999980151 54.724215599
0.999842806 0.016963562 0.005148780 -0.447817359 -0.016945122 0.999849328 -0.003599970 0.124935575 -0.005208810 0.003512126 0.999980696 54.761890659
0.999850394 0.016512064 0.005115243 -0.448077902 -0.016493715 0.999857163 -0.003604679 0.125069321 -0.005173326 0.003519735 0.999980055 54.824371972
0.999856695 0.016215440 0.004860220 -0.440050604 -0.016196945 0.999860754 -0.003819500 0.124656850 -0.004921234 0.003740190 0.999980895 54.892522760
0.999857489 0.016204042 0.004681963 -0.438897240 -0.016185889 0.999861173 -0.003882587 0.124574563 -0.004743155 0.003806213 0.999981450 54.922232649
0.999859933 0.016041131 0.004663214 -0.439098936 -0.016022297 0.999863424 -0.004039855 0.124412448 -0.004727773 0.003964537 0.999980965 54.969094211
0.999863356 0.015780483 0.004834168 -0.435442177 -0.015760113 0.999866056 -0.004217614 0.124117763 -0.004900573 0.004140807 0.999979654 55.011362775
0.999865835 0.015632322 0.004823036 -0.435509169 -0.015611774 0.999868713 -0.004265372 0.124073721 -0.004888741 0.004189478 0.999979205 55.026983274
0.999872409 0.015300429 0.004617123 -0.432431009 -0.015279865 0.999873072 -0.004445700 0.123740202 -0.004684231 0.004374522 0.999980042 55.054397070
0.999875959 0.015119422 0.004462159 -0.428706061 -0.015099128 0.999875627 -0.004541696 0.123539543 -0.004529834 0.004473715 0.999980002 55.081045025
0.999877006 0.015060179 0.004375773 -0.434494581 -0.015040288 0.999876032 -0.004533603 0.123703410 -0.004444051 0.004467168 0.999980391 55.087934600
0.999878843 0.014906410 0.004424035 -0.429480127 -0.014886199 0.999878777 -0.004561359 0.123598520 -0.004490364 0.004494926 0.999979760 55.113051248
0.999880472 0.014762773 0.004477958 -0.430189596 -0.014742156 0.999880288 -0.004593259 0.123601567 -0.004544465 0.004526654 0.999980058 55.129437191
0.999881294 0.014729864 0.004485034 -0.426395499 -0.014709233 0.999881074 -0.004592050 0.123534922 -0.004552347 0.004525504 0.999979445 55.140464449
0.999882299 0.014633013 0.004566712 -0.425173945 -0.014612027 0.999882385 -0.004588217 0.123546662 -0.004633359 0.004520910 0.999978752 55.154553729
0.999882375 0.014606466 0.004580378 -0.422028792 -0.014584744 0.999882329 -0.004728784 0.123257184 -0.004648274 0.004661373 0.999979004 55.166347026
0.999885026 0.014448440 0.004631096 -0.422042446 -0.014424962 0.999882845 -0.005060660 0.122687349 -0.004703175 0.004993242 0.999976778 55.166348280
0.999885059 0.014375542 0.004763147 -0.420790310 -0.014347348 0.999879423 -0.005895425 0.121223570 -0.004847268 0.005826373 0.999971822 55.164820404
0.999889878 0.014097812 0.004706780 -0.418881325 -0.014067599 0.999880178 -0.006393957 0.120312529 -0.004795908 0.006327022 0.999968253 55.162525764
0.999892471 0.013923735 0.004668319 -0.418238369 -0.013893706 0.999882367 -0.006400796 0.120285436 -0.004757118 0.006335248 0.999968749 55.161760275
0.999889258 0.014122688 0.004652861 -0.424594468 -0.014094035 0.999881018 -0.006136835 0.120870336 -0.004738361 0.006070573 0.999970766 55.153794070
0.999889340 0.014153039 0.004624241 -0.423316941 -0.014123540 0.999879756 -0.006348033 0.120466250 -0.004712813 0.006281991 0.999969724 55.152263863
0.999887257 0.014266751 0.004646624 -0.422680213 -0.014236378 0.999877374 -0.006504557 0.120179232 -0.004738170 0.006437679 0.999968513 55.151498946
0.999886596 0.014315657 0.004671912 -0.422039652 -0.014284765 0.999876349 -0.006571804 0.120052167 -0.004765077 0.006504266 0.999967749 55.150733677
0.999887804 0.014203508 0.004691686 -0.421390708 -0.014173180 0.999878726 -0.006430586 0.120275001 -0.004782230 0.006363348 0.999968146 55.149967638
0.999888286 0.014160284 0.004681912 -0.421391666 -0.014129917 0.999878813 -0.006453638 0.120235012 -0.004772340 0.006386727 0.999968287 55.149967726
0.999889122 0.014107080 0.004693766 -0.420753501 -0.014076001 0.999879363 -0.006579069 0.120007976 -0.004785905 0.006512225 0.999967985 55.149202678
0.999889002 0.014131881 0.004711274 -0.420112940 -0.014100428 0.999877913 -0.006644949 0.119880912 -0.004805055 0.006577772 0.999967185 55.148437409
0.999888518 0.014120004 0.004713689 -0.420111264 -0.014088704 0.999878105 -0.006602975 0.119950891 -0.004805724 0.006535783 0.999966970 55.148437255
0.999889084 0.014120246 0.004699485 -0.420110305 -0.014089155 0.999879040 -0.006575656 0.119990880 -0.004790868 0.006508664 0.999967488 55.148437167
0.999890517 0.014043380 0.004663205 -0.411816235 -0.014012278 0.999879016 -0.006635985 0.119704588 -0.004754804 0.006569879 0.999967092 55.154106069
0.999890953 0.013997014 0.004653745 -0.411816715 -0.013965866 0.999880150 -0.006645931 0.119684594 -0.004746331 0.006580144 0.999967203 55.154106113
0.999890229 0.014036697 0.004618616 -0.411815996 -0.014005882 0.999879167 -0.006631405 0.119714585 -0.004710775 0.006565958 0.999967408 55.154106047
0.999890540 0.014064314 0.004606938 -0.411172321 -0.014033683 0.999879473 -0.006616261 0.119717483 -0.004699442 0.006550881 0.999967708 55.153340492
0.999890461 0.014054551 0.004595055 -0.411172082 -0.014024010 0.999879693 -0.006609693 0.119727480 -0.004686661 0.006544502 0.999968028 55.153340470
0.999891541 0.014017679 0.004608474 -0.411174477 -0.013986777 0.999879708 -0.006669783 0.119627509 -0.004700955 0.006604571 0.999967582 55.153340690
0.999890829 0.013979803 0.004676637 -0.410532240 -0.013948308 0.999879670 -0.006695555 0.119570424 -0.004769034 0.006629573 0.999966645 55.152575268
0.999891503 0.013955350 0.004667231 -0.410532479 -0.013923897 0.999880274 -0.006703252 0.119560427 -0.004759869 0.006637491 0.999966751 55.152575290
0.999891576 0.013953955 0.004674230 -0.410533917 -0.013922216 0.999880382 -0.006737189 0.119500444 -0.004767683 0.006671325 0.999966858 55.152575422
0.999892352 0.013900546 0.004647367 -0.409890482 -0.013869060 0.999880648 -0.006730555 0.119493345 -0.004740786 0.006665372 0.999966347 55.151809889
0.999893200 0.013870326 0.004646921 -0.409891200 -0.013838768 0.999881413 -0.006749200 0.119463353 -0.004739444 0.006684118 0.999966388 55.151809955
0.999893166 0.013853499 0.004636622 -0.409890721 -0.013822138 0.999881787 -0.006735328 0.119483347 -0.004728087 0.006670494 0.999966569 55.151809911
0.999894006 0.013825670 0.004617299 -0.409889763 -0.013794509 0.999882406 -0.006713229 0.119523336 -0.004709709 0.006648796 0.999966822 55.151809823
0.999893844 0.013825968 0.004610860 -0.409890003 -0.013794792 0.999882402 -0.006714715 0.119513339 -0.004703307 0.006650353 0.999966671 55.151809845
0.999893830 0.013795615 0.004643359 -0.409250400 -0.013763856 0.999881331 -0.006807082 0.119346286 -0.004736668 0.006742442 0.999965994 55.151044664
0.999894422 0.013768854 0.004604179 -0.409249682 -0.013737373 0.999881926 -0.006785146 0.119376277 -0.004696267 0.006721119 0.999966549 55.151044598
0.999894656 0.013730712 0.004595123 -0.409249203 -0.013699349 0.999882825 -0.006778217 0.119396271 -0.004687775 0.006714524 0.999966623 55.151044554
0.999895685 0.013712513 0.004556310 -0.409248963 -0.013681482 0.999883240 -0.006767794 0.119406268 -0.004648120 0.006704710 0.999966438 55.151044532
0.999895120 0.013753192 0.004593244 -0.408603372 -0.013722159 0.999883141 -0.006712131 0.119489143 -0.004684263 0.006648364 0.999967488 55.150278801
0.999893841 0.013778719 0.004616618 -0.408602174 -0.013747689 0.999882464 -0.006682803 0.119539128 -0.004708281 0.006618620 0.999966877 55.150278691
0.999894087 0.013765752 0.004601615 -0.408603612 -0.013734657 0.999882848 -0.006715684 0.119479145 -0.004692689 0.006651739 0.999966763 55.150278823
0.999894632 0.013710281 0.004627739 -0.408603612 -0.013679010 0.999883188 -0.006721171 0.119479145 -0.004718295 0.006657116 0.999966628 55.150278823
0.999894600 0.013702995 0.004638010 -0.408604330 -0.013671530 0.999883396 -0.006736212 0.119449154 -0.004728939 0.006672021 0.999966449 55.150278889
0.999894754 0.013725541 0.004621229 -0.408603851 -0.013694305 0.999882833 -0.006725637 0.119469148 -0.004712625 0.006661585 0.999966483 55.150278845
0.999895146 0.013718838 0.004642390 -0.407963291 -0.013687161 0.999883131 -0.006788673 0.119342084 -0.004734663 0.006724397 0.999966076 55.149513576
0.999894309 0.013737190 0.004638170 -0.407963291 -0.013705438 0.999882691 -0.006788371 0.119342084 -0.004731039 0.006724020 0.999966442 55.149513576
0.999893579 0.013783609 0.004666514 -0.407964488 -0.013751596 0.999881644 -0.006818850 0.119292098 -0.004759360 0.006753902 0.999966118 55.149513687
0.999893926 0.013747972 0.004697219 -0.407964009 -0.013715761 0.999882477 -0.006809624 0.119312092 -0.004789915 0.006744449 0.999965584 55.149513643
0.999894185 0.013738156 0.004671668 -0.407965447 -0.013705910 0.999882778 -0.006839030 0.119252110 -0.004765097 0.006774209 0.999965674 55.149513775
0.999895131 0.013703022 0.004695001 -0.407323449 -0.013670574 0.999882688 -0.006870219 0.119185028 -0.004788605 0.006805304 0.999965074 55.148748374
0.999894966 0.013703480 0.004631835 -0.407322491 -0.013671530 0.999882622 -0.006844326 0.119225016 -0.004724712 0.006780217 0.999966288 55.148748286
0.999894944 0.013704401 0.004631627 -0.407322730 -0.013672430 0.999882619 -0.006853013 0.119215019 -0.004724710 0.006788959 0.999966307 55.148748308
0.999895540 0.013635288 0.004652481 -0.407323449 -0.013603069 0.999883312 -0.006870049 0.119185028 -0.004745354 0.006805987 0.999965921 55.148748374
0.999895899 0.013642773 0.004687486 -0.407324168 -0.013610257 0.999883175 -0.006889753 0.119155036 -0.004780162 0.006825211 0.999965728 55.148748440
0.999896772 0.013599796 0.004680814 -0.407324647 -0.013567351 0.999884230 -0.006900987 0.119135042 -0.004773855 0.006836758 0.999965598 55.148748484
0.999895950 0.013592162 0.004684650 -0.406682170 -0.013559537 0.999883449 -0.006917364 0.119087954 -0.004777334 0.006853091 0.999965268 55.147983039
0.999897458 0.013551217 0.004686052 -0.406684565 -0.013518366 0.999883560 -0.006976465 0.118987983 -0.004779599 0.006912349 0.999965154 55.147983259
0.999896922 0.013546804 0.004684875 -0.406685284 -0.013513850 0.999883704 -0.006993633 0.118957992 -0.004778843 0.006929539 0.999964548 55.147983325
0.999897221 0.013531747 0.004668731 -0.406687200 -0.013498619 0.999884172 -0.007042162 0.118878015 -0.004763256 0.006978405 0.999963824 55.147983501
0.999897015 0.013557992 0.004646690 -0.406688638 -0.013524875 0.999883615 -0.007074673 0.118818032 -0.004741942 0.007011050 0.999964319 55.147983633
0.999897811 0.013526089 0.004654803 -0.406688158 -0.013493002 0.999883352 -0.007062143 0.118838027 -0.004749823 0.006998620 0.999964324 55.147983589
0.999897743 0.013520379 0.004608514 -0.406688398 -0.013487595 0.999883507 -0.007069636 0.118828029 -0.004702973 0.007006752 0.999964789 55.147983611
0.999897652 0.013499190 0.004556723 -0.406047598 -0.013466476 0.999883138 -0.007125242 0.118710962 -0.004652575 0.007063155 0.999964317 55.147218320
0.999898185 0.013506571 0.004574193 -0.406046879 -0.013473827 0.999883921 -0.007107066 0.118740953 -0.004668945 0.007044650 0.999964220 55.147218254
0.999898580 0.013463833 0.004606962 -0.406046640 -0.013430895 0.999883934 -0.007102459 0.118750950 -0.004700924 0.007039831 0.999964218 55.147218232
0.999898402 0.013485266 0.004650551 -0.406049514 -0.013451696 0.999883580 -0.007175667 0.118630985 -0.004746330 0.007112320 0.999963287 55.147218496
0.999897771 0.013508137 0.004658785 -0.406051191 -0.013474308 0.999883122 -0.007216906 0.118561005 -0.004755500 0.007153363 0.999963288 55.147218650
0.999897601 0.013508306 0.004675765 -0.406054784 -0.013473944 0.999882311 -0.007304810 0.118411049 -0.004773939 0.007241046 0.999962537 55.147218980
0.999897990 0.013506084 0.004663809 -0.406055982 -0.013471626 0.999882416 -0.007328171 0.118361063 -0.004761907 0.007264519 0.999962157 55.147219090
0.999898490 0.013489490 0.004687186 -0.397759517 -0.013454885 0.999881818 -0.007330661 0.118174743 -0.004785374 0.007266788 0.999962260 55.152887773
0.999899216 0.013431926 0.004653876 -0.397761673 -0.013397313 0.999882318 -0.007384710 0.118084769 -0.004752086 0.007321610 0.999961605 55.152887971
0.999899283 0.013374822 0.004620081 -0.397762631 -0.013340423 0.999882733 -0.007405235 0.118044780 -0.004718030 0.007342856 0.999962408 55.152888059
0.999899797 0.013373934 0.004612940 -0.397765026 -0.013339323 0.999882881 -0.007462922 0.117944809 -0.004712397 0.007400629 0.999961615 55.152888279
0.999899346 0.013368880 0.004628232 -0.397765505 -0.013334043 0.999883032 -0.007476782 0.117924815 -0.004727263 0.007414276 0.999961710 55.152888323
0.999899375 0.013383272 0.004622312 -0.397768140 -0.013348138 0.999881831 -0.007542302 0.117814847 -0.004723005 0.007479824 0.999960812 55.152888565
0.999899514 0.013380437 0.004581745 -0.397768380 -0.013345649 0.999881909 -0.007546301 0.117804850 -0.004681142 0.007484364 0.999960780 55.152888587
0.999900205 0.013363300 0.004586146 -0.397769578 -0.013328371 0.999882374 -0.007571033 0.117754864 -0.004686172 0.007509143 0.999961112 55.152888697
0.999899470 0.013353405 0.004596805 -0.397769338 -0.013318276 0.999882609 -0.007569868 0.117764861 -0.004697466 0.007507879 0.999960897 55.152888675
0.999900465 0.013348957 0.004594866 -0.397127101 -0.013313794 0.999881764 -0.007591998 0.117707776 -0.004695424 0.007530026 0.999961068 55.152123252
0.999900826 0.013317310 0.004591280 -0.397128298 -0.013282086 0.999882582 -0.007618902 0.117657791 -0.004691910 0.007557106 0.999959963 55.152123362
0.999901208 0.013284849 0.004587824 -0.397129257 -0.013249478 0.999882418 -0.007645516 0.117617802 -0.004688398 0.007583917 0.999960266 55.152123450
0.999901485 0.013259628 0.004600345 -0.397130933 -0.013224003 0.999883108 -0.007684278 0.117547823 -0.004700491 0.007622670 0.999959895 55.152123604
0.999901210 0.013258825 0.004617841 -0.397132610 -0.013222940 0.999882213 -0.007723819 0.117477843 -0.004720341 0.007661990 0.999959803 55.152123758
0.999900945 0.013233030 0.004677820 -0.397134048 -0.013196357 0.999881920 -0.007765070 0.117417860 -0.004779941 0.007702503 0.999958867 55.152123890
0.999900969 0.013200816 0.004711491 -0.397134766 -0.013163822 0.999882728 -0.007781641 0.117387869 -0.004813306 0.007718788 0.999958789 55.152123956
0.999901085 0.013179165 0.004765000 -0.396492289 -0.013141737 0.999883284 -0.007798879 0.117340781 -0.004867260 0.007735463 0.999958412 55.151358511
0.999902525 0.013132428 0.004720195 -0.396493487 -0.013095160 0.999883474 -0.007830146 0.117290796 -0.004822676 0.007767514 0.999958041 55.151358621
