1.000000000 -0.000000000 -0.000000000 -0.000000000 0.000000000 1.000000000 0.000000000 0.000000000 0.000000000 0.000000000 1.000000000 0.000000000
1.000000439 0.000020037 -0.000016924 0.000000186 -0.000020018 1.000000690 0.000011457 0.000019998 0.000016484 -0.000011474 0.999999855 -0.000000216
1.000000987 0.000078081 -0.000038916 0.000000278 -0.000078055 1.000000117 0.000014557 0.000029997 0.000039018 -0.000014682 0.999999501 -0.000000324
0.999999916 0.000078774 0.000000343 -0.000000464 -0.000078776 1.000000623 -0.000032711 -0.000049995 0.000000089 0.000032717 0.999999591 0.000000541
1.000000170 0.000093596 0.000028947 -0.000001299 -0.000093571 1.000000027 -0.000082878 -0.000139986 -0.000029583 0.000082811 0.999999876 0.000001514
1.000000814 0.000088781 0.000082973 -0.000002227 -0.000088783 1.000000690 -0.000139989 -0.000239976 -0.000082898 0.000139961 0.999999562 0.000002596
1.000000692 0.000141900 0.000051461 -0.000002691 -0.000141872 1.000000513 -0.000169199 -0.000289971 -0.000051844 0.000169158 0.999999605 0.000003136
1.000000013 0.000162814 0.000040973 -0.000002413 -0.000162822 1.000000154 -0.000154000 -0.000259974 -0.000040226 0.000153988 0.999999604 0.000002812
1.000000357 0.000182943 0.000042051 -0.000001856 -0.000182918 1.000000599 -0.000120004 -0.000199980 -0.000042181 0.000119908 0.999999883 0.000002163
1.000000930 0.000153554 0.000047583 -0.000002042 -0.000153578 0.999999995 -0.000131360 -0.000219978 -0.000047489 0.000131315 0.999999543 0.000002379
1.000000752 0.000142890 0.000059207 -0.000001670 -0.000142847 1.000000823 -0.000106363 -0.000179982 -0.000059644 0.000106253 0.999999756 0.000001947
1.000000284 0.000121128 0.000042095 -0.000002877 -0.000121110 1.000000875 -0.000184911 -0.000309969 -0.000042086 0.000184842 0.999999822 0.000003353
1.000000215 0.000083871 -0.000004034 -0.000002970 -0.000083883 1.000000256 -0.000188181 -0.000319968 0.000004373 0.000188133 1.000000095 0.000003461
1.000000950 0.000104453 -0.000058832 -0.000005383 -0.000104470 1.000000719 -0.000341092 -0.000579941 0.000059153 0.000341062 0.999999745 0.000006273
1.000000858 0.000124313 -0.000034803 -0.000008816 -0.000124297 0.999999854 -0.000555542 -0.000949904 0.000034527 0.000555439 0.999999219 0.000010275
1.000000071 0.000089556 -0.000028516 -0.006988884 -0.000089533 1.000000063 -0.000637505 -0.001103338 0.000029275 0.000637427 0.999999527 -0.007219852
1.000000495 0.000083712 -0.000016697 -0.006990369 -0.000083686 1.000000127 -0.000730925 -0.001263322 0.000016410 0.000730831 0.999999496 -0.007218122
1.000000609 0.000056280 0.000012453 -0.006991390 -0.000056286 1.000000042 -0.000791906 -0.001373311 -0.000011546 0.000791890 0.999999135 -0.007216932
1.000000401 0.000018965 0.000036070 -0.006992132 -0.000018945 0.999999926 -0.000841530 -0.001453303 -0.000036028 0.000841549 0.999999114 -0.007216067
1.000000685 -0.000113786 0.000075062 0.000631166 0.000113844 0.999999734 -0.000987303 -0.001704080 -0.000074991 0.000987300 0.999999507 -0.000744206
1.000000432 -0.000238396 0.000077095 0.001275788 0.000238506 0.999999426 -0.001129345 -0.001958307 -0.000076224 0.001129336 0.999998640 -0.001504095
1.000000482 -0.000246255 0.000060187 -0.006351872 0.000246360 0.999999864 -0.001255603 -0.002177482 -0.000059278 0.001255516 0.999998459 -0.007970872
1.000000229 -0.000228841 0.000035057 -0.006354563 0.000228931 0.999999547 -0.001426185 -0.002467452 -0.000034249 0.001426102 0.999998690 -0.007967736
1.000000831 -0.000291276 0.000052174 0.000622071 0.000291360 0.999999534 -0.001556258 -0.002683981 -0.000051955 0.001556221 0.999998592 -0.000733607
1.000000155 -0.000355376 0.000068362 -0.000672835 0.000355528 0.999998975 -0.001634522 -0.002785466 -0.000068154 0.001634445 0.999998050 0.000792767
1.000000645 -0.000473002 0.000103661 0.000479555 0.000473181 0.999998282 -0.001931779 -0.003153708 -0.000102724 0.001931793 0.999998141 0.014892284
1.000000171 -0.000623449 0.000067731 0.000333513 0.000623652 0.999997110 -0.002526517 -0.004003396 -0.000066594 0.002526429 0.999997137 0.030522285
0.999999964 -0.000695652 0.000071535 -0.003552503 0.000695890 0.999996157 -0.002838700 -0.004447836 -0.000069432 0.002838709 0.999995707 0.035102924
0.999999959 -0.000827130 0.000123408 0.000697001 0.000827502 0.999994989 -0.003172625 -0.004777118 -0.000120421 0.003172709 0.999994805 0.061009637
0.999999898 -0.001059505 0.000136402 0.002362541 0.001059994 0.999994429 -0.003291256 -0.004679433 -0.000132687 0.003291396 0.999994931 0.089962287
0.999999635 -0.001153208 0.000125104 0.002225037 0.001153627 0.999993943 -0.003350864 -0.004609215 -0.000121545 0.003350931 0.999994330 0.105582338
1.000000088 -0.001326507 0.000142506 0.002596043 0.001326967 0.999993380 -0.003519848 -0.004573019 -0.000137515 0.003519997 0.999993890 0.136060929
0.999999186 -0.001585157 0.000221701 -0.000265900 0.001585961 0.999992771 -0.003611399 -0.004325583 -0.000215255 0.003611672 0.999993276 0.170350429
0.999998833 -0.001629345 0.000266394 0.004633516 0.001630289 0.999991687 -0.003750429 -0.004339149 -0.000259662 0.003750865 0.999993133 0.195491088
0.999998657 -0.001739744 0.000204567 0.009254490 0.001740573 0.999989843 -0.004225035 -0.004582240 -0.000197609 0.004225386 0.999990209 0.251875852
0.999998678 -0.001951146 0.000164183 0.010641309 0.001951862 0.999987857 -0.004692229 -0.004744077 -0.000154325 0.004692520 0.999988289 0.312072930
0.999998371 -0.002057283 0.000207628 0.010366208 0.002058312 0.999987158 -0.004813847 -0.004613638 -0.000197232 0.004814169 0.999988073 0.343313141
0.999997181 -0.002314670 0.000385037 0.009172125 0.002316542 0.999986236 -0.004877105 -0.004018543 -0.000373564 0.004877938 0.999987625 0.406552586
0.999996144 -0.002889531 0.000627274 0.011072930 0.002892717 0.999983189 -0.005118290 -0.003624462 -0.000613414 0.005120034 0.999986481 0.481601823
0.999995649 -0.002973048 0.000601776 0.013894293 0.002976220 0.999982103 -0.005316083 -0.003525057 -0.000586541 0.005317799 0.999985597 0.524649987
0.999995669 -0.003035072 0.000498709 0.016950364 0.003037863 0.999979454 -0.005665486 -0.003189250 -0.000481444 0.005666943 0.999983381 0.613795388
0.999995904 -0.003092550 0.000496553 0.016771353 0.003095514 0.999977357 -0.006069530 -0.002872179 -0.000477076 0.006070952 0.999981235 0.706754184
0.999995687 -0.003031310 0.000621569 0.020749097 0.003035158 0.999975480 -0.006317938 -0.002711058 -0.000602037 0.006319796 0.999979145 0.763897215
0.999996014 -0.002846337 0.000906148 0.016554732 0.002852256 0.999974582 -0.006578023 -0.001888298 -0.000886871 0.006580473 0.999977553 0.877047184
0.999996008 -0.002991805 0.001030317 0.023728278 0.002998951 0.999971231 -0.006974945 -0.001221614 -0.001008964 0.006977926 0.999974897 1.007712968
0.999994703 -0.003131885 0.001143492 0.022531597 0.003140074 0.999969991 -0.007202040 -0.000906490 -0.001120252 0.007205481 0.999972856 1.070955441
0.999993100 -0.003702310 0.001342194 0.023884704 0.003712345 0.999964825 -0.007527943 0.000018440 -0.001314607 0.007532824 0.999970462 1.208482179
0.999989255 -0.004418859 0.001658534 0.034666289 0.004431910 0.999958833 -0.007928658 0.000950035 -0.001623782 0.007935831 0.999966967 1.365810888
0.999988259 -0.004666265 0.001783676 0.028938412 0.004681037 0.999954807 -0.008360204 0.001014951 -0.001744695 0.008368394 0.999963160 1.434394538
0.999986674 -0.004936223 0.001879623 0.038416460 0.004953630 0.999944381 -0.009382804 0.000915155 -0.001832448 0.009391925 0.999953502 1.593259680
0.999986103 -0.004998878 0.002055385 0.035743356 0.005019694 0.999935306 -0.010245808 0.001175893 -0.002003351 0.010255943 0.999945621 1.750990244
0.999984555 -0.005159469 0.002149079 0.041387475 0.005181842 0.999931204 -0.010560151 0.001524689 -0.002094254 0.010571071 0.999941799 1.837084951
0.999982789 -0.005508859 0.002099389 0.040524840 0.005531602 0.999924335 -0.011011788 0.002612811 -0.002038026 0.011023139 0.999936938 2.008139461
0.999978279 -0.006360738 0.001932274 0.050252630 0.006382045 0.999916701 -0.011238587 0.004369253 -0.001861021 0.011250648 0.999934491 2.213084319
0.999973010 -0.007109450 0.001986848 0.048785394 0.007131487 0.999911401 -0.011306411 0.005304766 -0.001905728 0.011320252 0.999933531 2.307561703
0.999964962 -0.008150678 0.002147977 0.058516896 0.008174450 0.999903042 -0.011301203 0.007461167 -0.002055330 0.011318287 0.999933730 2.512502235
0.999959858 -0.008768202 0.001976432 0.060630947 0.008789031 0.999904086 -0.010775493 0.010498283 -0.001882291 0.010792428 0.999939691 2.710964093
0.999960095 -0.008772632 0.001952438 0.063564362 0.008792144 0.999909401 -0.010246261 0.012504147 -0.001862475 0.010262921 0.999944854 2.815712241
0.999963043 -0.008401562 0.001982350 0.061152322 0.008420256 0.999918859 -0.009590301 0.015840998 -0.001901549 0.009606503 0.999951412 3.019509326
0.999964003 -0.008284001 0.001935826 0.069455591 0.008301907 0.999921131 -0.009439429 0.018416088 -0.001857866 0.009455171 0.999953715 3.241591417
0.999963893 -0.008382074 0.001881282 0.069146685 0.008399422 0.999920888 -0.009425628 0.019623295 -0.001802076 0.009440961 0.999953087 3.350161396
0.999963220 -0.008516631 0.001686360 0.072912726 0.008532907 0.999915872 -0.009865004 0.021298242 -0.001601859 0.009878916 0.999949384 3.577591694
0.999961266 -0.008776163 0.001388982 0.076792606 0.008791871 0.999892566 -0.011743043 0.020353229 -0.001285727 0.011754696 0.999930244 3.789429519
0.999960350 -0.008838024 0.001374938 0.080348743 0.008854848 0.999879928 -0.012740754 0.019745104 -0.001261452 0.012752309 0.999917305 3.893443302
0.999961620 -0.008768155 0.001036048 0.083598849 0.008781457 0.999869886 -0.013539701 0.020654156 -0.000916701 0.013548177 0.999907042 4.106023712
0.999961818 -0.008683489 0.001470076 0.088671304 0.008702114 0.999876234 -0.013178441 0.023670463 -0.001354403 0.013190630 0.999911766 4.331914223
0.999959785 -0.008906270 0.001400012 0.091463967 0.008923600 0.999877421 -0.012912323 0.025396581 -0.001285511 0.012924235 0.999915552 4.452286207
0.999960986 -0.008809611 0.001347101 0.089279210 0.008826249 0.999878243 -0.012886924 0.028169915 -0.001232836 0.012898283 0.999916093 4.702189182
0.999957341 -0.009199922 0.001485891 0.096662848 0.009218148 0.999877070 -0.012719275 0.031139669 -0.001369157 0.012732305 0.999917913 4.956271264
0.999947584 -0.010166703 0.001347143 0.103197433 0.010182968 0.999869059 -0.012628464 0.032670518 -0.001218415 0.012641487 0.999919167 5.087690340
0.999942724 -0.010659598 0.001370110 0.110453404 0.010675191 0.999872810 -0.011904211 0.036770384 -0.001243541 0.011918087 0.999927738 5.357381010
0.999951625 -0.009773670 0.001663370 0.108801936 0.009790477 0.999898423 -0.010407504 0.042179425 -0.001561756 0.010423233 0.999943955 5.622113647
0.999948813 -0.010014887 0.001958851 0.115853941 0.010033804 0.999901820 -0.009864029 0.044636154 -0.001859842 0.009883052 0.999949708 5.768380881
0.999951932 -0.009662836 0.001986143 0.117800673 0.009680314 0.999913097 -0.008989905 0.049250213 -0.001899115 0.009008627 0.999957835 6.059787907
0.999946693 -0.010107138 0.002193018 0.129330741 0.010122401 0.999924205 -0.007043669 0.055670529 -0.002121663 0.007065435 0.999972368 6.355356629
0.999939191 -0.010778341 0.002682775 0.128763716 0.010794585 0.999923226 -0.006093057 0.058837989 -0.002616665 0.006121609 0.999977944 6.495147027
0.999934307 -0.010936235 0.003588748 0.135891091 0.010953712 0.999928607 -0.004872803 0.063967976 -0.003535275 0.004911736 0.999981403 6.780447365
0.999932048 -0.011085340 0.003811959 0.141713446 0.011101886 0.999929403 -0.004353108 0.067906589 -0.003762917 0.004395057 0.999982686 7.067285866
0.999930748 -0.011142669 0.004022452 0.145663139 0.011159197 0.999929261 -0.004103327 0.069764415 -0.003976243 0.004147863 0.999983469 7.201751960
0.999919171 -0.011837975 0.004736339 0.150979674 0.011853782 0.999924371 -0.003320678 0.074027021 -0.004696764 0.003376454 0.999982975 7.473728784
0.999888284 -0.014134385 0.004965830 0.155654186 0.014145740 0.999898321 -0.002256281 0.078823826 -0.004933677 0.002326257 0.999984651 7.746462469
0.999878587 -0.014724657 0.005223534 0.165936633 0.014735073 0.999889627 -0.001956350 0.080799342 -0.005194234 0.002033015 0.999983892 7.888921715
0.999892893 -0.013538501 0.005629005 0.164249064 0.013554123 0.999905005 -0.002732430 0.082318776 -0.005591509 0.002808302 0.999980401 8.153696424
0.999911452 -0.011773448 0.006284464 0.174582475 0.011794094 0.999925263 -0.003255631 0.084337816 -0.006245834 0.003329406 0.999974419 8.435217219
0.999922832 -0.010794356 0.006222778 0.176594960 0.010811761 0.999937923 -0.002776492 0.086598358 -0.006192901 0.002843553 0.999976085 8.571966872
0.999938288 -0.009246498 0.006153329 0.174941543 0.009255329 0.999956546 -0.001398472 0.091797420 -0.006140207 0.001455282 0.999979284 8.836701781
0.999924629 -0.010545029 0.006359916 0.188011550 0.010552756 0.999944247 -0.001171175 0.094949110 -0.006346539 0.001238126 0.999978486 9.099538959
0.999914281 -0.011243810 0.006724009 0.195833431 0.011254027 0.999936253 -0.001488314 0.095761527 -0.006706792 0.001563783 0.999975906 9.229440529
0.999900712 -0.012272641 0.006991562 0.200107425 0.012287457 0.999922353 -0.002084092 0.097342458 -0.006965820 0.002169696 0.999972702 9.471730015
0.999892006 -0.013076805 0.006723876 0.204390329 0.013091341 0.999912200 -0.002117593 0.099883291 -0.006695765 0.002205332 0.999974439 9.714009119
0.999896058 -0.012994828 0.006413518 0.203296883 0.013008954 0.999913933 -0.002167790 0.101154970 -0.006385208 0.002250976 0.999977010 9.838961850
0.999898673 -0.012898523 0.006068764 0.208745819 0.012908680 0.999916133 -0.001626703 0.104797413 -0.006046683 0.001704818 0.999980008 10.095324572
0.999888717 -0.013585633 0.006211391 0.215621317 0.013594165 0.999907441 -0.001337009 0.107841186 -0.006192533 0.001421230 0.999978866 10.334547681
0.999885911 -0.013669078 0.006518092 0.215820736 0.013678809 0.999905455 -0.001446881 0.108994371 -0.006496829 0.001535792 0.999977495 10.457976417
0.999888672 -0.013112703 0.007141946 0.224503919 0.013119486 0.999913496 -0.000906361 0.112565560 -0.007129292 0.000999881 0.999973347 10.710526717
0.999911055 -0.011020511 0.007583624 0.232034156 0.011021462 0.999940058 -0.000081905 0.116444996 -0.007582576 0.000165443 0.999970657 10.948978149
0.999925944 -0.009436274 0.007772045 0.236111237 0.009439565 0.999955499 -0.000382696 0.117142713 -0.007767269 0.000455996 0.999969565 11.067835980
0.999951315 -0.006020511 0.007900802 0.235476349 0.006031634 0.999981317 -0.001380714 0.117717313 -0.007891891 0.001428231 0.999967609 11.284995838
0.999963520 -0.003557434 0.007832735 0.238119512 0.003554795 0.999994471 0.000355313 0.122940180 -0.007833933 -0.000327539 0.999969223 11.498292226
0.999968205 -0.002007060 0.007796181 0.238480007 0.001993065 0.999996359 0.001797002 0.126562890 -0.007799458 -0.001781429 0.999967662 11.606073439
0.999968842 -0.000052700 0.007963157 0.241772804 0.000023342 0.999993618 0.003686775 0.132071477 -0.007962763 -0.003686496 0.999961205 11.818604098
0.999969072 -0.001397008 0.007802114 0.250208008 0.001369514 0.999992803 0.003539098 0.133976408 -0.007806741 -0.003528398 0.999962431 12.025072627
0.999964278 -0.003350312 0.007769927 0.257651645 0.003327556 0.999990609 0.002936790 0.133972709 -0.007779206 -0.002910893 0.999964744 12.124504041
0.999931157 -0.008470010 0.008220623 0.267372939 0.008451716 0.999961877 0.002263167 0.135029221 -0.008238820 -0.002193583 0.999963605 12.329456470
0.999890595 -0.011632087 0.009177769 0.279034317 0.011618270 0.999931248 0.001557990 0.135992986 -0.009195382 -0.001451208 0.999955970 12.532121986
0.999875994 -0.012437293 0.009688593 0.284536384 0.012429341 0.999923095 0.000889757 0.135922050 -0.009699003 -0.000769267 0.999951969 12.633842043
0.999877941 -0.011954163 0.010122966 0.289221128 0.011950951 0.999929190 0.000374536 0.137102343 -0.010126451 -0.000253552 0.999948449 12.829273431
0.999900561 -0.009942192 0.010051638 0.298437624 0.009941449 0.999951006 0.000123578 0.138592838 -0.010051342 -0.000023737 0.999949023 13.019362994
0.999909037 -0.008978122 0.010142343 0.298907040 0.008980310 0.999960078 -0.000164296 0.139065641 -0.010140288 0.000255323 0.999948728 13.111557467
0.999911307 -0.008177314 0.010503586 0.301265474 0.008192817 0.999966343 -0.001435838 0.138662652 -0.010490865 0.001521725 0.999943207 13.278814913
0.999904523 -0.009052053 0.010477840 0.308024373 0.009075125 0.999957261 -0.002148279 0.139310017 -0.010458027 0.002243057 0.999942551 13.456343339
0.999900530 -0.009527851 0.010445463 0.313030273 0.009548446 0.999953282 -0.001922143 0.140602970 -0.010426982 0.002021659 0.999943645 13.543190471
0.999896132 -0.009628537 0.010713254 0.315418683 0.009643244 0.999952740 -0.001319687 0.143429654 -0.010700030 0.001422801 0.999941854 13.710412983
0.999896757 -0.009096658 0.011185838 0.324100683 0.009132045 0.999954237 -0.003117865 0.142154455 -0.011156840 0.003219588 0.999931777 13.885674288
0.999907109 -0.007850218 0.011222360 0.326484663 0.007907257 0.999956376 -0.005045984 0.139784788 -0.011181561 0.005134155 0.999924041 13.975611592
0.999927816 -0.004150673 0.011335694 0.326725787 0.004250736 0.999952429 -0.008820917 0.135265199 -0.011297625 0.008868396 0.999896639 14.160822291
0.999931439 -0.001320632 0.011708427 0.331522329 0.001448237 0.999940266 -0.010895862 0.133605553 -0.011693329 0.010911954 0.999871291 14.340663586
0.999930302 -0.000923718 0.011825436 0.333934149 0.001054801 0.999938561 -0.011083305 0.134235583 -0.011814155 0.011094867 0.999867826 14.430568443
0.999926938 -0.003230565 0.011657241 0.345748437 0.003355552 0.999937349 -0.010721935 0.136788961 -0.011621317 0.010760219 0.999874454 14.617595955
0.999906452 -0.006982987 0.011827443 0.355628209 0.007101469 0.999924882 -0.010003187 0.140035026 -0.011755922 0.010086143 0.999879506 14.806903889
0.999887566 -0.008541667 0.012340481 0.359853189 0.008660778 0.999916597 -0.009633730 0.141782412 -0.012257491 0.009739497 0.999877661 14.910129556
0.999852885 -0.010680621 0.013460305 0.379011590 0.010813360 0.999893936 -0.009825825 0.143775495 -0.013354049 0.009969852 0.999860735 15.134873897
0.999863937 -0.009615465 0.013471041 0.384062885 0.009761025 0.999894275 -0.010785227 0.144512033 -0.013365662 0.010915169 0.999851053 15.360789068
0.999877634 -0.008468853 0.013188652 0.379865829 0.008616748 0.999900879 -0.011195360 0.145044822 -0.013091339 0.011307558 0.999849980 15.473942173
0.999887081 -0.007148091 0.013247150 0.389174517 0.007307086 0.999902013 -0.011988095 0.146301992 -0.013159832 0.012083466 0.999839667 15.725754864
0.999884320 -0.006837855 0.013579713 0.396413133 0.007005771 0.999899097 -0.012356313 0.148532047 -0.013493599 0.012449921 0.999830965 15.995465758
0.999879228 -0.007643524 0.013564957 0.399706139 0.007816301 0.999888691 -0.012726261 0.149344231 -0.013465854 0.012830653 0.999826673 16.130705800
0.999856143 -0.010593015 0.013257203 0.413904870 0.010782644 0.999839587 -0.014310658 0.149577937 -0.013102837 0.014451439 0.999808979 16.407670074
0.999865585 -0.009002174 0.013732978 0.423604052 0.009194972 0.999859719 -0.014039775 0.152971090 -0.013604181 0.014164150 0.999806218 16.689938644
0.999870760 -0.008251664 0.013868753 0.420434781 0.008445959 0.999866310 -0.014007841 0.154595716 -0.013751041 0.014123064 0.999805393 16.832796284
0.999875545 -0.008666684 0.013238301 0.435535394 0.008857368 0.999857596 -0.014417703 0.157241351 -0.013112035 0.014533130 0.999808060 17.155071624
0.999892078 -0.007215102 0.012851625 0.441078377 0.007398416 0.999871270 -0.014268118 0.160850448 -0.012746800 0.014361532 0.999815597 17.473155311
0.999898445 -0.006144526 0.012922182 0.445411883 0.006317061 0.999891273 -0.013350857 0.164124331 -0.012837912 0.013431043 0.999826834 17.638085071
0.999901687 -0.004230938 0.013394339 0.446343706 0.004362771 0.999942169 -0.009827708 0.173752812 -0.013352089 0.009885107 0.999861204 17.977062930
0.999912196 -0.001893328 0.013119013 0.454229983 0.001996320 0.999967675 -0.007843815 0.180775007 -0.013103531 0.007869222 0.999883018 18.323300767
0.999916523 0.000000891 0.012961997 0.454028953 0.000094446 0.999973527 -0.007353644 0.183438718 -0.012962017 0.007354182 0.999888852 18.493575597
0.999919417 -0.000311370 0.012731580 0.466439371 0.000383130 0.999984851 -0.005632383 0.189951197 -0.012728886 0.005636709 0.999902525 18.834480477
0.999917841 -0.001986380 0.012709974 0.476773779 0.002035513 0.999991347 -0.003849906 0.196796626 -0.012702090 0.003875401 0.999911210 19.193290482
0.999922609 -0.000514310 0.012446078 0.480960221 0.000559274 0.999993856 -0.003607078 0.199110831 -0.012443563 0.003613719 0.999916244 19.373851433
0.999919390 -0.000540473 0.012718854 0.490127390 0.000571847 0.999997697 -0.002459991 0.204724663 -0.012718010 0.002466971 0.999916373 19.718579226
0.999932251 0.000417421 0.011675657 0.491071556 -0.000438488 0.999998546 0.001805293 0.215683011 -0.011674425 -0.001810358 0.999930044 20.057542701
0.999938715 0.001554328 0.011033534 0.490226368 -0.001581514 0.999995827 0.002455801 0.218650943 -0.011029861 -0.002473131 0.999935779 20.228576878
0.999932582 0.002571252 0.011355048 0.503222014 -0.002574879 0.999997499 0.000307152 0.218509843 -0.011353554 -0.000336469 0.999935244 20.568791088
0.999919091 0.003388429 0.012315384 0.508103763 -0.003382835 0.999994213 -0.000472563 0.220583348 -0.012317786 0.000430807 0.999923839 20.887654023
0.999919505 0.004107013 0.012025540 0.516183275 -0.004113476 0.999991808 0.000512362 0.224101917 -0.012023118 -0.000561802 0.999927090 21.063626116
0.999928894 0.004570901 0.011073953 0.518392185 -0.004603841 0.999985106 0.002951673 0.231912078 -0.011060395 -0.003002479 0.999934570 21.401098366
0.999938629 0.003348781 0.010572253 0.531969749 -0.003404811 0.999980346 0.005287683 0.239646155 -0.010553881 -0.005323402 0.999929568 21.756085566
0.999937713 0.004232835 0.010316662 0.530480774 -0.004296121 0.999972033 0.006121563 0.242958305 -0.010290126 -0.006165546 0.999927977 21.927878659
0.999933461 0.004994991 0.010453805 0.537697928 -0.005064921 0.999964887 0.006674397 0.247594993 -0.010419694 -0.006726945 0.999922512 22.274904937
0.999930609 0.005698336 0.010333671 0.544385970 -0.005761030 0.999966045 0.006049658 0.250045929 -0.010298937 -0.006108820 0.999928013 22.607096685
0.999930936 0.006278476 0.009914639 0.545468523 -0.006337102 0.999963299 0.005894850 0.251591248 -0.009877393 -0.005957325 0.999933463 22.775858334
0.999937841 0.006731664 0.008989798 0.553832035 -0.006783806 0.999960316 0.005783616 0.255209760 -0.008950381 -0.005844278 0.999943107 23.136991159
0.999941223 0.006741017 0.008480071 0.559745560 -0.006789641 0.999960942 0.005721115 0.258805059 -0.008441164 -0.005778400 0.999947270 23.485553978
0.999944985 0.006705140 0.008083887 0.556949801 -0.006751620 0.999961128 0.005737649 0.260735853 -0.008045232 -0.005791960 0.999950540 23.658887289
0.999948246 0.006933733 0.007544667 0.565435968 -0.006969716 0.999964649 0.004755575 0.262684308 -0.007511166 -0.004807961 0.999959984 24.004417368
0.999952552 0.006553636 0.007206043 0.570694941 -0.006584060 0.999970139 0.004209385 0.265463942 -0.007177665 -0.004256689 0.999964896 24.353751648
0.999954314 0.006435362 0.007201165 0.570493447 -0.006468956 0.999968456 0.004652295 0.268077657 -0.007170453 -0.004698706 0.999962972 24.524027018
0.999959953 0.005443623 0.007134000 0.583537723 -0.005483226 0.999970065 0.005546904 0.273176027 -0.007102780 -0.005585856 0.999958782 24.864184555
0.999966321 0.004268750 0.007116239 0.595270574 -0.004306701 0.999977420 0.005328775 0.276393092 -0.007093137 -0.005359308 0.999959595 25.205887719
0.999967400 0.004196343 0.007016147 0.594413599 -0.004233121 0.999978088 0.005237627 0.278091153 -0.006993922 -0.005267208 0.999961634 25.376935632
0.999967017 0.003878840 0.007223098 0.602917863 -0.003917717 0.999978540 0.005377190 0.281989411 -0.007202114 -0.005405366 0.999958849 25.722444620
0.999965741 0.003666332 0.007547791 0.609607669 -0.003703047 0.999982130 0.004858170 0.284630328 -0.007529838 -0.004886001 0.999959406 26.054634313
0.999962941 0.003995697 0.007671224 0.615076117 -0.004029190 0.999982461 0.004357047 0.285656159 -0.007653333 -0.004387847 0.999960696 26.233683922
0.999963489 0.003829259 0.007732731 0.622126812 -0.003852863 0.999988239 0.003042083 0.287243381 -0.007720427 -0.003071812 0.999965320 26.596363995
0.999967067 0.002122547 0.007885285 0.630615485 -0.002139913 0.999995348 0.002197951 0.289461809 -0.007880557 -0.002214819 0.999966249 26.941891153
0.999969297 0.001279449 0.007761920 0.639965124 -0.001292677 0.999998571 0.001705603 0.290412133 -0.007759416 -0.001715665 0.999967847 27.116365747
0.999966866 -0.000761358 0.008113872 0.654902618 0.000764457 1.000000216 -0.000377695 0.290368266 -0.008113375 0.000383762 0.999966993 27.454290990
0.999962254 -0.002451558 0.008354397 0.668538339 0.002476544 0.999993112 -0.002971769 0.289482988 -0.008347324 0.002992203 0.999959847 27.793750610
0.999962262 -0.002373120 0.008427960 0.673481480 0.002410485 0.999988036 -0.004419353 0.288733025 -0.008416903 0.004439458 0.999954881 27.957961255
0.999958489 -0.002047120 0.008958277 0.682597606 0.002105285 0.999977390 -0.006490263 0.288847413 -0.008944247 0.006508777 0.999938550 28.302748532
0.999955659 -0.002595694 0.009104477 0.698567062 0.002667268 0.999966320 -0.007856986 0.290345337 -0.009083055 0.007880887 0.999926807 28.670373442
0.999954419 -0.002667534 0.009190781 0.704684773 0.002743067 0.999962793 -0.008208154 0.291616891 -0.009168148 0.008232868 0.999923962 28.848657755
0.999955858 -0.003618644 0.008722414 0.714197519 0.003695633 0.999954458 -0.008833486 0.294527196 -0.008688984 0.008865267 0.999922583 29.223893774
0.999952757 -0.005340052 0.008178743 0.721631006 0.005418514 0.999939856 -0.009600443 0.297420486 -0.008127082 0.009644190 0.999920297 29.617038703
0.999953305 -0.006093667 0.007600564 0.726826766 0.006170150 0.999931058 -0.010079529 0.298836729 -0.007538687 0.010125839 0.999920078 29.827325710
0.999956643 -0.007042325 0.006093040 0.736433653 0.007109707 0.999913862 -0.011100351 0.301723687 -0.006013713 0.011143047 0.999919301 30.264282586
0.999976225 -0.005949443 0.003694361 0.738294958 0.005989907 0.999921874 -0.011042948 0.306571476 -0.003628584 0.011064771 0.999931889 30.710369915
0.999977223 -0.006196649 0.002911764 0.741416748 0.006229236 0.999917110 -0.011319018 0.308540646 -0.002841375 0.011336860 0.999931512 30.938559669
0.999983731 -0.005767952 0.000833677 0.746862796 0.005778150 0.999902357 -0.012740218 0.311143600 -0.000759186 0.012744772 0.999918456 31.411337069
0.999983917 -0.005681691 -0.000659692 0.753963526 0.005671201 0.999871704 -0.014981829 0.312674356 0.000744640 0.014977780 0.999886929 31.913079773
0.999986067 -0.005256197 -0.001180738 0.758090179 0.005236376 0.999854376 -0.016243836 0.313265613 0.001266076 0.016237315 0.999867187 32.171000775
0.999986598 -0.004953699 -0.001737991 0.763135408 0.004923251 0.999842042 -0.017122223 0.317339095 0.001821898 0.017113327 0.999851526 32.690624702
0.999988247 -0.003830061 -0.003110962 0.769342028 0.003774391 0.999835963 -0.017712393 0.322014238 0.003178566 0.017700370 0.999837501 33.224337655
0.999986467 -0.003547849 -0.003960589 0.775148142 0.003475228 0.999828751 -0.018214479 0.324203028 0.004024631 0.018200381 0.999826451 33.511195083
0.999981558 -0.004111186 -0.004581001 0.779788931 0.004024580 0.999816825 -0.018760027 0.329357079 0.004658080 0.018741082 0.999812630 34.077669754
0.999976323 -0.004220458 -0.005575934 0.792607003 0.004127022 0.999853151 -0.016666431 0.339125833 0.005645843 0.016642942 0.999844883 34.665421831
0.999974750 -0.004002348 -0.006042974 0.791971998 0.003908666 0.999873734 -0.015428582 0.344406834 0.006103680 0.015404480 0.999862267 34.959872199
0.999966114 -0.003481495 -0.007530159 0.797518845 0.003371650 0.999888400 -0.014551855 0.352422769 0.007579207 0.014525910 0.999865574 35.571653070
0.999956605 -0.001170259 -0.009267861 0.800330303 0.001036841 0.999896405 -0.014393144 0.359436040 0.009284319 0.014382834 0.999853388 36.202116151
0.999949834 -0.001352282 -0.009940093 0.795018525 0.001213714 0.999903078 -0.013931865 0.363667140 0.009958561 0.013919040 0.999852854 36.517537155
0.999932450 -0.001885990 -0.011501308 0.798998335 0.001735469 0.999913725 -0.013079346 0.372031995 0.011524913 0.013058458 0.999847583 37.162081151
0.999920908 -0.002311228 -0.012437919 0.799734710 0.002151798 0.999915744 -0.012815607 0.379478206 0.012466047 0.012787773 0.999840232 37.810448276
0.999919084 -0.002437650 -0.012527508 0.799455862 0.002278620 0.999917634 -0.012698758 0.383195564 0.012557869 0.012669079 0.999840736 38.135394539
0.999923436 -0.001512143 -0.012291784 0.808324880 0.001356705 0.999919549 -0.012640902 0.390446965 0.012309934 0.012623223 0.999844216 38.805091091
0.999922125 0.000550674 -0.012513841 0.805557938 -0.000702223 0.999926940 -0.012110047 0.398744804 0.012505995 0.012117804 0.999847886 39.488503819
0.999914050 0.003442073 -0.012697112 0.807587211 -0.003599140 0.999917313 -0.012369727 0.402085642 0.012654275 0.012414382 0.999842839 39.841645222
0.999904887 0.004916261 -0.012928046 0.802845568 -0.005097403 0.999889666 -0.014017620 0.406746605 0.012858115 0.014082048 0.999818058 40.527385204
0.999885411 0.007613514 -0.013123125 0.803694644 -0.007783863 0.999885833 -0.012982790 0.416169267 0.013022953 0.013083433 0.999828636 41.237451555
0.999879899 0.008042265 -0.013283065 0.810141365 -0.008196529 0.999900002 -0.011602597 0.422390274 0.013188616 0.011710074 0.999844209 41.600844146
0.999875331 0.008295526 -0.013510233 0.814077070 -0.008448005 0.999901099 -0.011268950 0.430722010 0.013415018 0.011381551 0.999844604 42.322729915
0.999856517 0.010064242 -0.013649977 0.809757846 -0.010199043 0.999900492 -0.009839062 0.440958609 0.013549821 0.009976803 0.999858020 43.038888571
0.999839562 0.011814603 -0.013523484 0.806634317 -0.011933261 0.999891475 -0.008728395 0.446783215 0.013419650 0.008888320 0.999869815 43.398104217
0.999802569 0.015029732 -0.013022547 0.811092266 -0.015130355 0.999856529 -0.007666067 0.456560779 0.012906372 0.007861547 0.999885411 44.134832519
0.999824851 0.013504738 -0.013030587 0.811690370 -0.013573922 0.999894193 -0.005236172 0.468713617 0.012959136 0.005412086 0.999901373 44.876110961
0.999825131 0.013228567 -0.013241974 0.818015549 -0.013268202 0.999908630 -0.002913600 0.476724668 0.013201534 0.003088752 0.999908148 45.255105001
0.999835312 0.012815573 -0.012868376 0.817988984 -0.012805089 0.999918160 0.000895212 0.491281515 0.012878885 -0.000730300 0.999916518 45.997120079
0.999838955 0.012872894 -0.012556386 0.821019070 -0.012847283 0.999915377 0.002117071 0.501517763 0.012582431 -0.001955468 0.999918351 46.750989508
0.999852232 0.011936528 -0.012405238 0.825375581 -0.011904292 0.999925968 0.002667527 0.506541873 0.012437050 -0.002519503 0.999919564 47.132303771
0.999872810 0.009454096 -0.012866979 0.832774951 -0.009422373 0.999953295 0.002522082 0.514468814 0.012890752 -0.002400588 0.999913526 47.896480520
0.999891221 0.007889579 -0.012513575 0.836429428 -0.007860812 0.999966479 0.002345353 0.522271055 0.012532261 -0.002246780 0.999918927 48.649613638
0.999899914 0.006684963 -0.012525070 0.840131294 -0.006655348 0.999975862 0.002403982 0.526469502 0.012540712 -0.002320431 0.999918572 49.031699470
0.999910881 0.005561116 -0.012173266 0.852558211 -0.005542280 0.999984039 0.001579284 0.533302759 0.012181665 -0.001511729 0.999924233 49.805407751
0.999916914 0.002539141 -0.012655622 0.859923151 -0.002548701 0.999996786 -0.000739902 0.537520075 0.012654121 0.000772063 0.999919038 50.569624624
0.999915056 0.001058642 -0.013006943 0.864891803 -0.001089577 0.999996987 -0.002372679 0.538790312 0.013004297 0.002386571 0.999912503 50.950216853
0.999920800 -0.001486018 -0.012504450 0.875495166 0.001430510 0.999989682 -0.004446460 0.543386328 0.012510913 0.004428176 0.999911966 51.710616437
0.999923521 -0.002733782 -0.012090466 0.882241839 0.002673615 0.999983955 -0.004987436 0.550697583 0.012104406 0.004954700 0.999913926 52.475562484
0.999925222 -0.003686690 -0.011711502 0.889039056 0.003627347 0.999980761 -0.005086612 0.554745008 0.011729984 0.005043696 0.999918577 52.869457568
0.999930926 -0.003722809 -0.011160779 0.898751558 0.003663657 0.999979639 -0.005320096 0.562835374 0.011180690 0.005278786 0.999923248 53.661823616
0.999929297 -0.004093112 -0.011211227 0.911029742 0.004015731 0.999968318 -0.006918803 0.568528973 0.011238303 0.006873219 0.999912955 54.451165034
0.999936123 -0.003755736 -0.010702928 0.916520824 0.003672462 0.999963665 -0.007789420 0.571265036 0.010732467 0.007749561 0.999911905 54.846599580
0.999944687 -0.002933858 -0.010142009 0.929306590 0.002836919 0.999950307 -0.009560805 0.576824622 0.010170419 0.009531394 0.999902821 55.650800620
0.999947608 -0.001343820 -0.010234896 0.937578143 0.001236875 0.999945386 -0.010454038 0.583963815 0.010248705 0.010440769 0.999893176 56.460323044
0.999948665 0.000874360 -0.010112546 0.937913547 -0.000976542 0.999949305 -0.010108293 0.588873677 0.010103426 0.010117578 0.999897392 56.861835185
0.999928410 0.004229959 -0.011236185 0.940396586 -0.004330046 0.999951495 -0.008898242 0.599710768 0.011198122 0.008946191 0.999897301 57.678181359
0.999917857 0.005918996 -0.011410275 0.942759382 -0.005995397 0.999959991 -0.006675034 0.612477889 0.011371117 0.006742778 0.999912655 58.510127467
0.999907385 0.006980828 -0.011734591 0.948007380 -0.007047525 0.999959231 -0.005652296 0.618794042 0.011694035 0.005734438 0.999914808 58.936764910
0.999874614 0.010491463 -0.011900715 0.948918742 -0.010548904 0.999933640 -0.004776536 0.629480104 0.011849711 0.004901524 0.999917513 59.785879615
0.999871268 0.010141679 -0.012450392 0.949175551 -0.010196786 0.999938539 -0.004373141 0.639350502 0.012405548 0.004499512 0.999913176 60.635765782
0.999866517 0.010147998 -0.012821135 0.945494395 -0.010199526 0.999940090 -0.003963296 0.644636066 0.012780593 0.004093557 0.999909694 61.057470502
0.999867688 0.010057265 -0.012831464 0.943182924 -0.010088405 0.999946633 -0.002364987 0.656623259 0.012807051 0.002494045 0.999914338 61.910384326
0.999894061 0.008048037 -0.012170136 0.952880646 -0.008063921 0.999966969 -0.001257698 0.667840186 0.012159442 0.001355614 0.999924829 62.780057971
0.999885378 0.008730969 -0.012402581 0.956046044 -0.008738832 0.999962428 -0.000581400 0.673779360 0.012396826 0.000689658 0.999922213 63.224608219
0.999884927 0.009231078 -0.012124185 0.957325905 -0.009232130 0.999957877 -0.000031381 0.684231646 0.012123690 0.000143274 0.999926464 64.104204436
0.999898693 0.007358346 -0.012251328 0.965709975 -0.007360984 0.999973538 -0.000171433 0.693327292 0.012249908 0.000261534 0.999924830 64.975426303
0.999897787 0.006863401 -0.012545995 0.968346632 -0.006872091 0.999976286 -0.000652087 0.697120709 0.012541647 0.000738142 0.999921217 65.405141587
0.999909629 0.004872451 -0.012592717 0.981878492 -0.004904250 0.999985422 -0.002494283 0.703192642 0.012580489 0.002555785 0.999917323 66.270295051
0.999913872 0.004482999 -0.012371297 0.990262562 -0.004516044 0.999986582 -0.002643134 0.712288288 0.012359124 0.002698695 0.999919088 67.141516918
0.999918289 0.004621774 -0.011995560 0.992273157 -0.004643956 0.999988421 -0.001822762 0.718335730 0.011987549 0.001878273 0.999926111 67.571970461
0.999921674 0.002813092 -0.012210703 1.001972085 -0.002821132 0.999996205 -0.000641759 0.729682644 0.012209471 0.000676078 0.999924804 68.441642700
