1.000000000 -0.000000000 -0.000000000 0.000000000 -0.000000000 1.000000000 0.000000000 0.000000000 -0.000000000 -0.000000000 1.000000000 0.000000000
0.999999454 0.000118143 -0.000216193 0.008544295 -0.000118247 0.999999346 -0.000457744 0.004212711 0.000215824 0.000457793 1.000000433 0.444498725
0.999999369 0.001033493 -0.000268262 0.029395500 -0.001034080 0.999996830 -0.002144937 0.011059777 0.000266829 0.002145250 0.999998540 1.313270094
0.999997242 0.002283769 -0.000102173 0.036306246 -0.002283930 0.999996349 -0.001243867 0.022830544 0.000099992 0.001244192 0.999999510 2.214556449
0.999995424 0.002805640 -0.000024132 0.046771981 -0.002805684 0.999995846 -0.001010812 0.028192715 0.000021933 0.001010939 1.000000308 2.656730756
0.999992900 0.003644948 -0.000331548 0.056110449 -0.003645461 0.999992185 -0.001406693 0.037314547 0.000326637 0.001408008 0.999999451 3.523722676
0.999991371 0.004185475 -0.000231537 0.068685279 -0.004186008 0.999988841 -0.002165114 0.045946666 0.000223181 0.002166120 0.999998132 4.402489413
0.999992138 0.004044631 -0.000031165 0.081700430 -0.004044705 0.999989922 -0.001994169 0.051144938 0.000022717 0.001994351 0.999998710 4.841583830
0.999992088 0.003887845 0.000151506 0.103875824 -0.003887910 0.999992126 0.000194701 0.064624435 -0.000150136 -0.000195215 0.999999961 5.708738734
0.999995872 0.002641790 -0.000903665 0.111914181 -0.002639958 0.999994627 0.002012515 0.077395255 0.000908686 -0.002010082 0.999998363 6.561608513
0.999997279 0.002067579 -0.001357271 0.121686927 -0.002064820 0.999995396 0.002053471 0.082263316 0.001361954 -0.002050589 0.999997388 6.988937457
0.999998251 0.001496677 -0.000844032 0.141908459 -0.001495838 0.999998731 0.000987604 0.090193760 0.000846498 -0.000986344 0.999999444 7.858466918
1.000000186 0.000573591 0.000285102 0.162750011 -0.000573201 0.999998584 -0.001475242 0.095730946 -0.000285811 0.001475189 0.999999547 8.727253215
0.999999546 0.000230765 0.000669019 0.169948802 -0.000228594 0.999994087 -0.003316091 0.097433212 -0.000670153 0.003316053 0.999995104 9.157699996
0.999997606 -0.001720633 0.000689140 0.188173568 0.001725337 0.999974935 -0.006866278 0.101006859 -0.000677384 0.006867505 0.999976506 10.013968994
0.999993424 -0.003038009 0.002042772 0.225016765 0.003055429 0.999958155 -0.008573672 0.107704613 -0.002016618 0.008579889 0.999962262 10.879102512
0.999992488 -0.002952210 0.002488737 0.233514988 0.002973232 0.999959549 -0.008487062 0.112679621 -0.002463841 0.008494444 0.999961173 11.307971117
0.999994255 -0.002605259 0.002169990 0.255033887 0.002622065 0.999966015 -0.007788570 0.123602833 -0.002149854 0.007794332 0.999968140 12.175925592
0.999997973 -0.001463897 0.001052672 0.270762292 0.001471269 0.999973975 -0.007035486 0.134539714 -0.001042628 0.007037048 0.999975276 13.035192433
0.999998974 -0.000939662 0.000886607 0.271555875 0.000945843 0.999974900 -0.007017462 0.139368843 -0.000879416 0.007018376 0.999975122 13.457686539
0.999999531 -0.000045023 0.000915700 0.290520569 0.000051043 0.999977940 -0.006634906 0.149806012 -0.000913931 0.006635067 0.999978228 14.328728311
0.999997395 0.001225084 0.001540128 0.306306763 -0.001216576 0.999983831 -0.005518030 0.161570450 -0.001546525 0.005516243 0.999984792 15.203607153
0.999997575 0.001161283 0.001823719 0.317415581 -0.001152473 0.999987659 -0.004847532 0.167669075 -0.001829212 0.004845544 0.999987090 15.645002628
0.999995380 0.002299362 0.002255419 0.333793554 -0.002292223 0.999992047 -0.003163591 0.180222329 -0.002262868 0.003158418 0.999992981 16.503480608
0.999996794 0.001030293 0.002464668 0.351437429 -0.001024872 0.999996560 -0.002209722 0.191498745 -0.002466921 0.002207257 0.999994997 17.360432261
0.999996324 0.000334591 0.002812595 0.361848174 -0.000328600 0.999997855 -0.002135082 0.196413323 -0.002813134 0.002134209 0.999994761 17.786990236
0.999996399 -0.000355663 0.002672344 0.385165565 0.000361196 0.999997443 -0.002089444 0.205830972 -0.002670653 0.002090498 0.999994718 18.621407685
0.999992532 -0.001586617 0.003381854 0.407909600 0.001590560 0.999998070 -0.001168589 0.216959575 -0.003379525 0.001174068 0.999994644 19.472197507
0.999993242 -0.001350504 0.003404025 0.412540240 0.001351252 0.999998657 -0.000232758 0.223297694 -0.003403311 0.000237438 0.999995323 19.890051779
0.999995045 -0.001453503 0.002850812 0.421789436 0.001451517 0.999998895 0.000690016 0.234334083 -0.002850531 -0.000685819 0.999996438 20.725779013
0.999987296 -0.003952543 0.003051506 0.438670080 0.003952266 0.999992405 0.000075369 0.242598988 -0.003051291 -0.000063183 0.999995448 21.552292559
0.999984044 -0.004315858 0.003496672 0.449661109 0.004316564 0.999990118 -0.000188045 0.246742526 -0.003495261 0.000203208 0.999994628 21.962467448
0.999982970 -0.004561672 0.003720978 0.472917542 0.004564565 0.999989675 -0.000778167 0.254902658 -0.003717292 0.000795177 0.999993279 22.781277795
0.999989577 -0.001919731 0.004174598 0.480861983 0.001911340 0.999996421 0.002002292 0.268958093 -0.004178200 -0.001994183 0.999990341 23.602890067
0.999988962 -0.000824874 0.004641379 0.491236898 0.000808919 0.999994013 0.003431995 0.276024840 -0.004643657 -0.003428112 0.999984279 24.013802081
0.999985810 0.002376116 0.004803119 0.511343055 -0.002404026 0.999980167 0.005808600 0.289341887 -0.004788680 -0.005819980 0.999972711 24.836405854
0.999989462 0.000770751 0.004477426 0.527573671 -0.000808354 0.999964579 0.008397968 0.302942146 -0.004470845 -0.008401429 0.999955127 25.648007602
0.999988371 0.000891770 0.004788891 0.540498370 -0.000938598 0.999951935 0.009779327 0.309894990 -0.004779743 -0.009783649 0.999940795 26.055839157
0.999973074 0.004065437 0.006109683 0.555462200 -0.004144641 0.999906573 0.013003147 0.324652099 -0.006056601 -0.013028047 0.999897477 26.868968599
0.999962286 0.006319023 0.005964171 0.572973751 -0.006413915 0.999851410 0.016022522 0.339015330 -0.005862251 -0.016060108 0.999854032 27.679020773
0.999957395 0.007106712 0.005844541 0.579465978 -0.007205756 0.999827324 0.017096324 0.345395377 -0.005722623 -0.017137642 0.999837490 28.078941816
0.999953306 0.008432503 0.004643462 0.592450284 -0.008520353 0.999778265 0.019230143 0.358135474 -0.004480084 -0.019268752 0.999804368 28.878784130
0.999946666 0.009659331 0.003665660 0.600285631 -0.009736716 0.999716984 0.021711926 0.371415713 -0.003454282 -0.021746447 0.999757824 29.669162370
0.999936033 0.010681008 0.003797545 0.607408488 -0.010762885 0.999694424 0.022236170 0.376842370 -0.003558075 -0.022275561 0.999746165 30.068323840
0.999883856 0.014816014 0.003527090 0.619725467 -0.014890232 0.999646275 0.022021709 0.385556316 -0.003199300 -0.022071545 0.999751954 30.868982477
0.999882074 0.015058174 0.002968394 0.624331323 -0.015117993 0.999659222 0.021263143 0.393244462 -0.002647642 -0.021305442 0.999770159 31.663276644
0.999886972 0.014763825 0.002947404 0.634039722 -0.014821030 0.999680937 0.020426607 0.396395049 -0.002644890 -0.020467905 0.999788194 32.075003728
0.999906158 0.013203964 0.003543934 0.650783713 -0.013263929 0.999759174 0.017462159 0.400145104 -0.003311854 -0.017507461 0.999841776 32.870325861
0.999918191 0.012273617 0.003545217 0.668164966 -0.012323723 0.999819190 0.014467754 0.403841685 -0.003366379 -0.014510191 0.999890035 33.664878164
0.999918413 0.012261120 0.003616086 0.673356583 -0.012309106 0.999832680 0.013554528 0.406789005 -0.003448239 -0.013597866 0.999902356 34.066379207
0.999931728 0.010926586 0.004127793 0.688786535 -0.010974111 0.999872002 0.011668114 0.412298222 -0.003999337 -0.011712553 0.999923992 34.847600737
0.999942198 0.010228971 0.003192396 0.708092764 -0.010259296 0.999900547 0.009626819 0.417624218 -0.003093125 -0.009658944 0.999948842 35.639823152
0.999936521 0.010843612 0.002994885 0.714556694 -0.010868721 0.999904990 0.008488704 0.420164619 -0.002902814 -0.008520650 0.999959765 36.039787953
0.999926632 0.011829904 0.002809436 0.723610489 -0.011848097 0.999907925 0.006539539 0.425728613 -0.002731586 -0.006572260 0.999975389 36.828713253
0.999915279 0.012892854 0.001947653 0.736569078 -0.012905594 0.999894717 0.006668353 0.434979031 -0.001860462 -0.006692840 0.999976464 37.628595337
0.999908672 0.013404120 0.001498254 0.740449162 -0.013414385 0.999884623 0.007053085 0.440025481 -0.001402651 -0.007072464 0.999974254 38.015991903
0.999917092 0.012735940 0.001947408 0.753939382 -0.012749653 0.999892930 0.007190216 0.448917188 -0.001855199 -0.007214386 0.999972323 38.783864769
0.999919835 0.012467207 0.002212821 0.773212580 -0.012481818 0.999899437 0.006702457 0.456775318 -0.002128943 -0.006729466 0.999975945 39.560436893
0.999916918 0.012691219 0.002164149 0.778991923 -0.012704072 0.999901514 0.006024349 0.459961504 -0.002087223 -0.006051272 0.999979979 39.945543341
0.999933507 0.011051762 0.003077041 0.800168729 -0.011066542 0.999927197 0.004824219 0.466549316 -0.003022582 -0.004857878 0.999984127 40.719818624
0.999944408 0.010308276 0.002109855 0.817531836 -0.010317818 0.999935932 0.004550706 0.474797845 -0.002062081 -0.004572143 0.999988086 41.498697617
0.999946958 0.010042031 0.002164198 0.824594324 -0.010051733 0.999939404 0.004505975 0.479046977 -0.002119151 -0.004527410 0.999988410 41.882251073
0.999961082 0.008573106 0.002065826 0.836745010 -0.008580852 0.999955817 0.003756356 0.486238164 -0.002033232 -0.003773851 0.999991506 42.636062764
0.999976370 0.006688430 0.001734878 0.858455214 -0.006693135 0.999973754 0.002705205 0.492707242 -0.001716068 -0.002716671 0.999995619 43.378326094
0.999975631 0.006688953 0.001684334 0.864178978 -0.006692041 0.999975761 0.001827060 0.495365844 -0.001671262 -0.001838209 0.999997709 43.747817121
0.999986957 0.004849180 0.001523163 0.878821438 -0.004850183 0.999987913 0.000638027 0.501585574 -0.001520152 -0.000645304 0.999999357 44.482936693
0.999993006 0.002826351 0.002596193 0.906971705 -0.002827602 0.999995708 0.000472281 0.509657355 -0.002594301 -0.000479540 0.999997217 45.233098798
0.999992690 0.002483402 0.002764496 0.919128679 -0.002483294 0.999997063 -0.000038704 0.512988745 -0.002764163 0.000031871 0.999997463 45.610499197
0.999994460 0.001097631 0.003170841 0.937067796 -0.001094458 0.999998422 -0.001013414 0.519886287 -0.003171271 0.001010047 0.999995131 46.373001714
0.999992721 -0.000893235 0.003746497 0.965217769 0.000897720 0.999998354 -0.001205094 0.527918071 -0.003745029 0.001208557 0.999993309 47.123164274
0.999990887 -0.001451353 0.003968213 0.979927696 0.001457284 0.999997910 -0.001504879 0.531565519 -0.003965350 0.001510750 0.999991228 47.497479314
0.999991006 -0.002144726 0.003706366 0.995911385 0.002150876 0.999995830 -0.001661547 0.539715747 -0.003702165 0.001669604 0.999992746 48.246657440
0.999990560 -0.002576226 0.003606759 1.009241795 0.002581947 0.999995219 -0.001590913 0.547964613 -0.003602323 0.001600283 0.999992153 48.967673332
0.999988173 -0.002533590 0.004043351 1.022039494 0.002541070 0.999994907 -0.001853371 0.551712487 -0.004038487 0.001863675 0.999990711 49.344298545
0.999987248 -0.002414789 0.004488379 1.042431755 0.002424277 0.999995048 -0.002117500 0.559410775 -0.004482500 0.002128435 0.999988491 50.072467312
0.999987212 -0.002249485 0.004397012 1.060331504 0.002258326 0.999995555 -0.002006513 0.567980530 -0.004392645 0.002016507 0.999988819 50.819329338
0.999989943 -0.001277862 0.004256830 1.064155198 0.001285877 0.999996936 -0.001882954 0.572389406 -0.004253934 0.001888433 0.999990067 51.191111736
0.999986958 -0.000143328 0.005133924 1.086571066 0.000152300 0.999998102 -0.001758257 0.581072435 -0.005133642 0.001759149 0.999985545 51.948200829
0.999985756 0.001244013 0.005178776 1.103828837 -0.001233693 0.999997495 -0.001995113 0.589055722 -0.005180492 0.001988696 0.999985269 52.695839978
0.999985676 0.002395394 0.004830909 1.109556506 -0.002383046 0.999993419 -0.002562604 0.592244275 -0.004837191 0.002551119 0.999985092 53.065324966
0.999981232 0.003939375 0.004612905 1.114642246 -0.003924544 0.999986573 -0.003230059 0.599566078 -0.004625657 0.003212002 0.999985098 53.811988569
0.999975671 0.005004718 0.004913578 1.129354433 -0.004989531 0.999982213 -0.003104077 0.608233215 -0.004928393 0.003079552 0.999983798 54.562701682
0.999973602 0.005341570 0.004898212 1.135783417 -0.005327776 0.999981565 -0.002827932 0.613045773 -0.004912503 0.002801825 0.999984423 54.947019156
0.999977853 0.004801600 0.004583354 1.157626960 -0.004793767 0.999987015 -0.001724260 0.623579743 -0.004591177 0.001702316 0.999988819 55.720479027
0.999980101 0.003413497 0.005338697 1.171720011 -0.003412790 0.999994307 -0.000146406 0.634760127 -0.005339183 0.000128232 0.999986624 56.471933938
0.999976351 0.003618167 0.005776690 1.185166026 -0.003620756 0.999993115 0.000437496 0.639954389 -0.005774851 -0.000458297 0.999984516 56.847772228
0.999973737 0.003176198 0.006533388 1.206269549 -0.003188080 0.999992817 0.001802673 0.650626558 -0.006527166 -0.001823346 0.999978077 57.590758097
0.999983174 0.000521886 0.005746833 1.228051618 -0.000534726 0.999997670 0.002233369 0.659833018 -0.005745303 -0.002236363 0.999981610 58.348611664
0.999980973 -0.000272416 0.006140937 1.234418907 0.000261210 0.999998307 0.001818279 0.663288068 -0.006141430 -0.001816545 0.999980127 58.717323175
0.999982025 -0.001684378 0.005761228 1.256117985 0.001685135 0.999998989 -0.000128645 0.668247286 -0.005760427 0.000138425 0.999984220 59.459603712
0.999968654 -0.004297974 0.006664227 1.277133581 0.004308244 0.999989499 -0.001535807 0.674002275 -0.006657337 0.001564536 0.999977311 60.187024187
0.999958631 -0.005917740 0.006857151 1.286695875 0.005927289 0.999981842 -0.001384230 0.678369850 -0.006848448 0.001424860 0.999975957 60.551873101
0.999947379 -0.007477883 0.007057707 1.305179518 0.007487549 0.999971012 -0.001343415 0.686658519 -0.007047338 0.001396255 0.999975068 61.282346458
0.999928214 -0.010024821 0.006548229 1.331298147 0.010041707 0.999946718 -0.002553964 0.692655659 -0.006522390 0.002619580 0.999975709 62.003600657
0.999916281 -0.010931441 0.006950200 1.340794547 0.010955442 0.999934458 -0.003426565 0.695095779 -0.006911757 0.003502426 0.999970567 62.352850105
0.999914778 -0.011553235 0.006065568 1.364931957 0.011588634 0.999915512 -0.005843535 0.698845928 -0.005997149 0.005913386 0.999964816 63.060819797
0.999933354 -0.010923764 0.003724272 1.373695313 0.010944545 0.999924750 -0.005598712 0.707083877 -0.003662268 0.005639201 0.999977787 63.755986022
0.999930925 -0.011372016 0.002921781 1.385180005 0.011385550 0.999924261 -0.004659127 0.712730899 -0.002868396 0.004692176 0.999985191 64.118509037
0.999936133 -0.011230030 -0.001076891 1.391407871 0.011226462 0.999931517 -0.003239021 0.723022572 0.001112552 0.003226778 0.999994902 64.816733615
0.999910656 -0.011896134 -0.006041621 1.395021162 0.011879851 0.999925853 -0.002722070 0.731650678 0.006074289 0.002650105 0.999978979 65.502437476
0.999878835 -0.012261628 -0.009596448 1.389757115 0.012235052 0.999921095 -0.002816012 0.735315420 0.009631316 0.002698321 0.999950238 65.838150206
0.999781178 -0.012899092 -0.016473116 1.384964306 0.012847658 0.999912320 -0.003220209 0.742153643 0.016513811 0.003007945 0.999859596 66.502647310
0.999630715 -0.013539828 -0.023578822 1.377618837 0.013453291 0.999901682 -0.003821548 0.748715805 0.023627943 0.003503006 0.999715248 67.170229318
0.999511188 -0.014361356 -0.027768686 1.366559137 0.014247704 0.999889150 -0.004288159 0.751694281 0.027827802 0.003890522 0.999606212 67.497262390
0.999215632 -0.015394475 -0.036482485 1.345085768 0.015238947 0.999873758 -0.004537385 0.758787651 0.036548219 0.003977938 0.999324259 68.150545144
0.998830043 -0.017283189 -0.045169164 1.316499539 0.017105876 0.999844578 -0.004308582 0.766523956 0.045237217 0.003530871 0.998970706 68.781052536
0.998552818 -0.019093287 -0.050274773 1.301572699 0.018920937 0.999813246 -0.003902583 0.770925538 0.050340253 0.002945738 0.998728473 69.097070593
0.997817060 -0.023124962 -0.061850708 1.257574908 0.022918577 0.999729203 -0.004043413 0.778060112 0.061928218 0.002617172 0.998077519 69.714832522
0.996553310 -0.030787563 -0.077030413 1.208445713 0.030359795 0.999516466 -0.006717906 0.781102890 0.077199192 0.004356297 0.997006638 70.338804598
0.995842596 -0.032416745 -0.085130139 1.173635277 0.031904655 0.999463495 -0.007368644 0.783757195 0.085323534 0.004622066 0.996342901 70.647483322
0.994346644 -0.030853972 -0.101603403 1.107816883 0.030388062 0.999519597 -0.006130647 0.792896947 0.101744320 0.003008508 0.994806678 71.244553038
0.992132376 -0.029385960 -0.121698275 1.011879113 0.029054058 0.999568087 -0.004500154 0.802787212 0.121778795 0.000929003 0.992557380 71.830960551
0.990748820 -0.028069183 -0.132773221 0.955882094 0.027768953 0.999606218 -0.004112580 0.806953262 0.132837331 0.000387653 0.991138252 72.118182246
0.987602760 -0.025550230 -0.154879825 0.843964489 0.025625177 0.999670039 -0.001512372 0.818642686 0.154866968 -0.002475163 0.987932604 72.708208806
0.983300291 -0.023198350 -0.180504310 0.707079487 0.023833420 0.999714766 0.001350241 0.830952441 0.180421248 -0.005629638 0.983573634 73.297032567
0.980782424 -0.020912737 -0.193979512 0.630632074 0.021731953 0.999761612 0.002096425 0.835972085 0.193889039 -0.006271638 0.981004110 73.593277160
0.975054874 -0.017076362 -0.221305048 0.474493884 0.018271477 0.999827466 0.003354497 0.845551175 0.221210092 -0.007314343 0.975199062 74.174002355
0.968391760 -0.013348515 -0.249075398 0.294605990 0.014941081 0.999878235 0.004504640 0.854946079 0.248985225 -0.008083629 0.968474691 74.736371606
0.964360642 -0.009625728 -0.264416273 0.191201634 0.010974775 0.999933019 0.003625017 0.857209167 0.264364450 -0.006397694 0.964402396 75.018141769
0.955077938 -0.006569775 -0.296281415 -0.023956494 0.007235580 0.999973456 0.001150792 0.860623031 0.296267110 -0.003242759 0.955099996 75.576089048
0.944898400 -0.004780869 -0.327329149 -0.256455674 0.005462686 0.999984322 0.001163663 0.868207526 0.327317770 -0.002887587 0.944910425 76.107926361
0.939469024 -0.003477827 -0.342615721 -0.379071363 0.004400146 0.999987949 0.001914832 0.873419425 0.342605336 -0.003306374 0.939474535 76.381533232
0.927138443 -0.002306904 -0.374712306 -0.638380883 0.003896256 0.999986552 0.003484001 0.884112089 0.374699097 -0.004690084 0.927135531 76.930072143
0.914000910 0.005333872 -0.405676806 -0.923310407 -0.002160269 0.999963434 0.008280519 0.900410470 0.405706708 -0.006691964 0.913979003 77.462500444
0.906833727 0.007782318 -0.421416626 -1.072269964 -0.004113122 0.999945040 0.009615207 0.906544363 0.421468188 -0.006985983 0.906816693 77.705199089
0.891549980 0.011031098 -0.452787527 -1.370856182 -0.007316095 0.999923315 0.009955257 0.914815995 0.452862940 -0.005562892 0.891563481 78.191412360
0.874810230 0.012277768 -0.484309720 -1.678403142 -0.007549668 0.999902433 0.011711671 0.925548464 0.484406593 -0.006589029 0.874819202 78.672762304
0.865997868 0.011796791 -0.499907994 -1.843356238 -0.006161918 0.999897653 0.012921161 0.931621687 0.500009797 -0.008109240 0.865982098 78.919101192
0.847484155 0.011492667 -0.530695967 -2.184285317 -0.005220958 0.999897277 0.013316173 0.940014711 0.530795508 -0.008514422 0.847458550 79.378054912
0.828715052 0.011802000 -0.559546430 -2.533558287 -0.005137761 0.999895478 0.013480674 0.948045354 0.559647564 -0.008296741 0.828690131 79.831407040
0.819278349 0.013144230 -0.573245323 -2.716537004 -0.006622836 0.999887717 0.013461649 0.951923273 0.573358565 -0.007232258 0.819273397 80.052478949
0.799397879 0.012813299 -0.600665539 -3.086432926 -0.006341159 0.999896550 0.012890536 0.958434829 0.600769031 -0.006495673 0.799397307 80.468016717
0.777994635 0.010389092 -0.628184584 -3.462770459 -0.004233063 0.999927608 0.011294539 0.963133702 0.628256651 -0.006127882 0.777982571 80.875658103
0.767139741 0.008908938 -0.641418276 -3.655430170 -0.002943851 0.999942230 0.010367818 0.965278690 0.641473800 -0.006065256 0.767121989 81.077063485
0.744039569 0.006845074 -0.668100194 -4.068892246 -0.000454833 0.999952448 0.009738593 0.971956223 0.668135904 -0.006941956 0.744007475 81.482503505
0.721284442 0.007447799 -0.692599160 -4.485700883 -0.001588702 0.999956870 0.009098476 0.978198289 0.692638252 -0.005462176 0.721265424 81.844936385
0.710135855 0.007891916 -0.704020383 -4.684194730 -0.002273277 0.999957927 0.008916316 0.981449213 0.704061773 -0.004731284 0.710123800 82.022020251
0.686346122 0.007477989 -0.727236331 -5.101737124 -0.001323237 0.999958206 0.009033518 0.988679400 0.727274460 -0.005237740 0.686327323 82.353969443
0.661991291 0.007976526 -0.749468926 -5.514871904 -0.001922804 0.999958169 0.008944113 0.995327659 0.749509720 -0.004479779 0.661978748 82.664910757
0.649835471 0.007172214 -0.760041643 -5.721126779 -0.001195008 0.999964185 0.008414570 0.997795128 0.760074854 -0.004559757 0.649820166 82.820005958
0.624917863 0.006216175 -0.780666076 -6.160571660 -0.000661442 0.999972145 0.007432983 1.002933238 0.780691137 -0.004128561 0.624904684 83.115688197
0.599912382 0.007143230 -0.800034400 -6.594960539 -0.002446307 0.999972167 0.007094059 1.008945808 0.800062713 -0.002298602 0.599912840 83.389575522
0.586694237 0.007366447 -0.809775545 -6.811520332 -0.003333633 0.999971809 0.006681430 1.011543652 0.809802794 -0.001220380 0.586702178 83.525753400
0.559678812 0.005410467 -0.828691774 -7.251121412 -0.000928926 0.999982264 0.005901455 1.016528877 0.828709716 -0.002533062 0.559673659 83.774573082
0.532061569 0.005195358 -0.846689254 -7.706053495 0.001274422 0.999975360 0.006936812 1.024829642 0.846705314 -0.004769781 0.532041844 84.026224089
0.518255096 0.005631854 -0.855207545 -7.929715317 0.002128056 0.999966252 0.007874773 1.029540287 0.855224345 -0.005900994 0.518225481 84.139609855
0.489772434 0.006367600 -0.871826911 -8.396279915 0.003149199 0.999954152 0.009072574 1.037890758 0.871845358 -0.007188981 0.489729619 84.358263905
0.461447575 0.006386795 -0.887144449 -8.880822956 0.002737267 0.999958919 0.008622785 1.043433614 0.887164156 -0.006407240 0.461410565 84.567279388
0.447336452 0.005350740 -0.894349403 -9.117996491 0.004455253 0.999956306 0.008211030 1.045762256 0.894355262 -0.007657568 0.447293686 84.665628661
0.416477501 0.003009405 -0.909140506 -9.611582306 0.007798819 0.999945359 0.006882647 1.049648696 0.909112915 -0.009956622 0.416432034 84.854206306
0.384774754 0.001123080 -0.923009589 -10.112934675 0.008466081 0.999952863 0.004745972 1.052001750 0.922972329 -0.009640337 0.384746962 85.020803832
0.369532477 -0.000261860 -0.929218096 -10.366798865 0.009915811 0.999944509 0.003661565 1.053215665 0.929165675 -0.010566962 0.369514078 85.107954366
0.339857320 -0.000817425 -0.940476084 -10.876519460 0.012301037 0.999918334 0.003576125 1.058918362 0.940396908 -0.012784144 0.339840051 85.253286563
0.308494832 -0.001253181 -0.951225257 -11.385020815 0.014046831 0.999895578 0.003238307 1.064026524 0.951122936 -0.014360629 0.308480674 85.381463223
0.292402156 -0.001802878 -0.956293571 -11.640896674 0.014956887 0.999884326 0.002688279 1.065875549 0.956179164 -0.015089166 0.292395814 85.439674970
0.260663832 -0.002008031 -0.965427565 -12.162314058 0.014623307 0.999891358 0.001868587 1.069920476 0.965319294 -0.014604750 0.260665488 85.536408235
0.231291092 -0.001574183 -0.972883352 -12.689514864 0.013830359 0.999902860 0.001670116 1.074938985 0.972786518 -0.013841542 0.231289589 85.624442926
0.217172616 -0.001680087 -0.976131425 -12.928811889 0.013635900 0.999906445 0.001312769 1.076757577 0.976038934 -0.013595462 0.217175312 85.662623596
0.186815023 0.000193426 -0.982395261 -13.447755128 0.013924289 0.999898629 0.002844788 1.084452987 0.982296900 -0.014210525 0.186794090 85.724990634
0.156097088 0.001293021 -0.987740824 -13.985302209 0.015019570 0.999879854 0.003682559 1.091004109 0.987628439 -0.015410206 0.156059502 85.778470589
0.141415517 0.002263022 -0.989947094 -14.244510334 0.013853101 0.999895166 0.004264721 1.094357487 0.989854086 -0.014316885 0.141369526 85.793653088
0.110719680 0.003150304 -0.993846336 -14.806501213 0.013938269 0.999891962 0.004722289 1.100080328 0.993754599 -0.014375290 0.110663805 85.813933445
0.081154433 0.004035486 -0.996693837 -15.357654879 0.012772796 0.999905478 0.005088524 1.105404075 0.996620002 -0.013143458 0.081095035 85.821120881
0.038806120 0.003289136 -0.999241424 -16.185418073 0.013558447 0.999900678 0.003817880 1.110062585 0.999155360 -0.013696249 0.038757319 85.817474177
0.012430259 0.002387184 -0.999920054 -16.743073791 0.016903991 0.999853415 0.002597193 1.112386125 0.999780839 -0.016934847 0.012387581 85.801157331
-0.000466048 0.000678641 -0.999999416 -17.026115497 0.014535673 0.999894353 0.000671813 1.111188088 0.999894806 -0.014535287 -0.000476034 85.782412225
-0.024169908 -0.000779049 -0.999707456 -17.607528436 0.017871106 0.999839803 -0.001211205 1.112307537 0.999548812 -0.017895083 -0.024152312 85.747751059
-0.047504205 0.000774297 -0.998870828 -18.178063783 0.016424097 0.999865330 -0.000006003 1.118507387 0.998736849 -0.016405770 -0.047510996 85.699934524
-0.058715016 0.001517117 -0.998273824 -18.461764801 0.016651644 0.999860744 0.000540164 1.121384819 0.998136295 -0.016591118 -0.058732474 85.666291977
-0.080803509 0.002255083 -0.996727972 -19.029815373 0.018427720 0.999829769 0.000768225 1.125663299 0.996560763 -0.018305266 -0.080831444 85.599794149
-0.099546232 0.003272575 -0.995028109 -19.581870342 0.019706471 0.999804913 0.001316809 1.130282423 0.994838299 -0.019477346 -0.099591557 85.529652887
-0.108074792 0.003974475 -0.994134481 -19.872640505 0.021625866 0.999764727 0.001645995 1.132720525 0.993908369 -0.021321076 -0.108136054 85.488868747
-0.123947308 0.005245075 -0.992274732 -20.451631268 0.024205443 0.999704815 0.002260823 1.137452828 0.991994274 -0.023738159 -0.124037428 85.404220349
-0.133994113 0.005037429 -0.990969343 -21.013956651 0.025644300 0.999669725 0.001614174 1.139870175 0.990650872 -0.025196337 -0.134079198 85.330809777
-0.137547608 0.005301655 -0.990481018 -21.306005833 0.026305699 0.999652650 0.001697717 1.141805280 0.990146553 -0.025821692 -0.137639947 85.291572248
-0.143325703 0.007784075 -0.989645306 -21.891355879 0.028709190 0.999580885 0.003704398 1.148882150 0.989259535 -0.027880928 -0.143490029 85.214601524
-0.148843043 0.008640657 -0.988823184 -22.485064110 0.028720860 0.999578143 0.004411459 1.153656817 0.988444543 -0.027743112 -0.149028731 85.132051316
-0.151047532 0.007443668 -0.988497877 -22.779043427 0.028678999 0.999583471 0.003144857 1.153262572 0.988111000 -0.027874130 -0.151198743 85.095151652
-0.154609055 0.004566922 -0.987965040 -23.384971513 0.031706692 0.999496734 -0.000341633 1.150886353 0.987467760 -0.031377925 -0.154675767 85.011699854
-0.160213491 0.001956002 -0.987080571 -23.974901785 0.033031131 0.999448820 -0.003380751 1.149150751 0.986530449 -0.033146055 -0.160189495 84.924601204
-0.163128945 0.001767665 -0.986603046 -24.286190301 0.033938199 0.999416257 -0.003820824 1.150235017 0.986021556 -0.034106786 -0.163094420 84.877243686
-0.168461579 0.003429269 -0.985702024 -24.897845658 0.033681046 0.999429979 -0.002279206 1.156451678 0.985133063 -0.033583366 -0.168481158 84.785006480
-0.173072790 0.006751355 -0.984886008 -25.526158288 0.031788457 0.999493930 0.001265374 1.166083194 0.984396448 -0.031088891 -0.173200857 84.681518915
-0.175630181 0.008203271 -0.984422214 -25.835511512 0.031990380 0.999484883 0.002621470 1.170196746 0.983936614 -0.031031637 -0.175801947 84.631815556
-0.181580720 0.010743913 -0.983316789 -26.458102564 0.033117695 0.999439623 0.004804497 1.177477174 0.982818845 -0.031692803 -0.181835622 84.521420829
-0.186740290 0.011744983 -0.982339585 -27.069182648 0.033394811 0.999426491 0.005601057 1.182242858 0.981842252 -0.031758991 -0.187025535 84.412808287
-0.188782745 0.011185576 -0.981954986 -27.384988757 0.032877565 0.999446525 0.005064106 1.183013868 0.981469389 -0.031328143 -0.189046293 84.355225982
-0.193073278 0.009567387 -0.981138253 -28.017882203 0.031694396 0.999491813 0.003509384 1.183752919 0.980672913 -0.030418997 -0.193278926 84.241611401
-0.197353059 0.009937248 -0.980281931 -28.666792493 0.029677462 0.999550562 0.004157820 1.188283312 0.979884345 -0.028271719 -0.197560178 84.115971730
-0.199748202 0.010887023 -0.979786623 -28.991560595 0.030352201 0.999527041 0.004918528 1.191345174 0.979377865 -0.028756146 -0.199984560 84.053528035
-0.204223107 0.013657264 -0.978829121 -29.630193103 0.031419865 0.999479048 0.007389958 1.199077252 0.978420562 -0.029245403 -0.204546307 83.931146280
-0.207992959 0.016144299 -0.977997569 -30.271425889 0.029965077 0.999500038 0.010126534 1.207085585 0.977671633 -0.027199480 -0.208373097 83.796221700
-0.209585035 0.016672383 -0.977648068 -30.593002449 0.027174801 0.999567155 0.011220556 1.210590015 0.977412722 -0.024215676 -0.209947732 83.729920764
-0.213212009 0.015733754 -0.976878716 -31.265037561 0.024264795 0.999647163 0.010804472 1.213202904 0.976704953 -0.021400105 -0.213518990 83.585174464
-0.214992812 0.010831388 -0.976555243 -31.921723083 0.023636085 0.999703546 0.005884578 1.208008300 0.976329909 -0.021816701 -0.215185207 83.453269463
-0.215770341 0.008530066 -0.976406734 -32.253598943 0.024106971 0.999703263 0.003406372 1.205391314 0.976146776 -0.022803116 -0.215912105 83.383743887
-0.217433746 0.004182397 -0.976066363 -32.928237854 0.024689912 0.999694519 -0.001216354 1.200788782 0.975763318 -0.024363445 -0.217470871 83.242161574
-0.217413228 0.001481477 -0.976077913 -33.574641835 0.024727303 0.999686129 -0.003990458 1.199305817 0.975766664 -0.025003322 -0.217382562 83.113508677
-0.217842485 0.001941132 -0.975982420 -33.906482324 0.025460938 0.999669324 -0.003694731 1.201488388 0.975652988 -0.025654168 -0.217820196 83.043928403
-0.219126456 0.003391933 -0.975690396 -34.576579565 0.024930122 0.999686490 -0.002123543 1.207480531 0.975378478 -0.024789324 -0.219143074 82.896832273
-0.220517794 0.004503209 -0.975372615 -35.231276813 0.025485590 0.999674638 -0.001146508 1.212504551 0.975050621 -0.025110644 -0.220561463 82.762499497
-0.220857807 0.004944468 -0.975293104 -35.572733727 0.026141282 0.999657858 -0.000851776 1.214701663 0.974956351 -0.025683427 -0.220912345 82.688854215
-0.221636048 0.005278269 -0.975115247 -36.236423623 0.028058074 0.999605849 -0.000966518 1.217856917 0.974726559 -0.027574068 -0.221697846 82.549707455
-0.222863221 0.005688636 -0.974832852 -36.905262625 0.028723770 0.999587098 -0.000733557 1.221532317 0.974427495 -0.028164258 -0.222935177 82.401096848
-0.223328446 0.005608178 -0.974727455 -37.235195528 0.028747674 0.999586195 -0.000835396 1.222984521 0.974319834 -0.028207729 -0.223397903 82.329213580
-0.223800330 0.005985909 -0.974616872 -37.917478506 0.030138569 0.999545130 -0.000781688 1.226455352 0.974169762 -0.029548429 -0.223879829 82.181163098
-0.224588461 0.007082390 -0.974427766 -38.592687107 0.031899228 0.999491328 -0.000087709 1.231075448 0.973931920 -0.031103186 -0.224701326 82.040246120
-0.225003282 0.007726608 -0.974327213 -38.925163164 0.032789139 0.999461866 0.000353927 1.233541472 0.973806686 -0.031867678 -0.225136028 81.971433055
-0.225794736 0.009242402 -0.974130720 -39.598450546 0.033464586 0.999438804 0.001725776 1.239281030 0.973600658 -0.032209090 -0.225977551 81.828192000
-0.226109516 0.010523104 -0.974044710 -40.303777566 0.034087381 0.999414476 0.002884344 1.244781627 0.973505780 -0.032550329 -0.226336869 81.676611338
-0.226668076 0.010774040 -0.973912350 -40.654851864 0.034192590 0.999410081 0.003098161 1.246863291 0.973372671 -0.032598175 -0.226903536 81.598902528
-0.227376408 0.011276584 -0.973741814 -41.352485961 0.034986674 0.999381447 0.003403932 1.250919914 0.973178841 -0.033293909 -0.227631052 81.453714483
-0.228562874 0.011183330 -0.973464496 -42.066810050 0.035617544 0.999360545 0.003118095 1.253951801 0.972877730 -0.033959732 -0.228815472 81.297326673
-0.228683805 0.011267478 -0.973435650 -42.420435385 0.035270919 0.999372215 0.003281675 1.255977383 0.972861595 -0.033583387 -0.228938562 81.222700260
-0.229749360 0.011299622 -0.973184161 -43.126415215 0.035420365 0.999367355 0.003241580 1.259421648 0.972605370 -0.033725726 -0.230004558 81.071913472
-0.230121136 0.010460036 -0.973106291 -43.833681433 0.035590750 0.999363297 0.002325796 1.261363007 0.972511476 -0.034098224 -0.230347303 80.922684691
-0.230966592 0.009820220 -0.972911997 -44.175788505 0.035628983 0.999363854 0.001629055 1.261863754 0.972309549 -0.034287539 -0.231170033 80.849829180
-0.231121435 0.008367149 -0.972889087 -44.894592366 0.036044365 0.999349762 0.000031988 1.262700192 0.972257205 -0.035059624 -0.231273721 80.698859467
-0.232295955 0.007530073 -0.972616047 -45.627521844 0.036821681 0.999321540 -0.001057517 1.264377809 0.971949138 -0.036058998 -0.232416465 80.533586966
-0.232794286 0.007915734 -0.972493499 -45.988848059 0.036859078 0.999320307 -0.000689122 1.266767464 0.971828120 -0.036005515 -0.232927748 80.452580243
-0.233727242 0.009127355 -0.972259035 -46.723024059 0.037042332 0.999313542 0.000476544 1.272351678 0.971596670 -0.035903386 -0.233905601 80.288804100
-0.233741779 0.009704459 -0.972250244 -47.436058371 0.035733442 0.999360218 0.001384354 1.277346427 0.971642591 -0.034418211 -0.233938874 80.130853042
-0.233701965 0.009491204 -0.972262409 -47.796114926 0.034990100 0.999386919 0.001345524 1.278969197 0.971679463 -0.033704998 -0.233891142 80.048314180
-0.235438273 0.009113256 -0.971847010 -48.516868172 0.034432794 0.999406224 0.001030049 1.281878246 0.971280280 -0.033220792 -0.235612463 79.884010731
-0.235308035 0.008678162 -0.971881476 -49.241448969 0.034596943 0.999401302 0.000547438 1.284568184 0.971306013 -0.033495275 -0.235467672 79.724332415
-0.234791108 0.008714694 -0.972006952 -49.594437779 0.034490989 0.999404372 0.000628902 1.286440303 0.971434534 -0.033377722 -0.234952404 79.648937312
-0.234933880 0.008055450 -0.971977736 -50.325449575 0.034435662 0.999407063 -0.000040511 1.288757426 0.971401716 -0.033480206 -0.235072296 79.481346205
-0.234013173 0.007021345 -0.972207976 -51.029531620 0.035102602 0.999383026 -0.001231667 1.290141445 0.971600363 -0.034415154 -0.234115167 79.328271579
-0.234388248 0.006524962 -0.972120858 -51.388318588 0.034962373 0.999386958 -0.001721775 1.290987330 0.971514366 -0.034391171 -0.234473284 79.244200692
-0.234153216 0.005051587 -0.972186450 -52.083427586 0.035579691 0.999361536 -0.003376693 1.291580359 0.971548804 -0.035380698 -0.234184450 79.095970362
-0.234222541 0.005657694 -0.972166022 -52.789401079 0.036229803 0.999339109 -0.002912900 1.295884544 0.971508611 -0.035903582 -0.234273023 78.945173774
-0.234652502 0.006148348 -0.972059148 -53.147537816 0.036154309 0.999343714 -0.002406615 1.298436793 0.971407211 -0.035708774 -0.234721798 78.860313001
-0.234754155 0.007254413 -0.972027744 -53.849035222 0.034480315 0.999405236 -0.000868632 1.304436473 0.971443238 -0.033719705 -0.234865519 78.704104015
-0.235149626 0.006382113 -0.971938100 -54.569795615 0.034319294 0.999409142 -0.001740682 1.306375611 0.971353705 -0.033765524 -0.235230441 78.539811619
