1.000000000 0.000000000 -0.000000000 -0.000000000 0.000000000 1.000000000 0.000000000 0.000000000 -0.000000000 0.000000000 1.000000000 0.000000000
0.999997736 0.000389428 0.002280821 0.010007693 -0.000391428 0.999999038 0.000875429 0.002370572 -0.002280267 -0.000876320 0.999997018 0.362210688
0.999969248 0.002791374 0.007323693 0.031851831 -0.002827064 0.999983796 0.004866815 0.010986552 -0.007310643 -0.004887371 0.999961244 1.087511502
0.999920978 0.003202300 0.012155863 0.058179908 -0.003290387 0.999967808 0.007233311 0.016803228 -0.012133024 -0.007272744 0.999899737 1.826222842
0.999896039 0.001613755 0.014324291 0.076212166 -0.001698629 0.999980456 0.005914919 0.015306619 -0.014313987 -0.005938643 0.999879316 2.192444924
0.999839628 0.002066263 0.017768794 0.102480715 -0.002116366 0.999992952 0.002801433 0.011591755 -0.017763056 -0.002838592 0.999837780 2.942360714
0.999797658 0.002543677 0.019962110 0.127799078 -0.002472419 0.999990513 -0.003593241 0.002214660 -0.019971741 0.003543157 0.999794216 3.691846212
0.999769150 0.002230309 0.021363907 0.145801341 -0.002087077 0.999974458 -0.006724215 -0.002401794 -0.021378673 0.006678074 0.999749247 4.058076189
0.999727179 -0.004553395 0.022903897 0.181988214 0.004645293 0.999981060 -0.003959663 0.003992507 -0.022885529 0.004064954 0.999729818 4.801676920
0.999660778 -0.009015937 0.024432218 0.222598238 0.009034249 0.999958846 -0.000638537 0.011283361 -0.024425357 0.000859094 0.999700533 5.525137843
0.999640953 -0.008294902 0.025470378 0.237069150 0.008264733 0.999965015 0.001287961 0.015378431 -0.025480146 -0.001076999 0.999674816 5.878386954
0.999582146 -0.005334380 0.028402176 0.271298870 0.005171776 0.999968990 0.005795938 0.024579648 -0.028431915 -0.005646611 0.999579910 6.554009374
0.999498498 -0.004177023 0.031405856 0.309944296 0.003973929 0.999969963 0.006525670 0.027223762 -0.031432183 -0.006397577 0.999485756 7.231871504
0.999475784 -0.005457453 0.031905662 0.326151862 0.005295544 0.999971842 0.005158976 0.025614145 -0.031933177 -0.004987306 0.999476996 7.586024299
0.999443610 -0.008348880 0.032294170 0.370921749 0.008508202 0.999952096 -0.004800223 0.009754764 -0.032252835 0.005072332 0.999466811 8.278225947
0.999413901 -0.005421332 0.033791645 0.408504854 0.006034436 0.999818323 -0.018067848 -0.011606468 -0.033687490 0.018261123 0.999265368 8.978064862
0.999383426 -0.004143668 0.034877490 0.430066103 0.004867597 0.999773597 -0.020695739 -0.015380893 -0.034783740 0.020852761 0.999177121 9.334890874
0.999324671 -0.002411502 0.036663031 0.469801097 0.003072342 0.999832927 -0.017978199 -0.009274508 -0.036614007 0.018078672 0.999166043 10.069090498
0.999329640 -0.006325415 0.036048024 0.510534440 0.006655854 0.999936315 -0.009055388 0.007503859 -0.035987943 0.009289276 0.999309171 10.803707736
0.999296850 -0.008426447 0.036541544 0.533085963 0.008649999 0.999943893 -0.005966139 0.013561458 -0.036488803 0.006278050 0.999313874 11.160953487
0.999280486 -0.009945820 0.036600430 0.576294501 0.010171306 0.999929678 -0.005981050 0.014962161 -0.036538179 0.006349031 0.999311951 11.874582859
0.999330444 -0.008329429 0.035620030 0.611372823 0.008695199 0.999910461 -0.010125012 0.009240593 -0.035532417 0.010428024 0.999314430 12.584228650
0.999349830 -0.006975919 0.035385350 0.625820930 0.007387234 0.999905817 -0.011505042 0.007623935 -0.035301118 0.011758933 0.999307383 12.948672544
0.999375990 -0.005292772 0.034914436 0.660948088 0.005739659 0.999902534 -0.012711469 0.006982114 -0.034844039 0.012903898 0.999309083 13.658305479
0.999379843 -0.005436065 0.034792523 0.700611004 0.005871138 0.999905173 -0.012415863 0.008930720 -0.034721395 0.012612367 0.999316746 14.381335300
0.999372429 -0.005837586 0.034946482 0.717775655 0.006261445 0.999907101 -0.012032625 0.010361451 -0.034873063 0.012243909 0.999316683 14.747105349
0.999380533 -0.006478764 0.034590656 0.759276913 0.006858097 0.999917347 -0.010860081 0.013842995 -0.034517253 0.011090589 0.999342506 15.482200863
0.999339335 -0.006635313 0.035739984 0.805330441 0.006966165 0.999933531 -0.009140206 0.018293032 -0.035676143 0.009383098 0.999318773 16.241877694
0.999341021 -0.006712948 0.035676398 0.827005374 0.007030306 0.999936367 -0.008778262 0.019664323 -0.035615487 0.009023230 0.999324759 16.621051335
0.999356820 -0.006442859 0.035282414 0.861380895 0.006699302 0.999951633 -0.007156176 0.023993698 -0.035234570 0.007387962 0.999351804 17.363768046
0.999337141 -0.006102787 0.035903354 0.900223844 0.006329478 0.999959931 -0.006203509 0.027145702 -0.035864610 0.006426644 0.999335993 18.108710852
0.999316273 -0.005607195 0.036541042 0.922755349 0.005839333 0.999963250 -0.006250282 0.027781557 -0.036505526 0.006459377 0.999312350 18.477150651
0.999308922 -0.004264826 0.036938908 0.966060533 0.004499211 0.999970261 -0.006264074 0.029216217 -0.036911354 0.006425965 0.999297816 19.224320918
0.999315890 -0.003919572 0.036777254 1.008417669 0.004197847 0.999963019 -0.007492658 0.028550481 -0.036746044 0.007641931 0.999294651 19.959871551
0.999325406 -0.003396433 0.036571720 1.023843316 0.003685741 0.999961834 -0.007845986 0.028762217 -0.036544437 0.007975519 0.999300156 20.347116093
0.999332651 -0.002231169 0.036464406 1.059094615 0.002503562 0.999968463 -0.007427375 0.031014210 -0.036446241 0.007513686 0.999307468 21.090282685
0.999317555 -0.001296278 0.036909533 1.101520849 0.001534811 0.999977879 -0.006435200 0.034196269 -0.036899934 0.006487446 0.999297882 21.837003906
0.999317263 0.000226338 0.036958548 1.117826045 -0.000011831 0.999982500 -0.005803745 0.036062450 -0.036959119 0.005799303 0.999299737 22.213508558
0.999344815 0.006899083 0.035531419 1.145994484 -0.006820334 0.999973972 -0.002336840 0.043622053 -0.035545946 0.002092965 0.999365405 22.964285060
0.999311129 0.014058675 0.034353918 1.171493173 -0.014072742 0.999900195 0.000167743 0.049662175 -0.034347491 -0.000651084 0.999409056 23.724911865
0.999295802 0.016229370 0.033839980 1.186052368 -0.016291142 0.999865657 0.001550521 0.052921245 -0.033809706 -0.002100722 0.999426314 24.111704072
0.999320610 0.017717016 0.032325614 1.212381481 -0.017793873 0.999838926 0.002091486 0.055506067 -0.032283690 -0.002665267 0.999474514 24.861603919
0.999326141 0.018149924 0.031903805 1.240374497 -0.018060828 0.999831836 -0.003078557 0.048158427 -0.031955228 0.002500262 0.999485993 25.601237823
0.999255978 0.021629510 0.031948734 1.255733929 -0.021463875 0.999754271 -0.005517190 0.044822353 -0.032060100 0.004827336 0.999473631 25.977311017
0.999184199 0.024104443 0.032410480 1.282929377 -0.023832893 0.999677402 -0.008739282 0.041007995 -0.032609853 0.007959707 0.999436084 26.738852009
0.999172835 0.024161862 0.032705462 1.315593655 -0.023907201 0.999680345 -0.008153899 0.043666383 -0.032891828 0.007365281 0.999431976 27.514224684
0.999254007 0.021597743 0.032017799 1.336399540 -0.021411563 0.999751168 -0.006146379 0.047815021 -0.032142960 0.005456223 0.999467850 27.892946674
0.999363105 0.017919461 0.030861868 1.370769176 -0.017717963 0.999819509 -0.006788775 0.048192579 -0.030978130 0.006237669 0.999500533 28.646853713
0.999397126 0.015690511 0.030977713 1.405988676 -0.015501790 0.999859930 -0.006322708 0.050476585 -0.031072325 0.005838678 0.999499925 29.378839897
0.999410879 0.014755557 0.030994424 1.420468411 -0.014582716 0.999876656 -0.005795027 0.052149762 -0.031075560 0.005339629 0.999502134 29.743275464
0.999447192 0.012864531 0.030652679 1.457431412 -0.012678116 0.999899193 -0.006268115 0.052780892 -0.030729814 0.005876033 0.999510121 30.464974750
0.999456821 0.012727356 0.030397723 1.490885205 -0.012543617 0.999901428 -0.006227371 0.054407888 -0.030474818 0.005842683 0.999518360 31.207253678
0.999453699 0.011924502 0.030819846 1.509857051 -0.011719187 0.999907731 -0.006833662 0.054131718 -0.030897703 0.006468747 0.999501214 31.585097620
0.999481705 0.009013877 0.030889757 1.551362902 -0.008791450 0.999934193 -0.007328661 0.054751390 -0.030954306 0.007053304 0.999495990 32.331380704
0.999501203 0.008361554 0.030455042 1.584913650 -0.008202689 0.999951483 -0.005337531 0.059784189 -0.030497887 0.005085047 0.999521334 33.096011665
0.999508494 0.009957506 0.029735961 1.595890712 -0.009845895 0.999943389 -0.003897364 0.063133198 -0.029773328 0.003602668 0.999550222 33.481025153
0.999521525 0.005384821 0.030468907 1.637462756 -0.005255704 0.999976745 -0.004316291 0.063958832 -0.030491458 0.004154090 0.999526340 34.249668369
0.999551036 -0.002720002 0.029856812 1.682473640 0.003006233 0.999949521 -0.009545888 0.056468965 -0.029829324 0.009631334 0.999508556 34.997750468
0.999561696 -0.004776404 0.029214281 1.703210596 0.005121837 0.999917042 -0.011760432 0.053447960 -0.029156222 0.011904889 0.999503884 35.376490603
0.999558902 -0.001170734 0.029668550 1.736692127 0.001585045 0.999900646 -0.013945710 0.051281117 -0.029648691 0.013986592 0.999462870 36.141139786
0.999514482 0.005177728 0.030727010 1.766748514 -0.004977693 0.999965487 -0.006582876 0.065533400 -0.030760464 0.006426724 0.999505775 36.903968923
0.999488604 0.003631034 0.031759547 1.790309857 -0.003554836 0.999990018 -0.002455423 0.073437378 -0.031768399 0.002341258 0.999492454 37.295195604
0.999531634 -0.001442865 0.030561561 1.834578589 0.001394781 0.999996947 0.001593681 0.081924201 -0.030564036 -0.001550308 0.999531404 38.042792645
0.999526578 0.003766257 0.030529581 1.865277479 -0.003693865 0.999989647 -0.002427252 0.076514005 -0.030538315 0.002313328 0.999530380 38.783755514
0.999465486 0.007209539 0.031902246 1.884167536 -0.007020759 0.999956364 -0.006025809 0.071070107 -0.031944357 0.005798610 0.999473250 39.150432209
0.999405674 0.008439295 0.033432330 1.923888163 -0.008171613 0.999932751 -0.008135248 0.069002871 -0.033498512 0.007857184 0.999407464 39.907013173
0.999410415 0.008850684 0.033192660 1.959345178 -0.008687059 0.999949007 -0.005070652 0.075954560 -0.033235614 0.004779315 0.999435817 40.706069504
0.999427799 0.008968395 0.032619068 1.981019726 -0.008818716 0.999950015 -0.004729478 0.077285852 -0.032658873 0.004439100 0.999456749 41.085243247
0.999437923 0.006254824 0.032941279 2.023343119 -0.005994378 0.999949601 -0.007999576 0.073110291 -0.032989309 0.007797601 0.999425093 41.820802763
0.999421519 0.003806160 0.033787801 2.072004485 -0.003500052 0.999952160 -0.009114063 0.072640130 -0.033820620 0.008990522 0.999387865 42.570645588
0.999424101 0.004149933 0.033674958 2.090167517 -0.003869541 0.999956988 -0.008387817 0.074727300 -0.033708346 0.008252679 0.999398002 42.970399580
0.999439175 0.002795090 0.033365308 2.134491483 -0.002633640 0.999984254 -0.004881695 0.082280141 -0.033378306 0.004791078 0.999430819 43.740359639
0.999441764 0.000930875 0.033406222 2.180533881 -0.000868323 0.999997750 -0.001886840 0.088912084 -0.033407777 0.001856775 0.999439304 44.488850621
0.999419549 0.001643123 0.034038926 2.204864431 -0.001593787 0.999996802 -0.001476742 0.090332928 -0.034040944 0.001421635 0.999419899 44.858177679
0.999439772 0.004660449 0.033137538 2.242817449 -0.004593006 0.999987151 -0.002110976 0.090750540 -0.033147112 0.001957591 0.999448246 45.613863109
0.999462054 0.002787002 0.032688217 2.286955727 -0.002595271 0.999978933 -0.005907042 0.085668038 -0.032704066 0.005819061 0.999448316 46.361494493
0.999482413 0.002216836 0.032094190 2.304109975 -0.001957696 0.999965024 -0.008102970 0.082676976 -0.032111369 0.008035968 0.999451955 46.738456060
0.999505984 0.001437937 0.031407294 2.343800896 -0.001061594 0.999927433 -0.011996302 0.077519894 -0.031421836 0.011957065 0.999434172 47.495044845
0.999453185 0.003612425 0.032863155 2.384422221 -0.003225082 0.999923929 -0.011832402 0.079306994 -0.032903711 0.011719936 0.999389744 48.240880351
0.999445416 0.004750562 0.032954730 2.403433771 -0.004421991 0.999939343 -0.010035752 0.083160619 -0.033000422 0.009884417 0.999406448 48.618713841
0.999449613 0.006995705 0.032442915 2.441449202 -0.006838403 0.999963723 -0.004957264 0.093409755 -0.032476061 0.004732668 0.999461407 49.363194062
0.999522190 0.005105936 0.030481524 2.476683315 -0.004998189 0.999980659 -0.003609842 0.097213685 -0.030499707 0.003455759 0.999528560 50.095176399
0.999522190 0.005982591 0.030320869 2.492059186 -0.005833170 0.999969721 -0.005014060 0.095587526 -0.030349589 0.004834788 0.999527174 50.471245266
0.999506204 0.006447084 0.030765670 2.533544848 -0.006242296 0.999957602 -0.006747710 0.094107303 -0.030807810 0.006552322 0.999503839 51.217533664
0.999496868 0.005401125 0.031271277 2.575065696 -0.005205052 0.999965720 -0.006347995 0.096286898 -0.031304554 0.006182024 0.999490641 51.963812800
0.999493158 0.005843443 0.031290307 2.592272817 -0.005678811 0.999968900 -0.005347865 0.098795561 -0.031320799 0.005167465 0.999496133 52.340760448
0.999468837 0.011325765 0.030575619 2.622317454 -0.011309332 0.999935039 -0.000710487 0.108486057 -0.030581696 0.000364307 0.999531764 53.114781457
0.999498951 0.009924384 0.030060439 2.659421686 -0.009914460 0.999950048 -0.000479152 0.110449065 -0.030063373 0.000180872 0.999547882 53.881198679
0.999502807 0.010467769 0.029751170 2.680152896 -0.010440758 0.999944269 -0.001063237 0.110169937 -0.029760643 0.000752072 0.999556053 54.248751548
0.999507074 0.012488186 0.028811387 2.705641662 -0.012462055 0.999921781 -0.001086182 0.111838263 -0.028822701 0.000726592 0.999584323 55.020569745
0.999490217 0.010557944 0.030144944 2.746194732 -0.010410855 0.999932434 -0.005032416 0.106525717 -0.030195823 0.004716011 0.999532648 55.766423219
0.999453167 0.008770549 0.031901917 2.774081939 -0.008576993 0.999943669 -0.006198870 0.105206753 -0.031954737 0.005921842 0.999471001 56.137535703
0.999462401 0.008163036 0.031769871 2.812027170 -0.007934108 0.999941413 -0.007325202 0.104814406 -0.031827575 0.007069188 0.999468388 56.893223183
0.999473035 0.008804364 0.031256639 2.844638788 -0.008559517 0.999930811 -0.007959041 0.105334915 -0.031324263 0.007687321 0.999479511 57.657420942
0.999457824 0.008690900 0.031764529 2.868132762 -0.008506649 0.999945766 -0.005930988 0.109571091 -0.031814501 0.005657552 0.999477883 58.037476579
0.999518617 0.004403333 0.030723906 2.911492070 -0.004322997 0.999987113 -0.002680819 0.116635470 -0.030735281 0.002546699 0.999523744 58.784632597
0.999541415 0.001556976 0.030249416 2.951191783 -0.001493386 0.999996293 -0.002124940 0.119072038 -0.030252280 0.002078784 0.999539827 59.518841510
0.999561287 0.001466635 0.029595965 2.965654214 -0.001388941 0.999995490 -0.002645906 0.118945304 -0.029600110 0.002603633 0.999558675 59.883281632
0.999578583 0.004601967 0.028670747 2.991041505 -0.004464101 0.999977756 -0.004870724 0.116737852 -0.028692663 0.004740684 0.999576762 60.632748985
0.999608451 0.002372346 0.027886579 3.026263964 -0.002200453 0.999977706 -0.006193604 0.115989994 -0.027900581 0.006129823 0.999591288 61.375923169
0.999630326 0.001847203 0.027128758 3.041668099 -0.001687823 0.999981041 -0.005896037 0.117303689 -0.027139870 0.005848033 0.999613757 61.751984595
0.999603879 0.000365752 0.028133980 3.081379444 -0.000234966 0.999989235 -0.004652041 0.120950197 -0.028134909 0.004643609 0.999593422 62.486190446
0.999512134 -0.001348693 0.031207679 3.125540624 0.001510165 0.999985115 -0.005151432 0.121589424 -0.031199763 0.005196004 0.999499458 63.222627022
0.999482960 -0.002748939 0.032042371 3.149004796 0.002908817 0.999983164 -0.004942569 0.122725754 -0.032028295 0.005033185 0.999474605 63.602690504
0.999422878 -0.004376068 0.033697643 3.195039941 0.004591325 0.999969427 -0.006313148 0.121924039 -0.033669146 0.006464199 0.999411973 64.373560953
0.999391618 -0.004533459 0.034580050 3.239247029 0.004810326 0.999957049 -0.007926665 0.120659333 -0.034542570 0.008088177 0.999370524 65.132363001
0.999367311 -0.003680657 0.035373283 3.259124455 0.003963694 0.999959806 -0.007935262 0.121405626 -0.035342241 0.008070468 0.999342310 65.510648979
0.999287587 -0.003739736 0.037563116 3.308736872 0.003957096 0.999975778 -0.005714119 0.126687692 -0.037540958 0.005858723 0.999277638 66.260921869
0.999250558 -0.003394613 0.038570635 3.350309729 0.003481442 0.999991498 -0.002184754 0.134277017 -0.038562892 0.002317423 0.999252917 67.007187313
0.999207099 -0.003338394 0.039681726 3.377337308 0.003387834 0.999993417 -0.001179723 0.136715352 -0.039677891 0.001313222 0.999210959 67.377845665
0.999173199 -0.002655675 0.040566085 3.424215300 0.002730993 0.999994367 -0.001801984 0.137090121 -0.040560744 0.001911278 0.999175520 68.126797106
0.999164230 -0.003092031 0.040767000 3.471120860 0.003205505 0.999990927 -0.002717398 0.136992899 -0.040757339 0.002845757 0.999164708 68.886930068
0.999160797 -0.004010461 0.040774537 3.495452179 0.004105964 0.999988692 -0.002259864 0.138493739 -0.040764502 0.002425396 0.999166224 69.256256924
0.999138386 -0.004907071 0.041219208 3.545056522 0.004932777 0.999987010 -0.000522856 0.142935846 -0.041215960 0.000725715 0.999149855 70.006531940
0.999118164 -0.004207778 0.041788447 3.590180555 0.004165374 0.999990106 0.001101721 0.147215392 -0.041793126 -0.000926664 0.999125805 70.754584252
0.999120460 -0.003590747 0.041771844 3.610020125 0.003561670 0.999992948 0.000770326 0.147363730 -0.041774180 -0.000620889 0.999126682 71.121691416
0.999134853 -0.005126176 0.041269912 3.657705105 0.005184004 0.999985095 -0.001294998 0.145185167 -0.041263089 0.001507767 0.999147169 71.848733289
0.999175666 -0.004825442 0.040302133 3.694679717 0.004951269 0.999982533 -0.003021338 0.143684389 -0.040287692 0.003218401 0.999182914 72.581618298
0.999239831 -0.004195867 0.038760298 3.712696326 0.004326725 0.999985090 -0.003293866 0.143899709 -0.038745206 0.003459097 0.999243516 72.936655719
0.999267110 -0.004881450 0.037978718 3.751453567 0.005022082 0.999980534 -0.003608195 0.144815853 -0.037960818 0.003796283 0.999272057 73.659243530
0.999272452 -0.003498040 0.037967417 3.792033117 0.003578163 0.999991134 -0.002041419 0.148936865 -0.037959902 0.002175768 0.999276218 74.382712476
0.999279614 -0.003497494 0.037780064 3.812797204 0.003524353 0.999993593 -0.000645726 0.152077567 -0.037777324 0.000778395 0.999285789 74.750256689
0.999272730 -0.002533310 0.038048988 3.853433719 0.002518379 0.999996482 0.000440615 0.155444588 -0.038050272 -0.000344476 0.999275136 75.496088197
0.999234253 -0.001849619 0.039100751 3.899372527 0.001808351 0.999997205 0.001089403 0.157980763 -0.039102473 -0.001017873 0.999234242 76.222228891
0.999199259 -0.001111114 0.040003734 3.921882712 0.001043666 0.999997473 0.001705979 0.159738576 -0.040005177 -0.001662864 0.999197884 76.579485524
0.999227810 -0.001223294 0.039271819 3.962422654 0.001189551 0.999998647 0.000882182 0.159739793 -0.039273084 -0.000834793 0.999228004 77.302964896
0.999295466 -0.001232783 0.037518901 4.005594565 0.001282351 0.999998253 -0.001296824 0.157330687 -0.037516397 0.001344008 0.999294884 78.016603910
0.999319570 0.000717478 0.036880608 4.021839602 -0.000631789 0.999996949 -0.002335202 0.156279028 -0.036881995 0.002310305 0.999317220 78.381935619
0.999270393 0.004862464 0.037879708 4.064148596 -0.004694986 0.999978207 -0.004509068 0.153945389 -0.037901622 0.004327930 0.999271916 79.106310147
0.999287754 0.004926736 0.037413381 4.109175481 -0.004749497 0.999976388 -0.004824829 0.154799134 -0.037435983 0.004643690 0.999288367 79.832010476
0.999304343 0.001719975 0.037245942 4.135260203 -0.001545777 0.999987218 -0.004705287 0.155677047 -0.037253536 0.004644438 0.999294814 80.191047827
0.999328463 -0.001883786 0.036602978 4.178509170 0.002111418 0.999977935 -0.006180559 0.154603845 -0.036590593 0.006253656 0.999310207 80.927044114
0.999379806 -0.002303275 0.035139249 4.219061973 0.002592373 0.999963067 -0.008183009 0.152603148 -0.035118366 0.008269043 0.999348527 81.661708880
0.999376209 -0.003899599 0.035089932 4.243360414 0.004243363 0.999943461 -0.009725941 0.150684158 -0.035049592 0.009868789 0.999336432 82.031044391
0.999452845 -0.006789964 0.032384862 4.275040541 0.007072360 0.999937638 -0.008613524 0.154166034 -0.032324848 0.008837846 0.999438080 82.772429378
0.999480740 -0.009863577 0.030672690 4.315664098 0.010063484 0.999928720 -0.006372516 0.159524970 -0.030607948 0.006677902 0.999508536 83.507075517
0.999490262 -0.010133042 0.030267958 4.334615201 0.010327732 0.999926091 -0.006282026 0.160430756 -0.030202117 0.006591392 0.999522451 83.873736142
0.999464159 -0.012710309 0.030149323 4.376090503 0.012918268 0.999893149 -0.006712576 0.161212434 -0.030060944 0.007098434 0.999522530 84.608838488
0.999489825 -0.012899367 0.029218379 4.417538022 0.013161162 0.999874201 -0.008786948 0.159104256 -0.029101004 0.009167049 0.999534443 85.343948149
0.999509648 -0.012305828 0.028788974 4.432926102 0.012582435 0.999876105 -0.009445637 0.158748034 -0.028669391 0.009803280 0.999540466 85.720013802
0.999495634 -0.011272845 0.029699703 4.470035430 0.011542073 0.999892775 -0.008911521 0.161241015 -0.029596510 0.009249813 0.999518603 86.486429683
0.999382514 -0.012290250 0.032918494 4.521388656 0.012553753 0.999889949 -0.007811643 0.164590220 -0.032819570 0.008220097 0.999426925 87.226416384
0.999322490 -0.013505146 0.034237772 4.544853405 0.013772071 0.999876172 -0.007573722 0.165786547 -0.034131002 0.008040067 0.999384496 87.606479714
0.999252585 -0.012705970 0.036501810 4.593583102 0.012952123 0.999894818 -0.006516347 0.169084183 -0.036414919 0.006984243 0.999312682 88.367493331
0.999164049 -0.010985292 0.039382888 4.644118477 0.011174310 0.999926305 -0.004582720 0.173856775 -0.039329644 0.005018985 0.999213634 89.129392460
0.999156440 -0.010021746 0.039820496 4.665813886 0.010148373 0.999943891 -0.002976996 0.177357959 -0.039788134 0.003378577 0.999202534 89.508560711
0.999101272 -0.009537798 0.041299439 4.711883181 0.009559061 0.999953491 -0.000317674 0.183447914 -0.041294962 0.000712187 0.999146873 90.268233391
0.999038589 -0.006081610 0.043427944 4.763199951 0.006230757 0.999974490 -0.003299296 0.179665460 -0.043406257 0.003566684 0.999050679 91.019418468
0.999027006 -0.004287713 0.043900081 4.785734222 0.004516693 0.999976662 -0.005118755 0.177249453 -0.043877325 0.005312074 0.999022561 91.399046318
0.998961563 -0.000687729 0.045564618 4.835295784 0.000959390 0.999981738 -0.005939947 0.177241782 -0.045559605 0.005977498 0.998943770 92.149332596
0.998984845 0.001265656 0.045034653 4.875918477 -0.001099336 0.999992107 -0.003717906 0.182510723 -0.045038431 0.003664615 0.998978203 92.883978963
0.998957829 0.001322391 0.045634933 4.899386997 -0.001265058 0.999998390 -0.001285121 0.187438878 -0.045636761 0.001226048 0.998956959 93.252852522
0.999027032 0.001689787 0.044071159 4.941806043 -0.001745508 0.999997461 0.001225918 0.193212822 -0.044068264 -0.001301659 0.999027651 93.988386856
0.999097866 -0.003205746 0.042354831 4.988573982 0.003381343 0.999985486 -0.004076068 0.185480008 -0.042341182 0.004215603 0.999094192 94.726178490
0.999110855 -0.002823365 0.042057044 5.012854542 0.003106575 0.999972340 -0.006671266 0.181701111 -0.042036871 0.006796021 0.999092606 95.095518708
0.999130842 -0.000687837 0.041687966 5.055219347 0.001079588 0.999955434 -0.009376786 0.178493488 -0.041679449 0.009413700 0.999086583 95.842256101
0.999124411 0.000486794 0.041834456 5.098526838 -0.000099597 0.999956714 -0.009256901 0.180168136 -0.041837029 0.009244597 0.999081386 96.589425760
0.999116856 -0.000422527 0.042025989 5.123821011 0.000704338 0.999977057 -0.006692055 0.185309294 -0.042021931 0.006715731 0.999094089 96.970368353
0.999174404 -0.001422234 0.040604869 5.173397688 0.001612233 0.999987589 -0.004647165 0.190213393 -0.040597749 0.004708776 0.999164194 97.709461872
0.999183960 -0.001735606 0.040358428 5.220215137 0.002018601 0.999973519 -0.006971720 0.187630323 -0.040344775 0.007047455 0.999160440 98.447240473
0.999196648 -0.000179813 0.040083696 5.236505719 0.000469670 0.999973033 -0.007220367 0.187976580 -0.040081549 0.007233354 0.999169907 98.823748971
0.999198037 0.002817904 0.039933712 5.277114376 -0.002586398 0.999979433 -0.005846960 0.191785593 -0.039949130 0.005738940 0.999184793 99.558399033
0.999166257 0.002041455 0.040767881 5.324914888 -0.001924627 0.999993521 -0.002904697 0.198284585 -0.040773573 0.002823815 0.999164279 100.296599270
0.999152214 0.000837153 0.041157705 5.348345937 -0.000805731 0.999998841 -0.000780050 0.202654782 -0.041158256 0.000746224 0.999152466 100.654293914
0.999142088 0.001198152 0.041389517 5.393352944 -0.001184927 0.999999227 -0.000343852 0.204780477 -0.041389383 0.000294500 0.999142653 101.368810697
0.999129934 0.000425540 0.041713082 5.435660902 -0.000399072 0.999999493 -0.000643042 0.205678692 -0.041713758 0.000625830 0.999129048 102.081996719
0.999104844 0.000204911 0.042301927 5.457266565 -0.000181381 0.999999427 -0.000559970 0.206524036 -0.042302768 0.000551797 0.999104774 102.438811038
0.999107799 -0.002018878 0.042180673 5.508555521 0.001995583 0.999997116 0.000595135 0.209867269 -0.042182110 -0.000510432 0.999109837 103.156437100
0.999115538 -0.003712342 0.041901984 5.551763194 0.003692996 0.999992717 0.000538821 0.211177977 -0.041903740 -0.000383601 0.999121518 103.870066700
0.999103648 -0.004420664 0.042108823 5.574272225 0.004379213 0.999989245 0.001075415 0.212815796 -0.042113379 -0.000890071 0.999111973 104.227323637
0.999043789 -0.003411420 0.043595619 5.621951267 0.003388385 0.999993647 0.000602118 0.213359112 -0.043597275 -0.000453820 0.999048478 104.943178293
0.998970224 -0.002941651 0.045271143 5.672335317 0.002890222 0.999994575 0.001200654 0.215749878 -0.045274666 -0.001068594 0.998973704 105.660362144
0.998941030 -0.002502658 0.045937655 5.700218219 0.002425494 0.999994955 0.001734866 0.217322784 -0.045941113 -0.001621607 0.998942262 106.020286982
0.998941692 -0.002638078 0.045928480 5.747017541 0.002538611 0.999994038 0.002222304 0.219533503 -0.045933796 -0.002103375 0.998941963 106.735692796
0.998904194 -0.005325602 0.046500254 5.795584110 0.005183130 0.999980762 0.003182107 0.222561224 -0.046515427 -0.002937633 0.998912861 107.440805461
0.998885549 -0.005700289 0.046858157 5.818042692 0.005582727 0.999980785 0.002640599 0.222291152 -0.046871464 -0.002376060 0.998897975 107.786886900
0.998830389 -0.005337468 0.048065528 5.862094440 0.005274804 0.999984335 0.001431080 0.221566489 -0.048072205 -0.001175868 0.998842946 108.489785947
0.998813267 -0.003722823 0.048570119 5.907929200 0.003645414 0.999991985 0.001682261 0.223298746 -0.048575668 -0.001503194 0.998818048 109.182387695
0.998792844 -0.003830268 0.048973655 5.933985200 0.003735390 0.999990161 0.002026977 0.224528656 -0.048980565 -0.001841618 0.998798128 109.530243829
0.998825749 -0.003134790 0.048340462 5.976241577 0.003015539 0.999992086 0.002539349 0.226740833 -0.048348283 -0.002390619 0.998827301 110.221065871
0.998820205 -0.001681516 0.048539436 6.015783257 0.001521723 0.999992938 0.003328314 0.229437458 -0.048544434 -0.003250543 0.998815358 110.899372491
0.998796446 -0.000066072 0.049053538 6.037323112 -0.000098844 0.999994131 0.003359519 0.230116839 -0.049052372 -0.003360333 0.998790089 111.233826577
0.998804412 0.000187999 0.048877836 6.078640765 -0.000345978 0.999994001 0.003223587 0.231198572 -0.048876914 -0.003236653 0.998799882 111.913026530
0.998783462 0.000803110 0.049304765 6.124468988 -0.000955712 0.999994396 0.003071711 0.232250863 -0.049301525 -0.003115110 0.998778454 112.605629999
0.998793244 0.000864415 0.049113784 6.146041506 -0.001018576 0.999994692 0.003114014 0.232988227 -0.049110882 -0.003160288 0.998788293 112.951264265
0.998803873 -0.000389728 0.048896235 6.190970784 0.000254825 0.999995788 0.002765145 0.233708021 -0.048897200 -0.002749383 0.998800082 113.643423953
0.998765067 -0.002149125 0.049636069 6.249337260 0.001929986 0.999987624 0.004462231 0.237867367 -0.049645449 -0.004360903 0.998757467 114.331063953
0.998687115 -0.008554925 0.050508702 6.284380795 0.008233022 0.999943665 0.006578515 0.242222260 -0.050563036 -0.006154035 0.998701791 114.683358407
0.998660708 -0.011687196 0.050411048 6.340094057 0.011281176 0.999901733 0.008330930 0.246582041 -0.050503507 -0.007751074 0.998694109 115.380844358
0.998756975 -0.006688624 0.049397557 6.376936764 0.006373203 0.999957565 0.006539947 0.244719337 -0.049439647 -0.006217004 0.998757876 116.069008975
0.998737598 -0.004729331 0.050015005 6.398495727 0.004445574 0.999973405 0.005784717 0.244046771 -0.050040298 -0.005555067 0.998731593 116.414646809
0.998654759 -0.012111990 0.050408615 6.454049930 0.012034564 0.999925321 0.001839321 0.238541071 -0.050427113 -0.001230198 0.998726912 117.089797075
0.998654540 -0.013909221 0.049955452 6.504257158 0.014044752 0.999898456 -0.002362328 0.232558296 -0.049918292 0.003060752 0.998748133 117.773461137
0.998703724 -0.010455870 0.049818455 6.521388761 0.010566721 0.999941803 -0.001961260 0.233891046 -0.049794794 0.002485093 0.998756470 118.128051108
0.998620730 -0.004715095 0.052292110 6.571673141 0.005002095 0.999972536 -0.005360320 0.229254177 -0.052264914 0.005614531 0.998616942 118.834072417
0.998629296 -0.001858394 0.052308399 6.621943198 0.002366525 0.999950575 -0.009653971 0.223127381 -0.052288305 0.009764487 0.998583815 119.540097497
0.998682236 -0.002490557 0.051256190 6.648052530 0.002906009 0.999962621 -0.008033202 0.226565167 -0.051234377 0.008171619 0.998652570 119.899128370
0.998719875 -0.006308035 0.050187827 6.696708290 0.006498434 0.999971647 -0.003632412 0.235530577 -0.050163450 0.003953921 0.998733198 120.615406335
0.998670151 -0.006222500 0.051182777 6.751619274 0.006235924 0.999979884 -0.000102036 0.242933664 -0.051180961 0.000421078 0.998688833 121.334800614
0.998658995 -0.004964105 0.051529870 6.774174813 0.004903567 0.999987070 0.001302096 0.246069394 -0.051536262 -0.001047657 0.998670002 121.703234086
0.998668956 -0.006330123 0.051195090 6.823613965 0.006392427 0.999978344 -0.001053442 0.243347901 -0.051187164 0.001379341 0.998688496 122.419986252
0.998697845 -0.006786533 0.050570969 6.872079593 0.007106355 0.999955687 -0.006147658 0.235876144 -0.050527153 0.006499026 0.998701712 123.125125490
0.998732814 -0.006670180 0.049888064 6.897245565 0.007048265 0.999947734 -0.007407741 0.234361663 -0.049836159 0.007749977 0.998726969 123.483724273
0.998697812 -0.004507128 0.050826392 6.945902820 0.004858369 0.999965109 -0.006788098 0.236803370 -0.050794329 0.007026169 0.998684687 124.222379402
0.998709119 -0.007806970 0.050198109 6.998219499 0.007896655 0.999967070 -0.001589018 0.247194737 -0.050183466 0.001983408 0.998737892 124.962792903
0.998791575 -0.005293376 0.048867083 7.011871886 0.005244452 0.999985683 0.001128496 0.252643199 -0.048871640 -0.000870863 0.998804263 125.337954620
0.998856431 -0.003028570 0.047714172 7.057793028 0.002903025 0.999991640 0.002699861 0.256681313 -0.047721539 -0.002558265 0.998856887 126.052911186
0.998848582 -0.002523230 0.047920234 7.103662620 0.002564285 0.999995581 -0.000796446 0.252017846 -0.047918339 0.000918415 0.998850731 126.779070101
0.998853392 -0.003527868 0.047745556 7.127891001 0.003751179 0.999981964 -0.004587718 0.246151067 -0.047728126 0.004761550 0.998848651 127.137235277
0.998872302 -0.001336671 0.047463710 7.172814274 0.001775007 0.999955301 -0.009193349 0.239567196 -0.047448643 0.009267255 0.998830585 127.851774103
0.998869422 -0.001019453 0.047523724 7.217018618 0.001356046 0.999973785 -0.007050496 0.244696200 -0.047515116 0.007106962 0.998844725 128.588199316
0.998881017 -0.000849979 0.047282443 7.242236504 0.001095824 0.999985382 -0.005174356 0.248581449 -0.047277473 0.005220373 0.998867561 128.946784433
0.998909979 0.001769156 0.046645086 7.286500429 -0.001706628 0.999997280 -0.001380264 0.256568296 -0.046647569 0.001299151 0.998910892 129.694382740
0.998931459 0.006530339 0.045749345 7.323538180 -0.006480134 0.999977618 -0.001245562 0.258295343 -0.045756902 0.000947769 0.998952057 130.438439906
0.998923200 0.007983236 0.045708195 7.345146994 -0.007858004 0.999964722 -0.002918942 0.256128824 -0.045729727 0.002556618 0.998950551 130.806442175
0.998956581 0.007014583 0.045126842 7.390156745 -0.006740760 0.999957511 -0.006217116 0.251860810 -0.045168680 0.005906441 0.998961831 131.543335794
0.999023476 0.004113760 0.043982803 7.436185182 -0.003853461 0.999974195 -0.006001235 0.253700977 -0.044006628 0.005825892 0.999014245 132.303019230
0.999005987 0.003875795 0.044408446 7.458759733 -0.003639281 0.999977997 -0.005405486 0.255474761 -0.044428839 0.005238495 0.998998999 132.682636476
0.998938230 0.007728754 0.045425711 7.502881541 -0.007539114 0.999961815 -0.004344607 0.258697888 -0.045457766 0.003997523 0.998958068 133.396705858
0.998934659 0.006620054 0.045679164 7.550570655 -0.006344971 0.999960207 -0.006164568 0.256949304 -0.045718342 0.005868163 0.998936398 134.123746643
0.998963569 0.006234418 0.045097332 7.572195523 -0.005930669 0.999958745 -0.006866192 0.256452702 -0.045137633 0.006591610 0.998958622 134.491744685
0.998998587 0.004633368 0.044502896 7.616464234 -0.004426509 0.999978956 -0.004745595 0.261597676 -0.044523893 0.004543837 0.998997521 135.250530511
0.999021275 0.004135659 0.044045826 7.664318175 -0.004116565 0.999991108 -0.000524315 0.270314543 -0.044047107 0.000342475 0.999028975 135.999905462
0.999005293 0.004212862 0.044402854 7.686019256 -0.004279251 0.999989478 0.001400385 0.274405698 -0.044395483 -0.001589015 0.999012390 136.379072220
0.999002111 0.006443574 0.044191981 7.729351454 -0.006582626 0.999973728 0.003001968 0.278650218 -0.044171467 -0.003289877 0.999018831 137.126235375
0.999051940 0.007551522 0.042877465 7.770851922 -0.007652217 0.999968048 0.002184953 0.278709918 -0.042859483 -0.002510995 0.999077901 137.872519876
0.999073318 0.007738862 0.042345101 7.794272374 -0.007819690 0.999967355 0.001743558 0.278638322 -0.042329621 -0.002073072 0.999101567 138.241406089
0.999057455 0.006632700 0.042894286 7.838435957 -0.006699885 0.999975911 0.001422890 0.279527537 -0.042883796 -0.001708941 0.999078418 138.977842032
0.999011859 0.005839604 0.044055508 7.885315775 -0.005884966 0.999981928 0.000900352 0.280092296 -0.044048915 -0.001158739 0.999028959 139.726792992
0.999001274 0.005155579 0.044386048 7.910539888 -0.005213415 0.999984849 0.001187295 0.281285665 -0.044378375 -0.001417515 0.999013420 140.096565249
0.998985052 0.003172993 0.044942506 7.955710717 -0.003341304 0.999986837 0.003670232 0.287093121 -0.044930407 -0.003816678 0.998982338 140.855794021
0.998951274 0.002162659 0.045734723 8.004344921 -0.002385339 0.999984761 0.004814690 0.290476795 -0.045723382 -0.004918740 0.998941849 141.583266439
0.998954314 0.000603335 0.045723379 8.031337049 -0.000861924 0.999982852 0.005635680 0.292567162 -0.045719601 -0.005669193 0.998938038 141.942745345
0.998928566 -0.001312530 0.046270536 8.080801869 0.001090501 0.999987548 0.004824538 0.292515536 -0.046275832 -0.004768915 0.998917465 142.659490754
0.998962369 -0.001931871 0.045498259 8.123955899 0.001862475 0.999996824 0.001567303 0.288246522 -0.045501046 -0.001480946 0.998963185 143.373134475
