1.000000000 0.000000000 0.000000000 -0.000000000 -0.000000000 1.000000000 0.000000000 0.000000000 0.000000000 -0.000000000 1.000000000 0.000000000
0.999999252 0.000371809 0.000124123 0.006416326 -0.000371876 0.999999441 0.000585699 0.004155376 -0.000124597 -0.000585745 0.999999170 0.358388698
0.999998340 -0.001094113 -0.001344739 0.017907969 0.001099149 0.999992394 0.003735235 0.015973580 0.001340307 -0.003736681 0.999991147 1.085817825
0.999996427 -0.001723936 -0.001707948 0.028156690 0.001736292 0.999972292 0.007284984 0.028414395 0.001695549 -0.007287895 0.999971816 1.801098464
0.999996797 -0.000759497 -0.002110970 0.034699719 0.000776722 0.999966741 0.008173401 0.032884673 0.002105194 -0.008174994 0.999963914 2.136658350
0.999997396 0.000287049 -0.002069406 0.042895586 -0.000269734 0.999964662 0.008368050 0.039217028 0.002072012 -0.008367436 0.999962606 2.816538037
0.999997443 0.000843666 -0.002059233 0.054548975 -0.000830942 0.999980234 0.006181494 0.041415856 0.002063823 -0.006179740 0.999978099 3.498401129
0.999997373 0.001394637 -0.001701079 0.060566370 -0.001385660 0.999985441 0.005271883 0.042880642 0.001708618 -0.005269484 0.999984199 3.845157563
0.999996198 0.000520376 -0.002582858 0.070483576 -0.000510596 0.999992470 0.003792500 0.046316300 0.002584111 -0.003791144 0.999988700 4.526036369
0.999994806 -0.000228197 -0.003142307 0.078197003 0.000243829 0.999987528 0.004980700 0.054472777 0.003140632 -0.004981408 0.999982219 5.217069447
0.999994340 0.000057848 -0.003197099 0.083861075 -0.000040206 0.999985132 0.005523010 0.058346567 0.003196984 -0.005522815 0.999979639 5.552148046
0.999995499 0.000157482 -0.002961236 0.093447403 -0.000136953 0.999975596 0.006938338 0.066701028 0.002962013 -0.006937869 0.999971120 6.221326589
0.999996399 -0.001928813 -0.001652213 0.112269430 0.001942771 0.999962561 0.008466887 0.075136572 0.001635422 -0.008470033 0.999962372 6.884200880
0.999989046 -0.004043151 -0.002311996 0.116183637 0.004063431 0.999953271 0.008818470 0.078717315 0.002276069 -0.008827730 0.999957438 7.218308866
0.999970797 -0.007172921 -0.002315456 0.127120095 0.007193120 0.999935061 0.008833405 0.084584242 0.002250965 -0.008849762 0.999957592 7.876826563
0.999953103 -0.009430598 -0.002124596 0.144782979 0.009447928 0.999920980 0.008300676 0.089157683 0.002046028 -0.008320343 0.999962566 8.504766445
0.999943797 -0.010306012 -0.002139292 0.149675035 0.010321812 0.999918906 0.007504463 0.090540064 0.002060735 -0.007526038 0.999968896 8.816554694
0.999939804 -0.010703716 -0.001916751 0.162467672 0.010716349 0.999920648 0.006701720 0.094735124 0.001844675 -0.006721891 0.999974669 9.453234566
0.999899717 -0.013941137 -0.002303266 0.177882869 0.013954713 0.999885023 0.005971007 0.099119777 0.002219149 -0.006002558 0.999979036 10.091372593
0.999867778 -0.016007975 -0.002712025 0.188017991 0.016022019 0.999857838 0.005250944 0.100651361 0.002628197 -0.005293669 0.999982311 10.406079206
0.999844781 -0.017334408 -0.002999202 0.196936113 0.017346787 0.999841484 0.004147282 0.104269520 0.002925493 -0.004198617 0.999986529 11.029161461
0.999842399 -0.017610542 -0.001957915 0.211983322 0.017618158 0.999836827 0.003954985 0.109423307 0.001887825 -0.003988789 0.999989969 11.655636307
0.999836814 -0.017977327 -0.001723397 0.216887629 0.017984028 0.999830195 0.003948670 0.112175579 0.001651816 -0.003978931 0.999990184 11.967412314
0.999824590 -0.018542292 -0.002440213 0.228052096 0.018549431 0.999824033 0.002950884 0.115832538 0.002384660 -0.002995619 0.999991723 12.580297763
0.999788707 -0.020276450 -0.003239092 0.242833158 0.020282768 0.999792452 0.001932873 0.119290585 0.003199112 -0.001998106 0.999992479 13.172305458
0.999771021 -0.021088059 -0.003531624 0.248228580 0.021093377 0.999776582 0.001490474 0.121188657 0.003499653 -0.001564610 0.999992523 13.472919407
0.999758588 -0.021703323 -0.003209364 0.258147264 0.021705601 0.999764144 0.000704933 0.125148252 0.003193441 -0.000774415 0.999994074 14.073659228
0.999723768 -0.023210934 -0.003365689 0.271687284 0.023211813 0.999730861 0.000222081 0.129438893 0.003359137 -0.000300105 0.999993852 14.653516558
0.999716030 -0.023538216 -0.003491794 0.277580975 0.023537718 0.999723373 -0.000183379 0.131282701 0.003494530 0.000101179 0.999993360 14.942961301
0.999697905 -0.024303228 -0.003554541 0.287130954 0.024301574 0.999705089 -0.000509529 0.135931437 0.003565383 0.000423065 0.999992712 15.532038657
0.999694544 -0.024442527 -0.003564962 0.298074703 0.024444959 0.999701156 0.000629076 0.142972250 0.003547778 -0.000715998 0.999992811 16.110411561
0.999711557 -0.023697666 -0.003706172 0.302236325 0.023702396 0.999718129 0.001229236 0.146512852 0.003676341 -0.001316733 0.999991658 16.398867909
0.999737658 -0.022526492 -0.004055866 0.310156347 0.022529221 0.999745890 0.000639986 0.150423503 0.004040330 -0.000731159 0.999990526 16.964152629
0.999732757 -0.022704608 -0.004270143 0.312838221 0.022705779 0.999742030 0.000237306 0.154734908 0.004264092 -0.000334183 0.999990106 17.526514069
0.999725909 -0.023008505 -0.004140999 0.318859868 0.023009608 0.999734998 0.000210911 0.157033608 0.004134706 -0.000306118 0.999990289 17.793128749
0.999705794 -0.023886005 -0.004137774 0.332631920 0.023881889 0.999713963 -0.001037460 0.159564244 0.004160586 0.000938321 0.999989999 18.327349810
0.999719715 -0.023247947 -0.004342749 0.337154860 0.023233900 0.999725087 -0.003259253 0.160513917 0.004416611 0.003157453 0.999984591 18.867888526
0.999723113 -0.023299334 -0.003217580 0.347152596 0.023285254 0.999719408 -0.004337195 0.160894645 0.003317684 0.004261067 0.999985264 19.125297120
0.999697329 -0.024425592 -0.002965776 0.358913824 0.024406683 0.999682568 -0.006248084 0.162016447 0.003117147 0.006173871 0.999975825 19.624075232
0.999650044 -0.026182179 -0.003556716 0.366196938 0.026155289 0.999630378 -0.007400379 0.164690517 0.003748743 0.007304790 0.999966062 20.143232389
0.999632748 -0.026805484 -0.003797274 0.370089911 0.026775275 0.999611530 -0.007809802 0.166255400 0.004004075 0.007705387 0.999961400 20.397224086
0.999617485 -0.027525664 -0.002291847 0.386732297 0.027504702 0.999583503 -0.008726862 0.168975485 0.002530444 0.008660586 0.999958718 20.887251306
0.999632398 -0.026944462 -0.002653549 0.392396005 0.026918281 0.999592632 -0.009443349 0.172091376 0.002906364 0.009368487 0.999951523 21.382605284
0.999642238 -0.026616079 -0.002523994 0.394542153 0.026590170 0.999597963 -0.009804763 0.173703183 0.002783621 0.009734143 0.999948584 21.635623329
0.999656120 -0.026026563 -0.002933914 0.401719717 0.025998566 0.999620093 -0.009186707 0.178786113 0.003171631 0.009107365 0.999953195 22.097450656
0.999710705 -0.023805172 -0.003175328 0.403273080 0.023775839 0.999677435 -0.008984321 0.183019092 0.003388657 0.008906213 0.999954423 22.544709572
0.999716226 -0.023628413 -0.002923140 0.407787089 0.023600264 0.999678702 -0.009296526 0.184404649 0.003141186 0.009224901 0.999951566 22.764707182
0.999706868 -0.023957817 -0.003242291 0.415065869 0.023924127 0.999663448 -0.010066605 0.186952709 0.003482904 0.009986051 0.999943634 23.203731162
0.999686274 -0.024627567 -0.004404808 0.421616541 0.024585734 0.999654394 -0.009309126 0.191918969 0.004632160 0.009197919 0.999946079 23.619420918
0.999693384 -0.024396191 -0.004167176 0.424894336 0.024358993 0.999665477 -0.008759447 0.194677076 0.004379417 0.008655247 0.999952882 23.827263339
0.999712664 -0.023667133 -0.003642315 0.434920413 0.023632711 0.999678223 -0.009221198 0.197509649 0.003858798 0.009132481 0.999950593 24.244918628
0.999719727 -0.023251409 -0.004242921 0.436310098 0.023202848 0.999668650 -0.011152783 0.197652007 0.004500617 0.011051309 0.999927975 24.634905795
0.999724048 -0.023030086 -0.004534316 0.436076628 0.022975680 0.999667580 -0.011707984 0.198534121 0.004801531 0.011600679 0.999921065 24.840818514
0.999684416 -0.024684082 -0.004637430 0.444850663 0.024625021 0.999619460 -0.012400596 0.200969386 0.004941950 0.012282592 0.999912190 25.246334430
0.999635351 -0.026564839 -0.004831601 0.453630421 0.026501518 0.999568068 -0.012727832 0.204044599 0.005166678 0.012595212 0.999907038 25.651844626
0.999634876 -0.026627033 -0.004552617 0.454771225 0.026565434 0.999561072 -0.013106795 0.205138964 0.004898797 0.012981133 0.999902865 25.847072375
0.999598292 -0.027990002 -0.004211353 0.465043733 0.027930974 0.999519550 -0.013472601 0.207821405 0.004585819 0.013349644 0.999900003 26.219077008
0.999589805 -0.028347056 -0.003947923 0.472332129 0.028293549 0.999515505 -0.012992454 0.211803330 0.004313897 0.012875391 0.999907262 26.577953872
0.999586179 -0.028427124 -0.004325886 0.473607148 0.028370764 0.999518352 -0.012570210 0.214052531 0.004680557 0.012442339 0.999910648 26.750345302
0.999600699 -0.027794575 -0.004924691 0.475278945 0.027733826 0.999543503 -0.012002371 0.218034438 0.005256148 0.011861011 0.999914919 27.094646161
0.999618064 -0.027081661 -0.005410654 0.477949069 0.027019397 0.999571442 -0.011263110 0.222107801 0.005713058 0.011112628 0.999921276 27.416606820
0.999629380 -0.026726437 -0.005027454 0.478843669 0.026669077 0.999582292 -0.011141696 0.223736247 0.005322430 0.011003548 0.999924688 27.577347490
0.999646485 -0.026053320 -0.005163805 0.480999159 0.025992513 0.999595559 -0.011509446 0.226034020 0.005461572 0.011371199 0.999920253 27.910493708
0.999640392 -0.026283712 -0.005278956 0.485774349 0.026219045 0.999584715 -0.011972408 0.228201411 0.005591251 0.011829704 0.999914070 28.245100940
0.999623985 -0.026807659 -0.005641088 0.489283730 0.026736995 0.999567841 -0.012258341 0.229149519 0.005967553 0.012102914 0.999908656 28.407307538
0.999640443 -0.026124100 -0.005898173 0.488921721 0.026040385 0.999564984 -0.013856971 0.229152795 0.006257721 0.013698398 0.999886155 28.716188412
0.999673263 -0.024642980 -0.006740345 0.488299110 0.024533358 0.999572781 -0.015887921 0.228080282 0.007129210 0.015717377 0.999850564 28.990596594
0.999682955 -0.024096037 -0.007211548 0.489303422 0.023973898 0.999575876 -0.016565384 0.228123782 0.007607164 0.016387277 0.999836781 29.128525429
0.999718820 -0.022550261 -0.007259713 0.489809686 0.022417517 0.999588821 -0.017871868 0.227887594 0.007659105 0.017704179 0.999813254 29.357760757
0.999732624 -0.022329612 -0.005934242 0.495668012 0.022207023 0.999554004 -0.019985370 0.226135669 0.006377300 0.019848280 0.999781935 29.567103330
0.999726344 -0.022635574 -0.005801746 0.498166774 0.022511503 0.999533486 -0.020627716 0.225976381 0.006265393 0.020491486 0.999769662 29.671524904
0.999732768 -0.022506455 -0.005242058 0.504557977 0.022395068 0.999540586 -0.020418935 0.228039884 0.005698216 0.020296123 0.999777439 29.869663690
0.999731792 -0.022694460 -0.004533124 0.509846149 0.022603168 0.999559012 -0.019255948 0.232156831 0.004967860 0.019148279 0.999803554 30.112949506
0.999725780 -0.022931501 -0.004680738 0.512738475 0.022840090 0.999564294 -0.018718797 0.234088180 0.005107742 0.018606809 0.999813448 30.229008705
0.999738329 -0.022367253 -0.004631858 0.514275658 0.022278729 0.999583048 -0.018356540 0.237229206 0.005040122 0.018248527 0.999820751 30.516008774
0.999775430 -0.020623119 -0.004663765 0.515561718 0.020537058 0.999630512 -0.017795121 0.240354357 0.005028935 0.017695361 0.999830652 30.768526678
0.999810297 -0.019012901 -0.004210871 0.519330139 0.018938493 0.999675677 -0.017057685 0.242562220 0.004533717 0.016974681 0.999844850 30.885070022
0.999856692 -0.016471912 -0.003679349 0.520997781 0.016410601 0.999735652 -0.016107798 0.246438115 0.003943379 0.016045098 0.999863256 31.149237526
0.999865690 -0.015842574 -0.004050059 0.521788076 0.015778290 0.999756016 -0.015438453 0.249897507 0.004292603 0.015372529 0.999871822 31.412922135
0.999868935 -0.015505481 -0.004430543 0.526431340 0.015439084 0.999773873 -0.014644992 0.252241896 0.004656294 0.014574643 0.999882374 31.529950875
0.999875418 -0.015168456 -0.004167166 0.531233405 0.015114542 0.999805535 -0.012700141 0.257772998 0.004358774 0.012635556 0.999910430 31.784393745
0.999875634 -0.015337588 -0.003646630 0.536404711 0.015295915 0.999820682 -0.011196702 0.262674954 0.003817192 0.011139619 0.999929894 32.050498545
0.999876391 -0.015205358 -0.003889253 0.533928520 0.015161825 0.999824511 -0.010977402 0.264282187 0.004055299 0.010917072 0.999931358 32.186466940
0.999884269 -0.014713688 -0.003779182 0.539315673 0.014670131 0.999828142 -0.011312637 0.265614284 0.003945187 0.011255908 0.999928649 32.406951644
0.999894361 -0.014115577 -0.003337029 0.544332959 0.014077175 0.999837475 -0.011268271 0.267505532 0.003495437 0.011220209 0.999930483 32.615775044
0.999895007 -0.014062756 -0.003223799 0.548589276 0.014025741 0.999838558 -0.011216775 0.268499224 0.003380893 0.011170398 0.999931020 32.721159547
0.999893546 -0.014275859 -0.002897638 0.552238548 0.014243353 0.999838171 -0.010956334 0.270878166 0.003054231 0.010913875 0.999935069 32.940661664
0.999886756 -0.014643549 -0.003209202 0.557643765 0.014610346 0.999841980 -0.010124707 0.274230102 0.003356713 0.010076770 0.999943413 33.161128318
0.999897978 -0.013895998 -0.003208363 0.558786227 0.013864168 0.999856949 -0.009747656 0.275868403 0.003343586 0.009702161 0.999946646 33.276216903
0.999925553 -0.011822144 -0.002732393 0.558070047 0.011796272 0.999887410 -0.009287924 0.278544642 0.002841680 0.009255047 0.999952377 33.493283281
0.999946686 -0.009990772 -0.002599842 0.558345220 0.009966681 0.999908571 -0.009117581 0.280532400 0.002690031 0.009091174 0.999954009 33.688016429
0.999951677 -0.009373032 -0.002975156 0.557855756 0.009345301 0.999913706 -0.009193138 0.281212634 0.003060911 0.009164914 0.999953207 33.779314344
0.999958185 -0.008476240 -0.003325185 0.560866958 0.008444441 0.999919179 -0.009472370 0.282225005 0.003404473 0.009443881 0.999948718 33.952690059
0.999962041 -0.008205808 -0.002804623 0.566992998 0.008177352 0.999916737 -0.010024100 0.282702758 0.002886042 0.010000821 0.999945286 34.116360710
0.999965102 -0.008014748 -0.002327523 0.566498795 0.007990062 0.999913583 -0.010417520 0.282853035 0.002410703 0.010398626 0.999942916 34.207663361
0.999969927 -0.007249737 -0.002465146 0.568749785 0.007221472 0.999910424 -0.011276345 0.282693891 0.002546576 0.011258306 0.999933159 34.357736930
0.999973129 -0.006816772 -0.002621045 0.570504741 0.006784798 0.999905170 -0.012017090 0.282838992 0.002702110 0.011998999 0.999924171 34.518977472
0.999974213 -0.006736692 -0.002500282 0.573131547 0.006705613 0.999902576 -0.012253613 0.283144595 0.002582472 0.012236531 0.999921465 34.600568893
0.999973940 -0.006734957 -0.002381157 0.578259260 0.006703491 0.999893048 -0.012978821 0.283530892 0.002467875 0.012962601 0.999912056 34.786579743
0.999967643 -0.007758746 -0.001979590 0.580272851 0.007731497 0.999880174 -0.013422890 0.284531800 0.002083740 0.013407111 0.999907240 34.982294943
0.999962209 -0.008382117 -0.002141926 0.581907143 0.008352518 0.999875044 -0.013458647 0.285395895 0.002254085 0.013440244 0.999906606 35.086220755
0.999953019 -0.009305741 -0.002619510 0.585672923 0.009269365 0.999865203 -0.013565906 0.286949830 0.002745619 0.013540987 0.999904227 35.282904245
0.999944850 -0.010118446 -0.002647147 0.590422454 0.010079125 0.999844382 -0.014454039 0.286965353 0.002792761 0.014426576 0.999892035 35.457262102
0.999941740 -0.010434175 -0.002555120 0.593917485 0.010394558 0.999832517 -0.015048491 0.286667540 0.002712229 0.015021065 0.999882884 35.539345531
0.999936546 -0.010865172 -0.002608299 0.594797598 0.010822345 0.999814899 -0.015892902 0.286676115 0.002780080 0.015863716 0.999869594 35.700100676
0.999935505 -0.011043572 -0.002527128 0.599299404 0.011000717 0.999804910 -0.016386734 0.287055732 0.002707188 0.016357923 0.999862153 35.839972973
0.999936201 -0.010940278 -0.002553396 0.600680606 0.010897024 0.999806834 -0.016369697 0.287683970 0.002731914 0.016340909 0.999862166 35.909418587
0.999940327 -0.010496993 -0.002848190 0.601701015 0.010450082 0.999817541 -0.015998880 0.289527327 0.003015173 0.015968250 0.999867949 36.047331338
0.999945014 -0.009907726 -0.003271426 0.600594806 0.009854580 0.999826016 -0.015860780 0.290866849 0.003427879 0.015827699 0.999868388 36.172619051
0.999946050 -0.009772055 -0.003266007 0.603845958 0.009719280 0.999828245 -0.015797715 0.291363097 0.003418892 0.015765181 0.999869384 36.220213078
0.999949253 -0.009647717 -0.002791170 0.605977536 0.009602297 0.999827804 -0.015867867 0.292062937 0.002943798 0.015840283 0.999869267 36.312970667
0.999949631 -0.009718145 -0.002231529 0.609475787 0.009680541 0.999820922 -0.016253144 0.292125095 0.002388861 0.016230774 0.999864680 36.395050880
0.999950641 -0.009717697 -0.001978891 0.612350633 0.009684376 0.999821748 -0.016231695 0.292460552 0.002136380 0.016211666 0.999865444 36.430990038
0.999953024 -0.009472116 -0.002040451 0.612477467 0.009437069 0.999818352 -0.016545212 0.292431502 0.002196098 0.016525139 0.999860702 36.488298601
0.999953751 -0.009255425 -0.002152492 0.612603497 0.009217747 0.999814671 -0.016910201 0.292312460 0.002308306 0.016889607 0.999853744 36.545607970
0.999954578 -0.009198845 -0.002243053 0.614225764 0.009159144 0.999811847 -0.017099235 0.292190613 0.002398873 0.017077879 0.999850576 36.569408290
0.999954216 -0.009310021 -0.002088679 0.617099359 0.009272811 0.999809405 -0.017161121 0.292386081 0.002248272 0.017140993 0.999850424 36.605348698
0.999953605 -0.009341514 -0.002027598 0.615229587 0.009305280 0.999808999 -0.017195579 0.292538070 0.002187953 0.017175886 0.999849439 36.627200105
0.999952854 -0.009362940 -0.002078012 0.618601451 0.009325742 0.999808479 -0.017228432 0.292679274 0.002238763 0.017208261 0.999849290 36.651971307
0.999953193 -0.009381402 -0.002093978 0.619353257 0.009343983 0.999808485 -0.017210788 0.292910863 0.002254724 0.017190422 0.999849309 36.675281853
0.999951858 -0.009468717 -0.002217070 0.621096862 0.009428631 0.999803324 -0.017442547 0.292503967 0.002381015 0.017420834 0.999844643 36.676258722
0.999948902 -0.009771932 -0.002133573 0.622826249 0.009730487 0.999779589 -0.018623673 0.290507198 0.002314495 0.018602045 0.999824024 36.677249798
0.999945931 -0.010060265 -0.002312448 0.621054743 0.010011427 0.999745516 -0.020232383 0.287794343 0.002514986 0.020208150 0.999792568 36.676300808
0.999943576 -0.010293109 -0.002490928 0.625042726 0.010239835 0.999737061 -0.020510365 0.287206265 0.002701668 0.020483813 0.999786312 36.667082838
0.999942579 -0.010307007 -0.002746220 0.624169761 0.010248619 0.999737800 -0.020469976 0.287279724 0.002956270 0.020440689 0.999786643 36.666595565
0.999945249 -0.009986148 -0.002904820 0.627292380 0.009925502 0.999746473 -0.020195490 0.287615036 0.003105348 0.020165625 0.999791785 36.656882727
0.999945703 -0.009934307 -0.003013651 0.627291307 0.009871174 0.999745630 -0.020265844 0.287495046 0.003215108 0.020235037 0.999789382 36.656883799
0.999947365 -0.009749337 -0.003142201 0.626412171 0.009682481 0.999740229 -0.020630596 0.286878559 0.003342293 0.020599146 0.999781237 36.656402692
0.999946986 -0.009695672 -0.003141531 0.626412618 0.009628964 0.999741467 -0.020598890 0.286928555 0.003340538 0.020567547 0.999782314 36.656402245
0.999946864 -0.009777498 -0.003199374 0.626414228 0.009709893 0.999743266 -0.020495448 0.287108541 0.003398870 0.020463219 0.999784142 36.656400637
0.999945513 -0.009848131 -0.003372322 0.626414765 0.009777160 0.999742545 -0.020457794 0.287168536 0.003572328 0.020423771 0.999784588 36.656400100
0.999945297 -0.009793784 -0.003386445 0.627286925 0.009722186 0.999741877 -0.020549393 0.287005085 0.003586710 0.020515296 0.999782575 36.656888177
0.999945596 -0.009753695 -0.003402428 0.627286388 0.009681620 0.999740864 -0.020587957 0.286945090 0.003602323 0.020553896 0.999782223 36.656888714
0.999946241 -0.009747163 -0.003456975 0.628159979 0.009673999 0.999741761 -0.020583475 0.286941626 0.003656592 0.020548936 0.999781540 36.657375361
0.999945812 -0.009753698 -0.003457690 0.628159443 0.009680410 0.999740146 -0.020620080 0.286881631 0.003657408 0.020585499 0.999780507 36.657375897
0.999945246 -0.009781511 -0.003484110 0.629033033 0.009707667 0.999740392 -0.020620143 0.286878167 0.003685332 0.020585229 0.999780673 36.657862544
0.999944893 -0.009791648 -0.003524127 0.633898452 0.009716926 0.999739672 -0.020641689 0.286716591 0.003725073 0.020606380 0.999780433 36.649127379
0.999945745 -0.009771376 -0.003551934 0.634772848 0.009696259 0.999741029 -0.020590227 0.286803119 0.003752165 0.020554691 0.999781400 36.649613222
0.999945196 -0.009756416 -0.003571307 0.634772580 0.009680836 0.999741035 -0.020606058 0.286773122 0.003771534 0.020570350 0.999781132 36.649613490
0.999945696 -0.009748042 -0.003648746 0.635646171 0.009670819 0.999740979 -0.020608872 0.286769658 0.003848650 0.020572497 0.999780392 36.650100138
0.999944419 -0.009782881 -0.003673907 0.635645992 0.009705158 0.999740388 -0.020620149 0.286749660 0.003873791 0.020583435 0.999780271 36.650100316
0.999944501 -0.009782493 -0.003681552 0.635645813 0.009704529 0.999740454 -0.020627988 0.286729661 0.003881858 0.020591206 0.999779556 36.650100495
0.999945378 -0.009734512 -0.003723026 0.636519762 0.009655786 0.999740825 -0.020605909 0.286766194 0.003923091 0.020568817 0.999780188 36.650586785
0.999945343 -0.009711350 -0.003740402 0.636519941 0.009632331 0.999741510 -0.020593849 0.286786192 0.003939425 0.020556753 0.999780643 36.650586606
0.999945943 -0.009671044 -0.003750548 0.637393800 0.009591902 0.999742001 -0.020577058 0.286812726 0.003948335 0.020540047 0.999780482 36.651072986
0.999946187 -0.009666303 -0.003754266 0.637393531 0.009587031 0.999742081 -0.020590922 0.286782729 0.003951972 0.020553791 0.999780894 36.651073254
0.999945809 -0.009644929 -0.003748483 0.638267033 0.009565783 0.999741936 -0.020595876 0.286769265 0.003946334 0.020558944 0.999780750 36.651559990
0.999945893 -0.009619224 -0.003732006 0.638266854 0.009540330 0.999741842 -0.020610933 0.286749267 0.003929564 0.020574179 0.999779834 36.651560169
0.999946795 -0.009592133 -0.003746762 0.638266049 0.009512751 0.999741078 -0.020664410 0.286659274 0.003944187 0.020627629 0.999779228 36.651560973
0.999946888 -0.009584995 -0.003773439 0.638265423 0.009504886 0.999740369 -0.020704290 0.286589280 0.003970678 0.020667331 0.999777516 36.651561599
0.999945981 -0.009595507 -0.003795419 0.639138925 0.009514994 0.999740488 -0.020707390 0.286575817 0.003992927 0.020670174 0.999777908 36.652048336
0.999946548 -0.009585342 -0.003810610 0.639139104 0.009504425 0.999740337 -0.020700749 0.286595815 0.004008272 0.020663475 0.999778512 36.652048157
0.999946122 -0.009579248 -0.003799998 0.639139640 0.009498724 0.999740967 -0.020665343 0.286655810 0.003996666 0.020628168 0.999778207 36.652047621
0.999946278 -0.009550156 -0.003781967 0.640013499 0.009470151 0.999742550 -0.020647498 0.286682344 0.003977690 0.020610580 0.999778844 36.652534000
0.999947166 -0.009544054 -0.003730224 0.640013052 0.009464988 0.999741724 -0.020672568 0.286632348 0.003926742 0.020636199 0.999778251 36.652534447
0.999947366 -0.009528029 -0.003694258 0.640887090 0.009449850 0.999742362 -0.020647675 0.286678880 0.003889288 0.020611689 0.999779621 36.653020647
0.999947078 -0.009508658 -0.003706798 0.640887001 0.009430164 0.999742198 -0.020648764 0.286668881 0.003901994 0.020612751 0.999779520 36.653020737
0.999947568 -0.009507343 -0.003695467 0.640887269 0.009429160 0.999743025 -0.020630661 0.286698879 0.003890833 0.020594698 0.999779856 36.653020469
0.999948166 -0.009409534 -0.003686327 0.640886822 0.009331439 0.999743438 -0.020662247 0.286648882 0.003878789 0.020626850 0.999779663 36.653020915
0.999948442 -0.009462730 -0.003688559 0.640886822 0.009384577 0.999742910 -0.020662028 0.286648882 0.003882782 0.020626418 0.999779562 36.653020915
0.999947857 -0.009467798 -0.003721481 0.641759966 0.009388786 0.999742239 -0.020694142 0.286595423 0.003916740 0.020658176 0.999778842 36.653508009
0.999948020 -0.009465440 -0.003727684 0.641759161 0.009386136 0.999740691 -0.020747205 0.286505430 0.003922592 0.020711139 0.999777270 36.653508814
0.999947911 -0.009438676 -0.003706342 0.641759698 0.009360033 0.999742092 -0.020706584 0.286565425 0.003899999 0.020670851 0.999778290 36.653508278
0.999948911 -0.009292774 -0.003727615 0.641759161 0.009213589 0.999742084 -0.020739506 0.286505430 0.003919766 0.020704040 0.999777201 36.653508814
0.999948464 -0.009382319 -0.003713782 0.642632752 0.009303285 0.999741940 -0.020745832 0.286501966 0.003906821 0.020710257 0.999776981 36.653995461
0.999948283 -0.009361985 -0.003714182 0.642632841 0.009282987 0.999741673 -0.020736220 0.286511965 0.003907003 0.020700753 0.999777769 36.653995372
0.999947881 -0.009387437 -0.003746944 0.642632663 0.009307694 0.999741023 -0.020750337 0.286491967 0.003940778 0.020714402 0.999776888 36.653995550
0.999949305 -0.009346556 -0.003718978 0.642633110 0.009267514 0.999742377 -0.020718472 0.286541963 0.003911222 0.020683008 0.999778285 36.653995104
0.999949564 -0.009308315 -0.003706158 0.642632752 0.009229492 0.999742233 -0.020740493 0.286501966 0.003898158 0.020705226 0.999777719 36.653995461
0.999949035 -0.009305096 -0.003718003 0.643506879 0.009226196 0.999742905 -0.020707076 0.286558497 0.003909357 0.020671752 0.999778670 36.654481572
0.999949092 -0.009263268 -0.003758742 0.643506790 0.009183456 0.999743571 -0.020711720 0.286548498 0.003950049 0.020676153 0.999777793 36.654481662
0.999949306 -0.009298449 -0.003759766 0.643506522 0.009218574 0.999743035 -0.020728615 0.286518500 0.003951970 0.020692967 0.999777457 36.654481930
0.999949016 -0.009302793 -0.003787111 0.643506432 0.009222321 0.999742121 -0.020734273 0.286508501 0.003979230 0.020698230 0.999777186 36.654482019
0.999948797 -0.009311889 -0.003794273 0.643506522 0.009231282 0.999742176 -0.020731304 0.286518500 0.003985852 0.020695223 0.999777735 36.654481930
0.999949924 -0.009237982 -0.003765376 0.643506075 0.009157905 0.999742764 -0.020758571 0.286468504 0.003956593 0.020723103 0.999777039 36.654482376
0.999949142 -0.009299345 -0.003744058 0.644380292 0.009219831 0.999742973 -0.020720649 0.286535035 0.003935834 0.020685142 0.999778083 36.654968398
0.999950156 -0.009239741 -0.003751912 0.644380560 0.009160171 0.999744235 -0.020697478 0.286565032 0.003941808 0.020662117 0.999777964 36.654968130
0.999949512 -0.009252643 -0.003738124 0.644380470 0.009173360 0.999743453 -0.020708904 0.286555033 0.003928674 0.020673601 0.999777790 36.654968220
0.999949721 -0.009203712 -0.003764753 0.644380918 0.009123987 0.999744736 -0.020677757 0.286605029 0.003954662 0.020642342 0.999778551 36.654967773
0.999950209 -0.009229625 -0.003788327 0.644380292 0.009149199 0.999743326 -0.020718159 0.286535035 0.003978623 0.020682418 0.999777429 36.654968398
0.999949638 -0.009208972 -0.003788687 0.644380470 0.009128592 0.999744016 -0.020703948 0.286555033 0.003977447 0.020668384 0.999778176 36.654968220
0.999949598 -0.009207854 -0.003808708 0.644379844 0.009126876 0.999743406 -0.020748985 0.286485039 0.003998054 0.020713203 0.999776809 36.654968845
0.999949769 -0.009185172 -0.003821221 0.645253435 0.009103979 0.999743186 -0.020747074 0.286481575 0.004009915 0.020711301 0.999776681 36.655455492
0.999949907 -0.009133673 -0.003808241 0.645252541 0.009052558 0.999742251 -0.020805605 0.286381583 0.003996971 0.020770107 0.999775567 36.655456386
0.999950855 -0.009090895 -0.003760367 0.645252541 0.009010806 0.999742886 -0.020806930 0.286381583 0.003947711 0.020772062 0.999775923 36.655456386
0.999950848 -0.009084972 -0.003799744 0.645253435 0.009004254 0.999744285 -0.020745861 0.286481575 0.003986719 0.020710663 0.999777179 36.655455492
0.999950795 -0.009103096 -0.003813429 0.645252988 0.009021986 0.999743726 -0.020777344 0.286431579 0.004001325 0.020741900 0.999776863 36.655455939
0.999951686 -0.009004450 -0.003795665 0.645252541 0.008923603 0.999744056 -0.020800516 0.286381583 0.003982585 0.020765706 0.999775633 36.655456386
0.999952147 -0.009008223 -0.003766919 0.645251915 0.008927835 0.999742486 -0.020844582 0.286311589 0.003953020 0.020809988 0.999775087 36.655457011
0.999951769 -0.008977102 -0.003770318 0.645252273 0.008896658 0.999744013 -0.020822749 0.286351585 0.003955532 0.020788266 0.999775179 36.655456654
0.999952707 -0.008958670 -0.003746676 0.645252988 0.008878930 0.999744422 -0.020774747 0.286431579 0.003931117 0.020740488 0.999776233 36.655455939
0.999952806 -0.008926612 -0.003747859 0.645252452 0.008846741 0.999744446 -0.020809440 0.286371584 0.003932765 0.020775287 0.999776056 36.655456475
0.999953345 -0.008898770 -0.003741037 0.645252631 0.008819069 0.999745079 -0.020795999 0.286391582 0.003925437 0.020762053 0.999776235 36.655456297
0.999952872 -0.008857224 -0.003744050 0.646125595 0.008777393 0.999744099 -0.020839785 0.286318124 0.003928043 0.020805928 0.999775166 36.655943569
0.999953315 -0.008829858 -0.003810123 0.646124969 0.008748465 0.999744166 -0.020875104 0.286248129 0.003992799 0.020840746 0.999774342 36.655944195
0.999952561 -0.008900732 -0.003828503 0.646124969 0.008818960 0.999742818 -0.020877539 0.286248129 0.004013148 0.020842841 0.999774440 36.655944195
0.999953060 -0.008874991 -0.003793133 0.646124969 0.008793931 0.999743577 -0.020875953 0.286248129 0.003977142 0.020841600 0.999774659 36.655944195
0.999952826 -0.008874318 -0.003818406 0.646125506 0.008792857 0.999744296 -0.020845322 0.286308125 0.004002211 0.020810828 0.999775037 36.655943659
0.999953365 -0.008807987 -0.003845665 0.646125506 0.008725973 0.999744669 -0.020841481 0.286308125 0.004027482 0.020807016 0.999774682 36.655943659
0.999953340 -0.008801918 -0.003894580 0.646125238 0.008718813 0.999744765 -0.020858851 0.286278127 0.004076792 0.020823904 0.999774007 36.655943927
0.999952986 -0.008826364 -0.003885762 0.646125059 0.008743452 0.999744102 -0.020872026 0.286258129 0.004069383 0.020837083 0.999774523 36.655944106
0.999952506 -0.008876965 -0.003856205 0.646125148 0.008794596 0.999743525 -0.020868787 0.286268128 0.004039786 0.020833862 0.999774915 36.655944016
0.999952205 -0.008897607 -0.003856168 0.646125148 0.008815307 0.999743672 -0.020864587 0.286268128 0.004040474 0.020829574 0.999774877 36.655944016
0.999952503 -0.008849222 -0.003891535 0.646125148 0.008766104 0.999744251 -0.020865873 0.286268128 0.004074523 0.020830874 0.999774656 36.655944016
0.999952961 -0.008846027 -0.003889913 0.646124791 0.008762892 0.999743447 -0.020890998 0.286228131 0.004073678 0.020856018 0.999773620 36.655944374
0.999953058 -0.008821783 -0.003872958 0.646124701 0.008738940 0.999743275 -0.020895847 0.286218132 0.004056894 0.020861053 0.999773973 36.655944463
0.999954119 -0.008722801 -0.003872659 0.646124344 0.008639899 0.999743580 -0.020916758 0.286178135 0.004054284 0.020882413 0.999773286 36.655944820
0.999954097 -0.008739557 -0.003855652 0.646124344 0.008657055 0.999743722 -0.020915807 0.286178135 0.004038007 0.020881434 0.999773587 36.655944820
0.999954501 -0.008715994 -0.003833390 0.646997666 0.008633940 0.999743690 -0.020935517 0.286144674 0.004014514 0.020901428 0.999772525 36.656431736
0.999954709 -0.008670676 -0.003810699 0.646997398 0.008589026 0.999743424 -0.020950619 0.286114676 0.003991215 0.020917058 0.999772782 36.656432004
0.999954272 -0.008677681 -0.003822252 0.646997577 0.008595830 0.999744382 -0.020939112 0.286134674 0.004002324 0.020905359 0.999773055 36.656431825
0.999954643 -0.008673930 -0.003883054 0.646998560 0.008591071 0.999745757 -0.020873457 0.286244666 0.004063269 0.020839088 0.999773761 36.656430842
0.999954276 -0.008716220 -0.003858334 0.646998829 0.008633866 0.999744990 -0.020857068 0.286274663 0.004039574 0.020822869 0.999774710 36.656430574
0.999953745 -0.008765805 -0.003858673 0.646998113 0.008683286 0.999743869 -0.020906085 0.286194670 0.004040880 0.020871620 0.999772914 36.656431289
0.999953367 -0.008754096 -0.003845077 0.646997577 0.008671765 0.999743060 -0.020939009 0.286134674 0.004027093 0.020904711 0.999772932 36.656431825
0.999953955 -0.008741578 -0.003830005 0.646997308 0.008659420 0.999743128 -0.020958950 0.286104677 0.004011565 0.020924848 0.999772447 36.656432093
0.999953791 -0.008713646 -0.003838953 0.646997308 0.008631294 0.999742891 -0.020960374 0.286104677 0.004019879 0.020926329 0.999772062 36.656432093
0.999954205 -0.008695982 -0.003846795 0.646996861 0.008613354 0.999742999 -0.020990111 0.286054681 0.004027228 0.020956085 0.999771542 36.656432540
0.999954710 -0.008661071 -0.003889069 0.646996414 0.008577522 0.999742900 -0.021014337 0.286004685 0.004069218 0.020979997 0.999771227 36.656432987
0.999954027 -0.008727272 -0.003894518 0.646996325 0.008643504 0.999741598 -0.021026395 0.285994685 0.004077078 0.020991792 0.999770649 36.656433076
0.999952814 -0.008777342 -0.003900011 0.646996057 0.008693378 0.999741193 -0.021043252 0.285964688 0.004083721 0.021008325 0.999770114 36.656433344
0.999953392 -0.008773291 -0.003876036 0.646995699 0.008689761 0.999740370 -0.021066868 0.285924691 0.004060054 0.021032228 0.999770060 36.656433702
0.999953908 -0.008763697 -0.003863735 0.646996146 0.008680537 0.999741029 -0.021038070 0.285974687 0.004046733 0.021003564 0.999770787 36.656433255
0.999953538 -0.008744107 -0.003869649 0.647872151 0.008661480 0.999744382 -0.020873272 0.286241202 0.004051371 0.020838825 0.999774357 36.656917490
0.999953850 -0.008726084 -0.003880229 0.647872509 0.008643361 0.999745018 -0.020850569 0.286281198 0.004060955 0.020816115 0.999775017 36.656917132
0.999953737 -0.008756840 -0.003877531 0.647871704 0.008673950 0.999743800 -0.020907508 0.286191206 0.004059321 0.020872951 0.999773878 36.656917936
0.999953031 -0.008843287 -0.003886619 0.647869647 0.008759572 0.999739794 -0.021044566 0.285961224 0.004071473 0.021009618 0.999770723 36.656919992
0.999953357 -0.008757465 -0.003861599 0.646992301 0.008673349 0.999736216 -0.021289059 0.285544721 0.004047671 0.021254598 0.999765167 36.656437097
0.999954322 -0.008745376 -0.003844720 0.651851639 0.008659913 0.999726930 -0.021716722 0.284703200 0.004033513 0.021682499 0.999756481 36.647708008
0.999953945 -0.008707420 -0.003879348 0.650948985 0.008613357 0.999683786 -0.023641759 0.281456923 0.004083176 0.023607275 0.999712472 36.647250401
0.999955637 -0.008525429 -0.003927000 0.649164244 0.008419911 0.999623439 -0.026135384 0.277264186 0.004148627 0.026101212 0.999650805 36.646314636
0.999955474 -0.008509161 -0.003910012 0.648276792 0.008400320 0.999598494 -0.027053230 0.275717774 0.004138506 0.027019209 0.999626107 36.645841839
0.999957250 -0.008332138 -0.003841899 0.648261232 0.008221018 0.999572161 -0.028087380 0.273977912 0.004074450 0.028054584 0.999597163 36.645857387
0.999958270 -0.008209016 -0.003833120 0.650372826 0.008095137 0.999550853 -0.028847209 0.272801882 0.004067613 0.028815005 0.999575996 36.658497436
