1.000000000 0.000000000 -0.000000000 -0.000000000 0.000000000 1.000000000 0.000000000 -0.000000000 -0.000000000 -0.000000000 1.000000000 0.000000000
0.999999934 -0.000131376 -0.000223320 0.000398729 0.000131389 0.999999972 0.000005694 0.000356809 0.000223219 -0.000005731 0.999999752 0.040008929
0.999999953 -0.000412436 -0.000155159 0.001123109 0.000412453 0.999999168 0.000397253 0.001436753 0.000154942 -0.000397316 0.999999705 0.090006248
1.000000514 -0.000709942 -0.000035116 0.001803228 0.000709929 0.999999428 0.000703394 0.002123596 0.000034459 -0.000703420 0.999999643 0.109989134
0.999999025 -0.001607760 0.000182376 0.003861787 0.001607488 0.999997328 0.001332970 0.003704484 -0.000184534 -0.001332680 0.999999147 0.169941649
0.999997672 -0.002208097 0.000005032 0.004970211 0.002208007 0.999996687 0.001192754 0.003968722 -0.000007793 -0.001192738 0.999999659 0.229939731
0.999996575 -0.002791793 -0.000303524 0.005378420 0.002792080 0.999995541 0.001068930 0.004075719 0.000300380 -0.001069775 0.999999603 0.269950668
0.999989202 -0.004599736 -0.000895446 0.007475930 0.004601370 0.999987574 0.001863138 0.006189604 0.000886785 -0.001867238 0.999997857 0.359916491
0.999981996 -0.006017918 -0.000716993 0.011892534 0.006020611 0.999973709 0.003864420 0.010763998 0.000693625 -0.003868668 0.999991882 0.489804369
0.999976346 -0.006980385 -0.000430937 0.014627041 0.006982436 0.999963333 0.004845778 0.013141646 0.000397025 -0.004848660 0.999988695 0.569738887
0.999963660 -0.008554743 -0.000583064 0.018418403 0.008558388 0.999941623 0.006461674 0.017142510 0.000527601 -0.006466427 0.999978879 0.709660561
0.999964912 -0.008355956 -0.001354732 0.017258128 0.008365740 0.999937821 0.007368568 0.019856136 0.001292962 -0.007379638 0.999972359 0.849767485
0.999966037 -0.008152435 -0.001510988 0.018045727 0.008163587 0.999938233 0.007530091 0.020829558 0.001449418 -0.007542172 0.999970307 0.929783254
0.999974438 -0.007028010 -0.001394606 0.018265513 0.007038870 0.999943441 0.007959840 0.022835038 0.001338480 -0.007969463 0.999967214 1.079855095
0.999978571 -0.006498529 -0.001342589 0.018885923 0.006509523 0.999943140 0.008381356 0.025147364 0.001287957 -0.008389907 0.999964448 1.269936267
0.999977063 -0.006656548 -0.001351754 0.020422274 0.006666878 0.999946779 0.007804929 0.024998990 0.001299645 -0.007813757 0.999969168 1.369949463
0.999968473 -0.007915181 -0.001277799 0.025208755 0.007922258 0.999952168 0.005674027 0.022945167 0.001232750 -0.005683968 0.999983539 1.559925816
0.999952681 -0.009640633 -0.001532402 0.029780616 0.009650835 0.999929569 0.006809043 0.026547087 0.001466474 -0.006823501 0.999975809 1.749856699
0.999938342 -0.010969797 -0.001624277 0.032246246 0.010981411 0.999912068 0.007314954 0.028264950 0.001543770 -0.007332341 0.999972282 1.849819911
0.999900749 -0.013993654 -0.001746553 0.039323107 0.014004000 0.999883311 0.006073145 0.027868842 0.001661267 -0.006096997 0.999980186 2.049707180
0.999882305 -0.015307670 -0.001347021 0.045273099 0.015310486 0.999879699 0.002190931 0.023068125 0.001313254 -0.002211288 0.999996572 2.269688231
0.999873253 -0.015881623 -0.001326805 0.047262128 0.015881672 0.999873205 0.000039991 0.020295405 0.001325832 -0.000061047 0.999999002 2.379716730
0.999842635 -0.017709447 -0.001544229 0.051896796 0.017703747 0.999836200 -0.003617880 0.016056342 0.001608030 0.003589971 0.999992839 2.619751634
0.999857731 -0.016770887 -0.002006328 0.053887649 0.016755600 0.999832106 -0.007398722 0.011728102 0.002129920 0.007363975 0.999970369 2.869886401
0.999855970 -0.016798687 -0.002357327 0.054256559 0.016774222 0.999809021 -0.010017184 0.008244314 0.002525066 0.009976274 0.999947134 2.989984782
0.999867251 -0.016158956 -0.002414078 0.056429042 0.016116615 0.999731240 -0.016617002 -0.000870324 0.002681830 0.016575963 0.999858840 3.240158030
0.999914764 -0.012797367 -0.002688843 0.054421046 0.012739830 0.999709360 -0.020429452 -0.005239098 0.002949355 0.020393468 0.999788086 3.490433043
0.999934901 -0.011100475 -0.002676940 0.053961849 0.011043837 0.999731850 -0.020316003 -0.003950438 0.002901696 0.020285173 0.999789609 3.620522239
0.999943094 -0.010359701 -0.002474018 0.055643940 0.010312099 0.999774626 -0.018526074 0.001417423 0.002665304 0.018499510 0.999825784 3.900596644
0.999947544 -0.009685827 -0.003373087 0.054982944 0.009627745 0.999811628 -0.016842787 0.006516525 0.003535525 0.016809402 0.999852470 4.170748966
0.999914687 -0.012536237 -0.003710159 0.060185081 0.012474759 0.999791800 -0.016143961 0.008999851 0.003911669 0.016096254 0.999862717 4.320642064
0.999859731 -0.016322143 -0.003869481 0.068646997 0.016259721 0.999745013 -0.015639160 0.012442368 0.004123698 0.015573982 0.999870566 4.620510475
0.999861450 -0.016231012 -0.003692579 0.073023231 0.016178555 0.999773779 -0.013804452 0.018132629 0.003915761 0.013742828 0.999898226 4.920500736
0.999864261 -0.016021366 -0.003830741 0.074188220 0.015972228 0.999793430 -0.012522001 0.021584662 0.004030470 0.012459075 0.999914061 5.070525967
0.999853108 -0.016569504 -0.004554462 0.076895040 0.016521501 0.999809350 -0.010381565 0.027862877 0.004725473 0.010304775 0.999935335 5.380575665
0.999904167 -0.013023205 -0.004815050 0.074550771 0.012990997 0.999893039 -0.006652995 0.037034107 0.004901152 0.006589801 0.999966562 5.720794599
0.999945736 -0.009313968 -0.004659636 0.071769134 0.009288557 0.999942104 -0.005435822 0.040628865 0.004709932 0.005392204 0.999974741 5.900976197
0.999985965 -0.003154344 -0.004244678 0.066710696 0.003124989 0.999970781 -0.006910757 0.040700621 0.004266232 0.006897318 0.999967038 6.211355637
0.999989157 0.001507695 -0.004545229 0.062766854 -0.001550376 0.999953764 -0.009407098 0.039314513 0.004530760 0.009413969 0.999945898 6.551729410
0.999986276 0.002500601 -0.004745361 0.062345851 -0.002543793 0.999955146 -0.009119660 0.041156154 0.004722285 0.009131565 0.999947203 6.711831753
0.999989167 0.000357664 -0.004809057 0.068709839 -0.000387887 0.999979210 -0.006304586 0.048733675 0.004806658 0.006306394 0.999969092 7.041754473
0.999978746 -0.004835828 -0.004531210 0.079940010 0.004811913 0.999973787 -0.005271521 0.053664510 0.004556483 0.005249685 0.999975714 7.421564552
0.999963240 -0.007559476 -0.004108556 0.085658803 0.007533353 0.999951060 -0.006347140 0.053396983 0.004156188 0.006315999 0.999971007 7.611491564
0.999946910 -0.009866565 -0.003031022 0.096033533 0.009845670 0.999927407 -0.006824934 0.056075270 0.003098020 0.006794776 0.999971816 8.021372326
0.999988600 -0.002720258 -0.004018730 0.089233702 0.002701582 0.999985023 -0.004639172 0.063310226 0.004031150 0.004628326 0.999980885 8.431811119
0.999989280 0.001475655 -0.004461522 0.085489693 -0.001490323 0.999993372 -0.003282313 0.067470315 0.004456545 0.003288906 0.999984663 8.642040745
0.999965716 0.007096695 -0.004334984 0.081353015 -0.007102484 0.999973885 -0.001314566 0.074284831 0.004325517 0.001345338 0.999989824 9.042383773
0.999953752 0.008822956 -0.003784796 0.084182344 -0.008835927 0.999955169 -0.003408227 0.074267695 0.003754488 0.003441546 0.999987190 9.462560253
0.999950075 0.009420678 -0.003563452 0.086306705 -0.009437003 0.999944440 -0.004604869 0.074166556 0.003519790 0.004638238 0.999982651 9.692637645
0.999993789 0.000872027 -0.003555531 0.103408174 -0.000891280 0.999984449 -0.005398395 0.076318445 0.003550586 0.005401573 0.999978800 10.122301166
0.999954123 -0.008469485 -0.004439694 0.119098385 0.008449279 0.999953894 -0.004528662 0.081560086 0.004477743 0.004490986 0.999979564 10.571998216
0.999942533 -0.009732413 -0.004608792 0.121539779 0.009704897 0.999934380 -0.005953707 0.080849688 0.004666318 0.005908641 0.999971809 10.782057118
0.999933022 -0.010994305 -0.003615732 0.128826702 0.010958889 0.999892444 -0.009676247 0.078088861 0.003721593 0.009635983 0.999946928 11.212109939
0.999991198 -0.001681297 -0.003890988 0.123272286 0.001640097 0.999942953 -0.010555426 0.080418547 0.003908415 0.010548982 0.999936773 11.652570782
0.999989554 -0.000027005 -0.004731580 0.121232472 -0.000016697 0.999957017 -0.009220218 0.084633596 0.004731521 0.009220256 0.999946663 11.882753394
0.999987820 0.000256014 -0.004946754 0.123696885 -0.000303071 0.999954053 -0.009505922 0.088046994 0.004944001 0.009507379 0.999942856 12.352943275
0.999981042 -0.003882684 -0.004863781 0.134936568 0.003829170 0.999931708 -0.010970798 0.089660237 0.004905931 0.010951998 0.999927658 12.842856195
0.999964664 -0.006746179 -0.005141900 0.139731941 0.006685719 0.999908748 -0.011688360 0.090491038 0.005220170 0.011653563 0.999918090 13.092844543
0.999861184 -0.015647397 -0.005841258 0.155209669 0.015579793 0.999812767 -0.011449105 0.095146236 0.006019153 0.011356500 0.999917295 13.592587289
0.999813186 -0.018578587 -0.005320319 0.165680778 0.018518417 0.999766002 -0.011135461 0.099963107 0.005525900 0.011034884 0.999924155 14.092503636
0.999831599 -0.017515134 -0.005585525 0.165727686 0.017456743 0.999794016 -0.010345969 0.103457377 0.005765551 0.010246734 0.999931039 14.352639676
0.999840239 -0.016767553 -0.006220192 0.169154263 0.016709208 0.999816095 -0.009320912 0.109429889 0.006375246 0.009215521 0.999937632 14.852791595
0.999852884 -0.015757431 -0.006836402 0.174565666 0.015701853 0.999843630 -0.008105716 0.115807379 0.006963019 0.007997157 0.999943800 15.352870297
0.999856274 -0.015394436 -0.007098788 0.176351758 0.015332263 0.999844299 -0.008717582 0.116875078 0.007231836 0.008607563 0.999936694 15.602961681
0.999917478 -0.010275327 -0.007741716 0.171672154 0.010192791 0.999891007 -0.010624575 0.117879916 0.007850012 0.010544861 0.999914004 16.123456770
0.999914121 -0.009656443 -0.008900513 0.173495191 0.009571468 0.999908658 -0.009531884 0.124263914 0.008991593 0.009445843 0.999915280 16.663687138
0.999884732 -0.011940009 -0.009371000 0.176777305 0.011874892 0.999904278 -0.006970468 0.130872444 0.009453261 0.006858409 0.999931759 16.933687404
0.999859345 -0.014113811 -0.009087942 0.184108379 0.014094797 0.999897991 -0.002150324 0.144050292 0.009117248 0.002021883 0.999956761 17.523694251
0.999830201 -0.016507724 -0.008221798 0.195581361 0.016505445 0.999863660 -0.000348889 0.151939288 0.008226317 0.000213127 0.999966629 18.083586105
0.999794105 -0.018763871 -0.007739922 0.203642549 0.018771522 0.999822884 0.000910906 0.156637181 0.007721435 -0.001056001 0.999969995 18.373450219
0.999820102 -0.017815011 -0.006546913 0.212253788 0.017849029 0.999826859 0.005173147 0.168620453 0.006453532 -0.005289068 0.999965393 18.913390708
0.999822561 -0.017958514 -0.005730621 0.219118675 0.017964645 0.999837829 0.001028416 0.166169023 0.005711077 -0.001131181 0.999982670 19.473540598
0.999835209 -0.017255037 -0.005643711 0.221819224 0.017239028 0.999846860 -0.002868766 0.161748212 0.005692315 0.002771051 0.999980112 19.743664517
0.999901378 -0.012630123 -0.006239455 0.221745372 0.012580040 0.999888664 -0.008003862 0.157664522 0.006339739 0.007924576 0.999948984 20.304072393
0.999858767 -0.015727579 -0.005971631 0.233169026 0.015666947 0.999826544 -0.010058287 0.159108085 0.006128694 0.009963261 0.999931843 20.884039456
0.999801185 -0.018848260 -0.006607598 0.237743574 0.018773135 0.999759578 -0.011261639 0.159572279 0.006818181 0.011135336 0.999915326 21.184071733
0.999728670 -0.022120046 -0.007315085 0.247988549 0.022036128 0.999691904 -0.011354187 0.164162435 0.007563960 0.011189868 0.999908918 21.734030885
0.999710331 -0.022773184 -0.007831111 0.254129052 0.022708474 0.999707126 -0.008255317 0.174614411 0.008016704 0.008075115 0.999934963 22.344118017
0.999746772 -0.021233013 -0.007474441 0.256886304 0.021181513 0.999751768 -0.006891658 0.179563627 0.007618763 0.006731682 0.999948740 22.654178400
0.999794328 -0.019214572 -0.006579314 0.265844185 0.019177422 0.999799699 -0.005658976 0.187090446 0.006686650 0.005531594 0.999962922 23.284207498
0.999788799 -0.019330800 -0.007088597 0.274515472 0.019292655 0.999799176 -0.005406018 0.192864904 0.007191496 0.005268189 0.999960354 23.904256479
0.999792117 -0.019010396 -0.007392950 0.279025454 0.018974397 0.999807228 -0.004898771 0.196590042 0.007484651 0.004757480 0.999961245 24.234280132
0.999788254 -0.019022998 -0.007889383 0.284118992 0.018984548 0.999806841 -0.004919646 0.202091218 0.007981316 0.004768832 0.999956790 24.894483029
0.999763896 -0.020121033 -0.008250928 0.291921566 0.020072942 0.999780709 -0.005872339 0.205962865 0.008367132 0.005705370 0.999948340 25.544599883
0.999752453 -0.020557905 -0.008600825 0.295497340 0.020503740 0.999768861 -0.006347106 0.207951667 0.008729236 0.006169155 0.999943011 25.874672475
0.999727118 -0.021412800 -0.009377862 0.299295651 0.021353112 0.999750741 -0.006409675 0.213484896 0.009512784 0.006207732 0.999935752 26.554933484
0.999734922 -0.021002236 -0.009455017 0.303722238 0.020944655 0.999761179 -0.006141290 0.219511715 0.009581680 0.005941609 0.999936938 27.225161340
0.999739976 -0.020852531 -0.009209970 0.307626316 0.020795182 0.999763998 -0.006276794 0.222153706 0.009338643 0.006083643 0.999937641 27.565222885
0.999731325 -0.021175438 -0.009439515 0.314965870 0.021131502 0.999765248 -0.004727582 0.230481717 0.009537328 0.004526799 0.999944167 28.235327299
0.999779739 -0.018817762 -0.009320348 0.318362314 0.018781021 0.999815109 -0.004008791 0.237300299 0.009393944 0.003832767 0.999948276 28.905583770
0.999779794 -0.018647064 -0.009702405 0.319630645 0.018598114 0.999813325 -0.005102767 0.238081049 0.009795718 0.004921230 0.999939865 29.225741831
0.999761787 -0.019565789 -0.009747934 0.326361366 0.019518494 0.999796924 -0.004919349 0.243843631 0.009842062 0.004727970 0.999940740 29.875878462
0.999739353 -0.020415358 -0.010278588 0.330491120 0.020360059 0.999776885 -0.005460344 0.248387886 0.010387625 0.005249696 0.999932347 30.536124033
0.999727497 -0.020769570 -0.010675879 0.333405250 0.020709125 0.999768622 -0.005742965 0.250762437 0.010792638 0.005520331 0.999926876 30.876222709
0.999754823 -0.019556510 -0.010380275 0.335864349 0.019503538 0.999796219 -0.005173677 0.257486847 0.010479263 0.004970011 0.999933219 31.576532510
0.999757166 -0.019660073 -0.010010382 0.345074076 0.019605887 0.999791864 -0.005488172 0.263055333 0.010116185 0.005290582 0.999935235 32.296630131
0.999739413 -0.020401046 -0.010236075 0.349609358 0.020354972 0.999781364 -0.004579528 0.267673196 0.010327231 0.004369977 0.999937620 32.656664199
0.999692467 -0.022371725 -0.010718830 0.355738897 0.022334249 0.999743509 -0.003602010 0.275347174 0.010796652 0.003361554 0.999936342 33.376849834
0.999645521 -0.024576277 -0.010250679 0.368490246 0.024553976 0.999695238 -0.002289515 0.283700450 0.010303691 0.002036996 0.999944698 34.086790940
0.999649627 -0.024435613 -0.010253082 0.369724345 0.024415503 0.999698870 -0.002075827 0.286942745 0.010300642 0.001824807 0.999945782 34.436946804
0.999604020 -0.026469650 -0.009612365 0.377191475 0.026462145 0.999649233 -0.000900588 0.295027735 0.009632740 0.000645877 0.999953390 35.167088358
0.999725785 -0.021518170 -0.009250530 0.375568474 0.021542048 0.999764277 0.002491014 0.307024407 0.009194654 -0.002689599 0.999953995 35.927530878
0.999772692 -0.019258141 -0.009193040 0.375778773 0.019293819 0.999806511 0.003819414 0.312450815 0.009117609 -0.003995917 0.999950548 36.307721756
0.999731236 -0.021616875 -0.008376784 0.389435647 0.021646935 0.999759434 0.003516955 0.318669852 0.008298695 -0.003697334 0.999958853 37.097703616
0.999535178 -0.029498961 -0.007716021 0.407410372 0.029480864 0.999561903 -0.002443126 0.314963525 0.007784578 0.002214528 0.999967554 37.857607759
0.999572725 -0.028316593 -0.007231212 0.409326832 0.028269210 0.999578049 -0.006566863 0.311088253 0.007413965 0.006359664 0.999952200 38.247832645
0.999710734 -0.023487542 -0.005262307 0.413061817 0.023419851 0.999646035 -0.012563768 0.307477992 0.005555418 0.012436913 0.999907487 39.058266722
0.999690920 -0.024469625 -0.004542538 0.425601716 0.024418074 0.999639903 -0.011071587 0.316777070 0.004811679 0.010957229 0.999928373 39.848258799
0.999659310 -0.025598156 -0.005151298 0.431400924 0.025555908 0.999640061 -0.008097932 0.325306708 0.005356690 0.007963613 0.999953832 40.248238235
0.999813058 -0.018635848 -0.005159815 0.431966162 0.018603948 0.999807830 -0.006149079 0.335466841 0.005273338 0.006051930 0.999967896 41.068660746
0.999864738 -0.015993189 -0.003796004 0.438640762 0.015946285 0.999799764 -0.012055782 0.331896076 0.003987968 0.011993626 0.999920487 41.848971972
0.999853011 -0.016843899 -0.003143116 0.446784749 0.016794237 0.999743650 -0.015183700 0.329785606 0.003397954 0.015128641 0.999879919 42.218949398
0.999844267 -0.017352048 -0.003450939 0.451671315 0.017292413 0.999711818 -0.016617441 0.334607116 0.003738219 0.016555135 0.999856085 43.099310095
0.999814395 -0.019062725 -0.002952494 0.461840960 0.019053274 0.999813170 -0.003186470 0.364522476 0.003012605 0.003129587 0.999991024 43.929218180
0.999867693 -0.016076602 -0.002666580 0.463032036 0.016086496 0.999862722 0.003763095 0.379762819 0.002605547 -0.003805486 0.999988974 44.319289380
0.999900804 -0.013858625 -0.002564737 0.468211541 0.013885469 0.999845589 0.010769265 0.398541275 0.002415068 -0.010803817 0.999938797 45.109450107
0.999904488 -0.013669296 -0.002121430 0.480610903 0.013677083 0.999899598 0.003706293 0.392934211 0.002070464 -0.003734950 0.999991453 45.879573618
0.999886567 -0.014881427 -0.002312871 0.488236578 0.014878219 0.999887643 -0.001405078 0.387432331 0.002333519 0.001370485 0.999995994 46.259607495
0.999884159 -0.015131733 -0.001837458 0.499881500 0.015117152 0.999855567 -0.007677638 0.383096950 0.001953218 0.007648947 0.999969076 47.009732373
0.999943893 -0.010469605 -0.001827440 0.503157774 0.010455634 0.999916967 -0.007490811 0.390015368 0.001905635 0.007471296 0.999969978 47.790064209
0.999974163 -0.006936863 -0.002012466 0.502093322 0.006923453 0.999953693 -0.006581796 0.394934235 0.002057941 0.006567776 0.999975940 48.190317536
0.999981226 -0.005777995 -0.002027826 0.508126305 0.005763143 0.999956977 -0.007244110 0.400526293 0.002069563 0.007232374 0.999971674 48.990578483
0.999990109 -0.004083657 -0.001694432 0.517596599 0.004067697 0.999947963 -0.009323760 0.403906619 0.001732303 0.009316800 0.999955477 49.800746476
0.999991572 -0.003899910 -0.001431190 0.523585400 0.003886486 0.999949490 -0.009267434 0.407440017 0.001467174 0.009261827 0.999955749 50.200766080
0.999971310 -0.007523342 -0.000687058 0.540483821 0.007518208 0.999945937 -0.007131761 0.418165664 0.000740611 0.007126415 0.999974759 51.030618564
0.999922400 -0.012425158 -0.000902143 0.559980935 0.012421159 0.999913084 -0.004280148 0.430169593 0.000955164 0.004268689 0.999990594 51.850361626
0.999918579 -0.012731172 -0.000821760 0.566255193 0.012728403 0.999913054 -0.003230577 0.435485330 0.000862761 0.003219798 0.999994962 52.260361105
0.999878132 -0.015633323 -0.000439176 0.584584590 0.015631847 0.999871763 -0.003200344 0.442601616 0.000489051 0.003193109 0.999995306 53.070184238
0.999826722 -0.018584969 -0.000937472 0.602586336 0.018582228 0.999823311 -0.002776317 0.450606951 0.000988757 0.002758350 0.999995755 53.900023613
0.999838658 -0.017961957 -0.001129615 0.608998618 0.017957401 0.999830813 -0.003883666 0.452285424 0.001199027 0.003862726 0.999991834 54.310052334
0.999841833 -0.017775084 -0.001365792 0.623056601 0.017768039 0.999828377 -0.005067756 0.457239093 0.001455457 0.005042690 0.999986170 55.110038572
0.999780080 -0.020920876 -0.001652984 0.642913113 0.020916757 0.999777947 -0.002450404 0.469076827 0.001703803 0.002415299 0.999995714 55.939777174
0.999789625 -0.020441250 -0.002036236 0.648521556 0.020438920 0.999789859 -0.001177078 0.474888229 0.002059775 0.001135214 0.999997191 56.359801852
0.999806897 -0.019262569 -0.003959329 0.655451378 0.019267365 0.999813260 0.001192393 0.486320329 0.003935567 -0.001268449 0.999991227 57.220016053
0.999833965 -0.017347341 -0.005590291 0.660874182 0.017351149 0.999849174 0.000640720 0.492501380 0.005578234 -0.000737612 0.999984395 58.060319042
0.999800692 -0.019021621 -0.006053165 0.666324954 0.019015796 0.999818667 -0.000996099 0.493162978 0.006070938 0.000880786 0.999980894 58.470390919
0.999738136 -0.021942087 -0.006606436 0.681359855 0.021904875 0.999743896 -0.005635689 0.492541599 0.006728310 0.005489527 0.999962652 59.320427981
0.999726182 -0.022378169 -0.006879893 0.691323675 0.022314872 0.999709318 -0.009128805 0.493780614 0.007082122 0.008972775 0.999934891 60.170624986
0.999756734 -0.021052137 -0.006667049 0.695344229 0.020993271 0.999740811 -0.008764927 0.498031587 0.006849773 0.008622801 0.999939048 60.600726375
0.999757220 -0.021100290 -0.006366670 0.710139864 0.021037580 0.999730956 -0.009752237 0.503715463 0.006570659 0.009615926 0.999931786 61.450712743
0.999744418 -0.021720038 -0.006361170 0.720717100 0.021673548 0.999737682 -0.007293607 0.515144451 0.006517818 0.007153813 0.999953593 62.300792843
0.999738669 -0.021982093 -0.006270494 0.726363841 0.021940791 0.999736976 -0.006575088 0.519946613 0.006413249 0.006435810 0.999958701 62.720825635
0.999770790 -0.020406364 -0.006587588 0.732679901 0.020370611 0.999776745 -0.005449630 0.528943187 0.006697211 0.005314225 0.999963252 63.561071008
0.999808355 -0.018576926 -0.006281581 0.738836289 0.018536372 0.999806406 -0.006461220 0.534402141 0.006400273 0.006343575 0.999959023 64.421368211
0.999837262 -0.016884088 -0.006367531 0.740000376 0.016831137 0.999823254 -0.008275046 0.534863042 0.006505995 0.008166540 0.999945997 64.851605013
0.999883820 -0.013961557 -0.006232001 0.745199805 0.013899010 0.999852883 -0.009970600 0.539185210 0.006370226 0.009882833 0.999931122 65.711946336
0.999911260 -0.011542427 -0.006761362 0.744334034 0.011470640 0.999878384 -0.010552791 0.545210250 0.006882234 0.010474323 0.999921069 66.572483850
0.999916197 -0.010957998 -0.006899553 0.745954245 0.010893051 0.999896090 -0.009371749 0.550701328 0.007001446 0.009295757 0.999932851 66.992651025
0.999949496 -0.008252092 -0.005836759 0.752646662 0.008205957 0.999934967 -0.007880578 0.560644267 0.005901315 0.007832353 0.999951756 67.872900587
0.999963913 -0.005918541 -0.006146593 0.754077063 0.005866516 0.999946165 -0.008454404 0.566614911 0.006196204 0.008418064 0.999945954 68.713345189
0.999972914 -0.004536331 -0.005900966 0.758444986 0.004483967 0.999949861 -0.008853212 0.569457226 0.005940764 0.008826484 0.999943099 69.123434514
0.999967559 -0.004588222 -0.006689988 0.765054570 0.004537302 0.999959941 -0.007617354 0.578464074 0.006724665 0.007586691 0.999949114 69.943656416
0.999970126 -0.004420336 -0.006430979 0.776146051 0.004395568 0.999982153 -0.003859628 0.591832167 0.006447821 0.003831255 0.999971900 70.753674148
0.999970594 -0.003833448 -0.006684692 0.780052195 0.003816631 0.999988699 -0.002523426 0.597538648 0.006694185 0.002497806 0.999974261 71.153746242
0.999976644 -0.002996982 -0.006158346 0.785254418 0.002994746 0.999995161 -0.000367757 0.607973100 0.006159317 0.000349311 0.999980689 71.963997442
0.999976447 -0.004167797 -0.005495543 0.796085225 0.004162415 0.999990744 -0.000992294 0.614279341 0.005499561 0.000969373 0.999984370 72.844136320
0.999975917 -0.004415641 -0.005346398 0.801488874 0.004409589 0.999989515 -0.001138659 0.617742228 0.005351269 0.001115043 0.999985527 73.284203269
0.999978315 -0.004896225 -0.004538949 0.814920269 0.004891457 0.999986802 -0.001076490 0.625276789 0.004544046 0.001054227 0.999988724 74.154233127
0.999971552 -0.006288807 -0.004201916 0.828265589 0.006290085 0.999979767 0.000316454 0.635079643 0.004199764 -0.000342876 0.999990906 75.024244749
0.999973345 -0.006513625 -0.003529516 0.836950808 0.006515115 0.999978567 0.000403897 0.638875485 0.003526754 -0.000426882 0.999993586 75.444180691
0.999971130 -0.006890561 -0.003388455 0.848976841 0.006892371 0.999976105 0.000548841 0.646225466 0.003384407 -0.000572178 0.999994299 76.274235216
0.999972330 -0.007068317 -0.002414752 0.863053300 0.007068063 0.999974583 -0.000094587 0.652251725 0.002415286 0.000077525 0.999997289 77.104230423
0.999971485 -0.007409311 -0.001731007 0.872414951 0.007408513 0.999972332 -0.000424088 0.655272113 0.001733982 0.000411253 0.999998474 77.514143415
0.999975118 -0.006963244 -0.001222235 0.887404383 0.006963493 0.999975189 0.000210010 0.663594285 0.001220685 -0.000218508 0.999999756 78.344085183
0.999971254 -0.007438039 -0.001623158 0.899410699 0.007439098 0.999971747 0.000634219 0.671463875 0.001618328 -0.000646270 0.999998798 79.174135531
0.999970663 -0.007514948 -0.001809390 0.905101322 0.007517482 0.999970441 0.001427876 0.676669131 0.001798533 -0.001441430 0.999997878 79.624182676
0.999956593 -0.009194036 -0.001635177 0.920121259 0.009199164 0.999951765 0.003168334 0.687306357 0.001605856 -0.003183235 0.999993493 80.514141017
0.999928862 -0.011936043 -0.000802404 0.937209548 0.011938415 0.999923288 0.003109499 0.694587994 0.000765133 -0.003118852 0.999994936 81.374038783
0.999898421 -0.014249443 -0.000786192 0.947953535 0.014251104 0.999895200 0.002279648 0.696840280 0.000753440 -0.002290614 0.999997139 81.793917175
0.999855631 -0.016997064 -0.000097275 0.967808705 0.016996930 0.999854743 -0.001166580 0.697849085 0.000117016 0.001164758 0.999999320 82.583731042
0.999959948 -0.008955360 0.000409926 0.970215578 0.008958265 0.999929764 -0.007638274 0.693578000 -0.000341581 0.007641658 0.999971154 83.384211208
0.999970831 -0.007627975 0.000506444 0.975394544 0.007632903 0.999915351 -0.010534000 0.692097530 -0.000426111 0.010537593 0.999944870 83.784306103
0.999949789 -0.009993548 0.000888942 0.994818650 0.010004093 0.999867599 -0.012767887 0.695161109 -0.000761291 0.012776092 0.999918394 84.564109246
0.999969549 -0.007829555 -0.000142670 1.001074040 0.007827446 0.999911421 -0.010752796 0.705756480 0.000226841 0.010751316 0.999942605 85.404341765
0.999979790 -0.006403269 -0.000588728 1.001217877 0.006398660 0.999949444 -0.007632439 0.714493794 0.000637427 0.007628460 0.999971006 85.814523617
0.999965824 -0.008292690 0.000013000 1.016731962 0.008292609 0.999956564 -0.004237710 0.727599727 0.000022083 0.004237615 0.999991209 86.664415333
0.999953620 -0.009701124 0.000226862 1.034298748 0.009701539 0.999951079 -0.001736615 0.739321983 -0.000210132 0.001738760 0.999998325 87.514248213
0.999926421 -0.012167409 0.000313681 1.045912480 0.012167584 0.999925234 -0.000576493 0.745009326 -0.000306729 0.000580270 0.999999432 87.934064007
0.999913322 -0.013174193 0.001119092 1.065321210 0.013175328 0.999911909 -0.001046162 0.751597048 -0.001105328 0.001060820 0.999998675 88.773874003
0.999949168 -0.010004950 0.001225669 1.076752062 0.010008050 0.999946501 -0.002591249 0.756021871 -0.001199794 0.002603389 0.999996412 89.583963637
0.999922826 -0.012415913 0.000460306 1.084107273 0.012417178 0.999918538 -0.002781918 0.759206852 -0.000425818 0.002787444 0.999995949 89.993945266
0.999855066 -0.017060406 -0.000221408 1.100787837 0.017059474 0.999848120 -0.003507131 0.764809277 0.000281058 0.003502816 0.999993565 90.783827143
0.999841291 -0.017777731 -0.000989382 1.113117424 0.017775752 0.999840055 -0.001920118 0.775024179 0.001023220 0.001902216 0.999997555 91.653870432
0.999840017 -0.017899861 -0.000772012 1.118460507 0.017898250 0.999837361 -0.001908694 0.778523641 0.000805976 0.001894605 0.999997851 92.063919493
0.999769937 -0.021465856 0.000615454 1.145217151 0.021467706 0.999763648 -0.003196558 0.783706192 -0.000546774 0.003209102 0.999994407 92.883472535
0.999666394 -0.025851782 -0.000109543 1.162996006 0.025850924 0.999654395 -0.004724140 0.788280429 0.000231524 0.004719820 0.999989044 93.703345291
0.999671050 -0.025667155 -0.000746017 1.167769968 0.025662222 0.999652345 -0.005979573 0.789727474 0.000899065 0.005958497 0.999982039 94.123440038
0.999650582 -0.026381588 -0.002021685 1.176092088 0.026371148 0.999639029 -0.004990875 0.798569447 0.002152465 0.004935824 0.999985376 94.963616693
0.999567221 -0.029316177 -0.002505324 1.192391536 0.029304610 0.999559761 -0.004521649 0.806469860 0.002636736 0.004446221 0.999986889 95.773503483
0.999586964 -0.028609347 -0.002777801 1.197651199 0.028600212 0.999585384 -0.003257602 0.812167668 0.002869792 0.003176843 0.999990583 96.183534871
0.999604331 -0.027992148 -0.002922184 1.212857834 0.027990441 0.999607547 -0.000612849 0.824070826 0.002938038 0.000530819 0.999995876 97.023442052
0.999485069 -0.031939912 -0.003189436 1.230123512 0.031945990 0.999487515 0.001888612 0.835982658 0.003127303 -0.001989528 0.999992800 97.893296797
0.999606048 -0.027919751 -0.003104005 1.230840229 0.027924703 0.999608575 0.001588502 0.838928010 0.003058272 -0.001674556 0.999993623 98.313519419
0.999754827 -0.021948760 -0.002879062 1.236767660 0.021945039 0.999757625 -0.001317310 0.841115746 0.002907148 0.001253807 0.999994963 99.163848719
0.999781296 -0.020874416 -0.001634904 1.253393483 0.020865861 0.999768891 -0.005087979 0.841974856 0.001740661 0.005052787 0.999985765 100.003809712
0.999767934 -0.021480261 -0.001843439 1.261157007 0.021468401 0.999749954 -0.006220394 0.843704611 0.001976442 0.006179379 0.999978650 100.423797245
0.999727466 -0.023267176 -0.002045384 1.278840616 0.023265238 0.999728616 -0.000928878 0.860093638 0.002066295 0.000881038 0.999997188 101.253569217
0.999560365 -0.029575873 -0.002069436 1.300720285 0.029587556 0.999544362 0.005893747 0.879071563 0.001894041 -0.005952389 0.999980151 102.063157064
0.999612202 -0.027723439 -0.002589504 1.300912279 0.027743886 0.999580596 0.008253122 0.886539832 0.002359492 -0.008321769 0.999962232 102.473349119
0.999622829 -0.027410434 -0.001791289 1.319281870 0.027423299 0.999594740 0.007620247 0.892596915 0.001581612 -0.007666497 0.999969260 103.283180768
0.999449197 -0.033054901 -0.002937211 1.336185291 0.033067017 0.999443730 0.004194214 0.893885983 0.002796847 -0.004289021 0.999987397 104.103114915
0.999296030 -0.037329295 -0.003784470 1.344511491 0.037345725 0.999292654 0.004385207 0.897838029 0.003617986 -0.004523453 0.999983222 104.513055398
0.999088781 -0.042513491 -0.003899471 1.364936367 0.042544178 0.999060391 0.008162850 0.911748164 0.003548722 -0.008321305 0.999958863 105.332748154
0.998932991 -0.046085409 -0.003245874 1.389013965 0.046120743 0.998865506 0.011830891 0.925515293 0.002696830 -0.011967970 0.999924659 106.142307934
0.998896136 -0.046874132 -0.003037369 1.399704969 0.046904836 0.998838267 0.011005151 0.927604305 0.002517861 -0.011135470 0.999935107 106.532170045
0.998894486 -0.046893693 -0.003415007 1.416015484 0.046913365 0.998880994 0.005948428 0.925908260 0.003132141 -0.006102060 0.999976670 107.332139784
0.998994619 -0.044640129 -0.004164583 1.429020161 0.044644692 0.999001867 0.001021530 0.924518779 0.004114721 -0.001206426 0.999991000 108.152235388
0.998907157 -0.046502240 -0.004787297 1.455150897 0.046502721 0.998918075 0.000002991 0.933927795 0.004781923 -0.000225611 0.999988300 109.412059122
0.999004211 -0.044300661 -0.005281264 1.465911659 0.044299165 0.999017690 -0.000389521 0.940520422 0.005293293 0.000155182 0.999986239 110.262178105
0.999028198 -0.043716444 -0.005615342 1.469614147 0.043714206 0.999043718 -0.000507696 0.943848410 0.005632052 0.000261728 0.999984021 110.682292710
0.999096516 -0.042182317 -0.005228762 1.483975579 0.042185845 0.999109429 0.000577487 0.953229223 0.005199587 -0.000797545 0.999986351 111.552272744
0.999190717 -0.039761105 -0.006209813 1.489670739 0.039779003 0.999204317 0.002792454 0.964656801 0.006093711 -0.003037211 0.999976903 112.462562943
0.999264558 -0.037776362 -0.006642271 1.489406504 0.037796851 0.999280966 0.002995818 0.968657116 0.006524166 -0.003244679 0.999973113 112.912829657
0.999302435 -0.036735007 -0.006832510 1.498580031 0.036752431 0.999320897 0.002445848 0.975231552 0.006737959 -0.002695253 0.999973911 113.803030544
0.999069514 -0.042534102 -0.007124917 1.514738179 0.042549257 0.999092011 0.001998181 0.982229159 0.007033430 -0.002299480 0.999972321 114.692983167
0.999009340 -0.043943024 -0.007116489 1.519457433 0.043960847 0.999030443 0.002374497 0.986677343 0.007005101 -0.002684998 0.999971504 115.143071379
0.999052812 -0.043138837 -0.005706566 1.532842568 0.043157253 0.999063219 0.003156516 0.995430986 0.005564961 -0.003399803 0.999978906 116.013091436
0.998781303 -0.048996255 -0.006026311 1.549624890 0.048983233 0.998796275 -0.002295651 0.993725424 0.006131386 0.001997672 0.999979119 116.883090642
0.998602579 -0.052505073 -0.006119844 1.561904024 0.052467782 0.998603341 -0.006093880 0.991182639 0.006431211 0.005764282 0.999962933 117.312966809
0.998438670 -0.055492048 -0.006411413 1.580145004 0.055397401 0.998364683 -0.014080894 0.985138265 0.007182308 0.013703723 0.999880837 118.162942529
0.998541833 -0.053737702 -0.005247123 1.595564258 0.053660576 0.998463053 -0.013852701 0.992997863 0.005983375 0.013550981 0.999890010 119.032899813
0.998529034 -0.053974615 -0.005184529 1.604549343 0.053903241 0.998460488 -0.013030712 0.998196330 0.005879783 0.012732049 0.999902136 119.462818683
0.998634187 -0.051894706 -0.006117181 1.616870967 0.051823219 0.998591351 -0.011309060 1.008621074 0.006695413 0.010976573 0.999917629 120.332860284
0.999088775 -0.042101113 -0.006996956 1.611341878 0.042007304 0.999031213 -0.013046441 1.011946822 0.007539362 0.012740686 0.999890627 121.143553420
0.999271680 -0.037501724 -0.007089703 1.610181079 0.037390717 0.999185133 -0.015183010 1.011659325 0.007653259 0.014906797 0.999859849 121.563871995
0.999424430 -0.033068314 -0.007568719 1.612107280 0.032934055 0.999308811 -0.017216892 1.015428703 0.008132752 0.016957717 0.999823608 122.444346092
0.999639445 -0.025176618 -0.009380328 1.600788655 0.025038895 0.999580719 -0.014516941 1.027176140 0.009741696 0.014276770 0.999850674 123.355228384
0.999691305 -0.023062378 -0.009286793 1.600354544 0.022953280 0.999667385 -0.011684460 1.035653086 0.009553083 0.011467617 0.999888915 123.805459107
0.999750376 -0.020568392 -0.008760093 1.600908198 0.020499196 0.999758005 -0.007912924 1.049237438 0.008920677 0.007731347 0.999930227 124.685889274
0.999800299 -0.017341785 -0.009912415 1.597665488 0.017269833 0.999823479 -0.007290996 1.057445270 0.010037093 0.007118450 0.999924680 125.566502589
0.999778832 -0.018544891 -0.009962165 1.598463247 0.018465292 0.999796573 -0.008017980 1.059814454 0.010108700 0.007832222 0.999918220 126.016747436
0.999608876 -0.025968081 -0.010392436 1.608063393 0.025859919 0.999610489 -0.010411806 1.062891803 0.010658680 0.010139046 0.999891650 126.886953051
