1.000000000 0.000000000 -0.000000000 -0.000000000 0.000000000 1.000000000 0.000000000 -0.000000000 -0.000000000 -0.000000000 1.000000000 0.000000000
0.999999919 0.000765798 -0.000080470 0.004329593 -0.000765914 0.999999179 -0.000604543 0.002682232 0.000080030 0.000604610 0.999999886 0.470281050
0.999999505 0.000973106 -0.000586306 0.012870683 -0.000975144 0.999993172 -0.003515877 0.005389288 0.000582898 0.003516422 0.999994032 1.450914177
0.999999502 -0.000354720 -0.000337584 0.026046138 0.000352588 0.999979739 -0.006399224 0.007941582 0.000339927 0.006399138 0.999979755 2.401306596
0.999999047 -0.000920819 -0.000077181 0.036373270 0.000920187 0.999974166 -0.007107495 0.010529246 0.000083753 0.007107377 0.999975099 2.871316572
0.999998904 -0.001217007 0.000898550 0.056033295 0.001222627 0.999979026 -0.006275035 0.019390022 -0.000890900 0.006276163 0.999980700 3.791328303
0.999993302 -0.003577370 0.000562154 0.073541457 0.003579503 0.999986483 -0.003862750 0.031035756 -0.000548319 0.003864725 0.999993029 4.731434716
0.999990821 -0.004269899 0.000139242 0.079342688 0.004270258 0.999986923 -0.002596947 0.036855468 -0.000128149 0.002597435 0.999997210 5.191611164
0.999986253 -0.005185226 -0.000460286 0.089994826 0.005184566 0.999985977 -0.001296430 0.046362948 0.000467063 0.001294028 0.999999085 6.112025649
0.999980606 -0.006210842 -0.000049856 0.103711889 0.006210731 0.999978689 -0.001717451 0.052938988 0.000060488 0.001717167 0.999999149 7.032326633
0.999982017 -0.005961930 -0.000262955 0.108579764 0.005961334 0.999979472 -0.002121412 0.055886972 0.000275616 0.002119817 0.999998302 7.492570322
0.999990141 -0.004346601 -0.000105783 0.118372269 0.004346318 0.999988736 -0.002018138 0.063211615 0.000114581 0.002017676 0.999998288 8.393021423
0.999983239 -0.005761854 -0.000479979 0.131148752 0.005761133 0.999981823 -0.001567759 0.071133786 0.000489023 0.001564985 0.999999330 9.293332061
0.999988056 -0.004776427 -0.000514376 0.135016082 0.004775420 0.999986202 -0.001931514 0.074139186 0.000523589 0.001929068 0.999998041 9.753620611
0.999995788 -0.002930622 -0.000410524 0.144709638 0.002929933 0.999993699 -0.001690493 0.081874617 0.000415527 0.001689259 0.999999249 10.674093934
0.999987850 -0.004961848 -0.000252483 0.159491340 0.004961452 0.999986958 -0.001407704 0.089502009 0.000259505 0.001406443 0.999999640 11.574316225
0.999988215 -0.004824598 -0.000214577 0.166341731 0.004824230 0.999987270 -0.001429045 0.093144925 0.000221437 0.001427997 0.999999108 12.034464006
0.999993372 -0.003528357 -0.000079693 0.177619747 0.003528147 0.999991736 -0.002179785 0.099099274 0.000087500 0.002179467 0.999998509 12.944870308
0.999994254 -0.003324978 0.000245734 0.194988975 0.003325640 0.999989162 -0.003063955 0.104778200 -0.000235528 0.003064821 0.999995435 13.834981557
0.999996846 -0.002500908 0.000351795 0.202362972 0.002501820 0.999993981 -0.002529955 0.109326681 -0.000345419 0.002530792 0.999997003 14.285087088
0.999999481 -0.000653661 0.000545397 0.217661858 0.000654521 0.999998213 -0.001597116 0.118139556 -0.000544331 0.001597507 0.999999149 15.175264991
0.999997770 -0.001274610 0.001330283 0.239407246 0.001275366 0.999998660 -0.000638317 0.127114526 -0.001329473 0.000640015 0.999999291 16.075159889
0.999998442 -0.000812009 0.001060908 0.246237916 0.000812199 0.999999695 -0.000171357 0.131617190 -0.001060701 0.000172219 0.999999441 16.535301101
0.999997630 0.001425316 0.001637366 0.264589804 -0.001424285 0.999998917 -0.000687463 0.138018473 -0.001638386 0.000685141 0.999998810 17.425361531
0.999996050 0.000026797 0.002603367 0.290093528 -0.000019382 0.999996229 -0.002829945 0.141467682 -0.002603423 0.002829820 0.999992635 18.295102059
0.999995059 -0.000684091 0.003019797 0.303118142 0.000699452 0.999987146 -0.005082424 0.141216233 -0.003016251 0.005084491 0.999983298 18.734982437
0.999993365 -0.001550448 0.003378299 0.328045062 0.001572280 0.999977919 -0.006472380 0.146079200 -0.003368117 0.006477688 0.999974105 19.614747494
0.999987966 -0.002746049 0.003920670 0.354884557 0.002768305 0.999979569 -0.005690094 0.154686206 -0.003904914 0.005700891 0.999976763 20.494393345
0.999988817 -0.002661221 0.003899191 0.364255287 0.002681148 0.999983216 -0.005127498 0.159309800 -0.003885477 0.005137919 0.999979861 20.944407703
0.999985291 -0.003859440 0.003696392 0.386579544 0.003878009 0.999979924 -0.005017007 0.166781039 -0.003676973 0.005031297 0.999981088 21.834278761
0.999973345 -0.005749907 0.004434672 0.408893942 0.005770405 0.999972632 -0.004621069 0.174682152 -0.004407919 0.004646563 0.999980220 22.724146533
0.999957994 -0.007537591 0.005121363 0.423268314 0.007559473 0.999961995 -0.004262334 0.178978679 -0.005088962 0.004300845 0.999978009 23.173936894
0.999939571 -0.009399156 0.005640709 0.444586065 0.009421365 0.999947887 -0.003931639 0.186767258 -0.005603420 0.003984533 0.999976621 24.063850826
0.999934714 -0.009130585 0.006824269 0.469560796 0.009159245 0.999948986 -0.004176335 0.193448785 -0.006785785 0.004238532 0.999968135 24.923576626
0.999938126 -0.008795866 0.006712618 0.479019009 0.008819320 0.999955327 -0.003480861 0.198161445 -0.006681581 0.003539875 0.999972165 25.353564943
0.999935294 -0.009535638 0.006114511 0.499922308 0.009546833 0.999952565 -0.001806270 0.208091753 -0.006096939 0.001864518 0.999979738 26.213447119
0.999946823 -0.008600034 0.005607967 0.517716997 0.008598235 0.999962581 0.000336191 0.218954993 -0.005610619 -0.000287939 0.999985105 27.093483426
0.999954658 -0.007399672 0.006011324 0.528121063 0.007399705 0.999972569 0.000010457 0.222091589 -0.006011207 0.000034027 0.999982661 27.543463847
0.999970586 -0.005128982 0.005708212 0.542966858 0.005123784 0.999986466 0.000934812 0.230827749 -0.005712976 -0.000905534 0.999983373 28.423652304
0.999970058 -0.005345192 0.005570668 0.563877380 0.005344822 0.999985099 0.000072419 0.236540198 -0.005570918 -0.000042633 0.999985082 29.303592068
0.999964853 -0.006294992 0.005437538 0.573860229 0.006300651 0.999979801 -0.001033850 0.238210485 -0.005430921 0.001068068 0.999984703 29.743593661
0.999965798 -0.007033235 0.004334905 0.588908163 0.007045615 0.999970644 -0.002840982 0.242037173 -0.004314836 0.002871408 0.999987310 30.603794269
0.999959326 -0.008369112 0.003333143 0.602001327 0.008388124 0.999947999 -0.005723062 0.243959283 -0.003285089 0.005750865 0.999978658 31.464100028
0.999958336 -0.008443784 0.003404883 0.610481926 0.008462567 0.999948985 -0.005551764 0.247729651 -0.003357867 0.005580357 0.999978924 31.894140843
0.999951488 -0.009465650 0.002707730 0.626462186 0.009474512 0.999949361 -0.003304302 0.258376005 -0.002676306 0.003329735 0.999991020 32.734218684
0.999918565 -0.012512669 0.002567375 0.647372250 0.012511121 0.999921797 0.000588659 0.271914350 -0.002574538 -0.000556493 0.999996625 33.574047931
0.999895344 -0.014218141 0.002643335 0.658321364 0.014211112 0.999894852 0.002666641 0.278924736 -0.002680941 -0.002628790 0.999993163 33.993938062
0.999897167 -0.013979216 0.003233737 0.678804937 0.013960125 0.999885026 0.005856163 0.291226705 -0.003315222 -0.005810420 0.999977753 34.823786725
0.999883608 -0.015056389 0.002373297 0.693876835 0.015042411 0.999869659 0.005802403 0.297911650 -0.002460283 -0.005766028 0.999981189 35.663940133
0.999880144 -0.015242256 0.002524629 0.703949002 0.015230040 0.999872175 0.004786864 0.299591027 -0.002597198 -0.004747839 0.999986147 36.083916295
0.999891080 -0.014511316 0.002456061 0.721185604 0.014504273 0.999890649 0.002858291 0.302931176 -0.002497194 -0.002822362 0.999992982 36.903979299
0.999889871 -0.014543164 0.003042919 0.742419343 0.014540521 0.999894013 0.000890793 0.306261598 -0.003055548 -0.000846447 0.999995469 37.723861179
0.999888602 -0.014605855 0.002909689 0.752457342 0.014603775 0.999892754 0.000734615 0.309430540 -0.002920095 -0.000692033 0.999995857 38.143825960
0.999911478 -0.013215866 0.001533897 0.759169819 0.013214514 0.999912295 0.000887694 0.316127297 -0.001545521 -0.000867346 0.999998837 38.954326281
0.999913532 -0.013141894 0.000527777 0.768408826 0.013141105 0.999912306 0.001487821 0.323534811 -0.000547216 -0.001480749 0.999999197 39.754695242
0.999908149 -0.013516816 0.000986016 0.779075342 0.013515234 0.999906836 0.001608208 0.326938606 -0.001007606 -0.001594724 0.999998400 40.144597537
0.999912141 -0.013205542 0.000279767 0.790779308 0.013204988 0.999911096 0.001844681 0.333838140 -0.000304148 -0.001840829 0.999998333 40.954869811
0.999911977 -0.013224770 -0.000050706 0.804507296 0.013224807 0.999911879 0.001418154 0.339623136 0.000031945 -0.001418706 0.999998998 41.765060002
0.999906821 -0.013612415 -0.000677055 0.808649687 0.013613179 0.999906897 0.001159740 0.342345896 0.000661180 -0.001168842 0.999999604 42.165274628
0.999917018 -0.012773206 -0.001705762 0.813430212 0.012776658 0.999916430 0.002026161 0.350046317 0.001679656 -0.002047784 0.999996675 42.955832517
0.999939292 -0.010918108 -0.001585858 0.824305618 0.010922288 0.999937166 0.002660379 0.357311362 0.001556696 -0.002677534 0.999995744 43.726096576
0.999942557 -0.010480885 -0.002020321 0.827955247 0.010487704 0.999939483 0.003404002 0.361686901 0.001984572 -0.003425000 0.999992968 44.116308542
0.999957474 -0.008992974 -0.002072899 0.837379310 0.009001309 0.999950860 0.004027765 0.368832677 0.002036540 -0.004046252 0.999989937 44.876628781
0.999962588 -0.008102888 -0.002850136 0.845337238 0.008110515 0.999963643 0.002665758 0.372601042 0.002828476 -0.002688777 0.999992949 45.647055454
0.999964040 -0.008005587 -0.002893000 0.849590273 0.008011291 0.999966206 0.001967799 0.374403163 0.002877122 -0.001990903 0.999993943 46.027251752
0.999966162 -0.008123722 -0.001336633 0.871074766 0.008124660 0.999967011 0.000734558 0.378510635 0.001330598 -0.000745395 0.999999161 46.787051612
0.999967441 -0.007756263 -0.001973111 0.882072511 0.007757452 0.999969216 0.000628182 0.384345191 0.001968202 -0.000643466 0.999997905 47.537301239
0.999972090 -0.007105060 -0.002352023 0.885814210 0.007108325 0.999973297 0.001393085 0.388609855 0.002342018 -0.001409757 0.999996431 47.907488691
0.999975934 -0.006407328 -0.002450514 0.896851970 0.006413710 0.999975872 0.002628040 0.396602873 0.002433665 -0.002643690 0.999994180 48.637696465
0.999975685 -0.006413738 -0.002742108 0.910351250 0.006423587 0.999972353 0.003591183 0.404237867 0.002718994 -0.003608706 0.999990029 49.377806406
0.999977351 -0.005994849 -0.003060732 0.914086070 0.006008706 0.999971809 0.004526454 0.408802443 0.003033551 -0.004544737 0.999985344 49.747991567
0.999976618 -0.006098969 -0.002998349 0.928561817 0.006117069 0.999962729 0.006056949 0.417429715 0.002961267 -0.006075152 0.999977239 50.488048627
0.999985250 -0.004848193 -0.002474729 0.939072992 0.004865033 0.999964701 0.006810749 0.424647129 0.002441680 -0.006822687 0.999973986 51.228297657
0.999990486 -0.003474128 -0.002690584 0.942395766 0.003492074 0.999971075 0.006700380 0.427345513 0.002667188 -0.006709698 0.999974719 51.588507046
0.999994710 -0.002536851 -0.001847192 0.956027016 0.002549103 0.999974712 0.006686321 0.433130141 0.001830283 -0.006690996 0.999976649 52.308605763
0.999992103 -0.003730232 -0.000820994 0.969792758 0.003734820 0.999977126 0.005669497 0.436954434 0.000799923 -0.005672529 0.999984001 53.008694098
0.999988984 -0.004654567 -0.000112248 0.979221421 0.004655082 0.999976236 0.005108284 0.438737583 0.000088428 -0.005108742 0.999987775 53.348613322
0.999982407 -0.005571797 0.001752346 1.004914133 0.005562000 0.999968856 0.005556529 0.445341872 -0.001783230 -0.005546686 0.999983443 54.048136822
0.999988361 -0.003671283 0.002998493 1.022764723 0.003657570 0.999983048 0.004561831 0.449235506 -0.003015197 -0.004550807 0.999985638 54.728018068
0.999987423 -0.003580804 0.003374324 1.031196281 0.003567472 0.999985966 0.003928906 0.450926115 -0.003388370 -0.003916815 0.999987108 55.067983298
0.999980259 -0.005265155 0.003461122 1.048030733 0.005253408 0.999980320 0.003414027 0.455556967 -0.003478961 -0.003395784 0.999988643 55.747904211
0.999962947 -0.008086340 0.002990135 1.061903678 0.008080346 0.999965258 0.002027683 0.458610578 -0.003006387 -0.002003441 0.999993999 56.427973072
0.999956444 -0.008775248 0.003054876 1.067413517 0.008769604 0.999959644 0.001875216 0.460892404 -0.003071138 -0.001848339 0.999994390 56.748044322
0.999956871 -0.008570464 0.003629255 1.079310941 0.008562243 0.999960491 0.002252503 0.466849123 -0.003648474 -0.002221327 0.999991103 57.408156240
0.999945959 -0.009476838 0.004297446 1.091223041 0.009467136 0.999952556 0.002281604 0.472166030 -0.004318839 -0.002240793 0.999988589 58.068273047
0.999935571 -0.010295860 0.004668473 1.099181099 0.010285697 0.999944571 0.002184417 0.474669663 -0.004690663 -0.002136252 0.999987628 58.398242034
0.999914243 -0.012101362 0.004907280 1.110685628 0.012084666 0.999920820 0.003418821 0.481828386 -0.004948270 -0.003359223 0.999982104 59.028329376
0.999876103 -0.014388121 0.006396354 1.133635256 0.014359353 0.999886193 0.004522468 0.489042072 -0.006460676 -0.004430053 0.999970086 59.667908035
0.999848570 -0.015710491 0.007485670 1.149128532 0.015677207 0.999867356 0.004483654 0.491709460 -0.007555121 -0.004365626 0.999962083 59.987523344
0.999814859 -0.016993172 0.009037930 1.174208010 0.016952326 0.999845486 0.004578657 0.497097906 -0.009114310 -0.004424592 0.999948950 60.606999989
0.999813287 -0.017250380 0.008674686 1.189474889 0.017208227 0.999840035 0.004908826 0.502458872 -0.008757979 -0.004758632 0.999950538 61.186879115
0.999835985 -0.015997879 0.008434627 1.193637148 0.015960789 0.999862180 0.004446553 0.504000702 -0.008504521 -0.004311189 0.999955423 61.476985926
0.999861446 -0.014087570 0.008886246 1.208597581 0.014057630 0.999894728 0.003424276 0.506794773 -0.008933527 -0.003298875 0.999954835 62.026869273
0.999810633 -0.016902153 0.009604040 1.232490458 0.016865675 0.999850089 0.003865401 0.512231178 -0.009667957 -0.003702685 0.999946495 62.576324736
0.999788909 -0.018144345 0.009653600 1.242706782 0.018104286 0.999826973 0.004221912 0.515117111 -0.009728478 -0.004046246 0.999945158 62.846124120
0.999746542 -0.020330790 0.009621783 1.262712937 0.020290634 0.999784749 0.004252242 0.519652603 -0.009706194 -0.004055925 0.999945336 63.375742302
0.999737968 -0.020558433 0.010049003 1.280722360 0.020516493 0.999780568 0.004258017 0.524112981 -0.010134319 -0.004050724 0.999940934 63.905451658
0.999758549 -0.019458142 0.010167079 1.286497629 0.019413919 0.999801419 0.004430551 0.526532044 -0.010251315 -0.004232086 0.999939089 64.165445775
0.999802909 -0.016708601 0.010664031 1.298628870 0.016667948 0.999853476 0.003888057 0.529786463 -0.010727420 -0.003709547 0.999936285 64.675410781
0.999812130 -0.016556569 0.010028631 1.313804170 0.016535949 0.999861269 0.002133986 0.531019176 -0.010062585 -0.001967747 0.999948282 65.185255335
0.999812097 -0.016723783 0.009793804 1.321682688 0.016705199 0.999858630 0.001975120 0.532772661 -0.009825399 -0.001811135 0.999950296 65.425138577
0.999790203 -0.017980742 0.009765367 1.338380649 0.017950811 0.999833963 0.003143967 0.538821455 -0.009820203 -0.002968019 0.999947446 65.904840342
0.999783129 -0.018719176 0.009082560 1.347661831 0.018687065 0.999818445 0.003607202 0.543445956 -0.009148452 -0.003436692 0.999952356 66.374880055
0.999790233 -0.018374626 0.009009856 1.353534902 0.018342294 0.999824925 0.003658117 0.545504217 -0.009075507 -0.003492080 0.999953208 66.614851568
0.999801953 -0.017821971 0.008834951 1.365391230 0.017793270 0.999836142 0.003317298 0.548720094 -0.008892582 -0.003159431 0.999956087 67.074776114
0.999816277 -0.017160742 0.008485459 1.371295996 0.017124780 0.999843764 0.004292994 0.553929078 -0.008557778 -0.004146893 0.999955453 67.514931867
0.999819864 -0.016977850 0.008489192 1.376237660 0.016935863 0.999843590 0.004994380 0.556933587 -0.008572718 -0.004849701 0.999952199 67.734916089
0.999810653 -0.017249220 0.009033908 1.391787774 0.017199638 0.999836289 0.005539756 0.561340833 -0.009127979 -0.005383327 0.999943792 68.144609581
0.999777888 -0.018610340 0.009858814 1.412242811 0.018551842 0.999809832 0.005991375 0.565821803 -0.009968415 -0.005807148 0.999933509 68.574101374
0.999783959 -0.018099838 0.010243162 1.420742967 0.018036159 0.999817379 0.006276194 0.568110053 -0.010354829 -0.006090083 0.999928628 68.783919839
0.999792596 -0.017115726 0.011036016 1.437697185 0.017027786 0.999822698 0.008014309 0.574695968 -0.011171245 -0.007824724 0.999907629 69.203541416
0.999827473 -0.015232070 0.010643164 1.445176667 0.015119769 0.999830300 0.010552788 0.582451696 -0.010802087 -0.010390051 0.999888387 69.613571720
0.999833811 -0.014846356 0.010558754 1.451748081 0.014725476 0.999826365 0.011434843 0.585603652 -0.010726575 -0.011277469 0.999879552 69.803448823
0.999832093 -0.015295509 0.010098835 1.465402473 0.015176696 0.999815717 0.011739794 0.589435024 -0.010276531 -0.011584553 0.999880737 70.193211953
0.999806303 -0.017270532 0.009428792 1.476587321 0.017151769 0.999774417 0.012534004 0.593974317 -0.009643115 -0.012369859 0.999877190 70.573070242
0.999797571 -0.017883078 0.009230408 1.491565756 0.017758495 0.999752716 0.013406837 0.599886569 -0.009467894 -0.013240207 0.999867596 71.102904403
0.999807835 -0.017426277 0.008925919 1.498966958 0.017304380 0.999757980 0.013556010 0.602934214 -0.009159894 -0.013398958 0.999869093 71.442904564
0.999814876 -0.017020418 0.008962008 1.503234963 0.016902309 0.999770787 0.013095104 0.603454159 -0.009182750 -0.012941202 0.999874461 71.602876984
0.999818974 -0.016834913 0.008896640 1.511435634 0.016731636 0.999792752 0.011559744 0.603186788 -0.009089457 -0.011408793 0.999893755 71.892816421
0.999824541 -0.016166379 0.009399500 1.521639229 0.016073305 0.999821832 0.009893583 0.602724608 -0.009557699 -0.009740765 0.999907445 72.182666747
0.999814011 -0.016765488 0.009508184 1.526448497 0.016674648 0.999814739 0.009554431 0.603380343 -0.009666552 -0.009394104 0.999909466 72.332602800
0.999798359 -0.017603701 0.009669830 1.538220387 0.017510617 0.999800031 0.009628585 0.605744827 -0.009837474 -0.009457314 0.999907500 72.592325538
0.999803526 -0.017475789 0.009299242 1.544962263 0.017377049 0.999792520 0.010595279 0.609586042 -0.009482372 -0.010431608 0.999900893 72.852263490
0.999797842 -0.017860083 0.009243396 1.548921874 0.017756446 0.999779282 0.011176966 0.611527019 -0.009440960 -0.011010576 0.999895373 72.962184299
0.999788979 -0.018037930 0.009822950 1.562390358 0.017918572 0.999766199 0.012105602 0.615027752 -0.010039001 -0.011927034 0.999879057 73.171767003
0.999804833 -0.017373626 0.009408726 1.568887359 0.017255302 0.999772196 0.012515777 0.617520809 -0.009624026 -0.012350981 0.999878258 73.381674502
0.999810262 -0.016866510 0.009702704 1.572415893 0.016744145 0.999780512 0.012557152 0.618425352 -0.009912346 -0.012392312 0.999874582 73.481613200
0.999831507 -0.015498875 0.009796054 1.575464358 0.015371350 0.999797701 0.012960937 0.620744019 -0.009994892 -0.012808179 0.999868847 73.681667899
0.999842178 -0.015078363 0.009358216 1.578634245 0.014959476 0.999807663 0.012647013 0.621672186 -0.009547028 -0.012505026 0.999876406 73.861707861
0.999837011 -0.015602807 0.009029236 1.581720006 0.015490040 0.999802320 0.012426299 0.622050145 -0.009221348 -0.012284415 0.999882224 73.951660551
0.999809950 -0.017286416 0.008943370 1.587968693 0.017174933 0.999775047 0.012395600 0.623344999 -0.009155662 -0.012239646 0.999883380 74.111536452
0.999772369 -0.019076788 0.009563723 1.597298702 0.018955890 0.999740810 0.012577240 0.624896572 -0.009801190 -0.012393084 0.999875703 74.251249131
0.999760771 -0.019874419 0.009080306 1.598019370 0.019759709 0.999725696 0.012551846 0.625331735 -0.009327231 -0.012369416 0.999880821 74.311276591
0.999751611 -0.020258135 0.009282829 1.602900986 0.020139230 0.999715590 0.012730166 0.626736345 -0.009538031 -0.012540052 0.999876098 74.441181560
0.999745088 -0.020311739 0.009797334 1.608333954 0.020185923 0.999714106 0.012774454 0.627836873 -0.010053990 -0.012573438 0.999870408 74.561053522
0.999741259 -0.020486741 0.009901565 1.610594595 0.020358658 0.999709399 0.012869030 0.628430387 -0.010162330 -0.012664118 0.999868866 74.610999142
0.999722854 -0.021394847 0.009814181 1.616557589 0.021263469 0.999685323 0.013301316 0.630156562 -0.010095671 -0.013088947 0.999864070 74.720830994
0.999686821 -0.022963873 0.009914360 1.623623517 0.022829490 0.999648247 0.013461647 0.631264577 -0.010220051 -0.013231091 0.999861140 74.810596908
0.999669309 -0.023652037 0.010100873 1.626973563 0.023513547 0.999630361 0.013617193 0.631829759 -0.010419201 -0.013375185 0.999856339 74.840472084
0.999651215 -0.024240594 0.010464506 1.633139270 0.024096983 0.999616815 0.013638020 0.632524421 -0.010791037 -0.013381110 0.999852687 74.910261094
0.999651959 -0.024299021 0.010284670 1.636946993 0.024157550 0.999614246 0.013664218 0.632966376 -0.010612706 -0.013411004 0.999854606 74.950127242
0.999658567 -0.024084175 0.010114028 1.637848819 0.023944006 0.999618409 0.013758102 0.633309751 -0.010441571 -0.013511236 0.999854520 74.970104680
0.999669032 -0.023688898 0.009974287 1.639751877 0.023550357 0.999627212 0.013785184 0.633565718 -0.010297078 -0.013545730 0.999855615 74.990037487
0.999668021 -0.023689568 0.010151054 1.643746720 0.023548570 0.999627172 0.013792574 0.633655962 -0.010474105 -0.013548953 0.999853543 74.989855600
0.999666496 -0.023735910 0.010125550 1.645762715 0.023600096 0.999632664 0.013327098 0.632891320 -0.010438044 -0.013083697 0.999860742 74.989770843
0.999660517 -0.024113752 0.009849996 1.648820532 0.023997283 0.999642831 0.011775594 0.630269788 -0.010130390 -0.011535226 0.999882698 74.989654975
0.999661821 -0.024078432 0.009842704 1.651010690 0.023987367 0.999668780 0.009269844 0.625815318 -0.010062691 -0.009030606 0.999908784 74.969573049
0.999666512 -0.023877310 0.009862466 1.653052827 0.023797327 0.999683944 0.008148900 0.623911009 -0.010053947 -0.007911483 0.999918619 74.969497000
0.999673073 -0.023587562 0.009815897 1.654635223 0.023517432 0.999697824 0.007197876 0.622219901 -0.009982741 -0.006964686 0.999925982 74.959429292
0.999676365 -0.023532183 0.009657377 1.656171986 0.023461279 0.999697593 0.007390207 0.622518211 -0.009828339 -0.007161242 0.999926494 74.949346383
0.999677395 -0.023517884 0.009620033 1.658169636 0.023447372 0.999698004 0.007378320 0.622553336 -0.009790625 -0.007150372 0.999927289 74.949255515
0.999675905 -0.023563299 0.009639509 1.660187466 0.023497651 0.999699859 0.006869031 0.621708717 -0.009798402 -0.006640290 0.999930827 74.949171370
0.999672869 -0.023689403 0.009586081 1.663203778 0.023629033 0.999700849 0.006360778 0.620896657 -0.009733935 -0.006132188 0.999934658 74.949041676
0.999672107 -0.023736213 0.009559900 1.663755130 0.023677373 0.999699835 0.006221830 0.620592576 -0.009704688 -0.005993441 0.999935049 74.939008669
0.999673703 -0.023672393 0.009536555 1.665756220 0.023614606 0.999702016 0.006126733 0.620477744 -0.009678789 -0.005899530 0.999935931 74.938918948
0.999674396 -0.023618177 0.009597565 1.667763731 0.023562465 0.999705186 0.005875540 0.620082994 -0.009733426 -0.005647485 0.999937348 74.938831365
0.999676526 -0.023551533 0.009563631 1.668765652 0.023496828 0.999707346 0.005791469 0.619965596 -0.009697215 -0.005564884 0.999937614 74.938786962
0.999681101 -0.023371772 0.009537083 1.669776746 0.023320262 0.999712854 0.005476813 0.619448315 -0.009662354 -0.005252660 0.999939547 74.938745615
0.999686576 -0.023090519 0.009609029 1.671789531 0.023042349 0.999721229 0.005093027 0.618823632 -0.009723958 -0.004870013 0.999941619 74.938659789
0.999690794 -0.022930551 0.009623442 1.672253170 0.022884985 0.999725975 0.004819903 0.618440482 -0.009731392 -0.004598179 0.999942335 74.948652748
0.999699023 -0.022520425 0.009685797 1.674192460 0.022483130 0.999739067 0.003942176 0.617116911 -0.009772023 -0.003723214 0.999946126 74.968597623
0.999708215 -0.022092400 0.009754841 1.674675133 0.022062230 0.999751616 0.003189050 0.615904003 -0.009822944 -0.002972909 0.999947532 74.978596921
0.999714252 -0.021811965 0.009789557 1.675140148 0.021784721 0.999758377 0.002882214 0.615460870 -0.009850040 -0.002668123 0.999948621 74.988590338
0.999722291 -0.021375618 0.009862359 1.675522955 0.021353887 0.999768791 0.002302670 0.614698738 -0.009909231 -0.002091420 0.999949350 75.018611553
0.999730365 -0.020986829 0.009954403 1.676905389 0.020970940 0.999778306 0.001698895 0.613919178 -0.009987860 -0.001489679 0.999949418 75.048587602
0.999734158 -0.020720856 0.010052103 1.677822579 0.020707693 0.999784607 0.001410064 0.613592749 -0.010079146 -0.001201532 0.999948497 75.068570158
0.999739677 -0.020343634 0.010280917 1.679109962 0.020335801 0.999792428 0.000865169 0.613054026 -0.010296402 -0.000655872 0.999946858 75.118569728
0.999739467 -0.020238015 0.010561528 1.681383674 0.020232480 0.999794670 0.000631485 0.613077707 -0.010572190 -0.000417631 0.999944173 75.168519702
0.999737200 -0.020231735 0.010769914 1.682746388 0.020227140 0.999795587 0.000534413 0.613157896 -0.010778561 -0.000316426 0.999942576 75.198489182
0.999730712 -0.020128533 0.011517862 1.686473736 0.020126904 0.999797183 0.000256579 0.613200875 -0.011520587 -0.000024693 0.999934105 75.258383740
0.999723933 -0.019839007 0.012539491 1.689201227 0.019840328 0.999802770 0.000018643 0.613271280 -0.012537377 0.000230158 0.999921889 75.318323387
0.999720434 -0.019610640 0.013192971 1.691017949 0.019613628 0.999807974 -0.000097882 0.613388196 -0.013188546 0.000356616 0.999913297 75.358282618
0.999718940 -0.018717368 0.014531208 1.693659562 0.018726852 0.999824772 -0.000517852 0.613299554 -0.014519005 0.000789828 0.999894315 75.438248842
0.999711337 -0.017857296 0.016052273 1.697755041 0.017875402 0.999839180 -0.000985183 0.613220214 -0.016032087 0.001271857 0.999871460 75.528159726
0.999699831 -0.017606434 0.017047111 1.700031734 0.017630816 0.999843290 -0.001280050 0.613113933 -0.017021898 0.001580219 0.999853945 75.578110693
0.999650688 -0.017420145 0.019870212 1.708485829 0.017459587 0.999845990 -0.001813659 0.613192462 -0.019835582 0.002159916 0.999801669 75.697854566
0.999566576 -0.017634457 0.023547823 1.719397316 0.017698380 0.999839914 -0.002508753 0.613092915 -0.023499742 0.002924487 0.999720065 75.827499231
0.999516853 -0.017881093 0.025419612 1.726034460 0.017961073 0.999834715 -0.002922013 0.613064526 -0.025363151 0.003377183 0.999672832 75.907283797
0.999395276 -0.018664086 0.029326110 1.740828082 0.018763263 0.999818905 -0.003110208 0.614065834 -0.029262750 0.003658679 0.999565439 76.056764215
0.999235961 -0.020167071 0.033482516 1.758941022 0.020257139 0.999791624 -0.002352760 0.616971933 -0.033428121 0.003029210 0.999436506 76.236109572
0.999153607 -0.020816128 0.035473987 1.767009559 0.020909233 0.999778477 -0.002255285 0.617932560 -0.035419164 0.002995181 0.999368402 76.325831313
0.998980886 -0.021450308 0.039696690 1.784602333 0.021552802 0.999765038 -0.002155834 0.619783137 -0.039641105 0.003009232 0.999210141 76.515220066
0.998776141 -0.022386453 0.044099628 1.803192212 0.022497030 0.999744511 -0.002012540 0.621726255 -0.044043345 0.003002197 0.999025310 76.704562813
0.998668454 -0.022908553 0.046226467 1.812723558 0.023034641 0.999732494 -0.002196655 0.622306298 -0.046163772 0.003258618 0.998929488 76.804232193
0.998424672 -0.024790679 0.050338566 1.833247224 0.024963204 0.999684392 -0.002801173 0.623165775 -0.050253290 0.004053415 0.998728294 77.013517981
0.998166288 -0.026197486 0.054565409 1.856200994 0.026394856 0.999647268 -0.002899570 0.625036829 -0.054470220 0.004334445 0.998506494 77.232695473
0.998015400 -0.026186947 0.057264316 1.868620809 0.026384624 0.999648516 -0.002698777 0.626475230 -0.057173544 0.004204319 0.998355369 77.352247758
0.997705599 -0.024637616 0.063064187 1.893012852 0.024839649 0.999688359 -0.002421260 0.629035387 -0.062985001 0.003982273 0.998006937 77.581364715
0.997427374 -0.021302750 0.068445670 1.917743903 0.021464745 0.999768093 -0.001632022 0.632742854 -0.068395093 0.003097017 0.997654011 77.840488299
0.997268413 -0.019216984 0.071323261 1.931509004 0.019345093 0.999812240 -0.001105718 0.635021221 -0.071288693 0.002482424 0.997452918 77.990004259
0.996874683 -0.016530919 0.077243023 1.962139791 0.016605846 0.999862182 -0.000327907 0.638994922 -0.077226928 0.001609570 0.997012622 78.268879374
0.996368525 -0.016967789 0.083432848 2.001244540 0.017053982 0.999854175 -0.000320516 0.641866222 -0.083415277 0.001742225 0.996513713 78.557390546
0.996087000 -0.017350143 0.086655303 2.021565870 0.017435469 0.999847371 -0.000227755 0.643426034 -0.086638265 0.001737744 0.996238683 78.696604869
0.995450530 -0.017514726 0.093654281 2.065225528 0.017645031 0.999844229 -0.000563400 0.645703607 -0.093629898 0.002213371 0.995604963 78.974904050
0.994811512 -0.017686973 0.100179879 2.110265098 0.017922478 0.999838113 -0.001451182 0.647311588 -0.100137989 0.003239216 0.994968464 79.283178440
0.994465076 -0.018289592 0.103463240 2.135061420 0.018601167 0.999824800 -0.002047238 0.647858704 -0.103407665 0.003960489 0.994631583 79.432209333
0.993776756 -0.018860108 0.109782479 2.185529519 0.019249635 0.999811499 -0.002489247 0.650445973 -0.109714927 0.004587008 0.993952519 79.750239775
0.993073726 -0.018436745 0.116038721 2.237421903 0.018823730 0.999819847 -0.002239836 0.654332167 -0.115976659 0.004408573 0.993242279 80.078205023
0.992742556 -0.017226902 0.119021489 2.260630326 0.017560843 0.999844213 -0.001757283 0.656810320 -0.118972699 0.003834662 0.992890642 80.237301792
0.992015861 -0.014954269 0.125224079 2.313992169 0.015323325 0.999880740 -0.001984351 0.660026016 -0.125179592 0.003887382 0.992126907 80.575216894
0.991259810 -0.014339594 0.131144749 2.374281580 0.014854985 0.999885379 -0.002952429 0.662260877 -0.131087478 0.004874756 0.991359360 80.932847756
0.990877855 -0.014250266 0.134009677 2.405890242 0.014887554 0.999881847 -0.003754517 0.662947738 -0.133940398 0.005715336 0.990973163 81.121611209
0.990009033 -0.015661387 0.140133773 2.477078446 0.016504345 0.999852205 -0.004855112 0.665321708 -0.140037059 0.007119491 0.990121463 81.498768075
0.989115223 -0.015914180 0.146279204 2.549214684 0.016778172 0.999848090 -0.004674527 0.669927592 -0.146183296 0.007077931 0.989232648 81.875862589
0.988650562 -0.016791954 0.149289342 2.588221320 0.017631745 0.999835498 -0.004303515 0.672858506 -0.149191856 0.006886888 0.988784637 82.074281830
0.987756903 -0.018324054 0.154917446 2.662895782 0.019175294 0.999807639 -0.004002178 0.677665297 -0.154814753 0.006923752 0.987919227 82.441248880
0.986848404 -0.019821393 0.160429716 2.739639441 0.020980137 0.999764814 -0.005531900 0.679388123 -0.160282078 0.008825055 0.987031918 82.808148894
0.986312219 -0.019646399 0.163712612 2.780721693 0.021101850 0.999751712 -0.007155789 0.678955156 -0.163531308 0.010512539 0.986482745 83.006503238
0.985272200 -0.021441317 0.169644040 2.872289160 0.023378157 0.999682479 -0.009427644 0.680048493 -0.169388180 0.013254842 0.985460745 83.412779293
0.984607548 -0.025406780 0.172919411 2.959296331 0.027354178 0.999586248 -0.008887891 0.685873439 -0.172622999 0.013481198 0.984896135 83.809210362
0.984378952 -0.026928120 0.173990446 3.000757378 0.028875863 0.999544960 -0.008672394 0.688756240 -0.173677964 0.013561037 0.984709565 84.017529403
0.983739522 -0.033092567 0.176524978 3.095091780 0.034978161 0.999359083 -0.007579829 0.696006386 -0.176161564 0.013631088 0.984267842 84.443647878
0.983286975 -0.036206704 0.178425990 3.184485600 0.038219748 0.999238618 -0.007856953 0.700834404 -0.178005140 0.014545032 0.983922788 84.870011358
0.983165428 -0.037984459 0.178726250 3.226988467 0.040197429 0.999153506 -0.008775515 0.701860315 -0.178242036 0.015812126 0.983860089 85.078299287
0.983137695 -0.038589527 0.178749473 3.311381625 0.040832215 0.999126302 -0.008883053 0.706885438 -0.178250293 0.016031997 0.983854964 85.504887758
0.983264257 -0.037790408 0.178219096 3.396722241 0.040222949 0.999140444 -0.010054506 0.710264517 -0.177686141 0.017054774 0.983940232 85.951468867
0.983232251 -0.038264011 0.178294999 3.442146370 0.040954953 0.999094956 -0.011435094 0.710719205 -0.177696050 0.018545402 0.983910734 86.179650624
0.983083091 -0.038155970 0.179142078 3.529083828 0.041315254 0.999048950 -0.013936720 0.711777360 -0.178440211 0.021102228 0.983724868 86.616168837
0.983045120 -0.040329845 0.178872963 3.619402060 0.044098702 0.998879837 -0.017142442 0.712061089 -0.177981139 0.024739912 0.983722850 87.082572460
0.983140839 -0.042026734 0.177951991 3.663748366 0.045688595 0.998819158 -0.016528125 0.715942208 -0.177047266 0.024379901 0.983900419 87.310773336
0.982937381 -0.047457765 0.177710294 3.756962177 0.050892367 0.998593653 -0.014816224 0.724580289 -0.176756867 0.023607585 0.983971596 87.756951868
0.982849383 -0.048285306 0.177977257 3.850503302 0.051262411 0.998611369 -0.012164220 0.734875530 -0.177142501 0.021079117 0.983959498 88.233133131
0.982869187 -0.047660966 0.178036335 3.896761839 0.050543309 0.998653159 -0.011686463 0.738612733 -0.177240266 0.020484849 0.983954674 88.481269869
0.983185018 -0.045874358 0.176753621 3.986858670 0.048672348 0.998747946 -0.011524551 0.744645689 -0.176004030 0.019933832 0.984187608 88.967654927
0.983663635 -0.043753341 0.174615938 4.074433098 0.046544426 0.998844986 -0.011919101 0.749787940 -0.173893007 0.019851850 0.984565238 89.464172719
0.983838215 -0.043060748 0.173801394 4.118264282 0.045848283 0.998875691 -0.012053832 0.752393602 -0.173087019 0.019827493 0.984707445 89.702418671
0.984188902 -0.042264438 0.172002309 4.210854965 0.045176182 0.998893952 -0.013048360 0.756658946 -0.171260128 0.020612508 0.985010866 90.198716666
0.984779102 -0.042231087 0.168599951 4.301345151 0.045205045 0.998881573 -0.013837807 0.761469904 -0.167827454 0.021248682 0.985587404 90.715126452
0.985060161 -0.043369678 0.166660825 4.350033104 0.046158919 0.998850952 -0.012897078 0.766248675 -0.165909413 0.020397304 0.985930428 90.973154664
