1.000000000 -0.000000000 0.000000000 0.000000000 -0.000000000 1.000000000 -0.000000000 0.000000000 -0.000000000 0.000000000 1.000000000 0.000000000
0.999990241 0.004080385 -0.001727987 -0.000063483 -0.004077364 0.999989652 0.001718210 0.001771592 0.001734992 -0.001711141 0.999996694 0.340018971
0.999869711 0.015092932 -0.005767343 -0.009575537 -0.015095014 0.999886287 -0.000304020 -0.003866837 0.005762101 0.000391046 0.999983558 1.019949085
0.999948495 0.005157935 -0.008704899 0.012732518 -0.005213016 0.999966376 -0.006315267 -0.016744586 0.008672035 0.006360335 0.999941861 1.690159380
0.999903000 -0.008706997 -0.010812695 0.034285156 0.008595792 0.999910473 -0.010292705 -0.024730573 0.010901348 0.010198777 0.999888402 2.030358281
0.999817635 -0.012736335 -0.014179005 0.044913957 0.012382806 0.999616602 -0.024750845 -0.051655605 0.014488811 0.024570772 0.999592995 2.710429045
0.999868775 -0.000088227 -0.016203344 0.028549425 -0.000479149 0.999387236 -0.035007839 -0.071161666 0.016196501 0.035010961 0.999255399 3.420265948
0.999849401 0.003275114 -0.017015738 0.025225973 -0.003881635 0.999353864 -0.035739053 -0.073405292 0.016887699 0.035799780 0.999216205 3.770246096
0.999757393 -0.001654093 -0.021969431 0.027667803 0.000891096 0.999397532 -0.034691719 -0.073668875 0.022013604 0.034663770 0.999156338 4.480300940
0.999591684 -0.007746197 -0.027481205 0.028565663 0.006962831 0.999569731 -0.028489073 -0.065055493 0.027690062 0.028286062 0.999216687 5.180360583
0.999561660 -0.008262521 -0.028408085 0.025517406 0.007579633 0.999681603 -0.024063437 -0.058368867 0.028597790 0.023837591 0.999306848 5.540363528
0.999580252 -0.005725119 -0.028407152 0.019539282 0.005191771 0.999809819 -0.018813911 -0.051091801 0.028509472 0.018658593 0.999419484 6.220355185
0.999532152 0.000602685 -0.030566662 0.001328709 -0.001157840 0.999834901 -0.018149517 -0.051471957 0.030550660 0.018176419 0.999367820 6.890215382
0.999495881 0.002615148 -0.031623427 -0.007855470 -0.003195625 0.999826530 -0.018321116 -0.052457439 0.031570057 0.018412974 0.999331586 7.230143214
0.999494996 0.004054826 -0.031514548 -0.015343699 -0.004658069 0.999807204 -0.019089617 -0.055312743 0.031431005 0.019226790 0.999320899 7.920098819
0.999481083 0.003382916 -0.032018943 -0.022945305 -0.004030195 0.999788051 -0.020173401 -0.058679771 0.031943989 0.020291933 0.999283796 8.620052693
0.999448580 0.003054713 -0.033066538 -0.030174327 -0.003707825 0.999798779 -0.019708967 -0.058550710 0.032999648 0.019820675 0.999259056 8.970001681
0.999442629 0.001224448 -0.033341298 -0.032565030 -0.001862124 0.999815785 -0.019101060 -0.059133825 0.033311793 0.019152519 0.999261841 9.660009842
0.999420058 0.000214363 -0.034045445 -0.036232172 -0.000887044 0.999804725 -0.019744257 -0.061928201 0.034034575 0.019763105 0.999224850 10.370002127
0.999414751 0.000407116 -0.034195700 -0.036543490 -0.001104788 0.999791111 -0.020383174 -0.063935556 0.034180250 0.020409102 0.999207034 10.720010881
0.999391041 0.000597392 -0.034884591 -0.039309685 -0.001332782 0.999777493 -0.021062026 -0.066913111 0.034864256 0.021095677 0.999169107 11.440011620
0.999360202 0.001405317 -0.035726184 -0.046942842 -0.002164359 0.999772790 -0.021216168 -0.068803551 0.035688165 0.021279907 0.999136918 12.149968930
0.999357261 0.001339308 -0.035821524 -0.049191525 -0.002092430 0.999777091 -0.020993761 -0.069249881 0.035785501 0.021055191 0.999137522 12.499963077
0.999343028 0.001578943 -0.036196378 -0.054696827 -0.002232140 0.999835008 -0.018011432 -0.065829345 0.036161977 0.018080417 0.999182632 13.219952444
0.999296149 -0.000650751 -0.037489770 -0.062191524 -0.000008986 0.999844987 -0.017596093 -0.066598581 0.037495423 0.017584129 0.999142491 13.919913067
0.999303143 -0.000988792 -0.037316793 -0.065434795 0.000342158 0.999849613 -0.017330509 -0.066893863 0.037328358 0.017305675 0.999153693 14.269898276
0.999295052 -0.001589524 -0.037507092 -0.069279760 0.000919959 0.999839983 -0.017862492 -0.069522696 0.037529471 0.017815376 0.999136740 14.999890190
0.999377317 -0.000276646 -0.035277811 -0.069100433 -0.000406902 0.999811942 -0.019367273 -0.073882604 0.035276597 0.019369526 0.999190194 15.719915330
0.999384679 0.000576213 -0.035074772 -0.072537974 -0.001249551 0.999815288 -0.019178789 -0.074412003 0.035057290 0.019210877 0.999200505 16.089899130
0.999421466 0.000525099 -0.033998402 -0.074292090 -0.001107158 0.999852821 -0.017102979 -0.072629096 0.033984399 0.017130688 0.999275139 16.829920764
0.999479312 -0.001697670 -0.032199105 -0.068044688 0.001214812 0.999886876 -0.015008728 -0.070965495 0.032220897 0.014961841 0.999368554 17.570016736
0.999499657 -0.002019280 -0.031558455 -0.064360275 0.001566126 0.999895771 -0.014377714 -0.070911463 0.031584136 0.014321133 0.999398925 17.930067767
0.999515417 -0.001716991 -0.031057040 -0.063198475 0.001300468 0.999908796 -0.013426499 -0.071230298 0.031077271 0.013379636 0.999427707 18.670111934
0.999556120 -0.001552142 -0.029744212 -0.054943615 0.001143473 0.999905157 -0.013750047 -0.073911040 0.029762642 0.013709980 0.999463232 19.390216083
0.999581033 -0.001568299 -0.028903502 -0.048399507 0.001171154 0.999904813 -0.013752683 -0.075081654 0.028922297 0.013713129 0.999488065 19.760291525
0.999556883 -0.001544592 -0.029729523 -0.045163116 0.001158495 0.999914809 -0.012997140 -0.075870283 0.029747082 0.012956937 0.999474036 20.490353534
0.999529009 -0.000585847 -0.030688583 -0.045875880 0.000231899 0.999933128 -0.011534232 -0.075345324 0.030693314 0.011521710 0.999462333 21.220381633
0.999539916 -0.000529277 -0.030325337 -0.043347130 0.000172144 0.999930164 -0.011777198 -0.076810983 0.030329467 0.011766522 0.999471182 21.590418985
0.999476766 -0.000237686 -0.032350548 -0.048265820 -0.000106043 0.999943167 -0.010619798 -0.076725264 0.032351255 0.010617677 0.999419862 22.340407818
0.999483396 -0.000553537 -0.032134565 -0.045141984 0.000226018 0.999948290 -0.010194419 -0.078005633 0.032138543 0.010181893 0.999431817 23.080468149
0.999483833 -0.000371512 -0.032127392 -0.042792289 0.000040166 0.999946476 -0.010314583 -0.079335723 0.032129535 0.010307972 0.999430618 23.470505052
0.999519717 -0.000094899 -0.030997161 -0.034795433 -0.000266128 0.999931622 -0.011641109 -0.083799267 0.030996239 0.011643799 0.999452219 24.210603768
0.999509310 0.000024408 -0.031322576 -0.030631067 -0.000397653 0.999929013 -0.011907319 -0.086357568 0.031320066 0.011913888 0.999438596 24.940670511
0.999452517 -0.000208730 -0.033069136 -0.035102669 -0.000193684 0.999925949 -0.012163965 -0.087695104 0.033069168 0.012163760 0.999378742 25.310642881
0.999421241 -0.000359464 -0.034013743 -0.037114078 -0.000060441 0.999923692 -0.012343190 -0.089920948 0.034015615 0.012338077 0.999345537 26.060653701
0.999414911 0.001362456 -0.034166811 -0.040265935 -0.001813508 0.999911568 -0.013174059 -0.093296796 0.034145881 0.013228345 0.999329270 26.820651803
0.999420749 0.001321704 -0.033988543 -0.038893257 -0.001809277 0.999895263 -0.014318435 -0.096292137 0.033966037 0.014371581 0.999319398 27.200675450
0.999360115 0.002606085 -0.035661693 -0.047057114 -0.003154612 0.999877668 -0.015335312 -0.099861941 0.035617369 0.015437966 0.999246544 27.960626394
0.999392789 0.003840502 -0.034618810 -0.048840204 -0.004223556 0.999930115 -0.010998594 -0.094296565 0.034574159 0.011138142 0.999339873 28.720657053
0.999393013 0.005580854 -0.034374678 -0.053409447 -0.005928744 0.999931928 -0.010026457 -0.093520214 0.034316474 0.010224169 0.999359302 29.110634112
0.999358860 0.007109981 -0.035091071 -0.058461141 -0.007400043 0.999939799 -0.008143550 -0.092179877 0.035031131 0.008398009 0.999350791 29.880625403
0.999375481 0.007831836 -0.034441036 -0.056352752 -0.008064420 0.999945032 -0.006617692 -0.091572832 0.034387285 0.006891311 0.999385231 30.630680906
0.999391138 0.007404555 -0.034094183 -0.055002579 -0.007640008 0.999948229 -0.006779460 -0.092871773 0.034042255 0.007035821 0.999396107 31.020708559
0.999365157 0.008550454 -0.034576076 -0.062106470 -0.008797146 0.999936444 -0.006989237 -0.095003975 0.034514073 0.007288969 0.999378149 31.780672568
0.999401173 0.006072249 -0.034046820 -0.061333732 -0.006336601 0.999950839 -0.007662513 -0.098046968 0.033998632 0.007873674 0.999390593 32.550708456
0.999419684 0.002737672 -0.033955513 -0.058988561 -0.003009365 0.999963503 -0.007953297 -0.099486965 0.033932568 0.008050873 0.999391801 32.940745074
0.999449458 -0.002433208 -0.033075456 -0.051503791 0.002144259 0.999959455 -0.008768014 -0.102934320 0.033095417 0.008692276 0.999414203 33.740844026
0.999465499 -0.005687450 -0.032183625 -0.047734022 0.005426435 0.999952019 -0.008192986 -0.103864795 0.032228693 0.008013979 0.999448792 34.520912994
0.999482744 -0.004219458 -0.031866693 -0.050451427 0.003925194 0.999948679 -0.009290321 -0.106727703 0.031904215 0.009160440 0.999449317 34.910899261
0.999516342 0.000073513 -0.031085504 -0.054951381 -0.000499109 0.999906358 -0.013683734 -0.116299268 0.031081596 0.013692638 0.999422872 35.680871537
0.999495266 -0.000094435 -0.031759400 -0.057464517 -0.000446449 0.999854562 -0.017022670 -0.123986943 0.031756347 0.017028311 0.999350194 36.460866967
0.999459972 -0.001041687 -0.032828302 -0.062219507 0.000471065 0.999848644 -0.017385521 -0.125480821 0.032841499 0.017360682 0.999309424 36.860837728
0.999434839 0.000308338 -0.033604919 -0.070666008 -0.000796339 0.999894527 -0.014508597 -0.122459175 0.033596993 0.014527139 0.999329554 37.680803390
0.999513658 0.003899031 -0.030938895 -0.073884746 -0.004202569 0.999943986 -0.009754579 -0.116243966 0.030899163 0.009879861 0.999473940 38.490824403
0.999510986 0.004952706 -0.030867031 -0.078596862 -0.005207721 0.999952658 -0.008185594 -0.114452794 0.030825109 0.008342342 0.999490085 38.900803297
0.999452025 0.006693432 -0.032411716 -0.094978080 -0.006926846 0.999950741 -0.007096417 -0.114175092 0.032362624 0.007317050 0.999449093 39.700687987
0.999396445 0.005555161 -0.034285038 -0.109696384 -0.005838704 0.999949810 -0.008175644 -0.117640877 0.034237902 0.008370894 0.999379236 40.520580812
0.999365499 0.003907404 -0.035405347 -0.116517852 -0.004246909 0.999945210 -0.009517064 -0.120711063 0.035366189 0.009661391 0.999327819 40.920528817
0.999318766 0.001474055 -0.036875844 -0.130041131 -0.001863136 0.999942875 -0.010520217 -0.123943906 0.036858200 0.010581753 0.999264886 41.720432379
0.999222859 0.002630798 -0.039329623 -0.155475611 -0.003037028 0.999942823 -0.010273254 -0.124784670 0.039300319 0.010384728 0.999173552 42.520230186
0.999215866 0.001610152 -0.039543666 -0.163148984 -0.001989438 0.999951766 -0.009555380 -0.124236755 0.039526483 0.009626567 0.999172146 42.920178258
0.999210080 -0.002367162 -0.039655012 -0.171337180 0.002083183 0.999971852 -0.007200231 -0.121668250 0.039670953 0.007111936 0.999187323 43.710143946
0.999196603 0.002069313 -0.040023431 -0.188500323 -0.002349301 0.999972627 -0.006947694 -0.122801699 0.040007929 0.007036145 0.999174447 44.480016841
0.999203478 -0.000034694 -0.039911263 -0.187108842 -0.000332717 0.999957496 -0.009199953 -0.127583364 0.039909853 0.009205906 0.999160505 44.850036248
0.999145316 -0.006747415 -0.040779437 -0.188575391 0.006151779 0.999872832 -0.014713365 -0.138645032 0.040873512 0.014449908 0.999060201 45.610033045
0.999130780 -0.004761094 -0.041413947 -0.200231949 0.003874601 0.999762336 -0.021458915 -0.151885246 0.041506364 0.021279796 0.998911344 46.379930475
0.999143337 -0.001652759 -0.041351818 -0.209888962 0.000699419 0.999734010 -0.023059043 -0.155387221 0.041378945 0.023010391 0.998878379 46.759850167
0.999123048 -0.000680642 -0.041864275 -0.224115629 -0.000315479 0.999717040 -0.023782286 -0.158122836 0.041868632 0.023774652 0.998839999 47.529746892
0.999071697 -0.002318703 -0.043002950 -0.235124157 0.001398740 0.999769778 -0.021412668 -0.155616435 0.043042702 0.021332585 0.998845629 48.299685227
0.999067393 -0.002616911 -0.043103846 -0.242672940 0.001803394 0.999819640 -0.018901208 -0.152041093 0.043145563 0.018805899 0.998892251 48.699641164
0.999137528 -0.001950305 -0.041471373 -0.255728510 0.001289752 0.999871862 -0.015949738 -0.148395465 0.041497204 0.015882494 0.999012010 49.479563397
0.999103712 0.003056645 -0.042213489 -0.283080428 -0.003783571 0.999845300 -0.017148610 -0.151677487 0.042154587 0.017292880 0.998961435 50.259337001
0.999042757 0.005509090 -0.043399168 -0.298817520 -0.006322262 0.999806308 -0.018622507 -0.154764916 0.043288250 0.018879030 0.998884115 50.649201385
0.999035911 0.004528141 -0.043669797 -0.317240877 -0.005504485 0.999737233 -0.022263345 -0.162201832 0.043557609 0.022482198 0.998797527 51.419048574
0.999037936 0.002973497 -0.043756936 -0.334438560 -0.003969978 0.999734188 -0.022702802 -0.164174567 0.043677731 0.022854714 0.998784741 52.188919289
0.999029966 0.003373835 -0.043897168 -0.345861884 -0.004302691 0.999767918 -0.021082436 -0.161959050 0.043815926 0.021250848 0.998814022 52.568835172
0.999056742 0.005570077 -0.043055950 -0.371757674 -0.006375789 0.999806860 -0.018599339 -0.158663521 0.042944046 0.018856299 0.998899366 53.328635995
0.999054864 0.006223029 -0.043019622 -0.393633283 -0.006964713 0.999828820 -0.017112745 -0.157198982 0.042905823 0.017396168 0.998927997 54.078469786
0.998985100 0.004812375 -0.044772472 -0.433268165 -0.005661925 0.999805377 -0.018867677 -0.161565031 0.044672938 0.019102043 0.998818766 55.208142574
0.998962416 0.002933335 -0.045434155 -0.459392875 -0.003771202 0.999824164 -0.018368894 -0.161588840 0.045372245 0.018521240 0.998798700 55.977934374
0.999001112 0.003148168 -0.044580311 -0.468024350 -0.003971737 0.999823239 -0.018397225 -0.162246566 0.044514522 0.018555942 0.998836599 56.367870385
0.999093438 0.005005178 -0.042271131 -0.485084396 -0.005779188 0.999817188 -0.018207985 -0.163118079 0.042172273 0.018435836 0.998940551 57.127744361
0.999087598 0.007038024 -0.042112159 -0.506265663 -0.007761745 0.999824404 -0.017046606 -0.162370581 0.041984821 0.017357954 0.998967606 57.907584418
0.999067480 0.007717868 -0.042468801 -0.518966361 -0.008490909 0.999800732 -0.018053511 -0.164632240 0.042321035 0.018397288 0.998935050 58.297478939
0.999051834 0.005665287 -0.043155722 -0.540426413 -0.006573670 0.999758827 -0.020933889 -0.170658984 0.043026766 0.021197788 0.998849265 59.077301398
0.999057921 0.005676547 -0.043028717 -0.563579696 -0.006575694 0.999762758 -0.020783906 -0.171435681 0.042900512 0.021047295 0.998857782 59.847119235
0.999064265 0.006590360 -0.042747840 -0.578125653 -0.007434928 0.999779103 -0.019628065 -0.169898217 0.042609056 0.019927599 0.998892961 60.237004963
0.999048900 0.008767473 -0.042698459 -0.609050713 -0.009525981 0.999799646 -0.017593472 -0.167216287 0.042535680 0.017983552 0.998932928 60.996757539
0.999088139 0.008792777 -0.041771537 -0.628904964 -0.009406362 0.999850664 -0.014515903 -0.163028573 0.041637669 0.014895559 0.999021387 61.756616665
0.999072379 0.009094139 -0.042089228 -0.641459279 -0.009667976 0.999863009 -0.013450942 -0.161733255 0.041961058 0.013845447 0.999023783 62.146520426
0.999061470 0.007761403 -0.042612704 -0.665464579 -0.008302695 0.999886330 -0.012539715 -0.161137784 0.042510604 0.012881730 0.999012919 62.906332897
0.999069358 0.008986735 -0.042189627 -0.688576854 -0.009547622 0.999868322 -0.013110924 -0.163161262 0.042066201 0.013501542 0.999023600 63.666147896
0.999088707 0.009656873 -0.041565656 -0.697213374 -0.010268049 0.999842037 -0.014516392 -0.166184820 0.041418857 0.014929997 0.999030305 64.046078161
0.999091528 0.010340857 -0.041348018 -0.720242400 -0.011033466 0.999801516 -0.016554813 -0.170671888 0.041168677 0.016995979 0.999007821 64.785887562
0.999110742 0.010795509 -0.040749885 -0.739410453 -0.011532567 0.999773282 -0.017896150 -0.174128852 0.040547422 0.018350217 0.999009427 65.545736160
0.999103666 0.011446811 -0.040741540 -0.750061531 -0.012195878 0.999759669 -0.018185725 -0.175223855 0.040523587 0.018666374 0.999003864 65.935652373
0.999122778 0.012128830 -0.040073042 -0.768072579 -0.012829764 0.999767932 -0.017281457 -0.174885221 0.039854231 0.017780410 0.999047100 66.695520162
0.999083782 0.016054799 -0.039672156 -0.790099805 -0.016723674 0.999722879 -0.016586525 -0.174861616 0.039394825 0.017234786 0.999075377 67.455349809
0.999093859 0.016715962 -0.039127314 -0.797551770 -0.017328014 0.999731854 -0.015355789 -0.173420144 0.038860157 0.016019914 0.999116183 67.835301004
0.999068685 0.019675087 -0.038394086 -0.817508185 -0.020112243 0.999737150 -0.011032489 -0.167228449 0.038166926 0.011794399 0.999201595 68.615164535
0.999094840 0.019752950 -0.037675801 -0.830619897 -0.020199502 0.999729732 -0.011509989 -0.169433533 0.037438243 0.012260630 0.999224235 69.375072370
0.999128568 0.019626471 -0.036841582 -0.834299105 -0.020134971 0.999705852 -0.013480380 -0.173592005 0.036566260 0.014210408 0.999230650 69.755046341
0.999182120 0.020624605 -0.034784427 -0.843484609 -0.021293679 0.999593468 -0.018974190 -0.184398009 0.034378994 0.019699317 0.999214665 70.484970359
0.999199649 0.020917966 -0.034098724 -0.850545657 -0.021697042 0.999507829 -0.022639461 -0.192218901 0.033608429 0.023361131 0.999161941 71.214920792
0.999257253 0.020807309 -0.032420734 -0.848935836 -0.021520261 0.999530678 -0.021801239 -0.191695075 0.031951881 0.022482809 0.999236444 71.584953981
0.999406697 0.019705802 -0.028245247 -0.839460125 -0.020212640 0.999637828 -0.017774047 -0.186785603 0.027884782 0.018334486 0.999443297 72.315086778
0.999517063 0.017178600 -0.025879819 -0.827026968 -0.017552262 0.999744195 -0.014280456 -0.182968730 0.025627897 0.014727795 0.999563090 73.045244728
0.999593927 0.015834442 -0.023661479 -0.816398946 -0.016179044 0.999764233 -0.014446948 -0.184421649 0.023427153 0.014823913 0.999615405 73.405357160
0.999692575 0.015385964 -0.019434467 -0.799270924 -0.015709163 0.999739291 -0.016589428 -0.190360207 0.019174157 0.016889571 0.999674072 74.125536824
0.999747581 0.015343039 -0.016411758 -0.782100139 -0.015639264 0.999714304 -0.018074852 -0.195259647 0.016129744 0.018326982 0.999701965 74.845719186
0.999758544 0.015625636 -0.015433448 -0.775403702 -0.015911173 0.999701455 -0.018555005 -0.197215277 0.015138909 0.018796010 0.999709023 75.195793390
0.999801424 0.015381732 -0.012627921 -0.762968188 -0.015587084 0.999745404 -0.016335983 -0.195584388 0.012373429 0.016529629 0.999787095 75.915946063
0.999840869 0.015585320 -0.008642975 -0.745676815 -0.015712225 0.999766146 -0.014818320 -0.195310384 0.008410015 0.014951800 0.999852609 76.646141464
0.999872561 0.014889492 -0.005680869 -0.735127630 -0.014972141 0.999777966 -0.014792252 -0.196435740 0.005459356 0.014875436 0.999874283 77.016254346
0.999888854 0.014915098 0.000363598 -0.714802851 -0.014908495 0.999788762 -0.014173635 -0.197651839 -0.000574939 0.014166566 0.999900006 77.736474269
0.999886452 0.012592408 0.008253371 -0.681525819 -0.012474440 0.999821501 -0.014192078 -0.200282023 -0.008430684 0.014087580 0.999865519 78.456811820
0.999871491 0.011367020 0.011264785 -0.665016922 -0.011201059 0.999829674 -0.014685626 -0.202503503 -0.011429842 0.014557596 0.999828499 78.826977839
0.999769462 0.008972817 0.019482025 -0.620961926 -0.008705432 0.999867647 -0.013769536 -0.204014049 -0.019603044 0.013596715 0.999715131 79.577419735
0.999625291 0.007323285 0.026370891 -0.577063482 -0.006964207 0.999881754 -0.013682077 -0.207085427 -0.026467949 0.013493263 0.999558541 80.337857175
0.999507028 0.005752353 0.030866473 -0.549493645 -0.005345464 0.999897437 -0.013250644 -0.208040919 -0.030939574 0.013079133 0.999435402 80.708129123
0.999258255 0.002876079 0.038401845 -0.492419784 -0.002420702 0.999926052 -0.011901030 -0.209346926 -0.038433162 0.011799252 0.999191631 81.458692850
0.998991515 0.000970546 0.044880430 -0.433422127 -0.000453008 0.999933161 -0.011541936 -0.212543678 -0.044888590 0.011509980 0.998925812 82.209270327
0.998817731 0.000754585 0.048606176 -0.402925571 -0.000233513 0.999942149 -0.010725051 -0.213095199 -0.048611495 0.010701029 0.998760348 82.589570916
0.998409350 0.000399136 0.056382953 -0.338058141 0.000211030 0.999941481 -0.010815365 -0.217330283 -0.056383976 0.010810069 0.998350631 83.350201280
0.997928861 0.000823961 0.064317789 -0.263105665 -0.000039119 0.999925455 -0.012203146 -0.224180587 -0.064323074 0.012175367 0.997854511 84.090918960
0.997617952 0.000755326 0.068971820 -0.219640109 0.000141995 0.999915172 -0.013004322 -0.227982475 -0.068975786 0.012983181 0.997534112 84.461332806
0.997007936 0.001002277 0.077289663 -0.129811583 0.000233950 0.999872270 -0.015983735 -0.238137610 -0.077295752 0.015954025 0.996881032 85.202181863
0.996319077 0.002334691 0.085692377 -0.042882527 -0.000834366 0.999845696 -0.017540412 -0.245791343 -0.085720127 0.017404355 0.996166890 85.943009425
0.995894240 0.004098570 0.090425625 0.003614078 -0.002496945 0.999837861 -0.017818877 -0.248897351 -0.090483888 0.017519987 0.995744382 86.313453071
0.995133247 0.006682892 0.098305894 0.098579193 -0.004865685 0.999812958 -0.018712880 -0.255831103 -0.098412791 0.018143454 0.994980834 87.054357150
0.994307165 0.007395384 0.106291746 0.201536892 -0.005475486 0.999816929 -0.018342519 -0.260858043 -0.106407211 0.017656083 0.994166068 87.805340428
0.993904000 0.007451288 0.109995147 0.255053175 -0.005474794 0.999817917 -0.018259686 -0.263622572 -0.110111138 0.017546201 0.993764759 88.175850277
0.993174153 0.009415456 0.116259612 0.365094287 -0.007544929 0.999835402 -0.016519383 -0.266759349 -0.116395815 0.015529459 0.993081983 88.926903781
0.992130141 0.010765083 0.124749100 0.482295893 -0.008941632 0.999845060 -0.015167311 -0.270619427 -0.124893031 0.013932489 0.992072077 89.658021523
0.991742847 0.011738208 0.127702667 0.537955025 -0.009992521 0.999847708 -0.014302082 -0.272195161 -0.127851104 0.012907921 0.991709511 90.018553523
0.990944360 0.010128570 0.133891265 0.659141971 -0.008450798 0.999878683 -0.013093538 -0.276489574 -0.134008419 0.011843494 0.990909846 90.749707459
0.989984047 0.006287598 0.141039345 0.792264378 -0.004535863 0.999908314 -0.012738292 -0.282586566 -0.141107031 0.011970976 0.989922228 91.480968683
0.989433249 0.005822260 0.144874035 0.860668635 -0.003822959 0.999893798 -0.014075080 -0.288366172 -0.144940764 0.013372490 0.989349992 91.851610662
0.988455304 0.006818805 0.151355513 0.995439453 -0.004263129 0.999843025 -0.017203286 -0.300802287 -0.151449155 0.016359506 0.988329446 92.592873680
0.987281925 0.007003045 0.158821366 1.137447058 -0.004365586 0.999846280 -0.016949456 -0.307621407 -0.158916664 0.016040516 0.987161557 93.334216604
0.986647717 0.008641220 0.162639840 1.208942808 -0.005972196 0.999839811 -0.016892138 -0.311236381 -0.162760311 0.015695258 0.986541255 93.704892198
0.984992476 0.010487362 0.172274468 1.359330413 -0.008224434 0.999869947 -0.013844048 -0.313464495 -0.172397172 0.012219427 0.984951752 94.426322497
0.983239079 0.013025052 0.181853009 1.510613510 -0.010978482 0.999864215 -0.012256239 -0.318251610 -0.181988057 0.010054363 0.983249489 95.147755478
0.982268111 0.014739644 0.186900896 1.590219111 -0.012484056 0.999834086 -0.013239604 -0.323839998 -0.187065676 0.010671570 0.982289328 95.498501394
0.980301468 0.018871680 0.196601899 1.754938244 -0.015081597 0.999670622 -0.020757723 -0.344847632 -0.196928215 0.017383739 0.980264032 96.210023271
0.978518422 0.024373850 0.204711617 1.919388570 -0.018459142 0.999355933 -0.030753675 -0.370143780 -0.205329703 0.026314249 0.978339419 96.931533607
0.977551627 0.027304934 0.208918565 2.005666208 -0.020720030 0.999219468 -0.033643256 -0.379351639 -0.209674921 0.028559176 0.977354197 97.302334635
0.975162115 0.032396739 0.219111345 2.192420903 -0.025290642 0.999061484 -0.035159520 -0.390951773 -0.220044794 0.028744805 0.975066761 98.054084625
0.972785893 0.032776255 0.229373651 2.393696043 -0.026804898 0.999217098 -0.029101535 -0.390178886 -0.230147765 0.022161285 0.972903748 98.805997388
0.971581851 0.033015785 0.234388984 2.495321471 -0.027785455 0.999286217 -0.025583123 -0.388985383 -0.235066387 0.018343596 0.971806244 99.186964997
0.968446841 0.034042503 0.246883767 2.712371963 -0.029691008 0.999331063 -0.021328306 -0.391740471 -0.247444403 0.013325136 0.968811014 99.949017487
0.965121595 0.033223727 0.259685414 2.945305617 -0.028698694 0.999363586 -0.021197976 -0.402133567 -0.260224794 0.013005960 0.965460496 100.691200230
0.963444823 0.031829227 0.266009153 3.064819419 -0.027010618 0.999397962 -0.021754358 -0.408490498 -0.266541980 0.013774071 0.963725140 101.052316981
0.960700587 0.030631934 0.275892184 3.296969804 -0.025047384 0.999403679 -0.023743921 -0.422570651 -0.276454674 0.015900419 0.960895744 101.754482418
0.956185902 0.031646235 0.291042664 3.658614706 -0.024645684 0.999313064 -0.027688813 -0.445914867 -0.291719576 0.019302731 0.956309045 102.807850763
0.953213676 0.031788817 0.300620481 3.905038082 -0.023997744 0.999274824 -0.029574793 -0.460364696 -0.301342294 0.020976853 0.953285023 103.480147073
0.949476341 0.031340857 0.312267842 4.170266435 -0.023084271 0.999280217 -0.030103387 -0.473194718 -0.312986650 0.021374007 0.949517267 104.182623674
0.947345681 0.031979257 0.318611912 4.306925368 -0.023747557 0.999277081 -0.029688051 -0.478600292 -0.319331275 0.020558614 0.947420235 104.533901920
0.942572896 0.032411435 0.332424359 4.593135454 -0.023677053 0.999260975 -0.030293117 -0.492284284 -0.333160251 0.020682613 0.942643447 105.236572250
0.937338026 0.033283462 0.346826974 4.893322507 -0.024480010 0.999257493 -0.029734600 -0.504558096 -0.347559495 0.019381075 0.937457719 105.949376474
0.934565513 0.033861569 0.354175170 5.047939936 -0.024939208 0.999246833 -0.029727503 -0.511323681 -0.354914698 0.018949422 0.934707115 106.300819141
0.929237981 0.033595599 0.367951611 5.361248019 -0.024278048 0.999256975 -0.029924171 -0.525396935 -0.368683535 0.018873561 0.929363869 106.993740792
0.923399863 0.033915905 0.382337071 5.680676066 -0.024412790 0.999260885 -0.029680876 -0.538915558 -0.383060923 0.018073419 0.923546254 107.676720269
0.920060065 0.034046706 0.390294310 5.848415347 -0.024058057 0.999246049 -0.030454404 -0.547460602 -0.391037641 0.018630131 0.920186572 108.008280416
0.913898438 0.035860555 0.404356009 6.184711496 -0.025114625 0.999176570 -0.031850353 -0.564516211 -0.405166074 0.018952702 0.914047294 108.691409329
0.907172394 0.036708080 0.419153265 6.535888328 -0.024969793 0.999128256 -0.033458245 -0.582520810 -0.420016143 0.019886240 0.907298377 109.384675337
0.903952168 0.036895804 0.426038760 6.715453915 -0.024823258 0.999118158 -0.033856631 -0.591034308 -0.426912157 0.020029074 0.904071539 109.736346734
0.896497009 0.037150270 0.441488037 7.085777389 -0.024414029 0.999106377 -0.034496846 -0.608089900 -0.442375466 0.020147826 0.896603810 110.419792894
0.888817731 0.038060427 0.456676470 7.464098682 -0.024773384 0.999078729 -0.035049657 -0.625354721 -0.457589555 0.019839336 0.888941834 111.103313157
0.884778182 0.037674309 0.464486627 7.659889539 -0.024306770 0.999100653 -0.034735739 -0.633193292 -0.465378540 0.019443266 0.884898156 111.435136402
0.876689897 0.036995955 0.479631477 8.059456435 -0.024187378 0.999167408 -0.032859307 -0.647143468 -0.480447375 0.017206387 0.876855134 112.108861623
0.868229239 0.036060658 0.494851130 8.475133168 -0.024083025 0.999242649 -0.030562347 -0.660980397 -0.495578718 0.014617615 0.868439723 112.772736831
0.863885570 0.036250366 0.502381340 8.686109587 -0.025220046 0.999268263 -0.028736424 -0.666846126 -0.503056074 0.012154907 0.864168772 113.094705563
0.854456515 0.034078713 0.518404333 9.122952455 -0.023775010 0.999365388 -0.026509035 -0.681542704 -0.518979514 0.010325742 0.854724650 113.738775287
0.847040533 0.031874794 0.530570424 9.550560616 -0.019517022 0.999392215 -0.028881519 -0.704009935 -0.531168786 0.014108698 0.847148472 114.372741248
0.842947793 0.031678954 0.537061161 9.769405220 -0.018378665 0.999377632 -0.030102745 -0.715478152 -0.537680721 0.015504604 0.843006090 114.684770473
0.832848737 0.032193367 0.552563988 10.218258052 -0.017731533 0.999346037 -0.031498010 -0.736896654 -0.553216155 0.016435273 0.832875066 115.298935907
0.821745102 0.030212401 0.569052665 10.678485751 -0.015864868 0.999419335 -0.030151780 -0.753907521 -0.569634296 0.015749135 0.821748256 115.893216231
0.816788859 0.029188841 0.576198253 10.910575261 -0.015192670 0.999461378 -0.029093966 -0.761921803 -0.576736341 0.015009652 0.816791988 116.195376130
0.806127313 0.028268107 0.591065938 11.393758352 -0.015474800 0.999524129 -0.026697431 -0.778222480 -0.591539043 0.012374886 0.806181415 116.799872506
0.794708837 0.028903428 0.606301572 11.885726912 -0.014581079 0.999486179 -0.028535100 -0.802155095 -0.606815220 0.013836592 0.794722859 117.394433434
0.788548560 0.030347714 0.614223814 12.137668176 -0.014592061 0.999423191 -0.030646389 -0.816405438 -0.614800043 0.015203380 0.788536759 117.686764151
0.777092993 0.033034676 0.628517648 12.634638647 -0.014189639 0.999287651 -0.034978187 -0.844875760 -0.629225615 0.018262871 0.777007898 118.261360747
0.764264428 0.037386972 0.643817705 13.149841243 -0.016470336 0.999124168 -0.038468154 -0.872543615 -0.644692974 0.018795910 0.764211223 118.816128183
0.757809302 0.038911601 0.651314169 13.403086497 -0.017878041 0.999083963 -0.038887113 -0.883913267 -0.652230618 0.017824790 0.757810890 119.088476515
0.743323408 0.039658570 0.667755407 13.940631670 -0.018599436 0.999080213 -0.038632028 -0.905929639 -0.668673022 0.016296275 0.743378070 119.633464311
0.728191283 0.039028651 0.684260638 14.503244134 -0.017424853 0.999108724 -0.038443275 -0.929042320 -0.685152254 0.016070955 0.728222667 120.168682929
0.720637519 0.039536683 0.692183048 14.787480730 -0.017722013 0.999097146 -0.038616675 -0.941227733 -0.693085700 0.015561743 0.720687797 120.441318397
0.705088995 0.040379828 0.707967550 15.348397165 -0.017662833 0.999067208 -0.039392069 -0.965888114 -0.708899254 0.015270224 0.705144522 120.936515936
0.689729102 0.039920844 0.722965863 15.918418971 -0.016046625 0.999076479 -0.039858264 -0.990407041 -0.723889563 0.015890294 0.689732608 121.421798221
0.682323853 0.039508565 0.729981054 16.207022046 -0.015008465 0.999085201 -0.040044569 -1.002738402 -0.730895625 0.016367491 0.682293255 121.654472235
0.666609792 0.038361155 0.744418812 16.793177427 -0.011656749 0.999089370 -0.041046380 -1.028810508 -0.745316369 0.018684410 0.666449910 122.119900579
0.650170912 0.037461441 0.758863546 17.386534833 -0.008843789 0.999088837 -0.041743191 -1.054596773 -0.759736062 0.020429001 0.649910273 122.565395783
0.642817218 0.037859183 0.765083288 17.684108109 -0.008617038 0.999072199 -0.042197883 -1.067827952 -0.765971404 0.020532777 0.642546914 122.798151436
0.627106219 0.037749692 0.778018250 18.292594744 -0.007893367 0.999081395 -0.042113482 -1.093010212 -0.778893868 0.020268464 0.626827969 123.233788572
0.610817779 0.037109502 0.790900463 18.911243428 -0.007708524 0.999132309 -0.040926466 -1.116693347 -0.791733905 0.018901946 0.610573948 123.659523310
0.603127992 0.037244323 0.796773787 19.219070748 -0.008487667 0.999152341 -0.040279398 -1.128433237 -0.797599591 0.017530884 0.602932786 123.872376947
0.586114356 0.036113426 0.809423014 19.843869713 -0.006973903 0.999193893 -0.039530426 -1.153068303 -0.810198435 0.017524533 0.585893587 124.278165999
0.568559856 0.033427379 0.821962282 20.472720710 0.002028247 0.999114400 -0.042034729 -1.183246887 -0.822638736 0.025566485 0.567989121 124.653979176
0.559930576 0.033298124 0.827869827 20.793678407 0.004728543 0.999046808 -0.043381327 -1.198802348 -0.828525478 0.028205152 0.559240813 124.836945404
0.540113643 0.035607264 0.840838426 21.436658700 0.004321729 0.998974377 -0.045079990 -1.228355768 -0.841580730 0.027982209 0.539406044 125.202891236
0.521388334 0.037504380 0.852494301 22.082701293 0.003036251 0.998945270 -0.045804263 -1.256453954 -0.853313690 0.026470161 0.520725248 125.568868841
0.512275628 0.037401032 0.858005934 22.407839533 0.003805982 0.998942826 -0.045816867 -1.269943716 -0.858813195 0.026736405 0.511591184 125.741878159
0.493962089 0.036458616 0.868718312 23.070248622 0.008027192 0.998886225 -0.046485901 -1.298421761 -0.869446074 0.029935641 0.493119724 126.068005673
0.473437374 0.038927583 0.879966388 23.735676314 0.007269461 0.998816639 -0.048096230 -1.328749605 -0.880797623 0.029167469 0.472594079 126.384156775
0.463081043 0.038905237 0.885461315 24.077020086 0.007129331 0.998840668 -0.047615342 -1.342044032 -0.886287736 0.028362477 0.462266897 126.537316694
0.440866723 0.038305548 0.896754853 24.757985505 0.005512729 0.998954278 -0.045381333 -1.366328177 -0.897555935 0.024950681 0.440195116 126.823624660
0.420084236 0.037418747 0.906713225 25.440998378 0.005428837 0.999028093 -0.043743643 -1.391741557 -0.907469330 0.023298400 0.419472629 127.099948754
0.409991780 0.037306607 0.911325322 25.777550325 0.004627005 0.999065526 -0.042979957 -1.404366357 -0.912077408 0.021838171 0.409435856 127.233064561
0.388861235 0.039325156 0.920456523 26.454695559 0.004975255 0.998984054 -0.044782047 -1.435419255 -0.921283058 0.021993516 0.388271022 127.469319623
0.366767529 0.040519175 0.929429860 27.143936507 0.007282141 0.998895209 -0.046421262 -1.466623978 -0.930284341 0.023794034 0.366068029 127.695686662
0.356692277 0.040125981 0.933359322 27.491663483 0.007103120 0.998931686 -0.045659486 -1.479697016 -0.934194848 0.022916109 0.356025887 127.808904744
0.334568942 0.037797240 0.941612210 28.194402107 0.007277500 0.999062174 -0.042689082 -1.503548960 -0.942343090 0.021135105 0.333980390 128.015412984
0.313454062 0.036373916 0.948906147 28.896137399 0.008377599 0.999121562 -0.041066160 -1.529705610 -0.949566838 0.020821953 0.312874013 128.211906308
0.302738309 0.036471420 0.952375096 29.241003747 0.008591001 0.999122151 -0.040992495 -1.543819920 -0.953035427 0.020591852 0.302159024 128.305094494
0.280690984 0.036655119 0.959097427 29.944933886 0.007890833 0.999148921 -0.040495104 -1.572010719 -0.959765831 0.018934748 0.280162784 128.471602397
0.255685198 0.031957331 0.966231269 30.654403768 0.007360570 0.999359726 -0.035000788 -1.591670332 -0.966732451 0.016061186 0.255286312 128.618179917
0.243364120 0.031331262 0.969428698 31.012475849 0.008763097 0.999366320 -0.034498707 -1.605525834 -0.969895360 0.016891002 0.242934665 128.691490878
0.219408212 0.038274604 0.974881560 31.722278087 0.007322031 0.999137662 -0.040874781 -1.645914689 -0.975606151 0.016106391 0.218939281 128.818024681
0.192453145 0.049434313 0.980059644 32.440069998 0.004512501 0.998675117 -0.051259372 -1.693440412 -0.981295932 0.014287524 0.191975325 128.914615794
