1.000000000 0.000000000 0.000000000 0.000000000 -0.000000000 1.000000000 0.000000000 0.000000000 -0.000000000 0.000000000 1.000000000 0.000000000
0.999920536 0.002095739 0.012406049 0.027143214 -0.002104936 0.999997144 0.000729253 0.007907785 -0.012404573 -0.000755309 0.999922455 0.320260463
0.999322931 0.005142081 0.036429106 0.085567904 -0.005239143 0.999982520 0.002569511 0.024302606 -0.036414462 -0.002758633 0.999332717 0.957952672
0.998074674 0.007828437 0.061529091 0.165834241 -0.008074479 0.999960424 0.003752954 0.039859573 -0.061496756 -0.004242496 0.998098206 1.617078162
0.997191374 0.010119199 0.074213323 0.212500039 -0.010463080 0.999936316 0.004247288 0.047461342 -0.074165146 -0.005011817 0.997232904 1.948242331
0.994979905 0.013775944 0.099117348 0.315736335 -0.014301593 0.999887152 0.004595040 0.061343818 -0.099042635 -0.005989500 0.995065495 2.603838796
0.992009026 0.016966700 0.125020548 0.436156744 -0.017604990 0.999836381 0.004002915 0.073512644 -0.124931446 -0.006171870 0.992145735 3.259850202
0.990353850 0.017872687 0.137404839 0.498520289 -0.018651028 0.999815995 0.004379405 0.080552314 -0.137301014 -0.006899926 0.990505017 3.580323388
0.986343192 0.020129352 0.163466680 0.642766261 -0.021178300 0.999764688 0.004676791 0.093955740 -0.163333321 -0.008074901 0.986537425 4.232181249
0.981747482 0.024842607 0.188561174 0.802561071 -0.026263156 0.999642133 0.005038598 0.107415271 -0.188368944 -0.009898815 0.982048219 4.885543422
0.979212260 0.026619506 0.201083557 0.887755369 -0.028271248 0.999585848 0.005346743 0.114368391 -0.200857231 -0.010920521 0.979559153 5.214662472
0.973453925 0.027251392 0.227253652 1.077001772 -0.029454165 0.999546279 0.006307056 0.128630183 -0.226978599 -0.012833195 0.973815198 5.872145360
0.967380243 0.026787892 0.251908421 1.286063476 -0.029340006 0.999548569 0.006379904 0.140839688 -0.251623029 -0.013562746 0.967729694 6.516152093
0.964278064 0.025550663 0.263655075 1.395071632 -0.028387128 0.999572760 0.006953928 0.147857727 -0.263365205 -0.014189945 0.964591601 6.841142212
0.957908350 0.022363566 0.286199785 1.638248065 -0.025804274 0.999632444 0.008255928 0.162305136 -0.285910197 -0.015293554 0.958134356 7.510276222
0.952254827 0.018885406 0.304721664 1.875928968 -0.022596422 0.999706735 0.008656112 0.174727181 -0.304468194 -0.015128423 0.952402137 8.158979385
0.949712385 0.017158526 0.312654304 1.998143589 -0.020845271 0.999746289 0.008453001 0.180003796 -0.312429032 -0.014545268 0.949829243 8.474993254
0.945623320 0.013477703 0.324984863 2.248876745 -0.017001683 0.999822619 0.008006224 0.190772766 -0.324818940 -0.013096140 0.945685627 9.126926612
0.942499364 0.012063080 0.333991965 2.505095828 -0.015631799 0.999845840 0.007999516 0.202607362 -0.333843644 -0.012760419 0.942542223 9.799311011
0.941095152 0.012449774 0.337912968 2.632794675 -0.016152632 0.999836264 0.008148486 0.208779651 -0.337755316 -0.013126686 0.941142104 10.135779498
0.937926773 0.013353348 0.346577228 2.894803303 -0.017358711 0.999812973 0.008455171 0.221023306 -0.346399649 -0.013946439 0.937983437 10.804212149
0.934330217 0.014646099 0.356107130 3.175521431 -0.019220112 0.999771449 0.009309625 0.234300700 -0.355888951 -0.015542673 0.934398849 11.484083620
0.932450489 0.015763952 0.360953575 3.320269388 -0.020595902 0.999741629 0.009543644 0.240767165 -0.360709727 -0.016333120 0.932535001 11.833133101
0.928642992 0.017194555 0.370575995 3.609060608 -0.021795764 0.999728175 0.008232169 0.250372744 -0.370333345 -0.015721721 0.928765668 12.519657080
0.924792131 0.019741861 0.379960826 3.916542919 -0.023972559 0.999692181 0.006405597 0.259172562 -0.379717451 -0.015032479 0.924980422 13.217658587
0.922917772 0.021383558 0.384402682 4.083960317 -0.025704388 0.999650579 0.006105643 0.264931019 -0.384137438 -0.015515781 0.923145765 13.587575311
0.918338767 0.024832799 0.395016531 4.422243686 -0.029151023 0.999562911 0.004932882 0.275199425 -0.394720938 -0.016045173 0.918661221 14.312973506
0.914128488 0.024538908 0.404681280 4.765637016 -0.028514775 0.999585583 0.003799300 0.285058858 -0.404420498 -0.015012411 0.914450230 15.022792168
0.912181831 0.022654482 0.409159243 4.939827864 -0.026688588 0.999634876 0.004151590 0.291457820 -0.408915637 -0.014706892 0.912453401 15.375980666
0.907961805 0.020009293 0.418574773 5.288402187 -0.025319892 0.999653465 0.007136549 0.308006351 -0.418286149 -0.017077975 0.908154001 16.070070437
0.904193242 0.019923533 0.426658899 5.648256885 -0.027266420 0.999566549 0.011107870 0.326519435 -0.426251894 -0.021677109 0.904344991 16.780649193
0.902563411 0.017866101 0.430185992 5.832239538 -0.026040908 0.999574331 0.013122480 0.335814560 -0.429768372 -0.023046303 0.902644617 17.139225382
0.900181169 0.013579104 0.435304096 6.206560126 -0.020540685 0.999725164 0.011290973 0.344254994 -0.435030662 -0.019105368 0.900212293 17.864293191
0.898128249 0.015794130 0.439449840 6.580805981 -0.020076802 0.999784990 0.005099232 0.345227457 -0.439274248 -0.013402494 0.898252969 18.589518144
0.896921199 0.018102119 0.441818911 6.759905759 -0.021466500 0.999765955 0.002616272 0.346627066 -0.441668039 -0.011830908 0.897100836 18.939432004
0.894909405 0.020815824 0.445761218 7.130237393 -0.023327945 0.999727125 0.000148769 0.353910034 -0.445636696 -0.010531785 0.895152165 19.655132395
0.893506232 0.021909029 0.448517073 7.514394506 -0.025802791 0.999662936 0.002571395 0.369715416 -0.448309817 -0.013870512 0.893770731 20.385493862
0.892535773 0.022357853 0.450422381 7.712122003 -0.027446513 0.999611621 0.004768526 0.379475146 -0.450141142 -0.016618593 0.892802767 20.758900682
0.890458566 0.022156839 0.454525149 8.093939444 -0.028134396 0.999583492 0.006391132 0.393752926 -0.454194461 -0.018478820 0.890710768 21.478775907
0.887743520 0.022376773 0.459793682 8.499224205 -0.028205978 0.999584665 0.005811826 0.404463357 -0.459472611 -0.018128329 0.888006828 22.219015239
0.886409752 0.022899895 0.462335635 8.698700071 -0.028283814 0.999588755 0.004716498 0.408256098 -0.462037115 -0.017257349 0.886692924 22.579212703
0.883817533 0.022460372 0.467293230 9.106609515 -0.027392292 0.999616975 0.003762229 0.417978069 -0.467029025 -0.016125287 0.884094896 23.305574613
0.880801228 0.022549468 0.472948892 9.514683874 -0.027472488 0.999616057 0.003503509 0.428681401 -0.472688703 -0.016079012 0.881082604 24.019707570
0.879618618 0.022766572 0.475134681 9.718319213 -0.028053845 0.999597976 0.004039493 0.435172816 -0.474851653 -0.016882564 0.879903531 24.377031718
0.877718993 0.021483071 0.478693539 10.140031025 -0.028072751 0.999584153 0.006613647 0.451107830 -0.478351963 -0.019243175 0.877956912 25.118103299
0.875667623 0.018775522 0.482548750 10.566729802 -0.027420344 0.999564517 0.010866896 0.469841371 -0.482134547 -0.022747440 0.875801374 25.855736157
0.874629820 0.017539400 0.484474043 10.784136696 -0.027310582 0.999540703 0.013118057 0.479466666 -0.484020794 -0.024704701 0.874707677 26.227834769
0.872341609 0.017743396 0.488574347 11.209286178 -0.028447559 0.999489977 0.014494611 0.493063467 -0.488067571 -0.026543004 0.872401800 26.954494024
0.870572959 0.018548208 0.491690456 11.650608257 -0.028706079 0.999501074 0.013121653 0.501955923 -0.491201831 -0.025537828 0.870671477 27.694402760
0.870056617 0.019105213 0.492581782 11.871263695 -0.028813471 0.999511201 0.012126976 0.505842303 -0.492108749 -0.024744138 0.870182213 28.064368908
0.868376191 0.020628620 0.495477477 12.299828236 -0.030057449 0.999487034 0.011066463 0.514841507 -0.494994789 -0.024502639 0.868550471 28.776663381
0.867282448 0.021519543 0.497350375 12.734037717 -0.030996074 0.999461111 0.010806232 0.525297859 -0.496849300 -0.024787984 0.867482211 29.497192355
0.866577156 0.021198330 0.498593345 12.953205886 -0.030518200 0.999478401 0.010547924 0.530245815 -0.498109578 -0.024356746 0.866771853 29.856054474
0.865821318 0.021893929 0.499873821 13.384255405 -0.030979557 0.999471041 0.009883274 0.539794514 -0.499392727 -0.024042976 0.866041711 30.566647468
0.864758758 0.022460686 0.501685516 13.823427840 -0.031717441 0.999446841 0.009925883 0.550650046 -0.501185539 -0.024495658 0.864992704 31.283788207
0.864526694 0.022490702 0.502083695 14.041776720 -0.031856578 0.999440988 0.010083422 0.556317925 -0.501576304 -0.024712009 0.864760229 31.643198483
0.864141661 0.022869567 0.502728530 14.490575744 -0.032893637 0.999396794 0.011077617 0.569058268 -0.502171971 -0.026109205 0.864373159 32.377956497
0.863580044 0.023520683 0.503662478 14.933742535 -0.034226215 0.999341588 0.012015727 0.581611118 -0.503048277 -0.027614985 0.863816465 33.104453295
0.863570364 0.023225348 0.503693840 15.150439332 -0.034001149 0.999347306 0.012214111 0.587369209 -0.503081188 -0.027673874 0.863795899 33.464988284
0.863271868 0.022411539 0.504241606 15.583154741 -0.033160478 0.999373528 0.012353278 0.598207321 -0.503648897 -0.027385130 0.863473835 34.174427534
0.863288030 0.023174505 0.504179367 16.015847541 -0.033362319 0.999379943 0.011188858 0.606786048 -0.503607300 -0.026479785 0.863526763 34.883914326
0.863441258 0.023763715 0.503890086 16.228554383 -0.033775975 0.999370870 0.010746071 0.611286700 -0.503317842 -0.026297967 0.863701178 35.235084001
0.863355572 0.024172332 0.504017108 16.656444142 -0.033648648 0.999385909 0.009708542 0.619947742 -0.503473048 -0.025341402 0.863639042 35.935740593
0.863391272 0.024718927 0.503929027 17.088315252 -0.033750892 0.999390853 0.008803457 0.629006456 -0.503404551 -0.024608838 0.863699844 36.645780591
0.863453335 0.024973889 0.503810692 17.295388860 -0.033729907 0.999396326 0.008267892 0.633219644 -0.503299982 -0.024132428 0.863774801 36.988691153
0.863395405 0.025023517 0.503907018 17.718473878 -0.033203505 0.999421654 0.007260622 0.641793048 -0.503434033 -0.023000225 0.863727105 37.680521121
0.863352061 0.025274113 0.503968942 18.152028685 -0.034010323 0.999387507 0.008143809 0.653920691 -0.503454619 -0.024171069 0.863683231 38.389369930
0.863489809 0.025778360 0.503706291 18.363919440 -0.034672733 0.999363875 0.008293824 0.659461180 -0.503171889 -0.024626527 0.863834695 38.741081030
0.863539170 0.026119995 0.503604918 18.767672200 -0.035852052 0.999310453 0.009645871 0.671861270 -0.503005768 -0.026384858 0.863879717 39.409724906
0.863803522 0.026931503 0.503107953 19.173749124 -0.037483558 0.999238167 0.010867617 0.684239384 -0.502431499 -0.028245819 0.864155064 40.088887631
0.863936558 0.027315598 0.502859323 19.384813487 -0.038000011 0.999216470 0.011007996 0.689789988 -0.502164456 -0.028618880 0.864298319 40.441161824
0.863785453 0.027636261 0.503101161 19.808727698 -0.037887817 0.999229684 0.010161091 0.698633201 -0.502432919 -0.027838441 0.864167320 41.132422809
0.863478048 0.028252418 0.503595359 20.226995070 -0.037610636 0.999256610 0.008428417 0.705829318 -0.502982911 -0.026218239 0.863898705 41.815453290
0.863279439 0.028537399 0.503919552 20.430080024 -0.037309998 0.999276733 0.007326966 0.708915031 -0.503345608 -0.025126409 0.863720039 42.148995803
0.862548297 0.028188906 0.505188107 20.843558761 -0.036489529 0.999312325 0.006541079 0.717633073 -0.504656074 -0.024076053 0.862984013 42.823165791
0.861831859 0.027417353 0.506452895 21.263510630 -0.035697989 0.999339692 0.006647004 0.727978097 -0.505936815 -0.023807931 0.862241502 43.505003401
0.861607780 0.026718475 0.506871778 21.474727903 -0.035000609 0.999363761 0.006817019 0.733310388 -0.506367067 -0.023614395 0.861994738 43.845073885
0.860571855 0.025833272 0.508672957 21.889203550 -0.034175964 0.999390798 0.007064121 0.743559522 -0.508180165 -0.023463528 0.860930626 44.506440047
0.859824048 0.026126690 0.509922330 22.307643440 -0.034201576 0.999393640 0.006464847 0.752496793 -0.509444002 -0.022998792 0.860196548 45.177225587
0.859726416 0.025844525 0.510100860 22.523657051 -0.033674353 0.999414261 0.006119251 0.757076950 -0.509643469 -0.022438224 0.860093096 45.526140366
0.859245009 0.026058318 0.510900268 22.950046136 -0.033299312 0.999432380 0.005027951 0.765459932 -0.510479034 -0.021332859 0.859625494 46.215721118
0.858700023 0.026471736 0.511794739 23.374121261 -0.033579835 0.999424526 0.004647471 0.774884614 -0.511377401 -0.021176766 0.859095094 46.894761564
0.858406117 0.026373928 0.512292637 23.590970268 -0.033578679 0.999424215 0.004812453 0.780354410 -0.511871066 -0.021333126 0.858796969 47.243094317
0.857874860 0.025660009 0.513218041 24.021520226 -0.033142358 0.999435337 0.005429416 0.791576028 -0.512789106 -0.021666994 0.858240983 47.929798808
0.857348659 0.025442838 0.514106837 24.450430505 -0.033720434 0.999408445 0.006773730 0.804127521 -0.513629723 -0.023143333 0.857699603 48.617601927
0.857087635 0.024886605 0.514569397 24.658501323 -0.033398547 0.999414817 0.007294391 0.809901793 -0.514086579 -0.023437779 0.857418084 48.947708031
0.856788657 0.024203402 0.515099136 25.076966825 -0.033157987 0.999415737 0.008192954 0.821398369 -0.514599797 -0.024099273 0.857091456 49.618439718
0.856588975 0.025040607 0.515391163 25.500214557 -0.033879882 0.999395292 0.007752776 0.830733193 -0.514884893 -0.024102317 0.856920466 50.298045361
0.856374535 0.025490258 0.515726424 25.713070208 -0.034018215 0.999395994 0.007091958 0.834605644 -0.515233825 -0.023617439 0.856724358 50.637019952
0.855897678 0.026190369 0.516481153 26.133983172 -0.034297455 0.999392296 0.006158343 0.842902733 -0.516005577 -0.022984856 0.856276493 51.306129046
0.855743615 0.026434567 0.516724608 26.562998641 -0.033768297 0.999417996 0.004795183 0.850467209 -0.516296835 -0.021552299 0.856138423 51.981828801
0.855680978 0.026000888 0.516849989 26.783966302 -0.032930455 0.999448363 0.004239968 0.854556788 -0.516454255 -0.020648125 0.856065705 52.327374067
0.855286955 0.025156578 0.517543435 27.212989674 -0.031415001 0.999500201 0.003332796 0.862911049 -0.517200517 -0.019109066 0.855650760 53.003057203
0.855095480 0.025139126 0.517861601 27.648357779 -0.032224446 0.999468926 0.004690712 0.875559941 -0.517468660 -0.020698724 0.855452116 53.698560129
0.855013240 0.024611629 0.518022605 27.862063632 -0.032056355 0.999470734 0.005424544 0.881801629 -0.517614934 -0.021243957 0.855350100 54.036921560
0.855356787 0.024497351 0.517459931 28.290155523 -0.033011018 0.999427921 0.007252543 0.895163021 -0.516985903 -0.023285352 0.855677343 54.725270943
0.855848250 0.025116506 0.516616736 28.719063101 -0.034437731 0.999370898 0.008464416 0.907444588 -0.516078454 -0.025035361 0.856175494 55.413079742
0.856008798 0.025859820 0.516314527 28.931099063 -0.035128764 0.999349117 0.008188026 0.911996972 -0.515766562 -0.025146516 0.856359983 55.752603331
0.856218861 0.026161704 0.515950064 29.372890478 -0.035097734 0.999354771 0.007571633 0.921294199 -0.515418445 -0.024591640 0.856585687 56.455878640
0.856692058 0.026810330 0.515131948 29.801762141 -0.035318593 0.999352676 0.006724935 0.929986741 -0.514618206 -0.023954924 0.857085129 57.143762961
0.856820010 0.027760024 0.514868160 30.013786198 -0.035837176 0.999341174 0.005757312 0.933349449 -0.514369210 -0.023384368 0.857249632 57.483311583
0.857340919 0.027926436 0.513991952 30.442665364 -0.035761107 0.999345223 0.005352939 0.942791787 -0.513505987 -0.022970209 0.857778746 58.171180126
0.857790033 0.027573608 0.513260527 30.874723699 -0.035993526 0.999330619 0.006467952 0.955061256 -0.512738911 -0.024022194 0.858208148 58.868944260
0.858036372 0.027064366 0.512876306 31.079489249 -0.035707662 0.999337387 0.007003714 0.960905983 -0.512346648 -0.024323002 0.858434563 59.201302105
0.858414534 0.026533429 0.512269551 31.505907347 -0.035439501 0.999342777 0.007624618 0.972188177 -0.511730039 -0.024699664 0.858790863 59.890821850
0.858594273 0.027804885 0.511901255 31.941088226 -0.036520659 0.999308372 0.006975653 0.981626314 -0.511352940 -0.024684233 0.859016012 60.598600641
0.858351571 0.027236860 0.512338817 32.590811055 -0.036265719 0.999312636 0.007632879 0.998265760 -0.511778731 -0.025132000 0.858749588 61.644157364
0.857810479 0.027368928 0.513236649 33.011750130 -0.036792306 0.999288689 0.008205623 1.009172140 -0.512646601 -0.025922025 0.858208182 62.313211552
0.857769062 0.026951832 0.513328447 33.223796696 -0.036517014 0.999296512 0.008552616 1.014784236 -0.512736779 -0.026081383 0.858149153 62.652712843
0.857581721 0.026588851 0.513660883 33.647054433 -0.036198324 0.999306574 0.008707441 1.025118789 -0.513072920 -0.026061008 0.857949422 63.332297449
0.857496084 0.026976717 0.513783282 34.079923854 -0.036781357 0.999283491 0.008919125 1.035848558 -0.513174246 -0.026545736 0.857873881 64.029530676
0.857393934 0.026674830 0.513969621 34.292795011 -0.036579585 0.999288246 0.009158753 1.041270587 -0.513359833 -0.026653471 0.857759205 64.368472660
0.857136977 0.025681557 0.514448582 34.724983747 -0.035340525 0.999334248 0.008994483 1.051072354 -0.513875469 -0.025890361 0.857473828 65.054080416
0.856875951 0.026742253 0.514828480 35.161940908 -0.035206098 0.999357475 0.006686138 1.057332745 -0.514318523 -0.023854277 0.857267097 65.748591160
0.856781119 0.026989365 0.514974539 35.380415487 -0.034669121 0.999384654 0.005303453 1.060063049 -0.514514228 -0.022397598 0.857189634 66.095854946
0.856306636 0.028024789 0.515706680 35.821357000 -0.034690822 0.999392795 0.003293148 1.067021030 -0.515300581 -0.020710215 0.856759164 66.799742784
0.855958653 0.027417813 0.516316637 36.274413583 -0.033694021 0.999428409 0.002786266 1.076763222 -0.515944737 -0.019781702 0.856393009 67.519539055
0.855976708 0.026502745 0.516334357 36.499379001 -0.032952075 0.999450871 0.003327452 1.082890028 -0.515962511 -0.019862475 0.856380497 67.874433227
0.855843621 0.025011527 0.516629159 36.960558399 -0.031357240 0.999501801 0.003557374 1.093929055 -0.516282374 -0.019244595 0.856201717 68.600777454
0.855640690 0.023461727 0.517039205 37.417759547 -0.029720608 0.999551000 0.003827653 1.104880327 -0.516716919 -0.018641817 0.855953498 69.317731754
0.855444964 0.022631212 0.517398523 37.645189335 -0.028570980 0.999585232 0.003515915 1.109497187 -0.517103943 -0.017790249 0.855737240 69.670967782
0.854967042 0.022041279 0.518214455 38.100049911 -0.027551147 0.999616198 0.002938056 1.118830880 -0.517950327 -0.016789329 0.855246233 70.377437734
0.854816619 0.022184244 0.518455273 38.545980689 -0.027619568 0.999613985 0.002765970 1.128817328 -0.518193570 -0.016683898 0.855100282 71.077882011
0.854768921 0.022558351 0.518518514 38.770104609 -0.027840110 0.999609281 0.002405566 1.133444659 -0.518261039 -0.016491859 0.855063515 71.433371042
0.854151257 0.023140324 0.519509893 39.218507160 -0.028173789 0.999601195 0.001797052 1.142660960 -0.519260640 -0.016171557 0.854463048 72.132141607
0.853491709 0.023355875 0.520583304 39.667736404 -0.028094873 0.999603757 0.001214216 1.151897137 -0.520348907 -0.015662060 0.853809936 72.830348449
0.852829723 0.023752071 0.521648203 39.890362551 -0.028429707 0.999594979 0.000964828 1.156536330 -0.521413531 -0.015653124 0.853160304 73.174755539
0.851551222 0.024173714 0.523714360 40.354168632 -0.028902523 0.999581284 0.000856190 1.166786843 -0.523474182 -0.015865752 0.851894027 73.887218138
0.850714179 0.024145018 0.525073594 40.811528393 -0.029254088 0.999570557 0.001432724 1.178089646 -0.524812953 -0.016579338 0.851056247 74.591956737
0.850333835 0.024104940 0.525692244 41.029362405 -0.029544420 0.999561013 0.001956118 1.183900858 -0.525414206 -0.017194535 0.850673145 74.927510697
0.848980437 0.023588470 0.527897298 41.476437201 -0.029315228 0.999567032 0.002481306 1.194620242 -0.527609887 -0.017581962 0.849304397 75.602959640
0.848635542 0.022989935 0.528478411 41.923335677 -0.028115749 0.999602619 0.001663719 1.203218575 -0.528230105 -0.016270465 0.848945376 76.290661518
0.848150420 0.022939073 0.529259076 42.147615208 -0.027956401 0.999607808 0.001476037 1.207897520 -0.529017227 -0.016048041 0.848459543 76.633941160
0.847332788 0.022202676 0.530598770 42.593863812 -0.027459426 0.999620226 0.002022242 1.218647014 -0.530352492 -0.016283487 0.847620989 77.309952775
0.846781654 0.021328137 0.531512668 43.042459691 -0.027557435 0.999612854 0.003791648 1.231683904 -0.531225544 -0.017857822 0.847041932 77.996434644
0.846318532 0.021128708 0.532258550 43.273218057 -0.027985841 0.999596368 0.004818696 1.238559676 -0.531941603 -0.018973835 0.846568582 78.347369916
0.845759260 0.020441185 0.533173035 43.729094352 -0.028169374 0.999582248 0.006361730 1.251303952 -0.532819993 -0.020399622 0.845982663 79.040996492
0.844863021 0.019120608 0.534640350 44.195570336 -0.028004666 0.999571446 0.008506174 1.265084777 -0.534248119 -0.022158984 0.845036817 79.739486585
0.844691213 0.019183032 0.534910127 44.430299848 -0.028450291 0.999553468 0.009080572 1.271338499 -0.534496839 -0.022888617 0.844860512 80.099826720
0.844018096 0.020167752 0.535935627 44.894263142 -0.029762219 0.999514169 0.009258548 1.281800582 -0.535487818 -0.023765022 0.844208660 80.800076564
0.843806494 0.021598276 0.536213305 45.354904260 -0.030963721 0.999484207 0.008467375 1.290643579 -0.535753732 -0.023747996 0.844040340 81.502613700
0.843345826 0.023731654 0.536846536 46.035979062 -0.032180865 0.999460957 0.006371986 1.301810008 -0.536406027 -0.022649969 0.843655498 82.526879967
0.842887795 0.024054828 0.537551282 46.477426527 -0.033084116 0.999426236 0.007153043 1.312831767 -0.537070997 -0.023813560 0.843200370 83.194057385
0.842941562 0.023560674 0.537489350 46.702551759 -0.033101073 0.999419171 0.008103195 1.319430071 -0.536986133 -0.024622029 0.843231488 83.536733333
0.842824875 0.021928512 0.537741781 47.149659269 -0.032738832 0.999407914 0.010558118 1.333418567 -0.537191689 -0.026503620 0.843043892 84.212113487
0.842591679 0.019761412 0.538190146 47.600889535 -0.031434248 0.999427401 0.012516365 1.346436733 -0.537633924 -0.027463766 0.842731028 84.884697529
0.842372313 0.018727271 0.538571244 47.829311731 -0.030525162 0.999449448 0.012991007 1.352134808 -0.538031066 -0.027383190 0.842480269 85.225139197
0.842476743 0.017212661 0.538457812 48.269266926 -0.029532886 0.999461430 0.014258145 1.363718279 -0.537922107 -0.027914351 0.842532297 85.881223104
0.842356271 0.016186571 0.538678275 48.706044752 -0.028223498 0.999502232 0.014100767 1.372654569 -0.538181275 -0.027081249 0.842393959 86.527407634
0.842302271 0.015363890 0.538786892 48.924017768 -0.027103359 0.999536224 0.013869111 1.376857846 -0.538323665 -0.026284916 0.842328065 86.850787126
0.842434850 0.013935679 0.538617438 49.347871940 -0.025016106 0.999598955 0.013264350 1.384799558 -0.538216061 -0.024648469 0.842446108 87.481588872
0.841906751 0.013424387 0.539455324 49.775030379 -0.023995483 0.999632613 0.012572969 1.392570842 -0.539088165 -0.023529769 0.841919968 88.110140980
0.841892262 0.012816598 0.539493785 49.987373562 -0.023183702 0.999653424 0.012430269 1.396826561 -0.539147323 -0.022972388 0.841898204 88.425254206
0.842084387 0.011237851 0.539228529 50.412066932 -0.021384939 0.999692385 0.012561624 1.406037810 -0.538920681 -0.022109314 0.842066232 89.055465932
0.842474898 0.009817608 0.538646990 50.826998009 -0.019792468 0.999722728 0.012735249 1.415302093 -0.538372350 -0.021390258 0.842435912 89.680227909
0.842494231 0.009042419 0.538630153 51.039347194 -0.019004554 0.999735743 0.012942531 1.420157649 -0.538370348 -0.021140425 0.842443229 89.995328513
0.842524662 0.007659492 0.538603381 51.463227078 -0.017910086 0.999743803 0.013799038 1.430668663 -0.538359454 -0.021272449 0.842446874 90.626076194
0.842494652 0.006818946 0.538661693 51.864582128 -0.017503175 0.999738481 0.014720232 1.440839597 -0.538419824 -0.021830006 0.842394030 91.223770383
0.842276382 0.006654717 0.539005207 52.066492938 -0.017384048 0.999738611 0.014822148 1.445280061 -0.538765813 -0.021854423 0.842171768 91.521786091
0.842133727 0.005717248 0.539238875 52.461376757 -0.016377317 0.999753632 0.014976839 1.454013960 -0.539020081 -0.021443779 0.842019990 92.111808662
0.842290922 0.004926085 0.539001427 52.869184530 -0.015838820 0.999752392 0.015614166 1.463772431 -0.538790800 -0.021688796 0.842160659 92.717213387
0.842056896 0.004809372 0.539367521 53.067122794 -0.016009489 0.999742331 0.016079576 1.468694984 -0.539151339 -0.022174914 0.841916628 93.005827177
0.842083445 0.004507186 0.539328138 53.463686109 -0.016737865 0.999701972 0.017779358 1.480077926 -0.539086339 -0.023998920 0.841908403 93.594667394
0.842305652 0.004326937 0.538983160 53.858576931 -0.016872570 0.999689304 0.018342538 1.489511636 -0.538735791 -0.024544049 0.842117363 94.184675240
0.842421790 0.004188360 0.538803095 54.047562386 -0.016419862 0.999704663 0.017901421 1.492787567 -0.538569046 -0.023927604 0.842241521 94.467311739
0.842498351 0.004405759 0.538680827 54.419891259 -0.015719159 0.999741916 0.016408196 1.498172204 -0.538469259 -0.022291498 0.842349721 95.024344138
0.842460000 0.005248034 0.538733234 54.799497447 -0.015509957 0.999774417 0.014515023 1.502954311 -0.538534808 -0.020584054 0.842351820 95.588527765
0.842444114 0.005307038 0.538756840 54.989310495 -0.015342039 0.999782344 0.014141784 1.506340095 -0.538564129 -0.020179308 0.842342249 95.870598647
0.842120482 0.006139696 0.539254872 55.360143596 -0.015532654 0.999796264 0.012873217 1.511936539 -0.539066152 -0.019216854 0.842043846 96.416544898
0.842084546 0.007379610 0.539294740 55.719682217 -0.015040754 0.999838819 0.009803947 1.514158813 -0.539134704 -0.016367158 0.842060324 96.946031823
0.842145516 0.007641861 0.539195679 55.899861272 -0.014238285 0.999866088 0.008067418 1.514919986 -0.539061441 -0.014471175 0.842141645 97.210500998
0.842231641 0.006125652 0.539080567 56.269860678 -0.011352227 0.999915022 0.006374032 1.519796745 -0.538995501 -0.011488184 0.842229661 97.757025697
0.842232787 0.003552104 0.539102295 56.631091300 -0.007769300 0.999954020 0.005549295 1.525917723 -0.539057889 -0.008862232 0.842221740 98.285303974
0.842279417 0.003229072 0.539031798 56.804012649 -0.007249940 0.999958883 0.005338480 1.529240893 -0.538992006 -0.008404440 0.842269155 98.542580687
0.842609942 0.002544102 0.538517900 57.152217529 -0.007499759 0.999947299 0.007010893 1.539664226 -0.538471232 -0.009946239 0.842584732 99.067573023
0.842566320 0.004024460 0.538576987 57.492372125 -0.012548939 0.999846973 0.012160773 1.556038753 -0.538445454 -0.017004837 0.842488163 99.585864886
0.842752473 0.003960759 0.538286432 57.662869722 -0.014368745 0.999782204 0.015139603 1.564930766 -0.538108939 -0.020493452 0.842625675 99.844714336
0.842920416 0.002046248 0.538035214 57.999888368 -0.015954432 0.999648049 0.021193442 1.582796990 -0.537802191 -0.026448414 0.842656337 100.353019731
0.842948607 -0.004659766 0.537974849 58.339526195 -0.011387362 0.999583698 0.026500892 1.599124903 -0.537874255 -0.028465000 0.842544541 100.847459276
0.842934867 -0.008104090 0.537954450 58.511780865 -0.007416206 0.999615949 0.026679508 1.602919691 -0.537963485 -0.026478718 0.842552273 101.093081068
0.843189927 -0.002587542 0.537609355 58.830894039 -0.011085804 0.999691671 0.022198663 1.602008507 -0.537500580 -0.024677550 0.842902033 101.577549402
0.843093156 0.007783180 0.537710644 59.135349940 -0.017238527 0.999772360 0.012557524 1.592045170 -0.537490295 -0.019856510 0.843035468 102.047931113
0.842992364 0.012734110 0.537774618 59.292812235 -0.020596934 0.999750774 0.008613582 1.588785637 -0.537530686 -0.018337701 0.843044325 102.291632547
0.843270779 0.021466178 0.537060582 59.605311772 -0.027868662 0.999603793 0.003804369 1.587705447 -0.536766213 -0.018175251 0.843535237 102.780610884
0.844024147 0.019852782 0.535937714 59.930146118 -0.026342832 0.999643168 0.004456356 1.595869339 -0.535657967 -0.017879396 0.844245278 103.273153420
0.844354927 0.018275775 0.535472899 60.084542593 -0.025166374 0.999667746 0.005564595 1.601109597 -0.535193112 -0.018174400 0.844534214 103.506720918
0.844889320 0.015726323 0.534710530 60.400492360 -0.024435085 0.999659046 0.009208753 1.614445014 -0.534383253 -0.020846068 0.844985045 103.993142695
0.845021644 0.016223529 0.534486470 60.705981643 -0.026431720 0.999584893 0.011447653 1.625155941 -0.534078577 -0.023800894 0.845099863 104.462526066
0.845325407 0.017403880 0.533968470 60.857069648 -0.028365906 0.999520895 0.012328280 1.630146740 -0.533497818 -0.025567883 0.845414972 104.698352037
0.845483485 0.019562063 0.533642862 61.148798080 -0.031611202 0.999409083 0.013447770 1.638793497 -0.533064528 -0.028238974 0.845602819 105.152938436
0.845145778 0.020111459 0.534158212 61.439828620 -0.032122305 0.999396071 0.013195968 1.644792719 -0.533570433 -0.028310885 0.845281783 105.595935548
0.845157172 0.020378009 0.534129370 61.582936317 -0.032180064 0.999399989 0.012790005 1.647228653 -0.533548089 -0.027997907 0.845306003 105.813031732
0.846026587 0.019758429 0.532774426 61.870659487 -0.031194806 0.999435595 0.012471313 1.653088387 -0.532227080 -0.027170862 0.846165028 106.258285003
0.846373286 0.019019093 0.532251480 62.159218654 -0.030439808 0.999455795 0.012690828 1.659897744 -0.531720244 -0.026942775 0.846491701 106.702954985
0.846435229 0.019061268 0.532150467 62.290243295 -0.030459218 0.999455958 0.012648458 1.662748597 -0.531619738 -0.026914979 0.846555099 106.904075419
0.846747411 0.019710425 0.531630115 62.557087814 -0.030800765 0.999453399 0.012002500 1.667588199 -0.531103069 -0.026537734 0.846891101 107.315162895
0.847066675 0.019667118 0.531123252 62.835199602 -0.030478345 0.999467873 0.011599210 1.673082709 -0.530612168 -0.026013070 0.847215670 107.742766915
0.847251640 0.019275652 0.530842000 62.976666220 -0.030174955 0.999473514 0.011868560 1.676708556 -0.530333722 -0.026073790 0.847387796 107.960964672
0.847207867 0.018113382 0.530952404 63.245177629 -0.028920228 0.999508906 0.012048180 1.682937543 -0.530473015 -0.025562577 0.847316045 108.370896301
0.847340572 0.018323971 0.530734160 63.512839936 -0.028449454 0.999535428 0.010911191 1.686907262 -0.530287924 -0.024344590 0.847467649 108.781438775
0.847280588 0.018748515 0.530815201 63.643852172 -0.028478002 0.999542358 0.010152196 1.688518452 -0.530382064 -0.023718299 0.847426840 108.982585294
0.847214703 0.019903752 0.530877449 63.905062957 -0.029343255 0.999525337 0.009353929 1.693020602 -0.530438981 -0.023502455 0.847396977 109.385414709
0.847322619 0.020506688 0.530682048 64.160655714 -0.030043487 0.999504716 0.009346406 1.698754875 -0.530227118 -0.023862910 0.847519370 109.779953035
0.847338155 0.021021793 0.530636976 64.285217727 -0.030448544 0.999494791 0.009025106 1.701028460 -0.530179179 -0.023804413 0.847551028 109.973383760
0.847610460 0.021319879 0.530190237 64.529537713 -0.030437517 0.999500088 0.008468716 1.705557973 -0.529744307 -0.023315857 0.847836795 110.351417112
0.847841890 0.021428065 0.529815598 64.769055860 -0.030329140 0.999506813 0.008110012 1.710289770 -0.529380024 -0.022944808 0.848074241 110.720617740
0.847859445 0.021140365 0.529799472 64.884008591 -0.029837396 0.999523526 0.007866481 1.712408074 -0.529380708 -0.022477499 0.848086274 110.896394796
0.847763956 0.021457302 0.529939186 65.114730541 -0.029549152 0.999539530 0.006799511 1.715644836 -0.529548948 -0.021423620 0.848008646 111.247406641
0.847633111 0.022276493 0.530115257 65.338179779 -0.030259567 0.999521758 0.006382149 1.719944002 -0.529719191 -0.021450804 0.847901840 111.591257580
0.847698878 0.022234216 0.530011436 65.447508380 -0.030320640 0.999518305 0.006564510 1.722684594 -0.529609807 -0.021634970 0.847965166 111.758756379
0.847742266 0.022291033 0.529940423 65.666162781 -0.030506259 0.999511256 0.006757922 1.727885854 -0.529530599 -0.021895434 0.848008394 112.093759868
0.847698820 0.021971439 0.530023240 65.881658121 -0.030026632 0.999526762 0.006589437 1.732269437 -0.529627503 -0.021500662 0.847957976 112.418825482
0.847690568 0.022088030 0.530030769 65.985348386 -0.030029803 0.999528401 0.006373924 1.734212702 -0.529639504 -0.021319799 0.847954699 112.578075897
0.847728065 0.021955380 0.529976999 66.199193644 -0.029855504 0.999534164 0.006347948 1.738886444 -0.529590688 -0.021204080 0.847988086 112.904262018
0.847857143 0.020778418 0.529817579 66.409073258 -0.028935382 0.999555795 0.007104200 1.744732086 -0.529434084 -0.021353807 0.848082354 113.221031706
0.848015972 0.020666781 0.529568056 66.511127646 -0.029266586 0.999540901 0.007857864 1.748385124 -0.529162445 -0.022162244 0.848230809 113.381372754
0.847846324 0.020466504 0.529847821 66.714557438 -0.029783371 0.999514731 0.009049999 1.754933151 -0.529405452 -0.023453598 0.848044962 113.690425806
0.847838471 0.020495039 0.529858318 66.911512198 -0.029947181 0.999507902 0.009258023 1.759664248 -0.529407573 -0.023717034 0.848036060 113.991815233
0.847935460 0.020865864 0.529688850 67.003116005 -0.030348016 0.999496685 0.009208956 1.761682525 -0.529229556 -0.023883614 0.848142578 114.135097051
0.848289472 0.020878862 0.529121675 67.187148311 -0.030238143 0.999501122 0.009038134 1.765539010 -0.528669391 -0.023666604 0.848497685 114.421101169
0.848348404 0.020410034 0.529045043 67.361574236 -0.029720499 0.999516547 0.009097971 1.769530135 -0.528603155 -0.023441725 0.848545432 114.689445518
0.848407974 0.020143457 0.528959699 67.449205496 -0.029607628 0.999516668 0.009425387 1.772030501 -0.528514411 -0.023657814 0.848594102 114.823325418
0.848677159 0.019472273 0.528552577 67.616358308 -0.029239120 0.999521188 0.010125140 1.777044042 -0.528102224 -0.024047389 0.848839844 115.084509702
0.848735978 0.019541636 0.528455476 67.784324207 -0.029272389 0.999520469 0.010052508 1.780717829 -0.528005806 -0.024001077 0.848901006 115.345158873
0.848683977 0.019869037 0.528527265 67.866315130 -0.029543962 0.999514479 0.009865428 1.782220923 -0.528074215 -0.023987397 0.848859579 115.470794595
0.848776305 0.019709951 0.528384589 68.029478889 -0.029420719 0.999516535 0.009976099 1.786067001 -0.527932425 -0.024012914 0.848946776 115.722611672
0.848826616 0.019455438 0.528313490 68.180560992 -0.029458591 0.999509929 0.010522818 1.790467961 -0.527850112 -0.024495412 0.848983828 115.958450054
0.848786747 0.019484511 0.528375893 68.255273400 -0.029581092 0.999504771 0.010661397 1.792453618 -0.527906036 -0.024679168 0.848944167 116.076937071
