1.000000000 -0.000000000 -0.000000000 0.000000000 0.000000000 1.000000000 0.000000000 0.000000000 -0.000000000 0.000000000 1.000000000 0.000000000
0.999999835 0.000070362 0.000078967 0.001008657 -0.000070245 1.000000761 -0.000336869 -0.000564807 -0.000078987 0.000336843 0.999999494 0.000001776
0.999999885 0.000077375 0.000098572 0.001016980 -0.000077302 1.000000399 -0.000653275 -0.001114726 -0.000098621 0.000653248 0.999999986 0.000006178
0.999999827 0.000196904 0.000050334 0.000989167 -0.000196737 0.999998548 -0.001695250 -0.003065394 -0.000050668 0.001695232 0.999998503 -0.019978769
0.999999997 0.000418788 0.000111934 0.000981843 -0.000418366 0.999997150 -0.002475477 -0.004475664 -0.000112968 0.002475413 0.999996611 -0.029967761
0.999999237 0.000444496 0.000163727 0.001979152 -0.000444096 0.999997742 -0.002375979 -0.004290580 -0.000164780 0.002375834 0.999996669 -0.029971988
1.000000009 0.000426877 0.000151526 0.001936270 -0.000426581 0.999998722 -0.001782026 -0.003351194 -0.000152283 0.001781943 0.999997923 -0.039979789
0.999999584 0.000377010 0.000037573 0.001941111 -0.000376868 0.999998462 -0.001968779 -0.003671147 -0.000038308 0.001968698 0.999997738 -0.039977228
0.999999352 0.000422033 0.000006833 0.001946559 -0.000421934 0.999997841 -0.002180817 -0.004031094 -0.000007753 0.002180787 0.999997529 -0.039974346
0.999999310 0.000492860 0.000045316 0.002919143 -0.000492654 0.999997970 -0.002188036 -0.004106449 -0.000046386 0.002187992 0.999997481 -0.049976769
0.999999398 0.000504050 0.000073997 0.002913696 -0.000503883 0.999998453 -0.001977359 -0.003746501 -0.000074997 0.001977350 0.999997708 -0.049979651
1.000000051 0.000549277 0.000083809 0.003914636 -0.000548960 0.999998477 -0.002019725 -0.003801383 -0.000084916 0.002019727 0.999998021 -0.049981957
0.999999225 0.000568161 0.000122687 0.003918116 -0.000567887 0.999997802 -0.002149656 -0.004031349 -0.000123903 0.002149586 0.999997960 -0.049980116
0.999999430 0.000585739 0.000143089 0.003915242 -0.000585349 0.999998177 -0.002038430 -0.003841377 -0.000144274 0.002038330 0.999998009 -0.049981637
0.999999040 0.000631060 0.000168974 0.004913459 -0.000630670 0.999998356 -0.001975114 -0.003716284 -0.000170219 0.001975002 0.999997429 -0.049985383
0.999999424 0.000650264 0.000136693 0.004912551 -0.000649908 0.999998372 -0.001940731 -0.003656293 -0.000137954 0.001940638 0.999998241 -0.049985864
0.999999965 0.000617986 0.000126456 0.004911946 -0.000617613 0.999998690 -0.001916604 -0.003616299 -0.000127645 0.001916503 0.999998075 -0.049986184
0.999999079 0.000631131 0.000155454 0.005913038 -0.000630661 0.999998273 -0.001964500 -0.003681179 -0.000156689 0.001964402 0.999998380 -0.049988410
0.999999121 0.000637003 0.000172233 0.005914551 -0.000636596 0.999997822 -0.002021989 -0.003781164 -0.000173511 0.002021892 0.999997797 -0.049987609
0.999999785 0.000674734 0.000139856 0.005914853 -0.000674433 0.999998496 -0.002034979 -0.003801161 -0.000141228 0.002034783 0.999997990 -0.049987449
0.999999678 0.000731785 0.000128609 0.005916064 -0.000731454 0.999997728 -0.002081061 -0.003881149 -0.000130128 0.002080935 0.999997392 -0.049986809
0.999999258 0.000706273 0.000140214 0.006914886 -0.000705849 0.999998052 -0.002044774 -0.003796051 -0.000141653 0.002044701 0.999998068 -0.049990235
0.999999876 0.000677800 0.000124357 0.006914432 -0.000677508 0.999998444 -0.002022612 -0.003766055 -0.000125733 0.002022475 0.999997933 -0.049990475
0.999999804 0.000683063 0.000176195 0.006915794 -0.000682625 0.999997954 -0.002076441 -0.003856042 -0.000177613 0.002076266 0.999997224 -0.049989755
0.999999784 0.000747994 0.000176355 0.007915827 -0.000747537 0.999998005 -0.002085040 -0.003850932 -0.000177911 0.002084888 0.999997293 -0.049992541
0.999999575 0.000796872 0.000157781 0.007916432 -0.000796400 0.999997945 -0.002110022 -0.003890926 -0.000159456 0.002109855 0.999997545 -0.049992221
0.999999882 0.000813346 0.000138511 0.007916281 -0.000813044 0.999998121 -0.002100913 -0.003880928 -0.000140223 0.002100808 0.999997525 -0.049992301
0.999999291 0.000768762 0.000109672 0.007916432 -0.000768414 0.999997481 -0.002105149 -0.003890926 -0.000111289 0.002105036 0.999997638 -0.049992221
0.999999137 0.000757083 0.000101709 0.007916735 -0.000756751 0.999998403 -0.002117570 -0.003910923 -0.000103302 0.002117461 0.999997760 -0.049992061
0.999999181 0.000759755 0.000100645 0.008917070 -0.000759443 0.999997611 -0.002138488 -0.003925810 -0.000102261 0.002138361 0.999997931 -0.049994687
0.999999486 0.000786823 0.000136429 0.008917827 -0.000786429 0.999998228 -0.002164458 -0.003975803 -0.000138136 0.002164282 0.999997042 -0.049994287
0.999999671 0.000800500 0.000143910 0.008918432 -0.000800089 0.999997620 -0.002187546 -0.004015797 -0.000145666 0.002187351 0.999997207 -0.049993967
0.999999612 0.000788351 0.000101029 0.008918886 -0.000788044 0.999997582 -0.002205696 -0.004045793 -0.000102762 0.002205585 0.999997471 -0.049993727
0.999999437 0.000779514 0.000115299 0.008918432 -0.000779160 0.999997335 -0.002191679 -0.004015797 -0.000117003 0.002191511 0.999997319 -0.049993967
0.999999026 0.000821876 0.000132782 0.009919070 -0.000821513 0.999998173 -0.002216217 -0.004050681 -0.000134592 0.002216089 0.999997468 -0.049996433
0.999999107 0.000829481 0.000144423 0.009919826 -0.000829106 0.999997552 -0.002249244 -0.004100674 -0.000146291 0.002249074 0.999997702 -0.049996033
0.999999119 0.000825748 0.000120923 0.009920432 -0.000825418 0.999997690 -0.002273409 -0.004140668 -0.000122800 0.002273284 0.999996961 -0.049995712
0.999999268 0.000823565 0.000057635 0.009920583 -0.000823308 0.999997704 -0.002279266 -0.004150667 -0.000059505 0.002279190 0.999997182 -0.049995632
0.999999135 0.000879375 0.000049594 0.009920583 -0.000879155 0.999997553 -0.002279887 -0.004150667 -0.000051605 0.002279838 0.999997209 -0.049995632
0.999999198 0.000882779 0.000045877 0.009920583 -0.000882625 0.999997618 -0.002281443 -0.004150667 -0.000047888 0.002281428 0.999997231 -0.049995632
0.999998990 0.000872685 0.000064976 0.009920734 -0.000872480 0.999997479 -0.002283255 -0.004160665 -0.000066969 0.002283157 0.999997194 -0.049995552
0.999999203 0.000825036 0.000087980 0.010920313 -0.000824752 0.999997643 -0.002268806 -0.004125560 -0.000089855 0.002268786 0.999997014 -0.049998579
0.999998966 0.000807867 0.000080390 0.010920465 -0.000807592 0.999997467 -0.002279422 -0.004135558 -0.000082222 0.002279335 0.999997120 -0.049998499
0.999999444 0.000769767 0.000062042 0.010919708 -0.000769532 0.999997633 -0.002247296 -0.004085566 -0.000063769 0.002247137 0.999996912 -0.049998899
0.999999478 0.000770332 0.000053474 0.010920313 -0.000770163 0.999997829 -0.002270628 -0.004125560 -0.000055223 0.002270535 0.999997124 -0.049998579
0.999999705 0.000788462 0.000069117 0.010920465 -0.000788188 0.999997153 -0.002276692 -0.004135558 -0.000070920 0.002276691 0.999997129 -0.049998499
0.999999297 0.000834293 0.000103761 0.010919859 -0.000833979 0.999997660 -0.002253566 -0.004095564 -0.000105641 0.002253460 0.999996848 -0.049998819
0.999999875 0.000803093 0.000086534 0.011921556 -0.000802727 0.999997762 -0.002325233 -0.004200438 -0.000088404 0.002325147 0.999997472 -0.050000724
0.999999007 0.000745588 0.000086800 0.011922464 -0.000745333 0.999997150 -0.002357539 -0.004260429 -0.000088553 0.002357411 0.999996731 -0.050000244
0.999999713 0.000728422 0.000098690 0.011920951 -0.000728115 0.999997444 -0.002301747 -0.004160444 -0.000100374 0.002301654 0.999997250 -0.050001045
0.999999337 0.000768743 0.000093781 0.011921103 -0.000768488 0.999997087 -0.002305822 -0.004170442 -0.000095548 0.002305746 0.999997296 -0.050000965
0.999999551 0.000783130 0.000094366 0.011920951 -0.000782792 0.999997270 -0.002301512 -0.004160444 -0.000096174 0.002301405 0.999997260 -0.050001045
0.999999132 0.000823419 0.000103872 0.011918984 -0.000823080 0.999997278 -0.002226355 -0.004030463 -0.000105709 0.002226292 0.999997629 -0.050002085
0.999999696 0.000801674 0.000141236 0.011917774 -0.000801267 0.999997562 -0.002178086 -0.003950475 -0.000142977 0.002177948 0.999997138 -0.050002725
0.999999809 0.000811594 0.000154308 0.011914294 -0.000811170 0.999997652 -0.002045562 -0.003720508 -0.000155958 0.002045415 0.999998036 -0.050004566
0.999998991 0.000828850 0.000181288 0.012913872 -0.000828402 0.999997789 -0.002030153 -0.003685402 -0.000182968 0.002029966 0.999997838 -0.050007593
0.999999483 0.000926379 0.000174658 0.011917622 -0.000925958 0.999997416 -0.002173981 -0.003940476 -0.000176674 0.002173806 0.999997013 -0.050002805
0.999999744 0.000943022 0.000171003 0.012919622 -0.000942528 0.999997337 -0.002257643 -0.004065347 -0.000173132 0.002257464 0.999997697 -0.050004551
0.999998875 0.000880817 0.000145539 0.012942167 -0.000880333 0.999995298 -0.003119879 -0.005555129 -0.000148279 0.003119782 0.999994704 -0.049992625
0.999999682 0.000989697 0.000086666 0.012991343 -0.000989184 0.999987146 -0.005019209 -0.008804655 -0.000091633 0.005019118 0.999987148 -0.049966612
0.999999430 0.001105883 0.000088488 0.011996606 -0.001105326 0.999986474 -0.005215314 -0.009159714 -0.000094258 0.005215211 0.999986721 -0.049961024
0.999999418 0.001285204 -0.000006851 0.011991916 -0.001285195 0.999986805 -0.005042524 -0.008849759 0.000000373 0.005042510 0.999987593 -0.049963506
0.999998946 0.001446611 -0.000038482 0.012021785 -0.001446680 0.999986019 -0.005138926 -0.008929271 0.000031045 0.005138977 0.999986455 -0.039962588
0.999998181 0.001898002 -0.000182217 0.011091781 -0.001898935 0.999982555 -0.005726710 -0.009773306 0.000171341 0.005726987 0.999983579 -0.019952523
0.999996595 0.002341204 -0.000427780 0.011192586 -0.002343893 0.999977029 -0.006446768 -0.010751735 0.000412674 0.006447741 0.999979047 0.010056153
0.999996520 0.002646223 -0.000536926 0.010255773 -0.002649688 0.999974272 -0.006774584 -0.011145836 0.000518979 0.006776037 0.999976984 0.030062616
0.999992747 0.003544243 -0.000764496 0.009376277 -0.003549617 0.999968278 -0.007200514 -0.011538984 0.000738958 0.007203236 0.999974036 0.070069634
0.999988925 0.004598440 -0.001192297 0.007520869 -0.004607178 0.999961665 -0.007502259 -0.011636810 0.001157744 0.007507607 0.999970638 0.120077314
0.999984983 0.005215114 -0.001445167 0.006611201 -0.005226155 0.999956574 -0.007822454 -0.011930450 0.001404314 0.007829867 0.999967909 0.150083254
0.999977716 0.006421673 -0.001954872 0.004802912 -0.006438695 0.999940409 -0.008889495 -0.013247622 0.001897668 0.008901923 0.999958893 0.210100977
0.999971021 0.007073650 -0.002778566 0.002995440 -0.007098149 0.999935632 -0.008927184 -0.012724586 0.002715242 0.008946674 0.999956457 0.280104249
0.999968614 0.007210210 -0.003295878 0.003087834 -0.007237137 0.999940438 -0.008265781 -0.011252896 0.003236086 0.008289337 0.999960555 0.320093594
0.999963032 0.007544820 -0.004110535 0.002290202 -0.007571669 0.999949856 -0.006553680 -0.007584257 0.004060883 0.006584481 0.999970016 0.410069503
0.999951990 0.008729641 -0.004491679 0.001534242 -0.008753842 0.999947704 -0.005411041 -0.004775016 0.004444209 0.005450105 0.999974868 0.510052573
0.999940721 0.009798028 -0.004703526 0.000687704 -0.009821488 0.999939626 -0.004998975 -0.003557448 0.004654258 0.005044923 0.999976134 0.570047259
0.999930296 0.010502177 -0.005372393 -0.000993873 -0.010526891 0.999934160 -0.004598948 -0.001882199 0.005323737 0.004655220 0.999974751 0.690042715
0.999945510 0.008190875 -0.006411908 0.001381485 -0.008224761 0.999952636 -0.005283055 -0.002045763 0.006368329 0.005335540 0.999965108 0.820042191
0.999952984 0.006893717 -0.006754494 0.003587762 -0.006932890 0.999959183 -0.005810455 -0.002402156 0.006714156 0.005856967 0.999960292 0.890041522
0.999968800 0.003423656 -0.007120637 0.009055096 -0.003472378 0.999970845 -0.006852725 -0.002938905 0.007096951 0.006877235 0.999950683 1.050036594
0.999972759 0.001549325 -0.007142839 0.012538252 -0.001610185 0.999962799 -0.008529707 -0.004535720 0.007129388 0.008540904 0.999938238 1.210045642
0.999969677 0.001506086 -0.007636899 0.012778873 -0.001577480 0.999955734 -0.009352392 -0.005281801 0.007622491 0.009364209 0.999927213 1.290053865
0.999953115 0.002371350 -0.009384848 0.009298086 -0.002468357 0.999943873 -0.010347188 -0.005523637 0.009359767 0.010369866 0.999902015 1.470071846
0.999930712 0.003355412 -0.011263411 0.004804707 -0.003477704 0.999934983 -0.010858786 -0.004940705 0.011226318 0.010897155 0.999877287 1.650085970
0.999921499 0.003235648 -0.012098204 0.003061513 -0.003371547 0.999931225 -0.011238983 -0.004876650 0.012061019 0.011278828 0.999863637 1.740093480
0.999901569 0.002823007 -0.013752303 0.000617891 -0.002996250 0.999916843 -0.012596111 -0.005672818 0.013715613 0.012636125 0.999826096 1.930113434
0.999874222 0.002314771 -0.015671173 -0.002810028 -0.002543028 0.999890874 -0.014562774 -0.007513944 0.015635710 0.014600800 0.999771186 2.120144499
0.999859954 0.002367584 -0.016569670 -0.005490488 -0.002620185 0.999881145 -0.015243270 -0.007813995 0.016531603 0.015284558 0.999746126 2.230158231
0.999829646 0.003013127 -0.018184080 -0.009889658 -0.003288498 0.999880222 -0.015141094 -0.005879355 0.018136221 0.015198290 0.999719735 2.450162660
0.999778340 0.004021140 -0.020649076 -0.017296794 -0.004325908 0.999882481 -0.014738265 -0.003440121 0.020587398 0.014824292 0.999678258 2.670171284
0.999748180 0.005158423 -0.021813824 -0.021958799 -0.005488164 0.999871722 -0.015087380 -0.003080013 0.021733174 0.015203370 0.999648263 2.790185504
0.999694280 0.007638879 -0.023490186 -0.031313648 -0.008032946 0.999827938 -0.016730201 -0.004110494 0.023358357 0.016913776 0.999584081 3.010227395
0.999616576 0.012015916 -0.024933979 -0.041591087 -0.012498876 0.999735732 -0.019305576 -0.006474938 0.024695453 0.019609800 0.999502764 3.250283272
0.999568998 0.013444372 -0.026071260 -0.048265929 -0.013973942 0.999698215 -0.020238101 -0.007175373 0.025791292 0.020593617 0.999455387 3.360311191
0.999506372 0.012562452 -0.028803678 -0.054608300 -0.013146452 0.999710510 -0.020179629 -0.005220006 0.028541805 0.020548337 0.999381414 3.600321506
0.999452697 0.011191932 -0.031130083 -0.060950638 -0.011721704 0.999789348 -0.016889819 0.002415961 0.030934474 0.017245446 0.999372328 3.870287191
0.999451584 0.010154169 -0.031523919 -0.063606704 -0.010640030 0.999826587 -0.015286237 0.006186745 0.031363289 0.015613236 0.999385507 4.010269180
0.999439498 0.008638798 -0.032345448 -0.068881313 -0.009081194 0.999867494 -0.013556719 0.011248674 0.032224010 0.013842902 0.999384845 4.290253007
0.999381293 0.007443185 -0.034374835 -0.076105841 -0.007884472 0.999888555 -0.012723860 0.014881067 0.034276314 0.012986984 0.999327712 4.580254049
0.999343480 0.007465118 -0.035445810 -0.081715038 -0.007891424 0.999898406 -0.011905166 0.017427174 0.035353413 0.012177015 0.999300063 4.730254359
0.999303674 0.007742314 -0.036498476 -0.090872933 -0.008168246 0.999900808 -0.011538005 0.020430390 0.036405587 0.011828122 0.999266997 5.040266491
0.999286046 0.007914745 -0.036933819 -0.098027193 -0.008376932 0.999889217 -0.012377424 0.021313660 0.036831730 0.012677973 0.999240945 5.340289822
0.999271556 0.008121918 -0.037274458 -0.103591479 -0.008543288 0.999901682 -0.011159282 0.024680599 0.037180121 0.011469560 0.999243079 5.510284123
0.999249972 0.008694902 -0.037729710 -0.114733822 -0.009010277 0.999925846 -0.008198644 0.032324344 0.037655555 0.008532388 0.999254506 5.850265442
0.999265627 0.008947592 -0.037252620 -0.121807579 -0.009208204 0.999934767 -0.006832103 0.037359390 0.037188988 0.007170073 0.999282202 6.200256944
0.999277703 0.008689278 -0.036981156 -0.124350887 -0.008932609 0.999939474 -0.006421431 0.039361860 0.036923128 0.006747129 0.999295152 6.370253932
0.999291634 0.008529874 -0.036638264 -0.130420980 -0.008726017 0.999949181 -0.005196501 0.044162051 0.036592115 0.005512544 0.999315356 6.720244568
0.999293117 0.008565787 -0.036602184 -0.138505967 -0.008695655 0.999957290 -0.003393023 0.049931878 0.036571566 0.003708915 0.999323745 7.070232934
0.999297420 0.008371055 -0.036521435 -0.142036838 -0.008464530 0.999961395 -0.002408319 0.052999559 0.036499792 0.002715781 0.999329601 7.250224421
0.999291759 0.007679873 -0.036831345 -0.149074461 -0.007696778 0.999971030 -0.000320065 0.059435352 0.036827742 0.000603305 0.999321648 7.620205272
0.999299344 0.006323197 -0.036871422 -0.155058336 -0.006337633 0.999980751 -0.000275953 0.062326774 0.036868986 0.000509417 0.999319403 7.990211752
0.999293600 0.006405141 -0.037035296 -0.161482358 -0.006457179 0.999979115 -0.001286233 0.062100555 0.037026269 0.001524452 0.999312982 8.190238406
0.999271911 0.007821155 -0.037327269 -0.173359936 -0.007948233 0.999963778 -0.003258983 0.061712743 0.037300336 0.003553301 0.999297656 8.580288171
0.999243593 0.007439137 -0.038156538 -0.184157253 -0.007640181 0.999957904 -0.005128115 0.061711415 0.038116765 0.005415764 0.999258971 9.000332940
0.999228989 0.007900694 -0.038449154 -0.189554399 -0.008142520 0.999948141 -0.006138628 0.061610765 0.038398657 0.006447013 0.999241904 9.210356125
0.999189805 0.011382908 -0.038586790 -0.203417758 -0.011686354 0.999903008 -0.007649565 0.062163070 0.038495983 0.008094277 0.999225439 9.610404136
0.999163644 0.012689981 -0.038852561 -0.215229846 -0.013089565 0.999864428 -0.010048787 0.061236290 0.038719754 0.010548988 0.999194473 10.020458778
0.999171445 0.012744651 -0.038639335 -0.217623716 -0.013185893 0.999851373 -0.011188163 0.060941001 0.038491000 0.011688384 0.999190055 10.230475285
0.999142262 0.013367582 -0.039179722 -0.228433592 -0.013870925 0.999824382 -0.012603445 0.061769551 0.039004410 0.013136144 0.999152925 10.650513411
0.999128107 0.013178051 -0.039604139 -0.240233000 -0.013715481 0.999817337 -0.013332190 0.063793292 0.039421213 0.013863747 0.999125953 11.080544996
0.999133965 0.013209332 -0.039440329 -0.245633564 -0.013736687 0.999820192 -0.013131102 0.065812809 0.039259762 0.013661531 0.999135886 11.300551490
0.999103577 0.013816851 -0.040013735 -0.257439113 -0.014330650 0.999818245 -0.012582225 0.070136690 0.039832545 0.013144360 0.999120043 11.740564943
0.999078876 0.015206077 -0.040111337 -0.270255803 -0.015725806 0.999796473 -0.012676455 0.073295154 0.039910342 0.013295628 0.999115069 12.170590190
0.999093584 0.015852235 -0.039487907 -0.276657459 -0.016355003 0.999789507 -0.012443368 0.075379551 0.039282342 0.013077902 0.999142483 12.390598910
0.999129429 0.016809349 -0.038166477 -0.286393004 -0.017255924 0.999786779 -0.011403608 0.080774925 0.037966645 0.012052260 0.999206492 12.860599139
0.999144389 0.016560820 -0.037882492 -0.296149946 -0.016972893 0.999800331 -0.010582534 0.085689894 0.037699617 0.011216503 0.999226106 13.320602932
0.999149508 0.016528285 -0.037760206 -0.301491377 -0.016937581 0.999801524 -0.010546535 0.087590381 0.037578315 0.011177182 0.999231481 13.560610942
0.999214487 0.015970163 -0.036261745 -0.308175014 -0.016357838 0.999812721 -0.010422396 0.091471785 0.036088418 0.011007317 0.999287371 14.040615336
0.999259287 0.014574874 -0.035605062 -0.316753765 -0.014942644 0.999838442 -0.010086590 0.095984781 0.035452285 0.010611126 0.999314867 14.560621290
0.999265542 0.013994471 -0.035655662 -0.321046469 -0.014352276 0.999849225 -0.009802207 0.098461247 0.035513019 0.010306721 0.999315718 14.820622507
0.999281491 0.013028145 -0.035597789 -0.330605067 -0.013363508 0.999868525 -0.009202779 0.103529526 0.035473218 0.009671896 0.999323736 15.350627042
0.999292182 0.012350554 -0.035513548 -0.344111986 -0.012696604 0.999874739 -0.009535858 0.107048066 0.035391320 0.009979917 0.999323185 15.890655246
0.999293779 0.012336585 -0.035475563 -0.351373860 -0.012676764 0.999876285 -0.009381631 0.109359699 0.035355354 0.009824737 0.999326840 16.160666299
0.999267296 0.013372845 -0.035850294 -0.367903272 -0.013699743 0.999867343 -0.008887800 0.114342692 0.035726672 0.009372348 0.999317895 16.700691015
0.999229722 0.013773777 -0.036725948 -0.384432229 -0.014091037 0.999865663 -0.008393298 0.119295689 0.036605355 0.008904344 0.999290318 17.240715972
0.999217611 0.013915234 -0.037023866 -0.391697432 -0.014225335 0.999866729 -0.008124841 0.121827291 0.036905780 0.008645138 0.999280976 17.510725264
0.999254385 0.012563903 -0.036494918 -0.402330417 -0.012779956 0.999902368 -0.005694384 0.129909543 0.036419831 0.006156471 0.999317968 18.030708136
0.999289006 0.010673541 -0.036162372 -0.411888500 -0.010826470 0.999933910 -0.004036351 0.136838028 0.036116806 0.004424944 0.999337715 18.570698061
0.999312517 0.010157862 -0.035656863 -0.417129820 -0.010292827 0.999941468 -0.003605577 0.139700279 0.035618130 0.003970082 0.999357862 18.850699497
0.999357336 0.007863148 -0.034965240 -0.424642987 -0.007959507 0.999965133 -0.002616950 0.145569616 0.034943408 0.002893551 0.999385010 19.400692692
0.999367918 0.008571084 -0.034490648 -0.437115493 -0.008615455 0.999963180 -0.001139801 0.152504195 0.034479640 0.001436212 0.999403822 19.970691648
0.999370436 0.008901790 -0.034324540 -0.444346136 -0.008946098 0.999960247 -0.001137795 0.154646330 0.034313088 0.001444138 0.999410350 20.250704339
0.999389304 0.008271246 -0.033929879 -0.455696076 -0.008351751 0.999963297 -0.002235459 0.157277601 0.033910139 0.002517433 0.999421099 20.840735562
0.999367159 0.008931002 -0.034433500 -0.470997908 -0.009042832 0.999954381 -0.003095335 0.160489297 0.034404278 0.003404725 0.999402400 21.450773682
0.999368582 0.008405424 -0.034522145 -0.477195320 -0.008524525 0.999958974 -0.003305640 0.162337062 0.034492907 0.003597838 0.999398335 21.740786266
0.999392564 0.006362489 -0.034246283 -0.489591291 -0.006455171 0.999975813 -0.002597169 0.168002779 0.034228981 0.002816682 0.999409878 22.330795942
0.999409053 0.005120044 -0.033976687 -0.499046993 -0.005146079 0.999987306 -0.000679575 0.175743050 0.033972793 0.000854009 0.999422709 22.910780495
0.999418589 0.005007522 -0.033729150 -0.505252575 -0.005029795 0.999987760 -0.000579335 0.178130735 0.033725822 0.000748630 0.999430223 23.200788756
0.999436715 0.004684609 -0.033224474 -0.516607055 -0.004737350 0.999988226 -0.001510636 0.181061963 0.033217001 0.001667166 0.999446332 23.790817577
0.999468447 0.004164780 -0.032313239 -0.526946007 -0.004230597 0.999989872 -0.001970242 0.184868650 0.032304703 0.002105876 0.999475530 24.390836927
0.999490873 0.003353711 -0.031732038 -0.531073778 -0.003442402 0.999990567 -0.002743589 0.185917705 0.031722479 0.002851423 0.999492158 24.700850976
0.999500456 0.001044027 -0.031568165 -0.538345086 -0.001194605 0.999988122 -0.004753123 0.187170573 0.031562860 0.004788452 0.999489878 25.310882815
0.999530367 -0.000524922 -0.030639635 -0.545650136 0.000357706 0.999985684 -0.005464476 0.190653116 0.030642054 0.005450902 0.999515054 25.920896805
0.999548661 -0.001698493 -0.029988999 -0.545802288 0.001539898 0.999985429 -0.005312241 0.193342374 0.029997568 0.005263719 0.999536044 26.230886743
0.999577458 -0.003973068 -0.028803089 -0.545120329 0.003845352 0.999982907 -0.004488663 0.199635869 0.028820496 0.004376051 0.999575163 26.850856550
0.999572828 -0.005370549 -0.028706927 -0.549431423 0.005259345 0.999979116 -0.003948493 0.205433882 0.028727528 0.003795796 0.999579553 27.470844049
0.999561354 -0.005985197 -0.028984042 -0.554579654 0.005873169 0.999975682 -0.003951044 0.207827630 0.029007030 0.003779110 0.999572334 27.780850079
0.999557536 -0.005374299 -0.029259554 -0.566840562 0.005251350 0.999977678 -0.004278538 0.212145449 0.029281854 0.004123030 0.999562725 28.410871672
0.999568856 -0.004676825 -0.028994077 -0.575995422 0.004518511 0.999975390 -0.005525594 0.215160220 0.029019210 0.005392179 0.999564030 29.070896303
0.999580952 -0.004422343 -0.028606275 -0.579065994 0.004240568 0.999970435 -0.006415108 0.216225336 0.028633800 0.006291153 0.999570124 29.400908041
0.999582692 -0.002990793 -0.028733785 -0.591236750 0.002758862 0.999964015 -0.008112915 0.218374424 0.028756922 0.008030238 0.999554134 30.050947557
0.999599440 -0.003215500 -0.028109102 -0.597396291 0.002988464 0.999962609 -0.008116825 0.223614678 0.028134106 0.008029566 0.999571452 30.720946419
0.999620311 -0.001971477 -0.027489502 -0.600466045 0.001752458 0.999966701 -0.007989385 0.226520001 0.027504371 0.007938115 0.999589726 31.060943707
0.999654727 -0.001189359 -0.026245100 -0.601670059 0.001024348 0.999980219 -0.006303139 0.234735375 0.026252090 0.006274100 0.999635744 31.730905026
0.999674042 0.000612202 -0.025516832 -0.608824669 -0.000724925 0.999990697 -0.004410111 0.243430966 0.025513886 0.004427104 0.999664514 32.420879535
0.999678741 0.001187399 -0.025291686 -0.612940818 -0.001277449 0.999993623 -0.003549202 0.247500532 0.025287311 0.003580371 0.999673969 32.750869967
0.999669831 0.002065432 -0.025614322 -0.627053139 -0.002149350 0.999992719 -0.003252901 0.253350763 0.025607363 0.003306858 0.999666470 33.440886471
0.999702300 0.002543180 -0.024254187 -0.631142587 -0.002637342 0.999989831 -0.003854052 0.257762312 0.024244151 0.003916892 0.999698575 34.130887038
0.999718089 0.002115376 -0.023631014 -0.631176018 -0.002211719 0.999989884 -0.004056541 0.260183515 0.023622161 0.004107573 0.999712494 34.480880248
0.999730934 0.001205408 -0.023162559 -0.637228942 -0.001296708 0.999991914 -0.003928540 0.265955596 0.023157646 0.003957549 0.999724179 35.190875977
0.999751988 0.000672172 -0.022228995 -0.642291367 -0.000748661 0.999993815 -0.003438062 0.272362695 0.022226545 0.003453879 0.999746671 35.900863878
0.999770380 0.000534543 -0.021417923 -0.643343442 -0.000597246 0.999995582 -0.002923157 0.276008608 0.021416247 0.002935324 0.999766302 36.250850029
0.999790927 0.000443144 -0.020437464 -0.647521832 -0.000488261 0.999997445 -0.002206906 0.282508899 0.020436478 0.002216434 0.999788848 36.920833313
0.999807921 0.000203485 -0.019575854 -0.648589936 -0.000253962 0.999996779 -0.002581729 0.287426183 0.019575315 0.002586210 0.999804500 37.620821878
0.999808934 -0.000055817 -0.019535189 -0.652596957 0.000002370 0.999997063 -0.002737727 0.289967401 0.019535249 0.002737125 0.999805643 37.980825389
0.999834872 -0.000515150 -0.018130965 -0.649624257 0.000468601 0.999996765 -0.002577641 0.296005917 0.018132275 0.002568683 0.999832502 38.700794559
0.999863108 -0.000378235 -0.016499560 -0.645684873 0.000342148 0.999997804 -0.002195812 0.302359021 0.016500357 0.002189885 0.999860952 39.410758185
0.999877751 -0.000236346 -0.015634344 -0.641696171 0.000201721 0.999998169 -0.002220564 0.305241076 0.015634815 0.002217093 0.999874777 39.770737006
0.999897909 -0.000554607 -0.014271181 -0.633729964 0.000528568 0.999998216 -0.001832811 0.311745077 0.014272181 0.001825062 0.999895916 40.490688724
0.999908322 0.000015338 -0.013505984 -0.627751717 -0.000041192 0.999998634 -0.001923951 0.317438976 0.013505909 0.001924318 0.999906550 41.210652417
0.999912805 0.000512581 -0.013174525 -0.623718407 -0.000533256 0.999999352 -0.001566812 0.321161860 0.013173644 0.001573685 0.999911766 41.590625069
0.999916057 0.000719691 -0.012946567 -0.618744218 -0.000725455 1.000000562 -0.000449483 0.329010809 0.012946274 0.000458817 0.999916150 42.320574538
0.999911904 0.000997223 -0.013219896 -0.618702888 -0.000994366 1.000000448 0.000218140 0.336175256 0.013220059 -0.000204988 0.999912528 43.070543775
0.999915014 0.001186764 -0.012956985 -0.616687408 -0.001183850 0.999999318 0.000220065 0.339167550 0.012957266 -0.000204719 0.999915791 43.440527485
0.999921860 0.001415358 -0.012424284 -0.610668790 -0.001406837 0.999999043 0.000688748 0.345982237 0.012425322 -0.000671221 0.999922558 44.180482769
0.999930345 0.000918993 -0.011757064 -0.602654041 -0.000903573 0.999999509 0.001309523 0.353067106 0.011758325 -0.001298825 0.999929732 44.920430400
0.999941159 0.000231133 -0.010803183 -0.593651041 -0.000211850 0.999999240 0.001783590 0.356935047 0.010803495 -0.001781212 0.999940300 45.290387883
0.999947403 -0.001593533 -0.010095533 -0.577648437 0.001622511 0.999994928 0.002852231 0.364880676 0.010090992 -0.002868468 0.999944759 46.030306661
0.999949711 -0.002552863 -0.009664986 -0.566668211 0.002579022 0.999993711 0.002681392 0.370480142 0.009658074 -0.002706190 0.999949952 46.750257384
0.999948266 -0.002551561 -0.009816763 -0.564662779 0.002571428 0.999995101 0.002010185 0.372242139 0.009811644 -0.002035330 0.999949769 47.110250662
0.999951175 -0.001766717 -0.009721604 -0.558632633 0.001766134 0.999998750 -0.000077412 0.374506538 0.009721713 0.000060232 0.999952306 47.830241809
0.999948045 0.000641733 -0.010113852 -0.551624002 -0.000666346 0.999997304 -0.002441510 0.376305640 0.010112208 0.002448098 0.999945405 48.540233655
0.999945711 0.002333685 -0.010089831 -0.547604282 -0.002371081 0.999991121 -0.003700855 0.377137994 0.010081031 0.003724550 0.999942472 48.900228883
0.999942122 0.004322095 -0.009819153 -0.536540409 -0.004371602 0.999978036 -0.005034879 0.380998667 0.009797127 0.005077546 0.999939463 49.640194089
0.999927372 0.005572424 -0.010686896 -0.530569667 -0.005613458 0.999977381 -0.003821766 0.389082692 0.010665392 0.003881476 0.999935083 50.370138930
0.999920030 0.006243676 -0.010940705 -0.531620167 -0.006269581 0.999977749 -0.002340174 0.394518820 0.010925801 0.002408578 0.999936859 50.730111031
0.999905419 0.008442344 -0.010829032 -0.533763596 -0.008430019 0.999964095 0.001171079 0.406300466 0.010838522 -0.001079693 0.999940299 51.440047672
0.999897854 0.009922677 -0.010245962 -0.532817227 -0.009888829 0.999946142 0.003348897 0.415958708 0.010278660 -0.003247250 0.999942175 52.169993638
0.999894686 0.010561758 -0.009955122 -0.532803780 -0.010528075 0.999939255 0.003421879 0.419070762 0.009990702 -0.003316711 0.999944789 52.539981879
0.999907591 0.010366110 -0.008787747 -0.525762646 -0.010348920 0.999944624 0.001992467 0.422510576 0.008807983 -0.001901346 0.999959087 53.269961153
0.999913520 0.009428975 -0.009147618 -0.525768860 -0.009416977 0.999955586 0.001345332 0.427133966 0.009159880 -0.001259089 0.999957282 53.989949888
0.999928953 0.008801084 -0.008061296 -0.519776612 -0.008791563 0.999961112 0.001201912 0.429796275 0.008071466 -0.001130976 0.999966455 54.349924977
0.999937315 0.008347085 -0.007420358 -0.512758931 -0.008342240 0.999965487 0.000662675 0.434785863 0.007425605 -0.000600745 0.999972035 55.079891845
0.999951994 0.007061551 -0.006704918 -0.506707389 -0.007069266 0.999974426 -0.001149699 0.437530668 0.006696625 0.001197026 0.999976654 55.809879428
0.999958312 0.006550441 -0.006362361 -0.504710582 -0.006559849 0.999978229 -0.001472160 0.439862582 0.006352577 0.001513810 0.999978309 56.169868143
0.999948313 0.008417389 -0.005635628 -0.501749471 -0.008416704 0.999964696 0.000130301 0.448561185 0.005636529 -0.000082863 0.999984420 56.899816300
0.999930089 0.010513347 -0.005392736 -0.501789545 -0.010492413 0.999937525 0.003873032 0.461104846 0.005433114 -0.003816182 0.999977637 57.649742476
0.999928197 0.010746773 -0.005289884 -0.500842793 -0.010712165 0.999922012 0.006502286 0.468631367 0.005359345 -0.006445163 0.999965198 58.019692633
0.999938950 0.010125712 -0.004307485 -0.491906087 -0.010081714 0.999898738 0.010096544 0.480880592 0.004409278 -0.010052511 0.999939580 58.759596177
0.999922087 0.011468819 -0.004922089 -0.492817855 -0.011434938 0.999911133 0.006852175 0.481149983 0.005000245 -0.006795370 0.999964373 59.489622793
0.999926267 0.010938523 -0.005308661 -0.492730871 -0.010916470 0.999931837 0.004139361 0.479402747 0.005353574 -0.004081103 0.999977264 59.859649934
0.999914291 0.011095495 -0.006847442 -0.498550835 -0.011099169 0.999938504 -0.000502047 0.477357875 0.006841450 0.000577990 0.999975834 60.609709366
0.999892595 0.012668469 -0.007337367 -0.498473404 -0.012685802 0.999917001 -0.002321585 0.480242471 0.007307314 0.002414432 0.999969819 61.349712582
0.999888963 0.012677451 -0.007769505 -0.496464581 -0.012693774 0.999918178 -0.002071262 0.483674700 0.007742663 0.002169689 0.999967991 61.719692770
0.999879855 0.012564004 -0.009094165 -0.497493705 -0.012562256 0.999921060 0.000243675 0.493593158 0.009096479 -0.000129416 0.999958000 62.459642425
0.999891039 0.011412794 -0.009310579 -0.491390320 -0.011407250 0.999935409 0.000639726 0.500489262 0.009317262 -0.000533456 0.999956407 63.229597901
0.999899114 0.010336242 -0.009744140 -0.489269496 -0.010338876 0.999946964 -0.000220782 0.502203171 0.009741359 0.000321497 0.999952521 63.629592689
0.999891885 0.009093331 -0.011524759 -0.491160354 -0.009130671 0.999954010 -0.003196606 0.502977853 0.011495120 0.003301479 0.999928353 64.369618287
0.999882563 0.008161169 -0.012959860 -0.490960328 -0.008246089 0.999945489 -0.006516875 0.503444231 0.012905979 0.006622926 0.999895007 65.139641706
0.999877059 0.007945801 -0.013497798 -0.492868142 -0.008045479 0.999940898 -0.007348340 0.505127225 0.013438699 0.007455984 0.999882173 65.529647440
0.999866282 0.006909507 -0.014776516 -0.493719987 -0.007022411 0.999947241 -0.007605890 0.510908192 0.014723143 0.007708686 0.999861755 66.309631342
0.999832750 0.004808380 -0.017603002 -0.495605001 -0.004924918 0.999967133 -0.006583815 0.518873730 0.017570760 0.006669356 0.999823288 67.089600500
0.999816028 0.003748548 -0.018787960 -0.495557084 -0.003856246 0.999976954 -0.005705342 0.523496516 0.018766150 0.005776754 0.999807471 67.479577211
0.999769104 0.002004377 -0.021362170 -0.496459225 -0.002113605 0.999985435 -0.005091994 0.530706798 0.021351649 0.005135950 0.999758600 68.249549389
0.999746390 0.000063633 -0.022525957 -0.494360118 -0.000189172 0.999984623 -0.005577198 0.535962222 0.022525269 0.005580000 0.999730698 69.009528699
0.999699969 -0.000756499 -0.024474189 -0.500246668 0.000605975 0.999981739 -0.006162155 0.538105182 0.024478369 0.006145495 0.999681750 69.409542014
0.999624195 0.000635420 -0.027409932 -0.515071887 -0.000840064 0.999972451 -0.007456050 0.542024870 0.027404418 0.007476297 0.999596217 70.189579249
0.999564273 0.000786404 -0.029503325 -0.524897094 -0.001044766 0.999962095 -0.008743674 0.545980106 0.029495304 0.008770712 0.999526321 70.969602473
0.999525029 -0.000218539 -0.030793030 -0.529850159 -0.000054521 0.999961639 -0.008867031 0.548737135 0.030793791 0.008864478 0.999485852 71.349607564
0.999395658 -0.000878056 -0.034733392 -0.552718613 0.000585198 0.999965065 -0.008440788 0.555455527 0.034739541 0.008415344 0.999361234 72.129644357
0.999312150 -0.001339543 -0.037045388 -0.571624068 0.001057332 0.999970520 -0.007639770 0.562753802 0.037054454 0.007595337 0.999284132 72.899665246
