1.000000000 0.000000000 -0.000000000 0.000000000 0.000000000 1.000000000 -0.000000000 0.000000000 0.000000000 0.000000000 1.000000000 -0.000000000
0.999482357 -0.001665523 -0.032146282 -0.041944281 0.001728601 0.999996479 0.001934620 0.007856117 0.032143238 -0.001989207 0.999481129 0.674172727
0.998010025 -0.002982297 -0.062992428 -0.105130592 0.003291582 0.999982266 0.004807711 0.017995198 0.062977573 -0.005005537 0.998002668 1.369496977
0.996937196 -0.004165649 -0.078095498 -0.141328283 0.004646440 0.999971220 0.005975737 0.022811661 0.078067836 -0.006320356 0.996928236 1.726901310
0.994378649 -0.005514764 -0.105742491 -0.230646771 0.006226810 0.999960002 0.006404727 0.029530671 0.105703495 -0.007027176 0.994372861 2.438292325
0.991371241 -0.005571050 -0.130967133 -0.337530131 0.006410081 0.999960990 0.005985999 0.035184657 0.130928112 -0.006773915 0.991368735 3.145520487
0.989940636 -0.004022331 -0.141430407 -0.397286128 0.004823460 0.999973767 0.005322889 0.037442054 0.141405132 -0.005951579 0.989933906 3.507048644
0.987367328 -0.001424665 -0.158444341 -0.514937040 0.002022983 0.999990918 0.003615444 0.041337588 0.158437395 -0.003890401 0.987361837 4.217440320
0.985097781 -0.002515053 -0.171975912 -0.643802948 0.002952257 0.999992152 0.002286810 0.046494602 0.171969362 -0.002760433 0.985098445 4.945107488
0.984132633 -0.002015481 -0.177421166 -0.708134687 0.002415360 0.999994801 0.002037919 0.049848580 0.177416208 -0.002434147 0.984132809 5.316368322
0.982141346 0.000949224 -0.188142489 -0.845471709 -0.000626993 0.999998300 0.001772005 0.057159406 0.188144805 -0.001622476 0.982140016 6.064233270
0.979768293 -0.001223041 -0.200130684 -0.996071239 0.001628087 0.999996924 0.001859329 0.065549839 0.200127901 -0.002147537 0.979767631 6.827178554
0.975576753 -0.004842586 -0.219604717 -1.236135664 0.006752026 0.999945084 0.007944871 0.088771051 0.219554536 -0.009233638 0.975557081 7.978078388
0.972887179 -0.002289678 -0.231269185 -1.416757645 0.004974151 0.999925969 0.011025342 0.102975241 0.231227358 -0.011876772 0.972827626 8.752632348
0.971738577 -0.002045508 -0.236054813 -1.508472889 0.004872310 0.999922331 0.011392813 0.108116552 0.236013203 -0.012220956 0.971672914 9.138458881
0.969034030 -0.005937488 -0.246859159 -1.692052677 0.008173045 0.999934426 0.008032381 0.111400945 0.246795195 -0.009801313 0.969018537 9.910161365
0.966265452 -0.006682607 -0.257461482 -1.893726467 0.007814085 0.999963317 0.003371784 0.112811215 0.257430178 -0.005269838 0.966282563 10.691840012
0.965198135 -0.006761808 -0.261432136 -2.002865580 0.007565788 0.999969152 0.002068662 0.115559174 0.261410620 -0.003974599 0.965219846 11.088378521
0.963476476 -0.008028972 -0.267674598 -2.201645762 0.008860775 0.999958570 0.001899777 0.124880002 0.267648678 -0.004202192 0.963508056 11.872929896
0.961687626 -0.008358637 -0.274021616 -2.413134581 0.009645821 0.999947857 0.003350515 0.137249243 0.273979586 -0.005865362 0.961717546 12.658414399
0.960760698 -0.007724159 -0.277272481 -2.528151526 0.009255507 0.999948027 0.004214735 0.143921790 0.277225356 -0.006615670 0.960781974 13.063201321
0.959471486 -0.007681494 -0.281701413 -2.750945347 0.009096766 0.999951556 0.003716705 0.153333577 0.281659152 -0.006128683 0.959494768 13.865991109
0.958415523 -0.006450258 -0.285304695 -2.983775587 0.007748556 0.999963804 0.003422063 0.163326960 0.285272179 -0.005490441 0.958431029 14.672660034
0.957987974 -0.005528560 -0.286756172 -3.094236412 0.006724410 0.999971749 0.003185848 0.167983158 0.286730199 -0.004980360 0.957998453 15.067720774
0.957694834 -0.004252291 -0.287755568 -3.319069855 0.005262019 0.999982502 0.002735983 0.177582979 0.287739395 -0.004134503 0.957699892 15.868312793
0.957461880 -0.003198391 -0.288542190 -3.545937588 0.004098984 0.999987851 0.002517043 0.187620771 0.288531187 -0.003592676 0.957464508 16.666705277
0.957274799 -0.002924411 -0.289167210 -3.662349616 0.003786816 0.999989265 0.002423118 0.192762425 0.289157348 -0.003414545 0.957275720 17.070038716
0.956966867 -0.002562064 -0.290187155 -3.889701050 0.003554323 0.999988819 0.002892501 0.204120579 0.290176900 -0.003799496 0.956965682 17.882555181
0.956905670 -0.001753986 -0.290396947 -4.120508731 0.002429960 0.999995138 0.001967111 0.213126130 0.290391529 -0.002588034 0.956904512 18.691427522
0.956803490 -0.001586821 -0.290732836 -4.240847482 0.002125651 0.999996094 0.001537550 0.217855387 0.290729870 -0.002089179 0.956803072 19.105236441
0.956502592 -0.001303013 -0.291721770 -4.469585254 0.001772467 0.999997058 0.001344970 0.228092546 0.291719487 -0.001803562 0.956502166 19.916296528
0.956246304 -0.000706825 -0.292563795 -4.705645423 0.001069414 0.999998577 0.001079649 0.238403985 0.292563443 -0.001345356 0.956245336 20.734167922
0.956218849 -0.000647618 -0.292653193 -4.820016122 0.000959495 0.999998603 0.000922327 0.243437586 0.292651762 -0.001162787 0.956218580 21.139698565
0.956245888 0.000157110 -0.292564135 -5.050822523 -0.000157179 0.999999815 0.000023494 0.252503122 0.292564542 0.000023497 0.956245811 21.948570483
0.955956591 0.001310527 -0.293506173 -5.288943217 -0.001588930 0.999998131 -0.000709937 0.262022843 0.293505000 0.001145007 0.955957199 22.764251027
0.955890720 0.001369712 -0.293719401 -5.411318391 -0.001730061 0.999997898 -0.000966918 0.267090096 0.293717422 0.001432399 0.955891379 23.175861117
0.955628599 0.002700718 -0.294564135 -5.645492312 -0.003081763 0.999994398 -0.000829103 0.277961978 0.294559879 0.001700105 0.955631295 23.981059544
0.955898407 0.004048972 -0.293669463 -5.882229866 -0.004549727 0.999988967 -0.001021886 0.288452733 0.293661945 0.002312964 0.955907054 24.798197525
0.956136750 0.004638348 -0.292885073 -6.001165857 -0.004962241 0.999986778 -0.000363053 0.295072791 0.292879147 0.001800432 0.956147404 25.213457386
0.956590860 0.004200945 -0.291405087 -6.235596521 -0.003804403 0.999990208 0.001927235 0.309965687 0.291410423 -0.000735006 0.956597472 26.047626173
0.957066401 0.002820452 -0.289856629 -6.465274821 -0.001796255 0.999990845 0.003799528 0.324103250 0.289864348 -0.003115753 0.957063189 26.886925323
0.957217572 0.002069575 -0.289363224 -6.581498709 -0.000914854 0.999990844 0.004125819 0.330126017 0.289368999 -0.003684610 0.957210741 27.305117991
0.957744784 0.000217445 -0.287620437 -6.809406574 0.000745273 0.999993956 0.003237633 0.339395395 0.287620189 -0.003315250 0.957739045 28.131782509
0.957850635 -0.000271726 -0.287267133 -7.039338065 0.001160912 0.999994659 0.002925136 0.349602617 0.287264833 -0.003135333 0.957846216 28.956243963
0.957910956 -0.000333927 -0.287066128 -7.158286000 0.001326144 0.999993371 0.003262221 0.355662816 0.287063344 -0.003505653 0.957905307 29.371507778
0.958303056 -0.001139197 -0.285755087 -7.388702898 0.002256228 0.999990523 0.003579967 0.367110421 0.285747715 -0.004075472 0.958296096 30.210093777
0.959118035 -0.000441743 -0.283007103 -7.615032021 0.001620606 0.999990560 0.003931590 0.378581856 0.283002669 -0.004229488 0.959109907 31.053072490
0.959264900 0.000210179 -0.282510281 -7.734503967 0.000923812 0.999991391 0.003880824 0.384072895 0.282508910 -0.003983738 0.959256290 31.482473627
0.959454549 0.000787469 -0.281864311 -7.964929397 0.000353577 0.999991424 0.003997168 0.395120600 0.281864986 -0.003934764 0.959446366 32.321062450
0.960129972 0.001297627 -0.279551894 -8.184640809 -0.000246390 0.999992078 0.003795762 0.405417393 0.279554750 -0.003575602 0.960122855 33.156505479
0.961135088 0.001803009 -0.276074850 -8.528908351 -0.000704779 0.999991248 0.004077427 0.422462460 0.276079279 -0.003724437 0.961127659 34.445214491
0.961982090 0.003264715 -0.273096624 -8.749774877 -0.002021948 0.999985446 0.004832042 0.434538859 0.273108636 -0.004096176 0.961974212 35.294046110
0.962436274 0.003560927 -0.271485204 -8.857830465 -0.002278065 0.999984166 0.005040351 0.440269374 0.271498856 -0.004232523 0.962429755 35.721026606
0.963079854 0.002881673 -0.269202948 -9.076506768 -0.001559646 0.999985655 0.005124723 0.451279296 0.269213234 -0.004515647 0.963069662 36.586927648
0.963719230 0.002476186 -0.266908006 -9.295872827 -0.001192398 0.999986603 0.004971885 0.461888680 0.266917474 -0.004473242 0.963709761 37.452099371
0.963838019 0.002339707 -0.266479590 -9.409886443 -0.000994410 0.999985694 0.005183273 0.467784733 0.266488578 -0.004730905 0.963826151 37.887354825
0.964032438 0.001267537 -0.265782829 -9.632658413 0.000071852 0.999986593 0.005029973 0.478400918 0.265786018 -0.004868204 0.964020170 38.748865765
0.964129782 -0.000072649 -0.265433620 -9.851356685 0.001325379 0.999988157 0.004540642 0.488381100 0.265430163 -0.004729589 0.964117964 39.614774078
0.964054251 0.000018551 -0.265706726 -9.958753443 0.001133977 0.999989997 0.004184062 0.493062520 0.265704190 -0.004335019 0.964045105 40.042494130
0.963667351 -0.000148447 -0.267104633 -10.202652674 0.001128895 0.999993107 0.003517198 0.503403651 0.267101919 -0.003691003 0.963660994 40.940040107
0.963439620 0.000043942 -0.267926209 -10.433938841 0.000871798 0.999993974 0.003298840 0.514154158 0.267925016 -0.003411865 0.963433545 41.821763086
0.963303970 0.000402626 -0.268414205 -10.551184306 0.000580567 0.999992938 0.003583746 0.520278291 0.268413472 -0.003608088 0.963296968 42.268221646
0.963228987 0.001269978 -0.268679902 -10.782283613 -0.000264546 0.999992722 0.003778029 0.531849926 0.268682732 -0.003568042 0.963222893 43.164804278
0.963120257 0.002116552 -0.269064489 -11.014908982 -0.001029783 0.999990388 0.004180119 0.543688879 0.269070439 -0.003748930 0.963113185 44.045055277
0.963021342 0.003086066 -0.269409931 -11.128245639 -0.001998546 0.999988667 0.004311090 0.549385622 0.269420470 -0.003613281 0.963015502 44.481044286
0.963210021 0.003951442 -0.268721665 -11.358145681 -0.002784397 0.999984876 0.004723945 0.561247127 0.268736452 -0.003801964 0.963206904 45.364223714
0.962381904 0.003894466 -0.271673921 -11.604245800 -0.002787100 0.999985964 0.004461815 0.572154860 0.271687685 -0.003536820 0.962379366 46.244703798
0.962496134 0.003898984 -0.271267007 -11.722859473 -0.002766801 0.999985175 0.004556287 0.578007782 0.271281244 -0.003634871 0.962493774 46.689699978
0.962719798 0.003225913 -0.270483836 -11.957364905 -0.002034435 0.999986233 0.004685267 0.589576220 0.270495319 -0.003960379 0.962713463 47.582621897
0.962918217 0.003842998 -0.269767595 -12.195939131 -0.002507515 0.999982810 0.005294991 0.602010602 0.269783023 -0.004422244 0.962911408 48.471144818
0.962950097 0.003514898 -0.269658660 -12.308588590 -0.002088859 0.999982101 0.005575356 0.607987914 0.269674048 -0.004805544 0.962939320 48.907863993
0.963071966 0.002669866 -0.269231746 -12.536451144 -0.001145369 0.999981661 0.005819356 0.619561410 0.269242255 -0.005296150 0.963057524 49.793241897
0.963329435 0.003008304 -0.268307115 -12.770617835 -0.001495263 0.999980922 0.005843729 0.631132518 0.268319554 -0.005228256 0.963316388 50.715894698
0.963405457 0.002817352 -0.268033001 -12.887022729 -0.001315177 0.999982056 0.005783735 0.636788745 0.268044925 -0.005219582 0.963392546 51.177954160
0.963053014 0.002360109 -0.269302605 -13.133460640 -0.000917415 0.999984124 0.005482838 0.647918452 0.269311961 -0.005033288 0.963039915 52.087431430
0.962941724 0.001852923 -0.269705035 -13.369854666 -0.000475816 0.999986226 0.005171434 0.658816477 0.269710646 -0.004851484 0.962929490 52.993027093
0.962898407 0.001568395 -0.269862094 -13.491705946 -0.000181016 0.999985772 0.005165963 0.664627547 0.269866690 -0.004925421 0.962885661 53.449228284
0.963070429 0.001505058 -0.269248196 -13.724002812 -0.000126006 0.999986193 0.005139264 0.675989292 0.269252614 -0.004915537 0.963057303 54.359213554
0.962925456 0.001610679 -0.269764554 -13.963584964 0.000027971 0.999981319 0.006070625 0.689164877 0.269769090 -0.005853208 0.962907566 55.275997849
0.962999609 0.001991736 -0.269496352 -14.083366335 -0.000166933 0.999976643 0.006793670 0.696207555 0.269503698 -0.006497348 0.962977379 55.734386784
0.963179304 0.001228702 -0.268857698 -14.316837085 0.000737012 0.999973357 0.007210507 0.708469128 0.268859193 -0.007143193 0.963153517 56.657766857
0.963086779 0.000720735 -0.269191060 -14.556280153 0.001278046 0.999972899 0.007249895 0.720226408 0.269188432 -0.007326300 0.963059817 57.589426618
0.962992319 0.000601750 -0.269531380 -14.676614756 0.001276564 0.999975541 0.006793908 0.725330272 0.269528926 -0.006886599 0.962967623 58.061962548
0.962758533 -0.000044312 -0.270364564 -14.915392169 0.001849343 0.999977761 0.006421775 0.736358376 0.270357334 -0.006682702 0.962736714 58.994359605
0.962403932 0.000182826 -0.271623700 -15.162353878 0.001432216 0.999982297 0.005747764 0.746928921 0.271620060 -0.005920684 0.962385966 59.917974128
0.962595167 0.000180766 -0.270943972 -15.274162980 0.001413636 0.999982772 0.005689337 0.752428328 0.270940739 -0.005859627 0.962577920 60.370294276
0.962211619 0.000025219 -0.272304594 -15.518544633 0.001601457 0.999981309 0.005751525 0.764149805 0.272299577 -0.005970229 0.962194398 61.281963809
0.962245451 0.000278635 -0.272183468 -15.754269592 0.001157593 0.999986075 0.005116057 0.774478613 0.272181859 -0.005237975 0.962232045 62.188295638
0.962098250 0.000589577 -0.272703527 -15.870861132 0.000711404 0.999988322 0.004671616 0.779323709 0.272703661 -0.004688591 0.962087287 62.635495376
0.962004182 0.001538215 -0.273033202 -16.116451007 -0.000392618 0.999990077 0.004250751 0.790335421 0.273036529 -0.003982125 0.961995202 63.560571078
0.961868789 0.002508981 -0.273502023 -16.359982704 -0.001402341 0.999989387 0.004241785 0.802028880 0.273510100 -0.003696565 0.961861618 64.487838407
0.961757397 0.002764221 -0.273890385 -16.484398258 -0.001755111 0.999990753 0.003929613 0.807428832 0.273898728 -0.003298646 0.961753122 64.955979363
0.961529649 0.003049147 -0.274684372 -16.730866242 -0.002367512 0.999992460 0.002813018 0.817148896 0.274691349 -0.002054488 0.961530870 65.865466588
0.961448431 0.003212278 -0.274968199 -16.968646819 -0.002815905 0.999993486 0.001836507 0.826915927 0.274972844 -0.000991429 0.961451865 66.769605943
0.961434682 0.003407859 -0.275015612 -17.094403708 -0.002949307 0.999992915 0.002080880 0.833304350 0.275020802 -0.001189553 0.961437628 67.236275625
0.961206653 0.003177251 -0.275810451 -17.342643619 -0.002255230 0.999990784 0.003660252 0.847822618 0.275819456 -0.002896287 0.961205556 68.158397976
0.960894021 0.003479948 -0.276896724 -17.592260057 -0.002220057 0.999985119 0.004863698 0.861679774 0.276909624 -0.004058808 0.960887378 69.079060701
0.961017831 0.003962539 -0.276457498 -17.720065952 -0.002704004 0.999983285 0.004933630 0.867816342 0.276472805 -0.003993796 0.961013757 69.543535720
0.960787193 0.003202365 -0.277269333 -17.968228206 -0.002188867 0.999989087 0.003964739 0.878037032 0.277278427 -0.003202412 0.960784045 70.480553870
0.960570493 0.002923551 -0.278020968 -18.222490344 -0.001945882 0.999990744 0.003792316 0.889711598 0.278029369 -0.003101853 0.960567248 71.410972429
0.960415401 0.003004209 -0.278556366 -18.353011541 -0.001935586 0.999988851 0.004111343 0.896295495 0.278565709 -0.003409505 0.960411006 71.872515701
0.960361122 0.003585724 -0.278736633 -18.598702322 -0.002109057 0.999981717 0.005597405 0.910515061 0.278751914 -0.004787703 0.960351830 72.782703299
0.960261845 0.003805325 -0.279075657 -18.843715503 -0.001931572 0.999973258 0.006988833 0.924565309 0.279095078 -0.006172041 0.960243801 73.693624240
0.959972722 0.004034772 -0.280066248 -18.976282935 -0.002091242 0.999971016 0.007238340 0.931027318 0.280087142 -0.006362937 0.959952817 74.152971931
0.960161634 0.003765754 -0.279421492 -19.215416151 -0.002031027 0.999976636 0.006497831 0.941252954 0.279439670 -0.005671531 0.960146729 75.055643753
0.959752496 0.003680464 -0.280823814 -19.463408063 -0.002180353 0.999981507 0.005654305 0.951340312 0.280839850 -0.004814500 0.959742615 75.948798639
0.959670398 0.004045521 -0.281101181 -19.589351598 -0.002608544 0.999980718 0.005485972 0.956917604 0.281118325 -0.004531515 0.959662467 76.400608598
0.959615711 0.003701506 -0.281291373 -19.839154256 -0.002021082 0.999977622 0.006264099 0.969983625 0.281309170 -0.005442686 0.959602109 77.306411459
0.959636350 0.003651950 -0.281221249 -20.094146696 -0.001056252 0.999954640 0.009381074 0.987294791 0.281242214 -0.008705353 0.959597211 78.221192617
0.959423052 0.004174503 -0.281940809 -20.226668911 -0.001163198 0.999939793 0.010847048 0.995876264 0.281969130 -0.010079001 0.959370156 78.680525341
0.959334324 0.005647917 -0.282216248 -20.486873294 -0.002621412 0.999934564 0.011100378 1.008456181 0.282261093 -0.009909187 0.959286775 79.619213633
0.959209665 0.004497814 -0.282661362 -20.744544947 -0.002875843 0.999976134 0.006152955 1.012030933 0.282682436 -0.005089112 0.959200502 80.560894105
0.959234444 0.004575083 -0.282573722 -20.873103092 -0.003504483 0.999984326 0.004294338 1.014837704 0.282589897 -0.003129033 0.959235905 81.024660491
0.959281848 0.006859176 -0.282370194 -21.140689379 -0.006311862 0.999975992 0.002848024 1.024702608 0.282382917 -0.000949804 0.959301269 81.970179788
0.959419630 0.007218625 -0.281891503 -21.406787804 -0.006113029 0.999969673 0.004801414 1.040447304 0.281918611 -0.002883419 0.959434135 82.917121859
0.959711507 0.007527785 -0.280887302 -21.531170085 -0.006272955 0.999965515 0.005366306 1.047406861 0.280918536 -0.003388122 0.959725600 83.385251802
0.960166085 0.007643177 -0.279326113 -21.783398146 -0.006532056 0.999966581 0.004908588 1.058633460 0.279354787 -0.002888531 0.960183840 84.317869966
0.960303476 0.006871940 -0.278874974 -22.039036811 -0.005902854 0.999972794 0.004314643 1.069646914 0.278897711 -0.002497281 0.960317970 85.246828899
0.960559543 0.007444540 -0.277977526 -22.164794126 -0.006439770 0.999968146 0.004527405 1.076015342 0.278002605 -0.002558780 0.960577210 85.713498722
0.960635384 0.007717436 -0.277705604 -22.413711210 -0.006241768 0.999960593 0.006197633 1.090722922 0.277743396 -0.004220353 0.960646108 86.634887589
0.960778710 0.007650859 -0.277212011 -22.666554164 -0.005784745 0.999953923 0.007548996 1.105058095 0.277256749 -0.005649340 0.960779272 87.566751654
0.960808184 0.007611962 -0.277110656 -22.781079848 -0.005699959 0.999953525 0.007704770 1.110944846 0.277156670 -0.005823285 0.960807179 88.016140478
0.960656110 0.008955505 -0.277598208 -23.034140588 -0.007058050 0.999943678 0.007834091 1.123009258 0.277653596 -0.005566583 0.960665469 88.933155128
0.960338140 0.004362787 -0.278805766 -23.287634907 -0.001646062 0.999948528 0.009977668 1.138743437 0.278835201 -0.009123052 0.960295932 89.864277166
0.960826721 0.001873074 -0.277145350 -23.402611659 0.001410379 0.999930264 0.011647622 1.147480163 0.277148360 -0.011582240 0.960757363 90.327779169
0.961455362 0.007767848 -0.274853111 -23.637670110 -0.005035513 0.999929816 0.010645650 1.157119785 0.274916179 -0.008851354 0.961427364 91.234848012
0.961655971 0.005610517 -0.274203406 -23.872927343 -0.004636297 0.999979786 0.004200769 1.157441763 0.274221188 -0.002768420 0.961662586 92.141982653
0.961525247 0.002227497 -0.274708479 -23.994914060 -0.002177047 0.999997395 0.000488664 1.156904439 0.274708803 0.000128181 0.961527682 92.598228673
0.961162272 0.003841014 -0.275958957 -24.247953472 -0.003646130 0.999991905 0.001219187 1.169968597 0.275961775 -0.000165715 0.961169079 93.515236263
0.961453740 0.005069938 -0.274921187 -24.500700874 -0.003792584 0.999979076 0.005177799 1.188782637 0.274941767 -0.003935561 0.961453576 94.447068700
0.961503118 0.004966931 -0.274752799 -24.625064600 -0.003378597 0.999974157 0.006254002 1.196611975 0.274776852 -0.005084977 0.961495089 94.915192501
0.961256459 0.003776015 -0.275631699 -24.883884777 -0.001894593 0.999973015 0.007091940 1.210212913 0.275650730 -0.006295013 0.961237489 95.855337878
0.961283592 0.000555120 -0.275563953 -25.129500033 0.001119759 0.999981797 0.005920582 1.220034926 0.275561590 -0.005999952 0.961264671 96.780421980
0.961254591 -0.001068288 -0.275659924 -25.258001231 0.002713693 0.999980579 0.005587674 1.225511022 0.275648540 -0.006119252 0.961239052 97.244169516
0.961426570 -0.003332807 -0.275045083 -25.505428938 0.005186384 0.999968196 0.006012364 1.238231719 0.275016238 -0.007206986 0.961412855 98.181902159
0.961269644 -0.004813949 -0.275567646 -25.754217176 0.006873339 0.999955124 0.006508290 1.251041115 0.275523816 -0.008150357 0.961259228 99.118169881
0.961093465 -0.005245350 -0.276174039 -25.889356133 0.007244566 0.999953540 0.006219388 1.256752091 0.276129451 -0.007978175 0.961087497 99.589459738
0.960847028 -0.005151496 -0.277032986 -26.148932185 0.006815745 0.999963311 0.005045115 1.266853274 0.276997795 -0.006735811 0.960847081 100.528897682
0.960484290 -0.004731906 -0.278297105 -26.410529091 0.006225595 0.999970280 0.004483987 1.278022269 0.278267243 -0.006039402 0.960484656 101.466131643
0.960410033 -0.004516954 -0.278556186 -26.538350130 0.005907855 0.999973549 0.004154153 1.283449016 0.278530277 -0.005635358 0.960411385 101.930611675
0.960462151 -0.003902901 -0.278383797 -26.791301434 0.004813733 0.999984227 0.002588586 1.292705473 0.278369487 -0.003826290 0.960465946 102.862511604
0.960270695 -0.002757884 -0.279057960 -27.046286601 0.003249241 0.999993617 0.001298381 1.302419895 0.279051997 -0.002153527 0.960273432 103.792211857
0.960131536 -0.002449593 -0.279537960 -27.176149181 0.002847811 0.999994722 0.001018467 1.307944700 0.279534114 -0.001773909 0.960134491 104.254494755
0.960066339 -0.001964468 -0.279767236 -27.429069132 0.002133958 0.999997641 0.000301409 1.318670785 0.279765904 -0.000886392 0.960068158 105.186384306
0.960001120 -0.000959483 -0.279996665 -27.686029082 0.001247447 0.999998234 0.000850562 1.331612473 0.279995508 -0.001165820 0.960000394 106.113865329
0.959888338 -0.000845752 -0.280381493 -27.819265794 0.001290975 0.999997972 0.001403411 1.338633701 0.280379567 -0.001709178 0.959887374 106.572476923
0.959593908 -0.000036633 -0.281389491 -28.073606869 0.001142034 0.999992008 0.003764440 1.354545860 0.281387630 -0.003933770 0.959586304 107.488000107
0.959641288 0.000568975 -0.281228414 -28.329672501 0.000998553 0.999984088 0.005430383 1.369539004 0.281227009 -0.005492059 0.959625767 108.431064241
0.959461150 0.000398762 -0.281842208 -28.464109757 0.001262492 0.999982283 0.005712609 1.376210377 0.281840417 -0.005836904 0.959443636 108.903079463
0.959173278 0.000561835 -0.282821240 -28.719756100 0.000872451 0.999986782 0.004945587 1.386863922 0.282820178 -0.004990446 0.959160322 109.832040938
0.958918158 0.000978527 -0.283682489 -28.979667481 0.000157106 0.999991866 0.003980364 1.397122395 0.283683377 -0.003861437 0.958909694 110.741746869
0.959035369 0.001114761 -0.283287603 -29.098979228 -0.000095537 0.999992960 0.003611634 1.402184878 0.283289794 -0.003436651 0.959028004 111.186016484
0.959023956 0.001823195 -0.283321988 -29.352910613 -0.000943348 0.999994049 0.003242016 1.413307553 0.283326448 -0.002841935 0.959019752 112.087440185
0.958904134 0.002262529 -0.283721643 -29.615330814 -0.001338358 0.999993059 0.003451085 1.425754250 0.283727839 -0.002929601 0.958901106 113.009067526
0.958882519 0.002423192 -0.283795906 -29.741245981 -0.001328666 0.999990563 0.004049538 1.432661206 0.283802696 -0.003506000 0.958876760 113.460868096
0.958983713 0.002895057 -0.283449440 -29.993094873 -0.001617423 0.999987383 0.004741732 1.445605339 0.283459057 -0.004088856 0.958975817 114.364475376
0.959082896 0.003250029 -0.283106265 -30.247514011 -0.001929423 0.999985061 0.004943579 1.457858424 0.283118358 -0.004195057 0.959075765 115.280024399
0.958956762 0.003346255 -0.283534626 -30.367499732 -0.002074146 0.999986372 0.004786621 1.463260181 0.283546572 -0.004002106 0.958950459 115.723559471
0.958692318 0.003442642 -0.284425520 -30.626202463 -0.002312381 0.999988046 0.004309474 1.474248414 0.284436833 -0.003473769 0.958688573 116.619859092
0.958989405 0.003719010 -0.283420531 -30.867560668 -0.002907472 0.999990258 0.003284301 1.483910938 0.283430447 -0.002325604 0.958990395 117.505472999
0.959163456 0.003599685 -0.282831141 -30.988233372 -0.002885857 0.999991071 0.002940682 1.489042125 0.282838641 -0.002004415 0.959165758 117.948277834
0.959125790 0.004515061 -0.282944280 -31.234831056 -0.003835976 0.999988356 0.002954199 1.500620384 0.282954399 -0.001748078 0.959131855 118.842886486
0.959118981 0.004346263 -0.282972669 -31.481438977 -0.003743919 0.999988702 0.002669311 1.511718765 0.282981029 -0.001500750 0.959124571 119.737498527
0.959017171 0.004682213 -0.283310089 -31.608053712 -0.004062833 0.999987477 0.002773928 1.517765299 0.283320205 -0.001509227 0.959024554 120.188573025
0.959017329 0.006111865 -0.283284280 -31.864663713 -0.005298490 0.999978607 0.003637279 1.531054868 0.283300168 -0.001987273 0.959029338 121.087052836
0.959337660 0.006537131 -0.282187379 -32.103204453 -0.005299298 0.999972244 0.005149773 1.545058853 0.282212839 -0.003445033 0.959345028 121.975564674
0.959284396 0.007257548 -0.282350215 -32.224517644 -0.005819584 0.999964629 0.005931249 1.552098917 0.282384107 -0.004046652 0.959293413 122.417623882
0.959592968 0.007965753 -0.281280663 -32.465128719 -0.006335597 0.999957251 0.006704660 1.564851300 0.281321616 -0.004651714 0.959601875 123.303948116
0.959829421 0.007900118 -0.280472803 -32.703057978 -0.006381774 0.999959258 0.006326414 1.575586751 0.280511115 -0.004282400 0.959841286 124.193215182
0.959874682 0.008410232 -0.280304426 -32.815048608 -0.007006979 0.999956762 0.006008213 1.580514967 0.280343576 -0.003803081 0.959892303 124.630673912
0.960309435 0.008421929 -0.278809321 -33.049043039 -0.006978491 0.999956273 0.006169074 1.592042720 0.278849742 -0.003978590 0.960327043 125.509462815
0.960430871 0.007163756 -0.278426689 -33.277228123 -0.005436404 0.999960584 0.006975838 1.604373354 0.278465608 -0.005186190 0.960432167 126.365104470
0.960455920 0.003879287 -0.278406368 -33.395777170 -0.001488896 0.999959527 0.008796968 1.613255511 0.278429938 -0.008034610 0.960422885 126.810079259
0.960452412 0.003726186 -0.278421224 -33.641128239 -0.000890864 0.999946358 0.010309574 1.627343079 0.278444941 -0.009653893 0.960404136 127.691269035
0.960635899 0.006712928 -0.277730701 -33.891917995 -0.004830041 0.999959667 0.007463311 1.634008744 0.277769154 -0.005828107 0.960629631 128.581519495
0.960834777 0.005914423 -0.277059169 -34.011990096 -0.004733104 0.999976648 0.004932285 1.635361525 0.277082837 -0.003427836 0.960839945 129.025083159
0.961361912 0.003967473 -0.275262020 -34.242737087 -0.003903083 0.999991655 0.000781922 1.639454355 0.275263396 0.000322610 0.961368865 129.907585300
0.961701649 0.007294006 -0.274001803 -34.478729976 -0.006960140 0.999973011 0.002190825 1.653099654 0.274011066 -0.000199861 0.961726634 130.784162808
0.961497600 0.007972240 -0.274699767 -34.596809826 -0.007439939 0.999967156 0.002979930 1.659981620 0.274715055 -0.000821469 0.961525470 131.215018417
0.961636640 0.009286923 -0.274168978 -34.832200405 -0.009019346 0.999956186 0.002236467 1.669928494 0.274177687 0.000322110 0.961679209 132.092354189
0.961857382 0.009440684 -0.273389335 -35.068124594 -0.009579143 0.999953494 0.000828564 1.678856320 0.273384794 0.001821881 0.961903023 132.983830461
0.961738350 0.009132169 -0.273818194 -35.180116291 -0.009356669 0.999955999 0.000486165 1.683734549 0.273811096 0.002094446 0.961781274 133.421289544
0.961608931 0.008302769 -0.274300258 -35.422627051 -0.008487244 0.999963848 0.000514285 1.695296650 0.274294934 0.001833448 0.961644092 134.320291193
0.961481066 0.007775976 -0.274760488 -35.657117340 -0.007777352 0.999968867 0.001084417 1.707574908 0.274760264 0.001094291 0.961512651 135.213208100
0.961152252 0.007910713 -0.275907673 -35.781678163 -0.007801120 0.999968320 0.001494765 1.714103240 0.275911162 0.000715654 0.961183629 135.666475637
0.961226625 0.008001464 -0.275645945 -36.022085742 -0.007419666 0.999967371 0.003153405 1.728456553 0.275662493 -0.000985943 0.961253665 136.567654017
0.960807033 0.008241638 -0.277097628 -36.265231018 -0.007288467 0.999963146 0.004469940 1.742207460 0.277123782 -0.002275173 0.960831565 137.465908062
0.960737881 0.008972494 -0.277315157 -36.384497548 -0.007794916 0.999954601 0.005348582 1.749389407 0.277350975 -0.002976992 0.960763773 137.910162710
0.960636000 0.009466105 -0.277650439 -36.625622611 -0.008112308 0.999948132 0.006024416 1.762042511 0.277692968 -0.003534910 0.960663605 138.810620949
0.960315528 0.009944447 -0.278740395 -36.874810589 -0.008898146 0.999947370 0.005018710 1.771989960 0.278775838 -0.002339320 0.960353396 139.717177980
0.960231075 0.010100139 -0.279023405 -36.997383618 -0.009379988 0.999947495 0.003916063 1.775900871 0.279048988 -0.001143120 0.960276115 140.172660441
0.960005564 0.010890176 -0.279769551 -37.242001826 -0.010702111 0.999939941 0.002199911 1.784471810 0.279777196 0.000882214 0.960064529 141.069486772
0.959582503 0.011671238 -0.281187149 -37.501210653 -0.011626996 0.999930763 0.001825839 1.795730669 0.281188608 0.001517265 0.959651943 141.979917785
0.959602637 0.012022689 -0.281103082 -37.630552848 -0.011992767 0.999925978 0.001826718 1.801654677 0.281103749 0.001618209 0.959676194 142.428064560
0.959438130 0.013600273 -0.281591424 -37.882934923 -0.013621458 0.999905231 0.001882236 1.813599758 0.281591024 0.002029720 0.959532911 143.345812199
0.959510814 0.015212540 -0.281261741 -38.134792133 -0.015165952 0.999881753 0.002342593 1.826153989 0.281264682 0.002017823 0.959628225 144.249422233
0.959521151 0.016375427 -0.281159865 -38.257303949 -0.016216151 0.999864290 0.002893239 1.832934176 0.281169263 0.001783175 0.959656597 144.704884434
0.959599104 0.018144267 -0.280785060 -38.509165211 -0.017958483 0.999832650 0.003234912 1.845298455 0.280797252 0.001938232 0.959765789 145.608495809
0.959639872 0.019986324 -0.280522806 -38.754233420 -0.019911490 0.999795983 0.003117162 1.856769356 0.280528149 0.002594251 0.959842679 146.519434964
0.959650178 0.020438651 -0.280453321 -38.884104319 -0.020536745 0.999785137 0.002589378 1.861904258 0.280446384 0.003274694 0.959864176 146.981720615
0.959662352 0.021137714 -0.280360752 -39.136502391 -0.021380281 0.999768560 0.002193600 1.873099529 0.280342337 0.003889030 0.959891840 147.899473549
0.959576679 0.022810363 -0.280523107 -39.381067490 -0.023209882 0.999728524 0.001898358 1.884159838 0.280490140 0.004689238 0.959845136 148.796282300
0.959846549 0.023149953 -0.279569596 -39.510904263 -0.023446399 0.999721971 0.002284178 1.890894336 0.279545063 0.004362386 0.960122732 149.258556656
0.959746022 0.024624576 -0.279786438 -39.762745903 -0.024726564 0.999689107 0.003165482 1.904178383 0.279777891 0.003880092 0.960057066 150.162161536
0.959763637 0.026092269 -0.279595191 -40.007767829 -0.025923580 0.999654424 0.004301709 1.917818735 0.279611003 0.003119466 0.960108133 151.073085371
0.959703755 0.026381355 -0.279772392 -40.130278152 -0.026050689 0.999648483 0.004900837 1.924668904 0.279803011 0.002584887 0.960053890 151.528547077
0.959798447 0.026129542 -0.279470752 -40.382563396 -0.025007293 0.999658579 0.007580907 1.941152837 0.279573949 -0.000287362 0.960124443 152.446262665
0.960247910 0.025635567 -0.277969994 -40.620196593 -0.023624839 0.999664774 0.010581268 1.957828122 0.278149292 -0.003593667 0.960531490 153.350353237
0.960197799 0.026626842 -0.278049141 -40.749553077 -0.024771274 0.999640578 0.010185163 1.963082298 0.278220853 -0.002892172 0.960512634 153.798504742
0.960338982 0.027043555 -0.277521427 -40.987905870 -0.025985349 0.999634230 0.007491026 1.970020740 0.277621972 0.000017534 0.960690736 154.716797375
0.960539728 0.024706925 -0.277045704 -41.225787118 -0.024625318 0.999689527 0.003774393 1.975068965 0.277052489 0.003196853 0.960849497 155.620970052
0.960455316 0.024498281 -0.277353650 -41.355648419 -0.024483263 0.999693495 0.003517883 1.980653754 0.277355426 0.003411730 0.960761154 156.083252526
0.960672280 0.024925280 -0.276564734 -41.601174521 -0.024556625 0.999686714 0.004796738 1.994654710 0.276598213 0.002183379 0.960983367 157.008307119
0.960627310 0.024986776 -0.276715284 -41.846712781 -0.024342481 0.999686453 0.005763771 2.008085811 0.276772519 0.001199072 0.960934987 157.933365736
0.960684777 0.024471479 -0.276562580 -41.962427492 -0.023748805 0.999699911 0.005962652 2.014162571 0.276625594 0.000839763 0.960977145 158.396154375
0.960765958 0.023749256 -0.276343504 -42.200661271 -0.022836530 0.999717713 0.006520914 2.026679602 0.276419714 0.000045620 0.961037279 159.314407614
0.960785121 0.023260074 -0.276316965 -42.453026923 -0.022185800 0.999728532 0.007013677 2.039394489 0.276406111 -0.000608343 0.961040745 160.232149817
0.960655395 0.022507353 -0.276830839 -42.582881185 -0.021417679 0.999745542 0.006959717 2.045309194 0.276917619 -0.000756837 0.960893860 160.694429961
0.960353267 0.021728966 -0.277940563 -42.821147596 -0.020696907 0.999763036 0.006647198 2.056296612 0.278019071 -0.000631172 0.960575387 161.612694002
0.960394354 0.020926244 -0.277856847 -43.066236921 -0.020058217 0.999780509 0.005966600 2.066777763 0.277920734 -0.000157012 0.960603547 162.523640147
0.960341296 0.020568107 -0.278068407 -43.188775398 -0.019733646 0.999787675 0.005799811 2.072308266 0.278128556 -0.000082522 0.960544157 162.979111172
0.960435903 0.019699564 -0.277806188 -43.441671674 -0.018854840 0.999805033 0.005712322 2.084144070 0.277864693 -0.000248349 0.960620101 163.910992886
0.960407142 0.019844754 -0.277894224 -43.695577582 -0.018954912 0.999802950 0.005888677 2.096641099 0.277955718 -0.000388097 0.960593611 164.871136539
0.960379332 0.020037911 -0.277975161 -43.824915724 -0.019122991 0.999798398 0.006002601 2.102755059 0.278039527 -0.000449083 0.960569281 165.319281972
0.960215005 0.019447722 -0.278585342 -44.077296519 -0.018481157 0.999810185 0.006095719 2.114760125 0.278651254 -0.000704643 0.960392299 166.237029188
0.960013011 0.019899574 -0.279250297 -44.329697150 -0.019081149 0.999801851 0.005649106 2.125835426 0.279306727 -0.000094827 0.960202002 167.154782970
0.959987598 0.019618512 -0.279355677 -44.459564209 -0.018909321 0.999807339 0.005233575 2.131150283 0.279404943 0.000258224 0.960173154 167.617067350
