1.000000000 -0.000000000 0.000000000 0.000000000 0.000000000 1.000000000 0.000000000 0.000000000 0.000000000 -0.000000000 1.000000000 0.000000000
0.999995787 0.002346791 0.001715975 0.011039104 -0.002350008 0.999995072 0.001884755 -0.058065893 -0.001711790 -0.001888824 0.999996860 0.883299392
0.999970843 0.005905057 0.004920689 0.022092755 -0.005904491 0.999982540 -0.000126055 -0.123084940 -0.004921554 0.000097081 0.999987336 1.766114690
0.999953980 0.007206348 0.006409509 0.022778182 -0.007198059 0.999973390 -0.001321592 -0.156025316 -0.006419434 0.001275458 0.999978038 2.208741958
0.999923034 0.008028494 0.009455060 0.043512980 -0.008005135 0.999964975 -0.002504778 -0.219394566 -0.009475114 0.002428900 0.999951870 3.089172888
0.999895228 0.009001739 0.011332225 0.069229042 -0.008976042 0.999956530 -0.002321539 -0.281654571 -0.011352592 0.002219493 0.999933463 3.989096353
0.999872087 0.009509741 0.012849256 0.082086781 -0.009482821 0.999952522 -0.002155267 -0.312644912 -0.012870059 0.002033157 0.999914700 4.439067809
0.999820590 0.010566828 0.015712100 0.105596651 -0.010543708 0.999943627 -0.001552266 -0.376352306 -0.015727850 0.001386399 0.999874833 5.370512697
0.999767383 0.011812997 0.018044523 0.129106855 -0.011796043 0.999929628 -0.001046134 -0.440219312 -0.018056049 0.000833022 0.999836808 6.301946471
0.999727683 0.012055520 0.019965956 0.151649831 -0.012034930 0.999926733 -0.001151285 -0.471515119 -0.019979255 0.000910695 0.999799475 6.749397429
0.999628408 0.013878058 0.023474514 0.179863570 -0.013830558 0.999901565 -0.002185187 -0.536587344 -0.023502726 0.001859674 0.999722099 7.658832756
0.999509312 0.014930699 0.027526386 0.217762232 -0.014842721 0.999884246 -0.003399742 -0.601815398 -0.027573509 0.002989557 0.999615207 8.565758002
0.999468794 0.015096337 0.028882488 0.230623206 -0.014984257 0.999879084 -0.004093954 -0.634351993 -0.028941192 0.003658997 0.999574389 9.015621805
0.999360156 0.014414143 0.032736593 0.285397588 -0.014244334 0.999884304 -0.005415399 -0.698775374 -0.032810829 0.004945725 0.999449045 9.907896959
0.999234111 0.014269315 0.036434723 0.323295374 -0.014046240 0.999880826 -0.006371829 -0.763584443 -0.036520883 0.005855215 0.999315679 10.814851376
0.999137727 0.013905434 0.039122311 0.355525341 -0.013633342 0.999881092 -0.007215129 -0.796023686 -0.039217665 0.006675549 0.999208705 11.259723495
0.998972166 0.012060932 0.043703053 0.410299452 -0.011702775 0.999895597 -0.008443758 -0.860317381 -0.043799785 0.007923571 0.999008867 12.152007679
0.998797499 0.011025753 0.047780226 0.474758320 -0.010567143 0.999896198 -0.009840369 -0.924687099 -0.047883814 0.009323637 0.998809379 13.041787338
0.998721542 0.010435646 0.049470765 0.506986386 -0.009944181 0.999899255 -0.010170008 -0.956218541 -0.049571479 0.009665136 0.998724003 13.486722661
0.998521493 0.009099589 0.053594081 0.571441685 -0.008543278 0.999907384 -0.010600791 -1.018882392 -0.053685491 0.010127343 0.998505839 14.376621087
0.998261056 0.006567340 0.058588812 0.638390153 -0.005932439 0.999921650 -0.011004856 -1.082203684 -0.058656738 0.010638242 0.998220937 15.276181394
0.998022537 0.005766769 0.062599228 0.680299721 -0.005113285 0.999930744 -0.010594225 -1.112254918 -0.062656102 0.010253201 0.997982388 15.718720541
0.997609340 0.005499475 0.068896659 0.766609207 -0.004888050 0.999947315 -0.009040849 -1.171668091 -0.068943060 0.008682533 0.997582443 16.613554478
0.997279417 0.002509075 0.073677329 0.850427175 -0.001931517 0.999967161 -0.007909903 -1.231211913 -0.073695497 0.007746094 0.997250775 17.498671666
0.997060975 -0.000032930 0.076617467 0.902023023 0.000651350 0.999967119 -0.008047228 -1.262067405 -0.076614551 0.008073452 0.997028031 17.938655588
0.996601068 -0.004003879 0.082288659 0.998030521 0.004857813 0.999936101 -0.010179817 -1.327891251 -0.082242832 0.010544952 0.996556796 18.830543969
0.995998200 -0.006865210 0.089106125 1.106208158 0.007819695 0.999915886 -0.010367519 -1.390727576 -0.089027724 0.011022880 0.995967582 19.729848772
0.995591990 -0.007384852 0.093504875 1.160291373 0.008257610 0.999925857 -0.008950674 -1.419467228 -0.093432457 0.009683419 0.995578262 20.179687657
0.994716310 -0.008750286 0.102285483 1.275640688 0.009200374 0.999949751 -0.003929880 -1.472205193 -0.102245818 0.004850188 0.994747023 21.067488645
0.993855520 -0.009852777 0.110247005 1.403155071 0.009430688 0.999946261 0.004348543 -1.519531509 -0.110284183 -0.003282103 0.993894702 21.962874827
0.993343315 -0.009920561 0.114763858 1.466908015 0.008877290 0.999914482 0.009597644 -1.541164585 -0.114849078 -0.008514917 0.993346319 22.410709256
0.992410032 -0.010347276 0.122537922 1.591920527 0.007944840 0.999767123 0.020077795 -1.583673540 -0.122717206 -0.018951879 0.992260781 23.296723180
0.991359115 -0.011490594 0.130670967 1.729122318 0.007977530 0.999593617 0.027376707 -1.632342808 -0.130932348 -0.026097612 0.991047079 24.189516632
0.990769624 -0.011323603 0.135084788 1.805070031 0.007605796 0.999579172 0.028006243 -1.662759842 -0.135345716 -0.026720205 0.990438010 24.643947926
0.989397838 -0.012467228 0.144697720 1.966659356 0.008684828 0.999604376 0.026741902 -1.728039345 -0.144974935 -0.025201645 0.989114083 25.550001783
0.987688093 -0.013549589 0.155850748 2.132942509 0.009525062 0.999602315 0.026540795 -1.789885305 -0.156148558 -0.024729430 0.987423728 26.434380152
0.986851649 -0.014192702 0.161007244 2.221062408 0.009716943 0.999544573 0.028551668 -1.818292449 -0.161339381 -0.026611821 0.986540397 26.896159803
0.984758541 -0.018813773 0.172905375 2.414163252 0.012720278 0.999260739 0.036283171 -1.867289056 -0.173460145 -0.033530040 0.984270059 27.805557272
0.982651649 -0.022739975 0.184061887 2.614455539 0.014902536 0.998927303 0.043852886 -1.915634413 -0.184861705 -0.040348431 0.981935652 28.702793199
0.981652062 -0.023618467 0.189214364 2.709756153 0.014680889 0.998715248 0.048498085 -1.938262730 -0.190116831 -0.044830413 0.980737475 29.152768299
0.979428552 -0.023336105 0.200440546 2.915020938 0.011596432 0.998157934 0.059544669 -1.981308994 -0.201461085 -0.055995284 0.977894520 30.069788467
0.977016488 -0.023406508 0.211874577 3.134663705 0.008384756 0.997403769 0.071522010 -2.020708438 -0.212998669 -0.068101227 0.974676145 30.962648766
0.975793308 -0.023157466 0.217463848 3.249334145 0.006789372 0.997106554 0.075714406 -2.043638437 -0.218588060 -0.072406005 0.973126953 31.407604401
0.972968633 -0.020009159 0.230069158 3.488396684 0.002860378 0.997207040 0.074629858 -2.107211722 -0.230919959 -0.071954949 0.970308328 32.293783203
0.969826660 -0.019941585 0.242979058 3.737170884 0.003815750 0.997768540 0.066658017 -2.183719874 -0.243766186 -0.063719289 0.967738523 33.176562220
0.968335116 -0.019583764 0.248884522 3.873731452 0.003826942 0.997965908 0.063637188 -2.220577573 -0.249624426 -0.060668980 0.966440588 33.625257371
0.965119220 -0.017546358 0.261222227 4.151825256 0.001618343 0.998132805 0.061064721 -2.289073684 -0.261805893 -0.058512750 0.963344990 34.542426357
0.961707477 -0.017026604 0.273549374 4.444575835 0.000025581 0.998073791 0.062033184 -2.352117280 -0.274078907 -0.059650833 0.959854991 35.476891037
0.960200612 -0.016971782 0.278797064 4.598286786 -0.000479068 0.998050973 0.062405612 -2.384389397 -0.279312828 -0.060055742 0.958320508 35.952529176
0.956687424 -0.016772143 0.290634647 4.903209677 -0.002150567 0.997904160 0.064666949 -2.445482957 -0.291110189 -0.062490817 0.954646625 36.894338044
0.950750862 -0.012610725 0.309698545 5.400592857 -0.007633476 0.997916490 0.064068162 -2.544080782 -0.309861234 -0.063277157 0.948673286 38.301423855
0.946514887 -0.007267248 0.322579638 5.751756904 -0.012753873 0.998122365 0.059908795 -2.618264552 -0.322409414 -0.060818340 0.944644689 39.261447392
0.942466053 -0.002559381 0.334291227 6.107622024 -0.016761599 0.998351445 0.054899330 -2.692476393 -0.333880497 -0.057344100 0.940869520 40.199554437
0.940480830 0.000474990 0.339847235 6.287904346 -0.019341484 0.998452872 0.052129697 -2.729227242 -0.339296943 -0.055599757 0.939034272 40.657675411
0.936257645 0.010097922 0.351168982 6.641283247 -0.027672304 0.998600905 0.045062683 -2.806103593 -0.350222609 -0.051907976 0.935226883 41.585889293
0.931515824 0.015686144 0.363363698 7.021231704 -0.030686250 0.998897198 0.035545155 -2.886590779 -0.362405300 -0.044261376 0.930969032 42.496646435
0.928917119 0.015863323 0.369947411 7.211210723 -0.028885648 0.999141534 0.029686933 -2.929123825 -0.369159042 -0.038262805 0.928577575 42.951865609
0.924005023 0.016274987 0.382034072 7.605548285 -0.025258984 0.999509050 0.018512451 -3.011281309 -0.381544961 -0.026755431 0.923962990 43.838092692
0.918771264 0.013755670 0.394551494 8.021736883 -0.019335987 0.999761020 0.010170918 -3.088681765 -0.394317521 -0.016973685 0.918817082 44.729360162
0.916617388 0.010743654 0.399620957 8.240754644 -0.015182988 0.999853271 0.007945005 -3.124020859 -0.399477154 -0.013349898 0.916646051 45.177582503
0.911554111 0.003324983 0.411167934 8.661616241 -0.006459209 0.999959939 0.006233451 -3.188031894 -0.411130366 -0.008337850 0.911537867 46.047867635
0.906203306 -0.005536087 0.422807083 9.099357712 0.004576902 0.999983680 0.003283794 -3.253223448 -0.422818754 -0.001040594 0.906213755 46.903364463
0.903285532 -0.007526263 0.428973308 9.323073246 0.007848857 0.999968166 0.001016950 -3.287014431 -0.428967239 0.002448369 0.903315924 47.329780048
0.896968836 -0.008295946 0.442016308 9.770512018 0.012031526 0.999911209 -0.005648596 -3.358277480 -0.441930413 0.010384757 0.896988817 48.182354934
0.890177342 -0.009937284 0.455506910 10.247003745 0.017511086 0.999769418 -0.012410367 -3.429140117 -0.455278703 0.019023914 0.890145193 49.027460005
0.886694645 -0.009942969 0.462247932 10.480401950 0.018672707 0.999723545 -0.014314369 -3.462009540 -0.461977845 0.021323998 0.886634506 49.451440520
0.880132095 -0.011144886 0.474597645 10.964055879 0.019867113 0.999713051 -0.013367252 -3.518244790 -0.474312884 0.021193849 0.880101350 50.285357098
0.873013745 -0.017209107 0.487392742 11.467066529 0.024821981 0.999650277 -0.009164731 -3.568516900 -0.487064485 0.020099094 0.873134737 51.114690381
0.869514850 -0.020512265 0.493481463 11.717328452 0.028086606 0.999574006 -0.007939979 -3.594845548 -0.493108018 0.020764177 0.869719742 51.524420164
0.862549470 -0.024458600 0.505381230 12.237232520 0.033449199 0.999401936 -0.008721445 -3.652772490 -0.504865876 0.024427299 0.862852064 52.338514386
0.855770596 -0.025454190 0.516729067 12.769315369 0.035712030 0.999313089 -0.009917465 -3.711841903 -0.516122121 0.026940540 0.856090934 53.159737489
0.852262910 -0.027588595 0.522385085 13.026767233 0.037512040 0.999260826 -0.008426742 -3.736801042 -0.521766696 0.026777578 0.852668313 53.557355736
0.844662357 -0.032567296 0.534307700 13.566001514 0.037819459 0.999283624 0.001121639 -3.776095540 -0.533962420 0.019259877 0.845289036 54.367748727
0.837263666 -0.034327192 0.545721118 14.112414131 0.031880591 0.999393862 0.013951988 -3.808473967 -0.545869582 0.005716445 0.837850757 55.166416347
0.833216667 -0.033111283 0.551954769 14.382032565 0.027600858 0.999451958 0.018290702 -3.828739718 -0.552257660 -0.000005595 0.833673638 55.571569781
0.824251657 -0.026580081 0.565600313 14.930692240 0.018693426 0.999630079 0.019735062 -3.879203431 -0.565915760 -0.005693677 0.824443208 56.337356071
0.815229419 -0.017833291 0.578863610 15.486554795 0.009150751 0.999797688 0.017913800 -3.934482649 -0.579065774 -0.009306850 0.815227628 57.090600210
0.810413385 -0.014468858 0.585680644 15.775561611 0.005632843 0.999840862 0.016906120 -3.963918593 -0.585832086 -0.010401783 0.810365008 57.490116734
0.801680513 -0.010221574 0.597665823 16.365460057 0.000869231 0.999872494 0.015934281 -4.018486221 -0.597752627 -0.012254678 0.801586591 58.255328031
0.791724457 -0.007510648 0.610832718 16.957560770 -0.002631379 0.999873230 0.015704715 -4.069731004 -0.610872545 -0.014041142 0.791604302 58.989148480
0.786953283 -0.006883142 0.616974487 17.258454987 -0.003133978 0.999879810 0.015152160 -4.096099690 -0.617004295 -0.013857634 0.786837666 59.354757131
0.778474165 -0.005323088 0.627654264 17.867441334 -0.002972718 0.999921151 0.012167286 -4.151278321 -0.627669888 -0.011337750 0.778396794 60.073597581
0.768880725 -0.003989918 0.639379997 18.486116445 -0.001526991 0.999966683 0.008076288 -4.208448332 -0.639390683 -0.007185928 0.768847775 60.789800157
0.764392700 -0.003361443 0.644742396 18.794206092 -0.000958332 0.999978951 0.006349698 -4.236071152 -0.644750372 -0.005471514 0.764372981 61.143114607
0.754883897 -0.002805450 0.655851999 19.439433122 0.000045915 0.999991518 0.004224540 -4.288422423 -0.655857957 -0.003158839 0.754877596 61.842447328
0.744922856 -0.003629575 0.667140769 20.091853182 0.003371344 0.999992916 0.001676114 -4.340880607 -0.667142880 0.001000549 0.744928935 62.529565721
0.740153835 -0.004513224 0.672423336 20.416821950 0.006998123 0.999974729 -0.000991338 -4.369324815 -0.672401999 0.005439440 0.740166504 62.868116870
0.730840159 -0.007500044 0.682508205 21.068972878 0.018343781 0.999793915 -0.008656191 -4.428207504 -0.682303156 0.018846073 0.730826128 63.513458129
0.722069217 -0.010017362 0.691747583 21.733300417 0.029485964 0.999432347 -0.016305424 -4.487195179 -0.691191905 0.032170605 0.721954472 64.166000502
0.717199296 -0.010985956 0.696782511 22.072650275 0.033591735 0.999258113 -0.018821063 -4.513478966 -0.696058603 0.036904556 0.717035615 64.480288295
0.708353982 -0.014514463 0.705708785 22.741661896 0.043257535 0.998802070 -0.022877100 -4.564374386 -0.704531248 0.046732317 0.708132782 65.111479530
0.698551010 -0.016539061 0.715369165 23.415365550 0.049607413 0.998446701 -0.025357443 -4.610978342 -0.713838726 0.053201140 0.698286108 65.721055008
0.693632947 -0.017164747 0.720124159 23.752212493 0.050931564 0.998382950 -0.025260783 -4.631945976 -0.718525993 0.054198782 0.693384994 66.026005269
0.683010644 -0.017758144 0.730193585 24.433097280 0.052660296 0.998300218 -0.024979215 -4.672970622 -0.728508489 0.055513240 0.682784119 66.623762307
0.673373878 -0.014732665 0.739154937 25.106514772 0.052778481 0.998208231 -0.028185534 -4.717858806 -0.737415760 0.057990835 0.672945548 67.192127395
0.668947139 -0.011002859 0.743228146 25.440881696 0.051750438 0.998153675 -0.031801548 -4.744453771 -0.741506294 0.059736011 0.668281664 67.486978215
0.659442355 -0.006263477 0.751729213 26.136171491 0.052856297 0.997877281 -0.038052925 -4.794750297 -0.749894981 0.064827407 0.658372217 68.059675955
0.649657042 -0.007567883 0.760189597 26.836130509 0.054064801 0.997878026 -0.036269616 -4.829851777 -0.758302515 0.064662317 0.648687785 68.611517069
0.644741049 -0.011059080 0.764321383 27.192044920 0.055894810 0.997900864 -0.032711150 -4.841664077 -0.762355030 0.063811838 0.644005510 68.870776438
0.635512823 -0.018258864 0.771874770 27.884502225 0.058793221 0.997962450 -0.024799712 -4.864178952 -0.769848706 0.061141528 0.635291076 69.394370898
0.625450309 -0.024429069 0.779881759 28.574473000 0.062320057 0.997880994 -0.018721868 -4.889208700 -0.777771992 0.060311934 0.625646665 69.908082613
0.620325668 -0.026509206 0.783895895 28.927897478 0.062982524 0.997885067 -0.016094797 -4.901909811 -0.781810951 0.059355829 0.620683027 70.157572447
0.610414008 -0.031592069 0.791451834 29.646920374 0.064532335 0.997866200 -0.009939744 -4.926140114 -0.789449139 0.057141604 0.611149998 70.663842129
0.600801798 -0.037196492 0.798532451 30.375629404 0.067585112 0.997703877 -0.004375758 -4.951104844 -0.796535994 0.056597836 0.601935830 71.167561448
0.596206857 -0.039706400 0.801848421 30.750915500 0.068906044 0.997620970 -0.001833695 -4.964106673 -0.799868123 0.056345419 0.597524290 71.421739537
0.587353920 -0.043456636 0.808162693 31.484323306 0.069114760 0.997603288 0.003412179 -4.988002132 -0.806374427 0.053851859 0.588948587 71.903618763
0.579343350 -0.047716298 0.813685993 32.208048671 0.070805689 0.997457876 0.008079443 -5.012928886 -0.812002054 0.052932831 0.581249160 72.387925419
0.575565590 -0.049312333 0.816267745 32.578351791 0.071798493 0.997373083 0.009626715 -5.026221942 -0.814597874 0.053066110 0.577592869 72.622667925
0.567305695 -0.050364585 0.821966111 33.294611740 0.073373095 0.997249755 0.010464021 -5.055910058 -0.820232335 0.054373935 0.569440843 73.077520123
0.559392249 -0.051281204 0.827315731 34.023054748 0.077036721 0.996981343 0.009709269 -5.088785691 -0.825316089 0.058302454 0.561652842 73.539358822
0.555195574 -0.052274744 0.830074865 34.390869417 0.078947286 0.996829300 0.009972296 -5.103675844 -0.827963977 0.059995683 0.557561887 73.764282481
0.546840210 -0.054496205 0.835461711 35.111821796 0.080579699 0.996672490 0.012269431 -5.129262037 -0.833350372 0.060611845 0.549412033 74.197505725
0.539162258 -0.057813952 0.840215773 35.820596959 0.084361695 0.996330474 0.014421560 -5.154453946 -0.837966081 0.063106518 0.542060308 74.623547997
0.535391079 -0.058910632 0.842547512 36.171247116 0.086237418 0.996163598 0.014852390 -5.167176044 -0.840190014 0.064707341 0.538417287 74.821998871
0.527247375 -0.059409377 0.847632231 36.872549015 0.087499885 0.996045581 0.015384320 -5.193378403 -0.845194947 0.066056316 0.530361121 75.218847832
0.519258534 -0.060454337 0.852476074 37.549494354 0.089060784 0.995891403 0.016376215 -5.217774658 -0.849963566 0.067418714 0.522508608 75.601405692
0.514542119 -0.061047164 0.855288925 37.885473772 0.089984295 0.995799521 0.016941642 -5.229275441 -0.852729759 0.068245496 0.517874024 75.783025519
0.506441890 -0.060882107 0.860122236 38.567116739 0.089051711 0.995863209 0.018056365 -5.252053755 -0.857663624 0.067450873 0.509768773 76.143781486
0.498581053 -0.060307671 0.864743044 39.239080312 0.089536984 0.995823724 0.017825334 -5.277319835 -0.862206290 0.068539193 0.501897615 76.506863480
0.495362739 -0.060205780 0.866598042 39.575059208 0.088736967 0.995883696 0.018464078 -5.288571223 -0.864141878 0.067752850 0.498666279 76.688500671
0.488677487 -0.059219120 0.870452268 40.242033377 0.086825288 0.996042216 0.019018976 -5.311055974 -0.868132927 0.066283142 0.491884612 77.032360999
0.481934609 -0.057983603 0.874286629 40.872480803 0.087056770 0.996038934 0.018069942 -5.334702192 -0.871872034 0.067404063 0.485073527 77.354515195
0.478836165 -0.057797555 0.875999907 41.191299174 0.087672881 0.995990202 0.017790989 -5.345690909 -0.873516116 0.068282383 0.481983048 77.509546942
0.472987002 -0.054535790 0.879380311 41.775534662 0.085802802 0.996189883 0.015629535 -5.370213078 -0.876881649 0.068060782 0.475863659 77.812514114
0.466505308 -0.054536731 0.882835761 42.354771835 0.084824359 0.996255751 0.016720491 -5.387694240 -0.880441555 0.067085882 0.469384439 78.096556189
0.463170563 -0.055258395 0.884544920 42.646737179 0.084768486 0.996241015 0.017849143 -5.394643231 -0.882205638 0.066714335 0.466113830 78.227744691
0.457896868 -0.056628848 0.887200434 43.211300982 0.085265812 0.996166103 0.019577106 -5.409646124 -0.884907143 0.066683677 0.460968767 78.495043231
0.452635137 -0.056846692 0.889882507 43.754009158 0.086397493 0.996065801 0.019684191 -5.427211362 -0.887500633 0.067973806 0.455764911 78.757454183
0.449842350 -0.056309646 0.891331325 44.024118666 0.086609069 0.996056635 0.019215246 -5.436622940 -0.888898581 0.068553540 0.452944848 78.883762043
0.444306411 -0.056085273 0.894118140 44.539979346 0.087026111 0.996020480 0.019232070 -5.452792048 -0.891638359 0.069266751 0.447417907 79.122145697
0.438505623 -0.055834245 0.896992136 45.050853398 0.087255543 0.995997861 0.019341061 -5.467506612 -0.894483185 0.069786360 0.441622277 79.341215312
0.435972315 -0.055632506 0.898239491 45.296606783 0.087503299 0.995979004 0.019215218 -5.475321579 -0.895696144 0.070221652 0.439085956 79.453217485
0.431128255 -0.055273314 0.900595863 45.785620658 0.088275204 0.995917042 0.018864864 -5.490423758 -0.897961667 0.071367175 0.434247141 79.667550921
0.426066453 -0.055072516 0.903014332 46.259963835 0.089398440 0.995823078 0.018552059 -5.504324574 -0.900263692 0.072823627 0.429210652 79.865051921
0.423467514 -0.054747823 0.904256011 46.503224031 0.089379452 0.995827460 0.018435203 -5.511472125 -0.901491597 0.073015208 0.426592575 79.967392908
0.418498344 -0.054219252 0.906597627 46.965391265 0.090607265 0.995729444 0.017724061 -5.525587182 -0.903686094 0.074726887 0.421623962 80.157670570
0.414570554 -0.053681856 0.908432131 47.383828314 0.087444340 0.995988678 0.018949885 -5.535778853 -0.905805736 0.071581124 0.417602135 80.338803002
0.412318711 -0.053470617 0.909468848 47.593047610 0.086477595 0.996065742 0.019356201 -5.541243794 -0.906925779 0.070667756 0.415320475 80.429343520
0.407940079 -0.052604252 0.911492426 47.991837456 0.088547151 0.995912356 0.017846850 -5.553617837 -0.908705268 0.073429633 0.410929450 80.573992626
0.404185154 -0.047767544 0.913428905 48.393135956 0.090374673 0.995834062 0.012086832 -5.574051385 -0.910201827 0.077665530 0.406817912 80.727788265
0.402222359 -0.045747286 0.914398847 48.587696995 0.092708676 0.995652532 0.009031931 -5.584260558 -0.910836182 0.081139892 0.404714948 80.801082403
0.398235870 -0.044476572 0.916204524 48.964626934 0.095040512 0.995448352 0.007013325 -5.597151901 -0.912346826 0.084283530 0.400650319 80.940986301
0.393720578 -0.043053370 0.918221704 49.334358062 0.091846216 0.995746237 0.007305899 -5.607173026 -0.914629614 0.081458712 0.396000380 81.093296915
0.391563891 -0.037222767 0.919398425 49.516746373 0.087363964 0.996171309 0.003123493 -5.619132718 -0.915994301 0.079099220 0.393315908 81.159260755
0.387448417 -0.021303894 0.921645904 49.864670149 0.082453164 0.996527267 -0.011627507 -5.654790283 -0.918196607 0.080497661 0.387858147 81.305077311
0.383757290 -0.012747638 0.923346035 50.229445894 0.081565695 0.996464158 -0.020142980 -5.678290681 -0.919824732 0.083043435 0.383440252 81.437034160
0.381896576 -0.014122277 0.924097262 50.411814355 0.082790849 0.996386459 -0.018987594 -5.680763359 -0.920489578 0.083758189 0.381685621 81.503658507
0.377166284 -0.021807835 0.925888443 50.805591880 0.090353030 0.995820354 -0.013350905 -5.679402612 -0.921727454 0.088692336 0.377560484 81.629848552
0.371963061 -0.026635990 0.927865006 51.180005337 0.093348818 0.995594586 -0.008841491 -5.680493512 -0.923541716 0.089903866 0.372810729 81.760866369
0.369380974 -0.027319300 0.928876200 51.372058535 0.093183461 0.995618319 -0.007773483 -5.683032236 -0.924594664 0.089427265 0.370308108 81.824986886
0.363483335 -0.031526379 0.931066920 51.746467108 0.090891808 0.995859043 -0.001763474 -5.681788792 -0.927156000 0.085267344 0.364843906 81.956167226
0.357244628 -0.049420911 0.932702544 52.145177121 0.088590842 0.995890396 0.018836855 -5.656005287 -0.929799714 0.075899625 0.360154120 82.103472944
0.354733235 -0.057652167 0.933188015 52.349374474 0.085744570 0.995897158 0.028932177 -5.643136581 -0.931027127 0.069752743 0.358220343 82.175874584
0.350792611 -0.064335914 0.934240487 52.733459289 0.084760928 0.995723749 0.036743491 -5.637899021 -0.932608896 0.066297797 0.354745553 82.304833772
0.345558440 -0.057236787 0.936650172 53.151642463 0.087439969 0.995759136 0.028589612 -5.661807528 -0.934314916 0.072021227 0.349097197 82.443681362
0.343011207 -0.051706890 0.937907280 53.353405401 0.088042538 0.995857723 0.022702704 -5.676363342 -0.935196495 0.074788434 0.346142775 82.504465992
0.337110494 -0.043342797 0.940467290 53.769097118 0.088826191 0.995947888 0.014059909 -5.700432427 -0.937265120 0.078798417 0.339593795 82.633594748
0.330456099 -0.037612987 0.943072049 54.184777606 0.089117113 0.995984625 0.008496305 -5.719134515 -0.939604910 0.081236162 0.332481069 82.763097167
0.327319831 -0.033065951 0.944335204 54.408397069 0.089229692 0.996003680 0.003946839 -5.731556943 -0.940691273 0.082970854 0.328962281 82.828739521
0.321083488 -0.020122048 0.946837670 54.833785398 0.086703842 0.996200476 -0.008231319 -5.761368321 -0.943073733 0.084737411 0.321608422 82.954969255
0.314034667 -0.017877806 0.949243560 55.280996149 0.085510439 0.996291384 -0.009525300 -5.772745808 -0.945552978 0.084161431 0.314398961 83.087191590
0.310373643 -0.022010110 0.950359907 55.514266579 0.085429276 0.996332320 -0.004825202 -5.769093391 -0.946767791 0.082686192 0.311116101 83.151453879
0.303668177 -0.030873478 0.952277637 55.983298957 0.085847748 0.996296564 0.004924946 -5.761657906 -0.948902383 0.080255373 0.305193036 83.289695207
0.297424685 -0.031193569 0.954235667 56.447379271 0.088119578 0.996096572 0.005096053 -5.769287851 -0.950670026 0.082571162 0.299011858 83.407472339
0.294087054 -0.029664422 0.955317854 56.680671615 0.088593788 0.996061009 0.003656592 -5.776110054 -0.951663915 0.083559861 0.295556919 83.471005362
0.286694409 -0.027190780 0.957636428 57.147252423 0.088008581 0.996117820 0.001935629 -5.787898957 -0.953971013 0.083725281 0.287974080 83.598200592
0.278853561 -0.026264245 0.959974572 57.621018035 0.087053187 0.996201937 0.001968101 -5.795864296 -0.956379507 0.083020069 0.280080874 83.713455142
0.275308619 -0.025954186 0.961006086 57.863988584 0.086162530 0.996278370 0.002222982 -5.799630110 -0.957486641 0.082190728 0.276520066 83.774701727
0.268886326 -0.025893654 0.962824414 58.337752026 0.086121950 0.996281041 0.002742262 -5.806557963 -0.959314064 0.082182971 0.270115382 83.890028509
0.261838871 -0.026044816 0.964759850 58.833378297 0.088330296 0.996086544 0.002917376 -5.814365131 -0.961060792 0.084453703 0.263114326 84.010003264
0.258364951 -0.025683854 0.965705927 59.086035167 0.089516647 0.995982186 0.002539711 -5.818955155 -0.961890614 0.085790692 0.259626059 84.068693234
0.250838496 -0.024717365 0.967713780 59.598540768 0.091965675 0.995760814 0.001595567 -5.827683469 -0.963650293 0.088596206 0.252047687 84.173897742
0.243064683 -0.023754612 0.969719719 60.101360339 0.092509281 0.995710793 0.001203428 -5.835727236 -0.965588522 0.089415597 0.244219158 84.281649140
0.238947183 -0.023213434 0.970754783 60.373384720 0.092060664 0.995752406 0.001150907 -5.839511624 -0.966659167 0.089093330 0.240068979 84.335396739
0.231292727 -0.023057089 0.972610979 60.919924125 0.092170767 0.995741391 0.001686608 -5.846530765 -0.968508059 0.089256234 0.232433241 84.452637858
0.224569446 -0.023745239 0.974169065 61.466458041 0.089090176 0.996016320 0.003740339 -5.850926263 -0.970376734 0.085949000 0.225789763 84.570061641
0.221235145 -0.024020418 0.974924613 61.726302576 0.089180535 0.996005701 0.004302433 -5.853059412 -0.971134058 0.085992471 0.222493215 84.616715780
0.214575751 -0.022846074 0.976439820 62.280039435 0.092771888 0.995682677 0.002909377 -5.862300342 -0.972291258 0.089961914 0.215768634 84.721595329
0.207938771 -0.020763551 0.977921640 62.809423156 0.094247210 0.995548439 0.001097687 -5.871371205 -0.973590073 0.091938201 0.208969926 84.812069872
0.204989454 -0.020240348 0.978555164 63.078955183 0.094933425 0.995483758 0.000703704 -5.874887209 -0.974148886 0.092753358 0.205984534 84.856128503
0.199983778 -0.019798779 0.979599606 63.608332643 0.095960268 0.995385002 0.000527721 -5.880965323 -0.975089201 0.093897128 0.200960158 84.946811408
0.193986094 -0.017430403 0.980849961 64.137714047 0.092439705 0.995718005 -0.000587565 -5.888928869 -0.976639354 0.090783478 0.194766125 85.037363045
0.190845416 -0.017122410 0.981471185 64.397560023 0.091503748 0.995805013 -0.000420365 -5.891750350 -0.977345723 0.089888576 0.191611520 85.083969261
0.185704046 -0.017711618 0.982445903 64.946301174 0.090993733 0.995850792 0.000753383 -5.895197251 -0.978383067 0.089256518 0.186545190 85.169836895
0.181166317 -0.018628267 0.983276423 65.485358089 0.092259161 0.995733688 0.001865767 -5.898817526 -0.979115070 0.090378245 0.182111137 85.258191690
0.178757726 -0.019216054 0.983705126 65.752392857 0.092904451 0.995671871 0.002567248 -5.899720827 -0.979497449 0.090931718 0.179768708 85.292724569
0.173517369 -0.021522321 0.984595964 66.291444408 0.093845131 0.995572826 0.005223713 -5.900777313 -0.980348998 0.091493125 0.174768490 85.381257860
0.169439042 -0.023581274 0.985258892 66.828003063 0.093568128 0.995583283 0.007736977 -5.901306045 -0.981088744 0.090877915 0.170896771 85.460120241
0.167846205 -0.024555793 0.985507651 67.085351592 0.093003896 0.995624849 0.008967973 -5.901425040 -0.981416378 0.090150821 0.169395029 85.497206956
0.163246728 -0.027108490 0.986212578 67.631592958 0.093353281 0.995561410 0.011912754 -5.901052162 -0.982158465 0.090121427 0.165052694 85.573632878
0.159584042 -0.029480451 0.986744251 68.165657860 0.094148760 0.995452026 0.014513998 -5.900644130 -0.982684002 0.090584594 0.161633918 85.642852824
0.157647858 -0.030107512 0.987036640 68.423008142 0.094536607 0.995404355 0.015263484 -5.901601095 -0.982959731 0.090904903 0.159769886 85.679881198
0.153575978 -0.030109701 0.987678534 68.935219879 0.094940130 0.995361431 0.015581539 -5.904932556 -0.983565113 0.091377392 0.155721929 85.744131601
0.149909085 -0.029988863 0.988244934 69.440240612 0.094386908 0.995409258 0.015888436 -5.909124759 -0.984183771 0.090895634 0.152050816 85.820528961
0.148193748 -0.029507594 0.988518472 69.695101524 0.094260114 0.995425180 0.015582693 -5.911239884 -0.984455783 0.090868591 0.150296784 85.847769047
0.143702603 -0.028263946 0.989217868 70.195140178 0.094286850 0.995436164 0.014744719 -5.916152275 -0.985118732 0.091151339 0.145711116 85.904700959
0.140483115 -0.027025498 0.989714824 70.663632811 0.093507753 0.995521823 0.013911249 -5.920857516 -0.985657298 0.090591727 0.142380753 85.959437331
0.138996267 -0.026883981 0.989927748 70.889439473 0.092413810 0.995621214 0.014062601 -5.922754551 -0.985971247 0.089528350 0.140872673 85.994190294
0.135047636 -0.026558055 0.990483559 71.345750926 0.090624644 0.995781573 0.014343817 -5.925170099 -0.986685386 0.087825188 0.136884753 86.041877657
0.130175108 -0.024335428 0.991192318 71.792386157 0.091494685 0.995727580 0.012430560 -5.931589740 -0.987259972 0.089070638 0.131845621 86.091785476
0.127695614 -0.023348455 0.991538365 72.013209885 0.091343845 0.995751122 0.011683868 -5.933797954 -0.987598318 0.089078919 0.129285779 86.107101467
0.123938117 -0.023578544 0.992010359 72.406428796 0.091926607 0.995691579 0.012181030 -5.935559783 -0.988022996 0.089682459 0.125571438 86.150414420
0.119366676 -0.024341339 0.992551488 72.819013673 0.091321368 0.995730884 0.013436803 -5.935777764 -0.988641603 0.089037407 0.121079133 86.188836397
0.117244344 -0.024613659 0.992798310 73.020464401 0.090972447 0.995756029 0.013943583 -5.936167970 -0.988927437 0.088682453 0.118986519 86.209277423
0.112763500 -0.024276551 0.993325292 73.420875464 0.089204087 0.995911546 0.014213233 -5.937617727 -0.989609407 0.087005985 0.114467003 86.240405218
0.108536420 -0.023922597 0.993804572 73.811602835 0.088449629 0.995978139 0.014315080 -5.939500229 -0.990149157 0.086348092 0.110215254 86.274002116
0.106811753 -0.024584986 0.993975638 73.991190693 0.088264270 0.995981998 0.015149705 -5.938991169 -0.990353457 0.086114377 0.108552989 86.289796558
0.103971457 -0.026561076 0.994226152 74.347871090 0.088510251 0.995924118 0.017350414 -5.936288096 -0.990634420 0.086195230 0.105898472 86.311795098
0.100905891 -0.027335437 0.994520321 74.685187588 0.089178603 0.995847469 0.018323547 -5.936116477 -0.990891209 0.086840955 0.102924311 86.338615854
0.099188706 -0.027087888 0.994700338 74.842917230 0.089187096 0.995848420 0.018225687 -5.936932759 -0.991063348 0.086906728 0.101192213 86.349608831
0.095910828 -0.027003335 0.995023397 75.168058891 0.088141865 0.995935934 0.018532117 -5.937504101 -0.991479987 0.085925845 0.097900597 86.369169438
0.093209603 -0.028154856 0.995248538 75.461650671 0.088128626 0.995909514 0.019919918 -5.936022763 -0.991738151 0.085853166 0.095309293 86.386662995
0.092064347 -0.028465232 0.995346435 75.609694199 0.088358040 0.995881241 0.020307890 -5.936114595 -0.991825257 0.086077160 0.094200202 86.400205640
0.089428360 -0.028443586 0.995587125 75.871744738 0.089397290 0.995786686 0.020419150 -5.936710573 -0.991972689 0.087176758 0.091594330 86.415344608
0.086668257 -0.027512092 0.995857192 76.121620900 0.089395162 0.995801066 0.019730588 -5.938268979 -0.992217996 0.087314961 0.088763117 86.423208147
0.085609407 -0.026859217 0.995967032 76.247806150 0.088902443 0.995855449 0.019214414 -5.939656225 -0.992354515 0.086899025 0.087642307 86.431951410
0.084348504 -0.026505786 0.996084084 76.466134246 0.087745470 0.995960250 0.019072132 -5.940029850 -0.992565515 0.085793113 0.086333276 86.437687475
0.082954993 -0.027275772 0.996180456 76.665089844 0.086406041 0.996057905 0.020077131 -5.938824888 -0.992800442 0.084410519 0.084984631 86.448531906
0.082188000 -0.027404777 0.996240381 76.750042333 0.085977903 0.996090221 0.020307564 -5.938981259 -0.992901204 0.083985675 0.084222239 86.457650134
0.080393787 -0.027071592 0.996395455 76.927140801 0.086394847 0.996058326 0.020091618 -5.939620382 -0.993011792 0.084468205 0.082415966 86.463656983
0.079298895 -0.026967929 0.996486677 77.084870129 0.087101230 0.995998063 0.020023377 -5.940287027 -0.993038577 0.085207310 0.081329870 86.474660378
0.078395222 -0.027231553 0.996550460 77.167329096 0.087326758 0.995971943 0.020346020 -5.939616368 -0.993089963 0.085430567 0.080456925 86.474128532
0.076814818 -0.028015110 0.996652433 77.322561938 0.087762200 0.995914898 0.021230251 -5.938039414 -0.993174749 0.085837627 0.078959792 86.475580477
0.074860795 -0.028451602 0.996788284 77.468111588 0.087295520 0.995941984 0.021871274 -5.937134627 -0.993365173 0.085377874 0.077040683 86.479484855
0.074446443 -0.028622207 0.996814798 77.531202439 0.087108922 0.995953925 0.022091819 -5.936980304 -0.993412939 0.085186843 0.076638154 86.483915523
0.074275017 -0.028786402 0.996822373 77.657384850 0.086791233 0.995977370 0.022295008 -5.937010838 -0.993453786 0.084859556 0.076474275 86.492753243
0.073476651 -0.028787000 0.996881842 77.771390546 0.087036190 0.995954020 0.022345040 -5.936886508 -0.993491673 0.085122931 0.075684012 86.494393322
0.072666273 -0.028726510 0.996942876 77.834482357 0.087467264 0.995917465 0.022321510 -5.937191074 -0.993513603 0.085577811 0.074882053 86.498792041
0.071527789 -0.028639068 0.997028062 77.967856920 0.088536095 0.995824785 0.022252750 -5.936909536 -0.993500995 0.086681250 0.073764357 86.495444604
0.070829831 -0.027882505 0.997098680 78.072181303 0.089435824 0.995760641 0.021491859 -5.938355195 -0.993470912 0.087654105 0.073022845 86.499474608
0.070314980 -0.027336502 0.997150610 78.113413312 0.089896396 0.995730119 0.020958463 -5.939226941 -0.993465631 0.088166499 0.072471621 86.499124646
0.069056372 -0.025819384 0.997279209 78.186194492 0.090238177 0.995729121 0.019530635 -5.941812187 -0.993522968 0.088643963 0.071091504 86.500865348
0.068510847 -0.024748773 0.997343444 78.258974065 0.090254986 0.995746235 0.018509198 -5.943629294 -0.993559059 0.088747075 0.070453707 86.502659529
0.068328002 -0.024508475 0.997361797 78.290520691 0.090317277 0.995744982 0.018281232 -5.944125744 -0.993566569 0.088829887 0.070250015 86.504834927
0.067374340 -0.024581740 0.997424765 78.372980263 0.090206041 0.995752722 0.018447272 -5.943744384 -0.993641776 0.088730916 0.069305393 86.504282940
0.065937103 -0.024009988 0.997535589 78.445757958 0.090208198 0.995760228 0.018004421 -5.944663666 -0.993737546 0.088798664 0.067824015 86.506139630
0.065327142 -0.023940788 0.997577053 78.486988150 0.090299562 0.995751905 0.017983596 -5.944667515 -0.993769454 0.088905889 0.067211536 86.505850092
