1.000000000 0.000000000 0.000000000 -0.000000000 0.000000000 1.000000000 0.000000000 0.000000000 -0.000000000 0.000000000 1.000000000 0.000000000
1.000000430 -0.000180001 0.000624437 0.005379891 0.000180395 1.000000201 -0.000608911 -0.003622236 -0.000623964 0.000609059 1.000000082 0.113837595
0.999999362 -0.000162035 0.001105861 0.004859209 0.000162930 0.999999584 -0.000850058 -0.005393478 -0.001105779 0.000850253 0.999999073 0.177057464
0.999996488 0.000034848 0.002751915 0.013337165 -0.000031846 0.999999851 -0.001074815 -0.008593787 -0.002752006 0.001074762 0.999996164 0.300418718
0.999990249 0.000651387 0.004376452 0.018743320 -0.000647315 0.999999416 -0.000914518 -0.010866600 -0.004376386 0.000911760 0.999990044 0.414285795
0.999987276 0.000978628 0.004864533 0.015145391 -0.000974021 0.999999758 -0.000929775 -0.011990227 -0.004865240 0.000925081 0.999987979 0.468005372
0.999982726 0.001582071 0.005686366 0.020542986 -0.001576413 0.999998412 -0.001007592 -0.014702852 -0.005688419 0.000998619 0.999983152 0.581862840
0.999975266 0.002203490 0.006627517 0.019513878 -0.002196171 0.999997115 -0.001114129 -0.017615607 -0.006629983 0.001099664 0.999977721 0.708316337
0.999971697 0.002224854 0.007200729 0.031591709 -0.002215883 0.999996622 -0.001256558 -0.019592330 -0.007203598 0.001240586 0.999973904 0.777960198
0.999960613 0.002310135 0.008561671 0.030563185 -0.002298566 0.999996737 -0.001362136 -0.022475098 -0.008565309 0.001342490 0.999962726 0.904414350
0.999951532 0.002423926 0.009556670 0.035701995 -0.002409606 0.999996267 -0.001514652 -0.025993378 -0.009560380 0.001491605 0.999953255 1.049883499
0.999945015 0.002544258 0.010157436 0.038264008 -0.002525989 0.999995369 -0.001817522 -0.028132356 -0.010162053 0.001791816 0.999946498 1.122609775
0.999925301 0.002754085 0.011890611 0.052860661 -0.002711946 0.999990432 -0.003557676 -0.034467108 -0.011899323 0.003525137 0.999923130 1.264931431
0.999896519 0.002857910 0.014067006 0.054848685 -0.002777615 0.999980383 -0.005718111 -0.041116157 -0.014083537 0.005678458 0.999885069 1.400817740
0.999882274 0.002845756 0.015059505 0.060479968 -0.002748326 0.999974916 -0.006485319 -0.044312575 -0.015077188 0.006443242 0.999865408 1.483035354
0.999854523 0.002902213 0.016774757 0.068667816 -0.002772843 0.999966847 -0.007725632 -0.049927850 -0.016796787 0.007678093 0.999829329 1.637973130
0.999819923 0.001845436 0.018884425 0.079929021 -0.001669546 0.999955125 -0.009326644 -0.056390655 -0.018900972 0.009293437 0.999778188 1.802406831
0.999797940 0.000915936 0.020096767 0.085564584 -0.000715398 0.999950473 -0.009984356 -0.059367167 -0.020105850 0.009968082 0.999748135 1.884629250
0.999741266 -0.000025323 0.022769642 0.096622062 0.000253362 0.999949694 -0.010014822 -0.063806838 -0.022768261 0.010018062 0.999691027 2.080736435
0.999670591 0.000253003 0.025665494 0.113857769 -0.000002474 0.999952982 -0.009760172 -0.068322261 -0.025666745 0.009756966 0.999623249 2.295870847
0.999634018 0.000180509 0.027048758 0.119249723 0.000090761 0.999949480 -0.010028828 -0.071324762 -0.027048887 0.010027635 0.999583410 2.409721981
0.999568176 0.001817598 0.029332669 0.133132277 -0.001521700 0.999947976 -0.010106481 -0.076877849 -0.029349825 0.010057583 0.999518644 2.646948565
0.999500360 0.002577374 0.031490280 0.143646505 -0.002231470 0.999936936 -0.011014995 -0.084248267 -0.031516379 0.010939250 0.999443056 2.906250287
0.999461723 0.002452208 0.032702361 0.148761775 -0.002064452 0.999927291 -0.011886588 -0.088976030 -0.032729608 0.011812724 0.999394445 3.051693012
0.999371879 0.002324505 0.035366205 0.171595303 -0.001851725 0.999908792 -0.013396557 -0.098407135 -0.035394136 0.013322723 0.999284929 3.349007476
0.999304346 0.001314627 0.037263904 0.184905815 -0.000745168 0.999883260 -0.015291942 -0.108370336 -0.037279312 0.015253638 0.999188042 3.649396276
0.999270613 0.001561552 0.038168449 0.193096192 -0.000934434 0.999864499 -0.016443738 -0.113855667 -0.038188661 0.016396110 0.999135603 3.804336891
0.999202561 0.001885318 0.039889950 0.209523833 -0.001194488 0.999849025 -0.017335293 -0.122417360 -0.039916543 0.017273859 0.999053682 4.114270752
0.999131465 0.001495180 0.041649385 0.238326222 -0.000781642 0.999852511 -0.017142997 -0.130190959 -0.041669710 0.017095533 0.998985772 4.462279594
0.999107433 0.001132258 0.042220862 0.243211696 -0.000406091 0.999851892 -0.017204952 -0.134235014 -0.042233969 0.017172444 0.998960596 4.639366540
0.999009522 0.002246906 0.044450684 0.268903180 -0.001456811 0.999840315 -0.017799098 -0.143090259 -0.044483444 0.017716743 0.998852557 4.977837311
0.998868146 0.002789361 0.047484226 0.291224780 -0.001875237 0.999812901 -0.019285920 -0.153842799 -0.047528686 0.019175096 0.998685811 5.338381472
0.998779464 0.003142590 0.049298866 0.308716938 -0.002207585 0.999817517 -0.019010116 -0.157672515 -0.049349717 0.018878128 0.998603395 5.521901581
0.998606042 0.003958344 0.052628407 0.334002330 -0.003099533 0.999861048 -0.016390624 -0.162411520 -0.052686058 0.016204687 0.998479402 5.923720848
0.998353813 0.003850257 0.057231871 0.365761506 -0.003147131 0.999918268 -0.012371376 -0.164531431 -0.057275036 0.012170833 0.998284446 6.312996936
0.998179945 0.003794742 0.060186158 0.389494149 -0.003199846 0.999944875 -0.009976808 -0.165238267 -0.060220562 0.009766098 0.998137032 6.515614155
0.997747299 0.003388600 0.067003930 0.430531175 -0.003040250 0.999982014 -0.005300846 -0.166932036 -0.067021014 0.005085252 0.997738629 6.933442875
0.997223902 0.002555657 0.074421421 0.477682619 -0.002391352 0.999995141 -0.002296923 -0.171980155 -0.074427133 0.002112660 0.997223736 7.370227193
0.996902259 0.002489288 0.078606804 0.501136050 -0.002447619 0.999997131 -0.000626491 -0.174542199 -0.078607869 0.000432207 0.996905803 7.604433163
0.996240412 0.001226489 0.086620979 0.567082136 -0.001514453 0.999993896 0.003258687 -0.178951944 -0.086616266 -0.003377568 0.996235832 8.066688791
0.995484896 0.001307634 0.094913190 0.623518823 -0.001996931 0.999972499 0.007167188 -0.183194085 -0.094901270 -0.007324319 0.995459494 8.532034040
0.995132079 0.001920766 0.098536250 0.659551311 -0.002759143 0.999961501 0.008372402 -0.186961182 -0.098516505 -0.008603503 0.995098441 8.772642164
0.994250267 0.003558071 0.107019095 0.721989772 -0.004367052 0.999964033 0.007325884 -0.200345196 -0.106988896 -0.007751097 0.994230094 9.256816566
0.993319149 0.004011609 0.115330827 0.793901638 -0.004640084 0.999976027 0.005181372 -0.215746024 -0.115307789 -0.005681893 0.993313769 9.737860946
0.992797591 0.004629026 0.119716866 0.832957484 -0.005212023 0.999976358 0.004557043 -0.222929552 -0.119692702 -0.005148104 0.992797759 9.987908869
0.991803507 0.002869185 0.127737797 0.917261997 -0.003408211 0.999986353 0.004001555 -0.236622680 -0.127724448 -0.004404129 0.991799668 10.507048322
0.990815145 0.002171388 0.135202467 1.011023573 -0.002447759 0.999995617 0.001878105 -0.253172263 -0.135198119 -0.002191716 0.990815881 11.023039408
0.990322168 0.001863994 0.138776099 1.053101025 -0.001796222 0.999997904 -0.000613736 -0.263862183 -0.138777501 0.000358590 0.990323628 11.282525166
0.989338021 0.001482986 0.145634209 1.146784198 -0.000752082 0.999986913 -0.005073876 -0.284440042 -0.145639156 0.004910194 0.989325675 11.798428243
0.988638088 0.002729470 0.150291101 1.243591700 -0.001498632 0.999964557 -0.008302150 -0.303246552 -0.150307658 0.007982580 0.988606400 12.323884461
0.988231063 0.002572760 0.152948200 1.291875202 -0.001102510 0.999952333 -0.009697078 -0.312582836 -0.152965087 0.009414350 0.988186808 12.602428675
0.987593743 0.002095804 0.157018638 1.401055894 -0.000229000 0.999929190 -0.011906427 -0.330681217 -0.157033008 0.011722794 0.987523466 13.165958127
0.987101305 0.002008013 0.160086874 1.500829522 -0.000251465 0.999939836 -0.010992011 -0.343354243 -0.160099395 0.010810004 0.987041844 13.732692072
0.986928230 0.000947975 0.161156071 1.549202517 0.000620086 0.999952728 -0.009679744 -0.348092494 -0.161157674 0.009653185 0.986881285 14.011336742
0.986490392 -0.000071754 0.163815700 1.649249131 0.001446576 0.999964974 -0.008273212 -0.359230176 -0.163809814 0.008398401 0.986456683 14.546474948
0.986194084 -0.000858047 0.165590553 1.752327274 0.002288687 0.999961436 -0.008448913 -0.373364469 -0.165576690 0.008711327 0.986158865 15.091062125
0.986112720 -0.000923631 0.166072988 1.810148189 0.002451325 0.999956365 -0.008994340 -0.381428973 -0.166056832 0.009276600 0.986072187 15.366548163
0.985938283 -0.000460730 0.167107246 1.900592216 0.002214752 0.999944866 -0.010310230 -0.397187003 -0.167093292 0.010535360 0.985884706 15.904671385
0.985820822 -0.001254252 0.167794618 2.010083249 0.003119728 0.999936251 -0.010854858 -0.411830862 -0.167771136 0.011224466 0.985762065 16.436647028
0.985803537 -0.002003248 0.167888515 2.055330359 0.003865536 0.999934988 -0.010766412 -0.418420428 -0.167856004 0.011262647 0.985746716 16.705736810
0.986043165 -0.004137538 0.166437997 2.152227354 0.006097542 0.999917680 -0.011266966 -0.432628905 -0.166377497 0.012124592 0.985987581 17.231293484
0.986460653 -0.005888141 0.163891762 2.239603277 0.007974012 0.999895903 -0.012072088 -0.447269520 -0.163803542 0.013215621 0.986404953 17.759926678
0.986806624 -0.006242425 0.161780124 2.284840465 0.008332605 0.999890088 -0.012244531 -0.454368868 -0.161686633 0.013431035 0.986750690 18.029005323
0.987588783 -0.005200227 0.156976756 2.375366787 0.007011630 0.999915117 -0.010987899 -0.465898706 -0.156906366 0.011952256 0.987540834 18.567220920
0.988490293 -0.004695172 0.151210291 2.453280004 0.006319511 0.999927880 -0.010263726 -0.477972742 -0.151151167 0.011101289 0.988448581 19.098996148
0.988993791 -0.004620357 0.147884471 2.489009156 0.006217251 0.999927487 -0.010338507 -0.484834516 -0.147825804 0.011144210 0.988950120 19.371165944
0.989993308 -0.004684367 0.141036737 2.557371536 0.006274019 0.999921655 -0.010829024 -0.498870036 -0.140974941 0.011605570 0.989945162 19.905984278
0.990998652 -0.005588194 0.133755093 2.628841513 0.007073688 0.999918892 -0.010633578 -0.511993839 -0.133684374 0.011484021 0.990957256 20.450336972
0.991440679 -0.006420495 0.130398804 2.671025967 0.007768247 0.999921930 -0.009829578 -0.517186111 -0.130326096 0.010758484 0.991412448 20.709942841
0.992259798 -0.006787375 0.123994226 2.726832830 0.007982378 0.999926270 -0.009143480 -0.528807095 -0.123923395 0.010062466 0.992241124 21.238385447
0.993352212 -0.007455225 0.114875307 2.788777456 0.008587072 0.999919379 -0.009361674 -0.542582942 -0.114796677 0.010285973 0.993335940 21.785809855
0.993893325 -0.006818747 0.110132802 2.818063951 0.007957958 0.999919443 -0.009907447 -0.550464495 -0.110056500 0.010723441 0.993867330 22.070557773
0.994865759 -0.005748472 0.101038723 2.867392555 0.006866320 0.999918777 -0.010718580 -0.564934476 -0.100969131 0.011357332 0.994824860 22.611538536
0.995881280 -0.004955409 0.090528147 2.910329668 0.005928368 0.999927686 -0.010482146 -0.577795361 -0.090469538 0.010975685 0.995839169 23.165154855
0.996364124 -0.004669919 0.085072864 2.927022709 0.005623917 0.999924511 -0.010977595 -0.585211544 -0.085014568 0.011416183 0.996313994 23.443484459
0.997278095 -0.005981168 0.073492502 2.953956213 0.006939129 0.999894691 -0.012787225 -0.601573471 -0.073407914 0.013262382 0.997213883 24.012710651
0.998039505 -0.005995448 0.062307646 2.990465455 0.006794040 0.999897436 -0.012613419 -0.614694460 -0.062225134 0.013012059 0.997977171 24.578921689
0.998334207 -0.004972465 0.057478441 3.000775761 0.005659877 0.999914304 -0.011801373 -0.620051739 -0.057415036 0.012107086 0.998277300 24.869896677
0.998865789 -0.004115581 0.047446757 3.021390926 0.004612297 0.999936203 -0.010363140 -0.631046177 -0.047400960 0.010570337 0.998819889 25.451840537
0.999331939 -0.001654146 0.036515521 3.029395320 0.001997029 0.999954382 -0.009356205 -0.642464865 -0.036499051 0.009422872 0.999289840 26.027346648
0.999521919 -0.001231485 0.030899667 3.030211792 0.001480893 0.999967175 -0.008052459 -0.646854881 -0.030888780 0.008094460 0.999489870 26.321428728
0.999814931 -0.001571218 0.019204093 3.034945718 0.001666613 0.999986646 -0.004956231 -0.655063050 -0.019195575 0.004987392 0.999802822 26.919119824
0.999966597 -0.001930105 0.008007504 3.039666219 0.001948351 0.999995413 -0.002280202 -0.663960924 -0.008002789 0.002295761 0.999965205 27.516795851
0.999996343 -0.002073576 0.001880274 3.034054820 0.002075462 0.999997588 -0.001037884 -0.668611045 -0.001877561 0.001041857 0.999998118 27.823472651
0.999959003 -0.001172950 -0.008995398 3.022793891 0.001175662 0.999999524 0.000296412 -0.679870448 0.008995159 -0.000306985 0.999959714 28.436783446
0.999787951 0.001208184 -0.020580276 2.998954292 -0.001164064 0.999997010 0.002154574 -0.689904805 0.020582692 -0.002130033 0.999786476 29.043692525
0.999658228 0.001901855 -0.026065626 2.983824157 -0.001820495 0.999993619 0.003145074 -0.694867116 0.026071873 -0.003096489 0.999655601 29.353448464
0.999253506 0.001434923 -0.038596531 2.953560773 -0.001241333 0.999986996 0.005039198 -0.704951668 0.038603017 -0.004987459 0.999242347 29.972956847
0.998730456 0.001379716 -0.050354160 2.910671055 -0.001079073 0.999981791 0.005998394 -0.716260127 0.050361529 -0.005936401 0.998713868 30.586010011
0.998433578 0.000685321 -0.055945687 2.895526912 -0.000318994 0.999978222 0.006556314 -0.721942129 0.055949034 -0.006528181 0.998411746 30.895750226
0.997712512 0.002075996 -0.067573494 2.840032067 -0.001590547 0.999972927 0.007236726 -0.733384963 0.067586273 -0.007112616 0.997688168 31.502371974
0.996840468 0.003461559 -0.079352716 2.787636843 -0.002806817 0.999961799 0.008361513 -0.744325903 0.079378164 -0.008112338 0.996811682 32.118519127
0.996379600 0.004007471 -0.084923380 2.756823165 -0.003234244 0.999952089 0.009240867 -0.748834945 0.084955979 -0.008932706 0.996344627 32.412342047
0.995327716 0.005421401 -0.096404435 2.679231109 -0.004462292 0.999938983 0.010161757 -0.759354928 0.096453566 -0.009684023 0.995289950 33.015641437
0.994288376 0.005329797 -0.106598086 2.608028987 -0.004290053 0.999941023 0.009981253 -0.771563972 0.106644573 -0.009466840 0.994252511 33.606303522
0.993753355 0.005550781 -0.111461201 2.570783353 -0.004390386 0.999933509 0.010654155 -0.776543029 0.111512117 -0.010098234 0.993712067 33.912716575
0.992562646 0.006695995 -0.121546631 2.490103738 -0.005341921 0.999919981 0.011462843 -0.786945169 0.121613311 -0.010728211 0.992520142 34.506504098
0.991562475 0.007170998 -0.129432890 2.412475107 -0.005767145 0.999921076 0.011218391 -0.799344347 0.129503156 -0.010377257 0.991525337 35.109762431
0.991179390 0.006819704 -0.132353404 2.372126934 -0.005368628 0.999921748 0.011317614 -0.804975234 0.132420349 -0.010507161 0.991137825 35.406646802
0.990258145 0.005531055 -0.139137104 2.288352952 -0.003935742 0.999923252 0.011738571 -0.815609383 0.139190586 -0.011076497 0.990203722 35.990914815
0.989278665 0.005495576 -0.145938608 2.204480333 -0.004188301 0.999948839 0.009263348 -0.831311363 0.145981678 -0.008552748 0.989250624 36.575072108
0.988686942 0.005546858 -0.149892405 2.151501547 -0.004345927 0.999955874 0.008338324 -0.838386063 0.149932111 -0.007592490 0.988666766 36.865496454
0.987520742 0.005476592 -0.157395362 2.064607711 -0.004310016 0.999960801 0.007752106 -0.850561660 0.157432373 -0.006976935 0.987505390 37.440216349
0.986109395 0.005603741 -0.166001634 1.965122171 -0.004454924 0.999963843 0.007291964 -0.862181926 0.166036666 -0.006451031 0.986098665 38.008519896
0.985365535 0.005126429 -0.170379960 1.905741389 -0.003979272 0.999967667 0.007073941 -0.868187298 0.170410807 -0.006292399 0.985352727 38.311568006
0.983663782 0.005083167 -0.179940750 1.803202532 -0.003783700 0.999964714 0.007564179 -0.877930475 0.179972862 -0.006759802 0.983648255 38.870398122
0.981875989 0.007323274 -0.189383776 1.685038108 -0.005590011 0.999938041 0.009684645 -0.884241658 0.189443353 -0.008450386 0.981855786 39.413360297
0.980907835 0.008840712 -0.194272405 1.616433366 -0.006954202 0.999922050 0.010390696 -0.887904356 0.194349559 -0.008841299 0.980892312 39.687916266
0.979010857 0.011609126 -0.203474903 1.498221277 -0.009549726 0.999892984 0.011100193 -0.896664492 0.203581892 -0.008923997 0.979016785 40.230824938
0.977104539 0.012187176 -0.212410857 1.373834461 -0.009946151 0.999883577 0.011615973 -0.905168952 0.212526872 -0.009237356 0.977111383 40.754710313
0.976091513 0.012478635 -0.217002140 1.314738339 -0.010058359 0.999874718 0.012254171 -0.909039238 0.217127426 -0.009778384 0.976094760 41.026175787
0.973934379 0.012441834 -0.226489746 1.180560188 -0.009969088 0.999878049 0.012058243 -0.919371240 0.226612311 -0.009485974 0.973939171 41.584736478
0.971837833 0.013308941 -0.235274503 1.040178905 -0.011066158 0.999880440 0.010850245 -0.930906943 0.235389987 -0.007940957 0.971868868 42.124241990
0.970771046 0.013610820 -0.239621820 0.968461897 -0.011373200 0.999877870 0.010718652 -0.935721256 0.239738522 -0.007680127 0.970807162 42.389258358
0.968369015 0.014678979 -0.249092203 0.822007052 -0.011975559 0.999851711 0.012365443 -0.941803507 0.249237101 -0.008991246 0.968401305 42.909854133
0.965718758 0.015498293 -0.259125866 0.681966654 -0.012371898 0.999830148 0.013691595 -0.948315358 0.259294214 -0.010016326 0.965746375 43.417840120
0.964468390 0.015254965 -0.263758515 0.610257233 -0.012043544 0.999832188 0.013788396 -0.952739838 0.263924223 -0.010121902 0.964490245 43.682865005
0.961801376 0.014634545 -0.273357518 0.460669305 -0.011235322 0.999839132 0.013996741 -0.961043246 0.273517991 -0.010390750 0.961811115 44.193897812
0.958630729 0.014319366 -0.284292240 0.301574508 -0.010680085 0.999840399 0.014347293 -0.969049105 0.284452208 -0.010717449 0.958630155 44.708023080
0.957262268 0.014295338 -0.288866989 0.217242450 -0.010817729 0.999848550 0.013631839 -0.974507574 0.289018011 -0.009924345 0.957272422 44.966596894
0.953905313 0.014351142 -0.299764927 0.045483966 -0.011283590 0.999865055 0.011961651 -0.985656520 0.299896622 -0.008027819 0.953938486 45.474225012
0.950451239 0.014038567 -0.310555570 -0.126247281 -0.011145677 0.999876380 0.011088015 -0.995406064 0.310673352 -0.007077183 0.950490163 45.981883704
0.948540704 0.014030684 -0.316343598 -0.213630906 -0.010994285 0.999874786 0.011381441 -0.998897482 0.316463259 -0.007317714 0.948576373 46.230986053
0.944736094 0.013184857 -0.327566457 -0.400989276 -0.009767231 0.999879719 0.012076322 -1.005294998 0.327686209 -0.008209498 0.944750838 46.722775057
0.940679916 0.013658643 -0.339021461 -0.588337724 -0.009803370 0.999866372 0.013081845 -1.011182733 0.339153962 -0.008982276 0.940687546 47.214575199
0.938701835 0.014206710 -0.344437826 -0.685213627 -0.010026987 0.999853339 0.013913345 -1.013626922 0.344585030 -0.009606667 0.938706200 47.466786387
0.934664888 0.015245527 -0.355202193 -0.882024392 -0.010102233 0.999816280 0.016330250 -1.016928087 0.355384988 -0.011674934 0.934646859 47.961729000
0.930007670 0.017616354 -0.367118025 -1.094547492 -0.011897656 0.999770007 0.017834617 -1.021255352 0.367348388 -0.012218499 0.930003572 48.440706273
0.927915678 0.019016190 -0.372305508 -1.194510759 -0.013029633 0.999742689 0.018589383 -1.023571703 0.372563664 -0.012398368 0.927923729 48.683405814
0.923255565 0.021007303 -0.383610618 -1.407071019 -0.014864378 0.999710154 0.018971063 -1.029808151 0.383897991 -0.011812959 0.923299952 49.162341376
0.918158798 0.021933613 -0.395606083 -1.622751132 -0.015982396 0.999704676 0.018333222 -1.037586047 0.395890548 -0.010510011 0.918237255 49.631728820
0.915514436 0.021913988 -0.401686968 -1.735351627 -0.016091903 0.999711516 0.017862954 -1.041686066 0.401962698 -0.009889796 0.915602944 49.867960910
0.910291806 0.021171978 -0.413424930 -1.966945469 -0.015137682 0.999725485 0.017866642 -1.048346979 0.413689511 -0.010005525 0.910363300 50.353059120
0.904899724 0.020990438 -0.425108427 -2.192105603 -0.014679434 0.999728234 0.018116118 -1.054447916 0.425373193 -0.010152790 0.904961467 50.825569162
0.901720549 0.021266946 -0.431795210 -2.317297219 -0.015062988 0.999728281 0.017783081 -1.057962617 0.432055982 -0.009531238 0.901796659 51.055385560
0.895526404 0.022431063 -0.444442649 -2.574069993 -0.016021859 0.999706360 0.018172226 -1.063282966 0.444720314 -0.009152817 0.895622978 51.527656096
0.889401173 0.025729527 -0.456401997 -2.833887914 -0.018797892 0.999628971 0.019721866 -1.066306404 0.456740053 -0.008961232 0.889555333 51.990462373
0.886344225 0.026952583 -0.462242956 -2.955954228 -0.019670014 0.999595018 0.020567752 -1.067999776 0.462610119 -0.009137786 0.886515320 52.229833004
0.879229951 0.029012200 -0.475513664 -3.237886675 -0.021147050 0.999536945 0.021883093 -1.070989984 0.475928546 -0.009184557 0.879436202 52.689297488
0.872655826 0.031117907 -0.487343235 -3.507200181 -0.022314946 0.999466590 0.023860168 -1.073136121 0.487825796 -0.009946625 0.872884167 53.155208893
0.869421722 0.031770349 -0.493048470 -3.644936808 -0.022353417 0.999438329 0.024983330 -1.073696517 0.493565421 -0.010699640 0.869642820 53.378661355
0.862173635 0.032340530 -0.505579103 -3.939723635 -0.022129257 0.999412395 0.026192380 -1.077136963 0.506128563 -0.011394249 0.862382674 53.863316804
0.855040105 0.034286431 -0.517427133 -4.244039314 -0.023827219 0.999355734 0.026846603 -1.081409376 0.518013574 -0.010625952 0.855306135 54.351040037
0.851232140 0.035132008 -0.523612405 -4.388227352 -0.024494140 0.999329334 0.027230555 -1.083439359 0.524218238 -0.010354026 0.851521362 54.587060794
0.843354189 0.036496626 -0.536117715 -4.692249423 -0.024805896 0.999271410 0.029004629 -1.085116882 0.536785524 -0.011162228 0.843644215 55.043211436
0.834716928 0.038422060 -0.549338017 -5.015324141 -0.026337019 0.999206663 0.029868115 -1.088198451 0.550049618 -0.010463450 0.835066823 55.505503324
0.830620157 0.038056269 -0.555537464 -5.172114583 -0.025686834 0.999218623 0.030043839 -1.090222867 0.556247295 -0.010684983 0.830948454 55.735095722
0.821496172 0.037041492 -0.569009246 -5.507830810 -0.024585779 0.999260749 0.029554901 -1.095308010 0.569683467 -0.010289604 0.821800375 56.190915356
0.812881938 0.036858969 -0.581260981 -5.846638291 -0.024691391 0.999279068 0.028835937 -1.100465230 0.581905419 -0.009088067 0.813206007 56.637218974
0.808748516 0.036579267 -0.587016664 -6.016056818 -0.024852996 0.999298495 0.028029466 -1.103803515 0.587629385 -0.008079612 0.809089545 56.860354186
0.800274211 0.036990268 -0.598491639 -6.364403075 -0.026409076 0.999301138 0.026449719 -1.110302485 0.599052056 -0.005361342 0.800692206 57.309714450
0.791929518 0.035297315 -0.609592080 -6.715801871 -0.024678124 0.999362800 0.025806574 -1.114884382 0.610114041 -0.005393348 0.792295445 57.749602157
0.788156236 0.034520665 -0.614506895 -6.904224408 -0.023913041 0.999389648 0.025471634 -1.117127782 0.615011096 -0.005380847 0.788500008 57.978933210
0.781169931 0.033961737 -0.623393995 -7.265127350 -0.023548107 0.999411883 0.024938741 -1.121272190 0.623874446 -0.004801681 0.781510623 58.421916436
0.774335080 0.035003245 -0.631806772 -7.635523542 -0.024860693 0.999380768 0.024898654 -1.124419347 0.632287005 -0.003572688 0.774726195 58.868007409
0.771025533 0.036060854 -0.635781519 -7.817501282 -0.026046085 0.999346071 0.025095172 -1.125533015 0.636270912 -0.002789358 0.771461073 59.084762744
0.764298058 0.037294033 -0.643783772 -8.184547435 -0.027444897 0.999302687 0.025306670 -1.127802440 0.644279173 -0.001673265 0.764788233 59.508758051
0.757588156 0.037839768 -0.651634340 -8.554723168 -0.029108095 0.999283446 0.024186445 -1.132113100 0.652082881 0.000644476 0.758147522 59.923194321
0.753869389 0.037289401 -0.655965484 -8.739835159 -0.029481416 0.999302336 0.022925475 -1.135507899 0.656362284 0.002056015 0.754442699 60.130385377
0.746987559 0.035310470 -0.663898986 -9.103629520 -0.029028345 0.999369177 0.020491587 -1.141947433 0.664203541 0.003964940 0.747541598 60.532174735
0.738806120 0.035052558 -0.673005372 -9.479981148 -0.029903097 0.999368450 0.019223894 -1.146062392 0.673254573 0.005922262 0.739386915 60.927586399
0.734775314 0.034349981 -0.677440402 -9.668167858 -0.029884159 0.999386370 0.018261106 -1.148679631 0.677652560 0.006826938 0.735350844 61.125280001
0.727083037 0.031789698 -0.685813009 -10.060529906 -0.029791034 0.999447222 0.014743948 -1.156645482 0.685903294 0.009711030 0.727627792 61.536293894
0.719200039 0.028219038 -0.694230205 -10.452927362 -0.029413134 0.999516394 0.010157167 -1.166430554 0.694180799 0.013114450 0.719681901 61.947268041
0.715473253 0.026059899 -0.698152938 -10.650664909 -0.028646843 0.999558313 0.007952837 -1.171009278 0.698052139 0.014309863 0.715904259 62.148004750
0.707190566 0.022198567 -0.706673937 -11.052327764 -0.028376044 0.999593417 0.003003164 -1.180580765 0.706453135 0.017928856 0.707532755 62.530440240
0.698479246 0.017873784 -0.715406974 -11.460402732 -0.027168071 0.999630003 -0.001550395 -1.189602702 0.715114225 0.020519187 0.698706938 62.925488138
0.694505745 0.016118027 -0.719306698 -11.661208966 -0.026607817 0.999640392 -0.003290697 -1.193093999 0.718994594 0.021424627 0.694684600 63.116734163
0.686316941 0.014815982 -0.727152484 -12.075348157 -0.026549752 0.999636690 -0.004690757 -1.196182690 0.726818579 0.022525088 0.686460091 63.492882807
0.678559536 0.013638927 -0.734419410 -12.479891959 -0.023912264 0.999707736 -0.003527817 -1.195020876 0.734156687 0.019955488 0.678686831 63.866038354
0.674401969 0.012912776 -0.738252048 -12.680633213 -0.022747855 0.999736410 -0.003294020 -1.195173602 0.738013873 0.019015190 0.674517434 64.057357320
0.665814624 0.012600191 -0.746011431 -13.091364972 -0.021917168 0.999756796 -0.002675067 -1.194435821 0.745795396 0.018131597 0.665928426 64.411474720
0.657313699 0.012223115 -0.753518114 -13.495680339 -0.021281642 0.999771211 -0.002346845 -1.194027685 0.753316224 0.017578771 0.657422781 64.752984518
0.653327780 0.012833030 -0.756965961 -13.702593208 -0.022173069 0.999751466 -0.002188219 -1.193764803 0.756750637 0.018213907 0.653450356 64.925283682
0.644873081 0.013381985 -0.764172021 -14.109975122 -0.022300158 0.999750927 -0.001311397 -1.192159286 0.763963659 0.017886900 0.645010924 65.257305198
0.635465105 0.012628541 -0.772026248 -14.536373887 -0.020222159 0.999795248 -0.000290780 -1.190118602 0.771864584 0.015796861 0.635590049 65.595508143
0.630670181 0.012413450 -0.775952004 -14.746371008 -0.019802047 0.999804480 -0.000099919 -1.189567952 0.775798197 0.015428504 0.630792350 65.758299152
0.622363988 0.011481059 -0.782644145 -15.147366490 -0.018994329 0.999819968 -0.000437483 -1.189831420 0.782497183 0.015138139 0.622469608 66.077679434
0.615403114 0.011624250 -0.788126868 -15.551416263 -0.018766548 0.999824025 0.000092926 -1.188267777 0.787989352 0.014733262 0.615513188 66.387585193
0.611765313 0.012345644 -0.790943316 -15.754976953 -0.019441165 0.999811528 0.000568806 -1.187017210 0.790800563 0.015028933 0.611889639 66.537791093
0.605883364 0.012721803 -0.795451096 -16.168545851 -0.019937230 0.999800716 0.000804138 -1.185785749 0.795303950 0.015371906 0.606016833 66.850775555
0.600487850 0.011155779 -0.799556235 -16.575744272 -0.019467794 0.999810157 -0.000670967 -1.187242921 0.799396978 0.015968540 0.600590989 67.151100876
0.598080199 0.010500817 -0.801367211 -16.779343287 -0.019453897 0.999809654 -0.001417758 -1.187961512 0.801200658 0.016437673 0.598170676 67.301263754
0.593303240 0.009226651 -0.804926249 -17.186541124 -0.019480034 0.999806439 -0.002898005 -1.189388698 0.804743581 0.017399422 0.593367858 67.601589729
0.588944668 0.009391533 -0.808119145 -17.596814262 -0.021568176 0.999758819 -0.004099839 -1.190068311 0.807885526 0.019844269 0.589005183 67.892417597
0.587152737 0.010214575 -0.809411830 -17.790876254 -0.022979713 0.999727991 -0.004053305 -1.189535114 0.809149592 0.020980006 0.587227835 68.039521863
0.584098088 0.010252359 -0.811618702 -18.182035461 -0.020990624 0.999776801 -0.002477146 -1.185662028 0.811411245 0.018483318 0.584183163 68.324277275
0.582314988 0.013789846 -0.812846425 -18.563636633 -0.022949258 0.999736839 0.000519826 -1.179457616 0.812639160 0.018351577 0.582477296 68.605997661
0.581717740 0.014918422 -0.813253971 -18.760754471 -0.023680142 0.999718873 0.001400633 -1.177177274 0.813045801 0.018443235 0.581907600 68.743625658
0.580697383 0.015945273 -0.813963415 -19.136012207 -0.024857318 0.999689258 0.001849914 -1.175050902 0.813740142 0.019158725 0.580913624 69.012656547
0.580311137 0.018224172 -0.814191695 -19.511237648 -0.026822546 0.999634653 0.003257401 -1.171265239 0.813953127 0.019948411 0.580587714 69.281723687
0.581030468 0.019502438 -0.813648329 -19.686257497 -0.028149145 0.999596187 0.003858057 -1.169867765 0.813395304 0.020661882 0.581344372 69.422674915
0.581815785 0.017934410 -0.813122309 -20.058436234 -0.025110462 0.999676917 0.004081720 -1.168299047 0.812932699 0.018043126 0.582078162 69.701208062
0.582042013 0.015878149 -0.813003832 -20.414765639 -0.024925828 0.999687754 0.001679397 -1.171155897 0.812777219 0.019287330 0.582256028 69.963958158
0.581337905 0.014804916 -0.813527183 -20.592929078 -0.024695199 0.999695034 0.000545960 -1.172519349 0.813287671 0.019772869 0.581526250 70.095334625
0.581526250 0.013745473 -0.813411792 -20.949197005 -0.023615969 0.999721090 0.000010298 -1.172217550 0.813185449 0.019203550 0.581688274 70.358153730
0.581556740 0.014912915 -0.813369102 -21.305403844 -0.023765032 0.999716607 0.001337644 -1.168777093 0.813158740 0.018551861 0.581746511 70.621041408
0.581314534 0.015063854 -0.813539521 -21.483539850 -0.024474867 0.999699955 0.001022402 -1.168731149 0.813310923 0.019316964 0.581508965 70.752448667
0.580190858 0.013741809 -0.814364576 -21.833447416 -0.025715840 0.999668768 -0.001452445 -1.171637762 0.814074846 0.021784814 0.580351305 71.002597275
0.579817404 0.010995727 -0.814671966 -22.180277540 -0.024839030 0.999683031 -0.004185564 -1.175181994 0.814367924 0.022662567 0.579907108 71.262246393
0.579853064 0.010036236 -0.814659419 -22.352023613 -0.025179516 0.999667642 -0.005606633 -1.176825111 0.814332044 0.023763800 0.579912447 71.381016349
0.579780174 0.008792751 -0.814725844 -22.679795641 -0.025296492 0.999654380 -0.007213074 -1.178685417 0.814380790 0.024791721 0.579801466 71.634530336
0.579429296 0.008201775 -0.814981129 -23.029661962 -0.026067781 0.999624103 -0.008473448 -1.179472936 0.814605408 0.026154555 0.579426012 71.884725240
0.579546107 0.007887801 -0.814901191 -23.207830653 -0.027401491 0.999576537 -0.009812140 -1.181106273 0.814478422 0.028016149 0.579515926 72.016095811
0.579122970 0.005049467 -0.815224933 -23.560917410 -0.030202720 0.999427756 -0.015265077 -1.188603030 0.814680883 0.033462393 0.578943648 72.256629694
0.579759134 -0.001148843 -0.814786492 -23.917408097 -0.029952860 0.999293399 -0.022721908 -1.199746335 0.814237554 0.037578458 0.579314975 72.519198750
0.580516305 -0.003906612 -0.814238919 -24.092544287 -0.029352412 0.999238664 -0.025721118 -1.204326304 0.813719621 0.038831491 0.579959425 72.660019385
0.580720298 -0.007307009 -0.814070263 -24.439392115 -0.028202364 0.999179549 -0.029086836 -1.208780147 0.813614318 0.039850072 0.580037091 72.919648630
0.580954807 -0.009111290 -0.813884631 -24.805162243 -0.025486897 0.999243202 -0.029378945 -1.207940901 0.813536890 0.037811284 0.580283097 73.185565437
0.581364362 -0.008240531 -0.813602086 -24.989649273 -0.024170477 0.999332800 -0.027392764 -1.204206750 0.813284400 0.035590388 0.580776367 73.329653677
0.582585953 0.000065297 -0.812768694 -25.386935577 -0.023357234 0.999588989 -0.016661904 -1.185140379 0.812433548 0.028691108 0.582347870 73.627341429
0.583812123 0.015794602 -0.811735696 -25.802966945 -0.023744448 0.999714958 0.002375000 -1.151674814 0.811542146 0.017887680 0.584020172 73.931515690
0.584787865 0.023200494 -0.810854008 -26.012650451 -0.023242891 0.999660115 0.011839919 -1.135011056 0.810852716 0.011922810 0.585128098 74.094658735
0.585450571 0.029100835 -0.810185593 -26.425889393 -0.019635464 0.999571871 0.021714413 -1.116826847 0.810470091 0.003195716 0.585770922 74.408013575
0.585335034 0.023356404 -0.810454888 -26.830137023 -0.017656056 0.999715261 0.016058975 -1.125428855 0.810599073 0.004909630 0.585581228 74.717697238
0.585350832 0.016994722 -0.810601495 -27.033952962 -0.016978848 0.999817951 0.008701000 -1.137292678 0.810602502 0.008670018 0.585533053 74.867616619
0.587181698 0.001222411 -0.809454302 -27.464051145 -0.015092020 0.999841345 -0.009437843 -1.166570705 0.809313951 0.017758040 0.587107854 75.195620881
0.588246410 -0.011223505 -0.808603648 -27.884496935 -0.013139250 0.999639142 -0.023433698 -1.188669479 0.808574477 0.024409270 0.587886966 75.520696033
0.590038272 -0.014028678 -0.807253721 -28.110548443 -0.013408910 0.999541232 -0.027171226 -1.194228753 0.807264141 0.026856482 0.589579660 75.699039917
0.592465940 -0.010703068 -0.805524122 -28.581382905 -0.016687437 0.999534838 -0.025554577 -1.190248408 0.805423026 0.028582393 0.592010905 76.062229482
0.594924912 -0.001161785 -0.803780833 -29.070913210 -0.016847840 0.999760979 -0.013915014 -1.169339951 0.803604881 0.021820447 0.594763090 76.431960807
0.596722997 0.003691162 -0.802439208 -29.303078002 -0.016939767 0.999825039 -0.007997866 -1.158996244 0.802268084 0.018365661 0.596680941 76.623252536
0.601039612 0.009593559 -0.799161177 -29.789721330 -0.019429263 0.999807927 -0.002610273 -1.148511220 0.798983492 0.017096025 0.601110739 77.002270575
0.604840852 0.010518239 -0.796277435 -30.273441105 -0.020209248 0.999793532 -0.002144076 -1.146570433 0.796089864 0.017389027 0.604928290 77.390616383
0.607108939 0.012564940 -0.794519264 -30.524809904 -0.023145014 0.999730982 -0.001875335 -1.145407446 0.794281776 0.019527727 0.607236586 77.587879455
0.611812310 0.015673606 -0.790848026 -31.024441850 -0.026535353 0.999648061 -0.000716356 -1.142269710 0.790558189 0.021423747 0.612011837 77.991937775
0.616997574 0.018281058 -0.786752450 -31.524111540 -0.030565707 0.999532938 -0.000745404 -1.141071145 0.786371037 0.024507603 0.617268015 78.395953729
0.620292248 0.017244685 -0.784181616 -31.762940191 -0.030561156 0.999530222 -0.002193662 -1.143112355 0.783775314 0.025326222 0.620528445 78.599575278
0.628599185 0.015225629 -0.777580349 -32.247080616 -0.032779796 0.999438785 -0.006929495 -1.150293667 0.777038457 0.029844839 0.628745154 79.019351072
0.636808373 0.015761547 -0.770861151 -32.747078350 -0.035963888 0.999310622 -0.009277170 -1.153459235 0.770183075 0.033630928 0.636936172 79.454900964
0.641006398 0.018344432 -0.767315620 -33.008189845 -0.038632032 0.999218057 -0.008384121 -1.151624858 0.766562783 0.035017247 0.641214667 79.686893948
0.649213371 0.025513435 -0.760178730 -33.536748881 -0.043794701 0.999033292 -0.003871809 -1.143498227 0.759345309 0.035805453 0.649702104 80.163577712
0.657803121 0.035392159 -0.752358228 -34.074721401 -0.049746239 0.998755692 0.003488946 -1.130276099 0.751546048 0.035131889 0.658745255 80.643458762
0.662469928 0.040629162 -0.747985701 -34.342178278 -0.053662096 0.998536476 0.006711652 -1.124463639 0.747163274 0.035692228 0.663681350 80.888139059
0.671843526 0.047189167 -0.739188483 -34.864693323 -0.062242524 0.998036123 0.007141969 -1.123309810 0.738073406 0.041210687 0.673460821 81.383699366
0.680699340 0.051798954 -0.730729262 -35.419186600 -0.071282136 0.997446627 0.004304012 -1.127668700 0.729087047 0.049158197 0.682654235 81.910511957
0.685151913 0.055071408 -0.726315923 -35.680588787 -0.075955150 0.997103731 0.003953027 -1.128279278 0.724429583 0.052458984 0.687350247 82.174080808
