1.000000000 0.000000000 0.000000000 0.000000000 0.000000000 1.000000000 -0.000000000 0.000000000 0.000000000 0.000000000 1.000000000 -0.000000000
0.999905565 0.003396549 0.013303481 0.028946088 -0.003361944 0.999990559 -0.002619629 -0.004447570 -0.013312026 0.002574584 0.999907183 0.792068227
0.999583174 0.006515021 0.028111518 0.080267146 -0.006356638 0.999963173 -0.005720376 -0.008454247 -0.028147823 0.005539287 0.999587652 1.584464227
0.999381556 0.006996819 0.034464581 0.101442110 -0.006768154 0.999954579 -0.006745209 -0.009856878 -0.034509828 0.006507745 0.999383339 1.978361517
0.998964154 0.007237199 0.044928407 0.161144764 -0.006861821 0.999940064 -0.008503112 -0.010945766 -0.044987403 0.008186003 0.998954134 2.797721252
0.998576084 0.006309340 0.052985124 0.220845527 -0.005769842 0.999929781 -0.010327407 -0.012004714 -0.053046633 0.010006871 0.998541066 3.617081016
0.998384325 0.005981087 0.056507924 0.255110247 -0.005360275 0.999923294 -0.011130058 -0.012007143 -0.056569950 0.010809146 0.998339652 4.029062710
0.998034712 0.006747893 0.062310477 0.314356365 -0.006011128 0.999909824 -0.012003202 -0.011082632 -0.062385782 0.011605001 0.997984013 4.870782701
0.997553603 0.007625464 0.069486508 0.387126083 -0.006706212 0.999886776 -0.013453086 -0.010412034 -0.069581186 0.012954154 0.997491699 5.708227191
0.997262541 0.006634195 0.073643824 0.425736345 -0.005549604 0.999873786 -0.014922754 -0.011405686 -0.073733384 0.014473128 0.997172608 6.133688356
0.996644554 0.001102853 0.081844690 0.516568083 0.000467536 0.999816465 -0.019166083 -0.015034137 -0.081850570 0.019140062 0.996460960 6.980333829
0.995975281 -0.005417689 0.089470983 0.615999693 0.007319686 0.999754021 -0.020943543 -0.013985718 -0.089335383 0.021514073 0.995769309 7.831586470
0.995618647 -0.008601525 0.093109846 0.672109099 0.010530184 0.999739680 -0.020242272 -0.010366181 -0.092911693 0.021133975 0.995449901 8.266257335
0.994889556 -0.014289012 0.099954322 0.775398384 0.016192883 0.999702427 -0.018262503 -0.002584379 -0.099664343 0.019787697 0.994823741 9.130997003
0.994350682 -0.020471097 0.104155727 0.887776037 0.022531393 0.999572430 -0.018642609 0.002139708 -0.103729804 0.020884037 0.994386158 10.000336274
0.994090358 -0.022511002 0.106199556 0.948747401 0.024844587 0.999477383 -0.020701527 0.001806513 -0.105677931 0.023217597 0.994128544 10.426125426
0.993676287 -0.021751061 0.110157048 1.052563002 0.024565526 0.999403631 -0.024256551 0.001254922 -0.109563615 0.026809215 0.993617850 11.290856943
0.993305390 -0.022520254 0.113307107 1.156195810 0.025629472 0.999332073 -0.026058190 0.003597563 -0.112645069 0.028787628 0.993218110 12.155591290
0.993102602 -0.024364642 0.114689768 1.221237897 0.027552304 0.999274233 -0.026291040 0.006624473 -0.113966036 0.029269633 0.993052704 12.594864170
0.992750758 -0.029440553 0.116531004 1.338226641 0.032809606 0.999094510 -0.027098359 0.011367911 -0.115628128 0.030725225 0.992816872 13.455325613
0.992448029 -0.040379705 0.115832082 1.468109112 0.043634596 0.998717403 -0.025702653 0.020615366 -0.114645440 0.030562792 0.992935888 14.333874496
0.992256312 -0.047534069 0.114756405 1.524253186 0.050797394 0.998379046 -0.025680534 0.023685997 -0.113350088 0.031310943 0.993061547 14.768544824
0.991924960 -0.057462973 0.113062808 1.649338622 0.060382918 0.997920342 -0.022570361 0.035858234 -0.111530664 0.029215110 0.993330750 15.655974415
0.992078837 -0.060195383 0.110254765 1.760191163 0.062249625 0.997943178 -0.015282306 0.054299807 -0.109108310 0.022024583 0.993785723 16.570043678
0.992090416 -0.061397222 0.109484534 1.811357300 0.063048570 0.997941870 -0.011681924 0.063159511 -0.108542625 0.018492310 0.993919517 17.013597515
0.991986015 -0.067097787 0.107060901 1.922431898 0.067857081 0.997688658 -0.003460737 0.083300286 -0.106581816 0.010697841 0.994245466 17.905310153
0.992038833 -0.067064366 0.106589546 2.029583084 0.067609228 0.997710762 -0.001502397 0.092533408 -0.106245175 0.008696843 0.994301787 18.805889968
0.992008189 -0.067906050 0.106342951 2.081208724 0.068534178 0.997645768 -0.002258789 0.094117612 -0.105939279 0.009528835 0.994326713 19.249436690
0.991382581 -0.074369714 0.107843151 2.211521703 0.075360928 0.997142744 -0.005139300 0.096548652 -0.107152889 0.013222152 0.994154413 20.127978905
0.991154745 -0.077118642 0.108002747 2.318855050 0.078100855 0.996934003 -0.004888025 0.102897522 -0.107294581 0.013279893 0.994138438 21.028555899
0.991118876 -0.078090059 0.107634883 2.379090647 0.078900939 0.996877151 -0.003288726 0.108998915 -0.107041776 0.011751980 0.994184407 21.476709632
0.990388858 -0.087685185 0.106966021 2.503645169 0.088029330 0.996116578 0.001508872 0.124362204 -0.106683094 0.007921773 0.994261130 22.386500631
0.990112832 -0.090254029 0.107387205 2.619831777 0.090583929 0.995887192 0.001811767 0.131375941 -0.107109406 0.007933672 0.994215531 23.291680869
0.990441988 -0.087648393 0.106506272 2.671097319 0.088001367 0.996119831 0.001389888 0.133446587 -0.106214982 0.007996115 0.994310989 23.757586353
0.990547243 -0.087469216 0.105669078 2.778507566 0.087868480 0.996131742 0.000880067 0.138577884 -0.105337063 0.008413189 0.994400210 24.658162156
0.990486336 -0.087713772 0.106037904 2.894267892 0.087979932 0.996119511 0.002174198 0.147125975 -0.105817653 0.007175686 0.994359755 25.585702182
0.990627994 -0.086456353 0.105747634 2.945418716 0.086642583 0.996235807 0.002839627 0.151013001 -0.105594495 0.006349179 0.994388534 26.051609443
0.990608719 -0.084921961 0.107157068 3.057169462 0.085220032 0.996360797 0.001802589 0.155232917 -0.106919587 0.007346241 0.994240328 26.965664795
0.990622687 -0.084855980 0.107084641 3.173128969 0.085218489 0.996361376 0.001194576 0.160627293 -0.106796389 0.007942154 0.994248848 27.893201736
0.990578004 -0.085504182 0.106981274 3.224368038 0.085889987 0.996304160 0.001004973 0.163117103 -0.106671874 0.008193060 0.994259948 28.359107630
0.990510932 -0.086271454 0.106985089 3.339804195 0.086529433 0.996246807 0.002236674 0.171582770 -0.106776298 0.007041892 0.994258320 29.309005862
0.990355154 -0.086586569 0.108162263 3.450870229 0.086605203 0.996232029 0.004534397 0.181428885 -0.108147499 0.004876671 0.994122452 30.245425005
0.990353210 -0.086118619 0.108557025 3.515480361 0.086066850 0.996276251 0.005170606 0.186079969 -0.108598049 0.004222405 0.994076653 30.707057760
0.990385535 -0.084274355 0.109704082 3.626917022 0.084345290 0.996428761 0.004002655 0.190057779 -0.109649679 0.005288811 0.993956120 31.643471162
0.990233208 -0.083510057 0.111649032 3.743212490 0.083994987 0.996466368 0.000361250 0.190132756 -0.111284629 0.009020242 0.993747276 32.571002900
0.990066483 -0.084453656 0.112408252 3.807928516 0.084992662 0.996381198 -0.000002775 0.193107182 -0.112000788 0.009556559 0.993661516 33.032634015
0.989774190 -0.085694728 0.114034051 3.928212950 0.086027537 0.996290484 0.002008425 0.203051879 -0.113783194 0.007822197 0.993474409 33.951297561
0.989481449 -0.088013906 0.114807974 4.052593948 0.087959969 0.996109076 0.005546100 0.215947498 -0.114849623 0.004610706 0.993372129 34.883444433
0.989253111 -0.089656862 0.115498316 4.112623245 0.089559165 0.995963469 0.006045203 0.220100186 -0.115574037 0.004363642 0.993288793 35.353954548
0.989165052 -0.089017241 0.116741619 4.237405757 0.088940381 0.996019697 0.005878076 0.226638473 -0.116800656 0.004568637 0.993144733 36.286095202
0.989122028 -0.088327168 0.117626225 4.357595643 0.087907427 0.996090160 0.008761283 0.238080188 -0.117940188 0.001674246 0.993019121 37.204760211
0.989063395 -0.088241614 0.118184065 4.422058281 0.087580698 0.996099514 0.010784563 0.245066618 -0.118674281 -0.000315965 0.992933168 37.666395251
0.989000456 -0.086722924 0.119820560 4.537837517 0.085902187 0.996231739 0.012007221 0.253315306 -0.120410190 -0.001582336 0.992722802 38.593934984
0.988818646 -0.085319342 0.122305514 4.667188889 0.084464696 0.996352563 0.012164413 0.260541612 -0.122897884 -0.001697923 0.992417702 39.517198464
0.988701198 -0.084913003 0.123529362 4.731862053 0.084041549 0.996387283 0.012257860 0.264194686 -0.124124113 -0.001737791 0.992264461 39.978830244
0.988355101 -0.084668691 0.126437874 4.861200188 0.083753013 0.996407798 0.012549941 0.271630574 -0.127046761 -0.001814269 0.991894691 40.902093929
0.988311488 -0.084659674 0.126781296 4.994807596 0.083730461 0.996408439 0.012650612 0.279282833 -0.127396753 -0.001887317 0.991849360 41.838838266
0.988202316 -0.084168545 0.127951030 5.063767052 0.083245143 0.996450352 0.012556540 0.282882814 -0.128553207 -0.001757136 0.991701233 42.313950434
0.988236716 -0.080859680 0.129810122 5.197272348 0.079746850 0.996719903 0.013757012 0.292151851 -0.130495999 -0.003243252 0.991443090 43.250696353
0.988490702 -0.076460042 0.130536472 5.326104967 0.074656490 0.997035176 0.018661361 0.307591789 -0.131576735 -0.008701184 0.991267573 44.173967867
0.988638546 -0.073524593 0.131102372 5.394705141 0.071259784 0.997218079 0.021889789 0.316880433 -0.132346744 -0.012298765 0.991127226 44.649085599
0.989086007 -0.064213167 0.132612809 5.514350876 0.061188987 0.997766998 0.026759895 0.331722782 -0.134035689 -0.018353414 0.990806559 45.590112223
0.989515902 -0.053451369 0.134171337 5.643710441 0.050315007 0.998377797 0.026661539 0.338819347 -0.135378894 -0.019631223 0.990599252 46.513375576
0.989692464 -0.047896911 0.134961985 5.703933877 0.044880428 0.998671863 0.025306951 0.339898161 -0.135995369 -0.018988937 0.990526828 46.983882684
0.989976540 -0.036830591 0.136344485 5.820134166 0.034098823 0.999168876 0.022318764 0.341480134 -0.137053834 -0.017445835 0.990409405 47.911415896
0.990257821 -0.025304543 0.136930255 5.949359919 0.022763721 0.999539470 0.020090286 0.345480282 -0.137375411 -0.016777527 0.990376158 48.857034507
0.990253115 -0.025473988 0.136930276 6.018618146 0.023341109 0.999579959 0.017159914 0.344349690 -0.137309976 -0.013796554 0.990431863 49.332142048
0.989966465 -0.031074200 0.137845866 6.175680260 0.030417481 0.999513912 0.006868951 0.335346913 -0.137991732 -0.002607103 0.990429703 50.269197435
0.989808852 -0.031094179 0.138966830 6.319437049 0.031683487 0.999495812 -0.002030183 0.328357132 -0.138833823 0.006412405 0.990294539 51.188171756
0.989883401 -0.033019450 0.137989718 6.388296914 0.033514587 0.999437866 -0.001265145 0.333533971 -0.137870770 0.005876995 0.990431996 51.663285466
0.990124124 -0.039109983 0.134633734 6.529608955 0.038578422 0.999234567 0.006555943 0.354822657 -0.134786725 -0.001297211 0.990873715 52.627004023
0.990337967 -0.044681666 0.131278846 6.671166820 0.043481021 0.998982635 0.011999259 0.372219100 -0.131681464 -0.006175181 0.991272017 53.590718773
0.990240878 -0.046618865 0.131339904 6.740126906 0.045452787 0.998895970 0.011863994 0.375809100 -0.131747566 -0.005778484 0.991266391 54.065830931
0.990011489 -0.048673053 0.132320431 6.882847080 0.048221455 0.998814854 0.006617223 0.374802219 -0.132484978 -0.000170459 0.991184869 55.029527679
0.989787987 -0.049545170 0.133658890 7.030468291 0.050203115 0.998737510 -0.001554590 0.369223838 -0.133412545 0.008248805 0.991025641 55.984342109
0.989501564 -0.052356356 0.134705588 7.104351476 0.053482553 0.998557386 -0.004752637 0.367893036 -0.134262530 0.011907098 0.990873841 56.450571607
0.988733165 -0.059093683 0.137528928 7.264594747 0.060777230 0.998118520 -0.008070677 0.371120099 -0.136793630 0.016338334 0.990464656 57.423477685
0.987768537 -0.064189176 0.142107241 7.428970066 0.065839304 0.997805849 -0.006935116 0.381951398 -0.141349887 0.016206511 0.989827037 58.387513354
0.987135774 -0.068310377 0.144558304 7.519847325 0.069952515 0.997530411 -0.006301317 0.388015653 -0.143771448 0.016332470 0.989475385 58.885313560
0.985596690 -0.076198732 0.150972432 7.693526768 0.078030404 0.996931444 -0.006236760 0.397588240 -0.150033987 0.017927317 0.988518163 59.831592304
0.984619090 -0.078608694 0.156033901 7.866832246 0.080492999 0.996738837 -0.005784762 0.407866832 -0.155070815 0.018255384 0.987734683 60.800230026
0.984156236 -0.082006883 0.157200693 7.962185077 0.083696904 0.996483123 -0.004150493 0.416096161 -0.156306378 0.017241954 0.987557596 61.289154504
0.983163044 -0.083212324 0.162685544 8.139360206 0.084315603 0.996439614 0.000122976 0.432918513 -0.162116229 0.013596006 0.986677987 62.271279067
0.982972625 -0.080383080 0.165237691 8.312261464 0.081297708 0.996688783 0.001231352 0.444382155 -0.164789983 0.012223040 0.986252680 63.262276236
0.982713503 -0.080147365 0.166885144 8.399033963 0.081238788 0.996694625 0.000287327 0.447625230 -0.166356614 0.013275186 0.985976186 63.746593242
0.982634284 -0.078217471 0.168261240 8.576710196 0.079420586 0.996841071 -0.000421636 0.456513394 -0.167696752 0.013777645 0.985741795 64.728710045
0.982071170 -0.076100069 0.172469431 8.767193170 0.076892679 0.997037433 0.002090222 0.471282831 -0.172117106 0.011208902 0.985011932 65.728915634
0.982139705 -0.074733124 0.172674105 8.853754513 0.075336491 0.997153007 0.003066442 0.477869243 -0.172411125 0.009996915 0.984973841 66.213235911
0.982358638 -0.072555798 0.172359270 9.031292075 0.073037469 0.997322464 0.003554325 0.488953032 -0.172155568 0.009097011 0.985027865 67.195354861
0.982390819 -0.071705602 0.172529247 9.217536478 0.072372467 0.997375180 0.002430009 0.497804872 -0.172250287 0.010099097 0.985001376 68.204432509
0.982593449 -0.071535993 0.171442722 9.308489375 0.072241872 0.997384697 0.002126233 0.502671512 -0.171147310 0.010296103 0.985191558 68.702231544
0.982641788 -0.071157842 0.171326067 9.494858766 0.071725325 0.997420425 0.002883579 0.514759491 -0.171088994 0.009454846 0.985209631 69.688954070
0.982993344 -0.071934205 0.168965536 9.676692074 0.072478221 0.997365489 0.002953501 0.525640486 -0.168732511 0.009343037 0.985617167 70.684553263
0.983129803 -0.072619357 0.167878877 9.762975891 0.073093311 0.997319581 0.003362841 0.531405946 -0.167672468 0.008964676 0.985801994 71.191231023
0.983659993 -0.074102986 0.164081619 9.935814747 0.074357426 0.997221127 0.004599894 0.543857618 -0.163966145 0.007675878 0.986435856 72.182229158
0.984100535 -0.076318094 0.160381505 10.108203371 0.076183390 0.997069492 0.006997789 0.558222889 -0.160446125 0.005331859 0.987029512 73.195587452
0.984256159 -0.077456565 0.158872803 10.194408398 0.077148127 0.996986606 0.008117289 0.565235863 -0.159021960 0.004267212 0.987265430 73.702266433
0.984996557 -0.079512827 0.153166436 10.358110796 0.079108984 0.996827420 0.008739258 0.576291539 -0.153375491 0.003508650 0.988161395 74.711018896
0.985357393 -0.082047629 0.149465175 10.521926651 0.081709263 0.996620832 0.008414102 0.585550794 -0.149649870 0.003921738 0.988731520 75.719769601
0.985300466 -0.083267622 0.149164636 10.608298713 0.083000815 0.996517188 0.008024098 0.589919038 -0.149313695 0.004474600 0.988779165 76.226445995
0.985787249 -0.087427408 0.143459865 10.767444227 0.087145796 0.996161391 0.008257222 0.600097073 -0.143631446 0.004362065 0.989621190 77.244075446
0.985856715 -0.091466692 0.140434306 10.926461157 0.090986496 0.995803339 0.009849681 0.612311050 -0.140745893 0.003067205 0.990041136 78.261706888
0.986174035 -0.093125005 0.137071379 11.003802208 0.092511048 0.995652580 0.010856493 0.618828819 -0.137486764 0.001974179 0.990501107 78.763782791
0.986710748 -0.096697278 0.130585421 11.149451226 0.096029319 0.995313421 0.011417517 0.628831622 -0.131077728 0.001274284 0.991371253 79.785687323
0.986906328 -0.098721996 0.127553347 11.290659338 0.098146550 0.995113834 0.010803848 0.636120444 -0.127996814 0.001856532 0.991772150 80.816467047
0.987116081 -0.099415606 0.125379594 11.363538054 0.098858862 0.995043971 0.010671176 0.640263555 -0.125818702 0.001861159 0.992050983 81.327418474
0.987626157 -0.101262463 0.119750061 11.491544844 0.100720637 0.994858438 0.010584133 0.647918654 -0.120205753 0.001608177 0.992747692 82.340115522
0.988040985 -0.101566440 0.116018169 11.623880787 0.101080024 0.994827064 0.010084092 0.654842013 -0.116442008 0.001763661 0.993195829 83.366292295
0.988367877 -0.101470979 0.113285408 11.687973687 0.101075884 0.994835557 0.009240828 0.657252386 -0.113638274 0.002317083 0.993519709 83.872639433
0.988858537 -0.100812532 0.109521943 11.811791255 0.100472997 0.994902042 0.008628294 0.663423641 -0.109832760 0.002471788 0.993946597 84.871854589
0.989579219 -0.099830392 0.103766642 11.917375801 0.099366333 0.995003815 0.009645276 0.671386354 -0.104210748 0.000766118 0.994554562 85.884224597
0.989907348 -0.099230251 0.101179775 11.967809581 0.098648282 0.995064158 0.010751692 0.676196364 -0.101746930 -0.000662007 0.994810034 86.394849335
0.990405355 -0.097787066 0.097648414 12.082192550 0.097028686 0.995203589 0.012496891 0.685692214 -0.098402133 -0.002902279 0.995142373 87.411823436
0.991005609 -0.096041128 0.093186217 12.178915011 0.095183013 0.995366648 0.013620281 0.693129782 -0.094062455 -0.004628026 0.995555643 88.419590337
0.991213253 -0.095159381 0.091878471 12.242947401 0.094318893 0.995451438 0.013457246 0.696498246 -0.092741640 -0.004673107 0.995678901 88.925938412
0.991704622 -0.093756982 0.087924616 12.335366997 0.093070489 0.995589061 0.011882778 0.699036189 -0.088651095 -0.003600993 0.996056006 89.942578366
0.992116005 -0.092911143 0.084100455 12.436601405 0.092334230 0.995669835 0.010732079 0.702847786 -0.084733389 -0.002882165 0.996399582 90.963822160
0.992501032 -0.091096013 0.081513474 12.482878109 0.090512364 0.995836059 0.010835103 0.705664966 -0.082161259 -0.003375886 0.996613339 91.460964508
0.993020196 -0.087546680 0.079034078 12.566240853 0.086928670 0.996151294 0.011233084 0.710761618 -0.079713068 -0.004284341 0.996808208 92.473004372
0.993253000 -0.088418603 0.075044572 12.658535646 0.087856173 0.996075008 0.010770301 0.715275623 -0.075702225 -0.004104519 0.997122052 93.489646259
0.993415769 -0.087660634 0.073761733 12.704574536 0.087151724 0.996143430 0.010097102 0.716643105 -0.074362083 -0.003602193 0.997224130 94.009145476
0.993997890 -0.083570103 0.070603141 12.783667821 0.083253557 0.996500919 0.007419438 0.716311186 -0.070976109 -0.001496961 0.997476579 95.030057876
0.994080473 -0.084802634 0.067914721 12.867242982 0.084609104 0.996397511 0.005725950 0.718044541 -0.068155022 0.000054124 0.997674257 96.042094450
0.994313915 -0.083872611 0.065620147 12.904335955 0.083673030 0.996476602 0.005790097 0.720214232 -0.065873696 -0.000266546 0.997827360 96.556991858
0.994859830 -0.080425801 0.061526852 12.969380584 0.080047164 0.996753696 0.008599191 0.728449659 -0.062018556 -0.003629946 0.998068083 97.582187891
0.995301465 -0.077274224 0.058343930 13.038650993 0.076711400 0.996983384 0.011829326 0.737590083 -0.059081722 -0.007298109 0.998226300 98.620865250
0.995437937 -0.076778925 0.056650775 13.071456413 0.076211577 0.997018104 0.012113055 0.739832827 -0.057411496 -0.007740354 0.998320624 99.122282289
0.995373081 -0.080727989 0.052116303 13.145956257 0.080353419 0.996723942 0.009245785 0.739202114 -0.052691771 -0.005015313 0.998598229 100.152072243
0.995176684 -0.086063371 0.047085337 13.211561239 0.085846177 0.996286362 0.006620699 0.738565222 -0.047479858 -0.002546696 0.998868146 101.177259598
0.995052498 -0.089238409 0.043684483 13.239691907 0.088994690 0.996003674 0.007498748 0.741796606 -0.044179366 -0.003573961 0.999016918 101.687555451
0.994842119 -0.094257147 0.037473666 13.299915548 0.093863819 0.995511207 0.012125669 0.753336058 -0.038448231 -0.008545712 0.999223448 102.721632562
0.994727846 -0.098553793 0.028361076 13.333902764 0.098207756 0.995076418 0.013348640 0.757761114 -0.029536656 -0.010492981 0.999508130 103.741894933
0.994803326 -0.099075015 0.023477799 13.344516007 0.098807866 0.995030894 0.012282780 0.756668732 -0.024577408 -0.009899170 0.999648990 104.242981369
0.995175273 -0.097071558 0.014279172 13.347948173 0.096966076 0.995256291 0.007907278 0.749329270 -0.014978126 -0.006484571 0.999866311 105.258302298
0.995297777 -0.096614465 0.007030955 13.360129597 0.096583384 0.995313736 0.004644715 0.744301392 -0.007446961 -0.003943874 0.999964414 106.278228081
0.995335240 -0.096424066 0.003367647 13.366080693 0.096409308 0.995332794 0.004308040 0.743998048 -0.003768014 -0.003963329 0.999984940 106.788193135
0.995353536 -0.096107643 -0.005884452 13.359727172 0.096139942 0.995352776 0.005468697 0.745542102 0.005331733 -0.006009033 0.999967799 107.821278447
0.995240946 -0.096311530 -0.014835319 13.353458744 0.096406714 0.995325071 0.005837283 0.745738841 0.014203826 -0.007239746 0.999872600 108.854362440
0.995090948 -0.097029101 -0.019473092 13.354800010 0.097153919 0.995253888 0.005569069 0.745396186 0.018840715 -0.007433672 0.999794485 109.373205303
0.994622246 -0.098769410 -0.031182856 13.326361466 0.098952477 0.995082862 0.004380410 0.741908495 0.030596698 -0.007442492 0.999503497 110.405958351
0.994084614 -0.100780217 -0.040481848 13.297849175 0.101023856 0.994876329 0.004014913 0.739588478 0.039869441 -0.008080801 0.999171923 111.438712542
0.993715016 -0.102168223 -0.045748799 13.281438538 0.102455801 0.994730098 0.003979689 0.738634657 0.045100622 -0.008641903 0.998945064 111.948349619
0.993181897 -0.101664601 -0.057045441 13.230606114 0.102035952 0.994773690 0.003626344 0.735005477 0.056379138 -0.009422323 0.998364271 112.980775188
0.992364305 -0.102913933 -0.067992055 13.166207228 0.103442165 0.994626468 0.004284188 0.732308856 0.067185555 -0.011284740 0.997676463 114.017476922
0.991868578 -0.103963112 -0.073404420 13.131721149 0.104573348 0.994506942 0.004509149 0.730651467 0.072532846 -0.012148655 0.997291881 114.540266410
0.990878383 -0.103460804 -0.086348821 13.049681927 0.104222848 0.994544815 0.004352941 0.725577202 0.085427929 -0.013312765 0.996254884 115.567760631
0.989813628 -0.104564259 -0.096623299 12.967999465 0.105151878 0.994455970 0.000995957 0.714854194 0.095983385 -0.011145954 0.995320140 116.595249326
0.989115470 -0.104627630 -0.103455086 12.907131356 0.105121707 0.994459061 -0.000679847 0.708387815 0.102953097 -0.010202954 0.994633901 117.104226328
0.988018643 -0.102984011 -0.114950360 12.803492011 0.103174754 0.994653513 -0.004305385 0.695819301 0.114779551 -0.007606186 0.993361464 118.109027590
0.986601313 -0.099208693 -0.129518548 12.668096674 0.099311622 0.995039909 -0.005679481 0.685286179 0.129439582 -0.007259362 0.991560443 119.131259196
0.985608894 -0.099501610 -0.136654813 12.598193773 0.099651205 0.995006041 -0.005762782 0.681029205 0.136546585 -0.007938008 0.990601295 119.635635765
0.984064172 -0.098976591 -0.147722920 12.449088261 0.099384965 0.995038331 -0.004632542 0.673704109 0.147448777 -0.010122753 0.989017191 120.662145761
0.982325464 -0.096930765 -0.160127405 12.291128858 0.097614979 0.995217558 -0.003606898 0.665724126 0.159711661 -0.012087693 0.987089544 121.684052523
0.981113725 -0.098217205 -0.166642211 12.207802577 0.098943598 0.995084712 -0.003957982 0.660134227 0.166211299 -0.012604983 0.986009261 122.192703042
0.978859002 -0.096827881 -0.180166518 12.023285915 0.097847514 0.995196314 -0.003240476 0.650119725 0.179614257 -0.014456897 0.983630375 123.200800032
0.976578761 -0.095069390 -0.193021425 11.838524060 0.096850782 0.995299298 -0.000207704 0.643987486 0.192133241 -0.018491475 0.981193662 124.208900819
0.975622326 -0.094383538 -0.198124719 11.741594758 0.096485913 0.995334124 0.000962246 0.639908994 0.197109569 -0.020054999 0.980176254 124.721828069
0.973970692 -0.089427485 -0.208288816 11.530499222 0.091208353 0.995831465 -0.001058075 0.622987095 0.207514051 -0.017967214 0.978066234 125.738468808
0.971822795 -0.087834598 -0.218737102 11.311105737 0.088133812 0.996073652 -0.008408456 0.596607853 0.218616777 -0.011106618 0.975746923 126.750497702
0.970575032 -0.087014829 -0.224530504 11.201216339 0.086566504 0.996175421 -0.011859659 0.583861055 0.224702928 -0.007926137 0.974394880 127.267691726
0.967984344 -0.084808101 -0.236251849 10.963902026 0.083035698 0.996393863 -0.017460716 0.559545317 0.236880243 -0.002715624 0.971534312 128.270517451
0.965513786 -0.084207892 -0.246357545 10.716921155 0.082182156 0.996445463 -0.018511695 0.542226855 0.247041437 -0.002372946 0.969001642 129.291105714
0.964298413 -0.082891064 -0.251509571 10.588826655 0.081125925 0.996551902 -0.017397470 0.536044592 0.252084677 -0.003627618 0.967698063 129.799100971
0.961371300 -0.077990992 -0.263977361 10.314312792 0.078221904 0.996888991 -0.009652931 0.532140822 0.263908509 -0.011368787 0.964480284 130.805894574
0.958218309 -0.076298232 -0.275675347 10.040252759 0.077610019 0.996964861 -0.006164496 0.521051372 0.275308499 -0.015488212 0.961230329 131.812681149
0.956377176 -0.077315903 -0.281717708 9.894650290 0.078492185 0.996889380 -0.007125051 0.510395641 0.281391978 -0.015298415 0.959470585 132.311466843
0.952560756 -0.079384300 -0.293814066 9.586166818 0.079011937 0.996787295 -0.013156563 0.480977952 0.293915104 -0.010682424 0.955771813 133.299825114
0.949103550 -0.080364521 -0.304541574 9.268454231 0.078395823 0.996746975 -0.018708246 0.451631342 0.305053913 -0.006118730 0.952315348 134.305939147
0.947621648 -0.081715437 -0.308763915 9.109476916 0.079327539 0.996641771 -0.020301863 0.438874218 0.309386338 -0.005255022 0.950921808 134.808998039
0.943759018 -0.082903554 -0.320073100 8.773138618 0.080585662 0.996536832 -0.020504773 0.417536676 0.320664567 -0.006441778 0.947170925 135.828273006
0.940726406 -0.082191098 -0.329057966 8.441270850 0.080291875 0.996582535 -0.019381550 0.398444049 0.329526473 -0.008187948 0.944110869 136.838672323
0.939268667 -0.082036646 -0.333234223 8.263933819 0.080644842 0.996579973 -0.018031998 0.389484387 0.333573692 -0.009936765 0.942671268 137.354888028
0.936453306 -0.080246678 -0.341489797 7.905323479 0.079811500 0.996691895 -0.015348773 0.371291393 0.341591526 -0.012881405 0.939759459 138.351480443
0.934000968 -0.078036200 -0.348644291 7.546921143 0.077867035 0.996858242 -0.014522275 0.349804963 0.348681801 -0.013584097 0.937141985 139.348069636
0.933282783 -0.077470982 -0.350688176 7.365575792 0.076950273 0.996914995 -0.015443158 0.336497164 0.350802557 -0.012572710 0.936364337 139.850800648
0.932647869 -0.076493006 -0.352586831 7.007516350 0.075159470 0.997018514 -0.017492448 0.309581554 0.352872774 -0.010185973 0.935614843 140.847384531
0.931568722 -0.075024445 -0.355741838 6.631056222 0.074067180 0.997119207 -0.016331359 0.287112113 0.355941932 -0.011135025 0.934441614 141.857125862
0.931232335 -0.074703983 -0.356687917 6.454103241 0.074124846 0.997131450 -0.015313853 0.277286763 0.356808393 -0.012178692 0.934097856 142.350982434
0.930457261 -0.072990987 -0.359057489 6.086937152 0.072404658 0.997261456 -0.015099823 0.253718291 0.359176810 -0.011947684 0.933193268 143.342966997
0.929381699 -0.072779672 -0.361875161 5.715352848 0.071651511 0.997292466 -0.016555394 0.227076554 0.362100410 -0.010542666 0.932079480 144.343826400
0.929097005 -0.073027760 -0.362555836 5.533940683 0.071839564 0.997274710 -0.016777758 0.214826647 0.362792995 -0.010457731 0.931811041 144.846558447
0.928550980 -0.071182467 -0.364316673 5.162174848 0.069999676 0.997411052 -0.016468847 0.191059182 0.364545967 -0.010209929 0.931128872 145.847420662
0.926860129 -0.069774957 -0.368866478 4.768064929 0.068703106 0.997508207 -0.016056998 0.166361798 0.369067004 -0.010459700 0.929343900 146.847954626
0.926527708 -0.069283059 -0.369792623 4.582394206 0.068063472 0.997546850 -0.016361766 0.153725858 0.370018608 -0.010009739 0.928970458 147.337205855
0.925449629 -0.068389660 -0.372647521 4.197661528 0.066626252 0.997622857 -0.017624690 0.126612069 0.372966544 -0.008517360 0.927805593 148.319981762
0.924422183 -0.072291671 -0.374457049 3.812756772 0.071005716 0.997326391 -0.017249357 0.102222850 0.374702836 -0.010642948 0.927083569 149.302760335
0.923713455 -0.067096020 -0.377163073 3.608613506 0.066880880 0.997667458 -0.013682966 0.095170812 0.377200935 -0.012585834 0.926045633 149.805170125
0.922299133 -0.064468757 -0.381062006 3.214342411 0.066146494 0.997771746 -0.008707927 0.078240537 0.380774324 -0.017174557 0.924507709 150.783353400
0.921090138 -0.069623622 -0.383073584 2.848500362 0.069270405 0.997489152 -0.014734721 0.044138234 0.383137469 -0.012963704 0.923599709 151.730611085
0.921345184 -0.069949723 -0.382401067 2.659483784 0.065967040 0.997544511 -0.023534288 0.016665062 0.383107901 -0.003542682 0.923696572 152.206367359
0.920439845 -0.073092818 -0.383989709 2.276023274 0.065163875 0.997307668 -0.033637839 -0.025376390 0.385414435 0.005939321 0.922723758 153.166770378
0.918993458 -0.074150785 -0.387238531 1.873170586 0.067326983 0.997244134 -0.031178145 -0.047272959 0.388482895 0.002580887 0.921452201 154.140346201
0.918385479 -0.074222022 -0.388663104 1.678246982 0.068817260 0.997241318 -0.027829868 -0.054246374 0.389655917 -0.001188207 0.920959583 154.625000374
0.918140952 -0.072657480 -0.389535327 1.297248620 0.070045742 0.997323819 -0.020925611 -0.067458478 0.390013204 -0.008072624 0.920773321 155.598912034
0.918040497 -0.071943500 -0.389906039 0.907919533 0.070108112 0.997359709 -0.018957091 -0.089608960 0.390240316 -0.009932206 0.920659025 156.568212356
0.917291323 -0.072389652 -0.391582278 0.704619190 0.070098154 0.997336584 -0.020165442 -0.104792206 0.391998540 -0.008951608 0.919922252 157.048255905
0.916774984 -0.072893981 -0.392697122 0.306936055 0.069457445 0.997320089 -0.022974210 -0.135511802 0.393319488 -0.006213562 0.919380413 158.012945251
0.917234546 -0.073005224 -0.391600267 -0.095928794 0.069474999 0.997313787 -0.023197699 -0.162430950 0.392241626 -0.005928728 0.919842427 159.008874448
0.917220538 -0.072719674 -0.391686938 -0.295281958 0.069965644 0.997321676 -0.021320517 -0.172297989 0.392187698 -0.007849029 0.919851751 159.502403638
0.916240040 -0.072718699 -0.393976446 -0.698400010 0.072114161 0.997262058 -0.016360899 -0.189992931 0.394087444 -0.013420778 0.918974842 160.475983571
0.916230222 -0.073458448 -0.393861155 -1.087683084 0.073578998 0.997179202 -0.014817505 -0.212871961 0.393838455 -0.015403705 0.919050396 161.445283180
0.915955373 -0.073134835 -0.394560741 -1.286462472 0.073042385 0.997212102 -0.015276314 -0.226608700 0.394577753 -0.014827259 0.918742812 161.916450297
0.915465244 -0.073477629 -0.395631807 -1.688840345 0.073941335 0.997162879 -0.014100254 -0.250808091 0.395545274 -0.016345234 0.918300294 162.867665581
0.915980822 -0.070954746 -0.394899483 -2.082822569 0.073589534 0.997252901 -0.008491313 -0.267097056 0.394417166 -0.021282558 0.918684387 163.823491196
0.916348687 -0.069114191 -0.394372236 -2.272899973 0.072040596 0.997374495 -0.007400140 -0.277773702 0.393848085 -0.021629747 0.918920703 164.299263900
0.917006034 -0.069572661 -0.392759149 -2.656626292 0.070693510 0.997430287 -0.011629408 -0.310391346 0.392558428 -0.017101282 0.919567946 165.237317850
0.917916007 -0.072809846 -0.390037355 -3.039888696 0.070543724 0.997305099 -0.020153128 -0.350354352 0.390453474 -0.009015808 0.920577859 166.175364615
0.918109920 -0.073697872 -0.389413470 -3.243112771 0.070748335 0.997253458 -0.021932250 -0.366745191 0.389959968 -0.007414132 0.920801365 166.655406982
0.919136500 -0.074315017 -0.386866689 -3.623165469 0.071945607 0.997194870 -0.020624378 -0.389715260 0.387313888 -0.008876710 0.921905190 167.606950809
0.920998412 -0.073744241 -0.382524335 -3.989811805 0.072056650 0.997224282 -0.018758225 -0.411082941 0.382845516 -0.010287164 0.923755241 168.554220951
0.921985175 -0.073932030 -0.380101343 -4.175150164 0.072169120 0.997213141 -0.018908501 -0.423766198 0.380439477 -0.009998225 0.924751569 169.021113846
0.923097694 -0.074570345 -0.377266268 -4.532071138 0.072739929 0.997167616 -0.019119469 -0.447847104 0.377623145 -0.009793176 0.925907260 169.928267353
0.924488106 -0.074949182 -0.373772014 -4.884715275 0.073003979 0.997143276 -0.019380546 -0.471831401 0.374156840 -0.009369753 0.927317854 170.848901396
0.925256914 -0.074800516 -0.371893355 -5.056624581 0.072840243 0.997156503 -0.019338384 -0.483271555 0.372281837 -0.009195860 0.928073930 171.311520254
0.926837579 -0.074677833 -0.367961369 -5.395803107 0.072532663 0.997171539 -0.019677701 -0.506591595 0.368390090 -0.008451226 0.929632911 172.227879693
0.928267074 -0.075129656 -0.364246347 -5.735019453 0.072980577 0.997138859 -0.019682472 -0.529312828 0.364683006 -0.008312325 0.931094271 173.144239718
0.929065965 -0.074990076 -0.362233201 -5.902338468 0.072842221 0.997150544 -0.019604011 -0.540404286 0.362671003 -0.008172461 0.931880603 173.597981070
0.930538375 -0.074785758 -0.358476046 -6.241540316 0.072538671 0.997169941 -0.019733904 -0.563355062 0.358937175 -0.007640230 0.933330264 174.514340871
0.931314363 -0.077329200 -0.355912593 -6.571301261 0.074244388 0.996990292 -0.022341171 -0.589730234 0.356568745 -0.005617893 0.934252368 175.412941628
0.931619655 -0.077830600 -0.355002656 -6.738510601 0.074386423 0.996955666 -0.023362831 -0.602558231 0.355740226 -0.004642100 0.934572779 175.866681282
0.934065327 -0.069090885 -0.350355481 -7.412617104 0.065924519 0.997604731 -0.020971681 -0.643470337 0.350964780 -0.003508118 0.936381946 177.690527917
0.934479069 -0.064935128 -0.350045885 -7.589406017 0.062469987 0.997878411 -0.018341712 -0.650678314 0.350493738 -0.004727440 0.936552931 178.162028761
0.935228518 -0.054908332 -0.349761392 -7.933897810 0.054047979 0.998463258 -0.012227750 -0.662899862 0.349895162 -0.007468189 0.936758349 179.087276903
0.936259961 -0.044622780 -0.348462259 -8.277914972 0.043675814 0.998989522 -0.010577273 -0.682636433 0.348582722 -0.005316324 0.937263065 180.012517694
0.936862402 -0.039914556 -0.347414478 -8.449790871 0.038493764 0.999198517 -0.010993332 -0.694605532 0.347574439 -0.003074110 0.937647022 180.475136035
0.937560394 -0.034076612 -0.346150512 -8.793540333 0.030809267 0.999413658 -0.014939273 -0.723795851 0.346455900 0.003341789 0.938060078 181.422725866
0.938102324 -0.028145076 -0.345212366 -9.132445931 0.023269791 0.999562212 -0.018259394 -0.751437279 0.345574642 0.009096123 0.938347013 182.339081078
0.938431664 -0.025862254 -0.344496934 -9.304157316 0.020110944 0.999592246 -0.020258692 -0.766011187 0.344880640 0.012083236 0.938568799 182.801696871
0.938767218 -0.024047343 -0.343712670 -9.624807201 0.016276264 0.999542453 -0.025477144 -0.795803358 0.344167107 0.018322711 0.938729116 183.704896880
0.939251526 -0.025956221 -0.342247057 -9.936280472 0.015385572 0.999317937 -0.033565246 -0.830050459 0.342883928 0.026260477 0.939010222 184.612695125
0.939363383 -0.028447148 -0.341743208 -10.107635097 0.016120415 0.999114906 -0.038856992 -0.850273109 0.342545251 0.030991767 0.938989187 185.075305392
0.940077748 -0.034399047 -0.339220471 -10.414786779 0.019465887 0.998690169 -0.047327540 -0.885132189 0.340404010 0.037888302 0.939514904 185.996583479
0.941514529 -0.035739142 -0.335073439 -10.731939718 0.020828138 0.998630272 -0.047990583 -0.907694555 0.336329332 0.038204769 0.940969249 186.935629287
0.941902549 -0.035749279 -0.333977755 -10.899809817 0.021671189 0.998716066 -0.045785422 -0.915275597 0.335185351 0.035887699 0.941468468 187.411732361
0.943332404 -0.037053335 -0.329774339 -11.213349015 0.025210348 0.998876393 -0.040118598 -0.927242278 0.330889737 0.029531425 0.943206710 188.364268974
0.943691270 -0.039363013 -0.328478356 -11.516870382 0.027914558 0.998830111 -0.039498043 -0.946552954 0.329649130 0.028104547 0.943685270 189.276684423
0.944640961 -0.042424109 -0.325352217 -11.666179694 0.030369584 0.998654125 -0.042042907 -0.961115113 0.326697406 0.029834579 0.944657309 189.739627569
