1.000000000 -0.000000000 -0.000000000 -0.000000000 0.000000000 1.000000000 0.000000000 0.000000000 -0.000000000 0.000000000 1.000000000 -0.000000000
0.999974222 -0.007120019 -0.000671797 0.020673344 0.007119813 0.999974388 -0.000424224 0.007163833 0.000674271 0.000419537 1.000000500 0.679721964
0.999963666 -0.008535561 -0.000065374 0.035147230 0.008535423 0.999960550 -0.002421020 0.011548143 0.000086448 0.002420437 0.999997804 1.351572237
0.999964961 -0.008330175 0.000715864 0.042417093 0.008332102 0.999961371 -0.002691451 0.014964766 -0.000692955 0.002697416 0.999996269 1.687482602
0.999984838 -0.005042659 0.001974945 0.049267067 0.005039898 0.999986234 0.001442518 0.029970886 -0.001981799 -0.001432537 0.999997160 2.365330267
0.999987100 -0.004389688 0.002488696 0.065863586 0.004372465 0.999966440 0.006936704 0.046922592 -0.002519369 -0.006925726 0.999973734 3.022998182
0.999983289 -0.004916832 0.002930371 0.075084629 0.004886322 0.999934304 0.010364245 0.056529379 -0.002981179 -0.010349761 0.999942493 3.344803120
0.999978790 -0.005455515 0.003562050 0.091602947 0.005404742 0.999885584 0.014115741 0.070572347 -0.003638468 -0.014096143 0.999894690 4.002506124
0.999965642 -0.007071017 0.004283493 0.111363337 0.007023378 0.999914065 0.011053699 0.072436301 -0.004361638 -0.011023246 0.999930192 4.632294547
0.999973258 -0.005754088 0.004401924 0.114193850 0.005715411 0.999945066 0.008778163 0.072156649 -0.004452352 -0.008752737 0.999952618 4.946313529
0.999969680 -0.005271535 0.005701728 0.133985145 0.005235016 0.999965683 0.006413000 0.075170104 -0.005736351 -0.006382929 0.999963712 5.576088085
0.999970825 -0.003252344 0.006853953 0.153823200 0.003217634 0.999982260 0.005092118 0.079922804 -0.006870508 -0.005069896 0.999964169 6.205841659
0.999971854 -0.002005704 0.007219047 0.162856934 0.001973161 0.999987474 0.004527644 0.082562615 -0.007227508 -0.004513190 0.999963599 6.527730644
0.999972652 -0.001423940 0.007242245 0.168716020 0.001393637 0.999989908 0.004186094 0.089370113 -0.007248380 -0.004175840 0.999965409 7.155679738
0.999965434 -0.001797667 0.008113839 0.190394266 0.001764267 0.999989596 0.004136934 0.096184768 -0.008121148 -0.004122430 0.999959077 7.771377687
0.999960646 -0.002530700 0.008459887 0.201235942 0.002495704 0.999988139 0.004156631 0.099687055 -0.008470252 -0.004135311 0.999955606 8.079225516
0.999956640 -0.002768024 0.008857337 0.216801533 0.002729710 0.999987273 0.004345746 0.106950786 -0.008868589 -0.004321365 0.999951756 8.687012825
0.999944343 -0.003063093 0.010045558 0.240291216 0.003013188 0.999983495 0.004991055 0.114757861 -0.010060724 -0.004960445 0.999937761 9.288668050
0.999936270 -0.003391306 0.010733830 0.252914767 0.003337121 0.999981377 0.005074306 0.118153044 -0.010751099 -0.005038175 0.999930370 9.582486420
0.999926093 -0.003368534 0.011708872 0.268422848 0.003321876 0.999986606 0.004012631 0.123277703 -0.011722348 -0.003973429 0.999923595 10.190299534
0.999915273 -0.002261570 0.012785470 0.291860127 0.002216368 0.999991232 0.003556538 0.129135624 -0.012793717 -0.003527882 0.999911775 10.791978273
0.999911499 -0.001233021 0.013250796 0.296551525 0.001193177 0.999994881 0.003022552 0.131687593 -0.013253837 -0.003006435 0.999908473 11.091932344
0.999882757 -0.000120958 0.015288066 0.321738431 0.000091846 0.999998240 0.001909908 0.136238931 -0.015287758 -0.001908224 0.999881787 11.679596093
0.999844973 -0.000072355 0.017613430 0.348766872 0.000035185 0.999997417 0.002117905 0.142902203 -0.017614151 -0.002116930 0.999843399 12.253203614
0.999816797 -0.000050844 0.019125644 0.361406279 0.000002602 0.999996873 0.002529253 0.146887131 -0.019125618 -0.002528697 0.999814230 12.547014869
0.999762128 -0.000384793 0.021797565 0.388435257 0.000325179 0.999996406 0.002738976 0.153570394 -0.021798626 -0.002731188 0.999759171 13.120622149
0.999685202 -0.000919631 0.025045038 0.423363872 0.000848002 0.999995313 0.002874851 0.159887396 -0.025047124 -0.002852694 0.999682717 13.688108318
0.999646296 -0.000486318 0.026586252 0.431633801 0.000413579 0.999996114 0.002744836 0.162774920 -0.026587952 -0.002732845 0.999642791 13.959996838
0.999570825 0.000239955 0.029304369 0.468341604 -0.000325858 0.999996138 0.002928465 0.168884863 -0.029303480 -0.002936723 0.999566905 14.513454753
0.999469926 0.000630566 0.032523780 0.498900203 -0.000712829 0.999996393 0.002520871 0.174084470 -0.032522408 -0.002542664 0.999468213 15.059018428
0.999402067 0.000463450 0.034571973 0.513282519 -0.000537642 0.999997553 0.002138263 0.176512923 -0.034571773 -0.002155515 0.999400251 15.338817708
0.999269630 -0.000300660 0.038200311 0.557892915 0.000213875 0.999997712 0.002279352 0.182366557 -0.038201533 -0.002269510 0.999267938 15.886153186
0.999121326 0.001479477 0.041876905 0.612608056 -0.001630886 0.999992222 0.003585159 0.192969757 -0.041870835 -0.003650278 0.999117308 16.691323970
0.998989352 0.002374254 0.044878279 0.651061992 -0.002513905 0.999992005 0.003057161 0.197643173 -0.044871459 -0.003166879 0.998987840 17.230768464
0.998881825 0.003786493 0.047117207 0.689456538 -0.003850413 0.999991790 0.001267212 0.200107548 -0.047112043 -0.001447154 0.998888852 17.770239606
0.998842932 0.003885215 0.047926054 0.705600573 -0.003915982 0.999992677 0.000551835 0.201679223 -0.047923624 -0.000738925 0.998850654 18.036018471
0.998740780 0.004278009 0.049992043 0.739656008 -0.004225663 0.999990337 -0.001150341 0.204175704 -0.049996211 0.000937705 0.998749764 18.553553252
0.998566990 0.006453296 0.053130428 0.785907730 -0.006253352 0.999972843 -0.003926927 0.204694503 -0.053154085 0.003589042 0.998580504 19.086922335
0.998489712 0.007263563 0.054454544 0.803815635 -0.007002504 0.999963176 -0.004982284 0.205489365 -0.054489607 0.004593494 0.998504554 19.338679820
0.998326374 0.007689677 0.057310250 0.853698829 -0.007347116 0.999953695 -0.006183760 0.208312865 -0.057354978 0.005752380 0.998337808 19.843959598
0.998195034 0.010180130 0.059177400 0.891442440 -0.009900041 0.999938783 -0.005022271 0.215223131 -0.059224760 0.004427388 0.998235114 20.333379631
0.998121635 0.010827656 0.060288393 0.915552490 -0.010584508 0.999934641 -0.004348891 0.218897474 -0.060331252 0.003702600 0.998172398 20.593007600
0.997946516 0.010993024 0.063091372 0.961160533 -0.010758245 0.999934196 -0.004057869 0.224132047 -0.063131613 0.003370822 0.998000109 21.076322319
0.997797876 0.012204762 0.065192943 1.006726115 -0.011926544 0.999918598 -0.004653865 0.227787306 -0.065245285 0.003866139 0.997862378 21.559656089
0.997725832 0.012177670 0.066290696 1.024670569 -0.011877349 0.999917426 -0.004921766 0.229941578 -0.066345135 0.004123284 0.997789022 21.811397174
0.997578609 0.011647158 0.068559237 1.070245288 -0.011306836 0.999921963 -0.005349091 0.233936689 -0.068616696 0.004560996 0.997633499 22.294726845
0.997401577 0.012967751 0.070857002 1.111450529 -0.012551934 0.999901626 -0.006309463 0.236834397 -0.070931666 0.005403664 0.997467119 22.756133781
0.997280952 0.013146134 0.072501225 1.139037528 -0.012641038 0.999892842 -0.007419548 0.237065934 -0.072590851 0.006482884 0.997341364 22.987741780
0.997096602 0.013384354 0.074961256 1.186323982 -0.012721784 0.999875682 -0.009308662 0.238345075 -0.075075889 0.008328057 0.997143635 23.457073464
0.996960607 0.013641633 0.076700347 1.237242447 -0.012945663 0.999870332 -0.009562733 0.241948906 -0.076820480 0.008540811 0.997008824 23.898315600
0.996852494 0.014246087 0.077982905 1.264916248 -0.013603338 0.999868681 -0.008766164 0.245409042 -0.078097171 0.007677825 0.996916771 24.129884652
0.996637832 0.015743811 0.080403536 1.308117816 -0.015391773 0.999868961 -0.004995392 0.256176185 -0.080471236 0.003741023 0.996749795 24.577165903
0.996477253 0.015635174 0.082385067 1.359208003 -0.015562273 0.999877651 -0.001526041 0.266167245 -0.082398697 0.000238626 0.996600234 25.018330987
0.996444039 0.015376524 0.082841022 1.382551024 -0.015393307 0.999881580 -0.000435373 0.269969353 -0.082838226 -0.000841388 0.996562765 25.227959940
0.996385183 0.014249038 0.083737835 1.429235453 -0.014442567 0.999893946 0.001706427 0.277513595 -0.083705132 -0.002909593 0.996486523 25.647218568
0.996236909 0.013104379 0.085668405 1.477657147 -0.013402853 0.999905980 0.002911249 0.283291453 -0.085622669 -0.004048472 0.996319916 26.052467753
0.996171792 0.012699854 0.086482533 1.496641170 -0.013065769 0.999907996 0.003666986 0.286385988 -0.086428123 -0.004782872 0.996247506 26.240169268
0.996132326 0.011527305 0.087105693 1.542468812 -0.011945212 0.999919249 0.004278303 0.290719444 -0.087049263 -0.005302216 0.996190183 26.609469154
0.996063811 0.011393738 0.087903486 1.585641667 -0.011699376 0.999926789 0.002963016 0.291349478 -0.087863003 -0.003979718 0.996124936 26.942846991
0.996006171 0.011622281 0.088528757 1.600203002 -0.011847860 0.999927689 0.002023344 0.291367468 -0.088498891 -0.003064074 0.996072631 27.108649646
0.995850148 0.012095507 0.090205533 1.631154308 -0.012254063 0.999924114 0.001205404 0.293035591 -0.090184034 -0.002305775 0.995922960 27.426204516
0.995728231 0.012322306 0.091509916 1.671826361 -0.012490298 0.999920861 0.001264068 0.295689716 -0.091486817 -0.002401649 0.995803746 27.723591210
0.995674274 0.012253173 0.092093803 1.689984233 -0.012412783 0.999921949 0.001161589 0.296712971 -0.092072983 -0.002299656 0.995750349 27.861320236
0.995568210 0.011921140 0.093281513 1.723730379 -0.012053137 0.999926814 0.000852474 0.298224683 -0.093263930 -0.001972977 0.995639852 28.100818014
0.995454115 0.011376735 0.094563825 1.751371932 -0.011516410 0.999932917 0.000932050 0.300485339 -0.094547029 -0.002016837 0.995518941 28.332401535
0.995397976 0.010885377 0.095207992 1.773086836 -0.011012079 0.999939125 0.000806228 0.301044496 -0.095193540 -0.001850945 0.995457866 28.442074657
0.995310412 0.010402894 0.096165819 1.802477209 -0.010474824 0.999945346 0.000243450 0.301968583 -0.096158201 -0.001249556 0.995366340 28.659643550
0.995253981 0.009926894 0.096800592 1.827518259 -0.009932016 0.999950753 -0.000428212 0.302544941 -0.096800355 -0.000535222 0.995303965 28.855280665
0.995210416 0.009581581 0.097282708 1.843110564 -0.009573713 0.999953814 -0.000546324 0.303183333 -0.097283332 -0.000387636 0.995257151 28.957047608
0.995143996 0.009019741 0.098011789 1.871733640 -0.008994982 0.999959277 -0.000693182 0.304225189 -0.098013564 -0.000191805 0.995185783 29.124617605
0.995069379 0.008175318 0.098846826 1.896028353 -0.008164577 0.999966699 -0.000512105 0.305698978 -0.098847815 -0.000297419 0.995103531 29.270246418
0.995046884 0.007762275 0.099100655 1.901155455 -0.007741859 0.999970205 -0.000589210 0.306318768 -0.099102430 -0.000180920 0.995077033 29.342172390
0.995003510 0.006812771 0.099607458 1.929756762 -0.006725305 0.999976378 -0.001212704 0.306550976 -0.099612677 0.000536722 0.995026912 29.509752154
0.994910131 0.006719869 0.100541730 1.946103735 -0.006549661 0.999976725 -0.002022317 0.306601803 -0.100553234 0.001353571 0.994931227 29.661523662
0.994886996 0.006852537 0.100759210 1.959121337 -0.006651030 0.999974773 -0.002335277 0.306515480 -0.100772733 0.001653286 0.994908046 29.727332623
0.994906089 0.007111604 0.100556033 1.977271953 -0.006887825 0.999973369 -0.002571278 0.307268851 -0.100572038 0.001865550 0.994927991 29.865064905
0.994939929 0.007468414 0.100187307 1.995424718 -0.007228761 0.999970582 -0.002753198 0.308102188 -0.100205332 0.002015047 0.994965313 30.002796221
0.994943170 0.007409433 0.100168423 2.000545639 -0.007149091 0.999969702 -0.002956361 0.308492078 -0.100186907 0.002225303 0.994966774 30.074724967
0.994923745 0.007279887 0.100372012 2.012567476 -0.006980581 0.999969880 -0.003332359 0.309094785 -0.100393002 0.002614763 0.994944945 30.204553844
0.994918934 0.006977593 0.100439490 2.030715942 -0.006645842 0.999971054 -0.003636502 0.309768192 -0.100462235 0.002950597 0.994936823 30.342287090
0.994916083 0.006866067 0.100472188 2.043744293 -0.006525901 0.999972110 -0.003712953 0.310081695 -0.100494393 0.003038385 0.994933598 30.408091228
0.994937078 0.007127200 0.100240164 2.053994197 -0.006768002 0.999969325 -0.003921940 0.311161345 -0.100264861 0.003223651 0.994955882 30.551945103
0.994909159 0.007530161 0.100494794 2.073921313 -0.007142033 0.999965605 -0.004220732 0.311607700 -0.100523519 0.003481600 0.994929351 30.675650337
0.994907847 0.007572563 0.100500076 2.079052984 -0.007187971 0.999965008 -0.004187475 0.312397417 -0.100527964 0.003443741 0.994928081 30.747574259
0.994928258 0.007659894 0.100289622 2.099001062 -0.007293222 0.999965560 -0.004021272 0.313623434 -0.100317020 0.003269438 0.994950860 30.871270088
0.994910960 0.007658483 0.100464079 2.112823854 -0.007301057 0.999965398 -0.003923434 0.314828730 -0.100490890 0.003169946 0.994932975 30.987060944
0.994885215 0.007646749 0.100715884 2.125859461 -0.007296286 0.999965780 -0.003847067 0.315412116 -0.100741589 0.003092549 0.994908122 31.052861826
0.994876498 0.007600098 0.100808754 2.133560729 -0.007262357 0.999966489 -0.003715512 0.316736630 -0.100834464 0.002964352 0.994899329 31.160746022
0.994883790 0.007697838 0.100732592 2.149154378 -0.007353979 0.999965576 -0.003783701 0.317425000 -0.100758698 0.003023578 0.994907122 31.262512363
0.994896746 0.007726191 0.100599058 2.149939144 -0.007380324 0.999966093 -0.003808662 0.317956949 -0.100624770 0.003046755 0.994920514 31.312503422
0.994913340 0.007765668 0.100430491 2.167316818 -0.007425253 0.999965440 -0.003762405 0.318618181 -0.100455875 0.002997609 0.994937630 31.400239338
0.994912681 0.007718041 0.100447465 2.176788943 -0.007372829 0.999965314 -0.003806807 0.319425770 -0.100473878 0.003046889 0.994935479 31.494099019
0.994912070 0.007662602 0.100459863 2.177573978 -0.007314829 0.999966136 -0.003828761 0.319967714 -0.100485546 0.003074445 0.994934539 31.544089957
0.994915602 0.007666424 0.100415493 2.187048522 -0.007320295 0.999965859 -0.003814412 0.320865263 -0.100441529 0.003059953 0.994938671 31.637948553
0.994922620 0.007746750 0.100349031 2.204428077 -0.007409713 0.999965592 -0.003730609 0.321596465 -0.100374386 0.002968120 0.994945342 31.725683625
0.994928875 0.007825242 0.100267796 2.199091857 -0.007490546 0.999965184 -0.003713214 0.322267623 -0.100293928 0.002943349 0.994954018 31.767767783
0.994928199 0.007652870 0.100292817 2.208569625 -0.007324837 0.999967109 -0.003637681 0.323285121 -0.100317251 0.002884610 0.994951745 31.861624931
0.994944093 0.007511882 0.100147748 2.225952137 -0.007198338 0.999968304 -0.003490938 0.324126275 -0.100170345 0.002752400 0.994966721 31.949358677
0.994949042 0.007474882 0.100100613 2.226737709 -0.007160586 0.999968432 -0.003497817 0.324688211 -0.100123253 0.002763442 0.994971543 31.999349375
0.994937207 0.007590037 0.100213605 2.244102215 -0.007251101 0.999967173 -0.003744311 0.324859656 -0.100238836 0.002998704 0.994959033 32.087091200
0.994924205 0.007828736 0.100319915 2.247451204 -0.007485645 0.999965074 -0.003795219 0.325726488 -0.100345922 0.003024962 0.994948352 32.173044944
0.994925283 0.007834267 0.100303215 2.256142863 -0.007499678 0.999964903 -0.003711206 0.326162059 -0.100329172 0.002940146 0.994950637 32.216911636
0.994934274 0.007854324 0.100218412 2.267399013 -0.007527190 0.999965490 -0.003640498 0.326942510 -0.100242777 0.002867674 0.994958749 32.296740892
0.994908833 0.007876750 0.100468273 2.272525309 -0.007540540 0.999964859 -0.003724748 0.327532313 -0.100493870 0.002948265 0.994933997 32.368667227
0.994896541 0.007831888 0.100590191 2.282989437 -0.007488568 0.999964889 -0.003789206 0.327510932 -0.100616705 0.003016624 0.994921227 32.398508680
0.994909486 0.007706179 0.100472964 2.288113852 -0.007350152 0.999965929 -0.003912774 0.328030766 -0.100500297 0.003154385 0.994932511 32.470435859
0.994925735 0.007739005 0.100312892 2.301130110 -0.007349982 0.999964062 -0.004246238 0.327894464 -0.100342124 0.003487428 0.994947311 32.536245423
0.994914570 0.007821195 0.100416867 2.303687077 -0.007414670 0.999962849 -0.004420043 0.327959466 -0.100446616 0.003653026 0.994936097 32.572211364
0.994894577 0.007905290 0.100604477 2.316680492 -0.007413492 0.999958652 -0.005260319 0.326973533 -0.100642353 0.004487661 0.994913723 32.638031178
0.994884339 0.007854521 0.100712500 2.329677132 -0.007284216 0.999955378 -0.006028546 0.326107548 -0.100754718 0.005264159 0.994897963 32.703849545
0.994880008 0.007847540 0.100751662 2.332237324 -0.007265783 0.999954907 -0.006138803 0.326292498 -0.100795472 0.005375391 0.994893229 32.739814038
0.994870055 0.007734481 0.100865847 2.339158395 -0.007178124 0.999956899 -0.005876882 0.327254989 -0.100907157 0.005122709 0.994882984 32.797705125
0.994860375 0.007587813 0.100964767 2.346081077 -0.007059475 0.999959520 -0.005588615 0.328277455 -0.101003605 0.004847200 0.994874672 32.855595489
0.994864541 0.007625518 0.100922111 2.350426101 -0.007100184 0.999959150 -0.005562707 0.328465253 -0.100960388 0.004817642 0.994878842 32.877529197
0.994877061 0.007689089 0.100797544 2.357335615 -0.007166456 0.999959154 -0.005544593 0.328997932 -0.100836590 0.004793845 0.994891992 32.935425469
0.994895678 0.007730543 0.100608787 2.370373372 -0.007222590 0.999959379 -0.005410326 0.329661283 -0.100646593 0.004656065 0.994911601 33.001225387
0.994911085 0.007730403 0.100456856 2.372940282 -0.007228068 0.999959813 -0.005362234 0.330096124 -0.100494142 0.004608821 0.994927233 33.037186866
0.994918489 0.007675884 0.100386352 2.384192671 -0.007172191 0.999959525 -0.005376552 0.330736635 -0.100423495 0.004629285 0.994934909 33.117017810
0.994900437 0.007700160 0.100565653 2.395449896 -0.007205173 0.999959712 -0.005284547 0.331557069 -0.100602062 0.004533039 0.994917016 33.196846585
0.994889877 0.007774718 0.100663950 2.404138061 -0.007279627 0.999959604 -0.005284213 0.331862696 -0.100702048 0.004524410 0.994906665 33.240714844
0.994883844 0.007900514 0.100713359 2.413599168 -0.007377618 0.999957431 -0.005561940 0.332260462 -0.100752623 0.004790437 0.994900119 33.334579469
0.994898010 0.008231358 0.100544578 2.423058663 -0.007679843 0.999953885 -0.005870052 0.332598255 -0.100587896 0.005068002 0.994915561 33.428444817
0.994898982 0.008376624 0.100527596 2.431741722 -0.007815538 0.999952053 -0.005973030 0.332713964 -0.100572129 0.005156924 0.994916427 33.472315368
0.994885403 0.008449413 0.100655428 2.435096892 -0.007896853 0.999951939 -0.005885875 0.333810697 -0.100700194 0.005060911 0.994904201 33.558266338
0.994878269 0.008505510 0.100721770 2.456816364 -0.007952194 0.999951438 -0.005892547 0.334539780 -0.100767251 0.005061467 0.994897034 33.667937410
0.994876156 0.008537063 0.100739621 2.457602205 -0.007983263 0.999950610 -0.005897644 0.335111711 -0.100784859 0.005063193 0.994895812 33.717927986
0.994894118 0.008509167 0.100560253 2.471426072 -0.007969757 0.999951785 -0.005763440 0.336356989 -0.100603864 0.004932556 0.994914474 33.833718360
0.994895609 0.008552057 0.100542998 2.485240264 -0.008004531 0.999950598 -0.005847198 0.337242424 -0.100588880 0.005012635 0.994915720 33.949513075
0.994895682 0.008534287 0.100546346 2.498271571 -0.007985654 0.999951208 -0.005856494 0.337665880 -0.100591301 0.005023646 0.994915576 34.015315887
0.994911786 0.008348773 0.100403278 2.510313294 -0.007805765 0.999952733 -0.005798541 0.339008266 -0.100446620 0.004985369 0.994930754 34.145135840
0.994933533 0.008112775 0.100208853 2.522353136 -0.007571794 0.999955124 -0.005777375 0.340280682 -0.100251448 0.004989373 0.994949968 34.274956638
0.994958148 0.008085584 0.099960774 2.529263994 -0.007550256 0.999955353 -0.005731280 0.340863339 -0.100003438 0.004947733 0.994975537 34.332852307
0.995026465 0.008270559 0.099262543 2.541301148 -0.007737556 0.999953478 -0.005752380 0.342035799 -0.099305398 0.004955765 0.995045573 34.462674311
0.995082753 0.008595681 0.098678016 2.559465470 -0.008074780 0.999951487 -0.005676531 0.343298949 -0.098722047 0.004851816 0.995104292 34.600400443
0.995089037 0.008745263 0.098597029 2.564600365 -0.008236143 0.999950986 -0.005568311 0.344208614 -0.098641052 0.004728999 0.995112307 34.672322918
0.995099733 0.008925092 0.098474522 2.582759849 -0.008412939 0.999948502 -0.005613991 0.345291842 -0.098519339 0.004758022 0.995124567 34.810051220
0.995112157 0.008903786 0.098346924 2.599148207 -0.008404022 0.999949650 -0.005493157 0.346882001 -0.098391014 0.004639813 0.995137169 34.961804159
0.995118020 0.008758340 0.098302366 2.610408120 -0.008273454 0.999951866 -0.005338727 0.347802390 -0.098343816 0.004499351 0.995142674 35.041631727
0.995168837 0.008679390 0.097789344 2.626808572 -0.008234977 0.999954382 -0.004946532 0.349842354 -0.097827564 0.004117362 0.995195585 35.193379239
0.995214218 0.008799597 0.097314215 2.649336190 -0.008405205 0.999955168 -0.004460368 0.351973007 -0.097349405 0.003621063 0.995244006 35.353030879
0.995241651 0.008834582 0.097036958 2.652702916 -0.008475391 0.999955995 -0.004112013 0.353499554 -0.097068965 0.003270072 0.995273317 35.438976664
0.995279760 0.008871665 0.096639573 2.673451078 -0.008559916 0.999957269 -0.003639247 0.355827272 -0.096667904 0.002794850 0.995313270 35.612656678
0.995306577 0.008580607 0.096386160 2.694200046 -0.008315115 0.999960589 -0.003154713 0.358184977 -0.096409525 0.002338496 0.995339220 35.786336330
0.995341341 0.008341299 0.096043597 2.703688833 -0.008107192 0.999963361 -0.002826653 0.359612297 -0.096064025 0.002034880 0.995373394 35.880188534
0.995365858 0.008173462 0.095805677 2.728787930 -0.007998164 0.999965655 -0.002212889 0.362347718 -0.095820233 0.001436412 0.995398596 36.075799603
0.995426310 0.008079700 0.095188868 2.752094134 -0.007935797 0.999966415 -0.001888557 0.364780420 -0.095201190 0.001124572 0.995457930 36.285445076
0.995459599 0.008349548 0.094811112 2.759799971 -0.008230835 0.999964906 -0.001642356 0.366274860 -0.094821007 0.000854519 0.995494611 36.393327222
0.995505875 0.008458090 0.094321025 2.789250541 -0.008415274 0.999964328 -0.000850769 0.369437976 -0.094324693 0.000053294 0.995542113 36.610869104
0.995575906 0.008202341 0.093601378 2.809018793 -0.008229530 0.999966410 -0.000094890 0.373044468 -0.093599416 -0.000675786 0.995610243 36.848561919
0.995598327 0.008046898 0.093380665 2.822852334 -0.008105377 0.999967636 0.000247772 0.374649590 -0.093375371 -0.001003555 0.995631129 36.964347952
0.995599204 0.007959667 0.093373859 2.856637716 -0.008071854 0.999967099 0.000824107 0.377620669 -0.093364373 -0.001574134 0.995631328 37.203828125
0.995624186 0.008341819 0.093071399 2.882496587 -0.008460133 0.999963780 0.000877583 0.379958442 -0.093060788 -0.001661093 0.995659867 37.449441467
0.995645398 0.008520532 0.092834798 2.894531322 -0.008631528 0.999962795 0.000795409 0.381040941 -0.092824482 -0.001593234 0.995681747 37.579264556
0.995704411 0.008488485 0.092198290 2.920385894 -0.008595224 0.999963164 0.000761979 0.383218783 -0.092188110 -0.001551146 0.995740555 37.824879828
0.995730807 0.007870994 0.091969889 2.946248796 -0.007986323 0.999967957 0.000887046 0.385706491 -0.091960368 -0.001617735 0.995761694 38.070491361
0.995760697 0.007597174 0.091660967 2.966188005 -0.007708090 0.999970017 0.000856755 0.386602651 -0.091652217 -0.001559626 0.995790709 38.194191168
0.995859807 0.007675701 0.090574980 2.992027527 -0.007753702 0.999970125 0.000509696 0.388220736 -0.090568237 -0.001209831 0.995890042 38.439813192
0.996022189 0.007998739 0.088741012 3.008197899 -0.008069097 0.999967172 0.000435048 0.390771986 -0.088734967 -0.001149324 0.996054976 38.705580240
0.996092151 0.008346519 0.087922911 3.020249296 -0.008443332 0.999963962 0.000730180 0.392474216 -0.087913354 -0.001469640 0.996127017 38.835395853
0.996166554 0.008699849 0.087046364 3.050465015 -0.008827286 0.999960939 0.001080791 0.395439597 -0.087033286 -0.001845036 0.996204333 39.102937597
0.996234692 0.008535306 0.086271335 3.078888646 -0.008665607 0.999961939 0.001136800 0.398132245 -0.086258691 -0.001880067 0.996271279 39.384513383
0.996296741 0.008247001 0.085580899 3.089149837 -0.008378022 0.999964619 0.001173147 0.399631713 -0.085568081 -0.001885767 0.996330723 39.528362193
0.996411673 0.007421354 0.084309041 3.123722672 -0.007600499 0.999969133 0.001805109 0.403234697 -0.084293093 -0.002439401 0.996438385 39.817832219
0.996499615 0.005844649 0.083387841 3.156571948 -0.006166644 0.999974393 0.003605924 0.409113842 -0.083364585 -0.004107513 0.996511123 40.121305538
0.996575094 0.005470891 0.082511332 3.172994436 -0.005860425 0.999973300 0.004479923 0.411973450 -0.082484367 -0.004948085 0.996580345 40.273043162
0.996764140 0.004881676 0.080232499 3.193552022 -0.005327176 0.999971468 0.005339596 0.416281817 -0.080203908 -0.005749665 0.996762803 40.560724986
0.996931846 0.004993417 0.078120017 3.214060699 -0.005412353 0.999971754 0.005152886 0.418770973 -0.078091948 -0.005559881 0.996931221 40.848428756
0.996996223 0.005643046 0.077242242 3.232214808 -0.006048641 0.999969360 0.005019409 0.419654289 -0.077211386 -0.005471526 0.997000188 40.986159470
0.997059921 0.006867225 0.076320128 3.254506166 -0.007261790 0.999961905 0.004894760 0.422066329 -0.076283490 -0.005434555 0.997071950 41.259833419
0.997192185 0.007733334 0.074487578 3.275015380 -0.008107078 0.999956154 0.004717296 0.424575477 -0.074447980 -0.005307889 0.997210854 41.547536947
0.997296717 0.007503368 0.073092293 3.291387345 -0.007854389 0.999959099 0.004516850 0.425555900 -0.073055697 -0.005078716 0.997315744 41.699297241
0.997425237 0.006970544 0.071364106 3.313639199 -0.007241256 0.999967896 0.003536583 0.426498578 -0.071337324 -0.004044226 0.997443948 41.972988916
0.997516521 0.006142899 0.070163631 3.337628587 -0.006273401 0.999978865 0.001640868 0.425684869 -0.070152396 -0.002076920 0.997534903 42.232671027
0.997559337 0.005343703 0.069619610 3.349623280 -0.005404196 0.999985651 0.000681796 0.425278014 -0.069615083 -0.001056354 0.997573426 42.362512083
0.997703380 0.004826945 0.067567043 3.371854710 -0.004788136 0.999988227 -0.000735642 0.425461022 -0.067569725 0.000410462 0.997715021 42.636212922
0.997831990 0.005076179 0.065613166 3.386210421 -0.004982975 0.999986684 -0.001582939 0.426899904 -0.065620706 0.001252635 0.997844626 42.916024140
0.997885129 0.005264946 0.064793207 3.396446619 -0.005141113 0.999984484 -0.002077183 0.427469775 -0.064803144 0.001739762 0.997897280 43.059884164
0.997966012 0.006291425 0.063424630 3.423033553 -0.006098208 0.999976222 -0.003238288 0.428230412 -0.063443616 0.002845006 0.997981927 43.355514008
0.998046679 0.006895926 0.062091022 3.437382276 -0.006644632 0.999968852 -0.004250920 0.429409407 -0.062118270 0.003830089 0.998062295 43.635328361
0.998079487 0.006950424 0.061556917 3.455511393 -0.006658231 0.999965826 -0.004949316 0.429363126 -0.061588526 0.004529935 0.998091626 43.773070289
0.998158863 0.006402444 0.060310558 3.469853936 -0.006044226 0.999963171 -0.006118189 0.430312221 -0.060346882 0.005742390 0.998161239 44.052887416
0.998252932 0.005948743 0.058788270 3.485983459 -0.005540619 0.999959690 -0.007102797 0.431344130 -0.058827931 0.006764747 0.998245048 44.318672792
0.998289377 0.006003388 0.058146428 3.504121176 -0.005570217 0.999955323 -0.007607848 0.431617710 -0.058189837 0.007270956 0.998279824 44.456410861
0.998379452 0.006326022 0.056554040 3.520250968 -0.005850250 0.999946189 -0.008572762 0.432659615 -0.056605090 0.008227985 0.998363706 44.722196117
0.998435101 0.006595358 0.055518750 3.536378879 -0.006071466 0.999935214 -0.009597408 0.433631551 -0.055578794 0.009245350 0.998411518 44.987982216
0.998450580 0.006802154 0.055224655 3.546617765 -0.006256066 0.999930048 -0.010053652 0.434301378 -0.055288833 0.009692672 0.998424054 45.131841035
0.998485706 0.006754988 0.054585865 3.567125367 -0.006200901 0.999927506 -0.010311411 0.436750552 -0.054651505 0.009957294 0.998456103 45.419545287
0.998505298 0.006803949 0.054222827 3.589436880 -0.006268856 0.999929802 -0.010031155 0.439912267 -0.054286552 0.009676216 0.998479154 45.693210193
0.998569539 0.006014539 0.053123283 3.617669667 -0.005510279 0.999938784 -0.009631470 0.444575569 -0.053177378 0.009324975 0.998542401 46.088787909
0.998641517 0.006258512 0.051720073 3.633908836 -0.005841171 0.999949063 -0.008214309 0.449685709 -0.051768788 0.007901091 0.998628386 46.354524087
0.998644606 0.006089444 0.051683277 3.652101106 -0.005706492 0.999955719 -0.007551955 0.451988408 -0.051726996 0.007246762 0.998634857 46.492237678
0.998676947 0.006012389 0.051075365 3.668319581 -0.005681747 0.999962556 -0.006613842 0.456328882 -0.051113075 0.006314915 0.998673704 46.757983142
0.998709772 0.006227470 0.050388508 3.684509302 -0.005917346 0.999962893 -0.006299109 0.459599819 -0.050425917 0.005992872 0.998710047 47.023741507
0.998733169 0.006347225 0.049912239 3.690439982 -0.006056774 0.999963642 -0.005968148 0.461451255 -0.049948171 0.005658356 0.998736488 47.145650098
0.998786314 0.006658772 0.048808487 3.716334864 -0.006416999 0.999966784 -0.005108099 0.465128446 -0.048840201 0.004788695 0.998795643 47.391247282
0.998830454 0.007220644 0.047799161 3.720287718 -0.007009273 0.999965115 -0.004584328 0.468867721 -0.047831009 0.004243989 0.998847026 47.641189554
0.998854874 0.007674915 0.047217963 3.732324334 -0.007465028 0.999961114 -0.004618994 0.470020189 -0.047250577 0.004261255 0.998874372 47.771011799
0.998900102 0.007895484 0.046222837 3.742351952 -0.007665604 0.999957539 -0.005148153 0.471901000 -0.046261564 0.004788186 0.998918185 48.028881712
0.998950158 0.008045624 0.045093087 3.762098705 -0.007835185 0.999957788 -0.004838420 0.474707839 -0.045130560 0.004480008 0.998971152 48.266584173
0.998981840 0.008040828 0.044378411 3.768030460 -0.007849587 0.999959643 -0.004478344 0.476599257 -0.044412753 0.004125481 0.999005404 48.388492282
0.999035714 0.008331334 0.043103515 3.786008774 -0.008169057 0.999959276 -0.003937357 0.480012983 -0.043134237 0.003581486 0.999062763 48.640218174
0.999065678 0.008993673 0.042264730 3.796047679 -0.008822893 0.999952660 -0.004222519 0.482313612 -0.042300538 0.003845704 0.999097676 48.898083023
0.999088421 0.009226673 0.041679645 3.801957666 -0.009053481 0.999949760 -0.004340050 0.483395381 -0.041718101 0.003958728 0.999122248 49.020000898
0.999133293 0.009074475 0.040612893 3.815596063 -0.008930694 0.999953527 -0.003717156 0.486811226 -0.040645029 0.003351301 0.999168379 49.249790791
0.999156457 0.009069560 0.040038590 3.827445867 -0.008943456 0.999954997 -0.003325457 0.490084283 -0.040067334 0.002964625 0.999192854 49.493613158
0.999163980 0.009094665 0.039857079 3.833361497 -0.008968970 0.999954392 -0.003330688 0.491375961 -0.039884920 0.002970432 0.999200570 49.615528501
0.999205502 0.009028691 0.038814062 3.853107981 -0.008917551 0.999955719 -0.003033131 0.494172805 -0.038838971 0.002684631 0.999241913 49.853231083
0.999262471 0.008347608 0.037475350 3.866720311 -0.008241425 0.999961880 -0.002983708 0.496619071 -0.037498479 0.002672619 0.999293796 50.083032673
0.999286566 0.008277460 0.036840448 3.866520330 -0.008178978 0.999962882 -0.002819687 0.498249871 -0.036862662 0.002516368 0.999317673 50.197038703
0.999329869 0.007658847 0.035780101 3.880160608 -0.007585918 0.999969056 -0.002171126 0.501735686 -0.035795641 0.001898290 0.999357804 50.426827752
0.999379778 0.007230990 0.034460779 3.895580612 -0.007183712 0.999973655 -0.001491604 0.505034432 -0.034471053 0.001243094 0.999405247 50.642588306
0.999413748 0.007117787 0.033478614 3.897152294 -0.007072227 0.999973653 -0.001477000 0.506178295 -0.033488296 0.001239417 0.999438725 50.742569459
0.999495665 0.007665026 0.030813040 3.909564040 -0.007625532 0.999969989 -0.001395699 0.510764470 -0.030823233 0.001160069 0.999524304 51.150399164
0.999562947 0.008685709 0.028263008 3.920407598 -0.008654428 0.999962372 -0.001224088 0.514336726 -0.028272427 0.000978986 0.999599613 51.458246149
0.999603464 0.009535568 0.026490241 3.926109810 -0.009503828 0.999953631 -0.001322499 0.516759422 -0.026501238 0.001070280 0.999648640 51.694173552
0.999621409 0.009797648 0.025708029 3.927680417 -0.009766496 0.999951747 -0.001335142 0.517863302 -0.025719313 0.001083583 0.999668689 51.794155188
0.999636664 0.010014370 0.025023742 3.936945843 -0.009983661 0.999949127 -0.001350848 0.520051800 -0.025036095 0.001100610 0.999686233 52.002023913
0.999643087 0.009946539 0.024767755 3.944411925 -0.009904170 0.999949772 -0.001829409 0.521697683 -0.024784873 0.001583426 0.999691829 52.223929936
0.999640163 0.010052176 0.024853961 3.952084438 -0.009997428 0.999947862 -0.002324374 0.521952661 -0.024875759 0.002075133 0.999689034 52.331827034
0.999626953 0.010071959 0.025365474 3.961302566 -0.009988566 0.999944315 -0.003406783 0.522381922 -0.025397954 0.003152111 0.999672986 52.539716982
0.999619748 0.010556642 0.025463934 3.968734787 -0.010442123 0.999934782 -0.004621844 0.522768352 -0.025510184 0.004354253 0.999665778 52.761638199
0.999617580 0.010635593 0.025505855 3.976410794 -0.010510260 0.999932643 -0.005037589 0.523153274 -0.025557166 0.004767587 0.999662557 52.869533729
0.999596702 0.010602059 0.026322884 3.983891119 -0.010467563 0.999931869 -0.005238002 0.525328927 -0.026376692 0.004960373 0.999640240 53.091433361
0.999586365 0.011023933 0.026548348 3.997505330 -0.010890108 0.999927633 -0.005177205 0.527845163 -0.026603855 0.004886015 0.999634386 53.321234106
0.999587110 0.009721073 0.027042358 4.018818928 -0.009587926 0.999941427 -0.005045770 0.531615943 -0.027090115 0.004784435 0.999622287 53.658919892
0.999586664 0.008958954 0.027300113 4.034210177 -0.008824440 0.999948068 -0.005040483 0.533845153 -0.027343643 0.004797502 0.999614972 53.874693348
0.999583533 0.009217953 0.027316036 4.040114521 -0.009076507 0.999945075 -0.005293843 0.534717013 -0.027363664 0.005043728 0.999613070 53.996613756
0.999577693 0.009932184 0.027289356 4.047576841 -0.009775928 0.999935348 -0.005849591 0.536222957 -0.027345028 0.005580391 0.999611157 54.218521467
0.999587155 0.009891335 0.026971363 4.053293565 -0.009741217 0.999936532 -0.005686655 0.539185419 -0.027025719 0.005421601 0.999621062 54.454442358
