1.000000000 0.000000000 0.000000000 -0.000000000 0.000000000 1.000000000 0.000000000 -0.000000000 -0.000000000 0.000000000 1.000000000 0.000000000
0.999963224 -0.005636946 0.006499702 0.029234966 0.005627554 0.999982335 0.001464501 0.041323192 -0.006508033 -0.001427908 0.999977706 0.965578443
0.999831694 -0.014456960 0.011251959 0.065175456 0.014402233 0.999883864 0.004930615 0.086938344 -0.011321170 -0.004767746 0.999924574 1.952319055
0.999749675 -0.018137878 0.013034426 0.087277382 0.018037611 0.999806217 0.007770457 0.111908700 -0.013171771 -0.007533427 0.999884915 2.451327268
0.999632237 -0.020656617 0.017544337 0.111691970 0.020392129 0.999677733 0.015123117 0.164261131 -0.017850537 -0.014759853 0.999731445 3.446117475
0.999507106 -0.021378627 0.022969475 0.147542680 0.020859766 0.999526122 0.022595927 0.216680196 -0.023441421 -0.022105689 0.999480260 4.432584645
0.999476330 -0.020891395 0.024695105 0.169648033 0.020267880 0.999475486 0.025234765 0.241390784 -0.025208971 -0.024721045 0.999376439 4.931603298
0.999458303 -0.017907572 0.027593796 0.195753745 0.017171573 0.999495717 0.026681804 0.283675854 -0.028057416 -0.026193516 0.999262684 5.916913095
0.999406763 -0.013313296 0.031757731 0.233371383 0.012526857 0.999612450 0.024836313 0.320282696 -0.032075086 -0.024423781 0.999187023 6.894130736
0.999315236 -0.011340030 0.035203724 0.257126991 0.010515117 0.999666928 0.023529493 0.338023151 -0.035458767 -0.023143300 0.999102763 7.383544505
0.999101281 -0.010024132 0.041172247 0.311355596 0.009108227 0.999708121 0.022372672 0.376896826 -0.041384403 -0.021977575 0.998901676 8.383570349
0.998801375 -0.009147041 0.048079984 0.380592504 0.008014133 0.999685978 0.023703392 0.421400693 -0.048280867 -0.023289702 0.998562070 9.416154233
0.998678490 -0.009310215 0.050540681 0.411049285 0.008074893 0.999664236 0.024591260 0.443762813 -0.050752518 -0.024150694 0.998418484 9.926716920
0.998334336 -0.011764261 0.056469680 0.494858690 0.010330124 0.999617926 0.025621359 0.486831918 -0.056749138 -0.024995371 0.998075133 10.931268096
0.997919586 -0.014711480 0.062763155 0.577157717 0.013211352 0.999618316 0.024250010 0.526270641 -0.063094875 -0.023370469 0.997734090 11.945850178
0.997653016 -0.015320536 0.066727974 0.628947888 0.013722519 0.999609377 0.024340822 0.547293712 -0.067074544 -0.023368012 0.997474093 12.449710969
0.997021240 -0.017310200 0.075152977 0.732513070 0.015452980 0.999562225 0.025224136 0.590488828 -0.075555718 -0.023987634 0.996852834 13.457386374
0.996260920 -0.019869571 0.084079936 0.845941111 0.017679573 0.999486748 0.026711250 0.634885929 -0.084567546 -0.025124987 0.996100634 14.466578119
0.995830308 -0.020939261 0.088788483 0.907603106 0.018608405 0.999462246 0.026998771 0.656431594 -0.089305428 -0.025234003 0.995684472 14.971982554
0.995012807 -0.024652180 0.096650034 1.030919056 0.022048306 0.999366628 0.027917121 0.700132380 -0.097276276 -0.025647003 0.994927041 15.982766931
0.994080744 -0.028422611 0.104852938 1.162519724 0.025395022 0.999224163 0.030097362 0.746540174 -0.105626465 -0.027256599 0.994031728 17.004892169
0.993750013 -0.029697378 0.107603777 1.222605952 0.026511082 0.999169431 0.030922149 0.769411023 -0.108432642 -0.027876180 0.993712586 17.520128352
0.993100435 -0.031461711 0.112965983 1.355820883 0.028151856 0.999128882 0.030776883 0.811576244 -0.113835173 -0.027384366 0.993121607 18.532539088
0.992483319 -0.032374804 0.118015132 1.489064818 0.029105652 0.999145890 0.029320445 0.851543432 -0.118863933 -0.025665178 0.992578618 19.545038161
0.992170883 -0.032480314 0.120589815 1.562180734 0.029192080 0.999154627 0.028935782 0.871806937 -0.121427375 -0.025189005 0.992280694 20.042173766
0.991557320 -0.032007026 0.125654452 1.696951657 0.028559598 0.999167114 0.029142227 0.914145633 -0.126481258 -0.025307631 0.991645395 21.044692525
0.990865088 -0.034115214 0.130466943 1.853021035 0.030436442 0.999083761 0.030088429 0.957792913 -0.131372684 -0.025842721 0.990995674 22.040402982
0.990388909 -0.034877445 0.133842443 1.932881893 0.031141795 0.999067509 0.029904430 0.979361050 -0.134759712 -0.025448943 0.990551489 22.558820813
0.989465670 -0.036468851 0.140098288 2.097333811 0.032901608 0.999074146 0.027695053 1.018301971 -0.140978113 -0.022793826 0.989750088 23.566170066
0.988633791 -0.038418341 0.145351278 2.253478994 0.035121458 0.999065014 0.025182043 1.056204390 -0.146182338 -0.019790868 0.989059778 24.562111403
0.988076063 -0.039090194 0.148920751 2.346354905 0.035842704 0.999057886 0.024430256 1.076274191 -0.149734864 -0.018801252 0.988547380 25.062384086
0.987092030 -0.041171657 0.154766495 2.520625914 0.037780725 0.998978575 0.024789006 1.119734130 -0.155628242 -0.018621922 0.987639919 26.071116372
0.986219128 -0.040894795 0.160310010 2.696452387 0.037268806 0.998977616 0.025561572 1.163407509 -0.161190817 -0.019234778 0.986735694 27.069955073
0.985446875 -0.040915831 0.164985668 2.789313137 0.037205150 0.998981344 0.025520237 1.184626282 -0.165860904 -0.019010590 0.985965146 27.570181581
0.983404436 -0.039851331 0.176993381 2.994812827 0.036110626 0.999051617 0.024306624 1.225491358 -0.177793271 -0.017511927 0.983912178 28.573827086
0.981442605 -0.037626206 0.188027663 3.201876946 0.033890503 0.999158921 0.023044903 1.265890481 -0.188735833 -0.016244936 0.981893292 29.567606312
0.980540346 -0.036789068 0.192838092 3.306180015 0.032987833 0.999193606 0.022886831 1.286706307 -0.193524232 -0.016080131 0.980963125 30.059528655
0.978528055 -0.035604672 0.203013116 3.536075246 0.031424963 0.999222906 0.023775717 1.330355907 -0.203701440 -0.016885560 0.978887304 31.036536531
0.976202127 -0.036908298 0.213696630 3.772671913 0.031906450 0.999130567 0.026809187 1.378607190 -0.214499630 -0.019352877 0.976531689 32.034694128
0.975513791 -0.037894276 0.216647569 3.896696614 0.032590787 0.999076289 0.028001614 1.402136710 -0.217508108 -0.020255208 0.975848264 32.529636704
0.974139016 -0.037605017 0.222794817 4.134894098 0.031858572 0.999061090 0.029331943 1.447164508 -0.223687885 -0.021475494 0.974423674 33.518038844
0.972702703 -0.035113577 0.229380781 4.383028137 0.029477443 0.999174083 0.027952851 1.487809288 -0.230172240 -0.020428345 0.972934712 34.508181779
0.971829364 -0.034009704 0.233215814 4.508660245 0.028447248 0.999224940 0.027174287 1.507615771 -0.233959296 -0.019774387 0.972044924 34.993388975
0.970076149 -0.032776258 0.240575748 4.774979304 0.027327083 0.999289348 0.025952399 1.549332084 -0.241255164 -0.018601633 0.970283496 35.996503146
0.968145402 -0.032560880 0.248261100 5.054285862 0.027096019 0.999309863 0.025398878 1.591638193 -0.248915967 -0.017863026 0.968359694 36.981388250
0.967287163 -0.031050177 0.251775757 5.186633118 0.025259159 0.999336795 0.026200735 1.615007288 -0.252422681 -0.018983962 0.967430887 37.487786927
0.965401508 -0.029701552 0.259069849 5.482477474 0.022779676 0.999299253 0.029680134 1.665125268 -0.259769805 -0.022751745 0.965401902 38.495257385
0.963992958 -0.029850218 0.264246522 5.769994265 0.021681760 0.999193446 0.033775462 1.715783336 -0.265041294 -0.026829964 0.963863128 39.491256485
0.963264039 -0.028359125 0.267052600 5.913783839 0.019871669 0.999208769 0.034431415 1.738749483 -0.267817292 -0.027859743 0.963066761 39.989350997
0.962213120 -0.025306439 0.271119507 6.202955762 0.016590492 0.999270570 0.034392011 1.782067748 -0.271791904 -0.028594413 0.961931229 40.975760070
0.960738778 -0.023393037 0.276466274 6.493699761 0.014567777 0.999317701 0.033932539 1.824340579 -0.277071001 -0.028572893 0.960423728 41.952326152
0.960157597 -0.023058408 0.278504483 6.647375266 0.014100400 0.999317430 0.034125516 1.846760277 -0.279100685 -0.028838933 0.959828348 42.452007272
0.958821521 -0.022370520 0.283126808 6.954724166 0.013096942 0.999315092 0.034604732 1.891759529 -0.283706739 -0.029471643 0.958458086 43.451363088
0.957020354 -0.021243450 0.289238849 7.271948319 0.011565995 0.999315827 0.035126686 1.937021608 -0.289786840 -0.030271690 0.956611905 44.452272988
0.956096682 -0.020792956 0.292310615 7.437076030 0.011112105 0.999334033 0.034739937 1.958289029 -0.292837859 -0.029966581 0.955691669 44.943680058
0.954658332 -0.019613172 0.297056522 7.757464109 0.010088394 0.999385657 0.033563113 1.999961582 -0.297531275 -0.029044497 0.954269321 45.924964206
0.952662621 -0.018840863 0.303444829 8.087716762 0.009282847 0.999414302 0.032910229 2.042706236 -0.303886647 -0.028535521 0.952280651 46.907769914
0.951647609 -0.018892029 0.306609732 8.252827335 0.009114608 0.999403574 0.033289479 2.065272495 -0.307055215 -0.028885266 0.951252771 47.399124785
0.949469547 -0.018560675 0.313308278 8.594495807 0.008416776 0.999395933 0.033698344 2.109622406 -0.313744487 -0.029358537 0.949052926 48.373545621
0.947506962 -0.017876527 0.319235367 8.946071568 0.007840633 0.999434433 0.032694952 2.151807315 -0.319638302 -0.028475750 0.947110944 49.349618113
0.946391844 -0.018337602 0.322499432 9.122638433 0.008354791 0.999442080 0.032311612 2.172911574 -0.322911542 -0.027885030 0.946017387 49.832711382
0.944136842 -0.019744682 0.328961428 9.484036315 0.009144442 0.999388873 0.033739544 2.219385707 -0.329425495 -0.028846601 0.943740238 50.810176142
0.941561859 -0.021087170 0.336177591 9.855283478 0.009390969 0.999293742 0.036379657 2.268090905 -0.336707032 -0.031096662 0.941095621 51.789115885
0.939990325 -0.021050408 0.340550221 10.041691977 0.008771413 0.999255264 0.037556016 2.292005711 -0.341087394 -0.032315211 0.939475864 52.273660848
0.937494027 -0.021649210 0.347325071 10.424416922 0.008824622 0.999221073 0.038463393 2.337620367 -0.347887092 -0.032994278 0.936955026 53.244404437
0.934976208 -0.021777056 0.354039661 10.813876263 0.008105833 0.999164740 0.040052211 2.385338940 -0.354615194 -0.034578141 0.934372339 54.236398131
0.933684701 -0.021108499 0.357472507 11.010172275 0.007000719 0.999146077 0.040713549 2.408587403 -0.358026919 -0.035511085 0.933035721 54.722534520
0.931442493 -0.020076098 0.363333111 11.404351667 0.005562859 0.999145289 0.040947073 2.452879934 -0.363845058 -0.036118721 0.930758471 55.685010886
0.929059690 -0.019022460 0.369440888 11.790285495 0.005289851 0.999257898 0.038148856 2.491498111 -0.369891954 -0.033488314 0.928470728 56.636265645
0.927556955 -0.018827470 0.373207198 11.999629387 0.005488507 0.999307877 0.036771893 2.510760464 -0.373641116 -0.032059695 0.927018380 57.104356868
0.924579352 -0.018175212 0.380554182 12.405248593 0.004425322 0.999305700 0.036975109 2.554839878 -0.380961853 -0.032502368 0.924019237 58.058521440
0.922297031 -0.015487317 0.386171850 12.830568996 0.000245370 0.999219591 0.039487460 2.603181601 -0.386481265 -0.036324430 0.921581227 59.015644008
0.921093753 -0.014361639 0.389075058 13.038279508 -0.001846691 0.999146335 0.041252624 2.628135232 -0.389334823 -0.038716059 0.920281790 59.493391510
0.919935587 -0.013402583 0.391838878 13.468711079 -0.005512465 0.998874501 0.047107595 2.683502838 -0.392029081 -0.045496009 0.918826748 60.481451380
0.918659701 -0.015315871 0.394752097 13.900597788 -0.008151268 0.998299905 0.057702186 2.746687081 -0.394964496 -0.056226430 0.916973656 61.459312101
0.917826605 -0.014441839 0.396718448 14.114986534 -0.011339621 0.997976452 0.062564267 2.778000821 -0.396818963 -0.061921831 0.915806025 61.958138656
0.916867085 -0.011750412 0.399019469 14.556872815 -0.016628533 0.997574327 0.067585967 2.832026320 -0.398844431 -0.068602488 0.914448235 62.937932104
0.917369372 -0.005481111 0.397999721 14.975999835 -0.023249382 0.997459989 0.067325298 2.877356214 -0.397356589 -0.071015433 0.914911654 63.934715737
0.917190221 -0.001290263 0.398446551 15.201985806 -0.026922401 0.997508737 0.065203253 2.896527510 -0.397537835 -0.070530928 0.914870768 64.425709924
0.917376494 0.005850520 0.397977056 15.624434560 -0.030815761 0.997934694 0.056363043 2.926308576 -0.396824026 -0.063970106 0.915662091 65.403348437
0.916860607 0.011851275 0.399031878 16.056772146 -0.033320664 0.998342895 0.046910382 2.955323390 -0.397814364 -0.056306282 0.915736404 66.382582391
0.916839965 0.013081776 0.399039445 16.272883656 -0.033718790 0.998428692 0.044741385 2.974171913 -0.397826781 -0.054475836 0.915841516 66.872024903
0.917329388 0.011175593 0.397972912 16.714910473 -0.031135998 0.998557852 0.043727720 3.017546941 -0.396909459 -0.052504023 0.916354582 67.852246382
0.918068347 0.009356600 0.396310589 17.158510158 -0.028430132 0.998701179 0.042280698 3.059816588 -0.395400054 -0.050083780 0.917142381 68.822627280
0.917815905 0.007536808 0.396933899 17.376160917 -0.026040345 0.998809179 0.041247113 3.080107452 -0.396150139 -0.048193629 0.916919791 69.302126821
0.918654621 0.007071593 0.394997880 17.816604057 -0.025355019 0.998833499 0.041086518 3.125407126 -0.394246025 -0.047759520 0.917762140 70.292155956
0.919278391 0.008774032 0.393508522 18.247151115 -0.027408026 0.998751086 0.041759216 3.172022562 -0.392649544 -0.049173686 0.918371955 71.280567566
0.919405677 0.008537223 0.393218227 18.461650603 -0.027145465 0.998757234 0.041786055 3.194943811 -0.392371907 -0.049092378 0.918495168 71.779731406
0.920092564 0.004900425 0.391669024 18.895466134 -0.020758894 0.999126551 0.036265330 3.230046808 -0.391148773 -0.041498117 0.919391244 72.748835676
0.920300251 0.000497532 0.391211439 19.332585206 -0.010180145 0.999690396 0.022676785 3.250979746 -0.391079197 -0.024852107 0.920020878 73.698739415
0.920596313 -0.000318503 0.390516160 19.542034039 -0.006658325 0.999840908 0.016511687 3.262289214 -0.390458268 -0.017800695 0.920448581 74.167150256
0.920510281 -0.007410210 0.390647341 19.977332525 0.001927214 0.999893250 0.014425697 3.303100736 -0.390712874 -0.012526152 0.920427250 75.126140102
0.920294425 -0.023397215 0.390525277 20.420729316 0.016060019 0.999627478 0.022043422 3.360746627 -0.390895433 -0.014014693 0.920328431 76.095903045
0.920515784 -0.030026044 0.389548423 20.638268147 0.021621055 0.999428910 0.025943742 3.389519901 -0.390104655 -0.015459170 0.920640115 76.575061687
0.920603143 -0.038795323 0.388566863 21.063553218 0.029476758 0.999116777 0.029916854 3.440539229 -0.389384023 -0.016087870 0.920934095 77.532076645
0.920980292 -0.042563634 0.387276516 21.487294162 0.032240968 0.998930648 0.033115482 3.490485885 -0.388271535 -0.018012593 0.921368758 78.499019719
0.921226688 -0.044331303 0.386490387 21.693424820 0.033115307 0.998815312 0.035633862 3.517074422 -0.387611306 -0.020028108 0.921605243 78.986586521
0.921197856 -0.046847530 0.386263806 22.115527771 0.033069285 0.998559489 0.042242479 3.573062043 -0.387686055 -0.026140257 0.921420919 79.963171820
0.921183145 -0.046190623 0.386377726 22.537684642 0.030571044 0.998450850 0.046476833 3.624963319 -0.387925528 -0.031001728 0.921169227 80.939921345
0.921076215 -0.044937243 0.386779712 22.743865793 0.029071574 0.998481756 0.046775589 3.647725280 -0.388294661 -0.031839658 0.920984429 81.427641934
0.921172576 -0.040531618 0.387036112 23.157835503 0.024855341 0.998658551 0.045424871 3.689526163 -0.388357876 -0.032224300 0.920944787 82.393347730
0.920904605 -0.036015530 0.388121246 23.578555825 0.020513286 0.998820361 0.044012604 3.732202062 -0.389248072 -0.032569803 0.920556474 83.380353018
0.920667897 -0.034216428 0.388843214 23.796202761 0.018912614 0.998890226 0.043118217 3.752782666 -0.389886187 -0.032343541 0.920294560 83.859840914
0.920025775 -0.031896514 0.390556493 24.228377266 0.017240505 0.999011260 0.040975583 3.794156423 -0.391476378 -0.030965301 0.919666792 84.838578176
0.920006496 -0.034038965 0.390421698 24.660493368 0.019392671 0.998954101 0.041396337 3.839956220 -0.391421608 -0.030513594 0.919705400 85.817137560
0.919925622 -0.035755425 0.390459638 24.876509693 0.020370707 0.998846146 0.043473534 3.866018289 -0.391562866 -0.032038499 0.919592756 86.306290167
0.920361434 -0.038411220 0.389176353 25.316850397 0.021442273 0.998623980 0.047854165 3.919081018 -0.390477917 -0.035698387 0.919919674 87.296007314
0.921503471 -0.038984615 0.386408826 25.737527608 0.021999030 0.998590537 0.048284341 3.965023995 -0.387745779 -0.035993586 0.921062735 88.282881302
0.921662522 -0.040322391 0.385891274 25.953632659 0.024274897 0.998629280 0.046369953 3.984362080 -0.387231808 -0.033369998 0.921377917 88.772304140
0.921618217 -0.042890063 0.385720280 26.385822720 0.028298250 0.998655437 0.043431061 4.024556891 -0.387063840 -0.029111672 0.921593503 89.751088782
0.921410229 -0.040541606 0.386470359 26.816302542 0.024124254 0.998591938 0.047238025 4.076267768 -0.387841516 -0.034202291 0.921091068 90.739295611
0.921486578 -0.042538043 0.386072281 27.030711723 0.024609665 0.998381447 0.051264295 4.106032894 -0.387628056 -0.037738332 0.921042810 91.238184402
0.922349088 -0.044176883 0.383823984 27.451321831 0.025061916 0.998189764 0.054663280 4.157061320 -0.385544119 -0.040799269 0.921787216 92.224854012
0.922380360 -0.041242127 0.384073729 27.873670785 0.023696012 0.998452150 0.050306923 4.194405621 -0.385553996 -0.037301139 0.921930941 93.202188566
0.922319209 -0.039966055 0.384355771 28.089799698 0.023525383 0.998599127 0.047383527 4.211935323 -0.385710171 -0.034660661 0.921968448 93.691684080
0.922159346 -0.039025550 0.384836194 28.512093282 0.023299147 0.998694627 0.045445629 4.253475869 -0.386106815 -0.032941856 0.921865077 94.668849992
0.921614526 -0.041217327 0.385910080 28.942595912 0.024514851 0.998541042 0.048104434 4.303458293 -0.387329607 -0.034873268 0.921281379 95.657126286
0.921580921 -0.042207070 0.385882567 29.158631617 0.025079384 0.998467925 0.049314784 4.328051676 -0.387372648 -0.035769936 0.921228881 96.146337918
0.921437419 -0.040404761 0.386418368 29.579343764 0.023564986 0.998558628 0.048219185 4.371347022 -0.387809823 -0.035325093 0.921061663 97.133318312
0.921211397 -0.038907904 0.387111999 30.011505877 0.022581592 0.998655835 0.046635644 4.413659938 -0.388405932 -0.034219671 0.920852926 98.112017829
0.921255642 -0.039094203 0.386987219 30.219253962 0.022748489 0.998648247 0.046730783 4.435766116 -0.388289780 -0.034247683 0.920900460 98.589879767
0.920325048 -0.040356484 0.389066841 30.643015473 0.023061819 0.998531370 0.049022122 4.484154167 -0.390473447 -0.036143732 0.919904437 99.556885480
0.919567692 -0.041011652 0.390785219 31.076691390 0.023450938 0.998493342 0.049605573 4.529837699 -0.392230330 -0.036451465 0.919144233 100.525564530
0.919503592 -0.041292678 0.390906431 31.294326989 0.023930037 0.998502899 0.049185975 4.551277534 -0.392351948 -0.035872351 0.919114573 101.005017895
0.919638144 -0.041242798 0.390595320 31.719698280 0.023787926 0.998493997 0.049423154 4.595762708 -0.392044572 -0.036160042 0.919234582 101.962295454
0.919202309 -0.042298842 0.391507014 32.145037272 0.024185501 0.998400674 0.051084157 4.642695691 -0.393041625 -0.037487894 0.918756422 102.919474638
0.919104305 -0.042152739 0.391752370 32.351201021 0.023571392 0.998362021 0.052122602 4.666776472 -0.393307310 -0.038671976 0.918593610 103.407142224
0.919058855 -0.040688042 0.392013120 32.766696005 0.021851022 0.998386515 0.052396277 4.711078748 -0.393512391 -0.039589404 0.918466426 104.362862487
0.918329850 -0.040435072 0.393743887 33.192091818 0.021865161 0.998430863 0.051536637 4.753705584 -0.395209970 -0.038718394 0.917774309 105.320214730
0.917948005 -0.039183217 0.394760825 33.411297383 0.020755800 0.998490041 0.050844247 4.774259843 -0.396157271 -0.038478786 0.917376138 105.789818679
0.916986480 -0.038209811 0.397083245 33.846555528 0.019692110 0.998523494 0.050609224 4.818128629 -0.398430153 -0.038588615 0.916386148 106.748685657
0.916595755 -0.038251776 0.397980898 34.273490854 0.019611238 0.998515942 0.050804922 4.862177823 -0.399332937 -0.038762737 0.915985908 107.696095732
0.916231358 -0.038063610 0.398836947 34.491120387 0.019427038 0.998525983 0.050666800 4.884077248 -0.400177969 -0.038674288 0.915621178 108.175530626
0.915949993 -0.037886464 0.399498850 34.927962737 0.019722266 0.998579758 0.049482168 4.925981423 -0.400806229 -0.037444205 0.915397284 109.124591554
0.915270555 -0.035861821 0.401238289 35.374710925 0.018525891 0.998722107 0.047003927 4.965830498 -0.402411337 -0.035588067 0.914767194 110.075299721
0.915333453 -0.036484145 0.401040819 35.592345732 0.019384291 0.998724750 0.046615168 4.987330280 -0.402229416 -0.034894589 0.914873324 110.554750676
0.914931173 -0.038682259 0.401750802 36.037457112 0.021430176 0.998648021 0.047349873 5.033130400 -0.403039777 -0.034712323 0.914524142 111.515104683
0.914947097 -0.041460520 0.401437108 36.482557946 0.023946088 0.998533416 0.048551082 5.079729804 -0.402861576 -0.034808851 0.914598907 112.475426567
0.915247021 -0.042554316 0.400639883 36.691874943 0.025252992 0.998509362 0.048368300 5.101030334 -0.402099925 -0.034151664 0.914957823 112.943435877
0.915612832 -0.043038706 0.399751241 37.120415040 0.026552864 0.998555973 0.046690074 5.141556312 -0.401183699 -0.032135509 0.915433198 113.881102541
0.915872234 -0.041453915 0.399323073 37.547358276 0.024889871 0.998604387 0.046578950 5.185006043 -0.400696273 -0.032721308 0.915625951 114.828536707
0.916238090 -0.041003745 0.398528343 37.763380006 0.023610376 0.998546236 0.048456603 5.210658478 -0.399936077 -0.034988484 0.915874340 115.317705778
0.917364873 -0.040402301 0.395991867 38.187089837 0.021039434 0.998365715 0.053121109 5.262963025 -0.397490439 -0.040400009 0.916716380 116.284554090
0.917785659 -0.037873382 0.395265627 38.612428697 0.017574592 0.998339770 0.054851258 5.309906000 -0.396685903 -0.043395118 0.916927538 117.241732872
0.917673268 -0.035976587 0.395702275 38.820210401 0.016083622 0.998439376 0.053476773 5.329464457 -0.397008606 -0.042709972 0.916820084 117.719697201
0.917248712 -0.033116390 0.396936186 39.251955953 0.015140900 0.998716396 0.048334842 5.363253724 -0.398026771 -0.038325112 0.916573116 118.637864594
0.917252450 -0.032491016 0.396979304 39.672227679 0.016044530 0.998871764 0.044681264 5.399833801 -0.397982592 -0.034614680 0.916739406 119.564240186
0.917543088 -0.033283895 0.396239976 39.884674195 0.017069454 0.998868800 0.044377695 5.420152472 -0.397268406 -0.033954911 0.917073594 120.012518946
0.917995948 -0.035745316 0.394974486 40.294959004 0.019249856 0.998771316 0.045648807 5.464932152 -0.396120671 -0.034302246 0.917557261 120.937000358
0.918359890 -0.036680318 0.394041143 40.715130666 0.019953812 0.998720648 0.046463591 5.509095445 -0.395240802 -0.034807731 0.917917403 121.863071189
0.918236148 -0.036700610 0.394328718 40.924441732 0.019919113 0.998716436 0.046568040 5.530845572 -0.395530612 -0.034905862 0.917788757 122.331062431
0.917862533 -0.035785308 0.395280721 41.354528592 0.019278199 0.998770488 0.045655067 5.572244400 -0.396427586 -0.034284820 0.917425179 123.258809010
0.918193428 -0.035020622 0.394580637 41.764861126 0.018828047 0.998816531 0.044835940 5.613407316 -0.395683248 -0.033738899 0.917766987 124.183435776
0.918640121 -0.034983476 0.393542862 41.965869938 0.018987456 0.998829543 0.044467746 5.633779246 -0.394637812 -0.033377520 0.918229621 124.640032753
0.918034387 -0.034431915 0.395001406 42.395955084 0.018693486 0.998872465 0.043624556 5.675307958 -0.396057925 -0.032664941 0.917643712 125.567774112
0.918329205 -0.034823218 0.394282191 42.797987211 0.019752624 0.998912907 0.042218308 5.714952802 -0.395323105 -0.030982240 0.918019043 126.481012235
0.918505447 -0.035768288 0.393787812 42.998990618 0.020862445 0.998896763 0.042069945 5.735734365 -0.394857225 -0.030426136 0.918238190 126.937592750
0.918550910 -0.037006265 0.393567356 43.410843284 0.021753407 0.998831466 0.043147365 5.779788326 -0.394703623 -0.031071605 0.918282793 127.852218322
0.918791005 -0.039572086 0.392754090 43.814342150 0.023330049 0.998666379 0.046043658 5.826370594 -0.394051898 -0.033141529 0.918490450 128.755292632
0.918915000 -0.040302908 0.392389733 44.005441565 0.023665182 0.998606642 0.047148268 5.849067383 -0.393743099 -0.034039309 0.918590254 129.210231529
0.918847810 -0.040939942 0.392482410 44.417262723 0.023281968 0.998495114 0.049647446 5.895509207 -0.393924553 -0.036480732 0.918418530 130.124761136
0.918768829 -0.041268209 0.392631524 44.837392726 0.022479550 0.998376238 0.052333420 5.942829675 -0.394152695 -0.039256167 0.918206075 131.050705084
0.919202833 -0.041187163 0.391625297 45.036804413 0.021944673 0.998327469 0.053486562 5.966145341 -0.393171977 -0.040570979 0.918569138 131.517068761
0.919326736 -0.041254739 0.391324928 45.440351399 0.021702956 0.998290778 0.054256989 6.009080871 -0.392893900 -0.041387050 0.918651281 132.420289630
0.919064589 -0.040307906 0.392040149 45.840817909 0.021183425 0.998370193 0.052987630 6.049281587 -0.393536707 -0.040394307 0.918420821 133.343390419
0.919186857 -0.039165540 0.391867864 46.041855988 0.020659477 0.998467772 0.051332586 6.067435501 -0.393277520 -0.039088518 0.918588303 133.800076536
0.918927963 -0.038226010 0.392569060 46.453805290 0.020985829 0.998621235 0.048116106 6.104166014 -0.393865918 -0.035976915 0.918463241 134.714996430
0.919050207 -0.038356306 0.392270454 46.854270614 0.021670663 0.998665555 0.046877728 6.144456649 -0.393544377 -0.034582286 0.918654618 135.638093605
0.918554406 -0.038328007 0.393431838 47.055268483 0.021543562 0.998662672 0.046991334 6.165657837 -0.394706219 -0.034688222 0.918152365 136.094657255
0.918706014 -0.038422166 0.393067916 47.448930330 0.021153171 0.998615023 0.048173311 6.209079871 -0.394373511 -0.035942568 0.918246250 136.996293925
0.918597600 -0.038021935 0.393360702 47.852469669 0.020224188 0.998578746 0.049293253 6.252594883 -0.394675454 -0.037325297 0.918061503 137.899491504
0.918778113 -0.037670011 0.392972532 48.045144324 0.019606057 0.998562224 0.049882000 6.274006453 -0.394285924 -0.038125918 0.918196439 138.344597047
0.918784350 -0.036648796 0.393053638 48.441948345 0.018281095 0.998562671 0.050374174 6.315487486 -0.394334761 -0.039097594 0.918134809 139.226541712
0.918749313 -0.036417464 0.393156933 48.830446158 0.017948472 0.998560057 0.050551886 6.355890053 -0.394430983 -0.039388022 0.918080568 140.097080067
0.918855336 -0.036257539 0.392923741 49.024693285 0.017713756 0.998555906 0.050719103 6.376226215 -0.394194506 -0.039643438 0.918171003 140.532343824
0.918489218 -0.036659831 0.393741754 49.404871706 0.017920225 0.998528672 0.051166455 6.416549423 -0.395038483 -0.039939950 0.917795167 141.391435715
0.918459600 -0.036953862 0.393782443 49.798057798 0.018139017 0.998512855 0.051396316 6.455933794 -0.395096090 -0.040062656 0.917765498 142.232359973
0.918117260 -0.037096431 0.394567800 49.983991598 0.018179144 0.998503244 0.051576336 6.475731008 -0.395890450 -0.040180272 0.917417979 142.656195737
0.918632254 -0.037622477 0.393317753 50.358978828 0.018523119 0.998462079 0.052244477 6.515092908 -0.394678106 -0.040708075 0.917916932 143.484106599
0.918811542 -0.036993680 0.392958131 50.743852648 0.017765165 0.998464877 0.052458412 6.553858402 -0.394295600 -0.041218484 0.918058512 144.313606077
0.918819721 -0.037115173 0.392927185 50.931346395 0.017756263 0.998446838 0.052790284 6.573529360 -0.394275728 -0.041527843 0.918053124 144.727561909
0.917839720 -0.038010597 0.395126540 51.334402729 0.018416898 0.998410631 0.053264988 6.613556218 -0.396523006 -0.041611760 0.917081447 145.570024993
0.918362183 -0.038342168 0.393878781 51.719279317 0.018805724 0.998398513 0.053342167 6.652111899 -0.395292950 -0.041580288 0.917613409 146.399532903
0.918069188 -0.038620802 0.394534464 51.915101157 0.019229425 0.998409757 0.052987491 6.671202807 -0.395953276 -0.041059594 0.917351843 146.824961700
0.918284854 -0.038144330 0.394078566 52.290123850 0.019120457 0.998458640 0.052090026 6.707877111 -0.395458021 -0.040298556 0.917599545 147.652980573
0.919297870 -0.036870573 0.391831150 52.665122682 0.017766641 0.998474623 0.052270954 6.746359797 -0.393160868 -0.041091119 0.918550790 148.480926769
0.920023201 -0.036312487 0.390177936 52.832863024 0.017072847 0.998465782 0.052666778 6.765724906 -0.391490662 -0.041793197 0.919232334 148.891765599
0.921471561 -0.035823418 0.386789971 53.186534266 0.016412207 0.998439424 0.053373052 6.805107033 -0.388097257 -0.042833763 0.920622235 149.726431360
0.922315759 -0.035285513 0.384823226 53.541784176 0.015922075 0.998446232 0.053389570 6.842944174 -0.386107976 -0.043114937 0.921444864 150.551274206
0.922886946 -0.034310182 0.383539032 53.719418491 0.015097359 0.998480067 0.052993108 6.861153379 -0.384773309 -0.043116271 0.922003286 150.963724138
0.923233079 -0.032403821 0.382871270 54.066368257 0.013294983 0.998534503 0.052450788 6.897452465 -0.384009488 -0.043334055 0.922311299 151.777179144
0.924105618 -0.032155734 0.380780226 54.414887067 0.013472056 0.998574960 0.051631560 6.932935912 -0.381897266 -0.042583166 0.923223084 152.580781925
0.924810532 -0.033522305 0.378947607 54.584216493 0.015364260 0.998587664 0.050840680 6.949966741 -0.380116050 -0.041195753 0.924020717 152.981829561
0.926174092 -0.030740312 0.375841495 54.914530244 0.012541683 0.998630613 0.050772646 6.985897296 -0.376886740 -0.042310633 0.925292255 153.772400074
0.927591639 -0.031659950 0.372249873 55.228180823 0.013087414 0.998544436 0.052314614 7.023517479 -0.373363830 -0.043654899 0.926656561 154.540003376
0.928748803 -0.032811640 0.369254718 55.387567629 0.013606943 0.998420544 0.054494749 7.045390913 -0.370459690 -0.045587470 0.927729320 154.939291747
0.930893803 -0.032149558 0.363871325 55.681377792 0.011036980 0.998139790 0.059953663 7.089299347 -0.365121281 -0.051794516 0.929517755 155.703513038
0.932944682 -0.029802073 0.358783197 55.973631041 0.006834220 0.997854402 0.065114890 7.133104243 -0.359953406 -0.058296667 0.931146464 156.477623495
0.934289361 -0.029512087 0.355292324 56.114824390 0.005860029 0.997703605 0.067463693 7.154545573 -0.356467210 -0.060948667 0.932317668 156.863914932
0.936688246 -0.030276001 0.348850954 56.407082252 0.005287577 0.997363994 0.072361271 7.198000781 -0.350122129 -0.065935494 0.934380392 157.638039443
0.939967407 -0.033113385 0.339652850 56.679604640 0.007484441 0.997041931 0.076490645 7.239791356 -0.341180797 -0.069356647 0.937434960 158.409101560
0.941482861 -0.033406469 0.335400080 56.810944226 0.007643324 0.996936115 0.077841397 7.259341317 -0.336972113 -0.070722858 0.938854825 158.793904363
0.945261511 -0.032164609 0.324724197 57.065352522 0.006880171 0.996873255 0.078714515 7.294685168 -0.326240095 -0.072171711 0.942527872 159.552211267
0.949812263 -0.028644050 0.311504601 57.303204696 0.004956002 0.997051466 0.076571178 7.323605905 -0.312779218 -0.071184517 0.947154103 160.287877004
0.952342240 -0.027116632 0.303822625 57.414860091 0.004481196 0.997176494 0.074953001 7.337604709 -0.304997626 -0.070019488 0.949775167 160.669773607
0.956799792 -0.023318340 0.289810731 57.629827628 0.002186010 0.997326996 0.073028598 7.367331340 -0.290738988 -0.069240140 0.954293910 161.422047674
0.961279753 -0.018098824 0.274978643 57.826592348 -0.001723021 0.997426620 0.071672860 7.397335231 -0.275568295 -0.069371555 0.958774557 162.161296298
0.963548795 -0.015504755 0.267082459 57.918471531 -0.003646324 0.997464960 0.071059972 7.412756639 -0.267506379 -0.069443616 0.961049834 162.540006434
0.967500430 -0.011830083 0.252589595 58.095484956 -0.005981025 0.997554205 0.069629819 7.442294825 -0.252795458 -0.068877767 0.965064243 163.276144480
0.971754041 -0.007971548 0.235858873 58.259529206 -0.008007195 0.997740044 0.066711659 7.469854456 -0.235856951 -0.066715945 0.969495192 164.030567407
0.973666875 -0.005630354 0.227905873 58.331694404 -0.009302788 0.997880131 0.064396421 7.481982689 -0.227784182 -0.064820769 0.971551756 164.406280599
0.977595702 -0.004203362 0.210450026 58.477598986 -0.008473653 0.998203665 0.059299678 7.505033862 -0.210320991 -0.059754347 0.975803946 165.147870416
0.981599731 -0.005143415 0.190876880 58.603708503 -0.005672237 0.998410224 0.056072990 7.530936362 -0.190862245 -0.056124037 0.980011245 165.886216347
0.983578660 -0.006162505 0.180375985 58.665941233 -0.004056539 0.998409210 0.056230485 7.547137889 -0.180434986 -0.056038799 0.981988494 166.260201191
0.987059907 -0.009743293 0.160052663 58.770568782 0.000072697 0.998178854 0.060316099 7.585639363 -0.160348731 -0.059524047 0.985263425 167.004796495
0.990229084 -0.013005046 0.138843347 58.852288755 0.003905402 0.997837639 0.065611244 7.626685176 -0.139395834 -0.064428010 0.988138164 167.765930262
0.991618055 -0.015190642 0.128308686 58.893149730 0.006458710 0.997650497 0.068198286 7.647133150 -0.129042013 -0.066797970 0.989386290 168.146500157
0.994224282 -0.019060198 0.105615976 58.965031102 0.011496151 0.997354960 0.071770351 7.685138622 -0.106703394 -0.070141666 0.991813104 168.906191465
0.996427863 -0.022484923 0.081401989 59.008950287 0.016722478 0.997350519 0.070791657 7.714376385 -0.082778179 -0.069177526 0.994164243 169.651656191
0.997306962 -0.024179359 0.069229840 59.020281614 0.019392722 0.997427868 0.068996835 7.726752397 -0.070720291 -0.067468584 0.995211548 170.027856549
0.998694665 -0.026194369 0.043852268 59.044559455 0.023398513 0.997732616 0.063096943 7.747191908 -0.045405645 -0.061988545 0.997043083 170.770545573
0.999495965 -0.026332095 0.017722172 59.036077803 0.025276809 0.998033931 0.057338441 7.768144515 -0.019197038 -0.056861603 0.998196845 171.528290047
0.999632201 -0.026666113 0.004875165 59.026081673 0.026351545 0.998081536 0.056015278 7.781409977 -0.006359134 -0.055866260 0.998418171 171.911210371
0.999452506 -0.025457429 -0.021128787 58.994578803 0.026615965 0.998047974 0.056492080 7.813519217 0.019650214 -0.057023506 0.998179063 172.685147189
0.998663161 -0.021890480 -0.046810437 58.946397204 0.024653713 0.997935603 0.059293289 7.848497031 0.045415817 -0.060368090 0.997142560 173.436069418
0.998055606 -0.020542974 -0.058839602 58.914989505 0.024202921 0.997771125 0.062180412 7.869026240 0.057431618 -0.063483589 0.996328950 173.825453530
0.996410050 -0.018752002 -0.082557067 58.839184893 0.024348570 0.997434618 0.067314050 7.909624747 0.081083714 -0.069082605 0.994310009 174.622445603
0.994381212 -0.011707582 -0.105208689 58.732168870 0.019492436 0.997121111 0.073273614 7.951509289 0.104048636 -0.074912747 0.991746545 175.424577057
0.993348559 -0.007868790 -0.114874927 58.671117617 0.016775111 0.996907037 0.076771077 7.972598813 0.113916265 -0.078187502 0.990408546 175.809244710
0.991214875 -0.004213403 -0.132190888 58.565614345 0.015556829 0.996267660 0.084896126 8.017933898 0.131340517 -0.086206762 0.987581318 176.601352485
0.988982805 0.000217111 -0.148027514 58.440388254 0.013507581 0.995694047 0.091705490 8.060645208 0.147410761 -0.092694700 0.984721395 177.390436411
0.987701245 0.002559719 -0.156327618 58.369469659 0.012418591 0.995422530 0.094761739 8.080872442 0.155855139 -0.095537770 0.983148493 177.773574072
0.985454459 0.004301105 -0.169882006 58.231319876 0.012587654 0.995085284 0.098212416 8.118158283 0.169470137 -0.098922401 0.980558146 178.581081407
0.983320837 0.008508215 -0.181679338 58.080236118 0.009633054 0.995065990 0.098737914 8.150797957 0.181623821 -0.098841243 0.978387933 179.406980831
0.982424668 0.011878527 -0.186280911 57.994829534 0.006649035 0.995112096 0.098521559 8.166055683 0.186541516 -0.098028539 0.977543745 179.818408581
0.980741012 0.016083161 -0.194649118 57.832346305 0.003008362 0.995241050 0.097390859 8.195851209 0.195289936 -0.096100718 0.976025349 180.652742666
0.979355708 0.018848338 -0.201262948 57.671462705 0.000314707 0.995499559 0.094760428 8.222513170 0.202144041 -0.092867508 0.974942264 181.477317681
0.978651373 0.019992731 -0.204551916 57.586078401 -0.000767660 0.995605431 0.093636661 8.236082406 0.205525732 -0.091480548 0.974366887 181.888813289
0.977535739 0.020348820 -0.209782557 57.412158258 -0.000872652 0.995710401 0.092516982 8.265871246 0.210765954 -0.090255694 0.973360214 182.731468002
0.976408590 0.021458831 -0.214861422 57.228343483 -0.001600205 0.995741084 0.092175810 8.296865946 0.215925132 -0.089657442 0.972284090 183.572509606
