1.000000000 -0.000000000 -0.000000000 -0.000000000 -0.000000000 1.000000000 0.000000000 -0.000000000 0.000000000 -0.000000000 1.000000000 0.000000000
0.999992537 0.003424958 -0.001960380 -0.004908961 -0.003423953 0.999994343 0.000486118 -0.048810279 0.001961874 -0.000479255 0.999997061 0.880678102
0.999994695 0.000371092 -0.003077446 0.010939606 -0.000379276 0.999996766 -0.002657195 -0.104338269 0.003076410 0.002658417 0.999990916 1.769720748
0.999992472 -0.000212958 -0.003844574 0.019214390 0.000193477 0.999987871 -0.005077675 -0.133817924 0.003845531 0.005076973 0.999979423 2.219143260
0.999973624 0.002075075 -0.006878610 0.017093615 -0.002149336 0.999939424 -0.010798514 -0.195754652 0.006855767 0.010813074 0.999917885 3.139064737
0.999948185 0.001469825 -0.010018632 0.015956379 -0.001577247 0.999941629 -0.010724009 -0.248714829 0.010002210 0.010739356 0.999892059 4.079486506
0.999925160 0.001644578 -0.012082188 0.015309447 -0.001753702 0.999957836 -0.009025174 -0.272230684 0.012066827 0.009045776 0.999885883 4.549864985
0.999855333 0.004612203 -0.016385796 0.004634925 -0.004696419 0.999976418 -0.005100936 -0.319029451 0.016361774 0.005177318 0.999852285 5.501257511
0.999763228 0.006653168 -0.020732976 -0.015960145 -0.006703690 0.999974837 -0.002369895 -0.368262092 0.020716682 0.002508397 0.999782022 6.453138441
0.999735789 0.006635173 -0.022003558 -0.025316001 -0.006659820 0.999977542 -0.001047498 -0.393868479 0.021996013 0.001193930 0.999756647 6.944017504
0.999657142 0.007260951 -0.025163472 -0.034032015 -0.007234276 0.999974005 0.001150059 -0.445491847 0.025171072 -0.000967525 0.999682011 7.925126400
0.999531403 0.008065263 -0.029510864 -0.063365015 -0.007946677 0.999960396 0.004131768 -0.495717156 0.029542960 -0.003895232 0.999555277 8.897569985
0.999474580 0.008309008 -0.031316112 -0.082095200 -0.008128158 0.999950199 0.005896700 -0.521330135 0.031363471 -0.005638940 0.999491378 9.399071071
0.999352980 0.008427280 -0.034971290 -0.111452459 -0.008102624 0.999923029 0.009415386 -0.570637231 0.035047888 -0.009125856 0.999343691 10.371566570
0.999239136 0.010684486 -0.037506063 -0.140823956 -0.010196079 0.999861488 0.013187780 -0.619405375 0.037642060 -0.012795222 0.999208922 11.344092542
0.999184287 0.011596720 -0.038666985 -0.160807691 -0.011023012 0.999827159 0.015018107 -0.643774782 0.038834377 -0.014579457 0.999138318 11.825671172
0.999164601 0.013245658 -0.038652819 -0.190167850 -0.012533657 0.999748376 0.018604171 -0.692972092 0.038889174 -0.018104062 0.999079363 12.798172879
0.999109011 0.015509833 -0.039248310 -0.219437038 -0.014723874 0.999687528 0.020234229 -0.745612703 0.039550140 -0.019638152 0.999024533 13.770479905
0.999094497 0.016109401 -0.039364182 -0.229361791 -0.015316584 0.999675927 0.020359065 -0.772788044 0.039679075 -0.019737591 0.999016573 14.251273876
0.999122166 0.016913893 -0.038312831 -0.248554858 -0.016156627 0.999670383 0.019988890 -0.828883327 0.038637806 -0.019352228 0.999065809 15.222759565
0.999108640 0.016779984 -0.038724799 -0.277173672 -0.015968605 0.999648284 0.021167526 -0.883038987 0.039066414 -0.020530237 0.999024870 16.204977314
0.999101909 0.017062681 -0.038768420 -0.295846901 -0.016227784 0.999631799 0.021747769 -0.910807772 0.039124861 -0.021098966 0.999011284 16.706356513
0.999127431 0.017051715 -0.038117963 -0.324421416 -0.016220376 0.999626072 0.022012568 -0.966640170 0.038479443 -0.021374947 0.999030192 17.688479461
0.999261641 0.015679361 -0.035073535 -0.332372881 -0.014932838 0.999658571 0.021447233 -1.024100180 0.035397736 -0.020907511 0.999154486 18.679254742
0.999320605 0.014969733 -0.033660952 -0.331054187 -0.014257635 0.999671953 0.021296871 -1.052710111 0.033968747 -0.020802378 0.999206183 19.179334356
0.999344697 0.014640040 -0.033085219 -0.358369615 -0.013937271 0.999674596 0.021372028 -1.109995673 0.033387356 -0.020896861 0.999223381 20.181367910
0.999334887 0.015115962 -0.033176957 -0.375750518 -0.014380478 0.999648282 0.022295990 -1.165376331 0.033502325 -0.021803968 0.999200568 21.182883152
0.999320739 0.014262924 -0.033968280 -0.395072804 -0.013471818 0.999635546 0.023407914 -1.191679972 0.034289726 -0.022934270 0.999148645 21.674348805
0.999299300 0.012969153 -0.035091510 -0.423730643 -0.012080347 0.999603737 0.025420473 -1.244358505 0.035407328 -0.024978735 0.999060594 22.656650070
0.999288112 0.013386149 -0.035264922 -0.452397183 -0.012416276 0.999542582 0.027579965 -1.296707678 0.035617881 -0.027122435 0.998997320 23.638969956
0.999326269 0.013805017 -0.033988502 -0.461773871 -0.012809067 0.999487326 0.029346300 -1.321525599 0.034376227 -0.028891136 0.998991154 24.129893598
0.999341813 0.014969319 -0.033048129 -0.489340588 -0.013824025 0.999305634 0.034615761 -1.369299662 0.033543268 -0.034135929 0.998854131 25.132464923
0.999258172 0.017474226 -0.034317221 -0.517520764 -0.016113659 0.999088703 0.039528579 -1.416955959 0.034976616 -0.038946209 0.998628341 26.125046524
0.999248644 0.018978775 -0.033798690 -0.536843314 -0.017602114 0.999021851 0.040574953 -1.443249619 0.034535580 -0.039949333 0.998604089 26.616512741
0.999244427 0.020175645 -0.033199739 -0.565390142 -0.018834872 0.999014357 0.040214572 -1.500129979 0.033978296 -0.039558775 0.998639077 27.598576439
0.999226890 0.021673512 -0.032793920 -0.594475808 -0.020421096 0.999067726 0.038056454 -1.559717079 0.033588088 -0.037357240 0.998737026 28.570490716
0.999202908 0.022907976 -0.032672267 -0.613710024 -0.021686364 0.999070498 0.037266449 -1.589354235 0.033495566 -0.036528155 0.998770332 29.061767895
0.999207962 0.025116689 -0.030857654 -0.630402319 -0.023975224 0.999034746 0.036820228 -1.647697126 0.031752647 -0.036051063 0.998844807 30.073112038
0.999247623 0.025559657 -0.029180719 -0.646541274 -0.024445375 0.998982257 0.037926100 -1.703882210 0.030120218 -0.037184022 0.998853547 31.094574565
0.999242110 0.026047827 -0.028904980 -0.654610093 -0.024928360 0.998950416 0.038436203 -1.731999703 0.029875702 -0.037686399 0.998842178 31.605304418
0.999248326 0.027591274 -0.027241070 -0.671388349 -0.026495569 0.998856453 0.039794237 -1.787088923 0.028307884 -0.039042455 0.998836473 32.616832521
0.999337007 0.026835379 -0.024607246 -0.677552964 -0.025811560 0.998824752 0.041021419 -1.842876172 0.025679077 -0.040359007 0.998855095 33.637691527
0.999374528 0.026457434 -0.023453972 -0.686242625 -0.025468348 0.998813509 0.041509544 -1.870596443 0.024524417 -0.040886128 0.998862762 34.138447456
0.999438892 0.025133152 -0.022115730 -0.692520321 -0.024206887 0.998857703 0.041196972 -1.929034137 0.023125960 -0.040638515 0.998906204 35.156157694
0.999491264 0.023108533 -0.021994960 -0.698297916 -0.022195539 0.998917498 0.040882982 -1.987919357 0.022915769 -0.040373833 0.998921538 36.181839736
0.999497946 0.022202798 -0.022582377 -0.706200904 -0.021273575 0.998949644 0.040590598 -2.017693228 0.023459855 -0.040089703 0.998920244 36.694475215
0.999565762 0.021035706 -0.020645481 -0.712417176 -0.020191026 0.998983429 0.040302597 -2.076145693 0.021472263 -0.039868071 0.998973660 37.713184256
0.999586696 0.020588674 -0.020050584 -0.719694021 -0.019775807 0.999006777 0.039928307 -2.133728259 0.020852725 -0.039515245 0.999001114 38.714948630
0.999607827 0.019825040 -0.019773813 -0.728127170 -0.019016534 0.999008239 0.040272154 -2.161916817 0.020552496 -0.039880213 0.998992598 39.219676635
0.999706465 0.017509078 -0.016752195 -0.726157032 -0.016811588 0.999021452 0.040904969 -2.216982874 0.017451922 -0.040611314 0.999022522 40.209961255
0.999795634 0.015041662 -0.013460935 -0.725266966 -0.014483876 0.999069556 0.040620958 -2.272751174 0.014059346 -0.040417651 0.999083562 41.182212681
0.999838270 0.013753577 -0.011591751 -0.724703843 -0.013256422 0.999033206 0.041919452 -2.298174509 0.012157047 -0.041758891 0.999053692 41.671476441
0.999908522 0.011178100 -0.007614840 -0.714379671 -0.010802557 0.998803798 0.047692427 -2.342337575 0.008138792 -0.047606013 0.998832193 42.639759451
0.999966480 0.007148270 -0.003902311 -0.693455847 -0.006923700 0.998474044 0.054797447 -2.384358993 0.004288022 -0.054767996 0.998489648 43.618533556
0.999983869 0.005322660 -0.001657862 -0.682905476 -0.005219130 0.998351415 0.057165404 -2.407562835 0.001959423 -0.057155884 0.998362487 44.108296429
0.999987087 0.004557821 0.002083802 -0.672421249 -0.004673855 0.998214467 0.059548589 -2.457784118 -0.001808667 -0.059556878 0.998222570 45.076236913
0.999945040 0.007137791 0.007604655 -0.651666631 -0.007597601 0.998032304 0.062252234 -2.507262234 -0.007145276 -0.062306532 0.998030837 46.048591593
0.999918616 0.008537389 0.009436019 -0.651955033 -0.009126272 0.997892589 0.064240351 -2.530487451 -0.008867680 -0.064320574 0.997889663 46.524984335
0.999869293 0.009862905 0.012783596 -0.632774287 -0.010715297 0.997598864 0.068426599 -2.575838407 -0.012078093 -0.068554075 0.997573374 47.473581041
0.999813461 0.007616665 0.017726445 -0.595385011 -0.008841521 0.997502779 0.070082866 -2.651044879 -0.017148329 -0.070225758 0.997383477 48.869953358
0.999752613 0.003220673 0.021997255 -0.555156699 -0.004671676 0.997793071 0.066235001 -2.711781485 -0.021735505 -0.066320737 0.997560797 49.827424168
0.999622363 -0.002991697 0.027313202 -0.507037501 0.001267539 0.998017770 0.062925055 -2.769496974 -0.027447355 -0.062866371 0.997643914 50.751451713
0.999574050 -0.006143734 0.028522140 -0.488134864 0.004343859 0.998020198 0.062742853 -2.795592198 -0.028851230 -0.062592354 0.997621336 51.212435224
0.999505939 -0.011967436 0.029069891 -0.451120507 0.010036592 0.997790232 0.065682582 -2.840947944 -0.029791769 -0.065357616 0.997416188 52.124792293
0.999278085 -0.019195610 0.032782966 -0.394128742 0.016881090 0.997441230 0.069474838 -2.884285197 -0.034032729 -0.068871222 0.997044322 53.037011097
0.999147111 -0.021312308 0.035350654 -0.365340890 0.018755470 0.997289610 0.071145399 -2.906609147 -0.036771086 -0.070421617 0.996838551 53.497581820
0.998942849 -0.022586426 0.040029787 -0.317991000 0.019666877 0.997219751 0.071885178 -2.955997638 -0.041542050 -0.071021904 0.996608868 54.413083421
0.998818755 -0.023890128 0.042303575 -0.260617712 0.020874111 0.997304349 0.070354300 -3.009155388 -0.043870308 -0.069388181 0.996624126 55.326746260
0.998761137 -0.024174592 0.043492592 -0.231283336 0.021102637 0.997340976 0.069756000 -3.035994153 -0.045063329 -0.068751205 0.996615082 55.794059188
0.998678491 -0.023235956 0.045847173 -0.175960818 0.020027467 0.997398591 0.069243007 -3.085455510 -0.047336921 -0.068232910 0.996545672 56.675942591
0.998408357 -0.023774464 0.051146040 -0.098257920 0.020213987 0.997409373 0.069039106 -3.136064596 -0.052654924 -0.067895509 0.996301605 57.595494971
0.998413497 -0.023260159 0.051282869 -0.081144518 0.019730233 0.997470441 0.068296789 -3.161432049 -0.052741763 -0.067175818 0.996345608 58.027530119
0.998249500 -0.021334280 0.055167413 -0.014657605 0.017787423 0.997791179 0.064004492 -3.218576644 -0.056411075 -0.062910877 0.996423412 58.924347319
0.998036226 -0.018668880 0.059792787 0.053631226 0.015236351 0.998237272 0.057358762 -3.281549489 -0.060758213 -0.056335307 0.996561419 59.847825230
0.997915248 -0.015895133 0.062552213 0.082555680 0.012461062 0.998413930 0.054911597 -3.311354089 -0.063325864 -0.054016943 0.996529056 60.306973365
0.997609931 -0.003878170 0.068985689 0.139385609 0.000052942 0.998466299 0.055364495 -3.360116792 -0.069094627 -0.055229082 0.996079311 61.213887228
0.997157006 0.008183303 0.074900934 0.205005612 -0.012755146 0.998071094 0.060764816 -3.398309453 -0.074259107 -0.061547111 0.995337527 62.105778124
0.996893080 0.008523068 0.078302535 0.252801533 -0.013350310 0.998028186 0.061334342 -3.421198294 -0.077625292 -0.062188903 0.995041122 62.549070669
0.996347457 0.001903844 0.085372509 0.358848450 -0.006119070 0.998773094 0.049139743 -3.491704868 -0.085174268 -0.049482719 0.995135756 63.430632683
0.995498497 0.000835215 0.094774988 0.464015982 -0.003599049 0.999573273 0.028995604 -3.575130324 -0.094710325 -0.029206072 0.995076339 64.291471508
0.995081288 0.001905397 0.099042867 0.521958982 -0.004244823 0.999717180 0.023414572 -3.608780026 -0.098970187 -0.023719721 0.994807510 64.731530354
0.994209768 -0.002701814 0.107424352 0.639354359 -0.000303290 0.999609801 0.027948241 -3.650042856 -0.107457968 -0.027818891 0.993819385 65.649107110
0.993668108 -0.012365461 0.111669601 0.766659686 0.008046638 0.999204944 0.039043602 -3.679229763 -0.112063644 -0.037897754 0.992978078 66.570739169
0.993481937 -0.015633756 0.112911367 0.824758405 0.010952930 0.999059352 0.041957682 -3.697981639 -0.113461083 -0.040447318 0.992717975 67.020637070
0.993023198 -0.018950255 0.116387656 0.940204833 0.014224327 0.999045439 0.041302440 -3.746332699 -0.117059222 -0.039358605 0.992344651 67.902825724
0.992415491 -0.018376742 0.121545091 1.066381686 0.013533973 0.999086639 0.040549220 -3.795181775 -0.122179089 -0.038596553 0.991757191 68.796355866
0.992234956 -0.017766972 0.123102850 1.124940981 0.012725809 0.999053408 0.041616329 -3.817505500 -0.123725551 -0.039726370 0.991520409 69.252049648
0.991802630 -0.017793344 0.126529891 1.262804402 0.012279266 0.998946314 0.044226674 -3.861459474 -0.127183402 -0.042310302 0.990976177 70.175219692
0.991589020 -0.019370556 0.127970534 1.390390326 0.013670759 0.998881395 0.045270022 -3.908197844 -0.128704302 -0.043139573 0.990743426 71.092860492
0.991654411 -0.019723442 0.127407740 1.459254039 0.014126536 0.998901713 0.044684831 -3.933376604 -0.128149042 -0.042511946 0.990842927 71.551765392
0.991794882 -0.018741108 0.126456512 1.576578049 0.013630285 0.999060337 0.041160607 -3.988109636 -0.127108969 -0.039099062 0.991117557 72.461583087
0.992156619 -0.015244623 0.124068200 1.693960321 0.010649950 0.999235827 0.037613459 -4.042737673 -0.124546727 -0.035997012 0.991560302 73.372406357
0.992200468 -0.012649721 0.124010682 1.752035888 0.008284029 0.999330567 0.035656893 -4.069854080 -0.124378686 -0.034351276 0.991639157 73.817832782
0.992372654 -0.007023349 0.123072774 1.857693319 0.002938918 0.999440164 0.033337517 -4.120997916 -0.123237947 -0.032721389 0.991836585 74.702488824
0.992553843 -0.001057870 0.121798357 1.953418849 -0.002779573 0.999505165 0.031332750 -4.171835755 -0.121771266 -0.031437924 0.992059332 75.588787818
0.992641650 0.001347103 0.121080177 2.011276641 -0.005169806 0.999498049 0.031263378 -4.195329610 -0.120977239 -0.031659139 0.992149722 76.032419782
0.992906741 0.005431728 0.118770705 2.117493977 -0.009396621 0.999416507 0.032848106 -4.239943741 -0.118522905 -0.033730959 0.992377478 76.929440667
0.993497581 0.007074599 0.113630786 2.224034497 -0.011325095 0.999259037 0.036804025 -4.280619129 -0.113286113 -0.037851446 0.992840580 77.833681714
0.993683433 0.008271409 0.111917181 2.272438063 -0.012692906 0.999164216 0.038852744 -4.301095457 -0.111502375 -0.040027723 0.992957099 78.288106683
0.994485845 0.009317950 0.104459161 2.359719817 -0.013832802 0.998997831 0.042580733 -4.343267946 -0.103957703 -0.043790705 0.993616246 79.204511132
0.995422361 0.008808960 0.095163209 2.436855889 -0.013107974 0.998917354 0.044645817 -4.388593713 -0.094666892 -0.045688658 0.994459914 80.117364758
0.995950543 0.008963445 0.089451341 2.475659479 -0.013056965 0.998889084 0.045283602 -4.412086780 -0.088946149 -0.046268358 0.994960401 80.577243368
0.996845318 0.007744323 0.078989773 2.543300231 -0.011439556 0.998856118 0.046438104 -4.459770166 -0.078539760 -0.047194188 0.995793057 81.497587177
0.997707302 0.008318930 0.067153834 2.598761684 -0.011373657 0.998912057 0.045234896 -4.509869880 -0.066704455 -0.045894843 0.996715943 82.381433765
0.998070339 0.008465064 0.061506372 2.627249293 -0.011175630 0.998975183 0.043859466 -4.537000883 -0.061072078 -0.044462074 0.997142040 82.834735234
0.998764837 0.006293887 0.049278538 2.673923020 -0.008275968 0.999160611 0.040122279 -4.593139052 -0.048984711 -0.040480429 0.997978522 83.735860277
0.999302206 0.006660868 0.036753190 2.701548585 -0.008113946 0.999185903 0.039528881 -4.644884575 -0.036459976 -0.039799322 0.998541593 84.655479555
0.999475538 0.007557113 0.031480246 2.720725901 -0.008850328 0.999113957 0.041147275 -4.667515334 -0.031141416 -0.041404196 0.998656959 85.122656774
0.999772407 0.009171861 0.019243107 2.730125019 -0.010027562 0.998943165 0.044853491 -4.713627816 -0.018811375 -0.045036368 0.998807759 86.074835352
0.999849287 0.014182402 0.010017390 2.738275083 -0.014640207 0.998777874 0.047217359 -4.760977103 -0.009335539 -0.047356277 0.998833556 87.005951598
0.999835495 0.017118618 0.005899958 2.737588097 -0.017376910 0.998746955 0.046937644 -4.787597321 -0.005089093 -0.047032303 0.998879673 87.474155284
0.999766710 0.021525722 0.001371963 2.746915296 -0.021565981 0.998720009 0.045753920 -4.842538632 -0.000385468 -0.045772281 0.998951086 88.420836496
0.999729418 0.023172734 -0.001969485 2.766288807 -0.023061988 0.998740130 0.044565515 -4.897496103 0.002999630 -0.044507920 0.999004045 89.367890420
0.999703172 0.023781968 -0.005265345 2.765449979 -0.023529767 0.998769751 0.043661298 -4.925299620 0.006297172 -0.043524369 0.999031610 89.833028288
0.999570499 0.026330221 -0.012846958 2.753910827 -0.025788148 0.998839746 0.040677533 -4.983265475 0.013903106 -0.040328620 0.999089315 90.764796309
0.999493902 0.026968105 -0.016881089 2.743361884 -0.026356729 0.999024383 0.035447931 -5.046368530 0.017820521 -0.034984924 0.999228825 91.710268813
0.999480956 0.026700951 -0.018008991 2.743351140 -0.026121144 0.999156357 0.031692990 -5.080103305 0.018840035 -0.031206066 0.999335294 92.186067354
0.999456595 0.025597976 -0.020737063 2.742831146 -0.025123496 0.999423758 0.022825064 -5.149495919 0.021309449 -0.022291646 0.999524381 93.128558963
0.999483178 0.021278711 -0.024069095 2.732501310 -0.020934889 0.999676831 0.014447049 -5.218582136 0.024368640 -0.013935584 0.999605626 94.074692822
0.999494588 0.017764190 -0.026351340 2.721870598 -0.017476274 0.999785899 0.011115029 -5.251379348 0.026543098 -0.010648783 0.999590930 94.541174002
0.999517156 0.010060613 -0.029380912 2.711319783 -0.009806465 0.999914131 0.008781286 -5.309791128 0.029466770 -0.008488793 0.999529365 95.488911024
0.999568489 0.004753541 -0.028968744 2.709680309 -0.004413668 0.999921559 0.011782436 -5.357602523 0.029022478 -0.011649416 0.999510691 96.423626071
0.999563081 0.003105495 -0.029388378 2.699160779 -0.002656726 0.999880029 0.015296370 -5.378436602 0.029432324 -0.015211518 0.999450891 96.897781104
0.999509294 -0.000577924 -0.031317606 2.687159391 0.001277280 0.999751041 0.022313523 -5.418906488 0.031296886 -0.022342356 0.999259559 97.830538331
0.999372918 -0.008566404 -0.034346659 2.673896569 0.009494978 0.999591406 0.026965465 -5.462454797 0.034101543 -0.027274499 0.999045504 98.741129464
0.999296828 -0.011202377 -0.035767841 2.661355564 0.012216348 0.999526638 0.028255090 -5.485321738 0.035434340 -0.028672072 0.998960540 99.181181859
0.999219578 -0.010654352 -0.038020001 2.626418347 0.011928303 0.999369977 0.033440516 -5.526721857 0.037639728 -0.033867822 0.998717021 100.066156241
0.999323984 -0.007203711 -0.036039815 2.602470625 0.008864696 0.998895999 0.046142860 -5.555323850 0.035667536 -0.046431423 0.998283534 100.973220247
0.999338362 -0.005124482 -0.036016763 2.590843811 0.007076040 0.998501444 0.054265242 -5.566589347 0.035684569 -0.054483717 0.997875925 101.433921343
0.999354028 0.000972619 -0.035915186 2.558126491 0.001546136 0.997543511 0.070035802 -5.590364926 0.035895069 -0.070045790 0.996896740 102.363876286
0.999399846 0.009029121 -0.033437320 2.544308695 -0.006399623 0.996938750 0.077925620 -5.626768336 0.034038517 -0.077665546 0.996397720 103.268873556
0.999391535 0.012287206 -0.032633047 2.532754446 -0.009664293 0.996799918 0.079350426 -5.650021318 0.033503533 -0.078986264 0.996312101 103.724898337
0.999452416 0.015986398 -0.028967013 2.517991885 -0.013626003 0.996707602 0.079926449 -5.699179129 0.030149269 -0.079488171 0.996378782 104.608182079
0.999469969 0.018050131 -0.027088253 2.513945801 -0.015882572 0.996811312 0.078206915 -5.752927398 0.028413459 -0.077735388 0.996569008 105.500576652
0.999506638 0.017933901 -0.025781209 2.511529686 -0.015880369 0.996845637 0.077763607 -5.778784713 0.027094434 -0.077315800 0.996638337 105.940833598
0.999522317 0.018025470 -0.025092169 2.505028698 -0.016059746 0.996944592 0.076450536 -5.829711289 0.026393423 -0.076010602 0.996756880 106.794401812
0.999476187 0.021366662 -0.024309824 2.498271739 -0.019518266 0.997075888 0.073882136 -5.882500245 0.025817258 -0.073369057 0.996970262 107.642866537
0.999472445 0.022932934 -0.022972037 2.494604988 -0.021222487 0.997170525 0.072124978 -5.909534482 0.024561045 -0.071599632 0.997130124 108.062064537
0.999418276 0.026292212 -0.021695156 2.486202725 -0.024716304 0.997243268 0.069962089 -5.960112950 0.023474791 -0.069384893 0.997313684 108.884663645
0.999405938 0.028223592 -0.019775244 2.477647012 -0.026782280 0.997208061 0.069706986 -6.007193423 0.021687395 -0.069135630 0.997370973 109.706460888
0.999420998 0.028349501 -0.018791921 2.482788554 -0.026966678 0.997171859 0.070153462 -6.028967690 0.020727554 -0.069606101 0.997358913 110.108336418
0.999431581 0.028906045 -0.017332788 2.472979542 -0.027601485 0.997073980 0.071288204 -6.072503866 0.019342691 -0.070769244 0.997304622 110.911340925
0.999516714 0.026958270 -0.015441107 2.483038298 -0.025806073 0.997178163 0.070498646 -6.119112450 0.017298009 -0.070066422 0.997391547 111.709920779
0.999601506 0.024531186 -0.013942849 2.487968142 -0.023473187 0.997160964 0.071554197 -6.139804424 0.015658443 -0.071197625 0.997338484 112.108858585
0.999751326 0.018880575 -0.011886799 2.506355895 -0.017935123 0.997010500 0.075165898 -6.176872567 0.013270330 -0.074933706 0.997099734 112.884360154
0.999858883 0.011594991 -0.012129636 2.504605156 -0.010605405 0.996843139 0.078689858 -6.214482476 0.013003675 -0.078550145 0.996824693 113.658084203
0.999901039 0.007919858 -0.011628676 2.518421871 -0.006961171 0.996748058 0.080287018 -6.232888694 0.012226673 -0.080198415 0.996703328 114.039531379
0.999929857 0.006397560 -0.009989464 2.515406269 -0.005563163 0.996663807 0.081430701 -6.273447279 0.010476992 -0.081368952 0.996628203 114.791096669
0.999931195 0.007793695 -0.008732334 2.522037843 -0.007043973 0.996539203 0.082832398 -6.312775649 0.009347619 -0.082765821 0.996524964 115.537107310
0.999938892 0.007423364 -0.008121170 2.524906383 -0.006717294 0.996463839 0.083757363 -6.331682711 0.008714218 -0.083697020 0.996453120 115.903157970
0.999951580 0.007198952 -0.006665545 2.526033989 -0.006607927 0.996376138 0.084798128 -6.412101851 0.007251857 -0.084749429 0.996375829 117.359718641
0.999959375 0.005630103 -0.007071407 2.528598595 -0.005023367 0.996531101 0.083070039 -6.435676237 0.007514542 -0.083030999 0.996518164 117.718507946
0.999974279 0.001573193 -0.006941357 2.534022538 -0.001012886 0.996796221 0.079985199 -6.482429777 0.007044935 -0.079975473 0.996771192 118.441107093
0.999974957 0.000747210 -0.006946603 2.537900322 -0.000222444 0.997166220 0.075230916 -6.530725529 0.006983111 -0.075227234 0.997141772 119.137628449
0.999977135 -0.000861603 -0.006650737 2.549725636 0.001343654 0.997344795 0.072821861 -6.554613103 0.006570204 -0.072828666 0.997322151 119.483778374
0.999933275 -0.009606155 -0.006368726 2.562884405 0.010026469 0.997522831 0.069637190 -6.599369136 0.005683975 -0.069696757 0.997551142 120.169877466
0.999868373 -0.013358114 -0.009159612 2.563737822 0.013949345 0.997598128 0.067860419 -6.639460071 0.008231080 -0.067979286 0.997652689 120.820879353
0.999820244 -0.015476478 -0.010951447 2.564069479 0.016188758 0.997536896 0.068252458 -6.657062889 0.009868121 -0.068417794 0.997607930 121.146018582
0.999776565 -0.017587891 -0.011733324 2.555370819 0.018399348 0.997157803 0.073061949 -6.685812087 0.010414842 -0.073261332 0.997257618 121.810283393
0.999753454 -0.018522793 -0.012238187 2.556663889 0.019430955 0.996700663 0.078808833 -6.712511463 0.010738024 -0.079027834 0.996813945 122.475037725
0.999735059 -0.019008562 -0.013000916 2.557041401 0.019998219 0.996531261 0.080787028 -6.727229492 0.011420154 -0.081025647 0.996646215 122.802339334
0.999689771 -0.019924336 -0.014904139 2.557024519 0.021123429 0.996142699 0.085173512 -6.755170863 0.013149597 -0.085462000 0.996253684 123.445031402
0.999625713 -0.022425996 -0.015638604 2.557166901 0.023695901 0.995978481 0.086401096 -6.789140508 0.013638082 -0.086739088 0.996137311 124.087382636
0.999642880 -0.021361503 -0.016044366 2.558464232 0.022667932 0.996018227 0.086221565 -6.808641627 0.014138615 -0.086554787 0.996145874 124.427409112
0.999703645 -0.018375963 -0.015986176 2.552363945 0.019673971 0.996166882 0.085232294 -6.850263368 0.014358529 -0.085520622 0.996232431 125.127932738
0.999778633 -0.015205679 -0.014518801 2.555726584 0.016347163 0.996495261 0.082043434 -6.895231996 0.013220360 -0.082262490 0.996522341 125.817644739
0.999810666 -0.014408354 -0.013058559 2.557207689 0.015401763 0.996718754 0.079472027 -6.919378877 0.011870691 -0.079658090 0.996751258 126.158408186
0.999815314 -0.016602299 -0.009662295 2.570343255 0.017295324 0.996904381 0.076707795 -6.963256619 0.008358839 -0.076860199 0.997006757 126.844556936
0.999724723 -0.022557132 -0.006399600 2.592908958 0.023002559 0.996434334 0.081181041 -6.993068712 0.004545579 -0.081306203 0.996678427 127.527876017
0.999656281 -0.025653069 -0.005309644 2.604297902 0.026011881 0.996039626 0.085019968 -7.005059827 0.003107579 -0.085128556 0.996364205 127.872699280
0.999627430 -0.026818313 -0.005038693 2.617226649 0.027175940 0.995105633 0.095014388 -7.024937847 0.002465832 -0.095115319 0.995462790 128.567202422
0.999834366 -0.017645692 -0.004382439 2.609764689 0.017988956 0.995076118 0.097474745 -7.058913271 0.002640841 -0.097537400 0.995227540 129.249165236
0.999925512 -0.011864789 -0.002813928 2.610909149 0.012077034 0.995487996 0.094120043 -7.084179179 0.001684502 -0.094146354 0.995556196 129.583867585
0.999976452 -0.006789129 -0.000165147 2.613650762 0.006779197 0.996495640 0.083369733 -7.142604839 -0.000401439 -0.083369155 0.996518053 130.256824523
0.999961164 -0.008756409 -0.000877561 2.627016496 0.008798338 0.996882956 0.078410595 -7.190574221 0.000188286 -0.078414949 0.996920723 130.944741212
0.999947708 -0.010028406 -0.001661174 2.638696520 0.010128290 0.996833230 0.078879018 -7.208962492 0.000864802 -0.078891842 0.996882170 131.291202063
0.999961367 -0.008534019 -0.002064738 2.641678401 0.008676337 0.996488617 0.083283196 -7.239519152 0.001346701 -0.083298274 0.996523023 131.981728903
0.999977071 -0.006460901 -0.002120363 2.653986371 0.006620865 0.996191203 0.086946463 -7.270553480 0.001550402 -0.086957704 0.996210776 132.660606702
0.999987662 -0.004230260 -0.002387593 2.654957592 0.004421907 0.996198261 0.087004876 -7.289262142 0.002010562 -0.087014886 0.996204646 132.995679791
0.999994531 0.000807208 -0.003000912 2.657443103 -0.000541569 0.996165614 0.087488148 -7.326443123 0.003059988 -0.087486038 0.996160244 133.674836076
0.999987029 -0.001681449 -0.004874240 2.670413827 0.002121285 0.995787131 0.091674511 -7.357150880 0.004699558 -0.091683743 0.995776932 134.364728361
0.999975134 -0.004631381 -0.005315727 2.682137346 0.005103684 0.995693512 0.092568449 -7.374875242 0.004863986 -0.092593694 0.995691112 134.712226386
0.999940359 -0.007179210 -0.008232333 2.684191325 0.007895425 0.995861349 0.090544183 -7.416514355 0.007548116 -0.090603454 0.995858204 135.382133868
0.999932983 -0.006344857 -0.009682744 2.685009211 0.007129098 0.996505083 0.083230479 -7.466811440 0.009120794 -0.083293134 0.996482973 136.027560517
0.999937777 -0.005491495 -0.009699987 2.685581861 0.006250505 0.996771794 0.080042128 -7.491225809 0.009229116 -0.080097831 0.996743569 136.353314265
0.999935288 -0.005403410 -0.010031470 2.688133055 0.006158296 0.997027311 0.076810957 -7.535513368 0.009586462 -0.076867204 0.996994423 137.030069475
0.999896873 -0.005554370 -0.013263907 2.689702702 0.006590888 0.996818904 0.079428502 -7.568060967 0.012780451 -0.079507287 0.996751709 137.696492429
0.999860468 -0.006458998 -0.015411427 2.680946575 0.007702278 0.996600610 0.082022500 -7.582655039 0.014829185 -0.082129761 0.996510928 138.038421997
0.999798915 -0.007993453 -0.018370063 2.673414501 0.009499111 0.996471374 0.083398439 -7.618597038 0.017638607 -0.083555881 0.996346470 138.718274346
0.999707438 -0.007861444 -0.022876882 2.665809704 0.009694713 0.996654215 0.081161091 -7.661027220 0.022162240 -0.081358541 0.996438003 139.393761307
0.999627923 -0.008197903 -0.026023522 2.657000629 0.010250964 0.996760945 0.079763415 -7.682858018 0.025285316 -0.080000994 0.996473283 139.731283163
0.999413068 -0.008342704 -0.033221351 2.630378296 0.010856598 0.997032361 0.076224171 -7.728985419 0.032486830 -0.076540152 0.996536648 140.421808048
0.998997084 -0.008705785 -0.043913042 2.603387149 0.011876934 0.997299497 0.072479553 -7.775014214 0.043163493 -0.072928385 0.996402394 141.106340679
0.998690168 -0.009496465 -0.050278599 2.584640399 0.012956796 0.997536337 0.068950699 -7.800940855 0.049499609 -0.069512234 0.996351934 141.443257334
0.997907549 -0.008888102 -0.064039841 2.527981451 0.012887367 0.997974020 0.062309840 -7.853202952 0.063356557 -0.063004836 0.995999307 142.131314855
0.996602427 -0.008546482 -0.081910979 2.450997850 0.013433962 0.998150257 0.059304294 -7.898960521 0.081252792 -0.060202866 0.994873622 142.817993248
0.995871385 -0.008473577 -0.090376071 2.411473281 0.013801562 0.998192525 0.058493209 -7.919711652 0.089716799 -0.059498678 0.994187790 143.145458527
0.993913292 -0.007362605 -0.109913146 2.323519580 0.013935745 0.998151436 0.059154706 -7.958209557 0.109275013 -0.060326196 0.992178705 143.820178089
0.991317245 -0.004897220 -0.131402155 2.205423765 0.013088559 0.998018932 0.061546585 -7.994228512 0.130840344 -0.062731786 0.989416616 144.494916572
0.989773603 -0.003340507 -0.142608767 2.146030913 0.012228510 0.998033014 0.061492453 -8.014197980 0.142122709 -0.062607851 0.987866489 144.825677349
0.985936658 -0.002217935 -0.167103094 2.007535400 0.012241087 0.998184547 0.058975086 -8.059353587 0.166668887 -0.060191358 0.984173455 145.490155258
0.980869754 -0.001187579 -0.194658958 1.839212834 0.012241526 0.998379029 0.055593243 -8.107024927 0.194276820 -0.056911773 0.979294328 146.157368608
0.978003943 -0.000809668 -0.208585532 1.750495668 0.012481879 0.998428444 0.054648222 -8.130057460 0.208213143 -0.056049705 0.976476040 146.498830985
0.971594409 0.000722172 -0.236648151 1.551577282 0.012267613 0.998497412 0.053413193 -8.174248202 0.236330982 -0.054799325 0.970125912 147.159122420
0.964000783 0.004220393 -0.265864570 1.341481091 0.010104610 0.998570438 0.052489835 -8.217178813 0.265705559 -0.053286676 0.962579790 147.801117986
0.959722218 0.006454199 -0.280875719 1.220671504 0.008605205 0.998591900 0.052349387 -8.237838605 0.280818059 -0.052657898 0.958315277 148.110604853
0.949766987 0.010231246 -0.312789244 0.968412862 0.006231643 0.998648939 0.051587763 -8.279792769 0.312894000 -0.050944853 0.948420405 148.719172700
0.938324725 0.012974451 -0.345512395 0.696746512 0.004583223 0.998741872 0.049950478 -8.324537120 0.345725119 -0.048453562 0.937083245 149.336831924
0.932329810 0.013855501 -0.361342114 0.555471808 0.004086484 0.998798953 0.048842608 -8.347236966 0.361584273 -0.047013516 0.931152210 149.638458730
0.918195831 0.017086763 -0.395759090 0.252009364 0.001718253 0.998888825 0.047113171 -8.391583932 0.396123098 -0.043938772 0.917144619 150.228029312
0.903083619 0.019478759 -0.429021738 -0.082189905 -0.000619018 0.999028833 0.044055390 -8.438664215 0.429462594 -0.039520208 0.902219085 150.805328458
0.895251210 0.020451198 -0.445091537 -0.253944133 -0.002205608 0.999137292 0.041471910 -8.464595608 0.445555756 -0.036146184 0.894523251 151.098654211
0.879263376 0.021278992 -0.475858967 -0.617153737 -0.003849311 0.999286546 0.037572646 -8.515072305 0.476318999 -0.031204377 0.878717754 151.691634303
0.860382847 0.024365811 -0.509064607 -1.021411203 -0.006610819 0.999305983 0.036657638 -8.560556357 0.509604549 -0.028174114 0.859946574 152.271406513
0.850420064 0.025768945 -0.525473444 -1.215059711 -0.007527319 0.999293968 0.036822657 -8.580637162 0.526050684 -0.027359125 0.850012518 152.537325568
0.829915864 0.028862179 -0.557140779 -1.631972621 -0.009803323 0.999261795 0.037162849 -8.622066131 0.557801938 -0.025380115 0.829586161 153.075968254
0.808091956 0.032803000 -0.588142481 -2.079589160 -0.012856022 0.999192477 0.038065004 -8.662864560 0.588915966 -0.023198696 0.807860464 153.604528969
0.796827344 0.034672501 -0.603210677 -2.303833990 -0.014800725 0.999173130 0.037880859 -8.684066218 0.604024585 -0.021256353 0.796681248 153.861266670
0.773230977 0.038129442 -0.632976493 -2.773809010 -0.019020664 0.999136617 0.036951023 -8.726856011 0.633839028 -0.016531926 0.773288379 154.350981289
0.747879993 0.040184520 -0.662616056 -3.264296610 -0.021737026 0.999113802 0.036057249 -8.769889353 0.663476725 -0.012563070 0.748090361 154.832937420
0.734820863 0.039845322 -0.677089730 -3.519957368 -0.022476996 0.999155825 0.034404789 -8.793532101 0.677887948 -0.010062344 0.735095423 155.066424185
0.707866316 0.037560990 -0.705347326 -4.032551922 -0.024084924 0.999288499 0.029042934 -8.843456876 0.705935969 -0.003570145 0.708266054 155.511256451
0.679200327 0.035078480 -0.733114338 -4.575770234 -0.024424190 0.999384841 0.025191023 -8.891153815 0.733545796 0.000796108 0.679638406 155.948096332
0.664263194 0.035035381 -0.746676914 -4.852861270 -0.025203126 0.999382986 0.024471437 -8.912647573 0.747073173 0.002563201 0.664735979 156.159964944
0.633881058 0.036815243 -0.772553616 -5.428165714 -0.027195247 0.999310074 0.025307341 -8.951279188 0.772951846 0.004968011 0.634444873 156.568206623
0.602187076 0.040187220 -0.797342914 -6.024993238 -0.030011814 0.999165748 0.027693073 -8.986559352 0.797789798 0.007253328 0.602891232 156.953898496
0.586464610 0.041040346 -0.808934462 -6.333766759 -0.030715866 0.999123903 0.028420854 -9.005025240 0.809391689 0.008179434 0.587211131 157.140826106
0.553458360 0.041470865 -0.831844353 -6.962434900 -0.033141550 0.999065911 0.027757195 -9.045153417 0.832217060 0.012206269 0.554314647 157.495133852
0.522453390 0.040079057 -0.851725033 -7.611598996 -0.035367731 0.999053507 0.025317055 -9.088464626 0.851933569 0.016896746 0.523376500 157.840517276
0.507615324 0.040152729 -0.860648027 -7.941570515 -0.037257921 0.999001944 0.024632612 -9.108953008 0.860777807 0.019562127 0.508604564 158.007590158
0.480994216 0.041320400 -0.875749234 -8.612058399 -0.041063275 0.998855085 0.024575408 -9.147215265 0.875761701 0.024140648 0.482139573 158.334518304
0.458806666 0.041835816 -0.887550868 -9.273436626 -0.046858890 0.998640189 0.022849086 -9.187003952 0.887298832 0.031106344 0.460143566 158.645739560
0.449323162 0.041135055 -0.892421155 -9.604438132 -0.049177730 0.998563565 0.021267145 -9.207780183 0.892013815 0.034331574 0.450700733 158.795802316
