1.000000000 -0.000000000 0.000000000 -0.000000000 -0.000000000 1.000000000 0.000000000 -0.000000000 -0.000000000 0.000000000 1.000000000 0.000000000
0.999999122 0.001579424 0.000180902 0.006501088 -0.001579205 0.999997614 -0.001122701 -0.051654578 -0.000182576 0.001122436 0.999999811 0.778327402
0.999995108 0.002990851 0.000353731 0.015726130 -0.002989999 0.999992460 -0.002408454 -0.102121017 -0.000360571 0.002407370 0.999997222 1.534021933
0.999992233 0.003714082 0.000364535 0.016197565 -0.003713182 0.999989440 -0.002534958 -0.126673824 -0.000373710 0.002533620 0.999996150 1.915107226
0.999984401 0.005500448 0.000571472 0.023102677 -0.005499190 0.999981864 -0.002167684 -0.173325782 -0.000583145 0.002164502 0.999997928 2.657062391
0.999964722 0.008351064 0.000828445 0.029998861 -0.008349971 0.999964004 -0.001224286 -0.218909955 -0.000838517 0.001217265 0.999999470 3.399085773
0.999957641 0.009160988 0.001051272 0.034666579 -0.009160103 0.999957385 -0.000809122 -0.241857416 -0.001058159 0.000799472 0.999998750 3.770963762
0.999960190 0.008753086 0.001302670 0.041431426 -0.008752396 0.999961715 -0.000532869 -0.289508301 -0.001306654 0.000521461 0.999998999 4.525085721
0.999962879 0.008359202 0.001954203 0.049036531 -0.008355061 0.999963044 -0.002128130 -0.340512695 -0.001971547 0.002111721 0.999995819 5.279577585
0.999963991 0.008099672 0.002211566 0.048716605 -0.008091526 0.999960514 -0.003656963 -0.367559864 -0.002241024 0.003638814 0.999991389 5.659919371
0.999963268 0.007838681 0.003428502 0.062170140 -0.007816105 0.999947540 -0.006532637 -0.420272970 -0.003479483 0.006505584 0.999972234 6.406160506
0.999958371 0.007786560 0.004586578 0.072071477 -0.007748736 0.999936431 -0.008198574 -0.472257724 -0.004649124 0.008162741 0.999955829 7.174572799
0.999957517 0.007755395 0.004941287 0.081765138 -0.007713877 0.999935340 -0.008371014 -0.495685979 -0.005005090 0.008332592 0.999953367 7.537694357
0.999957877 0.007089491 0.005760420 0.097614115 -0.007040895 0.999939169 -0.008414757 -0.543470700 -0.005818946 0.008373718 0.999948467 8.286002799
0.999956750 0.006508429 0.006574466 0.112634933 -0.006459617 0.999951154 -0.007399925 -0.589348910 -0.006621776 0.007357175 0.999950981 9.033848892
0.999950345 0.006919620 0.007046282 0.114714539 -0.006874599 0.999955515 -0.006387660 -0.611956680 -0.007089671 0.006338896 0.999955167 9.416226747
0.999951664 0.006819156 0.007092850 0.127153504 -0.006782059 0.999963207 -0.005234139 -0.658243646 -0.007127902 0.005185798 0.999960720 10.174524890
0.999956851 0.004806242 0.007838812 0.148831050 -0.004765585 0.999974870 -0.005200811 -0.705362004 -0.007862882 0.005163283 0.999955465 10.914734338
0.999959869 0.003779859 0.008134379 0.159341189 -0.003734100 0.999977378 -0.005631990 -0.729299667 -0.008155034 0.005601414 0.999951602 11.278407501
0.999960082 0.002566586 0.008535963 0.173577906 -0.002510873 0.999975498 -0.006528888 -0.778540439 -0.008551773 0.006507266 0.999942082 12.025454621
0.999960387 0.002450736 0.008518071 0.192670428 -0.002398261 0.999977850 -0.006162263 -0.825688340 -0.008532578 0.006141582 0.999944972 12.776140346
0.999959197 0.002722350 0.008505689 0.197206558 -0.002667661 0.999975673 -0.006437992 -0.850672575 -0.008522656 0.006415119 0.999942701 13.160118825
0.999949812 0.004353333 0.009028241 0.214836432 -0.004286059 0.999962384 -0.007456025 -0.899395282 -0.009059539 0.007416941 0.999931522 13.897305029
0.999947461 0.005323340 0.008746392 0.221761655 -0.005249523 0.999950120 -0.008441092 -0.948452253 -0.008790530 0.008394641 0.999926448 14.639106545
0.999946354 0.005716850 0.008607869 0.229835296 -0.005639675 0.999943683 -0.008956681 -0.972408483 -0.008658210 0.008907669 0.999922793 15.001026072
0.999939671 0.007568812 0.007907799 0.237553130 -0.007500568 0.999934341 -0.008618878 -1.019120781 -0.007971416 0.008559080 0.999931478 15.743561532
0.999925020 0.009079684 0.008164745 0.250944582 -0.009019667 0.999931888 -0.007348038 -1.064409285 -0.008231254 0.007273771 0.999939851 16.490277000
0.999913873 0.009965346 0.008540221 0.253985604 -0.009907323 0.999927465 -0.006806928 -1.087086377 -0.008607289 0.006721716 0.999940515 16.861003963
0.999912943 0.010480579 0.007967087 0.265895967 -0.010435712 0.999929701 -0.005645670 -1.131744261 -0.008025550 0.005562086 0.999952469 17.594360808
0.999901144 0.011330182 0.008289218 0.278621304 -0.011291894 0.999924745 -0.004652887 -1.176731926 -0.008340633 0.004558785 0.999954976 18.328280733
0.999893214 0.011625953 0.008816142 0.282336952 -0.011587613 0.999922474 -0.004390614 -1.200727747 -0.008865443 0.004287963 0.999951306 18.711738209
0.999893419 0.011759301 0.008597438 0.298173913 -0.011728209 0.999924687 -0.003650457 -1.247075448 -0.008639476 0.003549266 0.999956788 19.460138458
0.999888605 0.012266780 0.008496469 0.311582638 -0.012237201 0.999918815 -0.003529627 -1.294429668 -0.008539104 0.003425271 0.999958005 20.206721954
0.999889299 0.011991561 0.008780363 0.317882224 -0.011960738 0.999921783 -0.003558051 -1.318266215 -0.008822782 0.003452577 0.999955394 20.579711442
0.999881201 0.012371511 0.009158847 0.337263205 -0.012340104 0.999917314 -0.003481895 -1.364364297 -0.009200575 0.003368355 0.999951629 21.306003011
0.999881847 0.012487254 0.008923139 0.347152860 -0.012448678 0.999912676 -0.004367648 -1.414951948 -0.008976988 0.004256048 0.999950904 22.074504561
0.999878919 0.012552134 0.009118295 0.357520063 -0.012509075 0.999910397 -0.004759859 -1.439569199 -0.009177015 0.004645287 0.999946639 22.450364919
0.999882184 0.012316983 0.009149880 0.369307098 -0.012273036 0.999913180 -0.004840550 -1.487251809 -0.009208751 0.004727798 0.999946442 23.195759137
0.999903870 0.010335252 0.009220684 0.389365459 -0.010287667 0.999932954 -0.005195349 -1.534997935 -0.009272749 0.005100006 0.999944187 23.934760180
0.999907235 0.009921022 0.009319513 0.394853492 -0.009872126 0.999936815 -0.005281802 -1.558913853 -0.009370826 0.005189265 0.999942600 24.307160447
0.999911343 0.009480620 0.009335138 0.410028845 -0.009433118 0.999942370 -0.005117465 -1.605499598 -0.009382834 0.005028983 0.999943117 25.042730725
0.999908946 0.009952686 0.009053105 0.421272425 -0.009914965 0.999942108 -0.004196766 -1.649776809 -0.009093763 0.004106720 0.999950218 25.763297128
0.999910523 0.009948868 0.008862498 0.430146689 -0.009914595 0.999942537 -0.003905342 -1.672346379 -0.008900138 0.003817158 0.999953177 26.125889394
0.999903728 0.011177008 0.008144342 0.440589229 -0.011146562 0.999930488 -0.003771347 -1.717960353 -0.008185501 0.003680273 0.999959284 26.845786245
0.999893499 0.011498411 0.009003767 0.459829861 -0.011464504 0.999926601 -0.003808372 -1.765047382 -0.009046630 0.003704750 0.999951753 27.584245247
0.999888577 0.011739092 0.009174140 0.466947176 -0.011700945 0.999921993 -0.004198517 -1.789543027 -0.009222150 0.004090718 0.999949548 27.957776776
0.999873905 0.013127625 0.008951352 0.482944347 -0.013085881 0.999902994 -0.004703184 -1.837276856 -0.009011202 0.004585522 0.999948974 28.693857857
0.999865423 0.013440045 0.009356515 0.502189234 -0.013393367 0.999897233 -0.005030836 -1.884872829 -0.009422492 0.004904811 0.999943573 29.432284343
0.999882168 0.012226149 0.009211258 0.508489822 -0.012179475 0.999912296 -0.005109280 -1.908829128 -0.009272546 0.004996384 0.999944658 29.805266180
0.999909131 0.010024350 0.009004753 0.527873390 -0.009978095 0.999936196 -0.005161642 -1.955236568 -0.009056095 0.005071317 0.999946698 30.531537985
0.999916121 0.009867501 0.008353452 0.541575914 -0.009820307 0.999935321 -0.005680302 -2.002179645 -0.008408358 0.005597778 0.999949096 31.253686522
0.999920349 0.009325601 0.008434147 0.548024194 -0.009273904 0.999937652 -0.006149500 -2.026025175 -0.008490499 0.006070719 0.999945959 31.614444823
0.999948731 0.005975162 0.008132526 0.565800592 -0.005915163 0.999954810 -0.007388485 -2.074497404 -0.008176089 0.007339957 0.999939760 32.339416416
0.999963513 0.003400397 0.007847826 0.587111247 -0.003332406 0.999956655 -0.008663211 -2.121552435 -0.007876351 0.008636713 0.999932129 33.042353922
0.999965353 0.002675625 0.007843565 0.595173373 -0.002609804 0.999960995 -0.008384872 -2.144131521 -0.007865231 0.008364111 0.999933715 33.404361432
0.999971174 0.000808840 0.007509791 0.613061916 -0.000751514 0.999970372 -0.007633753 -2.188241798 -0.007515243 0.007627939 0.999942334 34.117381083
0.999971165 0.002495318 0.007097525 0.622662863 -0.002456005 0.999981047 -0.005534620 -2.230342593 -0.007111284 0.005517021 0.999959118 34.836918230
0.999977821 0.002484989 0.006176519 0.631660704 -0.002460323 0.999988708 -0.003999401 -2.249917376 -0.006186422 0.003984102 0.999972798 35.187471212
0.999979668 0.003073771 0.005464442 0.636401506 -0.003058124 0.999991285 -0.002876832 -2.293592119 -0.005473059 0.002860120 0.999980821 35.903402907
0.999983371 0.002186158 0.005308136 0.649425399 -0.002171137 0.999993738 -0.002826889 -2.338737461 -0.005313395 0.002815351 0.999981700 36.612851533
0.999985042 0.001986713 0.005063848 0.657636886 -0.001971229 0.999992812 -0.003049066 -2.361405365 -0.005069976 0.003039009 0.999982942 36.962622755
0.999988897 -0.000498913 0.004574801 0.667618497 0.000532719 0.999971736 -0.007401739 -2.413483473 -0.004570168 0.007404057 0.999962344 37.657061258
0.999989223 -0.001839024 0.004162203 0.676641446 0.001886818 0.999931689 -0.011502418 -2.465821574 -0.004140935 0.011510131 0.999925514 38.363129614
0.999984860 -0.003642486 0.004073742 0.694704792 0.003711043 0.999849347 -0.016955621 -2.542823905 -0.004010390 0.016970490 0.999848368 39.419425803
0.999978650 -0.004550168 0.004645769 0.712057640 0.004622701 0.999866037 -0.015706582 -2.584456858 -0.004574174 0.015727759 0.999865918 40.107558348
0.999970986 -0.005499791 0.005182138 0.717806679 0.005572988 0.999883403 -0.014220879 -2.604039766 -0.005102993 0.014249368 0.999885469 40.455774212
0.999957602 -0.007051175 0.005905799 0.733334488 0.007104434 0.999933736 -0.009044580 -2.639455682 -0.005840819 0.009086231 0.999941142 41.155366256
0.999934936 -0.008307008 0.007769172 0.753741717 0.008339786 0.999956066 -0.004194457 -2.675602869 -0.007733665 0.004258924 0.999960919 41.858416480
0.999934192 -0.007882314 0.008289160 0.761119204 0.007907068 0.999964328 -0.002959171 -2.695665711 -0.008265350 0.003024482 0.999961055 42.207769982
0.999938288 -0.006484077 0.008983005 0.771972195 0.006499926 0.999976805 -0.001730489 -2.737045472 -0.008971469 0.001788755 0.999958691 42.891245505
0.999931967 -0.006576319 0.009599450 0.788017430 0.006602761 0.999973973 -0.002730240 -2.781020643 -0.009580768 0.002793481 0.999949695 43.553598888
0.999923368 -0.007604242 0.009764018 0.791513377 0.007644589 0.999962384 -0.004099334 -2.804782492 -0.009732501 0.004173584 0.999943976 43.887564711
0.999880585 -0.011570086 0.010208031 0.816685549 0.011655125 0.999896950 -0.008309597 -2.854010883 -0.010110911 0.008427480 0.999913493 44.543777515
0.999862379 -0.013007213 0.010324674 0.838441367 0.013119558 0.999854405 -0.010888898 -2.900983092 -0.010180794 0.011022832 0.999887412 45.210028475
0.999868844 -0.012499114 0.010237057 0.842064813 0.012614549 0.999856501 -0.011289639 -2.922219181 -0.010094238 0.011417275 0.999883982 45.531925047
0.999885144 -0.011560572 0.009784875 0.852680164 0.011663100 0.999876316 -0.010489701 -2.961219420 -0.009661691 0.010602553 0.999897216 46.166045990
0.999887438 -0.012150434 0.008791219 0.866518782 0.012219993 0.999894102 -0.007897424 -2.997157868 -0.008694568 0.008003970 0.999930068 46.802699139
0.999881100 -0.012853734 0.008458714 0.872689619 0.012905770 0.999898072 -0.006125719 -3.013863748 -0.008378531 0.006234209 0.999945550 47.114406969
0.999834577 -0.016469268 0.007610121 0.891532987 0.016490478 0.999860093 -0.002732662 -3.047748246 -0.007563049 0.002857688 0.999967215 47.742465623
0.999800157 -0.018388140 0.007823718 0.911485880 0.018390248 0.999830376 -0.000198700 -3.081641196 -0.007817731 0.000342476 0.999969783 48.346646662
0.999781368 -0.019583727 0.007315323 0.918776506 0.019584205 0.999808176 0.000001837 -3.099582982 -0.007313506 0.000141356 0.999973481 48.634398457
0.999758066 -0.021030362 0.006398718 0.928499033 0.021035056 0.999778637 -0.000671960 -3.137210149 -0.006382497 0.000806500 0.999979031 49.206285758
0.999750223 -0.021371212 0.006514374 0.941636244 0.021390187 0.999766394 -0.002854057 -3.176893913 -0.006450910 0.002992595 0.999975070 49.768147655
0.999743051 -0.021601046 0.006889366 0.954103594 0.021627772 0.999758834 -0.003826885 -3.195574958 -0.006804651 0.003974897 0.999969494 50.034895894
0.999749668 -0.021456693 0.006345347 0.966838618 0.021488160 0.999757011 -0.004938138 -3.230974149 -0.006237191 0.005073238 0.999968148 50.559755530
0.999742419 -0.022043689 0.005431315 0.975627600 0.022067353 0.999747344 -0.004323166 -3.262358344 -0.005334593 0.004441889 0.999975570 51.069720311
0.999729219 -0.022716337 0.004907852 0.981710825 0.022733810 0.999734623 -0.003532663 -3.276853355 -0.004826207 0.003643240 0.999981294 51.319832173
0.999679465 -0.025002486 0.003876852 0.992230888 0.025004710 0.999686496 -0.000518419 -3.303217892 -0.003861837 0.000615226 0.999992109 51.819055330
0.999658519 -0.025821190 0.003847330 1.005320371 0.025809018 0.999661551 0.003185761 -3.327686756 -0.003928015 -0.003085493 0.999987985 52.307921432
0.999677113 -0.025099172 0.003848692 1.014931011 0.025081964 0.999675718 0.004440093 -3.339946266 -0.003959295 -0.004342071 0.999982879 52.536051486
0.999711730 -0.023753681 0.003478257 1.020346530 0.023730664 0.999696578 0.006521838 -3.364696905 -0.003631588 -0.006437443 0.999973014 52.982366251
0.999782078 -0.020712073 0.002493758 1.017762912 0.020687029 0.999738824 0.009703073 -3.386388243 -0.002693240 -0.009649422 0.999949985 53.410804357
0.999799755 -0.019817943 0.002463642 1.021154643 0.019789234 0.999741014 0.011170435 -3.396446604 -0.002684063 -0.011119498 0.999934662 53.609940612
0.999805925 -0.019513554 0.002694914 1.032299521 0.019476659 0.999724429 0.013102413 -3.416932887 -0.002949459 -0.013047355 0.999910330 53.986649035
0.999810224 -0.019343678 0.002302131 1.038873882 0.019310382 0.999719226 0.013696582 -3.438083009 -0.002565657 -0.013649508 0.999903784 54.335348924
0.999803006 -0.019747694 0.001857581 1.042719121 0.019721171 0.999716634 0.013340269 -3.449056479 -0.002120192 -0.013301053 0.999909541 54.497734877
0.999794848 -0.020171083 0.001581845 1.047985368 0.020151153 0.999727497 0.011756990 -3.472488942 -0.001818409 -0.011722711 0.999929970 54.820659430
0.999796596 -0.020085878 0.001638394 1.052732776 0.020069354 0.999753045 0.009558266 -3.495459902 -0.001830272 -0.009523407 0.999952660 55.118568092
0.999786815 -0.020507337 0.001947042 1.056874818 0.020490359 0.999754902 0.008363123 -3.506381483 -0.002117549 -0.008321463 0.999962790 55.256496135
0.999783615 -0.020684039 0.002220809 1.062862837 0.020670352 0.999767445 0.006031322 -3.527264245 -0.002344149 -0.005984243 0.999979418 55.518430516
0.999777198 -0.020986696 0.002261296 1.070097644 0.020979476 0.999774610 0.003156868 -3.546797276 -0.002325922 -0.003108773 0.999992673 55.744343438
0.999766977 -0.021435158 0.002247737 1.073717592 0.021431664 0.999769196 0.001547097 -3.556868161 -0.002279458 -0.001498524 0.999996240 55.857280454
0.999740465 -0.022634985 0.002404985 1.079473312 0.022638908 0.999742273 -0.001597857 -3.576010076 -0.002368357 0.001651914 0.999995601 56.069819452
0.999683032 -0.024987283 0.002797607 1.089710769 0.024999144 0.999677569 -0.004295914 -3.592137572 -0.002688831 0.004364539 0.999986979 56.248779941
0.999656779 -0.026010544 0.003109865 1.097806948 0.026026186 0.999647691 -0.005089640 -3.598535404 -0.002976437 0.005168828 0.999982116 56.328180527
0.999636946 -0.026700311 0.003665266 1.105874754 0.026724351 0.999620140 -0.006669187 -3.611047009 -0.003485982 0.006764616 0.999971349 56.481158349
0.999653571 -0.026010035 0.003883852 1.105152230 0.026042564 0.999623476 -0.008555487 -3.623013634 -0.003659863 0.008653586 0.999955990 56.615514730
0.999663161 -0.025638730 0.004015900 1.108657530 0.025675317 0.999626881 -0.009317474 -3.627640354 -0.003774868 0.009417452 0.999948346 56.667062342
0.999670864 -0.025340132 0.003830634 1.113221705 0.025378158 0.999624812 -0.010242131 -3.635724825 -0.003569259 0.010335914 0.999940466 56.768479801
0.999652905 -0.026070920 0.003660630 1.118075423 0.026111568 0.999592195 -0.011537625 -3.642889208 -0.003358185 0.011629188 0.999926276 56.845494816
0.999633404 -0.026788597 0.003782905 1.119285577 0.026833335 0.999563499 -0.012326653 -3.646665301 -0.003451302 0.012423613 0.999917116 56.883113711
0.999588644 -0.028337157 0.004265294 1.125903253 0.028392100 0.999506475 -0.013421485 -3.652741871 -0.003882840 0.013537011 0.999901293 56.949135909
0.999562444 -0.029198072 0.004654511 1.126831290 0.029262139 0.999468851 -0.014353927 -3.658326209 -0.004231965 0.014483797 0.999886563 57.011100506
0.999559276 -0.029311025 0.004713789 1.128992763 0.029378370 0.999456845 -0.014917219 -3.660964129 -0.004273002 0.015049070 0.999877483 57.037145652
0.999569870 -0.028920862 0.004885383 1.131834953 0.028996471 0.999448744 -0.016174514 -3.665649265 -0.004414219 0.016309202 0.999857491 57.075874771
0.999585703 -0.028272333 0.005223456 1.135486945 0.028358570 0.999448312 -0.017248075 -3.670045466 -0.004732417 0.017389016 0.999838061 57.115206498
0.999585989 -0.028269015 0.005299119 1.141037987 0.028358450 0.999442150 -0.017640973 -3.671736210 -0.004796375 0.017783921 0.999830470 57.131418142
0.999573042 -0.028745333 0.005248696 1.142929859 0.028841149 0.999399011 -0.019210407 -3.677679271 -0.004692985 0.019353610 0.999801707 57.181713359
0.999553900 -0.029376243 0.005298385 1.143046092 0.029477664 0.999361005 -0.020189398 -3.683313042 -0.004701739 0.020336493 0.999782583 57.243090649
0.999540196 -0.029791812 0.005511916 1.146823747 0.029897371 0.999348993 -0.020157794 -3.684963938 -0.004908034 0.020313258 0.999781678 57.270367152
0.999500800 -0.031016529 0.005925531 1.154235370 0.031129417 0.999314496 -0.020000896 -3.688855505 -0.005300566 0.020175334 0.999782914 57.337113092
0.999452318 -0.032531784 0.006115373 1.156511490 0.032656110 0.999236279 -0.021452604 -3.696937588 -0.005412546 0.021640491 0.999751352 57.424547642
0.999424424 -0.033362109 0.006115598 1.160973200 0.033491134 0.999188671 -0.022367381 -3.701034873 -0.005364369 0.022559354 0.999730751 57.464482615
0.999374397 -0.034795315 0.006353380 1.163918606 0.034937116 0.999107235 -0.023753048 -3.709797009 -0.005521348 0.023960168 0.999697570 57.564688481
0.999324566 -0.036020444 0.007206722 1.174975712 0.036185393 0.999050708 -0.024236332 -3.717306391 -0.006326154 0.024480712 0.999680379 57.670815877
0.999303304 -0.036565728 0.007397000 1.176704456 0.036736004 0.999027700 -0.024373525 -3.721514048 -0.006497891 0.024628303 0.999675627 57.733452576
0.999261206 -0.037676254 0.007499699 1.180832896 0.037850900 0.998978539 -0.024688870 -3.730809003 -0.006561273 0.024954436 0.999666992 57.871484539
0.999211709 -0.038924376 0.007784154 1.187110961 0.039106231 0.998928453 -0.024756898 -3.741324815 -0.006811392 0.025041762 0.999663249 58.035652180
0.999177170 -0.039786850 0.007904266 1.186779778 0.039968343 0.998905053 -0.024309129 -3.746771967 -0.006927722 0.024605018 0.999673597 58.133733230
0.999060046 -0.042575704 0.008109944 1.195867490 0.042755494 0.998809438 -0.023467020 -3.758080987 -0.007099663 0.023791663 0.999691622 58.336878632
0.998926151 -0.045404576 0.009127348 1.206302284 0.045604788 0.998692898 -0.023065964 -3.771768002 -0.008067689 0.023457479 0.999692620 58.565501637
0.998861491 -0.046625300 0.010086117 1.217208026 0.046846467 0.998638969 -0.022926866 -3.778949062 -0.009003295 0.023373256 0.999686188 58.683880621
0.998731601 -0.048665899 0.012912555 1.230465485 0.048946979 0.998549788 -0.022424114 -3.794986055 -0.011802315 0.023027706 0.999665376 58.951381930
0.998501855 -0.052194164 0.016385562 1.252512273 0.052542086 0.998385852 -0.021574107 -3.811448277 -0.015232436 0.022402727 0.999632949 59.237512331
0.998365019 -0.054046431 0.018601008 1.263796589 0.054432789 0.998297638 -0.020931608 -3.820089767 -0.017436710 0.021909831 0.999608121 59.393074001
0.998034037 -0.057498748 0.024949788 1.292059365 0.058005592 0.998113893 -0.020087360 -3.838403861 -0.023747982 0.021495072 0.999486963 59.708220514
0.997472262 -0.062898802 0.033043650 1.321948337 0.063561447 0.997789071 -0.019398160 -3.856928449 -0.031749718 0.021449415 0.999265249 60.024521879
0.997049717 -0.066777896 0.037848175 1.347188442 0.067529671 0.997537608 -0.018942767 -3.865506972 -0.036490391 0.021442734 0.999104313 60.177787503
0.995952054 -0.075505468 0.048767181 1.395607058 0.076430425 0.996923033 -0.017385565 -3.883703926 -0.047303695 0.021042402 0.998659377 60.519775853
0.994507949 -0.082878704 0.063911356 1.458658928 0.084080129 0.996325239 -0.016339357 -3.903495937 -0.062322650 0.021623250 0.997822198 60.872176994
0.993697872 -0.085477531 0.072499964 1.488503345 0.086902943 0.996075836 -0.016733218 -3.915452239 -0.070785305 0.022928270 0.997227946 61.053192946
0.991958479 -0.087978833 0.090983356 1.558918861 0.090045808 0.995758990 -0.018860594 -3.941665116 -0.088937343 0.026901608 0.995673663 61.410441225
0.989896074 -0.087790229 0.111350192 1.638959293 0.090769991 0.995629502 -0.021969661 -3.971097891 -0.108934247 0.031854877 0.993538675 61.786724204
0.988847084 -0.085119982 0.122211904 1.676828716 0.088791295 0.995738963 -0.024905339 -3.989207078 -0.119571153 0.035478892 0.992191927 61.985419177
0.986805167 -0.069985846 0.146002892 1.751196201 0.076285217 0.996361972 -0.037995426 -4.037917619 -0.142812380 0.048631909 0.988554952 62.368612125
0.983031721 -0.064503940 0.171716340 1.860040043 0.075216505 0.995558472 -0.056621641 -4.094519316 -0.167301387 0.068576838 0.983517696 62.751373993
0.980581547 -0.065479601 0.184858693 1.925851586 0.078172115 0.994996096 -0.062221222 -4.116154995 -0.179859544 0.075463736 0.980793527 62.945243531
0.974460821 -0.072320862 0.212591941 2.077674067 0.088094245 0.993944992 -0.065672548 -4.146744271 -0.206555258 0.082723486 0.974932358 63.348396567
0.966998958 -0.077724287 0.242635969 2.240653867 0.095801741 0.993365794 -0.063599497 -4.169547199 -0.236082771 0.084745487 0.968031191 63.772455755
0.962938031 -0.078870648 0.257932657 2.325861762 0.097903629 0.993276265 -0.061779040 -4.179598056 -0.251325991 0.084741991 0.964185849 63.981085002
0.954891506 -0.071514900 0.288215350 2.491404474 0.091838762 0.994105610 -0.057604706 -4.199726926 -0.282397080 0.081475582 0.955831547 64.394836864
0.945539024 -0.056209094 0.320618324 2.666638102 0.075748602 0.995932036 -0.048789414 -4.213195186 -0.316571418 0.070418668 0.945951024 64.816024046
0.940226433 -0.053112474 0.336381747 2.767351631 0.071133535 0.996604429 -0.041469295 -4.214262505 -0.333036308 0.062918631 0.940812309 65.024095453
0.928346631 -0.051396555 0.368144661 2.980318424 0.066589485 0.997367556 -0.028675663 -4.218797675 -0.365701907 0.051135475 0.929325793 65.436032387
0.915384942 -0.051803667 0.399232486 3.203445166 0.067246062 0.997428732 -0.024761367 -4.237217629 -0.396922813 0.049512901 0.916515940 65.829630836
0.907504073 -0.053264914 0.416652228 3.329875510 0.069916723 0.997243928 -0.024796672 -4.249313490 -0.414182691 0.051633975 0.908728116 66.018414465
0.890195207 -0.054958883 0.452252826 3.595049356 0.073540395 0.997012742 -0.023594317 -4.271265828 -0.449604568 0.054262377 0.891577968 66.392656422
0.870912328 -0.054697259 0.488384857 3.873312364 0.073010145 0.997159234 -0.018517368 -4.286648230 -0.485983935 0.051784034 0.872432003 66.764433893
0.860556728 -0.054710453 0.506408213 4.016079422 0.071942282 0.997303153 -0.014508839 -4.292016339 -0.504248623 0.048917864 0.862171724 66.953099716
0.837711937 -0.053801180 0.543455405 4.322345628 0.067920289 0.997673346 -0.005928132 -4.300455945 -0.541871878 0.041877749 0.839417037 67.308489989
0.813591044 -0.054522559 0.578875789 4.646131671 0.066541710 0.997783318 0.000456062 -4.310977998 -0.577617517 0.038148393 0.815415299 67.639322525
0.801658551 -0.055494739 0.595198982 4.805595245 0.066799670 0.997761740 0.003057594 -4.317100843 -0.594036662 0.037307993 0.803572353 67.802931286
0.778081021 -0.058435503 0.625439256 5.143494533 0.068402548 0.997624387 0.008112631 -4.328616740 -0.624428235 0.036469309 0.780230665 68.119169647
0.754836064 -0.059121484 0.653242876 5.488876038 0.068383866 0.997594958 0.011268040 -4.342959957 -0.652338740 0.036165716 0.757064105 68.428254113
0.743587070 -0.058841038 0.666044124 5.658254822 0.068001635 0.997610525 0.012214273 -4.351472425 -0.665171166 0.036209718 0.745812285 68.586489391
0.721295746 -0.056765186 0.690296816 6.020195499 0.065524869 0.997758514 0.013581315 -4.367918580 -0.689520274 0.035435471 0.723399170 68.882661274
0.698893592 -0.053533236 0.713218614 6.389454345 0.061596880 0.997994519 0.014548392 -4.385346880 -0.712567565 0.033764254 0.700790513 69.184027758
0.687379118 -0.052268731 0.724415279 6.577804517 0.059588247 0.998102994 0.015474415 -4.393039741 -0.723850285 0.032529853 0.689190131 69.331289614
0.663941640 -0.051717197 0.745993346 6.962768007 0.058012214 0.998161185 0.017567773 -4.407511008 -0.745530924 0.031612762 0.665720929 69.619482631
0.639756922 -0.050726481 0.766901416 7.361973410 0.055827876 0.998250074 0.019456826 -4.420590068 -0.766546647 0.030366768 0.641470462 69.881003298
0.627059438 -0.049990948 0.777364987 7.568488587 0.054793199 0.998297301 0.019999845 -4.428161409 -0.777041549 0.030053195 0.628731266 70.016662984
0.600731541 -0.050282192 0.797867971 7.982605939 0.054616027 0.998269199 0.021790102 -4.440618129 -0.797583053 0.030486328 0.602438772 70.264276877
0.560523970 -0.051909897 0.826509330 8.611915987 0.055241191 0.998153658 0.025226699 -4.455966550 -0.826293921 0.031517151 0.562357110 70.604768469
0.534300111 -0.055726732 0.843455645 9.047830811 0.057507753 0.997909199 0.029502305 -4.460856057 -0.843336384 0.032742213 0.536387961 70.806900634
0.508398533 -0.058749227 0.859115091 9.470745754 0.058252239 0.997730589 0.033756363 -4.465219220 -0.859149247 0.032883679 0.510667674 70.999720032
0.495324079 -0.059300652 0.866681936 9.689197267 0.058645972 0.997674134 0.034746264 -4.469300313 -0.866726110 0.033616753 0.497650389 71.094858342
0.472135980 -0.058802610 0.879561601 10.115563944 0.059447067 0.997624917 0.034785390 -4.480150882 -0.879518748 0.035863992 0.474510547 71.277369266
0.451428924 -0.057348512 0.890462204 10.538020878 0.059783965 0.997633456 0.033942681 -4.491327454 -0.890301605 0.037912655 0.453789300 71.444708001
0.442580483 -0.056855599 0.894924101 10.751755433 0.060273533 0.997616982 0.033571887 -4.496332844 -0.894700394 0.039082035 0.444953201 71.524051751
0.428317905 -0.055580849 0.901916469 11.172436894 0.060290794 0.997639513 0.032847850 -4.507220085 -0.901614653 0.040307865 0.430659118 71.702471284
0.418884954 -0.053944974 0.906435097 11.585142081 0.060609723 0.997668078 0.031365383 -4.517782354 -0.906013940 0.041800230 0.421179108 71.862839470
0.415178524 -0.053114146 0.908187618 11.780716136 0.060325575 0.997703631 0.030771520 -4.523448146 -0.907737155 0.042011248 0.417429704 71.953750962
0.409096897 -0.052262390 0.910992781 12.183495849 0.057684594 0.997842536 0.031340597 -4.530393338 -0.910665904 0.039728890 0.411229478 72.119571048
0.405279823 -0.053650869 0.912616546 12.586247192 0.056283993 0.997846945 0.033666454 -4.533945566 -0.912457904 0.037721416 0.407427474 72.285607900
0.404481349 -0.054399750 0.912926774 12.780981322 0.055804810 0.997837288 0.034734451 -4.536297766 -0.912842356 0.036896196 0.406643246 72.376146937
0.404276606 -0.055463469 0.912952908 13.165726615 0.055335048 0.997813745 0.036115252 -4.541207952 -0.912960757 0.035917723 0.406462460 72.541476354
0.405175324 -0.056690211 0.912479704 13.552919587 0.056867875 0.997705825 0.036733683 -4.547436797 -0.912468806 0.037007219 0.407469433 72.708473975
0.406080342 -0.056899560 0.912064153 13.742790819 0.056949493 0.997694885 0.036885937 -4.551033627 -0.912061426 0.036962832 0.408385349 72.795428599
0.408530007 -0.056179838 0.911013568 14.116043689 0.055934457 0.997769129 0.036446892 -4.559201549 -0.911029392 0.036067452 0.410761176 72.964602408
0.409901851 -0.054289218 0.910512553 14.494995710 0.053823482 0.997927010 0.035270734 -4.568999344 -0.910539467 0.034549477 0.411974324 73.137761137
0.410407370 -0.053293061 0.910342875 14.692192705 0.053006742 0.997997145 0.034527637 -4.574486436 -0.910360063 0.034083976 0.412411054 73.229852345
0.412116917 -0.050682551 0.909719690 15.088357997 0.050580540 0.998184812 0.032697364 -4.585250987 -0.909725787 0.032539061 0.413932295 73.402985840
0.414619848 -0.050071373 0.908616251 15.466490703 0.050592570 0.998208559 0.031922243 -4.594200077 -0.908587354 0.032733590 0.416410706 73.575614640
0.415993970 -0.050173869 0.907981440 15.657180916 0.051407858 0.998176881 0.031605301 -4.598605695 -0.907913450 0.033529720 0.417815929 73.663101743
0.424813945 -0.047331791 0.904042086 16.415792460 0.055102006 0.998132344 0.026365283 -4.623451858 -0.903601710 0.038614230 0.426629476 74.021898520
0.427216191 -0.045163997 0.903020472 16.605700992 0.055061372 0.998197704 0.023874824 -4.631509437 -0.902471515 0.039521837 0.428933328 74.108568161
0.431132030 -0.037442678 0.901511617 16.987851752 0.052631987 0.998480400 0.016299847 -4.653085662 -0.900752826 0.040420896 0.432448591 74.295541615
0.435266787 -0.029180091 0.899827644 17.382205109 0.051245379 0.998656681 0.007596389 -4.676974063 -0.898842045 0.042805510 0.436178503 74.491129595
0.437693802 -0.025327814 0.898767573 17.585135801 0.050617519 0.998712078 0.003493938 -4.688222460 -0.897698070 0.043964062 0.438412341 74.586941779
0.442996448 -0.019586692 0.896309343 17.976067213 0.050789058 0.998704021 -0.003277924 -4.709186065 -0.895083941 0.046974768 0.443418064 74.792610630
0.447250626 -0.018150344 0.894223770 18.375353641 0.052966132 0.998576516 -0.006222825 -4.722448294 -0.892839403 0.050146718 0.447576276 74.980151768
0.449223698 -0.018944234 0.893218047 18.582279936 0.053370560 0.998558467 -0.005663105 -4.725865256 -0.891823905 0.050215532 0.449587825 75.079385026
0.454847132 -0.023614322 0.890255752 18.996604388 0.053289367 0.998578989 -0.000738876 -4.727542336 -0.888973289 0.047777293 0.455459425 75.303226371
0.460215112 -0.030993294 0.887265355 19.411687491 0.052044759 0.998612914 0.007887814 -4.722813166 -0.886280383 0.042547434 0.461190857 75.528061140
0.462899888 -0.034895661 0.885723288 19.627494067 0.051747663 0.998584675 0.012297649 -4.719758661 -0.884898294 0.040141598 0.464050583 75.634133485
0.468533154 -0.040896032 0.882498493 20.056410884 0.050758925 0.998524055 0.019324045 -4.718140938 -0.881986838 0.035740742 0.469917346 75.868700017
0.474643871 -0.043874520 0.879083734 20.479557292 0.051037885 0.998448288 0.022275069 -4.724145154 -0.878696437 0.034293892 0.476147282 76.110921174
0.478046419 -0.043837402 0.877239489 20.692854194 0.051472624 0.998434956 0.021844098 -4.730131504 -0.876824695 0.034711334 0.479555512 76.226894091
0.485657088 -0.042662890 0.873107405 21.116892847 0.053067053 0.998404321 0.019267289 -4.745706336 -0.872537529 0.036975839 0.487147078 76.469087961
0.493057567 -0.044455147 0.868860487 21.544129234 0.054323321 0.998317995 0.020251761 -4.755165710 -0.868299328 0.037214128 0.494643434 76.714009127
0.496776772 -0.046620544 0.866625193 21.758053532 0.054059761 0.998278944 0.022714181 -4.756822501 -0.866193139 0.035565638 0.498442729 76.843073409
0.505683715 -0.051446040 0.861183764 22.188153384 0.049679686 0.998299763 0.030465485 -4.755737598 -0.861287674 0.027377336 0.507380549 77.115466039
0.514338282 -0.056706902 0.855709795 22.622144288 0.043338976 0.998254879 0.040103563 -4.752091327 -0.856491032 0.016458778 0.515898930 77.403173667
0.519319980 -0.059195025 0.852526593 22.841582328 0.040729090 0.998178850 0.044498067 -4.750978114 -0.853608784 0.011613797 0.520785272 77.548734576
0.529353451 -0.060950510 0.846208568 23.282148689 0.036743612 0.998126788 0.048907518 -4.756626286 -0.847605214 0.005203363 0.530601838 77.840521609
0.540451630 -0.057529289 0.839405657 23.725122096 0.035067619 0.998332409 0.045843221 -4.776507333 -0.840643623 0.004659921 0.541568753 78.145382411
0.546232997 -0.054766733 0.835840558 23.955237338 0.035008405 0.998480929 0.042544886 -4.789550803 -0.836900622 0.006022007 0.547321463 78.297632840
0.556051803 -0.045601251 0.829895448 24.414406027 0.031729054 0.998930714 0.033630081 -4.821337452 -0.830541891 0.007631704 0.556904326 78.625646637
0.565945571 -0.033923841 0.823743925 24.862237662 0.027760537 0.999370537 0.022083994 -4.857189165 -0.823975086 0.010369223 0.566531349 78.945222634
0.570529529 -0.028094651 0.820796466 25.084930016 0.025333235 0.999540884 0.016603829 -4.874500598 -0.820886204 0.011320475 0.570980147 79.104173662
0.580557882 -0.018185129 0.814014976 25.530798766 0.019408786 0.999774867 0.008492604 -4.905423599 -0.813986732 0.010868581 0.580781087 79.447357466
0.591063001 -0.010600563 0.806555674 25.979072055 0.014418681 0.999892929 0.002575163 -4.932505959 -0.806496463 0.010107411 0.591152954 79.792539085
0.596043679 -0.008014855 0.802911181 26.201573909 0.012992174 0.999915670 0.000336556 -4.944808778 -0.802846266 0.010231038 0.596097914 79.964040710
0.607603247 -0.004009176 0.794230620 26.625294980 0.010670332 0.999938438 -0.003115397 -4.967457389 -0.794169306 0.010367570 0.607608885 80.304211711
0.617586639 -0.002241040 0.786499438 27.062797780 0.009153779 0.999948362 -0.004338618 -4.987000341 -0.786448739 0.009878982 0.617576441 80.654511666
0.622511375 -0.001420275 0.782609223 27.274419755 0.007644662 0.999961329 -0.004266060 -4.996455021 -0.782573125 0.008638436 0.622498912 80.843062530
0.632072222 0.000414594 0.774908759 27.708509205 0.004333700 0.999982311 -0.004069956 -5.014101046 -0.774896954 0.005930737 0.632059727 81.203377688
0.641866820 0.003558263 0.766807191 28.128524795 0.000966489 0.999984419 -0.005449251 -5.035463459 -0.766814786 0.004238763 0.641854120 81.577986100
0.656476728 0.006852122 0.754315106 28.770596827 -0.001646348 0.999969081 -0.007650773 -5.069181575 -0.754344437 0.003780619 0.656468406 82.160784596
0.666026104 0.009320886 0.745870444 29.179773925 -0.003368809 0.999948988 -0.009487838 -5.092645585 -0.745920228 0.003806534 0.666023772 82.552126024
0.670070746 0.010837650 0.742218256 29.390606626 -0.004060982 0.999931344 -0.010934327 -5.104844110 -0.742286129 0.004312599 0.670069283 82.739917443
