1.000000000 -0.000000000 -0.000000000 0.000000000 0.000000000 1.000000000 0.000000000 -0.000000000 0.000000000 -0.000000000 1.000000000 0.000000000
0.999944792 0.001688450 -0.010305851 -0.011237954 -0.001705676 0.999997819 -0.001660184 -0.015762478 0.010303119 0.001677719 0.999945506 0.534090614
0.999810287 0.002890165 -0.019238678 -0.032575749 -0.002935766 0.999993799 -0.002338379 -0.030672481 0.019232146 0.002394534 0.999812489 1.068878711
0.999717487 0.001936186 -0.023691182 -0.039216027 -0.001983988 0.999996018 -0.001991568 -0.036707412 0.023687625 0.002038030 0.999716771 1.330545265
0.999465904 0.002349455 -0.032570562 -0.063987328 -0.002451563 0.999993052 -0.003090597 -0.052119305 0.032563452 0.003168924 0.999464079 1.844606202
0.999029251 0.002786012 -0.043958511 -0.103181360 -0.003098876 0.999971180 -0.007048610 -0.078448973 0.043937229 0.007178103 0.999007953 2.571876877
0.998654916 0.004193539 -0.051671696 -0.143612831 -0.004614355 0.999957801 -0.008025963 -0.093799595 0.051635694 0.008253691 0.998631871 3.053077577
0.998147572 0.005859794 -0.060552286 -0.177721173 -0.006400947 0.999941662 -0.008746178 -0.107616370 0.060497509 0.009117667 0.998126376 3.511939936
0.997870388 0.004851034 -0.065042779 -0.199897240 -0.005477208 0.999940685 -0.009452696 -0.115605558 0.064993733 0.009788902 0.997837903 3.740695513
0.997258331 0.002765510 -0.073942717 -0.236286101 -0.003306418 0.999968874 -0.007193703 -0.124547718 0.073920550 0.007418497 0.997236739 4.187843715
0.996511265 0.003169331 -0.083391047 -0.283983720 -0.003367955 0.999991972 -0.002241364 -0.129087565 0.083383687 0.002514475 0.996514130 4.629860331
0.996128157 0.003443527 -0.087841234 -0.307633096 -0.003463620 0.999994478 -0.000075854 -0.131915869 0.087841069 0.000379929 0.996134593 4.851840988
0.995297713 0.002887858 -0.096813277 -0.365631770 -0.002456512 0.999987199 0.004575361 -0.137689376 0.096825947 -0.004315864 0.995291912 5.292529758
0.994467115 0.006791087 -0.104828481 -0.418470497 -0.006826097 0.999976736 0.000024300 -0.157833711 0.104826683 0.000691544 0.994489852 5.697656519
0.994089061 0.007988393 -0.108266523 -0.445454451 -0.008972611 0.999923429 -0.008605423 -0.178807056 0.108190038 0.009526102 0.994084601 5.892547425
0.993394629 0.007094027 -0.114523718 -0.500146683 -0.010416689 0.999541179 -0.028439789 -0.225056488 0.114270046 0.029444967 0.993013240 6.276302481
0.992317697 0.005785615 -0.123572962 -0.564989927 -0.009712223 0.999466319 -0.031196664 -0.242890774 0.123326394 0.032157274 0.991844756 6.671312954
0.991668452 0.005841956 -0.128683760 -0.593768129 -0.009875059 0.999479301 -0.030725059 -0.248155868 0.128438076 0.031739891 0.991209521 6.861667275
0.990418140 0.005880030 -0.137974978 -0.662063007 -0.009762931 0.999574579 -0.027482233 -0.255504891 0.137755183 0.028566055 0.990053869 7.240172806
0.989254515 0.005319982 -0.146102715 -0.722629420 -0.009472549 0.999570550 -0.027740247 -0.268052845 0.145893048 0.028826227 0.988879904 7.602088939
0.988679129 0.006876179 -0.149882896 -0.754923637 -0.011040839 0.999576095 -0.026970573 -0.272482796 0.149634853 0.028320209 0.988335569 7.771749759
0.987244559 0.013448061 -0.158638025 -0.826910905 -0.016152191 0.999745097 -0.015768515 -0.265445210 0.158385422 0.018129835 0.987210519 8.133848563
0.985508737 0.020863654 -0.168332096 -0.917379545 -0.019918241 0.999775759 0.007304026 -0.239100240 0.168446886 -0.003845213 0.985703027 8.514554366
0.984627549 0.023845165 -0.173027369 -0.957365314 -0.020908580 0.999605874 0.018775663 -0.225562676 0.173406853 -0.014869154 0.984737711 8.706058055
0.982991180 0.027086989 -0.181640092 -1.037290024 -0.021321347 0.999207973 0.033620838 -0.212613121 0.182407929 -0.029175932 0.982789691 9.083777802
0.981815124 0.023579760 -0.188369119 -1.106060736 -0.016624412 0.999123801 0.038419371 -0.217598150 0.189110089 -0.034589071 0.981346717 9.460370034
0.981259769 0.022230882 -0.191402965 -1.144824868 -0.015053754 0.999131637 0.038870775 -0.223856675 0.192100873 -0.035260891 0.980741086 9.651375369
0.980046460 0.022977335 -0.197433845 -1.224232184 -0.015659418 0.999134179 0.038547422 -0.238004681 0.198148730 -0.034686554 0.979558227 10.021508109
0.978592499 0.023987335 -0.204402665 -1.313675785 -0.017104394 0.999228011 0.035374417 -0.257676829 0.205093789 -0.031120838 0.978247599 10.390204994
0.977857180 0.025403978 -0.207723540 -1.354078214 -0.019077591 0.999293036 0.032403449 -0.269467656 0.208400137 -0.027723038 0.977650781 10.569234185
0.976354269 0.028562275 -0.214279622 -1.453594053 -0.023732021 0.999403765 0.025081420 -0.296754691 0.214868850 -0.019403050 0.976449699 10.935456175
0.974902853 0.028523502 -0.220792836 -1.535194660 -0.025298336 0.999528605 0.017422074 -0.323481655 0.221185950 -0.011399054 0.975165425 11.287516941
0.974130315 0.027706381 -0.224279636 -1.585859351 -0.025245694 0.999586325 0.013832298 -0.337134748 0.224570108 -0.007812298 0.974426114 11.465202462
0.972229284 0.023494488 -0.232845284 -1.668338355 -0.022168071 0.999720383 0.008312480 -0.360321089 0.232975684 -0.002919790 0.972478231 11.813406736
0.970080265 0.019688764 -0.241983470 -1.769880305 -0.018741669 0.999805432 0.006215565 -0.378836013 0.242058944 -0.001494375 0.970260479 12.170971905
0.968991952 0.019615132 -0.246311327 -1.819913651 -0.018735303 0.999807432 0.005915536 -0.386679705 0.246379885 -0.001117369 0.969172800 12.354722110
0.967089828 0.021223732 -0.253547381 -1.929984127 -0.020571686 0.999775208 0.005223264 -0.403071161 0.253601433 0.000164633 0.967308962 12.722880818
0.965047653 0.024554676 -0.260920303 -2.040551613 -0.024248236 0.999696868 0.004394339 -0.419428836 0.260949132 0.002086197 0.965350512 13.088081159
0.963988883 0.025929694 -0.264675184 -2.100817665 -0.026062912 0.999656438 0.003009327 -0.429613731 0.264662123 0.003997388 0.964332944 13.270475637
0.961695184 0.026110482 -0.272872149 -2.211991013 -0.027069865 0.999633408 0.000249324 -0.449520440 0.272779225 0.007146904 0.962050491 13.630654603
0.959402832 0.023804460 -0.281032490 -2.324115038 -0.025149550 0.999683069 -0.001180203 -0.467388575 0.280916078 0.008200195 0.959697384 13.985952860
0.958097806 0.022641502 -0.285543669 -2.383938881 -0.024190424 0.999706312 -0.001897662 -0.476719222 0.285416368 0.008725666 0.958363590 14.171328060
0.955363065 0.021549401 -0.294646565 -2.504849533 -0.023795761 0.999709174 -0.004040336 -0.496301522 0.294474207 0.010871438 0.955597663 14.534164028
0.952371245 0.022172935 -0.304131486 -2.636064934 -0.025401780 0.999655064 -0.006663425 -0.517057614 0.303879354 0.014071637 0.952605945 14.895673658
0.950814439 0.022865700 -0.308915280 -2.706382184 -0.026526970 0.999619404 -0.007656410 -0.527178286 0.308622394 0.015474480 0.951058367 15.078745776
0.947556716 0.023485242 -0.318721988 -2.846528296 -0.027973149 0.999563817 -0.009510325 -0.547313722 0.318359615 0.017927316 0.947800530 15.447851895
0.944337816 0.023510534 -0.328133507 -2.988640281 -0.028891819 0.999516875 -0.011533039 -0.567673234 0.327704615 0.020371560 0.944560933 15.805115502
0.942732222 0.023299573 -0.332733859 -3.050362266 -0.029366120 0.999482158 -0.013214201 -0.578325522 0.332254547 0.022228766 0.942927692 15.978620559
0.939472343 0.021143052 -0.341970260 -3.194293816 -0.029154716 0.999407170 -0.018304506 -0.603953303 0.341380774 0.027166724 0.939532124 16.322928263
0.936245394 0.018422082 -0.350862403 -3.328721054 -0.028394688 0.999325663 -0.023298908 -0.628803318 0.350197217 0.031776229 0.936136856 16.663620305
0.934665651 0.017111070 -0.355114370 -3.400917358 -0.027869395 0.999293766 -0.025201974 -0.640554946 0.354433055 0.033452328 0.934482292 16.834814493
0.931154284 0.013652008 -0.364368105 -3.554016921 -0.025896403 0.999251743 -0.028739593 -0.664390050 0.363703710 0.036196904 0.930811405 17.185761785
0.927598436 0.009970726 -0.373445525 -3.707915073 -0.023849224 0.999185737 -0.032561572 -0.688651116 0.372816623 0.039110551 0.927080282 17.531766324
0.925793298 0.008502657 -0.377933043 -3.780645947 -0.023105491 0.999150848 -0.034121104 -0.699760312 0.377321796 0.040321464 0.925203702 17.700017467
0.922111238 0.005981874 -0.386876602 -3.936205075 -0.021752032 0.999100917 -0.036397298 -0.721166141 0.386311809 0.041977794 0.921412078 18.037216231
0.918755833 0.004095147 -0.394804401 -4.092564639 -0.021193562 0.999016748 -0.038957409 -0.742967997 0.394256449 0.044159790 0.917938260 18.369472995
0.917114384 0.002426305 -0.398616133 -4.166322783 -0.020099772 0.998991681 -0.040163482 -0.753470825 0.398116570 0.044846633 0.916238204 18.531820967
0.913648879 -0.000526387 -0.406502414 -4.315066699 -0.018096158 0.998955391 -0.041966167 -0.773296765 0.406100094 0.045698575 0.912685446 18.849641767
0.910091190 -0.002830859 -0.414398585 -4.465659633 -0.015994603 0.998991952 -0.041951303 -0.789893679 0.414099561 0.044807725 0.909127771 19.157679796
0.908293951 -0.004551802 -0.418307574 -4.541031341 -0.014326926 0.999016239 -0.041979601 -0.798309567 0.418086668 0.044122981 0.907334729 19.311202652
0.904556568 -0.007662745 -0.426284691 -4.691793228 -0.011280213 0.999058398 -0.041894848 -0.814842005 0.426204379 0.042704926 0.903618285 19.618255898
0.900379307 -0.010072778 -0.434989426 -4.852457304 -0.009563387 0.999032243 -0.042929056 -0.833724864 0.435001136 0.042812410 0.899411364 19.925925997
0.898537426 -0.011374657 -0.438747470 -4.920280104 -0.008478164 0.999028578 -0.043262935 -0.841756686 0.438813715 0.042593246 0.897568126 20.063986408
0.894968440 -0.012733692 -0.445945656 -5.066858618 -0.007242957 0.999046616 -0.043062847 -0.856835054 0.446070044 0.041769945 0.894022544 20.335876028
0.891429439 -0.014024834 -0.452942374 -5.205627523 -0.006670654 0.999006729 -0.044061582 -0.873080536 0.453110718 0.042299322 0.890449675 20.593250560
0.889612118 -0.014583230 -0.456483443 -5.276097554 -0.006456836 0.998989434 -0.044497611 -0.880988730 0.456672005 0.042533158 0.888618120 20.715531588
0.886183881 -0.014867657 -0.463093813 -5.408530778 -0.006069098 0.999027302 -0.043687702 -0.893230461 0.463293765 0.041526029 0.885231143 20.951616363
0.883083141 -0.014962430 -0.468976222 -5.541851497 -0.006387270 0.999015481 -0.043900379 -0.907130801 0.469171519 0.041763290 0.882118328 21.181740948
0.881773647 -0.014974162 -0.471434893 -5.613864896 -0.006458788 0.999018921 -0.043812312 -0.914089531 0.471628997 0.041677488 0.880811195 21.295168225
0.879672057 -0.014818292 -0.475347741 -5.730656498 -0.006897744 0.999011834 -0.043907550 -0.926355231 0.475529652 0.041903181 0.878701395 21.503267389
0.878188583 -0.015004708 -0.478078501 -5.848262083 -0.006924643 0.999004509 -0.044074065 -0.938797446 0.478264513 0.042015869 0.877210111 21.706430081
0.878004995 -0.014612876 -0.478427650 -6.003162231 -0.007289890 0.999010430 -0.043891344 -0.955104911 0.478596269 0.042024582 0.877029165 21.988828841
0.879600003 -0.014868133 -0.475480823 -6.084220042 -0.006770507 0.999019536 -0.043763810 -0.964683943 0.475665355 0.041713918 0.878636663 22.168644993
0.880799989 -0.015121659 -0.473245546 -6.129836857 -0.006300711 0.999027135 -0.043648728 -0.969768313 0.473445164 0.041427585 0.879848483 22.258390455
0.884319711 -0.015272566 -0.466631310 -6.209243305 -0.005579270 0.999047909 -0.043271591 -0.979373476 0.466847747 0.040869427 0.883392323 22.448070009
0.889189841 -0.014832028 -0.457297421 -6.288039206 -0.005076828 0.999093150 -0.042276298 -0.988178889 0.457509877 0.039913365 0.888308213 22.641715321
0.892039308 -0.014424352 -0.451727338 -6.332364116 -0.004950765 0.999118790 -0.041679835 -0.992811212 0.451931176 0.039416479 0.891181084 22.739363410
0.898360062 -0.014095906 -0.439032120 -6.399797210 -0.004249474 0.999159208 -0.040775271 -1.001548093 0.439237737 0.038496646 0.897545310 22.940225671
0.905399836 -0.013077763 -0.424357149 -6.458099612 -0.004003382 0.999218766 -0.039335111 -1.008799541 0.424540415 0.037312904 0.904640158 23.135517275
0.909286118 -0.012316538 -0.415989430 -6.491765241 -0.004075556 0.999251165 -0.038494073 -1.012656426 0.416152623 0.036697618 0.908554072 23.236454486
0.917508276 -0.011428628 -0.397550296 -6.538838077 -0.003772344 0.999292342 -0.037433280 -1.020353583 0.397697544 0.035845135 0.916816303 23.437963687
0.926436311 -0.011286603 -0.376279939 -6.584746332 -0.003186456 0.999280248 -0.037818685 -1.030882172 0.376436325 0.036235754 0.925732947 23.645320045
0.931434321 -0.011483765 -0.363726645 -6.605939373 -0.002552094 0.999271922 -0.038084572 -1.036613928 0.363899507 0.036401653 0.930726506 23.759343718
0.941280540 -0.012212548 -0.337403862 -6.628701973 -0.000625462 0.999280689 -0.037914368 -1.045792004 0.337624543 0.035899152 0.940595477 23.984123742
0.951355292 -0.012523855 -0.307840072 -6.659384022 0.001208441 0.999317399 -0.036920653 -1.054696366 0.308092852 0.034752720 0.950721447 24.222409956
0.956279609 -0.012080084 -0.292203590 -6.659858338 0.001688978 0.999358521 -0.035787393 -1.057177159 0.292448632 0.033729322 0.955686595 24.340095454
0.965950502 -0.011177811 -0.258483306 -6.660542576 0.002378237 0.999407876 -0.034330955 -1.063749791 0.258714565 0.032547376 0.965405168 24.576412299
0.975475282 -0.010648637 -0.219849311 -6.657457864 0.003676337 0.999477952 -0.032098918 -1.069909573 0.220076146 0.030503588 0.975005340 24.835426875
0.979914925 -0.010336643 -0.199147769 -6.654927337 0.004277937 0.999516020 -0.030829130 -1.072962237 0.199370423 0.029358100 0.979484528 24.970853284
0.987783778 -0.007925358 -0.155624044 -6.627209635 0.003594356 0.999599179 -0.028090811 -1.077812982 0.155784706 0.027188349 0.987416714 25.256168135
0.993811585 -0.004851350 -0.110966102 -6.591997825 0.002084863 0.999684503 -0.025032393 -1.081391632 0.111053330 0.024646252 0.993508740 25.526042897
0.996223022 -0.003664019 -0.086747854 -6.567403339 0.001578746 0.999709274 -0.024093516 -1.084278822 0.086811510 0.023865657 0.995939164 25.671958297
0.999287749 -0.003893246 -0.037517723 -6.497605108 0.003034871 0.999733549 -0.022907498 -1.090375075 0.037597309 0.022777411 0.999033618 25.965388166
0.999875973 -0.006698854 0.014238291 -6.415587362 0.006987263 0.999769616 -0.020301996 -1.094245297 -0.014098333 0.020399043 0.999692798 26.272007735
0.999179517 -0.008501434 0.039598916 -6.360694101 0.009240430 0.999786079 -0.018518735 -1.094331035 -0.039432635 0.018869532 0.999044059 26.417938403
0.995580291 -0.011289259 0.093223932 -6.248126491 0.012685472 0.999816682 -0.014398583 -1.094121878 -0.093043726 0.015517634 0.995541205 26.726578222
0.989145080 -0.013211431 0.146340881 -6.116258769 0.015035946 0.999822385 -0.011368545 -1.094407261 -0.146164317 0.013445609 0.989168662 27.028921516
0.984889004 -0.012893744 0.172706128 -6.049305334 0.014867008 0.999838441 -0.010136946 -1.095031598 -0.172547216 0.012551474 0.984920989 27.185999473
0.973880025 -0.011092599 0.226789934 -5.887881393 0.013113037 0.999886893 -0.007404499 -1.093849476 -0.226681779 0.010185109 0.973915041 27.483392423
0.959215950 -0.012068962 0.282415468 -5.715470729 0.013816294 0.999896505 -0.004196568 -1.091851245 -0.282335093 0.007927434 0.959282666 27.786048330
0.950705922 -0.012615447 0.309834814 -5.611243590 0.013842186 0.999903208 -0.001761199 -1.088009050 -0.309782305 0.005963228 0.950788417 27.924752142
0.931252951 -0.015703112 0.364033044 -5.399007191 0.014875356 0.999876568 0.005077655 -1.077451885 -0.364068361 0.000686639 0.931371969 28.225905829
0.908753302 -0.018756225 0.416911646 -5.168417527 0.016586993 0.999823455 0.008825487 -1.070759453 -0.417003289 -0.001104811 0.908903719 28.513773307
0.896348076 -0.018859969 0.442947608 -5.043200119 0.016158769 0.999820784 0.009871694 -1.068066534 -0.443054520 -0.001690924 0.896492999 28.656028170
0.869096940 -0.020863658 0.494200198 -4.782994269 0.015876519 0.999772631 0.014286979 -1.058204991 -0.494384979 -0.004570465 0.869231278 28.939974546
0.838933527 -0.022862090 0.543752523 -4.504132719 0.015948797 0.999721050 0.017426488 -1.049088956 -0.543998219 -0.005947351 0.839064422 29.213672455
0.823046182 -0.024807243 0.567431350 -4.350674771 0.016565247 0.999669453 0.019676440 -1.042321983 -0.567731251 -0.006794883 0.823185835 29.344137751
0.790203960 -0.026866950 0.612253355 -4.044902386 0.016750391 0.999612776 0.022246031 -1.031644750 -0.612613447 -0.007323334 0.790348017 29.597105179
0.755102877 -0.030586342 0.654891287 -3.710812492 0.018564861 0.999508587 0.025275697 -1.018140695 -0.655342123 -0.006927676 0.755300342 29.838251642
0.736649183 -0.032761296 0.675480255 -3.548452774 0.019776077 0.999442832 0.026906704 -1.011525419 -0.675984639 -0.006462368 0.736886868 29.961132255
0.698118795 -0.036728452 0.715038311 -3.197763943 0.021067403 0.999304956 0.030761075 -0.994844765 -0.715670631 -0.006410808 0.698408196 30.181278521
0.658033096 -0.039380805 0.751957928 -2.818054080 0.020370249 0.999196908 0.034503076 -0.976044197 -0.752712729 -0.007386547 0.658306884 30.393531650
0.637459832 -0.041111460 0.769386023 -2.629368588 0.020483137 0.999126897 0.036416578 -0.966407106 -0.770210783 -0.007454545 0.637744843 30.492759334
0.596129048 -0.042152467 0.801781066 -2.243330296 0.018752098 0.999079519 0.038582909 -0.948831952 -0.802669445 -0.007965188 0.596371299 30.681618253
0.553754487 -0.044920937 0.831466427 -1.850263880 0.017720997 0.998954122 0.042167418 -0.927780353 -0.832490943 -0.008615983 0.553971583 30.853119765
0.532218921 -0.046072978 0.845351357 -1.654358768 0.017263071 0.998901592 0.043573107 -0.917769935 -0.846430013 -0.008596989 0.532430185 30.934911923
0.489141754 -0.050452825 0.870742880 -1.258257174 0.019217223 0.998706564 0.047071968 -0.895371697 -0.871991954 -0.006291541 0.489479772 31.064342262
0.446995983 -0.053744856 0.892919792 -0.843626348 0.022723686 0.998553924 0.048727459 -0.874342963 -0.894246574 -0.001490474 0.447571240 31.182522019
0.426888877 -0.056447890 0.902539991 -0.642741119 0.025458663 0.998405006 0.050401906 -0.862422582 -0.903944811 0.001461533 0.427645733 31.234094057
0.389123895 -0.057721541 0.919374803 -0.221140529 0.028810746 0.998309176 0.050483202 -0.842318404 -0.920734043 0.006843743 0.390129683 31.332832802
0.355015329 -0.059116148 0.932988810 0.188947013 0.029785496 0.998207897 0.051914650 -0.819848159 -0.934385657 0.009359113 0.356140821 31.424415887
0.339256411 -0.059196912 0.938828890 0.388740693 0.028924122 0.998203198 0.052488574 -0.808953170 -0.940249070 0.009347783 0.340359142 31.469057270
0.311007289 -0.059743287 0.948527895 0.777236040 0.026240820 0.998182043 0.054266837 -0.786273089 -0.950045150 0.008012766 0.312009468 31.553120030
0.284091410 -0.061061995 0.956850664 1.184051882 0.024912756 0.998103907 0.056297882 -0.761580015 -0.958473519 0.007844112 0.285074516 31.626017359
0.271768943 -0.061702682 0.960382379 1.371628750 0.024633937 0.998062289 0.057152549 -0.750281511 -0.962046479 0.008125812 0.272763282 31.658521646
0.247920460 -0.063473631 0.966698394 1.765780644 0.025332743 0.997935529 0.059027743 -0.725959346 -0.968448801 0.009854960 0.249016437 31.716303166
0.225834592 -0.063020881 0.972124706 2.159038645 0.027692959 0.997917178 0.058259642 -0.705865471 -0.973772201 0.013763966 0.227109297 31.767073399
0.215857109 -0.063949171 0.974328152 2.355131963 0.029408576 0.997826580 0.058976102 -0.693821416 -0.975982012 0.015923261 0.217268869 31.790042777
0.198878578 -0.066234307 0.977782877 2.737883491 0.031750599 0.997625916 0.061120379 -0.668959133 -0.979509787 0.018889725 0.200510126 31.840622670
0.184816808 -0.065522207 0.980586305 3.121201983 0.030716414 0.997673376 0.060874623 -0.647937569 -0.982292222 0.018869526 0.186399524 31.893078687
0.178670777 -0.065976550 0.981693630 3.307587553 0.029395241 0.997662405 0.061699636 -0.636048043 -0.983469456 0.017833273 0.180193235 31.918693009
0.166837024 -0.065738775 0.983790254 3.679659854 0.027056748 0.997704633 0.062080110 -0.614311367 -0.985612562 0.016260977 0.168233031 31.964938210
0.158394767 -0.065023113 0.985231946 4.031295921 0.026425458 0.997751375 0.061600902 -0.595056597 -0.987022090 0.016278006 0.159757574 32.009513758
0.155216927 -0.065070044 0.985734326 4.206920986 0.027147518 0.997733262 0.061587235 -0.584975599 -0.987507206 0.017200942 0.156632412 32.030826546
0.150754523 -0.064635118 0.986455158 4.579252756 0.029696756 0.997706570 0.060833834 -0.564770146 -0.988124437 0.020123623 0.152328771 32.078019605
0.147951031 -0.064047455 0.986918563 4.951760252 0.032216197 0.997684210 0.059916465 -0.544738924 -0.988469475 0.022930140 0.149671424 32.126194683
0.147146338 -0.063737628 0.987058254 5.128080222 0.032908227 0.997685335 0.059517918 -0.535225144 -0.988567267 0.023724575 0.148903721 32.151438815
0.146836259 -0.062742052 0.987168354 5.491727818 0.032212859 0.997760193 0.058623736 -0.515720720 -0.988635935 0.023191493 0.148529186 32.207181497
0.146722702 -0.062079985 0.987227172 5.855656674 0.030553715 0.997837519 0.058206180 -0.495427285 -0.988705268 0.021623368 0.148303184 32.264916854
0.146363200 -0.061965644 0.987287739 6.042446037 0.030304225 0.997848942 0.058135916 -0.484734342 -0.988766124 0.021410101 0.147926858 32.292473865
0.145153812 -0.061613949 0.987488608 6.415231099 0.031206832 0.997847600 0.057673152 -0.463854242 -0.988916450 0.022444972 0.146764562 32.342643126
0.145309018 -0.061390458 0.987479845 6.788021702 0.033440254 0.997808059 0.057111771 -0.443063942 -0.988821288 0.024722772 0.147043725 32.392810126
0.145819870 -0.061141114 0.987419365 6.974515643 0.034667083 0.997792090 0.056663727 -0.432930521 -0.988703486 0.025968338 0.147617228 32.418380240
0.147751033 -0.060271817 0.987185634 7.358868794 0.036559463 0.997792130 0.055447538 -0.412635059 -0.988348254 0.027898625 0.149628335 32.476736413
0.149973907 -0.059301010 0.986909777 7.774058370 0.036666238 0.997846733 0.054386289 -0.390230467 -0.988009689 0.028029800 0.151825285 32.538049643
0.153958226 -0.059141379 0.986304883 8.397961493 0.037593374 0.997834936 0.053964518 -0.354702482 -0.987362022 0.028770318 0.155848639 32.637465895
0.156979450 -0.058504920 0.985866892 8.813972440 0.039353148 0.997822019 0.052948112 -0.332241111 -0.986816888 0.030485279 0.158940632 32.703712585
0.158976226 -0.057728302 0.985593114 9.022516794 0.039838047 0.997851122 0.052020425 -0.321722702 -0.986478303 0.030994136 0.160935362 32.739777216
0.163400948 -0.055388527 0.985003582 9.460037803 0.040838333 0.997947033 0.049341753 -0.300813570 -0.985713993 0.032163470 0.165327395 32.812524030
0.168006944 -0.053664099 0.984323357 9.897828371 0.041962831 0.998002100 0.047247395 -0.278925846 -0.984892136 0.033367189 0.169923849 32.887268292
0.170237661 -0.053306033 0.983959688 10.116996294 0.042126888 0.998017154 0.046779054 -0.267053282 -0.984502321 0.033487677 0.172145355 32.926636614
0.175100892 -0.052710266 0.983138157 10.565662136 0.042662532 0.998034412 0.045910548 -0.242543454 -0.983625961 0.033904282 0.177005815 33.006689298
0.181586017 -0.051811684 0.982008639 11.025884368 0.044433180 0.998024025 0.044440370 -0.218428685 -0.982370324 0.035564151 0.183529811 33.094933668
0.185367806 -0.051482863 0.981319222 11.256883783 0.044697698 0.998035330 0.043916526 -0.206062390 -0.981651737 0.035722078 0.187305235 33.144488862
0.193486621 -0.051758724 0.979736299 11.729278734 0.044600236 0.998039490 0.043917629 -0.178963271 -0.980088037 0.035199096 0.195416054 33.245942021
0.200625765 -0.052649734 0.978252064 12.181270325 0.045016825 0.997995665 0.044480066 -0.152205425 -0.978632850 0.035114066 0.202594676 33.346765823
0.204135935 -0.052296363 0.977543820 12.412431922 0.044942573 0.998020597 0.044006487 -0.139793849 -0.977910092 0.034950125 0.206082948 33.397308563
0.211736376 -0.050370370 0.976027921 12.875878441 0.044832397 0.998120409 0.041784788 -0.117133612 -0.976297914 0.034910352 0.213596893 33.504258029
0.219192944 -0.048281021 0.974485805 13.350019956 0.044993257 0.998213407 0.039336110 -0.094276653 -0.974643326 0.035223205 0.220973965 33.614482048
0.222726021 -0.047922293 0.973701882 13.582024475 0.045527743 0.998213324 0.038714536 -0.082157523 -0.973817044 0.035707765 0.224510302 33.669949456
0.229720105 -0.046380677 0.972150691 14.046925080 0.045490545 0.998284292 0.036877979 -0.058999960 -0.972193057 0.035752103 0.231436514 33.785789095
0.237584413 -0.045253402 0.970312350 14.501488917 0.047370223 0.998265780 0.034958401 -0.036497340 -0.970211466 0.037658360 0.239316460 33.900315458
0.241927870 -0.044536660 0.969270825 14.734501618 0.046840862 0.998318238 0.034179854 -0.024675264 -0.969163022 0.037132494 0.243607778 33.961693823
0.251030455 -0.044428140 0.966958760 15.191075901 0.047115879 0.998323367 0.033637521 0.000002486 -0.966831349 0.037115126 0.252703364 34.089098221
0.260392917 -0.045394481 0.964434120 15.658380518 0.047667141 0.998280454 0.034117562 0.026977679 -0.964325319 0.037087912 0.262109460 34.220816463
0.265490621 -0.045707209 0.963028975 15.882332962 0.049428950 0.998208018 0.033750094 0.038846305 -0.962845543 0.038641316 0.267274284 34.288790459
0.276113829 -0.044350428 0.960100535 16.361623999 0.052421603 0.998143036 0.031031800 0.061131347 -0.959694017 0.041761777 0.277926099 34.429578665
0.287140276 -0.041954060 0.956968983 16.842006959 0.054723582 0.998127303 0.027338479 0.081762345 -0.956323393 0.044518841 0.288898862 34.576243668
0.292836281 -0.040993314 0.955282968 17.078513508 0.053650842 0.998211633 0.026389066 0.093108480 -0.954655581 0.043524120 0.294512047 34.658324577
0.305504622 -0.041196154 0.951298926 17.561691581 0.053280462 0.998238739 0.026118113 0.119239520 -0.950698094 0.042706547 0.307161548 34.823869754
0.318702893 -0.039551781 0.947029172 18.026058067 0.053292538 0.998296317 0.023758456 0.140622110 -0.946355555 0.042897696 0.320268358 34.996565873
0.324531119 -0.037946888 0.945112992 18.263014590 0.053783218 0.998319108 0.021615065 0.150023322 -0.944344073 0.043816544 0.326027340 35.080570632
0.336963359 -0.036781641 0.940798276 18.749539484 0.054817101 0.998308199 0.019396327 0.172714233 -0.939920431 0.045036126 0.338410562 35.264770918
0.350722436 -0.039935948 0.935627414 19.247939077 0.056066131 0.998193517 0.021589990 0.203218783 -0.934798999 0.044884964 0.352328587 35.462301569
0.357083358 -0.041137933 0.933166166 19.487402065 0.056235360 0.998164414 0.022484438 0.217450758 -0.932377846 0.044448120 0.358741423 35.563196841
0.369489581 -0.041288048 0.928316511 19.987745500 0.056459682 0.998164579 0.021922374 0.243189690 -0.927517603 0.044312428 0.371142796 35.770471580
0.382953072 -0.041452168 0.922836259 20.490086211 0.056889893 0.998154980 0.021227423 0.268643827 -0.922013745 0.044371030 0.384605651 35.989576021
0.389730365 -0.042312168 0.919956163 20.742257480 0.057306935 0.998122986 0.021629695 0.282528305 -0.919143777 0.044290187 0.391424452 36.105569017
0.403298621 -0.044608822 0.913979842 21.247063778 0.058838550 0.998008451 0.022747160 0.310802285 -0.913174737 0.044603346 0.405120282 36.340526941
0.416025499 -0.045443058 0.908215961 21.753850486 0.060183195 0.997937035 0.022364113 0.336391412 -0.907359000 0.045355382 0.417903241 36.586267742
0.422705899 -0.045299271 0.905134081 22.007774717 0.060185549 0.997948681 0.021837153 0.348603412 -0.904265895 0.045245264 0.424564763 36.712082694
0.435936464 -0.044642291 0.898869505 22.516818170 0.060051112 0.997986692 0.020441195 0.372376522 -0.897971601 0.045067155 0.437739469 36.970601055
0.449372244 -0.043452221 0.892286430 23.028231289 0.059670159 0.998046138 0.018551384 0.395177126 -0.891349365 0.044906476 0.451087219 37.242904617
0.456542203 -0.042287267 0.888695538 23.285547529 0.058876143 0.998116524 0.017247837 0.405890073 -0.887751027 0.044448675 0.458171751 37.388409951
0.470519863 -0.040046874 0.881479889 23.800228654 0.058434404 0.998191628 0.014157830 0.426527715 -0.880452115 0.044847311 0.472008752 37.679400775
0.483491742 -0.039483293 0.874456895 24.326554700 0.058088434 0.998227313 0.012954302 0.450682383 -0.873418678 0.044532654 0.484928509 37.980654581
0.490223990 -0.039844169 0.870684447 24.585715512 0.057902055 0.998237440 0.013080428 0.463585046 -0.869670784 0.044002156 0.491667182 38.138051912
0.502817312 -0.040766912 0.863430140 25.104323937 0.057210542 0.998266674 0.013816705 0.490089584 -0.862497644 0.042450074 0.504278294 38.454836987
0.514162199 -0.041137391 0.856705785 25.613927522 0.055647947 0.998344613 0.014540865 0.515742663 -0.855884950 0.040197617 0.515600326 38.778195086
0.519736830 -0.040906536 0.853345940 25.884745330 0.054258967 0.998417057 0.014813894 0.529293335 -0.852601056 0.038602410 0.521133877 38.944796766
0.528869773 -0.040208480 0.847749417 26.406755617 0.052035518 0.998534785 0.014897579 0.554139174 -0.847105695 0.036234276 0.530186808 39.281268204
0.536799740 -0.040423508 0.842740688 26.951405313 0.051097434 0.998576122 0.015350987 0.580518978 -0.842160725 0.034821523 0.538100731 39.632208708
0.540109070 -0.041078313 0.840591325 27.224370879 0.051291735 0.998558345 0.015841098 0.594019715 -0.840030080 0.034559522 0.541437998 39.811632408
0.546159281 -0.042282259 0.836612609 27.769666836 0.051906349 0.998514858 0.016579097 0.620620552 -0.836071427 0.034370757 0.547542963 40.166524100
0.551449959 -0.042436204 0.833126912 28.327707402 0.051828420 0.998519433 0.016555044 0.646285199 -0.832595629 0.034050488 0.552832652 40.536498697
0.553310335 -0.041886198 0.831920861 28.611433233 0.051137722 0.998559129 0.016264540 0.658925004 -0.831403653 0.033543253 0.554655923 40.719170325
0.556880460 -0.040462874 0.829606041 29.159561759 0.049610453 0.998650221 0.015406267 0.682398876 -0.829109090 0.032577809 0.558136973 41.089765793
0.558768508 -0.038683108 0.828420348 29.717649497 0.049101427 0.998703190 0.013515501 0.704625766 -0.827868374 0.033124698 0.559943288 41.458667440
0.559238764 -0.037628402 0.828151598 30.000976837 0.048910541 0.998727279 0.012350109 0.715702895 -0.827561883 0.033598718 0.560367795 41.638340511
0.560538753 -0.035509329 0.827365798 30.570472332 0.048827565 0.998759803 0.009784655 0.737269932 -0.826686508 0.034913649 0.561577608 42.014440771
0.561720982 -0.033141461 0.826662271 31.130449967 0.048202209 0.998811649 0.007289352 0.758278717 -0.825921045 0.035752446 0.562650892 42.394162219
0.562451682 -0.032023657 0.826209170 31.426921640 0.047691187 0.998843127 0.006248432 0.769962376 -0.825453172 0.035888590 0.563328324 42.591916249
0.563498111 -0.030910909 0.825538296 32.008110084 0.047376373 0.998864402 0.005062508 0.794268165 -0.824757630 0.036258386 0.564323196 42.978259898
0.564311321 -0.029565171 0.825032581 32.578598607 0.046246483 0.998921787 0.004164511 0.818457055 -0.824265127 0.035804766 0.565070415 43.361331004
0.564638665 -0.028716225 0.824837999 32.864179853 0.045450946 0.998959801 0.003664940 0.830437515 -0.824085522 0.035420334 0.565356397 43.554836499
0.566256460 -0.027545809 0.823767766 33.435330646 0.044638970 0.998999696 0.002720576 0.854588014 -0.823018825 0.035231639 0.566919975 43.941852262
0.567302458 -0.026587925 0.823079500 33.995450382 0.043783943 0.999039357 0.002094040 0.878640810 -0.822344386 0.034849798 0.567921992 44.323623153
0.567873820 -0.026106885 0.822701189 34.280998378 0.043172067 0.999066412 0.001903743 0.891160075 -0.821982027 0.034436733 0.568470628 44.517142212
0.568759223 -0.025001891 0.822123737 34.852523647 0.040733645 0.999168014 0.002205811 0.917262388 -0.821494658 0.032233667 0.569304460 44.907166329
0.570455398 -0.025591205 0.820928724 35.424450862 0.042207310 0.999107943 0.001816097 0.942198052 -0.820243041 0.033613203 0.571027047 45.299133888
0.570906454 -0.025407689 0.820621788 35.709644700 0.044105396 0.999026788 0.000247365 0.952436233 -0.819829399 0.036052635 0.571471280 45.489636304
0.571397538 -0.026761584 0.820236046 36.278578908 0.051433292 0.998671938 -0.003246602 0.972405291 -0.819059215 0.044042686 0.572015903 45.861750712
0.572441298 -0.026771267 0.819507884 36.849925747 0.053046453 0.998582737 -0.004432861 0.996052288 -0.818227203 0.046009652 0.573050832 46.249740206
0.572937109 -0.025452090 0.819203832 37.126423337 0.050439378 0.998718939 -0.004246929 1.008458457 -0.818045943 0.043753421 0.573487069 46.449850877
0.573401153 -0.026324667 0.818850885 37.698445481 0.046734720 0.998907567 -0.000612947 1.039875886 -0.817940483 0.038620246 0.574005865 46.844940828
0.573968768 -0.030127051 0.818322169 38.271286773 0.045636346 0.998947285 0.004767688 1.074059466 -0.817603959 0.034608843 0.574739290 47.246018852
0.574486559 -0.033653728 0.817821286 38.556545984 0.047894616 0.998824930 0.007458025 1.091258351 -0.817111025 0.034884799 0.575423164 47.439655717
0.573609229 -0.036920105 0.818296118 39.126198222 0.049967355 0.998701299 0.010033503 1.120978827 -0.817603134 0.035132869 0.574708998 47.819906859
0.572420727 -0.037387607 0.819106892 39.696562980 0.050200394 0.998684107 0.010502500 1.147173268 -0.818421011 0.035107714 0.573545103 48.203028453
0.573076135 -0.036107235 0.818705890 39.973346140 0.047049414 0.998830602 0.011117596 1.160298604 -0.818149904 0.032148455 0.574105414 48.405130041
0.573111275 -0.030130765 0.818922791 40.525567978 0.036974357 0.999257264 0.010889823 1.184275887 -0.818642572 0.024038143 0.573799847 48.800398331
0.574628779 -0.021745833 0.818124122 41.077711648 0.033249728 0.999441840 0.003211407 1.196153104 -0.817737988 0.025357129 0.575031520 49.190429980
0.575261929 -0.018645547 0.817756549 41.364182133 0.034044461 0.999419534 -0.001161461 1.201743881 -0.817259743 0.028508368 0.575563128 49.386733837
0.575256659 -0.013922734 0.817854477 41.948153784 0.036251929 0.999306809 -0.008486929 1.215702577 -0.817168394 0.034531010 0.575363239 49.785640282
0.574926843 -0.006034694 0.818182531 42.532650769 0.033579999 0.999304430 -0.016225659 1.229168509 -0.817514492 0.036803269 0.574730102 50.187493540
0.574549237 -0.004513654 0.818457415 42.819446096 0.032411116 0.999326434 -0.017241299 1.240188766 -0.817827273 0.036433120 0.574308810 50.387879705
0.574566494 -0.005618690 0.818438241 43.404691387 0.029985453 0.999449588 -0.014189292 1.270935559 -0.817908654 0.032693911 0.574419048 50.801018464
0.575353406 -0.008750628 0.817856818 44.000456186 0.028913471 0.999535770 -0.009645857 1.304722766 -0.817392615 0.029196958 0.575339616 51.217503364
0.575730242 -0.009185681 0.817587463 44.298070137 0.028501283 0.999555248 -0.008840004 1.319283092 -0.817142646 0.028391866 0.575735578 51.423221060
0.575550381 -0.009657726 0.817709013 44.881869724 0.027964162 0.999578138 -0.007877137 1.346723407 -0.817287671 0.027400358 0.575578265 51.826412520
0.575277895 -0.009287560 0.817904599 45.477087534 0.027166105 0.999601031 -0.007756755 1.373334246 -0.817506163 0.026681758 0.575300703 52.236798324
0.575211237 -0.008526461 0.817959859 45.775819885 0.026423058 0.999618332 -0.008161432 1.385811480 -0.817577947 0.026307620 0.575216458 52.448382016
0.575365530 -0.006752114 0.817868392 46.382883110 0.025735562 0.999620309 -0.009852144 1.410017099 -0.817491360 0.026716964 0.575321434 52.867895306
0.574849511 -0.005179946 0.818242109 47.000925052 0.025020956 0.999623510 -0.011250107 1.435168541 -0.817875553 0.026940346 0.574763259 53.292674820
0.574978359 -0.004581931 0.818155187 47.309678431 0.024737713 0.999624421 -0.011786790 1.448070467 -0.817793917 0.027016527 0.574876429 53.503593179
0.574665772 -0.003584787 0.818379937 47.917159850 0.024245068 0.999626498 -0.012646276 1.473519471 -0.818028528 0.027109149 0.574538899 53.926096989
0.574897820 -0.003991851 0.818214235 48.523144322 0.023787176 0.999647610 -0.011836512 1.501839060 -0.817878605 0.026267935 0.574790713 54.340781816
