1.000000000 -0.000000000 -0.000000000 -0.000000000 0.000000000 1.000000000 0.000000000 0.000000000 0.000000000 0.000000000 1.000000000 0.000000000
1.000000122 0.000062848 -0.000248713 0.003988423 -0.000062706 0.999999784 0.000642309 0.034860345 0.000248464 -0.000642370 0.999999842 0.740266199
0.999998971 0.001198098 0.000043225 0.010231069 -0.001198092 0.999999047 0.000447552 0.051753111 -0.000042706 -0.000447573 1.000000513 1.113280615
0.999996363 0.001892615 -0.001752686 0.008724501 -0.001894541 0.999996830 -0.001114855 0.082596883 0.001749238 0.001118231 0.999998183 1.845201531
0.999989795 0.003655829 -0.002504083 0.007740634 -0.003661642 0.999990129 -0.002326693 0.115289974 0.002495332 0.002335805 0.999994759 2.604647768
0.999985441 0.004599040 -0.002844692 0.003415791 -0.004606960 0.999985704 -0.002788528 0.131289901 0.002831177 0.002801602 0.999992393 2.974099750
0.999986496 0.003866632 -0.003289205 0.008034170 -0.003873927 0.999989959 -0.002196585 0.166650659 0.003280019 0.002209288 0.999992629 3.727796126
0.999990431 0.003398584 -0.002728514 0.016706875 -0.003400667 0.999993403 -0.000769751 0.204560750 0.002725596 0.000779106 0.999996491 4.505468162
0.999989773 0.003636220 -0.002646041 0.020713307 -0.003637740 0.999993219 -0.000580204 0.222701926 0.002644312 0.000589810 0.999996188 4.894692984
0.999988360 0.002784899 -0.003738541 0.024542440 -0.002785535 0.999996014 -0.000146858 0.258492773 0.003737542 0.000157180 0.999993335 5.663229865
0.999984947 0.001983672 -0.004999348 0.029812300 -0.001984242 0.999997765 -0.000097670 0.293664992 0.004998701 0.000107525 0.999987759 6.430387759
0.999983257 0.001870147 -0.005509705 0.037377812 -0.001870151 0.999997740 0.000001440 0.311627520 0.005508834 0.000008812 0.999985150 6.816102889
0.999973702 0.002025767 -0.006889702 0.037600133 -0.002016041 0.999996717 0.001411481 0.349124690 0.006892143 -0.001397527 0.999975251 7.588079969
0.999969790 0.001884240 -0.007559331 0.041953774 -0.001855222 0.999990385 0.003831465 0.388790814 0.007565781 -0.003817322 0.999964227 8.369893506
0.999962752 0.000156264 -0.008582867 0.049645207 -0.000093427 0.999972559 0.007316650 0.447335816 0.008583795 -0.007315586 0.999936085 9.527445368
0.999949459 -0.000116589 -0.010085867 0.055494796 0.000199834 0.999965386 0.008252927 0.484616002 0.010083802 -0.008254587 0.999915054 10.307960313
0.999943612 0.000155427 -0.010607679 0.051799284 -0.000073258 0.999969900 0.007748912 0.501136312 0.010607910 -0.007747745 0.999913508 10.690841564
0.999935815 0.000125151 -0.011326572 0.050172110 -0.000065443 0.999986246 0.005277018 0.531672469 0.011326680 -0.005276024 0.999922059 11.451089481
0.999915259 0.001090125 -0.012923477 0.041550877 -0.001062683 0.999996692 0.002134357 0.560677839 0.012925451 -0.002120470 0.999913944 12.204286167
0.999908485 0.001798995 -0.013381118 0.044306509 -0.001791345 0.999997865 0.000580077 0.575442763 0.013382419 -0.000556029 0.999910813 12.580915195
0.999891261 0.002533756 -0.014482258 0.034194009 -0.002551220 0.999995487 -0.001184010 0.606684297 0.014479213 0.001220785 0.999894199 13.335417286
0.999874278 0.003147212 -0.015501883 0.028193487 -0.003172106 0.999993214 -0.001581138 0.640713843 0.015496097 0.001630122 0.999878441 14.099727675
0.999862088 0.003121098 -0.016286029 0.020289911 -0.003146785 0.999993986 -0.001548023 0.657521461 0.016281292 0.001598983 0.999865847 14.472660735
0.999844107 0.002945049 -0.017398872 0.014328322 -0.002962959 0.999994874 -0.001005527 0.692388773 0.017395498 0.001056898 0.999848017 15.222776510
0.999831880 0.002675837 -0.018133175 0.011914894 -0.002681880 0.999995664 -0.000307850 0.727426905 0.018131591 0.000356491 0.999835347 15.969366695
0.999805708 0.003576137 -0.019367683 0.006056732 -0.003582281 0.999993540 -0.000282558 0.744925079 0.019366357 0.000351924 0.999812608 16.354314155
0.999758275 0.002717049 -0.021815044 -0.011304020 -0.002702443 0.999995656 0.000699778 0.780687574 0.021816411 -0.000640734 0.999761859 17.115646229
0.999716400 0.002230737 -0.023693676 -0.023073381 -0.002186090 0.999995281 0.001908470 0.817381338 0.023698286 -0.001856100 0.999717023 17.885463934
0.999707989 0.001782246 -0.024082221 -0.031788666 -0.001727950 0.999995204 0.002274463 0.835337950 0.024085908 -0.002232264 0.999707305 18.273204795
0.999658341 0.000846252 -0.026125020 -0.045006491 -0.000785438 0.999997168 0.002338100 0.870814094 0.026127515 -0.002316781 0.999656016 19.058641521
0.999631991 0.000854698 -0.027093827 -0.051163808 -0.000808937 0.999997532 0.001698669 0.905694262 0.027095337 -0.001676091 0.999631014 19.851226225
0.999632309 0.000868643 -0.027091898 -0.049331820 -0.000841034 0.999998369 0.001029872 0.923106858 0.027091838 -0.001006777 0.999632301 20.256751385
0.999555189 0.000255039 -0.029797143 -0.067279411 -0.000269133 0.999999613 -0.000468976 0.954905171 0.029796331 0.000476815 0.999555785 21.018967350
0.999496666 -0.001045103 -0.031691203 -0.076924118 0.001021897 0.999998841 -0.000747135 0.989753350 0.031691853 0.000714386 0.999497518 21.800914823
0.999463801 -0.001110637 -0.032724384 -0.085617877 0.001083565 0.999999126 -0.000845643 1.007021010 0.032724438 0.000809679 0.999463903 22.188687024
0.999389910 -0.003138106 -0.034793335 -0.100163247 0.003107334 0.999994733 -0.000937502 1.041577164 0.034796196 0.000828739 0.999394019 22.961416223
0.999277619 -0.005068275 -0.037650948 -0.123853473 0.005021975 0.999986265 -0.001321853 1.075200971 0.037656958 0.001131708 0.999290164 23.729177657
0.999207399 -0.006155506 -0.039309916 -0.135341647 0.006066071 0.999978707 -0.002393011 1.090920125 0.039323637 0.002152655 0.999224642 24.119834554
0.999118644 -0.008018612 -0.041186451 -0.167568547 0.007845983 0.999959475 -0.004349380 1.122725068 0.041218773 0.004022339 0.999141991 24.910277997
0.999062660 -0.008720913 -0.042387846 -0.195638544 0.008480696 0.999946713 -0.005844052 1.155880210 0.042436197 0.005479112 0.999084254 25.710595142
0.999039911 -0.008784954 -0.042913646 -0.205789503 0.008495842 0.999940039 -0.006914499 1.172209825 0.042971921 0.006543273 0.999055256 26.113973646
0.998941058 -0.009542511 -0.045002986 -0.233037184 0.009147999 0.999918080 -0.008961534 1.203876489 0.045084428 0.008540357 0.998946408 26.899498432
0.998829202 -0.010428359 -0.047231722 -0.264604243 0.009969086 0.999900530 -0.009950068 1.237309171 0.047330773 0.009467552 0.998834072 27.689164267
0.998775878 -0.010700958 -0.048294115 -0.276937195 0.010226434 0.999897027 -0.010061925 1.255235708 0.048396842 0.009555753 0.998782483 28.094580819
0.998697764 -0.012023786 -0.049571726 -0.308135603 0.011578005 0.999890106 -0.009268942 1.293364335 0.049677217 0.008682970 0.998728246 28.925798988
0.998627497 -0.012844049 -0.050765063 -0.341569602 0.012446343 0.999888730 -0.008141850 1.332721403 0.050864153 0.007498822 0.998677785 29.773228472
0.998558179 -0.012996035 -0.052077383 -0.361021337 0.012591479 0.999887424 -0.008087783 1.351025207 0.052175875 0.007420386 0.998610096 30.185663500
0.998457732 -0.012870930 -0.054010179 -0.402626944 0.012396686 0.999881828 -0.009105985 1.385214673 0.054120758 0.008422356 0.998498762 30.999301306
0.998340111 -0.012426876 -0.056223846 -0.447141397 0.011851930 0.999874139 -0.010547626 1.419434188 0.056347541 0.009863791 0.998362449 31.829908505
0.998260727 -0.012840438 -0.057525278 -0.469391604 0.012204049 0.999860185 -0.011399633 1.436319288 0.057663275 0.010677723 0.998278535 32.245222323
0.998123154 -0.012086224 -0.060025274 -0.515401692 0.011422734 0.999869694 -0.011384034 1.472914755 0.060154770 0.010676951 0.998132526 33.077128569
0.997959895 -0.011874568 -0.062725177 -0.564327552 0.011272806 0.999886724 -0.009937999 1.511845805 0.062836232 0.009210659 0.997982094 33.911742826
0.997908416 -0.011023720 -0.063692354 -0.588805613 0.010476724 0.999904754 -0.008915887 1.531795592 0.063783689 0.008230001 0.997929966 34.329027926
0.997770196 -0.008658937 -0.066178880 -0.692884482 0.008054565 0.999923210 -0.009392960 1.604243987 0.066254661 0.008838849 0.997763177 36.004834778
0.997718047 -0.009082991 -0.066902715 -0.713032184 0.008344168 0.999900844 -0.011314153 1.619992423 0.066998622 0.010730014 0.997695078 36.432246116
0.997643013 -0.008366380 -0.068100675 -0.768164850 0.007334988 0.999854035 -0.015380842 1.650774889 0.068218201 0.014845066 0.997559928 37.287719624
0.997527502 -0.010127234 -0.069543787 -0.821217288 0.008991391 0.999820699 -0.016626575 1.685301346 0.069699727 0.015960168 0.997440616 38.126755625
0.997510646 -0.011166857 -0.069618678 -0.845078809 0.010123135 0.999830803 -0.015327523 1.706180893 0.069777892 0.014584618 0.997456348 38.557451372
0.997401932 -0.012642786 -0.070914008 -0.902911528 0.011864355 0.999864006 -0.011386823 1.750973307 0.071047511 0.010515866 0.997417260 39.442711278
0.997309789 -0.014642939 -0.071818195 -0.956283298 0.013987243 0.999855293 -0.009624228 1.791552470 0.071948848 0.008593809 0.997371605 40.309784954
0.997300301 -0.014954233 -0.071898034 -0.987159716 0.014253163 0.999845238 -0.010255533 1.809484345 0.072039382 0.009203047 0.997359376 40.747650426
0.997226775 -0.015501560 -0.072787598 -1.041577633 0.014494305 0.999791945 -0.014345900 1.840137224 0.072994223 0.013251108 0.997244851 41.602426265
0.997133262 -0.015788397 -0.073992171 -1.100980384 0.014470592 0.999727744 -0.018311926 1.871108108 0.074261068 0.017188684 0.997090236 42.462112584
0.997042759 -0.015521085 -0.075262802 -1.134598557 0.014101763 0.999713490 -0.019351531 1.887889910 0.075541442 0.018232888 0.996976075 42.888688122
0.996978949 -0.014983478 -0.076217248 -1.200014358 0.013609965 0.999736160 -0.018508600 1.927257247 0.076473625 0.017415273 0.996919399 43.767777507
0.996947122 -0.016158349 -0.076385842 -1.257195283 0.015051446 0.999773584 -0.015044613 1.971851138 0.076611992 0.013849014 0.996965320 44.666499385
0.996886376 -0.017491754 -0.076883117 -1.284728442 0.016529584 0.999776907 -0.013133355 1.994427981 0.077096076 0.011821634 0.996953606 45.114792245
0.996807308 -0.020372124 -0.077196634 -1.341859763 0.019607039 0.999750794 -0.010656522 2.037434288 0.077394344 0.009108860 0.996959140 46.013586341
0.996716096 -0.022391063 -0.077807783 -1.403731708 0.021580917 0.999703437 -0.011236615 2.075026365 0.078035580 0.009520578 0.996905290 46.903395167
0.996661638 -0.023000866 -0.078331895 -1.433948532 0.022083392 0.999676909 -0.012559141 2.092510096 0.078595045 0.010787343 0.996848790 47.354733965
0.996485698 -0.024811451 -0.080007649 -1.494947558 0.023569521 0.999587290 -0.016429734 2.124910290 0.080381924 0.014486205 0.996658699 48.244075403
0.996309556 -0.026829462 -0.081531031 -1.559493560 0.025380170 0.999501218 -0.018760652 2.159185592 0.081993419 0.016622152 0.996494629 49.122692857
0.996272008 -0.026272160 -0.082168544 -1.595370721 0.024794457 0.999512701 -0.018952077 2.177944696 0.082626349 0.016844067 0.996438586 49.565445645
0.996196866 -0.025918018 -0.083188165 -1.662493796 0.024543912 0.999545772 -0.017498737 2.220210067 0.083603455 0.015390364 0.996380055 50.488279842
0.996077069 -0.025163010 -0.084832430 -1.732254491 0.023820352 0.999574701 -0.016801716 2.260076308 0.085218960 0.014715132 0.996253633 51.385724419
0.996014841 -0.024035252 -0.085880584 -1.774446526 0.022655878 0.999598265 -0.017000336 2.278313305 0.086254533 0.014986937 0.996160758 51.820676526
0.995893724 -0.023030909 -0.087552928 -1.849669519 0.021584539 0.999614543 -0.017430929 2.315200435 0.087920470 0.015469549 0.996007386 52.695572122
0.995728606 -0.022464325 -0.089550796 -1.921322201 0.020918001 0.999616182 -0.018168051 2.351549464 0.089924557 0.016217258 0.995816390 53.566974378
0.995747839 -0.021966336 -0.089457947 -1.950804062 0.020410950 0.999624255 -0.018264481 2.370340462 0.089825894 0.016360894 0.995823442 54.003393641
0.995619860 -0.021730765 -0.090927237 -2.023203001 0.020149568 0.999629517 -0.018271076 2.407827543 0.091290169 0.016358819 0.995690309 54.875447691
0.995406806 -0.022420790 -0.093072837 -2.103484141 0.020921060 0.999635732 -0.017057504 2.447379107 0.093420649 0.015031914 0.995513400 55.755147030
0.995388481 -0.022762916 -0.093178886 -2.139515976 0.021378827 0.999646269 -0.015824251 2.469004807 0.093505270 0.013759219 0.995524139 56.211925923
0.995148662 -0.023258441 -0.095591913 -2.225626102 0.022066695 0.999664536 -0.013505680 2.511061790 0.095874382 0.011330755 0.995328830 57.111296307
0.994951489 -0.024416743 -0.097337384 -2.298235808 0.023290432 0.999648249 -0.012690366 2.551126864 0.097612145 0.010359228 0.995170958 58.011546095
0.994761852 -0.025405846 -0.099008058 -2.343266247 0.024236826 0.999621838 -0.012991826 2.569223212 0.099300226 0.010524066 0.995001836 58.449318855
0.994565987 -0.026355481 -0.100715893 -2.418441196 0.025034509 0.999583224 -0.014357932 2.604572682 0.101052342 0.011758540 0.994811352 59.324284398
0.994206679 -0.024521936 -0.104653086 -2.505546432 0.023016051 0.999613215 -0.015572890 2.639237607 0.104993707 0.013073917 0.994386822 60.182928656
0.994094493 -0.023896980 -0.105850234 -2.551891002 0.022290248 0.999617333 -0.016336009 2.655984617 0.106200226 0.013880049 0.994247837 60.608013419
0.993718080 -0.021839914 -0.109761943 -2.637586083 0.020056717 0.999648057 -0.017324244 2.691009426 0.110101682 0.015013974 0.993807527 61.465234178
0.993345065 -0.019518103 -0.113505797 -2.735268293 0.017906563 0.999724138 -0.015199863 2.729252790 0.113770748 0.013066190 0.993421173 62.291799598
0.993096688 -0.019686226 -0.115627703 -2.781039749 0.018277894 0.999745082 -0.013226880 2.750403315 0.115858268 0.011022096 0.993205050 62.715980486
0.992457309 -0.020619511 -0.120837591 -2.878915007 0.019680922 0.999766050 -0.008955557 2.792741406 0.120993518 0.006509809 0.992631912 63.556516144
0.991965348 -0.020743431 -0.124792927 -2.972971438 0.020085457 0.999776801 -0.006528046 2.830755240 0.124900767 0.003969111 0.992161183 64.365417682
0.991772317 -0.021010747 -0.126274261 -3.019206632 0.020406521 0.999772876 -0.006076749 2.848169318 0.126373658 0.003449961 0.991976798 64.762159092
0.991144518 -0.021054892 -0.131101985 -3.122052149 0.020452369 0.999772447 -0.005940568 2.880115745 0.131196717 0.003206640 0.991351205 65.523856943
0.990553021 -0.021672481 -0.135403987 -3.208562274 0.020900973 0.999756171 -0.007117096 2.910320747 0.135524661 0.004219769 0.990764887 66.283608548
0.990263527 -0.022165207 -0.137425427 -3.257402020 0.021258991 0.999740852 -0.008058077 2.924277306 0.137567943 0.005058060 0.990478931 66.655008484
0.989766871 -0.021397290 -0.141077135 -3.365604763 0.020272388 0.999749999 -0.009405297 2.951965610 0.141242305 0.006449011 0.989953812 67.380059030
0.989362428 -0.019968928 -0.144088547 -3.461826743 0.018676590 0.999772020 -0.010316033 2.980806789 0.144261750 0.007515199 0.989511168 68.107253054
0.989055824 -0.019182964 -0.146284830 -3.515609268 0.017870409 0.999787364 -0.010281492 2.995819271 0.146450395 0.007554843 0.989189876 68.469373399
0.988491900 -0.017483540 -0.150259454 -3.627397360 0.016261116 0.999823577 -0.009360467 3.026610814 0.150396767 0.006809372 0.988602529 69.183644095
0.988144113 -0.015708496 -0.152722646 -3.730636548 0.014545777 0.999855524 -0.008727544 3.056745947 0.152836580 0.006402546 0.988230579 69.889501886
0.987975578 -0.015160120 -0.153864344 -3.784357990 0.014070641 0.999867007 -0.008167242 3.071887275 0.153966990 0.005904034 0.988058166 70.237459865
0.987633030 -0.014241264 -0.156132436 -3.885982184 0.013159639 0.999881248 -0.007959247 3.099994009 0.156227413 0.005806145 0.987704518 70.913689791
0.987221839 -0.013419657 -0.158784413 -3.993887247 0.012236963 0.999889647 -0.008423868 3.126490293 0.158879390 0.006373167 0.987277806 71.582168543
0.986915869 -0.013589425 -0.160660395 -4.045976538 0.012355315 0.999885720 -0.008678191 3.139054058 0.160760007 0.006579579 0.986971529 71.900523637
0.986427163 -0.013654548 -0.163627238 -4.146473185 0.012184284 0.999875649 -0.009985351 3.162154792 0.163742715 0.007856029 0.986471372 72.519651700
0.985845862 -0.012905070 -0.167154438 -4.248365013 0.011073911 0.999868164 -0.011881969 3.184416372 0.167286267 0.009862738 0.985859344 73.140225063
0.985542984 -0.012507892 -0.168965047 -4.300343617 0.010518986 0.999864606 -0.012660992 3.195521398 0.169099721 0.010700620 0.985541131 73.444490010
0.985031998 -0.012773278 -0.171894633 -4.403570853 0.010725868 0.999859774 -0.012834593 3.219198474 0.172034737 0.010798692 0.985031610 74.038093101
0.984420062 -0.015833323 -0.175115141 -4.499097520 0.014508972 0.999855696 -0.008840257 3.248708091 0.175230429 0.006161827 0.984508486 74.609535169
0.984040387 -0.016859162 -0.177143291 -4.542008389 0.016032661 0.999852273 -0.006095818 3.265297577 0.177218946 0.003158434 0.984165960 74.904404303
0.983322105 -0.018296436 -0.180947565 -4.649441258 0.017849261 0.999832326 -0.004099134 3.291267951 0.180991496 0.000800918 0.983484193 75.473811448
0.982664356 -0.018320914 -0.184484896 -4.751400000 0.017340870 0.999824916 -0.006924264 3.307511762 0.184580226 0.003605092 0.982810821 75.996266587
0.982428050 -0.017323046 -0.185833668 -4.795254192 0.015993497 0.999834346 -0.008651017 3.315051713 0.185952892 0.005526812 0.982543278 76.250484992
0.981742246 -0.017101044 -0.189444707 -4.894181235 0.015129690 0.999815296 -0.011847058 3.329417329 0.189612057 0.008764429 0.981820435 76.741898305
0.980932000 -0.019180074 -0.193403013 -4.985282856 0.016570826 0.999748450 -0.015099905 3.343535697 0.193643853 0.011607124 0.981003223 77.225583664
0.980357333 -0.020281069 -0.196183560 -5.036822208 0.017448331 0.999716823 -0.016157073 3.351001468 0.196455377 0.012416654 0.980434820 77.459231635
0.979551520 -0.022022686 -0.199981057 -5.128714451 0.019184717 0.999685319 -0.016117730 3.369761597 0.200272796 0.011951596 0.979667633 77.929252904
0.978928574 -0.022484034 -0.202963121 -5.221333672 0.020048154 0.999699988 -0.014049972 3.391126587 0.203217742 0.009684748 0.979085282 78.385702738
0.978601017 -0.021894386 -0.204598369 -5.270745064 0.019587328 0.999719441 -0.013294930 3.400808675 0.204831419 0.009002862 0.978755258 78.602982695
0.978126482 -0.021303745 -0.206914368 -5.352423244 0.018951518 0.999730682 -0.013343763 3.417362308 0.207142287 0.009130491 0.978268555 79.020784929
0.977651519 -0.021187931 -0.209157867 -5.435413684 0.018697724 0.999728119 -0.013875986 3.432506696 0.209394791 0.009655110 0.977783660 79.425901892
0.977245595 -0.020743547 -0.211092805 -5.480433074 0.018207751 0.999737047 -0.013949191 3.440182174 0.211326431 0.009788334 0.977366894 79.624895241
0.976663193 -0.021124754 -0.213736598 -5.566914022 0.018545216 0.999728544 -0.014067250 3.455394421 0.213975502 0.009775168 0.976790041 80.019370431
0.976069377 -0.022094988 -0.216332939 -5.649656946 0.019430811 0.999706252 -0.014434396 3.468868475 0.216588348 0.009885500 0.976213431 80.382093863
0.975881005 -0.022160822 -0.217172507 -5.688204042 0.019539384 0.999707371 -0.014211190 3.476195468 0.217424631 0.009625061 0.976029796 80.560614486
0.975448538 -0.022608715 -0.219062695 -5.765303539 0.020103012 0.999704442 -0.013660740 3.491019195 0.219306258 0.008921588 0.975615484 80.917648012
0.975062366 -0.022617168 -0.220775182 -5.841610358 0.020233567 0.999710119 -0.013052194 3.505303001 0.221006047 0.008259586 0.975237836 81.259846031
0.974969244 -0.022186071 -0.221227745 -5.880784602 0.019845500 0.999720710 -0.012796964 3.512039718 0.221449189 0.008086229 0.975137898 81.424940565
0.974785325 -0.021820144 -0.222075462 -5.952725624 0.019542363 0.999730923 -0.012449017 3.525155638 0.222287160 0.007795206 0.974949978 81.748813823
0.974552823 -0.022352766 -0.223038375 -6.014511483 0.020021823 0.999718864 -0.012706999 3.535866324 0.223259977 0.007917974 0.974726523 82.034633591
0.974523189 -0.022057163 -0.223196388 -6.045753364 0.019658513 0.999721952 -0.012963216 3.541016871 0.223419950 0.008245152 0.974686921 82.177904573
0.974395905 -0.022140950 -0.223743718 -6.113233189 0.019711120 0.999719743 -0.013087525 3.551995423 0.223970334 0.008342218 0.974560427 82.469340667
0.974051656 -0.022950216 -0.225159183 -6.173610454 0.020528637 0.999703754 -0.013090205 3.563115917 0.225392926 0.008128262 0.974234200 82.753734666
0.973928449 -0.023139599 -0.225671858 -6.205478234 0.020658577 0.999697436 -0.013349748 3.567636248 0.225912226 0.008339619 0.974111918 82.883581376
0.973721601 -0.023648054 -0.226510426 -6.264228026 0.021014181 0.999680177 -0.014032519 3.576328952 0.226769059 0.008903898 0.973907747 83.138365677
0.973512183 -0.023379135 -0.227437055 -6.316607788 0.020698899 0.999685562 -0.014162745 3.585862319 0.227696616 0.009079757 0.973689341 83.386779663
0.973187217 -0.023170650 -0.228843035 -6.394292628 0.020410524 0.999686957 -0.014421025 3.598757807 0.229105716 0.009363522 0.973356346 83.730447963
0.972963222 -0.023040042 -0.229807789 -6.442838341 0.020124386 0.999684599 -0.015023465 3.605563529 0.230080705 0.009992557 0.973120170 83.932998695
0.972891132 -0.022811432 -0.230136444 -6.470275186 0.019849069 0.999687148 -0.015179282 3.608915017 0.230409858 0.010199801 0.973040307 84.030364183
0.972766342 -0.022393033 -0.230704066 -6.516713154 0.019392775 0.999695152 -0.015264305 3.616500201 0.230975525 0.010374602 0.972904126 84.230768768
0.972688499 -0.022088819 -0.231059642 -6.560290569 0.018981044 0.999697292 -0.015664734 3.623517113 0.231334889 0.010851160 0.972813239 84.428384948
0.972650371 -0.021719414 -0.231257400 -6.582746948 0.018544881 0.999701280 -0.015892835 3.626690384 0.231532795 0.011169470 0.972762922 84.520833596
0.972813361 -0.020953478 -0.230639029 -6.615584792 0.017727622 0.999713353 -0.016050346 3.633260256 0.230909672 0.011525265 0.972906857 84.693760151
0.972844794 -0.021378828 -0.230468912 -6.653317997 0.018146862 0.999704538 -0.016133972 3.639368361 0.230745054 0.011513546 0.972946355 84.857476153
0.972805903 -0.021774050 -0.230591924 -6.673557505 0.018509295 0.999695134 -0.016311947 3.641912279 0.230877048 0.011600284 0.972914037 84.933686234
0.972775801 -0.023164016 -0.230585207 -6.703448754 0.019823340 0.999662262 -0.016794462 3.647243940 0.230896618 0.011766327 0.972907622 85.089698355
0.972869776 -0.024505025 -0.230051689 -6.728997604 0.021139013 0.999630019 -0.017084957 3.652156576 0.230384562 0.011758436 0.973028757 85.227351649
0.972878416 -0.024900880 -0.229970867 -6.742847428 0.021550091 0.999621814 -0.017070653 3.654912115 0.230309364 0.011651803 0.973047707 85.297220031
0.972829048 -0.024996559 -0.230171896 -6.771183270 0.021696318 0.999622678 -0.016858305 3.660122476 0.230506302 0.011406273 0.973003608 85.423517533
0.972801081 -0.025472350 -0.230234550 -6.803690365 0.022193254 0.999611901 -0.016821144 3.664441939 0.230573518 0.011253974 0.972989514 85.539920439
0.972867505 -0.025922431 -0.229905086 -6.810426397 0.022647839 0.999600666 -0.016870705 3.666979967 0.230250367 0.011206045 0.973067359 85.602763077
0.973120289 -0.026656230 -0.228747661 -6.835775400 0.023210569 0.999572731 -0.017740862 3.669664078 0.229122868 0.011954622 0.973323980 85.712204737
0.973285434 -0.026874507 -0.228019701 -6.858271649 0.023190783 0.999553677 -0.018819435 3.672029537 0.228422577 0.013028678 0.973474908 85.818846637
0.973291807 -0.026805170 -0.227997958 -6.868467929 0.023057959 0.999551906 -0.019083355 3.673666898 0.228406689 0.013316420 0.973474962 85.871091560
0.973314907 -0.025891097 -0.228007715 -6.886745568 0.022075954 0.999570754 -0.019267107 3.677491432 0.228408136 0.013719376 0.973469070 85.973445706
0.973487431 -0.025092347 -0.227359662 -6.905644428 0.021207511 0.999584383 -0.019513999 3.680535978 0.227754120 0.014174892 0.973615818 86.062382391
0.973582959 -0.025045337 -0.226957082 -6.915760282 0.021130401 0.999582711 -0.019663252 3.681683127 0.227354010 0.014348036 0.973706406 86.100493110
0.973563975 -0.025417961 -0.226994817 -6.928175617 0.021456921 0.999571173 -0.019901104 3.684019735 0.227402810 0.014504447 0.973692887 86.168973421
0.973470820 -0.026072420 -0.227322406 -6.941929729 0.022074304 0.999553322 -0.020113118 3.685795806 0.227745191 0.014561551 0.973612038 86.224729853
0.973466791 -0.026373345 -0.227301075 -6.943502294 0.022293388 0.999540712 -0.020498472 3.686466271 0.227738073 0.014887333 0.973609096 86.254419490
0.973541407 -0.026626641 -0.226954456 -6.958544331 0.022284206 0.999516307 -0.021674930 3.686054282 0.227421117 0.016043956 0.973664478 86.297526079
0.973610865 -0.026544817 -0.226662833 -6.963714285 0.021913995 0.999497168 -0.022922448 3.686045659 0.227156584 0.017350370 0.973703637 86.344920931
0.973622679 -0.026493457 -0.226621165 -6.970889160 0.021768145 0.999491126 -0.023325124 3.686134324 0.227123623 0.017776722 0.973704434 86.366109039
0.973634008 -0.026558627 -0.226565284 -6.976103727 0.021752156 0.999482238 -0.023685182 3.687553529 0.227076990 0.018132494 0.973707632 86.413438940
0.973680307 -0.026756127 -0.226339133 -6.989055801 0.021886124 0.999471837 -0.023999146 3.688490134 0.226861677 0.018413781 0.973752947 86.454373491
0.973709927 -0.026955239 -0.226190481 -6.995529030 0.022044527 0.999463430 -0.024208587 3.688868574 0.226721605 0.018585889 0.973782442 86.474844855
0.973751331 -0.027538232 -0.225943258 -7.000727062 0.022492290 0.999437457 -0.024876861 3.689758584 0.226501250 0.019141902 0.973822699 86.522198828
0.973763840 -0.027973224 -0.225835413 -7.007346792 0.022781613 0.999413333 -0.025562590 3.690658148 0.226417435 0.019746998 0.973830346 86.570959495
0.973771406 -0.028077557 -0.225790110 -7.013815030 0.022816189 0.999404741 -0.025878573 3.690876830 0.226381937 0.020048088 0.973832192 86.591438125
0.973795377 -0.028265846 -0.225660279 -7.023280027 0.022857403 0.999386024 -0.026544265 3.691855410 0.226271915 0.020690666 0.973844727 86.643009452
0.973825339 -0.028504903 -0.225501154 -7.036301919 0.022959782 0.999366592 -0.027175099 3.692942745 0.226132967 0.021286324 0.973863645 86.698093651
0.973829435 -0.028679512 -0.225462079 -7.040725367 0.023081184 0.999357120 -0.027427984 3.693871953 0.226104133 0.021506266 0.973865426 86.730585774
0.973861455 -0.029052607 -0.225276255 -7.050998017 0.023369796 0.999338505 -0.027852393 3.695869725 0.225936233 0.021859704 0.973897097 86.796970807
0.973942412 -0.029260565 -0.224897838 -7.062689868 0.023480448 0.999322632 -0.028333074 3.697797171 0.225574247 0.022314103 0.973970701 86.864766166
0.973979890 -0.029460820 -0.224710725 -7.070665221 0.023619001 0.999310836 -0.028641351 3.698675377 0.225399729 0.022588641 0.974004906 86.900778428
0.974019508 -0.029782434 -0.224497218 -7.090179997 0.023849932 0.999291630 -0.029091747 3.700770194 0.225204758 0.022981772 0.974040752 86.976305375
0.974023644 -0.029963210 -0.224453489 -7.109797973 0.024016390 0.999285172 -0.029178495 3.704084115 0.225166805 0.023030030 0.974047777 87.065933370
0.974027332 -0.030094519 -0.224421496 -7.117874029 0.024150637 0.999282003 -0.029184496 3.706101545 0.225138803 0.023006519 0.974054612 87.116050314
0.974019973 -0.030728431 -0.224363659 -7.137584285 0.024818571 0.999267329 -0.029113845 3.710285101 0.225093636 0.022789100 0.974070871 87.219795255
0.973885645 -0.031602588 -0.224826904 -7.167247985 0.025712186 0.999245719 -0.029080372 3.714585456 0.225576858 0.022540182 0.973964635 87.333384775
0.973810434 -0.031919778 -0.225109415 -7.175406338 0.026014013 0.999236511 -0.029153142 3.717153008 0.225867813 0.022533592 0.973897569 87.397633198
0.973719436 -0.032301310 -0.225445447 -7.209311733 0.026290882 0.999215542 -0.029612485 3.720733164 0.226224217 0.022907119 0.973805930 87.515476862
0.973595928 -0.032878247 -0.225897154 -7.239834498 0.026773934 0.999189484 -0.030034082 3.725614337 0.226701329 0.023192917 0.973687817 87.658056534
0.973494586 -0.033236735 -0.226281720 -7.257228738 0.027081122 0.999175257 -0.030254360 3.728079239 0.227099476 0.023324547 0.973592134 87.731455956
0.973342932 -0.034236679 -0.226783402 -7.289174137 0.028000318 0.999137640 -0.030659989 3.732999919 0.227637355 0.023492659 0.973463087 87.875440958
0.973030783 -0.035584942 -0.227914520 -7.321938418 0.029364912 0.999098978 -0.030625111 3.739299245 0.228798936 0.023106459 0.973199161 88.034223315
0.972852478 -0.035637363 -0.228666770 -7.339446778 0.029482052 0.999106600 -0.030279162 3.743332718 0.229541455 0.022715563 0.973033850 88.121707887
0.972653142 -0.035099896 -0.229592187 -7.384327467 0.029053580 0.999137173 -0.029663541 3.750736692 0.230435269 0.022181861 0.972834751 88.292400579
0.972436680 -0.034671273 -0.230572468 -7.424998531 0.028596260 0.999151648 -0.029638164 3.757803433 0.231404610 0.022227673 0.972604018 88.473043732
0.972207894 -0.034363972 -0.231582237 -7.448889399 0.028256025 0.999161342 -0.029641082 3.761395634 0.232406796 0.022273750 0.972363771 88.566880452
0.971839844 -0.034948798 -0.233036494 -7.493112055 0.028811545 0.999143951 -0.029689184 3.768401389 0.233874382 0.022139002 0.972014593 88.751044198
0.971444727 -0.036273345 -0.234476369 -7.542398098 0.030137369 0.999104511 -0.029700060 3.776155452 0.235343717 0.021785470 0.971668062 88.954255355
0.971261673 -0.036904075 -0.235135428 -7.564947070 0.030752667 0.999083426 -0.029775791 3.780208343 0.236019046 0.021689120 0.971506134 89.060820495
0.970834345 -0.038580323 -0.236626647 -7.616437818 0.032373200 0.999023610 -0.030062674 3.788202351 0.237554115 0.021525511 0.971135698 89.280287933
0.970404561 -0.039007396 -0.238310870 -7.673653105 0.032881169 0.999019638 -0.029629793 3.797442736 0.239233005 0.020916920 0.970736447 89.505327184
0.970209636 -0.039465229 -0.239029329 -7.699862484 0.033417961 0.999011687 -0.029300868 3.802833470 0.239950043 0.020440125 0.970569987 89.629505790
0.969945213 -0.041100945 -0.239826652 -7.753562304 0.034975829 0.998945463 -0.029742146 3.811207212 0.240795952 0.020460099 0.970360080 89.865223150
0.969591776 -0.043634367 -0.240803682 -7.805005944 0.037260775 0.998825860 -0.030960088 3.817693515 0.241871705 0.021046049 0.970080221 90.084759172
0.969524895 -0.044439173 -0.240927555 -7.828344163 0.038038468 0.998790468 -0.031154939 3.822176494 0.242019404 0.021040964 0.970043000 90.206164816
0.969294318 -0.045519763 -0.241651630 -7.889244127 0.039049787 0.998740134 -0.031498537 3.831447670 0.242781976 0.021094991 0.969851760 90.463033494
0.969139537 -0.046065769 -0.242168341 -7.952153941 0.039321128 0.998693967 -0.032613075 3.838890022 0.243354139 0.022084351 0.969686075 90.707939551
0.969127447 -0.045147828 -0.242389938 -7.979782522 0.038440775 0.998737546 -0.032331347 3.844210431 0.243543302 0.022015565 0.969640125 90.833528483
0.969062266 -0.044610790 -0.242750532 -8.040793549 0.038358965 0.998800536 -0.030422091 3.857036197 0.243815597 0.020169250 0.969611628 91.090235466
0.968796871 -0.045015924 -0.243732507 -8.108281549 0.039194609 0.998819108 -0.028683882 3.870360221 0.244735980 0.018235817 0.969417962 91.367408361
0.968624668 -0.045221227 -0.244377733 -8.146612951 0.039654999 0.998830837 -0.027651841 3.877035330 0.245341945 0.017093499 0.969285921 91.503489125
0.968420854 -0.044624172 -0.245294009 -8.216365242 0.039697894 0.998899244 -0.024993352 3.892506396 0.246139346 0.014466405 0.969125993 91.796831549
0.968263863 -0.045343451 -0.245781405 -8.288081147 0.040248438 0.998858341 -0.025716381 3.902585022 0.246666995 0.015007975 0.968984512 92.092529962
0.968186398 -0.044927444 -0.246162209 -8.324203038 0.039246995 0.998838328 -0.027936508 3.904698679 0.247131647 0.017386632 0.968826553 92.240864036
0.967944792 -0.046848676 -0.246755021 -8.397833577 0.039900101 0.998655898 -0.033087750 3.907817249 0.247973378 0.022181520 0.968513421 92.538989748
0.967721552 -0.048427819 -0.247324870 -8.475812755 0.040174098 0.998457563 -0.038313046 3.911554541 0.248799125 0.027140366 0.968174762 92.855465202
0.967705560 -0.048686300 -0.247335709 -8.518309667 0.039741266 0.998366732 -0.041033193 3.912987291 0.248929768 0.029878602 0.968060794 93.010162324
0.967469030 -0.050842149 -0.247826888 -8.604055303 0.040302447 0.998061065 -0.047421000 3.915084704 0.249757998 0.035890339 0.967642904 93.334451576
0.967381425 -0.052426889 -0.247839134 -8.686209038 0.039625951 0.997623256 -0.056362786 3.913869196 0.250205036 0.044703526 0.967160265 93.669530215
0.967337633 -0.053562784 -0.247766777 -8.727998314 0.039644451 0.997360530 -0.060830643 3.913316143 0.250370986 0.049021201 0.966908663 93.837770611
0.967212396 -0.053747113 -0.248215121 -8.811629902 0.037754842 0.996919121 -0.068749313 3.913907454 0.251145274 0.057123604 0.966262378 94.174174187
0.967121326 -0.050594237 -0.249231004 -8.912779086 0.033906120 0.996913296 -0.070804746 3.925079398 0.252043909 0.060025913 0.965852464 94.555294997
0.967013425 -0.048512411 -0.250060852 -8.964936353 0.032320195 0.997129977 -0.068459136 3.935827083 0.252663683 0.058119367 0.965807036 94.747027727
0.966978306 -0.045423457 -0.250778118 -9.070263506 0.031512440 0.997747198 -0.059212772 3.964901661 0.252902507 0.049354893 0.966231844 95.145008484
0.966935127 -0.043983949 -0.251199673 -9.169292319 0.032497107 0.998234956 -0.049696569 3.995027540 0.252941874 0.039890112 0.966658950 95.550765847
0.966930207 -0.043851185 -0.251241920 -9.217992833 0.033502011 0.998409801 -0.045324292 4.008871592 0.252830492 0.035408350 0.966862683 95.738839907
0.966726076 -0.043641880 -0.252062136 -9.314902046 0.035785190 0.998722185 -0.035672229 4.039397511 0.253296355 0.025465175 0.967054015 96.142468383
0.966757478 -0.040423815 -0.252478717 -9.426069729 0.035151199 0.999059977 -0.025361139 4.071346945 0.253265805 0.015643168 0.967270304 96.560103378
0.966898966 -0.038167430 -0.252288470 -9.477075651 0.033946613 0.999201093 -0.021063045 4.086570168 0.252890857 0.011801461 0.967422878 96.778538401
0.967076514 -0.035536851 -0.251992498 -9.586724237 0.032947855 0.999351611 -0.014487331 4.113308922 0.252343290 0.005707733 0.967620850 97.209159803
0.967060839 -0.035735463 -0.252024607 -9.692838014 0.034525293 0.999361119 -0.009223769 4.138561976 0.252193165 0.000218751 0.967677383 97.650487475
0.967022903 -0.035517703 -0.252197015 -9.748062858 0.035161188 0.999364291 -0.005921326 4.152336108 0.252246947 -0.003141565 0.967657692 97.873209798
0.967287669 -0.034208197 -0.251362648 -9.853718264 0.036019109 0.999347099 0.002605782 4.183581217 0.251110395 -0.011574372 0.967889424 98.327717836
0.967243003 -0.032081371 -0.251815612 -9.972930493 0.036249165 0.999271400 0.011928476 4.216539617 0.251249767 -0.020665829 0.967701496 98.795515649
0.967233238 -0.030121256 -0.252096693 -10.033227146 0.035113489 0.999265788 0.015326875 4.231331648 0.251449095 -0.023676690 0.967580536 99.037273119
