1.000000000 -0.000000000 -0.000000000 -0.000000000 0.000000000 1.000000000 0.000000000 -0.000000000 -0.000000000 -0.000000000 1.000000000 -0.000000000
0.999985216 0.003206743 -0.004394221 -0.003191444 -0.003184229 0.999982112 0.005107830 0.050355266 0.004411122 -0.005093795 0.999976961 0.579341213
0.999937784 0.005246433 -0.009799002 -0.013465186 -0.005086487 0.999854250 0.016274746 0.111288916 0.009883119 -0.016223979 0.999818811 1.170040294
0.999912873 0.005127243 -0.012091150 -0.014689161 -0.004893235 0.999801755 0.019298125 0.139383870 0.012188166 -0.019237287 0.999740588 1.488727975
0.999875219 0.003700873 -0.015305318 -0.018518792 -0.003406486 0.999809445 0.019213601 0.178685464 0.015373458 -0.019159147 0.999697701 2.030190419
0.999835114 0.002480155 -0.017940539 -0.027290685 -0.002169199 0.999847173 0.017330308 0.217138194 0.017980925 -0.017288524 0.999688709 2.600153091
0.999807971 0.001741313 -0.019503253 -0.025555765 -0.001413970 0.999857689 0.016781514 0.237698990 0.019530165 -0.016750628 0.999668708 2.894416531
0.999731752 0.001805320 -0.023064966 -0.035764245 -0.001428923 0.999865793 0.016321916 0.280091892 0.023091626 -0.016284634 0.999600201 3.486466301
0.999641784 0.002844796 -0.026600170 -0.048993572 -0.002422374 0.999870805 0.015895697 0.322920702 0.026642391 -0.015825634 0.999519289 4.083682245
0.999613103 0.003070859 -0.027627955 -0.060933708 -0.002645446 0.999877752 0.015421059 0.343825272 0.027671740 -0.015342057 0.999499029 4.381536146
0.999519409 0.003703033 -0.030754429 -0.068462708 -0.003236090 0.999878817 0.015216992 0.389198581 0.030806607 -0.015110246 0.999410243 5.008587535
0.999438304 0.002116420 -0.033436519 -0.089668414 -0.001601535 0.999879478 0.015417060 0.435384419 0.033465264 -0.015354823 0.999321527 5.639195237
0.999384467 0.001141421 -0.035042546 -0.098510303 -0.000591211 0.999876774 0.015705476 0.458562990 0.035056270 -0.015675150 0.999262207 5.951460723
0.999304336 0.000586561 -0.037282070 -0.115187951 0.000024956 0.999865067 0.016397630 0.505007543 0.037287520 -0.016387109 0.999169752 6.574252685
0.999260617 -0.000544335 -0.038443829 -0.124234168 0.001216251 0.999846969 0.017455351 0.552528680 0.038428406 -0.017489270 0.999107788 7.203746570
0.999234343 -0.000745024 -0.039092804 -0.140206125 0.001440242 0.999840744 0.017756272 0.575158088 0.039073633 -0.017799006 0.999077531 7.508405389
0.999205240 -0.002709753 -0.039753336 -0.145223786 0.003452504 0.999820735 0.018627053 0.621881922 0.039696191 -0.018749478 0.999036150 8.131026785
0.999116239 -0.003955239 -0.041844183 -0.162401637 0.004743253 0.999813145 0.018749125 0.667469928 0.041761960 -0.018931125 0.998947911 8.754747467
0.999076208 -0.004778969 -0.042698802 -0.172750843 0.005573461 0.999813023 0.018506868 0.689983797 0.042602209 -0.018727831 0.998916047 9.069660341
0.998936013 -0.004523454 -0.045889679 -0.199995891 0.005370403 0.999817016 0.018348253 0.736373224 0.045798501 -0.018575267 0.998777143 9.710649070
0.998816766 -0.004433797 -0.048417725 -0.226741297 0.005353014 0.999807595 0.018871238 0.783778775 0.048324416 -0.019108045 0.998648802 10.350697452
0.998752199 -0.004230291 -0.049762939 -0.242125610 0.005169387 0.999810778 0.018757653 0.807122215 0.049673447 -0.018991604 0.998584644 10.674213107
0.998572158 -0.003859085 -0.053267704 -0.273820054 0.004859634 0.999813900 0.018665656 0.855603789 0.053185852 -0.018897870 0.998405031 11.342621490
0.998418978 -0.004297474 -0.056030000 -0.304510789 0.005377938 0.999801583 0.019146301 0.904860948 0.055937126 -0.019417374 0.998244961 12.009240729
0.998330756 -0.004886887 -0.057546644 -0.320402328 0.006029785 0.999787962 0.019702115 0.929342542 0.057438284 -0.020016299 0.998148145 12.333539791
0.998075111 -0.004731994 -0.061831759 -0.364692264 0.006060028 0.999754272 0.021308711 0.982092216 0.061715523 -0.021642361 0.997858892 13.023295281
0.997813682 -0.005585271 -0.065845657 -0.407975790 0.007113684 0.999710114 0.023000293 1.034849515 0.065698804 -0.023418455 0.997564250 13.711317573
0.997684339 -0.004562479 -0.067860605 -0.435447213 0.006183873 0.999699540 0.023702500 1.060993775 0.067732293 -0.024067210 0.997413139 14.055420904
0.997490532 -0.004946596 -0.070624396 -0.475122739 0.006730054 0.999663687 0.025036695 1.114168828 0.070477586 -0.025449182 0.997188289 14.757123686
0.997251240 -0.005346679 -0.073890960 -0.521084164 0.007299996 0.999630422 0.026189789 1.163496911 0.073723708 -0.026657226 0.996922757 15.410177054
0.997146032 -0.005756006 -0.075267057 -0.542512489 0.007775473 0.999616665 0.026564619 1.188370417 0.075084718 -0.027074025 0.996809465 15.743977102
0.996920658 -0.005073085 -0.078248554 -0.581257846 0.007203702 0.999609700 0.026969716 1.238514061 0.078082159 -0.027450378 0.996568474 16.424392904
0.996705646 -0.005108954 -0.080932870 -0.627053062 0.007372849 0.999588842 0.027697410 1.290020570 0.080758219 -0.028202904 0.996334361 17.116837923
0.996541799 -0.005697773 -0.082894080 -0.654522590 0.008050215 0.999573793 0.028072223 1.315626261 0.082698385 -0.028642541 0.996162400 17.460980488
0.996270736 -0.005718050 -0.086091996 -0.711978426 0.008221241 0.999552326 0.028748596 1.367033012 0.085889214 -0.029349137 0.995872093 18.153582994
0.996008910 -0.006060723 -0.089037487 -0.764316067 0.008681933 0.999538830 0.029080966 1.418704391 0.088820118 -0.029738043 0.995602751 18.857278181
0.995834696 -0.005838385 -0.090983324 -0.793293368 0.008510340 0.999543242 0.029007170 1.443775036 0.090771400 -0.029660697 0.995429759 19.204058689
0.995639489 -0.003062708 -0.093229853 -0.861315305 0.005755073 0.999573515 0.028623373 1.494757642 0.093102173 -0.029035174 0.995233024 19.914884845
0.995447815 -0.000453533 -0.095309486 -0.922706360 0.003085241 0.999617514 0.027466190 1.545143630 0.095260725 -0.027635134 0.995069019 20.634267459
0.995366624 -0.000086975 -0.096142865 -0.959234813 0.002727880 0.999622610 0.027337102 1.571029772 0.096104152 -0.027472783 0.994991659 20.993983381
0.995300935 -0.000343470 -0.096828404 -1.020637523 0.003095099 0.999595771 0.028267425 1.624726965 0.096780030 -0.028434394 0.994898968 21.713124774
0.995199817 -0.001013659 -0.097850104 -1.083049523 0.003931021 0.999553153 0.029625401 1.679234360 0.097776796 -0.029867888 0.994759486 22.433939788
0.995138019 -0.001397005 -0.098479992 -1.109935760 0.004408447 0.999528587 0.030368052 1.706790798 0.098391452 -0.030654532 0.994675460 22.796849094
0.995049961 -0.001496199 -0.099361870 -1.174946715 0.004668175 0.999486030 0.031697813 1.760140052 0.099263759 -0.032004656 0.994546552 23.502304911
0.994899713 -0.002125444 -0.100838427 -1.240959131 0.005386250 0.999471075 0.032075179 1.812075416 0.100717037 -0.032454803 0.994384842 24.209596373
0.994793353 -0.002901916 -0.101864891 -1.273961864 0.006157679 0.999479455 0.031660863 1.837055721 0.101719947 -0.032123333 0.994293788 24.563314034
0.994539509 -0.004969874 -0.104242692 -1.340975635 0.008251857 0.999483093 0.031076509 1.887547276 0.104034000 -0.031767021 0.994065900 25.272443320
0.994104031 -0.006607015 -0.108223934 -1.410513982 0.010100730 0.999444528 0.031765574 1.940448318 0.107953302 -0.032671487 0.993618810 25.985728682
0.993878502 -0.006612621 -0.110278984 -1.448055551 0.010279621 0.999411305 0.032716896 1.968231775 0.109997150 -0.033650276 0.993361666 26.347039028
0.993503945 -0.006176376 -0.113621061 -1.535810211 0.010247523 0.999325116 0.035281836 2.024967914 0.113326388 -0.036217023 0.992897543 27.071457403
0.993126640 -0.004630054 -0.116950529 -1.615929018 0.009063738 0.999258568 0.037407086 2.081523975 0.116691463 -0.038209962 0.992432464 27.802669249
0.992893008 -0.004471228 -0.118919597 -1.665635798 0.009112105 0.999216341 0.038510365 2.109597815 0.118653960 -0.039320289 0.992156772 28.164974982
0.992383930 -0.003898360 -0.123119602 -1.751787733 0.008791298 0.999191415 0.039223032 2.164592154 0.122867191 -0.040006672 0.991616198 28.906696456
0.992045889 -0.003491091 -0.125826344 -1.847062618 0.008126932 0.999305650 0.036348400 2.213357131 0.125611614 -0.037081936 0.991386154 29.644690352
0.991910292 -0.003341754 -0.126897867 -1.891636072 0.007778559 0.999374689 0.034483585 2.237397017 0.126703408 -0.035191795 0.991315775 30.018401916
0.991620834 -0.002197752 -0.129162187 -1.985321817 0.006399668 0.999463208 0.032125773 2.288279941 0.129022081 -0.032683168 0.991102203 30.773417729
0.991158762 -0.001026998 -0.132672370 -2.092267817 0.005186454 0.999504992 0.031008984 2.339927238 0.132575258 -0.031422956 0.990674063 31.511351867
0.990953503 -0.000480693 -0.134201836 -2.140378647 0.004745065 0.999493784 0.031457340 2.368184164 0.134119095 -0.031809655 0.990454378 31.890820471
0.990528439 -0.000208945 -0.137307007 -2.236101156 0.004802222 0.999439156 0.033121665 2.425853770 0.137223391 -0.033467270 0.989974265 32.648807162
0.990246993 0.000341881 -0.139321439 -2.337359257 0.004495746 0.999397675 0.034405650 2.483576189 0.139250374 -0.034696406 0.989648839 33.416319541
0.990081189 0.000754284 -0.140491082 -2.392600647 0.004200807 0.999379521 0.034969912 2.511423583 0.140429805 -0.035213272 0.989464049 33.788171306
0.989483873 0.000559755 -0.144640526 -2.494949193 0.004773425 0.999321347 0.036521838 2.568313461 0.144563054 -0.036828216 0.988810055 34.537701804
0.989044616 0.000378193 -0.147613144 -2.608455838 0.005321171 0.999255268 0.038213021 2.625301878 0.147517584 -0.038579826 0.988306844 35.286509022
0.988791572 0.000332127 -0.149300116 -2.658076442 0.005488302 0.999240603 0.038570664 2.653592248 0.149199276 -0.038957834 0.988038707 35.668574155
0.988348229 -0.000077106 -0.152205824 -2.771994868 0.006016224 0.999238163 0.038560101 2.709302344 0.152086689 -0.039026606 0.987596431 36.438115994
0.987784559 -0.000801564 -0.155821154 -2.888425407 0.006752527 0.999267605 0.037665057 2.763881332 0.155676880 -0.038257138 0.987066810 37.212071841
0.987347681 -0.001084443 -0.158566604 -2.956328455 0.007064403 0.999284597 0.037153720 2.790095397 0.158412806 -0.037803764 0.986649171 37.585925457
0.986526266 -0.001227757 -0.163596500 -3.075782614 0.007338371 0.999297306 0.036751849 2.845898199 0.163437602 -0.037457223 0.985841979 38.364990079
0.985705156 -0.000990637 -0.168474059 -3.213525115 0.007244271 0.999307337 0.036508413 2.901300245 0.168321555 -0.037207116 0.985029014 39.135721120
0.985469181 -0.000341911 -0.169852533 -3.278327951 0.006620658 0.999314963 0.036400496 2.929229793 0.169723440 -0.036996151 0.984796515 39.524027009
0.984732931 0.000624561 -0.174068823 -3.415486108 0.005787854 0.999322987 0.036328406 2.986283380 0.173973652 -0.036781312 0.984062970 40.313546588
0.984119279 0.000832922 -0.177506865 -3.557763478 0.005792629 0.999305805 0.036803666 3.043361571 0.177414718 -0.037247452 0.983430832 41.091952417
0.983905886 0.000805722 -0.178683287 -3.626597223 0.005955524 0.999286203 0.037299132 3.072756647 0.178586151 -0.037762952 0.983199381 41.487082113
0.983396092 0.000363792 -0.181469501 -3.764265695 0.006729003 0.999236999 0.038467768 3.131826056 0.181345429 -0.039050120 0.982643641 42.277321162
0.983044301 -0.000337165 -0.183364433 -3.905962337 0.007761501 0.999178438 0.039773268 3.191583059 0.183200564 -0.040522038 0.982240302 43.074440692
0.982817098 -0.000770201 -0.184577173 -3.975802141 0.008320027 0.999159716 0.040132290 3.220870775 0.184390455 -0.040978324 0.981998457 43.471310853
0.982272447 -0.001643874 -0.187448877 -4.115482978 0.009507628 0.999111018 0.041059521 3.279795280 0.187214921 -0.042113829 0.981415672 44.265025744
0.981650856 -0.002204585 -0.190671926 -4.260282536 0.010479772 0.999045253 0.042402487 3.338604759 0.190396064 -0.043622592 0.980737461 45.047637056
0.981153772 -0.002620262 -0.193211499 -4.338260364 0.011125189 0.999015441 0.042946786 3.367774523 0.192908454 -0.044287010 0.980216832 45.438601779
0.980504727 -0.003846045 -0.196456176 -4.495222325 0.012727095 0.998952049 0.043963885 3.426076505 0.196081189 -0.045607191 0.979525853 46.222266603
0.979802336 -0.004854998 -0.199908689 -4.652182039 0.014046510 0.998907017 0.044585636 3.483740182 0.199473654 -0.046493157 0.978799474 47.005977927
0.979487813 -0.004719619 -0.201444984 -4.729657697 0.014141109 0.998870642 0.045355988 3.513207976 0.201003903 -0.047274272 0.978448581 47.396054618
0.979137393 -0.004939690 -0.203135805 -4.887631967 0.014857358 0.998769255 0.047326516 3.573177882 0.202652496 -0.049357290 0.978006001 48.181330577
0.978668052 -0.005381860 -0.205372583 -5.037045128 0.015734906 0.998684032 0.048810941 3.631332593 0.204839785 -0.051001264 0.977465735 48.952011307
0.978456678 -0.005822310 -0.206367505 -5.120139570 0.016369850 0.998642756 0.049439859 3.659788921 0.205799139 -0.051753018 0.977224110 49.331916045
0.977929083 -0.006721230 -0.208829994 -5.273653597 0.017426736 0.998623592 0.049466453 3.714584867 0.208210045 -0.052013934 0.976699297 50.089996858
0.977445193 -0.006558896 -0.211086733 -5.436808681 0.017163678 0.998677714 0.048445812 3.767381392 0.210490468 -0.050976057 0.976265542 50.844908263
0.977308968 -0.006195877 -0.211728533 -5.515370572 0.016901043 0.998666351 0.048788269 3.794819826 0.211144209 -0.051259683 0.976110068 51.217090261
0.976923124 0.000112961 -0.213590899 -5.679646257 0.011514308 0.998518187 0.053192276 3.855351053 0.213279580 -0.054424144 0.975473909 51.953395663
0.976685513 0.006229399 -0.214582839 -5.841917371 0.006622969 0.998228318 0.059123849 3.918241303 0.214570746 -0.059166631 0.974914323 52.686063925
0.976632740 0.007371914 -0.214784667 -5.914449644 0.005975578 0.998093717 0.061427786 3.948238809 0.214828246 -0.061275942 0.974727309 53.047663637
0.976319074 0.006590074 -0.216233980 -6.065109454 0.006977173 0.998057015 0.061919787 4.000540105 0.216221689 -0.061962183 0.974376153 53.761177909
0.976184943 0.005441533 -0.216869410 -6.221362912 0.007322245 0.998288931 0.058007497 4.044688904 0.216813908 -0.058213951 0.974475718 54.465040450
0.976086340 0.003741229 -0.217347518 -6.293947449 0.008486494 0.998433267 0.055298018 4.064835472 0.217214571 -0.055820196 0.974526334 54.807582627
0.976004589 0.000264951 -0.217745321 -6.431488707 0.011069614 0.998645522 0.050832322 4.107232462 0.217464297 -0.052022934 0.974680891 55.499294066
0.975509996 -0.001379970 -0.219948916 -6.579705870 0.012697638 0.998666268 0.050050298 4.155700946 0.219586027 -0.051617395 0.974226477 56.188980776
0.975495444 -0.001436964 -0.220014594 -6.658936490 0.012899783 0.998631668 0.050672058 4.180762659 0.219640954 -0.052268510 0.974178905 56.522651890
0.975142579 -0.002641305 -0.221562838 -6.806242791 0.014591595 0.998524233 0.052316816 4.231685163 0.221097228 -0.054249363 0.973741726 57.190652008
0.974778494 -0.004974218 -0.223117372 -6.945500545 0.017696146 0.998325972 0.055055398 4.283446597 0.222471301 -0.057615123 0.973235040 57.844729866
0.974484306 -0.004547319 -0.224409324 -7.016682196 0.017705895 0.998236065 0.056658849 4.309227559 0.223756056 -0.059186459 0.972846066 58.164487440
0.973783157 -0.004091837 -0.227441690 -7.162062800 0.018042145 0.998077474 0.059290509 4.360218066 0.226761707 -0.061839608 0.971984959 58.809242144
0.973509910 -0.005509531 -0.228574854 -7.302893895 0.019456746 0.998079722 0.058809449 4.405373476 0.227811886 -0.061698965 0.971748125 59.446625040
0.973234075 -0.004248326 -0.229775593 -7.378176483 0.018280819 0.998091524 0.058975976 4.427815621 0.229086876 -0.061597891 0.971454982 59.753781243
0.972564876 -0.004198739 -0.232590383 -7.521113281 0.018697386 0.998013496 0.060165798 4.474644190 0.231875773 -0.062864063 0.970711653 60.374732362
0.972014084 -0.003341717 -0.234898380 -7.669750371 0.018206947 0.997962989 0.061143224 4.518918286 0.234215592 -0.063708876 0.970094903 60.965848762
0.971772523 -0.002574488 -0.235902922 -7.742517581 0.017600602 0.997944633 0.061612486 4.541564003 0.235259113 -0.064025442 0.969820672 61.268658528
0.971268457 -0.001130538 -0.237981095 -7.881011689 0.016811905 0.997816005 0.063874051 4.588205365 0.237388604 -0.066039799 0.969167199 61.862051217
0.970344011 -0.000379718 -0.241724172 -8.022603448 0.016651410 0.997728129 0.065275587 4.632403178 0.241150620 -0.067364918 0.968146279 62.441044673
0.969815681 0.001038678 -0.243836115 -8.095958126 0.015545801 0.997692860 0.066080264 4.654284995 0.243342905 -0.067876301 0.967562296 62.725001236
0.968568800 0.002597384 -0.248728522 -8.252809446 0.014330740 0.997701683 0.066223551 4.695392132 0.248329017 -0.067706628 0.966306030 63.290659144
0.967304177 0.003601777 -0.253592968 -8.400085979 0.013261618 0.997812329 0.064756605 4.732627181 0.253272389 -0.066002366 0.965140642 63.840139024
0.966732924 0.003880217 -0.255757262 -8.468897363 0.012786141 0.997901369 0.063469661 4.750439211 0.255466929 -0.064628419 0.964654429 64.116595177
0.965638951 0.002688657 -0.259872251 -8.618188508 0.013957009 0.997966498 0.062186624 4.788167660 0.259511376 -0.063676828 0.963638808 64.669504399
0.964511584 0.004346567 -0.264001612 -8.769580476 0.012404899 0.998014579 0.061751888 4.826182950 0.263746490 -0.062835427 0.962543135 65.206082837
0.964117323 0.004465347 -0.265436996 -8.844524504 0.012473321 0.997992103 0.062094368 4.846006662 0.265180965 -0.063177216 0.962126002 65.473013123
0.963363875 0.004319010 -0.268162730 -8.992403145 0.013209604 0.997892651 0.063526743 4.886636763 0.267872491 -0.064741759 0.961275969 66.003336822
0.962255390 0.003944956 -0.272118655 -9.135752358 0.014340390 0.997770781 0.065174494 4.927136614 0.271769747 -0.066616789 0.960054117 66.525873116
0.960704750 0.002774573 -0.277558680 -9.350181776 0.016518648 0.997606253 0.067147642 4.984065560 0.277080769 -0.069093968 0.958358880 67.269106074
0.959999137 0.002505525 -0.279991344 -9.488070866 0.017261302 0.997528418 0.068109640 5.021254148 0.279470271 -0.070218212 0.957583384 67.762578882
0.959618608 0.001680837 -0.281296461 -9.560574388 0.018062949 0.997550326 0.067580581 5.037853430 0.280721628 -0.069932699 0.957237906 68.005637286
0.958717959 -0.000960509 -0.284355152 -9.708090458 0.020321303 0.997668837 0.065144120 5.069043220 0.283630150 -0.068233328 0.956503245 68.496232040
0.958010069 -0.001475950 -0.286730780 -9.847555697 0.020511595 0.997777860 0.063396190 5.100423662 0.285999413 -0.066615536 0.955911141 68.972951761
0.957619486 -0.002574263 -0.288023467 -9.915022497 0.021469052 0.997815951 0.062461913 5.115734592 0.287233867 -0.065998316 0.955584207 69.207440807
0.956910689 -0.003019949 -0.290363825 -10.055495201 0.021603336 0.997914815 0.060815908 5.147406615 0.289575238 -0.064468290 0.954981123 69.685871929
0.956045493 -0.003311333 -0.293198309 -10.196464211 0.021225263 0.998094616 0.057937796 5.177115032 0.292447457 -0.061614488 0.954293825 70.165312422
0.955460413 -0.004215957 -0.295087375 -10.267956198 0.021883103 0.998157342 0.056593984 5.192265808 0.294305393 -0.060530824 0.953792562 70.406743706
0.954800656 -0.006598649 -0.297173465 -10.410442776 0.024008084 0.998199156 0.054971618 5.224221787 0.296275742 -0.059621506 0.953240025 70.888619428
0.953948523 -0.005696112 -0.299915020 -10.569121402 0.022738321 0.998316359 0.053363819 5.256776749 0.299106172 -0.057725973 0.952471828 71.378398628
0.953422878 -0.006685783 -0.301560285 -10.644141952 0.023698518 0.998323777 0.052792388 5.273641215 0.300702439 -0.057479982 0.951984036 71.625769321
0.952644784 -0.006684658 -0.304009459 -10.807355166 0.023542404 0.998378459 0.051819671 5.307792534 0.303170084 -0.056522967 0.951258125 72.123229119
0.951980386 -0.006054324 -0.306098605 -10.961428053 0.022887209 0.998414059 0.051432476 5.343236331 0.305302055 -0.055968410 0.950609398 72.624776149
0.951652581 -0.005995543 -0.307115950 -11.041989532 0.022880867 0.998415550 0.051409192 5.361669583 0.306321178 -0.055950773 0.950282501 72.881562092
0.951138160 -0.005499054 -0.308716472 -11.216709409 0.022682266 0.998384278 0.052098650 5.401380323 0.307931780 -0.056555433 0.949725780 73.418317456
0.950309125 -0.003734546 -0.311284924 -11.398990478 0.021741880 0.998282597 0.054398288 5.444758983 0.310547018 -0.058463109 0.948757708 73.967800435
0.949922415 -0.003590415 -0.312464339 -11.490634025 0.022022916 0.998216460 0.055481321 5.466389647 0.311708633 -0.059584388 0.948307714 74.243412520
0.948843880 -0.001612563 -0.315739000 -11.675431841 0.020891159 0.998116401 0.057683332 5.509953702 0.315051434 -0.061328717 0.947090681 74.797213600
0.947896347 -0.000201480 -0.318577477 -11.864761331 0.020385258 0.997988245 0.060023202 5.554286313 0.317924057 -0.063390059 0.945994522 75.358755585
0.947396900 0.000824065 -0.320058788 -11.959424111 0.019691011 0.997952550 0.060855960 5.575894102 0.319454347 -0.063957109 0.945440437 75.639567265
0.946798962 0.004000756 -0.321799647 -12.158304094 0.016414078 0.998021307 0.060701107 5.617197134 0.321405810 -0.062753888 0.944859194 76.217790062
0.946546278 0.005483902 -0.322518807 -12.354083268 0.014958297 0.998033295 0.060870133 5.660046100 0.322218705 -0.062440775 0.944603517 76.810477483
0.946576673 0.008301943 -0.322371158 -12.457807008 0.012216714 0.998028033 0.061573637 5.682512803 0.322247225 -0.062222509 0.944608630 77.106820378
0.946493297 0.011977369 -0.322499906 -12.648052661 0.008644989 0.998011472 0.062436896 5.725897394 0.322606854 -0.061884207 0.944507121 77.689939242
0.946660649 0.010932386 -0.322047017 -12.846837481 0.008932648 0.998149875 0.060141158 5.764863739 0.322108755 -0.059810007 0.944811196 78.288107440
0.946730491 0.010181035 -0.321864753 -12.942409542 0.009109267 0.998253048 0.058369663 5.783568700 0.321896873 -0.058192306 0.944983897 78.590638407
0.947002624 0.008459669 -0.321113247 -13.141187586 0.009708330 0.998442219 0.054934657 5.820610158 0.321078251 -0.055140787 0.945445589 79.188946833
0.947660761 0.006368370 -0.319214683 -13.335348974 0.010419178 0.998651568 0.050854802 5.857438691 0.319108082 -0.051519151 0.946316637 79.799249051
0.948116677 0.004934025 -0.317881703 -13.432432670 0.011346737 0.998717646 0.049344556 5.876705692 0.317718009 -0.050391414 0.946844805 80.104338038
0.948583560 0.006897555 -0.316452365 -13.629644113 0.009495411 0.998692458 0.050230923 5.922268088 0.316384877 -0.050653117 0.947276996 80.719201925
0.948987044 0.009955511 -0.315156396 -13.828808215 0.007675782 0.998475741 0.054653910 5.975422135 0.315220155 -0.054284966 0.947464452 81.356753221
0.949157678 0.010592750 -0.314622257 -13.933464969 0.007677707 0.998356972 0.056774938 6.001728101 0.314707072 -0.056303926 0.947517230 81.674324244
0.949533307 0.011398196 -0.313458182 -14.132623980 0.007940277 0.998145859 0.060347883 6.053435989 0.313565475 -0.059791304 0.947682021 82.311980892
0.949648258 0.011289642 -0.313111820 -14.343352064 0.008650216 0.998024477 0.062220672 6.103734703 0.313195994 -0.061796339 0.947675177 82.969665593
0.949788730 0.012092029 -0.312657010 -14.445397891 0.007804443 0.998026233 0.062306701 6.127797845 0.312793760 -0.061618318 0.947819882 83.302843571
0.950316609 0.012546606 -0.311030606 -14.654603071 0.007135412 0.998046476 0.062061273 6.174333025 0.311202551 -0.061197244 0.948370729 83.958203480
0.950409621 0.013644727 -0.310701799 -14.867334637 0.005995168 0.998047423 0.062168515 6.221963537 0.310943115 -0.060948271 0.948471658 84.619547845
0.950573444 0.014055034 -0.310180063 -14.972402856 0.005660667 0.998024043 0.062570705 6.246901420 0.310446389 -0.061233974 0.948615670 84.957860027
0.950424334 0.013193110 -0.310675553 -15.182036387 0.006886945 0.997961081 0.063447795 6.296865774 0.310879295 -0.062441979 0.948395264 85.633611617
0.949972506 0.010405549 -0.312158629 -15.393176673 0.010014430 0.997916362 0.063740747 6.346005850 0.312171485 -0.063678117 0.947888805 86.312022220
0.949668220 0.009655442 -0.313108217 -15.505877727 0.010962482 0.997888413 0.064021820 6.370266090 0.313064845 -0.064231989 0.947556733 86.643603417
0.948616694 0.009893660 -0.316272502 -15.724151907 0.011220468 0.997830203 0.064868272 6.419944116 0.316227576 -0.065083819 0.946447926 87.314328156
0.947770140 0.010576471 -0.318778013 -15.944440629 0.011018470 0.997767520 0.065863543 6.470095595 0.318762904 -0.065935974 0.945538183 87.988483691
0.947231469 0.010877015 -0.320364788 -16.058149919 0.010980970 0.997736678 0.066342924 6.494866832 0.320360699 -0.066360088 0.944968396 88.321760305
0.945838397 0.011845023 -0.324418987 -16.291691455 0.010568860 0.997680480 0.067239958 6.543668300 0.324463170 -0.067026891 0.943520679 88.978988198
0.944432300 0.010989871 -0.328521705 -16.513568720 0.011905137 0.997641624 0.067598046 6.591532282 0.328489950 -0.067752925 0.942073493 89.636134167
0.943890178 0.011350697 -0.330063620 -16.625262345 0.011692543 0.997634212 0.067745149 6.615510915 0.330051714 -0.067803275 0.941524426 89.966003235
0.942510775 0.012848128 -0.333927790 -16.856790321 0.010730019 0.997582001 0.068667906 6.664118189 0.334002732 -0.068303296 0.940094225 90.619779990
0.941139696 0.014885589 -0.337688876 -17.093947053 0.009737598 0.997421293 0.071105637 6.714546472 0.337876028 -0.070208623 0.938568255 91.263178446
0.940456186 0.015514775 -0.339557606 -17.203632455 0.009603435 0.997346238 0.072167801 6.739846884 0.339776628 -0.071131663 0.937812242 91.589485937
0.938924249 0.016213254 -0.343740244 -17.442870947 0.009241356 0.997340902 0.072284168 6.785146395 0.343998650 -0.071045973 0.936278633 92.216948135
0.937649321 0.017962835 -0.347117053 -17.668436840 0.007818123 0.997321024 0.072728723 6.830800278 0.347493345 -0.070907890 0.934997563 92.840769011
0.937262278 0.018076333 -0.348156973 -17.787842666 0.007650875 0.997347993 0.072379046 6.851949877 0.348541469 -0.070501888 0.934637656 93.144288649
0.936081458 0.018881483 -0.351275001 -18.017012943 0.007124531 0.997336103 0.072593583 6.896158735 0.351709729 -0.070456261 0.933453251 93.754503871
0.935049875 0.020201905 -0.353939827 -18.249202066 0.005900894 0.997349654 0.072514888 6.940235010 0.354466882 -0.069893618 0.932452223 94.369926681
0.934324462 0.020597574 -0.355827834 -18.369111957 0.005522831 0.997371857 0.072235562 6.961625148 0.356381158 -0.069456562 0.931755554 94.674295116
0.933255340 0.021080519 -0.358593383 -18.608935564 0.005273028 0.997364431 0.072355077 7.005492534 0.359173911 -0.069416679 0.930685142 95.282952792
0.932032566 0.022284433 -0.361688408 -18.838184575 0.004101423 0.997394425 0.072020520 7.047370478 0.362351742 -0.068608930 0.929512436 95.873562647
0.931554398 0.022965852 -0.362875995 -18.954069981 0.003557869 0.997379318 0.072256064 7.069120240 0.363584446 -0.068601491 0.929031807 96.170974312
0.930526112 0.023766527 -0.365452708 -19.179292893 0.002871383 0.997387622 0.072174448 7.110899027 0.366213838 -0.068209636 0.928026762 96.754660818
0.929663057 0.023834999 -0.367639067 -19.412644244 0.002390841 0.997493572 0.070715858 7.149837094 0.368403047 -0.066620945 0.927275273 97.332640240
0.929174914 0.023179446 -0.368911193 -19.520968141 0.002626447 0.997592359 0.069296013 7.167829175 0.369629297 -0.065357105 0.926877538 97.617330830
0.928359946 0.022740781 -0.370984337 -19.733180479 0.003026588 0.997631218 0.068727048 7.205680673 0.371668222 -0.064926370 0.926092071 98.159003906
0.927448632 0.021880091 -0.373308850 -19.950515996 0.004376931 0.997582943 0.069343569 7.244683781 0.373923558 -0.065946580 0.925111820 98.689481129
0.927066959 0.021434433 -0.374280999 -20.049784233 0.004776373 0.997607915 0.068961744 7.263322947 0.374863924 -0.065719892 0.924747364 98.958530792
0.926102953 0.022074476 -0.376622407 -20.270640977 0.004305278 0.997603597 0.069057750 7.301955283 0.377244114 -0.065576121 0.923789452 99.495099275
0.925322586 0.022580799 -0.378505103 -20.483949903 0.004205836 0.997552829 0.069793572 7.340719605 0.379155297 -0.066173599 0.922963685 100.018663322
0.924816685 0.022806219 -0.379728495 -20.588338687 0.004188042 0.997529933 0.070110744 7.359762368 0.380390273 -0.066429957 0.922436638 100.276571623
0.923634980 0.022672570 -0.382601299 -20.797196112 0.004679683 0.997506926 0.070408146 7.395836134 0.383244615 -0.066821903 0.921226009 100.772759609
0.922520123 0.022445502 -0.385294922 -20.987850317 0.005427698 0.997454287 0.071102626 7.431794920 0.385909848 -0.067684894 0.920050162 101.257543571
0.922154108 0.022225947 -0.386183470 -21.091816157 0.005779708 0.997444173 0.071206824 7.448944429 0.386779180 -0.067895694 0.919668806 101.494948300
0.921289389 0.021206135 -0.388298690 -21.283551013 0.006785379 0.997483228 0.070574631 7.481288067 0.388818113 -0.067654408 0.918827270 101.961953095
0.920334986 0.020213797 -0.390607977 -21.465213196 0.007480647 0.997571623 0.069249258 7.511274417 0.391059847 -0.066654567 0.917948136 102.411803187
0.919885243 0.019563949 -0.391698502 -21.564141996 0.008123504 0.997589870 0.068903585 7.527045812 0.392102177 -0.066565377 0.917509656 102.640645097
0.918767797 0.019343564 -0.394323124 -21.746896661 0.008256069 0.997639067 0.068175621 7.556778086 0.394710845 -0.065893171 0.916438845 103.072471168
0.917810905 0.018968056 -0.396564230 -21.939800907 0.008459136 0.997696950 0.067298386 7.586018111 0.396927957 -0.065121768 0.915536484 103.501884355
0.917224983 0.018898014 -0.397920071 -22.032187318 0.008645916 0.997694444 0.067311575 7.601634610 0.398274588 -0.065180313 0.914946631 103.719475370
0.915750303 0.018903760 -0.401302902 -22.220063828 0.008982996 0.997679476 0.067495139 7.632139500 0.401647493 -0.065413576 0.913455430 104.140133197
0.914177982 0.017152523 -0.404949856 -22.402897648 0.010651256 0.997742676 0.066306710 7.659660542 0.405173112 -0.064929375 0.911931444 104.552345181
0.913656060 0.015961219 -0.406174288 -22.487213991 0.010921510 0.997904182 0.063780954 7.670002212 0.406341210 -0.062709902 0.911566763 104.756459323
0.912779659 0.012651545 -0.408255573 -22.661514953 0.009886746 0.998543105 0.053048792 7.679035241 0.408332129 -0.052458284 0.911324314 105.135515516
0.911571285 0.009921754 -0.411020379 -22.829256850 0.007000148 0.999188883 0.039644758 7.683175958 0.411080538 -0.039016311 0.910763858 105.503665934
0.911076515 0.008257472 -0.412153205 -22.919677402 0.006214309 0.999410562 0.033759992 7.687450768 0.412189587 -0.033319189 0.910488597 105.698842729
0.910010354 0.005576321 -0.414546535 -23.098020858 0.005409747 0.999664471 0.025322340 7.701240581 0.414548798 -0.025286228 0.909675191 106.084482963
0.908720791 0.003277688 -0.417390554 -23.280862471 0.008111470 0.999641298 0.025509612 7.730975741 0.417324766 -0.026566800 0.908368505 106.496533650
0.908256225 0.002656965 -0.418404750 -23.375367504 0.010710845 0.999504221 0.029597670 7.751935649 0.418276084 -0.031363806 0.907777915 106.697425510
0.907031998 0.006797728 -0.421006145 -23.556228286 0.015525452 0.998649418 0.049573002 7.815473412 0.420774837 -0.051500604 0.905701708 107.123323573
0.905710221 0.018969618 -0.423471319 -23.771543068 0.015828701 0.996787921 0.078505655 7.896410814 0.423600262 -0.077806419 0.902501259 107.567313588
0.904995558 0.025315360 -0.424665699 -23.875593653 0.015562363 0.995589837 0.092514043 7.937636368 0.425134547 -0.090333654 0.900611175 107.802964382
0.903549591 0.031993161 -0.427285963 -24.098385479 0.016048638 0.993982306 0.108361474 7.998335195 0.428181248 -0.104767481 0.897599065 108.261423595
0.901718137 0.032970222 -0.431065040 -24.321571979 0.014564771 0.994205183 0.106509119 8.028197114 0.432078930 -0.102319583 0.896012419 108.722995591
0.900818939 0.030265146 -0.433137706 -24.433138075 0.015244018 0.994748275 0.101211005 8.035413566 0.433926025 -0.097775622 0.895627000 108.954343590
0.899334069 0.019252774 -0.436837241 -24.651618784 0.019600157 0.996250831 0.084259264 8.039739825 0.436821999 -0.084339345 0.895585054 109.429754134
0.897948174 0.008745264 -0.440013681 -24.886276025 0.021864523 0.997681801 0.064448404 8.040256779 0.439557229 -0.067492091 0.895675138 109.913389298
0.897042328 0.001518716 -0.441941345 -25.261687949 0.023401893 0.998428194 0.050931597 8.073228544 0.441324144 -0.056030179 0.895596569 110.696555672
0.896519604 0.005670371 -0.442967634 -25.527201240 0.021158355 0.998228521 0.055600489 8.119116802 0.442498712 -0.059219418 0.894811604 111.229731156
0.896232315 0.007599492 -0.443518976 -25.658949929 0.020107986 0.998129192 0.057735110 8.141629722 0.443127987 -0.060662333 0.894403414 111.494617669
0.896001649 0.007849962 -0.443981115 -25.911346705 0.019912563 0.998127278 0.057833171 8.178192137 0.443604272 -0.060659418 0.894167139 112.005948181
0.895614412 0.003720569 -0.444815417 -26.161625911 0.022798008 0.998266328 0.054252390 8.209710349 0.444246469 -0.058730095 0.893977399 112.533956051
0.895633251 0.000959918 -0.444791069 -26.292846137 0.024865370 0.998325986 0.052223287 8.225051143 0.444096729 -0.057832851 0.894109743 112.798498730
0.895723767 -0.002040291 -0.444605042 -26.558234775 0.026961699 0.998397749 0.049736713 8.260224969 0.443791420 -0.056537638 0.894344547 113.352229933
0.896579551 -0.002354462 -0.442876192 -26.826573916 0.026969011 0.998419905 0.049289421 8.300549284 0.442060528 -0.056135743 0.895227101 113.930559027
0.897257826 -0.001683993 -0.441503218 -26.966285715 0.026398562 0.998407825 0.049840904 8.322649247 0.440716686 -0.056375251 0.895874007 114.229111941
0.897711684 -0.001105890 -0.440581651 -27.247719535 0.025906825 0.998399015 0.050280605 8.366095884 0.439820724 -0.056551640 0.896303441 114.829737932
0.897621068 -0.001338964 -0.440765286 -27.542819424 0.025660678 0.998458072 0.049225000 8.407333078 0.440020056 -0.055495736 0.896270907 115.434140387
0.897730999 -0.001931570 -0.440538732 -27.689580872 0.026691037 0.998391433 0.050013454 8.430736065 0.439733559 -0.056657122 0.896339301 115.744726877
0.898123601 -0.002863187 -0.439733230 -27.993618484 0.030490931 0.997977669 0.055777462 8.487218169 0.438684102 -0.063502962 0.896394789 116.403162878
0.898410721 -0.001976575 -0.439150986 -28.310327444 0.032541330 0.997539744 0.062082781 8.544819632 0.437948312 -0.070066391 0.896265303 117.063400197
0.898451601 -0.001012873 -0.439070355 -28.466158981 0.032518587 0.997404645 0.064240462 8.571674644 0.437865781 -0.071994964 0.896152689 117.389328994
0.898520906 -0.000776876 -0.438928398 -28.778302775 0.032485766 0.997373126 0.064735585 8.618992825 0.437725149 -0.072425260 0.896186633 118.042518554
0.898716762 -0.003529724 -0.438514187 -29.088401485 0.033180066 0.997648263 0.059970716 8.657160604 0.437271416 -0.068446670 0.896720652 118.692909434
0.898753514 -0.004673739 -0.438429133 -29.251761671 0.033620466 0.997733651 0.058283742 8.678438095 0.437163432 -0.067122927 0.896873517 119.032239374
0.899468003 -0.004435315 -0.436962502 -29.581952025 0.033899940 0.997643311 0.059655015 8.730762475 0.435668260 -0.068470877 0.897498528 119.736026981
0.900069587 -0.002005350 -0.435741255 -29.915691936 0.033832890 0.997291573 0.065295543 8.790764702 0.434430669 -0.073512909 0.897700016 120.445319509
0.900375764 -0.000923678 -0.435111860 -30.085117723 0.033751456 0.997132697 0.067724792 8.819705966 0.433802399 -0.075663454 0.897824903 120.794487003
0.900903327 -0.000410434 -0.434018948 -30.414807066 0.033920441 0.997006914 0.069466568 8.872657502 0.432691547 -0.077304757 0.898221634 121.497362600
0.901423106 -0.000772771 -0.432937448 -30.737853133 0.033712951 0.997087344 0.068414162 8.921491774 0.431623802 -0.076265780 0.898823433 122.209051134
0.901992737 -0.000775124 -0.431749843 -30.905165741 0.033368985 0.997132529 0.067922786 8.946635521 0.430459087 -0.075672948 0.899432410 122.574805165
0.901858806 -0.001189646 -0.432028311 -31.252966966 0.033723728 0.997138653 0.067652486 8.998452462 0.430711477 -0.075582620 0.899319055 123.308950990
0.902986185 -0.000979827 -0.429666945 -31.598671756 0.033130359 0.997178941 0.067352490 9.051229250 0.428389064 -0.075053482 0.900471303 124.059336779
