1.000000000 0.000000000 0.000000000 0.000000000 0.000000000 1.000000000 0.000000000 0.000000000 0.000000000 0.000000000 1.000000000 0.000000000
0.999986549 0.000249016 0.005019566 0.017039165 -0.000248429 0.999999183 -0.000112678 -0.028845646 -0.005020995 0.000111359 0.999986818 0.888406556
0.999954670 0.001652369 0.009306183 0.037596540 -0.001652074 0.999998068 -0.000038788 -0.058033406 -0.009306181 0.000023396 0.999956846 1.796526077
0.999930247 0.002002075 0.011575932 0.047729171 -0.002005240 0.999997237 0.000260929 -0.072002737 -0.011575346 -0.000284181 0.999932251 2.245506449
0.999804620 0.001279887 0.019717926 0.092271627 -0.001297864 0.999998438 0.000899557 -0.100782414 -0.019717510 -0.000924982 0.999805340 3.168644899
0.999697996 0.002140603 0.024439845 0.126474243 -0.002173316 0.999996344 0.001312409 -0.129336779 -0.024437085 -0.001365108 0.999699652 4.073639354
0.999608999 0.002706144 0.027793584 0.147621330 -0.002748190 0.999994528 0.001475201 -0.143839086 -0.027790220 -0.001551012 0.999612562 4.530330131
0.999422487 0.004888366 0.033605751 0.191483925 -0.004954306 0.999985618 0.001879335 -0.173370535 -0.033596411 -0.002044813 0.999432837 5.463868051
0.999200147 0.004349144 0.039737722 0.246434489 -0.004387795 0.999989567 0.000885641 -0.204652618 -0.039733130 -0.001059296 0.999209770 6.374255470
0.999055068 0.004174730 0.043253443 0.277315217 -0.004169660 0.999990477 -0.000207145 -0.221319681 -0.043254299 0.000026620 0.999063998 6.828629770
0.998821759 0.005508193 0.048191865 0.340726823 -0.005387480 0.999981411 -0.002633776 -0.254739183 -0.048206616 0.002371029 0.998834239 7.726727264
0.998418608 0.005862699 0.055902000 0.418085978 -0.005643951 0.999975330 -0.004070007 -0.286715482 -0.055924703 0.003748038 0.998427625 8.631924778
0.998282817 0.005751996 0.058279206 0.456098959 -0.005558790 0.999978235 -0.003476643 -0.300776827 -0.058298349 0.003146708 0.998293582 9.095009269
0.997988234 0.005822614 0.063120208 0.529288451 -0.005706806 0.999981056 -0.002014487 -0.327425831 -0.063131042 0.001650214 0.998003420 9.991078047
0.997573699 0.008233111 0.069114112 0.608928554 -0.008298625 0.999964933 0.000661294 -0.352580696 -0.069106982 -0.001233306 0.997608037 10.906244899
0.997372019 0.010713667 0.071648715 0.646652787 -0.010895232 0.999937914 0.002144353 -0.364713303 -0.071621606 -0.002919383 0.997427326 11.359192500
0.996961178 0.013474100 0.076715751 0.727051212 -0.013847627 0.999894697 0.004339085 -0.389334586 -0.076650384 -0.005388249 0.997043763 12.233131163
0.996580450 0.011279360 0.081849371 0.820097070 -0.011665402 0.999922866 0.004239580 -0.418042377 -0.081796220 -0.005179855 0.996635083 13.104017433
0.996399793 0.009577333 0.084227739 0.867923094 -0.009865840 0.999946832 0.003009172 -0.434296768 -0.084194762 -0.003829354 0.996442008 13.533962845
0.995994183 0.008182920 0.089041132 0.961620604 -0.008203522 0.999965674 -0.000134764 -0.467949761 -0.089040057 -0.000596196 0.996027203 14.394266173
0.995497979 0.006525741 0.094553738 1.058939382 -0.006465410 0.999978110 -0.000944309 -0.497195696 -0.094558093 0.000328762 0.995518757 15.243613721
0.995211170 0.005367902 0.097598108 1.110086544 -0.005369119 0.999985283 -0.000250086 -0.509413070 -0.097598374 -0.000275154 0.995226034 15.652392431
0.994793561 0.002417938 0.101875739 1.213948251 -0.002541511 0.999996059 0.001083474 -0.534584542 -0.101873253 -0.001336755 0.994796572 16.490099461
0.994272401 0.001152932 0.106862534 1.320122006 -0.001195293 0.999999045 0.000332426 -0.562717689 -0.106862624 -0.000458282 0.994273725 17.306639071
0.993903208 0.000369131 0.110253758 1.377106898 -0.000368506 0.999999649 -0.000026011 -0.576729654 -0.110254323 -0.000014788 0.993902890 17.714011931
0.993440876 0.000137619 0.114344165 1.481716832 -0.000101179 0.999999325 -0.000324134 -0.603406459 -0.114345520 0.000310472 0.993440622 18.510425108
0.992883073 0.000278180 0.119091652 1.587690447 -0.000318386 0.999999035 0.000318964 -0.627780146 -0.119092107 -0.000354545 0.992882880 19.286065095
0.992679967 -0.000944246 0.120765270 1.644087649 0.000875270 0.999999217 0.000624251 -0.639993543 -0.120766397 -0.000513993 0.992680700 19.673097868
0.992124889 -0.003040517 0.125207954 1.761745928 0.003031674 0.999995171 0.000261400 -0.666097398 -0.125208568 0.000120351 0.992129915 20.445986023
0.991881144 -0.004377928 0.127086299 1.876476905 0.004485879 0.999989334 -0.000563046 -0.693008054 -0.127083093 0.001128581 0.991891116 21.219522223
0.991818346 -0.005080774 0.127548772 1.931895155 0.005223292 0.999985704 -0.000782735 -0.706133375 -0.127543551 0.001442581 0.991831577 21.606750303
0.991346641 -0.004796731 0.131174425 2.048284746 0.004953274 0.999987155 -0.000866890 -0.731420312 -0.131169151 0.001509182 0.991358336 22.369690438
0.990786132 -0.004110095 0.135367169 2.162131812 0.004282416 0.999990370 -0.000981649 -0.756112860 -0.135362433 0.001552322 0.990794391 23.112701057
0.990463770 -0.004169089 0.137705303 2.218609406 0.004369475 0.999989510 -0.001152647 -0.768154653 -0.137699570 0.001743426 0.990472396 23.468917665
0.989465195 -0.005022254 0.144676564 2.346095526 0.005315713 0.999983806 -0.001641671 -0.793463142 -0.144666602 0.002393478 0.989477111 24.208762984
0.988556490 -0.005751540 0.150738048 2.471337669 0.006115301 0.999978744 -0.001949678 -0.818127031 -0.150724364 0.002849164 0.988571337 24.938879409
0.987986667 -0.006775220 0.154385988 2.540485660 0.007141530 0.999972212 -0.001817954 -0.829617795 -0.154369954 0.002898719 0.988008773 25.292192974
0.986981811 -0.007861048 0.160636047 2.672941437 0.008095378 0.999966479 -0.000804304 -0.851304467 -0.160625062 0.002094181 0.987013235 26.000209863
0.986018347 -0.010624341 0.166291886 2.808995321 0.010799426 0.999941030 -0.000148581 -0.873261596 -0.166281099 0.001942311 0.986076030 26.697120332
0.985527558 -0.011310749 0.169135997 2.875600391 0.011493339 0.999933178 -0.000100661 -0.884237928 -0.169124303 0.002043122 0.985592306 27.030501807
0.984530251 -0.012164315 0.174789549 3.012027621 0.012414372 0.999922626 -0.000337298 -0.907102642 -0.174772647 0.002502022 0.984605336 27.706760361
0.983450973 -0.013373352 0.180676393 3.150775459 0.013903364 0.999901500 -0.001667260 -0.931199950 -0.180636972 0.004151656 0.983540438 28.361907181
0.982694408 -0.014302370 0.184680328 3.224874993 0.014955075 0.999885090 -0.002141349 -0.942726953 -0.184629447 0.004866175 0.982795502 28.683274508
0.981563575 -0.016061447 0.190458635 3.369864740 0.016717140 0.999857897 -0.001836800 -0.963299743 -0.190402854 0.004986852 0.981693082 29.316564093
0.980508358 -0.017501233 0.195692315 3.514548617 0.018366454 0.999827540 -0.002607418 -0.985401959 -0.195613424 0.006150837 0.980661902 29.939605418
0.980105828 -0.018402645 0.197619505 3.588947736 0.019325614 0.999809515 -0.002742763 -0.996668862 -0.197532122 0.006507369 0.980274643 30.271180127
0.979121642 -0.020089036 0.202275973 3.741058403 0.020942569 0.999778394 -0.002080014 -1.016924717 -0.202189979 0.006272832 0.979325778 30.913106192
0.978499388 -0.020869559 0.205188226 3.887700826 0.021683650 0.999762794 -0.001719361 -1.037073152 -0.205104387 0.006131614 0.978720745 31.535761086
0.978282752 -0.020947833 0.206212673 3.956040101 0.021820181 0.999759106 -0.001956392 -1.047223648 -0.206122971 0.006413524 0.978504357 31.827699109
0.977922583 -0.021178109 0.207889303 4.089508838 0.021914635 0.999759010 -0.001239933 -1.065143369 -0.207813719 0.005768406 0.978150908 32.402126865
0.977472250 -0.022005768 0.209909558 4.230381055 0.022896098 0.999736064 -0.001811813 -1.085924230 -0.209814910 0.006577108 0.977718393 32.995287756
0.977193815 -0.021659842 0.211240492 4.299690819 0.022700263 0.999739029 -0.002501402 -1.096871892 -0.211131893 0.007239602 0.977430621 33.286975430
0.976590766 -0.021059009 0.214069432 4.431275660 0.022444050 0.999739403 -0.004041048 -1.117733175 -0.213929147 0.008751113 0.976810179 33.830936113
0.975759344 -0.020600627 0.217870636 4.561307370 0.021970793 0.999750261 -0.003867902 -1.134979264 -0.217737364 0.008560975 0.975969284 34.354839890
0.975164732 -0.020417387 0.220534628 4.628761102 0.021741799 0.999757232 -0.003579303 -1.143241476 -0.220408674 0.008285262 0.975371858 34.616241709
0.973983865 -0.021172685 0.225624028 4.768833413 0.022538697 0.999739862 -0.003479972 -1.160903013 -0.225492313 0.008474748 0.974207867 35.148084352
0.972668130 -0.022498863 0.231104099 4.912495813 0.024237399 0.999695171 -0.004686196 -1.180454146 -0.230928810 0.010159538 0.972917450 35.668768431
0.971986680 -0.022865699 0.233919456 4.984817331 0.024700594 0.999682181 -0.004916948 -1.189603841 -0.233733478 0.010557162 0.972243162 35.929018289
0.970671306 -0.024770869 0.239130385 5.127897980 0.026686358 0.999631781 -0.004775560 -1.206157043 -0.238924902 0.011017038 0.970975544 36.429400906
0.969542642 -0.025440818 0.243593750 5.265512910 0.027395193 0.999613167 -0.004637856 -1.222093096 -0.243382280 0.011169861 0.969865794 36.910528768
0.969084169 -0.025550717 0.245402207 5.335590399 0.027543241 0.999609381 -0.004690133 -1.230608184 -0.245187294 0.011304323 0.969409084 37.161049410
0.968209278 -0.025795375 0.248807181 5.477693879 0.027875957 0.999599301 -0.004842020 -1.247713503 -0.248583293 0.011623869 0.968540898 37.661638923
0.966984668 -0.026335622 0.253466687 5.625946849 0.028345987 0.999588581 -0.004281845 -1.263894618 -0.253250247 0.011325249 0.967334298 38.171109148
0.966556080 -0.025840630 0.255148118 5.697002103 0.027762607 0.999606302 -0.003933295 -1.271737654 -0.254946797 0.010885297 0.966893546 38.421426758
0.965579535 -0.025842276 0.258819531 5.840760930 0.027749157 0.999608008 -0.003716339 -1.287878903 -0.258622814 0.010770426 0.965917700 38.911398961
0.964759861 -0.026458645 0.261795852 5.980024823 0.028489102 0.999585605 -0.003962543 -1.304140203 -0.261583433 0.011281230 0.965114401 39.381867991
0.964449506 -0.026831748 0.262897758 6.047560728 0.028884170 0.999574691 -0.003944441 -1.311871003 -0.262680830 0.011397901 0.964814732 39.612465233
0.963774579 -0.026663724 0.265380752 6.183904940 0.028686241 0.999581445 -0.003747374 -1.327399920 -0.265170427 0.011224467 0.964135854 40.083631878
0.962926154 -0.026836872 0.268425814 6.324810620 0.029307355 0.999556189 -0.005200149 -1.345435696 -0.268168012 0.012874152 0.963285710 40.543395404
0.962448235 -0.026113226 0.270205443 6.396236646 0.028822498 0.999565496 -0.006063031 -1.354706041 -0.269930607 0.013623394 0.962782946 40.773044361
0.961867521 -0.025405762 0.272332426 6.535201201 0.028268926 0.999578541 -0.006594443 -1.371177467 -0.272050879 0.014041558 0.962180342 41.233307619
0.961189101 -0.025057349 0.274749410 6.670655414 0.027885287 0.999590456 -0.006391015 -1.385717623 -0.274477480 0.013804422 0.961494307 41.673909091
0.960846417 -0.025291789 0.275923998 6.739842510 0.028176618 0.999581815 -0.006495238 -1.393323909 -0.275645016 0.014015594 0.961157372 41.893861986
0.960122196 -0.025781117 0.278386392 6.884649100 0.029043072 0.999549265 -0.007598881 -1.410720388 -0.278065473 0.015381132 0.960438842 42.352747397
0.959269360 -0.026103244 0.281282882 7.029161598 0.029659950 0.999524222 -0.008393631 -1.427267556 -0.280930857 0.016394688 0.959587399 42.801461155
0.958817337 -0.025365800 0.282886275 7.100296303 0.028989081 0.999542024 -0.008628865 -1.435128887 -0.282538569 0.016474140 0.959114369 43.020956484
0.958184292 -0.022738746 0.285245066 7.245094727 0.026886416 0.999581527 -0.010632541 -1.454174490 -0.284884690 0.017857169 0.958394847 43.479788785
0.957493720 -0.020465206 0.287724130 7.389591635 0.025338830 0.999590826 -0.013224301 -1.473869986 -0.287336419 0.019952785 0.957621823 43.928401150
0.957144788 -0.019126814 0.288975643 7.459442013 0.024508217 0.999586877 -0.015015249 -1.484072721 -0.288569807 0.021454065 0.957218093 44.137846745
0.956525983 -0.016234343 0.291194228 7.604897334 0.022904889 0.999546633 -0.019513145 -1.507004089 -0.290746386 0.025334639 0.956464153 44.586130223
0.955889497 -0.017151594 0.293222047 7.757162952 0.025713869 0.999347232 -0.025370698 -1.532107438 -0.292596174 0.031791534 0.955706804 45.032771021
0.955619116 -0.018933180 0.293995552 7.834130636 0.028195461 0.999228800 -0.027298108 -1.542722850 -0.293252890 0.034375926 0.955416952 45.250829598
0.954783586 -0.019443679 0.296662210 7.987720175 0.028698917 0.999225855 -0.026874313 -1.557489042 -0.295910835 0.034173066 0.954603689 45.707777634
0.954021766 -0.017778479 0.299207201 8.135179129 0.026427616 0.999340944 -0.024885039 -1.569361465 -0.298568130 0.031648244 0.953863495 46.155967914
0.953775456 -0.017240168 0.300022524 8.209555669 0.025153878 0.999429298 -0.022534318 -1.573137500 -0.299463437 0.029039444 0.953665592 46.385119788
0.953401299 -0.014598077 0.301350165 8.361835521 0.020564534 0.999650068 -0.016635732 -1.579302602 -0.301002402 0.022057701 0.953368275 46.863192184
0.952717721 -0.015211282 0.303475211 8.527084664 0.019227386 0.999762005 -0.010250166 -1.584796502 -0.303247888 0.015600532 0.952784234 47.348564415
0.952355743 -0.017778607 0.304469768 8.617947863 0.021003459 0.999752642 -0.007319376 -1.588413358 -0.304265050 0.013365653 0.952493501 47.604723614
0.952141652 -0.020308529 0.304980990 8.788639069 0.022526077 0.999739200 -0.003753523 -1.599301869 -0.304825849 0.010443930 0.952350789 48.109196741
0.951489252 -0.021724928 0.306911748 8.964472358 0.023894305 0.999708873 -0.003312207 -1.615925049 -0.306751226 0.010484978 0.951731403 48.622560807
0.951104151 -0.022109595 0.308075782 9.055608665 0.024252262 0.999701028 -0.003127294 -1.624628965 -0.307915077 0.010445986 0.951356232 48.888755183
0.950202868 -0.021202132 0.310909229 9.238874633 0.022477698 0.999746952 -0.000519702 -1.638216417 -0.310820391 0.007482410 0.950438720 49.421042294
0.949876576 -0.019431201 0.312018463 9.424039840 0.018444186 0.999810775 0.006114539 -1.645763952 -0.312078939 -0.000053119 0.950056116 49.983896260
0.949680803 -0.020014432 0.312576859 9.520676461 0.017676230 0.999790337 0.010312675 -1.648098728 -0.312718395 -0.004268552 0.949836336 50.269570384
0.948778142 -0.023306527 0.315079881 9.723378415 0.019089903 0.999681326 0.016462573 -1.656272562 -0.315363981 -0.009604491 0.948922153 50.828360013
0.948000090 -0.025214026 0.317266328 9.926010982 0.021689869 0.999656702 0.014635801 -1.678458955 -0.317527448 -0.006993247 0.948222599 51.386698366
0.947596092 -0.025375072 0.318460525 10.033599553 0.022907592 0.999671101 0.011491702 -1.693950002 -0.318648311 -0.003594270 0.947866023 51.679676361
0.946877497 -0.023160897 0.320758622 10.242618592 0.023268837 0.999722829 0.003497418 -1.727595376 -0.320751464 0.004152127 0.947153762 52.256695631
0.945941529 -0.018997111 0.323779225 10.455846243 0.021061049 0.999773980 -0.002871285 -1.758702223 -0.323651624 0.009535171 0.946127872 52.843096956
0.945372964 -0.017859769 0.325499433 10.566677292 0.020064016 0.999792120 -0.003415918 -1.769978043 -0.325372203 0.009760129 0.945535449 53.145735680
0.944498870 -0.017715052 0.328036421 10.792552901 0.019552675 0.999806066 -0.002304173 -1.789001681 -0.327932293 0.008590275 0.944662080 53.760427049
0.943944933 -0.020137873 0.329485701 11.020382257 0.021559924 0.999766769 -0.000662110 -1.807041023 -0.329396910 0.007728690 0.944159865 54.374700766
0.943483940 -0.020617343 0.330774084 11.137363044 0.022015181 0.999756956 -0.000479401 -1.817342666 -0.330684177 0.007734286 0.943709745 54.686221812
0.942469861 -0.020074162 0.333686570 11.375501011 0.022074816 0.999753234 -0.002204712 -1.841913969 -0.333560537 0.009443978 0.942680859 55.318436417
0.941343280 -0.019326242 0.336893985 11.613336523 0.022172233 0.999743631 -0.004602136 -1.867325064 -0.336719785 0.011801911 0.941530755 55.940424971
0.940945577 -0.018067014 0.338073145 11.732553914 0.021154595 0.999761017 -0.005450062 -1.879760517 -0.337895182 0.012280077 0.941103280 56.261626951
0.939893339 -0.016333188 0.341074261 11.974903265 0.019257340 0.999800325 -0.005189060 -1.901233591 -0.340922464 0.011445341 0.940021626 56.903241636
0.938768646 -0.016611162 0.344145587 12.233444687 0.019178244 0.999807090 -0.004056371 -1.921798121 -0.344013078 0.010408132 0.938906646 57.561688775
0.938147895 -0.016378176 0.345845255 12.361738922 0.018828025 0.999815875 -0.003725148 -1.932492576 -0.345721617 0.010006319 0.938283478 57.891123746
0.936367295 -0.014358199 0.350726496 12.623195374 0.016656113 0.999854378 -0.003535873 -1.954728990 -0.350625193 0.009152605 0.936471245 58.548843013
0.934382456 -0.012890428 0.356036942 12.893417601 0.015260123 0.999876121 -0.003847787 -1.977803275 -0.355943524 0.009028475 0.934463249 59.204513214
0.933342088 -0.012055512 0.358785046 13.025310140 0.014389874 0.999889166 -0.003836347 -1.988728209 -0.358699029 0.008743583 0.933412101 59.522843053
0.931142192 -0.010613197 0.364500526 13.294266451 0.012782094 0.999911467 -0.003538128 -2.010425873 -0.364431752 0.007953623 0.931195527 60.168583258
0.929174782 -0.007937773 0.369554659 13.567420930 0.009662132 0.999949124 -0.002815259 -2.031693889 -0.369514851 0.006186576 0.929204127 60.823637601
0.927926760 -0.006857788 0.372698126 13.706138168 0.008350280 0.999962349 -0.002390401 -2.041882349 -0.372668450 0.005330255 0.927949312 61.140418427
0.926293524 -0.004537710 0.376774723 13.982216685 0.005553092 0.999983136 -0.001608782 -2.063003216 -0.376761281 0.003582457 0.926303341 61.794803481
0.924271956 -0.000648208 0.381733695 14.262191311 0.001127652 0.999998642 -0.001032217 -2.084454269 -0.381732704 0.001384524 0.924271504 62.448279198
0.923399107 0.001903031 0.383835794 14.401205561 -0.001810632 0.999998059 -0.000601964 -2.094902353 -0.383837006 -0.000139130 0.923400726 62.775250667
0.921301070 0.006371724 0.388795533 14.700581974 -0.006752886 0.999976513 -0.000386145 -2.117846122 -0.388789550 -0.002269774 0.921323826 63.455006482
0.919964715 0.010046725 0.391869518 14.993808154 -0.010504483 0.999943846 -0.000975882 -2.141864015 -0.391858337 -0.003218525 0.920019368 64.125876756
0.919142477 0.011842615 0.393747002 15.145099066 -0.012147179 0.999924453 -0.001718732 -2.154971298 -0.393738071 -0.003203133 0.919216707 64.470464485
0.917373736 0.016871190 0.397666784 15.441249629 -0.017416198 0.999845167 -0.002241402 -2.178772078 -0.397643874 -0.004869673 0.917526435 65.140667723
0.915137210 0.019209470 0.402682865 15.751653364 -0.020690232 0.999785184 -0.000672584 -2.199650204 -0.402609480 -0.007716134 0.915338940 65.828217632
0.914055755 0.019744512 0.405106413 15.911720494 -0.021295641 0.999772911 -0.000677730 -2.211486478 -0.405028379 -0.008007581 0.914268635 66.170824209
0.912666572 0.020607661 0.408183126 16.226971873 -0.021718285 0.999762018 -0.001913589 -2.237319925 -0.408125939 -0.007118576 0.912897850 66.857091152
0.910738677 0.021685375 0.412411027 16.544526242 -0.020971414 0.999760503 -0.006257463 -2.267944075 -0.412448493 -0.002949915 0.910976253 67.522131771
0.909399619 0.021495832 0.415367040 16.704941922 -0.019067301 0.999767891 -0.009993615 -2.285695275 -0.415486181 0.001168189 0.909598180 67.843925171
0.906772254 0.019705994 0.421158909 17.038065980 -0.013936862 0.999761754 -0.016772011 -2.320618593 -0.421389525 0.009338697 0.906831272 68.505232520
0.904172113 0.019825830 0.426706538 17.369283555 -0.013103223 0.999738916 -0.018684978 -2.346981276 -0.426967032 0.011303179 0.904196675 69.167264916
0.902669940 0.018711094 0.429925315 17.542998004 -0.012129252 0.999762826 -0.018044852 -2.357764379 -0.430161386 0.011073897 0.902683194 69.506759947
0.899914404 0.014051324 0.435837991 17.889855939 -0.008780563 0.999861990 -0.014105198 -2.374153810 -0.435976513 0.008866534 0.899914195 70.165518717
0.897672846 0.009792203 0.440552677 18.248023363 -0.005740844 0.999927708 -0.010527938 -2.391735628 -0.440624658 0.006921559 0.897664999 70.842165661
0.896491644 0.009088892 0.442965273 18.429827389 -0.005087398 0.999934588 -0.010220750 -2.403368766 -0.443030945 0.006909296 0.896479287 71.190034914
0.894027250 0.009723747 0.447906453 18.787960021 -0.005473934 0.999926492 -0.010781688 -2.427976853 -0.447979151 0.007187323 0.894015230 71.866455576
0.891807474 0.009558789 0.452313243 19.142883482 -0.005608670 0.999933149 -0.010073480 -2.450073740 -0.452379830 0.006446768 0.891801932 72.533432134
0.890758943 0.008742846 0.454389900 19.325368457 -0.005020225 0.999942656 -0.009398410 -2.460735223 -0.454447181 0.006090614 0.890752150 72.870908998
0.888506378 0.006480250 0.458816942 19.691321022 -0.003634252 0.999967943 -0.007085448 -2.480406657 -0.458849142 0.004628074 0.888501447 73.545691238
0.886704376 0.004017743 0.462318484 20.061177170 -0.002384308 0.999988083 -0.004117137 -2.498899080 -0.462330694 0.002548362 0.886703667 74.219612743
0.885205235 0.003198965 0.465189110 20.247265152 -0.001922989 0.999992287 -0.003217334 -2.508841546 -0.465196818 0.001953445 0.885205191 74.546015054
0.882790795 0.001019577 0.469763496 20.618451771 0.000521676 0.999994537 -0.003150670 -2.531737288 -0.469764365 0.003026398 0.882786054 75.198947388
0.880380156 -0.001938903 0.474263046 20.995480526 0.004144079 0.999984183 -0.003604473 -2.555538093 -0.474249362 0.005138698 0.880375031 75.850502519
0.879119799 -0.002478661 0.476593019 21.185747228 0.005283116 0.999975611 -0.004544527 -2.568978825 -0.476570893 0.006513069 0.879111332 76.186092469
0.876758981 -0.003106936 0.480918778 21.561492990 0.007061218 0.999954061 -0.006413044 -2.594851178 -0.480877319 0.009018597 0.876741462 76.827606556
0.874362214 -0.005073505 0.485246067 21.942126335 0.009404689 0.999934488 -0.006491319 -2.617613136 -0.485182272 0.010239407 0.874352903 77.468097434
0.873225684 -0.006379010 0.487273500 22.136002873 0.010886467 0.999919357 -0.006419028 -2.628955583 -0.487194409 0.010909964 0.873225576 77.792657251
0.871338296 -0.007672107 0.490621855 22.516642948 0.012032087 0.999911129 -0.005732665 -2.650358263 -0.490535513 0.010898266 0.871353137 78.433191904
0.867341749 -0.011340537 0.497582362 23.105768016 0.016467831 0.999846091 -0.005917336 -2.684736382 -0.497440071 0.013326452 0.867395905 79.394863644
0.864994200 -0.012912689 0.501614667 23.486480069 0.018800288 0.999800196 -0.006682363 -2.707666556 -0.501429197 0.015210742 0.865064781 80.004527412
0.862525630 -0.014404039 0.505806770 23.874314428 0.020755476 0.999760047 -0.006922674 -2.729999943 -0.505586794 0.016469253 0.862617793 80.622836674
0.861458539 -0.015147549 0.507600936 24.069843295 0.021615453 0.999742712 -0.006850320 -2.740987998 -0.507366660 0.016873288 0.861564788 80.936759547
0.859380044 -0.016843180 0.511058648 24.461575793 0.023792556 0.999691471 -0.007061600 -2.763241790 -0.510782294 0.018228021 0.859516041 81.554172668
0.857097326 -0.018205151 0.514830669 24.854962450 0.025465976 0.999650490 -0.007046997 -2.784771386 -0.514523927 0.019150693 0.857261688 82.160960755
0.856047890 -0.018640315 0.516558422 25.052142508 0.026048785 0.999635423 -0.007095808 -2.795634926 -0.516239072 0.019530118 0.856222009 82.464239280
0.854066880 -0.019718126 0.519788351 25.445529066 0.027394467 0.999599068 -0.007092192 -2.817184512 -0.519441026 0.020296556 0.854264779 83.071026723
0.851409748 -0.020474294 0.524099819 25.837646292 0.028261097 0.999576305 -0.006861546 -2.838047109 -0.523738274 0.020653632 0.851628341 83.667861962
0.850374336 -0.020470110 0.525778012 26.031608221 0.028196175 0.999579874 -0.006686572 -2.848208489 -0.525421780 0.020511091 0.850594203 83.961638123
0.847957700 -0.020587540 0.529662946 26.424702815 0.028085698 0.999586064 -0.006110469 -2.868478992 -0.529318317 0.020057328 0.848185711 84.558267754
0.844636719 -0.019378301 0.534988239 27.006283768 0.027064967 0.999612314 -0.006522160 -2.900282669 -0.534654896 0.019988338 0.844834098 85.429354737
0.841767056 -0.018547143 0.539521085 27.379362754 0.027162226 0.999598693 -0.008015606 -2.922539085 -0.539156742 0.021401920 0.841933054 85.979194229
0.838135786 -0.017766690 0.545171368 27.771549781 0.027346963 0.999580420 -0.009467052 -2.945368943 -0.544775862 0.022843465 0.838270588 86.545144421
0.836620707 -0.017450844 0.547504090 27.972326709 0.027391689 0.999574221 -0.009996398 -2.956752808 -0.547096716 0.023360215 0.836742720 86.837308480
0.832961445 -0.017069979 0.553066820 28.366177794 0.027162865 0.999580028 -0.010058134 -2.976859531 -0.552663619 0.023400940 0.833075936 87.392698013
0.829252074 -0.017635953 0.558595809 28.767161231 0.026926220 0.999601362 -0.008413503 -2.994340546 -0.558225391 0.022017753 0.829396824 87.956798380
0.827187958 -0.018312589 0.561624872 28.967358585 0.027100648 0.999605566 -0.007321520 -3.002286713 -0.561270634 0.021276707 0.827358943 88.228675140
0.823980396 -0.018340136 0.566319940 29.357702645 0.026554778 0.999627380 -0.006263746 -3.019792523 -0.565994274 0.020199713 0.824160573 88.764424453
0.820231811 -0.017984337 0.571746657 29.758085673 0.025713762 0.999653843 -0.005445003 -3.038043605 -0.571452159 0.019167967 0.820411787 89.308102010
0.818038148 -0.017481790 0.574897785 29.966367556 0.025047393 0.999671822 -0.005241965 -3.047859266 -0.574618784 0.018687777 0.818208307 89.588320160
0.813547963 -0.015339343 0.581294725 30.376482146 0.023072577 0.999716289 -0.005910324 -3.068694882 -0.581040085 0.018220329 0.813670784 90.129667722
0.809023627 -0.014528581 0.587595039 30.779179745 0.022952267 0.999712398 -0.006883196 -3.089397910 -0.587326983 0.019055317 0.809124851 90.652194276
0.806306719 -0.014044665 0.591330360 30.990084001 0.022679040 0.999716353 -0.007179712 -3.099746299 -0.591063197 0.019199848 0.806396267 90.921522236
0.801149444 -0.013540976 0.598309553 31.404486061 0.022002820 0.999733846 -0.006836226 -3.118181619 -0.598058493 0.018641343 0.801234579 91.441425710
0.795175362 -0.012922137 0.606240408 31.831849839 0.021427607 0.999746750 -0.006795685 -3.137474924 -0.606000788 0.018394048 0.795251939 91.968579769
0.792763999 -0.012154647 0.609406117 32.049574389 0.020860157 0.999756211 -0.007196238 -3.147976366 -0.609171418 0.018417214 0.792824747 92.236330069
0.787872446 -0.010328225 0.615751014 32.483752820 0.019312753 0.999781825 -0.007941527 -3.168562119 -0.615535209 0.018148810 0.787900322 92.761869773
0.783206456 -0.009406751 0.621689980 32.922798393 0.019386686 0.999768137 -0.009295878 -3.190165285 -0.621459533 0.019333130 0.783207307 93.286253331
0.780618865 -0.009199368 0.624939124 33.146072668 0.019571127 0.999760246 -0.009729548 -3.200382660 -0.624701020 0.019825854 0.780611916 93.542465718
0.776647091 -0.009752727 0.629859181 33.595844889 0.020823876 0.999731030 -0.010196941 -3.220400166 -0.629590974 0.021035617 0.776641351 94.064428907
0.773560495 -0.010235457 0.633638087 34.049817012 0.021454019 0.999718882 -0.010042691 -3.239638210 -0.633358653 0.021362754 0.773563511 94.595717500
0.772339232 -0.010371310 0.635124378 34.277293613 0.021310926 0.999726111 -0.009589841 -3.248586384 -0.634852004 0.020941715 0.772349808 94.861271063
0.770447854 -0.011710425 0.637394881 34.738096077 0.022137660 0.999719517 -0.008391491 -3.265948559 -0.637118543 0.020575662 0.770490375 95.391047336
0.769198755 -0.012324849 0.638890622 35.202118254 0.022033852 0.999730430 -0.007242071 -3.283693065 -0.638629835 0.019647791 0.769262811 95.930336273
0.768699813 -0.012115949 0.639493419 35.433487401 0.021930327 0.999731808 -0.007420250 -3.293691043 -0.639232884 0.019728223 0.768759537 96.194957323
0.768262080 -0.011054878 0.640039384 35.907822447 0.022065785 0.999713994 -0.009218968 -3.317107967 -0.639754800 0.021205604 0.768286174 96.752214831
0.767795938 -0.008691753 0.640634665 36.373098911 0.019717205 0.999754515 -0.010066730 -3.338577847 -0.640390992 0.020360729 0.767778733 97.301358121
0.767720214 -0.007771342 0.640736076 36.608662813 0.018650735 0.999773113 -0.010221012 -3.348835812 -0.640512800 0.019797048 0.767691679 97.575271100
0.767440999 -0.006622289 0.641084893 37.092082718 0.016897996 0.999807408 -0.009900650 -3.368892598 -0.640897046 0.018431213 0.767405285 98.140813742
0.768284110 -0.005640400 0.640083994 37.555715267 0.015511420 0.999830705 -0.009807675 -3.389017772 -0.639920947 0.017463645 0.768241882 98.700648696
0.768614014 -0.004212106 0.639697936 37.792546225 0.014182842 0.999844009 -0.010457576 -3.400422481 -0.639554624 0.017110535 0.768554624 98.984499072
0.769607162 -0.000001148 0.638517146 38.271358586 0.011571955 0.999835616 -0.013945887 -3.427277465 -0.638412654 0.018121734 0.769480638 99.561145163
0.769586302 0.004267410 0.638528006 38.753766084 0.009493808 0.999790681 -0.018124207 -3.455002587 -0.638472010 0.020010191 0.769385006 100.126665522
0.769634844 0.005930093 0.638455467 38.999660968 0.008143525 0.999783945 -0.019102858 -3.467274913 -0.638431713 0.019901572 0.769420435 100.418664878
0.770605024 0.008007608 0.637261827 39.477535999 0.004694408 0.999822552 -0.018240076 -3.486636286 -0.637295971 0.017047471 0.770430848 100.995776977
0.772441678 0.009506969 0.635013970 39.963806330 0.001384372 0.999859529 -0.016653092 -3.505348253 -0.635084222 0.013742588 0.772320441 101.591510592
0.773245619 0.010138174 0.634024140 40.210013569 -0.000147106 0.999874293 -0.015808773 -3.514781849 -0.634105978 0.012130790 0.773150791 101.893800375
0.774349432 0.011371028 0.632655076 40.701146786 -0.002185274 0.999879896 -0.015296650 -3.535370772 -0.632753775 0.010462415 0.774282367 102.488350163
0.775520352 0.013313677 0.631181509 41.184184833 -0.004835939 0.999873146 -0.015148636 -3.556239060 -0.631303989 0.008695684 0.775486477 103.074489357
0.775839291 0.014207423 0.630769128 41.427168597 -0.006349182 0.999871139 -0.014711629 -3.566049921 -0.630898171 0.007408965 0.775830238 103.367242013
0.777557304 0.015556305 0.628618381 41.906915250 -0.009446884 0.999869259 -0.013058474 -3.584948416 -0.628740290 0.004215312 0.777603130 103.974741359
0.779487197 0.017732317 0.626166637 42.388294238 -0.011707503 0.999836382 -0.013740040 -3.607530375 -0.626308662 0.003379302 0.779567790 104.571473721
0.780594140 0.018632595 0.624760255 42.630593292 -0.012553376 0.999821018 -0.014133647 -3.619072488 -0.624912288 0.003189798 0.780688036 104.874594303
0.782355808 0.022120073 0.622437889 43.108363433 -0.015731656 0.999751817 -0.015755438 -3.643552837 -0.622632651 0.002534420 0.782509368 105.482363236
0.783494182 0.023871593 0.620939394 43.572579613 -0.017099408 0.999711340 -0.016857374 -3.666296145 -0.621163383 0.002589937 0.783676517 106.062511883
0.783949173 0.024412357 0.620343466 43.807765666 -0.017939558 0.999699579 -0.016670324 -3.676556042 -0.620565241 0.001939972 0.784151808 106.357047486
0.784670038 0.026327153 0.619353656 44.276184569 -0.020262508 0.999652602 -0.016821803 -3.697950191 -0.619581914 0.000649921 0.784931491 106.946539884
0.786130954 0.028037340 0.617422988 44.735536081 -0.022248974 0.999606416 -0.017063914 -3.719176351 -0.617659347 -0.000322576 0.786445662 107.527860771
0.786658077 0.028582049 0.616726262 44.967801759 -0.023352498 0.999590128 -0.016538751 -3.728843791 -0.616946976 -0.001391809 0.787003727 107.823089481
0.789024641 0.028945306 0.613677615 45.420351091 -0.025338040 0.999572018 -0.014568937 -3.746258840 -0.613837802 -0.004054204 0.789421348 108.406105837
0.790686939 0.029209248 0.611523142 45.873878879 -0.027545754 0.999546764 -0.012126978 -3.762861912 -0.611600433 -0.007256203 0.791133100 108.988923667
0.791745974 0.029411877 0.610141014 46.099327628 -0.028559883 0.999529648 -0.011121774 -3.771696660 -0.610182195 -0.008619926 0.792213284 109.285751927
0.792787341 0.030631798 0.608727790 46.539867171 -0.029842043 0.999489174 -0.011429989 -3.792798901 -0.608767794 -0.009104110 0.793295857 109.861146643
0.794628412 0.033365097 0.606177734 47.186121179 -0.030847040 0.999417707 -0.014572862 -3.828149745 -0.606311807 -0.007118837 0.795194946 110.696668088
0.797224062 0.033398574 0.602758271 48.029667459 -0.030912410 0.999416277 -0.014491663 -3.867765939 -0.602891602 -0.007079577 0.797791157 111.804858862
0.798161911 0.033022516 0.601535965 48.231804355 -0.030387220 0.999431934 -0.014545879 -3.877596287 -0.601675428 -0.006669117 0.798711886 112.076225590
0.799328124 0.032063705 0.600038664 48.635787321 -0.029615405 0.999463953 -0.013956055 -3.895748022 -0.600164847 -0.006614957 0.799848926 112.608808638
0.800482838 0.031710878 0.598515227 49.031669872 -0.028880067 0.999479950 -0.014329400 -3.915238559 -0.598660019 -0.005814738 0.800982461 113.132946971
0.800885295 0.032662819 0.597925610 49.232826579 -0.029492385 0.999450575 -0.015093589 -3.926230700 -0.598091451 -0.005546049 0.801408147 113.404500960
0.802595216 0.034016221 0.595552759 49.624129399 -0.030451471 0.999406565 -0.016045498 -3.946902418 -0.595745389 -0.005257468 0.803155647 113.939923639
0.803353031 0.032891283 0.594593112 50.009980058 -0.029584425 0.999444113 -0.015315069 -3.964218442 -0.594767910 -0.005287315 0.803879749 114.456179757
0.804305174 0.031034918 0.593403526 50.195642718 -0.027869158 0.999506074 -0.014499823 -3.971699301 -0.593561552 -0.004875400 0.804773669 114.700619951
0.806688755 0.025526470 0.590424189 50.566298272 -0.022930472 0.999665542 -0.011890106 -3.985373875 -0.590531380 -0.003947151 0.807004640 115.199965473
0.808706714 0.019596973 0.587884613 50.932763674 -0.017837720 0.999801639 -0.008790071 -3.997858957 -0.587941588 -0.003377977 0.808895925 115.690049000
0.809712901 0.019791906 0.586491238 51.100583121 -0.018052365 0.999797959 -0.008816145 -4.006362879 -0.586548164 -0.003449023 0.809907348 115.928301409
0.812002410 0.022095358 0.583235613 51.432308188 -0.019445201 0.999752232 -0.010802263 -4.026618636 -0.583330611 -0.002569733 0.812230506 116.405600331
0.813783276 0.027449637 0.580519179 51.760787164 -0.022370019 0.999623254 -0.015908084 -4.051819233 -0.580737889 -0.000040500 0.814090178 116.873215026
0.814801990 0.029407739 0.578992018 51.912102928 -0.022852969 0.999565083 -0.018608714 -4.063920509 -0.579288534 0.001930715 0.815120269 117.084349382
0.817245301 0.031214174 0.575442459 52.216986104 -0.021806142 0.999491626 -0.023247050 -4.087218484 -0.575876205 0.006450353 0.817511059 117.516396879
0.820496336 0.029488738 0.570889439 52.519287985 -0.020266382 0.999540922 -0.022502844 -4.101688137 -0.571291676 0.006893675 0.820717259 117.959601725
0.821495289 0.029233821 0.569464237 52.661561598 -0.020124465 0.999548791 -0.022281399 -4.108524132 -0.569859025 0.006843875 0.821713471 118.162728728
0.823531004 0.029877843 0.566482642 52.954791931 -0.021010424 0.999533212 -0.022173789 -4.123665351 -0.566882300 0.006358696 0.823774249 118.597735026
0.825163090 0.029408694 0.564127602 53.222192682 -0.021762372 0.999556857 -0.020275674 -4.134200440 -0.564475446 0.004453939 0.825438129 118.987511538
0.826320113 0.030625496 0.562365326 53.344385538 -0.023472206 0.999525619 -0.019943234 -4.140115587 -0.562710772 0.003279555 0.826647190 119.174763706
0.828279214 0.040298334 0.558863866 53.586098051 -0.031745756 0.999182704 -0.024999014 -4.161677701 -0.559415461 0.002964600 0.828881542 119.559827663
0.829927879 0.047739603 0.555823053 53.829133118 -0.034801759 0.998821170 -0.033824338 -4.189242284 -0.556783283 0.008728081 0.830611884 119.923850946
0.830943162 0.050000244 0.554105121 53.951287570 -0.034735204 0.998672286 -0.038026750 -4.202913311 -0.555271688 0.012351091 0.831577355 120.110853336
0.833307672 0.049454376 0.550592508 54.191147168 -0.031969967 0.998634024 -0.041311887 -4.221160309 -0.551884511 0.016823025 0.833751138 120.465651717
0.836076945 0.045703183 0.546704093 54.433277520 -0.027461342 0.998760640 -0.041497344 -4.234644780 -0.547924671 0.019681729 0.836295646 120.830353128
