1.000000000 0.000000000 0.000000000 -0.000000000 0.000000000 1.000000000 -0.000000000 -0.000000000 0.000000000 0.000000000 1.000000000 0.000000000
0.999991292 0.002029440 -0.003730234 0.001126085 -0.002006778 0.999980114 0.006067335 0.015768526 0.003742989 -0.006059735 0.999975400 0.447534358
0.999940556 0.008970667 -0.006172713 -0.007779794 -0.008832088 0.999717128 0.022125508 0.048808147 0.006369232 -0.022069581 0.999736574 0.923395362
0.999914125 0.010585072 -0.007758657 -0.011281228 -0.010328985 0.999424195 0.032330756 0.069224404 0.008096523 -0.032247759 0.999447598 1.167007104
0.999856231 0.011539278 -0.012410879 -0.019166560 -0.010943994 0.998834757 0.047007951 0.100247098 0.012939215 -0.046865291 0.998817877 1.643234293
0.999800842 0.008932797 -0.017878724 -0.024986437 -0.008036742 0.998738625 0.049575464 0.109907017 0.018299111 -0.049421852 0.998610777 2.098860932
0.999771551 0.007373111 -0.020062345 -0.024527713 -0.006416522 0.998859250 0.047335451 0.108603490 0.020388203 -0.047195915 0.998678143 2.322562229
0.999721823 0.006503328 -0.022702021 -0.031521879 -0.005596363 0.999192590 0.039789499 0.100525940 0.022942167 -0.039651332 0.998950536 2.777706767
0.999640390 0.007779114 -0.025665494 -0.043724434 -0.006990131 0.999504754 0.030687270 0.089929388 0.025890873 -0.030496808 0.999200156 3.241588322
0.999571068 0.009388437 -0.027735379 -0.054305681 -0.008677802 0.999634654 0.025631685 0.083983071 0.027965988 -0.025380031 0.999286647 3.493182173
0.999431638 0.011294431 -0.031773217 -0.072934369 -0.010827201 0.999831761 0.014839041 0.070938558 0.031935489 -0.014486544 0.999385111 3.986646054
0.999316335 0.011789066 -0.035057437 -0.092152085 -0.011494381 0.999897861 0.008594838 0.065789716 0.035155060 -0.008185966 0.999348612 4.501208296
0.999247176 0.011954517 -0.036903031 -0.103705396 -0.011633304 0.999893182 0.008905507 0.069001093 0.037004999 -0.008469446 0.999279834 4.763119937
0.999084147 0.011857372 -0.041107987 -0.128038227 -0.011298372 0.999841497 0.013802803 0.082606343 0.041265080 -0.013325689 0.999059352 5.286517653
0.998929771 0.009372470 -0.045305436 -0.152792167 -0.008656303 0.999834906 0.015975764 0.091531158 0.045448019 -0.015566400 0.998846131 5.820392236
0.998836193 0.008010473 -0.047552396 -0.163944941 -0.007292554 0.999857539 0.015252422 0.093040888 0.047668294 -0.014887803 0.998752346 6.093089501
0.998691649 0.007487842 -0.050586926 -0.190666667 -0.006761752 0.999872266 0.014508452 0.097259499 0.050689222 -0.014147325 0.998614957 6.647521307
0.998501036 0.007946476 -0.054160286 -0.223724736 -0.007138798 0.999861374 0.015090124 0.103673723 0.054272857 -0.014680787 0.998419141 7.210292934
0.998406491 0.008673231 -0.055768019 -0.239315966 -0.007826933 0.999851589 0.015375798 0.106942124 0.055893657 -0.014914719 0.998326355 7.492021043
0.998256185 0.009078555 -0.058323512 -0.269153322 -0.008225695 0.999856322 0.014845402 0.111668716 0.058449817 -0.014339673 0.998187663 8.066607134
0.998150039 0.008456571 -0.060205765 -0.297360796 -0.007635876 0.999875812 0.013848560 0.115790954 0.060316147 -0.013363134 0.998090908 8.663075297
0.998047174 0.008505481 -0.061894569 -0.315971387 -0.007717026 0.999887100 0.012966558 0.117149410 0.061997489 -0.012463560 0.997999074 8.964985486
0.997859296 0.008380782 -0.064859859 -0.353148017 -0.007711058 0.999914937 0.010568156 0.118747281 0.064943538 -0.010045365 0.997839354 9.568818727
0.997595424 0.009326304 -0.068682136 -0.396607683 -0.008750533 0.999924385 0.008679918 0.121201914 0.068758172 -0.008057940 0.997601669 10.181007180
0.997508096 0.010083012 -0.069828347 -0.415870507 -0.009519564 0.999919465 0.008396936 0.123684955 0.069907672 -0.007711228 0.997524369 10.493327503
0.997231060 0.012063560 -0.073382606 -0.463136621 -0.011515572 0.999903185 0.007886115 0.128741322 0.073470844 -0.007019219 0.997273667 11.136069234
0.996915595 0.014534442 -0.077126879 -0.515209507 -0.013878068 0.999862863 0.009038626 0.136448702 0.077247746 -0.007940332 0.996981039 11.777065488
0.996727075 0.015071301 -0.079422950 -0.539297003 -0.014267709 0.999841201 0.010675746 0.142032371 0.079571779 -0.009507521 0.996783879 12.087635167
0.996388754 0.017212856 -0.083145751 -0.598334197 -0.016146683 0.999779716 0.013477863 0.152450472 0.083358840 -0.012086671 0.996446600 12.747388383
0.996034789 0.019392698 -0.086822517 -0.655092924 -0.018198271 0.999729168 0.014526965 0.159771471 0.087081126 -0.012889277 0.996118675 13.386674078
0.995851014 0.020370741 -0.088685540 -0.687821438 -0.019131187 0.999708245 0.014805093 0.162947567 0.088961362 -0.013047008 0.995949768 13.715373554
0.995494240 0.022092665 -0.092211497 -0.745781266 -0.020803641 0.999673049 0.014916263 0.168461880 0.092511327 -0.012930647 0.995628246 14.343570954
0.995210670 0.022316603 -0.095173056 -0.797767895 -0.021050753 0.999677218 0.014283709 0.172543034 0.095461086 -0.012211753 0.995359209 14.952653706
0.995018929 0.020943334 -0.097459616 -0.827361287 -0.019655651 0.999707122 0.014153808 0.174721570 0.097727610 -0.012167623 0.995138877 15.261204526
0.994834198 0.017991420 -0.099906808 -0.877548287 -0.016587048 0.999752614 0.014869807 0.180833667 0.100149721 -0.013135765 0.994885928 15.870949933
0.994470226 0.016582769 -0.103705638 -0.938033634 -0.015101519 0.999773531 0.015051995 0.185831952 0.103931228 -0.013402619 0.994494882 16.476935139
0.994286394 0.016553736 -0.105450708 -0.970460331 -0.015040327 0.999772724 0.015131839 0.188326189 0.105677137 -0.013459305 0.994309858 16.784453329
0.993843987 0.016510669 -0.109549667 -1.039446783 -0.014842940 0.999762377 0.016022079 0.194301553 0.109788049 -0.014297347 0.993852984 17.387340300
0.993545729 0.014287582 -0.112532856 -1.101263312 -0.012424259 0.999774468 0.017242065 0.200760350 0.112754361 -0.015732599 0.993498638 17.982199654
0.993373124 0.012969847 -0.114205218 -1.131214279 -0.011032735 0.999784686 0.017576874 0.203561458 0.114408336 -0.016200290 0.993302590 18.279977255
0.992928504 0.011207535 -0.118184327 -1.199527814 -0.009185367 0.999802946 0.017641379 0.207892683 0.118358445 -0.016431070 0.992835841 18.872460064
0.992531491 0.010413123 -0.121541484 -1.273460619 -0.008346447 0.999812222 0.017500578 0.211666330 0.121701218 -0.016355305 0.992432495 19.462891281
0.992356499 0.010465721 -0.122958085 -1.308416018 -0.008371357 0.999812091 0.017538148 0.213724470 0.123117978 -0.016374757 0.992257528 19.748196358
0.991980839 0.011921183 -0.125827412 -1.384227216 -0.009817334 0.999801830 0.017326830 0.217445478 0.126009223 -0.015952519 0.991900999 20.337942179
0.991710381 0.011433000 -0.127986801 -1.449999849 -0.009463736 0.999827507 0.015983869 0.218986894 0.128147010 -0.014640065 0.991647809 20.888764810
0.991584958 0.011548279 -0.128940948 -1.484304607 -0.009634747 0.999834510 0.015454222 0.219960414 0.129098142 -0.014081830 0.991532315 21.163659293
0.991326815 0.010959108 -0.130958641 -1.552907361 -0.009160150 0.999855425 0.014331881 0.221737600 0.131097086 -0.013007947 0.991284647 21.713450212
0.991064029 0.010269472 -0.132991055 -1.625793031 -0.008753657 0.999890460 0.011977308 0.221366809 0.133099451 -0.010706084 0.991044908 22.272316883
0.990950065 0.010654295 -0.133806047 -1.664483737 -0.009164456 0.999889142 0.011744896 0.222780132 0.133916722 -0.010412209 0.990938500 22.556257372
0.990737911 0.011263005 -0.135320632 -1.741836903 -0.009883548 0.999892714 0.010861754 0.224897387 0.135428527 -0.009423619 0.990743096 23.124146503
0.990716096 0.012491696 -0.135375780 -1.815769376 -0.011226399 0.999886283 0.010105961 0.227202958 0.135486757 -0.008492252 0.990743042 23.682639409
0.990724090 0.012833083 -0.135284390 -1.850072145 -0.011644121 0.999886536 0.009575577 0.228126520 0.135392606 -0.007911377 0.990760937 23.957534466
0.990689874 0.012484008 -0.135563671 -1.918676490 -0.011432570 0.999898254 0.008531245 0.229943672 0.135656461 -0.006901940 0.990732534 24.507324926
0.990453072 0.012460221 -0.137289309 -2.027253792 -0.011543507 0.999905795 0.007471406 0.233405713 0.137369753 -0.005815259 0.990503246 25.329944149
0.990413159 0.013573029 -0.137470398 -2.101222464 -0.012696569 0.999893412 0.007250567 0.236620503 0.137553949 -0.005435638 0.990480159 25.888426602
0.990349701 0.014830419 -0.137797479 -2.181703990 -0.014025862 0.999878612 0.006807810 0.239565464 0.137882305 -0.004809335 0.990437205 26.476466343
0.990220980 0.015172949 -0.138680698 -2.225355700 -0.014434550 0.999876489 0.006328646 0.240604839 0.138760196 -0.004264880 0.990316870 26.779885253
0.990034405 0.016025068 -0.139912030 -2.308342392 -0.015319692 0.999864417 0.006117500 0.243982295 0.139991294 -0.003913083 0.990145932 27.377657083
0.989865462 0.016954848 -0.140993068 -2.389839691 -0.016155152 0.999847015 0.006814837 0.248824286 0.141086338 -0.004467998 0.989987865 27.965332016
0.989735642 0.017554295 -0.141831452 -2.435432648 -0.016690219 0.999834604 0.007279657 0.251389667 0.141935768 -0.004837688 0.989864390 28.268047384
0.989394301 0.019795198 -0.143899527 -2.519822522 -0.018693468 0.999784845 0.009004046 0.258036082 0.144046946 -0.006218483 0.989551613 28.854672573
0.989240618 0.018473354 -0.145123940 -2.598145318 -0.017393965 0.999810817 0.008703008 0.260891362 0.145257275 -0.006085031 0.989375475 29.422210220
0.989048339 0.017774987 -0.146515352 -2.642112436 -0.016771361 0.999827345 0.008082862 0.261494218 0.146634563 -0.005537030 0.989175771 29.714868086
0.988685957 0.016396471 -0.149101923 -2.725717214 -0.015467074 0.999853683 0.007391223 0.263678911 0.149201545 -0.005001338 0.988794265 30.291121502
0.988243003 0.016410031 -0.152008854 -2.809386436 -0.015438353 0.999852696 0.007569943 0.267482215 0.152111028 -0.005134137 0.988350687 30.867356312
0.987962544 0.017070793 -0.153752875 -2.852762584 -0.016160542 0.999844146 0.007167875 0.268499166 0.153851250 -0.004596770 0.988083686 31.149586355
0.987206413 0.017420144 -0.158493988 -2.943333725 -0.016468181 0.999837838 0.007317858 0.271986450 0.158596633 -0.004614113 0.987332832 31.712657733
0.986232435 0.017345224 -0.164455484 -3.042990577 -0.016276513 0.999836746 0.007843959 0.275876857 0.164564837 -0.005059144 0.986354009 32.283060536
0.985815645 0.016355694 -0.167031507 -3.089232251 -0.015192873 0.999851385 0.008236973 0.278018815 0.167141108 -0.005582410 0.985917897 32.564248646
0.984955166 0.014609196 -0.172192621 -3.183003022 -0.013200664 0.999869691 0.009322140 0.282664186 0.172306725 -0.006908717 0.985019852 33.115511647
0.983879795 0.012794718 -0.178370363 -3.284887489 -0.011139446 0.999885546 0.010278495 0.286914706 0.178482043 -0.008125815 0.983910223 33.674458247
0.983239681 0.012067597 -0.181921319 -3.332689032 -0.010401091 0.999895497 0.010111965 0.287902526 0.182024300 -0.008050302 0.983261529 33.933784499
0.981819044 0.013309866 -0.189353548 -3.443926549 -0.011681986 0.999885269 0.009710696 0.289452601 0.189461187 -0.007322096 0.981861531 34.457376951
0.980377017 0.013924146 -0.196640868 -3.558035956 -0.012158656 0.999874600 0.010182403 0.292287546 0.196757520 -0.007591633 0.980423367 34.979925631
0.979747134 0.013881749 -0.199755796 -3.613371760 -0.012050217 0.999873932 0.010381521 0.293584361 0.199874749 -0.007764110 0.979791140 35.236504328
0.978424282 0.013270649 -0.206178983 -3.721808659 -0.011519757 0.999887190 0.009690552 0.294179946 0.206285135 -0.007106259 0.978466698 35.729181566
0.977071375 0.011287454 -0.212614312 -3.824295828 -0.009687096 0.999916462 0.008566804 0.293931866 0.212693823 -0.006310645 0.977099260 36.202737379
0.976327017 0.010998221 -0.216018300 -3.879341351 -0.009346830 0.999919468 0.008664671 0.294836574 0.216096786 -0.006440417 0.976351697 36.438131459
0.975259157 0.010621523 -0.220809183 -3.982577483 -0.008867888 0.999920903 0.008931289 0.296682911 0.220886246 -0.006752192 0.975276474 36.890131071
0.973928448 0.009419708 -0.226662093 -4.092313805 -0.007775726 0.999936797 0.008144769 0.296481608 0.226724913 -0.006169848 0.973939435 37.339753219
0.973271135 0.009893305 -0.229446985 -4.146117319 -0.008291818 0.999934561 0.007942963 0.296705798 0.229510904 -0.005828050 0.973289075 37.554308997
0.972002933 0.010040649 -0.234752537 -4.244398876 -0.008433555 0.999934471 0.007849277 0.297627861 0.234816179 -0.005649650 0.972023945 37.954889923
0.970781113 0.010085478 -0.239754579 -4.343034825 -0.008370124 0.999932074 0.008171899 0.299092566 0.239820719 -0.005926351 0.970799477 38.344698549
0.970205519 0.009965026 -0.242080604 -4.391897622 -0.008135076 0.999930608 0.008557667 0.300200267 0.242149142 -0.006333279 0.970219294 38.539770047
0.969096907 0.010282606 -0.246467751 -4.484974435 -0.008236773 0.999923446 0.009329929 0.302273169 0.246545156 -0.007011434 0.969106604 38.899674496
0.967986922 0.011272690 -0.250746824 -4.582756581 -0.008988451 0.999907242 0.010253104 0.304449269 0.250839386 -0.007671018 0.967998668 39.257862757
0.967342728 0.012109246 -0.253181512 -4.631333870 -0.009751460 0.999896584 0.010565703 0.305284761 0.253283464 -0.007751744 0.967361592 39.431748260
0.966034567 0.013486102 -0.258060562 -4.723784374 -0.011184994 0.999884322 0.010383377 0.305424434 0.258170861 -0.007144230 0.966072951 39.749296682
0.965108945 0.014145845 -0.261467858 -4.800019088 -0.011941631 0.999879446 0.010016906 0.305185474 0.261578038 -0.006544953 0.965160976 40.019536151
0.964637147 0.013584141 -0.263232207 -4.839515506 -0.011501281 0.999889334 0.009451922 0.304279655 0.263331602 -0.006090076 0.964687012 40.154150424
0.963849714 0.011013188 -0.266219854 -4.906281541 -0.009386898 0.999929041 0.007380560 0.300917464 0.266282470 -0.004614691 0.963884640 40.395900611
0.963115817 0.009367364 -0.268925660 -4.968135501 -0.007982111 0.999949173 0.006244138 0.299158166 0.268970765 -0.003867187 0.963141079 40.618158250
0.962771464 0.009255995 -0.270159012 -4.995824750 -0.007921117 0.999951050 0.006030990 0.298883029 0.270201886 -0.003666463 0.962796955 40.714503027
0.962157729 0.009460075 -0.272328944 -5.050626202 -0.008103753 0.999949164 0.006104630 0.299096550 0.272372811 -0.003666671 0.962185484 40.896760740
0.961609677 0.010132189 -0.274234451 -5.096069564 -0.008844494 0.999943356 0.005931636 0.298964455 0.274279240 -0.003278396 0.961645245 41.050497242
0.961220549 0.010344677 -0.275585635 -5.116309747 -0.009057330 0.999941515 0.005943317 0.299060404 0.275631046 -0.003216693 0.961258816 41.117626569
0.960621313 0.010432822 -0.277664486 -5.154248748 -0.009355024 0.999943362 0.005206259 0.297910586 0.277703127 -0.002403640 0.960664278 41.242163585
0.960215263 0.010202886 -0.279075212 -5.191203799 -0.009509764 0.999947987 0.003837470 0.295663053 0.279100136 -0.001030816 0.960261528 41.367056220
0.960032182 0.009940501 -0.279711743 -5.205475159 -0.009450273 0.999950558 0.003101084 0.294435748 0.279728944 -0.000333733 0.960079251 41.415069635
0.959651071 0.009857225 -0.281021511 -5.232496663 -0.009676504 0.999951931 0.002030569 0.292646360 0.281028282 0.000770730 0.959699331 41.501008758
0.959246529 0.010066728 -0.282392279 -5.257052781 -0.010114020 0.999948001 0.001290137 0.291423620 0.282391029 0.001618617 0.959298157 41.577204304
0.959117118 0.010180795 -0.282827190 -5.268862733 -0.010336008 0.999946131 0.000943291 0.290862877 0.282822051 0.002018629 0.959170386 41.615472996
0.958901535 0.010559450 -0.283541656 -5.285031581 -0.010871413 0.999941194 0.000473483 0.290062521 0.283529916 0.002628507 0.958960485 41.662795503
0.958655695 0.010672941 -0.284368975 -5.302126301 -0.011185749 0.999938029 -0.000179630 0.288901132 0.284349507 0.003353148 0.958715248 41.709779160
0.958520575 0.010794018 -0.284819413 -5.308026702 -0.011388861 0.999935350 -0.000432533 0.288505860 0.284796812 0.003658433 0.958581032 41.728914827
0.958221001 0.010939274 -0.285819443 -5.320765309 -0.011699543 0.999931996 -0.000952429 0.287654025 0.285789480 0.004256642 0.958283838 41.766843864
0.958072754 0.010794811 -0.286321624 -5.332564521 -0.011699035 0.999930762 -0.001447692 0.286823514 0.286286156 0.004736736 0.958133206 41.805115657
0.958038766 0.010754531 -0.286437682 -5.337535073 -0.011688855 0.999931290 -0.001552042 0.286689360 0.286401418 0.004835079 0.958098003 41.824591322
0.958014716 0.010752905 -0.286516160 -5.338141160 -0.011710543 0.999930152 -0.001628960 0.286654940 0.286478694 0.004915871 0.958074464 41.835014780
0.957927771 0.010566490 -0.286813554 -5.342169533 -0.011564770 0.999932029 -0.001786447 0.286472171 0.286775273 0.005028247 0.957984658 41.854834004
0.957910811 0.010630609 -0.286868982 -5.344657594 -0.011634774 0.999930923 -0.001796094 0.286475034 0.286830188 0.005058212 0.957968667 41.864571033
0.957931570 0.010791184 -0.286792795 -5.345272432 -0.011787257 0.999929257 -0.001746641 0.286660425 0.286753738 0.005053694 0.957991287 41.874991964
0.957927804 0.010674049 -0.286809712 -5.343388867 -0.011693037 0.999930323 -0.001840437 0.286583176 0.286770213 0.005116753 0.957985896 41.875678853
0.957911554 0.010496595 -0.286872145 -5.342424807 -0.011620342 0.999930152 -0.002214937 0.285985032 0.286829332 0.005455312 0.957966244 41.876028729
0.957918457 0.009757438 -0.286874132 -5.341360900 -0.011405162 0.999927483 -0.004073194 0.282879039 0.286813661 0.007173678 0.957959891 41.876407434
0.957928034 0.009223210 -0.286861504 -5.336856011 -0.011471016 0.999915355 -0.006156279 0.279451798 0.286780763 0.009187917 0.957952866 41.867395771
0.957920014 0.009043239 -0.286891945 -5.335880017 -0.011450526 0.999912268 -0.006714206 0.278553911 0.286806108 0.009716780 0.957940072 41.867749093
0.957865694 0.009190598 -0.287069776 -5.332474042 -0.011515175 0.999914023 -0.006410557 0.279111910 0.286986109 0.009446189 0.957888892 41.858348617
0.957807527 0.009604498 -0.287250834 -5.331592327 -0.011699794 0.999915967 -0.005578697 0.280581991 0.287173605 0.008704151 0.957839200 41.858674718
0.957785972 0.009653034 -0.287321770 -5.330658898 -0.011729057 0.999916192 -0.005504979 0.280753187 0.287244956 0.008642651 0.957818868 41.859015751
0.957774174 0.009478185 -0.287365736 -5.329687678 -0.011692140 0.999914445 -0.005989222 0.279975196 0.287284513 0.009096298 0.957802428 41.859367694
0.957738183 0.009582404 -0.287480805 -5.329689667 -0.011796950 0.999912759 -0.005971981 0.280025154 0.287398696 0.009111042 0.957767954 41.859367120
0.957723389 0.009579025 -0.287530110 -5.328763001 -0.011740902 0.999914503 -0.005795332 0.280366204 0.287449992 0.008926237 0.957754760 41.859706200
0.957700965 0.009488401 -0.287607898 -5.327824401 -0.011645003 0.999915521 -0.005788878 0.280407511 0.287529069 0.008893297 0.957730661 41.860048725
0.957675758 0.009512103 -0.287692007 -5.323443625 -0.011742061 0.999913407 -0.006026667 0.280097596 0.287609846 0.009149745 0.957704580 41.851001227
0.957671575 0.009602520 -0.287702243 -5.323446808 -0.011823587 0.999912801 -0.005983647 0.280177527 0.287619463 0.009132112 0.957702041 41.851000308
0.957666411 0.009680198 -0.287718819 -5.322522926 -0.011839888 0.999913567 -0.005767210 0.280588517 0.287638500 0.008929675 0.957697714 41.851338584
0.957633266 0.009564222 -0.287830912 -5.321578359 -0.011746444 0.999914629 -0.005855432 0.280479953 0.287750170 0.008988388 0.957664007 41.851682832
0.957626687 0.009510668 -0.287855314 -5.321571596 -0.011721311 0.999913537 -0.005957254 0.280310099 0.287773925 0.009078925 0.957655861 41.851684785
0.957652390 0.009558593 -0.287767120 -5.320637770 -0.011746919 0.999914656 -0.005878757 0.280471303 0.287686145 0.009010232 0.957682949 41.852025932
0.957622621 0.009617035 -0.287864887 -5.319712297 -0.011752162 0.999914933 -0.005689994 0.280842327 0.287785867 0.008831954 0.957654243 41.852364667
0.957592278 0.009623762 -0.287966270 -5.319708716 -0.011776933 0.999914908 -0.005745768 0.280752404 0.287886599 0.008893518 0.957623476 41.852365701
0.957599428 0.009759477 -0.287936582 -5.318765740 -0.011940757 0.999912659 -0.005820053 0.280683806 0.287854648 0.009011497 0.957631952 41.852709490
0.957613858 0.009947723 -0.287882668 -5.318776481 -0.012090227 0.999910932 -0.005665271 0.280953574 0.287801020 0.008905762 0.957648895 41.852706389
0.957593287 0.010014613 -0.287950435 -5.321286023 -0.012067309 0.999913112 -0.005354722 0.281495974 0.287872142 0.008602506 0.957630437 41.862437215
0.957556908 0.009922447 -0.288073379 -5.320370495 -0.011866813 0.999917946 -0.005004248 0.282116784 0.288000201 0.008210439 0.957595164 41.862773079
0.957582655 0.009770608 -0.287993121 -5.319416381 -0.011773848 0.999917013 -0.005224717 0.281768426 0.287918437 0.008393944 0.957618452 41.863120084
0.957596533 0.009699937 -0.287949871 -5.315024865 -0.011816878 0.999914624 -0.005614480 0.281188743 0.287870998 0.008779114 0.957629856 41.854075687
0.957572382 0.009816273 -0.288026584 -5.315024467 -0.011943778 0.999912853 -0.005630298 0.281178751 0.287946642 0.008831607 0.957606081 41.854075802
0.957573305 0.009798069 -0.288023197 -5.315022478 -0.011933376 0.999913406 -0.005658694 0.281128794 0.287942859 0.008855731 0.957607231 41.854076376
0.957587116 0.009649137 -0.287982730 -5.314075126 -0.011814690 0.999913447 -0.005782562 0.280950290 0.287902378 0.008939771 0.957618424 41.854421428
0.957551117 0.009498088 -0.288106740 -5.314060407 -0.011723235 0.999913530 -0.005998913 0.280580607 0.288025029 0.009121864 0.957579982 41.854425678
0.957522051 0.009431709 -0.288206924 -5.313117829 -0.011674400 0.999913449 -0.006063542 0.280521999 0.288125065 0.009170639 0.957549626 41.854769352
0.957505982 0.009496528 -0.288258945 -5.313111464 -0.011773548 0.999912496 -0.006166675 0.280362137 0.288175213 0.009298515 0.957533530 41.854771190
0.957467328 0.009590303 -0.288381136 -5.313107884 -0.011891907 0.999910330 -0.006230319 0.280272214 0.288295409 0.009394776 0.957496213 41.854772223
0.957425219 0.009595941 -0.288521707 -5.313103111 -0.011923506 0.999909561 -0.006310914 0.280152317 0.288435044 0.009482477 0.957453204 41.854773602
0.957292733 0.009581374 -0.288962785 -5.314034153 -0.011952553 0.999908574 -0.006442447 0.279921172 0.288874577 0.009621193 0.957319577 41.854433258
0.957092552 0.009569131 -0.289624573 -5.317451267 -0.012001083 0.999906297 -0.006622122 0.279642934 0.289534076 0.009813837 0.957118063 41.863830518
0.956988166 0.009552625 -0.289969918 -5.320871165 -0.012024300 0.999905090 -0.006743403 0.279434636 0.289878389 0.009940083 0.957011939 41.873226974
0.956741555 0.009416597 -0.290785808 -5.324277539 -0.011996654 0.999903501 -0.007091266 0.278886629 0.290690963 0.010273025 0.956762216 41.882627335
0.956407717 0.009463058 -0.291882184 -5.334547975 -0.012121583 0.999900195 -0.007301125 0.278531502 0.291784315 0.010520974 0.956426555 41.910813601
0.956234747 0.009466274 -0.292447895 -5.337969465 -0.012166424 0.999898791 -0.007415412 0.278363170 0.292348370 0.010648963 0.956252837 41.920209597
0.955897512 0.009470132 -0.293548242 -5.345743486 -0.012284253 0.999895077 -0.007744507 0.277795360 0.293444336 0.011009031 0.955913238 41.938661246
0.955501575 0.009556658 -0.294830928 -5.353521486 -0.012478694 0.999890461 -0.008030823 0.277327465 0.294722076 0.011352588 0.955515768 41.957111747
0.955267510 0.009542297 -0.295588304 -5.361305453 -0.012525673 0.999888003 -0.008201110 0.277009441 0.295477156 0.011536753 0.955280476 41.975560525
0.954766596 0.009423756 -0.297205930 -5.369073905 -0.012556502 0.999884315 -0.008633322 0.276301752 0.297089977 0.011974722 0.954775281 41.994013782
0.954248286 0.009340311 -0.298868913 -5.384641043 -0.012601101 0.999880190 -0.008985180 0.275645721 0.298749209 0.012340218 0.954252718 42.030911568
0.954021898 0.009465346 -0.299587115 -5.389015851 -0.012708652 0.999880454 -0.008879276 0.275805764 0.299467201 0.012278416 0.954028296 42.039960789
0.953577537 0.009711243 -0.300990236 -5.400274613 -0.012822672 0.999883144 -0.008363608 0.276658259 0.300873777 0.011834915 0.953591449 42.067790173
0.953108874 0.009862158 -0.302468608 -5.411538148 -0.012812956 0.999887826 -0.007773099 0.277630652 0.302358296 0.011284174 0.953128441 42.095618178
0.952875488 0.009905838 -0.303201482 -5.418414543 -0.012770943 0.999891168 -0.007468047 0.278133266 0.303094946 0.010988325 0.952897141 42.114400523
0.952552079 0.010016519 -0.304209930 -5.428751412 -0.012646819 0.999898608 -0.006676878 0.279446709 0.304112170 0.010207382 0.952581686 42.142567608
0.952332626 0.010014125 -0.304898828 -5.438144907 -0.012414522 0.999905675 -0.005935055 0.280681561 0.304811048 0.009437379 0.952366686 42.171078597
0.952249931 0.009942358 -0.305156787 -5.441587480 -0.012267383 0.999908796 -0.005702615 0.281042774 0.305072459 0.009173842 0.952284996 42.180468506
0.952115338 0.009734239 -0.305585728 -5.450941593 -0.012000335 0.999912834 -0.005537926 0.281288474 0.305505413 0.008939913 0.952149243 42.208990865
0.952018343 0.009643306 -0.305888365 -5.454370243 -0.011902522 0.999914731 -0.005521522 0.281299988 0.305809039 0.008897496 0.952051665 42.218384794
0.951998770 0.009654319 -0.305950078 -5.457796904 -0.011918210 0.999914349 -0.005532339 0.281261543 0.305870403 0.008913201 0.952032312 42.227779297
0.951994693 0.009505282 -0.305968560 -5.461206460 -0.011844115 0.999913962 -0.005788420 0.280793468 0.305887236 0.009134506 0.952024794 42.237178739
0.952025363 0.008879608 -0.305891008 -5.464538047 -0.011639733 0.999906782 -0.007200621 0.278367072 0.305798984 0.010415738 0.952039228 42.246600693
0.952044219 0.008476248 -0.305844804 -5.461034213 -0.011582573 0.999899020 -0.008343365 0.276467179 0.305743338 0.011485775 0.952045171 42.237228472
0.952070362 0.007961134 -0.305775145 -5.461837959 -0.011690934 0.999878029 -0.010368476 0.273038778 0.305655574 0.013446370 0.952047417 42.236924882
0.952070727 0.008039284 -0.305772014 -5.461851484 -0.011707356 0.999879965 -0.010164421 0.273378486 0.305653635 0.013257095 0.952051307 42.236920977
0.952065687 0.008240456 -0.305781977 -5.462835831 -0.011698369 0.999887435 -0.009477815 0.274486194 0.305669281 0.012600708 0.952055074 42.236565243
0.952031102 0.008469153 -0.305883941 -5.459460884 -0.011691492 0.999894064 -0.008704098 0.275823523 0.305777821 0.011862867 0.952029801 42.227155809
0.952017039 0.008399870 -0.305930271 -5.460365274 -0.011786260 0.999888321 -0.009223583 0.274922953 0.305819028 0.012386819 0.952009198 42.226823161
0.952017121 0.008342832 -0.305931859 -5.460352544 -0.011787458 0.999887133 -0.009413585 0.274603228 0.305818948 0.012568075 0.952006978 42.226826837
0.952020509 0.008334965 -0.305922313 -5.460370445 -0.011691613 0.999890511 -0.009141598 0.275052842 0.305812703 0.012279758 0.952013414 42.226821668
0.951995001 0.008246133 -0.306002628 -5.460374821 -0.011577184 0.999891829 -0.009072511 0.275162748 0.305895076 0.012179688 0.951987518 42.226820405
0.951979838 0.008195197 -0.306051345 -5.461302680 -0.011577043 0.999890601 -0.009236657 0.274851672 0.305942449 0.012336346 0.951970313 42.226480980
0.951972091 0.008322065 -0.306071322 -5.461301487 -0.011718267 0.999888408 -0.009260715 0.274821698 0.305960271 0.012402654 0.951964017 42.226481325
0.951962431 0.008423306 -0.306098775 -5.461322570 -0.011724111 0.999892026 -0.008946515 0.275351244 0.305990367 0.012105525 0.951958147 42.226475237
0.951956790 0.008392898 -0.306117734 -5.461320581 -0.011703102 0.999892106 -0.008979596 0.275301286 0.306009130 0.012130742 0.951952195 42.226475812
0.951956215 0.008318982 -0.306122953 -5.462248043 -0.011678452 0.999890882 -0.009144545 0.274980219 0.306013572 0.012280304 0.951948727 42.226136502
0.951967842 0.008327153 -0.306085956 -5.462252021 -0.011665196 0.999891430 -0.009078041 0.275080134 0.305977191 0.012212595 0.951961361 42.226135354
0.951952855 0.008359035 -0.306130991 -5.462256795 -0.011677581 0.999892006 -0.009010326 0.275200031 0.306022674 0.012152312 0.951947266 42.226133975
0.951934005 0.008356951 -0.306188356 -5.462253612 -0.011693695 0.999890583 -0.009065073 0.275120099 0.306079191 0.012209870 0.951928302 42.226134894
0.951944612 0.008369282 -0.306155725 -5.463187439 -0.011729589 0.999889990 -0.009137707 0.274958895 0.306045695 0.012289720 0.951937857 42.225793747
0.951949169 0.008383443 -0.306141320 -5.463192213 -0.011720056 0.999890699 -0.009062617 0.275078792 0.306032058 0.012215213 0.951943339 42.225792369
0.951938794 0.008376641 -0.306173204 -5.463198180 -0.011683961 0.999892303 -0.008970963 0.275228664 0.306064894 0.012117169 0.951934115 42.225790646
0.951925158 0.008423561 -0.306215097 -5.463196986 -0.011741377 0.999890635 -0.008994804 0.275198689 0.306106263 0.012157837 0.951919825 42.225790990
0.951933183 0.008442370 -0.306188345 -5.463195395 -0.011768397 0.999890731 -0.009018121 0.275158724 0.306078771 0.012188031 0.951928449 42.225791450
0.951938800 0.008483819 -0.306171667 -5.464135586 -0.011804298 0.999890255 -0.008995397 0.275157382 0.306061871 0.012177273 0.951934601 42.225448465
0.951944297 0.008521595 -0.306154071 -5.464141553 -0.011815280 0.999890827 -0.008906836 0.275307254 0.306045214 0.012096169 0.951940224 42.225446742
0.951944869 0.008499854 -0.306152399 -5.464141553 -0.011792254 0.999890875 -0.008906302 0.275307254 0.306043790 0.012088590 0.951940836 42.225446742
0.951943556 0.008477245 -0.306157618 -5.464139167 -0.011780438 0.999891335 -0.008942895 0.275247305 0.306048882 0.012119835 0.951938821 42.225447431
0.951934475 0.008448297 -0.306185494 -5.464137575 -0.011756559 0.999891313 -0.008962185 0.275207339 0.306076724 0.012131139 0.951929658 42.225447891
0.951933399 0.008462913 -0.306189690 -5.464138769 -0.011766563 0.999890750 -0.008945713 0.275237314 0.306080878 0.012118597 0.951929242 42.225447546
0.951936563 0.008449482 -0.306179468 -5.464138371 -0.011754743 0.999891253 -0.008952972 0.275227322 0.306070785 0.012121767 0.951931884 42.225447661
0.951936723 0.008421185 -0.306178773 -5.465076176 -0.011729121 0.999891176 -0.008965703 0.275166032 0.306070176 0.012126038 0.951932099 42.225105365
0.951932822 0.008425830 -0.306192010 -5.465077369 -0.011727221 0.999892120 -0.008944113 0.275196007 0.306083554 0.012105020 0.951928400 42.225105021
0.951936223 0.008438083 -0.306181596 -5.465080949 -0.011723095 0.999892018 -0.008891589 0.275285930 0.306073737 0.012053647 0.951932358 42.225103987
0.951935939 0.008517233 -0.306179722 -5.465083734 -0.011793194 0.999891972 -0.008851290 0.275355870 0.306071292 0.012036749 0.951933164 42.225103183
0.951929438 0.008524498 -0.306199877 -5.465085723 -0.011791416 0.999891929 -0.008821247 0.275405827 0.306091812 0.012007795 0.951926967 42.225102609
0.951934174 0.008515582 -0.306183782 -5.465088110 -0.011770887 0.999892127 -0.008787101 0.275465775 0.306076358 0.011968852 0.951931877 42.225101919
0.951943701 0.008485572 -0.306155882 -5.465088507 -0.011735993 0.999892707 -0.008777849 0.275475767 0.306048963 0.011949124 0.951941019 42.225101805
0.951943428 0.008483343 -0.306158022 -5.465090496 -0.011724468 0.999893266 -0.008749245 0.275525724 0.306051240 0.011918380 0.951941389 42.225101230
0.951932342 0.008502449 -0.306190340 -5.466030290 -0.011739652 0.999893900 -0.008732539 0.275514391 0.306083448 0.011907405 0.951930715 42.224758360
0.951942759 0.008548387 -0.306155485 -5.466027903 -0.011799901 0.999892358 -0.008771285 0.275454442 0.306047574 0.011962426 0.951941183 42.224759049
0.951946712 0.008546717 -0.306145120 -5.466026710 -0.011802767 0.999892462 -0.008786013 0.275424468 0.306037086 0.011977209 0.951944920 42.224759394
0.951948204 0.008484599 -0.306142367 -5.466025119 -0.011745284 0.999893054 -0.008810283 0.275384502 0.306034823 0.011982695 0.951945851 42.224759853
0.951952542 0.008459599 -0.306128434 -5.466023130 -0.011727658 0.999892293 -0.008837547 0.275334545 0.306020812 0.012003122 0.951949786 42.224760428
0.951955786 0.008448337 -0.306118309 -5.466022334 -0.011718735 0.999892918 -0.008847083 0.275314562 0.306010845 0.012009383 0.951952387 42.224760657
0.951952065 0.008521705 -0.306128551 -5.466024323 -0.011786531 0.999891758 -0.008818065 0.275364520 0.306020459 0.012002624 0.951949803 42.224760083
0.951939205 0.008540574 -0.306169049 -5.466025119 -0.011804995 0.999891515 -0.008812346 0.275384502 0.306060845 0.012003206 0.951937175 42.224759853
0.951930505 0.008541777 -0.306194639 -5.466023528 -0.011814662 0.999891870 -0.008837111 0.275344537 0.306085851 0.012029938 0.951928830 42.224760313
0.951926156 0.008500311 -0.306209793 -5.466961332 -0.011774918 0.999892208 -0.008848508 0.275283247 0.306101735 0.012028788 0.951923267 42.224418017
0.951929963 0.008436823 -0.306198471 -5.466958548 -0.011720848 0.999891923 -0.008888107 0.275213307 0.306090621 0.012049813 0.951926213 42.224418821
0.951934152 0.008411312 -0.306187027 -5.466957752 -0.011697392 0.999891947 -0.008899234 0.275193324 0.306079233 0.012053153 0.951930354 42.224419051
0.951932485 0.008424618 -0.306193049 -5.466954172 -0.011728223 0.999891151 -0.008951085 0.275103401 0.306084599 0.012111962 0.951928000 42.224420084
0.951939756 0.008449753 -0.306169430 -5.466952183 -0.011763845 0.999890597 -0.008980735 0.275053444 0.306060213 0.012150882 0.951935462 42.224420659
0.951947431 0.008450733 -0.306146564 -5.466950989 -0.011771011 0.999890880 -0.009000920 0.275023470 0.306037125 0.012172103 0.951942678 42.224421003
0.951951681 0.008437212 -0.306133225 -5.466946614 -0.011776506 0.999890037 -0.009062831 0.274913564 0.306023223 0.012232612 0.951946292 42.224422267
0.951950273 0.008397966 -0.306138755 -5.466945022 -0.011743868 0.999890651 -0.009089258 0.274873598 0.306028983 0.012247825 0.951944195 42.224422726
0.951943914 0.008402549 -0.306156674 -5.466945420 -0.011746020 0.999889740 -0.009079955 0.274883590 0.306046668 0.012239754 0.951938750 42.224422611
0.951947173 0.008427323 -0.306145318 -5.466945420 -0.011772646 0.999889847 -0.009082631 0.274883590 0.306035110 0.012250389 0.951941820 42.224422611
0.951949449 0.008460114 -0.306139081 -5.466947409 -0.011797447 0.999889911 -0.009052720 0.274933547 0.306028946 0.012229427 0.951944186 42.224422037
0.951941821 0.008506887 -0.306160532 -5.466951785 -0.011827528 0.999890222 -0.008992507 0.275043453 0.306050555 0.012181505 0.951937608 42.224420774
0.951945916 0.008500848 -0.306149012 -5.466950989 -0.011823596 0.999890058 -0.009000818 0.275023470 0.306038861 0.012188147 0.951941785 42.224421003
0.951958301 0.008476424 -0.306110615 -5.466948205 -0.011810434 0.999889476 -0.009041160 0.274953530 0.306000414 0.012222155 0.951953541 42.224421807
0.951953779 0.008431551 -0.306126719 -5.466946216 -0.011772391 0.999889862 -0.009068863 0.274903573 0.306016976 0.012237050 0.951947583 42.224422382
0.951958419 0.008460221 -0.306110576 -5.467883623 -0.011808234 0.999889325 -0.009087019 0.274832291 0.305999826 0.012265113 0.951953417 42.224080201
0.951961049 0.008484969 -0.306102146 -5.467882031 -0.011843161 0.999888741 -0.009115386 0.274792325 0.305990992 0.012302763 0.951955341 42.224080660
0.951958380 0.008485036 -0.306110517 -5.467880440 -0.011850179 0.999888000 -0.009136573 0.274752360 0.305999152 0.012325150 0.951952224 42.224081120
0.951955997 0.008484545 -0.306117426 -5.467880440 -0.011850599 0.999888013 -0.009139307 0.274752360 0.306005733 0.012327951 0.951950759 42.224081120
0.951950484 0.008413689 -0.306137822 -5.467878849 -0.011782613 0.999889167 -0.009158401 0.274712394 0.306027239 0.012325493 0.951943261 42.224081579
0.951949717 0.008443370 -0.306138967 -5.467878451 -0.011817468 0.999888594 -0.009169771 0.274702403 0.306027705 0.012346995 0.951942809 42.224081694
