1.000000000 0.000000000 0.000000000 0.000000000 0.000000000 1.000000000 0.000000000 0.000000000 0.000000000 0.000000000 1.000000000 0.000000000
0.999999819 -0.000035869 0.000019029 0.000017002 0.000035916 0.999999335 -0.000187654 -0.000319541 -0.000019085 0.000187664 1.000000594 0.000002118
1.000000015 -0.000098659 0.000033253 0.000041974 0.000098722 0.999999809 -0.000461042 -0.000788866 -0.000033275 0.000461054 1.000000392 0.000005229
1.000000599 -0.000090013 0.000088326 0.000043568 0.000090076 0.999999388 -0.000479080 -0.000818823 -0.000088355 0.000479096 1.000000612 0.000005427
0.999999602 0.000024370 0.000189716 0.000045162 -0.000024212 0.999999561 -0.000493524 -0.000848780 -0.000189850 0.000493525 1.000000613 0.000005626
0.999999843 0.000055857 0.000152436 0.000041443 -0.000055697 0.999998994 -0.000457477 -0.000778881 -0.000152469 0.000457482 1.000000001 0.000005162
1.000000016 0.000046953 0.000064964 0.000040911 -0.000046998 0.999999514 -0.000456369 -0.000768895 -0.000065135 0.000456363 1.000000602 0.000005096
0.999999668 -0.000000514 -0.000111978 -0.000947358 0.000000423 0.999999741 -0.000569364 -0.001001985 0.000111871 0.000569356 1.000000250 -0.000032223
0.999999840 0.000063259 -0.000195848 -0.000937263 -0.000063403 0.999998920 -0.000689037 -0.001191712 0.000195832 0.000689046 0.999999540 -0.000030966
1.000000102 0.000054621 -0.000255213 -0.000935138 -0.000054885 0.999999648 -0.000717076 -0.001231655 0.000255149 0.000717089 1.000000364 -0.000030701
0.999999511 0.000060179 -0.000460233 -0.000927168 -0.000060568 0.999999589 -0.000814632 -0.001381440 0.000460109 0.000814660 0.999999852 -0.000029708
0.999999655 0.000015550 -0.000654540 -0.001924470 -0.000016110 0.999999328 -0.000831423 -0.001444773 0.000654460 0.000831432 0.999999387 -0.000068153
1.000000118 -0.000024068 -0.000717503 -0.001921813 0.000023488 0.999999434 -0.000863309 -0.001494701 0.000717446 0.000863298 1.000000090 -0.000067822
0.999999689 -0.000066412 -0.000956150 -0.001907999 0.000065405 0.999999294 -0.001031083 -0.001754328 0.000956120 0.001031014 0.999999592 -0.000066101
0.999998794 -0.000061172 -0.001376918 -0.002899988 0.000059535 0.999999119 -0.001113704 -0.001917518 0.001376934 0.001113621 0.999998639 -0.000103884
0.999998792 -0.000062275 -0.001635466 -0.002895206 0.000060347 0.999998529 -0.001184647 -0.002007389 0.001635528 0.001184555 0.999997928 -0.000103289
0.999998000 -0.000130898 -0.002237207 -0.004275815 0.000128085 0.999998481 -0.001275125 -0.002115013 0.002237348 0.001274841 0.999996987 0.009851228
0.999995306 -0.000148209 -0.002959956 -0.005655892 0.000144148 0.999998212 -0.001373628 -0.002232622 0.002960022 0.001373205 0.999995385 0.019805810
0.999994834 -0.000144704 -0.003367503 -0.006041324 0.000139915 0.999998755 -0.001427529 -0.002236969 0.003367635 0.001427050 0.999993813 0.029798506
0.999989972 -0.000286323 -0.004391140 -0.007799926 0.000279033 0.999998677 -0.001646832 -0.002488739 0.004391494 0.001645581 0.999989083 0.049746645
0.999985163 -0.000314780 -0.005440351 -0.008569197 0.000305059 0.999998062 -0.001783037 -0.002527391 0.005440790 0.001781344 0.999983982 0.069732235
0.999982105 -0.000349842 -0.006018240 -0.009950868 0.000338671 0.999997698 -0.001858861 -0.002615043 0.006018760 0.001856792 0.999980898 0.079686619
0.999974048 -0.000411777 -0.007236415 -0.010716950 0.000397091 0.999997560 -0.002033901 -0.002713609 0.007237212 0.002030982 0.999972413 0.099672607
0.999962587 -0.000465364 -0.008633902 -0.012866829 0.000446003 0.999997104 -0.002245116 -0.002859884 0.008634912 0.002241185 0.999960132 0.129612714
0.999956144 -0.000500550 -0.009379314 -0.013633974 0.000478240 0.999996154 -0.002384964 -0.002938479 0.009380385 0.002380380 0.999953836 0.149598569
0.999935313 -0.000607281 -0.011364317 -0.016176192 0.000578117 0.999995707 -0.002572079 -0.002959288 0.011365738 0.002565342 0.999932637 0.189530511
0.999911780 -0.000755091 -0.013233168 -0.019104373 0.000718441 0.999995196 -0.002778075 -0.002974459 0.013235213 0.002768333 0.999909030 0.239455084
0.999901467 -0.000759307 -0.013992573 -0.019876831 0.000719321 0.999995504 -0.002858933 -0.002953196 0.013994589 0.002848579 0.999897918 0.259440277
0.999884079 -0.000787590 -0.015215045 -0.021816742 0.000743023 0.999995486 -0.002933512 -0.002735278 0.015217240 0.002921867 0.999879802 0.309402169
0.999868692 -0.000783520 -0.016166497 -0.023160724 0.000737694 0.999995059 -0.002837091 -0.002158803 0.016168594 0.002824793 0.999865427 0.369393217
0.999863392 -0.000754266 -0.016525866 -0.024333491 0.000708749 0.999995082 -0.002756595 -0.001862290 0.016527795 0.002744507 0.999860109 0.399369253
0.999855815 -0.000666544 -0.016972446 -0.025289915 0.000621976 0.999995923 -0.002631408 -0.001321411 0.016974138 0.002620473 0.999853202 0.449367869
0.999855083 -0.000543123 -0.017029076 -0.025250631 0.000501336 0.999996385 -0.002463743 -0.000687242 0.017030402 0.002454854 0.999852239 0.499404731
0.999856084 -0.000417458 -0.016966942 -0.024430388 0.000377798 0.999996274 -0.002342502 -0.000234105 0.016967856 0.002335750 0.999853098 0.529457459
0.999858478 -0.000308527 -0.016843847 -0.024779193 0.000272157 0.999996889 -0.002163355 0.000445646 0.016844436 0.002158460 0.999856061 0.589486686
0.999862846 -0.000028550 -0.016566690 -0.024138665 -0.000002643 0.999997957 -0.001885325 0.001338514 0.016566646 0.001885112 0.999861554 0.649553365
0.999866180 0.000013706 -0.016353712 -0.024703813 -0.000042433 0.999998346 -0.001755198 0.001773899 0.016353594 0.001755661 0.999865229 0.689560013
0.999875748 0.000004534 -0.015750355 -0.023440789 -0.000029599 0.999998781 -0.001592533 0.002526041 0.015750346 0.001592808 0.999874911 0.759659157
0.999882317 0.000048057 -0.015352658 -0.024554082 -0.000071443 0.999998660 -0.001526407 0.003077268 0.015352488 0.001527328 0.999881048 0.839674570
0.999884048 -0.000093298 -0.015240053 -0.024115552 0.000071009 0.999998694 -0.001459675 0.003456159 0.015240120 0.001458429 0.999883116 0.879720457
0.999886652 -0.000166982 -0.015062749 -0.024644603 0.000150288 0.999998482 -0.001113787 0.004585626 0.015062824 0.001111406 0.999886423 0.969763570
0.999891265 -0.000210981 -0.014737980 -0.024815851 0.000204761 0.999999548 -0.000419760 0.006238695 0.014738007 0.000416703 0.999891867 1.049810545
0.999894293 -0.000251582 -0.014516367 -0.024410794 0.000251922 0.999999437 0.000025771 0.007246682 0.014516340 -0.000029424 0.999894439 1.089852262
0.999900428 -0.000416100 -0.014140137 -0.024202454 0.000427808 0.999999414 0.000821591 0.009013940 0.014139688 -0.000827558 0.999900417 1.159905813
0.999901404 -0.000583248 -0.014026905 -0.024372108 0.000604060 0.999998124 0.001485151 0.010637052 0.014026036 -0.001493478 0.999900787 1.239952987
0.999902419 -0.000553091 -0.013932761 -0.024566701 0.000578252 0.999997617 0.001804068 0.011356382 0.013931621 -0.001811958 0.999901988 1.269965086
0.999906824 -0.000349071 -0.013675136 -0.025339192 0.000381701 0.999996636 0.002384084 0.012750752 0.013674291 -0.002389077 0.999904344 1.339982244
0.999908461 -0.000201790 -0.013544539 -0.025316379 0.000239021 0.999996083 0.002745283 0.013694477 0.013543906 -0.002748273 0.999904767 1.390017054
0.999907947 -0.000184036 -0.013580745 -0.026488083 0.000222509 0.999995462 0.002830727 0.013971019 0.013580089 -0.002833496 0.999903972 1.419993223
0.999908551 -0.000111664 -0.013542088 -0.025625335 0.000145176 0.999996650 0.002478032 0.013625304 0.013541735 -0.002479783 0.999905080 1.450051245
0.999910914 -0.000186169 -0.013337456 -0.025126766 0.000211242 0.999997678 0.001875021 0.012875815 0.013337069 -0.001877669 0.999909774 1.490104611
0.999911488 -0.000320321 -0.013297900 -0.024492050 0.000341696 0.999998326 0.001605101 0.012505418 0.013297267 -0.001609503 0.999910540 1.500138598
0.999912429 -0.000527016 -0.013258325 -0.023603798 0.000540069 0.999998475 0.000978224 0.011680392 0.013257769 -0.000985289 0.999911934 1.530199797
0.999913525 -0.000510872 -0.013183856 -0.022337553 0.000516903 0.999999793 0.000456050 0.010999512 0.013183560 -0.000462829 0.999913205 1.550267374
0.999913666 -0.000532285 -0.013101337 -0.023099916 0.000536293 0.999999630 0.000308459 0.010831047 0.013101114 -0.000315457 0.999914081 1.570253825
0.999916591 -0.000617155 -0.012880399 -0.021887865 0.000622409 0.999999467 0.000406298 0.011168703 0.012880066 -0.000414275 0.999917212 1.590314651
0.999920940 -0.000673295 -0.012533773 -0.021056996 0.000678826 0.999999300 0.000433633 0.011422127 0.012533413 -0.000442114 0.999921543 1.620368702
0.999922851 -0.000618331 -0.012405772 -0.020440876 0.000623001 0.999999656 0.000368559 0.011401228 0.012405444 -0.000376273 0.999922808 1.630400372
0.999926819 -0.000669230 -0.012078728 -0.019597255 0.000672319 0.999999706 0.000254259 0.011414997 0.012078523 -0.000262371 0.999927024 1.660456012
0.999931517 -0.000788390 -0.011688844 -0.018760010 0.000790957 0.999999633 0.000214062 0.011548593 0.011688567 -0.000223295 0.999932343 1.690510857
0.999932364 -0.000870761 -0.011579196 -0.018147609 0.000872994 0.999999395 0.000192276 0.011597593 0.011578942 -0.000202365 0.999933698 1.700542064
0.999931622 -0.001026042 -0.011618501 -0.017306113 0.001027137 0.999998844 0.000084676 0.011651304 0.011618341 -0.000096598 0.999932662 1.730597439
0.999933198 -0.001271863 -0.011525044 -0.016459304 0.001271153 0.999998795 -0.000071033 0.011605159 0.011525119 0.000056379 0.999934000 1.760653476
0.999933723 -0.001473647 -0.011389640 -0.015836808 0.001471473 0.999998889 -0.000196266 0.011464432 0.011389823 0.000179492 0.999935827 1.770685941
0.999935207 -0.001784809 -0.011208313 -0.015372775 0.001780498 0.999997687 -0.000400772 0.011364010 0.011208933 0.000380795 0.999937798 1.810735004
0.999936006 -0.002013238 -0.011165651 -0.014480804 0.002001485 0.999996945 -0.001067283 0.010469084 0.011167726 0.001044861 0.999937491 1.840796667
0.999935191 -0.002043773 -0.011176421 -0.014219831 0.002027055 0.999996227 -0.001506618 0.009874656 0.011179386 0.001483865 0.999937076 1.860824806
0.999936402 -0.001801727 -0.011178078 -0.014716970 0.001777678 0.999995455 -0.002163942 0.009031877 0.011181872 0.002143936 0.999935006 1.900839926
0.999932941 -0.001693860 -0.011422029 -0.015637264 0.001666150 0.999994971 -0.002432991 0.008893731 0.011426033 0.002413800 0.999931762 1.950843042
0.999930854 -0.001685340 -0.011618772 -0.015802103 0.001656829 0.999995608 -0.002460861 0.009053865 0.011622844 0.002441439 0.999929252 1.980858847
0.999927523 -0.001519209 -0.011968317 -0.017101985 0.001485421 0.999994903 -0.002832468 0.008801530 0.011972564 0.002814485 0.999924377 2.040855388
0.999929367 -0.001266872 -0.011820637 -0.018107952 0.001219664 0.999991041 -0.003998106 0.007335656 0.011825534 0.003983408 0.999922420 2.120884171
0.999930227 -0.001059411 -0.011758107 -0.018607748 0.001005187 0.999988174 -0.004617193 0.006542806 0.011762797 0.004605068 0.999920667 2.160898960
0.999930470 -0.000705904 -0.011789799 -0.020416458 0.000641081 0.999983843 -0.005503382 0.005667376 0.011793490 0.005495487 0.999915472 2.260909164
0.999929418 -0.000650020 -0.011902967 -0.022261829 0.000579085 0.999981842 -0.005960980 0.005480957 0.011906618 0.005953615 0.999911163 2.360914801
0.999928972 -0.000644457 -0.011897699 -0.022587256 0.000572517 0.999980688 -0.006044222 0.005721338 0.011901326 0.006037000 0.999910747 2.420946941
0.999926663 -0.000813521 -0.012112900 -0.023644794 0.000740866 0.999981407 -0.006001204 0.006597181 0.012117435 0.005991801 0.999909198 2.551001268
0.999920252 -0.001010093 -0.012580452 -0.026087191 0.000934806 0.999980872 -0.005990372 0.007445285 0.012586160 0.005978164 0.999902998 2.691009582
0.999918068 -0.001015249 -0.012761372 -0.027196234 0.000938694 0.999981634 -0.005995905 0.007916627 0.012767196 0.005983464 0.999901001 2.771025526
0.999916253 -0.000663114 -0.012960313 -0.028428706 0.000586895 0.999981678 -0.005891040 0.009142330 0.012963979 0.005882853 0.999898800 2.931094401
0.999915112 -0.000319966 -0.013022167 -0.029450148 0.000246442 0.999983366 -0.005652981 0.010712256 0.013023732 0.005649284 0.999899315 3.111185193
0.999914630 -0.000127686 -0.013071503 -0.030714465 0.000051956 0.999982506 -0.005790208 0.011163990 0.013071937 0.005789057 0.999898025 3.221218133
0.999915502 0.000425316 -0.013018684 -0.034236683 -0.000504967 0.999981098 -0.006117280 0.011934226 0.013015867 0.006123280 0.999896565 3.441246030
0.999915445 0.000681955 -0.013031805 -0.037602596 -0.000756152 0.999982955 -0.005693753 0.014077207 0.013027718 0.005703111 0.999899127 3.681289028
0.999917246 0.000518163 -0.012852041 -0.038692545 -0.000585894 0.999985422 -0.005267658 0.015562174 0.012849076 0.005274786 0.999904165 3.811339318
0.999920655 -0.000141411 -0.012586739 -0.039632231 0.000083012 0.999989180 -0.004641121 0.018340525 0.012587159 0.004639756 0.999910610 4.091504232
0.999928804 -0.000491084 -0.011972901 -0.039996708 0.000447814 0.999992821 -0.003620248 0.021866872 0.011974544 0.003614626 0.999921788 4.381695720
0.999933567 -0.000653400 -0.011559356 -0.039890546 0.000619677 0.999995581 -0.002923915 0.023989065 0.011561130 0.002916561 0.999929669 4.531804850
0.999941637 0.000175055 -0.010816843 -0.042052943 -0.000193389 0.999998488 -0.001688566 0.028002580 0.010816480 0.001690562 0.999939862 4.841939579
0.999951361 0.001666838 -0.009682677 -0.044358394 -0.001674008 0.999997543 -0.000736980 0.031766817 0.009681339 0.000753165 0.999953551 5.182092827
0.999955885 0.002272395 -0.009102055 -0.044381472 -0.002276874 0.999997081 -0.000485264 0.033380105 0.009100919 0.000505969 0.999958941 5.362222197
0.999963553 0.002961796 -0.007990294 -0.045366485 -0.002966819 0.999994655 -0.000625678 0.035444926 0.007988412 0.000649364 0.999967734 5.722449772
0.999968429 0.003141914 -0.007379218 -0.045411046 -0.003142847 0.999994867 -0.000118818 0.038641545 0.007378838 0.000142006 0.999973142 6.082708710
0.999970661 0.003471833 -0.006781341 -0.045483005 -0.003467233 0.999993014 0.000694408 0.041173513 0.006783648 -0.000670883 0.999976641 6.262831990
0.999973598 0.004381745 -0.005846724 -0.043990122 -0.004370316 0.999987987 0.001960341 0.045840514 0.005855269 -0.001934733 0.999981146 6.633151579
0.999971149 0.005915395 -0.004727848 -0.043006599 -0.005902701 0.999978625 0.002693096 0.049894407 0.004743710 -0.002665109 0.999985231 7.043484765
0.999971075 0.006503744 -0.004033541 -0.041833034 -0.006490811 0.999973474 0.003205501 0.052134935 0.004054261 -0.003179226 0.999986842 7.243673041
0.999965296 0.008000126 -0.002406514 -0.038635376 -0.007990464 0.999959666 0.003998441 0.056499947 0.002438337 -0.003979075 0.999989373 7.674106093
0.999944519 0.010506029 -0.001267208 -0.038972326 -0.010497670 0.999923730 0.006414255 0.063626363 0.001334416 -0.006400596 0.999978568 8.114396915
0.999937020 0.011272469 -0.000250677 -0.037053964 -0.011270060 0.999904601 0.007888150 0.067737991 0.000339585 -0.007884818 0.999969293 8.344628520
0.999907493 0.013564307 0.001282377 -0.037089029 -0.013575723 0.999862990 0.009427625 0.073501084 -0.001154393 -0.009444166 0.999954761 8.804952578
0.999847541 0.016539590 0.005679145 -0.030374331 -0.016592350 0.999817899 0.009367703 0.076807325 -0.005523207 -0.009460506 0.999940657 9.275557640
0.999815751 0.017423375 0.008075733 -0.024337121 -0.017499729 0.999801731 0.009487313 0.078735788 -0.007908827 -0.009626891 0.999923107 9.505959174
0.999752873 0.017827669 0.013299480 -0.007108731 -0.017967366 0.999783117 0.010458386 0.084072428 -0.013110210 -0.010694762 0.999857358 9.986970955
0.999651111 0.019061574 0.018264971 0.010157384 -0.019263539 0.999753671 0.010945526 0.088700086 -0.018051927 -0.011293569 0.999773778 10.467987435
0.999599753 0.019303863 0.020675044 0.019894006 -0.019514474 0.999759231 0.010036186 0.089080119 -0.020476328 -0.010435636 0.999736426 10.708547357
0.999435795 0.020034687 0.026977693 0.043490978 -0.020291155 0.999751189 0.009267957 0.091875674 -0.026785271 -0.009810139 0.999593417 11.209833368
0.999206196 0.021304120 0.033666488 0.070954955 -0.021647389 0.999716443 0.009866313 0.097221263 -0.033446889 -0.010587279 0.999385115 11.711257934
0.999059895 0.022299465 0.037165528 0.085162482 -0.022700573 0.999687960 0.010406919 0.100360100 -0.036922022 -0.011240830 0.999255345 11.961986561
0.998777466 0.024002293 0.043218204 0.115577453 -0.024516139 0.999634387 0.011399524 0.106664585 -0.042928796 -0.012445141 0.999000523 12.463521366
0.998350300 0.028635955 0.049770871 0.147276334 -0.029332730 0.999479997 0.013328238 0.114894082 -0.049363435 -0.014766174 0.998671782 12.955089609
0.998179339 0.028653414 0.053071271 0.168035443 -0.029457009 0.999462000 0.014422538 0.119300716 -0.052629499 -0.015959626 0.998486737 13.216074551
0.997802190 0.027648303 0.060214906 0.214844746 -0.028612748 0.999474372 0.015213427 0.125644291 -0.059762734 -0.016902910 0.998070050 13.708238263
0.997236308 0.027541493 0.069002850 0.267089086 -0.028541768 0.999500118 0.013552971 0.128185169 -0.068594766 -0.015484990 0.997524251 14.220645701
0.996896827 0.027372122 0.073805576 0.297021562 -0.028377241 0.999517604 0.012604690 0.129447142 -0.073425381 -0.014660012 0.997193709 14.482001268
0.995967574 0.030064121 0.084526663 0.357359081 -0.030984618 0.999472986 0.009599519 0.130337788 -0.084192786 -0.012179811 0.996374853 14.994730560
0.994563612 0.037791473 0.097032693 0.417784799 -0.038484743 0.999244345 0.005283213 0.129570816 -0.096759687 -0.008988761 0.995267025 15.507470839
0.993832815 0.038694291 0.103915983 0.455152891 -0.039286114 0.999220717 0.003653950 0.129982336 -0.103693693 -0.007713832 0.994580059 15.759111427
0.992222464 0.039542149 0.118034610 0.535808067 -0.039968218 0.999199390 0.001244861 0.132403626 -0.117890927 -0.005952845 0.993008766 16.262615198
0.990476444 0.038071876 0.132315690 0.627960422 -0.038413574 0.999261922 0.000030378 0.137178276 -0.132216719 -0.005112808 0.991208158 16.776562413
0.989470048 0.036352789 0.140096188 0.679616666 -0.036635861 0.999328207 -0.000558659 0.139599206 -0.140022843 -0.004579829 0.990137977 17.018741120
0.986687960 0.034210415 0.158986096 0.788836986 -0.034522112 0.999402705 -0.000801365 0.146249014 -0.158918883 -0.004697791 0.987280995 17.503319737
0.983038683 0.034413121 0.180143158 0.912004124 -0.034828389 0.999392609 -0.000857932 0.154075076 -0.180063266 -0.005430779 0.983640552 17.988434662
0.981116293 0.033618749 0.190475243 0.975576452 -0.034098831 0.999417313 -0.000757427 0.158224616 -0.190390087 -0.005751905 0.981691580 18.231068286
0.976959354 0.032763532 0.210895454 1.117527088 -0.033770990 0.999428216 0.001176115 0.170359552 -0.210736451 -0.008271150 0.977508055 18.716893077
0.971977471 0.032357384 0.232835878 1.267392911 -0.034201827 0.999406631 0.003887842 0.184189449 -0.232572511 -0.011742365 0.972508356 19.203017551
0.968981155 0.031388645 0.245134680 1.349218689 -0.033679007 0.999419188 0.005155843 0.191051087 -0.244830543 -0.013251821 0.969475561 19.436340094
0.962171062 0.028088704 0.270996140 1.527402899 -0.031535129 0.999466764 0.008370838 0.206498899 -0.270616307 -0.016600153 0.962544264 19.913549385
0.954413860 0.023473562 0.297562877 1.719891731 -0.028413500 0.999519931 0.012286161 0.223646566 -0.297131841 -0.020180839 0.954623389 20.381298845
0.949973264 0.021644666 0.311579788 1.824639513 -0.027362976 0.999526935 0.013991994 0.232264444 -0.311129658 -0.021817799 0.950117150 20.615503632
0.940015001 0.019202392 0.340592251 2.043077224 -0.025975115 0.999544632 0.015336110 0.246390772 -0.340143619 -0.023263166 0.940086299 21.064259398
0.928264322 0.019856491 0.371390582 2.277169751 -0.027655664 0.999493936 0.015685087 0.259958342 -0.370891480 -0.024830948 0.928343984 21.523633368
0.921736656 0.020322306 0.387284593 2.400368101 -0.028836601 0.999452310 0.016186191 0.267583642 -0.386743539 -0.026087340 0.921818542 21.748551629
0.908350378 0.019707139 0.417744954 2.659703691 -0.029769815 0.999401181 0.017585254 0.284146873 -0.417149020 -0.028409755 0.908394038 22.198884689
0.893927292 0.018143642 0.447845068 2.931195120 -0.029730740 0.999379421 0.018856495 0.300870605 -0.447224919 -0.030171079 0.893912329 22.619666195
0.886363392 0.017122674 0.462674162 3.072730867 -0.029497708 0.999373985 0.019524957 0.309630270 -0.462049853 -0.030954075 0.886313976 22.835283832
0.869748061 0.013840009 0.493302663 3.378099214 -0.028080620 0.999374165 0.021470920 0.329096495 -0.492697548 -0.032526574 0.869592987 23.257368555
0.851326393 0.011407241 0.524512934 3.704435340 -0.027694094 0.999346196 0.023215684 0.349433384 -0.523906076 -0.034290006 0.851086128 23.680263663
0.841680924 0.010638376 0.539870387 3.871332635 -0.027752284 0.999336791 0.023574677 0.358961910 -0.539260871 -0.034824911 0.841418110 23.886855151
0.821260500 0.009652949 0.570471697 4.222048415 -0.028893959 0.999277554 0.024687479 0.379714743 -0.569821508 -0.036758061 0.820946998 24.300687584
0.799918954 0.006927092 0.600067134 4.586482982 -0.028295244 0.999255978 0.026183670 0.401619148 -0.599440105 -0.037923940 0.799521372 24.695032289
0.788166859 0.005253984 0.615438515 4.764113533 -0.027605902 0.999258718 0.026822938 0.411989417 -0.614842099 -0.038130742 0.787727993 24.882021509
0.763755256 0.001560507 0.645504079 5.164281381 -0.025734302 0.999275222 0.028032846 0.435050725 -0.644993050 -0.038021874 0.763242580 25.257733471
0.738206631 -0.003850048 0.674564601 5.584346918 -0.022144978 0.999306304 0.029937752 0.460287397 -0.674211245 -0.037038441 0.737609117 25.634208306
0.725372240 -0.005500097 0.688335559 5.813251332 -0.021384428 0.999304827 0.030519958 0.473402726 -0.688025353 -0.036857933 0.724751074 25.813168757
0.698489051 -0.006348982 0.715592759 6.254233014 -0.021684273 0.999313143 0.030032280 0.496170144 -0.715292122 -0.036494337 0.697872581 26.170451915
0.670187300 -0.007181268 0.742157102 6.716448893 -0.023233145 0.999259313 0.030649250 0.522049360 -0.741828693 -0.037783477 0.669525042 26.518537937
0.655666902 -0.008297725 0.755004976 6.950089470 -0.023591117 0.999225569 0.031469079 0.535876072 -0.754681400 -0.038444657 0.654963791 26.677663796
0.625429082 -0.011589138 0.780195118 7.437394766 -0.021936121 0.999232645 0.032427509 0.563328276 -0.779972760 -0.037395523 0.624694896 26.996694139
0.594284909 -0.015244355 0.804109912 7.946380792 -0.020192391 0.999222254 0.033866642 0.592748275 -0.804000734 -0.036363342 0.593515619 27.296542261
0.578034100 -0.017594868 0.815823096 8.208303095 -0.019246072 0.999195469 0.035185984 0.608881913 -0.815786726 -0.036040093 0.577229738 27.446748370
0.545019777 -0.021064893 0.838158853 8.743895792 -0.019378807 0.999099963 0.037711005 0.641724739 -0.838199491 -0.036795703 0.544120757 27.727598949
0.510865107 -0.022875168 0.859356071 9.303301966 -0.021080773 0.999011999 0.039124521 0.674065757 -0.859402434 -0.038103255 0.509878792 27.989361405
0.493840985 -0.023975301 0.869221771 9.588425344 -0.020770482 0.999008604 0.039355771 0.689648586 -0.869304099 -0.037489666 0.492853607 28.110448184
0.460256310 -0.026640486 0.887386102 10.162068565 -0.018573582 0.999041376 0.039626018 0.720649110 -0.887592465 -0.034720032 0.459320692 28.342746762
0.427292196 -0.029046821 0.903646521 10.753080042 -0.015844732 0.999089614 0.039606927 0.752191426 -0.903974718 -0.031241881 0.426442707 28.565709779
0.410383287 -0.029860192 0.911424585 11.053980569 -0.014731386 0.999115422 0.039366241 0.767854215 -0.911793981 -0.029581797 0.409580779 28.667393661
0.376257037 -0.032160572 0.925957035 11.658418511 -0.013769251 0.999092222 0.040295757 0.801731684 -0.926413935 -0.027911290 0.375472471 28.850836907
0.341430879 -0.034769984 0.939263645 12.284637169 -0.016510799 0.998939326 0.042980868 0.840008172 -0.939762198 -0.030182997 0.340494922 29.035106015
0.325090432 -0.036131148 0.944992313 12.598541537 -0.017127839 0.998880711 0.044083722 0.858700763 -0.945527944 -0.030516910 0.324107698 29.107258189
0.292263191 -0.037951306 0.955584498 13.233432336 -0.017973045 0.998817852 0.045165317 0.894632007 -0.956169207 -0.030374953 0.291235724 29.251844225
0.259573122 -0.038904214 0.964939462 13.888119245 -0.019384397 0.998776263 0.045482912 0.930337348 -0.965529587 -0.030510948 0.258501322 29.377184850
0.243796211 -0.038456301 0.969063756 14.215544522 -0.020111756 0.998797917 0.044695919 0.946652229 -0.969618679 -0.030386269 0.242729919 29.439865355
0.213562204 -0.040453340 0.976091369 14.867299163 -0.021442977 0.998707130 0.046082125 0.983984595 -0.976694363 -0.030771752 0.212418176 29.535061737
0.185640512 -0.045085133 0.981582927 15.527195561 -0.021779994 0.998512512 0.049981803 1.026001979 -0.982376775 -0.030657532 0.184382102 29.620545314
0.172616001 -0.046665520 0.983882924 15.864202180 -0.021330224 0.998465105 0.051099426 1.046001094 -0.984758110 -0.029807099 0.171356316 29.663565847
0.148718102 -0.046408876 0.987790508 16.537245116 -0.023560078 0.998448302 0.050456711 1.081118195 -0.988599330 -0.030776203 0.147393587 29.729576200
0.128166900 -0.044193054 0.990767839 17.213470168 -0.024478887 0.998560900 0.047707325 1.112850433 -0.991450888 -0.030367411 0.126900609 29.795725583
0.119148386 -0.042781318 0.991954189 17.561079644 -0.025332780 0.998614292 0.046111405 1.128893830 -0.992553836 -0.030623061 0.117899547 29.829168313
0.104135494 -0.042506318 0.993654583 18.259473500 -0.024413940 0.998675904 0.045279697 1.164979505 -0.994263963 -0.028974210 0.102959914 29.886151193
0.090866371 -0.046622552 0.994771493 18.964264457 -0.019755657 0.998622590 0.048607596 1.208174221 -0.995667227 -0.024069166 0.089820153 29.923334807
0.083591805 -0.049766480 0.995256932 19.325820447 -0.019890157 0.998469065 0.051597745 1.232647801 -0.996301416 -0.024109008 0.082474050 29.947273098
0.066519255 -0.057168613 0.996146372 20.051578880 -0.023709482 0.997984419 0.058857367 1.283967111 -0.997503490 -0.027533283 0.065029751 29.975226350
0.051147434 -0.055797697 0.997130801 20.787520940 -0.024878798 0.998056063 0.057125630 1.320402981 -0.998381393 -0.027729256 0.049659806 29.993635364
0.044494322 -0.056969383 0.997384525 21.161006201 -0.025138228 0.997992184 0.058125607 1.342047004 -0.998693648 -0.027658783 0.042972866 29.998034585
0.033068871 -0.054707166 0.997954568 21.901408974 -0.024407591 0.998158313 0.055527117 1.377122880 -0.999155740 -0.026193927 0.031672630 30.006615405
0.023044051 -0.047432895 0.998608927 22.655624879 -0.021250032 0.998624083 0.047924051 1.404328936 -0.999508453 -0.022324788 0.022004383 30.005760959
0.018502365 -0.043519917 0.998880896 23.031559550 -0.019821410 0.998839636 0.043885229 1.417551909 -0.999632317 -0.020611204 0.017618196 30.010293724
0.010969920 -0.039431591 0.999161892 23.798427967 -0.023416101 0.998937681 0.039679888 1.451452864 -0.999666283 -0.023831748 0.010034876 30.009900142
0.006827876 -0.042610186 0.999068083 24.597186991 -0.026715499 0.998726640 0.042778228 1.499372331 -0.999619956 -0.026982651 0.005680686 30.020688843
0.005121715 -0.045446664 0.998953998 24.995847839 -0.026983955 0.998596380 0.045568764 1.525280195 -0.999622949 -0.027189095 0.003888170 30.016038749
0.001548349 -0.048220006 0.998835447 25.808396315 -0.027594555 0.998453858 0.048244353 1.573023142 -0.999617840 -0.027637118 0.000215368 30.007348524
-0.000692525 -0.047253224 0.998882719 26.606312021 -0.026644735 0.998528313 0.047218027 1.613674910 -0.999645156 -0.026582332 -0.001950675 29.998122332
-0.001492522 -0.046641730 0.998910659 27.014263125 -0.025096980 0.998598375 0.046589659 1.634241270 -0.999684287 -0.025000111 -0.002661069 29.993857423
-0.004038557 -0.046209281 0.998923505 27.855037310 -0.024057887 0.998647061 0.046099179 1.678095690 -0.999702847 -0.023845868 -0.005144832 29.986281180
-0.004675101 -0.046237388 0.998919548 28.721708403 -0.025129351 0.998619640 0.046105929 1.724215893 -0.999673644 -0.024886629 -0.005830641 29.979700397
-0.005724009 -0.045802004 0.998934415 29.153977528 -0.024802828 0.998649274 0.045646839 1.746356533 -0.999675841 -0.024515084 -0.006852252 29.966365136
-0.008174111 -0.044948206 0.998956428 30.014134762 -0.025164455 0.998681981 0.044729970 1.790499958 -0.999650258 -0.024772494 -0.009294484 29.949532736
-0.010348240 -0.046341240 0.998871881 30.890445110 -0.023537768 0.998659439 0.046087542 1.839215959 -0.999670063 -0.023034326 -0.011425281 29.923299195
-0.011894819 -0.047810070 0.998785934 31.328531744 -0.022313054 0.998620037 0.047536403 1.864862108 -0.999680675 -0.021720446 -0.012945182 29.910173886
-0.014477475 -0.050854179 0.998601415 32.218052713 -0.020661118 0.998507183 0.050549888 1.917032019 -0.999682436 -0.019900379 -0.015506635 29.874430024
-0.013639180 -0.050315628 0.998639892 33.140430754 -0.018520961 0.998573708 0.050059339 1.965056541 -0.999735698 -0.017812987 -0.014551677 29.849988836
-0.013836612 -0.049076508 0.998699084 33.601707707 -0.018157859 0.998641987 0.048822118 1.987416177 -0.999740019 -0.017458739 -0.014709060 29.837779196
-0.012421445 -0.045997654 0.998864630 34.506351621 -0.018474907 0.998780946 0.045764095 2.030216564 -0.999752662 -0.017885512 -0.013256187 29.812673071
-0.011487293 -0.044182930 0.998957474 35.423466108 -0.020566376 0.998822163 0.043940435 2.075882998 -0.999722853 -0.020040219 -0.012382504 29.798045857
-0.011244993 -0.044602204 0.998942050 35.886589428 -0.020665145 0.998801167 0.044363349 2.101155298 -0.999722999 -0.020144474 -0.012153255 29.785894640
-0.010777146 -0.047895566 0.998794146 36.816219347 -0.021080363 0.998640328 0.047660751 2.156092930 -0.999719948 -0.020541356 -0.011772234 29.771711215
-0.009424390 -0.051307531 0.998638295 37.760803481 -0.022375250 0.998443012 0.051086330 2.212080420 -0.999705536 -0.021863380 -0.010557868 29.758103800
-0.009211155 -0.052132125 0.998597667 38.239855471 -0.022451332 0.998398618 0.051914643 2.238895296 -0.999705914 -0.021941639 -0.010366975 29.746564192
-0.008249889 -0.051350036 0.998647157 39.192800568 -0.021408572 0.998460774 0.051163605 2.288199785 -0.999737385 -0.020957519 -0.009336544 29.733311988
-0.008673607 -0.049272881 0.998747429 40.162217036 -0.020650176 0.998580331 0.049085307 2.336095445 -0.999749295 -0.020198572 -0.009678841 29.710698289
-0.009466213 -0.048623557 0.998772539 40.650383417 -0.020067982 0.998624957 0.048426161 2.360874067 -0.999753713 -0.019584907 -0.010429035 29.699521958
-0.010624205 -0.049435506 0.998721168 41.622534103 -0.019948881 0.998587984 0.049216785 2.413802768 -0.999745189 -0.019400509 -0.011595423 29.676991493
-0.010599437 -0.050620124 0.998661854 42.615216663 -0.019593800 0.998536400 0.050405798 2.468546423 -0.999751852 -0.019033266 -0.011575830 29.665257821
-0.011326815 -0.050706324 0.998649770 43.110690082 -0.019122280 0.998541193 0.050483989 2.494891120 -0.999753230 -0.018524645 -0.012279893 29.644350495
-0.012304271 -0.050344468 0.998655994 44.094919967 -0.019352537 0.998556213 0.050100978 2.546482837 -0.999737103 -0.018710112 -0.013260855 29.622295266
-0.012758058 -0.050211558 0.998657182 45.093486353 -0.019461251 0.998561703 0.049958097 2.599175269 -0.999729212 -0.018797746 -0.013716906 29.590784177
-0.013761517 -0.050244629 0.998642669 45.597556433 -0.019337920 0.998563098 0.049974174 2.625965793 -0.999718709 -0.018623903 -0.014713404 29.580216345
-0.013875812 -0.050501887 0.998627211 46.604680162 -0.021023276 0.998517285 0.050204164 2.679842989 -0.999683436 -0.020297857 -0.014917108 29.559039852
-0.014190596 -0.050227027 0.998636793 47.623215964 -0.020903014 0.998533784 0.049924789 2.733362723 -0.999681199 -0.020166064 -0.015219794 29.528300572
-0.014195299 -0.050150998 0.998640631 48.135277742 -0.020773697 0.998540682 0.049850629 2.760410273 -0.999683973 -0.020037847 -0.015216505 29.518041952
-0.013040051 -0.049092033 0.998709429 49.168849582 -0.021782020 0.998570844 0.048800820 2.813442076 -0.999677538 -0.021117512 -0.014090689 29.487888875
-0.011854171 -0.048748508 0.998740969 50.216937074 -0.020360375 0.998615146 0.048500727 2.868517956 -0.999723030 -0.019759845 -0.012830335 29.468297884
-0.010814367 -0.048273265 0.998775819 50.744000354 -0.020714563 0.998629705 0.048041974 2.895726642 -0.999727065 -0.020169581 -0.011799503 29.458621165
-0.009469441 -0.046962996 0.998851889 51.804147917 -0.020801412 0.998689314 0.046758142 2.949825021 -0.999739484 -0.020334729 -0.010434056 29.439503028
-0.008283938 -0.046240070 0.998896485 52.871227182 -0.021859156 0.998699334 0.046049727 3.005295399 -0.999726645 -0.021453474 -0.009283918 29.420647849
-0.006964564 -0.046261932 0.998904934 53.409830678 -0.022689994 0.998679249 0.046093243 3.034048607 -0.999718648 -0.022344211 -0.008005111 29.421419935
-0.005045203 -0.047317173 0.998867411 54.483734318 -0.023640707 0.998606249 0.047185378 3.092908087 -0.999707819 -0.023375919 -0.006156833 29.402814345
-0.001684011 -0.049743128 0.998761097 55.584065975 -0.023914449 0.998478356 0.049688736 3.155610155 -0.999713131 -0.023801209 -0.002871160 29.395225297
-0.001563458 -0.050902157 0.998702219 56.138923535 -0.023814819 0.998422335 0.050850541 3.187038665 -0.999715909 -0.023704461 -0.002773265 29.386608816
0.001217489 -0.050887297 0.998704212 57.248455125 -0.024154995 0.998410923 0.050901875 3.246096789 -0.999707427 -0.024185600 -0.000013714 29.379393701
0.002864177 -0.047691852 0.998857842 58.365648671 -0.023187145 0.998589838 0.047745533 3.300050572 -0.999726947 -0.023297425 0.001754286 29.362491802
0.003332992 -0.045541605 0.998957324 58.918808633 -0.022044363 0.998715704 0.045604204 3.325770436 -0.999751981 -0.022173392 0.002324743 29.353835430
0.006365744 -0.043610222 0.999028764 60.037496056 -0.020018405 0.998842052 0.043729700 3.382013426 -0.999779539 -0.020277264 0.005485274 29.346988755
0.008908586 -0.046016108 0.998900966 61.176753303 -0.017414860 0.998781486 0.046165925 3.446606332 -0.999808744 -0.017806970 0.008096305 29.340902892
0.011040414 -0.047644578 0.998803053 61.755128267 -0.016695705 0.998715862 0.047824928 3.480159624 -0.999800282 -0.017203709 0.010230674 29.343197744
0.017160211 -0.047528134 0.998722551 62.908185461 -0.016262703 0.998723996 0.047807618 3.541440879 -0.999720693 -0.017062319 0.016365315 29.347670602
0.021635563 -0.045283347 0.998739756 64.062046862 -0.014895766 0.998847374 0.045610934 3.599166314 -0.999655190 -0.015863819 0.020935988 29.362198560
0.024472123 -0.044499952 0.998710171 64.639640238 -0.014217809 0.998891812 0.044856487 3.628602097 -0.999600155 -0.015297196 0.023812276 29.364481839
0.030398620 -0.046131313 0.998472921 65.807726130 -0.015173991 0.998797591 0.046608301 3.693843746 -0.999422661 -0.016567668 0.029662053 29.389535615
0.036391302 -0.048605423 0.998154945 66.972360299 -0.014417893 0.998686543 0.049156974 3.760289039 -0.999233394 -0.016180183 0.035642695 29.424457486
0.040133806 -0.049796759 0.997952465 67.555371407 -0.014494337 0.998623117 0.050413079 3.793495597 -0.999089693 -0.016487933 0.039356712 29.436941627
0.047054172 -0.050103315 0.997634761 68.705443569 -0.015568107 0.998582255 0.050885208 3.855830146 -0.998770984 -0.017925673 0.046207441 29.491331975
0.051850882 -0.048873881 0.997458432 69.868026056 -0.015155733 0.998648196 0.049720003 3.915973291 -0.998540533 -0.017695284 0.051040031 29.536210556
0.053817215 -0.048441471 0.997374961 70.449801605 -0.014733302 0.998674509 0.049299601 3.946346143 -0.998442072 -0.017347757 0.053032130 29.558667281
