1.000000000 0.000000000 0.000000000 -0.000000000 -0.000000000 1.000000000 0.000000000 0.000000000 -0.000000000 0.000000000 1.000000000 -0.000000000
0.999999867 0.000443325 0.000289268 0.008188943 -0.000443463 1.000000520 0.000256975 0.002398169 -0.000288831 -0.000257139 0.999999847 0.130105256
0.999999664 -0.000372148 0.000533244 0.014285489 0.000371827 1.000000397 0.000607332 0.007424340 -0.000533196 -0.000607125 1.000000137 0.410172975
0.999997035 -0.002340679 -0.000477151 0.020355368 0.002340659 0.999997400 0.000021906 0.010840940 0.000477668 -0.000023048 0.999999777 0.690266596
0.999995658 -0.002640230 -0.001226470 0.020452272 0.002640119 0.999996858 -0.000073219 0.012857879 0.001227135 0.000069934 0.999999062 0.826266394
0.999992059 -0.002624049 -0.002714670 0.018469536 0.002625181 0.999996743 0.000410711 0.018272615 0.002713071 -0.000417803 0.999995974 1.112216267
0.999972546 -0.003323615 -0.006603180 0.022356739 0.003325849 0.999994524 0.000321607 0.022700171 0.006601460 -0.000343602 0.999977905 1.406266117
0.999948373 -0.003331359 -0.009604578 0.020262852 0.003335639 0.999994756 0.000429464 0.025238196 0.009602855 -0.000461473 0.999953812 1.556230027
0.999847277 -0.003604544 -0.017091573 0.013890250 0.003622312 0.999993420 0.001012615 0.031195238 0.017087890 -0.001074341 0.999853084 1.870116168
0.999663841 -0.004117094 -0.025580620 -0.006449465 0.004161210 0.999990603 0.001671184 0.037448312 0.025573289 -0.001777135 0.999671509 2.181801861
0.999534456 -0.004546257 -0.030158476 -0.008543683 0.004602005 0.999988428 0.001781083 0.039966343 0.030150143 -0.001919023 0.999543537 2.331766093
0.999124189 -0.006113144 -0.041398732 -0.026714637 0.006182124 0.999980393 0.001539331 0.044368684 0.041388215 -0.001793893 0.999141172 2.629509071
0.998567521 -0.007312009 -0.053003187 -0.058851378 0.007397049 0.999972178 0.001408293 0.049147035 0.052991687 -0.001798360 0.998592880 2.925050314
0.998201633 -0.008141001 -0.059379532 -0.074907740 0.008260449 0.999964596 0.001765426 0.052261018 0.059363354 -0.002252777 0.998233496 3.072809272
0.997244077 -0.009876185 -0.073520878 -0.103333861 0.010074437 0.999947351 0.002325449 0.058472770 0.073494232 -0.003059733 0.997290795 3.390384037
0.995973314 -0.010130177 -0.089065826 -0.147929813 0.010413771 0.999942282 0.002719739 0.064781833 0.089033125 -0.003636239 0.996022517 3.719734049
0.995264277 -0.010055293 -0.096679806 -0.180149876 0.010405242 0.999941461 0.003116220 0.068363027 0.096642915 -0.004107392 0.995311121 3.879262301
0.993659222 -0.010068137 -0.111980945 -0.238696211 0.010599760 0.999935263 0.004153158 0.075977852 0.111932244 -0.005313801 0.993701883 4.206395617
0.991846990 -0.010800005 -0.126974264 -0.289172207 0.011497034 0.999922470 0.004757501 0.082664257 0.126913140 -0.006178579 0.991894958 4.527655466
0.988281492 -0.013489653 -0.152041372 -0.383663471 0.014414488 0.999883940 0.004982134 0.091567104 0.151957094 -0.007115370 0.988361710 4.992297347
0.985386924 -0.014840588 -0.169680062 -0.462067564 0.016079081 0.999853925 0.005927215 0.099215474 0.169566353 -0.008568847 0.985481223 5.309150347
0.983776308 -0.015158397 -0.178757643 -0.500175622 0.016547983 0.999843978 0.006285093 0.102694138 0.178634893 -0.009141216 0.983872605 5.460596159
0.980407625 -0.015397234 -0.196373877 -0.582296796 0.016975902 0.999836075 0.006358380 0.108519210 0.196244312 -0.009567482 0.980507948 5.755421911
0.976629536 -0.015086355 -0.214398938 -0.672508351 0.016794267 0.999840343 0.006146667 0.114063024 0.214271857 -0.009603757 0.976727136 6.056140597
0.974547501 -0.014938370 -0.223682506 -0.716516827 0.016710919 0.999842675 0.006032885 0.116689358 0.223557274 -0.009617271 0.974643228 6.199516033
0.969807299 -0.015001365 -0.243411097 -0.810420285 0.016927874 0.999840277 0.005824403 0.121929471 0.243284665 -0.009768947 0.969905946 6.478183017
0.964523880 -0.014309902 -0.263606135 -0.918290690 0.016388334 0.999850242 0.005687037 0.127475612 0.263484924 -0.009805299 0.964613659 6.754649393
0.961677290 -0.013814655 -0.273833639 -0.974072673 0.015956086 0.999856942 0.005594229 0.130046846 0.273716973 -0.009749217 0.961761046 6.881857534
0.955706973 -0.013394235 -0.294012680 -1.079750299 0.015663022 0.999863276 0.005363185 0.135191869 0.293900610 -0.009730803 0.955785753 7.144357866
0.948880786 -0.011984909 -0.315404479 -1.207472002 0.014419683 0.999882079 0.005387127 0.141161451 0.315302680 -0.009659807 0.948942158 7.410537651
0.945298483 -0.011969504 -0.325984679 -1.271340887 0.014419283 0.999883056 0.005099592 0.143661371 0.325885685 -0.009521095 0.945361228 7.543635347
0.937884848 -0.012268014 -0.346728576 -1.396898633 0.014551321 0.999886917 0.003982468 0.147490298 0.346639954 -0.008780438 0.937956377 7.795877083
0.929568397 -0.012409182 -0.368439114 -1.530513300 0.014829716 0.999883704 0.003738485 0.153057429 0.368349242 -0.008939014 0.929643763 8.053979254
0.925210035 -0.011915603 -0.379266795 -1.600246494 0.014618086 0.999884935 0.004246525 0.156884438 0.379172909 -0.009473142 0.925277411 8.178971503
0.916137128 -0.010062593 -0.400737926 -1.749995710 0.013192973 0.999900117 0.005053112 0.164678313 0.400646978 -0.009916247 0.916178814 8.448814653
0.906633180 -0.007998376 -0.421843121 -1.911522905 0.011471962 0.999918512 0.005696890 0.172147159 0.421763173 -0.010004328 0.906651088 8.702494852
0.901481383 -0.007049523 -0.432759958 -1.989340351 0.010754507 0.999924195 0.006114261 0.176062812 0.432684234 -0.010166055 0.901487786 8.833374081
0.890004916 -0.004833922 -0.455924068 -2.175101917 0.009097604 0.999933834 0.007157660 0.184907296 0.455858902 -0.010518128 0.889990322 9.104697363
0.877789698 -0.002815399 -0.479037353 -2.360866796 0.007607394 0.999939123 0.008062949 0.193551833 0.478984519 -0.010721812 0.877757452 9.376023862
0.871477529 -0.001467388 -0.490432075 -2.454857883 0.006256955 0.999947984 0.008126602 0.197334858 0.490394413 -0.010150754 0.871441782 9.518682039
0.858452140 0.001376694 -0.512891258 -2.660503710 0.003245416 0.999962315 0.008116132 0.204613311 0.512882794 -0.008631836 0.858414612 9.779750747
0.843634460 0.003194636 -0.536907746 -2.866106305 0.002331048 0.999951468 0.009612580 0.214501070 0.536911667 -0.009361016 0.843586079 10.040777464
0.835732916 0.004934525 -0.549112143 -2.985811176 0.001100239 0.999943195 0.010660321 0.220144595 0.549133394 -0.009513347 0.835680071 10.165041834
0.818679583 0.007571008 -0.574199563 -3.213453375 -0.000465772 0.999921969 0.012520186 0.231126840 0.574249922 -0.009982570 0.818618931 10.429743661
0.801440613 0.008708712 -0.598009911 -3.463151082 -0.000281277 0.999899536 0.014184397 0.242243828 0.598073190 -0.011199739 0.801363380 10.698136042
0.791956868 0.008325492 -0.610519876 -3.590967536 0.000408296 0.999899578 0.014165008 0.246326437 0.610575939 -0.011467343 0.791874354 10.828313938
0.772342820 0.007488225 -0.635161252 -3.870830345 0.002361849 0.999889637 0.014660150 0.256137219 0.635201343 -0.012822811 0.772239926 11.106308469
0.752079057 0.009670771 -0.659002048 -4.156525825 0.002066030 0.999852803 0.017030576 0.269184582 0.659069406 -0.014169852 0.751948123 11.376166824
0.742392158 0.010954617 -0.669875320 -4.298270467 0.001848023 0.999829835 0.018398483 0.275912596 0.669962157 -0.014896851 0.742245070 11.504106464
0.719894558 0.013130573 -0.693958148 -4.620017056 0.000687642 0.999807410 0.019630941 0.287671191 0.694082384 -0.014609416 0.719746550 11.775482597
0.696380049 0.014199555 -0.717532046 -4.947697855 -0.000633361 0.999816273 0.019171105 0.296537999 0.717672104 -0.012895927 0.696260730 12.038821175
0.683870629 0.013965802 -0.729469024 -5.125515306 -0.000526432 0.999826625 0.018648313 0.300667594 0.729602163 -0.012369028 0.683759830 12.168299669
0.658478056 0.011743363 -0.752507759 -5.467179285 0.002352418 0.999841855 0.017661626 0.308860692 0.752595508 -0.013400019 0.658346240 12.429453405
0.632240334 0.007664162 -0.774734032 -5.820634990 0.007495042 0.999843764 0.016007608 0.315898982 0.774735464 -0.015927321 0.632084495 12.674457542
0.618306248 0.005634894 -0.785916871 -6.010235553 0.010092931 0.999835705 0.015109086 0.319393632 0.785872026 -0.017274245 0.618147810 12.787778072
0.589211962 0.002793171 -0.807972986 -6.397511492 0.013815260 0.999813835 0.013531013 0.327041423 0.807860114 -0.019134948 0.589063138 13.020296941
0.559989322 0.003357336 -0.828492202 -6.798733175 0.012883860 0.999835656 0.012760044 0.336274903 0.828399223 -0.017819670 0.559853841 13.250594608
0.544348423 0.004474130 -0.838846491 -7.008170791 0.011025246 0.999861699 0.012487486 0.341052763 0.838786461 -0.016046027 0.544223484 13.353614713
0.514520237 0.005635969 -0.857459443 -7.432936835 0.008669087 0.999893563 0.011774061 0.350336000 0.857434218 -0.013491376 0.514416566 13.551575215
0.485007091 0.005441018 -0.874492637 -7.857688468 0.009586891 0.999887933 0.011538167 0.360489004 0.874457550 -0.013979808 0.484899949 13.749521721
0.470568939 0.005020527 -0.882348731 -8.078889154 0.011091133 0.999871508 0.011604285 0.365841597 0.882292717 -0.015246872 0.470452795 13.836364394
0.444388303 0.004198875 -0.895824007 -8.531561927 0.014615390 0.999822421 0.011936479 0.377376454 0.895714573 -0.018397283 0.444247292 14.029897293
0.421161344 0.006071997 -0.906965142 -8.992283505 0.014534287 0.999804208 0.013442743 0.391139386 0.906868807 -0.018843655 0.420991113 14.229282744
0.390873365 0.006740164 -0.920418880 -9.691931705 0.012790139 0.999837716 0.012753290 0.406208316 0.920355083 -0.016757235 0.390723848 14.491323716
0.370870025 0.003181138 -0.928678566 -10.178535195 0.014885477 0.999845960 0.009369502 0.411684451 0.928565349 -0.017298673 0.370765289 14.672478656
0.360467822 0.000624632 -0.932770626 -10.421849362 0.016950071 0.999830373 0.007219886 0.413672718 0.932617878 -0.018413076 0.360396017 14.763068193
0.338137413 -0.002714323 -0.941092359 -10.920203995 0.020737832 0.999775070 0.004567607 0.420443393 0.940868225 -0.021060707 0.338118118 14.928034119
0.317074933 -0.003848799 -0.948391688 -11.438383258 0.021173710 0.999771208 0.003021701 0.429247079 0.948164168 -0.021039106 0.317084131 15.082687553
0.284001644 -0.007557647 -0.958793177 -12.229337369 0.021010082 0.999778612 -0.001657347 0.438276714 0.958593036 -0.019673602 0.284097988 15.287538429
0.260601357 -0.008529740 -0.965408340 -12.765164550 0.022289655 0.999747831 -0.002816299 0.447742552 0.965189391 -0.020784675 0.260725904 15.417928934
0.249062662 -0.008414898 -0.968450226 -13.031967422 0.022391698 0.999745171 -0.002928171 0.453139681 0.968228040 -0.020956007 0.249187777 15.476127249
0.225388061 -0.006563407 -0.974246525 -13.571395568 0.025237330 0.999681314 -0.000896197 0.467790355 0.973941600 -0.024385352 0.225482378 15.584377728
0.202413741 -0.005382163 -0.979285258 -14.100588921 0.024932595 0.999689364 -0.000340865 0.479401944 0.978982203 -0.024347133 0.202485625 15.672816210
0.190460312 -0.005823277 -0.981677730 -14.373303476 0.023666903 0.999719701 -0.001338507 0.483266924 0.981409240 -0.022978335 0.190544932 15.722955090
0.141737637 -0.013430738 -0.989813014 -15.503316399 0.021676947 0.999711053 -0.010460984 0.489670127 0.989666404 -0.019973451 0.141988173 15.853095221
0.130853418 -0.014291362 -0.991298125 -15.793694773 0.021368032 0.999705266 -0.011591931 0.493237514 0.991171148 -0.019665228 0.131120379 15.878986617
0.110910859 -0.013627669 -0.993736687 -16.390540353 0.022826787 0.999677617 -0.011161428 0.505358295 0.993567512 -0.021445896 0.111186291 15.942465985
0.092287478 -0.010977914 -0.995671899 -16.999109083 0.022783586 0.999701028 -0.008910542 0.520463166 0.995471903 -0.021862599 0.092510016 15.989729149
0.084108042 -0.008835826 -0.996417146 -17.295287496 0.023011333 0.999711763 -0.006922653 0.529236608 0.996191091 -0.022346602 0.084287466 16.007452676
0.067897094 -0.006318591 -0.997671924 -17.901665931 0.022197483 0.999742572 -0.004821029 0.543790401 0.997445209 -0.021818440 0.068019687 16.040752210
0.054923186 -0.008713864 -0.998451691 -18.486131974 0.020616812 0.999758806 -0.007591172 0.549571751 0.998277363 -0.020167924 0.055089823 16.070500194
0.050954956 -0.010697582 -0.998643478 -18.782427496 0.019623914 0.999760805 -0.009708194 0.551277076 0.998507787 -0.019102582 0.051153186 16.088337464
0.045124978 -0.012179068 -0.998906855 -19.369057497 0.020248919 0.999731436 -0.011274350 0.559199082 0.998776209 -0.019718000 0.045360131 16.132023496
0.039712696 -0.010072761 -0.999160395 -19.975441895 0.021419111 0.999728363 -0.009227163 0.573392970 0.998981953 -0.021034670 0.039917724 16.165328823
0.037912533 -0.007567859 -0.999251947 -20.271609873 0.020988821 0.999757002 -0.006775347 0.582796245 0.999060047 -0.020716232 0.038062003 16.183042213
0.035307250 -0.002814112 -0.999371876 -20.877921554 0.019899480 0.999799812 -0.002112254 0.601378964 0.999177858 -0.019812417 0.035355800 16.216276912
0.033496432 0.000879987 -0.999438151 -21.498232483 0.017339389 0.999848791 0.001461454 0.618318232 0.999288370 -0.017378611 0.033475917 16.247342374
0.033096853 0.001837016 -0.999450434 -21.808411966 0.017116566 0.999851026 0.002404525 0.625338252 0.999305629 -0.017186734 0.033060458 16.262898433
0.033468217 0.003143121 -0.999434685 -22.442756596 0.017243019 0.999844638 0.003721838 0.638554621 0.999290749 -0.017357800 0.033409860 16.291828122
0.033845102 0.005491871 -0.999411954 -23.085155000 0.015372708 0.999864545 0.006014949 0.653699145 0.999308342 -0.015567250 0.033756433 16.326615188
0.034223806 0.007387973 -0.999386399 -23.395308146 0.014504213 0.999864039 0.007888175 0.662308742 0.999308206 -0.014765294 0.034111300 16.342145667
0.034209788 0.009037268 -0.999373693 -24.037726096 0.013076860 0.999869795 0.009489380 0.676273580 0.999329110 -0.013393304 0.034086940 16.376951718
0.034012276 0.011206418 -0.999358098 -24.694098073 0.011079392 0.999871865 0.011589248 0.691324239 0.999359757 -0.011466457 0.033884040 16.409544611
0.034119215 0.012746357 -0.999335654 -25.018229761 0.010428670 0.999859965 0.013109081 0.699540051 0.999363672 -0.010869011 0.033981572 16.422885742
0.033442782 0.015662894 -0.999317970 -25.696629914 0.009193466 0.999830108 0.015978594 0.716375014 0.999398590 -0.009721549 0.033292829 16.459142643
0.033711466 0.017508313 -0.999277235 -26.361090948 0.009806037 0.999792605 0.017848141 0.731224395 0.999383542 -0.010400638 0.033532742 16.497627182
0.033467100 0.018654109 -0.999265181 -26.699202337 0.009223323 0.999777456 0.018972583 0.738976441 0.999396842 -0.009851503 0.033288102 16.508780092
0.032436323 0.020510047 -0.999262348 -27.377632141 0.008649274 0.999746295 0.020800724 0.754021880 0.999436020 -0.009317605 0.032250667 16.545065792
0.031776511 0.021350033 -0.999266153 -28.048009494 0.007995588 0.999734692 0.021614277 0.767059186 0.999462678 -0.008676562 0.031596986 16.575495401
0.031453500 0.021436613 -0.999274807 -28.380264361 0.007485857 0.999737530 0.021682151 0.773014268 0.999477288 -0.008162417 0.031285085 16.594761320
0.029246053 0.022275030 -0.999323527 -29.036673111 0.005685232 0.999731993 0.022450518 0.785845519 0.999555657 -0.006337993 0.029111763 16.627389929
0.027649799 0.023183104 -0.999347928 -29.707047980 0.004830250 0.999716879 0.023325281 0.799032785 0.999605723 -0.005472063 0.027530181 16.657817124
0.026438415 0.023376802 -0.999376835 -30.039299202 0.005071784 0.999711156 0.023518755 0.805207809 0.999637067 -0.005690418 0.026312139 16.677079504
0.023098503 0.022533008 -0.999478929 -30.693560061 0.004721273 0.999732354 0.022647844 0.814928662 0.999721551 -0.005241905 0.022985559 16.695785669
0.020399388 0.022497026 -0.999538787 -31.361766832 0.002546175 0.999742939 0.022553620 0.826225206 0.999788360 -0.003005086 0.020337650 16.712270793
0.018808638 0.021603326 -0.999588998 -31.677885493 0.001034466 0.999765916 0.021626589 0.830053519 0.999822218 -0.001440763 0.018782120 16.719794124
0.013837144 0.019299452 -0.999717854 -32.352042540 -0.000934596 0.999814009 0.019288357 0.837488534 0.999903925 0.000667461 0.013852944 16.728257299
0.009622033 0.019083423 -0.999771032 -33.012170855 -0.001143835 0.999818294 0.019073312 0.848346528 0.999953469 0.000959979 0.009641939 16.738861074
0.007879931 0.019543052 -0.999777487 -33.350300630 -0.001578477 0.999808147 0.019531184 0.854988869 0.999967030 0.001424200 0.007909177 16.750031842
0.004181790 0.020158359 -0.999786982 -34.016291763 -0.002298866 0.999794659 0.020148848 0.867263927 0.999988532 0.002214102 0.004227115 16.752528722
0.001372539 0.019235494 -0.999813572 -34.668358684 -0.003065153 0.999811208 0.019231217 0.876653644 0.999993796 0.003038146 0.001430875 16.757267718
0.000049247 0.018472174 -0.999828986 -34.998442304 -0.002547350 0.999826938 0.018471966 0.880907953 0.999996661 0.002546041 0.000096743 16.762588509
-0.003043469 0.017084764 -0.999849343 -35.658605735 -0.000993435 0.999853782 0.017087846 0.889646511 0.999994897 0.001045292 -0.003026272 16.773226391
-0.006444281 0.015954449 -0.999851461 -36.330533562 -0.002136092 0.999870711 0.015968470 0.898879822 0.999977235 0.002238753 -0.006409814 16.767688130
-0.007722467 0.016136002 -0.999839450 -36.660589686 -0.002064056 0.999867893 0.016152406 0.904793689 0.999967602 0.002188444 -0.007688543 16.772982214
-0.012595673 0.018364150 -0.999751692 -37.332422102 -0.000566393 0.999831600 0.018372755 0.919785467 0.999920474 0.000797651 -0.012582282 16.767351284
-0.018630652 0.018560656 -0.999654139 -38.018281925 0.001164802 0.999827336 0.018542193 0.931434245 0.999825294 -0.000818919 -0.018648884 16.759578466
-0.022166179 0.017657106 -0.999597442 -38.360142198 0.001389663 0.999844421 0.017630631 0.935443504 0.999753020 -0.000998357 -0.022187431 16.748735019
-0.028773784 0.015865267 -0.999459332 -39.037975247 0.001288681 0.999873779 0.015834759 0.943534562 0.999584926 -0.000832427 -0.028791515 16.735131048
-0.034374716 0.014041128 -0.999310377 -39.701842838 0.002600318 0.999899308 0.013959979 0.951229615 0.999405438 -0.002118606 -0.034407332 16.723729133
-0.038078336 0.012802245 -0.999191726 -40.035630950 0.002791440 0.999915828 0.012705115 0.954420425 0.999270151 -0.002305421 -0.038110849 16.707010450
-0.043628651 0.010364304 -0.998993166 -40.689237743 0.003045794 0.999943544 0.010241098 0.960645975 0.999043214 -0.002595940 -0.043657741 16.675771279
-0.050725004 0.009463937 -0.998667579 -41.356768416 0.003114650 0.999951786 0.009317915 0.969776863 0.998707082 -0.002637846 -0.050751962 16.642289670
-0.054571972 0.009280968 -0.998466361 -41.696413217 0.003398778 0.999952656 0.009109004 0.974754639 0.998503859 -0.002896472 -0.054600229 16.617458139
-0.062085920 0.008305793 -0.998035856 -42.363946706 0.003860375 0.999960498 0.008081649 0.983715572 0.998063260 -0.003351055 -0.062115581 16.583979264
-0.069971763 0.006964569 -0.997524689 -43.037377631 0.004383710 0.999968791 0.006674141 0.992004126 0.997539439 -0.003905810 -0.069999888 16.542427119
-0.073656770 0.006137238 -0.997264766 -43.363072214 0.004534707 0.999973474 0.005818993 0.995666142 0.997273237 -0.004093671 -0.073682950 16.519812446
-0.081237342 0.003845398 -0.996686777 -44.020364119 0.004108605 0.999986024 0.003523248 1.001997882 0.996685561 -0.003808761 -0.081252354 16.466514978
-0.088840096 0.002006092 -0.996042974 -44.689415946 0.003437166 0.999993129 0.001707416 1.009094302 0.996039566 -0.003271911 -0.088846877 16.397037022
-0.093168671 0.001406717 -0.995648977 -45.020989579 0.003315575 0.999994241 0.001102630 1.013193645 0.995644393 -0.003198393 -0.093172901 16.366331220
-0.100878078 0.000428696 -0.994898770 -45.703986986 0.003199660 0.999994855 0.000106457 1.021885751 0.994893217 -0.003172639 -0.100879140 16.294631901
-0.108680089 0.000472750 -0.994076327 -46.392845719 0.004170973 0.999991494 0.000019588 1.032084899 0.994067786 -0.004144170 -0.108681233 16.214824238
-0.112036286 0.000399413 -0.993703623 -46.730293103 0.004456728 0.999989951 -0.000100513 1.036941482 0.993693953 -0.004439910 -0.112037440 16.176022159
-0.119277992 0.000653720 -0.992860315 -47.405181907 0.006515385 0.999978854 -0.000124305 1.047014552 0.992839597 -0.006483702 -0.119279742 16.098412210
-0.125419731 0.000333163 -0.992103383 -48.066113537 0.007045916 0.999974893 -0.000554917 1.056191751 0.992078568 -0.007059908 -0.125418356 16.023012362
-0.129254828 0.000147371 -0.991611070 -48.403567877 0.008200908 0.999966804 -0.000920440 1.060628446 0.991577430 -0.008251078 -0.129251597 15.984217040
-0.136915531 -0.001107922 -0.990581324 -49.068215097 0.008045605 0.999965209 -0.002230422 1.068072323 0.990549713 -0.008275181 -0.136901597 15.886788497
-0.145535664 -0.001846947 -0.989350979 -49.746823135 0.009502704 0.999949681 -0.003264678 1.076192131 0.989307430 -0.009876649 -0.145510316 15.787153392
-0.149291568 -0.002174526 -0.988790226 -50.087972029 0.010207015 0.999941648 -0.003740129 1.080165167 0.988740538 -0.010650964 -0.149260588 15.726308942
-0.157324302 -0.002456184 -0.987543455 -50.778338996 0.011080711 0.999929854 -0.004252330 1.089109640 0.987484779 -0.011611696 -0.157285863 15.610492384
-0.165550960 -0.002040221 -0.986198273 -51.454714666 0.011365771 0.999927852 -0.003976545 1.099217692 0.986135095 -0.011867231 -0.165515870 15.496852785
-0.169267437 -0.001727616 -0.985568119 -51.789958007 0.011851156 0.999923366 -0.003788251 1.104352976 0.985498311 -0.012321376 -0.169233998 15.444073724
-0.175316415 -0.000604667 -0.984511615 -52.444275521 0.014500413 0.999890298 -0.003196194 1.114486244 0.984405122 -0.014836162 -0.175288098 15.326740996
-0.182659856 0.001553481 -0.983174789 -53.098556593 0.015772214 0.999874787 -0.001350362 1.126818925 0.983049071 -0.015753524 -0.182661049 15.209372875
-0.186039299 0.002357988 -0.982539078 -53.431589762 0.016033733 0.999871551 -0.000636386 1.132602811 0.982411448 -0.015872185 -0.186053803 15.142610878
-0.192126548 0.002548899 -0.981366243 -54.055781595 0.014867709 0.999890041 -0.000313696 1.141662918 0.981257578 -0.014650938 -0.192143290 15.015714291
-0.199916013 0.002287333 -0.979809996 -54.716012447 0.014939733 0.999888283 -0.000714024 1.150164063 0.979699231 -0.014780861 -0.199928012 14.890323737
-0.203851935 0.001562657 -0.979000144 -55.041010559 0.015619411 0.999876639 -0.001656314 1.152890094 0.978877567 -0.015629010 -0.203851625 14.817722542
-0.211892623 0.000126340 -0.977292628 -55.699082919 0.016021783 0.999866560 -0.003344591 1.158920672 0.977161882 -0.016366667 -0.211866268 14.678399249
-0.220119497 0.000685129 -0.975472666 -56.362982981 0.016222840 0.999864542 -0.002958517 1.168487750 0.975337658 -0.016476178 -0.220101044 14.530934953
-0.224385336 0.001433207 -0.974498832 -56.707787171 0.015807637 0.999872563 -0.002169277 1.174366495 0.974372221 -0.015891260 -0.224379908 14.448003247
-0.231485131 0.002509597 -0.972834692 -57.377546572 0.014237242 0.999898563 -0.000808279 1.185560582 0.972733894 -0.014037585 -0.231496914 14.292428678
-0.239965326 0.003908710 -0.970773512 -58.039227351 0.014582255 0.999894106 0.000421350 1.196326115 0.970671726 -0.014054991 -0.239997349 14.130972598
-0.243921552 0.004073974 -0.969785772 -58.370083312 0.014742686 0.999891403 0.000492326 1.200769132 0.969682614 -0.014177127 -0.243955622 14.050259681
-0.252649323 0.003487728 -0.967551774 -59.035509662 0.014502811 0.999894704 -0.000182710 1.207991826 0.967449294 -0.014078355 -0.252673209 13.866804025
-0.260209245 0.003088364 -0.965546804 -59.714896666 0.013916022 0.999903335 -0.000552046 1.215900448 0.965451804 -0.013580220 -0.260226915 13.681141647
-0.264079718 0.003412777 -0.964494227 -60.051636811 0.014318788 0.999897632 -0.000382474 1.220470873 0.964394320 -0.013911384 -0.264101673 13.592342589
-0.271953751 0.003987175 -0.962301748 -60.689101936 0.015371297 0.999882068 -0.000201146 1.228731070 0.962187239 -0.014846549 -0.271983422 13.413261606
-0.279626307 0.003809389 -0.960100725 -61.326578822 0.015123845 0.999886293 -0.000437541 1.236281456 0.959989592 -0.014642771 -0.279651986 13.234192046
-0.283242949 0.003836364 -0.959039416 -61.641274062 0.015154142 0.999885436 -0.000475919 1.240077309 0.958928131 -0.014668226 -0.283268768 13.141712730
-0.289765286 0.004510666 -0.957086886 -62.276535144 0.015421150 0.999881002 0.000043490 1.248616206 0.956973211 -0.014746788 -0.289800676 12.948654764
-0.296058998 0.004850767 -0.955156810 -62.891946254 0.015222512 0.999884410 0.000359576 1.256651685 0.955047890 -0.014433453 -0.296098925 12.765884675
-0.299052272 0.004820271 -0.954224533 -63.192673056 0.015074158 0.999886281 0.000326687 1.260231485 0.954117083 -0.014286443 -0.299091055 12.675604520
-0.304111906 0.005092434 -0.952622678 -63.805887907 0.014528853 0.999894409 0.000707009 1.268075789 0.952525337 -0.013625454 -0.304153453 12.478865009
-0.308395449 0.006161518 -0.951238385 -64.427169453 0.014893872 0.999888153 0.001647990 1.277068454 0.951141623 -0.013659389 -0.308452264 12.287995425
-0.309613923 0.005909681 -0.950843754 -64.733785244 0.014275897 0.999897499 0.001566046 1.280485741 0.950754798 -0.013089280 -0.309665894 12.189633795
-0.312725493 0.006706390 -0.949819585 -65.327141509 0.015040728 0.999884651 0.002107769 1.288346487 0.949724612 -0.013626825 -0.312790349 12.003173795
-0.315572929 0.007121487 -0.948874421 -65.926394880 0.015692975 0.999875041 0.002285126 1.295554849 0.948770971 -0.014169555 -0.315645498 11.808640202
-0.316662748 0.007263446 -0.948509694 -66.227121516 0.016035576 0.999868684 0.002303220 1.299144647 0.948402871 -0.014480554 -0.316737551 11.718359886
-0.319806103 0.008305024 -0.947445746 -66.820481260 0.017901055 0.999836532 0.002721815 1.306795449 0.947313464 -0.016089850 -0.319902850 11.531903265
-0.321921870 0.008280245 -0.946728895 -67.411657334 0.017643416 0.999841289 0.002745342 1.313495279 0.946601349 -0.015819769 -0.322017107 11.331489449
-0.322564132 0.007870790 -0.946514792 -67.698428121 0.017593993 0.999842698 0.002318368 1.316109227 0.946383934 -0.015905146 -0.322651294 11.243420522
-0.324714701 0.007670039 -0.945780507 -68.311666991 0.018019120 0.999835769 0.001921900 1.322503916 0.945639982 -0.016418061 -0.324800062 11.046704339
-0.326787013 0.008028451 -0.945063373 -68.910929969 0.019403503 0.999810324 0.001784134 1.329132433 0.944898269 -0.017754524 -0.326880476 10.852180078
-0.327550395 0.008498374 -0.944795719 -69.209455212 0.020091428 0.999796469 0.002027639 1.332840974 0.944620114 -0.018318125 -0.327654089 10.747925353
-0.329001684 0.010046512 -0.944275978 -69.794713145 0.021428564 0.999765770 0.003170819 1.341462850 0.944085695 -0.019191271 -0.329139428 10.555564698
-0.329656086 0.010971988 -0.944036778 -70.360127731 0.022106976 0.999748114 0.003899751 1.349181413 0.943842025 -0.019584223 -0.329816339 10.373498355
-0.330739592 0.011166932 -0.943655697 -70.658654465 0.022116542 0.999747897 0.004079134 1.352799977 0.943463246 -0.019521268 -0.330902394 10.269245078
-0.332646540 0.011105710 -0.942986199 -71.263807922 0.022580488 0.999737786 0.003808627 1.359176004 0.942780478 -0.020026165 -0.332810267 10.066640789
-0.334631117 0.010551470 -0.942290175 -71.868956742 0.021097842 0.999771256 0.003702747 1.365831956 0.942112599 -0.018641240 -0.334776469 9.864031995
-0.335442599 0.010275088 -0.942004435 -72.167494243 0.020773843 0.999778840 0.003507814 1.368800694 0.941831486 -0.018392381 -0.335581282 9.759789176
-0.336283329 0.011028435 -0.941696288 -72.758656072 0.021409961 0.999762873 0.004062902 1.376360295 0.941517087 -0.018795398 -0.336438834 9.559361524
-0.337008302 0.013158803 -0.941408681 -73.363751390 0.022676313 0.999726265 0.005856185 1.386245387 0.941228426 -0.019374108 -0.337214663 9.356700765
-0.337492347 0.013851718 -0.941226071 -73.642415728 0.023503282 0.999704699 0.006284816 1.390110333 0.941034523 -0.020000833 -0.337718023 9.262723299
-0.338534022 0.014174648 -0.940847506 -74.165931625 0.023134785 0.999709642 0.006737162 1.396780844 0.940670102 -0.019485528 -0.338763759 9.087260874
-0.339204528 0.015646464 -0.940582116 -74.673243735 0.022295474 0.999715245 0.008589640 1.405403499 0.940447982 -0.018057091 -0.339456844 8.899990221
-0.339837301 0.016188484 -0.940344572 -74.932049652 0.022410867 0.999707544 0.009111231 1.409274891 0.940216806 -0.017977601 -0.340100787 8.816292426
-0.340381759 0.015758675 -0.940154958 -75.407798743 0.022379035 0.999712794 0.008654652 1.413800199 0.940020875 -0.018093880 -0.340636610 8.655535667
-0.341088718 0.015767901 -0.939898286 -75.917358791 0.022340261 0.999713470 0.008664076 1.419494859 0.939765173 -0.018042373 -0.341343141 8.482284630
-0.341733275 0.015990689 -0.939660362 -76.168088406 0.022068399 0.999716841 0.008986899 1.422797734 0.939537954 -0.017665687 -0.341989035 8.392707578
-0.342580091 0.015290882 -0.939363706 -76.683538934 0.020326642 0.999754299 0.008860912 1.428239904 0.939268488 -0.016058535 -0.342807024 8.211376513
-0.343114150 0.014640356 -0.939178908 -77.232834706 0.020704990 0.999753854 0.008020377 1.432781978 0.939065806 -0.016693790 -0.343332846 8.017584474
-0.343915692 0.014591325 -0.938887195 -77.511509480 0.020372991 0.999760184 0.008074704 1.436017092 0.938779962 -0.016350906 -0.344130641 7.923617144
-0.344863257 0.015233477 -0.938528963 -78.040910722 0.020811130 0.999746972 0.008580051 1.442745030 0.938421692 -0.016572913 -0.345092506 7.740069704
-0.345725421 0.014839974 -0.938217872 -78.556356115 0.019496910 0.999772831 0.008629151 1.448497117 0.938133230 -0.015309027 -0.345936557 7.558733652
-0.346152424 0.014886773 -0.938060311 -78.840909442 0.018657712 0.999785795 0.008981496 1.452199549 0.937992329 -0.014393086 -0.346355803 7.456674710
-0.347182665 0.015221734 -0.937673795 -79.429876504 0.018127499 0.999790510 0.009518241 1.459478000 0.937622705 -0.013693095 -0.347385401 7.242279085
-0.347821748 0.015262437 -0.937435619 -80.074732889 0.018084119 0.999790934 0.009567773 1.466680912 0.937385631 -0.013624824 -0.348025429 7.019101939
-0.349387184 0.015506242 -0.936849685 -80.970318227 0.017677473 0.999794616 0.009955452 1.477226689 0.936811467 -0.013082831 -0.349589332 6.706347096
-0.349512542 0.014844828 -0.936813629 -81.559324547 0.017954795 0.999796861 0.009144171 1.482135770 0.936759378 -0.013624288 -0.349708816 6.491989600
-0.349587776 0.014318894 -0.936793452 -81.851981341 0.017484434 0.999809506 0.008757315 1.484767155 0.936740599 -0.013317859 -0.349771435 6.395836301
-0.350374921 0.014382141 -0.936498657 -82.407124361 0.016246171 0.999825240 0.009276438 1.491666043 0.936468950 -0.011964278 -0.350547368 6.193922244
-0.350837706 0.014203992 -0.936328737 -82.962273509 0.014885523 0.999843575 0.009589976 1.498195030 0.936317856 -0.010573217 -0.350994014 5.992014139
-0.351132526 0.013845340 -0.936223638 -83.246838597 0.014008008 0.999856484 0.009532670 1.501187651 0.936220637 -0.009767396 -0.351275676 5.889966620
-0.351605740 0.015549710 -0.936018740 -83.796056518 0.013873114 0.999838953 0.011398641 1.510428473 0.936044987 -0.008977669 -0.351765180 5.696098966
-0.352621208 0.017400053 -0.935604022 -84.317339219 0.014376633 0.999810077 0.013175710 1.519137215 0.935655495 -0.008804804 -0.352804228 5.506631243
-0.353047160 0.017813699 -0.935434875 -84.582031475 0.014102491 0.999806554 0.013717039 1.523006050 0.935499183 -0.008349207 -0.353230198 5.414849398
-0.353082370 0.020189103 -0.935373546 -85.103287011 0.013619841 0.999772939 0.016437875 1.533354356 0.935493366 -0.006935726 -0.353277157 5.225355290
-0.352082829 0.022479980 -0.935698231 -85.931151712 0.012377225 0.999735912 0.019361206 1.547519841 0.935886300 -0.004764633 -0.352268170 4.937493116
-0.352211697 0.021735765 -0.935667514 -86.492223309 0.012660098 0.999749918 0.018458784 1.551866852 0.935834271 -0.005344252 -0.352398243 4.727536034
-0.352463156 0.021343435 -0.935582287 -87.075337492 0.013183127 0.999754134 0.017840864 1.557128397 0.935731999 -0.006045619 -0.352658228 4.521256957
-0.352391323 0.020545486 -0.935627220 -87.368014495 0.013776580 0.999765292 0.016765135 1.558540107 0.935751521 -0.006981859 -0.352591484 4.425123286
-0.352635654 0.018121780 -0.935584827 -87.937215399 0.013655817 0.999805895 0.014218617 1.560256486 0.935660258 -0.007762189 -0.352814983 4.221096944
-0.353194150 0.016705777 -0.935400185 -88.520346147 0.012848186 0.999832785 0.013005202 1.564518297 0.935461591 -0.007424825 -0.353350324 4.014833956
-0.352946767 0.016028152 -0.935505222 -88.796853319 0.013250750 0.999838915 0.012131143 1.565832697 0.935549497 -0.008114512 -0.353102069 3.906925037
-0.353312498 0.013998345 -0.935400269 -89.354272270 0.013504056 0.999860928 0.009862330 1.568114041 0.935407822 -0.009147220 -0.353452656 3.719057785
-0.353130477 0.013359262 -0.935478372 -89.869762883 0.015603079 0.999843499 0.008388480 1.571136855 0.935443716 -0.011634122 -0.353283454 3.537765655
-0.353112232 0.012352409 -0.935499212 -90.148477245 0.016202583 0.999843749 0.007086206 1.571982605 0.935440386 -0.012655271 -0.353258086 3.443836775
-0.352342071 0.010135573 -0.935816421 -90.664009434 0.017716213 0.999834912 0.004158641 1.572496088 0.935703502 -0.015113857 -0.352463555 3.262585026
-0.352485600 0.009409796 -0.935769059 -91.165527799 0.019324772 0.999809884 0.002774471 1.575532789 0.935617225 -0.017105582 -0.352601335 3.083488356
-0.352086582 0.008994550 -0.935923938 -91.396426325 0.019509111 0.999807059 0.002269325 1.577192548 0.935763824 -0.017460033 -0.352194561 3.004217521
-0.352147698 0.008218628 -0.935908197 -91.911908159 0.020481160 0.999790501 0.001073292 1.580745221 0.935720296 -0.018790538 -0.352242032 2.822916863
-0.352293324 0.008655179 -0.935849384 -92.407503247 0.022007634 0.999757668 0.000961635 1.586013885 0.935630929 -0.020257048 -0.352398224 2.651868366
-0.351466466 0.009362497 -0.936153195 -92.658237998 0.023583359 0.999721121 0.001144187 1.589006842 0.935903226 -0.021675490 -0.351588861 2.562296301
-0.350893285 0.011396346 -0.936345380 -93.147915772 0.026831522 0.999637857 0.002111598 1.596147564 0.936030651 -0.024382628 -0.351073015 2.399301769
