1.000000000 0.000000000 0.000000000 -0.000000000 0.000000000 1.000000000 0.000000000 -0.000000000 0.000000000 -0.000000000 1.000000000 -0.000000000
0.999954853 0.003105273 -0.008898837 -0.020035377 -0.003073343 0.999989560 0.003603127 0.014861047 0.008909913 -0.003575628 0.999953950 1.199800328
0.999896546 0.001834182 -0.014202481 -0.020538565 -0.001819627 0.999998078 0.001034871 0.019282899 0.014204384 -0.001008924 0.999898302 2.384854378
0.999845972 0.002422007 -0.017357512 -0.025728713 -0.002439296 0.999997404 -0.000973472 0.020269431 0.017355092 0.001015652 0.999848631 2.978598131
0.999726559 0.003096205 -0.023143156 -0.045349155 -0.003166636 0.999991118 -0.003006538 0.025576411 0.023133684 0.003078994 0.999726834 4.185462437
0.999580452 0.002750012 -0.028800596 -0.074961935 -0.002781435 0.999996435 -0.001050341 0.037443629 0.028797662 0.001129989 0.999584386 5.394694298
0.999462396 0.003128062 -0.032622377 -0.089932884 -0.003104688 0.999995146 0.000765954 0.044799634 0.032624670 -0.000664269 0.999467477 5.995802779
0.999276416 -0.000250210 -0.038031900 -0.119785335 0.000410756 0.999991895 0.004212580 0.059057379 0.038030531 -0.004225165 0.999266946 7.200021375
0.999061734 -0.003975518 -0.043120457 -0.149504599 0.004209642 0.999977806 0.005339745 0.069441229 0.043098262 -0.005516263 0.999055203 8.406266620
0.998910386 -0.005260333 -0.046360669 -0.174679882 0.005520890 0.999969713 0.005493333 0.073775764 0.046330406 -0.005743303 0.998909045 9.001819502
0.998548613 -0.007043546 -0.053377521 -0.235151089 0.007270966 0.999965370 0.004067256 0.079419051 0.053347096 -0.004449470 0.998565653 10.189368008
0.998102546 -0.009589202 -0.060807401 -0.295654961 0.009624633 0.999953964 0.000289324 0.081077083 0.060801765 -0.000874037 0.998148869 11.374947355
0.997794819 -0.010185134 -0.065575295 -0.330854531 0.010082179 0.999947775 -0.001901290 0.081391628 0.065591330 0.001235944 0.997845685 11.968948564
0.997310454 -0.010560559 -0.072527725 -0.410847007 0.010342295 0.999941136 -0.003384661 0.086811734 0.072558775 0.002625420 0.997359926 13.168323878
0.996842030 -0.010588536 -0.078696796 -0.491982871 0.010454284 0.999944001 -0.002118104 0.096617450 0.078714985 0.001288680 0.996895942 14.341689066
0.996485761 -0.010010159 -0.083156932 -0.547625434 0.010021128 0.999949961 -0.000285876 0.103381234 0.083155246 -0.000548461 0.996536320 14.927485161
0.995814606 -0.011386668 -0.090679081 -0.638732175 0.011615403 0.999931132 0.001994843 0.114799880 0.090649495 -0.003039782 0.995877655 16.102254938
0.994911744 -0.011282238 -0.100112630 -0.750565040 0.011737736 0.999923277 0.003961556 0.125377966 0.100060682 -0.005116498 0.994967968 17.259880526
0.994712612 -0.010860113 -0.102114461 -0.806386909 0.011375793 0.999926090 0.004468795 0.129812787 0.102058628 -0.005606802 0.994762319 17.840697880
0.993938956 -0.009886392 -0.109481472 -0.919832249 0.010370489 0.999939239 0.003852933 0.135677666 0.109437436 -0.004964970 0.993980786 18.958391721
0.993106575 -0.011074244 -0.116684836 -1.043874657 0.011428287 0.999932427 0.002365348 0.139800350 0.116650365 -0.003682565 0.993166233 20.061528205
0.992635427 -0.012520300 -0.120486893 -1.100969854 0.012845543 0.999916585 0.001922909 0.142432236 0.120452332 -0.003456480 0.992712911 20.611384924
0.991664661 -0.011988597 -0.128280991 -1.234973778 0.012468978 0.999918627 0.002942064 0.150705419 0.128235797 -0.004517083 0.991733196 21.716906589
0.990612953 -0.012725998 -0.136101611 -1.379742513 0.013538336 0.999896206 0.005044402 0.160542521 0.136023304 -0.006839643 0.990682028 22.804849246
0.990014600 -0.011915008 -0.140458225 -1.457032718 0.012994930 0.999893205 0.006773656 0.166583189 0.140362437 -0.008531281 0.990062661 23.351518871
0.988581212 -0.011306890 -0.150261556 -1.612483595 0.012948701 0.999867186 0.009952203 0.178059888 0.150129399 -0.011784257 0.988595395 24.423880276
0.987001067 -0.010965641 -0.160336038 -1.768447067 0.012392813 0.999892155 0.007903628 0.180569913 0.160231782 -0.009787911 0.987030345 25.481319938
0.986085793 -0.009813855 -0.165944481 -1.866551208 0.011233512 0.999907897 0.007618317 0.182826811 0.165855124 -0.009376445 0.986105726 26.007869438
0.984435705 -0.008446407 -0.175537992 -2.043151968 0.009823977 0.999928097 0.006980055 0.187359495 0.175466677 -0.008595898 0.984447466 27.051141434
0.982741131 -0.006442788 -0.184869621 -2.230334808 0.007813283 0.999947974 0.006685687 0.192247602 0.184816565 -0.008014756 0.982739539 28.080839884
0.981942314 -0.005318645 -0.189105411 -2.329399373 0.006659489 0.999957397 0.006455627 0.194394124 0.189062765 -0.007598399 0.981935330 28.584409612
0.979740597 -0.007240969 -0.200139319 -2.527347434 0.008481857 0.999950682 0.005343234 0.197608657 0.200090262 -0.006932546 0.979752407 29.595553580
0.977177900 -0.010733861 -0.212148169 -2.736121873 0.011914580 0.999920580 0.004287779 0.200661610 0.212085062 -0.006717594 0.977227403 30.587132850
0.975712538 -0.011823872 -0.218731971 -2.845971228 0.013039647 0.999906541 0.004115354 0.202664394 0.218663299 -0.006867594 0.975776115 31.072136905
0.972822851 -0.012067280 -0.231233580 -3.076086802 0.013399715 0.999902164 0.004192472 0.207186737 0.231160289 -0.007177009 0.972888459 32.032566910
0.969945916 -0.011276331 -0.243057292 -3.316279098 0.012730219 0.999909845 0.004411701 0.211788647 0.242985216 -0.007373295 0.970001409 32.991415254
0.968410972 -0.011774115 -0.249078517 -3.445935230 0.013161357 0.999905773 0.003904673 0.213003410 0.249009298 -0.007059544 0.968475207 33.481256160
0.965366025 -0.010921344 -0.260667770 -3.706044112 0.012141762 0.999922476 0.003071903 0.215593903 0.260613781 -0.006130491 0.965423477 34.441952837
0.961648396 -0.009495593 -0.274119014 -3.986805272 0.010553673 0.999941615 0.002385277 0.218109439 0.274080463 -0.005186762 0.961692668 35.387498037
0.959544231 -0.009682861 -0.281389339 -4.127423682 0.010801132 0.999938920 0.002423225 0.219979005 0.281348854 -0.005364528 0.959589785 35.854770806
0.955590440 -0.010133550 -0.294523831 -4.418431252 0.011224389 0.999935141 0.002013374 0.222762716 0.294484317 -0.005229815 0.955641395 36.794736342
0.951139959 -0.010017881 -0.308595842 -4.720435657 0.011120674 0.999937146 0.001814832 0.225633449 0.308557478 -0.005157971 0.951191008 37.711138739
0.949160564 -0.008772747 -0.314668374 -4.871073979 0.009671734 0.999952544 0.001295574 0.226410551 0.314641901 -0.004273100 0.949200625 38.177837576
0.944600506 -0.008322966 -0.328115549 -5.202657217 0.008243863 0.999965044 -0.001632174 0.224370342 0.328117480 -0.001163201 0.944635470 39.103520838
0.940100363 -0.011104905 -0.340715992 -5.534420810 0.008988319 0.999930136 -0.007790145 0.216813671 0.340778790 0.004261089 0.940133379 40.023249519
0.937970597 -0.011215600 -0.346530916 -5.705415951 0.008173030 0.999915091 -0.010240314 0.214033251 0.346616294 0.006772888 0.937982247 40.480817287
0.933546466 -0.010141457 -0.358311320 -6.057637756 0.006376231 0.999911389 -0.011688413 0.214115691 0.358398569 0.008626976 0.933528053 41.392332151
0.928424255 -0.010028486 -0.371385149 -6.430138135 0.006431067 0.999920446 -0.010923840 0.217601228 0.371464604 0.007753505 0.928413872 42.298661652
0.925818385 -0.011250196 -0.377798476 -6.611707527 0.007484655 0.999906854 -0.011433910 0.217833785 0.377891846 0.007758084 0.925817088 42.743635589
0.920703938 -0.016277268 -0.389920212 -6.994325913 0.010738837 0.999808486 -0.016379990 0.211548582 0.390112705 0.010893804 0.920701970 43.644458861
0.915865464 -0.021181186 -0.400925809 -7.376880429 0.014180288 0.999691293 -0.020421335 0.206808897 0.401234593 0.013017922 0.915882459 44.547269139
0.913458281 -0.021579505 -0.406358158 -7.578225494 0.014375726 0.999681039 -0.020772338 0.207091187 0.406676388 0.013133023 0.913477676 44.998072954
0.908862769 -0.019777140 -0.416626303 -8.000421340 0.014262638 0.999765234 -0.016344938 0.216025184 0.416851161 0.008913168 0.908930232 45.914442003
0.903128962 -0.018190604 -0.428981962 -8.433211670 0.014894547 0.999828528 -0.011039662 0.226284498 0.429108456 0.003580679 0.903244967 46.817230411
0.900307344 -0.018293505 -0.434868298 -8.645029644 0.015341246 0.999830043 -0.010298614 0.228195600 0.434982960 0.002600537 0.900435195 47.257448831
0.894500906 -0.020371211 -0.446600160 -9.078953159 0.015561419 0.999775058 -0.014435563 0.222425674 0.446793112 0.005962917 0.894616833 48.128381515
0.888991590 -0.023752735 -0.457306152 -9.523437318 0.014796414 0.999623264 -0.023157168 0.208796371 0.457683765 0.013820059 0.889006814 48.983802433
0.886026864 -0.026753714 -0.462861081 -9.745944290 0.016152526 0.999509125 -0.026852532 0.203074544 0.463351922 0.016315700 0.886023850 49.405509964
0.880673008 -0.028461351 -0.472868942 -10.200199506 0.016079321 0.999414904 -0.030207354 0.198322286 0.473451952 0.018999297 0.880614800 50.269276422
0.874564858 -0.027117715 -0.484148331 -10.665061687 0.015440375 0.999486145 -0.028090952 0.202410219 0.484660886 0.017091965 0.874534286 51.121405578
0.871469461 -0.026656508 -0.489724330 -10.907833751 0.015826313 0.999530622 -0.026243091 0.205576582 0.490193981 0.015119498 0.871481668 51.539885933
0.865148231 -0.025023257 -0.500891446 -11.374162481 0.015113960 0.999602368 -0.023832524 0.209889988 0.501288276 0.013048232 0.865181965 52.357042994
0.859960270 -0.023533722 -0.509817777 -11.860002301 0.012023564 0.999593808 -0.025861087 0.206645320 0.510218993 0.016109616 0.859893504 53.184082207
0.857593352 -0.023004352 -0.513813079 -12.112983201 0.010348760 0.999569224 -0.027479647 0.203872685 0.514223480 0.018249052 0.857461684 53.596029149
0.853888636 -0.022752263 -0.519957425 -12.608715448 0.009477671 0.999558888 -0.028174220 0.202646589 0.520368403 0.019129610 0.853727100 54.426468294
0.849488116 -0.023488015 -0.527084356 -13.104850762 0.011766681 0.999604142 -0.025580636 0.206777170 0.527476441 0.015528305 0.849427213 55.248875011
0.847056449 -0.025439382 -0.530893412 -13.357827262 0.015330787 0.999608293 -0.023438735 0.210199552 0.531281365 0.011714845 0.847114241 55.662774947
0.842565451 -0.022919788 -0.538104808 -13.873991018 0.012773835 0.999663704 -0.022578068 0.211255302 0.538441227 0.012149788 0.842575252 56.484040308
0.838590107 -0.024043075 -0.544232365 -14.400665412 0.010049016 0.999538329 -0.028673416 0.200542099 0.544670053 0.018576223 0.838443964 57.289822503
0.835767406 -0.028912994 -0.548320474 -14.644428828 0.012796796 0.999367735 -0.033191433 0.192937867 0.548933106 0.020723563 0.835608390 57.681404444
0.830860635 -0.032299575 -0.555541950 -15.162322849 0.012539777 0.999147923 -0.039336912 0.182141967 0.556339498 0.025717069 0.830556302 58.457794499
0.825674009 -0.028651718 -0.563419789 -15.700410010 0.009177924 0.999260324 -0.037365713 0.184417333 0.564073210 0.025680871 0.825324784 59.233924245
0.818380149 -0.022752744 -0.574225611 -16.502770032 0.007668182 0.999559414 -0.028677320 0.197272124 0.574625847 0.019065668 0.818194029 60.395343293
0.813152427 -0.022143981 -0.581628612 -17.061125945 0.007979968 0.999606801 -0.026900928 0.198913180 0.581995136 0.017233149 0.813009270 61.165318053
0.810816174 -0.023172726 -0.584841052 -17.335310163 0.008437663 0.999575006 -0.027907653 0.196643569 0.585239936 0.017693230 0.810667073 61.549120267
0.806038650 -0.024821669 -0.591342275 -17.903153187 0.007161495 0.999456299 -0.032190829 0.188231560 0.591819183 0.021712074 0.805777480 62.328578199
0.802478035 -0.023903023 -0.596201970 -18.471599175 0.004815988 0.999424375 -0.033586905 0.184457092 0.596662485 0.024081435 0.802130882 63.095013184
0.800917931 -0.023098761 -0.598327492 -18.745977764 0.003960725 0.999438161 -0.033282048 0.184305880 0.598760168 0.024286358 0.800559750 63.474803279
0.797703544 -0.021761651 -0.602656458 -19.315000754 0.002316777 0.999452093 -0.033023406 0.183139172 0.603045020 0.024946661 0.797316398 64.228230165
0.794893313 -0.020877763 -0.606389068 -19.874141931 0.000666445 0.999437957 -0.033536595 0.180783802 0.606748538 0.026253875 0.794459568 64.978251048
0.793507754 -0.020849737 -0.608201661 -20.158704877 0.000261524 0.999424992 -0.033920077 0.179318778 0.608559149 0.026756761 0.793056931 65.353472207
0.790795600 -0.021264603 -0.611709357 -20.737989010 0.000080962 0.999399960 -0.034637110 0.176302631 0.612078884 0.027341392 0.790323428 66.100335765
0.788822584 -0.021490791 -0.614244416 -21.316664628 0.000354148 0.999404614 -0.034511675 0.174753968 0.614620343 0.027005989 0.788360435 66.862175923
0.787805848 -0.020821814 -0.615569973 -21.611112713 -0.000109281 0.999423737 -0.033945654 0.174737579 0.615922567 0.026809854 0.787350386 67.240801184
0.785374247 -0.017903908 -0.618761515 -22.200430288 -0.002950977 0.999461963 -0.032665167 0.174956342 0.619014081 0.027480327 0.784898282 67.988058310
0.783490956 -0.019338316 -0.621102465 -22.779694087 -0.002537185 0.999407802 -0.034317538 0.170350367 0.621397552 0.028463279 0.782977171 68.734933498
0.782813807 -0.020993037 -0.621900923 -23.064477419 -0.001875820 0.999346649 -0.036095369 0.166498544 0.622252385 0.029422556 0.782262780 69.104177183
0.781950214 -0.022829423 -0.622921798 -23.653620498 -0.001946240 0.999235238 -0.039064233 0.159613761 0.623336943 0.031758646 0.781307791 69.853484583
0.780908094 -0.023238746 -0.624212961 -24.242771609 -0.001967919 0.999211231 -0.039661475 0.156626401 0.624642765 0.032200308 0.780246384 70.603762629
0.780063246 -0.023644082 -0.625253253 -24.537625498 -0.001469844 0.999214299 -0.039619358 0.155641686 0.625699057 0.031824556 0.779414704 70.972403418
0.778345667 -0.024822641 -0.627344209 -25.117373780 -0.000405969 0.999198261 -0.040039802 0.152949231 0.627835294 0.031419485 0.777711698 71.708273896
0.777016426 -0.024722874 -0.628994086 -25.716745697 -0.000265323 0.999216022 -0.039602449 0.151497751 0.629480127 0.030938650 0.776399917 72.453962161
0.776395013 -0.024613079 -0.629764190 -26.011531879 0.000200276 0.999247588 -0.038806788 0.151758588 0.630245090 0.030003179 0.775815279 72.824592150
0.775844073 -0.024199065 -0.630459894 -26.600946449 0.001303809 0.999323989 -0.036752759 0.153021553 0.630923031 0.027692326 0.775350776 73.569843326
0.774775805 -0.024676352 -0.631753739 -27.200307724 0.003450417 0.999388634 -0.034804746 0.154007652 0.632226939 0.024786012 0.774386609 74.316512916
0.774638800 -0.025450543 -0.631890967 -27.494765400 0.005320267 0.999416973 -0.033731158 0.154741181 0.632381130 0.022767569 0.774321856 74.695132691
0.774018467 -0.027708312 -0.632555367 -28.084247804 0.009291437 0.999432065 -0.032409559 0.154768594 0.633093509 0.019208235 0.773836773 75.438394595
0.772832169 -0.030781170 -0.633862944 -28.683219160 0.014254526 0.999413281 -0.031153007 0.154695394 0.634450301 0.015040623 0.772816550 76.194064333
0.772562033 -0.030910599 -0.634185649 -28.987906109 0.014820196 0.999420112 -0.030658469 0.154357243 0.634765419 0.014286790 0.772571914 76.567114247
0.770992012 -0.030896747 -0.636093101 -29.577659825 0.014984857 0.999426407 -0.030382037 0.152709936 0.636667340 0.013892608 0.771012918 77.303394312
0.769373992 -0.032019092 -0.637994784 -30.177057500 0.014479497 0.999360845 -0.032693803 0.146733259 0.638633577 0.015915967 0.769345881 78.047117368
0.767511423 -0.032588831 -0.640206234 -30.481980207 0.013310408 0.999301794 -0.034910996 0.141940689 0.640896488 0.018273223 0.767408782 78.413205776
0.764727604 -0.036030205 -0.643344674 -31.082090835 0.014205231 0.999135803 -0.039070787 0.132853175 0.644196581 0.020739617 0.764578785 79.138966787
0.762131289 -0.036484657 -0.646393458 -31.672833805 0.012721904 0.999062870 -0.041390765 0.126810271 0.647297322 0.023321774 0.761880739 79.850300116
0.760988415 -0.033974099 -0.647874382 -31.968195991 0.009687025 0.999111787 -0.041014429 0.126331387 0.648693059 0.024935508 0.760641453 80.206947337
0.758241883 -0.032079976 -0.651183357 -32.578619097 0.009842890 0.999238206 -0.037765563 0.129216469 0.651898306 0.022225854 0.757979623 80.929041377
0.755049841 -0.030433892 -0.654960652 -33.189142522 0.011023234 0.999370176 -0.033729785 0.133405724 0.655574530 0.018247863 0.754909792 81.649127566
0.752841813 -0.029768240 -0.657527763 -33.494873333 0.010484991 0.999392835 -0.033240655 0.132941513 0.658118159 0.018130709 0.752696059 81.997199511
0.749906105 -0.032528311 -0.660743213 -34.096489313 0.008777126 0.999192651 -0.039228483 0.120574166 0.661485059 0.023618270 0.749585357 82.686015757
0.746020376 -0.037562802 -0.664861779 -34.698609780 0.008328929 0.998856908 -0.047086940 0.105145192 0.665870633 0.029590216 0.745480106 83.361865376
0.743231871 -0.038578523 -0.667919410 -34.995059365 0.008168104 0.998785774 -0.048599954 0.101404901 0.668983031 0.030665417 0.742643976 83.691559253
0.738044750 -0.035897056 -0.673794916 -35.578710353 0.006567416 0.998918874 -0.046024763 0.103040429 0.674719152 0.029543195 0.737483250 84.335475756
0.731226325 -0.030527991 -0.681450619 -36.192423173 0.005218981 0.999219934 -0.039163400 0.111371017 0.682114846 0.025080823 0.730814821 84.980594980
0.727697758 -0.027353156 -0.685351327 -36.499586462 0.003610729 0.999343888 -0.036051117 0.115007547 0.685887064 0.023759711 0.727318997 85.295664793
0.721283000 -0.021984311 -0.692290423 -37.113996760 -0.000076722 0.999494042 -0.031819831 0.119017429 0.692639681 0.023004171 0.720916536 85.922830823
0.715286377 -0.021573309 -0.698497614 -37.709066273 0.000068689 0.999525834 -0.030800359 0.117744031 0.698831291 0.021983156 0.714948120 86.532215391
0.712301596 -0.022451874 -0.701513858 -38.006740535 0.000399399 0.999501303 -0.031583410 0.114936194 0.701872959 0.022216711 0.711955398 86.832926935
0.706412672 -0.024847064 -0.707363925 -38.611773304 0.001290327 0.999427219 -0.033817640 0.108140811 0.707798990 0.022976401 0.706039646 87.441769973
0.700946531 -0.025870210 -0.712743472 -39.207427160 0.001552739 0.999395129 -0.034747804 0.103510132 0.713211849 0.023249683 0.700562433 88.036191766
0.698557857 -0.025925585 -0.715082612 -39.505163604 0.001727412 0.999401844 -0.034546184 0.102294280 0.715550239 0.022897223 0.698185296 88.335892508
0.692628018 -0.024589678 -0.720874789 -40.121112020 0.001670767 0.999471234 -0.032487566 0.102316563 0.721292242 0.021297305 0.692302494 88.925119794
0.687638148 -0.024420670 -0.725642090 -40.727099023 0.002791256 0.999515690 -0.030992527 0.101465835 0.726047910 0.019286093 0.687373214 89.512937079
0.684724905 -0.025819407 -0.728343474 -41.035487170 0.004633750 0.999506687 -0.031075749 0.099509838 0.728786465 0.017903372 0.684506982 89.797073978
0.679850099 -0.029613612 -0.732751861 -41.642090900 0.009094920 0.999448354 -0.031953758 0.094564067 0.733293912 0.015059356 0.679744489 90.368934729
0.675617334 -0.032657936 -0.736528775 -42.248584436 0.013282382 0.999395484 -0.032129683 0.090811695 0.737132118 0.011924451 0.675642741 90.943784217
0.673584575 -0.031988301 -0.738417084 -42.566772877 0.013093110 0.999423578 -0.031351482 0.090210028 0.738993083 0.011449667 0.673614588 91.233324218
0.668585085 -0.029576544 -0.743046713 -43.193573123 0.013093889 0.999522468 -0.028003717 0.092060515 0.743519727 0.008993463 0.668653007 91.802972251
0.665020277 -0.027229890 -0.746328061 -43.791354709 0.012927444 0.999605508 -0.024951766 0.093574868 0.746712629 0.006945267 0.665109774 92.348390468
0.662790853 -0.027434634 -0.748301318 -44.090343353 0.013464597 0.999604242 -0.024722060 0.092173749 0.748683200 0.006309946 0.662897301 92.618117898
0.660150912 -0.028655526 -0.750585786 -44.688565224 0.013297848 0.999561253 -0.026465189 0.085607017 0.751014744 0.007489780 0.660241883 93.150606205
0.657888935 -0.031039542 -0.752474064 -45.276844381 0.012972260 0.999469387 -0.029886430 0.076359628 0.753002455 0.009900631 0.657942418 93.680698579
0.656481426 -0.031828671 -0.753669436 -45.576250493 0.012175640 0.999426497 -0.031601911 0.071632597 0.754243539 0.011569592 0.656492433 93.939459626
0.654219546 -0.032181383 -0.755618730 -46.165246643 0.011396248 0.999400835 -0.032696969 0.066129316 0.756217793 0.012779799 0.654194272 94.453538122
0.653344244 -0.032860256 -0.756347514 -46.724756503 0.012623682 0.999392222 -0.032515061 0.062963727 0.756955348 0.011695611 0.653361499 94.955357109
0.653033224 -0.033165612 -0.756601716 -46.994603633 0.013149420 0.999387040 -0.032458650 0.061429980 0.757214434 0.011247687 0.653068398 95.203850701
0.651728972 -0.033283233 -0.757720992 -47.564296571 0.012617852 0.999374859 -0.033045141 0.056850591 0.758347035 0.011975646 0.651740496 95.701101485
0.651186243 -0.035294091 -0.758096232 -48.124017225 0.013730308 0.999302823 -0.034729754 0.050548283 0.758793355 0.012206609 0.651216889 96.196948484
0.651122345 -0.035735409 -0.758130142 -48.403833468 0.013287718 0.999275183 -0.035689866 0.047219991 0.758856549 0.013164600 0.651124750 96.445872435
0.651121328 -0.035491397 -0.758143231 -48.973420716 0.011007613 0.999242727 -0.037324392 0.040916474 0.758893505 0.015957291 0.651018018 96.945134142
0.651787851 -0.035633736 -0.757563112 -49.522941256 0.011555440 0.999246839 -0.037059795 0.037965601 0.758312879 0.015401196 0.651708363 97.446534328
0.651670403 -0.035717454 -0.757659793 -49.802960695 0.012585274 0.999262317 -0.036282252 0.037445634 0.758396779 0.014108703 0.651639237 97.691441113
0.652203872 -0.034948073 -0.757236653 -50.343287231 0.014240662 0.999325599 -0.033855627 0.038037943 0.757909102 0.011297176 0.652261115 98.174413347
0.652122067 -0.034626518 -0.757322126 -50.854512948 0.016242709 0.999365348 -0.031707015 0.038409792 0.757938841 0.008375817 0.652270840 98.635153230
0.652446170 -0.034984908 -0.757026309 -51.115015850 0.017997365 0.999368227 -0.030673245 0.038482966 0.757620273 0.006388155 0.652663746 98.868230501
0.652778770 -0.034450315 -0.756764153 -51.626400512 0.019240604 0.999397823 -0.028898994 0.038203513 0.757304363 0.004304043 0.653047240 99.324978526
0.652526653 -0.034429416 -0.756982841 -52.137908694 0.018868087 0.999396460 -0.029190467 0.034503059 0.757531007 0.004764696 0.652781410 99.777754953
0.653157774 -0.034696406 -0.756425618 -52.388640104 0.018769746 0.999384916 -0.029633512 0.032204171 0.756987959 0.005157379 0.653407202 100.004437410
0.653084606 -0.035251120 -0.756463698 -52.880586961 0.019419562 0.999368022 -0.029804699 0.028864725 0.757035959 0.004774809 0.653355086 100.446385177
0.653520640 -0.035954277 -0.756054452 -53.372662300 0.020497573 0.999346226 -0.029806395 0.025761725 0.756630949 0.003981800 0.653829453 100.885333747
0.653190645 -0.035990097 -0.756336665 -53.604058883 0.021126855 0.999347792 -0.029308077 0.025184485 0.756898022 0.003164716 0.653525045 101.096181812
0.653937038 -0.034800384 -0.755747658 -54.066834375 0.021812208 0.999394134 -0.027145938 0.025917643 0.756233911 0.001267240 0.654300215 101.518863291
0.654711326 -0.031441564 -0.755224334 -54.540069091 0.019714943 0.999505352 -0.024520487 0.027209730 0.755621503 0.001164650 0.655007431 101.930967201
0.655384044 -0.029715639 -0.754710683 -54.771693452 0.018720708 0.999558301 -0.023099359 0.028093117 0.755063733 0.001010202 0.655650437 102.136808804
0.656165622 -0.027252151 -0.754124022 -55.205757405 0.017885518 0.999629456 -0.020561926 0.029615118 0.754404082 0.000004094 0.656409747 102.528258148
0.656855560 -0.028296104 -0.753484853 -55.629777046 0.019485936 0.999599420 -0.020551682 0.027052300 0.753764171 -0.001182888 0.657143663 102.919320141
0.657023353 -0.029143611 -0.753306536 -55.851827253 0.020094954 0.999575123 -0.021144611 0.024644509 0.753602249 -0.001245166 0.657329041 103.113777875
0.657620353 -0.030048551 -0.752749225 -56.276073674 0.020223190 0.999548250 -0.022232892 0.020194837 0.753076864 -0.000602153 0.657931868 103.498858737
0.658706075 -0.030448658 -0.751784084 -56.690600910 0.020711243 0.999536264 -0.022336125 0.017462661 0.752114875 -0.000857468 0.659030403 103.877514869
0.659089886 -0.030567875 -0.751441879 -56.893051271 0.020525044 0.999533426 -0.022657407 0.015673695 0.751783024 -0.000490121 0.659409988 104.062141213
0.659706508 -0.031060452 -0.750880784 -57.298090349 0.019005445 0.999516260 -0.024647596 0.009834635 0.751282766 0.001989368 0.659977698 104.427413818
0.659486584 -0.034297144 -0.750932769 -57.703241155 0.020903251 0.999409119 -0.027288050 0.002922162 0.751425186 0.002299128 0.659813426 104.789696808
0.659664655 -0.036230176 -0.750685778 -57.895730103 0.022771854 0.999342701 -0.028220321 0.000260186 0.751214914 0.001521421 0.660055651 104.972913150
0.659992695 -0.038272869 -0.750295871 -58.290952721 0.026183697 0.999266628 -0.027940677 -0.001658087 0.750815113 -0.001204840 0.660510601 105.334742375
0.659931865 -0.038889712 -0.750317728 -58.666676708 0.028683513 0.999236352 -0.026563271 -0.001583371 0.750777012 -0.003991760 0.660542740 105.684731846
0.659728042 -0.038869696 -0.750497912 -58.869355614 0.029332307 0.999233093 -0.025967437 -0.001851716 0.750931567 -0.004882452 0.660361422 105.864351288
0.659804568 -0.036846333 -0.750532654 -59.255069022 0.030020869 0.999292276 -0.022667017 0.001285774 0.750836889 -0.007575895 0.660444063 106.215734742
0.659922162 -0.034654346 -0.750533408 -59.640958897 0.030951540 0.999342176 -0.018927764 0.005141814 0.750695558 -0.010739343 0.660560877 106.563116317
0.659771632 -0.035121667 -0.750644323 -59.823742089 0.032419286 0.999307878 -0.018261798 0.005247220 0.750765390 -0.012286732 0.660453184 106.739900250
0.659520120 -0.038280895 -0.750711130 -60.209494864 0.034130618 0.999198067 -0.020967282 -0.001615581 0.750910593 -0.011793848 0.660298048 107.087360234
0.659022960 -0.042738028 -0.750906412 -60.595077081 0.035377170 0.999041430 -0.025812298 -0.012004473 0.751289900 -0.009554026 0.659902834 107.437843479
0.658909112 -0.044183742 -0.750923548 -60.787855247 0.036339915 0.998977823 -0.026892088 -0.014941320 0.751344149 -0.009569128 0.659840961 107.614067743
0.659190134 -0.045676343 -0.750586451 -61.163622001 0.037982883 0.998902442 -0.027429498 -0.018061944 0.751015244 -0.010428151 0.660201437 107.962082277
0.659194426 -0.044032520 -0.750681283 -61.539502887 0.036577267 0.998980576 -0.026477409 -0.018798511 0.751081148 -0.010004090 0.660132865 108.308081060
0.659235478 -0.042139232 -0.750753998 -61.732533513 0.034885041 0.999068098 -0.025444334 -0.018344939 0.751126747 -0.009416322 0.660090759 108.479284744
0.658725416 -0.036353289 -0.751504237 -62.128562419 0.031693876 0.999286833 -0.020558497 -0.012807348 0.751715582 -0.010275754 0.659407127 108.824073784
0.658631598 -0.029632118 -0.751881595 -62.533927085 0.027740087 0.999502120 -0.015091193 -0.006269118 0.751953716 -0.010917699 0.659124740 109.185259225
0.658111716 -0.028319489 -0.752387510 -62.736898662 0.026480859 0.999545642 -0.014459645 -0.006542363 0.752453731 -0.010407772 0.658561386 109.357884614
0.657485402 -0.028243455 -0.752937213 -63.113018120 0.024580015 0.999569469 -0.016031075 -0.011513373 0.753065317 -0.007967022 0.657897044 109.696920283
0.656866600 -0.029548317 -0.753427162 -63.518756210 0.021509279 0.999559766 -0.020448722 -0.021553152 0.753698784 -0.002773619 0.657213512 110.044238815
0.656778642 -0.029632792 -0.753500692 -63.721631842 0.019459163 0.999561085 -0.022348346 -0.026058096 0.753831651 0.000015407 0.657066344 110.217894315
0.656502567 -0.030100856 -0.753722513 -64.117340147 0.017448341 0.999542496 -0.024720325 -0.032507838 0.754121198 0.003077729 0.656726893 110.566767665
0.656037200 -0.025457587 -0.754298634 -64.523155305 0.013915302 0.999669429 -0.021636399 -0.029983289 0.754599750 0.003697902 0.656174246 110.915992600
0.655812434 -0.020445645 -0.754646148 -64.735862640 0.011238347 0.999787545 -0.017320759 -0.024139191 0.754840337 0.002878185 0.655902655 111.096983716
0.655051352 -0.010363244 -0.755512245 -65.141455287 0.007538540 0.999946199 -0.007179972 -0.009585355 0.755545738 -0.000992221 0.655094535 111.455113057
0.654463000 -0.003665635 -0.756084683 -65.566633253 0.003400748 0.999992428 -0.001904472 -0.003325200 0.756086219 -0.001324889 0.654470483 111.821131619
0.654256674 -0.002771266 -0.756266995 -65.788836114 0.002813264 0.999995884 -0.001230588 -0.003606749 0.756266596 -0.001322496 0.654261616 112.012576333
0.653801561 -0.003909105 -0.756655316 -66.242335111 0.005033396 0.999987055 -0.000817076 -0.005779711 0.756649518 -0.003274346 0.653812168 112.416877037
0.653510244 -0.003622225 -0.756907708 -66.706068240 0.004682574 0.999989299 -0.000742604 -0.008644394 0.756902650 -0.003058988 0.653519851 112.815605099
0.653353313 -0.003105399 -0.757045831 -66.947599762 0.005502609 0.999984722 0.000646966 -0.007860049 0.757032884 -0.004588431 0.653360572 113.023862970
0.653730092 -0.001058292 -0.756726418 -67.430607301 0.002585141 0.999997165 0.000834814 -0.010630891 0.756722765 -0.002502001 0.653730107 113.440410455
0.653979088 0.001811775 -0.756509536 -67.932874542 -0.002283473 0.999997793 0.000420902 -0.014457766 0.756508364 0.001452181 0.653981531 113.874785774
0.653932794 0.000585138 -0.756551825 -68.183689032 -0.003181692 0.999993543 -0.001976657 -0.020069824 0.756545372 0.003699693 0.653930051 114.098495001
0.654359581 -0.006691744 -0.756152940 -68.694999749 -0.002923099 0.999931038 -0.011378755 -0.039208610 0.756177208 0.009656132 0.654294470 114.551384360
0.654966380 -0.018691776 -0.755427008 -69.216023820 -0.001480793 0.999660738 -0.026018871 -0.067059822 0.755656113 0.018160139 0.654716374 115.008751306
0.654915048 -0.022968017 -0.755352651 -69.486291028 -0.001548729 0.999495774 -0.031734467 -0.078254483 0.755700827 0.021953150 0.654548943 115.244326546
0.655710945 -0.024919448 -0.754600032 -70.036734190 -0.004887776 0.999294841 -0.037247420 -0.090810391 0.754995173 0.028111786 0.655126298 115.720818102
0.657740360 -0.021561262 -0.752934777 -70.586550316 -0.007144427 0.999367230 -0.034859415 -0.090268699 0.753209596 0.028307695 0.657169941 116.216197805
0.658595479 -0.018876283 -0.752259141 -70.866368937 -0.007604540 0.999468253 -0.031737123 -0.086872032 0.752457853 0.026622471 0.658101108 116.467070874
0.659605916 -0.010065219 -0.751543512 -71.436135974 -0.010907651 0.999676977 -0.022961673 -0.075849579 0.751531767 0.023343193 0.659282499 116.967204996
0.662173148 -0.005206621 -0.749332384 -72.005080814 -0.009673895 0.999833466 -0.015495915 -0.066987877 0.749287969 0.017509916 0.662012166 117.486338881
0.663490140 -0.004210811 -0.748172175 -72.284637510 -0.010471146 0.999834803 -0.014913228 -0.067721549 0.748111218 0.017728959 0.663336387 117.742237941
0.666300029 -0.007371340 -0.745646696 -72.843751006 -0.013080895 0.999682162 -0.021571633 -0.082258851 0.745568167 0.024126874 0.665991636 118.250135047
0.669579588 -0.014591745 -0.742596450 -73.412136215 -0.014407506 0.999364365 -0.032628036 -0.104072462 0.742600078 0.032546077 0.668943749 118.773489946
0.671105598 -0.017779169 -0.741148258 -73.700768563 -0.013056642 0.999274019 -0.035794007 -0.111063338 0.741246601 0.033698399 0.670386459 119.049835122
0.672990272 -0.017171014 -0.739450871 -74.297989646 -0.011227838 0.999378590 -0.033425568 -0.110866884 0.739565119 0.030797494 0.672378868 119.608252003
0.675455661 -0.009430437 -0.737339253 -74.914607759 -0.011409810 0.999665695 -0.023237692 -0.097720136 0.737311662 0.024108889 0.675121351 120.185393415
0.676228232 -0.006425003 -0.736662806 -75.213003337 -0.011704280 0.999742135 -0.019463654 -0.093176410 0.736598098 0.021784012 0.675979307 120.471063848
0.678571188 -0.005461269 -0.734513060 -75.819689838 -0.011784916 0.999763373 -0.018320827 -0.094920371 0.734439040 0.021088113 0.678345793 121.041902021
0.681604276 -0.010269890 -0.731648515 -76.406105465 -0.007326990 0.999755832 -0.020859101 -0.102734983 0.731684062 0.019578421 0.681362912 121.616945916
0.683252916 -0.012471327 -0.730074533 -76.703964150 -0.005957324 0.999726491 -0.022652852 -0.107471826 0.730157166 0.019826916 0.682991782 121.912675793
0.684954550 -0.014559737 -0.728439775 -77.300326994 -0.005773107 0.999660814 -0.025409307 -0.115523308 0.728562294 0.021609563 0.684637681 122.489137808
0.685976095 -0.016914510 -0.727427551 -77.896140026 -0.001354037 0.999698887 -0.024522362 -0.117517801 0.727622175 0.017806677 0.685745495 123.080542850
0.686596225 -0.019524915 -0.726776108 -78.194070867 0.002088780 0.999689117 -0.024883416 -0.119882743 0.727035777 0.015566738 0.686422759 123.375256220
0.687824491 -0.018685039 -0.725635829 -78.809364983 0.001793357 0.999709440 -0.024042601 -0.121972588 0.725873805 0.015235742 0.687658708 123.979486291
0.688322569 -0.017685217 -0.725188133 -79.424830578 0.001447141 0.999734946 -0.023007057 -0.123733841 0.725402316 0.014786826 0.688165366 124.579717335
0.688514474 -0.016748790 -0.725028409 -79.732523191 0.000704395 0.999748972 -0.022426183 -0.124486638 0.725221972 0.014930078 0.688352316 124.880831078
0.688191074 -0.016309201 -0.725345745 -80.367498673 0.000538587 0.999759114 -0.021968322 -0.127360976 0.725529041 0.014727677 0.688033677 125.492895441
0.687655881 -0.019876465 -0.725764105 -80.992585461 0.002993071 0.999694316 -0.024542714 -0.135231407 0.726029571 0.014704586 0.687505844 126.100582495
0.687674857 -0.022143406 -0.725680995 -81.300229476 0.004516949 0.999646686 -0.026222846 -0.139783793 0.726004807 0.014754879 0.687531575 126.401724032
0.688332613 -0.027086735 -0.724888247 -81.925053035 0.008389270 0.999532985 -0.029383078 -0.148617062 0.725345405 0.014144050 0.688238923 127.015413064
0.688504457 -0.027414969 -0.724712923 -82.559689778 0.009124117 0.999533730 -0.029142884 -0.151818621 0.725174319 0.013452614 0.688433901 127.635473065
0.688865619 -0.027779329 -0.724356831 -82.876873006 0.010340703 0.999540480 -0.028498723 -0.152542045 0.724815388 0.012141380 0.688835355 127.948993692
0.688273292 -0.026584843 -0.724963436 -83.511797150 0.010667872 0.999591936 -0.026527667 -0.152890970 0.725373036 0.010524488 0.688274700 128.563037892
0.687896280 -0.026404870 -0.725328339 -84.156146146 0.011322009 0.999607261 -0.025651998 -0.155082476 0.725719947 0.009433777 0.687924741 129.190501826
0.687826093 -0.027577085 -0.725350239 -84.473472844 0.012529823 0.999581204 -0.026121332 -0.157667071 0.725766445 0.008878384 0.687883297 129.500039445
0.687601516 -0.026741296 -0.725595618 -85.118338733 0.010954697 0.999589883 -0.026458192 -0.161950309 0.726005382 0.010243978 0.687611932 130.114529657
0.687860468 -0.024373160 -0.725432880 -85.753237939 0.008348204 0.999636102 -0.025670053 -0.164249024 0.725794829 0.011601343 0.687813143 130.728588119
0.687701756 -0.023301105 -0.725618292 -86.070564227 0.008334409 0.999672468 -0.024202602 -0.163596125 0.725944694 0.010596628 0.687671242 131.039101212
0.687513261 -0.021131529 -0.725863471 -86.714965786 0.008702922 0.999745418 -0.020861772 -0.161678076 0.726118825 0.008025527 0.687521137 131.666535084
0.687764062 -0.017619210 -0.725719856 -87.687020209 0.004621135 0.999792187 -0.019893809 -0.165649589 0.725919191 0.010328506 0.687701717 132.594955582
0.687088647 -0.017343213 -0.726366249 -88.312421409 0.002529907 0.999766666 -0.021477990 -0.171825103 0.726568353 0.012919627 0.686971449 133.195636149
0.687871245 -0.016228258 -0.725650563 -88.947375302 -0.001775048 0.999709795 -0.024039909 -0.179656748 0.725830800 0.017824477 0.687642287 133.806737619
0.687715263 -0.015893044 -0.725805234 -89.274800873 -0.003646528 0.999672552 -0.025345069 -0.183699453 0.725970109 0.020076814 0.687431785 134.113705670
0.687279638 -0.015975991 -0.726216955 -89.900371762 -0.005078795 0.999628325 -0.026797269 -0.189686359 0.726374879 0.022105549 0.686942909 134.710388235
0.687559820 -0.016568819 -0.725937618 -90.534971519 -0.003691346 0.999646983 -0.026312148 -0.192510116 0.726117077 0.020770832 0.687256734 135.331444628
0.687584950 -0.015434954 -0.725939163 -90.852440766 -0.005005693 0.999649878 -0.025995863 -0.193758384 0.726086309 0.021508171 0.687266327 135.637975005
