1.000000000 -0.000000000 -0.000000000 -0.000000000 0.000000000 1.000000000 0.000000000 0.000000000 0.000000000 0.000000000 1.000000000 0.000000000
0.999996672 0.001798715 -0.001487886 0.000682964 -0.001792426 0.999989477 0.004246820 0.021919887 0.001496212 -0.004244191 0.999989885 0.849500921
0.999990053 0.000723510 -0.004254974 0.002915490 -0.000692537 0.999972919 0.007280697 0.041834194 0.004260597 -0.007277733 0.999963960 1.700350953
0.999977943 0.000296880 -0.006509927 -0.000020732 -0.000257279 0.999980780 0.006088205 0.047135361 0.006511801 -0.006086361 0.999960056 2.122241959
0.999945094 0.001610787 -0.010359113 -0.006562269 -0.001598641 0.999997825 0.001185897 0.053592344 0.010360777 -0.001169272 0.999945572 2.965438519
0.999904611 0.003865356 -0.013233028 -0.019638338 -0.003928838 0.999980688 -0.004766997 0.058335563 0.013214363 0.004818558 0.999900922 3.816203895
0.999890540 0.003896899 -0.014273911 -0.020511405 -0.003988855 0.999970945 -0.006416154 0.062730349 0.014248593 0.006472329 0.999877651 4.226628238
0.999810069 0.004283168 -0.019000452 -0.039504586 -0.004398987 0.999972102 -0.006056354 0.077297579 0.018974478 0.006138800 0.999800713 5.045715285
0.999698660 0.004944498 -0.024049581 -0.056490226 -0.005054907 0.999976932 -0.004530753 0.093667451 0.024026084 0.004650929 0.999700673 5.853288781
0.999626850 0.005181260 -0.026796494 -0.067018907 -0.005293599 0.999977046 -0.004120758 0.101429247 0.026775328 0.004261065 0.999632443 6.268565202
0.999481396 0.006808856 -0.031452511 -0.094049597 -0.006968072 0.999963192 -0.004954823 0.114019113 0.031417325 0.005171393 0.999492911 7.093911227
0.999320382 0.010577524 -0.035305472 -0.121505594 -0.010791301 0.999924127 -0.005869932 0.126084661 0.035240720 0.006246886 0.999359404 7.892358430
0.999240049 0.012173665 -0.037000561 -0.139028796 -0.012386497 0.999907267 -0.005526315 0.133297768 0.036929919 0.005980463 0.999300433 8.288275604
0.999082526 0.012483336 -0.040957635 -0.164978285 -0.012615317 0.999915331 -0.002964190 0.150330309 0.040917611 0.003478239 0.999156480 9.048246591
0.998933872 0.009697730 -0.045132477 -0.193832202 -0.009585439 0.999949736 0.002704672 0.172510853 0.045156329 -0.002269237 0.998977107 9.818953625
0.998856317 0.008600060 -0.047027180 -0.209383982 -0.008357560 0.999950787 0.005351453 0.183285966 0.047071096 -0.004952321 0.998879496 10.203326797
0.998647602 0.006365770 -0.051594418 -0.240626213 -0.005937321 0.999945874 0.008452329 0.200970333 0.051645757 -0.008134593 0.998632590 10.958686105
0.998298984 0.004719931 -0.058101669 -0.284048173 -0.004214280 0.999951674 0.008823642 0.213519727 0.058140751 -0.008563805 0.998271996 11.690165149
0.998091299 0.004502980 -0.061581978 -0.304439996 -0.004002024 0.999958073 0.008256749 0.218391374 0.061616771 -0.007994577 0.998068152 12.043789406
0.997564519 0.003702820 -0.069650365 -0.356308970 -0.003228056 0.999970288 0.006928251 0.227669363 0.069673647 -0.006686579 0.997547922 12.754641930
0.996970219 0.002171666 -0.077744408 -0.415786821 -0.001575876 0.999968434 0.007724294 0.240207693 0.077758412 -0.007578423 0.996942902 13.458866027
0.996678142 0.001279449 -0.081423285 -0.448053734 -0.000626493 0.999967404 0.008044520 0.246346563 0.081430581 -0.007966797 0.996647454 13.815407107
0.996099280 -0.002424320 -0.088198802 -0.504715812 0.003185283 0.999959071 0.008488880 0.258055332 0.088174477 -0.008736747 0.996066400 14.508820413
0.995534729 -0.005381281 -0.094240298 -0.568182640 0.006310770 0.999934439 0.009568402 0.270592168 0.094182359 -0.010120475 0.995503257 15.196304590
0.995229301 -0.006697818 -0.097330713 -0.597105411 0.007690894 0.999922257 0.009832586 0.276280935 0.097256876 -0.010534299 0.995203262 15.529231561
0.994532136 -0.009100182 -0.104026920 -0.669038338 0.010173693 0.999900369 0.009794075 0.286476031 0.103927420 -0.010798920 0.994526566 16.196073127
0.993766365 -0.012506672 -0.110769414 -0.736133176 0.013707287 0.999854622 0.010084536 0.296924467 0.110627659 -0.011540057 0.993795136 16.840602808
0.993382392 -0.014480391 -0.113934371 -0.768280610 0.015749995 0.999823528 0.010251421 0.302118766 0.113766757 -0.011978094 0.993435435 17.157455590
0.992540653 -0.016876412 -0.120736649 -0.842158034 0.018277647 0.999776950 0.010507981 0.312315658 0.120532854 -0.012636402 0.992629342 17.796074829
0.991717365 -0.018495490 -0.127097968 -0.922329897 0.020217474 0.999720303 0.012272190 0.324599757 0.126835858 -0.014740189 0.991814433 18.415946398
0.991353695 -0.018557881 -0.129892281 -0.962808863 0.020498673 0.999696350 0.013620838 0.331518102 0.129600338 -0.016165721 0.991434859 18.725540146
0.990493475 -0.019176961 -0.136211117 -1.046050093 0.021684976 0.999620677 0.016953112 0.346363884 0.135834909 -0.019745727 0.990534526 19.342738578
0.989517212 -0.018765845 -0.143190379 -1.137560469 0.021799336 0.999569376 0.019646024 0.359894809 0.142759598 -0.022561591 0.989500021 19.952730574
0.989069112 -0.018921516 -0.146233565 -1.179162566 0.021983781 0.999570725 0.019353502 0.363542979 0.145804597 -0.022356768 0.989060468 20.234815826
0.988146103 -0.018619254 -0.152379621 -1.268935972 0.021726477 0.999587868 0.018752009 0.370814947 0.151967700 -0.021840453 0.988143936 20.806525906
0.987374442 -0.016403866 -0.157547474 -1.366060557 0.019632575 0.999626817 0.018959499 0.379415206 0.157177954 -0.021813229 0.987329532 21.385094949
0.986899292 -0.015372203 -0.160599026 -1.411208674 0.018565162 0.999657634 0.018400283 0.382726509 0.160260996 -0.021140815 0.986848048 21.677353983
0.985865116 -0.012139891 -0.167099846 -1.515884674 0.015528802 0.999698953 0.018989359 0.391788118 0.166819033 -0.021315849 0.985757035 22.249343046
0.984773624 -0.009068036 -0.173604369 -1.625264507 0.012499216 0.999746964 0.018681689 0.398932076 0.173390796 -0.020567197 0.984638399 22.803968154
0.984171245 -0.008075541 -0.177033410 -1.678190340 0.011605051 0.999753618 0.018911171 0.403107332 0.176836596 -0.020666364 0.984023412 23.076186291
0.983091255 -0.005995554 -0.183017755 -1.782727775 0.009599160 0.999776520 0.018811012 0.410294706 0.182864542 -0.020249764 0.982929750 23.608503148
0.981961244 -0.004275132 -0.189031793 -1.885197950 0.007846653 0.999804171 0.018149744 0.416375770 0.188916695 -0.019305681 0.981803255 24.129356802
0.981367794 -0.003655777 -0.192103141 -1.938301652 0.007125559 0.999823213 0.017374748 0.418594478 0.192005618 -0.018419912 0.981220833 24.388154855
0.980294890 -0.002651779 -0.197520473 -2.045240331 0.005767217 0.999868023 0.015199610 0.421915448 0.197453849 -0.016039286 0.980181019 24.905113085
0.979096688 -0.002400144 -0.203378316 -2.157481397 0.005316229 0.999890335 0.013793351 0.426358076 0.203323981 -0.014586253 0.979003178 25.417451504
0.978391919 -0.002131192 -0.206744932 -2.210801549 0.004947689 0.999901647 0.013107390 0.428499558 0.206696781 -0.013847138 0.978306764 25.662796945
0.977114344 -0.002810106 -0.212693686 -2.318193240 0.005425922 0.999916258 0.011716261 0.432645724 0.212642866 -0.012602242 0.977048385 26.152832995
0.975706836 -0.003293282 -0.219052105 -2.431657584 0.005970750 0.999914563 0.011562397 0.438696416 0.218995714 -0.012589469 0.975644643 26.637578485
0.974825144 -0.003671518 -0.222940029 -2.483722812 0.006512677 0.999905929 0.012010317 0.442563719 0.222875418 -0.013159886 0.974758577 26.870754506
0.972667584 -0.003703867 -0.232172087 -2.607823741 0.007208775 0.999872175 0.014249834 0.452407167 0.232089712 -0.015534077 0.972569839 27.346233557
0.970253944 -0.003107180 -0.242069619 -2.729160613 0.007575734 0.999817133 0.017531560 0.463940145 0.241970679 -0.018843954 0.970100256 27.810858216
0.969158517 -0.003119264 -0.246416031 -2.796832620 0.007734156 0.999812097 0.017762487 0.467161120 0.246313847 -0.019120562 0.969001562 28.043698182
0.966967918 -0.002929937 -0.254878942 -2.922006605 0.007491784 0.999828536 0.016929459 0.471295273 0.254785204 -0.018279776 0.966824703 28.491710955
0.964582729 -0.003480458 -0.263754952 -3.050968099 0.008160376 0.999827395 0.016650210 0.476234893 0.263651245 -0.018212889 0.964446035 28.936423788
0.963299442 -0.004595847 -0.268389044 -3.116565254 0.009260231 0.999827014 0.016116100 0.477979692 0.268268971 -0.018010042 0.963175798 29.157806955
0.960843710 -0.008456032 -0.276959795 -3.241902127 0.012801910 0.999821193 0.013886971 0.479427561 0.276794014 -0.016888842 0.960780802 29.592412273
0.958155692 -0.012058202 -0.285991450 -3.369107977 0.015497073 0.999831927 0.009764279 0.477198552 0.285825775 -0.013787780 0.958182037 29.998858936
0.956763172 -0.013385513 -0.290558282 -3.432811226 0.016267120 0.999839240 0.007504407 0.475660574 0.290411791 -0.011906529 0.956827483 30.195362622
0.953818657 -0.015750917 -0.299967681 -3.571123130 0.017689626 0.999836032 0.003748465 0.473975897 0.299859952 -0.008881702 0.953942212 30.605395820
0.950980222 -0.016250029 -0.308821596 -3.705392249 0.017575815 0.999843677 0.001511700 0.474546991 0.308749723 -0.006865429 0.951118748 30.992425274
0.949633393 -0.015939780 -0.312955844 -3.775183338 0.017092440 0.999852839 0.000939829 0.475653272 0.312895997 -0.006241682 0.949766756 31.183625597
0.947204970 -0.012706127 -0.320376798 -3.917859099 0.014117031 0.999897842 0.002081611 0.481607092 0.320317594 -0.006494494 0.947287998 31.563332691
0.944848402 -0.005900864 -0.327454536 -4.061401990 0.008484253 0.999943183 0.006461519 0.493062079 0.327398364 -0.008883377 0.944844919 31.942287371
0.943692867 -0.004480243 -0.330792306 -4.137101409 0.007751959 0.999932703 0.008572098 0.498689196 0.330732306 -0.010653742 0.943664603 32.141605799
0.941432776 -0.003756999 -0.337178361 -4.276260701 0.007886625 0.999909655 0.010878903 0.506419363 0.337107311 -0.012900995 0.941377379 32.511114197
0.939785844 -0.009282204 -0.341636805 -4.397656479 0.013648438 0.999853024 0.010378729 0.509331121 0.341490451 -0.014416588 0.939774759 32.869570884
0.938972612 -0.014697283 -0.343676805 -4.460101111 0.019036960 0.999775722 0.009256535 0.509339028 0.343464255 -0.015234245 0.939041666 33.053908264
0.937645544 -0.018777714 -0.347084845 -4.575854262 0.022823386 0.999710645 0.007571703 0.510051859 0.346842351 -0.015021268 0.937803218 33.390752710
0.936256444 -0.020238059 -0.350733984 -4.699898107 0.023809215 0.999698960 0.005872278 0.510499455 0.350509628 -0.013848689 0.936456802 33.720372551
0.935848252 -0.019226385 -0.351876127 -4.765559192 0.022185248 0.999744385 0.004378357 0.509613038 0.351702219 -0.011903979 0.936036335 33.888642664
0.935450234 -0.014468354 -0.353161345 -4.895544145 0.015510744 0.999879294 0.000121601 0.505557471 0.353116944 -0.005591558 0.935562540 34.213082851
0.935304490 -0.012799170 -0.353611587 -5.023200856 0.011381513 0.999916196 -0.006088257 0.498303604 0.353660027 0.001669725 0.935372185 34.539549993
0.935220169 -0.012902816 -0.353830062 -5.082245321 0.010408497 0.999905303 -0.008951603 0.495132393 0.353912279 0.004688911 0.935266360 34.700320499
0.934817252 -0.014422594 -0.354835091 -5.206985553 0.010761964 0.999866645 -0.012287775 0.492764155 0.354964711 0.007668055 0.934847580 35.029331877
0.934010583 -0.020600898 -0.356649255 -5.317732597 0.017374208 0.999773880 -0.012248820 0.496166701 0.356821591 0.005243991 0.934158091 35.357276217
0.933744463 -0.022290343 -0.357244421 -5.376835550 0.018742929 0.999733927 -0.013389356 0.495844462 0.357448669 0.005806488 0.933914695 35.517997412
0.933432381 -0.025254240 -0.357862084 -5.497800587 0.020559490 0.999645537 -0.016918081 0.493270541 0.358161963 0.008434330 0.933621128 35.850298348
0.933078214 -0.026561547 -0.358689588 -5.625466589 0.022077817 0.999618597 -0.016590850 0.497089931 0.358993601 0.007561477 0.933308767 36.190027781
0.932917129 -0.026130739 -0.359140978 -5.688241773 0.022496893 0.999644554 -0.014294216 0.502578608 0.359386687 0.005255719 0.933174084 36.360816351
0.932609212 -0.024321653 -0.360065660 -5.816764290 0.024249285 0.999694835 -0.004718727 0.522002774 0.360070414 -0.004330638 0.932915055 36.713072442
0.932303675 -0.019692690 -0.361139219 -5.959284360 0.024130275 0.999678446 0.007782149 0.546489503 0.360870524 -0.015969763 0.932478919 37.079662017
0.932206806 -0.018446104 -0.361456057 -6.024177903 0.024455916 0.999627874 0.012058925 0.555573591 0.361099331 -0.020081174 0.932311424 37.261870707
0.932012367 -0.017563419 -0.361999590 -6.177774053 0.024511849 0.999592284 0.014610899 0.563648428 0.361595782 -0.022490855 0.932063437 37.658590995
0.931908219 -0.016235177 -0.362329582 -6.324745374 0.023473244 0.999602267 0.015583140 0.569038614 0.361932851 -0.023027143 0.931919700 38.047818596
0.931735419 -0.015817909 -0.362792824 -6.400378506 0.023144882 0.999606314 0.015858348 0.571436897 0.362398857 -0.023172620 0.931735049 38.247192910
0.931438000 -0.018183754 -0.363444306 -6.557130816 0.024621858 0.999610927 0.013088997 0.570805140 0.363065044 -0.021140305 0.931523871 38.667685792
0.930856015 -0.021992172 -0.364723463 -6.733321109 0.024587341 0.999694587 0.002472750 0.556965004 0.364558090 -0.011269393 0.931112677 39.111024747
0.930710491 -0.024465605 -0.364937079 -6.820878775 0.024538854 0.999688322 -0.004437350 0.547542890 0.364932631 -0.004825217 0.931021999 39.339793104
0.930373705 -0.028484323 -0.365503023 -6.995354361 0.024696270 0.999581153 -0.015035750 0.534273498 0.365778623 0.004962261 0.930688482 39.797890528
0.929898614 -0.029896297 -0.366597965 -7.185283334 0.025091252 0.999525600 -0.017866260 0.534127318 0.366957863 0.007415377 0.930207563 40.282321469
0.929680475 -0.029388009 -0.367191578 -7.280961063 0.024751251 0.999543262 -0.017330922 0.537369810 0.367534237 0.007023738 0.929983736 40.530549327
0.929364603 -0.029046522 -0.368017835 -7.467960423 0.024249050 0.999550225 -0.017654555 0.541469491 0.368364911 0.007483397 0.929650862 41.017535578
0.929073720 -0.029349862 -0.368727986 -7.669337743 0.023792088 0.999523974 -0.019611373 0.543044877 0.369128517 0.009447530 0.929330670 41.531783376
0.928937855 -0.029163667 -0.369084276 -7.763476171 0.023427250 0.999524422 -0.020015129 0.544781609 0.369492721 0.009946153 0.929180461 41.781351695
0.928431642 -0.028705037 -0.370391759 -7.969966312 0.022724604 0.999531433 -0.020500619 0.548865405 0.370807350 0.010616389 0.928649663 42.304409629
0.928233326 -0.027668981 -0.370966815 -8.180600823 0.021996268 0.999567251 -0.019514677 0.555641647 0.371346391 0.009954207 0.928440943 42.850385661
0.928232606 -0.027031013 -0.371015448 -8.287717254 0.021762264 0.999593626 -0.018380708 0.560135874 0.371362871 0.008987441 0.928444320 43.128438508
0.928356451 -0.027017031 -0.370705259 -8.504000753 0.022699541 0.999613908 -0.016005277 0.569420931 0.370995157 0.006443673 0.928612538 43.696021418
0.927951032 -0.027242533 -0.371703446 -8.735449306 0.023610137 0.999617876 -0.014320682 0.577784267 0.371951559 0.004512912 0.928241102 44.290180937
0.927865999 -0.027348564 -0.371908481 -8.849654700 0.023928210 0.999618342 -0.013809501 0.581454815 0.372144252 0.003914233 0.928166192 44.588583943
0.927779147 -0.027066092 -0.372144941 -9.092503989 0.024093054 0.999629149 -0.012637482 0.589220554 0.372349861 0.002758649 0.928088157 45.212600459
0.928181161 -0.026684804 -0.371169501 -9.331554688 0.023809414 0.999640320 -0.012327815 0.595641019 0.371365655 0.002605048 0.928483376 45.839926257
0.928198678 -0.026784344 -0.371118708 -9.457895787 0.023689888 0.999636178 -0.012895067 0.597777460 0.371329120 0.003177393 0.928495473 46.167545269
0.928136677 -0.026980353 -0.371258814 -9.725756583 0.023345997 0.999625543 -0.014280765 0.601788382 0.371505685 0.004587119 0.928419004 46.849348483
0.928419699 -0.027419129 -0.370519294 -9.988408776 0.024063764 0.999616590 -0.013676190 0.609245999 0.370752624 0.003781117 0.928724210 47.535692438
0.928503472 -0.027516034 -0.370301189 -10.121903688 0.024459002 0.999616502 -0.012949263 0.613717622 0.370515476 0.002966229 0.928821840 47.883606934
0.928759607 -0.026813465 -0.369710929 -10.389658237 0.024412139 0.999638989 -0.011172845 0.623173833 0.369877812 0.001351437 0.929079900 48.578769849
0.929071926 -0.026706373 -0.368932038 -10.662274680 0.025151340 0.999642323 -0.009024436 0.633536286 0.369041528 -0.000894871 0.929412352 49.296224579
0.929261509 -0.026254832 -0.368486490 -10.793515844 0.025036778 0.999653476 -0.008087039 0.638438298 0.368571319 -0.001710802 0.929598206 49.646103224
0.929512679 -0.025848229 -0.367882142 -11.064046969 0.025012430 0.999662445 -0.007040580 0.646814759 0.367939953 -0.002657415 0.929845568 50.352109978
0.930025952 -0.025764237 -0.366587433 -11.342981288 0.025323832 0.999661252 -0.006011066 0.655530679 0.366617985 -0.003692959 0.930364224 51.090586308
0.930247060 -0.026143749 -0.366000736 -11.480577269 0.026079915 0.999646598 -0.005119324 0.660585507 0.366005974 -0.004783033 0.930600096 51.461455410
0.930456695 -0.026265958 -0.365458400 -11.749413387 0.026906505 0.999632487 -0.003340719 0.670492366 0.365411861 -0.006724866 0.930821702 52.182204023
0.930835425 -0.026079575 -0.364506206 -12.039805288 0.027540204 0.999620158 -0.001191193 0.681379690 0.364398614 -0.008929812 0.931200385 52.950489423
0.931016673 -0.025838050 -0.364058714 -12.180208627 0.027689412 0.999616359 -0.000133889 0.686854227 0.363922621 -0.009955962 0.931376064 53.332176412
0.931415963 -0.025273229 -0.363077737 -12.479750800 0.027818297 0.999610733 0.001782125 0.697734285 0.362891183 -0.011760133 0.931757144 54.132280190
0.931586714 -0.025159319 -0.362645353 -12.779275324 0.028232288 0.999596204 0.003175949 0.707754653 0.362419461 -0.013197032 0.931921180 54.932398848
0.931820723 -0.025232260 -0.362039423 -12.929026093 0.028445319 0.999588673 0.003546895 0.712205039 0.361801134 -0.013603431 0.932156265 55.332467866
0.932370227 -0.024987354 -0.360640055 -13.216903059 0.028534131 0.999582215 0.004512812 0.721420763 0.360376642 -0.014498189 0.932694459 56.116207745
0.933215101 -0.024201851 -0.358499371 -13.506846669 0.028242682 0.999582498 0.006038606 0.731712808 0.358203905 -0.015760352 0.933510216 56.911411346
0.934055224 -0.023550988 -0.356349479 -13.654889093 0.027798683 0.999590204 0.006803025 0.737043826 0.356042855 -0.016260487 0.934328249 57.326233469
0.935477605 -0.023367203 -0.352610004 -13.943848244 0.027933211 0.999578577 0.007865964 0.746740187 0.352277897 -0.017208018 0.935737096 58.135558528
0.936814821 -0.024846170 -0.348940959 -14.221177075 0.029849308 0.999513367 0.008967817 0.756471602 0.348548524 -0.018816863 0.937101838 58.928490275
0.937736395 -0.025478742 -0.346409657 -14.353821578 0.030776938 0.999477452 0.009801379 0.762001856 0.345979092 -0.019852581 0.938032088 59.330202243
0.938870817 -0.025934296 -0.343289026 -14.636811505 0.032198307 0.999402309 0.012558898 0.774831873 0.342758466 -0.022844575 0.939145393 60.144730660
0.940658623 -0.025233927 -0.338412894 -14.916793016 0.032398161 0.999354347 0.015537426 0.788069136 0.337802536 -0.025579425 0.940869366 60.961880826
0.941436049 -0.025141237 -0.336252067 -15.050186852 0.032486184 0.999340370 0.016235104 0.793362627 0.335621648 -0.026207914 0.941631896 61.362939692
0.944038102 -0.026024429 -0.328805744 -15.314280695 0.033650686 0.999280002 0.017523879 0.804184576 0.328112874 -0.027607820 0.944234978 62.193932852
0.946334740 -0.027354663 -0.322027090 -15.566728211 0.035135050 0.999213764 0.018372571 0.814261860 0.321271932 -0.028701106 0.946551788 63.008546197
0.947593581 -0.027746702 -0.318270661 -15.692585819 0.035675773 0.999180516 0.019110319 0.819833734 0.317480097 -0.029463438 0.947806768 63.416172239
0.949915984 -0.029182837 -0.311139248 -15.936237668 0.037558544 0.999074093 0.020960685 0.831695300 0.310240044 -0.031596884 0.950133113 64.225187146
0.952942746 -0.029873872 -0.301673360 -16.165012166 0.038399322 0.999011337 0.022368822 0.842996781 0.300707027 -0.032900335 0.953148481 65.033901789
0.954341601 -0.030219055 -0.297182741 -16.282573950 0.038782861 0.998983925 0.022961644 0.848583980 0.296186889 -0.033438937 0.954544419 65.448756760
0.957315855 -0.030543960 -0.287424281 -16.510898104 0.038985877 0.998958506 0.023692089 0.859190219 0.286402155 -0.033886386 0.957510594 66.284391333
0.960668009 -0.030726702 -0.275990717 -16.731452341 0.038816413 0.998960518 0.023895806 0.869312369 0.274970174 -0.033668995 0.960863081 67.140060228
0.962339503 -0.030606720 -0.270119423 -16.835441771 0.038600473 0.998958011 0.024330002 0.875052782 0.269094263 -0.033840534 0.962518971 67.566742139
0.965795838 -0.030297838 -0.257526977 -17.035358290 0.038173169 0.998942389 0.025635426 0.887301411 0.256478249 -0.034589341 0.965930915 68.413867918
0.969419328 -0.030090667 -0.243555281 -17.228278647 0.037782314 0.998921508 0.026970483 0.900018758 0.242481232 -0.035347901 0.969511482 69.280354328
0.971760336 -0.030360268 -0.234008722 -17.321077980 0.037830509 0.998905026 0.027499677 0.906866408 0.232917891 -0.035575808 0.971845895 69.756579713
0.974930951 -0.030713708 -0.220375577 -17.497703012 0.037709283 0.998906842 0.027606892 0.918552449 0.219286424 -0.035225105 0.975024627 70.663793060
0.977763858 -0.031566970 -0.207319478 -17.656135077 0.038171768 0.998880284 0.027934652 0.930617800 0.206205934 -0.035227284 0.977874410 71.547067983
0.979151453 -0.032111412 -0.200576230 -17.723837941 0.038585287 0.998849715 0.028450179 0.937081759 0.199431740 -0.035596329 0.979264858 71.965578300
0.981635822 -0.031753431 -0.188102788 -17.864856540 0.038010303 0.998833960 0.029749641 0.950759127 0.186938272 -0.036353206 0.981699004 72.824236265
0.983825946 -0.031765045 -0.176285725 -18.000376003 0.037755129 0.998814451 0.030729882 0.964351718 0.175099820 -0.036888617 0.983859440 73.700950042
0.984817127 -0.031894149 -0.170637502 -18.063324755 0.037662314 0.998819194 0.030673824 0.970284212 0.169457504 -0.036634830 0.984856424 74.136866704
0.986625551 -0.032796274 -0.159669324 -18.176281401 0.038078761 0.998819883 0.030136989 0.981201052 0.158492525 -0.035814007 0.986709998 74.980184183
0.988120789 -0.033664391 -0.149944624 -18.284744097 0.038633637 0.998791577 0.030351609 0.993638433 0.148741608 -0.035783994 0.988228537 75.827418542
0.988919195 -0.033503278 -0.144618952 -18.338116244 0.038299384 0.998800197 0.030507409 1.000052528 0.143423262 -0.035708245 0.989017528 76.258416513
0.990232467 -0.032868623 -0.135493974 -18.441640186 0.037394425 0.998819379 0.030993223 1.013585110 0.134315401 -0.035757304 0.990293501 77.136483010
0.991476466 -0.032912030 -0.126055513 -18.534066076 0.037134258 0.998820360 0.031292611 1.026963220 0.124876967 -0.035706923 0.991529503 78.010956225
0.992047277 -0.032837294 -0.121501571 -18.575586528 0.036887880 0.998830928 0.031240410 1.033249680 0.120333923 -0.035473964 0.992099520 78.439017649
0.993251732 -0.032538026 -0.111322071 -18.649041182 0.036207423 0.998859636 0.031100897 1.045834371 0.110182998 -0.034921705 0.993297910 79.290229937
0.994398928 -0.032038376 -0.100715350 -18.716458480 0.035296576 0.998903772 0.030737397 1.058233916 0.099619938 -0.034120229 0.994440021 80.146703026
0.994899835 -0.032426603 -0.095504003 -18.751948758 0.035500597 0.998898603 0.030666460 1.064685104 0.094404773 -0.033900622 0.994956826 80.580019195
0.995863385 -0.033271184 -0.084551066 -18.798507579 0.036016874 0.998865226 0.031159377 1.079078428 0.083418561 -0.034075869 0.995931581 81.441405413
0.996778029 -0.032690806 -0.073244672 -18.838288945 0.035097967 0.998876418 0.031822772 1.093973206 0.072122295 -0.034291022 0.996805905 82.308697747
0.997157913 -0.032103352 -0.068159393 -18.856142330 0.034376191 0.998881571 0.032439154 1.101773759 0.067041211 -0.034690071 0.997146935 82.730855451
0.997872254 -0.031885358 -0.056862767 -18.876770076 0.033826643 0.998865383 0.033511502 1.117611746 0.055729784 -0.035363791 0.997819331 83.588310750
0.998458376 -0.031213609 -0.045884284 -18.897168442 0.032794739 0.998879552 0.034120847 1.132897186 0.044767932 -0.035573069 0.998364114 84.459229561
0.998681204 -0.030993142 -0.040917037 -18.908226929 0.032408125 0.998882478 0.034384846 1.140349499 0.039806179 -0.035665545 0.998570253 84.887308089
0.999102350 -0.030818409 -0.029041924 -18.904177291 0.031825650 0.998884114 0.034885227 1.155846350 0.027934174 -0.035778270 0.998969139 85.753002927
0.999375659 -0.030824897 -0.017231747 -18.891822390 0.031412663 0.998895246 0.034954621 1.170898692 0.016135056 -0.035474204 0.999240890 86.625934653
0.999468418 -0.030524041 -0.011418457 -18.881979509 0.030905559 0.998912902 0.034881065 1.178255539 0.010342312 -0.035215519 0.999325891 87.058962470
0.999553512 -0.029853356 0.000109050 -18.856024138 0.029832366 0.998977827 0.033954390 1.192091590 -0.001122475 -0.033936007 0.999423699 87.943744839
0.999510711 -0.029691834 0.009810053 -18.825018744 0.029349843 0.999012894 0.033330465 1.206478127 -0.010789682 -0.033026312 0.999395748 88.819664129
0.999455867 -0.029350139 0.015035960 -18.808397381 0.028835602 0.999026903 0.033362880 1.214286446 -0.016000103 -0.032911185 0.999329749 89.258598927
0.999205023 -0.029354980 0.026957593 -18.756962511 0.028439895 0.999026521 0.033720925 1.230322380 -0.027921703 -0.032927541 0.999067426 90.112529409
0.998812298 -0.029843703 0.038510405 -18.705031080 0.028486834 0.998969903 0.035313090 1.248287213 -0.039524991 -0.034174097 0.998634315 90.953629756
0.998565228 -0.030209045 0.044197227 -18.675302689 0.028615044 0.998932044 0.036262265 1.257673725 -0.045246078 -0.034945559 0.998364323 91.377458932
0.997941301 -0.031140392 0.056054865 -18.598405762 0.029012264 0.998841887 0.038385389 1.276759236 -0.057184596 -0.036680165 0.997689134 92.200522820
0.997092437 -0.031817964 0.069230644 -18.516966452 0.029097649 0.998777204 0.039952462 1.295006139 -0.070417559 -0.037821898 0.996800032 93.027544419
0.996630675 -0.031763019 0.075622127 -18.475370359 0.028775486 0.998773925 0.040272683 1.303485298 -0.076808797 -0.037960950 0.996322673 93.448450544
0.995557260 -0.032745986 0.088279051 -18.370522134 0.029257513 0.998750196 0.040524225 1.320325006 -0.089495746 -0.037761412 0.995271161 94.295869683
0.994395287 -0.033622374 0.100231418 -18.263621220 0.029675251 0.998734236 0.040614782 1.336768149 -0.101469370 -0.037412850 0.994134842 95.131813336
0.993824136 -0.033405207 0.105815278 -18.210936515 0.029204580 0.998731442 0.041001922 1.345552669 -0.107051414 -0.037658446 0.993540031 95.549118220
0.992305988 -0.034285944 0.118966571 -18.088912412 0.029360071 0.998646547 0.042914245 1.364956798 -0.120275972 -0.039091230 0.991970574 96.358449968
0.990796613 -0.034753147 0.130819401 -17.956757478 0.029133584 0.998578174 0.044628747 1.383962440 -0.132183956 -0.040406769 0.990400947 97.150081509
0.990011361 -0.034301285 0.136749905 -17.894186096 0.028282259 0.998553364 0.045717825 1.393620761 -0.138119913 -0.041393586 0.989550195 97.536210216
0.988274709 -0.033322584 0.149005052 -17.755417826 0.026702577 0.998574328 0.046210560 1.410501551 -0.150331515 -0.041689983 0.987756105 98.320339381
0.986549068 -0.031172350 0.160462629 -17.602305704 0.024072908 0.998651463 0.045999205 1.426692708 -0.161679934 -0.041517740 0.985969598 99.116967274
0.985760758 -0.029186652 0.165596793 -17.525369333 0.021879007 0.998711408 0.045782660 1.434631767 -0.166720039 -0.041507717 0.985129806 99.515612528
0.983820267 -0.024553845 0.177464040 -17.369032960 0.016692464 0.998817771 0.045656574 1.451337385 -0.178375212 -0.041955602 0.983067642 100.328314263
0.981276430 -0.021025525 0.191451557 -17.193835143 0.011999349 0.998765759 0.048183669 1.472597655 -0.192228434 -0.044984223 0.980318539 101.117662506
0.980008695 -0.019756243 0.197970233 -17.103398244 0.010074341 0.998708292 0.049794309 1.484188665 -0.198698189 -0.046804507 0.978942050 101.528074143
0.976976974 -0.017048664 0.212663231 -16.908590102 0.006136776 0.998634505 0.051865513 1.505387014 -0.213257307 -0.049366378 0.975747644 102.334510644
0.973667470 -0.015894698 0.227417768 -16.693789940 0.004157512 0.998638725 0.051996871 1.523426899 -0.227933990 -0.049682172 0.972408102 103.131838303
0.971974077 -0.014777794 0.234622025 -16.587098867 0.002922071 0.998703846 0.050798545 1.530245787 -0.235068720 -0.048689375 0.970758604 103.529883029
0.968685823 -0.013336034 0.247929846 -16.356577825 0.001496737 0.998851862 0.047879450 1.543374006 -0.248283446 -0.046009065 0.967594444 104.327642940
0.965599421 -0.012265854 0.259741883 -16.116822674 0.000431051 0.998960495 0.045571453 1.558171055 -0.260031487 -0.043891850 0.964602176 105.146714309
0.963909657 -0.012370450 0.265939942 -15.992288724 0.000337041 0.998975722 0.045246241 1.566926350 -0.266227284 -0.043523787 0.962926611 105.547044359
0.960969800 -0.012638619 0.276362229 -15.747795426 -0.000105197 0.998939106 0.046049104 1.586844983 -0.276650856 -0.044280885 0.959949396 106.343719582
0.958310222 -0.013937452 0.285388560 -15.483176773 0.000494676 0.998888719 0.047121359 1.607730918 -0.285728682 -0.045015718 0.957252085 107.144668502
0.957227508 -0.014635652 0.288964087 -15.349638710 0.000820494 0.998852485 0.047872205 1.618737581 -0.289334037 -0.045587537 0.956142313 107.552845978
0.954703023 -0.017748847 0.297028873 -15.076326220 0.003141202 0.998764412 0.049584489 1.641492679 -0.297542404 -0.046405515 0.953579738 108.387899637
0.952718231 -0.022084596 0.303049283 -14.789098469 0.007040960 0.998691423 0.050643854 1.663193769 -0.303771458 -0.046115642 0.951628147 109.208550433
0.952207880 -0.023976781 0.304506362 -14.648558702 0.008769209 0.998648952 0.051211589 1.674399248 -0.305322710 -0.046093908 0.951132733 109.636093212
0.951656978 -0.026266774 0.306035966 -14.364105475 0.011029550 0.998616333 0.051412153 1.694920623 -0.306963372 -0.045551353 0.950630004 110.467589577
0.951637832 -0.026244565 0.306098259 -14.087501422 0.011080576 0.998628038 0.051172426 1.714911366 -0.307021144 -0.045305975 0.950623132 111.318773828
0.951218671 -0.025563141 0.307456582 -13.946402093 0.010293381 0.998636277 0.051184118 1.724976851 -0.308345839 -0.045522611 0.950184590 111.733539590
0.950709392 -0.025094057 0.309064597 -13.659485645 0.009559095 0.998617607 0.051676608 1.746345719 -0.309934727 -0.046175114 0.949636288 112.580446833
0.950425032 -0.025057923 0.309941798 -13.375427656 0.008797124 0.998515515 0.053750908 1.770623398 -0.310828913 -0.048359696 0.949234651 113.438128880
0.950292370 -0.024928207 0.310359707 -13.229869879 0.008057360 0.998424225 0.055522899 1.783938801 -0.311253994 -0.050262305 0.948996333 113.856781589
0.950020175 -0.026552230 0.311056877 -12.943085593 0.008353409 0.998181213 0.059693173 1.811745346 -0.312075951 -0.054111411 0.948514642 114.703577407
0.950374887 -0.027854159 0.309856613 -12.650047090 0.008549971 0.997945575 0.063484957 1.839423977 -0.310988149 -0.057685280 0.948662046 115.569086985
0.950135044 -0.028230775 0.310558174 -12.495751970 0.008511940 0.997870538 0.064667720 1.852489309 -0.311722421 -0.058799659 0.948352224 116.021881113
0.950246855 -0.028674863 0.310173758 -12.190316001 0.008902364 0.997847271 0.064975345 1.874696740 -0.311368769 -0.058981454 0.948456462 116.911454527
0.950402931 -0.028346780 0.309724128 -11.887098892 0.008872457 0.997902930 0.064105067 1.894774395 -0.310891899 -0.058177708 0.948662356 117.799093205
0.950791145 -0.027182446 0.308637406 -11.741783054 0.007928780 0.997951711 0.063466515 1.904378795 -0.309730469 -0.057896319 0.949059989 118.244060842
0.951669725 -0.026029232 0.306015789 -11.450961196 0.007093079 0.997999134 0.062829493 1.924944359 -0.307039440 -0.057622366 0.949950551 119.147426581
0.951803965 -0.024271718 0.305745153 -11.139746843 0.005859966 0.998120777 0.060993568 1.944085342 -0.306651269 -0.056262313 0.950157997 120.068561363
0.951980860 -0.022654090 0.305317553 -10.985163241 0.004493519 0.998185042 0.060052866 1.953719164 -0.306123875 -0.055797345 0.950355193 120.534868833
0.952100480 -0.021117259 0.305054559 -10.673771840 0.003166777 0.998240200 0.059218429 1.974856680 -0.305768394 -0.055415920 0.950491623 121.469423007
0.952707903 -0.021818359 0.303103204 -10.366852078 0.002845496 0.998015692 0.062896323 2.004007468 -0.303874416 -0.059059389 0.950879782 122.413349238
0.952878255 -0.022421199 0.302520697 -10.215209432 0.002575138 0.997826059 0.065841991 2.020568652 -0.303340149 -0.061960383 0.950865994 122.890361959
0.952941442 -0.023695831 0.302224680 -9.900058284 0.002240196 0.997463546 0.071142141 2.052873633 -0.303144685 -0.067117336 0.950577966 123.841462791
0.952478297 -0.024224330 0.303640620 -9.584283546 0.001721018 0.997244768 0.074161079 2.080919746 -0.304600399 -0.070114326 0.949895592 124.779840587
0.952318898 -0.024391930 0.304126637 -9.430504276 0.001699517 0.997207243 0.074657370 2.092995840 -0.305098764 -0.070580850 0.949701292 125.245448586
0.952859810 -0.023781541 0.302476896 -9.131950466 0.001231590 0.997217777 0.074523963 2.114926648 -0.303408731 -0.070638406 0.950238645 126.168816639
0.952636351 -0.023120281 0.303231917 -8.817380167 0.000310104 0.997179021 0.075056867 2.138787827 -0.304111997 -0.071407840 0.949956460 127.119406418
0.952628626 -0.023264970 0.303242812 -8.658141779 0.000046479 0.997080320 0.076350414 2.152728440 -0.304133472 -0.072719643 0.949849983 127.603036491
0.953004387 -0.022825792 0.302093243 -8.347771259 -0.001389273 0.996817995 0.079700795 2.181981091 -0.302951346 -0.076374912 0.949940500 128.576497654
0.952948798 -0.022228366 0.302314214 -8.030542633 -0.002450810 0.996710137 0.081010775 2.207806613 -0.303119778 -0.077940006 0.949759770 129.555932930
0.952873136 -0.021660565 0.302593436 -7.865961633 -0.002893482 0.996753629 0.080461877 2.218666275 -0.303354419 -0.077545611 0.949717588 130.044216725
0.953391821 -0.021849995 0.300940673 -7.555419755 -0.002136382 0.996860795 0.079145669 2.239571938 -0.301725487 -0.076099842 0.950352426 131.017822358
0.953230786 -0.022535547 0.301400114 -7.233059633 -0.001285271 0.996905338 0.078602672 2.261979378 -0.302239362 -0.075314036 0.950252414 131.988463243
0.953131470 -0.023494553 0.301642722 -7.068512700 -0.000430984 0.996873572 0.079006682 2.274498441 -0.302556201 -0.075433869 0.950141741 132.476718317
0.953515870 -0.024259035 0.300362165 -6.749586605 -0.000140254 0.996717828 0.080945990 2.301734405 -0.301340343 -0.077225570 0.950383902 133.470897528
0.953753486 -0.025058444 0.299544674 -6.423878950 0.000141296 0.996555966 0.082917256 2.329271895 -0.300590626 -0.079040283 0.950472508 134.470986315
0.953863792 -0.025389149 0.299164287 -6.259342688 0.000306390 0.996499704 0.083592835 2.342310770 -0.300239742 -0.079644570 0.950532721 134.959232392
0.954492965 -0.023858726 0.297275603 -5.945073637 -0.001054503 0.996517974 0.083364098 2.365349905 -0.298229262 -0.079884064 0.951145654 135.936087097
0.955150765 -0.021329543 0.295349574 -5.638121697 -0.003395388 0.996547871 0.082949127 2.388057929 -0.296098906 -0.080231855 0.951781645 136.919829486
0.955508041 -0.020911822 0.294222333 -5.480320615 -0.003532524 0.996600967 0.082305065 2.398536094 -0.294944070 -0.079682528 0.952186411 137.402205089
0.955927201 -0.021239709 0.292833049 -5.171057261 -0.002535559 0.996745478 0.080572803 2.418865521 -0.293591400 -0.077764355 0.952762774 138.387960246
0.956497617 -0.020552508 0.291014433 -4.853763375 -0.002945599 0.996784010 0.080077654 2.441512190 -0.291724415 -0.077451350 0.953361004 139.367450542
0.957247781 -0.020558011 0.288537811 -4.704634475 -0.002984168 0.996715897 0.080915033 2.454811664 -0.289253588 -0.078316882 0.954043192 139.868798816
0.958094635 -0.019285789 0.285799878 -4.395319872 -0.004858548 0.996493257 0.083530447 2.483265414 -0.286409093 -0.081418783 0.954641961 140.867867304
0.958994075 -0.017157978 0.282904797 -4.100276883 -0.007198716 0.996368789 0.084831037 2.508890067 -0.283333349 -0.083389093 0.955389529 141.854497969
0.959287465 -0.015939563 0.281978318 -3.952865358 -0.008597773 0.996295398 0.085567685 2.521748750 -0.282297257 -0.084508542 0.955597322 142.341085524
0.960119362 -0.012137941 0.279324589 -3.668891280 -0.012486400 0.996198104 0.086208537 2.546108387 -0.279309124 -0.086258347 0.956318720 143.331334040
0.960626865 -0.009474286 0.277679497 -3.378552330 -0.015224255 0.996121767 0.086654821 2.569825385 -0.277424035 -0.087470554 0.956757003 144.300600577
