1.000000000 0.000000000 0.000000000 0.000000000 -0.000000000 1.000000000 0.000000000 0.000000000 -0.000000000 -0.000000000 1.000000000 0.000000000
0.999992936 -0.001198693 -0.003297725 -0.000614964 0.001197476 0.999999090 -0.000307288 -0.107503346 0.003297234 0.000304223 0.999995007 1.030805110
0.999987200 -0.003878687 -0.002957349 0.009311894 0.003873611 0.999991870 -0.001693496 -0.215135022 0.002963627 0.001681907 0.999994591 2.044429131
0.999980070 -0.004859909 -0.004039554 0.011523494 0.004845097 0.999982107 -0.003576653 -0.271551195 0.004056035 0.003557814 0.999985775 2.555142592
0.999952136 -0.006491778 -0.007225430 0.010170381 0.006441797 0.999955559 -0.006849786 -0.382110537 0.007268997 0.006803964 0.999950699 3.562200535
0.999933789 -0.006892458 -0.009208279 0.011047922 0.006832328 0.999955713 -0.006530783 -0.481476657 0.009252440 0.006467838 0.999936375 4.525969896
0.999930865 -0.006864509 -0.009508230 0.011199710 0.006815660 0.999963432 -0.005141346 -0.529543089 0.009542614 0.005076806 0.999942194 5.013639075
0.999918432 -0.006604205 -0.010878224 0.010143457 0.006579259 0.999975711 -0.002298630 -0.624276195 0.010892855 0.002227606 0.999938085 5.976926225
0.999902770 -0.006014541 -0.012577846 0.002659189 0.005988314 0.999979968 -0.002095368 -0.722495240 0.012589485 0.002020715 0.999919127 6.924764589
0.999890454 -0.005478675 -0.013672010 -0.002842362 0.005452707 0.999983257 -0.001935372 -0.771439335 0.013681894 0.001861048 0.999904924 7.397737564
0.999861509 -0.004410635 -0.016020924 -0.011769416 0.004386329 0.999989672 -0.001524469 -0.865645125 0.016026807 0.001454717 0.999870828 8.310848070
0.999862399 -0.002023980 -0.016449207 -0.020328172 0.002030874 0.999998468 0.000412395 -0.958303039 0.016448444 -0.000445579 0.999864385 9.235834225
0.999838782 -0.000969389 -0.017922739 -0.025111238 0.001000539 0.999998070 0.001743097 -1.002711156 0.017920341 -0.001760131 0.999837751 9.686811908
0.999817469 0.001434803 -0.019014919 -0.036380343 -0.001364386 0.999992103 0.003732435 -1.092808089 0.019019640 -0.003705444 0.999812807 10.587670876
0.999791807 0.003299742 -0.020108869 -0.043566735 -0.003233777 0.999989628 0.003328646 -1.186210716 0.020120101 -0.003261677 0.999792359 11.478880100
0.999783902 0.001405970 -0.020732582 -0.043895238 -0.001348499 0.999995367 0.002798340 -1.231979555 0.020735406 -0.002769248 0.999781459 11.909176846
0.999746223 -0.002656760 -0.022352094 -0.046762007 0.002689512 0.999995894 0.001452654 -1.322797581 0.022347963 -0.001511118 0.999749033 12.757166802
0.999719582 0.000125172 -0.023675293 -0.065017064 -0.000102962 1.000000095 0.000955344 -1.412581604 0.023674297 -0.000951704 0.999719444 13.608308551
0.999690353 0.002465802 -0.024753162 -0.074653906 -0.002438766 0.999996647 0.001137385 -1.455408659 0.024755677 -0.001075435 0.999692853 14.022379000
0.999645879 0.004653503 -0.026171061 -0.091182654 -0.004654787 0.999989184 0.000023193 -1.544021775 0.026170848 0.000099539 0.999657894 14.851657661
0.999539540 0.007288595 -0.029431905 -0.109688584 -0.007264884 0.999972990 0.000926628 -1.626402161 0.029438044 -0.000711130 0.999566601 15.657672170
0.999517785 0.005379521 -0.030570495 -0.120667022 -0.005348044 0.999985489 0.001112128 -1.668296591 0.030575443 -0.000948310 0.999532326 16.059642897
0.999500580 0.005150360 -0.031173363 -0.137310478 -0.005163275 0.999987199 -0.000328166 -1.752994666 0.031171140 0.000489440 0.999514131 16.843431999
0.999435012 0.009760877 -0.032148959 -0.157912835 -0.009840400 0.999949170 -0.002311604 -1.837071045 0.032123977 0.002627067 0.999480168 17.613644005
0.999422430 0.011542591 -0.031951659 -0.169316986 -0.011641749 0.999928179 -0.002915173 -1.879042377 0.031915444 0.003285650 0.999485416 18.003891856
0.999319632 0.012472102 -0.034686304 -0.191071806 -0.012548344 0.999919588 -0.001975327 -1.955559883 0.034658784 0.002409863 0.999396299 18.751459135
0.999211407 0.011141211 -0.038094828 -0.213650121 -0.011253704 0.999932867 -0.002730213 -2.032946802 0.038060680 0.003157482 0.999270882 19.475506341
0.999135563 0.010669030 -0.040175760 -0.229042208 -0.010849845 0.999932121 -0.004278346 -2.073064466 0.040126692 0.004711614 0.999183347 19.829356964
0.999052122 0.010494783 -0.042233961 -0.253696001 -0.010852166 0.999907760 -0.008236818 -2.152684086 0.042143370 0.008687943 0.999073735 20.517545926
0.998940525 0.015824823 -0.043200110 -0.286028479 -0.016261106 0.999820722 -0.009761015 -2.226202747 0.043037751 0.010453786 0.999018712 21.190800084
0.998896825 0.018986457 -0.042932434 -0.298097579 -0.019425198 0.999763307 -0.009821134 -2.261145514 0.042735482 0.010644782 0.999029720 21.524166852
0.998771954 0.020319218 -0.045177169 -0.325822500 -0.020731783 0.999747465 -0.008676342 -2.328960868 0.044989541 0.009602852 0.998941658 22.189188617
0.998653181 0.016131694 -0.049304882 -0.348347605 -0.016570806 0.999826381 -0.008507347 -2.394286757 0.049158071 0.009313359 0.998747980 22.811462927
0.998585877 0.014222220 -0.051209206 -0.361614704 -0.014835395 0.999822816 -0.011606072 -2.431487789 0.051035183 0.012350131 0.998620598 23.109450489
0.998489267 0.014902457 -0.052887505 -0.390401339 -0.015854572 0.999719277 -0.017624319 -2.504076908 0.052609557 0.018436863 0.998445593 23.692935627
0.998379759 0.018302954 -0.053872979 -0.420499491 -0.019331484 0.999639607 -0.018627186 -2.565032158 0.053513010 0.019639101 0.998374105 24.254199257
0.998329625 0.019532386 -0.054362042 -0.437114137 -0.020560153 0.999618946 -0.018408740 -2.594818894 0.053981221 0.019496003 0.998351954 24.539796885
0.998178859 0.021278739 -0.056435659 -0.466040936 -0.022317666 0.999592066 -0.017836475 -2.651856994 0.056032531 0.019064546 0.998247163 25.090715841
0.998047017 0.017904640 -0.059839460 -0.492405456 -0.018960420 0.999673935 -0.017117228 -2.706686277 0.059513462 0.018219174 0.998061111 25.620361199
0.998028488 0.016267348 -0.060612913 -0.506384892 -0.017380180 0.999689335 -0.017870224 -2.736132730 0.060302810 0.018889355 0.998002000 25.884491163
0.997993103 0.013188697 -0.061932519 -0.530962345 -0.014785183 0.999569051 -0.025387798 -2.802331535 0.061570503 0.026253135 0.997758186 26.379256118
0.997953895 0.011645178 -0.062862223 -0.557909988 -0.013975947 0.999226219 -0.036763103 -2.875172423 0.062385034 0.037567004 0.997345115 26.871886159
0.997941721 0.011312764 -0.063112040 -0.571630998 -0.014003863 0.999005016 -0.042358942 -2.910751715 0.062568845 0.043156388 0.997106978 27.112431095
0.997881910 0.011306474 -0.064046735 -0.601005200 -0.014660052 0.998532879 -0.052131260 -2.976830494 0.063362907 0.052960437 0.996584388 27.570137075
0.997767369 0.011690078 -0.065750092 -0.628318545 -0.015687709 0.998038090 -0.060614509 -3.039325796 0.064911441 0.061511282 0.995993742 28.017945420
0.997721473 0.012087457 -0.066364925 -0.642717814 -0.016304103 0.997857249 -0.063364565 -3.068511690 0.065456410 0.064302821 0.995781888 28.247439473
0.997590687 0.012948561 -0.068151169 -0.673248600 -0.017276468 0.997845206 -0.063300262 -3.115942264 0.067184317 0.064325830 0.995664621 28.695367331
0.997421684 0.014897918 -0.070194772 -0.708000383 -0.018632332 0.998429459 -0.052845208 -3.145052366 0.069296598 0.054017490 0.996132856 29.143271143
0.997368473 0.015806143 -0.070747520 -0.724908755 -0.018993581 0.998823890 -0.044606432 -3.154865685 0.069959056 0.045833424 0.996496430 29.373813807
0.997316103 0.017146091 -0.071169376 -0.749648308 -0.019100542 0.999456454 -0.026868318 -3.171023907 0.070669912 0.028156095 0.997102931 29.828843100
0.997366862 0.018903507 -0.070013386 -0.777240075 -0.019783510 0.999734037 -0.011895451 -3.192946502 0.069769647 0.013249536 0.997475882 30.293061830
0.997402011 0.019411483 -0.069366078 -0.792205342 -0.019911128 0.999780310 -0.006514969 -3.207631372 0.069224263 0.007879815 0.997570289 30.524061932
0.997510671 0.019872272 -0.067657456 -0.815579603 -0.020027973 0.999798144 -0.001617889 -3.247784989 0.067611731 0.002969614 0.997707561 30.988313998
0.997607146 0.021004566 -0.065865783 -0.836190128 -0.021332034 0.999763480 -0.004271195 -3.302851173 0.065759935 0.005666450 0.997820215 31.463695549
0.997644334 0.021420408 -0.065165872 -0.850053123 -0.021970857 0.999728619 -0.007737655 -3.334792785 0.064981719 0.009151882 0.997845108 31.704618288
0.997708753 0.022801343 -0.063684074 -0.871989486 -0.023963038 0.999559508 -0.017533663 -3.400313847 0.063255664 0.019020238 0.997816499 32.155002545
0.997809501 0.023480087 -0.061839323 -0.898246127 -0.025268509 0.999280693 -0.028295955 -3.467426538 0.061129388 0.029797233 0.997684903 32.602813030
0.997878090 0.023776437 -0.060603809 -0.906356023 -0.025815095 0.999119394 -0.033076495 -3.500558267 0.059763551 0.034571432 0.997613343 32.835269132
0.998117178 0.020865513 -0.057665626 -0.920839091 -0.023320894 0.998835998 -0.042235006 -3.566405718 0.056716646 0.043500980 0.997442211 33.301187928
0.998436559 0.018080017 -0.052888269 -0.929270202 -0.020737593 0.998527034 -0.050135407 -3.630116326 0.051903272 0.051154443 0.997340932 33.770700508
0.998545463 0.017591591 -0.050962206 -0.935287878 -0.020290540 0.998391925 -0.052931923 -3.660956186 0.049948281 0.053889628 0.997297131 34.016072914
0.998799485 0.017838327 -0.045617202 -0.945793665 -0.020353103 0.998264619 -0.055265756 -3.716912463 0.044551626 0.056128465 0.997429360 34.508375541
0.999174930 0.020105846 -0.035261998 -0.956443173 -0.022117315 0.998094644 -0.057603277 -3.796523202 0.034036796 0.058336313 0.997716859 35.227220607
0.999365768 0.020225165 -0.029287417 -0.958758498 -0.021939269 0.997991008 -0.059432311 -3.848260416 0.028026018 0.060037785 0.997802617 35.690115380
0.999525222 0.018447380 -0.024647434 -0.958992405 -0.019901542 0.997994419 -0.060104384 -3.896940922 0.023489155 0.060567148 0.997887628 36.143057809
0.999608451 0.017916102 -0.021490784 -0.953476519 -0.019176896 0.998016192 -0.059962365 -3.919390197 0.020373621 0.060351595 0.997970012 36.361382383
0.999749793 0.017042129 -0.014472590 -0.947217179 -0.017880151 0.998045622 -0.059882892 -3.965767971 0.013423174 0.060127282 0.998100506 36.806702629
0.999832552 0.016755631 -0.007278965 -0.933055433 -0.017169334 0.997988835 -0.061022595 -4.012018482 0.006241985 0.061137962 0.998110355 37.233423251
0.999855098 0.016408776 -0.004395628 -0.929692285 -0.016650141 0.997936807 -0.062015181 -4.035209139 0.003368113 0.062080136 0.998065659 37.438992551
0.999869783 0.015922784 0.002507156 -0.910800721 -0.015732267 0.997866275 -0.063369690 -4.078400586 -0.003511157 0.063322572 0.997987473 37.834258070
0.999852259 0.014553369 0.009113370 -0.890730821 -0.013949235 0.997904088 -0.063199553 -4.117853785 -0.010013883 0.063063843 0.997959161 38.219160335
0.999824136 0.014088655 0.012294923 -0.879625873 -0.013287328 0.997924640 -0.063010306 -4.136802425 -0.013157150 0.062836621 0.997937174 38.406557360
0.999744638 0.013283338 0.018232518 -0.860063540 -0.012121784 0.997976717 -0.062414149 -4.174235393 -0.019025159 0.062177865 0.997884067 38.779954554
0.999646169 0.012475976 0.023477503 -0.838447273 -0.011014188 0.998052288 -0.061407079 -4.207419436 -0.024197993 0.061127419 0.997837003 39.120575140
0.999586257 0.012635062 0.025827216 -0.828783172 -0.011038943 0.998074360 -0.061042200 -4.222404517 -0.026549391 0.060732501 0.997801153 39.273239147
0.999450775 0.012449042 0.030704624 -0.805955861 -0.010551384 0.998068893 -0.061217548 -4.251712096 -0.031408156 0.060860546 0.997651861 39.557614666
0.999328121 0.011825127 0.034665635 -0.790598526 -0.009669075 0.998046306 -0.061723300 -4.280265907 -0.035327650 0.061347303 0.997491323 39.826500032
0.999275443 0.011856644 0.036160174 -0.781462881 -0.009610819 0.998050775 -0.061668931 -4.292207504 -0.036820943 0.061277368 0.997441336 39.944817157
0.999173871 0.011120663 0.039073694 -0.765828679 -0.008705854 0.998072802 -0.061440554 -4.315894737 -0.039682545 0.061050250 0.997345822 40.180026677
0.999073381 0.009735671 0.041919980 -0.744577096 -0.007143057 0.998077862 -0.061563420 -4.336806885 -0.042439309 0.061207607 0.997222150 40.384233295
0.999046935 0.009565898 0.042567041 -0.742448473 -0.006928898 0.998072261 -0.061676704 -4.348871958 -0.043075586 0.061323672 0.997188192 40.498684047
0.998983925 0.008640554 0.044215886 -0.729574991 -0.005900784 0.998075857 -0.061729218 -4.368219593 -0.044664246 0.061406298 0.997113188 40.687003021
0.998942207 0.008560403 0.045176084 -0.719028757 -0.005772970 0.998091787 -0.061480193 -4.383349506 -0.045617049 0.061154978 0.997085505 40.840133680
0.998916659 0.008689678 0.045697779 -0.717465443 -0.005875746 0.998098384 -0.061358161 -4.391426888 -0.046144465 0.061023783 0.997069533 40.920335613
0.998855285 0.008357410 0.047091985 -0.705609363 -0.005450439 0.998090868 -0.061530169 -4.406187880 -0.047516188 0.061203783 0.996993434 41.062753085
0.998790954 0.007740427 0.048540259 -0.694694322 -0.004731122 0.998077127 -0.061814752 -4.418806763 -0.048925014 0.061511101 0.996906541 41.181963255
0.998779822 0.007344464 0.048825064 -0.693198060 -0.004320411 0.998082200 -0.061763717 -4.424678148 -0.049185015 0.061478138 0.996896122 41.239446215
0.998777991 0.006465308 0.048991496 -0.683259748 -0.003434564 0.998089027 -0.061702854 -4.434240532 -0.049296567 0.061459821 0.996891903 41.335544049
0.998751988 0.006103655 0.049552152 -0.678559148 -0.003023325 0.998071729 -0.062007523 -4.444345264 -0.049835585 0.061781090 0.996845020 41.428695395
0.998735130 0.006061840 0.049904712 -0.676663493 -0.002963546 0.998075843 -0.061932085 -4.448977348 -0.050184033 0.061706394 0.996832422 41.475073871
0.998703171 0.006028912 0.050533699 -0.667699194 -0.002912031 0.998101051 -0.061532308 -4.455552806 -0.050809283 0.061305982 0.996825272 41.548052144
0.998678447 0.006281537 0.051004285 -0.667483295 -0.003138203 0.998103712 -0.061480300 -4.462548478 -0.051294313 0.061239673 0.996804579 41.616169839
0.998671551 0.006525880 0.051103343 -0.664778378 -0.003375264 0.998101391 -0.061500793 -4.464970313 -0.051408163 0.061247281 0.996797906 41.640311477
0.998660000 0.006848550 0.051294118 -0.662864877 -0.003675306 0.998087349 -0.061706581 -4.470059592 -0.051619707 0.061435940 0.996775947 41.686642470
0.998647761 0.007091084 0.051489612 -0.661385624 -0.003864254 0.998037349 -0.062504442 -4.475007114 -0.051832630 0.062221646 0.996715679 41.721273296
0.998642362 0.007225837 0.051581849 -0.659997475 -0.003965479 0.998003976 -0.063038097 -4.477132421 -0.051934377 0.062748626 0.996677688 41.733249148
0.998635678 0.007312387 0.051688931 -0.659847405 -0.003986124 0.997931469 -0.064169358 -4.481465367 -0.052051986 0.063876490 0.996599373 41.755747220
0.998627050 0.007381505 0.051846156 -0.656718654 -0.004027924 0.997909660 -0.064496341 -4.483274058 -0.052214640 0.064199643 0.996570191 41.768719343
0.998623517 0.007329710 0.051929559 -0.659760180 -0.003977157 0.997917988 -0.064375141 -4.484188192 -0.052294019 0.064080617 0.996573818 41.778412517
0.998619916 0.007206883 0.052005048 -0.657163048 -0.003876560 0.997951687 -0.063863255 -4.483360433 -0.052359155 0.063574352 0.996602538 41.779943567
0.998622898 0.007135734 0.051974632 -0.655448437 -0.003837976 0.997989040 -0.063280118 -4.482377904 -0.052321687 0.062994205 0.996641676 41.781008998
0.998620343 0.007180799 0.052011149 -0.655438351 -0.003872837 0.997978671 -0.063428356 -4.482636318 -0.052361898 0.063140042 0.996630542 41.780982160
0.998608851 0.007321709 0.052210827 -0.657993974 -0.003942474 0.997907724 -0.064539194 -4.484527551 -0.052574383 0.064244253 0.996548278 41.779340659
0.998601920 0.007306032 0.052350850 -0.661430954 -0.003862790 0.997840239 -0.065578549 -4.486293831 -0.052717438 0.065285340 0.996473180 41.777230442
0.998599685 0.007324217 0.052381670 -0.657519321 -0.003877885 0.997838973 -0.065598687 -4.485216419 -0.052749256 0.065304359 0.996470375 41.768035919
0.998599411 0.007363143 0.052390100 -0.659298716 -0.003935946 0.997863391 -0.065225743 -4.484539133 -0.052758978 0.064928874 0.996494191 41.767142874
0.998594030 0.007503608 0.052467082 -0.660172315 -0.004068372 0.997858948 -0.065280565 -4.484612959 -0.052845109 0.064976012 0.996487156 41.766653513
0.998591010 0.007545702 0.052517948 -0.661040095 -0.004100024 0.997849820 -0.065415585 -4.484835871 -0.052898948 0.065108777 0.996475233 41.766148668
0.998589628 0.007457088 0.052568075 -0.661918736 -0.004009531 0.997851813 -0.065387756 -4.484780490 -0.052943469 0.065085351 0.996474127 41.765672726
0.998589186 0.007349749 0.052587336 -0.661942788 -0.003920281 0.997876367 -0.065028322 -4.484164271 -0.052954338 0.064731091 0.996496463 41.765736726
0.998586497 0.007336415 0.052641529 -0.661936194 -0.003898513 0.997870115 -0.065121631 -4.484333234 -0.053007041 0.064825030 0.996488151 41.765719177
0.998581408 0.007344930 0.052737617 -0.662791947 -0.003883949 0.997849171 -0.065433593 -4.484864255 -0.053105587 0.065136451 0.996462838 41.765182333
0.998583540 0.007353561 0.052685366 -0.662798930 -0.003901518 0.997855990 -0.065332752 -4.484685353 -0.053053812 0.065035292 0.996472012 41.765200913
0.998584862 0.007372168 0.052649010 -0.662808240 -0.003929479 0.997864457 -0.065201023 -4.484446816 -0.053017560 0.064902629 0.996482314 41.765225687
0.998583745 0.007435065 0.052668706 -0.663677184 -0.003984704 0.997856979 -0.065319293 -4.484639911 -0.053042313 0.065017647 0.996473726 41.764723939
0.998583710 0.007569207 0.052655924 -0.663674080 -0.004116734 0.997852365 -0.065372666 -4.484719423 -0.053038214 0.065064043 0.996470345 41.764715681
0.998582901 0.007617819 0.052653954 -0.663680287 -0.004170264 0.997858608 -0.065285074 -4.484560399 -0.053038479 0.064973764 0.996476795 41.764732197
0.998583423 0.007708882 0.052643912 -0.664564360 -0.004267071 0.997864029 -0.065184978 -4.484365871 -0.053034251 0.064868601 0.996483819 41.764270707
0.998581666 0.007606965 0.052684807 -0.664565524 -0.004163787 0.997865910 -0.065162142 -4.484336054 -0.053069340 0.064850937 0.996482753 41.764273804
0.998583141 0.007507712 0.052680922 -0.664565136 -0.004064555 0.997865995 -0.065167094 -4.484345993 -0.053058390 0.064861258 0.996483441 41.764272771
0.998583925 0.007372874 0.052680850 -0.664565524 -0.003930655 0.997867507 -0.065152871 -4.484336054 -0.053049216 0.064854153 0.996484035 41.764273804
0.998580596 0.007435117 0.052741656 -0.664569791 -0.003992386 0.997872071 -0.065087462 -4.484226725 -0.053113882 0.064785160 0.996485472 41.764285158
0.998579811 0.007530414 0.052732627 -0.664570567 -0.004088257 0.997871516 -0.065085289 -4.484206847 -0.053111403 0.064777886 0.996485374 41.764287223
0.998578346 0.007658019 0.052734183 -0.664569791 -0.004214776 0.997870349 -0.065102698 -4.484226725 -0.053121175 0.064788635 0.996484048 41.764285158
0.998574239 0.007605471 0.052818943 -0.664572507 -0.004159413 0.997873180 -0.065053386 -4.484157152 -0.053201441 0.064741629 0.996482856 41.764292384
0.998573785 0.007535984 0.052851190 -0.664573283 -0.004088597 0.997874467 -0.065040438 -4.484137274 -0.053229551 0.064732185 0.996482687 41.764294449
0.998576040 0.007474840 0.052817467 -0.664572507 -0.004029106 0.997873711 -0.065050398 -4.484157152 -0.053192158 0.064745552 0.996483568 41.764292384
0.998575763 0.007550471 0.052807179 -0.665449597 -0.004105438 0.997873997 -0.065050803 -4.484141527 -0.053185804 0.064742155 0.996483603 41.763812313
0.998574900 0.007624756 0.052804721 -0.665450373 -0.004180024 0.997873879 -0.065045117 -4.484121649 -0.053188737 0.064732456 0.996484112 41.763814378
0.998573859 0.007630181 0.052827598 -0.665455028 -0.004187702 0.997878512 -0.064974036 -4.484002381 -0.053212082 0.064660829 0.996488373 41.763826765
0.998573548 0.007568127 0.052847799 -0.665451537 -0.004121957 0.997875909 -0.065020911 -4.484091832 -0.053228121 0.064711001 0.996483270 41.763817475
0.998574184 0.007521426 0.052839471 -0.665451149 -0.004075460 0.997875244 -0.065026615 -4.484101771 -0.053217354 0.064719231 0.996483718 41.763816442
0.998574851 0.007501569 0.052830792 -0.665448821 -0.004054526 0.997873089 -0.065058155 -4.484161405 -0.053207476 0.064751899 0.996481883 41.763810249
0.998576363 0.007580392 0.052794309 -0.666325135 -0.004134572 0.997871365 -0.065079443 -4.484165658 -0.053175350 0.064769059 0.996483272 41.763328113
0.998575676 0.007606840 0.052795395 -0.666326299 -0.004161873 0.997872544 -0.065060058 -4.484135841 -0.053179149 0.064748271 0.996484002 41.763331210
0.998575143 0.007581057 0.052806655 -0.666327851 -0.004136750 0.997874761 -0.065037386 -4.484096085 -0.053187773 0.064726918 0.996484996 41.763335339
0.998575237 0.007575697 0.052813288 -0.666329403 -0.004132272 0.997876288 -0.065010695 -4.484056329 -0.053194048 0.064700516 0.996486246 41.763339468
0.998575720 0.007559964 0.052804350 -0.666332118 -0.004119000 0.997878187 -0.064976027 -4.483986756 -0.053184084 0.064666623 0.996489122 41.763346694
0.998575728 0.007626801 0.052794062 -0.666337161 -0.004190254 0.997882559 -0.064904450 -4.483857549 -0.053178085 0.064591521 0.996493585 41.763360113
0.998576918 0.007648576 0.052781138 -0.666335997 -0.004212048 0.997881983 -0.064919364 -4.483887366 -0.053166387 0.064605253 0.996493797 41.763357016
0.998575534 0.007661005 0.052791319 -0.666337161 -0.004224707 0.997883146 -0.064903842 -4.483857549 -0.053176769 0.064589041 0.996494450 41.763360113
0.998574326 0.007664486 0.052826224 -0.666337937 -0.004226717 0.997883821 -0.064889316 -4.483837671 -0.053212123 0.064574164 0.996493642 41.763362178
0.998573656 0.007658215 0.052827589 -0.666337161 -0.004219635 0.997883243 -0.064901855 -4.483857549 -0.053212751 0.064587060 0.996492821 41.763360113
0.998574987 0.007663372 0.052798231 -0.667213863 -0.004226276 0.997882715 -0.064909075 -4.483851863 -0.053184154 0.064594076 0.996494149 41.762879010
0.998575858 0.007681638 0.052778348 -0.667215027 -0.004246784 0.997883193 -0.064892796 -4.483822046 -0.053165582 0.064576968 0.996495593 41.762882107
0.998575658 0.007693317 0.052796490 -0.667216191 -0.004258126 0.997884616 -0.064874561 -4.483792229 -0.053184333 0.064557967 0.996496369 41.762885204
0.998573665 0.007720108 0.052822432 -0.667217355 -0.004284025 0.997885377 -0.064859552 -4.483762412 -0.053212780 0.064541332 0.996495288 41.762888300
0.998574294 0.007731982 0.052817327 -0.667215415 -0.004294656 0.997883675 -0.064890522 -4.483812107 -0.053208026 0.064571866 0.996493193 41.762883139
0.998573740 0.007735081 0.052812365 -0.667214639 -0.004297419 0.997882549 -0.064902724 -4.483831985 -0.053202938 0.064583874 0.996493529 41.762881075
0.998573367 0.007715201 0.052821055 -0.667216579 -0.004278693 0.997884916 -0.064871482 -4.483782290 -0.053209979 0.064553616 0.996495332 41.762886236
0.998574149 0.007762689 0.052806209 -0.667216967 -0.004327153 0.997884197 -0.064869658 -4.483772351 -0.053198403 0.064549319 0.996495437 41.762887268
0.998572210 0.007734974 0.052841094 -0.667217743 -0.004298044 0.997885543 -0.064854635 -4.483752473 -0.053231407 0.064535633 0.996494681 41.762889333
0.998573911 0.007706088 0.052820242 -0.667217355 -0.004270161 0.997885619 -0.064860723 -4.483762412 -0.053208611 0.064543415 0.996495086 41.762888300
0.998575670 0.007622245 0.052807072 -0.667217355 -0.004187369 0.997886296 -0.064856942 -4.483762412 -0.053190383 0.064544142 0.996496357 41.762888300
0.998576435 0.007584097 0.052795360 -0.667215803 -0.004148795 0.997885177 -0.064880419 -4.483802168 -0.053175945 0.064569643 0.996496162 41.762884171
0.998577125 0.007617928 0.052780857 -0.667214639 -0.004182535 0.997883652 -0.064899775 -4.483831985 -0.053163723 0.064587355 0.996494949 41.762881075
0.998579937 0.007604500 0.052713629 -0.668092505 -0.004173998 0.997883997 -0.064890480 -4.483796482 -0.053095676 0.064578986 0.996499344 41.762403068
0.998580897 0.007528842 0.052702976 -0.667220458 -0.004103291 0.997889040 -0.064809560 -4.483682900 -0.053080548 0.064501993 0.996504778 41.762896558
0.998581216 0.007471651 0.052706271 -0.667225113 -0.004049572 0.997894489 -0.064742287 -4.483563632 -0.053079381 0.064437726 0.996509279 41.762908945
0.998581582 0.007351543 0.052727101 -0.667225889 -0.003929238 0.997896157 -0.064723269 -4.483543754 -0.053092799 0.064424960 0.996509335 41.762911010
0.998579152 0.007391919 0.052765620 -0.667225889 -0.003967280 0.997896135 -0.064721601 -4.483543754 -0.053133340 0.064420974 0.996507754 41.762911010
0.998576565 0.007404364 0.052804555 -0.667225113 -0.003976578 0.997894779 -0.064730568 -4.483563632 -0.053172660 0.064429022 0.996505070 41.762908945
0.998577486 0.007450585 0.052790392 -0.667231708 -0.004028616 0.997901252 -0.064639474 -4.483394668 -0.053161456 0.064335621 0.996510997 41.762926493
0.998574654 0.007525100 0.052832648 -0.667229769 -0.004098993 0.997898805 -0.064666179 -4.483444363 -0.053208565 0.064358129 0.996507915 41.762921332
0.998573350 0.007498037 0.052849576 -0.667228217 -0.004069674 0.997897507 -0.064686496 -4.483484119 -0.053223974 0.064379826 0.996505489 41.762917203
0.998572225 0.007397447 0.052894572 -0.667230157 -0.003967935 0.997900424 -0.064654162 -4.483434424 -0.053262352 0.064352690 0.996505571 41.762922364
0.998572124 0.007429127 0.052894006 -0.667233648 -0.004002453 0.997903184 -0.064602549 -4.483344973 -0.053263290 0.064299274 0.996508284 41.762931655
0.998572894 0.007433422 0.052875748 -0.667230932 -0.004005722 0.997900228 -0.064642570 -4.483414546 -0.053246057 0.064339032 0.996507010 41.762924429
0.998572868 0.007458696 0.052874818 -0.668106859 -0.004029794 0.997898919 -0.064665930 -4.483428738 -0.053246792 0.064361137 0.996505867 41.762441261
0.998574280 0.007411420 0.052866581 -0.668103755 -0.003980729 0.997896355 -0.064708801 -4.483508251 -0.053235276 0.064406809 0.996502856 41.762433003
0.998572981 0.007420026 0.052871546 -0.668101816 -0.003987783 0.997895159 -0.064733800 -4.483557946 -0.053241466 0.064431248 0.996501304 41.762427842
0.998574097 0.007464862 0.052847780 -0.668098712 -0.004031530 0.997891119 -0.064782121 -4.483637458 -0.053219932 0.064477308 0.996499407 41.762419584
0.998578787 0.007343956 0.052768284 -0.668102204 -0.003918514 0.997894880 -0.064732555 -4.483548007 -0.053133169 0.064434406 0.996506698 41.762428874
0.998581167 0.007291954 0.052739367 -0.668104143 -0.003869996 0.997897534 -0.064703892 -4.483498312 -0.053100527 0.064408685 0.996510469 41.762434036
0.998577869 0.007329165 0.052794100 -0.668102204 -0.003902283 0.997895831 -0.064726700 -4.483548007 -0.053158042 0.064429381 0.996505549 41.762428874
0.998579839 0.007350227 0.052755656 -0.668100652 -0.003924396 0.997893820 -0.064755023 -4.483587763 -0.053120701 0.064456660 0.996506125 41.762424745
0.998579655 0.007445875 0.052746723 -0.668107247 -0.004025560 0.997899823 -0.064660906 -4.483418799 -0.053117408 0.064357304 0.996513010 41.762442294
0.998579683 0.007359761 0.052758210 -0.668112290 -0.003942867 0.997904951 -0.064584450 -4.483289592 -0.053123101 0.064285251 0.996517425 41.762455713
0.998579819 0.007397153 0.052763220 -0.668108023 -0.003976584 0.997900260 -0.064645423 -4.483398921 -0.053130695 0.064344472 0.996512537 41.762444358
0.998580153 0.007511436 0.052731666 -0.668104143 -0.004089212 0.997896261 -0.064713263 -4.483498312 -0.053107891 0.064406549 0.996509653 41.762434036
0.998579945 0.007477041 0.052747549 -0.668106083 -0.004055461 0.997897992 -0.064682076 -4.483448616 -0.053120995 0.064376958 0.996510811 41.762439197
0.998578144 0.007572221 0.052755452 -0.668111514 -0.004154136 0.997902120 -0.064605891 -4.483309470 -0.053135498 0.064295476 0.996515518 41.762453648
0.998580305 0.007405307 0.052744665 -0.668106859 -0.003984931 0.997899543 -0.064665457 -4.483428738 -0.053113107 0.064364131 0.996512456 41.762441261
0.998581957 0.007450058 0.052704057 -0.668095997 -0.004023662 0.997888725 -0.064827178 -4.483707031 -0.053075727 0.064523858 0.996504312 41.762412358
0.998580574 0.007455670 0.052720266 -0.668097548 -0.004029457 0.997890339 -0.064804340 -4.483667275 -0.053092136 0.064500742 0.996504603 41.762416487
0.998577623 0.007550079 0.052773342 -0.668097548 -0.004120126 0.997889257 -0.064807155 -4.483667275 -0.053152185 0.064498195 0.996501278 41.762416487
0.998581900 0.007596523 0.052686306 -0.668975026 -0.004172072 0.997889174 -0.064808237 -4.483641711 -0.053067953 0.064497077 0.996506114 41.761937449
0.998579471 0.007642262 0.052719686 -0.668973862 -0.004214756 0.997888531 -0.064824311 -4.483671528 -0.053104483 0.064510769 0.996502929 41.761934352
0.998579036 0.007638212 0.052735652 -0.668974250 -0.004210021 0.997888815 -0.064819979 -4.483661589 -0.053120199 0.064506512 0.996503063 41.761935384
0.998581482 0.007563821 0.052707108 -0.668975414 -0.004138424 0.997889491 -0.064800857 -4.483631772 -0.053086925 0.064491427 0.996505843 41.761938481
0.998580187 0.007609981 0.052709463 -0.668976190 -0.004185001 0.997890507 -0.064791526 -4.483611894 -0.053092325 0.064479615 0.996506011 41.761940546
0.998579793 0.007616509 0.052728037 -0.668977354 -0.004191373 0.997891833 -0.064771989 -4.483582077 -0.053110559 0.064459607 0.996506040 41.761943642
0.998578650 0.007707419 0.052738986 -0.668975802 -0.004279855 0.997888865 -0.064800914 -4.483621833 -0.053128015 0.064483598 0.996503841 41.761939513
0.998577674 0.007503614 0.052784438 -0.668977354 -0.004075131 0.997892279 -0.064767874 -4.483582077 -0.053159146 0.064461328 0.996503114 41.761943642
0.998574471 0.007554502 0.052826325 -0.668977742 -0.004123632 0.997892335 -0.064760370 -4.483572138 -0.053204865 0.064450847 0.996501820 41.761944675
0.998574340 0.007575625 0.052838201 -0.668977354 -0.004143627 0.997891707 -0.064765835 -4.483582077 -0.053217774 0.064455145 0.996500775 41.761943642
0.998572409 0.007603042 0.052865697 -0.668979681 -0.004171116 0.997894293 -0.064733354 -4.483522443 -0.053246387 0.064421176 0.996501589 41.761949836
0.998572574 0.007673983 0.052846845 -0.668980069 -0.004243196 0.997893434 -0.064733400 -4.483512504 -0.053232370 0.064417353 0.996502702 41.761950868
0.998573232 0.007628421 0.052838940 -0.668978518 -0.004197295 0.997892695 -0.064749938 -4.483552260 -0.053221664 0.064436415 0.996502025 41.761946739
0.998573947 0.007613922 0.052827613 -0.668973862 -0.004179875 0.997888958 -0.064818135 -4.483671528 -0.053209905 0.064505693 0.996497586 41.761934352
0.998576390 0.007649605 0.052783594 -0.668958733 -0.004206322 0.997874079 -0.065044148 -4.484059150 -0.053169403 0.064730181 0.996485250 41.761894095
0.998580158 0.007627087 0.052713635 -0.669803624 -0.004162687 0.997842310 -0.065523562 -4.484868463 -0.053099877 0.065211681 0.996457898 41.761328347
0.998572252 0.007741718 0.052852366 -0.669769486 -0.004241344 0.997809286 -0.066026146 -4.485743096 -0.053248386 0.065708361 0.996417211 41.761237509
0.998566879 0.007796696 0.052931080 -0.669748538 -0.004274997 0.997789341 -0.066328808 -4.486279803 -0.053331318 0.066008250 0.996392698 41.761181768
0.998565445 0.007772724 0.052965049 -0.670551532 -0.004190075 0.997715825 -0.067422345 -4.488162530 -0.053369678 0.067104290 0.996317958 41.760504538
0.998559518 0.007893374 0.053069133 -0.671304095 -0.004205333 0.997590057 -0.069254553 -4.491337330 -0.053488493 0.068932173 0.996186894 41.759693116
0.998551406 0.007969563 0.053211150 -0.672122218 -0.004224644 0.997528952 -0.070126827 -4.492832435 -0.053638861 0.069801046 0.996117757 41.759056144
0.998528194 0.008052417 0.053624611 -0.667644052 -0.004205004 0.997432984 -0.071483440 -4.495285985 -0.054062411 0.071153409 0.995999358 41.761209791
0.998511903 0.007893464 0.053958677 -0.665747948 -0.003967730 0.997362315 -0.072482796 -4.499441461 -0.054389454 0.072161618 0.995908494 41.784689682
0.998507164 0.007818806 0.054053421 -0.666531218 -0.003870004 0.997341144 -0.072780494 -4.502317625 -0.054479682 0.072463346 0.995881933 41.806857360
0.998504516 0.007673384 0.054130559 -0.661579683 -0.003704899 0.997322726 -0.073040483 -4.506403318 -0.054546543 0.072731350 0.995859606 41.843504468
0.998525009 0.007583076 0.053744363 -0.662212555 -0.003621374 0.997293492 -0.073436120 -4.514108914 -0.054156329 0.073133898 0.995850329 41.911066738
0.998550960 0.007631547 0.053272418 -0.660773259 -0.003691991 0.997276505 -0.073666868 -4.518032717 -0.053689449 0.073364116 0.995859357 41.945803886
0.998621977 0.008051831 0.051846308 -0.655270380 -0.004195290 0.997244454 -0.074072085 -4.525748297 -0.052300388 0.073753166 0.995904134 42.016736974
0.998719374 0.008468218 0.049872775 -0.656230551 -0.004731275 0.997203872 -0.074582707 -4.537028397 -0.050364844 0.074251961 0.995966604 42.118109282
0.998784937 0.008653315 0.048506885 -0.654717996 -0.005003546 0.997180692 -0.074868084 -4.543317222 -0.049018706 0.074535024 0.996013577 42.175548887
0.998956508 0.008710911 0.044815730 -0.651646394 -0.005327556 0.997164115 -0.075071407 -4.557574099 -0.045343304 0.074755041 0.996170433 42.313201780
0.999129830 0.008623290 0.040784313 -0.648508515 -0.005537378 0.997154379 -0.075184007 -4.574017095 -0.041317436 0.074893353 0.996335325 42.473575711
0.999219264 0.008141022 0.038639605 -0.647351190 -0.005221066 0.997163750 -0.075084904 -4.583164815 -0.039141716 0.074825320 0.996428337 42.564899676
0.999423405 0.007114920 0.033181338 -0.648896638 -0.004622875 0.997203199 -0.074594652 -4.604346104 -0.033618998 0.074398927 0.996661755 42.779502392
0.999635050 0.006862943 0.026114056 -0.646435080 -0.004898702 0.997204954 -0.074558072 -4.627381525 -0.026553255 0.074403583 0.996874684 43.007554205
0.999743351 0.006530241 0.021687652 -0.648644252 -0.004897804 0.997209627 -0.074493969 -4.641077519 -0.022114278 0.074369176 0.996985837 43.142375188
0.999917773 0.005166561 0.011719493 -0.658297652 -0.004289256 0.997271060 -0.073708353 -4.669567975 -0.012068837 0.073652681 0.997211339 43.431960993
0.999991161 0.004076475 -0.000591096 -0.668338419 -0.004109009 0.997306689 -0.073226942 -4.699605842 0.000290684 0.073229330 0.997315551 43.732619282
0.999967775 0.003752223 -0.007099290 -0.678394134 -0.004259847 0.997334245 -0.072852375 -4.714860318 0.006806710 0.072880900 0.997317906 43.885891246
0.999764532 0.003463680 -0.021387994 -0.703321829 -0.004990188 0.997412338 -0.071726547 -4.745725388 0.021083454 0.071817096 0.997195185 44.201222917
0.999297924 0.004550817 -0.037178812 -0.738326391 -0.007157850 0.997501457 -0.070287837 -4.776902520 0.036765276 0.070505361 0.996833706 44.522456742
0.998953900 0.005092571 -0.045430550 -0.754066539 -0.008255113 0.997534279 -0.069692919 -4.792726086 0.044963222 0.069995739 0.996533376 44.684012636
0.997919512 0.006647805 -0.064125299 -0.803410892 -0.011058071 0.997579007 -0.068662293 -4.827764432 0.063513512 0.069229222 0.995577475 45.031319625
0.996455173 0.008067071 -0.083735019 -0.859277200 -0.013783441 0.997596704 -0.067912757 -4.864370022 0.082985162 0.068826889 0.994171894 45.386325184
0.995457417 0.008646801 -0.094806955 -0.895042737 -0.015083236 0.997613347 -0.067382097 -4.884594073 0.093997727 0.068506694 0.993212423 45.582241266
0.993435860 0.008856928 -0.114046530 -0.957125038 -0.016523632 0.997653135 -0.066453332 -4.918645756 0.113189853 0.067902244 0.991250986 45.911192130
0.990871486 0.008538444 -0.134537188 -1.032708833 -0.017459401 0.997715044 -0.065267960 -4.955580375 0.133671341 0.067021763 0.988756965 46.266799452
0.989417808 0.007692511 -0.144888198 -1.072483703 -0.017162508 0.997787913 -0.064223598 -4.973890659 0.144073233 0.066031283 0.987361538 46.449272632
