1.000000000 -0.000000000 0.000000000 0.000000000 -0.000000000 1.000000000 -0.000000000 -0.000000000 0.000000000 0.000000000 1.000000000 0.000000000
0.999998801 -0.000197375 0.001788412 0.022862821 0.000190490 0.999992989 0.003849077 0.012260676 -0.001789855 -0.003848729 0.999991452 1.178217181
0.999996864 -0.000043334 0.002556006 0.041460577 0.000034678 0.999994456 0.003384003 0.017355839 -0.002556979 -0.003383898 0.999992036 2.381101423
0.999993144 0.000127182 0.003660072 0.053343756 -0.000136092 0.999997302 0.002434755 0.018640716 -0.003659887 -0.002435244 0.999990941 2.970006430
0.999990935 0.000539983 0.004335302 0.072563586 -0.000547738 0.999998985 0.001788255 0.023271073 -0.004334524 -0.001790612 0.999989127 4.138898197
0.999975676 0.001722613 0.006709463 0.097122887 -0.001746595 0.999992813 0.003569791 0.031995116 -0.006703358 -0.003581424 0.999971662 5.305043726
0.999975160 0.001624367 0.006927812 0.110873204 -0.001655621 0.999989112 0.004508415 0.036522454 -0.006920259 -0.004519777 0.999966222 5.904204291
0.999961031 0.000913027 0.008795560 0.137216987 -0.000957108 0.999987760 0.005007918 0.043064437 -0.008791651 -0.005016143 0.999949242 7.069451687
0.999948868 0.001045367 0.010055665 0.165965015 -0.001096436 0.999986593 0.005075138 0.048719531 -0.010049836 -0.005085906 0.999937013 8.199799900
0.999951233 0.000185656 0.009898046 0.174013372 -0.000237470 0.999986734 0.005233663 0.051714793 -0.009897517 -0.005235757 0.999937951 8.756973744
0.999946663 -0.001000714 0.010272960 0.199909238 0.000944793 0.999985197 0.005446560 0.057503838 -0.010278930 -0.005436564 0.999933008 9.866324212
0.999927462 -0.000619273 0.012002324 0.230172318 0.000566980 0.999990981 0.004359396 0.061043103 -0.012005936 -0.004352276 0.999919072 10.962233612
0.999935913 0.000089000 0.011342154 0.242586680 -0.000131751 0.999992750 0.003768461 0.062708573 -0.011342922 -0.003769711 0.999929044 11.505961906
0.999940511 0.000606416 0.010910081 0.265451582 -0.000648312 0.999993072 0.003836296 0.068052396 -0.010907962 -0.003843143 0.999933522 12.571957212
0.999931543 0.000448446 0.011666271 0.296424384 -0.000489312 0.999994508 0.003500323 0.072751424 -0.011665386 -0.003505792 0.999926858 13.645046340
0.999924140 0.000921279 0.012328069 0.307770199 -0.000947816 0.999997694 0.002146883 0.073028776 -0.012325888 -0.002158402 0.999922342 14.166875541
0.999922794 0.001097557 0.012349157 0.330460595 -0.001097668 0.999999366 0.000002043 0.074523469 -0.012350190 -0.000015593 0.999924595 15.210529362
0.999926777 0.000955103 0.012057871 0.355995468 -0.000969431 0.999999437 0.001182410 0.081734138 -0.012056569 -0.001194014 0.999927430 16.275152426
0.999938235 0.000249077 0.011075991 0.365554608 -0.000272490 0.999998022 0.002112269 0.085863530 -0.011076150 -0.002115158 0.999937031 16.797871623
0.999931281 -0.000356209 0.011734348 0.396256180 0.000324223 0.999996263 0.002727367 0.091998771 -0.011735994 -0.002723372 0.999927850 17.837413396
0.999952908 0.000172500 0.009681108 0.410747850 -0.000186941 0.999998953 0.001491225 0.094933661 -0.009680869 -0.001492962 0.999952598 18.862789400
0.999961066 -0.000031727 0.008854405 0.420308553 0.000016554 0.999998609 0.001713927 0.097873067 -0.008855441 -0.001713711 0.999959934 19.385514395
0.999973857 -0.000686456 0.007157063 0.440140442 0.000668051 0.999996584 0.002573394 0.104331651 -0.007159237 -0.002568550 0.999971147 20.408146938
0.999980671 -0.000371620 0.006192214 0.456228901 0.000348200 0.999993095 0.003782155 0.111275224 -0.006194389 -0.003779923 0.999973882 21.410234408
0.999982051 -0.000209603 0.005991258 0.464807784 0.000182099 0.999989366 0.004590271 0.115151073 -0.005993228 -0.004589096 0.999971996 21.922229103
0.999981093 -0.001218798 0.006057736 0.482855927 0.001180000 0.999979230 0.006404584 0.123231723 -0.006065625 -0.006397306 0.999961709 22.945762508
0.999978878 -0.002121685 0.006071983 0.502418991 0.002078383 0.999972544 0.007128480 0.129296543 -0.006087436 -0.007115716 0.999957166 23.934856612
0.999979219 -0.001292385 0.006390193 0.512602280 0.001248012 0.999975514 0.006942991 0.131381148 -0.006399578 -0.006934866 0.999956412 24.423591031
0.999975755 -0.000385065 0.006916703 0.530386326 0.000340184 0.999978890 0.006489142 0.135468080 -0.006919276 -0.006486627 0.999955298 25.413603536
0.999961705 -0.000232074 0.008691732 0.554406693 0.000182124 0.999983702 0.005747366 0.139047712 -0.008693909 -0.005745565 0.999946464 26.400437838
0.999961930 -0.000778193 0.008740972 0.561829041 0.000734219 0.999987489 0.005032813 0.140170870 -0.008745355 -0.005026200 0.999950005 26.879359969
0.999946431 -0.000982525 0.010303280 0.585763822 0.000957516 0.999996910 0.002431694 0.140555953 -0.010305824 -0.002421698 0.999944355 27.855029716
0.999912225 0.000700725 0.013214120 0.606934707 -0.000708909 0.999999882 0.000614273 0.142229560 -0.013214717 -0.000623580 0.999913323 28.820876213
0.999893447 0.001203488 0.014571845 0.621573357 -0.001201268 0.999999279 -0.000160878 0.143308959 -0.014573095 0.000143363 0.999894137 29.307343619
0.999850795 0.000365541 0.017297169 0.649158103 -0.000340977 0.999999385 -0.001423238 0.146014427 -0.017297475 0.001417126 0.999850255 30.292364652
0.999819767 -0.000901817 0.018954006 0.681464987 0.000943859 0.999997665 -0.002209435 0.149668433 -0.018952450 0.002226936 0.999818884 31.308649512
0.999809723 -0.001870927 0.019440509 0.702606710 0.001914240 0.999996488 -0.002209685 0.152214276 -0.019436542 0.002246476 0.999808720 31.825469457
0.999763864 -0.004148457 0.021339113 0.741142021 0.004143458 0.999991626 0.000278356 0.161370906 -0.021340645 -0.000189874 0.999772838 32.838546831
0.999735431 -0.007079304 0.021897404 0.776914158 0.007010625 0.999970806 0.003211525 0.171266070 -0.021920167 -0.003057153 0.999755825 33.841803635
0.999737745 -0.008564877 0.021249764 0.797161748 0.008466699 0.999953704 0.004705889 0.176342925 -0.021289541 -0.004524736 0.999763564 34.359065630
0.999683647 -0.010329562 0.022955750 0.832936800 0.010186992 0.999928792 0.006319108 0.184018116 -0.023019356 -0.006083249 0.999717400 35.362333249
0.999644758 -0.013206936 0.023143536 0.872098455 0.013055833 0.999892655 0.006666486 0.189459981 -0.023229834 -0.006361945 0.999710619 36.341433983
0.999640424 -0.014475965 0.022584921 0.889408311 0.014334144 0.999877251 0.006428760 0.191466237 -0.022675658 -0.006102703 0.999725207 36.826533728
0.999620880 -0.015829176 0.022534462 0.923851467 0.015727481 0.999865138 0.004680518 0.193189598 -0.022604933 -0.004324308 0.999735937 37.774384131
0.999607480 -0.017867618 0.021565635 0.962038948 0.017825079 0.999838866 0.002163314 0.193747979 -0.021601636 -0.001778036 0.999765842 38.742782921
0.999603629 -0.018491965 0.021237552 0.978460004 0.018474476 0.999828642 0.001022110 0.194225297 -0.021254145 -0.000629346 0.999774494 39.228344497
0.999655644 -0.018077986 0.019016805 1.004262371 0.018079241 0.999836402 0.000107923 0.197512845 -0.019016464 0.000235947 0.999820035 40.214271458
0.999667112 -0.018583383 0.017892606 1.034605616 0.018577807 0.999827866 0.000480880 0.203039736 -0.017899118 -0.000148325 0.999840205 41.209095718
0.999665805 -0.019588848 0.016890239 1.045678809 0.019579984 0.999808514 0.000690900 0.205813289 -0.016900409 -0.000359950 0.999857509 41.697372398
0.999652575 -0.020696453 0.016306724 1.078696125 0.020694155 0.999785941 0.000311158 0.210087064 -0.016310475 0.000026424 0.999867624 42.690839617
0.999650213 -0.020645403 0.016553554 1.105297555 0.020643050 0.999787022 0.000312590 0.214868960 -0.016557079 0.000029229 0.999862953 43.665124796
0.999644163 -0.021319215 0.016017865 1.117260506 0.021305991 0.999772783 0.001000639 0.218441459 -0.016035663 -0.000659016 0.999871942 44.152943202
0.999651265 -0.021383865 0.015494745 1.143058656 0.021355649 0.999769845 0.001986656 0.224938967 -0.015533272 -0.001655080 0.999878481 45.138854523
0.999665871 -0.021130310 0.014892923 1.169571283 0.021109138 0.999776079 0.001579887 0.228976283 -0.014923053 -0.001264957 0.999887980 46.101963211
0.999661506 -0.021544588 0.014555870 1.179666952 0.021540393 0.999768060 0.000444651 0.229416319 -0.014562865 -0.000130951 0.999894439 46.579525524
0.999662681 -0.021234432 0.014933888 1.205380962 0.021252911 0.999773925 -0.001082641 0.231619291 -0.014907629 0.001399684 0.999888577 47.554277650
0.999662468 -0.021101846 0.015138534 1.231090532 0.021113357 0.999776777 -0.000603539 0.237202221 -0.015123407 0.000923000 0.999885937 48.529013308
0.999660099 -0.021460735 0.014796648 1.242251175 0.021453598 0.999770243 0.000639031 0.241750341 -0.014807513 -0.000321334 0.999890663 49.028461462
0.999651619 -0.022108225 0.014428668 1.272590691 0.022071669 0.999753411 0.002689206 0.250117197 -0.014484430 -0.002369797 0.999892998 50.023271884
0.999612406 -0.024089161 0.013946174 1.303558704 0.024068488 0.999708982 0.001644424 0.253129307 -0.013982677 -0.001308096 0.999902418 50.984113656
0.999587124 -0.025275081 0.013647693 1.317307490 0.025271770 0.999680455 0.000415232 0.253489758 -0.013654266 -0.000070131 0.999907685 51.471038948
0.999550169 -0.027452450 0.012076405 1.339366819 0.027459011 0.999623375 -0.000374305 0.256962300 -0.012061317 0.000705744 0.999927727 52.436422297
0.999504871 -0.028700369 0.012914350 1.371753758 0.028661793 0.999584706 0.003161104 0.268020803 -0.013000203 -0.002789416 0.999911790 53.463851199
0.999484715 -0.029464986 0.012731586 1.383982266 0.029397526 0.999553558 0.005453591 0.274477035 -0.012887353 -0.005076497 0.999904746 53.985195913
0.999415473 -0.032218063 0.011411410 1.411921253 0.032148916 0.999464300 0.006194371 0.280900814 -0.011605491 -0.005823837 0.999916196 55.014919307
0.999355732 -0.033838875 0.011947746 1.439869028 0.033805226 0.999423869 0.003007438 0.280634677 -0.012043337 -0.002601598 0.999925217 56.044675295
0.999359137 -0.033918734 0.011430736 1.446580577 0.033897812 0.999423523 0.002013734 0.281418062 -0.011493272 -0.001624957 0.999932876 56.546413702
0.999330294 -0.034509106 0.012171966 1.473269799 0.034476625 0.999401750 0.002866949 0.287714529 -0.012264214 -0.002445393 0.999922762 57.531871621
0.999338888 -0.034200956 0.012330165 1.501207394 0.034150024 0.999408111 0.004315045 0.295198295 -0.012471099 -0.003891120 0.999914869 58.561589850
0.999346391 -0.033963513 0.012404476 1.511481641 0.033921594 0.999418045 0.003570805 0.296387501 -0.012519687 -0.003147670 0.999917012 59.061508752
0.999312936 -0.034595869 0.013321298 1.537377184 0.034584611 0.999401563 0.001074659 0.297089671 -0.013350485 -0.000613185 0.999911109 60.058628429
0.999298857 -0.035076475 0.013058213 1.566213155 0.035091418 0.999383617 -0.000917214 0.298812465 -0.013018316 0.001374795 0.999914896 61.087920345
0.999332101 -0.034252894 0.012724664 1.573813464 0.034267775 0.999412782 -0.000956353 0.301154787 -0.012684950 0.001391791 0.999919106 61.589196774
0.999326695 -0.034188104 0.013333881 1.604242097 0.034172813 0.999415606 0.001376058 0.310026226 -0.013373183 -0.000919482 0.999910878 62.595184857
0.999255927 -0.035953092 0.013981198 1.635291768 0.035901131 0.999347996 0.003946904 0.319222849 -0.014114517 -0.003442055 0.999895367 63.567176616
0.999270131 -0.035956254 0.012883079 1.646365723 0.035909718 0.999348380 0.003827896 0.321416408 -0.013012689 -0.003362424 0.999910574 64.055456123
0.999285074 -0.035703734 0.012416928 1.668604038 0.035665600 0.999358280 0.003280732 0.325328124 -0.012527263 -0.002835466 0.999917881 65.043197571
0.999291207 -0.035547641 0.012357966 1.697073880 0.035493166 0.999360034 0.004601245 0.332382494 -0.012514843 -0.004159376 0.999913695 66.027743033
0.999281635 -0.035990772 0.011878857 1.710817412 0.035924382 0.999337780 0.005754343 0.336742895 -0.012079030 -0.005323438 0.999913699 66.514648836
0.999334489 -0.034921839 0.010546989 1.729394663 0.034828823 0.999353684 0.008878249 0.346784120 -0.010850473 -0.008504948 0.999905555 67.492997829
0.999358532 -0.034165838 0.010699828 1.747792639 0.034037925 0.999349863 0.011917348 0.356606168 -0.011100833 -0.011545476 0.999872495 68.448987651
0.999287384 -0.036231189 0.010595095 1.763317922 0.036092967 0.999265169 0.012959316 0.360864483 -0.011057970 -0.012567636 0.999860645 68.934985187
0.999304322 -0.035989353 0.009766144 1.786087971 0.035865918 0.999278435 0.012526736 0.364736797 -0.010209937 -0.012167712 0.999873881 69.877551968
0.999382430 -0.033944267 0.009058906 1.803780337 0.033824976 0.999343513 0.013017569 0.370269121 -0.009495311 -0.012703143 0.999874924 70.856377311
0.999360357 -0.034716503 0.008587461 1.817614511 0.034596686 0.999306966 0.013734120 0.373974121 -0.009058377 -0.013428263 0.999868947 71.354466427
0.999342785 -0.035587209 0.006901505 1.833519689 0.035468524 0.999232493 0.016624874 0.383748480 -0.007488231 -0.016369120 0.999838397 72.334179866
0.999385907 -0.034658388 0.005163694 1.842569313 0.034572015 0.999274606 0.015963786 0.386998100 -0.005713601 -0.015775429 0.999859595 73.238844934
0.999395313 -0.034516539 0.004217118 1.846160110 0.034450224 0.999295875 0.014886435 0.387341675 -0.004728721 -0.014732157 0.999881396 73.686048034
0.999358290 -0.035421547 0.005382303 1.865811365 0.035346498 0.999284898 0.013451006 0.389284197 -0.005855357 -0.013252056 0.999895603 74.574086767
0.999391216 -0.034483520 0.005361198 1.880026255 0.034412190 0.999324935 0.012868771 0.392548375 -0.005801863 -0.012676408 0.999903982 75.453665233
0.999422137 -0.033544260 0.005503395 1.886465799 0.033469327 0.999352557 0.013199104 0.395357967 -0.005943753 -0.013007251 0.999898097 75.921853410
0.999412752 -0.033805038 0.005653243 1.902993459 0.033712353 0.999307834 0.015748130 0.404357523 -0.006182792 -0.015548223 0.999860298 76.867575884
0.999389483 -0.034245474 0.006921306 1.920230788 0.034108171 0.999236350 0.019060318 0.414556842 -0.007569621 -0.018812633 0.999794592 77.790477892
0.999385338 -0.034317554 0.007186657 1.928451464 0.034171286 0.999224784 0.019577318 0.417734342 -0.007852995 -0.019319698 0.999783230 78.257755512
0.999397523 -0.033667398 0.008458102 1.948282637 0.033511223 0.999276642 0.017971467 0.419406046 -0.009057847 -0.017677202 0.999803677 79.168155803
0.999356386 -0.034379729 0.010266934 1.973640699 0.034221978 0.999299734 0.015159148 0.419190691 -0.010781943 -0.014798033 0.999832858 80.098199234
0.999354162 -0.033825500 0.012172511 1.989080369 0.033648849 0.999329244 0.014440831 0.420274456 -0.012653482 -0.014021845 0.999822416 80.573032118
0.999458253 -0.028781525 0.015961289 2.014342469 0.028549898 0.999486531 0.014555341 0.424764452 -0.016372766 -0.014091712 0.999767302 81.491872505
0.999382660 -0.027374500 0.022001705 2.055458627 0.027046491 0.999520561 0.015069445 0.429956473 -0.022404708 -0.014465071 0.999644762 82.380170355
0.999283670 -0.027306853 0.026205665 2.080424892 0.026899903 0.999513839 0.015758131 0.433284961 -0.026623741 -0.015041975 0.999532976 82.816453741
0.999130480 -0.023316096 0.034568394 2.129468151 0.022755225 0.999604735 0.016529926 0.438772995 -0.034940945 -0.015728836 0.999266210 83.689480591
0.998844420 -0.022908709 0.042242285 2.183943334 0.022147399 0.999585902 0.018403132 0.446319331 -0.042646436 -0.017446304 0.998938324 84.570951240
0.998674490 -0.022372690 0.046345184 2.216035758 0.021500140 0.999583843 0.019240668 0.449879466 -0.046756908 -0.018218809 0.998740306 85.003598441
0.998319628 -0.022340791 0.053467850 2.280934756 0.021315542 0.999579531 0.019669254 0.454789541 -0.053885193 -0.018496507 0.998376042 85.846088991
0.997921256 -0.023481437 0.060020911 2.350200625 0.022380189 0.999570537 0.018954807 0.457709832 -0.060441403 -0.017572136 0.998017906 86.675137206
0.997689463 -0.022717535 0.064035474 2.391204465 0.021585259 0.999599841 0.018319313 0.458729561 -0.064426327 -0.016894813 0.997779935 87.103252964
0.997121091 -0.022997210 0.072254855 2.473300739 0.021785646 0.999609378 0.017512537 0.461673598 -0.072629928 -0.015888039 0.997233562 87.970660192
0.996532671 -0.023168628 0.079915152 2.566174529 0.021832845 0.999607860 0.017548745 0.466109681 -0.080291467 -0.015743004 0.996647756 88.843787685
0.996238671 -0.022542617 0.083673589 2.612700069 0.021102444 0.999614342 0.018056939 0.469192301 -0.084048565 -0.016223335 0.996329779 89.291527338
0.995426982 -0.023397329 0.092618078 2.722946469 0.021757583 0.999589509 0.018674884 0.474881484 -0.093018545 -0.016574276 0.995526889 90.211916062
0.994440662 -0.023867512 0.102556189 2.848516767 0.022034325 0.999577740 0.018970566 0.480112108 -0.102966059 -0.016605374 0.994546755 91.146942765
0.993883305 -0.023934476 0.107810312 2.911258224 0.022053335 0.999584036 0.018607490 0.481815137 -0.108211755 -0.016116041 0.993998308 91.608870501
0.992978816 -0.024747813 0.115677716 3.042974689 0.022720853 0.999565301 0.018807997 0.486823868 -0.116093826 -0.016047615 0.993109496 92.529537491
0.991945423 -0.025658510 0.124040819 3.179053809 0.023384494 0.999531955 0.019753786 0.493052776 -0.124490504 -0.016694045 0.992081581 93.436746506
0.989933825 -0.026881178 0.138955014 3.397469707 0.024131728 0.999479642 0.021434086 0.502851727 -0.139459888 -0.017865121 0.990067710 94.795877755
0.988465533 -0.029056040 0.148633755 3.564289644 0.026336266 0.999448450 0.020234651 0.505698137 -0.149139688 -0.016086758 0.988685951 95.743554856
0.987499835 -0.029667413 0.154802193 3.654026885 0.027079712 0.999457004 0.018798557 0.505723643 -0.155275639 -0.014371493 0.987766885 96.225399662
0.985861618 -0.029567006 0.164932301 3.839826243 0.027270286 0.999497388 0.016172762 0.506201932 -0.165327968 -0.011446381 0.986172901 97.197086636
0.983988709 -0.028444434 0.175943573 4.034529516 0.026136045 0.999540093 0.015423691 0.509849745 -0.176301743 -0.010578260 0.984279584 98.164214347
0.983410271 -0.027939176 0.179233095 4.133261394 0.025587283 0.999553754 0.015420721 0.512329372 -0.179584719 -0.010578758 0.983686109 98.652683494
0.981681953 -0.028273322 0.188414515 4.331166202 0.025731417 0.999542316 0.015923584 0.517934627 -0.188779199 -0.010783761 0.981961472 99.573263662
0.979802617 -0.026750687 0.198169296 4.542705733 0.024273825 0.999594079 0.014917935 0.521058025 -0.198488357 -0.009806326 0.980054893 100.520580549
0.978777059 -0.026017177 0.203268858 4.653909190 0.023496879 0.999614500 0.014802928 0.523333043 -0.203576138 -0.009712579 0.979011387 101.002689344
0.976414717 -0.024907779 0.214462532 4.886024719 0.022243487 0.999642981 0.014827820 0.528257002 -0.214756498 -0.009707667 0.976619975 101.950726791
0.974223792 -0.024730800 0.224221972 5.120539606 0.021556184 0.999630287 0.016595671 0.536014026 -0.224550102 -0.011334585 0.974397039 102.863846929
0.973327003 -0.024866965 0.228071297 5.236016062 0.021509789 0.999620695 0.017194132 0.539414631 -0.228412144 -0.011829740 0.973493357 103.321318091
0.970784788 -0.025049700 0.238642122 5.491288323 0.021093237 0.999595188 0.019118803 0.547591413 -0.239024924 -0.013526474 0.970919669 104.257525755
0.968471481 -0.024839536 0.247881820 5.760995526 0.020546322 0.999591321 0.019891983 0.553900696 -0.248275290 -0.014171711 0.968586796 105.208832643
0.967082477 -0.024891777 0.253243139 5.899010462 0.020259476 0.999576896 0.020883774 0.558108966 -0.253656380 -0.015065733 0.967177998 105.688480676
0.964421121 -0.025368426 0.263151514 6.184932426 0.020479945 0.999563830 0.021303242 0.563918648 -0.263577655 -0.015155942 0.964519478 106.653971360
0.961514496 -0.026647128 0.273459474 6.488764042 0.022002388 0.999557434 0.020038608 0.566902079 -0.273872735 -0.013250632 0.961675453 107.621568292
0.960108206 -0.026467872 0.278371829 6.637471145 0.021774631 0.999564492 0.019938498 0.569227848 -0.278779460 -0.013081664 0.960267093 108.095772913
0.957051417 -0.026941497 0.288664728 6.945570085 0.021520929 0.999527587 0.021936198 0.577656813 -0.289120566 -0.014781733 0.957179170 109.038711164
0.954231576 -0.028656086 0.297691992 7.255360329 0.022469989 0.999455515 0.024182530 0.586489097 -0.298223006 -0.016386562 0.954356008 109.969558566
0.952437444 -0.028505737 0.303399863 7.416538578 0.022217046 0.999461281 0.024159663 0.588940251 -0.303925255 -0.016269862 0.952557160 110.437401227
0.949297262 -0.028635884 0.313073875 7.749678031 0.022716786 0.999487788 0.022538366 0.591194658 -0.313560059 -0.014283543 0.949461462 111.378826983
0.945709420 -0.028649328 0.323748755 8.087984351 0.023338357 0.999522752 0.020275933 0.592243639 -0.324176225 -0.011619256 0.945926153 112.295172082
0.944052866 -0.028427766 0.328565844 8.257982902 0.023347441 0.999539807 0.019397740 0.593169786 -0.328966712 -0.010641318 0.944282192 112.747298232
0.940487197 -0.028913130 0.338597273 8.614192083 0.024078299 0.999540097 0.018471694 0.596562452 -0.338976248 -0.009219515 0.940749993 113.665724390
0.937275649 -0.029308888 0.347355529 8.968437364 0.024275063 0.999528565 0.018835586 0.602028000 -0.347744496 -0.009222007 0.937544615 114.562688973
0.935654820 -0.029708746 0.351665587 9.155537425 0.024440255 0.999513351 0.019412461 0.605543463 -0.352071357 -0.009568595 0.935924452 115.028529487
0.931693896 -0.030424515 0.361968643 9.538647007 0.024884969 0.999491324 0.019957170 0.611523963 -0.362392964 -0.009586403 0.931977251 115.955671812
0.928020122 -0.030970155 0.371241040 9.916054563 0.025452595 0.999481032 0.019754259 0.616022386 -0.371661111 -0.008883350 0.928326412 116.840827174
0.926132077 -0.031928857 0.375845110 10.109211974 0.026411353 0.999454964 0.019824665 0.618581376 -0.376273784 -0.008433707 0.926470401 117.281131435
0.922519476 -0.032837228 0.384550149 10.498198960 0.027192746 0.999428428 0.020108334 0.623896220 -0.384991132 -0.008093368 0.922885112 118.160375852
0.918819567 -0.033018887 0.393293806 10.905270590 0.027053010 0.999419775 0.020704273 0.629863950 -0.393749883 -0.008383688 0.919179606 119.064069805
0.916443750 -0.033804264 0.398732691 11.108227350 0.027913101 0.999398957 0.020573002 0.632071462 -0.399188762 -0.007724099 0.916837150 119.499377575
0.912210949 -0.033963195 0.408310763 11.512180698 0.028274688 0.999400913 0.019961254 0.635719405 -0.408744712 -0.006663918 0.912625157 120.348545380
0.907602702 -0.035060482 0.418363933 11.930475692 0.029489187 0.999369596 0.019776734 0.640175227 -0.418794397 -0.005612235 0.908064059 121.201619255
0.905468874 -0.035529734 0.422922073 12.140468625 0.029909058 0.999354068 0.019921208 0.642769795 -0.423357297 -0.005388846 0.905947050 121.622109964
0.900701546 -0.034645369 0.433054095 12.563929778 0.029085747 0.999387463 0.019458481 0.646560184 -0.433463287 -0.004930491 0.901158678 122.450100550
0.895864591 -0.034029588 0.443022960 12.981777696 0.028735182 0.999412872 0.018659771 0.649623076 -0.443398753 -0.003986303 0.896316189 123.247280614
0.893589079 -0.032933224 0.447676623 13.189812323 0.028012006 0.999453160 0.017610995 0.650030579 -0.448012314 -0.003196628 0.894022359 123.646330505
0.888532264 -0.031410639 0.457737252 13.623783979 0.026538158 0.999502010 0.017072962 0.653539268 -0.458046113 -0.003022365 0.888923939 124.446509640
0.882115642 -0.031104246 0.470005604 14.064702664 0.026448668 0.999513761 0.016506818 0.656950429 -0.470291239 -0.002129877 0.882509845 125.220693954
0.878822355 -0.031387183 0.476115935 14.299549571 0.026925534 0.999506899 0.016191076 0.658681193 -0.476390125 -0.001409406 0.879233192 125.617286055
0.872100359 -0.031980598 0.488280291 14.762738343 0.027880659 0.999488747 0.015666368 0.662176259 -0.488532077 -0.000049080 0.872546363 126.380110409
0.865159120 -0.032267875 0.500458788 15.250246819 0.028185831 0.999479084 0.015717308 0.666776899 -0.500706216 0.000507950 0.865617876 127.164201419
0.861788069 -0.032424769 0.506230340 15.501216992 0.028288278 0.999474578 0.015860793 0.669313455 -0.506479121 0.000651755 0.862252163 127.563790835
0.854472338 -0.032917039 0.518453100 16.015628692 0.028721316 0.999458195 0.016120294 0.674351956 -0.518703295 0.001116347 0.854954185 128.356608488
0.847280349 -0.031831524 0.530190775 16.544386072 0.028126069 0.999491668 0.015059972 0.677128374 -0.530400804 0.002152165 0.847744809 129.153347169
0.843998052 -0.031346388 0.535429647 16.808720078 0.027954234 0.999505320 0.014451033 0.678359291 -0.535618334 0.002770925 0.844456277 129.546127216
0.836533275 -0.031118008 0.547031995 17.328121566 0.028666571 0.999504460 0.013019327 0.680303210 -0.547166995 0.004790494 0.837010397 130.291513177
0.829706752 -0.030902763 0.557343332 17.837454511 0.029284404 0.999501126 0.011823775 0.682484838 -0.557431121 0.006511196 0.830198151 131.008355824
0.825884728 -0.030555947 0.563010863 18.093409887 0.028565178 0.999515546 0.012343736 0.685416769 -0.563115714 0.005887993 0.826358038 131.360496544
0.819120274 -0.030534086 0.572808586 18.606210948 0.027748862 0.999523056 0.013599310 0.691659583 -0.572951147 0.004755377 0.819576408 132.064321757
0.812280477 -0.031655536 0.582407732 19.127830708 0.028431700 0.999488028 0.014671535 0.697597373 -0.582574598 0.004641459 0.812764618 132.752424516
0.808221845 -0.031663900 0.588025638 19.397151047 0.029041150 0.999481853 0.013903909 0.698363675 -0.588162706 0.005839490 0.808722333 133.097760057
0.800851908 -0.030347692 0.598093515 19.935704234 0.029370951 0.999504286 0.011387680 0.698151711 -0.598142438 0.008446727 0.801345583 133.777259519
0.794651386 -0.029070795 0.606369728 20.472381773 0.028292325 0.999541414 0.010843026 0.701177205 -0.606407300 0.008539234 0.795108663 134.446471853
0.791483068 -0.029047508 0.610500512 20.741610891 0.028385365 0.999539786 0.010757800 0.703038903 -0.610532657 0.008814657 0.791943506 134.780621938
0.785115470 -0.028741589 0.618682215 21.270889937 0.027532711 0.999555260 0.011496075 0.708108953 -0.618738248 0.008008276 0.785557966 135.419919008
0.779894861 -0.028211869 0.625274866 21.794735482 0.026727978 0.999573668 0.011762591 0.712320686 -0.625340105 0.007538753 0.780316745 136.050766434
0.777261509 -0.028282472 0.628542351 22.060221971 0.026935730 0.999569144 0.011668547 0.714057383 -0.628601787 0.007860756 0.777688531 136.364374417
0.771260946 -0.029721889 0.635825523 22.604642685 0.027549181 0.999532297 0.013306146 0.720699669 -0.635923909 0.007253975 0.771718159 136.995939333
0.766057281 -0.030318748 0.642056669 23.142649722 0.027547256 0.999517855 0.014331105 0.726170097 -0.642181874 0.006708452 0.766523543 137.608330393
0.763063653 -0.031330305 0.645563518 23.418824451 0.028458704 0.999485075 0.014868159 0.729014255 -0.645698130 0.007026537 0.763562058 137.916480396
0.758063071 -0.032523525 0.651370170 23.970283822 0.029428791 0.999444851 0.015654014 0.734153620 -0.651518368 0.007302323 0.758598763 138.533237458
0.752748392 -0.033518365 0.657454666 24.517109741 0.030144795 0.999410240 0.016437975 0.739179027 -0.657619285 0.007445209 0.753315264 139.129906746
0.750571116 -0.033909473 0.659919182 24.796848548 0.030537731 0.999395859 0.016620476 0.741379018 -0.660084089 0.007677643 0.751152347 139.436242359
0.745046169 -0.036632776 0.666005918 25.330928688 0.031477148 0.999309311 0.019752875 0.750305220 -0.666269832 0.006247215 0.745685179 140.005713634
0.739394178 -0.038922188 0.672147517 25.856810511 0.031117201 0.999236633 0.023632688 0.760361623 -0.672554205 0.003441492 0.740039947 140.556908601
0.736921583 -0.036893618 0.674970877 26.113921627 0.028717306 0.999317424 0.023269204 0.761319365 -0.675369286 0.002235848 0.737476990 140.829889341
0.730818535 -0.033295934 0.681758942 26.626188142 0.026771525 0.999439568 0.020112882 0.759077808 -0.682047937 0.003552867 0.731299648 141.354419600
0.724895130 -0.030799373 0.688170212 27.132044459 0.028527660 0.999485333 0.014682395 0.753014427 -0.688268460 0.008988698 0.725401197 141.859788916
0.721865873 -0.029102525 0.691421112 27.380872867 0.028222738 0.999522508 0.012605344 0.750997831 -0.691457824 0.010414453 0.722342274 142.103333228
0.714597426 -0.028799815 0.698943139 27.907293229 0.026987547 0.999543739 0.013593948 0.755834898 -0.699016562 0.009148617 0.715048001 142.609378766
0.707800976 -0.034462533 0.705571026 28.427285713 0.028516711 0.999389073 0.020206753 0.770309971 -0.705836761 0.005818250 0.708351518 143.096197781
0.704354382 -0.036813722 0.708892843 28.684118979 0.028429310 0.999316671 0.023648539 0.777743864 -0.709279209 0.003496418 0.704919367 143.335606610
0.698866611 -0.039080708 0.714183882 29.178817151 0.028203207 0.999235584 0.027080710 0.786559874 -0.714696131 0.001216440 0.699434311 143.790455418
0.693212870 -0.038593346 0.719698828 29.679851205 0.028781474 0.999251872 0.025861909 0.787423268 -0.720158583 0.002786130 0.693804692 144.253342418
0.690618582 -0.037978309 0.722221202 29.918608956 0.028849260 0.999272633 0.024960278 0.787254362 -0.722643499 0.003597483 0.691211893 144.468335572
0.684377436 -0.037971125 0.728138654 30.408682278 0.029302140 0.999269145 0.024568929 0.789406495 -0.728539808 0.004521614 0.684989575 144.903128520
0.679180152 -0.038210941 0.732976445 30.884320660 0.028863307 0.999261998 0.025347921 0.793426127 -0.733404347 0.003940328 0.679781849 145.322822244
0.676421961 -0.039361016 0.735461043 31.121202984 0.029612740 0.999216918 0.026241225 0.796324680 -0.735919451 0.004028910 0.677058047 145.527529097
0.671250652 -0.041014875 0.740094499 31.606638980 0.030683378 0.999149681 0.027542089 0.801312818 -0.740595681 0.004221037 0.671939306 145.942219899
0.665617782 -0.039883537 0.745226267 32.104643384 0.031200605 0.999184842 0.025607423 0.800731003 -0.745640734 0.006206770 0.666319388 146.361756610
0.662792630 -0.039100454 0.747781045 32.346873914 0.030685644 0.999215538 0.025049501 0.801073326 -0.748174172 0.006343541 0.663472411 146.563749626
0.656994045 -0.036499121 0.753011721 32.829553171 0.027933837 0.999320498 0.024065984 0.801900058 -0.753378143 0.005223282 0.657566640 146.968643730
0.650785481 -0.036358096 0.758390321 33.300382306 0.028797085 0.999316088 0.023197231 0.802936587 -0.758716334 0.006743017 0.651387203 147.345903421
0.647138289 -0.037156043 0.761466914 33.542520407 0.029356941 0.999286024 0.023811341 0.805294295 -0.761807465 0.006945080 0.647766888 147.536706498
0.641285040 -0.039743354 0.766272748 34.008796264 0.029462433 0.999196899 0.027167409 0.813531364 -0.766737825 0.005154257 0.641940386 147.905022897
0.636284352 -0.039303165 0.770452719 34.466078075 0.026685993 0.999224838 0.028934675 0.818864317 -0.770993682 0.002149686 0.636840449 148.266717147
0.633530464 -0.039453065 0.772710476 34.694761293 0.024480460 0.999221808 0.030947246 0.823493064 -0.773330704 -0.000689655 0.634003877 148.453144771
0.628415186 -0.042587878 0.776712296 35.131193472 0.026237860 0.999092609 0.033552972 0.830291647 -0.777436489 -0.000705909 0.628962100 148.780562190
0.624145215 -0.040982956 0.780233291 35.573960982 0.025792851 0.999160355 0.031849501 0.829557607 -0.780883554 0.000245743 0.624677790 149.116015755
0.622079225 -0.038855869 0.781989822 35.794458138 0.025781712 0.999242857 0.029141300 0.825986671 -0.782530629 0.002032903 0.622610252 149.284212530
0.616279904 -0.036608237 0.786675980 36.229923091 0.026266588 0.999318734 0.025926410 0.822611835 -0.787089834 0.004685402 0.616821714 149.600953779
0.609621197 -0.033883676 0.791967550 36.661817872 0.021937664 0.999424288 0.025872893 0.824521108 -0.792389669 0.001601289 0.610014210 149.919486811
0.606555488 -0.034248106 0.794303040 36.882217161 0.021393109 0.999413730 0.026755355 0.827105506 -0.794754214 0.000764038 0.606932081 150.076473477
0.600501196 -0.039964877 0.798624714 37.346351090 0.025726102 0.999198899 0.030658117 0.836246293 -0.799210304 0.002135311 0.601048655 150.400973759
0.594759850 -0.045926112 0.802590730 37.791504443 0.027828969 0.998944601 0.036539230 0.848635190 -0.803421876 0.000603195 0.595409768 150.701459882
0.591404754 -0.048362972 0.804922872 38.016354718 0.028990629 0.998829603 0.038713371 0.853544340 -0.805853701 0.000439991 0.592115632 150.856163310
0.584687117 -0.047176440 0.809885685 38.462414182 0.028018315 0.998886445 0.037958358 0.854282338 -0.810774992 0.000497903 0.585358467 151.156251816
0.579266808 -0.043264549 0.813988542 38.869815080 0.025399131 0.999064035 0.035026541 0.850986910 -0.814742468 0.000384918 0.579823232 151.431177926
0.576128301 -0.042117272 0.816272631 39.082022028 0.024867294 0.999113128 0.033999738 0.850151565 -0.816981265 0.000710316 0.576664523 151.569910453
0.570349526 -0.042230063 0.820315887 39.489326478 0.025157241 0.999107743 0.033942974 0.851931484 -0.821017761 0.001277534 0.570902397 151.833631716
0.563981820 -0.040120321 0.824811982 39.868666920 0.027964478 0.999174663 0.029480302 0.845975498 -0.825314510 0.006439135 0.564638465 152.066756036
0.560713324 -0.039638968 0.827060531 40.070005880 0.029496530 0.999175588 0.027890555 0.844173511 -0.827484971 0.008756804 0.561420177 152.188585619
0.553696079 -0.040169496 0.831748947 40.470003925 0.030361918 0.999145616 0.028042017 0.846242597 -0.832165958 0.009726776 0.554442091 152.433580290
0.547734037 -0.041679155 0.835614401 40.795342199 0.029640973 0.999098780 0.030404254 0.851711556 -0.836128068 0.008114963 0.548475481 152.626831154
0.544846004 -0.042139239 0.837476313 40.955339473 0.029092896 0.999085142 0.031343676 0.854019173 -0.838032029 0.007287163 0.545573980 152.724821811
0.539743867 -0.041303788 0.840815204 41.272575824 0.027391439 0.999129118 0.031497277 0.855582985 -0.841384437 0.006030673 0.540404591 152.911001021
0.534977517 -0.042078621 0.843817861 41.592483290 0.027819147 0.999095199 0.032184534 0.858143653 -0.844409144 0.006256272 0.535664193 153.095812227
0.532871128 -0.042915028 0.845107858 41.764150597 0.027814899 0.999061966 0.033194613 0.860642288 -0.845739287 0.005818212 0.533564800 153.199075107
0.528750737 -0.044949469 0.847586621 42.096616842 0.029055621 0.998970148 0.034851943 0.864962911 -0.848280743 0.006199168 0.529511714 153.388696509
0.524981699 -0.045166316 0.849914385 42.411984900 0.031580153 0.998937542 0.033579140 0.864164251 -0.850528062 0.009212014 0.525849376 153.564615874
0.523079932 -0.045025906 0.851093615 42.576439451 0.032184269 0.998935030 0.033066936 0.864006679 -0.851676322 0.010095161 0.523972083 153.660346632
0.519393522 -0.044177169 0.853392540 42.890023670 0.030959310 0.998980502 0.032871226 0.864900085 -0.853975318 0.009347357 0.520230924 153.837166517
0.515550633 -0.044192912 0.855718771 43.193716178 0.029129500 0.998995876 0.034042542 0.868110353 -0.856364024 0.007375994 0.516320077 154.007793197
0.513628760 -0.044668531 0.856848648 43.342844269 0.028490537 0.998981668 0.034999776 0.870361316 -0.857540042 0.006435206 0.514377865 154.088876477
0.510878722 -0.045219475 0.858462843 43.622305757 0.027868620 0.998962458 0.036035419 0.873300591 -0.859201903 0.005514458 0.511608921 154.249412554
0.507999758 -0.044567767 0.860203514 43.881013929 0.028191687 0.998985702 0.035109317 0.872730146 -0.860896412 0.006415084 0.508740310 154.386876162
0.506613044 -0.044602593 0.861019282 44.008585793 0.028637160 0.998980393 0.034899526 0.872907006 -0.861699189 0.006976695 0.507373409 154.456514478
