1.000000000 0.000000000 -0.000000000 0.000000000 0.000000000 1.000000000 0.000000000 0.000000000 0.000000000 0.000000000 1.000000000 0.000000000
0.999995348 0.001307140 0.002439614 0.010197022 -0.001304909 0.999997935 -0.000884706 -0.008600873 -0.002440250 0.000881502 0.999997007 0.210592514
0.999981246 0.002700466 0.005457255 0.014479284 -0.002683049 0.999990823 -0.003177373 -0.019270635 -0.005465582 0.003162701 0.999980342 0.417248621
0.999972140 0.002747795 0.006893814 0.021580955 -0.002718994 0.999986943 -0.004183142 -0.024035378 -0.006904147 0.004164295 0.999967995 0.505874940
0.999955506 0.002742736 0.008951662 0.031901500 -0.002697494 0.999982989 -0.005063024 -0.030662184 -0.008964925 0.005038623 0.999947279 0.656591810
0.999942539 0.001876373 0.010525842 0.039448894 -0.001819718 0.999983769 -0.005384984 -0.035755776 -0.010535750 0.005365475 0.999930298 0.793490609
0.999932515 0.001403446 0.011455384 0.044317639 -0.001339900 0.999982959 -0.005547325 -0.038171148 -0.011462881 0.005531622 0.999919590 0.856668992
0.999911544 0.001435024 0.013194956 0.046248450 -0.001357608 0.999981600 -0.005868849 -0.042206039 -0.013203019 0.005850375 0.999895811 0.965866987
0.999894979 0.001756461 0.014352545 0.054012898 -0.001668847 0.999979728 -0.006112136 -0.046489420 -0.014363525 0.006087558 0.999878289 1.078926756
0.999890089 0.001741163 0.014716116 0.054723400 -0.001650981 0.999979543 -0.006134905 -0.048480435 -0.014726455 0.006109930 0.999873003 1.139354679
0.999875215 0.001597528 0.015675060 0.060514107 -0.001497754 0.999978021 -0.006368689 -0.052236432 -0.015684933 0.006344413 0.999857136 1.239116809
0.999854303 0.001653347 0.016970904 0.064839130 -0.001537122 0.999974466 -0.006856474 -0.055567847 -0.016982610 0.006829321 0.999833024 1.313921839
0.999841718 0.001745923 0.017658402 0.069906397 -0.001617641 0.999971872 -0.007274202 -0.057702410 -0.017670593 0.007244447 0.999818026 1.353244142
0.999824678 0.001854119 0.018577897 0.073167402 -0.001705507 0.999966531 -0.008009659 -0.062196669 -0.018591897 0.007976560 0.999795494 1.451324020
0.999813734 0.001654013 0.019189204 0.077280965 -0.001492626 0.999963364 -0.008415810 -0.066178475 -0.019202976 0.008385648 0.999780513 1.549973226
0.999805994 0.001562293 0.019641566 0.081536235 -0.001395816 0.999962268 -0.008486309 -0.067666802 -0.019654645 0.008457203 0.999771235 1.588763517
0.999781572 0.000276393 0.020855394 0.092198057 -0.000082191 0.999955862 -0.009311544 -0.071489353 -0.020857279 0.009307763 0.999738935 1.655766357
0.999768957 -0.001723405 0.021415431 0.094126335 0.002007690 0.999909334 -0.013259292 -0.080986940 -0.021391362 0.013299146 0.999683241 1.740923300
0.999762244 -0.002935658 0.021586842 0.101231945 0.003286403 0.999862159 -0.016232210 -0.087193752 -0.021535413 0.016299190 0.999635621 1.769563956
0.999738575 -0.003860945 0.022501287 0.107277300 0.004379373 0.999724762 -0.023032946 -0.099846306 -0.022406076 0.023125423 0.999481871 1.797444197
0.999725541 -0.002880594 0.023251044 0.106287146 0.003513827 0.999622649 -0.027239022 -0.108125149 -0.023163810 0.027313235 0.999358791 1.832698843
0.999728979 -0.002219778 0.023151792 0.107393294 0.002863710 0.999608480 -0.027815442 -0.109594501 -0.023081032 0.027874240 0.999345427 1.845413321
0.999747660 -0.000318389 0.022446976 0.103337673 0.000935234 0.999621445 -0.027473626 -0.110074295 -0.022429922 0.027487695 0.999371061 1.878707839
0.999754582 0.001591969 0.022098318 0.100964789 -0.000998133 0.999638835 -0.026858336 -0.110168460 -0.022133302 0.026829685 0.999395167 1.913120428
0.999755907 0.002083704 0.021988613 0.101280618 -0.001495566 0.999641241 -0.026726220 -0.110372276 -0.022036153 0.026686769 0.999401661 1.925322838
0.999776325 0.002411405 0.020999784 0.102273561 -0.001874188 0.999671421 -0.025562939 -0.109685194 -0.021054444 0.025517832 0.999452898 1.961971888
0.999809213 0.002733263 0.019332369 0.098962888 -0.002286326 0.999730551 -0.023100877 -0.107336282 -0.019390656 0.023052219 0.999546176 2.019775455
0.999822820 0.003072668 0.018567311 0.103020164 -0.002677669 0.999770126 -0.021259317 -0.105254599 -0.018628285 0.021205793 0.999601810 2.046471746
0.999842471 0.003519983 0.017404707 0.100551993 -0.003257730 0.999880877 -0.015070582 -0.097290132 -0.017455780 0.015011488 0.999735606 2.128874114
0.999868966 0.002807021 0.015908669 0.100133790 -0.002685029 0.999966103 -0.007681720 -0.087675512 -0.015928886 0.007637976 0.999844093 2.224644251
0.999882302 0.002267505 0.015149069 0.100396206 -0.002193877 0.999984884 -0.004877444 -0.084014826 -0.015159935 0.004843536 0.999873641 2.260836243
0.999909109 0.000803531 0.013452786 0.105840842 -0.000748102 0.999990471 -0.004126870 -0.084595194 -0.013455829 0.004116401 0.999901175 2.312417574
0.999938241 0.000444366 0.011012002 0.105309350 -0.000364411 0.999972956 -0.007262275 -0.092833302 -0.011014870 0.007257722 0.999913915 2.395956603
0.999953702 0.000623781 0.009537879 0.103474766 -0.000547611 0.999967453 -0.007985239 -0.096002084 -0.009542884 0.007979622 0.999922974 2.454688120
0.999976917 0.001512403 0.006573839 0.094703969 -0.001462610 0.999970137 -0.007561986 -0.099632031 -0.006584977 0.007552140 0.999949887 2.592786524
0.999986713 0.002618892 0.004214117 0.093299980 -0.002594612 0.999979792 -0.005749825 -0.102007230 -0.004229271 0.005738785 0.999974578 2.759765890
0.999989503 0.002946783 0.003459800 0.095503090 -0.002929260 0.999982297 -0.005035067 -0.103653696 -0.003474753 0.005024840 0.999981583 2.845175683
0.999992953 0.002825301 0.002108485 0.094331710 -0.002815708 0.999985196 -0.004544475 -0.108610023 -0.002120801 0.004538416 0.999988170 3.024280895
0.999995320 0.002463155 0.001099634 0.093430704 -0.002457877 0.999985318 -0.004713415 -0.115068697 -0.001110820 0.004710669 0.999988939 3.215546698
0.999996812 0.002163887 0.000886774 0.096724227 -0.002159463 0.999985386 -0.004880430 -0.118634007 -0.000897227 0.004878425 0.999987983 3.313656492
0.999996684 0.002065131 0.001113737 0.099984610 -0.002059341 0.999984621 -0.005136194 -0.125427139 -0.001124315 0.005133861 0.999986071 3.507675650
0.999995038 0.002583491 0.001714459 0.101093010 -0.002575303 0.999984486 -0.004765638 -0.131394351 -0.001726213 0.004761136 0.999987877 3.712271904
0.999994728 0.002387977 0.001996941 0.104424996 -0.002379253 0.999987883 -0.004313358 -0.133860904 -0.002006533 0.004308614 0.999989541 3.810417085
0.999993342 0.002173459 0.002583448 0.107672091 -0.002183282 0.999990053 0.003819815 -0.126417218 -0.002575449 -0.003825425 0.999989569 4.016550898
0.999989775 0.002117513 0.003982783 0.113377906 -0.002195556 0.999802418 0.019720902 -0.105646587 -0.003940560 -0.019729431 0.999797977 4.236428538
0.999984697 0.001957275 0.005026876 0.119367569 -0.002070949 0.999740004 0.022705163 -0.103719012 -0.004981572 -0.022715303 0.999729591 4.336373711
0.999972838 0.003067683 0.006689877 0.124249151 -0.003155835 0.999907457 0.013216232 -0.126500916 -0.006648531 -0.013237019 0.999890281 4.519327441
0.999969114 0.003864902 0.006822965 0.127235053 -0.003805264 0.999953986 -0.008724756 -0.170367957 -0.006855973 0.008698425 0.999938881 4.688840310
0.999969575 0.003926332 0.006674099 0.128899337 -0.003812439 0.999847813 -0.016990212 -0.187407013 -0.006739380 0.016964220 0.999834102 4.773754375
0.999964902 0.003335916 0.007605413 0.134964690 -0.003203615 0.999844417 -0.017332265 -0.194824389 -0.007661803 0.017307298 0.999821748 4.981620878
0.999949612 0.002239873 0.009686797 0.146529754 -0.002183477 0.999980182 -0.005818144 -0.182796687 -0.009699490 0.005796707 0.999936801 5.217295697
0.999943993 0.002015280 0.010326597 0.148115099 -0.001982696 0.999992587 -0.003158378 -0.182084028 -0.010332341 0.003137719 0.999941955 5.338302739
0.999935181 0.001692363 0.011209481 0.155558022 -0.001639751 0.999987302 -0.004697384 -0.192443137 -0.011216721 0.004678646 0.999926311 5.571045275
0.999922488 0.001520894 0.012290070 0.166960231 -0.001402370 0.999952149 -0.009642627 -0.208910174 -0.012303742 0.009624613 0.999878953 5.806355227
0.999913684 0.001205784 0.013076150 0.167741008 -0.001053785 0.999931303 -0.011623915 -0.216565130 -0.013089706 0.011609147 0.999846778 5.938748933
0.999889273 0.000974748 0.014802619 0.183277418 -0.000774051 0.999907286 -0.013551510 -0.228752971 -0.014813847 0.013538576 0.999798635 6.200825950
0.999863586 0.001034291 0.016484816 0.192031211 -0.000805735 0.999903273 -0.013862300 -0.238568882 -0.016497260 0.013847137 0.999768137 6.482421876
0.999850854 0.000985879 0.017207179 0.195754024 -0.000751613 0.999907162 -0.013607493 -0.242932509 -0.017218911 0.013592489 0.999759507 6.628789031
0.999815268 0.001321061 0.019153887 0.208816234 -0.001070384 0.999913342 -0.013090284 -0.252718464 -0.019169364 0.013067362 0.999731754 6.949224146
0.999777372 0.002066764 0.020983081 0.218256403 -0.001777355 0.999902998 -0.013799630 -0.265214611 -0.021009695 0.013759274 0.999684672 7.291225799
0.999757524 0.002337354 0.021905865 0.225337871 -0.002016574 0.999890260 -0.014654525 -0.272837594 -0.021937823 0.014606717 0.999652447 7.475773382
0.999689478 0.002310495 0.024778405 0.243137704 -0.001902283 0.999861454 -0.016484163 -0.288784684 -0.024812696 0.016431850 0.999557041 7.859266245
0.999607753 0.000268919 0.027987650 0.267358954 0.000214613 0.999850911 -0.017269309 -0.302805645 -0.027988040 0.017268566 0.999458975 8.235034768
0.999557533 -0.000568814 0.029737787 0.282021135 0.001068381 0.999857989 -0.016784909 -0.308453568 -0.029724099 0.016809199 0.999417076 8.424621387
0.999416487 -0.001477553 0.034102888 0.306417387 0.002031843 0.999865716 -0.016222723 -0.321311018 -0.034074274 0.016282498 0.999287098 8.836501479
0.999264991 -0.002466710 0.038251836 0.334412774 0.003094059 0.999860730 -0.016349242 -0.335948370 -0.038206174 0.016455561 0.999134883 9.262744523
0.999179596 -0.001788708 0.040443759 0.347965831 0.002472183 0.999854416 -0.016854290 -0.344047680 -0.040408263 0.016940481 0.999039624 9.475564491
0.998937190 0.002494799 0.046023048 0.373821123 -0.001757584 0.999869455 -0.016049934 -0.357519496 -0.046057526 0.015952004 0.998811642 9.912395570
0.998610423 0.003770873 0.052555993 0.415148077 -0.003115650 0.999916436 -0.012541339 -0.367404826 -0.052599211 0.012360153 0.998539210 10.371501984
0.998438105 0.003878302 0.055732883 0.434528913 -0.003349783 0.999947900 -0.009571879 -0.370529660 -0.055767002 0.009370188 0.998399599 10.612217058
0.998118522 0.004024600 0.061173817 0.478994499 -0.003682078 0.999976138 -0.005710588 -0.380733626 -0.061194731 0.005474517 0.998111145 11.097389634
0.997739395 0.003261644 0.067116007 0.523723115 -0.003090081 0.999991287 -0.002658541 -0.392649703 -0.067124969 0.002445093 0.997741975 11.594716044
0.997472038 0.003362319 0.070968064 0.548860664 -0.003303254 0.999993491 -0.000949812 -0.398220541 -0.070970868 0.000712946 0.997478033 11.839222120
0.995869849 0.010895591 0.090128225 0.663142438 -0.011612321 0.999904681 0.007431990 -0.418941186 -0.090038452 -0.008447925 0.995902223 12.838350932
0.995392826 0.011772431 0.095156267 0.694823172 -0.012507243 0.999895824 0.007129401 -0.428333440 -0.095062150 -0.008286681 0.995437072 13.087156540
0.994317652 0.013949652 0.105530083 0.764231306 -0.014559072 0.999880687 0.005007018 -0.450506935 -0.105447635 -0.006515072 0.994403666 13.600737361
0.993211884 0.014887209 0.115359868 0.840119423 -0.015381581 0.999875926 0.003396717 -0.472917026 -0.115294124 -0.005148134 0.993318005 14.142598288
0.992567082 0.015424305 0.120716819 0.880421631 -0.015878742 0.999869702 0.002803362 -0.483671460 -0.120658069 -0.004699354 0.992683050 14.409097252
0.991132057 0.017319156 0.131741134 0.972031946 -0.017602885 0.999844415 0.000990131 -0.506118715 -0.131703577 -0.003300433 0.991284431 14.925386565
0.989714627 0.018375402 0.141865913 1.065432864 -0.018521143 0.999828497 -0.000292758 -0.528934661 -0.141847327 -0.002337781 0.989886128 15.478843752
0.988939383 0.018826695 0.147118189 1.113570425 -0.018974793 0.999819704 -0.000396150 -0.539665874 -0.147099363 -0.002399869 0.989119086 15.762527866
0.987340610 0.018997363 0.157472425 1.221710295 -0.019109771 0.999816922 -0.000800316 -0.561374437 -0.157459321 -0.002219197 0.987523241 16.313762598
0.985606133 0.019825171 0.167891223 1.336377445 -0.019785383 0.999801866 -0.001910174 -0.583523068 -0.167896049 -0.001439155 0.985804261 16.833331662
0.984741753 0.020593512 0.172795216 1.390521291 -0.020443283 0.999787412 -0.002648940 -0.594961126 -0.172813131 -0.000924003 0.984954333 17.096997666
0.983118991 0.021434560 0.181704854 1.506603425 -0.021003603 0.999770183 -0.004295531 -0.618982699 -0.181754608 0.000406486 0.983344033 17.641477184
0.981411248 0.022702032 0.190566810 1.630010755 -0.022112959 0.999741770 -0.005216887 -0.642938179 -0.190636176 0.000905822 0.981660711 18.214799382
0.980441793 0.023766453 0.195367587 1.697515105 -0.023153679 0.999717240 -0.005419753 -0.654187927 -0.195441585 0.000790298 0.980714864 18.487316654
0.978425685 0.025706890 0.204991155 1.833942984 -0.024938460 0.999668930 -0.006331453 -0.678440501 -0.205086468 0.001082675 0.978743224 19.057265514
0.976372038 0.026540600 0.214460211 1.983324626 -0.025346750 0.999643271 -0.008315293 -0.704898012 -0.214604658 0.002682914 0.976697954 19.623779593
0.975370923 0.026479625 0.218971717 2.056077982 -0.025016385 0.999642340 -0.009452447 -0.718480971 -0.219143985 0.003741744 0.975685221 19.911747649
0.973284299 0.027620371 0.227935548 2.208743280 -0.025506305 0.999599333 -0.012215634 -0.746504580 -0.228182160 0.006075379 0.973600553 20.480422592
0.969927781 0.030406727 0.241482819 2.452979576 -0.026799293 0.999474213 -0.018209710 -0.793536386 -0.241910732 0.011190535 0.970234437 21.373470971
0.967681280 0.031666403 0.250176827 2.630341261 -0.026947469 0.999388813 -0.022265734 -0.825945180 -0.250729057 0.014804467 0.967944993 21.982454567
0.965344265 0.031344954 0.259089644 2.819020126 -0.025220944 0.999319207 -0.026927792 -0.859626031 -0.259757158 0.019460062 0.965478345 22.586927776
0.964241717 0.030572189 0.263253668 2.910834752 -0.023576833 0.999280865 -0.029691539 -0.877064878 -0.263971579 0.022423104 0.964269960 22.887486632
0.961969459 0.027331279 0.271784014 3.108654339 -0.018573189 0.999223630 -0.034745005 -0.911891074 -0.272522998 0.028375740 0.961731169 23.498004032
0.959592790 0.024248601 0.280344196 3.313426213 -0.015036272 0.999274553 -0.034965238 -0.938851904 -0.280988872 0.029337030 0.959262929 24.113197344
0.958358149 0.023984498 0.284559510 3.414028402 -0.014546012 0.999272379 -0.035235907 -0.952908296 -0.285198036 0.029629404 0.958011444 24.431602361
0.955543289 0.024819881 0.293802506 3.629107636 -0.015067899 0.999259269 -0.035409400 -0.980755778 -0.294464566 0.029408240 0.955210223 25.065609995
0.953138322 0.024241286 0.301560422 3.855267245 -0.014361924 0.999285724 -0.034935178 -1.007414054 -0.302192639 0.028967036 0.952807009 25.682977534
0.952103942 0.023026005 0.304903570 3.966433360 -0.013136797 0.999319933 -0.034445815 -1.020418165 -0.305490049 0.028790562 0.951760763 25.996394195
0.949831568 0.020290911 0.312101611 4.200645195 -0.009840781 0.999337454 -0.035021896 -1.050083838 -0.312606742 0.030193564 0.949403056 26.643058254
0.947878656 0.018784754 0.318076255 4.439840908 -0.007792284 0.999328626 -0.035796307 -1.080430546 -0.318534695 0.031451979 0.947389544 27.293017332
0.946714279 0.018903902 0.321518733 4.562092464 -0.007668091 0.999315782 -0.036176536 -1.095936449 -0.321983316 0.031783459 0.946211727 27.625749124
0.944258809 0.019427795 0.328628925 4.822740419 -0.007757826 0.999292518 -0.036784923 -1.127973521 -0.329111482 0.032185077 0.943742761 28.313892343
0.942457896 0.018882782 0.333789614 5.090938318 -0.007108808 0.999309896 -0.036460023 -1.158914538 -0.334247267 0.031989179 0.941942521 29.007046288
0.941437799 0.018107505 0.336699353 5.227376362 -0.006202711 0.999317900 -0.036399302 -1.174478819 -0.337129061 0.032179206 0.940908808 29.349174230
0.940091730 0.016239910 0.340534796 5.491376157 -0.003997386 0.999320661 -0.036621801 -1.206134192 -0.340898769 0.033066531 0.939518896 30.039541043
0.939143340 0.014007904 0.343237281 5.756741812 -0.001501196 0.999325974 -0.036675995 -1.237230085 -0.343519608 0.033928764 0.938532792 30.718822551
0.938601668 0.013390770 0.344740380 5.896492183 -0.000697529 0.999318064 -0.036917053 -1.253541391 -0.344999880 0.034409956 0.937971664 31.063137735
0.937387412 0.013885157 0.348010891 6.164346980 -0.001026014 0.999310219 -0.037107549 -1.285057710 -0.348286505 0.034427040 0.936756021 31.744064178
0.935989136 0.014014627 0.351748792 6.430560997 -0.001100002 0.999317925 -0.036888525 -1.315761015 -0.352026185 0.034140299 0.935367858 32.423911155
0.935278843 0.013720722 0.353643950 6.568661149 -0.000719440 0.999319374 -0.036868886 -1.331529000 -0.353909844 0.034228243 0.934653739 32.767138187
0.933958520 0.012608353 0.357158936 6.843759851 0.000330590 0.999345688 -0.036143101 -1.361465766 -0.357381439 0.033874204 0.933344402 33.440881954
0.932230487 0.011642437 0.361674871 7.132016338 0.000970136 0.999398182 -0.034671228 -1.391614894 -0.361860887 0.032672438 0.931660021 34.147329210
0.931287842 0.011095952 0.364113302 7.280992398 0.001334330 0.999425060 -0.033869070 -1.406644290 -0.364280038 0.032027743 0.930739444 34.497766757
0.928780681 0.009307462 0.370513205 7.878430072 0.003075331 0.999455811 -0.032815703 -1.470641419 -0.370617464 0.031618023 0.928248015 35.900497653
0.928394113 0.008841399 0.371489482 8.019337292 0.003599930 0.999456117 -0.032783275 -1.486973715 -0.371577691 0.031773169 0.927858589 36.257573961
0.927043747 0.008930542 0.374845375 8.317724740 0.003561808 0.999461355 -0.032620552 -1.519212961 -0.374935058 0.031575807 0.926513165 36.946722683
0.925990230 0.009450582 0.377426996 8.609151072 0.002938739 0.999476015 -0.032236104 -1.550343675 -0.377533712 0.030959473 0.925478550 37.619275530
0.925417710 0.009606969 0.378825709 8.753614249 0.002746610 0.999481710 -0.032056223 -1.565853643 -0.378937842 0.030705898 0.924913250 37.954724500
0.924949430 0.009816065 0.379961542 9.039511234 0.002444011 0.999491996 -0.031770528 -1.597269311 -0.380080802 0.030314668 0.924456666 38.635607367
0.924142183 0.009421300 0.381930220 9.335100705 0.002797537 0.999501429 -0.031424264 -1.628684540 -0.382036122 0.030108930 0.923657447 39.310915178
0.923536972 0.008489896 0.383412915 9.485406260 0.003710072 0.999509800 -0.031068413 -1.644193281 -0.383489127 0.030115336 0.923054601 39.650233964
0.922372359 0.008231261 0.386213815 9.778550997 0.003566986 0.999548486 -0.029821771 -1.673919518 -0.386285385 0.028884371 0.921927107 40.323937694
0.921268238 0.008662687 0.388829807 10.073519299 0.003063826 0.999559171 -0.029528025 -1.704627453 -0.388915277 0.028394510 0.920836471 40.974850335
0.921068055 0.008887537 0.389298887 10.214310261 0.002976577 0.999549648 -0.029861671 -1.720445158 -0.389389318 0.028663428 0.920627178 41.295869118
0.920415239 0.009564466 0.390823812 10.507800812 0.003019103 0.999496280 -0.031570116 -1.754908957 -0.390929681 0.030237538 0.919924531 41.957764123
0.919847747 0.010444700 0.392134526 10.796565621 0.003098698 0.999420252 -0.033888693 -1.790543675 -0.392262057 0.032387525 0.919283208 42.628513440
0.919700467 0.010765345 0.392473636 10.945649292 0.003169872 0.999387070 -0.034840591 -1.807889324 -0.392608466 0.033286927 0.919103403 42.955011268
0.919348855 0.011154941 0.393285453 11.240304384 0.003345190 0.999340334 -0.036164444 -1.842154362 -0.393429938 0.034563301 0.918705565 43.629674473
0.918997011 0.011932763 0.394082737 11.534626164 0.003275100 0.999276101 -0.037895401 -1.876715019 -0.394250179 0.036116459 0.918293230 44.292119184
0.918931967 0.011920546 0.394235848 11.678755329 0.003391670 0.999267450 -0.038120461 -1.892540584 -0.394401365 0.036367261 0.918218687 44.615349015
0.919211735 0.010520803 0.393622568 11.974855654 0.004816834 0.999266900 -0.037957098 -1.923978708 -0.393734195 0.036786676 0.918488066 45.278999940
0.919552973 0.010521068 0.392822928 12.265639490 0.004768146 0.999269161 -0.037925144 -1.955011439 -0.392935246 0.036747289 0.918831938 45.927137994
0.919865697 0.009981626 0.392105550 12.408119483 0.005292748 0.999269230 -0.037854441 -1.970263717 -0.392196793 0.036896291 0.919141884 46.249280638
0.920124283 0.008396336 0.391536505 12.695585396 0.006894224 0.999267903 -0.037630343 -2.000709243 -0.391566054 0.037323904 0.919393130 46.895226303
0.920383780 0.007823732 0.390935855 12.975876287 0.007289976 0.999282673 -0.037161192 -2.030766549 -0.390946785 0.037052479 0.919667634 47.548418017
0.920454676 0.007397245 0.390776769 13.116700467 0.007649013 0.999287797 -0.036932636 -2.045635327 -0.390773039 0.036983905 0.919744248 47.869467362
0.920982982 0.006555365 0.389546562 13.404536756 0.007958202 0.999332614 -0.035632186 -2.074726432 -0.389520688 0.035916765 0.920316960 48.527665621
0.921753778 0.004428040 0.387750215 13.681564971 0.009505199 0.999375485 -0.034008166 -2.102618318 -0.387658736 0.035032743 0.921137741 49.178715773
0.921871078 0.003594955 0.387478733 13.824075035 0.010163120 0.999387884 -0.033451677 -2.117011568 -0.387362794 0.034776125 0.921272411 49.500886082
0.922267263 0.002510529 0.386543396 14.107686646 0.011185748 0.999386055 -0.033179072 -2.147576170 -0.386390639 0.034923622 0.921674912 50.156272760
0.922393557 0.003502309 0.386232583 14.390390802 0.010495825 0.999361748 -0.034127633 -2.180221451 -0.386106894 0.035532946 0.921769956 50.811039602
0.922620485 0.003960022 0.385687779 14.525333091 0.010229607 0.999344048 -0.034731207 -2.196220180 -0.385572744 0.035989137 0.921975816 51.128182779
0.922593147 0.003704135 0.385755352 14.801080677 0.010811491 0.999312318 -0.035453147 -2.227627076 -0.385621589 0.036879482 0.921919303 51.766357928
0.922695155 0.002877745 0.385518077 15.084320164 0.012035094 0.999269897 -0.036263770 -2.259596042 -0.385341470 0.038100156 0.921987532 52.409490403
0.922757692 0.002283495 0.385372407 15.221743551 0.013068258 0.999221646 -0.037212107 -2.276244938 -0.385157584 0.039373901 0.922010838 52.728271116
0.922723371 0.000966808 0.385460053 15.496080171 0.015195413 0.999127673 -0.038880804 -2.309499856 -0.385162332 0.041733469 0.921905104 53.377490072
0.922617244 -0.001068141 0.385714877 15.787689292 0.017492084 0.999082563 -0.039073668 -2.340799253 -0.385319868 0.042797022 0.921790268 54.026172364
0.922478244 -0.002305409 0.386040708 15.931869507 0.018597000 0.999085938 -0.038472511 -2.355166467 -0.385599890 0.042669281 0.921679247 54.349449163
0.922656925 -0.005054995 0.385588235 16.213918663 0.020734227 0.999117734 -0.036515787 -2.382680584 -0.385064026 0.041686424 0.921948963 55.003828433
0.922658987 -0.007440586 0.385542357 16.489802617 0.022682081 0.999129046 -0.034999103 -2.410191887 -0.384946733 0.041037203 0.922025816 55.642129042
0.922898577 -0.007973576 0.384958667 16.629785427 0.023192927 0.999121208 -0.034908024 -2.425253479 -0.384342011 0.041144947 0.922273358 55.962619352
0.923708961 -0.008309317 0.383003318 16.909170611 0.023769248 0.999081294 -0.035650314 -2.457341521 -0.382355836 0.042034264 0.923058643 56.615192839
0.923839454 -0.006984112 0.382714436 17.194369853 0.022733563 0.999069204 -0.036644979 -2.490237421 -0.382102416 0.042554596 0.923140209 57.271610087
0.923767785 -0.006170158 0.382902524 17.340486046 0.021856740 0.999089937 -0.036630741 -2.506210800 -0.382328125 0.042207365 0.923062204 57.608149782
0.923094690 -0.003990959 0.384550184 17.636850451 0.019803220 0.999112870 -0.037167283 -2.539331067 -0.384061559 0.041924316 0.922355462 58.283955506
0.923093352 -0.002771009 0.384564872 17.926554883 0.018681298 0.999115975 -0.037642584 -2.571966145 -0.384120544 0.041931850 0.922330916 58.955354254
0.923048527 -0.002797619 0.384671856 18.070712371 0.018609446 0.999127350 -0.037388278 -2.586982625 -0.384231249 0.041669748 0.922296118 59.278610142
0.922936578 -0.002187955 0.384944591 18.359341426 0.017700992 0.999166945 -0.036760293 -2.617269345 -0.384543899 0.040741277 0.922207746 59.937322721
0.922869346 -0.001414197 0.385108215 18.647134007 0.016631356 0.999206223 -0.036185866 -2.647609038 -0.384752815 0.039799743 0.922161771 60.595480768
0.922630283 -0.000699612 0.385683655 18.792949407 0.015825633 0.999224394 -0.036045388 -2.662949086 -0.385359848 0.039360282 0.921926446 60.919831887
0.922545446 0.001421586 0.385884001 19.085436431 0.013908520 0.999220693 -0.036932303 -2.696847684 -0.385636048 0.039438849 0.921807651 61.605057392
0.922243355 0.003096567 0.386595855 19.379486090 0.012578209 0.999197736 -0.038009162 -2.729955937 -0.386404712 0.039916437 0.921465779 62.255339904
0.922007261 0.003789898 0.387151963 19.520589035 0.011966148 0.999195184 -0.038278662 -2.746087333 -0.386985241 0.039925960 0.921221148 62.588557559
0.921887622 0.004604452 0.387427268 19.815487755 0.011440624 0.999169969 -0.039097804 -2.778783020 -0.387286336 0.040476302 0.921071047 63.239406183
0.921670097 0.005665327 0.387931625 20.102350503 0.010767564 0.999134445 -0.040173055 -2.811842669 -0.387823928 0.041203381 0.920812460 63.896923807
0.921657391 0.005787315 0.387960861 20.242324223 0.010661462 0.999132751 -0.040232349 -2.827163968 -0.387857292 0.041216635 0.920797704 64.217405753
0.921626349 0.006825215 0.388016501 20.521123555 0.009623176 0.999135531 -0.040431857 -2.857535857 -0.387956788 0.040996946 0.920765587 64.845616562
0.921537862 0.007479121 0.388216769 20.792732829 0.009028104 0.999130813 -0.040679190 -2.887949041 -0.388183899 0.040992210 0.920670500 65.481059588
0.921491936 0.007079512 0.388330788 20.938258624 0.009281655 0.999146688 -0.040239706 -2.902336120 -0.388285202 0.040684963 0.920640831 65.793232424
0.921214264 0.005390222 0.389016937 21.217999328 0.010489819 0.999195914 -0.038685208 -2.929658426 -0.388912839 0.039718092 0.920418419 66.422094272
0.921334982 0.005121149 0.388734161 21.484716686 0.010118208 0.999258635 -0.037145014 -2.956763548 -0.388637113 0.038156323 0.920601262 67.054326885
0.921258189 0.005026784 0.388916781 21.619443148 0.009830310 0.999295565 -0.036201748 -2.969701691 -0.388824920 0.037174371 0.920561601 67.359359656
0.921240209 0.005314676 0.388956306 21.878028557 0.008995549 0.999347789 -0.034960738 -2.996076838 -0.388888740 0.035706138 0.920592976 67.962222402
0.921299762 0.005761392 0.388809192 22.137849752 0.008842506 0.999321331 -0.035760351 -3.025608304 -0.388752314 0.036384071 0.920623865 68.553880173
0.921322725 0.006319116 0.388746613 22.261311398 0.008739392 0.999278645 -0.036955414 -3.041168859 -0.388699650 0.037445219 0.920604023 68.839432785
0.921363808 0.006794952 0.388640846 22.507454512 0.008856263 0.999220686 -0.038465921 -3.070734762 -0.388599413 0.038883092 0.920586315 69.410035269
0.921150194 0.007286960 0.389139374 22.753675949 0.008428387 0.999216136 -0.038662434 -3.098063195 -0.389116610 0.038893712 0.920367778 69.980709812
0.920862993 0.007897614 0.389804664 22.874676077 0.008041045 0.999196682 -0.039240142 -3.112414216 -0.389802134 0.039269226 0.920060740 70.264642901
0.920496074 0.009779829 0.390628317 23.114347951 0.006838096 0.999130255 -0.041128046 -3.141493804 -0.390690557 0.040529380 0.919629670 70.806973322
0.920493569 0.011223443 0.390595647 23.354900006 0.005726691 0.999091850 -0.042204004 -3.169271831 -0.390714236 0.041085322 0.919594728 71.349898486
0.920422334 0.010028520 0.390795837 23.474774405 0.007176566 0.999068472 -0.042540487 -3.182712867 -0.390858697 0.041959865 0.919493988 71.621099082
0.920272806 0.011192627 0.391115232 23.703429022 0.005865631 0.999083794 -0.042392391 -3.207342866 -0.391232255 0.041306778 0.919365021 72.144177102
0.920075965 0.014335409 0.391477950 23.927066893 0.002527828 0.999092183 -0.042526468 -3.232230769 -0.391732200 0.040117121 0.919204629 72.663929865
0.919862422 0.013733971 0.391999730 24.266678536 0.003070277 0.999104037 -0.042208721 -3.268166452 -0.392228604 0.040029767 0.918996536 73.428331051
0.919547870 0.013608818 0.392741229 24.486864130 0.001960848 0.999228484 -0.039214964 -3.287079196 -0.392972342 0.036830117 0.918812971 73.933855972
0.919158739 0.013131612 0.393667812 24.596303807 0.001364722 0.999331920 -0.036521184 -3.294045854 -0.393884399 0.034105998 0.918527386 74.174213229
0.917287637 0.011538097 0.398056675 24.818257020 -0.000966325 0.999641210 -0.026748846 -3.300922101 -0.398222711 0.024151729 0.916970444 74.669022470
0.914811295 0.009376783 0.403770912 25.047103778 -0.004383384 0.999901864 -0.013289478 -3.301611083 -0.403855746 0.010387442 0.914764085 75.168453578
0.913722043 0.006571402 0.406286344 25.160269082 -0.005306967 0.999976971 -0.004238648 -3.297518119 -0.406304453 0.001716782 0.913736201 75.411378319
0.911442507 -0.000283036 0.411426300 25.390611688 -0.006985803 0.999844106 0.016163645 -3.284708211 -0.411366827 -0.017606393 0.911299639 75.887931870
0.908289147 -0.007794635 0.418269396 25.621698108 -0.007438764 0.999367086 0.034777246 -3.274492335 -0.418276811 -0.034699343 0.907657606 76.364954705
0.906306669 -0.011849540 0.422454420 25.742508377 -0.006690870 0.999078756 0.042377741 -3.271979164 -0.422567565 -0.041233877 0.905393087 76.588938871
0.901871451 -0.017190873 0.431661186 25.974178381 -0.006489492 0.998555705 0.053326014 -3.274324921 -0.431954435 -0.050894479 0.900458688 77.042244852
0.896740326 -0.021343780 0.442041242 26.224584737 -0.007012295 0.998025302 0.062414278 -3.280582456 -0.442500898 -0.059069501 0.894821268 77.495930859
0.894022506 -0.022080682 0.447476681 26.352548435 -0.007657111 0.997885059 0.064538519 -3.288300418 -0.447955806 -0.061125780 0.891964558 77.724560953
0.887863726 -0.021516043 0.459602861 26.618274001 -0.009841693 0.997788530 0.065722702 -3.309942931 -0.460000411 -0.062876616 0.885689938 78.188255157
0.880706246 -0.021873452 0.473156642 26.897664276 -0.009594081 0.997904442 0.063990240 -3.337323351 -0.473565023 -0.060895981 0.878651702 78.648953623
0.876885833 -0.021701536 0.480207497 27.044217118 -0.009289875 0.998027931 0.062066414 -3.353158334 -0.480608937 -0.058886617 0.874956054 78.877828310
0.869375768 -0.019495449 0.493765847 27.335540762 -0.009663213 0.998359584 0.056432396 -3.388050720 -0.494056438 -0.053832624 0.867762108 79.334368254
0.861085094 -0.018251522 0.508131353 27.640843109 -0.009959271 0.998558396 0.052744172 -3.419711159 -0.508362152 -0.050477977 0.859662946 79.788201340
0.856371278 -0.019203128 0.516002370 27.789636048 -0.008687889 0.998630177 0.051582903 -3.433854910 -0.516286582 -0.048657173 0.855032438 80.006579997
0.847094229 -0.020933159 0.531029572 28.103529629 -0.005788027 0.998801002 0.048605827 -3.463905717 -0.531411134 -0.044247360 0.845957762 80.442128052
0.837965879 -0.023295347 0.545224193 28.425428061 -0.001759643 0.998967718 0.045386462 -3.494481555 -0.545719307 -0.038991786 0.837061124 80.870978477
0.823743366 -0.023900294 0.566458503 28.919600758 0.001393812 0.999192846 0.040131578 -3.541392624 -0.566961317 -0.032268631 0.823112191 81.509750966
0.812962529 -0.023480676 0.581841407 29.271202361 0.002156754 0.999300725 0.037314164 -3.572544587 -0.582311929 -0.029080196 0.812445315 81.946275573
0.807513571 -0.024145585 0.589354824 29.446410270 0.002686468 0.999301467 0.037260092 -3.585828218 -0.589843547 -0.028504863 0.807014566 82.170163365
0.797284714 -0.026403754 0.603024027 29.809636755 0.003779318 0.999241071 0.038755534 -3.609462180 -0.603591279 -0.028620276 0.796780857 82.602460674
0.787202531 -0.030952785 0.615916755 30.181047467 0.005775160 0.999065345 0.042826648 -3.628496970 -0.616667548 -0.030156244 0.786646222 83.028225381
0.781823228 -0.033463595 0.622600761 30.372455296 0.006711661 0.998951898 0.045263837 -3.637396811 -0.623464443 -0.031209679 0.781229544 83.238892913
0.770402274 -0.038527260 0.636392033 30.765619488 0.010762917 0.998816169 0.047439235 -3.660297252 -0.637466509 -0.029697920 0.769906107 83.655041459
0.759527021 -0.040946093 0.649185713 31.149557557 0.015161463 0.998859731 0.045262789 -3.689882365 -0.650299121 -0.024535746 0.759282470 84.041028520
0.753937070 -0.041491087 0.655634011 31.341269940 0.016473413 0.998883779 0.044269923 -3.704698436 -0.656740359 -0.022576253 0.753779489 84.239849367
0.742058584 -0.041561887 0.669044513 31.741897975 0.017516190 0.998936642 0.042627525 -3.734352817 -0.670105812 -0.019913061 0.741999079 84.636890702
0.730761669 -0.041121369 0.681392685 32.153020352 0.018360401 0.999006664 0.040598411 -3.764942668 -0.682386132 -0.017157202 0.730791400 85.028879665
0.725673998 -0.040890466 0.686821868 32.359450008 0.018288542 0.999025994 0.040154849 -3.779270655 -0.687795850 -0.016578459 0.725715891 85.225458112
0.716088887 -0.044161434 0.696610334 32.788258270 0.021575017 0.998919332 0.041147894 -3.805321953 -0.697675212 -0.014436231 0.716269389 85.629202573
0.707250373 -0.046956569 0.705401484 33.209151107 0.026021939 0.998844256 0.040400059 -3.833683886 -0.706483419 -0.010217104 0.707655571 86.015688216
0.702800058 -0.047970745 0.709767425 33.425217304 0.028663400 0.998823117 0.039125016 -3.849609626 -0.710809563 -0.007152797 0.703348496 86.206640136
0.694128411 -0.047395335 0.718288661 33.856122217 0.031710550 0.998874694 0.035265579 -3.883457834 -0.719152819 -0.001701610 0.694850499 86.575717871
0.686068536 -0.044414019 0.726179611 34.308434966 0.031938078 0.999011337 0.030926864 -3.920264972 -0.726835604 0.001974770 0.686808737 86.982938891
0.681598586 -0.043211605 0.730448801 34.543620128 0.032179720 0.999059221 0.029074482 -3.938398464 -0.731018871 0.003688425 0.682348403 87.186534691
0.673054219 -0.041996281 0.738399645 35.002137069 0.032467810 0.999101752 0.027229153 -3.970258841 -0.738880479 0.005647484 0.673813430 87.573919679
0.665178478 -0.043591401 0.745411047 35.432913921 0.036095574 0.999004419 0.026211105 -3.998539300 -0.745812078 0.009470957 0.666089873 87.930967753
0.661364380 -0.044416497 0.748747998 35.653415905 0.037843688 0.998948937 0.025831680 -4.012351141 -0.749109524 0.011251220 0.662350793 88.100886756
0.654011981 -0.045719206 0.755101232 36.111436158 0.039964307 0.998865728 0.025864387 -4.039948247 -0.755427387 0.013261371 0.655097994 88.463991098
0.645682410 -0.045624200 0.762241425 36.576090507 0.040497597 0.998854258 0.025481910 -4.068769707 -0.762531563 0.014415747 0.646791354 88.831478610
0.641848064 -0.045132432 0.765501970 36.809915932 0.040306769 0.998871417 0.025095632 -4.083452040 -0.765771144 0.014747270 0.642944028 89.010214783
0.634568088 -0.044293261 0.771596669 37.283741073 0.039467115 0.998910859 0.024884010 -4.112559816 -0.771859021 0.014662091 0.635625734 89.383774153
0.626666382 -0.044774445 0.777999780 37.792809922 0.039926976 0.998881593 0.025325853 -4.141639125 -0.778264226 0.015192356 0.627753773 89.756687979
0.622743151 -0.044696656 0.781148311 38.047439497 0.040844166 0.998862874 0.024592557 -4.158073659 -0.781359569 0.016590516 0.623861148 89.949188353
0.615435330 -0.042508431 0.787040031 38.541320694 0.040913354 0.998921027 0.021959621 -4.191852242 -0.787125430 0.018685665 0.616511079 90.311999981
0.608018666 -0.039534927 0.792937093 39.032397271 0.039635346 0.999025057 0.019418079 -4.224996592 -0.792932354 0.019621823 0.608993844 90.660964584
