1.000000000 0.000000000 0.000000000 0.000000000 0.000000000 1.000000000 0.000000000 -0.000000000 0.000000000 0.000000000 1.000000000 0.000000000
0.999894162 -0.000918645 0.014487793 0.038219274 0.000936914 0.999998436 -0.001254784 -0.020427832 -0.014487328 0.001268217 0.999894289 0.843524546
0.999575701 -0.003623778 0.028862995 0.088036270 0.003701743 0.999990271 -0.002649776 -0.040229157 -0.028853296 0.002755475 0.999580208 1.664818123
0.999338333 -0.004768007 0.036041120 0.120816371 0.004891821 0.999982663 -0.003347680 -0.050091317 -0.036025097 0.003521771 0.999345337 2.088389166
0.998718356 -0.007318439 0.050059960 0.192705029 0.007598135 0.999956815 -0.005399446 -0.070831288 -0.050018317 0.005772803 0.998732220 2.943285547
0.997866771 -0.006624760 0.064943725 0.271455468 0.007007285 0.999959661 -0.005663012 -0.087974090 -0.064903770 0.006105931 0.997873094 3.792600495
0.997336677 -0.006286671 0.072647881 0.312762601 0.006749479 0.999958421 -0.006127412 -0.096884891 -0.072606531 0.006601431 0.997339352 4.209273199
0.996191778 -0.009001381 0.086719962 0.414340582 0.009871229 0.999904913 -0.009606548 -0.118630383 -0.086624962 0.010425983 0.996186836 5.053052766
0.994857421 -0.012188116 0.100541471 0.527007385 0.013881867 0.999773469 -0.016163882 -0.144961538 -0.100321159 0.017476418 0.994801701 5.887923769
0.994030608 -0.012759241 0.108344935 0.590438152 0.015010589 0.999687854 -0.019989444 -0.158902353 -0.108056165 0.021496473 0.993912569 6.312489865
0.991982736 -0.013566433 0.125641285 0.731905204 0.016754155 0.999563101 -0.024349162 -0.180714876 -0.125256532 0.026258891 0.991776981 7.162614361
0.989921806 -0.014275398 0.140888537 0.876000890 0.017522166 0.999608675 -0.021831221 -0.190597561 -0.140521722 0.024079884 0.989784588 8.010487885
0.988864103 -0.015093965 0.148049117 0.953790057 0.018079731 0.999658944 -0.018841809 -0.192405799 -0.147714436 0.021308661 0.988800697 8.436181079
0.986673757 -0.017355353 0.161779280 1.115540851 0.019600337 0.999732447 -0.012290399 -0.194618417 -0.161523011 0.015297470 0.986750126 9.282566318
0.984274889 -0.018820732 0.175633988 1.289189072 0.020775511 0.999741262 -0.009297232 -0.202150237 -0.175413987 0.012799853 0.984412018 10.119397642
0.982932342 -0.019179560 0.182959394 1.385110890 0.021213206 0.999732670 -0.009164104 -0.208005791 -0.182735277 0.012888785 0.983077405 10.543342068
0.980164861 -0.018910437 0.197275225 1.579401104 0.021420549 0.999714318 -0.010597456 -0.222426965 -0.197018769 0.014612956 0.980290714 11.389283540
0.977703866 -0.017572430 0.209249509 1.778436283 0.020830496 0.999694052 -0.013376671 -0.238632191 -0.208950915 0.017437197 0.977770836 12.231411085
0.976507499 -0.017416886 0.214775536 1.875971579 0.021170100 0.999660274 -0.015186859 -0.247271291 -0.214437763 0.019376902 0.976545282 12.641226313
0.973913620 -0.018388337 0.226170358 2.091287565 0.023160353 0.999561278 -0.018463402 -0.263115695 -0.225732220 0.023219889 0.973912599 13.457342716
0.971561241 -0.019346548 0.235994073 2.310146234 0.023998271 0.999570510 -0.016854568 -0.270351013 -0.235566497 0.022038630 0.971608507 14.270505281
0.970371499 -0.020059608 0.240781234 2.422962526 0.024131776 0.999610754 -0.013974982 -0.270388064 -0.240407287 0.019371392 0.970478439 14.680740076
0.967991520 -0.020429475 0.250149254 2.650096698 0.023040405 0.999706488 -0.007512923 -0.269092298 -0.249922246 0.013035923 0.968178180 15.499982030
0.966239197 -0.018456986 0.256982515 2.875897826 0.020275947 0.999784602 -0.004429762 -0.273301946 -0.256846142 0.009490701 0.966406109 16.320359686
0.965150849 -0.016977946 0.261142524 2.993623965 0.019001177 0.999806433 -0.005224441 -0.279168691 -0.261003016 0.010004355 0.965285863 16.726690618
0.962931761 -0.013340237 0.269412404 3.234662450 0.016087402 0.999838600 -0.007991265 -0.292812538 -0.269261910 0.012029139 0.962991763 17.547715930
0.959965802 -0.009400882 0.279957063 3.493741648 0.013053726 0.999852500 -0.011186334 -0.306839759 -0.279809990 0.014392921 0.959947105 18.379883156
0.958415537 -0.010826692 0.285168416 3.631773911 0.014693325 0.999826878 -0.011423043 -0.311354733 -0.284995289 0.015138091 0.958409990 18.795507440
0.955208766 -0.010428935 0.295747556 3.905483798 0.014828127 0.999810810 -0.012635667 -0.321338554 -0.295560124 0.016455011 0.955182585 19.615812707
0.951766903 -0.006725478 0.306745416 4.180028684 0.012151106 0.999801662 -0.015781495 -0.334111586 -0.306578619 0.018747602 0.951660746 20.422617695
0.950095949 -0.007662768 0.311860994 4.324368908 0.014095985 0.999732348 -0.018379675 -0.341955492 -0.311636265 0.021858447 0.949949852 20.820326390
0.946744138 -0.010161464 0.321824914 4.630249778 0.018270742 0.999586832 -0.022187240 -0.355107604 -0.321467638 0.026885510 0.946538825 21.640388860
0.943490691 -0.008016196 0.331300196 4.937908882 0.014160747 0.999770126 -0.016136929 -0.351754703 -0.331094486 0.019916442 0.943387557 22.484549568
0.941416934 -0.008863852 0.337125831 5.099732957 0.013056446 0.999863615 -0.010171041 -0.344910325 -0.336989715 0.013976857 0.941404892 22.906544455
0.938035889 -0.009904483 0.346394687 5.426492170 0.010013099 0.999948447 0.001476176 -0.331128985 -0.346391196 0.002083722 0.938087997 23.748020109
0.935629178 -0.008600748 0.352878596 5.747285260 0.006064818 0.999947542 0.008291384 -0.325222421 -0.352931942 -0.005617555 0.935632630 24.581543830
0.934153382 -0.009522648 0.356742620 5.917950250 0.006422597 0.999931186 0.009873517 -0.325128391 -0.356812570 -0.006932182 0.934150139 24.996469165
0.930857598 -0.013132054 0.365144274 6.250693960 0.009872728 0.999893289 0.010791873 -0.328662365 -0.365246771 -0.006440803 0.930888719 25.794728893
0.927905790 -0.012673931 0.372596487 6.597884067 0.010493455 0.999914478 0.007879676 -0.338513793 -0.372664882 -0.003401840 0.927959558 26.619953068
0.926276748 -0.012134946 0.376646380 6.773447097 0.010634013 0.999925678 0.006063919 -0.343959769 -0.376691935 -0.001611604 0.926337540 27.030980978
0.923000885 -0.010286759 0.384659518 7.129277412 0.010407477 0.999944488 0.001767902 -0.355636847 -0.384656829 0.002371524 0.923057476 27.849245079
0.919639982 -0.010704813 0.392614083 7.501292593 0.011481333 0.999934588 0.000370464 -0.361782897 -0.392592643 0.004166953 0.919703747 28.667231432
0.918190312 -0.012345176 0.395945739 7.683666515 0.012942847 0.999915218 0.001162269 -0.362383049 -0.395927676 0.004057401 0.918272803 29.072705667
0.915796417 -0.016094122 0.401319075 8.067161154 0.015741645 0.999867277 0.004175815 -0.360776604 -0.401333488 0.002493210 0.915928593 29.907047153
0.913367612 -0.017915107 0.406740619 8.449046250 0.016522699 0.999839914 0.006935529 -0.359299250 -0.406800085 0.000385695 0.913517300 30.729834629
0.912252135 -0.018261042 0.409220449 8.640828343 0.016695627 0.999833536 0.007397881 -0.360053294 -0.409288294 0.000083431 0.912405175 31.140566138
0.910153982 -0.020664048 0.413752871 9.029916382 0.019460832 0.999785674 0.007123290 -0.363349758 -0.413811641 0.001568612 0.910361465 31.957586090
0.908596615 -0.022936399 0.417041389 9.416603370 0.022115011 0.999732370 0.006801782 -0.366461321 -0.417086569 0.003042730 0.908861570 32.763688056
0.908493132 -0.023103286 0.417259139 9.607649732 0.022413414 0.999727674 0.006553513 -0.368269901 -0.417297987 0.003398349 0.908764174 33.175025167
0.908107237 -0.023352873 0.418084167 9.993622228 0.022878457 0.999719533 0.006147560 -0.371549068 -0.418110953 0.003982456 0.908387447 33.994561681
0.907494802 -0.022579080 0.419454674 10.375509290 0.021351254 0.999743224 0.007622179 -0.371528033 -0.419519237 0.002038763 0.907744093 34.804507553
0.907404260 -0.021786751 0.419692638 10.566382221 0.019465216 0.999762111 0.009813729 -0.369081195 -0.419806457 -0.000735653 0.907613280 35.215939264
0.906765844 -0.022761695 0.421018557 10.953467513 0.017807874 0.999718577 0.015694712 -0.361450768 -0.421257925 -0.006734049 0.906916410 36.034460214
0.906245460 -0.023421332 0.422101579 11.338249056 0.016436867 0.999661151 0.020179185 -0.356022870 -0.422431132 -0.011349369 0.906323982 36.842010105
0.906138383 -0.022760401 0.422366496 11.528419163 0.015628104 0.999670780 0.020341766 -0.356846069 -0.422690802 -0.011831695 0.906196947 37.241188937
0.905873148 -0.019951736 0.423077010 11.904384002 0.014716278 0.999769805 0.015637822 -0.367185021 -0.423292123 -0.007939793 0.905958678 38.030318400
0.906030467 -0.018563740 0.422803593 12.292864073 0.015047119 0.999819242 0.011653637 -0.376079015 -0.422944516 -0.004196625 0.906146295 38.835033731
0.906568370 -0.018367631 0.421656778 12.855505676 0.014420258 0.999817637 0.012548816 -0.377953852 -0.421810380 -0.005295977 0.906668460 40.026064664
0.906364586 -0.019366608 0.422050692 13.238037615 0.014420996 0.999785223 0.014907749 -0.376057052 -0.422248697 -0.007425549 0.906449732 40.822613962
0.906459574 -0.020283862 0.421804599 13.429662086 0.014694045 0.999756434 0.016499018 -0.374351632 -0.422036527 -0.008757783 0.906536383 41.220590917
0.907207643 -0.022903050 0.420058295 13.807460866 0.016066206 0.999674407 0.019807259 -0.370960468 -0.420376195 -0.011220661 0.907280473 42.020947702
0.907642452 -0.026924751 0.418878301 14.183650509 0.019041671 0.999554624 0.022989496 -0.367708385 -0.419311709 -0.012890210 0.907750993 42.809750255
0.908148127 -0.027922274 0.417714903 14.368212016 0.019435002 0.999509722 0.024559230 -0.366071819 -0.418195872 -0.014185173 0.908245917 43.200577851
0.908646058 -0.028199002 0.416611699 14.744500588 0.018990592 0.999476029 0.026231888 -0.365247121 -0.417132956 -0.015923805 0.908706541 43.989326442
0.909390929 -0.030357880 0.414831818 15.108351210 0.021891289 0.999443733 0.025150624 -0.369171711 -0.415365541 -0.013790628 0.909550399 44.749606479
0.909744868 -0.031494184 0.413969987 15.289204678 0.024000125 0.999441169 0.023292919 -0.373494970 -0.414472005 -0.011255328 0.909992628 45.130637578
0.910818960 -0.031122805 0.411630067 15.651891683 0.026207311 0.999502467 0.017581810 -0.385674126 -0.411971956 -0.005226152 0.911181549 45.904801430
0.911405381 -0.030956285 0.410341964 16.015149538 0.027280347 0.999518404 0.014811888 -0.392753103 -0.410603366 -0.002305451 0.911812038 46.678449616
0.911806693 -0.031420735 0.409415256 16.196628886 0.027242013 0.999500318 0.016036711 -0.391918358 -0.409714856 -0.003469144 0.912206868 47.071775565
0.912586047 -0.033137580 0.407539243 16.548269418 0.026115842 0.999399622 0.022782429 -0.382852006 -0.408049228 -0.010147688 0.912903286 47.841780064
0.913820924 -0.035913702 0.404524211 16.899864016 0.025519024 0.999192107 0.031060747 -0.371250498 -0.405313551 -0.018061005 0.913999482 48.624650149
0.914022589 -0.036832967 0.403986249 17.074167222 0.025275628 0.999105964 0.033905871 -0.367707598 -0.404874784 -0.020779764 0.914136234 49.010888473
0.914904063 -0.036572890 0.402010122 17.420733763 0.024361861 0.999074775 0.035447739 -0.367890984 -0.402935250 -0.022637608 0.914948594 49.785090656
0.915604530 -0.035140261 0.400539671 17.758027226 0.023304192 0.999137308 0.034384820 -0.372643280 -0.401402034 -0.022148631 0.915633571 50.541121347
0.915919021 -0.034323196 0.399890142 17.927060957 0.022655674 0.999169455 0.033869173 -0.374961654 -0.400720974 -0.021961691 0.915937518 50.918823454
0.916508867 -0.033688186 0.398591427 18.264295796 0.022093620 0.999189905 0.033648233 -0.378275499 -0.399403233 -0.022032641 0.916510759 51.674886121
0.917619913 -0.033822500 0.396014476 18.593758470 0.022398633 0.999189552 0.033437314 -0.381955662 -0.396825280 -0.021812680 0.917635658 52.437231090
0.918040062 -0.033273160 0.395087116 18.760474272 0.022124795 0.999218941 0.032741676 -0.384720569 -0.395868478 -0.021317010 0.918060547 52.816810404
0.918435934 -0.030575900 0.394384737 19.088498797 0.020399310 0.999343135 0.029971697 -0.392735294 -0.395042382 -0.019482009 0.918456999 53.567507874
0.919100709 -0.030243994 0.392858483 19.414104767 0.021135777 0.999398777 0.027490657 -0.400135581 -0.393453237 -0.016963371 0.919188075 54.307296907
0.919205196 -0.030688158 0.392580877 19.573676520 0.021811071 0.999396080 0.027053771 -0.402387855 -0.393174621 -0.016305396 0.919319295 54.666930559
0.919832741 -0.029842181 0.391172374 19.899047178 0.020580695 0.999400509 0.027848582 -0.404014360 -0.391769630 -0.017565528 0.919895802 55.406847946
0.920631520 -0.028709130 0.389373429 20.222098346 0.018720816 0.999392221 0.029423386 -0.404641068 -0.389982007 -0.019798806 0.920609675 56.161483922
0.920972300 -0.027901387 0.388626213 20.380141709 0.017812600 0.999404869 0.029539767 -0.406197548 -0.389220419 -0.020282902 0.920921498 56.535200360
0.921376621 -0.028594055 0.387616272 20.702471734 0.018619197 0.999392862 0.029465558 -0.409644777 -0.388223817 -0.019931880 0.921349887 57.277593449
0.922232029 -0.029046049 0.385542944 21.019473321 0.019852953 0.999416332 0.027805105 -0.416098467 -0.386125492 -0.017988600 0.922271148 58.024323015
0.922467986 -0.027637786 0.385081394 21.176823292 0.018777978 0.999465651 0.026750218 -0.419748364 -0.385615546 -0.017445217 0.922494573 58.398621959
0.922465406 -0.024452290 0.385301680 21.499303203 0.015849649 0.999549530 0.025487882 -0.425465262 -0.385751847 -0.017404801 0.922438109 59.153773822
0.922673290 -0.024102306 0.384827445 21.824066031 0.015708368 0.999566088 0.024941261 -0.429876552 -0.385261346 -0.016967655 0.922650921 59.907067575
0.923094193 -0.024933579 0.383762811 21.980536967 0.016458379 0.999542878 0.025353053 -0.431064771 -0.384219682 -0.017087290 0.923083584 60.282050289
0.923441239 -0.026294637 0.382835536 22.310737815 0.017764170 0.999509051 0.025801208 -0.433750334 -0.383326133 -0.017025164 0.923456323 61.043788324
0.923886541 -0.025669711 0.381801877 22.629355459 0.017752140 0.999548395 0.024246120 -0.440234762 -0.382252323 -0.015622890 0.923926132 61.802068346
0.924198569 -0.025722975 0.381044233 22.785129746 0.018122618 0.999558707 0.023521927 -0.443436484 -0.381481180 -0.014833450 0.924257938 62.177635343
0.924872571 -0.024817730 0.379465699 23.102970202 0.017425972 0.999585725 0.022902436 -0.448550172 -0.379876453 -0.014569334 0.924922639 62.949384112
0.925332482 -0.023843575 0.378403918 23.414243636 0.015015061 0.999542334 0.026264870 -0.446794515 -0.378856930 -0.018622016 0.925267457 63.713508715
0.925425521 -0.024288450 0.378148516 23.574509325 0.014416680 0.999477784 0.028915240 -0.444150617 -0.378653152 -0.021307313 0.925293739 64.098240625
0.925464450 -0.024475103 0.378040325 23.888804665 0.012732996 0.999357072 0.033529095 -0.440114731 -0.378619032 -0.026216487 0.925181396 64.859899742
0.925112753 -0.022165995 0.379041809 24.205541290 0.008966054 0.999291323 0.036554454 -0.438659052 -0.379584069 -0.030418622 0.924657579 65.619614365
0.924957522 -0.021299397 0.379472627 24.361230898 0.007816316 0.999282980 0.037036973 -0.439783011 -0.379990172 -0.031291610 0.924461243 65.995227552
0.924616350 -0.020899466 0.380323781 24.681306571 0.007402242 0.999290881 0.036917142 -0.443828723 -0.380826009 -0.031319082 0.924116917 66.752303699
0.924950708 -0.018222956 0.379649045 25.002354984 0.005375108 0.999377449 0.034874067 -0.451227266 -0.380048555 -0.030216269 0.924472984 67.521485496
0.924934438 -0.016519988 0.379765924 25.159713504 0.004007313 0.999423532 0.033715187 -0.455086936 -0.380104350 -0.029662546 0.924468092 67.895779778
0.924816948 -0.013943844 0.380155106 25.461841625 0.002029402 0.999495169 0.031723986 -0.462443183 -0.380406101 -0.028567458 0.924378117 68.628822666
0.924474864 -0.011150321 0.381077702 25.771743200 -0.000569781 0.999531159 0.030628479 -0.468056707 -0.381240979 -0.028532439 0.924035363 69.368423080
0.924241438 -0.010362924 0.381666503 25.925067177 -0.001448897 0.999528911 0.030647771 -0.469864830 -0.381805353 -0.028879098 0.923792207 69.733098962
0.924345415 -0.011216865 0.381390544 26.242626994 -0.001131319 0.999483040 0.032137239 -0.470908675 -0.381553354 -0.030137441 0.923855220 70.479319746
0.924270083 -0.011918871 0.381550720 26.559394084 -0.001090287 0.999426385 0.033861141 -0.471608562 -0.381735910 -0.031712906 0.923727967 71.226177222
0.924092854 -0.011700874 0.381987157 26.713454199 -0.001589148 0.999404591 0.034457868 -0.472372138 -0.382163340 -0.032449405 0.923524584 71.590247280
0.923520667 -0.013287307 0.383316396 27.031004584 -0.000246162 0.999379104 0.035235587 -0.474592603 -0.383547405 -0.032635199 0.922945158 72.323632678
0.923251727 -0.014781168 0.383910494 27.337606057 0.001414702 0.999383647 0.035075668 -0.478476448 -0.384192524 -0.031840651 0.922703496 73.040169264
0.923000966 -0.015071156 0.384501358 27.494795964 0.001571815 0.999371893 0.035398607 -0.479606945 -0.384793827 -0.032068688 0.922445143 73.401714987
0.922357699 -0.017374375 0.385944356 27.812302312 0.003816857 0.999349889 0.035866535 -0.482154943 -0.386316523 -0.031608776 0.921824699 74.122283875
0.922032514 -0.019350822 0.386627146 28.125914231 0.005702557 0.999320155 0.036416965 -0.484681322 -0.387069021 -0.031372898 0.921516652 74.845998466
0.921754695 -0.019827735 0.387264988 28.290148375 0.005961030 0.999298618 0.036975370 -0.485283459 -0.387726683 -0.031773791 0.921226831 75.214703764
0.921562216 -0.020692208 0.387676849 28.612330956 0.006422178 0.999254568 0.038068663 -0.486520954 -0.388176485 -0.032592983 0.921008424 75.944336748
0.921006657 -0.022310898 0.388905907 28.932110451 0.007620494 0.999199305 0.039275827 -0.487523604 -0.389470876 -0.033209675 0.920439769 76.663052856
0.920791421 -0.022723537 0.389392224 29.086931470 0.008089932 0.999199214 0.039179798 -0.489258350 -0.389970517 -0.032926351 0.920238210 77.013663051
0.920610096 -0.022963392 0.389805411 29.397448065 0.009013486 0.999253542 0.037578404 -0.495079639 -0.390377708 -0.031081619 0.920129818 77.714202115
0.919933785 -0.022102666 0.391449854 29.707143366 0.008837908 0.999325019 0.035655880 -0.501264095 -0.391973815 -0.029341548 0.919508474 78.402552920
0.919642798 -0.022157785 0.392128416 29.858815391 0.009080114 0.999340473 0.035173793 -0.503568800 -0.392648949 -0.028786820 0.919238021 78.742857394
0.918403555 -0.022119741 0.395024240 30.176158756 0.008602491 0.999316621 0.035957568 -0.504933846 -0.395550875 -0.029625528 0.917966396 79.437834121
0.917470170 -0.022330830 0.397177039 30.491737536 0.007167051 0.999189068 0.039622842 -0.501215709 -0.397739606 -0.033506241 0.916886227 80.134181940
0.916677710 -0.022673021 0.398980778 30.652647965 0.006732929 0.999124243 0.041308442 -0.499508792 -0.399568227 -0.035180346 0.916028206 80.479836288
0.915337479 -0.023260345 0.402014290 30.973838940 0.006666433 0.999068985 0.042627066 -0.499746695 -0.402632084 -0.036338228 0.914640924 81.171692851
0.913707770 -0.022404487 0.405751970 31.298250901 0.005688660 0.999086076 0.042356751 -0.502589109 -0.406330393 -0.036393554 0.913001334 81.860975335
0.912642418 -0.021501400 0.408190171 31.452187454 0.004805286 0.999110990 0.041884276 -0.504545062 -0.408728242 -0.036263941 0.911935403 82.186591199
0.910940535 -0.020085501 0.412045765 31.767215940 0.004119060 0.999206828 0.039600763 -0.510655673 -0.412515349 -0.034376745 0.910301792 82.844921877
0.908410205 -0.018800770 0.417655259 32.095668345 0.004431113 0.999364900 0.035348899 -0.519918590 -0.418055614 -0.030260770 0.907917769 83.505297950
0.907135767 -0.017250916 0.420483937 32.252842168 0.003678251 0.999446894 0.033068310 -0.524878623 -0.420822036 -0.028450910 0.906697152 83.828330854
0.905070571 -0.015964079 0.424960386 32.575630606 0.003110771 0.999516707 0.030922751 -0.530323237 -0.425248956 -0.026665382 0.904683951 84.480385892
0.901578093 -0.016773510 0.432288872 32.913767213 0.002977275 0.999465086 0.032571533 -0.528814028 -0.432604059 -0.028078789 0.901146481 85.132823857
0.899279865 -0.017899998 0.437005229 33.075241365 0.003111582 0.999399044 0.034532864 -0.526056231 -0.437360605 -0.029694996 0.898795298 85.439444835
0.895075852 -0.020220732 0.445453145 33.409042027 0.002825723 0.999208682 0.039679769 -0.517916179 -0.445903084 -0.034257754 0.894425419 86.056747742
0.890561665 -0.023076227 0.454275063 33.754008117 0.004556638 0.999114668 0.041820276 -0.514833396 -0.454838776 -0.035173607 0.889879410 86.677940829
0.887885213 -0.023893478 0.459443635 33.930415106 0.004966682 0.999089814 0.042359663 -0.514037844 -0.460038364 -0.035328721 0.887196127 86.985375570
0.883644500 -0.024581388 0.467511031 34.274454866 0.003733376 0.998958589 0.045468181 -0.508741004 -0.468142544 -0.038432379 0.882817326 87.594437693
0.878376927 -0.025490497 0.477286954 34.628432460 0.001341991 0.998704855 0.050868175 -0.498895334 -0.477965673 -0.044041058 0.877274271 88.195423359
0.875633861 -0.025136976 0.482320583 34.809363760 -0.000636764 0.998584381 0.053198838 -0.494469665 -0.482975351 -0.046889907 0.874377450 88.499164533
0.869197957 -0.024402459 0.493860661 35.185462546 -0.003463263 0.998456788 0.055430931 -0.489594074 -0.494452016 -0.049890896 0.867772278 89.108044925
0.863200577 -0.024983055 0.504241686 35.560839374 -0.003812675 0.998424250 0.055994490 -0.487519025 -0.504846441 -0.050257154 0.861745847 89.704682876
0.858846795 -0.025360501 0.511602264 35.757471334 -0.004030410 0.998408573 0.056257920 -0.486196588 -0.512215792 -0.050379018 0.857378365 89.995774173
0.851249769 -0.026141672 0.524107586 36.149902155 -0.004131221 0.998393288 0.056508331 -0.483625192 -0.524742832 -0.050267958 0.849775537 90.565774950
0.844155009 -0.024705221 0.535527886 36.553392622 -0.006289247 0.998412564 0.055973096 -0.482107490 -0.536060802 -0.050618119 0.842660357 91.152564138
0.840475757 -0.023303348 0.541346239 36.753207706 -0.007771542 0.998453441 0.055046243 -0.482460563 -0.541792784 -0.050472249 0.838996054 91.441102011
0.832870049 -0.020864297 0.553074213 37.170005251 -0.010865703 0.998480693 0.054029587 -0.481228255 -0.553361760 -0.051009289 0.831377798 92.030000328
0.825037497 -0.020776386 0.564695276 37.608494076 -0.013066926 0.998355001 0.055822873 -0.474417385 -0.564926732 -0.053434875 0.823409625 92.627027871
0.820809350 -0.022070951 0.570774263 37.833068757 -0.013667697 0.998208595 0.058254166 -0.468050439 -0.571037983 -0.055616878 0.819037361 92.921204168
0.812154106 -0.025330344 0.582891676 38.288323408 -0.015245940 0.997794866 0.064602991 -0.452264465 -0.583242556 -0.061354404 0.809978035 93.504592254
0.803737175 -0.029064165 0.594273770 38.762440403 -0.015583652 0.997435499 0.069858033 -0.437915060 -0.594780394 -0.065408538 0.801223576 94.098469795
0.799534292 -0.030956170 0.599821244 39.001942629 -0.014630911 0.997370958 0.070975722 -0.433380500 -0.600441823 -0.065523580 0.796979753 94.393462740
0.789592504 -0.033436199 0.612719093 39.500645238 -0.012451529 0.997436169 0.070476106 -0.428557139 -0.613504671 -0.063276773 0.787152378 94.980437363
0.780782572 -0.034765248 0.623834058 40.017492781 -0.009875364 0.997639196 0.067956797 -0.426674399 -0.624724636 -0.059220137 0.778596554 95.578497050
0.775909699 -0.037099920 0.629751426 40.278934557 -0.007119987 0.997690577 0.067548472 -0.424061087 -0.630803629 -0.056895325 0.773854271 95.868643269
0.765367994 -0.045318212 0.641994618 40.826630225 0.000852714 0.997588873 0.069402978 -0.413403058 -0.643592194 -0.052571532 0.763561249 96.454545485
0.756516752 -0.054432756 0.651703881 41.389154169 0.009701019 0.997355003 0.072041623 -0.400733666 -0.653901284 -0.048178608 0.755044507 97.054159027
0.751935802 -0.058353440 0.656647361 41.681800838 0.013969279 0.997261410 0.072625947 -0.395282898 -0.659087325 -0.045437269 0.750692654 97.357634233
0.743804435 -0.063822992 0.665341709 42.262581604 0.022346277 0.997248991 0.070679534 -0.389707541 -0.668022701 -0.037703870 0.743184913 97.955431277
0.737178409 -0.066882791 0.672378783 42.852206203 0.030855553 0.997382907 0.065382396 -0.389546082 -0.674992469 -0.027451970 0.737314002 98.558997708
0.734776433 -0.066686196 0.675022752 43.138062267 0.033586378 0.997512394 0.061985774 -0.390846972 -0.677477051 -0.022874238 0.735188798 98.855174992
0.730630248 -0.062484570 0.679907061 43.715382180 0.035410997 0.997931894 0.053658702 -0.395888538 -0.681853793 -0.015128563 0.731332265 99.455881240
0.727805182 -0.054156399 0.683641602 44.292142234 0.034747621 0.998508636 0.042107135 -0.406299993 -0.684902883 -0.006890900 0.728602261 100.057097158
0.726837519 -0.050188692 0.684972239 44.584457843 0.035018489 0.998737110 0.036019898 -0.411833068 -0.685916166 -0.002193958 0.727677296 100.360957231
0.725518995 -0.045903098 0.686668948 45.186767510 0.035413150 0.998941135 0.029361493 -0.412985794 -0.687290767 0.003014704 0.726376593 100.992857423
0.723573129 -0.047741449 0.688593935 45.803354154 0.036767689 0.998854878 0.030616994 -0.400008094 -0.689268143 0.003164315 0.724499624 101.625929125
0.722819605 -0.048909446 0.689303082 46.103663543 0.035824116 0.998802754 0.033304068 -0.390097529 -0.690107950 0.000620794 0.723706495 101.936022258
0.723180994 -0.051563810 0.688729681 46.717663631 0.034077556 0.998658211 0.038985412 -0.369567090 -0.689816461 -0.004723377 0.723968820 102.583958223
0.721526871 -0.055554473 0.690153628 47.336293811 0.034545347 0.998423218 0.044253223 -0.349410107 -0.691524445 -0.008088378 0.722308426 103.215302391
0.722040578 -0.056532264 0.689536467 47.647638827 0.033740750 0.998347960 0.046519102 -0.339963870 -0.691027070 -0.010323273 0.722755749 103.542197037
0.721868761 -0.054631840 0.689869751 48.272955382 0.030701532 0.998426313 0.046941202 -0.328196710 -0.691348921 -0.012705435 0.722410016 104.193940797
0.721114957 -0.050189257 0.690994197 48.887616961 0.028923684 0.998683716 0.042353541 -0.325305163 -0.692211463 -0.010555747 0.721617583 104.828675412
0.720775880 -0.046773039 0.691586880 49.195384622 0.027060766 0.998858840 0.039351273 -0.325025298 -0.692638836 -0.009648654 0.721219762 105.145702279
0.721050894 -0.043553017 0.691510863 49.801360734 0.026123007 0.999022038 0.035681870 -0.320605668 -0.692389066 -0.007664159 0.721483667 105.774581124
0.720154411 -0.041559913 0.692566830 50.416571179 0.024669224 0.999107256 0.034302989 -0.312074522 -0.693374303 -0.007618408 0.720537409 106.408812066
0.719359186 -0.040455208 0.693458749 50.720208624 0.023572962 0.999149595 0.033835370 -0.307395638 -0.694238569 -0.007993036 0.719701070 106.716272719
0.719170000 -0.042040338 0.693559727 51.324997040 0.024564489 0.999082529 0.035088136 -0.294348856 -0.694398966 -0.008197436 0.719543114 107.333163165
0.718323417 -0.045663736 0.694208572 51.940532371 0.025624974 0.998902905 0.039190946 -0.276090401 -0.695236963 -0.010362675 0.718706426 107.954172076
0.717786104 -0.046779942 0.694689411 52.251820730 0.025069157 0.998829760 0.041357976 -0.266662032 -0.695811410 -0.012270964 0.718119997 108.268257096
0.716522019 -0.047849503 0.695919925 52.878460421 0.024747908 0.998760434 0.043191348 -0.251962460 -0.697124503 -0.013725117 0.716818416 108.893189498
0.716478744 -0.047057067 0.696018892 53.481877862 0.025899359 0.998828926 0.040868990 -0.244898465 -0.697127825 -0.011255444 0.716858432 109.498395804
0.716278036 -0.046861905 0.696238651 53.787091399 0.026390272 0.998848441 0.040079814 -0.240677744 -0.697314956 -0.010334465 0.716690632 109.804588182
0.716328026 -0.048529777 0.696073329 54.391046714 0.027697469 0.998770098 0.041130283 -0.227704441 -0.697213890 -0.010183298 0.716791095 110.409296810
0.715861190 -0.049035304 0.696517812 54.995736946 0.026789011 0.998726016 0.042777984 -0.213656624 -0.697728370 -0.011964152 0.716262727 111.013400281
0.716651131 -0.048263333 0.695759005 55.305631194 0.025905452 0.998756471 0.042598404 -0.208235282 -0.696950768 -0.012504260 0.717010027 111.328654312
0.716411576 -0.048465673 0.695991865 55.906565348 0.027271475 0.998766947 0.041478019 -0.198968560 -0.697144672 -0.010734616 0.716850613 111.922987490
0.716816063 -0.048809650 0.695551198 56.505871707 0.027883637 0.998756091 0.041350694 -0.187975039 -0.696704957 -0.010246445 0.717285080 112.518617145
0.716948461 -0.048978229 0.695402279 56.805468909 0.027420586 0.998738065 0.042072536 -0.181104758 -0.696585970 -0.011095582 0.717387375 112.816462507
0.717646640 -0.050588793 0.694566043 57.404618530 0.027682885 0.998642351 0.044133384 -0.166265379 -0.695856152 -0.012444618 0.718072995 113.412177656
0.719596890 -0.051089524 0.692508971 57.988293775 0.028299409 0.998618760 0.044266288 -0.155283159 -0.693814559 -0.012256362 0.720049532 114.007578720
0.720427466 -0.050700684 0.691673638 58.269953671 0.028051542 0.998638242 0.043983985 -0.150566772 -0.692962808 -0.012284768 0.720868747 114.294225765
0.721306947 -0.048678012 0.690901989 58.841999640 0.027282955 0.998750203 0.041883988 -0.143661005 -0.692077244 -0.011361369 0.721734371 114.873353416
0.723389638 -0.047535561 0.688800753 59.407836509 0.027885910 0.998824811 0.039644803 -0.137260065 -0.689875997 -0.009470826 0.723865791 115.457502201
0.723975984 -0.047800680 0.688165863 59.688717926 0.028481419 0.998817129 0.039415238 -0.132549343 -0.689236423 -0.008935833 0.724481386 115.744778163
0.725292110 -0.047839048 0.686776174 60.241070147 0.028757687 0.998816991 0.039204617 -0.122914071 -0.687839933 -0.008684750 0.725810638 116.314074147
0.727460529 -0.047565649 0.684498206 60.791130086 0.029174289 0.998836214 0.038403640 -0.114354655 -0.685528666 -0.007967480 0.728002597 116.885233347
0.729981194 -0.047566695 0.681808794 61.061903495 0.029442719 0.998838073 0.038161380 -0.110017258 -0.682832255 -0.007782820 0.730533805 117.180678588
0.735395856 -0.046784299 0.676020279 61.579191475 0.029324681 0.998876859 0.037227313 -0.102650525 -0.677002914 -0.007552776 0.735942260 117.752612684
0.741596596 -0.046396013 0.669239174 62.077581284 0.028323738 0.998881555 0.037862891 -0.092968170 -0.670247846 -0.009123632 0.742081758 118.314076867
0.745016948 -0.045983563 0.665457493 62.334237790 0.027303549 0.998887497 0.038456009 -0.087581873 -0.666485986 -0.010481079 0.745443949 118.608058998
0.753368514 -0.043531334 0.656155263 62.831273521 0.024598167 0.998973529 0.038032462 -0.080072747 -0.657138507 -0.012512285 0.753666055 119.196351415
0.762212817 -0.041278528 0.646008010 63.326960807 0.023884380 0.999078424 0.035658304 -0.076283071 -0.646885587 -0.011749773 0.762496498 119.798628466
0.766850159 -0.039879412 0.640585551 63.564269272 0.023434541 0.999141674 0.034147597 -0.075241764 -0.641398586 -0.011174339 0.767126906 120.095430888
0.776938373 -0.038037837 0.628425291 64.030345737 0.023836417 0.999235035 0.031013043 -0.073780863 -0.629124692 -0.009115855 0.777250920 120.695941401
0.788220751 -0.039384640 0.614130100 64.476675598 0.025431831 0.999182155 0.031437284 -0.066885484 -0.614866595 -0.009161200 0.788578121 121.299489608
0.793833326 -0.039577518 0.606844975 64.693523304 0.024903244 0.999158697 0.032586873 -0.061993663 -0.607624872 -0.010756200 0.794151247 121.599923557
0.806741239 -0.039817488 0.589561067 65.110233457 0.025010799 0.999134360 0.033254944 -0.055800923 -0.590375008 -0.012082779 0.807039098 122.214550604
0.819406256 -0.043365110 0.571569839 65.515190233 0.028865008 0.998991270 0.034412677 -0.049231545 -0.572486263 -0.011699679 0.819831027 122.825812463
0.825736133 -0.044087840 0.562329774 65.714998126 0.029663020 0.998955018 0.034762543 -0.046592067 -0.563275274 -0.012024357 0.826182009 123.140035319
0.838541963 -0.043872349 0.543066852 66.091206088 0.029667767 0.998950711 0.034891807 -0.042987220 -0.544028679 -0.013146743 0.838964483 123.761696691
0.850701289 -0.044248611 0.523782627 66.455741756 0.030209727 0.998919319 0.035322562 -0.039587223 -0.524780061 -0.014225722 0.851119449 124.392789177
0.856532425 -0.044242456 0.514192143 66.640843644 0.030650049 0.998921388 0.034893453 -0.039143136 -0.515181774 -0.014127358 0.856964783 124.718915074
0.868817390 -0.042991173 0.493261196 66.979998451 0.032010202 0.999016189 0.030689491 -0.044918297 -0.494095774 -0.010874193 0.869339956 125.357752830
0.881345074 -0.039932378 0.470780704 67.305484724 0.033036444 0.999191357 0.022905927 -0.057829970 -0.471315074 -0.004635128 0.881952258 126.020563968
0.887294535 -0.039536721 0.459504522 67.465050640 0.034161683 0.999216231 0.020009146 -0.062755140 -0.459936349 -0.002056587 0.887950268 126.354519742
0.899159891 -0.037451281 0.436013293 67.767035996 0.034380239 0.999297867 0.014934418 -0.072240641 -0.436266167 0.001561871 0.899816413 127.036278379
0.910206112 -0.034431245 0.412719971 68.059833974 0.033762725 0.999390347 0.008914514 -0.084173675 -0.412775099 0.005820485 0.910814166 127.738340370
0.915590362 -0.033492371 0.400713807 68.201601616 0.033949458 0.999405945 0.005961158 -0.090439954 -0.400676506 0.008145974 0.916183753 128.099543583
0.925753689 -0.033293717 0.376656966 68.478827649 0.035359783 0.999373522 0.001429532 -0.101019984 -0.376469489 0.011995067 0.926351542 128.827025770
0.935402055 -0.034590138 0.351888090 68.730873944 0.037136377 0.999309752 -0.000486276 -0.108011134 -0.351629283 0.013522644 0.936041956 129.549098705
0.940042651 -0.033673478 0.339390115 68.846761603 0.036136998 0.999346442 -0.000939316 -0.111205760 -0.339137113 0.013147474 0.940645664 129.918319440
0.948815888 -0.033441774 0.314052788 69.075360043 0.034842173 0.999392227 0.001154831 -0.113256594 -0.313900380 0.009846498 0.949405137 130.684991993
0.955822104 -0.030376896 0.292370789 69.286469080 0.029592660 0.999536515 0.007106071 -0.109344393 -0.292451894 0.001859836 0.956278735 131.440017627
0.959053722 -0.028119912 0.281822339 69.385771750 0.026196629 0.999600376 0.010590683 -0.106844248 -0.282007247 -0.002774252 0.959408206 131.822574894
0.964246073 -0.028041216 0.263519690 69.577665465 0.025567073 0.999590742 0.012814550 -0.110533530 -0.263770919 -0.005619027 0.964568828 132.580348427
0.968300549 -0.025715682 0.248459020 69.762236061 0.024282819 0.999666621 0.008830545 -0.125607265 -0.248602642 -0.002517337 0.968602624 133.344159322
0.969893413 -0.021380643 0.242586240 69.849559735 0.020763764 0.999771299 0.005099632 -0.136301539 -0.242639756 0.000090907 0.970116108 133.723678754
0.972288342 -0.016948153 0.233170242 70.032081165 0.017845547 0.999839889 -0.001739354 -0.157008335 -0.233103002 0.005852118 0.972434729 134.502060786
0.974213562 -0.015347225 0.225104484 70.215905175 0.016647478 0.999853903 -0.003878948 -0.170054151 -0.225012702 0.007526277 0.974327146 135.292164266
0.974833079 -0.014380762 0.222469590 70.302355990 0.015902820 0.999860472 -0.005051516 -0.177030214 -0.222365855 0.008462216 0.974926776 135.685204628
0.975415551 -0.015221547 0.219843191 70.497987998 0.017211273 0.999826487 -0.007137909 -0.190384855 -0.219696893 0.010746159 0.975508744 136.491484034
0.976203948 -0.015501128 0.216296587 70.681084556 0.017594221 0.999815112 -0.007754711 -0.201872247 -0.216136652 0.011375728 0.976296409 137.307869660
0.976530419 -0.013953829 0.214926282 70.775506752 0.016450668 0.999815993 -0.009832192 -0.210553986 -0.214749063 0.013137046 0.976580947 137.720200119
0.976789337 -0.015555566 0.213633938 70.969736982 0.018772590 0.999738568 -0.013037782 -0.226319487 -0.213374810 0.016745563 0.976827424 138.540493248
0.977080469 -0.015826662 0.212277548 71.149899163 0.019683592 0.999676903 -0.016067952 -0.242234796 -0.211954929 0.019878033 0.977077483 139.359296618
0.977140441 -0.015688810 0.212011079 71.242634939 0.019553201 0.999678599 -0.016142879 -0.247751287 -0.211689590 0.019919382 0.977134129 139.772955530
