1.000000000 0.000000000 -0.000000000 0.000000000 0.000000000 1.000000000 0.000000000 0.000000000 0.000000000 -0.000000000 1.000000000 0.000000000
1.000000592 0.000002461 0.000058613 -0.000001361 -0.000002457 0.999999513 -0.000058602 -0.000099986 -0.000058798 0.000058596 1.000000354 0.000000933
1.000000245 0.000082271 0.000133449 -0.001818784 -0.000082266 1.000000093 -0.000129921 -0.000092309 -0.000134080 0.000129970 1.000000354 0.011033219
0.999999658 0.000084145 0.000119711 0.000408893 -0.000084123 0.999999324 -0.000371730 -0.000412340 -0.000119650 0.000371772 0.999999984 0.025001448
0.999999598 0.000109332 0.000126119 -0.000600462 -0.000109191 0.999999332 -0.000516567 -0.000540194 -0.000126622 0.000516587 0.999999995 0.036621576
0.999999557 0.000110059 0.000260463 0.004871871 -0.000109846 0.999999518 -0.000537607 -0.000492477 -0.000261240 0.000537609 1.000000143 0.052932681
1.000000266 0.000057580 0.000226327 0.005285528 -0.000057319 0.999999804 -0.000706140 -0.000554864 -0.000225924 0.000706066 0.999999647 0.077930864
1.000000092 0.000114801 0.000175814 0.000030327 -0.000114566 0.999999585 -0.000873275 -0.000578403 -0.000176791 0.000873222 0.999999612 0.098822645
1.000000054 0.000185883 0.000072252 0.001253685 -0.000185795 0.999999202 -0.001042990 -0.000656339 -0.000071723 0.001043011 0.999999487 0.124407550
1.000000011 0.000239527 0.000017344 0.002479221 -0.000239497 0.999999214 -0.001122653 -0.000574296 -0.000017623 0.001122613 0.999999530 0.149990962
1.000000133 0.000292449 0.000037932 0.003091580 -0.000292403 0.999999048 -0.001181941 -0.000563271 -0.000038748 0.001181937 0.999999525 0.162782948
1.000000115 0.000297453 0.000010171 0.007162189 -0.000297449 0.999998568 -0.001352094 -0.000420284 -0.000011496 0.001352155 0.999998738 0.215123122
1.000000505 0.000302170 0.000043986 0.002724176 -0.000302063 0.999999150 -0.001207128 0.000090554 -0.000044467 0.001207129 0.999999454 0.236596493
1.000000469 0.000365329 0.000114038 0.005575374 -0.000365128 0.999999644 -0.001030653 0.000601437 -0.000114905 0.001030585 0.999999877 0.263349057
0.999999394 0.000488403 0.000184978 0.007614966 -0.000488195 0.999999073 -0.000934705 0.000987887 -0.000186180 0.000934625 1.000000019 0.289516205
0.999999782 0.000474438 0.000197659 0.003176680 -0.000474214 0.999998980 -0.000797167 0.001478728 -0.000198516 0.000797074 0.999999155 0.310989763
1.000000120 0.000523996 0.000244784 0.004414874 -0.000523863 1.000000032 -0.000339280 0.002490644 -0.000245478 0.000339122 0.999999799 0.336564497
0.999999878 0.000619059 0.000350249 0.005452051 -0.000618949 0.999999404 -0.000089252 0.003259170 -0.000350027 0.000089016 0.999999762 0.374347015
1.000000101 0.000668191 0.000343582 0.005872650 -0.000668102 0.999999562 0.000036568 0.003706713 -0.000343982 -0.000036801 0.999999928 0.399340438
0.999999937 0.000654821 0.000292402 0.005486543 -0.000654917 0.999999281 0.000300589 0.004389775 -0.000292490 -0.000300738 0.999999779 0.423745088
0.999999530 0.000627143 0.000279634 0.004483040 -0.000627189 0.999999683 0.000405066 0.004691862 -0.000279734 -0.000405257 0.999999641 0.435361203
1.000000133 0.000623469 0.000258624 0.006722559 -0.000623597 0.999999305 0.000665254 0.005241712 -0.000258372 -0.000665381 1.000000424 0.449321315
0.999999467 0.000536579 0.000225407 0.006526034 -0.000536674 0.999999627 0.000650442 0.005328278 -0.000225947 -0.000650520 1.000000114 0.461526019
0.999999968 0.000521465 0.000148422 0.008143122 -0.000521452 0.999999889 0.000537179 0.005127204 -0.000148080 -0.000537243 0.999999631 0.462701049
1.000000098 0.000562103 0.000058559 0.008133458 -0.000562022 0.999999171 0.000126205 0.004417301 -0.000058296 -0.000126223 1.000000473 0.462707674
1.000000030 0.000723046 0.000060755 0.007308241 -0.000722972 0.999999077 -0.000527141 0.003293005 -0.000061430 0.000527140 0.999999784 0.462131589
0.999999797 0.000791207 0.000042102 0.006493912 -0.000791206 0.999998945 -0.000719632 0.002968600 -0.000043002 0.000719629 0.999999847 0.461548039
0.999999979 0.000818145 -0.000015817 0.005683259 -0.000818076 0.999998916 -0.000755754 0.002914158 0.000014450 0.000755810 0.999999344 0.460961970
0.999999734 0.000883002 -0.000042892 0.010736082 -0.000882930 0.999998902 -0.000848791 0.002594321 0.000041449 0.000848843 1.000000043 0.452278905
0.999999743 0.000877565 -0.000086284 0.010734449 -0.000877615 0.999998637 -0.000919614 0.002474337 0.000085809 0.000919744 0.999999612 0.452280024
0.999999383 0.000842185 -0.000108143 0.009921754 -0.000842207 0.999999240 -0.001039833 0.002269916 0.000107096 0.001039947 0.999999672 0.451695355
0.999999801 0.000854570 -0.000108095 0.009912090 -0.000854621 0.999997964 -0.001456996 0.001560012 0.000106402 0.001457065 0.999999068 0.451701980
1.000000086 0.000856003 -0.000114625 0.009902018 -0.000856165 0.999997961 -0.001887467 0.000820113 0.000112813 0.001887591 0.999998896 0.451708885
0.999999385 0.000901247 -0.000111473 0.009063598 -0.000901504 0.999994722 -0.003106812 -0.001274051 0.000108236 0.003106883 0.999994942 0.451141850
0.999999151 0.000968057 -0.000081750 0.009848390 -0.000968399 0.999990862 -0.004183896 -0.003119349 0.000077243 0.004183991 0.999991450 0.451745648
0.999999579 0.000963368 -0.000079534 0.012268373 -0.000963626 0.999988691 -0.004587498 -0.003835903 0.000074992 0.004587527 0.999989686 0.453512065
0.999999571 0.000812621 -0.000158919 0.010246122 -0.000813360 0.999986901 -0.005033097 -0.004351577 0.000154839 0.005033210 0.999987668 0.476754747
0.999999801 0.000483232 -0.000406133 0.011462811 -0.000485402 0.999984668 -0.005492116 -0.004919446 0.000403095 0.005492271 0.999985376 0.502344224
0.999999778 0.000344159 -0.000567210 0.014497875 -0.000347475 0.999982814 -0.005840694 -0.005425002 0.000564669 0.005840953 0.999982839 0.516900761
0.999999332 0.000334270 -0.000945424 0.012076042 -0.000340447 0.999978028 -0.006599396 -0.006247479 0.000942081 0.006599749 0.999977863 0.564557330
0.999998418 0.000831389 -0.001392547 0.009273002 -0.000840852 0.999975831 -0.006873970 -0.006026944 0.001386932 0.006875116 0.999975431 0.636615188
0.999997386 0.001068279 -0.001845552 0.010302694 -0.001081063 0.999975215 -0.006938321 -0.005808342 0.001837817 0.006940372 0.999974584 0.674402837
0.999993531 0.001641156 -0.003161643 0.008928383 -0.001663144 0.999973799 -0.006975951 -0.005102397 0.003150218 0.006981262 0.999970510 0.759834832
0.999986437 0.001893586 -0.004753846 0.003305914 -0.001927455 0.999971962 -0.007143474 -0.004462112 0.004739430 0.007152635 0.999962831 0.854540066
0.999982500 0.001728441 -0.005628158 0.004134726 -0.001770120 0.999970666 -0.007405963 -0.004476902 0.005614022 0.007415864 0.999957024 0.904535405
0.999967433 0.001051112 -0.007950559 0.002147159 -0.001118718 0.999963213 -0.008514233 -0.005251022 0.007940565 0.008522881 0.999932503 1.026597746
0.999935911 -0.000024788 -0.011360808 0.000766234 -0.000087838 0.999950857 -0.009915936 -0.006434060 0.011360526 0.009916283 0.999886421 1.161455993
0.999910083 -0.000527871 -0.013385632 -0.002045245 0.000386815 0.999944491 -0.010542559 -0.006833441 0.013390004 0.010536486 0.999854543 1.233519636
0.999832376 -0.001194121 -0.018274704 -0.016161934 0.000976353 0.999928309 -0.011923066 -0.007573549 0.018287823 0.011903238 0.999761963 1.396191631
0.999708161 -0.001554443 -0.024112843 -0.025420418 0.001233504 0.999910127 -0.013321110 -0.008406948 0.024131414 0.013287471 0.999620788 1.562383957
0.999619761 -0.001696117 -0.027533732 -0.030048912 0.001311557 0.999901134 -0.013980449 -0.008768654 0.027554400 0.013939048 0.999523116 1.645479607
0.999368576 -0.001823058 -0.035488371 -0.049417671 0.001278823 0.999881549 -0.015354089 -0.009302333 0.035512134 0.015299077 0.999252651 1.829041237
0.999017277 -0.001524545 -0.044297885 -0.075852519 0.000786786 0.999860774 -0.016667545 -0.009371938 0.044316275 0.016616312 0.998879299 2.044522457
0.998804550 -0.001749525 -0.048843785 -0.085729544 0.000910150 0.999851712 -0.017204004 -0.009267251 0.048865929 0.017139021 0.998658480 2.148505316
0.998267885 -0.002761790 -0.058771385 -0.108096698 0.001723061 0.999841661 -0.017718125 -0.008004791 0.058811094 0.017586125 0.998114498 2.366906989
0.997444914 -0.004358137 -0.071309588 -0.142379570 0.003099276 0.999837486 -0.017755813 -0.005555053 0.071374588 0.017489450 0.997295738 2.613702041
0.996953891 -0.004925243 -0.077833228 -0.159931642 0.003532986 0.999831036 -0.018015641 -0.004747352 0.077908625 0.017685787 0.996804189 2.736810171
0.995753279 -0.005174977 -0.091913338 -0.198286021 0.003443041 0.999813915 -0.018992000 -0.003909642 0.091993849 0.018594896 0.995585659 2.980687382
0.994102053 -0.004882848 -0.108338845 -0.252617961 0.002727526 0.999795509 -0.020034390 -0.002786778 0.108413517 0.019620725 0.993912026 3.250033506
0.993108098 -0.004063046 -0.117134142 -0.283521287 0.001693016 0.999791774 -0.020325983 -0.001777142 0.117191127 0.019987691 0.992908221 3.388165545
0.990669577 -0.003412248 -0.136243692 -0.346942712 0.000597113 0.999784981 -0.020697881 0.000613182 0.136284493 0.020423472 0.990459581 3.663253006
0.987569477 -0.003949232 -0.157134038 -0.422886090 0.000771212 0.999793480 -0.020281122 0.004629697 0.157181076 0.019907826 0.987369192 3.953937662
0.985795019 -0.004280878 -0.167896126 -0.462880670 0.000935946 0.999799708 -0.019996793 0.006776811 0.167947567 0.019555633 0.985601661 4.097812252
0.981648650 -0.005508652 -0.190619490 -0.549539877 0.001878710 0.999813642 -0.019218398 0.011581952 0.190689565 0.018507596 0.981475613 4.393069560
0.976588877 -0.005326353 -0.215049448 -0.651173278 0.001352867 0.999825433 -0.018620420 0.016360161 0.215109893 0.017893538 0.976425748 4.702179759
0.973743056 -0.005503104 -0.227584594 -0.710386808 0.001324076 0.999827256 -0.018511319 0.018664649 0.227646763 0.017723876 0.973582435 4.869178146
0.967482658 -0.005941462 -0.252868698 -0.826996990 0.001370940 0.999832334 -0.018246992 0.023225951 0.252933891 0.017307016 0.967328858 5.192143008
0.960528022 -0.006734792 -0.278101600 -0.951696420 0.001916108 0.999843371 -0.017595292 0.028512660 0.278176671 0.016367950 0.960391175 5.509235331
0.956599549 -0.006818308 -0.291325123 -1.018186095 0.001964445 0.999853742 -0.016950562 0.031776971 0.291397448 0.015642658 0.956474691 5.670945570
0.948076050 -0.005694390 -0.317992266 -1.169363198 0.000915134 0.999884035 -0.015176994 0.039460702 0.318042604 0.014097964 0.947971671 6.005861598
0.938517088 -0.006298781 -0.345175765 -1.331285665 0.001433893 0.999895743 -0.014347530 0.045763356 0.345230282 0.012970459 0.938428683 6.345370527
0.933368122 -0.007106606 -0.358849394 -1.415994054 0.002174250 0.999897639 -0.014146854 0.048642985 0.358913430 0.012424010 0.933288338 6.518590686
0.921939424 -0.007995219 -0.387251298 -1.598546506 0.003222504 0.999910761 -0.012972434 0.055917424 0.387320141 0.010711896 0.921883226 6.867837147
0.909206426 -0.008165392 -0.416265895 -1.802507883 0.004352185 0.999938984 -0.010108593 0.066438888 0.416323007 0.007379175 0.909186936 7.226213330
0.902467472 -0.008717428 -0.430669343 -1.910262973 0.005359918 0.999944967 -0.009008821 0.071246824 0.430724012 0.005821806 0.902464712 7.407402365
0.887851815 -0.009604281 -0.460028226 -2.134661487 0.007724433 0.999952007 -0.005968649 0.082383545 0.460063547 0.001745815 0.887884427 7.763313896
0.871756821 -0.010215414 -0.489832434 -2.381324767 0.009898028 0.999945137 -0.003238292 0.093393302 0.489839411 -0.002025257 0.871810731 8.127800058
0.863244777 -0.009498660 -0.504696189 -2.515386595 0.009755446 0.999949525 -0.002133697 0.098631951 0.504691347 -0.003081681 0.863294187 8.314625636
0.845272759 -0.008438964 -0.534268709 -2.799096123 0.009944321 0.999950768 -0.000061560 0.109121284 0.534242312 -0.005260869 0.845315228 8.689337229
0.825819153 -0.007926715 -0.563879520 -3.090704909 0.011036501 0.999936582 0.002106684 0.119769524 0.563827130 -0.007962945 0.825854485 9.045976059
0.815530241 -0.008082147 -0.578658072 -3.241778073 0.012018117 0.999923494 0.002971649 0.124774765 0.578589082 -0.009377806 0.815565526 9.220485700
0.793264280 -0.009611938 -0.608801968 -3.570454341 0.014829394 0.999883401 0.003535994 0.133342794 0.608697381 -0.011833091 0.793314315 9.587364517
0.770134190 -0.011020297 -0.637786277 -3.908674039 0.016928813 0.999851489 0.003165240 0.140281074 0.637656491 -0.013234548 0.770206879 9.935014107
0.758046952 -0.011663759 -0.652095826 -4.083442061 0.018326519 0.999826029 0.003420649 0.144573955 0.651942266 -0.014543624 0.758129263 10.104725177
0.732494948 -0.011777179 -0.680671318 -4.450981646 0.020090189 0.999789142 0.004320989 0.154058284 0.680476052 -0.016839886 0.732576805 10.443439751
0.705460555 -0.010459963 -0.708672151 -4.832087578 0.020278079 0.999779515 0.005429376 0.163870350 0.708458805 -0.018200684 0.705517560 10.759973948
0.690736713 -0.009980774 -0.723037512 -5.043689943 0.020417989 0.999775300 0.005704885 0.168686088 0.722818286 -0.018703537 0.690786154 10.927695201
0.661061557 -0.010059567 -0.750264384 -5.464108047 0.020586097 0.999776580 0.004733446 0.175488144 0.750048396 -0.018574125 0.661121641 11.240512819
0.630010879 -0.010201733 -0.776519349 -5.916499296 0.020940355 0.999773443 0.003854562 0.182939736 0.776303413 -0.018688995 0.630082202 11.554858899
0.614862437 -0.010042761 -0.788570477 -6.142500710 0.020599841 0.999781990 0.003329389 0.186408990 0.788365344 -0.018291460 0.614935551 11.699828821
0.585236730 -0.008816723 -0.810814568 -6.598348166 0.018711115 0.999821041 0.002633410 0.193878600 0.810646056 -0.016712394 0.585297100 11.974625314
0.556914944 -0.007316293 -0.830537618 -7.081299402 0.016817053 0.999855410 0.002468715 0.202724344 0.830398777 -0.015342043 0.556958136 12.254462950
0.543296811 -0.006849445 -0.839513232 -7.323484893 0.016390260 0.999862404 0.002449256 0.207234466 0.839380773 -0.015090492 0.543333981 12.387691620
0.517997635 -0.005707837 -0.855362866 -7.814344098 0.014344004 0.999894457 0.002014277 0.215599204 0.855261087 -0.013312772 0.518025321 12.649462464
0.493030931 -0.004753731 -0.869998983 -8.315701372 0.014604454 0.999889193 0.002812821 0.226225791 0.869889422 -0.014092651 0.493045821 12.903586700
0.480255339 -0.004384726 -0.877117505 -8.571630406 0.016027321 0.999864567 0.003777153 0.232570022 0.876982565 -0.015871749 0.480261241 13.026826448
0.452909373 -0.003149077 -0.891550852 -9.122947081 0.018314773 0.999815085 0.005772427 0.246014537 0.891368950 -0.018942939 0.452884026 13.281759731
0.424668922 -0.003020055 -0.905343289 -9.692916000 0.021241963 0.999752364 0.006628905 0.257676958 0.905098935 -0.022046322 0.424628313 13.523218376
0.410374486 -0.002395876 -0.911914144 -9.975587614 0.020985050 0.999755916 0.006816928 0.262884511 0.911675046 -0.021934094 0.410325176 13.627111693
0.383063538 -0.002970623 -0.923717267 -10.576403013 0.018869794 0.999811293 0.004609863 0.269418551 0.923528665 -0.019196148 0.383047896 13.846328273
0.357828768 -0.006691737 -0.933763433 -11.179502712 0.019166292 0.999816466 0.000179565 0.272113189 0.933590724 -0.017961083 0.357890888 14.051615440
0.345664280 -0.008454327 -0.938320877 -11.485100588 0.019042730 0.999816753 -0.001993372 0.273573245 0.938165280 -0.017179137 0.345761803 14.151325087
0.321088004 -0.011639218 -0.946978109 -12.096071914 0.021020224 0.999765117 -0.005160808 0.278456512 0.946815982 -0.018248542 0.321258017 14.338520549
0.295214757 -0.011298297 -0.955363981 -12.731256677 0.022661786 0.999731011 -0.004820373 0.289505454 0.955162352 -0.020227101 0.295391719 14.508061166
0.281857195 -0.010470675 -0.959399561 -13.052784804 0.023544283 0.999714215 -0.003993769 0.296129239 0.959167176 -0.021462689 0.282023387 14.583785575
0.255877701 -0.008193222 -0.966674804 -13.733669104 0.025212321 0.999680361 -0.001799332 0.310921654 0.966380275 -0.023911688 0.256003432 14.744853974
0.230340881 -0.005265686 -0.973095780 -14.433983226 0.025674199 0.999670077 0.000667806 0.326307201 0.972771409 -0.025137307 0.230400599 14.891838993
0.217974403 -0.004529807 -0.975943751 -14.774141273 0.026681755 0.999642952 0.001319419 0.332788668 0.975589925 -0.026327484 0.218018001 14.954073461
0.194463247 -0.003197767 -0.980905195 -15.460951444 0.026511732 0.999646203 0.001997011 0.344666152 0.980550915 -0.026393825 0.194479651 15.073859912
0.174042225 -0.002033852 -0.984736167 -16.156672269 0.026288147 0.999650900 0.002581472 0.356424709 0.984387170 -0.026336132 0.174035225 15.187195126
0.164959247 -0.000644960 -0.986300585 -16.508968749 0.025795505 0.999660705 0.003660563 0.363659330 0.985962267 -0.026045866 0.164920286 15.240623913
0.148275642 0.001895336 -0.988944561 -17.243103303 0.027129641 0.999613531 0.005983397 0.378911440 0.988574488 -0.027716918 0.148167075 15.350768434
0.131180553 0.002098542 -0.991356415 -17.981145096 0.029166674 0.999556269 0.005975302 0.390095280 0.990929538 -0.029698377 0.131061142 15.445812525
0.122544805 0.002593776 -0.992459443 -18.357138884 0.030217969 0.999522548 0.006343343 0.396437565 0.992002419 -0.030767445 0.122408851 15.494444420
0.104021530 0.002575445 -0.994571369 -19.108761858 0.031605896 0.999482849 0.005893759 0.406859290 0.994072783 -0.032047429 0.103887470 15.567318303
0.086475386 0.003323586 -0.996248774 -19.890726054 0.031960328 0.999470667 0.006108497 0.418819329 0.995740760 -0.032368653 0.086323757 15.642885508
0.077798136 0.003893579 -0.996961057 -20.277864435 0.031529980 0.999482010 0.006363850 0.424902780 0.996469960 -0.031929259 0.077635558 15.671102230
0.062128653 0.005506396 -0.998052826 -21.051934873 0.029412532 0.999539826 0.007345487 0.437703018 0.997634198 -0.029811563 0.061938419 15.715324252
0.049381639 0.005661223 -0.998763746 -21.862871777 0.026970692 0.999611321 0.006999512 0.448666434 0.998415701 -0.027283027 0.049211140 15.757578478
0.044209587 0.005247263 -0.999008406 -22.273712094 0.026109649 0.999638507 0.006405986 0.453517595 0.998681184 -0.026366961 0.044057697 15.781001481
0.035257613 0.004113595 -0.999370330 -23.071519721 0.025825144 0.999653494 0.005025842 0.462495897 0.999044379 -0.025986023 0.035139692 15.820453950
0.026139950 0.002845600 -0.999653828 -23.862654034 0.027281300 0.999620882 0.003558865 0.471203254 0.999286274 -0.027364939 0.026052937 15.852396052
0.021925483 0.002691581 -0.999756376 -24.262566074 0.027930625 0.999604085 0.003303734 0.476349063 0.999369179 -0.027996279 0.021841810 15.859030781
0.013760188 0.002975018 -0.999901106 -25.050229807 0.027853538 0.999606154 0.003357383 0.487497308 0.999517706 -0.027896943 0.013672261 15.881090900
0.006644774 0.002760630 -0.999974452 -25.845193641 0.027150840 0.999626861 0.002940031 0.497845616 0.999608779 -0.027169678 0.006567399 15.897879292
0.003938482 0.002924503 -0.999987731 -26.237613547 0.026736963 0.999637562 0.003028753 0.503374841 0.999634959 -0.026748545 0.003859123 15.897584124
-0.000139915 0.002500023 -0.999997252 -27.025096001 0.026108117 0.999656322 0.002495487 0.513316673 0.999659416 -0.026107657 -0.000205199 15.907449990
-0.002652523 0.001715967 -0.999995061 -27.832218003 0.026531333 0.999646081 0.001644896 0.522968334 0.999644333 -0.026526830 -0.002696544 15.915446229
-0.004064891 0.000951533 -0.999991189 -28.232953355 0.026848882 0.999638514 0.000841945 0.527129828 0.999631633 -0.026845217 -0.004088551 15.921503567
-0.006917559 -0.001500181 -0.999975374 -29.044973441 0.027139123 0.999630038 -0.001687501 0.533945179 0.999607439 -0.027150109 -0.006873694 15.926006814
-0.008863383 -0.004532661 -0.999950144 -29.851337737 0.028226539 0.999589881 -0.004781296 0.539761812 0.999562836 -0.028267525 -0.008731089 15.934625418
-0.009695960 -0.004621025 -0.999942043 -30.256106348 0.028177801 0.999590494 -0.004892671 0.545120896 0.999555987 -0.028223606 -0.009561561 15.937738696
-0.011024703 -0.003581688 -0.999933060 -31.070474142 0.027079596 0.999625645 -0.003879158 0.557962077 0.999572983 -0.027120520 -0.010922984 15.940425979
-0.011674415 0.000551784 -0.999931351 -31.898732732 0.025276762 0.999680639 0.000256480 0.576343438 0.999612454 -0.025272050 -0.011683996 15.945295264
-0.012565324 0.003261563 -0.999916404 -32.309104730 0.024983114 0.999683818 0.002946801 0.586550714 0.999608809 -0.024944010 -0.012642309 15.944257261
-0.015127685 0.007513966 -0.999857019 -33.128869997 0.024535601 0.999672788 0.007141355 0.604843428 0.999584281 -0.024424114 -0.015306366 15.930582119
-0.015693442 0.009487360 -0.999831755 -33.977620439 0.023257335 0.999688190 0.009120868 0.619820594 0.999606572 -0.023110237 -0.015908916 15.933024262
-0.016005520 0.009326908 -0.999828711 -34.402022473 0.022531191 0.999706154 0.008965045 0.625339446 0.999617997 -0.022383817 -0.016211204 15.934263715
-0.016470954 0.007734337 -0.999834137 -35.247421160 0.021531323 0.999740957 0.007378858 0.634028690 0.999632276 -0.021406169 -0.016632950 15.926905333
-0.017281623 0.006213758 -0.999831460 -36.114266065 0.020557990 0.999771549 0.005858026 0.643225333 0.999639280 -0.020453283 -0.017404491 15.928702239
-0.017486596 0.005566935 -0.999831730 -36.541918880 0.020284366 0.999780813 0.005211814 0.647926498 0.999641795 -0.020189791 -0.017596038 15.927603015
-0.017456185 0.005059025 -0.999834516 -37.406310592 0.020552639 0.999777138 0.004699845 0.658846255 0.999636444 -0.020467131 -0.017556124 15.931143572
-0.018298958 0.004632130 -0.999821534 -38.271314119 0.020230882 0.999785915 0.004261618 0.669794981 0.999627449 -0.020149274 -0.018387903 15.921891770
-0.018588303 0.004281197 -0.999817736 -38.699769965 0.020230778 0.999787643 0.003904916 0.675001628 0.999622883 -0.020154545 -0.018670970 15.920201252
-0.018007369 0.005022041 -0.999825424 -39.551175025 0.020947729 0.999769971 0.004644426 0.687982295 0.999618652 -0.020860375 -0.018107872 15.933107807
-0.019659479 0.006338376 -0.999787211 -40.377683702 0.021498493 0.999751226 0.005915361 0.701396656 0.999576028 -0.021377603 -0.019790184 15.926991087
-0.020154375 0.006552112 -0.999775881 -40.788923657 0.021452936 0.999750810 0.006119414 0.707340064 0.999566708 -0.021324748 -0.020289721 15.925406297
-0.020444674 0.005762321 -0.999774085 -41.624585246 0.020711881 0.999771343 0.005338733 0.717362520 0.999576905 -0.020598026 -0.020558693 15.925074396
-0.021611173 0.003370082 -0.999760820 -42.456039238 0.020024968 0.999794892 0.002937313 0.724471043 0.999566442 -0.019956643 -0.021673656 15.915497060
-0.022709301 0.002615529 -0.999738659 -42.864676433 0.020035183 0.999796936 0.002160501 0.728601470 0.999541488 -0.019980889 -0.022756551 15.903483408
-0.024368222 0.002613557 -0.999699729 -43.696074619 0.019761406 0.999802552 0.002132096 0.739809434 0.999507286 -0.019703493 -0.024414643 15.893867817
-0.024893228 0.002840016 -0.999686679 -44.515933258 0.019145544 0.999813282 0.002363631 0.751243083 0.999506862 -0.019080673 -0.024941864 15.880256684
-0.025101545 0.003064203 -0.999679682 -44.932841934 0.019399611 0.999807916 0.002577369 0.757235338 0.999496827 -0.019328674 -0.025155766 15.874565400
-0.026156790 0.003903015 -0.999650507 -45.785472393 0.019730437 0.999799641 0.003387255 0.770143961 0.999463437 -0.019634910 -0.026228219 15.861888450
-0.026528180 0.004945561 -0.999635345 -46.609557277 0.019288391 0.999803848 0.004434457 0.783121730 0.999462265 -0.019163691 -0.026617676 15.857535535
-0.026789521 0.005367459 -0.999627097 -47.019786379 0.019336634 0.999800771 0.004850132 0.789302977 0.999453590 -0.019199465 -0.026887646 15.844329590
-0.028385881 0.005878661 -0.999579916 -47.838019355 0.019792706 0.999789763 0.005317755 0.801165467 0.999401295 -0.019633387 -0.028496182 15.831887609
-0.029298829 0.005808087 -0.999553912 -48.642302192 0.019562355 0.999794900 0.005236064 0.811847181 0.999379238 -0.019400220 -0.029405638 15.817222943
-0.029607585 0.005515754 -0.999546045 -49.044449668 0.019551986 0.999796910 0.004937905 0.816743099 0.999370689 -0.019396891 -0.029709110 15.809894763
-0.029673736 0.005296033 -0.999545425 -49.862699114 0.019381033 0.999800439 0.004722009 0.827395753 0.999371750 -0.019232123 -0.029769966 15.797464072
-0.030727132 0.005092245 -0.999514586 -50.697144886 0.018739751 0.999814189 0.004517624 0.838189399 0.999352181 -0.018591836 -0.030816810 15.773300528
-0.031643144 0.005316328 -0.999485096 -51.967512914 0.018224883 0.999822051 0.004741131 0.855696018 0.999333366 -0.018065483 -0.031733303 15.754358728
-0.032817584 0.004613685 -0.999451209 -52.815933598 0.017621258 0.999836088 0.004036803 0.865850687 0.999305674 -0.017479075 -0.032893068 15.732434851
-0.033500348 0.004411814 -0.999428938 -53.240140605 0.017485325 0.999840068 0.003827488 0.871172988 0.999285513 -0.017347128 -0.033571857 15.721470626
-0.034065031 0.004952882 -0.999407824 -54.080434066 0.017288914 0.999840730 0.004365657 0.883391870 0.999270531 -0.017129909 -0.034144812 15.705393255
-0.034413181 0.005192374 -0.999394453 -54.920734877 0.017669550 0.999833007 0.004586163 0.895070826 0.999251879 -0.017500998 -0.034498707 15.689320922
-0.033949795 0.005481947 -0.999408650 -55.336831947 0.017819574 0.999828736 0.004878911 0.901187514 0.999264775 -0.017643390 -0.034041652 15.684215053
-0.032893690 0.005868955 -0.999442137 -56.146969277 0.018686561 0.999811443 0.005256092 0.912794533 0.999284444 -0.018503233 -0.032996337 15.677641226
-0.032283775 0.006586402 -0.999456510 -56.949000890 0.019954746 0.999783022 0.005943925 0.924885981 0.999279511 -0.019752017 -0.032407452 15.676928647
-0.032536950 0.006956593 -0.999446014 -57.329071276 0.020327801 0.999773627 0.006297023 0.930645339 0.999264341 -0.020111609 -0.032670889 15.673224473
-0.032159542 0.006704312 -0.999460235 -58.139223170 0.020292773 0.999775289 0.006053458 0.941182504 0.999276558 -0.020087205 -0.032288765 15.666660630
-0.031792877 0.006527987 -0.999473127 -58.957471935 0.020857562 0.999765342 0.005866345 0.951885152 0.999276892 -0.020660073 -0.031921580 15.654229473
-0.032028865 0.006681488 -0.999464695 -59.365474040 0.020991295 0.999761063 0.006010722 0.957696376 0.999266415 -0.020787469 -0.032160278 15.654992223
-0.032268003 0.006662021 -0.999457097 -60.205780703 0.021158270 0.999757776 0.005980917 0.968945391 0.999255487 -0.020953764 -0.032401177 15.638923903
-0.032424809 0.007123493 -0.999448868 -61.046076614 0.022091796 0.999734926 0.006408762 0.980984297 0.999230204 -0.021871795 -0.032573841 15.622848211
-0.032117843 0.007391496 -0.999456674 -61.476137434 0.022056912 0.999734666 0.006684689 0.987281896 0.999240796 -0.021830270 -0.032272367 15.619974359
-0.032067127 0.007129425 -0.999459781 -62.280424491 0.021779354 0.999741743 0.006432579 0.997653653 0.999248277 -0.021561320 -0.032214210 15.605312585
-0.032258391 0.006640325 -0.999457566 -63.104545171 0.021427324 0.999752552 0.005950662 1.008001780 0.999249877 -0.021223711 -0.032392293 15.600984210
-0.032473045 0.006646230 -0.999450498 -63.514783801 0.021047705 0.999760030 0.005964375 1.013483123 0.999251118 -0.020842449 -0.032604774 15.587784797
-0.032451027 0.006518310 -0.999452181 -64.346994138 0.020541538 0.999771458 0.005853393 1.024526660 0.999261960 -0.020340329 -0.032577931 15.577584163
-0.032685108 0.007010709 -0.999440814 -65.165226570 0.019684980 0.999785918 0.006369353 1.036429144 0.999271869 -0.019465812 -0.032815460 15.565141809
-0.033202054 0.007372761 -0.999421347 -65.581322142 0.019868265 0.999779422 0.006715368 1.042655817 0.999250832 -0.019633787 -0.033340230 15.560034914
-0.032805684 0.008018297 -0.999429062 -66.399551580 0.020319171 0.999766597 0.007354014 1.054778271 0.999255107 -0.020066344 -0.032960446 15.547590507
-0.032348496 0.009024553 -0.999436166 -67.203808556 0.019845709 0.999767596 0.008385162 1.067359726 0.999279184 -0.019563245 -0.032519834 15.532908113
-0.031923800 0.008714904 -0.999452514 -67.605956440 0.020081446 0.999765483 0.008076203 1.072225648 0.999288346 -0.019812596 -0.032091071 15.525580212
-0.031648253 0.008097665 -0.999466395 -68.394055745 0.020851038 0.999754495 0.007439731 1.081826499 0.999281736 -0.020604405 -0.031808594 15.522657171
-0.031691438 0.007588151 -0.999469312 -69.176287898 0.022196630 0.999729716 0.006886263 1.091431919 0.999251803 -0.021966619 -0.031850715 15.511634614
-0.031713913 0.007371096 -0.999469991 -69.578434012 0.023253842 0.999707735 0.006634972 1.096427823 0.999226350 -0.023031077 -0.031876021 15.504305500
-0.031430749 0.007247818 -0.999480013 -70.374619979 0.023907918 0.999693252 0.006497459 1.106944055 0.999220065 -0.023691198 -0.031594151 15.495508147
-0.031750130 0.007217149 -0.999470065 -71.142876813 0.023986966 0.999690941 0.006456679 1.117218447 0.999208279 -0.023769230 -0.031913403 15.482245643
-0.031577048 0.006894841 -0.999477764 -71.528828233 0.024207841 0.999688159 0.006131407 1.121953376 0.999208377 -0.024001571 -0.031733681 15.486650503
-0.031457360 0.006326549 -0.999485293 -72.266937784 0.024866486 0.999675570 0.005545106 1.130965994 0.999195980 -0.024679250 -0.031604395 15.482897607
-0.031620559 0.005907713 -0.999483013 -73.013142028 0.024815567 0.999678630 0.005123729 1.140304072 0.999192369 -0.024640715 -0.031756425 15.473275905
-0.031685959 0.005860276 -0.999480295 -73.393221941 0.024699746 0.999681347 0.005078360 1.145363526 0.999192916 -0.024525938 -0.031820269 15.469578263
-0.030733630 0.005539331 -0.999512732 -74.147521830 0.024776052 0.999681865 0.004778400 1.154957075 0.999220518 -0.024617110 -0.030861223 15.454088408
-0.031353248 0.005081548 -0.999495016 -74.885628523 0.024584228 0.999688781 0.004311313 1.164179664 0.999206412 -0.024436641 -0.031467977 15.450333553
-0.031304604 0.005059308 -0.999497535 -75.259843054 0.024689967 0.999686087 0.004286924 1.169113704 0.999205036 -0.024543361 -0.031418704 15.438537608
-0.030967387 0.004786664 -0.999509342 -75.997945119 0.024402802 0.999694388 0.004031485 1.178676246 0.999222620 -0.024265939 -0.031074119 15.434779581
-0.030721909 0.005041736 -0.999515578 -76.758096779 0.024799890 0.999683272 0.004280272 1.189395073 0.999219905 -0.024656354 -0.030836436 15.427378698
-0.030540333 0.005526727 -0.999518169 -77.132299197 0.024682487 0.999683898 0.004773462 1.195218991 0.999228942 -0.024524857 -0.030666252 15.415574448
-0.030279049 0.006092886 -0.999522758 -77.884345276 0.025003477 0.999673344 0.005336309 1.206412248 0.999229255 -0.024829914 -0.030421054 15.414034907
-0.029833920 0.006637292 -0.999533081 -78.630526789 0.025244412 0.999663813 0.005884599 1.217420098 0.999235828 -0.025057030 -0.029990795 15.404397623
-0.029577461 0.007034663 -0.999537858 -79.024559563 0.025264395 0.999661314 0.006287901 1.223460355 0.999243363 -0.025066779 -0.029745142 15.402924533
-0.029915252 0.007309693 -0.999525309 -79.770747338 0.024908337 0.999667992 0.006565157 1.234008268 0.999242647 -0.024700096 -0.030087137 15.393291541
-0.029764169 0.007649243 -0.999527981 -80.552958666 0.024846925 0.999667029 0.006910387 1.245143479 0.999248283 -0.024629498 -0.029943809 15.382254707
-0.029728287 0.007622097 -0.999528625 -80.941136403 0.024641069 0.999672312 0.006890240 1.250298425 0.999254759 -0.024424576 -0.029905608 15.372690405
-0.029566007 0.007877128 -0.999532294 -81.715250996 0.023920863 0.999687626 0.007170751 1.261258155 0.999276208 -0.023697624 -0.029744471 15.367520979
-0.028967710 0.007873923 -0.999548813 -82.469543672 0.024269953 0.999679368 0.007171553 1.271381632 0.999285437 -0.024051255 -0.029148895 15.352026178
-0.029038442 0.007702017 -0.999548225 -82.849626443 0.024113317 0.999684128 0.007002521 1.276231114 0.999287845 -0.023899128 -0.029214378 15.348330496
-0.028868485 0.007089689 -0.999558321 -83.595834634 0.023249218 0.999709356 0.006419224 1.285279232 0.999312676 -0.023053575 -0.029025265 15.338711500
-0.028977163 0.006232856 -0.999560662 -84.336183977 0.022935590 0.999721720 0.005568922 1.293722002 0.999316548 -0.022764187 -0.029111902 15.320998679
-0.029095432 0.006209344 -0.999557011 -84.702300140 0.023025369 0.999719202 0.005540079 1.298600544 0.999311905 -0.022853975 -0.029229721 15.315069021
-0.029187758 0.006553927 -0.999552337 -85.448486009 0.022199759 0.999736320 0.005906849 1.309288438 0.999327566 -0.022017436 -0.029324755 15.305434723
-0.029149032 0.007401729 -0.999547959 -86.194660444 0.022251938 0.999729523 0.006754082 1.320816218 0.999327444 -0.022044913 -0.029305737 15.295792587
-0.028839246 0.007607470 -0.999555087 -86.560770891 0.022100017 0.999731176 0.006971121 1.326114703 0.999339854 -0.021889121 -0.028998938 15.289859010
-0.027490441 0.007432808 -0.999594629 -87.312833848 0.021970322 0.999734632 0.006829557 1.336068129 0.999380711 -0.021773601 -0.027646744 15.288331039
-0.027938833 0.007146773 -0.999584429 -88.095060012 0.022008708 0.999736121 0.006532679 1.346113488 0.999367649 -0.021816985 -0.028088092 15.277304376
-0.027956849 0.006896307 -0.999585323 -88.494973141 0.022068144 0.999736910 0.006280075 1.351179309 0.999365809 -0.021883396 -0.028101180 15.283939852
-0.027037278 0.006212014 -0.999614965 -89.247048075 0.022034064 0.999741315 0.005616780 1.360252854 0.999391563 -0.021873696 -0.027166478 15.282420093
-0.026985667 0.005062673 -0.999623189 -89.979306127 0.022212057 0.999743004 0.004463599 1.368120197 0.999388480 -0.022083218 -0.027091030 15.270578411
-0.027091252 0.004831432 -0.999620777 -90.345427190 0.022472349 0.999738667 0.004222880 1.372638788 0.999379872 -0.022349411 -0.027192097 15.264652112
-0.027274523 0.004037304 -0.999619397 -91.061480204 0.022670383 0.999737432 0.003419150 1.381005053 0.999370530 -0.022568446 -0.027358434 15.264537313
-0.027021567 0.003293122 -0.999629211 -91.785630224 0.022952090 0.999732735 0.002672952 1.389526801 0.999371740 -0.022871295 -0.027089429 15.258555294
-0.027560069 0.003258267 -0.999614943 -92.129684951 0.022852787 0.999735141 0.002628529 1.394118941 0.999359037 -0.022771505 -0.027627760 15.256260374
-0.028052274 0.002609958 -0.999602839 -92.820041137 0.022654072 0.999741662 0.001974531 1.402223443 0.999349666 -0.022589685 -0.028104095 15.237715366
-0.027556037 0.002259344 -0.999617569 -93.514021688 0.022705843 0.999740851 0.001633594 1.411113194 0.999362308 -0.022652184 -0.027599454 15.241227747
-0.027416791 0.002591035 -0.999620831 -93.858067703 0.022866372 0.999736921 0.001964115 1.416345247 0.999362521 -0.022803793 -0.027467385 15.238926855
-0.027048362 0.003772928 -0.999627206 -94.546147484 0.022879649 0.999733002 0.003154241 1.427709230 0.999372247 -0.022785829 -0.027126850 15.234316672
