1.000000000 0.000000000 0.000000000 0.000000000 -0.000000000 1.000000000 0.000000000 0.000000000 0.000000000 -0.000000000 1.000000000 -0.000000000
0.999889934 0.000377218 0.014820818 0.027835482 -0.000385159 0.999999118 0.000536496 0.007226494 -0.014820256 -0.000542150 0.999890312 0.254705942
0.999110352 0.001843354 0.042138952 0.093225743 -0.001951706 0.999994028 0.002530760 0.023006656 -0.042134152 -0.002610824 0.999109022 0.766560029
0.997493090 0.003212883 0.070690301 0.175501963 -0.003512454 0.999985230 0.004115113 0.038180039 -0.070676202 -0.004353093 0.997489564 1.293072093
0.996349314 0.004682187 0.085249815 0.222711780 -0.005099095 0.999975338 0.004673223 0.045152503 -0.085225999 -0.005090861 0.996349074 1.552735185
0.993409026 0.005716029 0.114486429 0.331547769 -0.006388350 0.999963732 0.005506635 0.058987428 -0.114450969 -0.006201783 0.993409818 2.096398924
0.989958320 0.004690658 0.141284888 0.454787527 -0.005563705 0.999967601 0.005784798 0.072142669 -0.141253571 -0.006512786 0.989951469 2.664414468
0.988162426 0.004165270 0.153356929 0.518874914 -0.005112337 0.999969582 0.005782087 0.078128565 -0.153328136 -0.006497650 0.988153484 2.938745036
0.984467667 0.002964802 0.175543535 0.661488344 -0.004110045 0.999971869 0.006160777 0.090999793 -0.175519958 -0.006786527 0.984452516 3.511718480
0.980658318 0.001525025 0.195723576 0.816033288 -0.002763695 0.999977331 0.006056015 0.103568180 -0.195710211 -0.006479819 0.980639953 4.118726307
0.978731300 0.001325919 0.205142678 0.904221657 -0.002576032 0.999978939 0.005826767 0.109202123 -0.205130671 -0.006231390 0.978714326 4.419875881
0.975513316 0.001141549 0.219940667 1.068445268 -0.002447141 0.999980206 0.005663987 0.121258709 -0.219929415 -0.006063547 0.975496721 5.029371907
0.972634339 0.000723585 0.232341782 1.235157031 -0.002163059 0.999979997 0.005940991 0.133658051 -0.232332327 -0.006281109 0.972615684 5.629167356
0.971232200 0.000517734 0.238133988 1.323342088 -0.001933395 0.999981381 0.005711359 0.139142077 -0.238125774 -0.006007549 0.971215335 5.930320679
0.968740277 0.001058688 0.248076388 1.504422291 -0.002261917 0.999987029 0.004565448 0.149262625 -0.248069162 -0.004983895 0.968729724 6.554507930
0.966427947 0.001756485 0.256932134 1.695203903 -0.002837890 0.999988253 0.003838196 0.159900798 -0.256922385 -0.004438596 0.966421437 7.181157631
0.965432279 0.001958231 0.260648358 1.790584552 -0.002898650 0.999990067 0.003223682 0.164760141 -0.260639145 -0.003867834 0.965428772 7.494493981
0.963748181 0.001655386 0.266809984 1.986119531 -0.002534744 0.999992426 0.002951662 0.176509717 -0.266803020 -0.003520988 0.963744109 8.142975292
0.962771071 0.001914766 0.270310075 2.191323681 -0.002634147 0.999993588 0.002298880 0.187317733 -0.270304243 -0.002925365 0.962770716 8.793955550
0.962380382 0.002107879 0.271699548 2.281774173 -0.002818645 0.999992760 0.002225774 0.193580401 -0.271693234 -0.002907913 0.962379299 9.126640809
0.961859588 0.002517960 0.273533800 2.491763045 -0.003429142 0.999989345 0.002853090 0.206919029 -0.273523691 -0.003682282 0.961858030 9.799417179
0.961414606 0.003065200 0.275087409 2.699254048 -0.004006832 0.999987985 0.002861519 0.219475146 -0.275075579 -0.003853349 0.961415177 10.481905126
0.961125660 0.003359299 0.276093274 2.801659901 -0.004331443 0.999985969 0.002911418 0.226514372 -0.276080113 -0.003994170 0.961126441 10.848597771
0.960647555 0.003234704 0.277751158 3.030803922 -0.004323098 0.999985149 0.003306339 0.240194767 -0.277736903 -0.004377048 0.960646750 11.567559805
0.960577437 0.002083661 0.278004570 3.252532061 -0.003295076 0.999986669 0.003890193 0.255045671 -0.277992844 -0.004652966 0.960571745 12.315568575
0.960812619 0.001621834 0.277195293 3.362179876 -0.003060396 0.999983708 0.004757402 0.263559044 -0.277183086 -0.005419307 0.960802046 12.694391752
0.960950522 0.000985624 0.276718023 3.593622894 -0.002789138 0.999976814 0.006124136 0.279537235 -0.276704940 -0.006656939 0.960931474 13.444847725
0.961226903 0.000826768 0.275757406 3.822586370 -0.002970391 0.999968488 0.007356311 0.295562453 -0.275742835 -0.007890193 0.961198661 14.204994526
0.961362705 0.000464110 0.275285071 3.941908214 -0.002741271 0.999964315 0.007887524 0.303354143 -0.275271162 -0.008337397 0.961330182 14.586311152
0.961247129 -0.000510730 0.275689010 4.170839452 -0.001823704 0.999964377 0.008211355 0.317920174 -0.275682987 -0.008395922 0.961211768 15.346494450
0.961346452 -0.001619532 0.275338154 4.414215309 -0.000913759 0.999958425 0.009072284 0.333655490 -0.275341663 -0.008973276 0.961304325 16.130983307
0.961474567 -0.001968122 0.274886542 4.521375191 -0.000686934 0.999953885 0.009562175 0.341836102 -0.274892535 -0.009382697 0.961428983 16.519506811
0.961270534 -0.002057128 0.275600631 4.764721018 -0.000616666 0.999953114 0.009614532 0.356212176 -0.275607656 -0.009412123 0.961223618 17.304029665
0.961267975 -0.003044032 0.275598011 5.005553740 0.000690651 0.999962431 0.008635955 0.369116123 -0.275614312 -0.008111229 0.961234361 18.098281345
0.961054837 -0.003641502 0.276335701 5.129567565 0.001521776 0.999967475 0.007884687 0.375240763 -0.276356116 -0.007157202 0.961028684 18.501499073
0.960791425 -0.004635325 0.277235012 5.380078511 0.002905795 0.999973775 0.006649200 0.387612921 -0.277258848 -0.005583009 0.960778980 19.298239451
0.960386409 -0.004211982 0.278642158 5.632904794 0.002418470 0.999974058 0.006780212 0.403022463 -0.278662868 -0.005837819 0.960371364 20.126455271
0.960315893 -0.004494494 0.278878368 5.754500243 0.002493063 0.999967815 0.007531059 0.411962588 -0.278903106 -0.006536981 0.960297170 20.539294583
0.960484310 -0.004585771 0.278297220 6.007364947 0.002245836 0.999959343 0.008726168 0.429111161 -0.278325892 -0.007756373 0.960454886 21.367466906
0.960993738 -0.003879652 0.276541900 6.255291104 0.001093511 0.999946481 0.010228359 0.447283271 -0.276567174 -0.009527047 0.960947558 22.214997637
0.961297971 -0.003533593 0.275488132 6.384086118 0.000613945 0.999942482 0.010683888 0.455778612 -0.275510334 -0.010101326 0.961244702 22.640015476
0.961551042 -0.002778215 0.274614259 6.644077963 0.000134830 0.999953432 0.009644118 0.469204227 -0.274628690 -0.009236284 0.961505603 23.480448320
0.961918512 -0.002120314 0.273329526 6.901570835 -0.000056210 0.999968130 0.007954986 0.481797359 -0.273337375 -0.007667471 0.961887967 24.330593990
0.961843861 -0.001919725 0.273591476 7.030322128 -0.000053679 0.999973761 0.007205357 0.488313803 -0.273598144 -0.006945128 0.961818849 24.755661325
0.961516574 -0.002871143 0.274731622 7.307258227 0.000910817 0.999973072 0.007262692 0.503771168 -0.274744922 -0.006732999 0.961493974 25.610686151
0.961440503 -0.003726641 0.274987902 7.574535092 0.001566272 0.999965953 0.008075349 0.520619845 -0.275008516 -0.007333274 0.961413720 26.463200779
0.961262497 -0.004224210 0.275603836 7.713000160 0.002095316 0.999965017 0.008018230 0.528213603 -0.275627795 -0.007130138 0.961238265 26.890716567
0.961824321 -0.005031847 0.273623546 7.975246840 0.003319737 0.999971231 0.006719733 0.541938127 -0.273649759 -0.005554949 0.961813017 27.762693345
0.962233838 -0.004401428 0.272188522 8.237499261 0.002993947 0.999979185 0.005585856 0.555922506 -0.272208305 -0.004560037 0.962227734 28.634663625
0.962538787 -0.004069746 0.271112686 8.378250962 0.002485741 0.999977852 0.006186032 0.565254371 -0.271131818 -0.005280462 0.962527197 29.093687350
0.962083229 -0.003655583 0.272731053 8.647851334 0.001375690 0.999962437 0.008550462 0.585510225 -0.272751661 -0.007851123 0.962052411 29.977668171
0.962209586 -0.003087184 0.272293407 8.931876452 0.000105815 0.999939159 0.010962988 0.606035864 -0.272310792 -0.010519887 0.962151641 30.885977048
0.962385839 -0.002522569 0.271676408 9.058205173 -0.000656604 0.999931884 0.011610487 0.615177899 -0.271686872 -0.011352135 0.962319052 31.320670717
0.962079142 -0.001792242 0.272766230 9.334955429 -0.001632372 0.999921916 0.012327880 0.632740222 -0.272766845 -0.012305630 0.962001356 32.216886310
0.962313923 -0.000945870 0.271940001 9.601951501 -0.002216539 0.999933423 0.011321839 0.647396248 -0.271933119 -0.011498003 0.962247580 33.110699197
0.962296523 -0.000412778 0.272003590 9.737916272 -0.002571118 0.999940288 0.010613443 0.654097557 -0.271991746 -0.010912656 0.962238043 33.547929311
0.962392195 0.000204585 0.271664600 9.997692905 -0.002866040 0.999950850 0.009399918 0.668298869 -0.271649526 -0.009825027 0.962346630 34.429586169
0.962533063 0.000990591 0.271163857 10.267179559 -0.003513234 0.999954123 0.008817581 0.683407591 -0.271142467 -0.009439918 0.962492639 35.313695728
0.962248763 0.001456228 0.272168257 10.403156695 -0.003890708 0.999957163 0.008405417 0.690668588 -0.272144193 -0.009147072 0.962213564 35.750911843
0.962180138 0.002606881 0.272403987 10.665439588 -0.004986266 0.999955002 0.008042972 0.706032198 -0.272370792 -0.009097159 0.962149628 36.622847625
0.962154996 0.004496520 0.272466638 10.927756265 -0.007103178 0.999937894 0.008581574 0.722924957 -0.272410413 -0.010192190 0.962127437 37.494745161
0.962223077 0.004801330 0.272222173 11.054079024 -0.007551155 0.999929762 0.009054557 0.731797143 -0.272159351 -0.010768104 0.962191949 37.929445579
0.962364242 0.005166849 0.271713950 11.321142444 -0.008137857 0.999918620 0.009808733 0.749501471 -0.271641680 -0.011650784 0.962328118 38.823182222
0.962490931 0.005378520 0.271260442 11.580957498 -0.008294859 0.999918825 0.009605802 0.765441815 -0.271186312 -0.011495629 0.962458042 39.704795584
0.962382730 0.005166090 0.271649622 11.716940596 -0.008009477 0.999923326 0.009359506 0.772972661 -0.271581003 -0.011183265 0.962350238 40.142004949
0.962276663 0.004695236 0.272034096 11.983974427 -0.007503992 0.999927885 0.009285819 0.789337736 -0.271970539 -0.010976881 0.962243168 41.035775090
0.962183400 0.003426666 0.272381922 12.253505464 -0.006341058 0.999930923 0.009819994 0.806455338 -0.272329459 -0.011175895 0.962139078 41.919834404
0.962137604 0.002744917 0.272552154 12.394245241 -0.005698814 0.999932880 0.010046976 0.815247504 -0.272506439 -0.011219804 0.962088872 42.378871628
0.961994257 0.001335799 0.273068108 12.661296074 -0.004341755 0.999935642 0.010403795 0.832382150 -0.273036925 -0.011193991 0.961938173 43.272622520
0.961897597 0.000676949 0.273410258 12.940492087 -0.003651898 0.999938662 0.010371951 0.848368297 -0.273387374 -0.010975179 0.961841725 44.159185532
0.961806871 0.000681982 0.273731269 13.076485343 -0.003667504 0.999938878 0.010395217 0.856358888 -0.273707453 -0.011002090 0.961750578 44.596383399
0.962192263 0.000692377 0.272372242 13.333824609 -0.003599625 0.999941445 0.010174491 0.872516164 -0.272349282 -0.010770282 0.962138129 45.487683339
0.962177902 0.001364261 0.272419654 13.603335332 -0.004308196 0.999937952 0.010208910 0.888714278 -0.272389053 -0.010996488 0.962124404 46.371765651
0.962053118 0.001890828 0.272855490 13.736852358 -0.004853374 0.999936209 0.010183210 0.896901813 -0.272818277 -0.011121093 0.962001105 46.818650596
0.962179304 0.002585763 0.272405525 13.999171464 -0.005739127 0.999925488 0.010780266 0.913904510 -0.272357219 -0.011935949 0.962121865 47.690545381
0.961792671 0.003103831 0.273762872 14.273432241 -0.006380347 0.999917383 0.011078974 0.931064111 -0.273705359 -0.012402451 0.961733559 48.596463052
0.961778202 0.003409768 0.273810238 14.414169810 -0.006752106 0.999913597 0.011265343 0.939756332 -0.273748254 -0.012683618 0.961717230 49.055502776
0.961695296 0.003353812 0.274100449 14.698137738 -0.006943902 0.999901736 0.012128547 0.957693414 -0.274033054 -0.013567282 0.961624475 49.963876398
0.961915902 0.002813435 0.273331267 14.962707704 -0.006434929 0.999902789 0.012354091 0.974815121 -0.273270535 -0.013642475 0.961840289 50.867319618
0.961846864 0.003071069 0.273573106 15.105902734 -0.006635182 0.999904726 0.012103973 0.982460872 -0.273509198 -0.013457458 0.961775503 51.316693512
0.961757929 0.002850920 0.273888490 15.387335476 -0.006194254 0.999915881 0.011343072 0.997926385 -0.273832489 -0.012605894 0.961694567 52.234820957
0.961601940 0.001999746 0.274443218 15.671263658 -0.005256770 0.999924117 0.011133131 1.014064468 -0.274399808 -0.012148391 0.961539138 53.143239575
0.961766907 0.001261832 0.273866204 15.812004097 -0.004558426 0.999923775 0.011401325 1.022886618 -0.273831812 -0.012213805 0.961700511 53.602276050
0.961879818 0.000631571 0.273472366 16.083764355 -0.003792086 0.999931907 0.011028732 1.039143775 -0.273447508 -0.011645344 0.961816805 54.517908297
0.962019676 -0.000144490 0.272981846 16.360265395 -0.002889549 0.999937823 0.010712280 1.055942652 -0.272966531 -0.011094236 0.961959340 55.455386401
0.961961667 -0.000959221 0.273182670 16.500997443 -0.002049549 0.999940162 0.010728474 1.064385012 -0.273176442 -0.010880324 0.961901726 55.914432375
0.961977239 -0.001719149 0.273124030 16.782487154 -0.001470689 0.999932953 0.011474269 1.082429088 -0.273125158 -0.011439763 0.961910349 56.832495326
0.961867848 -0.002492310 0.273504495 17.054284951 -0.000840248 0.999926103 0.012066811 1.100385299 -0.273514210 -0.011836557 0.961795255 57.748085076
0.961866911 -0.003044880 0.273502634 17.204700965 -0.000254221 0.999927283 0.012026468 1.108555726 -0.273518991 -0.011637418 0.961796016 58.209613249
0.961912872 -0.003157552 0.273339927 17.483681545 -0.000086206 0.999929042 0.011854465 1.125307575 -0.273357515 -0.011426596 0.961844394 59.137400525
0.961794833 -0.002911594 0.273757150 17.769876266 -0.000309615 0.999931284 0.011722790 1.142274273 -0.273773197 -0.011359702 0.961726817 60.077349830
0.961864706 -0.001988765 0.273517316 17.920287422 -0.001228382 0.999931792 0.011590297 1.150224822 -0.273521700 -0.011484339 0.961796617 60.538883502
0.962056308 0.000474517 0.272850930 18.192037302 -0.003616387 0.999931982 0.011012212 1.166012241 -0.272827504 -0.011581074 0.961993112 61.454527498
0.962003373 0.002087891 0.273029796 18.473484176 -0.005195802 0.999929020 0.010660867 1.182117397 -0.272987764 -0.011674481 0.961946319 62.372638945
0.962112896 0.003461151 0.272630059 18.604513711 -0.006520996 0.999924930 0.010318087 1.189992160 -0.272573249 -0.011705077 0.962063289 62.829223717
0.962506717 0.006896779 0.271170872 18.885712252 -0.009704542 0.999911976 0.009014725 1.205373848 -0.271084338 -0.011308399 0.962489420 63.788596675
0.962718891 0.003772211 0.270480258 19.176653935 -0.006468526 0.999937456 0.009078244 1.223162110 -0.270428225 -0.010489449 0.962682774 64.750384838
0.962610755 0.001089004 0.270887590 19.314943097 -0.003913549 0.999943501 0.009887237 1.233310574 -0.270861498 -0.010577744 0.962560679 65.219080144
0.962645372 0.002911390 0.270752898 19.598675498 -0.005865988 0.999931827 0.010104035 1.251103865 -0.270705033 -0.011314886 0.962596035 66.168700778
0.962754781 0.000516623 0.270377579 19.884813029 -0.002904783 0.999959993 0.008432463 1.265482005 -0.270362062 -0.008903844 0.962717643 67.108714827
0.962969119 -0.001479502 0.269608193 20.023033518 -0.000551538 0.999971424 0.007457211 1.272522201 -0.269611217 -0.007329779 0.962941304 67.577487877
0.963620907 0.001002382 0.267271387 20.301886328 -0.003694705 0.999946606 0.009570766 1.294007543 -0.267248109 -0.010210069 0.963573361 68.546400175
0.963386086 0.004201544 0.268087149 20.587888360 -0.007120346 0.999924652 0.009916383 1.312769370 -0.268025005 -0.011462234 0.963343677 69.527547996
0.963449334 0.005607701 0.267833429 20.721139387 -0.008162479 0.999930554 0.008425966 1.319433883 -0.267767289 -0.010304197 0.963428841 70.015714451
0.963854751 0.007542391 0.266322338 20.997340203 -0.009421206 0.999938487 0.005777859 1.333160600 -0.266262142 -0.008078070 0.963866415 70.994512812
0.963851684 0.007715756 0.266329037 21.288275924 -0.009584581 0.999937012 0.005717937 1.350679013 -0.266268243 -0.008063888 0.963864801 71.956307724
0.963922728 0.006687449 0.266098427 21.424095701 -0.008786527 0.999938438 0.006698715 1.361334248 -0.266037068 -0.008795202 0.963922447 72.434682359
0.964012867 0.003946866 0.265825430 21.710153377 -0.006425995 0.999943313 0.008457111 1.382614673 -0.265776635 -0.009860990 0.963983632 73.415767186
0.964197125 0.000597346 0.265187914 21.988975495 -0.003258411 0.999947916 0.009594847 1.402710788 -0.265168922 -0.010115430 0.964148326 74.384714231
0.964090636 -0.000412494 0.265575308 22.136923670 -0.002243619 0.999950454 0.009698260 1.411457948 -0.265565918 -0.009945894 0.964040704 74.855919984
0.964251584 -0.001420399 0.264986948 22.418191104 -0.001305798 0.999947946 0.010111835 1.429957899 -0.264987704 -0.010096426 0.964198852 75.815214948
0.964134524 -0.001077885 0.265413301 22.709118435 -0.001585942 0.999950522 0.009822157 1.447096523 -0.265410690 -0.009890880 0.964084320 76.777019360
0.964244226 -0.000391528 0.265017798 22.842402143 -0.002121621 0.999954886 0.009196636 1.455240211 -0.265008975 -0.009430172 0.964199681 77.265148818
0.964315281 0.000248022 0.264755544 23.126054390 -0.002254294 0.999970240 0.007274017 1.469405524 -0.264746167 -0.007611332 0.964287655 78.214860195
0.964257828 0.000018743 0.264966240 23.409810860 -0.002239974 0.999964941 0.008080917 1.488288208 -0.264956438 -0.008385725 0.964223812 79.164453582
0.964177775 0.000025219 0.265257497 23.548096268 -0.002457763 0.999957092 0.008838438 1.498266767 -0.265245908 -0.009173849 0.964136629 79.633153137
0.964107631 -0.000704689 0.265509856 23.824672824 -0.002160355 0.999942158 0.010498840 1.518483739 -0.265502175 -0.010695687 0.964051069 80.570545748
0.964021948 -0.002601666 0.265811327 24.115661982 -0.000553995 0.999929453 0.011796274 1.538420805 -0.265823190 -0.011519201 0.963953042 81.532280165
0.964071549 -0.002868359 0.265627586 24.251468069 -0.000447536 0.999921961 0.012421687 1.548456385 -0.265643408 -0.012094299 0.963995351 82.010670299
0.963848206 -0.003678995 0.266428100 24.539933082 0.000387296 0.999922845 0.012406581 1.566421603 -0.266454017 -0.011854928 0.963774895 82.982146040
0.963779024 -0.004852501 0.266658129 24.828325447 0.002136306 0.999941979 0.010475272 1.581098652 -0.266693616 -0.009526274 0.963733848 83.953704025
0.963636493 -0.004504167 0.267180888 24.971273026 0.002119419 0.999954653 0.009213124 1.588060913 -0.267210687 -0.008311867 0.963602509 84.444338430
0.963583365 -0.005163504 0.267358011 25.254943822 0.003212270 0.999964142 0.007735170 1.603065757 -0.267387865 -0.006594707 0.963566059 85.394028809
0.963822419 -0.006391735 0.266469399 25.545866957 0.004603205 0.999962027 0.007335990 1.620014487 -0.266506209 -0.005844033 0.963814915 86.355837970
0.963852916 -0.006547444 0.266355737 25.681637935 0.004850213 0.999963475 0.007029581 1.628460953 -0.266392408 -0.005483631 0.963848966 86.834267851
0.963747284 -0.006382024 0.266741641 25.962890795 0.004669423 0.999964086 0.007054308 1.646301272 -0.266777315 -0.005553116 0.963742342 87.793579313
0.963705330 -0.005285134 0.266916700 26.251364198 0.003455459 0.999967291 0.007324335 1.664646278 -0.266945973 -0.006136231 0.963692049 88.765045555
0.963724017 -0.004046690 0.266871328 26.396814726 0.002298144 0.999973311 0.006863980 1.672620921 -0.266892297 -0.006001672 0.963707994 89.245962635
0.963817400 -0.001430934 0.266559072 26.685173969 0.000337534 0.999990902 0.004147904 1.685798805 -0.266562586 -0.003907909 0.963809583 90.217558116
0.963753925 0.000526426 0.266794097 26.973544033 -0.001010561 0.999997219 0.001677508 1.699466417 -0.266792519 -0.001886379 0.963752264 91.189141349
0.963944501 0.000869145 0.266103369 27.116518993 -0.001225033 0.999998425 0.001171658 1.707667987 -0.266102229 -0.001455432 0.963943424 91.679744757
0.964149582 0.001672625 0.265355050 27.395300923 -0.002100490 0.999996109 0.001328536 1.725945116 -0.265351831 -0.001838359 0.964150151 92.648737299
0.964156539 0.000424413 0.265335512 27.674111117 -0.001038609 0.999996331 0.002174317 1.745501533 -0.265334076 -0.002372008 0.964153307 93.617697843
0.964322722 -0.000620447 0.264728292 27.819621484 -0.000253321 0.999994276 0.003266545 1.756184667 -0.264729197 -0.003217104 0.964317842 94.098547178
0.964216419 -0.002161784 0.265110736 28.108145674 0.000915870 0.999987545 0.004823063 1.776828392 -0.265117455 -0.004407687 0.964205712 95.069955925
0.964021475 -0.002951169 0.265811196 28.394195842 0.001302816 0.999978123 0.006377431 1.797769006 -0.265824474 -0.005801672 0.964004513 96.051049251
0.964100046 -0.003468455 0.265517536 28.539686336 0.001685023 0.999974393 0.006944454 1.807552641 -0.265535260 -0.006247708 0.964081454 96.531921084
0.963826066 -0.004377034 0.266497760 28.828203680 0.002245172 0.999962523 0.008303542 1.827886539 -0.266523856 -0.007404838 0.963799727 97.503337580
0.963479614 -0.004415865 0.267745022 29.126348021 0.002333107 0.999964093 0.008096664 1.845369939 -0.267770501 -0.007176385 0.963455589 98.477300770
0.963428558 -0.004671744 0.267925953 29.269342854 0.002601500 0.999963926 0.008081601 1.854471009 -0.267953885 -0.007089030 0.963405210 98.967881680
0.963482414 -0.004438071 0.267736220 29.567500444 0.002307924 0.999963226 0.008270552 1.872554075 -0.267762818 -0.007350650 0.963456270 99.941829872
0.963278885 -0.004421076 0.268467408 29.863177608 0.002286638 0.999962985 0.008262500 1.890644191 -0.268493590 -0.007345269 0.963252995 100.925469892
0.963170331 -0.004666998 0.268854029 30.006166259 0.002590802 0.999963973 0.008076846 1.899465416 -0.268881719 -0.007082966 0.963146808 101.416057801
0.962820659 -0.005389564 0.270090059 30.313980875 0.003517563 0.999966279 0.007414578 1.916057228 -0.270120827 -0.006188898 0.962806534 102.392518689
0.962652966 -0.005303828 0.270685997 30.602431534 0.003528109 0.999968410 0.007046094 1.933372807 -0.270715381 -0.005827965 0.962641711 103.364010679
0.962522128 -0.005407107 0.271151144 30.757594732 0.003581888 0.999966789 0.007226013 1.942374792 -0.271181035 -0.005983990 0.962509270 103.847377461
0.961973487 -0.006248364 0.273070345 31.055769324 0.004286012 0.999960062 0.007782271 1.961227430 -0.273108470 -0.006315991 0.961962318 104.821306404
0.961785693 -0.006111429 0.273736751 31.356402481 0.004080786 0.999959822 0.007986889 1.979083569 -0.273774857 -0.006564649 0.961771081 105.785568267
0.961377327 -0.005425068 0.275182671 31.821835768 0.003620108 0.999967846 0.007066607 2.003540945 -0.275212558 -0.005797585 0.961365328 107.235732356
0.961425688 -0.004920027 0.275023484 32.112760891 0.003190798 0.999971702 0.006734663 2.020579625 -0.275048679 -0.005597336 0.961414346 108.197539267
0.961473214 -0.004976315 0.274855123 32.260707520 0.003221543 0.999970717 0.006835207 2.029256823 -0.274881562 -0.005686443 0.961461186 108.668746770
0.961189176 -0.004841060 0.275848701 32.561331182 0.003090653 0.999972287 0.006779851 2.046683201 -0.275873227 -0.005664226 0.961177701 109.633019382
0.961088328 -0.005266387 0.276193072 32.845052543 0.003568469 0.999971149 0.006649598 2.063976771 -0.276220311 -0.005405354 0.961078642 110.582652515
0.960985176 -0.006148626 0.276531572 33.288952935 0.003951161 0.999955793 0.008503009 2.092746840 -0.276572294 -0.007078645 0.960966835 111.996206529
0.960799142 -0.006815206 0.277161626 33.592086389 0.004385960 0.999945460 0.009383976 2.111495428 -0.277210354 -0.007800520 0.960777587 112.950754065
0.960776721 -0.006886680 0.277237694 33.744766513 0.004472190 0.999945696 0.009340393 2.120384530 -0.277286875 -0.007734219 0.960756020 113.443815674
0.960740249 -0.007199984 0.277357161 34.045385316 0.004846280 0.999946299 0.009170974 2.137591031 -0.277407819 -0.007466814 0.960722551 114.408093786
0.960706321 -0.006816858 0.277484068 34.336295203 0.004662209 0.999953520 0.008424303 2.153940094 -0.277528556 -0.006799701 0.960693190 115.369917946
0.960849956 -0.006028045 0.277005866 34.479282749 0.003892225 0.999957649 0.008259450 2.162711348 -0.277043873 -0.006857905 0.960833192 115.860507105
0.960853379 -0.005254323 0.277007958 34.770195286 0.003275940 0.999965037 0.007604302 2.179180345 -0.277038562 -0.006399134 0.960837289 116.822328265
0.960711691 -0.005833854 0.277486636 35.066083466 0.003869827 0.999963508 0.007625480 2.196304869 -0.277521480 -0.006252128 0.960698716 117.764749020
0.960662541 -0.005832388 0.277656535 35.204356509 0.003742072 0.999960234 0.008057698 2.205723740 -0.277692232 -0.006701750 0.960646262 118.233462574
0.960517276 -0.004828913 0.278177377 35.495506338 0.002673026 0.999963014 0.008128751 2.222416483 -0.278206659 -0.007064307 0.960495247 119.154034721
0.960542593 -0.004256292 0.278101046 35.781669040 0.002355773 0.999971232 0.007167812 2.237933988 -0.278123348 -0.006229967 0.960524824 120.094020273
0.960630482 -0.003794115 0.277803193 35.929593147 0.002016276 0.999975231 0.006685057 2.245591755 -0.277822021 -0.005861830 0.960614290 120.565253274
0.960621616 -0.002786797 0.277848199 36.215775502 0.001094309 0.999979126 0.006246391 2.261998764 -0.277860041 -0.005696416 0.960605160 121.505216577
0.960387156 -0.001350450 0.278666733 36.504423708 -0.000212583 0.999984394 0.005578895 2.277739092 -0.278669788 -0.005417107 0.960371101 122.435504551
0.960254060 -0.000801764 0.279128213 36.652364376 -0.000767998 0.999983970 0.005514241 2.286146440 -0.279127669 -0.005509462 0.960237993 122.906718803
0.959845572 -0.000663327 0.280529600 36.950730994 -0.000959496 0.999983395 0.005647743 2.303173965 -0.280528220 -0.005690196 0.959828830 123.839449979
0.959933142 -0.000692537 0.280231054 37.239418726 -0.001038014 0.999981376 0.006027260 2.320703296 -0.280229812 -0.006076755 0.959913368 124.769693207
0.959943616 -0.000650706 0.280192616 37.377687794 -0.001180748 0.999978288 0.006367440 2.329942267 -0.280190751 -0.006443275 0.959923065 125.238411261
0.959810365 -0.000549595 0.280650156 37.666421675 -0.001753380 0.999965959 0.007954602 2.349560434 -0.280645046 -0.008127002 0.959777550 126.168602242
0.960005033 -0.000434810 0.279982875 37.955139878 -0.002217361 0.999955329 0.009155975 2.368468996 -0.279973942 -0.009410678 0.959961601 127.098810973
0.960009628 -0.000268962 0.279966905 38.095867510 -0.002368317 0.999955388 0.009081912 2.376711469 -0.279956782 -0.009381839 0.959967020 127.557861946
0.960005828 -0.000470978 0.279980181 38.398925006 -0.001838569 0.999965856 0.007986330 2.392021972 -0.279973993 -0.008181674 0.959973020 128.512495475
0.959758867 -0.000192183 0.280826833 38.687539207 -0.001669216 0.999978225 0.006389108 2.406223157 -0.280821863 -0.006600802 0.959737474 129.442821946
0.959968897 -0.000155954 0.280106763 38.837951909 -0.001675063 0.999978574 0.006297612 2.414243667 -0.280102022 -0.006514838 0.959947674 129.904353869
0.959910907 -0.000748156 0.280304441 39.129128014 -0.001273874 0.999973854 0.007031409 2.432125748 -0.280302607 -0.007106678 0.959885844 130.824896269
0.959582977 -0.001423756 0.281422934 39.417849972 -0.000940206 0.999964541 0.008265180 2.451204216 -0.281425047 -0.008195799 0.959548285 131.755100750
0.959668899 -0.001548965 0.281130166 39.565802784 -0.000885251 0.999963282 0.008531844 2.460161258 -0.281132184 -0.008436738 0.959631563 132.226301253
0.959949377 -0.001073540 0.280172073 39.859297610 -0.001211593 0.999966638 0.007982846 2.475975501 -0.280170780 -0.008002624 0.959916826 133.157825077
0.960072264 0.000056681 0.279751678 40.146961477 -0.002079624 0.999973763 0.006934491 2.491021424 -0.279744150 -0.007239445 0.960047051 134.087882879
0.960152531 0.000414780 0.279475814 40.291010938 -0.002308289 0.999975976 0.006446308 2.498739991 -0.279466753 -0.006834648 0.960130942 134.558124200
0.960190983 0.000795978 0.279344172 40.594111492 -0.002721193 0.999974285 0.006504295 2.515999408 -0.279331722 -0.007005580 0.960168847 135.512708983
0.960539709 0.001158352 0.278142051 40.878909341 -0.003092195 0.999973487 0.006514376 2.532899924 -0.278127447 -0.007117432 0.960518159 136.441977779
0.960615337 0.001165682 0.277880201 41.017700313 -0.003083118 0.999973616 0.006463633 2.541202779 -0.277865751 -0.007065794 0.960594284 136.900532163
0.960560908 0.001356879 0.278066313 41.300677498 -0.003366369 0.999971556 0.006749377 2.558155618 -0.278049607 -0.007419280 0.960538072 137.808682863
0.960565605 0.000843816 0.278052378 41.594790060 -0.003281148 0.999960218 0.008300754 2.577371330 -0.278034499 -0.008885834 0.960530322 138.729934526
0.960554261 -0.000049502 0.278093812 41.740813719 -0.002484054 0.999958498 0.008758242 2.586728566 -0.278082483 -0.009103662 0.960513458 139.200629940
0.960668548 -0.000522268 0.277699210 42.029070813 -0.002106283 0.999955737 0.009167180 2.604066576 -0.277691079 -0.009391627 0.960624184 140.120443328
0.960755556 -0.000595958 0.277397369 42.314393878 -0.001933713 0.999958281 0.008845665 2.620180892 -0.277391218 -0.009034984 0.960714916 141.039544705
0.960818813 -0.000304231 0.277178977 42.458016675 -0.002134107 0.999960864 0.008495318 2.627888037 -0.277170662 -0.008754025 0.960780350 141.499351687
0.961039686 0.000713186 0.276412192 42.738370058 -0.002936185 0.999966673 0.007628653 2.643616676 -0.276396795 -0.008143117 0.961008575 142.437846719
0.961184238 0.000467040 0.275907628 43.028499044 -0.003095205 0.999953896 0.009090171 2.663221071 -0.275890337 -0.009591417 0.961141549 143.378720209
0.960974974 0.000568840 0.276636078 43.180342401 -0.003398493 0.999946695 0.009749738 2.672836912 -0.276615994 -0.010309467 0.960925368 143.850894394
0.960952279 0.001502658 0.276712996 43.474322626 -0.004614130 0.999932394 0.010593364 2.691321096 -0.276678489 -0.011456493 0.960894374 144.792786061
0.960892144 0.002018317 0.276916842 43.764377640 -0.005006834 0.999936484 0.010085341 2.707577355 -0.276879033 -0.011077485 0.960841211 145.733743295
0.961046034 0.002259772 0.276379656 43.902616015 -0.005119361 0.999940457 0.009625406 2.715427100 -0.276341670 -0.010665367 0.960999973 146.202496095
0.961309505 0.002604325 0.275458586 44.187420930 -0.005522146 0.999936505 0.009817788 2.732647437 -0.275415309 -0.010959071 0.961262673 147.131756892
0.961129424 0.001623155 0.276095164 44.480929005 -0.004432297 0.999944072 0.009550567 2.749061347 -0.276064701 -0.010403102 0.961082411 148.063265717
0.961246382 0.001387405 0.275690228 44.624994585 -0.004162065 0.999945867 0.009479460 2.757509507 -0.275662089 -0.010259553 0.961200051 148.533488790
0.961041830 0.001955880 0.276395828 44.912237750 -0.004532448 0.999951857 0.008683378 2.772813858 -0.276365899 -0.009597920 0.961004071 149.453105504
0.961246296 0.001500505 0.275688622 45.192706909 -0.003879268 0.999959866 0.008083636 2.788524442 -0.275664585 -0.008839909 0.961213519 150.370979280
0.961508348 0.001393816 0.274774149 45.327622351 -0.003742467 0.999960638 0.008023739 2.796848120 -0.274752031 -0.008743279 0.961475312 150.828542984
0.961512613 0.000958154 0.274759102 45.611028409 -0.003346249 0.999960190 0.008223003 2.813912325 -0.274740371 -0.008825957 0.961477751 151.747125522
0.961693638 0.000050891 0.274127216 45.893387346 -0.002653013 0.999954376 0.009121896 2.832698843 -0.274114423 -0.009499798 0.961650172 152.686039150
0.961842786 -0.000199772 0.273603878 46.032190683 -0.002466159 0.999952503 0.009399993 2.841561387 -0.273592612 -0.009716079 0.961796042 153.144579535
0.961903843 0.000070780 0.273389181 46.317515515 -0.002668196 0.999954658 0.009129152 2.857755659 -0.273375665 -0.009510937 0.961859983 154.063678912
0.961695662 0.000178678 0.274121131 46.604648425 -0.002515468 0.999963310 0.008173152 2.873327926 -0.274109862 -0.008549679 0.961660149 155.003910633
0.961781524 0.000240604 0.273817831 46.750194634 -0.002372321 0.999969217 0.007454035 2.880375021 -0.273807326 -0.007818780 0.961752370 155.464229204
0.961978787 0.000379407 0.273125497 47.030572969 -0.002447298 0.999970019 0.007230563 2.897233031 -0.273114442 -0.007624124 0.961950985 156.402695989
0.961994758 0.000225897 0.273069462 47.319682064 -0.002313509 0.999970097 0.007323024 2.914533917 -0.273059738 -0.007676559 0.961965845 157.343379554
0.961846337 0.000329805 0.273589303 47.465149815 -0.002411365 0.999970353 0.007272254 2.923288126 -0.273578928 -0.007654566 0.961819341 157.824277135
0.961465985 -0.000054931 0.274925495 47.757182339 -0.002167292 0.999967323 0.007779391 2.941332972 -0.274917496 -0.008075538 0.961433698 158.765684712
0.961444442 -0.000577752 0.274999610 48.044936739 -0.001996390 0.999956762 0.009080691 2.960476612 -0.274992257 -0.009279652 0.961401380 159.695640023
0.961366833 -0.000717024 0.275271609 48.189991957 -0.001988097 0.999951665 0.009547980 2.969859043 -0.275265317 -0.009726450 0.961319208 160.166087267
0.961565623 -0.000740264 0.274574072 48.479089792 -0.001904125 0.999954155 0.009364461 2.986650213 -0.274568655 -0.009527395 0.961520432 161.106783581
0.961325625 -0.000368269 0.275415880 48.767742193 -0.002133627 0.999958318 0.008784458 3.002580435 -0.275407682 -0.009032372 0.961285506 162.037066805
0.961451413 -0.000154338 0.274975514 48.912764732 -0.002246834 0.999961635 0.008417392 3.010483690 -0.274966278 -0.008710801 0.961414526 162.507551046
0.961400016 0.000295430 0.275155214 49.202407655 -0.002721241 0.999960033 0.008434342 3.027388160 -0.275141434 -0.008857610 0.961362851 163.438057442
0.961361481 0.000657085 0.275288272 49.492033355 -0.002974209 0.999962752 0.007999766 3.043513065 -0.275272594 -0.008509435 0.961328591 164.368583337
0.961559325 0.001025720 0.274597917 49.631777090 -0.003221814 0.999965816 0.007546592 3.051081121 -0.274580465 -0.008141313 0.961529590 164.827403639
0.961834015 0.002207939 0.273625375 49.904399509 -0.004337502 0.999963971 0.007177966 3.067760899 -0.273600472 -0.008090884 0.961809763 165.763894563
0.961479170 0.002962453 0.274863226 50.196541847 -0.005323093 0.999954486 0.007842633 3.085517841 -0.274827709 -0.009003728 0.961450959 166.684687633
0.961655369 0.002917587 0.274247153 50.342033666 -0.005448284 0.999948660 0.008466784 3.095361443 -0.274208881 -0.009636307 0.961621387 167.165557966
0.961750765 0.003666124 0.273902761 50.630217158 -0.006579906 0.999930264 0.009720259 3.114626443 -0.273848310 -0.011150740 0.961708724 168.105944865
0.961618352 0.004416160 0.274357284 50.919887241 -0.007574611 0.999916198 0.010453699 3.132760229 -0.274287387 -0.012130671 0.961571056 169.036420514
0.961604507 0.005455378 0.274386283 51.060069784 -0.008574945 0.999911185 0.010170861 3.140889401 -0.274306724 -0.012133197 0.961565451 169.505661405
