1.000000000 -0.000000000 -0.000000000 0.000000000 -0.000000000 1.000000000 0.000000000 0.000000000 0.000000000 -0.000000000 1.000000000 -0.000000000
0.999998926 -0.000186590 0.000581784 0.009121760 0.000186698 0.999999728 -0.000229755 0.003922292 -0.000581881 0.000229902 0.999999924 0.491769939
0.999999685 -0.000364706 0.000124765 0.028096484 0.000364733 1.000000110 -0.000545802 0.011865933 -0.000124657 0.000545830 1.000000125 1.464151873
0.999998755 -0.001001154 0.000869184 0.051390879 0.001001735 0.999999014 -0.000749512 0.019990829 -0.000868320 0.000750446 0.999999649 2.439054911
0.999998984 -0.001135547 0.000598102 0.059654029 0.001135995 0.999999180 -0.000777911 0.024250817 -0.000597141 0.000778593 0.999999267 2.930317259
0.999998545 -0.000824838 0.000950185 0.082830555 0.000825077 1.000000163 -0.000267920 0.033482370 -0.000949940 0.000268722 0.999999252 3.893548725
0.999998234 -0.001393856 0.000160360 0.096525353 0.001393764 0.999999202 0.000847830 0.043828946 -0.000161874 -0.000847629 1.000000246 4.851220120
0.999997022 -0.002037035 -0.000829783 0.114151103 0.002038085 0.999997289 0.001297415 0.057374378 0.000827065 -0.001299085 0.999998820 6.297640689
0.999995525 -0.002661265 -0.000699955 0.140805914 0.002663183 0.999992477 0.002817330 0.068334711 0.000692571 -0.002819116 0.999996217 7.262874764
0.999994395 -0.002935247 -0.001380384 0.148082192 0.002939748 0.999990339 0.003263118 0.073309155 0.001370545 -0.003267150 0.999993982 7.741964528
0.999994537 -0.003027817 -0.000962496 0.164453041 0.003030119 0.999992740 0.002367266 0.080296162 0.000955530 -0.002370163 0.999996552 8.712841441
0.999996003 -0.002309902 -0.001370920 0.186547466 0.002309148 0.999997526 -0.000518698 0.083553120 0.001371989 0.000515520 0.999999032 9.663960610
0.999996330 -0.001992016 -0.001632380 0.193786591 0.001989378 0.999996618 -0.001586017 0.085917935 0.001636035 0.001582802 0.999997955 10.143073894
0.999996676 -0.001369735 -0.001874810 0.205852715 0.001365961 0.999997352 -0.001983837 0.093773537 0.001877554 0.001981292 0.999996394 11.111420242
0.999997983 -0.001060957 -0.001325526 0.234348454 0.001059243 0.999998805 -0.001300039 0.103361764 0.001327625 0.001298617 0.999998559 12.089337376
0.999997812 -0.000876964 -0.001495832 0.242621994 0.000875650 0.999999618 -0.000903987 0.108351648 0.001497510 0.000902701 0.999998743 12.580593145
0.999998471 -0.000201796 -0.001305288 0.267533534 0.000201717 1.000000272 -0.000044625 0.118157632 0.001305706 0.000044359 0.999999052 13.544828529
0.999996913 0.000527002 -0.002095695 0.281344922 -0.000526344 0.999999564 0.000326756 0.127307564 0.002095826 -0.000325651 0.999997548 14.514172307
0.999995838 0.000697569 -0.002515403 0.289469134 -0.000697174 0.999999746 0.000148774 0.131194419 0.002515165 -0.000146982 0.999997467 14.993776420
0.999993895 0.001093957 -0.003202437 0.309172215 -0.001094413 0.999999838 -0.000152971 0.139037143 0.003202025 0.000156467 0.999995061 15.955002214
0.999992420 0.002013426 -0.003101688 0.322974492 -0.002013931 0.999997843 -0.000160587 0.147547166 0.003101265 0.000166869 0.999994991 16.924351759
0.999990734 0.002048144 -0.003579197 0.331978809 -0.002046904 0.999997804 0.000344787 0.152606110 0.003579251 -0.000337460 0.999993307 17.404449855
0.999989591 0.001750946 -0.004054610 0.345684996 -0.001743235 0.999996854 0.001918213 0.163752572 0.004057510 -0.001911097 0.999990554 18.362114041
0.999992466 0.001082306 -0.003533802 0.366178495 -0.001067663 0.999991439 0.004126688 0.175853763 0.003537807 -0.004122890 0.999985562 19.312144404
0.999992076 0.000941874 -0.003815729 0.372583636 -0.000925694 0.999990309 0.004251758 0.180286028 0.003820073 -0.004248140 0.999984291 19.790734507
0.999992060 0.000628695 -0.003793764 0.387931031 -0.000619776 0.999996937 0.002345383 0.185417856 0.003795069 -0.002342988 0.999990784 20.749461996
0.999993894 0.000171698 -0.003332031 0.413560687 -0.000180822 0.999996249 -0.002739652 0.185017544 0.003330984 0.002740281 0.999990806 21.714293914
0.999994953 -0.000296283 -0.002827758 0.430133207 0.000282205 0.999988013 -0.004971912 0.185234296 0.002828962 0.004971078 0.999983618 22.187314982
0.999991811 -0.003195236 -0.002351065 0.453307740 0.003184486 0.999984670 -0.004578314 0.194325869 0.002365608 0.004570749 0.999986619 23.150547710
0.999991908 -0.003219593 -0.002105322 0.465506815 0.003220536 0.999994762 0.000444523 0.211520147 0.002104411 -0.000451327 0.999997989 24.118809891
0.999992136 -0.002691646 -0.002739808 0.466919015 0.002699016 0.999992940 0.002697295 0.219741522 0.002732143 -0.002704710 0.999992440 24.606000156
0.999989131 -0.004017408 -0.002168863 0.484740030 0.004020718 0.999990328 0.001528939 0.226066763 0.002163054 -0.001537643 0.999996506 25.554568934
0.999988214 -0.003897514 -0.002610500 0.493152349 0.003893499 0.999991275 -0.001541210 0.229250817 0.002616480 0.001531026 0.999995512 26.509277598
0.999992826 -0.003342832 -0.001504410 0.506305231 0.003339203 0.999991142 -0.002397468 0.231858205 0.001512132 0.002392405 0.999996448 26.980258930
0.999993000 -0.003455927 -0.000180336 0.525183294 0.003455748 0.999993677 -0.001164014 0.242398291 0.000183901 0.001163405 0.999999353 27.940955865
0.999991755 -0.003849381 -0.000269101 0.538006244 0.003849309 0.999992435 -0.000405204 0.252152694 0.000271338 0.000404141 1.000000357 28.898128050
0.999991743 -0.003964418 0.000222213 0.551895454 0.003964613 0.999991793 -0.000927055 0.255219087 -0.000218334 0.000927920 0.999999968 29.357948195
0.999991566 -0.003870725 0.000857865 0.567270607 0.003872196 0.999991601 -0.001717081 0.262300638 -0.000851612 0.001720427 0.999998221 30.316658111
0.999988557 -0.004468339 0.001421296 0.591032139 0.004470556 0.999988646 -0.001551980 0.270748186 -0.001413958 0.001558330 0.999997951 31.257077996
0.999986476 -0.004492519 0.002321230 0.609254402 0.004495763 0.999988660 -0.001400182 0.274935701 -0.002315650 0.001410642 0.999996473 31.719410773
0.999983304 -0.004277024 0.003822985 0.633296655 0.004280125 0.999990317 -0.000808769 0.284329487 -0.003819623 0.000825197 0.999992709 32.683145325
0.999986056 -0.003791662 0.003602625 0.644377758 0.003794097 0.999993062 -0.000662145 0.293029528 -0.003599929 0.000675784 0.999993450 33.639317918
0.999984005 -0.003848162 0.004032134 0.655824806 0.003850862 0.999992869 -0.000660603 0.297112193 -0.004029543 0.000676131 0.999991891 34.109276858
0.999985782 -0.003243542 0.003994751 0.667610067 0.003249605 0.999993775 -0.001496863 0.304011559 -0.003990283 0.001509800 0.999991490 35.054308629
0.999983422 -0.003450859 0.004521998 0.689545191 0.003450274 0.999994206 0.000117069 0.314851069 -0.004522190 -0.000101458 0.999990140 35.982036263
0.999966410 -0.006010458 0.005422215 0.709548731 0.005997235 0.999978690 0.002458805 0.322862554 -0.005436930 -0.002426182 0.999982146 36.445343671
0.999911410 -0.011746545 0.006235136 0.746269556 0.011693848 0.999896042 0.008413082 0.341259349 -0.006333474 -0.008339428 0.999945087 37.381580500
0.999956556 -0.006368789 0.006745346 0.768946141 0.006334035 0.999966515 0.005162778 0.343532330 -0.006778313 -0.005119797 0.999963646 38.309889889
0.999947517 -0.006257656 0.008039405 0.787902176 0.006257581 0.999980239 0.000031847 0.338613394 -0.008040239 0.000018485 0.999967810 38.772809289
0.999928175 -0.008044411 0.008811826 0.825712890 0.008122920 0.999927452 -0.008912411 0.331042013 -0.008739500 0.008983330 0.999922053 39.686966062
0.999950905 -0.004944341 0.008532827 0.844108086 0.004989143 0.999974029 -0.005245464 0.345208839 -0.008507416 0.005287858 0.999950299 40.600983920
0.999957746 -0.003413498 0.008456740 0.850471796 0.003424323 0.999993272 -0.001267600 0.356116999 -0.008451972 0.001296511 0.999963152 41.067854059
0.999958131 -0.001179164 0.009051286 0.878365374 0.001157269 0.999996031 0.002424625 0.370338637 -0.009054181 -0.002414005 0.999955841 41.987421446
0.999962490 -0.000276482 0.008587010 0.904420024 0.000263282 0.999999094 0.001538221 0.376686879 -0.008587857 -0.001535933 0.999961687 42.906050698
0.999958900 -0.000084335 0.008963052 0.920768335 0.000073624 0.999999419 0.001197146 0.379926830 -0.008963131 -0.001196387 0.999959148 43.355721323
0.999948067 0.000121056 0.010182077 0.948555438 -0.000126336 0.999999661 0.000511015 0.386669529 -0.010182265 -0.000512252 0.999947837 44.275356115
0.999938049 0.002520175 0.010768971 0.977805091 -0.002521418 0.999996946 0.000103722 0.393620338 -0.010768642 -0.000130878 0.999942240 45.172674932
0.999943724 0.002027486 0.010391900 0.994172191 -0.002033220 0.999998088 0.000539516 0.398180102 -0.010390373 -0.000560588 0.999946011 45.622333662
0.999936676 0.000607419 0.011221284 1.028350578 -0.000617301 0.999999426 0.000872878 0.406217922 -0.011220611 -0.000879725 0.999937226 46.499346770
0.999932418 0.002505644 0.011290143 1.053145181 -0.002509533 0.999997112 0.000329059 0.412864307 -0.011289921 -0.000357374 0.999935923 47.382483995
0.999939573 0.000912522 0.010948107 1.068619650 -0.000907732 0.999999894 -0.000440910 0.415372105 -0.010948622 0.000430961 0.999940524 47.831656672
0.999875275 -0.010521962 0.011732577 1.111887644 0.010500968 0.999943247 0.001845849 0.427241504 -0.011751524 -0.001722385 0.999929555 48.748665515
0.999894875 -0.008467053 0.011711698 1.135991895 0.008434040 0.999960571 0.002867542 0.436658426 -0.011735522 -0.002768500 0.999927446 49.642934820
0.999924403 -0.003745311 0.011684369 1.138761024 0.003732582 0.999992667 0.001114018 0.437668965 -0.011687748 -0.001070328 0.999931443 50.107875974
0.999915195 -0.002680451 0.012712575 1.167687402 0.002769713 0.999971629 -0.007009413 0.431298478 -0.012693473 0.007044051 0.999894670 50.993653254
0.999925126 -0.004494063 0.011352048 1.195387389 0.004622085 0.999925999 -0.011271556 0.431922045 -0.011300795 0.011323185 0.999871989 51.913343197
0.999934562 -0.001818515 0.011245256 1.205933542 0.001899785 0.999972123 -0.007218811 0.442758310 -0.011231881 0.007239718 0.999910778 52.371075124
0.999910754 0.002047257 0.013198850 1.226906983 -0.002066539 0.999996589 0.001445310 0.465467507 -0.013196055 -0.001472446 0.999911823 53.274868036
0.999889566 0.004508378 0.014156344 1.269124737 -0.004560673 0.999983234 0.003663147 0.480818510 -0.014139382 -0.003727309 0.999893113 54.619792780
0.999897335 0.002564463 0.014058807 1.302634134 -0.002577678 0.999995861 0.000921947 0.483741172 -0.014056851 -0.000958105 0.999901002 55.519670638
0.999900170 0.001896976 0.013982669 1.334445668 -0.001888161 0.999998567 -0.000644561 0.488699033 -0.013983744 0.000618097 0.999902195 56.418521059
0.999900509 0.002062483 0.013907288 1.349944478 -0.002056904 0.999998098 -0.000412319 0.492916589 -0.013907645 0.000383648 0.999903929 56.867678325
0.999897968 0.002175790 0.014071544 1.377350926 -0.002174862 0.999997475 -0.000080102 0.501079528 -0.014071571 0.000049545 0.999901488 57.752315524
0.999909070 0.003555852 0.012937130 1.396133972 -0.003564973 0.999993852 0.000678703 0.509999796 -0.012934764 -0.000724741 0.999915807 58.631900423
0.999906100 0.004068956 0.013029203 1.408911181 -0.004082916 0.999991156 0.001047973 0.514377374 -0.013024824 -0.001101102 0.999914560 59.067881008
0.999900170 0.004608180 0.013338043 1.433579942 -0.004620175 0.999989044 0.000866135 0.521570494 -0.013334049 -0.000927631 0.999910533 59.939351708
0.999889541 0.005110440 0.013937864 1.458385220 -0.005121270 0.999986944 0.000739831 0.528966773 -0.013933918 -0.000811090 0.999902986 60.822482174
0.999883789 0.005012200 0.014384423 1.472150012 -0.005022147 0.999987105 0.000654325 0.532679888 -0.014380329 -0.000726486 0.999896682 61.270634892
0.999878442 0.004850757 0.014787228 1.498677636 -0.004856512 0.999988129 0.000352244 0.539760723 -0.014784797 -0.000423993 0.999890572 62.154777297
0.999865675 0.005129716 0.015558493 1.533453556 -0.005144054 0.999986318 0.000881137 0.547894414 -0.015554103 -0.000961057 0.999879186 63.008970894
0.999866612 0.004741832 0.015597071 1.547822145 -0.004761780 0.999987661 0.001239720 0.552143337 -0.015591456 -0.001313773 0.999878139 63.434300135
0.999877345 0.004245203 0.015028357 1.571142026 -0.004295263 0.999985262 0.003299042 0.562780967 -0.015014095 -0.003363176 0.999881944 64.258588852
0.999877539 0.004573236 0.014913386 1.598651183 -0.004658254 0.999973174 0.005671047 0.573826636 -0.014887221 -0.005739805 0.999873266 65.073735032
0.999876478 0.004558516 0.015005396 1.610291479 -0.004647409 0.999972372 0.005893999 0.577765647 -0.014978381 -0.005963001 0.999869885 65.485891827
0.999881621 0.002958115 0.015064581 1.644630234 -0.003035666 0.999982291 0.005125922 0.583350141 -0.015049644 -0.005171039 0.999873765 66.305123606
0.999884665 0.001704428 0.015086436 1.674653729 -0.001771194 0.999988754 0.004410638 0.589063334 -0.015079048 -0.004436820 0.999876925 67.121831488
0.999878098 0.001073669 0.015516182 1.692331061 -0.001141613 0.999990154 0.004372906 0.592518208 -0.015511962 -0.004390050 0.999870393 67.537524478
0.999863108 -0.000157128 0.016494122 1.722701325 0.000045614 0.999977356 0.006757160 0.603816982 -0.016494622 -0.006755491 0.999841055 68.377505214
0.999847357 -0.001643986 0.017349264 1.762284553 0.001495119 0.999962224 0.008591045 0.613894376 -0.017362962 -0.008563791 0.999813207 69.199723785
0.999838808 0.002097293 0.017798947 1.768926642 -0.002288510 0.999940118 0.010727147 0.621252551 -0.017774987 -0.010766157 0.999784123 69.620484076
0.999800407 0.003173274 0.019671435 1.810053991 -0.003383293 0.999937239 0.010653257 0.627881760 -0.019636447 -0.010717657 0.999750220 70.432081222
0.999784474 -0.004380245 0.020253357 1.856101400 0.004270553 0.999975967 0.005456520 0.625602585 -0.020276506 -0.005368806 0.999780710 71.235124344
0.999789051 -0.003400836 0.020221170 1.869248950 0.003355586 0.999991575 0.002269275 0.623503779 -0.020229015 -0.002200883 0.999792818 71.636683053
0.999777448 0.001409035 0.021016253 1.895281550 -0.001329262 0.999992024 -0.003810763 0.619639748 -0.021022202 0.003782067 0.999772053 72.416474270
0.999740316 -0.006679797 0.021780726 1.940390904 0.006704844 0.999977106 -0.001077653 0.630890025 -0.021772749 0.001223387 0.999762512 73.195567712
0.999732845 -0.008912882 0.021294424 1.958629748 0.008849027 0.999955721 0.003090497 0.641296610 -0.021320820 -0.002901174 0.999768658 73.576717803
0.999753161 -0.003740853 0.021874657 1.977889112 0.003567030 0.999962092 0.007975681 0.656238673 -0.021904303 -0.007895674 0.999728832 74.340641547
0.999708556 -0.003144777 0.023917733 2.005469242 0.003012285 0.999980207 0.005572773 0.658551906 -0.023935126 -0.005499120 0.999698294 75.098062990
0.999700646 -0.004199043 0.024077087 2.024147331 0.004116250 0.999985253 0.003486637 0.657935938 -0.024090934 -0.003386435 0.999704786 75.456493776
0.999685040 -0.004045247 0.024766759 2.059980883 0.003993686 0.999990273 0.002131174 0.661661974 -0.024775565 -0.002031614 0.999691122 76.183963167
0.999650964 -0.002359278 0.026289226 2.085602493 0.002181334 0.999974880 0.006795565 0.675859449 -0.026304673 -0.006735839 0.999631185 76.905283612
0.999631097 -0.001032186 0.027114891 2.102532179 0.000779548 0.999955881 0.009324408 0.683114666 -0.027122524 -0.009299838 0.999589125 77.250972765
0.999608741 0.000157048 0.027950647 2.130974549 -0.000443440 0.999947397 0.010240772 0.690399402 -0.027947246 -0.010249156 0.999556584 77.927727312
0.999576923 0.000010247 0.029072034 2.160932997 -0.000245284 0.999966995 0.008080839 0.692266232 -0.029070866 -0.008084570 0.999545037 78.593878186
0.999550222 -0.001663555 0.029927399 2.213421713 0.001456720 0.999974640 0.006930871 0.698404939 -0.029938397 -0.006884121 0.999528493 79.574292141
0.999540598 -0.002747124 0.030178076 2.244299981 0.002534982 0.999972174 0.007062673 0.704233463 -0.030196697 -0.006982937 0.999519792 80.240911858
0.999533231 -0.002757993 0.030393394 2.261763999 0.002540148 0.999971063 0.007203820 0.707145181 -0.030411911 -0.007123291 0.999512275 80.563821510
0.999528172 -0.002522022 0.030595364 2.291651694 0.002288371 0.999968426 0.007671639 0.713428198 -0.030613215 -0.007597981 0.999502880 81.218270985
0.999509035 -0.002345406 0.031238138 2.323708090 0.002112535 0.999969538 0.007487274 0.718258632 -0.031254969 -0.007417578 0.999484373 81.839262401
0.999515404 -0.002340336 0.031020476 2.343480742 0.002118519 0.999972217 0.007181500 0.720160889 -0.031035897 -0.007112309 0.999493373 82.140371598
0.999551299 -0.003197095 0.029752771 2.367056089 0.002969280 0.999965980 0.007695973 0.726361752 -0.029776331 -0.007604169 0.999527863 82.767966786
0.999604449 -0.003221499 0.027938837 2.391934552 0.003013178 0.999967098 0.007494781 0.730957796 -0.027962172 -0.007407629 0.999582218 83.361600740
0.999606676 -0.003041074 0.027853917 2.405669029 0.002836101 0.999968376 0.007395704 0.733264201 -0.027875559 -0.007313801 0.999585279 83.659174463
0.999620960 -0.002926834 0.027357369 2.432286777 0.002717459 0.999967083 0.007687006 0.738734634 -0.027378648 -0.007609737 0.999597030 84.253809631
0.999635794 -0.002851773 0.026804983 2.457040963 0.002640912 0.999965069 0.007899248 0.743987399 -0.026826544 -0.007825576 0.999609956 84.835776068
0.999638782 -0.002649060 0.026709464 2.468917859 0.002437013 0.999965487 0.007970867 0.746496076 -0.026729754 -0.007902864 0.999611973 85.120677275
0.999657342 -0.002129500 0.026054216 2.491657022 0.001935926 0.999970644 0.007450710 0.750278164 -0.026069656 -0.007397732 0.999633085 85.678324678
0.999681633 -0.002288174 0.025094165 2.516721331 0.002109255 0.999972603 0.007153315 0.754210628 -0.025109776 -0.007098097 0.999659874 86.214161172
0.999690083 -0.002167879 0.024776395 2.526736517 0.001989389 0.999972222 0.007223848 0.756631619 -0.024791164 -0.007172322 0.999667563 86.486392477
0.999713839 -0.002043310 0.023821455 2.548349302 0.001877053 0.999973448 0.006997155 0.760715036 -0.023834753 -0.006950436 0.999692638 87.020209420
0.999705522 -0.001956864 0.024164510 2.566640817 0.001797381 0.999976611 0.006619333 0.764712625 -0.024176471 -0.006573922 0.999686518 87.563670545
0.999692420 -0.002270288 0.024664553 2.580843855 0.002099868 0.999974325 0.006932710 0.767441668 -0.024680511 -0.006878778 0.999672121 87.826760213
0.999672682 -0.002462294 0.025449037 2.609247939 0.002272491 0.999969145 0.007484197 0.772759774 -0.025466499 -0.007423904 0.999648376 88.352940811
0.999669583 -0.003317029 0.025462684 2.633168076 0.003146506 0.999972275 0.006733559 0.775743743 -0.025483458 -0.006651191 0.999653144 88.864958111
0.999668142 -0.002913573 0.025575285 2.646367019 0.002739771 0.999972616 0.006825163 0.777977413 -0.025594244 -0.006752861 0.999650172 89.115886099
0.999661670 -0.002598893 0.025839635 2.671176371 0.002415243 0.999971289 0.007133697 0.782773381 -0.025857664 -0.007068896 0.999640606 89.628391615
0.999646532 -0.003792201 0.026276377 2.697705934 0.003605314 0.999968355 0.007157249 0.787103928 -0.026302985 -0.007060036 0.999628991 90.141910421
0.999640177 -0.003600551 0.026555858 2.709168581 0.003419679 0.999970317 0.006854771 0.788673180 -0.026580327 -0.006761467 0.999623799 90.391835302
0.999618707 -0.003039986 0.027436004 2.737854460 0.002883340 0.999979219 0.005746475 0.790681267 -0.027453499 -0.005665136 0.999607114 90.871903889
0.999597618 -0.003774812 0.028108039 2.763510324 0.003625773 0.999979438 0.005352136 0.794289660 -0.028127367 -0.005248020 0.999590811 91.384924656
0.999589115 -0.003796990 0.028399479 2.780168192 0.003637260 0.999976882 0.005672301 0.796892303 -0.028419806 -0.005566624 0.999580657 91.637867508
0.999583712 -0.003310010 0.028644071 2.798824347 0.003110641 0.999970860 0.007000128 0.803399048 -0.028666356 -0.006908158 0.999565046 92.135164176
0.999574483 -0.003180536 0.028998676 2.823959907 0.002966052 0.999968086 0.007433540 0.808004555 -0.029021382 -0.007344325 0.999551614 92.601529566
0.999576601 -0.002864868 0.028932608 2.833422049 0.002663801 0.999972554 0.006984843 0.809122986 -0.028952355 -0.006904754 0.999556693 92.827126220
0.999564468 -0.002361690 0.029411882 2.853918640 0.002206658 0.999983435 0.005302880 0.809891382 -0.029424129 -0.005235595 0.999553158 93.267680260
0.999546632 -0.002210531 0.030009917 2.873469212 0.002038996 0.999981281 0.005743523 0.814243828 -0.030022405 -0.005679720 0.999533583 93.696035853
0.999538699 -0.002550804 0.030249393 2.887857243 0.002372086 0.999979421 0.005943198 0.816249298 -0.030263326 -0.005868684 0.999525269 93.901328602
0.999530584 -0.003354329 0.030443524 2.911291317 0.003195939 0.999981349 0.005248298 0.818303793 -0.030460733 -0.005148523 0.999523336 94.297242851
0.999528848 -0.002850984 0.030555930 2.937610692 0.002718128 0.999986784 0.004390432 0.821588163 -0.030568143 -0.004305308 0.999523964 94.868574526
0.999505183 -0.002765317 0.031330871 2.955483265 0.002620563 0.999986122 0.004660769 0.825039363 -0.031343634 -0.004576331 0.999498359 95.226464109
0.999496501 -0.002591929 0.031591562 2.975530945 0.002449526 0.999986652 0.004545221 0.827487914 -0.031602897 -0.004465521 0.999490529 95.550891578
0.999488527 -0.002944602 0.031841179 2.986793089 0.002789111 0.999984342 0.004926351 0.829413882 -0.031855538 -0.004835012 0.999481521 95.708025010
0.999473588 -0.002313259 0.032344162 3.003387679 0.002158334 0.999986107 0.004824003 0.831903403 -0.032354901 -0.004751644 0.999465622 96.030433920
0.999447538 -0.002102042 0.033147579 3.023161612 0.001952041 0.999987471 0.004555793 0.833895647 -0.033157702 -0.004488544 0.999440506 96.331542306
0.999446647 -0.002600908 0.033136323 3.032548524 0.002456709 0.999987197 0.004392098 0.834784063 -0.033148436 -0.004308261 0.999441399 96.476014398
0.999442248 -0.003605516 0.033188239 3.047124388 0.003495152 0.999987914 0.003381229 0.835542944 -0.033200281 -0.003263325 0.999444081 96.774106615
0.999410333 -0.004656638 0.033989861 3.067474788 0.004576844 0.999986843 0.002425260 0.836151268 -0.034001032 -0.002268243 0.999419412 97.052408827
0.999394861 -0.005038663 0.034413381 3.075865860 0.004960603 0.999985058 0.002354253 0.837124230 -0.034424464 -0.002182057 0.999405185 97.184714011
0.999365541 -0.005450849 0.035193859 3.094243085 0.005370833 0.999982984 0.002365961 0.839201461 -0.035206269 -0.002175462 0.999378030 97.438670693
0.999353677 -0.006237095 0.035395677 3.113222826 0.006143158 0.999977861 0.002762460 0.841724512 -0.035411925 -0.002543199 0.999369783 97.669804710
0.999346977 -0.006256364 0.035556898 3.121351397 0.006152888 0.999976848 0.003017704 0.843031053 -0.035574703 -0.002797000 0.999363427 97.778783693
0.999331247 -0.005433036 0.036142023 3.132563500 0.005309307 0.999979390 0.003517144 0.845773766 -0.036161191 -0.003322879 0.999341080 98.005374802
0.999305817 -0.004967402 0.036896808 3.147095023 0.004820799 0.999979744 0.004060382 0.848472325 -0.036915879 -0.003879703 0.999310549 98.222322902
0.999303395 -0.004656103 0.037014443 3.156810277 0.004506629 0.999981666 0.004121179 0.849320258 -0.037033476 -0.003951504 0.999306419 98.320653515
0.999304433 -0.003859712 0.037088884 3.163277499 0.003725279 0.999985943 0.003691358 0.850172399 -0.037102728 -0.003550603 0.999305243 98.509754134
0.999303403 -0.003843963 0.037117603 3.174528398 0.003711838 0.999986310 0.003625294 0.851308479 -0.037130898 -0.003484995 0.999304637 98.666894686
0.999292561 -0.004120851 0.037366532 3.181379982 0.003991792 0.999986231 0.003527944 0.851723332 -0.037379547 -0.003376321 0.999295411 98.740392365
0.999282116 -0.004883098 0.037544734 3.195084288 0.004759223 0.999982608 0.003387995 0.852633026 -0.037559963 -0.003206832 0.999289610 98.887387002
0.999276829 -0.005751645 0.037560671 3.204483726 0.005615727 0.999977238 0.003723695 0.854401317 -0.037581373 -0.003510066 0.999287313 99.031851163
0.999273564 -0.006096781 0.037616189 3.206893497 0.005949293 0.999974480 0.004033172 0.855441614 -0.037640029 -0.003806455 0.999284275 99.091158870
0.999268096 -0.006561898 0.037681117 3.217479888 0.006400513 0.999969937 0.004401840 0.856831726 -0.037708963 -0.004157404 0.999279918 99.189989144
0.999278749 -0.006933218 0.037319763 3.221563673 0.006761738 0.999966471 0.004718454 0.858493308 -0.037351068 -0.004462711 0.999292623 99.319765385
0.999278460 -0.007104184 0.037299349 3.225694509 0.006929837 0.999964211 0.004801601 0.859128175 -0.037332142 -0.004539642 0.999293153 99.380085841
0.999270707 -0.007255074 0.037491202 3.233816105 0.007081234 0.999963744 0.004765855 0.859944786 -0.037524633 -0.004496915 0.999285415 99.489069239
0.999262954 -0.007413036 0.037654480 3.241671073 0.007234382 0.999962052 0.004877311 0.860805018 -0.037689353 -0.004601239 0.999279278 99.574729049
0.999264945 -0.007477871 0.037595586 3.244664570 0.007302095 0.999961589 0.004811214 0.860971322 -0.037630288 -0.004533129 0.999281917 99.611225985
0.999272275 -0.007576303 0.037377973 3.250520456 0.007400759 0.999960816 0.004832607 0.861480719 -0.037413419 -0.004552409 0.999289909 99.672556667
0.999269384 -0.007506106 0.037465249 3.253786703 0.007328703 0.999961465 0.004869533 0.862033341 -0.037500736 -0.004591442 0.999285827 99.732373316
0.999267495 -0.007507768 0.037519357 3.256644110 0.007334361 0.999961515 0.004756236 0.862026484 -0.037552906 -0.004477622 0.999284659 99.757210216
0.999267658 -0.007421264 0.037532423 3.259625081 0.007269366 0.999964433 0.004182111 0.861312913 -0.037562109 -0.003906212 0.999287186 99.793715082
0.999278956 -0.007415070 0.037226312 3.260604124 0.007293620 0.999967395 0.003397826 0.860048535 -0.037250122 -0.003123885 0.999301445 99.805892623
0.999284754 -0.007358608 0.037073220 3.258140753 0.007250436 0.999968689 0.003051098 0.859575019 -0.037094242 -0.002780127 0.999308345 99.816044846
0.999290426 -0.007260368 0.036946371 3.258269868 0.007161193 0.999970395 0.002813307 0.859258250 -0.036966595 -0.002546680 0.999313634 99.827709298
0.999293390 -0.007161090 0.036890271 3.261711285 0.007079890 0.999972289 0.002331448 0.858397398 -0.036905536 -0.002068680 0.999317003 99.829735247
0.999296188 -0.007129522 0.036815675 3.259971004 0.007068854 0.999973806 0.001779149 0.857453019 -0.036827259 -0.001517650 0.999321211 99.828734663
0.999303289 -0.007032927 0.036641568 3.260658507 0.007033119 0.999975327 0.000122425 0.854482511 -0.036641787 0.000135326 0.999328110 99.817604386
0.999302885 -0.006916690 0.036665712 3.261359107 0.006958167 0.999975792 -0.001003899 0.852431872 -0.036658100 0.001258268 0.999326990 99.806465817
0.999301436 -0.006877221 0.036712693 3.259632206 0.006919153 0.999975330 -0.001016051 0.852427360 -0.036705762 0.001269410 0.999325695 99.805456763
0.999298897 -0.006916201 0.036770350 3.262959597 0.006944464 0.999975531 -0.000642245 0.852943125 -0.036764444 0.000897153 0.999323950 99.795808707
0.999301317 -0.006928518 0.036714826 3.262093300 0.006961132 0.999975767 -0.000759893 0.852740898 -0.036708877 0.001014937 0.999325977 99.795305982
0.999302993 -0.006904553 0.036670492 3.261224582 0.006945225 0.999975416 -0.000981673 0.852368694 -0.036662446 0.001235714 0.999327081 99.794804789
0.999302592 -0.006874066 0.036691297 3.261227287 0.006910630 0.999975969 -0.000870335 0.852558667 -0.036684089 0.001123321 0.999326884 99.794803077
0.999299116 -0.006884727 0.036772660 3.261232127 0.006914131 0.999976342 -0.000672166 0.852898619 -0.036767266 0.000925957 0.999323502 99.794800013
0.999300143 -0.006843307 0.036769433 3.261230419 0.006875243 0.999976369 -0.000742085 0.852778636 -0.036763675 0.000994409 0.999323986 99.794801095
0.999302269 -0.006828979 0.036708911 3.261226575 0.006866567 0.999976557 -0.000897337 0.852508674 -0.036702048 0.001148847 0.999326061 99.794803528
0.999302736 -0.006773214 0.036714420 3.261228426 0.006808001 0.999976082 -0.000823869 0.852638656 -0.036707710 0.001073252 0.999325690 99.794802356
0.999301146 -0.006766869 0.036738583 3.261228995 0.006800896 0.999976780 -0.000800451 0.852678650 -0.036732841 0.001049726 0.999324346 99.794801996
0.999299903 -0.006787463 0.036769920 3.261227999 0.006822935 0.999976433 -0.000839449 0.852608660 -0.036764067 0.001089708 0.999323641 99.794802627
0.999300143 -0.006747945 0.036762227 3.262090453 0.006784707 0.999977171 -0.000874108 0.852540926 -0.036755155 0.001122981 0.999324380 99.795307784
0.999301189 -0.006720300 0.036756252 3.262090168 0.006757340 0.999976858 -0.000884203 0.852520929 -0.036749437 0.001131960 0.999324539 99.795307965
0.999300741 -0.006672247 0.036780118 3.262090310 0.006709225 0.999977137 -0.000881643 0.852530928 -0.036773190 0.001127833 0.999323382 99.795307875
0.999300031 -0.006671979 0.036796778 3.267135065 0.006708885 0.999977115 -0.000879556 0.852381300 -0.036789816 0.001125789 0.999322656 99.786674910
0.999300809 -0.006662034 0.036776501 3.267135065 0.006699056 0.999976998 -0.000882819 0.852381300 -0.036769499 0.001128591 0.999323606 99.786674910
0.999300573 -0.006690811 0.036773253 3.267134780 0.006728189 0.999977514 -0.000893610 0.852361303 -0.036766666 0.001140377 0.999323053 99.786675090
0.999299858 -0.006634543 0.036808735 3.267998942 0.006670673 0.999977383 -0.000858816 0.852413552 -0.036801996 0.001103759 0.999322334 99.787179167
0.999300078 -0.006634455 0.036804901 3.267998515 0.006671202 0.999977531 -0.000875321 0.852383556 -0.036798402 0.001120257 0.999322696 99.787179437
0.999300543 -0.006586732 0.036795382 3.267998373 0.006623582 0.999977891 -0.000881483 0.852373558 -0.036788038 0.001124623 0.999323032 99.787179527
0.999298396 -0.006660837 0.036835010 3.267998373 0.006697756 0.999976952 -0.000879258 0.852373558 -0.036828804 0.001125353 0.999320667 99.787179527
0.999299876 -0.006680723 0.036806232 3.267998373 0.006717603 0.999977228 -0.000877883 0.852373558 -0.036799324 0.001124500 0.999322360 99.787179527
0.999300405 -0.006661995 0.036784453 3.268860542 0.006700597 0.999977388 -0.000926062 0.852285827 -0.036776711 0.001171929 0.999323210 99.787684866
0.999300686 -0.006645063 0.036785342 3.268859688 0.006684884 0.999977445 -0.000959720 0.852225835 -0.036777433 0.001204989 0.999323155 99.787685406
0.999300216 -0.006646670 0.036784177 3.268859261 0.006687299 0.999977659 -0.000980910 0.852195839 -0.036776591 0.001226171 0.999322841 99.787685677
0.999298766 -0.006713152 0.036830235 3.268858834 0.006754514 0.999976778 -0.000997253 0.852165844 -0.036822621 0.001245370 0.999321080 99.787685947
0.999296160 -0.006704636 0.036881291 3.268859403 0.006745289 0.999976465 -0.000975983 0.852205838 -0.036873793 0.001224058 0.999319271 99.787685587
0.999296705 -0.006676046 0.036888239 3.268858976 0.006717311 0.999977209 -0.000993627 0.852175842 -0.036881099 0.001240752 0.999319004 99.787685857
0.999298116 -0.006656746 0.036845610 3.268858976 0.006697775 0.999976886 -0.000989335 0.852175842 -0.036838234 0.001235471 0.999320660 99.787685857
0.999298826 -0.006628189 0.036821269 3.269722854 0.006668178 0.999977245 -0.000964601 0.852208094 -0.036814140 0.001209410 0.999321067 99.788190114
0.999299717 -0.006654783 0.036809072 3.269722000 0.006696184 0.999976971 -0.001002169 0.852148102 -0.036801363 0.001247968 0.999321540 99.788190654
0.999299401 -0.006692662 0.036809701 3.269721573 0.006734686 0.999976671 -0.001018634 0.852118107 -0.036802214 0.001265802 0.999322193 99.788190925
0.999300175 -0.006662689 0.036779960 3.269721430 0.006704941 0.999977284 -0.001024270 0.852108108 -0.036772288 0.001270217 0.999323445 99.788191015
0.999302329 -0.006654488 0.036745887 3.269721573 0.006696514 0.999977130 -0.001020757 0.852118107 -0.036738449 0.001266093 0.999324323 99.788190925
0.999303358 -0.006632090 0.036718296 3.269721288 0.006674445 0.999976905 -0.001032143 0.852098110 -0.036710823 0.001276521 0.999325773 99.788191105
0.999302960 -0.006627561 0.036720396 3.269720149 0.006671638 0.999977242 -0.001076822 0.852018121 -0.036712166 0.001321094 0.999325458 99.788191826
0.999302701 -0.006551322 0.036739244 3.269719295 0.006596664 0.999977461 -0.001113185 0.851958129 -0.036730709 0.001354752 0.999324361 99.788192367
0.999302679 -0.006538213 0.036741481 3.269718299 0.006584844 0.999977586 -0.001148285 0.851888139 -0.036732834 0.001389400 0.999323959 99.788192997
0.999302303 -0.006533218 0.036749723 3.269719580 0.006578064 0.999978081 -0.001100191 0.851978127 -0.036742203 0.001341227 0.999324467 99.788192186
0.999301781 -0.006493931 0.036778167 3.269718868 0.006539718 0.999977734 -0.001125033 0.851928134 -0.036769644 0.001364771 0.999322985 99.788192637
0.999302270 -0.006513403 0.036760354 3.269718441 0.006559970 0.999978219 -0.001147459 0.851898138 -0.036752334 0.001387786 0.999323390 99.788192907
0.999302309 -0.006485133 0.036767004 3.269718299 0.006531908 0.999977836 -0.001150590 0.851888139 -0.036758775 0.001389949 0.999323855 99.788192997
0.999300898 -0.006440776 0.036822254 3.269716591 0.006490020 0.999977812 -0.001219128 0.851768156 -0.036814474 0.001457339 0.999321420 99.788194079
0.999298531 -0.006443075 0.036869225 3.269716306 0.006492844 0.999977964 -0.001232030 0.851748159 -0.036859924 0.001470588 0.999320133 99.788194259
0.999297151 -0.006395300 0.036925849 3.270581180 0.006442835 0.999978699 -0.001168582 0.851850401 -0.036917781 0.001405710 0.999317372 99.788697885
0.999298219 -0.006313787 0.036911168 3.270580610 0.006361942 0.999978689 -0.001188447 0.851810407 -0.036903013 0.001422414 0.999318404 99.788698245
0.999298217 -0.006292375 0.036915857 3.270580183 0.006341300 0.999979555 -0.001207990 0.851780411 -0.036907290 0.001441283 0.999318008 99.788698516
