1.000000000 0.000000000 0.000000000 -0.000000000 0.000000000 1.000000000 0.000000000 0.000000000 0.000000000 0.000000000 1.000000000 -0.000000000
1.000000292 0.000016703 0.000059350 0.002542064 -0.000016693 0.999999977 0.000275445 0.000438696 -0.000058609 -0.000275514 0.999999560 0.001601987
1.000000194 0.000003214 0.000138588 0.001116050 -0.000003252 0.999999589 0.000400547 0.000992378 -0.000138406 -0.000400528 1.000000333 0.024377154
1.000000272 -0.000214102 0.000216475 0.003053970 0.000214072 1.000000141 0.000172957 0.000904695 -0.000216395 -0.000172874 1.000000130 0.049304672
1.000000345 -0.000271980 0.000281196 -0.000066477 0.000271931 1.000000000 0.000123794 0.001179242 -0.000280676 -0.000123715 0.999999867 0.071011669
0.999999860 -0.000511630 0.000480538 0.002427286 0.000511648 1.000000136 0.000037222 0.001482781 -0.000480460 -0.000036995 0.999999562 0.108129165
0.999999766 -0.000850516 0.000758488 0.004062407 0.000850860 0.999999913 -0.000467303 0.001096919 -0.000757276 0.000467870 0.999999827 0.144719914
0.999999713 -0.001025644 0.000951994 0.003469689 0.001026223 0.999998945 -0.000646383 0.001120373 -0.000951524 0.000647349 0.999999458 0.168038106
0.999997664 -0.001536298 0.001419600 0.007351761 0.001537700 0.999998383 -0.000932201 0.001244916 -0.001417789 0.000934311 0.999998199 0.217889138
0.999996458 -0.002036548 0.001915058 0.010935813 0.002039188 0.999997479 -0.001357940 0.001301211 -0.001911689 0.001361763 0.999997009 0.279400333
0.999995545 -0.002236200 0.002198106 0.010048398 0.002239606 0.999996609 -0.001580394 0.001416366 -0.002193635 0.001585265 0.999996578 0.314376553
0.999993934 -0.002433367 0.002698076 0.014195357 0.002437840 0.999995791 -0.001660027 0.002203778 -0.002692775 0.001666633 0.999994990 0.388073189
0.999992151 -0.001781004 0.003546743 0.018897951 0.001786723 0.999997403 -0.001597682 0.003372414 -0.003543866 0.001604066 0.999991798 0.473959938
0.999990811 -0.001212497 0.004231855 0.021095148 0.001220024 0.999997995 -0.001779000 0.003677682 -0.004229866 0.001784129 0.999989586 0.522736662
0.999982246 0.000002464 0.006059473 0.023211740 0.000011034 0.999997781 -0.002235845 0.004482400 -0.006058541 0.002235830 0.999979447 0.642534129
0.999969252 0.000711522 0.007866155 0.025595088 -0.000692337 0.999996767 -0.002445022 0.006039959 -0.007866717 0.002439518 0.999966032 0.786176000
0.999961656 0.000803050 0.008811564 0.029744748 -0.000781538 0.999996893 -0.002448566 0.006957331 -0.008813420 0.002441575 0.999958467 0.859870903
0.999936405 0.000499381 0.011313545 0.036057638 -0.000469782 0.999996532 -0.002621740 0.008734604 -0.011313855 0.002616216 0.999932877 1.017848831
0.999895125 0.000039165 0.014510584 0.047446761 -0.000003025 0.999997404 -0.002489973 0.011009385 -0.014509811 0.002489571 0.999891375 1.179035805
0.999869378 -0.000321042 0.016181188 0.053838594 0.000360432 0.999997149 -0.002428799 0.012207232 -0.016180237 0.002434258 0.999866155 1.265994058
0.999809452 -0.000923579 0.019505657 0.070815958 0.000983541 0.999995304 -0.003063076 0.013261385 -0.019502361 0.003081620 0.999805028 1.442608209
0.999733962 -0.001121490 0.023056563 0.082113568 0.001225624 0.999988774 -0.004505465 0.013321642 -0.023051725 0.004532597 0.999724262 1.639338444
0.999688295 -0.001041238 0.024947340 0.089039637 0.001164239 0.999987580 -0.004915300 0.013871027 -0.024941516 0.004942788 0.999677143 1.738500552
0.999588496 -0.000459797 0.028708387 0.103769948 0.000596821 0.999988339 -0.004765640 0.016598910 -0.028705191 0.004780843 0.999576149 1.937338973
0.999474641 0.000731328 0.032404135 0.117672779 -0.000597566 0.999991712 -0.004136699 0.020136937 -0.032406651 0.004115143 0.999466008 2.135630633
0.999395065 0.001436203 0.034771027 0.128843655 -0.001302842 0.999991993 -0.003857432 0.021804031 -0.034775964 0.003809779 0.999387681 2.237457561
0.999193649 0.002163676 0.040102874 0.148894101 -0.002012842 0.999990659 -0.003802151 0.024682600 -0.040109734 0.003718314 0.999188026 2.463364108
0.998927297 0.001930338 0.046280367 0.171162206 -0.001729661 0.999989159 -0.004376660 0.026662003 -0.046288279 0.004291870 0.998918698 2.702549751
0.998770138 0.001434461 0.049568879 0.188772071 -0.001202087 0.999988275 -0.004718010 0.027417985 -0.049574808 0.004652670 0.998759441 2.820335672
0.998348247 0.000717746 0.057448627 0.221172905 -0.000417485 0.999986544 -0.005238441 0.029442694 -0.057451776 0.005205754 0.998334709 3.065952081
0.997718881 0.001749611 0.067486387 0.258647895 -0.001380602 0.999983812 -0.005514371 0.031864942 -0.067494487 0.005408605 0.997704718 3.314778869
0.997290178 0.002854422 0.073510765 0.278515514 -0.002466279 0.999982732 -0.005370053 0.033651171 -0.073524134 0.005174218 0.997280024 3.445818135
0.996254956 0.004953604 0.086324663 0.323303717 -0.004501816 0.999975045 -0.005427895 0.036601479 -0.086349152 0.005018874 0.996252579 3.711120656
0.994707723 0.005805512 0.102587411 0.380208793 -0.005279046 0.999971851 -0.005402140 0.039544599 -0.102615301 0.004831932 0.994709726 3.972267286
0.993751347 0.005858174 0.111465209 0.412739779 -0.005301832 0.999972504 -0.005287103 0.041264998 -0.111492535 0.004663106 0.993753637 4.111346644
0.991314071 0.006718459 0.131348855 0.486516670 -0.006029996 0.999966427 -0.005638769 0.043510530 -0.131381622 0.004797769 0.991320412 4.383221536
0.987958880 0.008660942 0.154475994 0.570075709 -0.007581467 0.999942281 -0.007575482 0.043203891 -0.154532761 0.006313058 0.987967010 4.673221115
0.985864458 0.010173979 0.167236480 0.617761434 -0.008852643 0.999923566 -0.008644570 0.042857901 -0.167311128 0.007041894 0.985879253 4.821975109
0.981080986 0.012717072 0.193183785 0.719923909 -0.011046420 0.999891567 -0.009722942 0.043922264 -0.193286555 0.007404980 0.981114541 5.123747235
0.975304100 0.012859644 0.220491807 0.835641427 -0.011043302 0.999894530 -0.009468511 0.047199713 -0.220589457 0.006799715 0.975343020 5.434064985
0.972069502 0.012843906 0.234341903 0.896888219 -0.011036619 0.999898638 -0.009022031 0.049356720 -0.234433524 0.006183615 0.972111795 5.591360732
0.964666757 0.013527008 0.263128008 1.030903360 -0.011501914 0.999891423 -0.009235117 0.051372903 -0.263224022 0.005882281 0.964716459 5.889631711
0.955498374 0.015477597 0.294589983 1.182875305 -0.012716380 0.999855310 -0.011286497 0.050000199 -0.294721938 0.007038130 0.955556868 6.187543567
0.950273330 0.015983466 0.311006074 1.264609123 -0.012646628 0.999838981 -0.012743032 0.048637189 -0.311159265 0.008176206 0.950322756 6.346089785
0.938994677 0.016713705 0.343525032 1.435169754 -0.012553695 0.999818711 -0.014330337 0.047925704 -0.343702057 0.009143562 0.939034069 6.655783662
0.925804000 0.017684383 0.377590516 1.628009073 -0.013027995 0.999804744 -0.014882612 0.048651911 -0.377779963 0.008859087 0.925852643 6.967733735
0.918749573 0.017983247 0.394433220 1.732290099 -0.012711967 0.999791237 -0.015973347 0.047375274 -0.394637487 0.009661436 0.918786167 7.116894933
0.903375283 0.019831598 0.428392938 1.938015807 -0.013184100 0.999742290 -0.018479090 0.044495000 -0.428647855 0.011045599 0.903403578 7.425273102
0.886496945 0.021192296 0.462250153 2.169402418 -0.013606625 0.999713181 -0.019738223 0.043290785 -0.462534956 0.011208137 0.886529570 7.738048076
0.877465880 0.021023897 0.479178508 2.292565789 -0.012850692 0.999710991 -0.020330121 0.042533680 -0.479467007 0.011681237 0.877481851 7.887333934
0.858028840 0.021540296 0.513150420 2.548474609 -0.012288202 0.999695456 -0.021417057 0.040923479 -0.513454784 0.012070815 0.858031713 8.180143102
0.837232268 0.021191305 0.546437043 2.812847905 -0.011040932 0.999700268 -0.021852796 0.040339065 -0.546736158 0.012262636 0.837214660 8.478298054
0.826252333 0.020548817 0.562926326 2.955732317 -0.009819524 0.999707666 -0.022080036 0.039831184 -0.563215159 0.012715922 0.826212791 8.628248127
0.802866714 0.018634423 0.595868362 3.257325261 -0.007377378 0.999745568 -0.021324593 0.040414454 -0.596112597 0.012724748 0.802799582 8.914455482
0.776795235 0.016884552 0.629527672 3.579473582 -0.005102831 0.999776952 -0.020518375 0.040766704 -0.629733072 0.012726222 0.776707844 9.201869411
0.763275005 0.018335332 0.645814321 3.743189578 -0.006136098 0.999758341 -0.021132123 0.039046372 -0.646044484 0.012166807 0.763202699 9.341379903
0.735624301 0.019728078 0.677102885 4.086968085 -0.006634294 0.999738281 -0.021920708 0.035986452 -0.677357077 0.011633266 0.735561917 9.618919559
0.707432602 0.018812549 0.706530794 4.433946401 -0.006207000 0.999772189 -0.020405739 0.036470821 -0.706753437 0.010050216 0.707388577 9.874701246
0.693037761 0.018233053 0.720671434 4.612660283 -0.006277976 0.999794848 -0.019257720 0.037219647 -0.720874429 0.008821993 0.693009959 9.999971387
0.666278076 0.016464716 0.745522293 4.977067814 -0.003701009 0.999816962 -0.018773163 0.035283493 -0.745693973 0.009749012 0.666216586 10.243185829
0.640102492 0.016110398 0.768120895 5.366240210 -0.003073711 0.999825968 -0.018408715 0.032534548 -0.768283074 0.009422447 0.640040429 10.490294345
0.626699302 0.015753055 0.779102895 5.557867489 -0.002308355 0.999829193 -0.018359221 0.030976496 -0.779257863 0.009707225 0.626627691 10.611975237
0.598902416 0.016705993 0.800647951 5.956914585 -0.003990861 0.999832094 -0.017876827 0.027939888 -0.800811404 0.007511172 0.598868805 10.841664512
0.570435776 0.021498116 0.821061143 6.366284399 -0.008685518 0.999759451 -0.020142678 0.019818420 -0.821296737 0.004358747 0.570484758 11.066193773
0.555678680 0.024356351 0.831040952 6.582027833 -0.009392412 0.999691413 -0.023018888 0.012587717 -0.831344365 0.004985624 0.555735593 11.179638405
0.525586919 0.029363475 0.850233754 7.013528307 -0.008236753 0.999532747 -0.029427901 -0.003408021 -0.850700347 0.008463692 0.525583352 11.371034444
0.496905545 0.032129442 0.867209939 7.461407912 -0.004466203 0.999396158 -0.034467766 -0.017453494 -0.867793345 0.013254027 0.496748559 11.560928204
0.459842517 0.033907839 0.887353507 8.142119556 -0.001598132 0.999300625 -0.037357442 -0.031184571 -0.887999330 0.015760462 0.459575083 11.839371139
0.435504207 0.037147601 0.899420499 8.611781008 -0.003542899 0.999211324 -0.039553710 -0.041344439 -0.900179197 0.014039268 0.435292508 12.019293223
0.422905670 0.038890804 0.905339322 8.842813907 -0.004895582 0.999161921 -0.040634270 -0.046347641 -0.906160769 0.012752256 0.422741730 12.106841477
0.397029004 0.041145142 0.916883625 9.319024351 -0.008146668 0.999113080 -0.041307528 -0.054314368 -0.917769543 0.008930684 0.397011666 12.267167417
0.371481533 0.040414742 0.927560579 9.802614798 -0.006704221 0.999142600 -0.040848682 -0.060728149 -0.928416012 0.008955934 0.371434352 12.408441706
0.358357268 0.039909430 0.932731649 10.052292787 -0.004971320 0.999153018 -0.040841501 -0.064545094 -0.933571568 0.009998942 0.358252101 12.472251269
0.331902843 0.038573122 0.942524649 10.553367505 -0.002713860 0.999199112 -0.039936806 -0.070730204 -0.943309555 0.010697253 0.331741680 12.600922953
0.304388535 0.036385882 0.951853470 11.065205689 -0.001636661 0.999289079 -0.037675896 -0.075064020 -0.952546900 0.009910218 0.304231235 12.712682794
0.291152424 0.035456253 0.956019837 11.321121353 -0.001444907 0.999328015 -0.036622472 -0.077395878 -0.956675754 0.009281407 0.291007825 12.768564916
0.265092776 0.035633525 0.963565099 11.808703664 -0.002485672 0.999338836 -0.036272664 -0.084969126 -0.964219109 0.007220502 0.265005814 12.853166262
0.238974121 0.035431059 0.970379400 12.320487517 0.000060915 0.999333883 -0.036503186 -0.094106279 -0.971025515 0.008782472 0.238813488 12.929476509
0.226301646 0.035080388 0.973425589 12.579485401 0.001996661 0.999333064 -0.036478261 -0.098552122 -0.974055011 0.010198648 0.226080407 12.963676185
0.202385379 0.033948788 0.978717808 13.111307016 0.004596504 0.999354700 -0.035615130 -0.106472076 -0.979295398 0.011706627 0.202098823 13.028978475
0.180664627 0.033061663 0.982989079 13.629620333 0.006282252 0.999376144 -0.034767385 -0.114355801 -0.983524245 0.012456590 0.180343788 13.085705121
0.171161088 0.032556545 0.984705016 13.884416208 0.006231914 0.999398253 -0.034125545 -0.117859982 -0.985222844 0.011977560 0.170855097 13.117212491
0.153340232 0.030912797 0.987689938 14.389261531 0.005304090 0.999470196 -0.032104904 -0.123768069 -0.988159072 0.010161683 0.153095667 13.165337607
0.135665634 0.028750512 0.990337900 14.888502825 0.005569644 0.999541059 -0.029780637 -0.129215297 -0.990739126 0.009556031 0.135443647 13.198045687
0.127737502 0.027791178 0.991419108 15.136004601 0.006448542 0.999562968 -0.028850350 -0.132327818 -0.991786985 0.010078523 0.127502789 13.213065049
0.114123198 0.026370836 0.993117064 15.617187914 0.009025408 0.999578597 -0.027579560 -0.139254675 -0.993425555 0.012110793 0.113836988 13.246197230
0.103123919 0.026359439 0.994319880 16.101143791 0.012229314 0.999539683 -0.027766220 -0.148923597 -0.994593728 0.015023229 0.102754374 13.269314601
0.098967782 0.026708297 0.994733017 16.339311231 0.013365681 0.999513566 -0.028166449 -0.154291140 -0.995000391 0.016082869 0.098563095 13.278468637
0.092345061 0.027789125 0.995339921 16.797323557 0.013735548 0.999479879 -0.029179058 -0.164964595 -0.995632614 0.016366078 0.091915273 13.308839493
0.086135186 0.028893062 0.995864920 17.265761648 0.012227713 0.999473592 -0.030055382 -0.175764422 -0.996208849 0.014765966 0.085736687 13.333984154
0.083222907 0.029278923 0.996101023 17.490976217 0.011555109 0.999472826 -0.030343411 -0.180724510 -0.996463910 0.014035276 0.082841095 13.346752791
0.078921680 0.029610156 0.996441679 17.920867015 0.010603869 0.999477818 -0.030540285 -0.189593915 -0.996824336 0.012976413 0.078566422 13.371072550
0.074763053 0.029873361 0.996754260 18.369913248 0.011273396 0.999461858 -0.030800124 -0.199075174 -0.997137257 0.013539500 0.074386966 13.383872818
0.073128262 0.030005732 0.996871329 18.587536113 0.011782077 0.999451361 -0.030947737 -0.203691856 -0.997252521 0.014008374 0.072735456 13.391813343
0.071049551 0.029892387 0.997025576 19.003086978 0.012816446 0.999441572 -0.030878158 -0.211914829 -0.997389846 0.014972160 0.070626696 13.407013367
0.069199956 0.029651017 0.997162700 19.431305782 0.012683561 0.999451826 -0.030599284 -0.219983698 -0.997522546 0.014765004 0.068785854 13.430250546
0.068270869 0.029586712 0.997228449 19.647248965 0.012018198 0.999463832 -0.030475814 -0.224169732 -0.997594680 0.014065499 0.067878880 13.437113429
0.066274488 0.029263818 0.997372622 20.048167695 0.011094665 0.999486104 -0.030063077 -0.231534606 -0.997739151 0.013057985 0.065915745 13.454850142
0.065004568 0.028996323 0.997464009 20.437816560 0.010445035 0.999503240 -0.029736356 -0.238762722 -0.997830200 0.012351513 0.064670149 13.477276965
0.064282968 0.029013751 0.997510384 20.641644949 0.010382571 0.999503771 -0.029740853 -0.242841598 -0.997877854 0.012268493 0.063949758 13.488294403
0.062733970 0.028910311 0.997611804 21.047066408 0.010987512 0.999500300 -0.029656019 -0.250949926 -0.997969648 0.012821720 0.062385219 13.497061526
0.061661233 0.028912769 0.997678217 21.456411801 0.011109259 0.999498451 -0.029652060 -0.259108458 -0.998035381 0.012911830 0.061308865 13.520168308
0.059890344 0.028943452 0.997785270 22.063126442 0.010569672 0.999504927 -0.029627745 -0.271404459 -0.998148794 0.012320632 0.059555209 13.538346478
0.059510014 0.028795477 0.997812578 22.451925390 0.010272634 0.999513768 -0.029457266 -0.278902102 -0.998175002 0.012003142 0.059185344 13.560240950
0.059313743 0.028669415 0.997828208 22.643940952 0.010267551 0.999517143 -0.029328246 -0.282615630 -0.998186903 0.011984757 0.058991618 13.563750246
0.059577326 0.028100942 0.997828301 23.018113166 0.008828475 0.999549389 -0.028676550 -0.288995254 -0.998183989 0.010517795 0.059302558 13.588177940
0.059848886 0.027691402 0.997823223 23.393415242 0.008573132 0.999564267 -0.028253921 -0.295906837 -0.998170699 0.010245351 0.059585492 13.601489429
0.060235883 0.027819255 0.997796649 23.594705722 0.008936254 0.999556711 -0.028407757 -0.300224470 -0.998144383 0.010627755 0.059960120 13.610902212
0.061447188 0.028265406 0.997710516 23.976728188 0.009346354 0.999538741 -0.028892859 -0.308778672 -0.998066413 0.011100286 0.061155201 13.628523205
0.062825305 0.028870318 0.997607562 24.353679822 0.009942223 0.999514170 -0.029551635 -0.317570461 -0.997975156 0.011775064 0.062507710 13.642931684
0.063873933 0.029007317 0.997537277 24.549060772 0.010147620 0.999506596 -0.029714385 -0.321855374 -0.997906160 0.012020511 0.063547909 13.648592397
0.067267284 0.028688644 0.997323282 24.911952526 0.010087666 0.999516486 -0.029432145 -0.328608085 -0.997684082 0.012040461 0.066945806 13.677717004
0.071116299 0.028753655 0.997054200 25.264701371 0.009748620 0.999517185 -0.029520030 -0.335895952 -0.997420078 0.011819286 0.070801938 13.700417383
0.073116857 0.029074927 0.996899604 25.440075723 0.009021272 0.999514887 -0.029812861 -0.339898522 -0.997282457 0.011173103 0.072819251 13.717066038
0.077481401 0.029732583 0.996550156 25.799556383 0.008459157 0.999500128 -0.030478261 -0.348279176 -0.996957782 0.010791485 0.077191790 13.744068583
0.082137935 0.030080749 0.996166753 26.160734799 0.008534121 0.999486182 -0.030884610 -0.356220744 -0.996584328 0.011038215 0.081839197 13.772137163
0.084794066 0.030174981 0.995941831 26.333583292 0.008436970 0.999484133 -0.031000614 -0.359882248 -0.996362437 0.011031384 0.084496703 13.787173423
0.089561440 0.029745118 0.995537315 26.662972408 0.008041224 0.999500243 -0.030586998 -0.365726565 -0.995948784 0.010744703 0.089277182 13.818702455
0.093772514 0.028368047 0.995189729 26.989864751 0.007260584 0.999548418 -0.029176442 -0.369830243 -0.995567634 0.009961592 0.093524724 13.848600413
0.095976848 0.027791683 0.994995944 27.151472673 0.006741891 0.999569575 -0.028569806 -0.371945417 -0.995360698 0.009450157 0.095748013 13.868307968
0.100737156 0.027634755 0.994529353 27.476632980 0.005956168 0.999579927 -0.028378341 -0.378137679 -0.994894975 0.008782299 0.100530527 13.897161906
0.105346659 0.027251903 0.994062319 27.801508770 0.005130162 0.999596033 -0.027947294 -0.383748387 -0.994422021 0.008043858 0.105165416 13.937667335
0.107625657 0.026990714 0.993825417 27.958040459 0.004773331 0.999606159 -0.027664659 -0.386361070 -0.994180280 0.007721288 0.107454051 13.954165845
0.111870685 0.026958161 0.993357345 28.269102244 0.004839818 0.999605266 -0.027672778 -0.392373686 -0.993711202 0.007903477 0.111695935 13.997760729
0.116301667 0.026675439 0.992856183 28.574555843 0.005376755 0.999607567 -0.027486692 -0.398125382 -0.993199363 0.008535034 0.116113068 14.025941246
0.118450166 0.026503763 0.992606903 28.723191990 0.005620202 0.999609931 -0.027361494 -0.400742823 -0.992943838 0.008819571 0.118255854 14.049275543
0.122235282 0.025963721 0.992161539 29.024141405 0.006162093 0.999618952 -0.026918056 -0.405821044 -0.992481943 0.009404072 0.122028638 14.086426585
0.126108642 0.026057975 0.991674640 29.322537952 0.006062249 0.999616225 -0.027037598 -0.411857803 -0.991997947 0.009421441 0.125902548 14.121982579
0.128134431 0.026173024 0.991411313 29.464412782 0.005838547 0.999614768 -0.027144156 -0.414802024 -0.991739201 0.009266563 0.127932386 14.141033657
0.132031009 0.026929335 0.990879889 29.727593146 0.005183066 0.999599008 -0.027856900 -0.421129244 -0.991231645 0.008813718 0.131838796 14.177938181
0.135437889 0.026685691 0.990426510 29.975321996 0.004819285 0.999608022 -0.027592121 -0.425398342 -0.990773737 0.008510134 0.135256992 14.216827432
0.140958973 0.025943722 0.989676031 30.337644717 0.003977152 0.999633766 -0.026771238 -0.430987946 -0.990007235 0.007709819 0.140804617 14.269255020
0.144373994 0.025895209 0.989185100 30.562281735 0.003793205 0.999635444 -0.026722393 -0.435194803 -0.989515759 0.007610147 0.144223663 14.305332107
0.146051611 0.025974101 0.988936253 30.675166423 0.003468127 0.999636189 -0.026767317 -0.437504228 -0.989270371 0.007339137 0.145909185 14.317811748
0.149532928 0.026708354 0.988396492 30.886821693 0.003043991 0.999617961 -0.027472098 -0.442693205 -0.988751763 0.007116651 0.149394244 14.357521983
0.152479935 0.027366301 0.987927600 31.070620423 0.003511639 0.999595055 -0.028231484 -0.447599399 -0.988299799 0.007773989 0.152322698 14.379542175
0.153916499 0.027504156 0.987701593 31.154214038 0.003832171 0.999588356 -0.028432382 -0.449482235 -0.988076464 0.008161178 0.153747256 14.397112409
0.156427334 0.027451381 0.987308423 31.326771574 0.004450598 0.999583667 -0.028497927 -0.452872090 -0.987679083 0.008851923 0.156239755 14.423804296
0.159246135 0.027606275 0.986853644 31.494258901 0.004589004 0.999577750 -0.028702814 -0.456469543 -0.987227493 0.009099445 0.159052271 14.447283268
0.160555191 0.027924168 0.986631884 31.571095978 0.004389358 0.999569649 -0.029004600 -0.458449229 -0.987016793 0.008987490 0.160363726 14.460567214
0.163059083 0.029385223 0.986178762 31.705877815 0.003824907 0.999529869 -0.030415469 -0.463407987 -0.986609014 0.008731584 0.162870460 14.487016853
0.165797311 0.031230134 0.985666015 31.819250617 0.003113557 0.999477182 -0.032191462 -0.468585198 -0.986155214 0.008406197 0.165613234 14.511729970
0.167224557 0.032040077 0.985398519 31.876361250 0.003118025 0.999449869 -0.033026115 -0.471074029 -0.985914004 0.008595243 0.167033014 14.524353170
0.170047703 0.033091115 0.984880770 31.991738555 0.003467741 0.999409453 -0.034178049 -0.475324033 -0.985429721 0.009227231 0.169833061 14.538466555
0.173176211 0.033222967 0.984330028 32.087990343 0.004086143 0.999397863 -0.034450373 -0.477522622 -0.984881948 0.009988084 0.172937138 14.564080217
0.174999023 0.033221250 0.984008006 32.140906861 0.004498220 0.999393338 -0.034540595 -0.478689906 -0.984558034 0.010470848 0.174744463 14.574006042
0.183232553 0.035572557 0.982426078 32.358399571 0.005452216 0.999293165 -0.037200208 -0.487380545 -0.983054554 0.012172671 0.182908598 14.617514646
0.185876509 0.036060477 0.981911644 32.414673790 0.005868273 0.999268257 -0.037808838 -0.489489102 -0.982555453 0.012789901 0.185529281 14.629596824
0.191348608 0.036345760 0.980849746 32.531466621 0.006742144 0.999241799 -0.038342591 -0.492608500 -0.981499497 0.013949824 0.190959013 14.656426266
0.198876686 0.035967066 0.979364665 32.657565740 0.007662914 0.999239177 -0.038253067 -0.494822465 -0.979993916 0.015112375 0.198449388 14.689139046
0.202822142 0.035810719 0.978561355 32.722300695 0.008267879 0.999233330 -0.038280874 -0.496085179 -0.979180748 0.015854815 0.202369999 14.706569409
0.211848270 0.035426520 0.976660833 32.845572610 0.009052913 0.999228738 -0.038208852 -0.498186277 -0.977260891 0.016936086 0.211364780 14.749332093
0.222136728 0.035254273 0.974378237 32.979816369 0.008642711 0.999235703 -0.038123898 -0.500492383 -0.974977186 0.016889948 0.221662791 14.799064831
0.227805273 0.035299370 0.973066836 33.052989828 0.008214030 0.999237079 -0.038171693 -0.501978929 -0.973671922 0.016688577 0.227341836 14.821857657
0.240334636 0.035054145 0.970057225 33.199056386 0.007133037 0.999257292 -0.037876534 -0.504170530 -0.970663543 0.016022461 0.239906004 14.879092133
0.254381188 0.034225934 0.966498886 33.354426740 0.006225096 0.999294674 -0.037025747 -0.505576659 -0.967084102 0.015435204 0.253988498 14.942211548
0.262054257 0.033671504 0.964465562 33.438591987 0.006001466 0.999315171 -0.036518915 -0.506308505 -0.965034341 0.015358178 0.261673069 14.971961620
0.278956170 0.032284476 0.959761136 33.603805152 0.006262489 0.999352171 -0.035436443 -0.507347696 -0.960283569 0.015895729 0.278573799 15.053166760
0.296644725 0.031208086 0.954478291 33.774368679 0.005969622 0.999386155 -0.034531821 -0.508970779 -0.954968999 0.015941491 0.296275512 15.125936127
0.306536708 0.030650379 0.951365884 33.866679397 0.005714562 0.999403805 -0.034039364 -0.509754779 -0.951841631 0.015870873 0.306179323 15.172705623
0.321775452 0.029311499 0.946362534 33.995022250 0.004833123 0.999456865 -0.032599301 -0.509424158 -0.946803566 0.015063537 0.321459111 15.254165240
0.345948492 0.028224151 0.937829177 34.183571150 0.003805493 0.999497424 -0.031483871 -0.510872413 -0.938245449 0.014460744 0.345667137 15.362041624
0.357847242 0.027702810 0.933369945 34.284026715 0.003520771 0.999513250 -0.031015793 -0.511738558 -0.933773555 0.014385061 0.357575478 15.425830945
0.382168825 0.026497543 0.923713196 34.491138955 0.003416900 0.999541892 -0.030086480 -0.513745223 -0.924086494 0.014654350 0.381903488 15.545505628
0.408179467 0.024611243 0.912570129 34.694592772 0.004126890 0.999576685 -0.028803647 -0.515008824 -0.912892735 0.015523214 0.407905241 15.674685856
0.421786227 0.023817418 0.906382906 34.790544152 0.003724271 0.999600680 -0.027999967 -0.515201493 -0.906687825 0.015185611 0.421529876 15.747445702
0.449441086 0.023794789 0.892993152 34.987484919 0.000901675 0.999632738 -0.027090185 -0.516928763 -0.893309293 0.012980618 0.449254398 15.896198990
0.478049338 0.025874155 0.877952462 35.187455449 -0.003376161 0.999612967 -0.027621262 -0.521105115 -0.878326118 0.010240206 0.477951875 16.058788009
0.492364095 0.026455658 0.869987143 35.283078891 -0.004695385 0.999603985 -0.027739957 -0.522805595 -0.870376228 0.009573263 0.492293388 16.143227232
0.523059351 0.025408071 0.851917767 35.482524224 -0.005385030 0.999633810 -0.026507397 -0.523709484 -0.852278567 0.009277372 0.523005149 16.329091077
0.552452837 0.023522603 0.833212660 35.676930305 -0.005511417 0.999683035 -0.024567987 -0.523331424 -0.833525839 0.008980466 0.552407346 16.511722127
0.567780052 0.022380166 0.822876652 35.770603884 -0.004964442 0.999705475 -0.023763939 -0.523329912 -0.823165385 0.009407567 0.567723854 16.606725990
0.598670024 0.020330365 0.800738344 35.961024019 -0.003988865 0.999740866 -0.022400766 -0.523696605 -0.800986222 0.010216584 0.598595920 16.810541695
0.630382598 0.020398269 0.776017394 36.142968775 -0.006634050 0.999760164 -0.020890507 -0.523424792 -0.776256473 0.008020822 0.630366225 17.044503105
0.644756077 0.021130932 0.764096415 36.232682794 -0.009135551 0.999759318 -0.019939349 -0.522898419 -0.764334171 0.005875552 0.644793698 17.160674678
0.674745751 0.022677247 0.737702064 36.412643822 -0.013399980 0.999739233 -0.018475888 -0.522554118 -0.737928982 0.002581395 0.674874032 17.405222478
0.703658747 0.022998191 0.710166706 36.586631748 -0.013653822 0.999729688 -0.018846835 -0.525236164 -0.710407405 0.003565179 0.703781175 17.646059038
0.719120655 0.024164662 0.694465915 36.674863451 -0.014981359 0.999701977 -0.019272425 -0.526865283 -0.694723672 0.003455112 0.719268619 17.785041937
0.749363704 0.024374189 0.661709674 36.845972963 -0.014850452 0.999689437 -0.020006140 -0.529709579 -0.661991550 0.005165115 0.749493041 18.071445776
0.779114470 0.021608583 0.626509323 37.017647253 -0.011379400 0.999728204 -0.020329836 -0.531732784 -0.626778055 0.008709972 0.779149138 18.370033856
0.793246305 0.021048063 0.608538252 37.101102096 -0.011270342 0.999738621 -0.019887756 -0.531537050 -0.608796864 0.008917480 0.793275519 18.529631165
0.820219690 0.020869965 0.571668363 37.256770382 -0.012698550 0.999752520 -0.018278336 -0.529639240 -0.571907338 0.007732925 0.820281546 18.853497612
0.845985075 0.019678702 0.532844536 37.391594202 -0.012774547 0.999780121 -0.016641426 -0.527148790 -0.533054103 0.007271489 0.846050091 19.187811912
0.858383588 0.019775327 0.512627431 37.455896520 -0.013449526 0.999780887 -0.016046924 -0.526201245 -0.512832691 0.006879755 0.858461184 19.358926844
0.881949330 0.019917886 0.470924976 37.563667909 -0.014818526 0.999785051 -0.014534078 -0.523173678 -0.471111845 0.005839883 0.882053880 19.711597357
0.903622906 0.019580832 0.427881379 37.658184669 -0.015412183 0.999794353 -0.013204583 -0.519986850 -0.428051235 0.005337433 0.903738584 20.079545036
0.913742759 0.019374467 0.405831535 37.704189571 -0.015787546 0.999801489 -0.012184530 -0.517768042 -0.405985851 0.004726424 0.913867269 20.262706607
0.933305977 0.019917584 0.358532453 37.769971932 -0.017198234 0.999794017 -0.010772678 -0.513723415 -0.358672445 0.003888047 0.933455120 20.647934323
0.949287115 0.020143945 0.313767149 37.826398143 -0.017424761 0.999782747 -0.011468613 -0.512983490 -0.313929652 0.005419615 0.949430392 21.027310724
0.956247719 0.019354962 0.291920418 37.859400938 -0.016623459 0.999792080 -0.011834859 -0.512726504 -0.292088225 0.006464291 0.956369577 21.214118518
0.968523015 0.016505488 0.248379311 37.906832906 -0.014043267 0.999833461 -0.011681833 -0.509959837 -0.248529477 0.007826010 0.968592604 21.611426897
0.978900283 0.014474559 0.203829586 37.937126930 -0.012812213 0.999873125 -0.009472673 -0.502840166 -0.203940837 0.006661247 0.978960949 22.045131182
0.983088886 0.013788762 0.182610713 37.947915340 -0.012507960 0.999888111 -0.008164029 -0.498737681 -0.182702520 0.005741909 0.983151364 22.265125970
0.990063723 0.012933963 0.140025787 37.961361232 -0.012343584 0.999911361 -0.005083883 -0.489780770 -0.140078288 0.003304981 0.990135105 22.688086782
0.995437128 0.012262583 0.094630560 37.942897847 -0.011982013 0.999922007 -0.003532640 -0.482310715 -0.094665668 0.002382707 0.995505844 23.150069588
0.997320961 0.012468998 0.072083150 37.931425228 -0.012297879 0.999920592 -0.002817483 -0.478796181 -0.072112238 0.001923527 0.997394860 23.367796839
0.999589121 0.013569087 0.025256309 37.880304967 -0.013545075 0.999907449 -0.001120722 -0.470348144 -0.025268086 0.000778114 0.999680153 23.832719089
0.999653128 0.014570877 -0.021950826 37.809154009 -0.014580612 0.999893305 -0.000283765 -0.462777410 0.021944890 0.000603670 0.999758850 24.308644759
0.995995847 0.013192169 -0.088423352 37.670184850 -0.013177389 0.999913470 0.000750697 -0.450828404 0.088426168 0.000417497 0.996082458 25.025745821
0.991267886 0.010678729 -0.131432472 37.555108397 -0.010571489 0.999942643 0.001513770 -0.442082948 0.131441532 -0.000111157 0.991323671 25.509300242
0.988274675 0.010055047 -0.152353784 37.491511112 -0.009900065 0.999949796 0.001775687 -0.437736616 0.152364555 -0.000246597 0.988324860 25.753155799
0.981263279 0.011226687 -0.192346981 37.343458987 -0.011069217 0.999937362 0.001893103 -0.429081122 0.192356588 0.000271406 0.981324932 26.251323170
0.973148857 0.014192041 -0.229743512 37.177387107 -0.014126368 0.999898356 0.001930693 -0.420065817 0.229747270 0.001366547 0.973249296 26.749890093
0.969295176 0.016263284 -0.245362235 37.091259234 -0.016236391 0.999865656 0.002132564 -0.415006103 0.245364116 0.001916713 0.969428725 27.003119996
0.961399765 0.019203455 -0.274484412 36.915076855 -0.019253910 0.999811291 0.002510595 -0.404966431 0.274481023 0.002871167 0.961588429 27.495241876
0.953425927 0.018003788 -0.301092004 36.724825247 -0.017777051 0.999835892 0.003493246 -0.393337543 0.301105572 0.002022038 0.953589057 28.002085887
0.949732220 0.016421785 -0.312635626 36.632808205 -0.015914149 0.999865260 0.004175475 -0.387265408 0.312661935 0.001009703 0.949863993 28.251550644
0.942312181 0.014376507 -0.334428454 36.429338116 -0.013163812 0.999895942 0.005892501 -0.373737788 0.334478983 -0.001150237 0.942402764 28.773648605
0.934897129 0.012575285 -0.354696047 36.221645035 -0.010603105 0.999915299 0.007503343 -0.360278198 0.354760497 -0.003254002 0.934951694 29.293067736
0.931018163 0.012649732 -0.364755293 36.109648195 -0.010164096 0.999910141 0.008733704 -0.352634111 0.364833119 -0.004423823 0.931061981 29.553503222
0.923588476 0.013798907 -0.383138795 35.873517282 -0.010618598 0.999889230 0.010414467 -0.338318452 0.383239999 -0.005550312 0.923632117 30.078543162
0.916207916 0.013782222 -0.400467464 35.624947169 -0.010196249 0.999886615 0.011084018 -0.325233497 0.400575482 -0.006072007 0.916243500 30.619414767
0.912369909 0.013983188 -0.409129315 35.499121572 -0.010192372 0.999882773 0.011444665 -0.318701101 0.409241439 -0.006271779 0.912404949 30.882949182
0.905213553 0.013285099 -0.424749150 35.234167342 -0.009701956 0.999896947 0.010597758 -0.307806339 0.424846709 -0.005472311 0.905249176 31.425326268
0.898611563 0.011962268 -0.438583517 34.960486143 -0.008466409 0.999914987 0.009925725 -0.296296133 0.438664579 -0.005206164 0.898635675 31.973994916
0.895703249 0.011134986 -0.444514540 34.819722911 -0.007368856 0.999921450 0.010199432 -0.289333779 0.444593302 -0.005860134 0.895713035 32.251730988
0.890587537 0.016155840 -0.454525894 34.527843811 -0.011670020 0.999851489 0.012673170 -0.271763770 0.454663499 -0.005982246 0.890643080 32.812382362
0.886393404 0.022132083 -0.462404457 34.233427426 -0.017164373 0.999741227 0.014947890 -0.254402529 0.462615945 -0.005312855 0.886542459 33.371428679
0.884276497 0.024108289 -0.466341502 34.076087804 -0.018542360 0.999691496 0.016520703 -0.244610166 0.466595840 -0.005961799 0.884450616 33.662262480
0.881028108 0.024195062 -0.472446028 33.769777258 -0.017987679 0.999682118 0.017652293 -0.228608249 0.472723073 -0.007053961 0.881183002 34.249337379
0.877388671 0.020592921 -0.479339537 33.461106327 -0.015037550 0.999767685 0.015426211 -0.218575073 0.479546021 -0.006326684 0.877494195 34.823224847
0.873093683 0.020670355 -0.487114997 32.977818111 -0.017063976 0.999784473 0.011840042 -0.203308615 0.487254386 -0.002025355 0.873257951 35.688947267
0.871028384 0.025182796 -0.490587390 32.651811038 -0.021470802 0.999682913 0.013194678 -0.186376281 0.490764168 -0.000959671 0.871291502 36.275342205
0.869818212 0.026575424 -0.492656615 32.478683447 -0.022314528 0.999645870 0.014526090 -0.176443482 0.492867825 -0.001641653 0.870102624 36.579845581
0.868327906 0.027909020 -0.495205698 32.148197951 -0.022493248 0.999603932 0.016895052 -0.157598051 0.495481415 -0.003531690 0.868611230 37.175194499
0.866344019 0.027963628 -0.498665996 31.808927938 -0.021973580 0.999598449 0.017879161 -0.140906334 0.498965920 -0.004532000 0.866610163 37.776871940
0.865340463 0.027668070 -0.500420201 31.635744876 -0.021741750 0.999607197 0.017671396 -0.133642721 0.500712859 -0.004411737 0.865601677 38.081410941
0.863004796 0.025992325 -0.504527342 31.282306534 -0.020434295 0.999653912 0.016547093 -0.120130334 0.504783314 -0.003970575 0.863236489 38.697874160
0.860801347 0.025556070 -0.508299802 30.929212751 -0.019734813 0.999663386 0.016839910 -0.104310381 0.508559190 -0.004464618 0.861015335 39.302647327
