1.000000000 -0.000000000 0.000000000 0.000000000 0.000000000 1.000000000 0.000000000 0.000000000 -0.000000000 0.000000000 1.000000000 -0.000000000
0.999997371 0.000266898 -0.002403386 0.002349640 -0.000266763 1.000000033 0.000059554 0.002513602 0.002403368 -0.000058913 0.999996434 0.370050091
0.999973798 -0.000495749 -0.007251583 0.000801084 0.000495849 1.000000420 0.000013534 0.007311096 0.007251606 -0.000017132 0.999972812 1.130075168
0.999926728 -0.000991229 -0.012094107 -0.003621757 0.000991017 0.999999135 -0.000023801 0.012048862 0.012094155 0.000011824 0.999926204 1.880063525
0.999898492 -0.001440899 -0.014181260 -0.003276388 0.001445764 0.999998761 0.000332362 0.015044238 0.014180789 -0.000352829 0.999898757 2.250085426
0.999834005 -0.002542051 -0.018052407 -0.003704666 0.002553910 0.999996749 0.000634088 0.020368364 0.018050759 -0.000680082 0.999836235 3.000120310
0.999740128 -0.002954925 -0.022613336 -0.010257677 0.002976154 0.999995170 0.000904917 0.025680332 0.022610571 -0.000971978 0.999743236 3.760079299
0.999691470 -0.003187470 -0.024648835 -0.015037341 0.003219570 0.999993724 0.001262426 0.028692646 0.024644639 -0.001341386 0.999695428 4.140037682
0.999538532 -0.003855590 -0.030142085 -0.029591022 0.003906626 0.999991092 0.001634341 0.034111817 0.030135567 -0.001751333 0.999544080 4.899895480
0.999404971 -0.003181030 -0.034349191 -0.047012403 0.003237931 0.999993430 0.001601132 0.038741306 0.034343876 -0.001711400 0.999408421 5.649721197
0.999348689 -0.002683236 -0.036009082 -0.057912291 0.002744378 0.999994699 0.001648488 0.041241493 0.036004413 -0.001746237 0.999349266 6.039606863
0.999212538 -0.001874832 -0.039645757 -0.083581631 0.001934509 0.999997286 0.001466838 0.045663072 0.039642915 -0.001542378 0.999212700 6.809332211
0.999103812 0.000086362 -0.042333673 -0.117645606 -0.000037007 0.999999380 0.001166528 0.052023332 0.042333721 -0.001163905 0.999102796 7.928974286
0.999021350 0.000688579 -0.044230115 -0.142947891 -0.000616935 0.999999010 0.001633566 0.057347554 0.044231092 -0.001604681 0.999020047 8.668695670
0.998995879 0.001307828 -0.044799764 -0.163367562 -0.001239856 0.999998333 0.001545680 0.061799757 0.044801716 -0.001488575 0.998994437 9.418484823
0.998983514 0.001651733 -0.045066731 -0.174146150 -0.001568284 0.999997374 0.001885454 0.064717484 0.045069738 -0.001812851 0.998981960 9.798368426
0.998970158 0.001285979 -0.045372660 -0.189574895 -0.001180337 0.999996981 0.002355529 0.070155121 0.045375578 -0.002299541 0.998967181 10.548214134
0.998911800 0.001462037 -0.046631404 -0.212002174 -0.001334465 0.999995018 0.002766114 0.075459074 0.046635230 -0.002700876 0.998907798 11.297972746
0.998886403 0.001585543 -0.047159870 -0.222646024 -0.001468043 0.999995709 0.002524809 0.077304433 0.047163697 -0.002452755 0.998883663 11.667863757
0.998830430 0.001308472 -0.048344378 -0.247304480 -0.001229015 0.999997558 0.001672837 0.080515184 0.048346518 -0.001611454 0.998829096 12.437609366
0.998778145 0.001469948 -0.049407586 -0.273083034 -0.001448751 0.999998757 0.000465611 0.083179304 0.049408237 -0.000393464 0.998778271 13.217345294
0.998782145 0.001442082 -0.049319467 -0.283976698 -0.001436877 0.999999567 0.000140242 0.084989532 0.049319704 -0.000069207 0.998782410 13.607235346
0.998759626 0.000608525 -0.049801892 -0.306770491 -0.000613995 1.000000284 -0.000094723 0.089330847 0.049801831 0.000125185 0.998758814 14.386998304
0.998693138 0.000268394 -0.051117074 -0.334439773 -0.000280585 0.999999980 -0.000231317 0.093754228 0.051116943 0.000245356 0.998692137 15.156698513
0.998683093 0.000422328 -0.051314115 -0.347212170 -0.000436762 0.999999667 -0.000270282 0.095993799 0.051314011 0.000292346 0.998681904 15.536561299
0.998655789 0.001496732 -0.051814865 -0.373752876 -0.001530368 0.999998870 -0.000609045 0.100023868 0.051813845 0.000687518 0.998655726 16.296277163
0.998627157 0.001911557 -0.052356797 -0.400287630 -0.001984020 0.999997358 -0.001332197 0.103393978 0.052354070 0.001434252 0.998627429 17.055997223
0.998608659 0.001856620 -0.052700670 -0.415051040 -0.001961006 0.999996642 -0.001928260 0.104645411 0.052696828 0.002028924 0.998607829 17.435841163
0.998572129 0.001091585 -0.053414828 -0.443710372 -0.001237048 0.999995345 -0.002690727 0.107969760 0.053411619 0.002752972 0.998568613 18.205535795
0.998536488 0.001604289 -0.054072382 -0.474510698 -0.001739827 0.999995675 -0.002458934 0.113068238 0.054068175 0.002549411 0.998533902 18.985193430
0.998529280 0.001534376 -0.054208073 -0.491404999 -0.001683427 0.999994577 -0.002703235 0.114973868 0.054203645 0.002790514 0.998525721 19.375007494
0.998538347 0.001297919 -0.054030692 -0.520201234 -0.001447755 0.999995556 -0.002733807 0.119610572 0.054026870 0.002808039 0.998535142 20.154693191
0.998527902 0.001597084 -0.054215970 -0.550993894 -0.001761699 0.999993975 -0.002987652 0.123859101 0.054210817 0.003078763 0.998524398 20.934356230
0.998536201 0.001317597 -0.054072882 -0.565015715 -0.001488912 0.999994242 -0.003126831 0.126024446 0.054068504 0.003202773 0.998532065 21.334205742
0.998553743 0.000826697 -0.053772972 -0.621977253 -0.001027326 0.999992311 -0.003702936 0.134614296 0.053769514 0.003752821 0.998545431 22.923592273
0.998573231 0.001021174 -0.053406267 -0.635997181 -0.001234701 0.999991809 -0.003966912 0.136569653 0.053401717 0.004027145 0.998564687 23.323443120
0.998593052 0.001088629 -0.053016857 -0.661783581 -0.001337411 0.999988829 -0.004656983 0.140103720 0.053011169 0.004721279 0.998581889 24.103173518
0.998608287 0.000622192 -0.052749576 -0.685826439 -0.000888233 0.999986777 -0.005020414 0.144330811 0.052745730 0.005060265 0.998594517 24.902923456
0.998612153 0.001038188 -0.052669964 -0.699723173 -0.001310544 0.999986402 -0.005135679 0.146493721 0.052663907 0.005197607 0.998598237 25.292773575
0.998598589 0.002683099 -0.052859555 -0.738407386 -0.002928704 0.999985187 -0.004569199 0.152555488 0.052846557 0.004717632 0.998591318 26.142333002
0.998599404 0.003842122 -0.052773628 -0.771828763 -0.004100256 0.999980398 -0.004784515 0.157187967 0.052754172 0.004994250 0.998594742 26.971965516
0.998596079 0.003963580 -0.052825940 -0.787218324 -0.004243276 0.999978075 -0.005183444 0.158592990 0.052804228 0.005400330 0.998589575 27.321797690
0.998563934 0.005200330 -0.053327341 -0.822244988 -0.005556850 0.999963293 -0.006539364 0.161070100 0.053291373 0.006826299 0.998555738 28.121420552
0.998582503 0.005486833 -0.052944555 -0.850414080 -0.005857258 0.999959891 -0.006842818 0.165443221 0.052904844 0.007143151 0.998573443 28.931118716
0.998600439 0.005185379 -0.052642605 -0.865564928 -0.005548579 0.999961513 -0.006756786 0.168051874 0.052605613 0.007039444 0.998589701 29.340952255
0.998637091 0.004822978 -0.051979388 -0.891872153 -0.005154908 0.999966894 -0.006252831 0.173865539 0.051947551 0.006512305 0.998627890 30.160665797
0.998685791 0.004364003 -0.051080818 -0.914928658 -0.004663016 0.999973279 -0.005734976 0.179601637 0.051054404 0.005965546 0.998677951 30.960418705
0.998704426 0.004155575 -0.050727816 -0.928073882 -0.004467080 0.999972185 -0.006027707 0.181578526 0.050701381 0.006246462 0.998694215 31.370281388
0.998727506 0.003859237 -0.050292384 -0.954487525 -0.004205131 0.999968157 -0.006774416 0.185324751 0.050264692 0.006977236 0.998711348 32.200007481
0.998760519 0.003692366 -0.049648803 -0.983021507 -0.004086537 0.999961368 -0.007840626 0.188555243 0.049618003 0.008033785 0.998735092 33.039711135
0.998797278 0.003035490 -0.048943577 -0.994421474 -0.003426816 0.999962689 -0.007914351 0.191035168 0.048917778 0.008072529 0.998769416 33.469594564
0.998851699 0.001667899 -0.047878289 -1.018105762 -0.002024635 0.999970672 -0.007404655 0.197043420 0.047864505 0.007493141 0.998825622 34.319342787
0.998876286 0.000937054 -0.047403003 -1.045802832 -0.001225541 0.999981268 -0.006055385 0.204485189 0.047396379 0.006106658 0.998857173 35.169031642
0.998894972 0.000070652 -0.047012837 -1.057086009 -0.000332343 0.999985030 -0.005558504 0.207882624 0.047011700 0.005567997 0.998877974 35.588909830
0.998949630 -0.000566125 -0.045825970 -1.076773931 0.000343638 0.999988671 -0.004862678 0.214277248 0.045828150 0.004841803 0.998937547 36.438705851
0.998982823 -0.000881460 -0.045100025 -1.099198151 0.000659023 0.999987274 -0.004946928 0.219179798 0.045103827 0.004912157 0.998970196 37.268474848
0.998951819 -0.001194519 -0.045760763 -1.114595116 0.000957342 0.999985997 -0.005204705 0.221343346 0.045766340 0.005155456 0.998938501 37.698310034
0.998995685 -0.001351092 -0.044787592 -1.135139793 0.001099479 0.999983328 -0.005641987 0.225726559 0.044794509 0.005587148 0.998980461 38.538106869
0.999027668 -0.002507483 -0.044030705 -1.151936023 0.002241893 0.999979367 -0.006080189 0.230251027 0.044045005 0.005975583 0.999011709 39.397951878
0.999029892 -0.002689764 -0.043959466 -1.161211501 0.002423529 0.999978852 -0.006108335 0.232786712 0.043974892 0.005995898 0.999013779 39.817860672
0.999049303 -0.002956195 -0.043496180 -1.178011069 0.002682609 0.999975901 -0.006347048 0.237681157 0.043513873 0.006224292 0.999033092 40.677703329
0.999100915 -0.002855224 -0.042304451 -1.194695469 0.002607774 0.999979038 -0.005903528 0.243673102 0.042320472 0.005787898 0.999087300 41.527539601
0.999137109 -0.002782694 -0.041456655 -1.201224367 0.002543993 0.999980127 -0.005809546 0.246560930 0.041472042 0.005698994 0.999123367 41.967482664
0.999125247 -0.002207232 -0.041776906 -1.222285358 0.001984411 0.999983697 -0.005374383 0.252723771 0.041788117 0.005286761 0.999111626 42.847265821
0.999104574 -0.002708960 -0.042225635 -1.243486137 0.002541486 0.999988412 -0.004019514 0.260518948 0.042236023 0.003908593 0.999099529 43.737038010
0.999114217 -0.002904594 -0.041998296 -1.251905673 0.002786778 0.999992245 -0.002863577 0.265156038 0.042006291 0.002743997 0.999113170 44.166945418
0.999125541 -0.002851063 -0.041724963 -1.269860514 0.002803793 0.999995109 -0.001191554 0.273403615 0.041728199 0.001073528 0.999128167 45.036753604
0.999118609 -0.003797277 -0.041813945 -1.285672737 0.003774738 0.999992673 -0.000618055 0.279697074 0.041815959 0.000459666 0.999124468 45.896599932
0.999127786 -0.004001010 -0.041563112 -1.294079285 0.003991822 0.999991790 -0.000304063 0.282894252 0.041563995 0.000137890 0.999135660 46.326516493
0.999119873 -0.003942346 -0.041762878 -1.311880086 0.003926411 0.999992345 -0.000463618 0.287929590 0.041764423 0.000299240 0.999127146 47.186345690
0.999115919 -0.004904176 -0.041773772 -1.329811566 0.004896410 0.999988298 -0.000288257 0.293587324 0.041774719 0.000083461 0.999126914 48.056170340
0.999113066 -0.004417903 -0.041874380 -1.341339688 0.004412711 0.999990352 -0.000216220 0.296409662 0.041874913 0.000031252 0.999122200 48.496051002
0.999108718 -0.003286622 -0.042095375 -1.362137605 0.003266423 0.999994966 -0.000548479 0.301137723 0.042096936 0.000410492 0.999113497 49.355844462
0.999075751 -0.003231227 -0.042867399 -1.382932457 0.003188259 0.999994787 -0.001070607 0.305525804 0.042870586 0.000932940 0.999080055 50.215640084
0.999057784 -0.003303956 -0.043292484 -1.394333236 0.003259105 0.999994331 -0.001106554 0.308095723 0.043295959 0.000964423 0.999060937 50.645522941
0.999072580 -0.002021339 -0.043028819 -1.417144444 0.001998841 0.999997817 -0.000566007 0.314305496 0.043029887 0.000479477 0.999072876 51.505281855
0.999109412 -0.002542258 -0.042122288 -1.431232786 0.002611485 0.999995282 0.001588552 0.323471846 0.042118136 -0.001697135 0.999110817 52.385133864
0.999116671 -0.003177951 -0.041921124 -1.438656680 0.003307287 0.999990299 0.003016329 0.328588006 0.041911163 -0.003152303 0.999116431 52.815050790
0.999073417 -0.003638382 -0.042887364 -1.461583416 0.003766679 0.999988670 0.002911074 0.333740277 0.042876246 -0.003069909 0.999074946 53.684815835
0.999059276 -0.003480470 -0.043228340 -1.488479821 0.003522503 0.999993948 0.000896297 0.335546356 0.043224927 -0.001047730 0.999064239 54.554551897
0.999027011 -0.003543830 -0.043970803 -1.502854357 0.003511590 0.999993203 -0.000810584 0.335219155 0.043973463 0.000655396 0.999032565 54.984415480
0.998994450 -0.003285262 -0.044727927 -1.530633311 0.003185268 0.999992113 -0.002306924 0.337873649 0.044735166 0.002162139 0.998996391 55.844134177
0.998979174 -0.002851938 -0.045100227 -1.556459856 0.002820841 0.999996252 -0.000753309 0.345796022 0.045102185 0.000625316 0.998982014 56.703844512
0.998945333 -0.001538583 -0.045896418 -1.600696357 0.001604386 0.999997785 0.001396833 0.357334558 0.045894132 -0.001468999 0.998944584 57.993343109
0.998929603 -0.001328387 -0.046241435 -1.626636714 0.001431062 0.999996709 0.002187350 0.364009440 0.046238450 -0.002251178 0.998927313 58.863060784
0.998965581 -0.001284609 -0.045472875 -1.635165915 0.001391497 0.999996286 0.002318891 0.366939068 0.045469674 -0.002379768 0.998962150 59.302978454
0.998975638 -0.001948406 -0.045219397 -1.657474887 0.002066345 0.999994567 0.002561396 0.372867693 0.045214162 -0.002652204 0.998973822 60.202749354
0.998971947 -0.002139193 -0.045299595 -1.679652639 0.002252201 0.999994540 0.002443685 0.378113925 0.045294063 -0.002543180 0.998970549 61.092525183
0.998950930 -0.001853257 -0.045754819 -1.692175860 0.001956155 0.999995719 0.002204286 0.380397197 0.045750492 -0.002291470 0.998950322 61.532396708
0.998949724 -0.002922121 -0.045742856 -1.716340747 0.002983922 0.999994632 0.001282710 0.384225318 0.045738859 -0.001417846 0.998952226 62.422156424
0.998917517 -0.002925239 -0.046424439 -1.745505217 0.002945019 0.999995475 0.000357870 0.388027947 0.046423164 -0.000494200 0.998921435 63.311853484
0.998941811 -0.002574851 -0.045939131 -1.756156651 0.002590344 0.999996258 0.000277446 0.390651829 0.045938236 -0.000396143 0.998944036 63.761747380
0.998949038 -0.002668989 -0.045765973 -1.779465143 0.002694391 0.999996011 0.000493321 0.396531359 0.045764461 -0.000616106 0.998951864 64.661506028
0.998929108 -0.002969317 -0.046185973 -1.802516696 0.002988151 0.999995192 0.000338561 0.401656066 0.046184717 -0.000476200 0.998932552 65.541270657
0.998900442 -0.003457289 -0.046765795 -1.816041963 0.003472739 0.999994203 0.000249136 0.404170225 0.046764689 -0.000411268 0.998905823 65.981128150
0.998885364 -0.003283253 -0.047091223 -1.843330317 0.003248810 0.999994544 -0.000807892 0.407833493 0.047093630 0.000654011 0.998890333 66.880850632
0.998799834 -0.002265036 -0.048940685 -1.882622291 0.002191396 0.999996783 -0.001558355 0.411947549 0.048944038 0.001449237 0.998799774 67.780419485
0.998817240 -0.001606923 -0.048609868 -1.898515998 0.001502688 0.999996889 -0.002180973 0.413720858 0.048613124 0.002105338 0.998814819 68.250254787
0.998762132 -0.000506063 -0.049748324 -1.933315585 0.000391636 0.999996977 -0.002310038 0.418691520 0.049749379 0.002287695 0.998758317 69.109870813
0.998763544 0.000403477 -0.049712956 -1.961631869 -0.000481811 0.999998720 -0.001563900 0.425455502 0.049712246 0.001585922 0.998762103 70.009561021
0.998734113 0.001380272 -0.050297666 -1.980159607 -0.001456408 0.999998284 -0.001475822 0.428264148 0.050295518 0.001547213 0.998733205 70.449353824
0.998714447 0.002671136 -0.050632148 -2.015346452 -0.002721840 0.999995883 -0.000931851 0.434572032 0.050629504 0.001068468 0.998716605 71.338959576
0.998680090 0.003537274 -0.051250368 -2.051666472 -0.003536452 0.999993387 0.000105348 0.441783196 0.051250419 0.000076037 0.998685360 72.238546431
0.998668606 0.004748789 -0.051366247 -2.070320651 -0.004742590 0.999988842 0.000242121 0.444744267 0.051366816 0.000001808 0.998679050 72.688337674
0.998642135 0.004547921 -0.051910308 -2.108870405 -0.004557768 0.999989978 -0.000071802 0.449702239 0.051909483 0.000308308 0.998651172 73.607912543
0.998590771 0.004174190 -0.052920426 -2.147405458 -0.004250925 0.999990578 -0.001339112 0.453030309 0.052914320 0.001562182 0.998597389 74.527497773
0.998586977 0.004932670 -0.052916638 -2.168176098 -0.005033152 0.999986392 -0.001766056 0.455045675 0.052907155 0.002029893 0.998597102 74.987269309
0.998645266 0.004593023 -0.051848423 -2.196353495 -0.004695295 0.999987732 -0.001852501 0.460277316 0.051839174 0.002093443 0.998653067 75.876969849
0.998632706 0.005021381 -0.052042374 -2.228533482 -0.005119803 0.999985147 -0.001758758 0.465812542 0.052032785 0.002022804 0.998643044 76.766618204
0.998636012 0.005545219 -0.051927004 -2.244183418 -0.005651751 0.999981966 -0.001904152 0.468290940 0.051915536 0.002195032 0.998648401 77.216450206
0.998613840 0.006105223 -0.052292391 -2.273354743 -0.006239292 0.999977373 -0.002400212 0.472853522 0.052276561 0.002723157 0.998628906 78.106142435
0.998570050 0.007806709 -0.052895348 -2.304654705 -0.007961105 0.999964279 -0.002708697 0.477820317 0.052872319 0.003125934 0.998596254 79.005806376
0.998568242 0.008492007 -0.052817303 -2.318308578 -0.008642468 0.999959120 -0.002619769 0.480726886 0.052792942 0.003072501 0.998600680 79.455660784
0.998554851 0.010015586 -0.052809182 -2.348498815 -0.010130615 0.999946853 -0.001909822 0.487390242 0.052787264 0.002442056 0.998602350 80.345327094
0.998511408 0.011332198 -0.053365722 -2.384690320 -0.011405608 0.999934876 -0.001071680 0.494218995 0.053350033 0.001678746 0.998574123 81.234916972
0.998462017 0.011763746 -0.054181605 -2.406219595 -0.011827682 0.999929625 -0.000859493 0.497210334 0.054167627 0.001499013 0.998530544 81.674670923
0.998417169 0.012132456 -0.054933095 -2.445141988 -0.012213057 0.999924870 -0.001131923 0.501947049 0.054915243 0.001801034 0.998488800 82.544237591
0.998415991 0.013216665 -0.054688909 -2.481174314 -0.013370014 0.999907330 -0.002439569 0.504993598 0.054651626 0.003166899 0.998500032 83.423852103
0.998406461 0.013892857 -0.054697114 -2.500691741 -0.014078456 0.999896285 -0.003008447 0.506663215 0.054649628 0.003773712 0.998498480 83.863639583
0.998366499 0.014031512 -0.055396151 -2.537733056 -0.014259753 0.999891216 -0.003726238 0.510710604 0.055337826 0.004510068 0.998457176 84.743235169
0.998363489 0.013081941 -0.055680140 -2.570928618 -0.013246790 0.999909127 -0.002592741 0.517976627 0.055641194 0.003326080 0.998444530 85.632859958
0.998358367 0.012540132 -0.055895931 -2.588591213 -0.012665561 0.999918594 -0.001890239 0.521866741 0.055867723 0.002595083 0.998434432 86.082657858
0.998317685 0.012194882 -0.056688167 -2.665584386 -0.012268189 0.999924409 -0.000946135 0.533921548 0.056672310 0.001640006 0.998390581 87.831786757
0.998321176 0.011725638 -0.056729361 -2.683977927 -0.011823097 0.999928794 -0.001383181 0.535717822 0.056709079 0.002051584 0.998387792 88.261586587
0.998383215 0.009630207 -0.056019958 -2.714022332 -0.009751425 0.999950327 -0.001890889 0.540078884 0.055998955 0.002434112 0.998427878 89.141268124
0.998392048 0.009720237 -0.055854712 -2.749076062 -0.009836396 0.999949625 -0.001806639 0.545494387 0.055834380 0.002353149 0.998436429 90.020880141
0.998449406 0.010406081 -0.054692396 -2.761487905 -0.010483271 0.999944633 -0.001124489 0.549295133 0.054677626 0.001696092 0.998501778 90.450742610
0.998469200 0.006763084 -0.054894201 -2.826849646 -0.006795717 0.999976967 -0.000409409 0.560627900 0.054890174 0.000781834 0.998491778 92.150017255
0.998442698 0.007114128 -0.055332415 -2.847256027 -0.007126676 0.999974854 -0.000029060 0.563855889 0.055330750 0.000423353 0.998467896 92.579782857
0.998428247 0.006798719 -0.055640176 -2.885075910 -0.006742572 0.999977106 0.001197081 0.571089118 0.055647002 -0.000820046 0.998449373 93.439346809
0.998428497 0.005835073 -0.055747053 -2.916768805 -0.005715593 0.999981042 0.002302129 0.578084519 0.055759404 -0.001979870 0.998442130 94.288988247
0.998401148 0.006002741 -0.056217605 -2.936043001 -0.005884858 0.999979891 0.002261353 0.580519222 0.056230064 -0.001926901 0.998415471 94.708772046
0.998319722 0.007875034 -0.057422634 -2.980576068 -0.007818581 0.999969213 0.001208137 0.583714135 0.057430331 -0.000757139 0.998348901 95.548274907
0.998329731 0.008311026 -0.057180533 -3.013874702 -0.008256355 0.999965396 0.001191689 0.588604165 0.057188466 -0.000717594 0.998363047 96.367906375
0.998339087 0.008789086 -0.056937871 -3.031024952 -0.008732337 0.999961521 0.001246189 0.591154624 0.056946631 -0.000746917 0.998376756 96.777715157
0.998292235 0.010412585 -0.057490544 -3.066317304 -0.010383369 0.999945589 0.000806279 0.595356497 0.057495804 -0.000207948 0.998345556 97.597325872
0.998273271 0.010867029 -0.057728745 -3.097967620 -0.010915149 0.999940307 -0.000518898 0.597693610 0.057719707 0.001148117 0.998331836 98.366989088
0.998269548 0.010769201 -0.057817989 -3.117235684 -0.010842141 0.999941124 -0.000947413 0.599448354 0.057804313 0.001572644 0.998326389 98.786777210
0.998249194 0.011616715 -0.058004544 -3.155654299 -0.011711926 0.999930352 -0.001302198 0.603795356 0.057985405 0.001979268 0.998315259 99.616348720
0.998264908 0.012130247 -0.057634692 -3.187692956 -0.012259621 0.999922896 -0.001891499 0.607589683 0.057607285 0.002594807 0.998335587 100.416000900
0.998271710 0.012054378 -0.057522307 -3.201714868 -0.012191179 0.999924050 -0.002028924 0.609765027 0.057493432 0.002726689 0.998341857 100.815850348
0.998293649 0.011101922 -0.057343583 -3.228250523 -0.011272791 0.999933099 -0.002657282 0.613235131 0.057310156 0.003299163 0.998351026 101.575569772
0.998277214 0.010116118 -0.057806230 -3.264414512 -0.010319055 0.999941416 -0.003212789 0.617075493 0.057770340 0.003803766 0.998322679 102.385170813
0.998276245 0.009949924 -0.057844378 -3.282311761 -0.010155310 0.999943150 -0.003258586 0.619312004 0.057808710 0.003840391 0.998319486 102.774970209
0.998300604 0.008555956 -0.057648627 -3.313241143 -0.008729687 0.999957901 -0.002763396 0.624852889 0.057622597 0.003261960 0.998332855 103.564624441
0.998341419 0.007293091 -0.057122271 -3.342168058 -0.007444645 0.999968977 -0.002441974 0.630111989 0.057102737 0.002863177 0.998363464 104.354305591
0.998339313 0.006769093 -0.057214874 -3.359070026 -0.006905322 0.999973418 -0.002183454 0.632867567 0.057198553 0.002574918 0.998358686 104.744114251
0.998297950 0.006298980 -0.057990724 -3.393750019 -0.006400699 0.999978119 -0.001567791 0.638507183 0.057979559 0.001936300 0.998315091 105.513718783
0.998286930 0.005952449 -0.058218234 -3.427546379 -0.006053026 0.999980773 -0.001551834 0.643178390 0.058207872 0.001901566 0.998302132 106.293341443
0.998274961 0.006293435 -0.058387485 -3.445318090 -0.006397785 0.999978294 -0.001600936 0.645362470 0.058376191 0.001971723 0.998292311 106.673141764
0.998200167 0.006240355 -0.059659411 -3.481375932 -0.006307142 0.999979577 -0.000930369 0.651300271 0.059652410 0.001304972 0.998218138 107.472730063
0.998261934 0.006709149 -0.058556082 -3.515054060 -0.006746308 0.999976800 -0.000437869 0.656728999 0.058551820 0.000832153 0.998283931 108.242348499
0.998304228 0.006735789 -0.057822642 -3.526704464 -0.006760881 0.999976752 -0.000238879 0.659305213 0.057819671 0.000629408 0.998326907 108.612222300
0.998329573 0.008247417 -0.057196815 -3.549880728 -0.008250005 0.999966173 0.000190665 0.664515206 0.057196425 0.000281530 0.998362091 109.341970128
0.998312938 0.010160647 -0.057173926 -3.579058531 -0.010134284 0.999948561 0.000750227 0.669920593 0.057178578 -0.000169538 0.998363886 110.071641332
0.998297822 0.011340822 -0.057207444 -3.592590916 -0.011277727 0.999935335 0.001425850 0.673286128 0.057219930 -0.000778239 0.998361246 110.431485580
0.998309969 0.012019545 -0.056864467 -3.617139609 -0.011929997 0.999927574 0.001913389 0.678255766 0.056883222 -0.001231758 0.998379513 111.111212765
0.998281112 0.012818182 -0.057188950 -3.644807350 -0.012724730 0.999917548 0.001998819 0.682570582 0.057209853 -0.001267676 0.998360902 111.800905830
0.998284812 0.013172407 -0.057056167 -3.658207521 -0.013064236 0.999912150 0.002267538 0.685143731 0.057081007 -0.001518247 0.998367893 112.150755706
0.998249419 0.014100641 -0.057439628 -3.689874244 -0.013990962 0.999899618 0.002310631 0.689362158 0.057466485 -0.001502946 0.998345804 112.840399129
0.998251154 0.014846559 -0.057235834 -3.718657303 -0.014770835 0.999889191 0.001746378 0.692600375 0.057255455 -0.000897900 0.998358888 113.540085884
0.998237694 0.014618261 -0.057518273 -3.732049809 -0.014554470 0.999893470 0.001527344 0.694323575 0.057534463 -0.000687505 0.998342706 113.889941163
0.998226200 0.013727818 -0.057942114 -3.759968807 -0.013655318 0.999905386 0.001647306 0.698763252 0.057959246 -0.000853162 0.998318630 114.599632252
0.998206847 0.013243399 -0.058378161 -3.784023020 -0.013128934 0.999911446 0.002343035 0.704311690 0.058403961 -0.001572386 0.998291806 115.319365956
0.998232876 0.012464537 -0.058109321 -3.793550560 -0.012327337 0.999920719 0.002718602 0.707123655 0.058138557 -0.001997470 0.998305840 115.679263977
0.998247493 0.010394974 -0.058260611 -3.816358416 -0.010193474 0.999940701 0.003754742 0.713086298 0.058296135 -0.003154278 0.998293470 116.379008795
0.998275021 0.009655161 -0.057911449 -3.839902448 -0.009441200 0.999947384 0.003966692 0.717535067 0.057946750 -0.003413079 0.998313535 117.058751854
0.998241665 0.009090479 -0.058578240 -3.856169238 -0.008884953 0.999953389 0.003767503 0.719198541 0.058609723 -0.003240404 0.998275398 117.398570413
0.998257520 0.007641054 -0.058522892 -3.880827505 -0.007462229 0.999966923 0.003272783 0.722450718 0.058545934 -0.002830357 0.998280182 118.088307925
0.998244550 0.006723678 -0.058849487 -3.908356449 -0.006585463 0.999974967 0.002543277 0.725243192 0.058865128 -0.002151246 0.998263632 118.768011259
0.998275577 0.006178584 -0.058375800 -3.919625639 -0.006044671 0.999979299 0.002469299 0.727152145 0.058389896 -0.002112167 0.998291047 119.107891076
0.998362464 0.005127638 -0.056990331 -3.939164736 -0.005001950 0.999985159 0.002347797 0.731037344 0.057001441 -0.002058881 0.998371219 119.787687973
0.998390830 0.003842281 -0.056592243 -3.963452340 -0.003721165 0.999990745 0.002244962 0.734792188 0.056600362 -0.002030751 0.998394865 120.447424062
0.998375383 0.003425742 -0.056876921 -3.976725260 -0.003293671 0.999991758 0.002415529 0.737122917 0.056884727 -0.002224269 0.998378222 120.787276071
0.998409098 0.002849651 -0.056327071 -4.002012836 -0.002723837 0.999994021 0.002309306 0.740878662 0.056333339 -0.002152204 0.998408796 121.446999591
0.998415479 0.001899490 -0.056241640 -4.028554977 -0.001766177 0.999995401 0.002420538 0.745130147 0.056245932 -0.002317365 0.998414175 122.126706214
0.998395632 0.001869017 -0.056602860 -4.043952024 -0.001730257 0.999995602 0.002501881 0.747365119 0.056607194 -0.002399927 0.998393127 122.476533113
0.998408481 0.001325132 -0.056391623 -4.071488184 -0.001201162 0.999997224 0.002230868 0.750957544 0.056394331 -0.002159577 0.998405474 123.156231361
0.998428037 0.000682405 -0.056049121 -4.095025812 -0.000569453 0.999997468 0.002030986 0.754696356 0.056050400 -0.001995867 0.998426027 123.835978934
0.998445766 0.000337443 -0.055737607 -4.105172017 -0.000220177 0.999997730 0.002109924 0.756831960 0.055738211 -0.002094372 0.998442449 124.165870465
0.998471993 -0.000194266 -0.055259246 -4.127836566 0.000304404 0.999998543 0.001984832 0.760772293 0.055258719 -0.001998617 0.998469242 124.855628729
0.998500765 -0.000411326 -0.054736801 -4.149371457 0.000498703 0.999999071 0.001582750 0.764199322 0.054736016 -0.001607669 0.998499319 125.535403412
0.998480087 -0.000175780 -0.055125479 -4.163640108 0.000257955 0.999998909 0.001483473 0.766060981 0.055125097 -0.001495428 0.998478054 125.875245838
0.998426680 0.000421838 -0.056085394 -4.191300995 -0.000359167 0.999999777 0.001127418 0.769615843 0.056085873 -0.001105497 0.998425212 126.564943734
0.998450868 0.000414352 -0.055650925 -4.214721833 -0.000331979 0.999999402 0.001489426 0.774272165 0.055651465 -0.001468645 0.998448412 127.234686066
0.998458122 0.000058294 -0.055515824 -4.224998628 0.000046577 0.999998528 0.001887755 0.777020166 0.055515779 -0.001887423 0.998455624 127.574573113
0.998417428 -0.000314950 -0.056246569 -4.252543626 0.000437795 0.999997220 0.002171635 0.781592532 0.056245797 -0.002192814 0.998413667 128.254265132
0.998440404 0.000399486 -0.055827104 -4.277077618 -0.000303441 0.999998738 0.001728950 0.784932270 0.055827672 -0.001709301 0.998438703 128.934002678
0.998449575 0.001270271 -0.055662455 -4.290342330 -0.001196333 0.999998242 0.001361112 0.786353055 0.055664046 -0.001292407 0.998448069 129.273860471
0.998473887 0.002234232 -0.055193782 -4.311738243 -0.002232566 0.999997354 0.000091352 0.788237743 0.055193775 0.000032008 0.998474886 129.943645549
0.998432111 0.002856746 -0.055909749 -4.341012895 -0.002908451 0.999995160 -0.000844738 0.790577179 0.055907039 0.001006028 0.998434732 130.603327818
0.998411625 0.002755464 -0.056275800 -4.355157091 -0.002808902 0.999995383 -0.000870761 0.792506400 0.056273096 0.001027456 0.998414294 130.933170406
0.998349186 0.001749467 -0.057415322 -4.387697344 -0.001801253 0.999997829 -0.000849767 0.796573302 0.057413733 0.000951785 0.998349840 131.612802821
0.998334048 0.001889810 -0.057666474 -4.419119574 -0.001912895 0.999997929 -0.000344092 0.801416823 0.057665764 0.000453839 0.998335527 132.282443453
0.998328456 0.001893141 -0.057776732 -4.434270956 -0.001890638 0.999998148 0.000097921 0.804146896 0.057776766 0.000011476 0.998329382 132.612268387
0.998318963 0.002825396 -0.057896441 -4.469545434 -0.002876839 0.999995644 -0.000804123 0.806491739 0.057893915 0.000969327 0.998321508 133.271875239
0.998290444 0.002602239 -0.058389798 -4.502066477 -0.002724671 0.999994278 -0.002016545 0.808428771 0.058384155 0.002172200 0.998291877 133.951521193
0.998286061 0.002744109 -0.058468621 -4.517328245 -0.002898431 0.999993044 -0.002555561 0.809531378 0.058461192 0.002720644 0.998285251 134.291355881
0.998305566 0.002755433 -0.058137623 -4.545861218 -0.002936371 0.999991142 -0.003026420 0.812774726 0.058128741 0.003192004 0.998303351 134.971043785
0.998342302 0.002404722 -0.057508417 -4.573399001 -0.002592414 0.999991874 -0.003189106 0.816547141 0.057500194 0.003332908 0.998339274 135.650740890
0.998346725 0.002755230 -0.057416048 -4.587793192 -0.002949593 0.999989875 -0.003301089 0.818461231 0.057406370 0.003464986 0.998344134 136.000582392
0.998383907 0.002755261 -0.056762181 -4.615584216 -0.002949614 0.999990113 -0.003340316 0.822578493 0.056752473 0.003502339 0.998381597 136.700276122
0.998378192 0.002542410 -0.056882745 -4.645257401 -0.002709772 0.999992097 -0.002865689 0.827505074 0.056875016 0.003015185 0.998376119 137.389940171
0.998368493 0.002203991 -0.057070774 -4.659660430 -0.002344828 0.999994970 -0.002401666 0.830399105 0.057065135 0.002531558 0.998366859 137.739775443
0.998384188 0.001735102 -0.056798342 -4.686589830 -0.001830271 0.999997612 -0.001623319 0.835987810 0.056795293 0.001724652 0.998384424 138.449471792
0.998395284 0.000671180 -0.056634227 -4.713262831 -0.000738833 0.999998770 -0.001173983 0.840881690 0.056633403 0.001213949 0.998393682 139.139173740
0.998403116 0.000145044 -0.056501696 -4.727659185 -0.000209269 0.999999560 -0.001130838 0.843035766 0.056501482 0.001140847 0.998401078 139.489013716
0.998416569 -0.000197088 -0.056253505 -4.756310753 0.000081526 0.999998245 -0.002056524 0.845561591 0.056253811 0.002048676 0.998413976 140.178705590
0.998412765 -0.000718400 -0.056328157 -4.784075080 0.000504025 0.999992583 -0.003820051 0.846719033 0.056330533 0.003785562 0.998405047 140.878418136
0.998412430 -0.001004178 -0.056332230 -4.798460612 0.000753083 0.999990095 -0.004478517 0.847673182 0.056336075 0.004428950 0.998402107 141.228265740
0.998495823 -0.002244380 -0.054797352 -4.844117801 0.001814999 0.999967166 -0.007884477 0.850331467 0.054813244 0.007773141 0.998465659 142.637813693
0.998504807 -0.002736868 -0.054608926 -4.855633739 0.002289231 0.999962934 -0.008258152 0.851865311 0.054629478 0.008120814 0.998473360 142.997694712
0.998523701 -0.002944371 -0.054245302 -4.875793764 0.002466772 0.999957886 -0.008869318 0.855262710 0.054269072 0.008722398 0.998487745 143.727491754
0.998526312 -0.003928193 -0.054129810 -4.895954782 0.003423256 0.999950166 -0.009417704 0.858770102 0.054164123 0.009218535 0.998488620 144.457288096
0.998549140 -0.004337794 -0.053680954 -4.905475647 0.003834020 0.999947763 -0.009484007 0.860842111 0.053719302 0.009264409 0.998512675 144.817190822
0.998563714 -0.003930808 -0.053440899 -4.930650320 0.003448510 0.999952224 -0.009114113 0.865883916 0.053474267 0.008916760 0.998529383 145.546914591
0.998635417 -0.003746680 -0.052104744 -4.998530760 0.003348848 0.999965106 -0.007720555 0.879206673 0.052131859 0.007535557 0.998611477 147.366156928
0.998658093 -0.003803612 -0.051662818 -5.026961383 0.003445456 0.999969124 -0.007019947 0.884906009 0.051687897 0.006832548 0.998639658 148.115837644
0.998665958 -0.004067645 -0.051476242 -5.040735284 0.003714637 0.999969224 -0.006951497 0.887316471 0.051502897 0.006751022 0.998649575 148.495686781
0.998677735 -0.004598788 -0.051200429 -5.069272144 0.004220119 0.999962767 -0.007501480 0.890928368 0.051233063 0.007275441 0.998659475 149.255380176
0.998719144 -0.004318192 -0.050418581 -5.096688455 0.003933028 0.999962902 -0.007735999 0.895036900 0.050450099 0.007527790 0.998697765 150.005083569
0.998733935 -0.005044783 -0.050058208 -5.108461603 0.004663999 0.999959028 -0.007720631 0.897355565 0.050095086 0.007477381 0.998716198 150.384958416
0.998772990 -0.006362964 -0.049117453 -5.131154751 0.006059267 0.999961901 -0.006329604 0.904404281 0.049155874 0.006024161 0.998772338 151.154704754
0.998780330 -0.006770153 -0.048922303 -5.156841137 0.006515416 0.999964968 -0.005364487 0.910715745 0.048956899 0.005039230 0.998787766 151.924418088
0.998792039 -0.007093143 -0.048633728 -5.168610857 0.006830056 0.999961297 -0.005573615 0.912654432 0.048671354 0.005234714 0.998800698 152.304295351
0.998827351 -0.007426604 -0.047848153 -5.189256892 0.007087793 0.999948869 -0.007246658 0.914471664 0.047899513 0.006899066 0.998828015 153.074100072
