1.000000000 -0.000000000 -0.000000000 0.000000000 -0.000000000 1.000000000 0.000000000 0.000000000 0.000000000 0.000000000 1.000000000 0.000000000
0.999999677 -0.000549490 -0.000401848 0.004307004 0.000549670 0.999999612 0.000449967 0.005521727 0.000401482 -0.000450072 0.999999540 0.380095310
1.000000349 -0.000367380 -0.000538527 0.018127832 0.000367599 1.000000331 0.000412673 0.015344808 0.000538258 -0.000412880 0.999999510 1.170118111
0.999998724 -0.001447683 -0.001168718 0.032752913 0.001448594 0.999999206 0.000780704 0.026108448 0.001167538 -0.000782400 0.999998270 1.980114502
0.999996800 -0.002077775 -0.001682259 0.039267451 0.002079486 0.999997343 0.001017700 0.031637018 0.001680065 -0.001021121 0.999997975 2.390147463
0.999993468 -0.002524514 -0.002753219 0.047897289 0.002528457 0.999995545 0.001428596 0.042475277 0.002749524 -0.001435481 0.999994942 3.200384508
0.999993063 -0.001668940 -0.003443671 0.053529520 0.001675349 0.999997378 0.001859531 0.053340846 0.003440545 -0.001865232 0.999992338 4.010742005
0.999994558 -0.001647081 -0.003008586 0.059239414 0.001652653 0.999996527 0.001850747 0.058208836 0.003005382 -0.001855693 0.999992931 4.400797880
0.999991413 -0.002210586 -0.003666727 0.068658065 0.002221538 0.999993534 0.002985376 0.069912869 0.003660062 -0.002993470 0.999988207 5.180965586
0.999983539 -0.004181601 -0.003999549 0.080476738 0.004199673 0.999981492 0.004521276 0.082433946 0.003980477 -0.004537967 0.999981355 5.971035230
0.999981861 -0.004628099 -0.003922631 0.087184531 0.004647890 0.999976236 0.005050964 0.088222760 0.003899156 -0.005069057 0.999979619 6.361039343
0.999979557 -0.005400777 -0.003593384 0.098602232 0.005421930 0.999967516 0.005901853 0.099448622 0.003561249 -0.005921176 0.999975698 7.141132491
0.999970960 -0.006832099 -0.003571901 0.112616050 0.006854416 0.999956806 0.006273791 0.109721932 0.003528816 -0.006298051 0.999973170 7.911124073
0.999961901 -0.008047003 -0.003439387 0.134933248 0.008071762 0.999940928 0.007245954 0.125790530 0.003380795 -0.007273395 0.999967648 9.061046492
0.999952650 -0.009088724 -0.003417375 0.150348976 0.009114375 0.999930410 0.007567734 0.136110047 0.003348274 -0.007598502 0.999964727 9.840989899
0.999954821 -0.008855805 -0.003540746 0.155655700 0.008883168 0.999929971 0.007788937 0.141252700 0.003471494 -0.007819991 0.999962921 10.221049678
0.999962213 -0.007599259 -0.004262272 0.163077262 0.007634822 0.999936211 0.008390121 0.152035014 0.004198185 -0.008422314 0.999955430 11.001309420
0.999961637 -0.007728345 -0.004079268 0.173094859 0.007762959 0.999933169 0.008540105 0.161924770 0.004012938 -0.008571402 0.999955183 11.771466847
0.999968152 -0.006699454 -0.004308855 0.175807061 0.006736279 0.999940015 0.008590321 0.166880066 0.004251052 -0.008619034 0.999953796 12.161642425
0.999976370 -0.005130010 -0.004592097 0.181826658 0.005172328 0.999944002 0.009253148 0.177656169 0.004544279 -0.009276656 0.999945887 12.931949842
0.999974586 -0.005472313 -0.004683248 0.189846059 0.005515806 0.999941572 0.009327263 0.187414143 0.004631825 -0.009352822 0.999945628 13.702189443
0.999973336 -0.005335861 -0.005019597 0.193960563 0.005381718 0.999943738 0.009167854 0.192135670 0.004970256 -0.009194582 0.999945167 14.102320341
0.999981316 -0.003700382 -0.004815418 0.198984484 0.003740656 0.999957964 0.008380903 0.200401074 0.004784133 -0.008398729 0.999952814 14.872699370
0.999986450 -0.003506082 -0.003990495 0.213597541 0.003536532 0.999964390 0.007651604 0.208650123 0.003963454 -0.007665570 0.999962749 15.632683294
0.999987178 -0.003414733 -0.003731128 0.219905063 0.003441575 0.999968007 0.007213183 0.212643762 0.003706286 -0.007225892 0.999966804 16.012717154
0.999989921 -0.003747452 -0.002464934 0.236516637 0.003763214 0.999972435 0.006424284 0.220794610 0.002440720 -0.006433468 0.999975719 16.772621776
0.999987905 -0.004398369 -0.002479752 0.248534891 0.004412278 0.999974410 0.005630728 0.229056286 0.002454781 -0.005641572 0.999980263 17.542719001
0.999988638 -0.004201160 -0.002440897 0.254842441 0.004213766 0.999977285 0.005182945 0.233029926 0.002418907 -0.005193129 0.999983313 17.922753111
0.999994723 -0.001484904 -0.002887378 0.261061229 0.001495522 0.999991937 0.003679054 0.239826606 0.002881835 -0.003683310 0.999989138 18.673084615
0.999994750 -0.001189848 -0.003202490 0.267277763 0.001199806 0.999994466 0.003109568 0.248233159 0.003198721 -0.003113354 0.999989962 19.423396019
0.999995334 -0.001128621 -0.002793377 0.274583284 0.001137464 0.999994843 0.003166965 0.253077627 0.002789715 -0.003170094 0.999990772 19.803378992
0.999993967 -0.000933468 -0.003351191 0.284196829 0.000946568 0.999991836 0.003910272 0.263871995 0.003347458 -0.003913394 0.999985912 20.563532457
0.999994901 -0.000775714 -0.003098033 0.293809535 0.000791233 0.999987316 0.005011624 0.275266316 0.003094041 -0.005014018 0.999981915 21.323678432
0.999996239 -0.000144932 -0.002840917 0.299519134 0.000159494 0.999986808 0.005125046 0.280344290 0.002840078 -0.005125446 0.999982142 21.713731685
0.999996194 0.000211531 -0.002780301 0.312131042 -0.000196137 0.999985179 0.005536733 0.290571391 0.002781384 -0.005536142 0.999980542 22.473771441
0.999995444 -0.001105766 -0.002823330 0.327741160 0.001121833 0.999983302 0.005695930 0.300341215 0.002816930 -0.005699038 0.999979278 23.233696113
0.999994419 -0.001849109 -0.002692151 0.347871372 0.001861073 0.999988801 0.004449404 0.312828040 0.002683790 -0.004454363 0.999985622 24.403769379
0.999993132 -0.002803974 -0.002387883 0.363287814 0.002814665 0.999986001 0.004484839 0.322637598 0.002375119 -0.004491487 0.999986929 25.183719153
0.999992009 -0.003258090 -0.002299074 0.370995034 0.003269358 0.999982996 0.004914083 0.328257321 0.002282884 -0.004921528 0.999984973 25.573685114
0.999990093 -0.003653295 -0.002661209 0.380012686 0.003667553 0.999978669 0.005374362 0.338686139 0.002641490 -0.005384024 0.999981783 26.343876075
0.999985652 -0.004964227 -0.001944253 0.397426315 0.004975619 0.999970297 0.005897999 0.349347421 0.001914832 -0.005907555 0.999980355 27.123734686
0.999983144 -0.005571695 -0.002023321 0.405134557 0.005583555 0.999967333 0.005905530 0.354237202 0.001990283 -0.005916689 0.999980444 27.513709761
0.999983042 -0.005141987 -0.002675542 0.416556009 0.005155870 0.999973634 0.005206198 0.362783276 0.002648631 -0.005219869 0.999982468 28.293836367
0.999981543 -0.004996326 -0.003600096 0.425576096 0.005013072 0.999976647 0.004656541 0.371472231 0.003576606 -0.004674466 0.999982579 29.064049050
0.999980628 -0.004792047 -0.004044140 0.429883940 0.004811265 0.999977685 0.004755108 0.376394004 0.004021167 -0.004774442 0.999980219 29.444151851
0.999982863 -0.004206903 -0.004085022 0.440900374 0.004227512 0.999978834 0.005051269 0.386534637 0.004063629 -0.005068426 0.999978152 30.214265881
0.999982637 -0.003337594 -0.004877878 0.443519447 0.003366144 0.999976989 0.005858063 0.397432726 0.004858238 -0.005874339 0.999970957 30.974699901
0.999983293 -0.002897990 -0.005080634 0.445232474 0.002927951 0.999978108 0.005899375 0.402377127 0.005063385 -0.005914107 0.999969602 31.364915879
0.999984985 -0.002010929 -0.005096633 0.452656598 0.002038626 0.999983196 0.005435557 0.411329585 0.005085580 -0.005445819 0.999972060 32.145198468
0.999985413 -0.000306147 -0.005382647 0.465194638 0.000331485 0.999988779 0.004707560 0.424844478 0.005381017 -0.004709240 0.999973699 33.325573677
0.999985667 0.000307145 -0.005322822 0.474617965 -0.000286407 0.999992795 0.003897226 0.433208775 0.005323899 -0.003895619 0.999977447 34.105783081
0.999986484 0.000918741 -0.005203771 0.484444307 -0.000903553 0.999995883 0.002920581 0.441408401 0.005206295 -0.002915810 0.999981896 34.895987208
0.999982583 0.001729884 -0.005608402 0.487559958 -0.001715236 0.999994895 0.002615057 0.445889050 0.005612884 -0.002605359 0.999980014 35.296161379
0.999976872 0.002447732 -0.006393698 0.491390036 -0.002434340 0.999995383 0.002101631 0.454893238 0.006398723 -0.002086045 0.999977062 36.086597045
0.999981965 0.002812201 -0.005419889 0.502617000 -0.002803507 0.999995010 0.001611341 0.464058999 0.005424378 -0.001596078 0.999984005 36.886741512
0.999982159 0.003219519 -0.005093190 0.508730202 -0.003212882 0.999994339 0.001311495 0.468552335 0.005097309 -0.001295001 0.999985610 37.286794732
0.999982308 0.003354874 -0.004899419 0.518960077 -0.003355166 0.999994554 -0.000052313 0.476217320 0.004899210 0.000068759 0.999987900 38.086998201
0.999989541 0.002615588 -0.003733179 0.534185922 -0.002620893 0.999995501 -0.001419136 0.483866784 0.003729378 0.001429021 0.999992077 38.887000543
0.999989252 0.002861250 -0.003697860 0.540299894 -0.002868801 0.999993610 -0.002040356 0.487810164 0.003691863 0.002051007 0.999990438 39.287060629
0.999991526 0.002179095 -0.003521714 0.553928950 -0.002189621 0.999993474 -0.002990000 0.496313086 0.003515103 0.002997714 0.999989245 40.097125510
0.999990138 0.001909845 -0.004113192 0.563558957 -0.001922128 0.999994017 -0.002983355 0.506452295 0.004107334 0.002991242 0.999986973 40.907331019
0.999989726 0.002199574 -0.003948147 0.569268528 -0.002210839 0.999993796 -0.002852205 0.511550267 0.003941721 0.002860964 0.999987685 41.297384022
0.999993150 0.002271647 -0.003086751 0.581491895 -0.002278387 0.999995492 -0.002180685 0.522706768 0.003081665 0.002187743 0.999992594 42.097463370
0.999990216 0.002970431 -0.003396082 0.591120936 -0.002976489 0.999994521 -0.001781293 0.533535923 0.003390605 0.001791369 0.999992043 42.907660265
0.999986539 0.003606335 -0.003789002 0.593639728 -0.003613821 0.999991843 -0.001972481 0.538340967 0.003781787 0.001986173 0.999990257 43.317863316
0.999984923 0.004058487 -0.003645053 0.605867448 -0.004069866 0.999986828 -0.003120900 0.546387713 0.003632234 0.003135754 0.999987849 44.117981490
0.999984880 0.004122574 -0.003723796 0.615904011 -0.004140305 0.999980443 -0.004764518 0.553832452 0.003704082 0.004779915 0.999981610 44.938213307
0.999983236 0.004517805 -0.003703520 0.620422020 -0.004537418 0.999975743 -0.005303571 0.558039334 0.003679302 0.005320342 0.999978545 45.348343299
0.999983249 0.004481256 -0.003729149 0.633854810 -0.004500981 0.999975611 -0.005297207 0.568431844 0.003705268 0.005313910 0.999978497 46.178410186
0.999983077 0.004571523 -0.003623435 0.645885495 -0.004590216 0.999976105 -0.005166634 0.578918134 0.003599700 0.005183153 0.999979606 46.998523500
0.999982071 0.004452618 -0.004022608 0.649403014 -0.004473348 0.999976856 -0.005158605 0.584054048 0.003999431 0.005176525 0.999978576 47.408682156
0.999980583 0.004500702 -0.004383214 0.655842087 -0.004524379 0.999975046 -0.005406872 0.594010321 0.004358650 0.005426634 0.999975202 48.239036339
0.999983987 0.004206461 -0.003903497 0.666875081 -0.004229425 0.999973671 -0.005893742 0.603425800 0.003878590 0.005910228 0.999974989 49.059203287
0.999982353 0.003966706 -0.004413474 0.668797056 -0.003993059 0.999974396 -0.005977605 0.608525241 0.004389548 0.005995147 0.999971569 49.479435594
0.999985516 0.003261685 -0.004255081 0.679232296 -0.003287093 0.999976358 -0.005977063 0.618905064 0.004235438 0.005991004 0.999973186 50.309623432
0.999984580 0.003325826 -0.004478019 0.685267388 -0.003351107 0.999978378 -0.005650038 0.629715953 0.004459076 0.005665006 0.999974065 51.129974278
0.999986264 0.003313878 -0.004196997 0.689783927 -0.003337228 0.999979330 -0.005568517 0.634972754 0.004178385 0.005582402 0.999975731 51.540091161
0.999988656 0.003200372 -0.003659048 0.702811547 -0.003216801 0.999984712 -0.004492594 0.647069813 0.003644505 0.004504346 0.999982596 52.360144099
0.999987473 0.003434590 -0.003772326 0.713647842 -0.003449082 0.999986931 -0.003841771 0.658684855 0.003758965 0.003854811 0.999985004 53.200309183
0.999986412 0.003833317 -0.003689179 0.717568124 -0.003847734 0.999985330 -0.003907954 0.663836084 0.003674128 0.003922137 0.999985486 53.620460315
0.999982900 0.005033730 -0.003109861 0.730404979 -0.005046704 0.999978435 -0.004180863 0.673893040 0.003088572 0.004196538 0.999985582 54.460564323
0.999986037 0.004869904 -0.001948401 0.745239190 -0.004877696 0.999980039 -0.004013472 0.684681731 0.001928697 0.004022959 0.999989727 55.300578667
0.999984495 0.005233333 -0.001752752 0.750560345 -0.005239775 0.999979466 -0.003686847 0.690619110 0.001733423 0.003696044 0.999991759 55.730672386
0.999984096 0.005490536 -0.001337931 0.764797081 -0.005494730 0.999980117 -0.003151305 0.702172160 0.001320567 0.003158603 0.999993348 56.580710118
0.999986345 0.005268501 0.000119363 0.783030556 -0.005268178 0.999982890 -0.002605291 0.713738793 -0.000133155 0.002604615 0.999995836 57.430586623
0.999988339 0.004964643 0.000264144 0.792945087 -0.004964029 0.999985491 -0.002287648 0.719525347 -0.000275573 0.002286333 0.999997028 57.850488238
0.999989611 0.004463435 0.000697064 0.808583410 -0.004462273 0.999988948 -0.001661284 0.731354588 -0.000704593 0.001658210 0.999997750 58.710474924
0.999994248 0.002964591 0.001719964 0.830813597 -0.002962725 0.999994656 -0.001087011 0.742954802 -0.001723176 0.001081871 0.999997371 59.560189953
0.999993783 0.002976049 0.001808150 0.840130695 -0.002975284 0.999995414 -0.000425734 0.749475719 -0.001809476 0.000420413 0.999997535 59.990115330
0.999994352 0.002407191 0.002406119 0.861359384 -0.002409845 0.999996549 0.001101209 0.762724907 -0.002403513 -0.001106957 0.999996325 60.839850036
0.999995563 0.001551605 0.002456693 0.875998099 -0.001556293 0.999997321 0.001906629 0.774853228 -0.002453801 -0.001910434 0.999995196 61.699873252
0.999995394 0.001799863 0.002715165 0.883318443 -0.001805014 0.999996822 0.001893174 0.780212444 -0.002711807 -0.001898112 0.999993957 62.129893662
0.999992880 0.002857263 0.002702389 0.897557502 -0.002861203 0.999994742 0.001454635 0.790105626 -0.002698360 -0.001462370 0.999994967 62.979952117
0.999986019 0.004617325 0.002664402 0.914003410 -0.004620216 0.999988820 0.001080455 0.800495613 -0.002659407 -0.001092729 0.999995185 63.859942107
0.999982228 0.005415779 0.002553036 0.922323153 -0.005418290 0.999985218 0.000976400 0.805705737 -0.002547755 -0.000990140 0.999995974 64.289924114
0.999974158 0.006723130 0.002759319 0.936963561 -0.006726067 0.999976985 0.001056791 0.816624154 -0.002752225 -0.001075247 0.999995661 65.149962436
0.999957210 0.008666744 0.003183609 0.950006117 -0.008673095 0.999960879 0.001995024 0.829155968 -0.003166313 -0.002022440 0.999992819 66.020053810
0.999947370 0.009963926 0.002446095 0.953731071 -0.009970010 0.999947632 0.002483637 0.835526837 -0.002421303 -0.002507931 0.999993390 66.460215312
0.999937615 0.010705890 0.003110447 0.970174613 -0.010715470 0.999937906 0.003096713 0.847606691 -0.003077153 -0.003129824 0.999989958 67.340184203
0.999911643 0.013047825 0.002548613 0.979625110 -0.013055877 0.999909440 0.003156265 0.858770345 -0.002507274 -0.003189219 0.999991833 68.220446383
0.999897285 0.014095806 0.002811737 0.987347224 -0.014105568 0.999894850 0.003474776 0.864854821 -0.002762669 -0.003514058 0.999989246 68.660450404
0.999882461 0.015093590 0.002714391 1.001196370 -0.015103937 0.999878552 0.003849479 0.876657325 -0.002656068 -0.003889999 0.999988469 69.550536217
0.999845460 0.017301461 0.003175797 1.014240157 -0.017314828 0.999841415 0.004254194 0.888309208 -0.003101770 -0.004308497 0.999985819 70.420638577
0.999817866 0.018793799 0.003300956 1.021963433 -0.018807206 0.999814548 0.004083257 0.893563749 -0.003223667 -0.004144558 0.999985922 70.860652961
0.999798675 0.019717554 0.003667896 1.041004534 -0.019730756 0.999798727 0.003601426 0.903661130 -0.003596153 -0.003673042 0.999986187 71.730533144
0.999799941 0.019844744 0.002674826 1.055450735 -0.019854818 0.999795792 0.003789964 0.914999251 -0.002599163 -0.003842286 0.999988808 72.610591824
0.999804170 0.019581182 0.003068229 1.064574437 -0.019594009 0.999798953 0.004221138 0.921359916 -0.002985045 -0.004280394 0.999985564 73.060544800
0.999807630 0.019439906 0.002829505 1.081824709 -0.019451721 0.999801862 0.004217714 0.932610468 -0.002747055 -0.004271905 0.999987219 73.960509380
0.999836835 0.017877110 0.002734198 1.101073386 -0.017888547 0.999831553 0.004233657 0.943842813 -0.002658140 -0.004281846 0.999986856 74.860393658
0.999861575 0.016443787 0.002629491 1.111197242 -0.016454958 0.999855979 0.004284842 0.949514428 -0.002558711 -0.004327486 0.999987431 75.310314972
0.999878946 0.015418141 0.002343933 1.127045898 -0.015427957 0.999872475 0.004217331 0.960508788 -0.002278730 -0.004252953 0.999987774 76.200330347
0.999904813 0.013377981 0.003383659 1.148890064 -0.013391581 0.999901984 0.004018791 0.971238544 -0.003329723 -0.004063685 0.999985400 77.090107441
0.999915904 0.012548107 0.003433852 1.158014899 -0.012561674 0.999913323 0.003980934 0.976789273 -0.003383717 -0.004023700 0.999985854 77.540070529
0.999924876 0.011660971 0.003803666 1.179263003 -0.011674415 0.999925505 0.003545215 0.987273469 -0.003762133 -0.003589320 0.999986425 78.439883620
0.999941553 0.010338833 0.003303467 1.199511456 -0.010349734 0.999940833 0.003300863 0.998086742 -0.003269265 -0.003334825 0.999988627 79.339732866
0.999942709 0.010045364 0.003739242 1.209635340 -0.010057760 0.999944228 0.003313012 1.003738359 -0.003705858 -0.003350406 0.999986929 79.789654430
0.999941825 0.010247359 0.003321296 1.225885962 -0.010258927 0.999941226 0.003499601 1.015317989 -0.003285328 -0.003533434 0.999988419 80.689655165
0.999931912 0.011354309 0.002859912 1.240941914 -0.011366507 0.999925866 0.004294868 1.028226355 -0.002811029 -0.004327044 0.999986027 81.609705172
0.999920108 0.012385781 0.002490925 1.247470464 -0.012397568 0.999912240 0.004782654 1.034849628 -0.002431596 -0.004813133 0.999984770 82.069768329
0.999923742 0.012107157 0.002666549 1.268717462 -0.012119848 0.999914697 0.004793538 1.046123761 -0.002608380 -0.004825447 0.999984562 82.969571557
0.999931625 0.011420993 0.002663286 1.290364550 -0.011436432 0.999917499 0.005855753 1.059323059 -0.002596250 -0.005885769 0.999979379 83.879343416
0.999932217 0.011383203 0.002406638 1.299890301 -0.011398634 0.999914336 0.006508387 1.066208999 -0.002332413 -0.006535346 0.999975531 84.339282500
0.999956003 0.009162802 0.002225301 1.320534030 -0.009183123 0.999914326 0.009311072 1.082387166 -0.002139961 -0.009331055 0.999953693 85.249057431
0.999981997 0.005765847 0.001606239 1.342179998 -0.005782943 0.999924481 0.010851158 1.096386401 -0.001543584 -0.010860217 0.999939306 86.158819302
0.999989659 0.004298371 0.001642296 1.352303084 -0.004316516 0.999928044 0.011204388 1.102607973 -0.001594012 -0.011211322 0.999935424 86.608733750
0.999998271 0.001852059 0.001122738 1.371149544 -0.001864342 0.999937701 0.011042634 1.113435034 -0.001102349 -0.011044664 0.999938372 87.498630422
0.999998755 -0.001380924 0.001301169 1.392590386 0.001366372 0.999937276 0.011118586 1.124549443 -0.001316442 -0.011116749 0.999937235 88.378410046
0.999995791 -0.002802655 0.001203314 1.402714521 0.002789206 0.999935439 0.011027885 1.130021074 -0.001234178 -0.011024444 0.999938313 88.828333857
0.999992338 -0.003844311 0.001084962 1.419162388 0.003833434 0.999944553 0.009861552 1.139011172 -0.001122825 -0.009857283 0.999950703 89.708341325
0.999991518 -0.004149945 0.001003602 1.437013677 0.004141759 0.999959094 0.008021777 1.146967562 -0.001036979 -0.008017514 0.999967047 90.598314102
0.999990148 -0.004196079 0.001238223 1.447736085 0.004187019 0.999964933 0.007229561 1.151104879 -0.001268597 -0.007224265 0.999972533 91.038221642
0.999995634 -0.002296732 0.002177472 1.470177599 0.002282152 0.999975544 0.006672519 1.161160267 -0.002192870 -0.006667482 0.999974700 91.917974224
0.999996557 -0.001699704 0.002096828 1.491215160 0.001684972 0.999974186 0.007006938 1.172629332 -0.002108750 -0.007003341 0.999972754 92.787756753
0.999998023 -0.001114249 0.001804233 1.499534511 0.001101464 0.999974189 0.007070854 1.178119434 -0.001812233 -0.007068810 0.999972734 93.217735264
0.999996397 0.001458797 0.002267381 1.519171716 -0.001474185 0.999976099 0.006800500 1.188432378 -0.002257489 -0.006803792 0.999973475 94.077579825
0.999994534 0.002679500 0.002223876 1.540210900 -0.002693820 0.999976058 0.006457420 1.198741534 -0.002206686 -0.006463345 0.999976528 94.947376836
0.999991882 0.003735180 0.001673604 1.546532532 -0.003745550 0.999973288 0.006236666 1.203759882 -0.001650306 -0.006242847 0.999978451 95.377441766
0.999986018 0.005378828 0.000595250 1.557580826 -0.005382010 0.999970123 0.005476021 1.213350136 -0.000565900 -0.005479104 0.999984403 96.247650394
0.999980206 0.006368280 -0.000108183 1.567630351 -0.006367720 0.999969209 0.004542675 1.222639518 0.000137010 -0.004541855 0.999989424 97.117903044
0.999972993 0.007442876 -0.000026871 1.574354816 -0.007442698 0.999963611 0.004229895 1.227623184 0.000058301 -0.004229542 0.999991071 97.557961073
0.999960192 0.008833962 -0.001140739 1.583806362 -0.008829507 0.999953172 0.003870182 1.238036898 0.001174786 -0.003859919 0.999991424 98.438232616
0.999949607 0.009938368 -0.001396351 1.593853844 -0.009932974 0.999943868 0.003781882 1.248786165 0.001433870 -0.003767785 0.999991822 99.308467038
0.999938004 0.010976190 -0.001805265 1.596581583 -0.010969865 0.999933495 0.003453381 1.253746250 0.001842993 -0.003433321 0.999992402 99.748686418
0.999903508 0.013454463 -0.003409276 1.598041470 -0.013446673 0.999906666 0.002301703 1.262832901 0.003439838 -0.002255526 0.999991412 100.629296643
0.999895058 0.013820760 -0.004333980 1.606900133 -0.013819086 0.999904922 0.000413545 1.270731234 0.004339244 -0.000353661 0.999990300 101.519632522
0.999894940 0.013654755 -0.004912883 1.611224115 -0.013655435 0.999907178 -0.000098934 1.275227831 0.004911007 0.000166057 0.999988027 101.949784494
0.999868387 0.015334712 -0.005377831 1.619678503 -0.015341938 0.999881924 -0.001316931 1.284190763 0.005356905 0.001399333 0.999984005 102.830114415
0.999854649 0.016096606 -0.005716687 1.627328554 -0.016113319 0.999865723 -0.002888188 1.292273132 0.005669302 0.002979966 0.999979332 103.690469995
0.999850254 0.016277692 -0.005889031 1.630057273 -0.016299143 0.999861131 -0.003617836 1.296533272 0.005829249 0.003713285 0.999975410 104.130698115
0.999836952 0.016776234 -0.006687268 1.635510540 -0.016798801 0.999853521 -0.003336573 1.308033317 0.006630258 0.003448373 0.999972020 105.011117151
0.999847908 0.016185256 -0.006497446 1.646955816 -0.016196857 0.999867520 -0.001727415 1.321768561 0.006468530 0.001832354 0.999977219 105.891266695
0.999852901 0.015657743 -0.007041152 1.650277377 -0.015664344 0.999877312 -0.000883543 1.328574080 0.007026352 0.000993724 0.999974532 106.321430104
0.999841752 0.015899945 -0.007964051 1.654924264 -0.015901408 0.999873259 -0.000114855 1.340653446 0.007961103 0.000241455 0.999968051 107.181856573
0.999879650 0.013230040 -0.008137400 1.662972137 -0.013227593 0.999912325 0.000362815 1.352280852 0.008141433 -0.000255183 0.999966043 108.052160559
0.999913748 0.010617913 -0.007784896 1.671690710 -0.010603647 0.999942459 0.001876751 1.360316070 0.007804281 -0.001794062 0.999967882 108.492099961
0.999901395 0.011539814 -0.008066831 1.678544277 -0.011517667 0.999929633 0.002777586 1.373012232 0.008098193 -0.002684409 0.999962941 109.382456466
0.999861987 0.014633833 -0.007874109 1.683006054 -0.014635710 0.999893181 -0.000181732 1.379011815 0.007870548 0.000296930 0.999968268 110.262984441
0.999874404 0.013960788 -0.007516999 1.690333355 -0.013984304 0.999897353 -0.003084886 1.379401423 0.007473032 0.003189647 0.999966267 110.693066898
0.999881871 0.013040437 -0.008139153 1.700791998 -0.013095214 0.999891442 -0.006718524 1.384166478 0.008050504 0.006824406 0.999943828 111.573368702
0.999892979 0.012275537 -0.008031253 1.711237456 -0.012314629 0.999912890 -0.004844973 1.398350790 0.007971005 0.004943361 0.999956018 112.453552903
0.999898742 0.012003319 -0.007692208 1.716362402 -0.012031125 0.999921642 -0.003580205 1.406137760 0.007648533 0.003672381 0.999963526 112.903649128
0.999919584 0.010392817 -0.007287291 1.727407001 -0.010413243 0.999941982 -0.002763105 1.418367806 0.007258074 0.002838725 0.999968989 113.773824797
0.999941396 0.007832844 -0.007526749 1.739048948 -0.007850132 0.999967036 -0.002269908 1.429923485 0.007508601 0.002328925 0.999968450 114.633975956
0.999952574 0.006200137 -0.007533611 1.747769145 -0.006211209 0.999979337 -0.001447828 1.436798794 0.007524429 0.001494664 0.999970427 115.073929839
0.999962175 0.004227225 -0.007582678 1.762405914 -0.004226024 0.999991139 0.000174339 1.450317006 0.007583319 -0.000142308 0.999971076 115.933935702
0.999970398 0.003277142 -0.007061163 1.780639250 -0.003271694 0.999994104 0.000782660 1.461983631 0.007063668 -0.000759542 0.999974460 116.783810959
0.999971601 0.002540333 -0.007182441 1.787556915 -0.002534607 0.999996705 0.000807274 1.467267537 0.007184390 -0.000789037 0.999973033 117.203839642
0.999975638 0.001908845 -0.006725377 1.806193363 -0.001900804 0.999997823 0.001202191 1.478699497 0.006727580 -0.001189382 0.999976686 118.063710496
0.999974510 0.001423647 -0.006956182 1.821235010 -0.001410691 0.999997807 0.001866982 1.490723143 0.006958789 -0.001857141 0.999973645 118.933727686
0.999970510 0.001213272 -0.007582246 1.825155459 -0.001200121 0.999998096 0.001739543 1.495754382 0.007584268 -0.001730362 0.999969444 119.353880316
0.999963032 0.001661693 -0.008405049 1.830402368 -0.001652670 0.999998017 0.001079969 1.505249532 0.008406671 -0.001066024 0.999963831 120.204306119
0.999962435 0.002414325 -0.008351017 1.843644591 -0.002417198 0.999996798 -0.000333760 1.513461950 0.008350025 0.000353952 0.999964371 121.054425823
0.999960253 0.002568280 -0.008517358 1.849563487 -0.002572593 0.999997056 -0.000495621 1.518444984 0.008515907 0.000517595 0.999963095 121.474498527
0.999940351 0.004362380 -0.010022883 1.852006479 -0.004373009 0.999989611 -0.001038054 1.527917711 0.010018104 0.001081858 0.999948493 122.305019804
0.999929154 0.005746159 -0.010482677 1.857250546 -0.005751955 0.999983323 -0.000523006 1.539442701 0.010479344 0.000583281 0.999944547 123.155420264
0.999920913 0.005832314 -0.011135642 1.866605842 -0.005819334 0.999982020 0.001197725 1.558029033 0.011142409 -0.001132797 0.999937268 124.405922409
0.999911537 0.007195492 -0.011171952 1.872046035 -0.007186879 0.999973953 0.000810635 1.567764427 0.011177354 -0.000730220 0.999936580 125.236319614
0.999913505 0.007277758 -0.010947792 1.876563484 -0.007272597 0.999973797 0.000511259 1.572371279 0.010951148 -0.000431565 0.999939309 125.646444611
0.999904157 0.008004558 -0.011355747 1.878203314 -0.008015041 0.999967297 -0.000877974 1.580123510 0.011348281 0.000968900 0.999935138 126.457002036
0.999885988 0.009669967 -0.011579078 1.879246818 -0.009698285 0.999949768 -0.002390069 1.587820165 0.011555288 0.002502131 0.999930072 127.277593085
0.999883092 0.010011506 -0.011576008 1.881765413 -0.010041078 0.999946659 -0.002499383 1.592765198 0.011550296 0.002615320 0.999929318 127.687794388
0.999876865 0.010005750 -0.012070585 1.884401927 -0.010040756 0.999945913 -0.002835787 1.602308184 0.012041379 0.002956665 0.999922439 128.498289190
0.999865214 0.010452464 -0.012714560 1.882041239 -0.010487061 0.999941476 -0.002658566 1.612746619 0.012685914 0.002791488 0.999915139 129.308974133
0.999855308 0.011091851 -0.012926906 1.881561723 -0.011125681 0.999935118 -0.002547677 1.618078934 0.012897703 0.002691236 0.999913297 129.719291394
0.999856689 0.011676968 -0.012277421 1.884599614 -0.011707028 0.999928809 -0.002377358 1.628627156 0.012248655 0.002520807 0.999921021 130.539766312
0.999854475 0.012046748 -0.012059308 1.887636512 -0.012069206 0.999926066 -0.001793958 1.639885323 0.012036694 0.001939236 0.999924932 131.360232366
0.999850021 0.012403641 -0.012085951 1.890153946 -0.012421758 0.999921947 -0.001419261 1.645660291 0.012067318 0.001569290 0.999925310 131.770423307
0.999849141 0.012264973 -0.012313750 1.893594558 -0.012281782 0.999924155 -0.001290300 1.656253826 0.012296904 0.001441332 0.999922864 132.600890327
0.999852374 0.011799748 -0.012521461 1.895632407 -0.011810058 0.999929703 -0.000748766 1.667411104 0.012511754 0.000896508 0.999921439 133.421397905
0.999849318 0.011498762 -0.013043894 1.893750478 -0.011504560 0.999933589 -0.000370651 1.673057182 0.013038617 0.000520643 0.999914729 133.821758845
0.999862215 0.010615077 -0.012756167 1.896787403 -0.010613079 0.999943803 0.000219536 1.684295350 0.012757677 -0.000084144 0.999917752 134.642225149
0.999878344 0.009971101 -0.011971512 1.903418067 -0.009960007 0.999950216 0.000979418 1.695701772 0.011980554 -0.000859987 0.999927648 135.452535629
0.999878466 0.009909313 -0.012020583 1.903936775 -0.009892025 0.999949608 0.001501471 1.701724929 0.012034745 -0.001382356 0.999926081 135.862804000
0.999892139 0.009160066 -0.011484493 1.905379584 -0.009144563 0.999957604 0.001403896 1.711906705 0.011496750 -0.001298717 0.999932726 136.693356689
0.999913237 0.009013631 -0.009625521 1.912414089 -0.008998205 0.999958214 0.001640557 1.722558502 0.009639816 -0.001553856 0.999951933 137.513669257
0.999923175 0.008866591 -0.008685344 1.916931272 -0.008854341 0.999960256 0.001450864 1.727355339 0.008697776 -0.001373801 0.999960465 137.923791882
0.999956332 0.006699140 -0.006531762 1.935763370 -0.006691660 0.999977356 0.001166667 1.737337676 0.006539322 -0.001122929 0.999977336 138.763655237
0.999972398 0.005637795 -0.004894863 1.953193208 -0.005632652 0.999983941 0.001064767 1.747523786 0.004900648 -0.001037204 0.999986718 139.593563645
0.999975592 0.005316603 -0.004685501 1.957114273 -0.005313454 0.999986185 0.000686247 1.752115059 0.004689032 -0.000661266 0.999988033 140.013721768
0.999978815 0.004530088 -0.004662432 1.962555250 -0.004530172 0.999989679 -0.000005966 1.761290497 0.004662263 0.000027168 0.999988779 140.844125964
0.999988923 0.003475160 -0.003173987 1.978389293 -0.003475499 0.999994251 -0.000100112 1.771620120 0.003173617 0.000111157 0.999995038 141.684105776
0.999992902 0.002821649 -0.002391703 1.986901354 -0.002820477 0.999995854 0.000494955 1.777760434 0.002393055 -0.000488184 0.999997088 142.094050571
0.999998230 0.001236885 -0.001788709 2.002732024 -0.001233663 0.999997277 0.001800894 1.790499867 0.001790822 -0.001798563 0.999996446 142.934000295
0.999999094 0.001034697 -0.001341950 2.017757390 -0.001030491 0.999994324 0.003135211 1.803048682 0.001345045 -0.003133793 0.999993737 143.753967065
0.999999662 0.000547186 -0.000747258 2.026269843 -0.000544520 0.999993333 0.003559454 1.808909018 0.000749203 -0.003559011 0.999993477 144.163915355
0.999999593 0.000512952 0.000644480 2.045292916 -0.000515850 0.999989577 0.004496509 1.820781470 -0.000642291 -0.004496799 0.999989699 144.983729513
0.999999493 -0.000226320 0.000750937 2.061121514 0.000221312 0.999977605 0.006654594 1.835000786 -0.000752522 -0.006654383 0.999977360 145.823660760
0.999997109 -0.002335275 0.000670531 2.071032461 0.002329523 0.999961278 0.008448238 1.843347138 -0.000690288 -0.008446603 0.999964110 146.243530415
0.999994668 -0.003056186 0.001202834 2.091054680 0.003044748 0.999951413 0.009399931 1.855250484 -0.001231533 -0.009396179 0.999954746 147.063303923
0.999994801 -0.002829558 0.001813119 2.108284711 0.002819300 0.999979793 0.005631813 1.858752067 -0.001829144 -0.005626628 0.999982416 147.863277524
0.999990979 -0.003436246 0.002394204 2.118801167 0.003427318 0.999986809 0.003723310 1.860594512 -0.002407023 -0.003715031 0.999989943 148.273195451
0.999984290 -0.005115665 0.002377713 2.138830497 0.005111567 0.999985478 0.001723210 1.867418258 -0.002386540 -0.001710977 0.999995674 149.093032380
0.999988479 -0.004425810 0.002110840 2.154452541 0.004419434 0.999986274 0.003015578 1.879772668 -0.002124203 -0.003006183 0.999993222 149.902968646
0.999984037 -0.005335314 0.002094967 2.163963510 0.005327495 0.999979230 0.003719882 1.886113862 -0.002114894 -0.003708642 0.999990033 150.312870669
0.999982355 -0.005516469 0.002111753 2.180798519 0.005510377 0.999980514 0.002876335 1.895174481 -0.002127729 -0.002864614 0.999992930 151.152826060
0.999986679 -0.005040168 0.001595378 2.195424986 0.005035893 0.999983744 0.002667443 1.904948198 -0.001608897 -0.002659348 0.999994339 151.962834811
0.999986800 -0.004943935 0.001693670 2.202939048 0.004939246 0.999983730 0.002759777 1.910237684 -0.001707378 -0.002751334 0.999994224 152.372830493
0.999982139 -0.005715169 0.001962678 2.219965479 0.005709321 0.999979024 0.002973014 1.920868442 -0.001979682 -0.002961702 0.999993721 153.192740682
0.999975460 -0.006879107 0.001238007 2.232998516 0.006876878 0.999975101 0.001792346 1.929095806 -0.001250395 -0.001783714 0.999997695 154.012841935
0.999968747 -0.007638843 0.001937440 2.244511081 0.007636612 0.999970080 0.001154372 1.933138973 -0.001946263 -0.001139491 0.999997530 154.422692121
0.999956953 -0.008871138 0.002720309 2.265340157 0.008867272 0.999960033 0.001429753 1.944123023 -0.002732909 -0.001405488 0.999994557 155.262462441
0.999937475 -0.010783417 0.003025542 2.282961725 0.010776682 0.999939435 0.002232914 1.955659290 -0.003049532 -0.002200126 0.999992202 156.072328394
0.999930200 -0.011377166 0.003138452 2.292473660 0.011369240 0.999931891 0.002533332 1.961310538 -0.003167169 -0.002497431 0.999991891 156.482239031
0.999902913 -0.013288836 0.004193591 2.314288472 0.013279262 0.999909519 0.002288607 1.970800813 -0.004223743 -0.002232699 0.999988474 157.271943873
0.999894168 -0.013597666 0.005306351 2.336507013 0.013589393 0.999906957 0.001594458 1.979616457 -0.005327659 -0.001522132 0.999984368 158.071649806
0.999893358 -0.013485840 0.005683649 2.347616675 0.013479862 0.999908604 0.001079124 1.983744301 -0.005697783 -0.001002292 0.999982633 158.471506268
0.999882391 -0.013446423 0.007383174 2.370238161 0.013445069 0.999909349 0.000245312 1.992445270 -0.007385906 -0.000146027 0.999972648 159.281206299
0.999857156 -0.013353950 0.010424007 2.399450083 0.013355318 0.999910818 -0.000062301 2.001937132 -0.010422365 0.000201540 0.999945051 160.080621940
0.999840503 -0.013446208 0.011804157 2.412557002 0.013448381 0.999909437 -0.000102760 2.006866704 -0.011801787 0.000261525 0.999929978 160.480387863
0.999807047 -0.013442149 0.014342645 2.443765636 0.013439481 0.999910090 0.000280011 2.017550264 -0.014345189 -0.000087157 0.999896950 161.279708097
