1.000000000 -0.000000000 -0.000000000 0.000000000 -0.000000000 1.000000000 0.000000000 -0.000000000 0.000000000 0.000000000 1.000000000 0.000000000
0.999878537 -0.003191271 0.015218987 0.049391545 0.003185510 0.999994044 0.000402981 0.020667469 -0.015220179 -0.000354459 0.999884582 0.588012707
0.999478479 -0.001309852 0.032263598 0.098678791 0.001285014 0.999998563 0.000790630 0.041422561 -0.032264612 -0.000748787 0.999479300 1.178020871
0.999129357 0.000082752 0.041710327 0.133021585 -0.000131438 0.999998443 0.001164637 0.052329010 -0.041710271 -0.001169093 0.999129475 1.479024323
0.998190196 -0.006667654 0.059763138 0.212688986 0.006677623 0.999977131 0.000033017 0.070374289 -0.059762293 0.000366067 0.998213145 2.062695728
0.997040936 -0.005229568 0.076694533 0.293508862 0.005493877 0.999978728 -0.003235539 0.084097655 -0.076675872 0.003647329 0.997050139 2.624531163
0.996260775 -0.004099122 0.086298479 0.338307438 0.004369232 0.999985939 -0.002941398 0.094612903 -0.086285087 0.003307464 0.996265371 2.917076602
0.994077427 -0.001215501 0.108667016 0.438242534 0.000918858 0.999995715 0.002779738 0.124114746 -0.108670503 -0.002663473 0.994074833 3.495406895
0.991203188 0.000646440 0.132348106 0.558196249 -0.002101104 0.999938410 0.010851820 0.157726586 -0.132332962 -0.011034445 0.991143790 4.073641673
0.989519943 -0.003028660 0.144361726 0.623164727 0.000805335 0.999880032 0.015457080 0.175568459 -0.144391314 -0.015178881 0.989405014 4.362984700
0.985536568 -0.006873299 0.169323972 0.772915913 0.002609221 0.999673754 0.025392561 0.212809027 -0.169443414 -0.024583563 0.985233349 4.945658818
0.980243304 -0.004656329 0.197739827 0.943807308 -0.000807373 0.999619794 0.027541247 0.236099459 -0.197792633 -0.027156842 0.979867758 5.507867265
0.977170620 -0.003143752 0.212430945 1.029648014 -0.002673318 0.999629098 0.027090512 0.244897545 -0.212438034 -0.027040013 0.976800985 5.781574066
0.970497341 0.001740644 0.241107132 1.220884726 -0.008330884 0.999618347 0.026316721 0.263090277 -0.240968767 -0.027548978 0.970142298 6.338004426
0.963344089 0.004881319 0.268222813 1.413213978 -0.012408720 0.999574820 0.026375978 0.282051989 -0.267980009 -0.028737527 0.962996140 6.873425129
0.949431424 0.007432276 0.313886460 1.760867150 -0.016924079 0.999477767 0.027525473 0.313182268 -0.313517664 -0.031445857 0.949061979 7.694083406
0.938609483 0.006185913 0.344925862 2.014471840 -0.016469569 0.999502652 0.026891719 0.330413852 -0.344588289 -0.030921684 0.938244722 8.206713120
0.932784406 0.006210207 0.360380400 2.141402448 -0.017212761 0.999477416 0.027329031 0.340289323 -0.360022678 -0.031695289 0.932405359 8.460487153
0.921088020 0.004277109 0.389330936 2.406395464 -0.016809662 0.999444030 0.028789054 0.360328793 -0.388991089 -0.033061839 0.920648578 8.946564310
0.907914686 0.002194600 0.419148547 2.691779811 -0.016103523 0.999430217 0.029648906 0.379204450 -0.418844460 -0.033668531 0.907433478 9.425730554
0.901128172 0.001931887 0.433547859 2.829478605 -0.016638048 0.999407213 0.030128800 0.388745666 -0.433233007 -0.034363387 0.900626791 9.665049342
0.886357784 0.002567255 0.462993179 3.144714640 -0.019665850 0.999290485 0.032107508 0.409867013 -0.462582393 -0.037563975 0.885780292 10.147702683
0.870219545 0.004193714 0.492646599 3.470406873 -0.023941690 0.999141630 0.033785649 0.430327316 -0.492083177 -0.041195777 0.869573177 10.621907176
0.861475261 0.003992353 0.507783444 3.638688824 -0.025141625 0.999077702 0.034798730 0.440611375 -0.507176652 -0.042744817 0.860782074 10.850775076
0.843305554 0.002893416 0.537427204 3.986395121 -0.024750145 0.999132735 0.033457636 0.454601990 -0.536864545 -0.041516446 0.842646831 11.287273159
0.824198176 0.003029538 0.566292256 4.354544883 -0.025329048 0.999181523 0.031519242 0.467394976 -0.565733924 -0.040321840 0.823601430 11.715862264
0.814051301 0.003772985 0.580780114 4.543691969 -0.026192903 0.999199891 0.030222111 0.473232589 -0.580201678 -0.039814772 0.813499083 11.928937796
0.792143574 0.006361297 0.610301395 4.922768295 -0.029213354 0.999194654 0.027502797 0.484310607 -0.609635576 -0.039615199 0.791691965 12.340120900
0.768478752 0.008136000 0.639823527 5.332844791 -0.031690105 0.999175388 0.025356741 0.495900906 -0.639090506 -0.039762249 0.768103060 12.732867217
0.756368826 0.007429091 0.654103391 5.543056545 -0.031517033 0.999187903 0.025096049 0.502993429 -0.653386337 -0.039597317 0.755988931 12.925959878
0.731966026 0.005369284 0.681319067 5.974038314 -0.030761074 0.999208974 0.025173303 0.517878969 -0.680645819 -0.039384185 0.731553959 13.301651676
0.707166903 0.004211558 0.707033223 6.416101678 -0.031020281 0.999203683 0.025074248 0.531837575 -0.706365657 -0.039664124 0.706735928 13.656913060
0.694152731 0.004108177 0.719816061 6.637499017 -0.031560813 0.999194973 0.024732867 0.538115426 -0.719136550 -0.039886419 0.693723745 13.827573063
0.666466037 0.003753492 0.745525360 7.100473344 -0.033153540 0.999146632 0.024607385 0.551681405 -0.744797720 -0.041116874 0.666022782 14.165905181
0.638200606 0.003593036 0.769861981 7.584412895 -0.034282035 0.999129548 0.023756115 0.563441738 -0.769106147 -0.041553676 0.637768729 14.486356809
0.623991971 0.003037179 0.781424948 7.826824602 -0.034643223 0.999116590 0.023780433 0.569819003 -0.780662029 -0.041909976 0.623546243 14.638072401
0.595861001 0.001525134 0.803086188 8.321999638 -0.034547538 0.999121012 0.023735585 0.582180008 -0.802344769 -0.041887842 0.595389629 14.935044084
0.566127158 0.000133024 0.824317889 8.828672157 -0.035077372 0.999097362 0.023929353 0.594113096 -0.823571038 -0.042462009 0.565622438 15.203574675
0.550791096 -0.000107720 0.834643130 9.082426085 -0.035848036 0.999073996 0.023785510 0.599424323 -0.833873427 -0.043021231 0.550277942 15.329868498
0.520225845 -0.001196506 0.854027837 9.600231746 -0.037113458 0.999021780 0.024007066 0.610776440 -0.853222536 -0.044185108 0.519672900 15.576957710
0.488892295 -0.001351602 0.872342528 10.119292379 -0.037950408 0.999018972 0.022816650 0.618888346 -0.871518154 -0.044260745 0.488361457 15.800175782
0.443046174 -0.002203687 0.896495840 10.924416652 -0.035215322 0.999181850 0.019859410 0.627970644 -0.895807759 -0.040369074 0.442606237 16.106435313
0.412219807 -0.000094565 0.911084788 11.455817938 -0.034315451 0.999288517 0.015629729 0.629266935 -0.910438586 -0.037707218 0.411923550 16.285441782
0.396565316 0.001172027 0.918005339 11.731791322 -0.034526447 0.999309947 0.013639102 0.630012027 -0.917356962 -0.037104344 0.396332529 16.369967680
0.365836572 0.003269731 0.930673327 12.284624867 -0.033082132 0.999406731 0.009492979 0.630607501 -0.930091445 -0.034261588 0.365728020 16.522063189
0.337515729 0.004650368 0.941308720 12.867207204 -0.030816127 0.999506241 0.006111548 0.632626814 -0.940815295 -0.031070307 0.337492261 16.679672139
0.324787612 0.004705572 0.945775213 13.153840683 -0.031154107 0.999497694 0.005725744 0.635583852 -0.945274057 -0.031324491 0.324771577 16.751654747
0.300553937 0.001992297 0.953762507 13.727412737 -0.031661068 0.999467270 0.007889427 0.646292135 -0.953239718 -0.032568392 0.300457821 16.889461837
0.276773964 -0.001408894 0.960933777 14.291673235 -0.033596152 0.999372958 0.011141826 0.658416614 -0.960347773 -0.035367512 0.276553496 17.013709371
0.264989487 -0.002867889 0.964247231 14.579084011 -0.034836366 0.999314133 0.012545732 0.663924624 -0.963622539 -0.036915419 0.264707867 17.070617096
0.240638308 -0.005272019 0.970600016 15.164571840 -0.036659434 0.999222071 0.014516358 0.673144908 -0.969922600 -0.039074928 0.240258163 17.172025369
0.217523295 -0.008052434 0.976021856 15.760199685 -0.041617740 0.998979862 0.017517066 0.684095785 -0.975168150 -0.044430294 0.216966328 17.270898861
0.205773939 -0.007244765 0.978572359 16.058228104 -0.044661175 0.998860436 0.016786297 0.685573188 -0.977580437 -0.047158422 0.205216297 17.316474530
0.183412497 -0.000368081 0.983035994 16.635477811 -0.043485195 0.999018009 0.008487456 0.675604844 -0.982073692 -0.044304322 0.183217127 17.385038735
0.163629014 0.006738883 0.986498411 17.223445468 -0.038886478 0.999242906 -0.000375885 0.664106774 -0.985755726 -0.038300013 0.163767777 17.440187513
0.154966412 0.008699198 0.987881465 17.522365306 -0.037616176 0.999287887 -0.002898857 0.661681206 -0.987204103 -0.036711153 0.155183609 17.468909065
0.141310579 0.008856301 0.989925756 18.120246523 -0.035734904 0.999353939 -0.003839556 0.663662284 -0.989320753 -0.034832405 0.141535818 17.525120906
0.132350347 0.003454733 0.991197261 18.737824718 -0.034046224 0.999419731 0.001062662 0.675682951 -0.990618505 -0.033887233 0.132391250 17.587031140
0.129610635 -0.002862823 0.991560985 19.056590674 -0.032426471 0.999448534 0.007124182 0.687902799 -0.991034919 -0.033076261 0.129446436 17.618297005
0.126642488 -0.010809689 0.991889155 19.703755891 -0.030994963 0.999408603 0.014849019 0.704926746 -0.991463901 -0.032624170 0.126232699 17.688596759
0.124376461 -0.009974303 0.992184390 20.330866961 -0.032080518 0.999385446 0.014068183 0.707110737 -0.991716817 -0.033579601 0.123980142 17.760355671
0.123390009 -0.008124570 0.992324848 20.649498086 -0.031761036 0.999421508 0.012131972 0.705450122 -0.991850307 -0.033014293 0.123060665 17.795090614
0.122330025 -0.003613277 0.992482669 21.267155445 -0.028709609 0.999561181 0.007177700 0.699917102 -0.992074193 -0.029371902 0.122172817 17.856597816
0.121905108 0.001903812 0.992539652 22.213166900 -0.026361338 0.999651141 0.001320288 0.694704611 -0.992191986 -0.026325676 0.121912968 17.958290400
0.122485363 0.000684011 0.992470353 22.860298208 -0.024877012 0.999686910 0.002381216 0.699949206 -0.992158866 -0.024981401 0.122464243 18.029989438
0.124707607 -0.000744041 0.992192904 23.497180868 -0.026673900 0.999634931 0.004102225 0.706359206 -0.991835620 -0.026977282 0.124642389 18.106123331
0.126018173 -0.001368368 0.992026908 23.835308219 -0.028281446 0.999587059 0.004971416 0.709826368 -0.991625525 -0.028682488 0.125927525 18.150720353
0.128520513 -0.006863504 0.991682565 25.149640124 -0.023923564 0.999663210 0.010019190 0.725341189 -0.991419040 -0.025012304 0.128313082 18.292992600
0.129357791 -0.007189761 0.991571896 25.488186585 -0.021855281 0.999709798 0.010099953 0.727218574 -0.991357214 -0.022977636 0.129163224 18.329649887
0.129738980 -0.008659322 0.991510657 26.155185552 -0.020882646 0.999716181 0.011463473 0.733146658 -0.991328177 -0.022192649 0.129521413 18.404367434
0.129266518 -0.014708451 0.991500532 26.822328602 -0.019400040 0.999661040 0.017358769 0.746958673 -0.991420124 -0.021479173 0.128937493 18.475819567
0.129489086 -0.017849804 0.991419869 27.160919349 -0.017756416 0.999635415 0.020316920 0.753889300 -0.991422107 -0.020234974 0.129125113 18.511306012
0.131350454 -0.016020512 0.991206856 27.807640752 -0.019761417 0.999627491 0.018775342 0.754757121 -0.991139716 -0.022053853 0.130985236 18.591147431
0.132306756 -0.004409732 0.991198501 28.464113004 -0.025733706 0.999637778 0.007882241 0.739536534 -0.990875382 -0.026550161 0.132145319 18.677052994
0.132539362 0.003951129 0.991170187 28.792486760 -0.027087203 0.999632187 -0.000362760 0.727114430 -0.990808354 -0.026799966 0.132597842 18.717671161
0.132921231 0.020200941 0.990920365 29.449389394 -0.028502664 0.999455807 -0.016551576 0.702998292 -0.990717402 -0.026043846 0.133424780 18.795885118
0.134775789 0.022088421 0.990629820 30.156082091 -0.027961827 0.999438040 -0.018480584 0.703491123 -0.990481550 -0.025209159 0.135317726 18.877869928
0.135110298 0.018101806 0.990664716 30.524316744 -0.027751862 0.999509817 -0.014478554 0.712312993 -0.990442135 -0.025536669 0.135546549 18.920852373
0.134441236 0.008835230 0.990882539 31.260466798 -0.035179502 0.999371904 -0.004137779 0.734337221 -0.990297553 -0.034302501 0.134667808 19.012663784
0.134426259 0.005147566 0.990910368 31.966672291 -0.042779311 0.999083714 0.000613387 0.746797664 -0.989999752 -0.042472989 0.134523508 19.103235078
0.134407563 0.005415334 0.990910820 32.324878830 -0.044732092 0.998998422 0.000607943 0.748874166 -0.989916528 -0.044407243 0.134515200 19.146924190
0.135781144 0.008701874 0.990700487 33.021484617 -0.044302110 0.999014508 -0.002703044 0.746972950 -0.989748132 -0.043523136 0.136032937 19.230467097
0.136280318 0.010463669 0.990615088 33.718295750 -0.041608191 0.999121880 -0.004829434 0.747005269 -0.989796303 -0.040559609 0.136596183 19.309947470
0.135933265 0.010810068 0.990658924 34.066725564 -0.041255316 0.999134072 -0.005241759 0.748183837 -0.989859452 -0.040157465 0.136261665 19.349148569
0.135420147 0.012443521 0.990709857 34.773103696 -0.043609596 0.999026379 -0.006586972 0.750018914 -0.989828527 -0.042312489 0.135831080 19.437083089
0.135191059 0.015246293 0.990702119 35.489418920 -0.046610391 0.998871785 -0.009011555 0.750081956 -0.989722787 -0.044958796 0.135749412 19.526598655
0.135200601 0.015707146 0.990693491 35.847626507 -0.047208311 0.998840140 -0.009393762 0.751478851 -0.989693012 -0.045499044 0.135785557 19.570310849
0.135426419 0.015256375 0.990669975 36.564090069 -0.048606135 0.998779495 -0.008736744 0.756667420 -0.989594778 -0.046969536 0.136002832 19.656654686
0.135979547 0.014000388 0.990612639 37.280447126 -0.050181150 0.998713849 -0.007226536 0.763372785 -0.989440380 -0.048727494 0.136507347 19.744945439
0.136048571 0.012927700 0.990618180 37.648637231 -0.050234752 0.998718359 -0.006134341 0.767311315 -0.989427945 -0.048928960 0.136523732 19.789092956
0.135653652 0.012876598 0.990672851 38.375297384 -0.050183081 0.998720733 -0.006109627 0.771318324 -0.989485392 -0.048886222 0.136126479 19.872001703
0.135529728 0.014022813 0.990674171 39.091712651 -0.052630333 0.998589896 -0.006934689 0.774052149 -0.989374880 -0.051199712 0.136076753 19.959428127
0.135683049 0.013862530 0.990655583 39.440036454 -0.053200382 0.998561390 -0.006686726 0.776427699 -0.989323509 -0.051796057 0.136225486 20.000587005
0.135608709 0.013055535 0.990676635 40.126800399 -0.054997245 0.998469751 -0.005629983 0.782077502 -0.989235450 -0.053721051 0.136119442 20.080354160
0.135917136 0.011664957 0.990651044 40.823288734 -0.056134602 0.998414168 -0.004054764 0.788788979 -0.989128701 -0.055058754 0.136356597 20.165602982
0.135832415 0.011132230 0.990668937 41.161677327 -0.056634760 0.998388695 -0.003453699 0.791717268 -0.989112172 -0.055637285 0.136244086 20.205222225
0.136066375 0.010187469 0.990647665 41.848179721 -0.059498248 0.998225641 -0.002093234 0.798105828 -0.988911752 -0.058657062 0.136431231 20.289960370
0.136958362 0.009653304 0.990529451 42.524436182 -0.062132015 0.998067023 -0.001135893 0.803900810 -0.988626630 -0.061388126 0.137293560 20.379193111
0.137254304 0.009981243 0.990485027 42.862565784 -0.063954768 0.997951555 -0.001194089 0.805908815 -0.988469256 -0.063182493 0.137611627 20.423839691
0.137022824 0.009684051 0.990520360 43.529254103 -0.065519952 0.997850994 -0.000692067 0.810640612 -0.988399259 -0.064804120 0.137362911 20.504593166
0.136916912 0.009614751 0.990536061 44.196099335 -0.067267235 0.997734617 -0.000386607 0.814941147 -0.988296493 -0.066577726 0.137253588 20.582363639
0.136434287 0.009440979 0.990603963 44.534488761 -0.068104863 0.997677791 -0.000128410 0.817329748 -0.988305345 -0.067447545 0.136760544 20.622001212
0.135201034 0.008459312 0.990781603 45.231187191 -0.068442921 0.997654117 0.000821668 0.822896540 -0.988451490 -0.067923243 0.135462968 20.703292048
0.133921890 0.008901549 0.990951322 45.908125221 -0.068740889 0.997633650 0.000328392 0.825773330 -0.988605399 -0.068162958 0.134216989 20.779634089
0.133652640 0.008483001 0.990991581 46.236580163 -0.068596083 0.997644052 0.000711446 0.828244941 -0.988651422 -0.068073358 0.133919759 20.817747981
0.133181917 0.008434186 0.991055231 46.913360526 -0.068598469 0.997643683 0.000728279 0.832042709 -0.988715005 -0.068082007 0.133446794 20.897056392
0.132144994 0.008506606 0.991193714 47.600284313 -0.068044760 0.997682134 0.000509373 0.835362348 -0.988892132 -0.067512931 0.132417627 20.973905038
0.131816408 0.008167017 0.991240204 47.938778178 -0.067507122 0.997718512 0.000756799 0.837573378 -0.988973601 -0.067015605 0.132067106 21.011550210
0.131304354 0.005743065 0.991325526 48.645563486 -0.067447416 0.997716917 0.003153541 0.845554206 -0.989045455 -0.067276526 0.131392098 21.091282269
0.130295936 0.002134414 0.991473144 49.352397999 -0.066863095 0.997739386 0.006639017 0.855400118 -0.989218122 -0.067158092 0.130144312 21.169951767
0.129461570 0.000684499 0.991584107 49.710861386 -0.066971307 0.997722209 0.008055068 0.859786100 -0.989320159 -0.067450667 0.129212609 21.208566360
0.127141757 -0.000503902 0.991884769 50.417962923 -0.067073525 0.997706351 0.009104483 0.865345306 -0.989614213 -0.067686844 0.126816464 21.282385369
0.124224785 -0.001597249 0.992252354 51.095576080 -0.064124130 0.997894940 0.009634346 0.869481488 -0.990180122 -0.064824289 0.123860996 21.345694826
0.122663860 -0.001958380 0.992445766 51.434487975 -0.061264143 0.998075308 0.009541593 0.870802338 -0.990555944 -0.061971903 0.122307914 21.375376502
0.118991318 -0.000926299 0.992894932 52.151999976 -0.058924973 0.998230338 0.007993017 0.871586715 -0.991145654 -0.059457478 0.118726276 21.441885596
0.114886785 0.001016104 0.993378136 52.849801646 -0.058364226 0.998278247 0.005728866 0.870986499 -0.991662604 -0.058635944 0.114748446 21.502402344
0.112739578 0.002608369 0.993620868 53.198756165 -0.058356606 0.998287509 0.004000731 0.869648154 -0.991909282 -0.058435558 0.112698880 21.531696764
0.110543538 0.004459251 0.993861639 53.896505624 -0.056844400 0.998381353 0.001843070 0.869131726 -0.992244558 -0.056699281 0.110618177 21.593209882
0.107399134 0.004559097 0.994205150 54.594458408 -0.056836184 0.998382346 0.001561480 0.871858075 -0.992590436 -0.056674561 0.107484551 21.650616000
0.106077420 0.003771445 0.994351076 54.943406590 -0.056524165 0.998398004 0.002243220 0.874627355 -0.992750203 -0.056442907 0.106120869 21.679770911
0.103633174 0.000344318 0.994615841 55.641454931 -0.054123667 0.998519782 0.005293705 0.882932804 -0.993142570 -0.054380910 0.103498543 21.734989110
0.100545726 -0.002385170 0.994929857 56.339713583 -0.051977932 0.998618043 0.007646811 0.889953649 -0.993573929 -0.052483265 0.100283023 21.786254074
0.099026769 -0.002862922 0.995080956 56.688871196 -0.051395058 0.998645992 0.007987818 0.892007995 -0.993757184 -0.051933255 0.098745697 21.811436402
0.095677853 -0.003189758 0.995406792 57.387344337 -0.050737014 0.998678785 0.008077056 0.895035801 -0.994118730 -0.051276934 0.095389679 21.858840119
0.092316406 0.001743077 0.995728153 58.075635243 -0.054914871 0.998485278 0.003343388 0.889940546 -0.994214879 -0.054988996 0.092272388 21.909994943
0.090544621 0.005204240 0.995878723 58.404829888 -0.056891296 0.998380078 -0.000044789 0.885572396 -0.994266512 -0.056652808 0.090694066 21.934352110
0.088125572 0.009240247 0.996066821 59.103261873 -0.058446227 0.998281404 -0.004089841 0.881518134 -0.994393289 -0.057855982 0.088514352 21.982995575
0.086546583 0.008605214 0.996210088 59.781918133 -0.056568572 0.998391358 -0.003709604 0.884708125 -0.994640584 -0.056033285 0.086894231 22.026352844
0.085814614 0.006207885 0.996291440 60.131122531 -0.056623484 0.998394668 -0.001343783 0.890196649 -0.994701005 -0.056298292 0.086028393 22.050419319
0.083418761 0.001955817 0.996512888 60.869634205 -0.058648785 0.998273841 0.002950266 0.900604933 -0.994787588 -0.058690509 0.083389623 22.097660518
0.082102199 -0.000017489 0.996624195 61.587918321 -0.061109623 0.998117515 0.005051751 0.907298340 -0.994748932 -0.061318179 0.081946670 22.148980678
0.080741726 0.000141417 0.996735305 61.947324321 -0.061912885 0.998069049 0.004873726 0.908357182 -0.994810815 -0.062104275 0.080594770 22.169722380
0.079182823 0.001875653 0.996857900 62.636129138 -0.062038241 0.998068380 0.003049922 0.907740969 -0.994928075 -0.062084902 0.079146338 22.210732918
0.077598872 0.003286590 0.996979349 63.334658114 -0.064541369 0.997913133 0.001733851 0.908336345 -0.994893938 -0.064481025 0.077649182 22.257220033
0.075994642 0.004634123 0.997097295 63.684237783 -0.063768773 0.997964122 0.000222055 0.906892019 -0.995067035 -0.063600695 0.076135630 22.274527458
0.072823262 0.005926709 0.997327275 64.383288858 -0.062931431 0.998016869 -0.001335642 0.906659504 -0.995357251 -0.062666084 0.073051936 22.311050528
0.070459304 0.007692306 0.997485006 65.102313758 -0.062581406 0.998033650 -0.003275978 0.905813554 -0.995549704 -0.062193289 0.070802328 22.348637724
0.069323711 0.008495015 0.997558139 65.461773664 -0.063135889 0.997995774 -0.004111202 0.905689244 -0.995594242 -0.062696833 0.069721296 22.368420394
0.066816507 0.009885690 0.997716468 66.160876489 -0.064523071 0.997900495 -0.005566436 0.905672767 -0.995677203 -0.064003935 0.067314110 22.403936911
0.064913062 0.009571461 0.997845006 66.860444821 -0.062372075 0.998037193 -0.005515796 0.907750548 -0.995939686 -0.061879734 0.065382765 22.430389354
0.063826203 0.009327208 0.997917146 67.210176545 -0.061620699 0.998084659 -0.005387545 0.909023140 -0.996056986 -0.061148660 0.064278755 22.444606854
0.061312138 0.008123805 0.998085239 67.899442770 -0.061898920 0.998072345 -0.004321259 0.913159647 -0.996197919 -0.061515491 0.061696879 22.476463027
0.058324843 0.008299409 0.998262902 68.589182259 -0.060545838 0.998153569 -0.004761025 0.914363317 -0.996459923 -0.060163069 0.058719738 22.499425864
0.057059169 0.008077089 0.998338416 68.939122628 -0.059538468 0.998214867 -0.004673214 0.915430680 -0.996594235 -0.059173019 0.057438299 22.509653469
0.054843698 0.008777089 0.998456361 69.638797434 -0.059378746 0.998220337 -0.005513419 0.916011653 -0.996728398 -0.058984846 0.055267305 22.534158317
0.051581549 0.007791296 0.998638176 70.348819437 -0.057827077 0.998314247 -0.004801882 0.919067441 -0.996993454 -0.057500747 0.051945232 22.552106242
0.050737745 0.008043112 0.998679511 70.688722363 -0.057390765 0.998337778 -0.005124633 0.919435940 -0.997062333 -0.057055053 0.051115084 22.562835155
0.048570996 0.007089468 0.998794095 71.368733114 -0.055493593 0.998448875 -0.004388378 0.922396305 -0.997276867 -0.055213668 0.048889157 22.580220601
0.046985678 0.005402015 0.998881043 72.048532876 -0.055929655 0.998430497 -0.002768736 0.927081021 -0.997328871 -0.055737032 0.047214140 22.601544348
0.046333233 0.005075668 0.998913079 72.398472751 -0.055599942 0.998449628 -0.002494387 0.928468199 -0.997378131 -0.055424088 0.046543657 22.611761092
0.044955529 0.004874844 0.998977183 73.078433110 -0.054695668 0.998499647 -0.002411123 0.930333035 -0.997490755 -0.054531424 0.045154798 22.630182962
0.043839857 0.003633405 0.999032085 73.758442828 -0.053677558 0.998557410 -0.001276181 0.933963013 -0.997595552 -0.053569740 0.043971723 22.647545667
0.043245358 0.003317578 0.999058922 74.098448373 -0.053906291 0.998544653 -0.000982480 0.935333259 -0.997609838 -0.053813145 0.043361320 22.656242124
0.042263851 0.002860822 0.999101888 74.778564210 -0.054213925 0.998528799 -0.000565830 0.937696296 -0.997634653 -0.054141356 0.042356828 22.671649426
0.041687126 0.003283733 0.999125178 75.458578122 -0.054369741 0.998519741 -0.001013248 0.938607846 -0.997650482 -0.054279969 0.041803964 22.689104457
0.041643197 0.004386554 0.999122698 75.788496603 -0.055544763 0.998454045 -0.002068520 0.937683987 -0.997587915 -0.055410037 0.041822557 22.699355617
0.041715498 0.006701040 0.999106553 76.448438359 -0.056444761 0.998396312 -0.004339548 0.935428832 -0.997534607 -0.056213373 0.042026911 22.717873343
0.042278222 0.008548361 0.999069319 77.128195146 -0.057606682 0.998320399 -0.006104176 0.934210798 -0.997443801 -0.057295088 0.042699735 22.740396784
0.042498625 0.009453026 0.999051483 77.478085832 -0.058810843 0.998244205 -0.006943624 0.933722897 -0.997364435 -0.058460099 0.042980015 22.751676428
0.043236461 0.009058600 0.999023521 78.167927369 -0.059511022 0.998206378 -0.006475634 0.936298101 -0.997291149 -0.059172961 0.043698049 22.772594250
0.044238903 0.007404601 0.998993357 78.847570528 -0.060710429 0.998143748 -0.004709830 0.941214194 -0.997175102 -0.060441024 0.044606378 22.796907787
0.044974311 0.006943482 0.998963692 79.187314877 -0.061244679 0.998113273 -0.004180275 0.943093330 -0.997109568 -0.060993302 0.045314762 22.810583041
0.045852231 0.005324589 0.998934405 79.866853905 -0.062133913 0.998064119 -0.002467928 0.947987109 -0.997014543 -0.061954598 0.046094395 22.836895768
0.047147276 0.003218763 0.998882895 80.526419295 -0.060611558 0.998161379 -0.000355568 0.953374393 -0.997047573 -0.060527213 0.047255750 22.862148444
0.047286715 0.002869513 0.998876647 80.866216318 -0.060078012 0.998193432 -0.000023462 0.954869914 -0.997073396 -0.060009505 0.047373721 22.874837511
0.048098796 0.000874512 0.998841862 81.525885883 -0.060626532 0.998158432 0.002045525 0.960249529 -0.997001370 -0.060654777 0.048063273 22.898092014
0.049006201 -0.001935652 0.998796010 82.155594343 -0.059948526 0.998189426 0.004875864 0.966789158 -0.996997985 -0.060115388 0.048801465 22.919742184
0.049292986 -0.003231445 0.998779492 82.475624861 -0.057964447 0.998299712 0.006090634 0.969552388 -0.997101330 -0.058193959 0.049021960 22.927348040
0.050483533 -0.003575286 0.998717945 83.145337760 -0.056344190 0.998390466 0.006422218 0.971813074 -0.997134118 -0.056596266 0.050200896 22.950230902
0.051311514 -0.003406115 0.998676773 83.815051753 -0.056381857 0.998388555 0.006302011 0.973364171 -0.997090593 -0.056630748 0.051036857 22.973137864
0.051730488 -0.003769360 0.998654115 84.154691818 -0.058338782 0.998273690 0.006789888 0.975320936 -0.996956313 -0.058611630 0.051421334 22.988808915
0.052850622 -0.002531086 0.998599252 84.834081690 -0.060947361 0.998123800 0.005755503 0.975618884 -0.996741284 -0.061166243 0.052597282 23.018275381
0.054326775 -0.001455588 0.998522104 85.513785032 -0.058207251 0.998293390 0.004622146 0.975284175 -0.996825151 -0.058372407 0.054149433 23.041768037
0.054954306 -0.002393951 0.998485786 85.863775824 -0.055462153 0.998445504 0.005446362 0.977427080 -0.996947504 -0.055677563 0.054736181 23.050959897
0.056226211 -0.004382907 0.998408601 86.543209658 -0.055736739 0.998417067 0.007521806 0.982988147 -0.996861742 -0.056070955 0.055892977 23.079248393
0.056987351 -0.005632167 0.998359309 87.232214132 -0.059165260 0.998206856 0.009008519 0.987993336 -0.996620651 -0.059581561 0.056552044 23.116071144
0.057333020 -0.007415987 0.998327250 87.571798408 -0.060133941 0.998130572 0.010867959 0.992352549 -0.996542721 -0.060656558 0.056779962 23.132659815
0.058415149 -0.010438569 0.998237307 88.241243496 -0.058335944 0.998200747 0.013851900 0.999409646 -0.996587194 -0.059042291 0.057701114 23.160375856
0.060505773 -0.008475976 0.998131691 88.910597775 -0.056239737 0.998346137 0.011887000 0.997809423 -0.996582079 -0.056853959 0.059929122 23.190384361
0.061083081 -0.005220756 0.998118865 89.250247817 -0.056876113 0.998342987 0.008702640 0.993299927 -0.996511324 -0.057300808 0.060685002 23.206275028
0.061043501 0.001457652 0.998133931 89.919509547 -0.059392327 0.998231482 0.002174493 0.984171730 -0.996367017 -0.059414247 0.061022214 23.238537643
0.062503086 0.006352078 0.998024268 90.568585276 -0.060714365 0.998151329 -0.002550534 0.978150875 -0.996196886 -0.060435142 0.062773290 23.273648295
0.063387805 0.007682136 0.997959634 90.898191907 -0.059768384 0.998204544 -0.003887679 0.976810279 -0.996197754 -0.059400099 0.063733294 23.289908906
0.064761451 0.005872399 0.997883407 91.547302116 -0.060101889 0.998189579 -0.001973659 0.982198989 -0.996089652 -0.059846906 0.064997236 23.323632834
0.065403649 0.003017384 0.997854352 92.196566060 -0.060093493 0.998192140 0.000920373 0.989215247 -0.996048376 -0.060024781 0.065466761 23.354303835
0.065191817 0.002959194 0.997868449 92.536207436 -0.059841746 0.998206499 0.000949325 0.990322503 -0.996076988 -0.059776120 0.065252101 23.370003738
0.064703201 0.004086969 0.997896534 93.195677376 -0.058336259 0.998296000 -0.000306102 0.990060727 -0.996198609 -0.058193792 0.064831508 23.397446707
0.064531976 0.003873032 0.997907967 93.864764292 -0.060442351 0.998171487 0.000034587 0.992967083 -0.996084092 -0.060318241 0.064648128 23.432298235
0.064452597 0.003906540 0.997913156 94.204458018 -0.060282176 0.998181064 -0.000014114 0.993900603 -0.996098675 -0.060155604 0.064570896 23.447004822
0.064938583 0.004185233 0.997880001 94.863664789 -0.059448087 0.998230518 -0.000318031 0.995426977 -0.996117582 -0.059301396 0.065072615 23.479383141
0.065398848 0.002970251 0.997854766 95.522763205 -0.059047627 0.998254573 0.000898519 0.999669455 -0.996111116 -0.058979830 0.065460209 23.513667644
0.065766682 0.002261384 0.997832486 95.842377990 -0.058341020 0.998294942 0.001582806 1.001833727 -0.996127867 -0.058318774 0.065786537 23.529287572
0.066277353 0.001247653 0.997800452 96.481451681 -0.059333270 0.998234277 0.002692933 1.005923920 -0.996035510 -0.059381326 0.066234491 23.563533173
0.065560785 0.003110960 0.997844030 97.110912914 -0.055309123 0.998468399 0.000521044 1.003917675 -0.996314493 -0.055224065 0.065632547 23.590469671
0.065777591 0.005399229 0.997819793 97.420497118 -0.054946582 0.998487397 -0.001780691 1.000935655 -0.996320462 -0.054709716 0.065974884 23.606741956
0.066205065 0.009916819 0.997757124 98.029678166 -0.057496861 0.998326764 -0.006107384 0.995568164 -0.996148600 -0.056963619 0.066664567 23.638744620
0.066456285 0.010065733 0.997738279 98.668963864 -0.057074974 0.998349753 -0.006270316 0.997274388 -0.996155783 -0.056529193 0.066921191 23.669074323
0.067107319 0.006885933 0.997722085 98.988258395 -0.059950513 0.998196771 -0.002856908 1.004468773 -0.995943188 -0.059622275 0.067399138 23.690518709
0.068573401 -0.002913972 0.997641334 99.647490779 -0.057116376 0.998343447 0.006841951 1.023151390 -0.996009726 -0.057450951 0.068293467 23.721315126
0.070155139 -0.009513285 0.997490747 100.306574948 -0.055207670 0.998384220 0.013404655 1.036628528 -0.996007807 -0.056009594 0.069516647 23.755285987
0.070524564 -0.009764283 0.997462103 100.636073039 -0.054701872 0.998409290 0.013641201 1.038123966 -0.996009656 -0.055525192 0.069878253 23.773448709
0.069990777 -0.004414240 0.997538220 101.265334308 -0.054246948 0.998492969 0.008224628 1.030696203 -0.996071989 -0.054689084 0.069645947 23.804566206
0.069547709 0.006094632 0.997559903 101.884256800 -0.058501052 0.998285271 -0.002020486 1.015336780 -0.995861819 -0.058217908 0.069785109 23.842425957
0.069278335 0.006984555 0.997573096 102.193680068 -0.061457468 0.998106033 -0.002720242 1.015394512 -0.995702577 -0.061119960 0.069576458 23.861592650
0.069410636 0.001056284 0.997587496 102.822806337 -0.062625869 0.998031082 0.003300654 1.027952867 -0.995621010 -0.062703954 0.069340140 23.894029781
0.069467401 -0.007381095 0.997556790 103.462540475 -0.053076676 0.998528411 0.011084408 1.042816950 -0.996172044 -0.053716979 0.068973404 23.914919652
0.069156729 -0.008980920 0.997565278 103.782257493 -0.050948222 0.998622794 0.012522448 1.046232825 -0.996304476 -0.051690259 0.068603902 23.928498639
0.068045886 -0.006158634 0.997663408 104.401368801 -0.052082686 0.998595493 0.009716710 1.043520741 -0.996322058 -0.052622299 0.067629617 23.961931978
0.065757779 0.003420289 0.997829886 104.980760782 -0.055219122 0.998473631 0.000216487 1.029077672 -0.996307252 -0.055113502 0.065846423 23.989680296
0.064849512 0.007234548 0.997868493 105.290400867 -0.056471371 0.998397314 -0.003568415 1.023633239 -0.996296235 -0.056119712 0.065154193 24.005036997
0.064692090 0.005890055 0.997887797 105.920062126 -0.051814061 0.998652818 -0.002535508 1.027008534 -0.996559449 -0.051540695 0.064910297 24.027793854
0.064273180 0.002564569 0.997928876 106.549874870 -0.045179555 0.998978227 0.000342597 1.033470534 -0.996909327 -0.045108038 0.064323475 24.047448227
0.062962013 0.000849262 0.998014965 106.869800102 -0.043023979 0.999072289 0.001864102 1.036961018 -0.997088927 -0.043056029 0.062940136 24.057027816
0.059922715 -0.000967469 0.998202760 107.489524594 -0.044286525 0.999012009 0.003626802 1.041898468 -0.997220938 -0.044424299 0.059820726 24.078210755
0.057844493 0.006448537 0.998304439 108.079105656 -0.047603395 0.998859435 -0.003693842 1.031141026 -0.997190057 -0.047309087 0.058085548 24.102358677
0.057103792 0.011375150 0.998303416 108.368880164 -0.048914489 0.998765934 -0.008582521 1.023663884 -0.997169295 -0.048341475 0.057589819 24.114742693
0.056510751 0.017738960 0.998244365 108.978483745 -0.048893369 0.998691614 -0.014978997 1.014487901 -0.997203995 -0.047961153 0.057304211 24.138880977
0.056047277 0.013979297 0.998330368 109.608242288 -0.046662040 0.998845271 -0.011366798 1.022322944 -0.997337874 -0.045947063 0.056634946 24.159487933
0.055338872 0.010118151 0.998416026 109.918122954 -0.046475865 0.998890067 -0.007546976 1.029731894 -0.997386196 -0.045984650 0.055747760 24.169412007
0.053048446 0.002911410 0.998587503 110.518173661 -0.044965872 0.998987690 -0.000523830 1.043355090 -0.997579043 -0.044874624 0.053125759 24.183261361
0.050945077 -0.001309831 0.998700320 111.088011781 -0.047141879 0.998880814 0.003714840 1.052350832 -0.997588131 -0.047269912 0.050826393 24.200699024
0.049917649 -0.002093522 0.998751425 111.367993220 -0.048831666 0.998795928 0.004534229 1.054569631 -0.997559496 -0.048997137 0.049755418 24.208235221
0.049178687 0.002453440 0.998787303 111.907895783 -0.049869509 0.998755352 0.000002130 1.048164963 -0.997544896 -0.049809182 0.049239895 24.224631000
0.048639358 0.010068929 0.998765764 112.467622305 -0.053708782 0.998528145 -0.007450938 1.037010761 -0.997371845 -0.053280179 0.049108642 24.245229028
0.048040312 0.011845247 0.998775167 112.747662755 -0.054952203 0.998446364 -0.009198132 1.034738320 -0.997332951 -0.054443054 0.048616657 24.251918548
0.048252097 0.012278337 0.998760079 113.317304718 -0.056803080 0.998339858 -0.009528963 1.035843972 -0.997219098 -0.056272910 0.048869517 24.273621051
