1.000000000 0.000000000 0.000000000 -0.000000000 0.000000000 1.000000000 -0.000000000 -0.000000000 0.000000000 -0.000000000 1.000000000 -0.000000000
0.999999727 0.000007034 -0.000010371 0.000000080 -0.000007047 0.999999678 -0.000023328 -0.000039996 0.000010094 0.000023362 1.000000352 -0.000000575
0.999999508 0.000024507 -0.000047422 -0.000974498 -0.000024506 0.999999352 -0.000048410 -0.000088719 0.000046724 0.000048401 1.000000714 -0.000224905
0.999999566 -0.000044018 -0.000084112 -0.000974558 0.000044015 0.999999474 -0.000030367 -0.000058722 0.000082641 0.000030423 0.999999746 -0.000224474
1.000000123 -0.000037215 -0.000098583 -0.000974438 0.000037193 0.999999995 -0.000064604 -0.000118716 0.000098059 0.000064724 1.000000022 -0.000225337
1.000000185 -0.000101654 -0.000072066 0.000000339 0.000101635 0.999999450 -0.000093562 -0.000169982 0.000071326 0.000093643 1.000000546 -0.000002446
0.999999328 -0.000019282 -0.000092635 -0.000974278 0.000019270 0.999999308 -0.000114806 -0.000198707 0.000092480 0.000114900 1.000000641 -0.000226488
1.000000254 -0.000035100 -0.000080264 -0.000974258 0.000035099 0.999999249 -0.000116778 -0.000208706 0.000079588 0.000116811 1.000000372 -0.000226632
0.999999431 0.000034227 -0.000030053 -0.000974278 -0.000034234 0.999999444 -0.000112881 -0.000198707 0.000029118 0.000112916 1.000000664 -0.000226488
1.000000094 -0.000033439 -0.000009379 0.000000499 0.000033428 0.999999859 -0.000144131 -0.000249974 0.000008726 0.000144187 0.999999813 -0.000003597
1.000000210 -0.000015418 -0.000013521 0.000000479 0.000015411 0.999999035 -0.000134442 -0.000239975 0.000012590 0.000134458 1.000000032 -0.000003453
1.000000045 -0.000066120 -0.000023764 0.000000379 0.000066123 0.999999287 -0.000109860 -0.000189980 0.000022540 0.000109899 1.000000099 -0.000002734
0.999999415 -0.000014072 -0.000034957 0.000000339 0.000014062 0.999999570 -0.000097377 -0.000169982 0.000033936 0.000097425 0.999999769 -0.000002446
0.999999981 0.000028803 -0.000058642 -0.000974198 -0.000028818 0.999999117 -0.000134730 -0.000238703 0.000058055 0.000134857 0.999999936 -0.000227063
0.999999857 -0.000041585 -0.000073121 -0.000974099 0.000041562 0.999999534 -0.000165467 -0.000288698 0.000072411 0.000165606 1.000000262 -0.000227783
0.999999396 -0.000054957 -0.000025875 0.000000499 0.000054951 0.999999863 -0.000140869 -0.000249974 0.000025304 0.000140892 1.000000181 -0.000003597
0.999999588 -0.000094383 -0.000003341 0.000000439 0.000094366 0.999999980 -0.000127226 -0.000219977 0.000002333 0.000127333 1.000000423 -0.000003165
0.999999696 -0.000112189 0.000001746 0.000000439 0.000112187 0.999999018 -0.000122119 -0.000219977 -0.000002509 0.000122207 1.000000640 -0.000003165
0.999999615 -0.000095930 0.000032589 0.000000499 0.000095922 0.999999782 -0.000140753 -0.000249974 -0.000033551 0.000140827 1.000000257 -0.000003597
0.999999380 -0.000061256 0.000036676 0.000000439 0.000061250 0.999999105 -0.000123146 -0.000219977 -0.000037198 0.000123223 1.000000430 -0.000003165
0.999999477 -0.000059513 0.000080988 0.000000339 0.000059530 0.999999534 -0.000093645 -0.000169982 -0.000082350 0.000093668 0.999999748 -0.000002446
1.000000114 0.000004120 0.000093153 0.000000359 -0.000004122 0.999999504 -0.000104430 -0.000179981 -0.000094435 0.000104573 1.000000327 -0.000002590
0.999999314 0.000019491 0.000099398 0.000000279 -0.000019495 0.999999895 -0.000079411 -0.000139985 -0.000099978 0.000079478 1.000000079 -0.000002014
0.999999875 0.000019613 0.000070746 0.000000240 -0.000019619 0.999999037 -0.000069563 -0.000119987 -0.000071120 0.000069642 0.999999808 -0.000001726
0.999999812 0.000026093 0.000011213 0.000000080 -0.000026080 0.999999736 -0.000021983 -0.000039996 -0.000012744 0.000021990 1.000000194 -0.000000575
0.999999904 0.000040496 0.000021401 0.000000080 -0.000040495 0.999999805 -0.000019067 -0.000039996 -0.000022171 0.000019139 1.000000523 -0.000000575
0.999999943 0.000011571 0.000004035 0.000000240 -0.000011580 0.999999037 -0.000068498 -0.000119987 -0.000004289 0.000068516 0.999999909 -0.000001726
0.999999762 -0.000000655 -0.000051453 0.000000339 0.000000647 0.999999646 -0.000094015 -0.000169982 0.000050233 0.000094040 1.000000138 -0.000002446
0.999999983 -0.000010164 -0.000063682 0.000000180 0.000010158 0.999999241 -0.000051233 -0.000089990 0.000062739 0.000051321 1.000000020 -0.000001295
0.999999391 -0.000010937 -0.000070906 0.000000259 0.000010936 0.999999906 -0.000074450 -0.000129986 0.000069797 0.000074549 1.000000070 -0.000001870
1.000000017 -0.000025030 -0.000054617 0.000000299 0.000025020 0.999999708 -0.000086226 -0.000149984 0.000053732 0.000086293 1.000000554 -0.000002158
0.999999879 -0.000045912 -0.000036982 0.000000220 0.000045908 0.999999049 -0.000059678 -0.000109988 0.000036567 0.000059739 0.999999864 -0.000001583
0.999999848 -0.000067577 0.000011216 0.000000100 0.000067565 0.999999520 -0.000023883 -0.000049995 -0.000012371 0.000023993 1.000000167 -0.000000719
0.999999466 -0.000083785 -0.000008406 0.000000120 0.000083793 0.999999386 -0.000031030 -0.000059994 0.000007278 0.000031046 1.000000689 -0.000000863
0.999999623 -0.000045269 -0.000012307 0.000000120 0.000045278 0.999999475 -0.000030225 -0.000059994 0.000010847 0.000030239 0.999999806 -0.000000863
0.999999588 0.000024438 -0.000051344 0.000000140 -0.000024445 0.999999518 -0.000036806 -0.000069993 0.000050847 0.000036896 0.999999986 -0.000001007
0.999999832 0.000017751 -0.000078088 0.000000040 -0.000017755 0.999999943 -0.000006363 -0.000019998 0.000076655 0.000006432 1.000000459 -0.000000288
1.000000171 0.000003445 -0.000071784 0.000000040 -0.000003458 0.999999852 -0.000010641 -0.000019998 0.000070788 0.000010741 0.999999789 -0.000000288
0.999999631 -0.000058104 -0.000038012 0.000000120 0.000058103 0.999999422 -0.000032080 -0.000059994 0.000037717 0.000032116 1.000000037 -0.000000863
1.000000076 -0.000090681 -0.000027930 0.000000319 0.000090671 0.999999555 -0.000087872 -0.000159983 0.000027016 0.000087851 1.000000496 -0.000002302
0.999999511 -0.000069578 -0.000021796 0.000000419 0.000069583 0.999999147 -0.000119162 -0.000209978 0.000020417 0.000119160 1.000000413 -0.000003021
0.999999724 0.000062452 0.000021335 0.000000339 -0.000062458 0.999999712 -0.000098073 -0.000169982 -0.000021512 0.000098156 1.000000361 -0.000002446
0.999999926 0.000140448 0.000044812 -0.000974059 -0.000140445 0.999999679 -0.000180736 -0.000308695 -0.000045198 0.000180797 1.000000416 -0.000228070
0.999999918 0.000191335 0.000012970 -0.000973779 -0.000191347 0.999999615 -0.000261703 -0.000448681 -0.000014147 0.000261836 1.000000116 -0.000230085
1.000000220 0.000213620 -0.000011688 -0.000974019 -0.000213624 0.999999721 -0.000187953 -0.000328693 0.000011244 0.000188044 1.000000684 -0.000228358
0.999999979 0.000093218 -0.000012783 -0.000001337 -0.000093237 0.999999829 0.000392318 0.000669929 0.000012976 -0.000392232 0.999999814 0.000009640
0.999999786 0.000043116 -0.000059653 -0.000002136 -0.000043071 0.999999116 0.000627651 0.001069887 0.000058825 -0.000627631 0.999999736 0.000015394
1.000000087 -0.000078695 -0.000076935 -0.000002595 0.000078754 0.999998781 0.000760229 0.001299862 0.000076094 -0.000760246 0.999999792 0.000018704
0.999999441 -0.000119423 0.000013381 -0.000002854 0.000119424 0.999998793 0.000836313 0.001429848 -0.000014773 -0.000836286 1.000000095 0.000020574
0.999999818 -0.000114469 0.000019763 -0.000003094 0.000114443 0.999998791 0.000905042 0.001549836 -0.000020917 -0.000904924 0.999999502 0.000022300
0.999999672 -0.000060898 -0.000016272 -0.000002934 0.000060907 0.999999237 0.000859061 0.001469844 0.000015194 -0.000858970 0.999999786 0.000021149
0.999999394 0.000047630 -0.000038906 -0.000002675 -0.000047605 0.999999367 0.000783610 0.001339858 0.000038146 -0.000783481 0.999999629 0.000019279
1.000000153 0.000140298 -0.000017437 -0.000002495 -0.000140281 0.999998787 0.000730347 0.001249868 0.000016422 -0.000730317 0.999999660 0.000017984
0.999999691 0.000157771 0.000021510 -0.000002675 -0.000157792 0.999999566 0.000782023 0.001339858 -0.000021909 -0.000782013 1.000000129 0.000019279
0.999999403 0.000117276 0.000006216 -0.000002675 -0.000117283 0.999999510 0.000783799 0.001339858 -0.000007009 -0.000783712 0.999999724 0.000019279
1.000000181 0.000082492 -0.000012335 -0.000002475 -0.000082483 0.999999634 0.000727755 0.001239869 0.000012156 -0.000727663 0.999999766 0.000017840
0.999999884 0.000085417 -0.000009312 -0.000002315 -0.000085408 0.999998933 0.000678657 0.001159877 0.000008966 -0.000678570 0.999999731 0.000016689
1.000000122 0.000101333 0.000005035 -0.000002655 -0.000101340 0.999999356 0.000775286 0.001329859 -0.000005581 -0.000775264 1.000000353 0.000019135
0.999999827 0.000057328 -0.000010246 -0.000002635 -0.000057321 0.999999194 0.000770163 0.001319860 0.000009370 -0.000770074 0.999999849 0.000018991
0.999999490 0.000063959 -0.000029872 -0.000002216 -0.000063931 0.999999512 0.000652312 0.001109882 0.000028691 -0.000652292 0.999999753 0.000015970
1.000000073 0.000068505 -0.000008477 -0.000002176 -0.000068506 0.999999288 0.000636145 0.001089884 0.000008235 -0.000636066 1.000000317 0.000015682
1.000000107 0.000117177 -0.000016565 -0.000002276 -0.000117173 0.999998874 0.000670037 0.001139879 0.000016755 -0.000670053 0.999999991 0.000016402
0.999999625 0.000108044 -0.000006104 -0.000002595 -0.000108041 0.999999150 0.000760073 0.001299862 0.000005493 -0.000759978 0.999999623 0.000018704
1.000000058 0.000164432 -0.000021706 -0.000002355 -0.000164422 0.999999280 0.000691827 0.001179875 0.000021172 -0.000691732 1.000000161 0.000016977
1.000000166 0.000138226 -0.000029891 -0.000002256 -0.000138223 0.999998799 0.000662011 0.001129880 0.000029795 -0.000661941 0.999999892 0.000016258
0.999999848 0.000131104 -0.000026955 -0.000002236 -0.000131109 0.999999701 0.000656208 0.001119881 0.000026749 -0.000656071 1.000000480 0.000016114
1.000000063 0.000135171 -0.000013605 -0.000002216 -0.000135172 0.999999647 0.000651836 0.001109882 0.000012373 -0.000651753 1.000000400 0.000015970
0.999999492 0.000153596 -0.000007284 -0.000002176 -0.000153581 0.999999499 0.000638958 0.001089884 0.000005812 -0.000638909 0.999999607 0.000015682
0.999999729 0.000177097 0.000021452 -0.000002395 -0.000177110 0.999999411 0.000699118 0.001199873 -0.000022187 -0.000699085 0.999999910 0.000017265
0.999999508 0.000138041 0.000015363 -0.000002415 -0.000138058 0.999999462 0.000708110 0.001209872 -0.000016528 -0.000708045 0.999999673 0.000017409
0.999999926 0.000146603 -0.000004227 -0.000002335 -0.000146603 0.999999137 0.000684264 0.001169876 0.000003963 -0.000684230 0.999999955 0.000016833
0.999999939 0.000151361 -0.000066794 -0.000002296 -0.000151313 0.999999011 0.000674840 0.001149878 0.000066488 -0.000674829 0.999999825 0.000016545
0.999999691 0.000227896 -0.000045413 -0.000002276 -0.000227859 0.999999034 0.000665772 0.001139879 0.000044772 -0.000665785 1.000000491 0.000016402
1.000000273 0.000232085 -0.000025930 -0.000002156 -0.000232064 0.999999541 0.000631010 0.001079886 0.000024322 -0.000630955 1.000000341 0.000015538
0.999999521 0.000102577 -0.000051630 -0.000001757 -0.000102561 0.999999608 0.000514652 0.000879907 0.000050698 -0.000514553 0.999999899 0.000012661
0.999999614 0.000022140 -0.000015913 -0.000001297 -0.000022129 0.999999563 0.000383609 0.000649931 0.000014974 -0.000383610 0.999999992 0.000009352
0.999999868 0.000022347 0.000021788 -0.000000798 -0.000022357 0.999999428 0.000235264 0.000399958 -0.000021910 -0.000235192 1.000000283 0.000005755
0.999999601 0.000074447 0.000077718 0.000000499 -0.000074429 0.999999068 -0.000144564 -0.000249974 -0.000079180 0.000144610 1.000000294 -0.000003597
0.999999526 0.000267386 0.000029061 -0.000972921 -0.000267377 0.999999188 -0.000510497 -0.000878635 -0.000030757 0.000510560 1.000000115 -0.000236271
0.999999279 0.000342511 -0.000011234 -0.000972242 -0.000342523 0.999999450 -0.000711200 -0.001218599 0.000010140 0.000711265 1.000000202 -0.000241163
0.999999484 0.000341672 0.000003277 -0.000969368 -0.000341667 0.999998343 -0.001552646 -0.002658446 -0.000004165 0.001552656 0.999999248 -0.000261881
0.999999543 0.000278467 0.000091276 -0.001938556 -0.000278165 0.999994134 -0.003157086 -0.005406883 -0.000093505 0.003157059 0.999995617 -0.000525056
1.000000183 0.000239801 0.000116580 -0.001935442 -0.000239331 0.999990857 -0.004074479 -0.006966718 -0.000118434 0.004074495 0.999991907 -0.000547501
1.000000080 0.000158914 0.000187005 0.000993641 -0.000157876 0.999984445 -0.005551445 -0.009500265 -0.000189074 0.005551482 0.999985111 0.000086930
0.999999243 0.000167497 0.000505428 -0.000836274 -0.000163968 0.999974882 -0.006981880 -0.012380445 -0.000507445 0.006981865 0.999975366 0.030407058
0.999999757 0.000233871 0.000735599 0.000829014 -0.000228165 0.999969793 -0.007761856 -0.013850085 -0.000738125 0.007761764 0.999969396 0.041028235
0.999999449 0.000445835 0.001072723 0.000660674 -0.000436300 0.999960196 -0.008875571 -0.016340102 -0.001077844 0.008875163 0.999960436 0.081996301
0.999998355 0.000557031 0.001341029 0.002439494 -0.000544478 0.999955610 -0.009348994 -0.017732780 -0.001346485 0.009348322 0.999955454 0.123427413
0.999998057 0.000578727 0.001608118 0.003529560 -0.000563297 0.999953205 -0.009588835 -0.018586990 -0.001613616 0.009587982 0.999952634 0.154447578
0.999997645 0.000582956 0.002052836 0.004448373 -0.000562230 0.999948073 -0.010085370 -0.020471372 -0.002059019 0.010084253 0.999947767 0.226456814
0.999996416 0.000845042 0.002541318 0.005769057 -0.000817624 0.999940816 -0.010766019 -0.022951468 -0.002551512 0.010763965 0.999938920 0.319071239
0.999995779 0.000884724 0.002865133 0.007260755 -0.000852839 0.999936922 -0.011112031 -0.024281404 -0.002875399 0.011109601 0.999934200 0.370698321
0.999993440 0.000873962 0.003444476 0.008407950 -0.000834677 0.999933913 -0.011389648 -0.026671791 -0.003455408 0.011386759 0.999929611 0.504317931
0.999990691 0.000837290 0.004130289 0.010642815 -0.000790976 0.999936587 -0.011199126 -0.028716515 -0.004140819 0.011195832 0.999928696 0.668974972
0.999988682 0.000496568 0.004584717 0.012934863 -0.000446611 0.999940295 -0.010892936 -0.029538058 -0.004590726 0.010890833 0.999930792 0.761836891
0.999985004 0.000393058 0.005486143 0.014996798 -0.000335627 0.999944247 -0.010464779 -0.031773043 -0.005490830 0.010462832 0.999930544 0.967495087
0.999979498 0.000719746 0.006315479 0.018436979 -0.000652041 0.999942280 -0.010718613 -0.035454923 -0.006322795 0.010714348 0.999923126 1.193969855
0.999975128 0.000972316 0.006902338 0.021532809 -0.000897860 0.999940886 -0.010783149 -0.037487891 -0.006913345 0.010776751 0.999918294 1.328041865
0.999965003 0.001720847 0.008138557 0.023939793 -0.001633256 0.999939847 -0.010757957 -0.041721751 -0.008156871 0.010744337 0.999909869 1.626097783
0.999954600 0.002593520 0.009155510 0.029267715 -0.002503596 0.999948217 -0.009820429 -0.044409591 -0.009180827 0.009797136 0.999909829 1.924846832
0.999949985 0.002483261 0.009669180 0.032763361 -0.002391846 0.999952243 -0.009456072 -0.046008381 -0.009692247 0.009432539 0.999908938 2.079538852
0.999940993 0.002610046 0.010519310 0.037519595 -0.002515227 0.999955863 -0.009016952 -0.049850603 -0.010543693 0.008990029 0.999904266 2.398661423
0.999934767 0.002843481 0.011015834 0.043651798 -0.002748937 0.999958556 -0.008588000 -0.053999841 -0.011041115 0.008557220 0.999902452 2.738616967
0.999932790 0.002973300 0.011181499 0.047550374 -0.002875979 0.999957081 -0.008710451 -0.056724288 -0.011207630 0.008677772 0.999899653 2.913906551
0.999922387 0.003877643 0.011826357 0.051849171 -0.003774940 0.999954302 -0.008694126 -0.062003891 -0.011860566 0.008648852 0.999892911 3.284207401
0.999914075 0.004427571 0.012323523 0.058385242 -0.004316379 0.999949622 -0.009034770 -0.067748736 -0.012364062 0.008980863 0.999883922 3.644753747
0.999915071 0.004703541 0.012152758 0.061308682 -0.004594041 0.999948378 -0.009023119 -0.070241937 -0.012195573 0.008966581 0.999885958 3.819823029
0.999913791 0.005058462 0.012087554 0.066006156 -0.004959053 0.999953410 -0.008240186 -0.074517423 -0.012129459 0.008179604 0.999892883 4.210752088
0.999905749 0.004615797 0.012938482 0.078216902 -0.004509913 0.999956076 -0.008200464 -0.080230184 -0.012977318 0.008141409 0.999882465 4.613644562
0.999898457 0.004585116 0.013482154 0.084180841 -0.004467434 0.999951188 -0.008746428 -0.084120081 -0.013522189 0.008685380 0.999870837 4.820173461
0.999876333 0.006494830 0.014313878 0.090945474 -0.006367502 0.999939898 -0.008923611 -0.090460921 -0.014371218 0.008831433 0.999857923 5.242328886
0.999868947 0.007125502 0.014500296 0.100054966 -0.007018801 0.999947280 -0.007396443 -0.094210355 -0.014552913 0.007293751 0.999867959 5.685582618
0.999857580 0.008225934 0.014698759 0.103492432 -0.008125644 0.999943329 -0.006868276 -0.096532379 -0.014755625 0.006747926 0.999869005 5.912076952
0.999850902 0.007947168 0.015293812 0.113292354 -0.007855391 0.999950534 -0.006051482 -0.101660192 -0.015342121 0.005930512 0.999864773 6.365729546
0.999848724 0.007157581 0.015832284 0.126992404 -0.007068904 0.999958624 -0.005649470 -0.107503017 -0.015873747 0.005536761 0.999858844 6.820266365
0.999851063 0.006597492 0.015953727 0.133067459 -0.006515695 0.999965233 -0.005173882 -0.110106079 -0.015988127 0.005069230 0.999859908 7.057622608
0.999838310 0.006513181 0.016731125 0.143951758 -0.006464955 0.999974337 -0.002934740 -0.113238404 -0.016750634 0.002826172 0.999856039 7.542336370
0.999824563 0.007366822 0.017223456 0.153869066 -0.007316921 0.999967951 -0.002958938 -0.120219049 -0.017245622 0.002832417 0.999847561 8.026771131
0.999809436 0.007698609 0.017942955 0.159662369 -0.007628958 0.999962557 -0.003946978 -0.125449086 -0.017973015 0.003809370 0.999831746 8.274284641
0.999778310 0.009035080 0.019033791 0.173481819 -0.008941685 0.999946749 -0.004986643 -0.134154635 -0.019079095 0.004815364 0.999806989 8.759589097
0.999770780 0.008468111 0.019674905 0.188274749 -0.008358479 0.999949020 -0.005648204 -0.142261521 -0.019722706 0.005482483 0.999790350 9.245125795
0.999766123 0.008308009 0.019941748 0.196990408 -0.008186994 0.999947591 -0.006141273 -0.146655461 -0.019992116 0.005976628 0.999782688 9.493322221
0.999753999 0.007170026 0.020962371 0.215106428 -0.007042620 0.999956027 -0.006146058 -0.153952024 -0.021006052 0.005997009 0.999761291 10.000155226
0.999711891 0.006808003 0.023021580 0.233619967 -0.006693156 0.999964001 -0.005061545 -0.159664532 -0.023056551 0.004906033 0.999722445 10.527624786
0.999679503 0.007257448 0.024246224 0.243994206 -0.007153743 0.999964248 -0.004361417 -0.162168469 -0.024277503 0.004186642 0.999696759 10.786490730
0.999596426 0.010367310 0.026460696 0.261817036 -0.010304213 0.999943378 -0.002519372 -0.166362613 -0.026486844 0.002245769 0.999647322 11.303563442
0.999547532 0.011318765 0.027847663 0.282278234 -0.011296488 0.999935363 -0.000956134 -0.171227755 -0.027858001 0.000641099 0.999612181 11.831492452
0.999515562 0.011612019 0.028862560 0.295863407 -0.011607693 0.999932418 -0.000318030 -0.173688259 -0.028865265 -0.000017107 0.999583623 12.080834841
0.999494937 0.010361262 0.030026802 0.321203501 -0.010355854 0.999945326 -0.000335407 -0.181319467 -0.030029364 0.000024358 0.999548817 12.609842192
0.999465067 0.009349654 0.031326143 0.345968454 -0.009358875 0.999956014 0.000148705 -0.188375240 -0.031324552 -0.000441740 0.999509358 13.159247957
0.999453512 0.008845214 0.031851503 0.360931095 -0.008861011 0.999959820 0.000355219 -0.191892681 -0.031848248 -0.000637251 0.999492388 13.429412527
0.999424351 0.009615474 0.032525803 0.382889759 -0.009616798 0.999953045 -0.000114274 -0.200977452 -0.032525937 -0.000198560 0.999470823 14.008927038
0.999379074 0.010524665 0.033610949 0.407367431 -0.010547777 0.999943447 0.000510764 -0.207890493 -0.033603943 -0.000864944 0.999435615 14.568529923
0.999353442 0.011060231 0.034215906 0.420379000 -0.011107783 0.999936790 0.001199851 -0.210545482 -0.034201985 -0.001579146 0.999414316 14.838259646
0.999319065 0.011401048 0.035073653 0.445714403 -0.011496797 0.999929906 0.002528674 -0.215826938 -0.035042678 -0.002930089 0.999381506 15.367300808
0.999310906 0.010848761 0.035504193 0.473977691 -0.010952856 0.999935621 0.002738873 -0.223042005 -0.035473588 -0.003125879 0.999366435 15.896985033
0.999312421 0.010471230 0.035560756 0.486302763 -0.010584942 0.999938588 0.003010165 -0.226288407 -0.035527292 -0.003384428 0.999362918 16.156287552
0.999297413 0.009952009 0.036137625 0.512329534 -0.010079736 0.999943337 0.003355163 -0.233418192 -0.036102976 -0.003717017 0.999341353 16.695720813
0.999249677 0.010112428 0.037370565 0.541681791 -0.010255776 0.999940097 0.003645120 -0.240937528 -0.037331435 -0.004025641 0.999295063 17.256433117
0.999240891 0.010266434 0.037579960 0.555670014 -0.010415109 0.999938225 0.003763676 -0.244583683 -0.037540008 -0.004152149 0.999286379 17.526372207
0.999245069 0.009672258 0.037623147 0.579747251 -0.009835840 0.999942491 0.004164241 -0.251620934 -0.037581754 -0.004531083 0.999283765 18.065359543
0.999250108 0.008830382 0.037684204 0.603823011 -0.009024916 0.999946306 0.004993844 -0.257918263 -0.037639358 -0.005330093 0.999277256 18.604357525
0.999249187 0.008137346 0.037863042 0.620046612 -0.008344757 0.999950318 0.005323657 -0.261079762 -0.037819298 -0.005635569 0.999268803 18.864555780
0.999229699 0.006613740 0.038687705 0.649684174 -0.006852150 0.999957743 0.006033085 -0.267751935 -0.038647108 -0.006293477 0.999233571 19.415085206
0.999227112 0.006070050 0.038831366 0.678631524 -0.006361058 0.999951690 0.007375126 -0.273155718 -0.038785090 -0.007616375 0.999218735 19.955214189
0.999223361 0.006304521 0.038879741 0.689978545 -0.006644375 0.999940192 0.008618318 -0.274711027 -0.038824018 -0.008869886 0.999207248 20.214317412
0.999193660 0.007459816 0.039446681 0.714218013 -0.007933333 0.999897901 0.011861592 -0.276198585 -0.039354806 -0.012164956 0.999151530 20.712380708
0.999172221 0.009642480 0.039504615 0.733699204 -0.010239016 0.999835611 0.014925645 -0.278392738 -0.039354966 -0.015317772 0.999108731 21.240124521
0.999170176 0.010137960 0.039456681 0.747970356 -0.010781261 0.999811141 0.016125117 -0.280001857 -0.039286529 -0.016537141 0.999091942 21.499897855
0.999175947 0.010013022 0.039334839 0.775536827 -0.010761897 0.999763349 0.018872290 -0.282638885 -0.039137160 -0.019280015 0.999048339 22.019229259
0.999173850 0.009684883 0.039459025 0.801438928 -0.010563084 0.999699109 0.022108002 -0.284266224 -0.039234221 -0.022506562 0.998977115 22.527932867
0.999140022 0.009646024 0.040317720 0.814735123 -0.010595090 0.999669638 0.023393072 -0.285734087 -0.040079748 -0.023800069 0.998913090 22.787484605
0.999077506 0.009503296 0.041867883 0.845514284 -0.010579705 0.999616757 0.025563877 -0.289207589 -0.041609400 -0.025983161 0.998796150 23.297279792
0.998983530 0.011012395 0.043712898 0.873370251 -0.012220826 0.999547491 0.027473718 -0.293097232 -0.043391474 -0.027979996 0.998667057 23.806398105
0.998937597 0.011866868 0.044515028 0.889189566 -0.013149451 0.999502557 0.028632028 -0.294453146 -0.044153560 -0.029186973 0.998598432 24.046008579
0.998847038 0.013402476 0.046088723 0.917616343 -0.014852591 0.999399873 0.031267401 -0.296748453 -0.045642309 -0.031915880 0.998448642 24.534759700
0.998779786 0.014227633 0.047289572 0.946042681 -0.015846170 0.999295111 0.034030206 -0.298823783 -0.046772461 -0.034737946 0.998301389 25.023513986
0.998754463 0.014522541 0.047731363 0.959912062 -0.016219454 0.999242113 0.035357587 -0.299887184 -0.047182962 -0.036087691 0.998234686 25.262681412
0.998707272 0.014874464 0.048608476 0.987938903 -0.016712021 0.999151828 0.037619179 -0.302556675 -0.048008637 -0.038382868 0.998109350 25.730813388
0.998644298 0.015060295 0.049812386 1.018204018 -0.017024685 0.999084105 0.039250113 -0.306191355 -0.049175924 -0.040044958 0.997987038 26.189183666
0.998610707 0.015388486 0.050382702 1.033051130 -0.017398694 0.999059710 0.039706762 -0.308785865 -0.049724804 -0.040528214 0.997941001 26.428552689
0.998564197 0.015671610 0.051213925 1.063031658 -0.017768000 0.999011540 0.040738043 -0.313627670 -0.050525918 -0.041589592 0.997856644 26.897100665
0.998518899 0.015234515 0.052227803 1.093301403 -0.017390493 0.999004488 0.041077253 -0.319582104 -0.051551667 -0.041924651 0.997790580 27.355437565
0.998496938 0.014897531 0.052737225 1.110672413 -0.017082328 0.999003794 0.041223257 -0.322454624 -0.052071333 -0.042062210 0.997757768 27.574859713
0.998484273 0.014592827 0.053063032 1.139277490 -0.016838673 0.998970042 0.042126400 -0.327249385 -0.052394866 -0.042956060 0.997702277 28.022570976
0.998449823 0.015079711 0.053569923 1.165242482 -0.017435630 0.998888410 0.043786198 -0.330513240 -0.052851827 -0.044652304 0.997604141 28.459438314
0.998429067 0.015254603 0.053902506 1.180661722 -0.017668852 0.998847706 0.044600628 -0.332173345 -0.053160696 -0.045483009 0.997549913 28.678430650
0.998412407 0.016060447 0.053978068 1.208578624 -0.018528263 0.998790399 0.045534550 -0.336719608 -0.053182409 -0.046462351 0.997503133 29.115726793
0.998383147 0.015383377 0.054716372 1.238330111 -0.017940468 0.998754386 0.046552773 -0.340725443 -0.053932520 -0.047459216 0.997416758 29.522669143
0.998402002 0.014561036 0.054603112 1.250139120 -0.017130281 0.998752853 0.046884423 -0.343123130 -0.053853574 -0.047744779 0.997406983 29.730561284
0.998436528 0.013982441 0.054114403 1.275307336 -0.016531283 0.998759980 0.046943105 -0.348685188 -0.053392461 -0.047764351 0.997431169 30.126168032
0.998384844 0.012802648 0.055340473 1.306614530 -0.015348496 0.998830902 0.045826057 -0.356217417 -0.054689895 -0.046601462 0.997415770 30.512893136
0.998382851 0.012794154 0.055383405 1.320666263 -0.015256929 0.998902569 0.044276503 -0.361810056 -0.054756715 -0.045049870 0.997483676 30.710991497
0.998331541 0.011457205 0.056586065 1.350728266 -0.013654464 0.999161286 0.038597590 -0.377597390 -0.056098110 -0.039305816 0.997651698 31.107569257
0.998347123 0.008253941 0.056875041 1.383148542 -0.010014637 0.999476183 0.030742352 -0.397512607 -0.056592532 -0.031261063 0.997908176 31.525148640
0.998335164 0.006124604 0.057344597 1.428660106 -0.007118178 0.999827240 0.017138148 -0.430148436 -0.057230519 -0.017517749 0.998207949 32.140500192
0.998291554 0.009945938 0.057566925 1.450246775 -0.010442729 0.999910223 0.008336245 -0.450816553 -0.057479711 -0.008923135 0.998306819 32.524799999
0.998256283 0.012182744 0.057761994 1.461491022 -0.012557206 0.999901698 0.006124134 -0.457838254 -0.057682346 -0.006838694 0.998311549 32.753015739
0.998160212 0.015683785 0.058557094 1.485681147 -0.016126605 0.999843814 0.007098278 -0.461689222 -0.058437681 -0.008029563 0.998259099 33.148423479
0.998142193 0.015963859 0.058798022 1.513863912 -0.016820256 0.999758533 0.014098576 -0.455649355 -0.058559854 -0.015061376 0.998169996 33.575676879
0.998142951 0.014362167 0.059194926 1.531505056 -0.015513958 0.999697322 0.019043404 -0.450075518 -0.058904548 -0.019926314 0.998064615 33.785025494
0.998145890 0.009591588 0.060101526 1.569418387 -0.011451499 0.999463563 0.030679079 -0.435929229 -0.059775250 -0.031310498 0.997720958 34.214631822
0.998140282 0.006365581 0.060616833 1.604789816 -0.009257540 0.998825467 0.047547639 -0.412485886 -0.060243669 -0.048020381 0.997028657 34.664314800
0.998070512 0.006008390 0.061801653 1.621551651 -0.009581495 0.998288623 0.057682214 -0.397734779 -0.061350092 -0.058163026 0.996420773 34.904380665
0.997840542 0.008287053 0.065153196 1.653717674 -0.013025207 0.997273276 0.072638232 -0.377104575 -0.064374241 -0.073329962 0.995228277 35.363547346
0.997631667 0.011559189 0.067797702 1.689519379 -0.017047784 0.996572166 0.080945055 -0.368485437 -0.066630523 -0.081909193 0.994409989 35.833630781
0.997556338 0.011170435 0.068959738 1.709519914 -0.016910058 0.996387046 0.083217456 -0.367599423 -0.067781645 -0.084180350 0.994142915 36.063972962
0.997469107 0.007720792 0.070681953 1.754417207 -0.013495087 0.996574578 0.081584009 -0.377272541 -0.069810323 -0.082331379 0.994157753 36.525610783
0.997219931 0.006891408 0.074187675 1.800711190 -0.012413255 0.997163698 0.074229221 -0.397631575 -0.073467378 -0.074943859 0.994478384 37.007932236
0.997079829 0.006895490 0.076055401 1.826302250 -0.012124005 0.997577422 0.068499569 -0.411508880 -0.075399654 -0.069221655 0.994747967 37.249598827
0.996676543 0.007061144 0.081150364 1.879146964 -0.011711783 0.998306612 0.056976971 -0.439383272 -0.080611391 -0.057738059 0.995071734 37.743572609
0.996241739 0.009354202 0.086109846 1.929748653 -0.013463482 0.998790683 0.047264916 -0.463912728 -0.085563893 -0.048246565 0.995164531 38.247342330
0.996056497 0.009242788 0.088231258 1.956993284 -0.013164111 0.998946097 0.043965212 -0.473390295 -0.087733142 -0.044953391 0.995129247 38.499714551
0.995674345 0.005687240 0.092735398 2.020236657 -0.009661565 0.999050445 0.042464199 -0.483347829 -0.092406754 -0.043176434 0.994784921 39.006601118
0.995303672 0.001991510 0.096782567 2.084432252 -0.006594835 0.998859892 0.047267240 -0.482057828 -0.096578340 -0.047683481 0.994183082 39.513873153
0.995093426 0.000591297 0.098939795 2.117506483 -0.005481621 0.998775702 0.049162633 -0.482294006 -0.098790495 -0.049463762 0.993878120 39.767720119
0.994677227 -0.001122017 0.103031484 2.182402109 -0.004108748 0.998713017 0.050542615 -0.487191873 -0.102956631 -0.050696932 0.993393691 40.285321813
0.994444242 -0.000420193 0.105265444 2.244668409 -0.004834174 0.998753783 0.049655017 -0.495948263 -0.105156154 -0.049887940 0.993203537 40.792002034
0.994346053 -0.000165934 0.106187430 2.274543284 -0.004995599 0.998817725 0.048339790 -0.502027258 -0.106070700 -0.048597036 0.993170836 41.055289109
0.994192220 -0.000424540 0.107617837 2.337902964 -0.004584852 0.998916347 0.046296253 -0.513297682 -0.107522060 -0.046520738 0.993113660 41.592965612
0.993985651 -0.001908498 0.109489869 2.408083750 -0.003008693 0.998994455 0.044727031 -0.523757096 -0.109465871 -0.044787455 0.992981181 42.132219185
0.993996599 -0.002002227 0.109394747 2.439619899 -0.002807490 0.999035625 0.043794701 -0.529295944 -0.109378284 -0.043838897 0.993032732 42.406156357
0.994057732 -0.003114090 0.108809773 2.505215098 -0.001455981 0.999120158 0.041895927 -0.540151704 -0.108845512 -0.041805384 0.993179178 42.934091017
0.994155687 -0.002956957 0.107917079 2.566042816 -0.001633756 0.999097363 0.042425723 -0.547104547 -0.107945290 -0.042354029 0.993254140 43.491772521
0.994110029 -0.002977640 0.108332329 2.599521514 -0.001738098 0.999055530 0.043409308 -0.549236300 -0.108359543 -0.043341878 0.993167008 43.766205974
0.994222214 -0.003453626 0.107282982 2.665217709 -0.001420623 0.998970515 0.045324115 -0.553735762 -0.107330703 -0.045214663 0.993194781 44.325040922
0.994531814 -0.004101417 0.104348727 2.726434804 -0.001042179 0.998788095 0.049190207 -0.555024982 -0.104425115 -0.049029967 0.993323890 44.903417681
0.994720731 -0.005629937 0.102465818 2.756984040 0.000327493 0.998662915 0.051691619 -0.554433209 -0.102620158 -0.051385150 0.993392808 45.177219436
0.994984678 -0.008010961 0.099705222 2.818086364 0.002467275 0.998449224 0.055599611 -0.555179457 -0.099997487 -0.055074771 0.993462853 45.724795180
0.995235750 -0.008004658 0.097166283 2.872087947 0.002458428 0.998366521 0.057065584 -0.560423578 -0.097465080 -0.056554792 0.993630611 46.280935870
0.995802940 -0.007373688 0.091219854 2.949659242 0.002196633 0.998386914 0.056724287 -0.573346427 -0.091491136 -0.056285871 0.994213852 47.150197806
0.996098632 -0.006450502 0.088004344 3.002411781 0.001629210 0.998498492 0.054746898 -0.584915858 -0.088226208 -0.054390020 0.994614422 47.716218920
0.996233353 -0.006502416 0.086462014 3.027525783 0.001830161 0.998538696 0.054008211 -0.590401586 -0.086688064 -0.053646541 0.994790334 48.009205216
0.996590007 -0.007142428 0.082195255 3.077349080 0.002744992 0.998564286 0.053489138 -0.599357479 -0.082459555 -0.053081103 0.995179654 48.574593050
0.997028593 -0.006383006 0.076770201 3.121320161 0.002225903 0.998531876 0.054113218 -0.606225961 -0.077004279 -0.053781573 0.995579789 49.138669148
0.997219223 -0.006127431 0.074270020 3.141841249 0.002030854 0.998478094 0.055108293 -0.608438424 -0.074495687 -0.054804207 0.995714562 49.420389334
0.997510491 -0.006050562 0.070254773 3.181331812 0.001964468 0.998309359 0.058084630 -0.611386740 -0.070488627 -0.057801987 0.995836909 50.004017456
0.997855639 -0.005561479 0.065214387 3.217790977 0.001704963 0.998253760 0.059042754 -0.617497875 -0.065429563 -0.058804933 0.996122992 50.556120356
0.997991631 -0.005380946 0.063108712 3.236367522 0.001670576 0.998273382 0.058698768 -0.622117539 -0.063316932 -0.058475505 0.996279146 50.837358648
0.998295237 -0.004890867 0.058152580 3.270193350 0.001480011 0.998282808 0.058553391 -0.630077411 -0.058340255 -0.058367539 0.996589723 51.378568994
0.998480187 -0.005357247 0.054839649 3.301784418 0.002167955 0.998310358 0.058051811 -0.638831907 -0.055059522 -0.057844731 0.996806182 51.929515716
0.998565230 -0.004312167 0.053375535 3.314802734 0.001273679 0.998382712 0.056830706 -0.644866538 -0.053534672 -0.056681213 0.996955938 52.199196810
0.998695234 -0.003081805 0.050968497 3.341702229 0.000344494 0.998559993 0.053627489 -0.657873942 -0.051061151 -0.053539957 0.997260098 52.707960300
0.998826637 -0.002608398 0.048348984 3.368590525 0.000015748 0.998565115 0.053546316 -0.665271941 -0.048420375 -0.053482773 0.997394608 53.216804503
0.998885294 -0.001792523 0.047157891 3.383841405 -0.000724223 0.998577708 0.053296908 -0.669412064 -0.047186594 -0.053271689 0.997464440 53.476765048
0.998999163 -0.001610791 0.044706022 3.410449705 -0.000687489 0.998680068 0.051345201 -0.680316944 -0.044731164 -0.051324560 0.997680443 53.995753857
0.999082951 -0.002191062 0.042759248 3.437057148 0.000066170 0.998766897 0.049633871 -0.690791870 -0.042815820 -0.049585433 0.997851728 54.514748853
0.999135788 -0.001638257 0.041519663 3.447435319 -0.000406866 0.998788089 0.049199980 -0.695265598 -0.041550680 -0.049174364 0.997926165 54.773586455
0.999175422 -0.001926228 0.040551380 3.473929149 0.000009259 0.998883815 0.047218293 -0.705777490 -0.040598587 -0.047178930 0.998061417 55.261772091
0.999281115 -0.001940062 0.037864630 3.495840087 0.000266393 0.999023725 0.044157082 -0.718035586 -0.037913968 -0.044115297 0.998306587 55.738619392
0.999372842 -0.001541287 0.035374281 3.500945795 0.000015181 0.999070548 0.043101909 -0.723307094 -0.035408380 -0.043074281 0.998444984 55.975713610
0.999720772 0.000266844 0.023627391 3.514433289 -0.001171703 0.999265624 0.038292350 -0.744931135 -0.023600504 -0.038309389 0.998987525 56.891708513
0.999788763 -0.000286703 0.020559665 3.516215787 -0.000466935 0.999327558 0.036641691 -0.750952971 -0.020556706 -0.036643509 0.999116974 57.107507287
0.999905796 0.001423167 0.013651287 3.513237878 -0.001903798 0.999376383 0.035258931 -0.759400869 -0.013593261 -0.035281638 0.999285503 57.527396109
0.999990053 0.000039042 0.004405636 3.507906766 -0.000191553 0.999400113 0.034620283 -0.766260615 -0.004402954 -0.034620685 0.999391586 57.926246764
0.999999674 -0.000016845 -0.000637788 3.500225559 0.000038503 0.999421896 0.033987705 -0.770302690 0.000636673 -0.033987670 0.999422484 58.129642672
