1.000000000 0.000000000 0.000000000 -0.000000000 0.000000000 1.000000000 0.000000000 0.000000000 -0.000000000 0.000000000 1.000000000 0.000000000
0.999993711 0.001121853 0.003285357 0.010233993 -0.001109117 0.999991850 -0.003866944 0.026217075 -0.003289829 0.003863407 0.999987731 0.498947568
0.999985247 0.001050305 0.005423614 0.018185797 -0.001020773 0.999984984 -0.005435444 0.039510411 -0.005428725 0.005429805 0.999970497 0.742650046
0.999962075 -0.002715093 0.008280876 0.038269882 0.002769214 0.999975026 -0.006530867 0.069904833 -0.008263218 0.006553579 0.999944484 1.239157137
0.999937333 -0.003811722 0.010546794 0.052561394 0.003869889 0.999978093 -0.005504474 0.103751081 -0.010525647 0.005544956 0.999929117 1.736740617
0.999924350 -0.003207534 0.011923213 0.057649960 0.003266808 0.999982401 -0.004954904 0.120446457 -0.011907355 0.004993533 0.999916482 1.980872170
0.999895538 -0.000475246 0.014432228 0.069752377 0.000543027 0.999989395 -0.004689385 0.152403921 -0.014430216 0.004696823 0.999885140 2.468794883
0.999837915 0.005436689 0.017198988 0.079926166 -0.005374898 0.999979007 -0.003634015 0.185625066 -0.017218587 0.003541132 0.999846097 2.957069032
0.999815876 0.006658713 0.018025372 0.084803053 -0.006604252 0.999974198 -0.003079433 0.201642261 -0.018046155 0.002959817 0.999833158 3.191027300
0.999789888 0.006755169 0.019383114 0.100765481 -0.006673664 0.999968601 -0.004264882 0.231212041 -0.019411206 0.004134716 0.999803813 3.678238049
0.999759416 0.006168775 0.021052672 0.120958557 -0.005989454 0.999945745 -0.008568485 0.257076677 -0.021104242 0.008440344 0.999741696 4.185257477
0.999742058 0.005747067 0.022008054 0.130847449 -0.005514559 0.999929006 -0.010612075 0.269535341 -0.022067124 0.010488047 0.999701919 4.428580591
0.999676939 0.006029475 0.024692011 0.151698332 -0.005744754 0.999917009 -0.011581828 0.299338082 -0.024759002 0.011436217 0.999627737 4.914691913
0.999568165 0.009605132 0.027777301 0.168905803 -0.009305094 0.999897406 -0.010910822 0.332456112 -0.027879280 0.010647685 0.999554658 5.411672246
0.999506357 0.011680715 0.029182594 0.179824713 -0.011357733 0.999873168 -0.011210178 0.347615236 -0.029309889 0.010873209 0.999511228 5.654602701
0.999361198 0.016559253 0.031680383 0.201102496 -0.016185747 0.999797034 -0.012009596 0.378953924 -0.031873081 0.011489229 0.999425962 6.161048901
0.999275724 0.018301337 0.033361961 0.224392121 -0.017947020 0.999780256 -0.010887669 0.413249181 -0.033554195 0.010281136 0.999384705 6.666868917
0.999232499 0.018379717 0.034608448 0.237759215 -0.018084336 0.999798160 -0.008826080 0.433379715 -0.034763531 0.008193527 0.999362457 6.929476888
0.999161551 0.018526251 0.036518829 0.265482700 -0.018381904 0.999822488 -0.004282663 0.474276015 -0.036591140 0.003607944 0.999324300 7.454434623
0.999095758 0.017379977 0.038814364 0.298604908 -0.017358128 0.999849305 -0.000898476 0.511860670 -0.038823367 0.000224033 0.999246403 7.957871969
0.999020248 0.019812279 0.039574034 0.308561471 -0.019798106 0.999804532 -0.000749321 0.527751404 -0.039580941 -0.000034949 0.999216457 8.200971646
0.998819812 0.024831880 0.041752350 0.334153467 -0.024594534 0.999678560 -0.006188475 0.550314372 -0.041892635 0.005154430 0.999109322 8.686470037
0.998716488 0.024719035 0.044209098 0.367173544 -0.023981381 0.999565651 -0.017138819 0.563353195 -0.044613904 0.016056716 0.998875870 9.160636221
0.998682434 0.024978629 0.044838031 0.382798550 -0.023959247 0.999445878 -0.023129008 0.569496649 -0.045391664 0.022024295 0.998726479 9.403069360
0.998631697 0.025372938 0.045722736 0.412370368 -0.023869444 0.999166245 -0.033133867 0.585690878 -0.046525901 0.031997244 0.998404945 9.898332399
0.998650678 0.022648127 0.046732254 0.445800812 -0.020892322 0.999069821 -0.037722962 0.609484600 -0.047543106 0.036695992 0.998194751 10.382015848
0.998617488 0.021382339 0.048031126 0.463570052 -0.019591098 0.999106835 -0.037458214 0.625299110 -0.048789692 0.036465484 0.998143771 10.623385671
0.998476596 0.021011631 0.051018655 0.500932343 -0.019504073 0.999363644 -0.029868518 0.669714530 -0.051614332 0.028827987 0.998251004 11.135728344
0.998275987 0.022253917 0.054322843 0.534390157 -0.021442885 0.999650628 -0.015466585 0.724319859 -0.054648505 0.014275228 0.998403752 11.638057600
0.998198850 0.023100550 0.055363440 0.549633346 -0.022634649 0.999703762 -0.009026955 0.750579882 -0.055555398 0.007757645 0.998426102 11.889615385
0.998059831 0.024333211 0.057316078 0.584639519 -0.024313217 0.999703952 -0.001046245 0.794693105 -0.057325079 -0.000349217 0.998355566 12.381976565
0.997967615 0.023568818 0.059214061 0.623702235 -0.023906685 0.999702337 0.005004393 0.836328599 -0.059078872 -0.006409767 0.998232740 12.883849078
0.997975856 0.021830565 0.059735002 0.645928352 -0.022430598 0.999704965 0.009393238 0.859911455 -0.059512043 -0.010714020 0.998170731 13.144280625
0.998073358 0.018193004 0.059320403 0.685328452 -0.019373436 0.999624832 0.019386362 0.908600401 -0.058945622 -0.020498185 0.998051008 13.655911377
0.998231988 0.015467136 0.057389593 0.722172213 -0.017080946 0.999469345 0.027738404 0.956141395 -0.056930255 -0.028669543 0.997966328 14.188702292
0.998297864 0.014410524 0.056509063 0.741622838 -0.016138754 0.999412682 0.030246549 0.977518994 -0.056040596 -0.031106996 0.997943833 14.460145399
0.998303580 0.014645250 0.056345664 0.777254615 -0.016422041 0.999378197 0.031201388 1.013130851 -0.055854322 -0.032073669 0.997924178 14.993929784
0.998289420 0.015773328 0.056302589 0.815036543 -0.017213370 0.999534752 0.025183519 1.038599039 -0.055880086 -0.026109530 0.998096001 15.548375717
0.998314733 0.018200769 0.055103179 0.826225961 -0.019339144 0.999609204 0.020197084 1.047362437 -0.054714053 -0.021228550 0.998277199 15.812157423
0.998299830 0.022465364 0.053786308 0.853907364 -0.023040423 0.999684198 0.010095971 1.066009639 -0.053542956 -0.011318021 0.998501587 16.358998504
0.998323950 0.022618998 0.053269170 0.889713648 -0.022822361 0.999735190 0.003212086 1.090357017 -0.053182904 -0.004422274 0.998575734 16.913951109
0.998348205 0.022583445 0.052840399 0.909449337 -0.022688918 0.999741677 0.001397280 1.106077184 -0.052795169 -0.002593673 0.998602580 17.206197402
0.998441483 0.021634768 0.051446676 0.946760736 -0.021554364 0.999766100 -0.002116575 1.137105322 -0.051479980 0.001004409 0.998673873 17.780933091
0.998472216 0.023129295 0.050181431 0.976013746 -0.022812420 0.999716992 -0.006877100 1.165805493 -0.050325771 0.005721769 0.998716414 18.347337718
0.998438332 0.024538582 0.050194687 0.990649103 -0.024116437 0.999669401 -0.008997642 1.180604541 -0.050399140 0.007773153 0.998699607 18.630510803
0.998452434 0.024459898 0.049941188 1.024057803 -0.023862689 0.999637462 -0.012518827 1.211855365 -0.050229895 0.011307830 0.998674180 19.206099403
0.998421852 0.025019659 0.050275234 1.064002114 -0.024313668 0.999598535 -0.014603532 1.247166252 -0.050620544 0.013358171 0.998629129 19.810774879
0.998415389 0.024842492 0.050503460 1.083039856 -0.024148954 0.999606255 -0.014295651 1.266970032 -0.050838446 0.013053583 0.998622360 20.113189606
0.998362369 0.024573818 0.051660347 1.127478421 -0.024037172 0.999651279 -0.010982127 1.311944886 -0.051911942 0.009722470 0.998604523 20.736803396
0.998334148 0.024528386 0.052235981 1.164908484 -0.024219904 0.999686054 -0.006530484 1.358299904 -0.052379948 0.005254601 0.998613781 21.351627862
0.998366630 0.023825905 0.051940957 1.185191269 -0.023631454 0.999711323 -0.004355125 1.381651933 -0.052029879 0.003120614 0.998640559 21.663812173
0.998292681 0.024912896 0.052828847 1.221410323 -0.024910754 0.999689961 -0.000697626 1.426184714 -0.052829549 -0.000619492 0.998604089 22.268754687
0.998097960 0.025009221 0.056352477 1.267255404 -0.024968932 0.999687890 -0.001418880 1.463531096 -0.056370193 0.000009107 0.998410495 22.871996534
0.997929905 0.024902758 0.059294351 1.293070493 -0.024771081 0.999689515 -0.002954698 1.480288813 -0.059349454 0.001479818 0.998236467 23.173091603
0.997491835 0.025786706 0.065921909 1.349585390 -0.025451363 0.999658631 -0.005921698 1.513847645 -0.066052205 0.004229155 0.997807225 23.774194657
0.997072591 0.025251266 0.072172337 1.406693964 -0.024767033 0.999664347 -0.007596424 1.548092096 -0.072340217 0.005786748 0.997363739 24.354601351
0.996813351 0.024827925 0.075810445 1.440336485 -0.024247850 0.999669798 -0.008562279 1.565521859 -0.075998056 0.006696804 0.997085700 24.653917852
0.996259610 0.023714814 0.083096052 1.505275441 -0.022997732 0.999690249 -0.009575182 1.600588010 -0.083297215 0.007628354 0.996495344 25.232536234
0.995630395 0.024535062 0.090097481 1.573392395 -0.023788345 0.999674183 -0.009352289 1.638158224 -0.090297667 0.007168115 0.995888928 25.820558475
0.995326435 0.025080330 0.093259880 1.606841531 -0.024276995 0.999658353 -0.009738342 1.655837662 -0.093471867 0.007428825 0.995594070 26.109641285
0.994496131 0.024611894 0.101847264 1.683265889 -0.023577905 0.999657830 -0.011343854 1.688998865 -0.102092246 0.008880081 0.994735302 26.675564024
0.993766938 0.023767153 0.108914134 1.763640355 -0.022655613 0.999678358 -0.011432080 1.724341826 -0.109150918 0.008893366 0.993985486 27.240477316
0.993510966 0.023545507 0.111270899 1.800832052 -0.022548555 0.999693956 -0.010209202 1.743734357 -0.111477146 0.007634008 0.993737920 27.518363755
0.993158907 0.024120568 0.114256841 1.876397341 -0.023371274 0.999696556 -0.007893567 1.782865068 -0.114413099 0.005169236 0.993419764 28.084114715
0.992755655 0.026329009 0.117232815 1.947846087 -0.025848716 0.999650527 -0.005615563 1.821430537 -0.117339715 0.002544583 0.993088662 28.640552445
0.992414585 0.027359532 0.119851088 1.989146655 -0.026998767 0.999625377 -0.004632873 1.840999208 -0.119932839 0.001361881 0.992781206 28.927777445
0.991723788 0.029392467 0.124984762 2.070540124 -0.029207400 0.999568117 -0.003313295 1.878483921 -0.125028211 -0.000364550 0.992153440 29.492334451
0.991205719 0.029454769 0.129009244 2.153374535 -0.029078475 0.999565909 -0.004799434 1.910086129 -0.129094464 0.001006024 0.991632406 30.036405848
0.990910403 0.029581201 0.131234174 2.197368365 -0.029235055 0.999562615 -0.004563909 1.927689692 -0.131311906 0.000685806 0.991340667 30.312890789
0.990203396 0.029971546 0.136378271 2.290691053 -0.029827686 0.999550432 -0.003098425 1.965663421 -0.136409664 -0.000999671 0.990652472 30.885031170
0.989641555 0.030922984 0.140191992 2.376771528 -0.031063669 0.999516887 -0.001185083 2.003221715 -0.140160948 -0.003182038 0.990123664 31.438281689
0.989332511 0.030659508 0.142411451 2.421541994 -0.030891757 0.999523290 -0.000579977 2.020732444 -0.142361222 -0.003825509 0.989807618 31.704338386
0.988798199 0.030833819 0.146037766 2.511268243 -0.031142859 0.999515828 -0.000169882 2.055095173 -0.145972067 -0.004380009 0.989279328 32.246712101
0.988277940 0.029868996 0.149717367 2.602465729 -0.029964706 0.999549785 -0.001616926 2.085111847 -0.149698273 -0.002888165 0.988727819 32.768500179
0.987916134 0.029669511 0.152121570 2.651107811 -0.029700929 0.999557428 -0.002066057 2.100823532 -0.152115393 -0.002477084 0.988359868 33.033806590
0.987340262 0.029858691 0.155780208 2.742128831 -0.029847043 0.999552403 -0.002414087 2.131947899 -0.155782390 -0.002266038 0.987789374 33.545305118
0.986850319 0.030518099 0.158732795 2.830007655 -0.030456260 0.999532496 -0.002822647 2.162384008 -0.158744821 -0.002048789 0.987317737 34.047281574
0.986633624 0.030890472 0.159999481 2.874540081 -0.030799773 0.999521416 -0.003047097 2.177879645 -0.160016923 -0.001921452 0.987112746 34.303252022
0.986108938 0.032022880 0.162985185 2.961252354 -0.031994909 0.999484308 -0.002797065 2.208748307 -0.162990754 -0.002456385 0.986624547 34.795199733
0.985709623 0.031343386 0.165514024 3.053589784 -0.031249713 0.999507318 -0.003170568 2.237731776 -0.165531806 -0.002047006 0.986202784 35.275751627
0.985487112 0.031605690 0.166784608 3.098664345 -0.031418802 0.999499393 -0.003759587 2.251299073 -0.166820085 -0.001535042 0.985986230 35.511195892
0.985200850 0.031469806 0.168492363 3.189784076 -0.031057546 0.999505104 -0.005082042 2.278121088 -0.168568787 -0.000226028 0.985690478 35.981887918
0.984874973 0.031225682 0.170432868 3.273482767 -0.030833092 0.999512963 -0.004950348 2.305515638 -0.170504384 -0.000379384 0.985357365 36.423408327
0.984738867 0.031742850 0.171121163 3.313278563 -0.031394689 0.999496682 -0.004740891 2.319169739 -0.171185355 -0.000703776 0.985239041 36.639496328
0.984779018 0.032435108 0.170757699 3.392049454 -0.031869046 0.999474596 -0.006055444 2.344335938 -0.170864186 0.000521479 0.985294893 37.082246069
0.984897277 0.032960657 0.169975709 3.475175321 -0.032332830 0.999456708 -0.006460986 2.372102424 -0.170096362 0.000867757 0.985427455 37.544393988
0.985067523 0.032554087 0.169063934 3.515193615 -0.032028508 0.999470043 -0.005835593 2.386983438 -0.169164459 0.000333621 0.985587795 37.770619550
0.985525504 0.031297649 0.166612574 3.591145727 -0.031137198 0.999509102 -0.003575624 2.417806468 -0.166642531 -0.001663956 0.986016330 38.213651572
0.986473930 0.030212755 0.161110603 3.657808178 -0.029984756 0.999543300 -0.003846635 2.443451667 -0.161153258 -0.001036165 0.986928985 38.638537482
0.987094648 0.029835883 0.157333757 3.688798655 -0.029551621 0.999554877 -0.004146113 2.456377153 -0.157387328 -0.000556799 0.987537337 38.856624586
0.988400116 0.029593608 0.148960668 3.751437072 -0.029329631 0.999562842 -0.003968673 2.485400040 -0.149012823 -0.000446236 0.988835446 39.323244604
0.989920689 0.028856725 0.138652340 3.805079540 -0.028615054 0.999583909 -0.003736310 2.514083665 -0.138702481 -0.000268837 0.990334109 39.781620941
0.990771948 0.029067911 0.132384110 3.827499984 -0.028811296 0.999577462 -0.003853612 2.528155950 -0.132440176 0.000004006 0.991191029 40.011802491
0.992554377 0.027196203 0.118730214 3.873534962 -0.026930148 0.999630336 -0.003844717 2.557264742 -0.118790846 0.000618790 0.992919594 40.482103401
0.994522108 0.024730543 0.101562446 3.909558572 -0.024775956 0.999692964 -0.000814371 2.593382885 -0.101551182 -0.001706309 0.994829202 40.984985666
0.995442394 0.024566430 0.092145239 3.920751915 -0.024779817 0.999692919 0.001172276 2.612402837 -0.092088962 -0.003450236 0.995745414 41.237882206
0.997147798 0.021612889 0.072313642 3.939197740 -0.021958094 0.999751225 0.003981979 2.648729900 -0.072209382 -0.005558398 0.997374250 41.744654207
0.998553172 0.019558777 0.050098145 3.939135103 -0.019984356 0.999768240 0.008008905 2.687603782 -0.049929549 -0.008998343 0.998712408 42.255380592
0.999048584 0.019980996 0.038766931 3.936878416 -0.020387798 0.999740811 0.010127768 2.707966582 -0.038555034 -0.010908334 0.999196894 42.521443075
0.999741117 0.017445452 0.014582142 3.920419889 -0.017645691 0.999750726 0.013718298 2.747395034 -0.014339116 -0.013971911 0.999800214 43.046037277
0.999828642 0.013758956 -0.012389980 3.884826766 -0.013557382 0.999776941 0.016211405 2.787038488 0.012609665 -0.016040592 0.999791939 43.595389396
0.999587539 0.012474271 -0.025891528 3.860126461 -0.011996308 0.999757109 0.018530650 2.808524597 0.026116604 -0.018212309 0.999493165 43.866366347
0.998540534 0.007824251 -0.053438338 3.807318313 -0.006471513 0.999655765 0.025440064 2.856717449 0.053618939 -0.025057076 0.998247344 44.429282651
0.996647102 0.006339022 -0.081580397 3.733241359 -0.003729493 0.999477919 0.032099331 2.906020089 0.081741893 -0.031687358 0.996150424 45.007114887
0.995420374 0.005426199 -0.095439177 3.694348028 -0.002078986 0.999380975 0.035136328 2.930647937 0.095569964 -0.034776953 0.994815050 45.301574955
0.992420301 0.003849695 -0.122832641 3.593827773 0.000943860 0.999241743 0.038942663 2.976377936 0.122889245 -0.038763306 0.991663119 45.885494785
0.988521774 0.001978726 -0.151068684 3.475578848 0.003779368 0.999278096 0.037818819 3.014664536 0.151034029 -0.037955589 0.987800121 46.473802537
0.986407678 -0.000728197 -0.164313423 3.415810914 0.006680624 0.999341746 0.035676149 3.030971166 0.164178653 -0.036288941 0.985763553 46.763140796
0.982049384 -0.006584169 -0.188511979 3.285279845 0.012432357 0.999477614 0.029857112 3.060927120 0.188216692 -0.031664705 0.981616655 47.334158248
0.977378244 -0.010573381 -0.211234221 3.141266483 0.015807007 0.999608552 0.023103344 3.090589702 0.210906740 -0.025919594 0.977162848 47.918448165
0.975001941 -0.011732747 -0.221888689 3.063359152 0.016667321 0.999654190 0.020379446 3.108045875 0.221572716 -0.023568252 0.974859468 48.232266647
0.970556695 -0.011967123 -0.240576530 2.898966144 0.016612884 0.999713088 0.017291879 3.144432226 0.240300868 -0.020779266 0.970476662 48.820672722
0.966707552 -0.014374813 -0.255478953 2.726694009 0.019103278 0.999689146 0.016036334 3.186833373 0.255169105 -0.020382840 0.966681429 49.451508631
0.965068764 -0.014227459 -0.261611669 2.636945589 0.019049880 0.999692409 0.015906303 3.208270203 0.261304140 -0.020334276 0.965042181 49.757452751
0.962200697 -0.013879383 -0.271989490 2.454206072 0.019085716 0.999681591 0.016505402 3.254668165 0.271673749 -0.021072451 0.962159540 50.400631265
0.960555027 -0.013740462 -0.277752942 2.280634198 0.019606218 0.999639787 0.018351876 3.300804487 0.277399893 -0.023073520 0.960477342 51.011005985
0.960254973 -0.013964317 -0.278775645 2.196784187 0.020198063 0.999605768 0.019501033 3.324157089 0.278394119 -0.024356670 0.960158476 51.315524270
0.959965684 -0.014571044 -0.279738597 2.029271452 0.021303866 0.999552476 0.021042510 3.370303335 0.279306516 -0.026159588 0.959845620 51.934814667
0.959745683 -0.015580026 -0.280439779 1.859007814 0.022511877 0.999515218 0.021513349 3.415491442 0.279968494 -0.026960495 0.959630990 52.565035433
0.959886703 -0.015459235 -0.279964273 1.775343909 0.022477499 0.999508416 0.021874842 3.438225223 0.279487769 -0.027290125 0.959762061 52.879811442
0.960637707 -0.015414630 -0.277375943 1.608990052 0.022542826 0.999492284 0.022527876 3.483549814 0.276888185 -0.027893905 0.960497155 53.509155914
0.962276625 -0.015504865 -0.271631413 1.442479845 0.022423797 0.999498054 0.022386054 3.530253511 0.271148395 -0.027632463 0.962141608 54.179497200
0.963352016 -0.015006829 -0.267820770 1.362135389 0.021621338 0.999530140 0.021764930 3.552607764 0.267367893 -0.026757827 0.963223491 54.514082233
0.965319820 -0.013893547 -0.260701857 1.201017609 0.019877478 0.999596098 0.020330129 3.595680553 0.260314636 -0.024807086 0.965205715 55.162923915
0.967766779 -0.012478419 -0.251539958 1.050686498 0.018199373 0.999626079 0.020429782 3.640892098 0.251191070 -0.024349055 0.967631430 55.809240987
0.969352433 -0.012065058 -0.245379409 0.982097156 0.017781256 0.999620009 0.021093091 3.664962783 0.245031816 -0.024809766 0.969198252 56.141112050
0.972418484 -0.011602731 -0.232953545 0.844396007 0.017529222 0.999572940 0.023386153 3.716030189 0.232582167 -0.026824543 0.972206853 56.825315409
0.975326500 -0.011498962 -0.220467168 0.716510131 0.017961524 0.999465370 0.027330782 3.769509021 0.220034721 -0.030616240 0.975011426 57.507193257
0.979041442 -0.008261496 -0.203492665 0.532930412 0.015040743 0.999381719 0.031790164 3.847015484 0.203104448 -0.034184542 0.978560491 58.528343330
0.981678798 -0.002704970 -0.190526155 0.416694208 0.009312574 0.999385799 0.033793475 3.896863104 0.190317007 -0.034948515 0.981100324 59.207855354
0.982920868 -0.000139339 -0.184027219 0.361021808 0.006684099 0.999367462 0.034943787 3.921978221 0.183906491 -0.035577024 0.982299755 59.547056782
0.985365784 0.003340822 -0.170421365 0.267256173 0.003095096 0.999293242 0.037485520 3.972069374 0.170425420 -0.037464361 0.984658795 60.221565353
0.987608812 0.005255259 -0.156848274 0.188861917 0.000861654 0.999243420 0.038905111 4.019184852 0.156934560 -0.038558175 0.986856211 60.882580580
0.988658809 0.006000681 -0.150063032 0.154412488 -0.000179416 0.999247973 0.038775362 4.040865553 0.150182969 -0.038308661 0.987915889 61.207017416
0.990554020 0.007989532 -0.136893329 0.089404722 -0.002796189 0.999270497 0.038087565 4.083415628 0.137098396 -0.037344930 0.989853675 61.855076497
0.992308081 0.011254669 -0.123284392 0.031269909 -0.006534679 0.999232835 0.038622392 4.127768438 0.123624831 -0.037519570 0.991619703 62.501500251
0.993172898 0.012937494 -0.115936367 0.008765043 -0.008454616 0.999200570 0.039075901 4.150716356 0.116348955 -0.037828823 0.992488235 62.833469798
0.994844245 0.014740190 -0.100345061 -0.027862532 -0.010712239 0.999119807 0.040561880 4.195994424 0.100854150 -0.039277779 0.994125813 63.475062570
0.996211722 0.014624758 -0.085725761 -0.052774533 -0.011042561 0.999052666 0.042112267 4.240983557 0.086259981 -0.041006069 0.995428338 64.114071928
0.996812597 0.013947143 -0.078553407 -0.061817369 -0.010606925 0.999028742 0.042779287 4.263197222 0.079073079 -0.041809727 0.995991461 64.432835911
0.997817308 0.012448850 -0.064854817 -0.072343944 -0.009673103 0.999031748 0.042938451 4.304745055 0.065326175 -0.042217332 0.996970264 65.058599089
0.998552416 0.014090192 -0.051903898 -0.079523726 -0.011863156 0.999006734 0.042967158 4.347300157 0.052457850 -0.042289191 0.997727913 65.704081007
0.998830400 0.016178974 -0.045577857 -0.083690302 -0.014195848 0.998953052 0.043502453 4.369128212 0.046234172 -0.042804455 0.998012844 66.021785835
0.999253740 0.020073166 -0.033002207 -0.084213139 -0.018591725 0.998832726 0.044597412 4.412588373 0.033859412 -0.043950553 0.998459665 66.655473430
0.999572323 0.020157896 -0.021198492 -0.073265917 -0.019194105 0.998815378 0.044725145 4.453365384 0.022074863 -0.044299140 0.998774367 67.276516045
0.999789293 0.020396276 -0.002296612 -0.042921579 -0.020270631 0.998757736 0.045522633 4.512806264 0.003222264 -0.045466446 0.998960455 68.169178438
0.999712445 0.020844156 0.011861173 -0.012144765 -0.021352771 0.998781635 0.044507781 4.549135005 -0.010919401 -0.044748158 0.998938898 68.755304445
0.999601457 0.021023041 0.018852165 0.008818458 -0.021832931 0.998800697 0.043837752 4.567515473 -0.017908044 -0.044231832 0.998861050 69.057378130
0.999204902 0.021468668 0.033610301 0.056204415 -0.022914810 0.998801924 0.043249936 4.604047640 -0.032641638 -0.043985644 0.998498649 69.639804408
0.998550793 0.021554512 0.049324922 0.114561179 -0.023698747 0.998781344 0.043308186 4.641999973 -0.048331506 -0.044414321 0.997843622 70.229970293
0.998108149 0.021674624 0.057531608 0.145869220 -0.024197108 0.998760156 0.043516807 4.660225002 -0.056517835 -0.044826558 0.997395321 70.509233852
0.997082976 0.020070488 0.073645195 0.220626202 -0.023359962 0.998754772 0.044080633 4.697842258 -0.072669112 -0.045672229 0.996310097 71.085517630
0.995818643 0.019711843 0.089202419 0.301443896 -0.023747846 0.998731043 0.044412944 4.735549253 -0.088213692 -0.046345485 0.995022794 71.670711889
0.995015622 0.020150493 0.097667466 0.344874542 -0.024562448 0.998722315 0.044183412 4.754013623 -0.096652779 -0.046362095 0.994237950 71.967792514
0.992980475 0.022503518 0.116121499 0.441943185 -0.027821861 0.998627703 0.044383749 4.793123818 -0.114964159 -0.047302848 0.992242688 72.580078096
0.990726102 0.022897050 0.133933545 0.552267688 -0.029157626 0.998562737 0.044970646 4.831100932 -0.132711475 -0.048458696 0.989969361 73.168966644
0.989562691 0.022986276 0.142256579 0.611324277 -0.029659594 0.998548036 0.044969288 4.849442782 -0.141016269 -0.048719064 0.988808148 73.462585611
0.987071900 0.023420293 0.158562070 0.731190602 -0.030971873 0.998493049 0.045322804 4.886020380 -0.157261656 -0.049647774 0.986308819 74.039179314
0.983782973 0.025111874 0.177598297 0.871019553 -0.033807067 0.998365230 0.046104258 4.924147889 -0.176150292 -0.051360528 0.983022309 74.631769945
0.981885493 0.026715009 0.187585530 0.940613164 -0.036015570 0.998276782 0.046348034 4.942024764 -0.186024057 -0.052264365 0.981154534 74.912816375
0.977911400 0.030986661 0.206711951 1.086629669 -0.041498672 0.998046706 0.046711973 4.977366365 -0.204860663 -0.054258337 0.977286397 75.473418102
0.973195017 0.034237510 0.227418936 1.246369457 -0.046488340 0.997730143 0.048731687 5.015166084 -0.225234173 -0.057997720 0.972576878 76.030823871
0.970548806 0.035643355 0.238254586 1.331616750 -0.048901616 0.997553408 0.049968777 5.034327188 -0.235890675 -0.060148080 0.969916571 76.308317061
0.964536142 0.037663866 0.261252339 1.515535597 -0.052883248 0.997273890 0.051469700 5.069999570 -0.258601572 -0.063460121 0.963897781 76.850222586
0.957784210 0.039466083 0.284767519 1.711882128 -0.056363687 0.997087610 0.051386432 5.102017745 -0.281909909 -0.065267554 0.957218976 77.379329498
0.954080497 0.040464881 0.296806798 1.816405861 -0.058301960 0.996970220 0.051489594 5.118100211 -0.293824176 -0.066429495 0.953548629 77.642468638
0.945362009 0.043535166 0.323102763 2.034264548 -0.063771168 0.996593655 0.052305360 5.151293068 -0.319724703 -0.070052096 0.944917241 78.166728328
0.936106009 0.048189052 0.348402397 2.261676075 -0.071051399 0.996057289 0.053135675 5.183645118 -0.344467774 -0.074494999 0.935838143 78.678656801
0.931021178 0.050051593 0.361518005 2.378469123 -0.074171517 0.995829382 0.053143914 5.198098949 -0.357350264 -0.076292343 0.930849969 78.918648020
0.920252928 0.052221185 0.387825337 2.623746007 -0.078615850 0.995522219 0.052495667 5.225460582 -0.383347946 -0.078798385 0.920237275 79.396128884
0.908169511 0.054766189 0.415005553 2.885573018 -0.083058163 0.995268795 0.050417930 5.250032557 -0.410281043 -0.080257513 0.908420649 79.870104877
0.901588056 0.055785732 0.428984828 3.023779667 -0.084669742 0.995227553 0.048527968 5.260662619 -0.424230187 -0.080074161 0.902007646 80.105574288
0.887403466 0.058335298 0.457287041 3.296152904 -0.087585596 0.995229033 0.043007764 5.275927755 -0.452596543 -0.078216940 0.888279281 80.526466775
0.871399310 0.060598305 0.486817134 3.593145083 -0.090155325 0.995222050 0.037493694 5.291259980 -0.482218714 -0.076561092 0.872698704 80.952151029
0.862174590 0.061223529 0.502898868 3.752390366 -0.091085064 0.995228516 0.034996862 5.299164241 -0.498356087 -0.075979894 0.863637261 81.162592279
0.842837561 0.062324933 0.534547730 4.074367551 -0.092690472 0.995240434 0.030109018 5.313762860 -0.530127001 -0.074924398 0.844602205 81.562251267
0.822340859 0.061938438 0.565614776 4.405678028 -0.092206138 0.995425415 0.025052041 5.326443414 -0.561475931 -0.072754331 0.824289481 81.939431732
0.811995272 0.061560501 0.580408086 4.569180270 -0.091809754 0.995515146 0.022854251 5.332725677 -0.576398322 -0.071844604 0.814004929 82.118242010
0.790329306 0.059271599 0.609808577 4.902634348 -0.089823209 0.995764879 0.019628149 5.345736575 -0.606062243 -0.070287622 0.792306102 82.453880669
0.768234092 0.058026465 0.637533861 5.239578782 -0.089009167 0.995892214 0.016613624 5.357727134 -0.633951696 -0.069509411 0.770242904 82.768283474
0.757036491 0.058410044 0.650756312 5.409510750 -0.089682605 0.995858859 0.014943940 5.363448097 -0.647188493 -0.069674646 0.759139083 82.925177457
0.734226078 0.056692069 0.676534534 5.754827309 -0.088172017 0.996031044 0.012225860 5.374312062 -0.673155446 -0.068627856 0.736310081 83.217267065
0.711677456 0.052474607 0.700543537 6.114562540 -0.082613712 0.996538655 0.009280374 5.383420831 -0.697631588 -0.064479068 0.713549041 83.496000724
0.700345654 0.050002572 0.712050962 6.294789752 -0.078414483 0.996895678 0.007120073 5.386472164 -0.709484442 -0.060821481 0.702092311 83.630248262
0.678090367 0.046416018 0.733511509 6.657963800 -0.071376942 0.997446127 0.002866351 5.391946634 -0.731505017 -0.054299415 0.679670703 83.887916243
0.654764533 0.045287677 0.754475357 7.033894652 -0.069613565 0.997574392 0.000533728 5.400401315 -0.752620810 -0.052871092 0.656328410 84.142571128
0.642103317 0.045454514 0.765269442 7.236842276 -0.070614616 0.997504037 0.000001066 5.406309891 -0.763359923 -0.054039803 0.643710096 84.281862490
0.617332828 0.047648673 0.785258607 7.630379045 -0.075235066 0.997165353 -0.001360697 5.415982356 -0.783097257 -0.058238864 0.619167645 84.532534756
0.593356687 0.048817259 0.803457609 8.039737110 -0.078124874 0.996939437 -0.002877381 5.425382395 -0.801139679 -0.061062568 0.595355269 84.789972561
0.581162071 0.047569986 0.812396915 8.261031679 -0.077475852 0.996990628 -0.002955188 5.430610093 -0.810091859 -0.061223662 0.583097509 84.914970625
0.559310348 0.042871636 0.827848995 8.702674209 -0.073515712 0.997292244 -0.001978027 5.442595253 -0.825693066 -0.059753442 0.560947204 85.165084013
0.536621288 0.041918681 0.842781484 9.155713813 -0.071173804 0.997455056 -0.004293679 5.448195816 -0.840817195 -0.057679766 0.538238960 85.402793394
0.524811477 0.042646293 0.850149735 9.386490599 -0.070684590 0.997478322 -0.006401999 5.449000982 -0.848279201 -0.056732528 0.526502546 85.515693419
0.500275011 0.044510736 0.864722351 9.867809870 -0.071968249 0.997360389 -0.009701809 5.452231315 -0.862871536 -0.057378894 0.502156675 85.747268398
0.478413325 0.044616236 0.877000597 10.372094479 -0.074714460 0.997155615 -0.009971464 5.460683176 -0.874950986 -0.060754081 0.480385479 85.993950717
0.468501228 0.043997598 0.882366425 10.631470415 -0.075814688 0.997077610 -0.009462829 5.465263662 -0.880204227 -0.062462933 0.470467768 86.110533685
0.449445661 0.043945263 0.892226409 11.169161384 -0.078993704 0.996831982 -0.009305509 5.473603325 -0.889808096 -0.066297899 0.451492748 86.360067773
0.430218899 0.044842297 0.901610602 11.701295810 -0.081984548 0.996579685 -0.010445272 5.477999356 -0.898994424 -0.069424315 0.432423011 86.580290554
0.420321080 0.045273422 0.906246186 11.975280655 -0.083737201 0.996427829 -0.010940960 5.480415340 -0.903504202 -0.071287598 0.422610401 86.693761656
0.399412137 0.045998453 0.915616903 12.525964066 -0.086933355 0.996140617 -0.012121505 5.484319804 -0.912640152 -0.074756072 0.401869410 86.909896250
0.377193679 0.046294374 0.924976673 13.103004812 -0.089576366 0.995891342 -0.013315467 5.487436981 -0.921792950 -0.077833383 0.379790490 87.120227092
0.365783162 0.045383915 0.929593055 13.393192556 -0.090643967 0.995799141 -0.012948989 5.489568025 -0.926276320 -0.079525369 0.368359785 87.209595387
0.342533064 0.042368866 0.938549718 14.001359871 -0.092743269 0.995628608 -0.011098011 5.496141863 -0.934917048 -0.083242724 0.344964340 87.402544489
0.319294803 0.040608501 0.946785686 14.620755466 -0.093656828 0.995542851 -0.011114834 5.497827896 -0.943016721 -0.085123923 0.321674030 87.572774703
0.306895961 0.039980948 0.950903018 14.931413939 -0.093654990 0.995537589 -0.011631246 5.497854498 -0.947123968 -0.085487196 0.309270762 87.657726109
0.283191093 0.039461879 0.958251982 15.563026718 -0.094184814 0.995468183 -0.013160275 5.495268005 -0.954428128 -0.086525749 0.285623758 87.804980527
0.258221913 0.040849092 0.965221952 16.202180103 -0.095680287 0.995275126 -0.016523958 5.488864181 -0.961336523 -0.088085698 0.260910144 87.940531210
0.246326298 0.042035984 0.968275498 16.524072560 -0.096225227 0.995183762 -0.018724782 5.484292310 -0.964398658 -0.088559962 0.249184986 88.002744891
0.221895989 0.044897629 0.974036251 17.180527526 -0.097027126 0.994998161 -0.023759907 5.473728947 -0.970231272 -0.089235514 0.225143014 88.124445598
0.198248636 0.047727450 0.978989067 17.853345727 -0.095071882 0.995040996 -0.029257505 5.460954840 -0.975529835 -0.087274008 0.201803098 88.232386309
0.186447170 0.048923059 0.981246658 18.192370579 -0.093443537 0.995115573 -0.031859267 5.453700268 -0.978011150 -0.085750987 0.190107630 88.270436432
0.164449952 0.050886747 0.985072401 18.872607803 -0.090860834 0.995204473 -0.036241654 5.441000093 -0.982192385 -0.083544371 0.168285229 88.356202640
0.142224470 0.050983839 0.988520585 19.563441656 -0.089260347 0.995264552 -0.038489130 5.430857958 -0.985801532 -0.082761484 0.146101979 88.429199505
0.131052379 0.050224230 0.990103035 19.914044762 -0.088764517 0.995299482 -0.038738669 5.426407557 -0.987393328 -0.082809122 0.134894821 88.454247408
0.110173290 0.046368502 0.992830292 20.625296416 -0.086679777 0.995553775 -0.036876915 5.421534197 -0.990126097 -0.081995341 0.113702622 88.512129932
0.091719340 0.042011114 0.994898885 21.343950570 -0.083619231 0.995906154 -0.034344738 5.415896705 -0.992268247 -0.080042414 0.094857043 88.547892514
0.082913745 0.040179848 0.995746739 21.696327084 -0.081481790 0.996115611 -0.033409807 5.412367828 -0.993219876 -0.078365052 0.085865168 88.562229283
0.070176900 0.038320287 0.996797971 22.401793008 -0.077864630 0.996424220 -0.032823910 5.401984707 -0.994490670 -0.075311808 0.072909961 88.580685023
0.061946218 0.039509256 0.997297013 23.095662580 -0.074977189 0.996577201 -0.034823654 5.387879536 -0.995259405 -0.072617260 0.064696043 88.612202739
0.059102142 0.041231420 0.997400383 23.441097092 -0.073520004 0.996613624 -0.036842260 5.379046015 -0.995541505 -0.071151307 0.061933752 88.628402819
0.055739640 0.044463219 0.997455298 24.139021240 -0.071848503 0.996596909 -0.040409969 5.362363346 -0.995856975 -0.069413123 0.058743718 88.669438364
0.054368590 0.047318616 0.997399673 24.833817159 -0.069293011 0.996648002 -0.043505745 5.345700784 -0.996114126 -0.066747386 0.057465382 88.700905721
0.054601341 0.049129784 0.997298698 25.184129897 -0.067265325 0.996701735 -0.045417539 5.336581423 -0.996240702 -0.064603695 0.057726005 88.716040150
0.057295701 0.051076148 0.997050279 25.890877462 -0.063075540 0.996880768 -0.047442856 5.321545248 -0.996362683 -0.060171097 0.060338163 88.755016836
0.063136999 0.049916789 0.996755960 26.603792952 -0.059131419 0.997181693 -0.046192589 5.312036251 -0.996252045 -0.056023084 0.065909817 88.802550012
0.065859698 0.049099557 0.996620223 26.959284317 -0.058222176 0.997276653 -0.045284391 5.307808834 -0.996128773 -0.055042919 0.068538415 88.826499137
0.076661926 0.044496140 0.996063564 27.653977582 -0.056150153 0.997611812 -0.040243668 5.305306100 -0.995474811 -0.052843965 0.078977539 88.887913812
0.090400620 0.038119475 0.995176205 28.353810916 -0.051158210 0.998126174 -0.033585264 5.305739828 -0.994591101 -0.047875195 0.092180913 88.958270492
0.098339184 0.036163524 0.994495468 28.698041542 -0.049188817 0.998295115 -0.031437627 5.304754019 -0.993936490 -0.045826416 0.099951083 89.005045677
0.115840144 0.035253906 0.992642250 29.372738790 -0.046745553 0.998456786 -0.030005256 5.298259056 -0.992167368 -0.042925778 0.117308533 89.101926459
0.136903394 0.038746517 0.989826402 30.046292511 -0.040085169 0.998633793 -0.033547066 5.283306934 -0.989773598 -0.035084593 0.138269428 89.199574676
