1.000000000 0.000000000 -0.000000000 0.000000000 0.000000000 1.000000000 -0.000000000 0.000000000 0.000000000 0.000000000 1.000000000 0.000000000
0.999987852 -0.000055853 -0.005068498 -0.002140059 0.000053939 1.000000165 -0.000384119 -0.002902008 0.005068220 0.000383809 0.999987167 0.414756982
0.999876371 -0.000428551 -0.015771568 -0.017873349 0.000421192 1.000000168 -0.000468667 -0.007698756 0.015771883 0.000461974 0.999875396 1.246541612
0.999623321 -0.000115828 -0.027453132 -0.042362449 0.000102169 1.000000789 -0.000501329 -0.012501927 0.027453326 0.000498317 0.999622713 2.083556227
0.999433143 -0.000784983 -0.033677242 -0.058637023 0.000772704 1.000000431 -0.000377093 -0.014692857 0.033677656 0.000350859 0.999432585 2.497617212
0.998891898 -0.000807685 -0.047068777 -0.103890387 0.000756991 0.999999178 -0.001096720 -0.020677882 0.047069945 0.001059845 0.998890538 3.296780157
0.998233153 -0.001201291 -0.059408517 -0.153163929 0.001076567 0.999997731 -0.002132175 -0.027257178 0.059410673 0.002064415 0.998231563 4.091492266
0.997846979 -0.002321034 -0.065549916 -0.184181110 0.002120177 0.999992852 -0.003134326 -0.031467118 0.065556811 0.002988583 0.997844545 4.489234418
0.996821497 -0.002503776 -0.079634847 -0.252946957 0.002173006 0.999988642 -0.004240580 -0.038327681 0.079644846 0.004054037 0.996815455 5.277314962
0.995680497 -0.002656679 -0.092809050 -0.331838028 0.002299325 0.999989606 -0.003957567 -0.042992974 0.092818557 0.003727050 0.995675874 6.069155335
0.995082646 -0.002814458 -0.099013400 -0.374989726 0.002450441 0.999990742 -0.003798246 -0.045369774 0.099022290 0.003536924 0.995079141 6.468431535
0.993778103 -0.003002023 -0.111336930 -0.463985472 0.002672399 0.999991618 -0.003110067 -0.049519646 0.111345278 0.002793161 0.993778207 7.264022318
0.992267070 -0.004083954 -0.124061410 -0.565057145 0.003606066 0.999985872 -0.004076691 -0.056625948 0.124076628 0.003597785 0.992266585 8.061120290
0.991457474 -0.004810549 -0.130340474 -0.622980913 0.004192906 0.999979354 -0.005012936 -0.061045476 0.130361783 0.004423594 0.991456150 8.458943801
0.989960361 -0.004998275 -0.141260042 -0.737444003 0.003974194 0.999964204 -0.007531115 -0.070882615 0.141292620 0.006894089 0.989944323 9.241201449
0.988327051 -0.006570542 -0.152208816 -0.855940726 0.005150197 0.999940134 -0.009724189 -0.080214125 0.152263607 0.008826750 0.988300676 10.019014431
0.987389625 -0.007563946 -0.158127092 -0.920591087 0.006066134 0.999932750 -0.009952905 -0.083474300 0.158191894 0.008868156 0.987368794 10.409431937
0.985613866 -0.008529351 -0.168798244 -1.059340092 0.007062121 0.999932004 -0.009290900 -0.088265284 0.168866551 0.007965148 0.985606552 11.194765418
0.983539237 -0.008431843 -0.180502417 -1.205520871 0.007163413 0.999945766 -0.007678138 -0.091554719 0.180557334 0.006258716 0.983544151 11.986819840
0.982697854 -0.008588996 -0.185020330 -1.281633580 0.007465401 0.999949386 -0.006768811 -0.093057693 0.185069173 0.005270423 0.982711389 12.379512219
0.980871487 -0.008884665 -0.194455306 -1.436564051 0.007996299 0.999954599 -0.005353174 -0.096853508 0.194493082 0.003695841 0.980896852 13.176793822
0.978887278 -0.009702462 -0.204172267 -1.600909292 0.008982479 0.999950160 -0.004453020 -0.101659710 0.204205814 0.002525016 0.978924957 13.978558529
0.977950671 -0.009997555 -0.208599725 -1.682405706 0.009317911 0.999948353 -0.004240728 -0.104468720 0.208631015 0.002203491 0.977992520 14.380179857
0.975789776 -0.010075314 -0.218479962 -1.866237486 0.009193274 0.999945370 -0.005053500 -0.112459646 0.218519245 0.002922596 0.975828433 15.190162995
0.973490855 -0.009228151 -0.228540815 -2.062838281 0.007958813 0.999947973 -0.006475327 -0.121621217 0.228588437 0.004484749 0.973512846 16.000922085
0.972292390 -0.008930222 -0.233600664 -2.159111902 0.007471369 0.999946682 -0.007129473 -0.126052993 0.233651854 0.005186592 0.972306512 16.401093079
0.970159425 -0.008924568 -0.242306857 -2.359753301 0.007230301 0.999942786 -0.007880791 -0.134138985 0.242363361 0.005893647 0.970167710 17.207410698
0.968303369 -0.008480699 -0.249634365 -2.569848977 0.006896504 0.999950714 -0.007220211 -0.140005656 0.249683364 0.005269730 0.968313440 18.018229532
0.967489760 -0.007959911 -0.252786940 -2.670177146 0.006520322 0.999957439 -0.006532290 -0.142221957 0.252828781 0.004671657 0.967500232 18.413965446
0.964873861 -0.007263100 -0.262614744 -2.888344367 0.006146820 0.999968768 -0.005072070 -0.146727401 0.262643358 0.003279647 0.964887719 19.215896907
0.961825507 -0.006011277 -0.273597862 -3.128043139 0.005162345 0.999979773 -0.003822814 -0.151859962 0.273615050 0.002264451 0.961837164 20.023837388
0.960648474 -0.004993552 -0.277723298 -3.243859076 0.004187511 0.999985611 -0.003495566 -0.154916874 0.277736293 0.002195029 0.960654912 20.432252381
0.957943537 -0.003984775 -0.286928729 -3.493641591 0.002892941 0.999987196 -0.004229214 -0.163677361 0.286941777 0.003221265 0.957942789 21.258786315
0.955201403 -0.004562300 -0.295923943 -3.746085020 0.002886181 0.999977307 -0.006100768 -0.174403888 0.295944564 0.004973345 0.955192242 22.082344223
0.953469751 -0.005187258 -0.301443442 -3.881391901 0.003141781 0.999968991 -0.007270145 -0.180285556 0.301471857 0.005984781 0.953456549 22.498979664
0.950478337 -0.006288549 -0.310727889 -4.152686395 0.003628957 0.999951705 -0.009136756 -0.191273017 0.310770503 0.007556654 0.950455232 23.331513648
0.947185823 -0.005428998 -0.320640689 -4.421291506 0.002865777 0.999960783 -0.008465536 -0.197757226 0.320673737 0.007099535 0.947163140 24.137305333
0.945431298 -0.004697107 -0.325787778 -4.569427581 0.002441883 0.999970142 -0.007331094 -0.199889982 0.325812653 0.006135495 0.945414906 24.554744314
0.941403256 -0.004272806 -0.337258209 -4.872454442 0.002968238 0.999986208 -0.004383852 -0.203129847 0.337271929 0.003125886 0.941402757 25.397081800
0.937105112 -0.002689005 -0.349037786 -5.184829179 0.001450885 0.999991935 -0.003808722 -0.210416107 0.349044956 0.003062743 0.937100717 26.229019088
0.935016205 -0.001862360 -0.354600743 -5.352463415 0.000537243 0.999993180 -0.003835444 -0.214783672 0.354605335 0.003395681 0.935009606 26.654681827
0.930880677 -0.001825322 -0.365320896 -5.687045282 0.000154117 0.999989958 -0.004603868 -0.224774636 0.365325114 0.004229333 0.930869950 27.506741513
0.926362324 -0.002003347 -0.376629864 -6.027620552 -0.000388156 0.999981087 -0.006273825 -0.236238235 0.376635219 0.005958001 0.926342937 28.337255409
0.924459473 -0.002442792 -0.381273959 -6.195877680 -0.000335796 0.999973970 -0.007221092 -0.242125998 0.381281232 0.006803614 0.924433943 28.747302095
0.920203425 -0.003498777 -0.391426999 -6.549268444 0.000729734 0.999974536 -0.007222877 -0.250960583 0.391441190 0.006360856 0.920181308 29.578613251
0.915870447 -0.002640804 -0.401465586 -6.910097726 0.000883387 0.999989255 -0.004562651 -0.255310169 0.401473435 0.003824121 0.915863095 30.401795801
0.913466003 -0.002033314 -0.406910445 -7.089147493 0.000916379 0.999996162 -0.002939847 -0.256883187 0.406915030 0.002312559 0.913463119 30.800006675
0.909199018 -0.000740701 -0.416362908 -7.451931056 0.000643069 1.000000531 -0.000374833 -0.261227495 0.416362386 0.000073023 0.909198846 31.591232949
0.905738775 0.000158289 -0.423837147 -7.806567637 0.000064391 1.000000684 0.000510967 -0.268235473 0.423837135 -0.000490137 0.905738651 32.361606738
0.903904599 0.000340162 -0.427734817 -7.986230144 -0.000035160 0.999999730 0.000720896 -0.272158614 0.427735140 -0.000636611 0.903904280 32.744196906
0.899954467 0.001523437 -0.435983560 -8.366426280 -0.000992960 0.999998496 0.001444517 -0.279748039 0.435984701 -0.000867091 0.899953709 33.516132470
0.896852499 0.001725792 -0.442326635 -8.742619609 -0.000262427 0.999994402 0.003369521 -0.285323320 0.442330610 -0.002905844 0.896847716 34.292526831
0.895506785 0.001707066 -0.445044635 -8.929037193 0.000222510 0.999990942 0.004283326 -0.288190818 0.445047916 -0.003934813 0.895498136 34.682576690
0.893301694 0.002919284 -0.449449656 -9.309248986 -0.000353814 0.999983825 0.005791876 -0.294500358 0.449458401 -0.005014875 0.893287743 35.454519430
0.891856177 0.004915980 -0.452292917 -9.690824690 -0.001287098 0.999964522 0.008330497 -0.299058164 0.452316998 -0.006847514 0.891830898 36.224989493
0.891268199 0.006319139 -0.453434388 -9.883300000 -0.001976009 0.999948496 0.010051442 -0.300572272 0.453473709 -0.008062550 0.891233505 36.608375687
0.890008020 0.009220778 -0.455852610 -10.268918388 -0.003542949 0.999905135 0.013308323 -0.303884515 0.455931876 -0.010229496 0.889955819 37.374405231
0.888735945 0.010721318 -0.458294447 -10.657195121 -0.004160309 0.999874796 0.015323056 -0.309372779 0.458401018 -0.011711535 0.888668536 38.137457571
0.888187612 0.010754772 -0.459355899 -10.838831588 -0.004328775 0.999878289 0.015039891 -0.314114289 0.459460977 -0.011369837 0.888125666 38.502953121
0.888194316 0.010389866 -0.459351779 -11.203426355 -0.004704036 0.999898295 0.013520557 -0.325285265 0.459444818 -0.009848048 0.888151829 39.232452254
0.887497401 0.011418767 -0.460671908 -11.566027990 -0.005437121 0.999882824 0.014309485 -0.332340729 0.460781349 -0.010194892 0.887455540 39.949331940
0.886979061 0.012479190 -0.461641340 -11.751728056 -0.005874159 0.999859714 0.015741916 -0.334126830 0.461772451 -0.011250985 0.886927891 40.310396560
0.886137881 0.014518284 -0.463194397 -12.110324697 -0.006488698 0.999800738 0.018923807 -0.336914633 0.463376561 -0.013763598 0.886054392 41.016881403
0.885105919 0.015441503 -0.465134943 -12.460790501 -0.006294060 0.999755714 0.021212768 -0.341046225 0.465348647 -0.015847991 0.884986227 41.702521164
0.884974594 0.015546505 -0.465380244 -12.637686215 -0.006180161 0.999747416 0.021645195 -0.344362043 0.465599139 -0.016279293 0.884845780 42.043480908
0.884701133 0.014933031 -0.465920258 -12.971902070 -0.005628008 0.999756870 0.021356217 -0.352654800 0.466125674 -0.016271657 0.884568721 42.702288515
0.883655387 0.014385837 -0.467917662 -13.300020601 -0.005105884 0.999765063 0.021094541 -0.360673653 0.468111148 -0.016251195 0.883520121 43.338036359
0.882751816 0.014142030 -0.469628773 -13.468791838 -0.004886774 0.999769642 0.020920662 -0.364813308 0.469815757 -0.016172745 0.882616523 43.658153936
0.881955170 0.013313967 -0.471147042 -13.804997554 -0.003948959 0.999775556 0.020860014 -0.372624550 0.471318442 -0.016536985 0.881808850 44.299874215
0.881269247 0.012903129 -0.472439518 -14.125711604 -0.002678259 0.999747944 0.022308816 -0.377481652 0.472607082 -0.018394699 0.881081217 44.914060990
0.881096464 0.012801233 -0.472764199 -14.275623351 -0.002134952 0.999731976 0.023091207 -0.379616810 0.472933235 -0.019336218 0.880886621 45.210345991
0.880509991 0.011971983 -0.473878258 -14.587549806 -0.000504039 0.999704140 0.024319734 -0.384633753 0.474028680 -0.021174895 0.880254959 45.804435572
0.879786812 0.009641322 -0.475271018 -14.889325732 0.002211259 0.999701028 0.024373027 -0.391482279 0.475363390 -0.022494043 0.879501649 46.379901087
0.879376627 0.008238896 -0.476054964 -15.031774409 0.003681394 0.999703414 0.024101648 -0.395245254 0.476112578 -0.022947012 0.879085174 46.654598161
0.879196569 0.006475263 -0.476416570 -15.317338061 0.005277959 0.999714276 0.023327832 -0.403175221 0.476431463 -0.023024243 0.878910938 47.203248793
0.878984521 0.005326923 -0.476821788 -15.598864794 0.006659428 0.999703481 0.023444438 -0.409447293 0.476804773 -0.023782710 0.878687682 47.741489947
0.878801882 0.005134525 -0.477159793 -15.737946520 0.007188693 0.999686252 0.023996668 -0.411656417 0.477133181 -0.024518464 0.878488871 48.005035710
0.877754146 0.005966231 -0.479075535 -16.011374968 0.007432766 0.999633202 0.026067101 -0.414179016 0.479054526 -0.026441397 0.877387301 48.507594065
0.877493848 0.006380871 -0.479546364 -16.276045528 0.008018534 0.999577203 0.027972990 -0.416865176 0.479521743 -0.028391388 0.877070670 49.004921482
0.877301997 0.006590694 -0.479895233 -16.400285129 0.008357340 0.999544742 0.029005473 -0.417894054 0.479867628 -0.029457122 0.876846693 49.240182544
0.876747216 0.006946399 -0.480903581 -16.645381356 0.009161398 0.999473701 0.031139142 -0.419707841 0.480866052 -0.031706844 0.876220938 49.699546010
0.876546790 0.007537116 -0.481258127 -16.876311282 0.009324155 0.999424696 0.032634841 -0.422398971 0.481227409 -0.033093357 0.875971239 50.144738263
0.876663870 0.007386049 -0.481048124 -16.989729652 0.009423219 0.999427551 0.032518030 -0.425215381 0.481012934 -0.033040363 0.876090657 50.362116755
0.876305466 0.006750368 -0.481709176 -17.215182683 0.009717443 0.999451441 0.031683328 -0.431786288 0.481658263 -0.032445216 0.875758898 50.783484702
0.875508617 0.006599116 -0.483159175 -17.444639134 0.008878264 0.999518719 0.029739514 -0.440321344 0.483122284 -0.030326771 0.875027866 51.200394132
0.875184324 0.006095639 -0.483752439 -17.549910155 0.008487042 0.999573696 0.027949704 -0.445831421 0.483716193 -0.028566682 0.874758666 51.396919971
0.875053410 0.004939840 -0.484002352 -17.763794576 0.007487865 0.999690199 0.023740742 -0.457981744 0.483969701 -0.024398596 0.874744909 51.786259060
0.874998596 0.000914953 -0.484125298 -17.960121389 0.008475154 0.999816603 0.017207267 -0.473878881 0.484051706 -0.019159399 0.874829905 52.165117097
0.874957539 -0.001178997 -0.484199557 -18.061951091 0.008392785 0.999883812 0.012731154 -0.483914560 0.484128455 -0.015202991 0.874864962 52.350457534
0.874470873 -0.006296212 -0.485037332 -18.247388314 0.008896014 0.999956171 0.003058141 -0.504755225 0.484996699 -0.006989195 0.874487935 52.696549027
0.874165072 -0.010688987 -0.485512388 -18.434161438 0.008334495 0.999941588 -0.007008410 -0.526133949 0.485558606 0.002080001 0.874201483 53.041155002
0.874043735 -0.011701967 -0.485708398 -18.531306269 0.008081432 0.999922074 -0.009548076 -0.532607849 0.485781825 0.004420202 0.874069083 53.216837888
0.873504350 -0.010478811 -0.486704259 -18.714909984 0.006812867 0.999933856 -0.009301524 -0.536284177 0.486769549 0.004809045 0.873517887 53.550383106
0.873039025 -0.004681176 -0.487629304 -18.909475593 0.004740270 0.999988253 -0.001113014 -0.526674009 0.487628509 -0.001339818 0.873050701 53.901875374
0.872567566 -0.000892689 -0.488493126 -19.006800719 0.003809462 0.999980864 0.004977187 -0.518409237 0.488478684 -0.006203838 0.872554394 54.077640908
0.870925337 0.008515135 -0.491342461 -19.217674515 0.001361471 0.999804285 0.019740132 -0.497444832 0.491414408 -0.017861137 0.870743458 54.441139387
0.868878454 0.016987215 -0.494734963 -19.419067017 -0.000722977 0.999453729 0.033047302 -0.478476048 0.495026168 -0.028356438 0.868415128 54.785271629
0.868013967 0.019795761 -0.496146160 -19.518386881 -0.001022791 0.999274563 0.038080566 -0.471763299 0.496539040 -0.032547045 0.867404406 54.958804709
0.866585144 0.022373665 -0.498528345 -19.727092249 0.000305055 0.998970848 0.045363524 -0.463445592 0.499030201 -0.039463370 0.865686250 55.324456023
0.864904191 0.022668415 -0.501425535 -19.937723857 0.001999578 0.998816493 0.048603364 -0.462279404 0.501933816 -0.043039931 0.863834617 55.687843482
0.864382571 0.021037504 -0.502395496 -20.035571438 0.003377516 0.998859618 0.047637671 -0.466177590 0.502824878 -0.042874030 0.863324607 55.862799562
0.863134040 0.018066212 -0.504653545 -20.229822220 0.003827443 0.999097509 0.042313098 -0.479871603 0.504961984 -0.038453337 0.862284730 56.199294874
0.862344244 0.015413467 -0.506087834 -20.425344441 0.001894747 0.999431646 0.033667248 -0.499373201 0.506319026 -0.029991645 0.861824347 56.534275118
0.861937296 0.014123895 -0.506818895 -20.521061405 0.000411490 0.999592902 0.028556115 -0.510394863 0.507015332 -0.024822152 0.861579364 56.696548727
0.861881518 0.013035894 -0.506942252 -20.712558450 -0.002629518 0.999771592 0.021238257 -0.527278652 0.507102702 -0.016971822 0.861718937 57.021124876
0.862263910 0.012464400 -0.506307108 -20.898806321 -0.002953522 0.999804739 0.019583466 -0.534290896 0.506452005 -0.015390661 0.862130938 57.351686386
0.862759002 0.011774478 -0.505478863 -20.996669314 -0.002317589 0.999810963 0.019333520 -0.536929196 0.505610373 -0.015508630 0.862622123 57.526649530
0.864159968 0.009071785 -0.503137066 -21.187659896 -0.000540066 0.999854283 0.017100124 -0.545207146 0.503217838 -0.014505523 0.864037608 57.881747742
0.866045402 0.006783003 -0.499920164 -21.377973415 0.000587996 0.999893432 0.014585324 -0.553960999 0.499965245 -0.012925475 0.865949237 58.237584536
0.867278125 0.006661316 -0.497780654 -21.472477515 0.000468797 0.999899819 0.014197419 -0.556819008 0.497824455 -0.012546457 0.867187044 58.416252701
0.870071447 0.006313801 -0.492886421 -21.675693586 0.001070036 0.999891877 0.014697224 -0.560691490 0.492925734 -0.013315065 0.869970105 58.802631939
0.873190018 0.006671014 -0.487334751 -21.879620831 0.001139907 0.999875713 0.015729422 -0.563731821 0.487379276 -0.014290283 0.873073665 59.203140869
0.874747344 0.006742669 -0.484533234 -21.988314212 0.001006555 0.999876355 0.015731256 -0.566266157 0.484579062 -0.014248539 0.874631309 59.410843419
0.877546315 0.006345122 -0.479450532 -22.201676882 0.001446218 0.999873622 0.015879375 -0.571060529 0.479491292 -0.014628304 0.877425065 59.830697561
0.880576241 0.005305338 -0.473875719 -22.400218571 0.002672557 0.999866773 0.016160368 -0.575378311 0.473897360 -0.015496861 0.880442977 60.237129332
0.882121703 0.005474976 -0.470990396 -22.510957435 0.002504919 0.999864263 0.016314216 -0.577748545 0.471016343 -0.015570909 0.881987311 60.457475328
0.884901337 0.006025397 -0.465740635 -22.726361185 0.001821672 0.999864800 0.016396539 -0.582738782 0.465775500 -0.015357748 0.884769113 60.889970897
0.887325856 0.005827271 -0.461107764 -22.947188499 0.001913014 0.999865393 0.016317101 -0.588208849 0.461140655 -0.015360638 0.887194373 61.346266324
0.888305266 0.005778443 -0.459216665 -23.060632785 0.001810700 0.999869442 0.016084192 -0.591338950 0.459249373 -0.015119180 0.888178702 61.578509334
0.890985993 0.005104980 -0.454003095 -23.284157327 0.002039442 0.999881787 0.015245395 -0.598238826 0.454026995 -0.014509361 0.890870151 62.046698019
0.893082587 0.006493386 -0.449847461 -23.514426304 0.000059335 0.999894430 0.014550890 -0.604952979 0.449893311 -0.013021794 0.892987578 62.522341518
0.893930580 0.006972636 -0.448150885 -23.638660263 -0.000788962 0.999902385 0.013983360 -0.608875317 0.448204694 -0.012146597 0.893849034 62.772452631
0.895422876 0.006519185 -0.445169451 -23.874350481 -0.000805419 0.999915107 0.013022916 -0.616259284 0.445217200 -0.011302452 0.895351560 63.271894923
0.896688948 0.005665149 -0.442625108 -24.128993011 0.000675174 0.999900182 0.014165370 -0.620491932 0.442661086 -0.013000787 0.896594865 63.810064980
0.897229344 0.006240658 -0.441522034 -24.258700929 0.000827413 0.999874928 0.015814016 -0.620774470 0.441565233 -0.014554121 0.897111467 64.083999054
0.898109714 0.008707018 -0.439686745 -24.508665071 -0.000286192 0.999815538 0.019214397 -0.620915388 0.439773205 -0.017130834 0.897945689 64.612514532
0.898521963 0.012991968 -0.438737444 -24.773470499 -0.003030867 0.999722307 0.023396840 -0.619873044 0.438918498 -0.019692835 0.898311118 65.154461688
0.898809844 0.015381131 -0.438069314 -24.909259856 -0.004645606 0.999662548 0.025567614 -0.619295867 0.438314568 -0.020945345 0.898577899 65.436595605
0.899520261 0.017323781 -0.436535403 -25.172736340 -0.005155743 0.999565726 0.029043605 -0.619579016 0.436848498 -0.023874639 0.899217828 65.994884107
0.899699143 0.015267661 -0.436245148 -25.438854396 -0.002809601 0.999570084 0.029188400 -0.625841562 0.436502371 -0.025035140 0.899354884 66.565040353
0.899865402 0.013822066 -0.435949288 -25.576633216 -0.001342236 0.999581676 0.028921743 -0.629679871 0.436165734 -0.025440547 0.899506654 66.859792035
0.900167238 0.012255145 -0.435372593 -25.850155509 -0.000380483 0.999625989 0.027351314 -0.639124167 0.435544521 -0.024455129 0.899834864 67.451509239
0.900174375 0.012518582 -0.435350436 -26.144578998 -0.001264554 0.999657895 0.026130609 -0.648285328 0.435528054 -0.022971527 0.899882184 68.064848095
0.900359801 0.011591621 -0.434992273 -26.284410274 -0.000147074 0.999653339 0.026334072 -0.651389586 0.435146297 -0.023646169 0.900049166 68.372246418
0.900605185 0.010084663 -0.434522754 -26.581638980 0.002360929 0.999602929 0.028092601 -0.655584851 0.434633846 -0.026326192 0.900222833 69.012380673
0.900891463 0.009421596 -0.433943268 -26.871460743 0.004031826 0.999539913 0.030071759 -0.659251848 0.434026889 -0.028840961 0.900438719 69.645805368
0.901174754 0.009069672 -0.433362097 -27.020087809 0.004783995 0.999512485 0.030866620 -0.661526324 0.433430359 -0.029889401 0.900691934 69.973304642
0.901648942 0.009015306 -0.432376723 -27.330808674 0.005244877 0.999481592 0.031776883 -0.667513672 0.432438633 -0.030919365 0.901132980 70.643202669
0.901901766 0.007863718 -0.431869875 -27.639490767 0.006373193 0.999483912 0.031508544 -0.675548673 0.431894614 -0.031169980 0.901385109 71.315312964
0.901871450 0.007638796 -0.431938274 -27.795511077 0.006587115 0.999484275 0.031429365 -0.679471317 0.431954620 -0.031190398 0.901355740 71.649515517
0.901956247 0.006796859 -0.431774785 -28.100163468 0.007965738 0.999444092 0.032372898 -0.685258475 0.431754284 -0.032638363 0.901400856 72.311219643
0.902069366 0.006790928 -0.431538992 -28.421009908 0.008399133 0.999410685 0.033284318 -0.691454057 0.431510539 -0.033649305 0.901480507 72.999730298
0.902133599 0.006691775 -0.431406018 -28.578414784 0.008764496 0.999390119 0.033829756 -0.694368621 0.431369438 -0.034300031 0.901523053 73.347322280
0.902617047 0.005935955 -0.430404309 -28.905363319 0.010083410 0.999339656 0.034928756 -0.700448140 0.430326864 -0.035867194 0.901960417 74.058894885
0.902700677 0.005923388 -0.430229027 -29.228936709 0.010818702 0.999277016 0.036457609 -0.705643749 0.430133801 -0.037564829 0.901983559 74.759312422
0.903026572 0.006150702 -0.429541319 -29.392420212 0.011001024 0.999239209 0.037435796 -0.707928577 0.429443803 -0.038530894 0.902271511 75.115102958
0.903925751 0.006652577 -0.427638631 -29.724784377 0.011256128 0.999162656 0.039336133 -0.712704368 0.427542270 -0.040370492 0.903093380 75.835619147
0.904769260 0.007524192 -0.425836421 -30.045704420 0.010988026 0.999099181 0.040999267 -0.717747493 0.425761457 -0.041773973 0.903871273 76.553868818
0.904830911 0.006934783 -0.425714642 -30.215234869 0.011598847 0.999095072 0.040927613 -0.721992353 0.425613258 -0.041970361 0.903931378 76.917843385
0.905597524 0.006161662 -0.424093936 -30.538127144 0.012250993 0.999097961 0.040676178 -0.730427335 0.423961791 -0.042031876 0.904704663 77.633850285
0.906313721 0.004978864 -0.422576207 -30.854926604 0.012856238 0.999143227 0.039345312 -0.740651949 0.422410193 -0.041091873 0.905473219 78.341652127
0.906733181 0.004888735 -0.421677758 -31.015691336 0.012632501 0.999169587 0.038747556 -0.745700311 0.421516284 -0.040460543 0.905917579 78.700392168
0.907514414 0.004991019 -0.419991357 -31.335899945 0.012345824 0.999181212 0.038550626 -0.754029087 0.419839176 -0.040170367 0.906709327 79.419364665
0.907908049 0.004558415 -0.419145573 -31.656829652 0.013750861 0.999078932 0.040650985 -0.758282284 0.418944904 -0.042670964 0.907008545 80.137618766
0.908120794 0.004738345 -0.418681652 -31.814287353 0.014294946 0.999002873 0.042311832 -0.759310737 0.418464651 -0.044409269 0.907147344 80.500087601
0.908327867 0.006433479 -0.418210398 -32.146044283 0.014019458 0.998851801 0.045815155 -0.761286446 0.418025044 -0.047478242 0.907193881 81.236227019
0.909091452 0.005909179 -0.416555829 -32.465020701 0.016122978 0.998651385 0.049353484 -0.763031426 0.416284743 -0.051582914 0.907770085 81.971585213
0.909362073 0.004192840 -0.415985301 -32.621786294 0.018283320 0.998580912 0.050033066 -0.765765672 0.415604297 -0.053103706 0.907994444 82.334785734
0.909860936 0.005416624 -0.414877796 -32.943445521 0.018438571 0.998399798 0.053472288 -0.767686853 0.414502865 -0.056302067 0.908304332 83.067177938
0.910505655 0.007791381 -0.413424686 -33.259072113 0.018058656 0.998120068 0.058581876 -0.766478108 0.413102316 -0.060804972 0.908652344 83.791392671
0.910762136 0.009933405 -0.412812702 -33.418572256 0.017006856 0.997960921 0.061534767 -0.765158936 0.412581747 -0.063064143 0.908735002 84.151650920
0.911218094 0.010025459 -0.411803417 -33.732815244 0.018277283 0.997735362 0.064733082 -0.767311780 0.411519809 -0.066512496 0.908970558 84.877329304
0.912024283 0.008734094 -0.410044937 -34.041526156 0.018262333 0.997917046 0.061875062 -0.780287495 0.409730933 -0.063919907 0.909963862 85.594010725
0.912281195 0.008780327 -0.409471856 -34.202273887 0.017558539 0.998013103 0.060519890 -0.786725733 0.409189183 -0.062400792 0.910313054 85.952742972
0.912856825 0.009597890 -0.408166973 -34.510988836 0.015367581 0.998207465 0.057841549 -0.799371478 0.407990602 -0.059073581 0.911072602 86.669426243
0.913620175 0.009643239 -0.406454802 -34.819155995 0.015920326 0.998103689 0.059465531 -0.804357579 0.406257645 -0.060799824 0.911733927 87.401759994
0.913784097 0.011344356 -0.406041705 -34.982014893 0.014819675 0.998014064 0.061234470 -0.805262197 0.405930422 -0.061972551 0.911800789 87.773165797
0.914440580 0.014364568 -0.404466491 -35.303706640 0.012995641 0.997813321 0.064818428 -0.806957119 0.404512279 -0.064528863 0.912252986 88.520425547
0.915382724 0.016498781 -0.402246184 -35.616663617 0.012462799 0.997520259 0.069276226 -0.806925771 0.402391335 -0.068427396 0.912906833 89.262464957
0.915704178 0.017902857 -0.401455128 -35.772776245 0.011529896 0.997426112 0.070779331 -0.808166097 0.401688524 -0.069441626 0.913140157 89.626415105
0.916385530 0.019712314 -0.399813195 -36.076880187 0.009982204 0.997351475 0.072052652 -0.813644109 0.400173504 -0.070018996 0.913760424 90.348327324
0.916950462 0.019544206 -0.398522480 -36.384291405 0.009655744 0.997421117 0.071131790 -0.823122032 0.398884028 -0.069072313 0.914396380 91.066510860
0.917453736 0.019221086 -0.397378497 -36.532268898 0.009547016 0.997481735 0.070289748 -0.828489616 0.397728783 -0.068281337 0.914959711 91.424466593
0.918544691 0.017967686 -0.394909840 -36.824185237 0.009758028 0.997631839 0.068087322 -0.840140376 0.395197874 -0.066394769 0.916194058 92.144820430
0.919034746 0.017137728 -0.393805265 -37.126201603 0.009682391 0.997771993 0.066017435 -0.851655682 0.394058463 -0.064485226 0.916820022 92.868922545
0.919357128 0.017382282 -0.393039618 -37.272860320 0.009451578 0.997759671 0.066234263 -0.855085332 0.393310501 -0.064607843 0.917133301 93.228371647
0.920298641 0.017910268 -0.390806578 -37.567598038 0.009844872 0.997574967 0.068901173 -0.858016814 0.391093330 -0.067257111 0.917890637 93.960675653
0.921180575 0.017330325 -0.388750379 -37.856985794 0.011808166 0.997303633 0.072439876 -0.859316011 0.388956593 -0.071320590 0.918491702 94.698918815
0.921449881 0.016930049 -0.388129661 -38.006384671 0.012786279 0.997187221 0.073852460 -0.860665785 0.388287851 -0.073013983 0.918640976 95.070280855
0.921595323 0.015939789 -0.387825263 -38.312563559 0.014437722 0.997058144 0.075287947 -0.866003412 0.387884067 -0.074984273 0.918652944 95.819702663
0.922365122 0.014532016 -0.386046671 -38.601896027 0.016236080 0.996951330 0.076320674 -0.871822201 0.385977924 -0.076663388 0.919316719 96.557920482
0.922621961 0.013282839 -0.385477022 -38.746541904 0.017635389 0.996909373 0.076561133 -0.875179695 0.385301978 -0.077435025 0.919536182 96.919593740
0.922972778 0.010274358 -0.384728555 -39.032503753 0.021499489 0.996706425 0.078195254 -0.879744606 0.384264399 -0.080443515 0.919711571 97.646658566
0.923322385 0.009026052 -0.383919540 -39.318496547 0.024029354 0.996407269 0.081215995 -0.881779745 0.383272984 -0.084213833 0.919788130 98.373737577
0.923455643 0.008565111 -0.383611004 -39.462493738 0.025011918 0.996281167 0.082454876 -0.883293351 0.382890636 -0.085738251 0.919806869 98.736162425
0.924132343 0.008658586 -0.381974778 -39.753866691 0.025666478 0.996078283 0.084675309 -0.886924500 0.381209948 -0.088055098 0.920285477 99.472168760
0.924753803 0.008877458 -0.380462609 -40.041173614 0.026005807 0.995916937 0.086447780 -0.891277538 0.379676783 -0.089837102 0.920746658 100.197752272
0.925108737 0.009177140 -0.379592468 -40.172347498 0.025864729 0.995862785 0.087111518 -0.893626600 0.378821961 -0.090405617 0.921043820 100.544523641
0.925925545 0.010026537 -0.377574693 -40.448193312 0.025584907 0.995687423 0.089182153 -0.897203347 0.376840100 -0.092236111 0.921674214 101.252980212
0.926551510 0.008862665 -0.376064929 -40.715266560 0.027171678 0.995534980 0.090407635 -0.902143547 0.375186762 -0.093985267 0.922172940 101.956199116
0.927036387 0.007438703 -0.374898683 -40.846411333 0.028314322 0.995560714 0.089768433 -0.906872394 0.373901032 -0.093833573 0.922709607 102.302957140
0.928075230 0.005692720 -0.372350085 -41.101958033 0.029360174 0.995652556 0.088401662 -0.916385821 0.371234670 -0.092975703 0.923872397 102.989019105
0.928687981 0.003045675 -0.370850156 -41.351438705 0.031537282 0.995696264 0.087153146 -0.925499076 0.369519920 -0.092633595 0.924594563 103.666888291
0.928952100 0.001066050 -0.370199491 -41.478535428 0.033462371 0.995661402 0.086835345 -0.929479945 0.368684764 -0.093053619 0.924885371 104.003231736
0.929613729 -0.000980585 -0.368534922 -41.722020038 0.036267384 0.995386570 0.088834528 -0.932473544 0.366746949 -0.095947563 0.925359760 104.672940216
0.930120348 -0.002698799 -0.367246406 -41.968198832 0.038912157 0.995068504 0.091240146 -0.934713427 0.365189142 -0.099154291 0.925638211 105.339687920
0.930359586 -0.003659675 -0.366631334 -42.089923103 0.040195004 0.994941679 0.092066838 -0.936468343 0.364439386 -0.100391831 0.925799849 105.667107574
0.931007075 -0.004264684 -0.364978694 -42.319193739 0.041369155 0.994722209 0.093903593 -0.939371932 0.362651449 -0.102523210 0.926268390 106.292917711
0.931443230 -0.004697433 -0.363857147 -42.544385624 0.042020069 0.994616507 0.094727383 -0.944037317 0.361452996 -0.103522051 0.926625732 106.908299195
0.931892918 -0.005275369 -0.362695974 -42.649896152 0.042502335 0.994595434 0.094737041 -0.946993664 0.360236465 -0.103700135 0.927079805 107.208903294
0.932255348 -0.006402812 -0.361745885 -42.869640376 0.043554736 0.994558240 0.094641515 -0.953149042 0.359171370 -0.103985482 0.927461171 107.800473873
0.932785662 -0.007965818 -0.360344270 -43.073209616 0.044863689 0.994547126 0.094148276 -0.959769637 0.357629093 -0.103986399 0.928056428 108.380099301
0.933175777 -0.008513780 -0.359321147 -43.174669159 0.045410408 0.994501628 0.094369713 -0.962217985 0.356541696 -0.104380219 0.928430638 108.670287474
0.933948014 -0.008634623 -0.357305561 -43.374211021 0.045602184 0.994416597 0.095166537 -0.966400754 0.354488342 -0.105174726 0.929126638 109.239507799
0.934346756 -0.007717060 -0.356283507 -43.581819520 0.044539803 0.994455167 0.095264902 -0.972055761 0.353571911 -0.104879311 0.929509234 109.814691139
0.934493120 -0.007008809 -0.355911760 -43.679888628 0.043741140 0.994491220 0.095263651 -0.974870085 0.353283218 -0.104591451 0.929651546 110.093717235
0.935091648 -0.006614478 -0.354347055 -43.885486610 0.043218935 0.994492112 0.095487589 -0.980262953 0.351763386 -0.104603694 0.930226066 110.671125797
0.935462129 -0.006252453 -0.353372819 -44.079562218 0.042371946 0.994617026 0.094569821 -0.987455578 0.350879461 -0.103439878 0.930689893 111.216526694
0.935613451 -0.007171069 -0.352955144 -44.173545970 0.042796587 0.994724615 0.093235159 -0.992571649 0.350424450 -0.102336869 0.930984076 111.485121109
0.936293599 -0.007077975 -0.351148936 -44.352087101 0.041964476 0.994889727 0.091839524 -1.000309819 0.348704252 -0.100724309 0.931804756 112.002968878
0.936746770 -0.006845692 -0.349942661 -44.533307493 0.040964901 0.995081915 0.090190979 -1.008514163 0.347603292 -0.098821347 0.932419970 112.517849030
0.937056100 -0.007944414 -0.349090024 -44.622561974 0.041501869 0.995188950 0.088754517 -1.013698129 0.346705112 -0.097655759 0.932876672 112.776765541
0.937542489 -0.009260201 -0.347750137 -44.803104203 0.042013092 0.995343328 0.086763169 -1.022468368 0.345327035 -0.095954067 0.933564344 113.292383771
0.938118794 -0.008136460 -0.346219520 -44.975596813 0.040951527 0.995316182 0.087571401 -1.025942993 0.343885585 -0.096330494 0.934057262 113.787194148
0.938306734 -0.008632663 -0.345698615 -45.056104552 0.041482406 0.995279994 0.087739291 -1.027947101 0.343309150 -0.096666681 0.934234920 114.026032193
0.938734532 -0.009159724 -0.344519263 -45.227897348 0.041728010 0.995313315 0.087236567 -1.033757462 0.342105640 -0.096268011 0.934717154 114.521570723
0.939416493 -0.008955265 -0.342660968 -45.391616780 0.041292938 0.995335654 0.087193444 -1.038645536 0.340281801 -0.096060424 0.935403681 115.011143154
0.939579538 -0.009912064 -0.342187906 -45.477514218 0.042173444 0.995318425 0.086968718 -1.041465724 0.339723297 -0.096145326 0.935598476 115.258912896
0.939967337 -0.012725955 -0.341027556 -45.633130685 0.044660730 0.995298340 0.085956519 -1.047851293 0.338329249 -0.096026827 0.936115542 115.742505659
0.940834221 -0.011909853 -0.338658815 -45.786738731 0.043753534 0.995286557 0.086550433 -1.051371237 0.336031624 -0.096247141 0.936920528 116.213471965
0.941406197 -0.011316691 -0.337086716 -45.856460345 0.043193169 0.995253153 0.087215694 -1.052293136 0.334499620 -0.096665191 0.937425234 116.434443533
0.942284118 -0.007886525 -0.334722159 -46.008682249 0.039757710 0.995285162 0.088472540 -1.054517648 0.332445956 -0.096673995 0.938154838 116.877167051
0.943151522 -0.004444833 -0.332332923 -46.158886543 0.036243380 0.995323288 0.089545671 -1.057059969 0.330380660 -0.096499953 0.938902222 117.322112538
0.943652028 -0.003571782 -0.330921381 -46.223218213 0.035529325 0.995256035 0.090572988 -1.057185786 0.329027528 -0.097226691 0.939302103 117.534152297
0.944343714 -0.002212681 -0.328952651 -46.359317241 0.034959957 0.994989935 0.093668979 -1.055615900 0.327097139 -0.099955426 0.939689350 117.964954550
0.944921148 -0.003282914 -0.327282949 -46.494032299 0.036317341 0.994826691 0.094875922 -1.057437600 0.325278550 -0.101535826 0.940151283 118.397220286
0.945215219 -0.006443250 -0.326385032 -46.556981466 0.039258424 0.994793036 0.094054617 -1.060835013 0.324080206 -0.101714942 0.940546084 118.610724200
0.946186406 -0.005852006 -0.323569547 -46.680818309 0.037950672 0.994945108 0.092980909 -1.066670325 0.321389495 -0.100257253 0.941624802 119.010228607
0.947156508 -0.000202308 -0.320773187 -46.811497091 0.033307394 0.994656916 0.097720868 -1.061917132 0.319039079 -0.103240712 0.942102215 119.402379884
0.947444665 0.000708641 -0.319921582 -46.874477342 0.032887432 0.994484265 0.099598935 -1.060341273 0.318227358 -0.104885479 0.942195024 119.601045409
0.947996240 0.001695228 -0.318276088 -46.986785085 0.030816575 0.994799319 0.097086244 -1.068526292 0.316785491 -0.101845932 0.943013543 119.968539067
0.948577612 0.000081115 -0.316546236 -47.095597322 0.029831034 0.995527345 0.089647935 -1.085666513 0.315138032 -0.094480862 0.944331670 120.324822484
0.948924521 -0.002293952 -0.315496197 -47.146332008 0.031259353 0.995737575 0.086779247 -1.092569475 0.313952730 -0.092209134 0.944950676 120.507050419
0.949472455 -0.007051455 -0.313772644 -47.254600492 0.035026256 0.995883108 0.083608422 -1.101720082 0.311891360 -0.090374177 0.945810036 120.878986165
0.949832954 -0.012167231 -0.312522179 -47.350130924 0.040259763 0.995686538 0.083595088 -1.104736771 0.310157614 -0.091983355 0.946225204 121.235307514
0.950127535 -0.016272840 -0.311439236 -47.395451203 0.043259676 0.995860999 0.079940828 -1.112843471 0.308849214 -0.089426618 0.946898306 121.408592426
