1.000000000 -0.000000000 0.000000000 0.000000000 0.000000000 1.000000000 0.000000000 -0.000000000 -0.000000000 -0.000000000 1.000000000 0.000000000
0.999997540 -0.001682559 0.001344293 0.009288875 0.001683820 0.999997425 -0.000963795 -0.009804176 -0.001343467 0.000965986 0.999998236 0.167538566
0.999984439 -0.004302248 0.003476236 0.023645200 0.004314352 0.999983740 -0.003504790 -0.030863270 -0.003460779 0.003519569 0.999987948 0.511686796
0.999941623 -0.009407412 0.005326394 0.038406889 0.009412336 0.999955215 -0.000897037 -0.043902375 -0.005317416 0.000947064 0.999985124 0.879567653
0.999939755 -0.008950688 0.006417955 0.045427323 0.008924639 0.999951345 0.004060228 -0.043785314 -0.006453438 -0.004002784 0.999970770 1.057734482
0.999943202 -0.003536850 0.010090575 0.052930096 0.003356819 0.999835938 0.017796001 -0.037497459 -0.010151603 -0.017761261 0.999790921 1.433652005
0.999896380 -0.000927692 0.014370066 0.066246287 0.000566216 0.999683177 0.025135598 -0.042624024 -0.014388253 -0.025124955 0.999580134 1.812571979
0.999875229 -0.000124695 0.015783944 0.069794105 -0.000289140 0.999656146 0.026213280 -0.049681421 -0.015780915 -0.026214659 0.999531596 2.000043221
0.999853456 0.001216628 0.017045705 0.083806695 -0.001709588 0.999579216 0.028932458 -0.063158181 -0.017002881 -0.028957468 0.999435528 2.379070989
0.999813920 -0.001219447 0.019264902 0.102455351 0.000555929 0.999406870 0.034408375 -0.072846223 -0.019295077 -0.034391364 0.999221493 2.784163417
0.999771658 -0.001218684 0.021307631 0.108034891 0.000412786 0.999284932 0.037787195 -0.076879711 -0.021338118 -0.037769825 0.999057909 2.996142222
0.999686085 0.000009606 0.025056215 0.127607928 -0.001136453 0.998987724 0.044956196 -0.083493263 -0.025030631 -0.044970671 0.998674204 3.401888428
0.999612714 0.001596139 0.027772207 0.146505998 -0.003099349 0.998526418 0.054165540 -0.086829449 -0.027644892 -0.054230370 0.998145190 3.818959087
0.999572838 0.001425046 0.029197454 0.159041551 -0.003149068 0.998247431 0.059086983 -0.088267526 -0.029062421 -0.059153805 0.997825441 4.035116718
0.999459559 0.000433085 0.032868738 0.187066478 -0.002725865 0.997560947 0.069739367 -0.091306517 -0.032758072 -0.069790921 0.997023072 4.503968775
0.999362560 -0.000909794 0.035696841 0.211722815 -0.001931421 0.996834831 0.079475451 -0.096306955 -0.035656875 -0.079494091 0.996197173 4.982374374
0.999317528 -0.002567235 0.036841685 0.224397688 -0.000464815 0.996626323 0.082062119 -0.103057171 -0.036927596 -0.082023965 0.995945282 5.221627491
0.999186338 -0.002010357 0.040267701 0.254610257 -0.001297090 0.996635743 0.081943529 -0.126213361 -0.040297325 -0.081929788 0.995822831 5.691038697
0.998991313 -0.000290181 0.044898276 0.288031410 -0.002964295 0.997370596 0.072401665 -0.167720137 -0.044800942 -0.072462212 0.996363775 6.173275003
0.998894259 0.000507520 0.047017074 0.307274889 -0.003620933 0.997802022 0.066158008 -0.191288917 -0.046879601 -0.066254818 0.996700681 6.415779156
0.998784633 0.003899941 0.049136510 0.335640822 -0.006540593 0.998535208 0.053695232 -0.238928401 -0.048854666 -0.053951453 0.997347357 6.918030639
0.998617314 0.007885225 0.051976163 0.368620503 -0.010140856 0.999011313 0.043277700 -0.283897667 -0.051583163 -0.043745034 0.997709927 7.446293328
0.998496909 0.007993937 0.054220252 0.390887551 -0.010155475 0.999159118 0.039708123 -0.304133970 -0.053856584 -0.040199243 0.997738842 7.725501315
0.998152637 0.010604668 0.059821528 0.437486848 -0.012761415 0.999277935 0.035786630 -0.339904917 -0.059398322 -0.036483997 0.997567462 8.308505032
0.997827609 0.012242040 0.064735279 0.486881823 -0.014303189 0.999402232 0.031472683 -0.377616688 -0.064311401 -0.032330306 0.997405125 8.916285896
0.997673347 0.011549478 0.067194165 0.516303391 -0.013511048 0.999493313 0.028810704 -0.397603694 -0.066827383 -0.029651632 0.997323744 9.222909942
0.997229217 0.012603189 0.073315483 0.574417756 -0.014401988 0.999606751 0.024058637 -0.436996728 -0.072983166 -0.025047956 0.997018248 9.847353626
0.996675868 0.014348670 0.080191228 0.634527263 -0.016299541 0.999585461 0.023725835 -0.469052005 -0.079817213 -0.024954148 0.996497239 10.484836355
0.996417463 0.015892366 0.083059330 0.669228665 -0.017943976 0.999550735 0.024012299 -0.483944173 -0.082640041 -0.025416867 0.996255505 10.794744977
0.995840117 0.018393013 0.089246523 0.735624203 -0.020927525 0.999401023 0.027546748 -0.509877007 -0.088686163 -0.029299922 0.995628564 11.447742917
0.995399124 0.017374118 0.094225698 0.813454276 -0.020685988 0.999197503 0.034285544 -0.531173739 -0.093554291 -0.036077094 0.994960033 12.119226129
0.995234629 0.016042153 0.096181379 0.851177254 -0.019716274 0.999106719 0.037371639 -0.542833296 -0.095495548 -0.039089980 0.994661670 12.465833813
0.994797871 0.014210882 0.100868133 0.935844876 -0.018261962 0.999057849 0.039353001 -0.573618049 -0.100214181 -0.040990440 0.994120867 13.152593064
0.994342699 0.014324469 0.105248896 1.024958847 -0.018510923 0.999070691 0.038907948 -0.610121338 -0.104593173 -0.040636102 0.993684119 13.864962624
0.994112494 0.015244149 0.107274164 1.066256007 -0.019558628 0.999036835 0.039282821 -0.627957431 -0.106571531 -0.041149795 0.993452978 14.236651880
0.993733725 0.016675590 0.110518962 1.154669305 -0.021236969 0.998965029 0.040224206 -0.662471629 -0.109734292 -0.042319315 0.993059288 14.960284326
0.993167344 0.014335060 0.115817642 1.265751594 -0.019310815 0.998932266 0.041954165 -0.697740180 -0.115092164 -0.043904151 0.992383805 15.720408150
0.992973804 0.013739991 0.117535509 1.314226192 -0.019017963 0.998854889 0.043902109 -0.714178515 -0.116797590 -0.045829043 0.992097327 16.119568350
0.992400985 0.016179262 0.121977325 1.420347610 -0.022223810 0.998582431 0.048357557 -0.744704722 -0.121021655 -0.050700969 0.991353400 16.888552392
0.991797385 0.014832884 0.126956686 1.530501046 -0.020723660 0.998762080 0.045205045 -0.789418853 -0.126129006 -0.047465356 0.990876999 17.659392640
0.991459282 0.009933213 0.130033674 1.595545682 -0.015373964 0.999044731 0.040904761 -0.815873015 -0.129502851 -0.042554638 0.990665593 18.021512464
0.990744687 0.009140598 0.135428822 1.718919299 -0.013468909 0.999425622 0.031077675 -0.871625677 -0.135066876 -0.032614260 0.990299369 18.764910740
0.989958986 0.011181862 0.140910963 1.838398735 -0.014630488 0.999617536 0.023461651 -0.924723844 -0.140594153 -0.025287781 0.989743757 19.540925657
0.989495756 0.010663979 0.144162710 1.900526579 -0.014352224 0.999594914 0.024568056 -0.942792582 -0.143842686 -0.026379172 0.989248714 19.936442851
0.988613358 0.008478299 0.150240211 2.035929195 -0.013790129 0.999314695 0.034349301 -0.964119074 -0.149846087 -0.036030060 0.988052872 20.699750064
0.988022824 0.004112357 0.154253137 2.176473652 -0.010429804 0.999137772 0.040167845 -0.993412848 -0.153953937 -0.041295700 0.987214133 21.477392292
0.987696617 0.000909620 0.156382209 2.253995090 -0.007391362 0.999136509 0.040871214 -1.012395727 -0.156210253 -0.041524356 0.986850438 21.870314407
0.986946049 0.000079644 0.161051792 2.401347004 -0.006789086 0.999130841 0.041110001 -1.052685500 -0.160908383 -0.041666820 0.986089341 22.663160608
0.986000532 0.000642691 0.166738979 2.553130609 -0.007684886 0.999104433 0.041592899 -1.093281436 -0.166562861 -0.042292229 0.985123655 23.470201098
0.985607030 0.000469672 0.169051406 2.630750205 -0.007668223 0.999090733 0.041931915 -1.113492298 -0.168878355 -0.042624764 0.984714108 23.874739204
0.984686416 0.000290172 0.174334713 2.789321518 -0.007811963 0.999067426 0.042460871 -1.153780127 -0.174159246 -0.043172620 0.983770467 24.674174536
0.983773758 -0.001730705 0.179405097 2.960790710 -0.005346923 0.999226454 0.038959565 -1.202596982 -0.179333241 -0.039286741 0.983003106 25.492479680
0.983328176 -0.002854556 0.181818527 3.047778156 -0.003772037 0.999341455 0.036090056 -1.229094691 -0.181800635 -0.036174200 0.982669415 25.902292679
0.982285698 -0.002440497 0.187371251 3.224396850 -0.003605144 0.999483507 0.031917636 -1.279347953 -0.187353059 -0.032027881 0.981770112 26.723570272
0.981252796 -0.003402445 0.192694942 3.407365655 -0.002479143 0.999537738 0.030273448 -1.326414466 -0.192708627 -0.030183786 0.980791527 27.571897455
0.980768480 -0.004187161 0.195127567 3.505793416 -0.001844262 0.999525834 0.030717801 -1.347986461 -0.195163060 -0.030487044 0.980296255 28.000209568
0.979911840 -0.004641074 0.199375107 3.702820631 -0.002039685 0.999443019 0.033289597 -1.388673375 -0.199418538 -0.033027595 0.979357524 28.868625894
0.979104191 -0.007029760 0.203235943 3.909279865 0.000033271 0.999407838 0.034408412 -1.432431447 -0.203358057 -0.033682654 0.978524484 29.742470789
0.978693791 -0.007226034 0.205198543 4.009629144 0.000219211 0.999416130 0.034148538 -1.456502130 -0.205325808 -0.033376101 0.978124579 30.195026540
0.977708935 -0.007984362 0.209811164 4.219339191 0.001106803 0.999458395 0.032876389 -1.504200844 -0.209960960 -0.031911418 0.977188508 31.059035834
0.976690529 -0.010724763 0.214383449 4.436236839 0.003633760 0.999433683 0.033442817 -1.549992484 -0.214620497 -0.031884361 0.976176720 31.950540411
0.976148842 -0.010951173 0.216826680 4.539966664 0.003576039 0.999401984 0.034376992 -1.571502524 -0.217073272 -0.032781810 0.975604402 32.393571256
0.975015009 -0.010481667 0.221889892 4.754938012 0.002654213 0.999363972 0.035545115 -1.615035154 -0.222121082 -0.034068231 0.974423446 33.260820740
0.973790067 -0.011557384 0.227155072 4.981144213 0.003849047 0.999402122 0.034347868 -1.663938268 -0.227416392 -0.032573476 0.973252579 34.146077285
0.973100705 -0.011532395 0.230092490 5.100233156 0.003822423 0.999416662 0.033925809 -1.688090132 -0.230349264 -0.032133851 0.972576974 34.586430486
0.971433008 -0.011659963 0.237026116 5.339448726 0.003496422 0.999386922 0.034832526 -1.733788372 -0.237286799 -0.033008801 0.970878103 35.479442928
0.970109183 -0.012439663 0.242350513 5.590134414 0.003617338 0.999315634 0.036814318 -1.779214289 -0.242641791 -0.034837351 0.969490039 36.402406775
0.969385535 -0.012050163 0.245247882 5.716288289 0.002825512 0.999275964 0.037930736 -1.801459448 -0.245527258 -0.036076605 0.968717619 36.858580566
0.967901789 -0.011624324 0.251059412 5.972878158 0.001788289 0.999222866 0.039370297 -1.847604492 -0.251321934 -0.037657701 0.967170269 37.773383314
0.966553995 -0.011615954 0.256200742 6.230168701 0.001555816 0.999220533 0.039434614 -1.895738628 -0.256458933 -0.037717148 0.965819016 38.676923177
0.965756827 -0.010658140 0.259229549 6.360573805 0.000585161 0.999242260 0.038903112 -1.921186437 -0.259447401 -0.037419316 0.965031860 39.135478159
0.964063813 -0.008484847 0.265534409 6.625714160 -0.001775301 0.999261304 0.038375666 -1.971330007 -0.265664485 -0.037468105 0.963336645 40.055158310
0.962053444 -0.007869393 0.272748353 6.904552201 -0.002661186 0.999265243 0.038217580 -2.020876965 -0.272848990 -0.037493228 0.961325414 40.971301882
0.960992212 -0.007111326 0.276482838 7.051997874 -0.003602547 0.999262355 0.038223184 -2.045054989 -0.276550730 -0.037728388 0.960258508 41.416705178
0.959026852 -0.005236935 0.283266992 7.335041598 -0.005837865 0.999251465 0.038238109 -2.093940148 -0.283255082 -0.038325084 0.958278408 42.323739948
0.956901004 -0.005988244 0.290352049 7.636902817 -0.005025395 0.999295616 0.037171326 -2.145153106 -0.290370730 -0.037028511 0.956196995 43.230139477
0.955662524 -0.006660647 0.294387659 7.791316968 -0.004142289 0.999340634 0.036057377 -2.172257946 -0.294434471 -0.035678255 0.955005495 43.691132370
0.953414577 -0.005561448 0.301611306 8.097376208 -0.004253064 0.999482699 0.031873621 -2.229339979 -0.301633083 -0.031671633 0.952897685 44.599785662
0.950677476 -0.004616521 0.310146281 8.411987616 -0.004548944 0.999573484 0.028822144 -2.284189263 -0.310146679 -0.028811448 0.950251463 45.501939473
0.949126423 -0.004722283 0.314859603 8.573958503 -0.004399023 0.999590444 0.028252356 -2.309549679 -0.314863659 -0.028200228 0.948717633 45.944228022
0.946138246 -0.005161780 0.323720336 8.902257125 -0.004261669 0.999587305 0.028393996 -2.358180256 -0.323733015 -0.028244385 0.945726994 46.831439258
0.943203087 -0.006405395 0.332154083 9.236736356 -0.003593682 0.999558109 0.029480568 -2.405971309 -0.332195893 -0.028999937 0.942764490 47.733913235
0.941463190 -0.006438176 0.337053550 9.408113444 -0.003848028 0.999546428 0.029841018 -2.429549759 -0.337092894 -0.029391359 0.941012693 48.170187608
0.938482173 -0.004781336 0.345293683 9.750953222 -0.005891539 0.999536897 0.029853472 -2.478563800 -0.345275576 -0.030051377 0.938019565 49.054322278
0.935610636 -0.002166866 0.353027203 10.102188533 -0.007749833 0.999613334 0.026674431 -2.533194567 -0.352948702 -0.027692857 0.935232209 49.931582340
0.934311404 -0.000564518 0.356457147 10.277041047 -0.008813637 0.999656436 0.024684428 -2.561751528 -0.356349092 -0.026204700 0.933985242 50.381320863
0.931604176 -0.000554365 0.363473153 10.638681582 -0.008439024 0.999695516 0.023154239 -2.613932243 -0.363375272 -0.024638049 0.931316320 51.264780203
0.928529168 -0.004516894 0.371232666 11.022774155 -0.005417342 0.999654011 0.025712930 -2.659298568 -0.371220444 -0.025886502 0.928183823 52.150068603
0.927366049 -0.006472082 0.374099451 11.209724900 -0.004157131 0.999610192 0.027598773 -2.680914644 -0.374132194 -0.027149474 0.926977973 52.595560042
0.924981058 -0.010991543 0.379854714 11.601592246 -0.000675835 0.999532130 0.030568270 -2.725903972 -0.380012395 -0.028531866 0.924540797 53.485428101
0.923232021 -0.014548361 0.383966110 11.984791727 0.002335741 0.999476593 0.032253658 -2.772776888 -0.384234233 -0.028880856 0.922783536 54.370137652
0.921672979 -0.016688226 0.387609718 12.185372402 0.004370180 0.999457729 0.032639274 -2.797191801 -0.387943474 -0.028388816 0.921245348 54.811930245
0.919146929 -0.020297408 0.393391292 12.592368384 0.008831986 0.999481955 0.030933499 -2.850226080 -0.393815458 -0.024958160 0.918849909 55.687187769
0.916446346 -0.019630688 0.399675839 13.002718916 0.009801856 0.999597078 0.026621342 -2.908149360 -0.400037726 -0.020479596 0.916269481 56.564239045
0.914994466 -0.020669630 0.402937220 13.213478517 0.011375135 0.999610870 0.025446576 -2.935307629 -0.403306177 -0.018700046 0.914874026 57.000308047
0.912226396 -0.023964943 0.408983979 13.637648497 0.015106357 0.999576228 0.024877040 -2.986532476 -0.409406983 -0.016515349 0.912201925 57.874114350
0.909442209 -0.025592712 0.415042225 14.060066262 0.015962904 0.999517125 0.026655176 -3.032921399 -0.415523483 -0.017616169 0.909411244 58.735463387
0.908118404 -0.025750244 0.417920288 14.263974474 0.016019229 0.999512501 0.026776179 -3.057432107 -0.418405951 -0.017621253 0.908089185 59.167604123
0.905456542 -0.024375779 0.423739771 14.680213423 0.013948031 0.999518777 0.027693066 -3.104570675 -0.424210457 -0.019164625 0.905360428 60.013694715
0.903414449 -0.023704600 0.428112489 15.093063545 0.011881104 0.999471020 0.030268925 -3.148537939 -0.428603105 -0.022258994 0.903217910 60.857909466
0.902639296 -0.023484607 0.429756439 15.303021127 0.011351845 0.999461192 0.030774092 -3.172638917 -0.430248143 -0.022899519 0.902420605 61.293617727
0.900752692 -0.017845708 0.433964890 15.727751375 0.006284302 0.999586282 0.028061635 -3.226742034 -0.434286423 -0.022549542 0.900492097 62.144443975
0.898303407 -0.010051310 0.439260301 16.158410426 0.000257269 0.999749808 0.022350587 -3.286477323 -0.439375486 -0.019964727 0.898082041 62.998549007
0.897326059 -0.006996961 0.441311442 16.375937009 -0.002352049 0.999784356 0.020633893 -3.314366091 -0.441360493 -0.019553418 0.897116539 63.426963215
0.894902493 -0.003742758 0.446245342 16.812900513 -0.006976666 0.999724493 0.022376037 -3.360908785 -0.446206345 -0.023137794 0.894630740 64.285246663
0.892942907 -0.003803747 0.450153298 17.256035548 -0.009810097 0.999562232 0.027905804 -3.400919954 -0.450061869 -0.029334433 0.892515583 65.147390195
0.891733759 -0.003763321 0.452544318 17.483073356 -0.011026482 0.999487905 0.030039211 -3.421763811 -0.452426313 -0.031777076 0.891235335 65.570041744
0.889736484 -0.002649973 0.456466457 17.932032062 -0.013831344 0.999367460 0.032761514 -3.466528699 -0.456264652 -0.035462770 0.889137467 66.423831365
0.887640986 -0.000630536 0.460534351 18.385100993 -0.016416416 0.999319884 0.033009464 -3.515415374 -0.460242089 -0.036861002 0.887027827 67.268283575
0.886632340 0.000422059 0.462475091 18.612906144 -0.017433197 0.999319143 0.032510075 -3.541054192 -0.462146264 -0.036886911 0.886035594 67.691212823
0.884671565 0.002379379 0.466207361 19.068523820 -0.019399601 0.999308261 0.031712297 -3.591962324 -0.465809935 -0.037099355 0.884106500 68.537088976
0.882737066 0.001408065 0.469865586 19.536324932 -0.019726290 0.999224410 0.034065137 -3.637806685 -0.469453561 -0.039339311 0.882080485 69.390303013
0.881885614 -0.002231638 0.471459511 19.772026618 -0.017470997 0.999146969 0.037409428 -3.656966685 -0.471140431 -0.041227779 0.881093990 69.818103525
0.879265548 -0.012233352 0.476174107 20.257263188 -0.012192344 0.998764726 0.048172520 -3.687899178 -0.476174930 -0.048162166 0.878029728 70.670492505
0.877555278 -0.020873064 0.479020955 20.744138163 -0.008725007 0.998191154 0.059479738 -3.717077170 -0.479395702 -0.056376140 0.875785212 71.512304355
0.876644480 -0.025498309 0.480462340 20.987613824 -0.005574815 0.997988798 0.063135784 -3.735900120 -0.481106030 -0.058025984 0.874740100 71.944682616
0.875140599 -0.030663756 0.482895619 21.476747895 0.000476459 0.998043419 0.062512352 -3.787761501 -0.483867572 -0.054476739 0.873443244 72.798605654
0.873231928 -0.030515158 0.486348140 21.962073936 0.004178150 0.998469337 0.055145496 -3.851312028 -0.487286910 -0.046123006 0.872022552 73.638267996
0.872205075 -0.030682045 0.488175853 22.203451025 0.006223539 0.998645495 0.051645912 -3.882655787 -0.489099446 -0.042007779 0.871215403 74.057359515
0.869947893 -0.031986149 0.492104035 22.700260913 0.007457045 0.998633138 0.051727567 -3.932952134 -0.493086313 -0.041330398 0.868997989 74.904244312
0.866800907 -0.039350729 0.497098904 23.213504649 0.011316816 0.998176748 0.059283165 -3.969134524 -0.498525537 -0.045761010 0.865665882 75.738084394
0.865672605 -0.043007665 0.498760367 23.471436461 0.013000361 0.997897646 0.063483504 -3.986453837 -0.500442032 -0.048472212 0.864412292 76.155801597
0.862680791 -0.050102297 0.503260442 23.993966938 0.019656084 0.997650249 0.065628068 -4.032987626 -0.505366720 -0.046723681 0.861638656 76.994722327
0.859721263 -0.050898429 0.508219761 24.516093356 0.023687440 0.997924631 0.059872629 -4.093622882 -0.510212794 -0.039435193 0.859143320 77.821294475
0.858245525 -0.049844803 0.510813579 24.774580474 0.024779256 0.998135878 0.055763678 -4.126362912 -0.512640104 -0.035201875 0.857881157 78.238781573
0.854526507 -0.049807551 0.517014029 25.324165658 0.030155719 0.998469657 0.046347813 -4.194921984 -0.518531129 -0.024014574 0.854721488 79.081194214
0.851345614 -0.049713770 0.522243872 25.877098905 0.035544147 0.998678418 0.037123843 -4.262548230 -0.523399084 -0.013042588 0.851987256 79.914004156
0.849577668 -0.050401335 0.525048728 26.151012499 0.038603481 0.998695778 0.033404342 -4.294554609 -0.526047705 -0.008110986 0.850416381 80.328974924
0.845375164 -0.054943684 0.531339764 26.705826480 0.045112527 0.998485788 0.031474172 -4.348282633 -0.532264203 -0.002637446 0.846573976 81.151788082
0.840721736 -0.060898922 0.538032750 27.265074123 0.049214450 0.998135893 0.036075390 -4.389924171 -0.539226840 -0.003850498 0.842152023 81.966038421
0.839075823 -0.064544517 0.540170928 27.538368043 0.051638228 0.997903044 0.039025937 -4.409735509 -0.541557535 -0.004852296 0.840649494 82.381085139
0.833943698 -0.071598289 0.547184288 28.112281705 0.056904994 0.997418963 0.043784155 -4.451650289 -0.548906644 -0.005376040 0.835865591 83.203938856
0.830459245 -0.074563277 0.552066268 28.683556545 0.058151756 0.997190987 0.047205930 -4.496057561 -0.554034975 -0.007099246 0.832463109 84.025152909
0.827928531 -0.075902730 0.555673078 28.967905145 0.058480044 0.997081561 0.049065000 -4.517974499 -0.557775396 -0.008126516 0.829951669 84.435013363
0.822955185 -0.078157158 0.562704110 29.545930627 0.059428382 0.996900151 0.051550913 -4.563931173 -0.564988619 -0.008983608 0.825048611 85.248533488
0.818114947 -0.076396115 0.569957564 30.137525854 0.057544954 0.997037079 0.051040483 -4.615702641 -0.572167797 -0.008959279 0.820086883 86.058210634
0.815823819 -0.075221361 0.573387657 30.431120830 0.057165318 0.997137267 0.049475799 -4.643846876 -0.575468173 -0.007586137 0.817789062 86.461674151
0.810806423 -0.072204271 0.580843615 31.032912520 0.054470564 0.997363711 0.047945124 -4.697482878 -0.582773698 -0.007235523 0.812601992 87.265669705
0.805209743 -0.071534973 0.588658702 31.660698237 0.052125535 0.997392449 0.049904512 -4.745947472 -0.590693403 -0.009499222 0.806839755 88.085117874
0.802457641 -0.072008513 0.592348135 31.976718150 0.051403327 0.997343653 0.051605472 -4.768635496 -0.594490350 -0.010962418 0.804027698 88.490345544
0.797629097 -0.072420521 0.598785396 32.607776003 0.051755483 0.997320923 0.051679782 -4.819972164 -0.600924153 -0.010230957 0.799240061 89.300009178
0.792461898 -0.068272070 0.606087776 33.242845834 0.050227989 0.997644937 0.046704777 -4.880354021 -0.607848576 -0.006569479 0.794025359 90.100100113
0.789140079 -0.066405388 0.610613801 33.565392083 0.049630219 0.997781139 0.044370016 -4.909684988 -0.612205357 -0.004709269 0.790684217 90.485715759
0.782817654 -0.064744584 0.618874089 34.211432277 0.049327007 0.997898763 0.042002876 -4.964104000 -0.620293155 -0.002353412 0.784366033 91.257656668
0.776269743 -0.065119998 0.627028173 34.864467544 0.049542206 0.997875477 0.042300293 -5.013970224 -0.628450590 -0.001772236 0.777847215 92.033869948
0.772756396 -0.065744017 0.631288832 35.197352346 0.049941552 0.997835489 0.042783976 -5.038045271 -0.632735373 -0.001534001 0.774366028 92.414144287
0.765089171 -0.065753118 0.640559026 35.878478476 0.050290137 0.997835800 0.042360339 -5.088967015 -0.641957254 -0.000195728 0.766739769 93.172009117
0.758390347 -0.064347825 0.648616077 36.556108765 0.049907833 0.997925882 0.040647616 -5.142080267 -0.649886074 0.001544064 0.760029965 93.927741818
0.754667918 -0.063754203 0.653002213 36.902620507 0.050056852 0.997961444 0.039583214 -5.169103950 -0.654194775 0.002814970 0.756320653 94.304310152
0.747098545 -0.064908082 0.661536596 37.608563173 0.051164368 0.997883088 0.040127589 -5.218318992 -0.662741238 0.003867786 0.748837857 95.053605818
0.740621024 -0.067559287 0.668517089 38.312859354 0.052391228 0.997709025 0.042784912 -5.263546603 -0.669876388 0.003336925 0.742464452 95.802078344
0.737365369 -0.069417729 0.671917478 38.666261036 0.053325604 0.997582659 0.044543236 -5.285139045 -0.673384875 0.002985612 0.739285146 96.171286354
0.731133918 -0.069419776 0.678692781 39.384960668 0.054540808 0.997572790 0.043281157 -5.337650868 -0.680049896 0.005372062 0.733145293 96.916352528
0.725088654 -0.067275402 0.685361572 40.101537107 0.057476024 0.997656195 0.037122695 -5.397770455 -0.686252302 0.012474550 0.727255902 97.636692078
0.721593452 -0.065769934 0.689185900 40.460723201 0.057431386 0.997732835 0.035082896 -5.426083978 -0.689930985 0.014265193 0.723734908 97.997452156
0.713921650 -0.065250033 0.697178579 41.196485611 0.053863983 0.997815748 0.038229552 -5.470066118 -0.698150465 0.010259773 0.715877006 98.718038917
0.707251987 -0.070306959 0.703455962 41.954808580 0.054234428 0.997505588 0.045168538 -5.507942546 -0.704877063 0.006205844 0.709301964 99.452095547
0.704676072 -0.070437549 0.706024020 42.333773616 0.054889661 0.997489181 0.044731122 -5.533651869 -0.707402358 0.007232271 0.706774072 99.812962933
0.700829993 -0.061395903 0.710681239 43.086291837 0.052674803 0.998022678 0.034274778 -5.602927875 -0.711380472 0.013414045 0.702678668 100.542477887
0.695369901 -0.054082785 0.716613541 43.851309330 0.056157698 0.998204397 0.020841448 -5.676120571 -0.716453684 0.025750825 0.697158298 101.244384371
0.693037822 -0.052042780 0.719019426 44.237881430 0.054949489 0.998302360 0.019293237 -5.703710241 -0.718803208 0.026138744 0.694721347 101.598048862
0.689274239 -0.051751198 0.722649600 45.005475487 0.050275951 0.998456943 0.023548601 -5.746575627 -0.722753104 0.020100379 0.690813324 102.325767735
0.683623595 -0.054485811 0.727798361 45.792689436 0.046300176 0.998438303 0.031256937 -5.782513348 -0.728365057 0.012329174 0.685077898 103.030451181
0.681088436 -0.053012938 0.730278920 46.174164644 0.043563557 0.998542738 0.031857721 -5.806030146 -0.730902902 0.010115556 0.682406117 103.381269220
0.677276740 -0.045325711 0.734330311 46.949703831 0.038076509 0.998922221 0.026539248 -5.864789223 -0.734742159 0.009986285 0.678272510 104.078272998
0.672355898 -0.040232691 0.739133279 47.739499576 0.038588998 0.999068909 0.019278862 -5.925899865 -0.739220609 0.015560045 0.673282693 104.748756804
0.669691658 -0.039749004 0.741575080 48.138037583 0.039503587 0.999059100 0.017875935 -5.953179761 -0.741587696 0.017323372 0.670631901 105.097857311
0.665192370 -0.041111859 0.745539320 48.936732362 0.041196888 0.998983022 0.018330647 -6.000822343 -0.745534644 0.018520528 0.666208650 105.774053244
0.660767899 -0.044758151 0.749254476 49.746543798 0.045794632 0.998764655 0.019276769 -6.047464688 -0.749191335 0.021574197 0.662001438 106.445211341
0.659524413 -0.044919147 0.750340134 50.143267014 0.047075812 0.998721131 0.018410331 -6.073044455 -0.750207247 0.023180762 0.660795452 106.781704722
0.656686571 -0.042376212 0.752971909 50.941689261 0.048056153 0.998741923 0.014296693 -6.128197340 -0.752630987 0.026796383 0.657897395 107.445867063
0.653305919 -0.040984870 0.755983221 51.735776979 0.051693532 0.998617974 0.009466500 -6.184321978 -0.755326407 0.032894850 0.654522277 108.107448718
0.651332046 -0.041428035 0.757661472 52.143614461 0.052931252 0.998556453 0.009096937 -6.209021349 -0.756944556 0.034178647 0.652584628 108.438898537
0.648420298 -0.044658196 0.759971359 52.948227460 0.054126429 0.998455265 0.012490689 -6.250532610 -0.759355220 0.033035138 0.649836780 109.095586077
0.645748143 -0.048669324 0.761997509 53.755426868 0.056560294 0.998273491 0.015828909 -6.292177857 -0.761451704 0.032877263 0.647386717 109.753787761
0.645234526 -0.049694936 0.762365863 54.154661652 0.058039614 0.998186174 0.015944597 -6.315495194 -0.761776565 0.033959268 0.646949352 110.080235135
0.644562284 -0.050579229 0.762877654 54.947010705 0.062057123 0.997977306 0.013733880 -6.366104818 -0.762028775 0.038489521 0.646397445 110.729391978
0.644128293 -0.052134997 0.763138004 55.754826091 0.065158185 0.997787673 0.013168600 -6.413983468 -0.762136989 0.041242386 0.646100659 111.376127942
0.644287417 -0.053575740 0.762905286 56.154084788 0.066467358 0.997690858 0.013930959 -6.436102411 -0.761889571 0.041732630 0.646360448 111.702632587
0.644772119 -0.054886547 0.762401743 56.943110180 0.066824909 0.997647194 0.015307684 -6.480275109 -0.761448139 0.041077371 0.646923084 112.350069653
0.645036741 -0.058139290 0.761936374 57.729586429 0.069027658 0.997458166 0.017673366 -6.522446324 -0.761026473 0.041194650 0.647410382 112.996081822
0.646193069 -0.060044651 0.760808327 58.125425610 0.070034162 0.997359158 0.019230073 -6.542931902 -0.759953704 0.040856182 0.648691789 113.320637130
0.648421650 -0.063562967 0.758623304 58.889609445 0.072133525 0.997154771 0.021893698 -6.583918231 -0.757855590 0.040525712 0.651161772 113.965202523
0.648758775 -0.068148094 0.757936986 59.658001155 0.075757416 0.996817740 0.024781649 -6.624132907 -0.757213613 0.041341915 0.651857219 114.600664363
0.649516290 -0.069916086 0.757126542 60.043476763 0.077171769 0.996683141 0.025834365 -6.644981335 -0.756420686 0.041648932 0.652757007 114.919120140
0.652671411 -0.073810868 0.754037278 60.790359546 0.081787284 0.996291363 0.026731913 -6.687997171 -0.753213116 0.044223435 0.656287930 115.553451561
0.654655891 -0.076813218 0.752014401 61.537104514 0.085904258 0.995939075 0.026945787 -6.731772358 -0.751030109 0.046960898 0.658595378 116.176072016
0.657157414 -0.076550826 0.749856271 61.906238633 0.086349927 0.995925166 0.025996263 -6.755959556 -0.748790738 0.047666202 0.661090059 116.496412777
0.660989725 -0.074401548 0.746697279 62.637509407 0.088020884 0.995889789 0.021313742 -6.809006579 -0.745213933 0.051636744 0.664821977 117.132816200
0.666771063 -0.069314381 0.742032135 63.349882175 0.086204598 0.996155465 0.015591082 -6.863760394 -0.740259745 0.053570713 0.670183246 117.769662051
0.669115097 -0.067762976 0.740063209 63.712214437 0.085091890 0.996270224 0.014287882 -6.888964750 -0.738271180 0.053413084 0.672385279 118.097574084
0.674060705 -0.065766781 0.735742066 64.447284583 0.082667817 0.996487184 0.013337084 -6.936903435 -0.734035100 0.051832179 0.677129834 118.759598383
0.678877381 -0.059007451 0.731876691 65.147264099 0.071800324 0.997322781 0.013808134 -6.982427683 -0.730731583 0.043174818 0.681297622 119.424306604
0.681546263 -0.056461979 0.729593596 65.497706979 0.067027706 0.997643752 0.014592196 -7.004106953 -0.728698176 0.038957633 0.683725751 119.756965889
0.686466158 -0.054988248 0.725079158 66.198528659 0.061650161 0.997946949 0.017314853 -7.044529798 -0.724543119 0.032815065 0.688447519 120.410750079
0.692907812 -0.051677960 0.719171718 66.879788528 0.052294797 0.998403101 0.021357860 -7.082822819 -0.719127312 0.022809823 0.694503532 121.076327875
0.693814901 -0.049483398 0.718451283 67.226677663 0.048142152 0.998591490 0.022286781 -7.103448317 -0.718542488 0.019124803 0.695219664 121.395335447
0.697156699 -0.046571263 0.715405036 67.901517872 0.044440524 0.998775491 0.021711155 -7.148413413 -0.715540370 0.016656769 0.698372313 122.033697090
0.697407206 -0.041646163 0.715464043 68.593287360 0.043778143 0.998920638 0.015472497 -7.203832639 -0.715337083 0.020530931 0.698477805 122.670021438
0.696793703 -0.039378868 0.716189506 68.944336452 0.044018393 0.998957177 0.012100246 -7.232234656 -0.715919615 0.023094029 0.697800641 122.991191617
0.696777475 -0.037596885 0.716301571 69.644780978 0.046443417 0.998894204 0.007251996 -7.285410775 -0.715782501 0.028214447 0.697753072 123.632691654
0.696789893 -0.038013780 0.716267176 70.336930609 0.045698427 0.998918556 0.008558821 -7.327926927 -0.715817163 0.026768453 0.697774208 124.281307314
0.695975768 -0.037784801 0.717070532 70.683095556 0.043689739 0.998992449 0.010235647 -7.347741753 -0.716734390 0.024204699 0.696925783 124.611521454
0.690282520 -0.039314557 0.722471231 71.395800530 0.042117514 0.999012162 0.014121953 -7.385847884 -0.722312514 0.020680404 0.691257309 125.249162896
0.680303358 -0.038260561 0.731930828 72.109904658 0.039757635 0.999092317 0.015272582 -7.428042053 -0.731850493 0.018709723 0.681208200 125.864273317
0.674949359 -0.036496164 0.736960968 72.465988046 0.038268809 0.999163099 0.014432303 -7.451359956 -0.736870169 0.018461458 0.675781632 126.165378208
0.664544599 -0.031424217 0.746587885 73.200402198 0.034787566 0.999332778 0.011097576 -7.501437624 -0.746438647 0.018597067 0.665194453 126.768926905
0.653761349 -0.031834138 0.756031700 73.952048938 0.036466919 0.999278571 0.010542507 -7.546769796 -0.755821655 0.020677774 0.654450329 127.371164695
0.648032591 -0.034488702 0.760831633 74.329561630 0.038599001 0.999177643 0.012416548 -7.565129802 -0.760633789 0.021320907 0.648830994 127.661828399
0.635002399 -0.037737181 0.771587556 75.089752059 0.039907301 0.999074744 0.016020256 -7.602507264 -0.771478580 0.020618941 0.635921167 128.246165483
0.621862344 -0.037700479 0.782218303 75.858093878 0.040685803 0.999046250 0.015805765 -7.645442272 -0.782068207 0.021996072 0.622803582 128.800281436
0.615589649 -0.036704021 0.787211849 76.236234105 0.041339180 0.999042819 0.014253977 -7.669456456 -0.786981626 0.023768017 0.616517675 129.079507101
0.603787746 -0.033650680 0.796434470 77.003504961 0.040809413 0.999103140 0.011275633 -7.716664718 -0.796099269 0.025693832 0.604619903 129.621237311
0.591747749 -0.033146161 0.805442022 77.794063155 0.040072192 0.999127753 0.011676338 -7.758448114 -0.805126372 0.025366264 0.592559912 130.165237025
0.585327787 -0.034349778 0.810068829 78.200520344 0.041199284 0.999071326 0.012595026 -7.778334397 -0.809749512 0.026001926 0.586199364 130.438036631
0.572458852 -0.035457127 0.819165973 78.996082145 0.041083364 0.999049216 0.014532853 -7.816571619 -0.818903396 0.025334524 0.573371435 130.961897559
0.558696080 -0.036458185 0.828570122 79.796459118 0.041704498 0.999004319 0.015836565 -7.854558618 -0.828322425 0.025707210 0.559660293 131.453787512
0.552794726 -0.036860245 0.832501572 80.194055317 0.042063644 0.998981986 0.016300461 -7.873712736 -0.832254476 0.026007155 0.553782522 131.698204265
0.539889600 -0.036864409 0.840928329 80.990814775 0.043342655 0.998932051 0.015964283 -7.913841679 -0.840619326 0.027829047 0.540911053 132.176289783
0.527157281 -0.036852148 0.848967723 81.809723051 0.046755599 0.998803745 0.014323852 -7.956204473 -0.848479682 0.032143044 0.528249687 132.644097270
0.521100063 -0.036159753 0.852729349 82.225135133 0.048231955 0.998753289 0.012877440 -7.978484302 -0.852131138 0.034418324 0.522194572 132.875659126
0.511644899 -0.033985294 0.858524755 83.050805210 0.048790064 0.998753894 0.010459376 -8.021837247 -0.857810141 0.036535882 0.512665933 133.335799411
0.501616709 -0.033809473 0.864428670 83.876444687 0.049472873 0.998721881 0.010353490 -8.060576747 -0.863673826 0.037572346 0.502648087 133.784485496
0.496538067 -0.034277063 0.867337730 84.293542005 0.049831015 0.998697885 0.010940854 -8.078755222 -0.866583219 0.037787777 0.497599456 134.005582377
0.490146126 -0.035573582 0.870913782 85.101162309 0.049051561 0.998708855 0.013187527 -8.112262573 -0.870258525 0.036255742 0.491258428 134.443874674
0.483765975 -0.037554338 0.874391129 85.913003242 0.048554822 0.998691493 0.016029500 -8.144359129 -0.873849413 0.034701289 0.484956437 134.873093963
0.479002212 -0.038714499 0.876959205 86.325705138 0.048927332 0.998650842 0.017362222 -8.160413877 -0.876449214 0.034590596 0.480250079 135.080083415
0.476038209 -0.040298968 0.878500831 87.136663740 0.048546665 0.998629936 0.019503306 -8.193477748 -0.878083012 0.033363893 0.477343025 135.508749626
0.472603298 -0.040869651 0.880326983 87.934552281 0.047348499 0.998658760 0.020944243 -8.226641025 -0.880001974 0.031783768 0.473904631 135.918133674
0.471283091 -0.040958251 0.881029982 88.330085958 0.047246895 0.998658586 0.021153122 -8.244215593 -0.880714851 0.031656774 0.472586492 136.126588187
0.468050283 -0.039821280 0.882804234 89.107197334 0.046854798 0.998697108 0.020207228 -8.280611210 -0.882458197 0.031905534 0.469306738 136.523653383
0.463987385 -0.037552651 0.885045023 89.876502450 0.046533016 0.998754370 0.017982335 -8.318961709 -0.884618057 0.032840120 0.465157234 136.916063513
0.462177204 -0.037131431 0.886010004 90.259825080 0.046893276 0.998748076 0.017394731 -8.336836804 -0.885546339 0.033508332 0.463340351 137.105733100
0.460398507 -0.037154447 0.886934569 91.026505614 0.047559820 0.998720348 0.017149438 -8.370819362 -0.886436961 0.034286739 0.461576939 137.485156750
0.459824249 -0.037240224 0.887228548 91.773489112 0.047136727 0.998735345 0.017490973 -8.403301622 -0.886758152 0.033778251 0.460997876 137.864669245
0.459330634 -0.037513498 0.887473218 92.146503969 0.046889055 0.998738350 0.017948268 -8.418743315 -0.887026815 0.033368528 0.460510520 138.048372935
0.458933333 -0.038188177 0.887649462 92.888240405 0.045679984 0.998768052 0.019351231 -8.448531225 -0.887295636 0.031666792 0.460112463 138.413298422
0.459626042 -0.038968554 0.887256910 93.611252521 0.043547892 0.998823409 0.021309385 -8.477468985 -0.887043457 0.028843774 0.460782721 138.790463208
