1.000000000 0.000000000 0.000000000 0.000000000 0.000000000 1.000000000 0.000000000 0.000000000 0.000000000 0.000000000 1.000000000 0.000000000
0.999993411 0.002895455 -0.002177942 -0.003633064 -0.002888161 0.999990084 0.003358855 0.014363528 0.002187761 -0.003352533 0.999992239 0.551588537
0.999975093 0.005066720 -0.004937441 -0.005870407 -0.005032669 0.999963479 0.006890816 0.029536384 0.004972238 -0.006865810 0.999963893 1.133401123
0.999956750 0.006692438 -0.006492950 -0.007986744 -0.006636024 0.999940218 0.008683329 0.037188329 0.006550709 -0.008639877 0.999941682 1.424220260
0.999936860 0.006208402 -0.009448860 -0.010865340 -0.006118695 0.999936007 0.009490153 0.048003042 0.009507300 -0.009431734 0.999910710 2.026115450
0.999922392 0.003020404 -0.012091497 -0.010376350 -0.002938320 0.999972872 0.006800555 0.053197830 0.012111792 -0.006764512 0.999903938 2.648457543
0.999913645 0.001920697 -0.013058700 -0.010085773 -0.001869512 0.999990665 0.003932295 0.053260954 0.013066258 -0.003907568 0.999906977 2.959668322
0.999888129 0.001223365 -0.014898708 -0.013707817 -0.001276654 0.999992381 -0.003563491 0.050160214 0.014894200 0.003582102 0.999882789 3.561695553
0.999838419 0.004027436 -0.017563420 -0.027096347 -0.004180616 0.999953586 -0.008693577 0.051333669 0.017527770 0.008765554 0.999808153 4.182894887
0.999801728 0.005318874 -0.019199333 -0.034713277 -0.005496649 0.999941824 -0.009221208 0.055449947 0.019149187 0.009324851 0.999773577 4.503403291
0.999723828 0.004939962 -0.022966974 -0.047993797 -0.005146034 0.999946436 -0.008921915 0.065860803 0.022921737 0.009037665 0.999696668 5.144558204
0.999635247 0.003513907 -0.026783383 -0.059882232 -0.003737186 0.999958307 -0.008289215 0.077280929 0.026753121 0.008386225 0.999606826 5.815934031
0.999586142 0.002851524 -0.028641008 -0.067258816 -0.003075760 0.999965210 -0.007787278 0.083356707 0.028617908 0.007872134 0.999559643 6.156512119
0.999489843 0.001533528 -0.031901736 -0.083839881 -0.001781268 0.999967979 -0.007737986 0.094019796 0.031888998 0.007790900 0.999460811 6.847569576
0.999336923 0.003049818 -0.036295970 -0.110335798 -0.003390410 0.999950404 -0.009324287 0.101939038 0.036265833 0.009441198 0.999297117 7.537808760
0.999245765 0.003984257 -0.038636843 -0.124517792 -0.004371444 0.999940755 -0.009941378 0.106259108 0.038594951 0.010102715 0.999203874 7.887861674
0.998998787 0.004607632 -0.044510284 -0.155609435 -0.005095760 0.999928330 -0.010859587 0.115680695 0.044457116 0.011075474 0.998950082 8.607797267
0.998698322 0.003567604 -0.050883417 -0.189682714 -0.004181768 0.999919491 -0.011967331 0.124674015 0.050836626 0.012164500 0.998632685 9.327481188
0.998540146 0.002818747 -0.053947926 -0.208591331 -0.003472270 0.999921338 -0.012024088 0.130106509 0.053909854 0.012193806 0.998470999 9.697186421
0.998247192 0.002019412 -0.059155084 -0.246563639 -0.002702188 0.999930562 -0.011463901 0.141911195 0.059127904 0.011603701 0.998182669 10.426531952
0.997979289 0.001315293 -0.063526531 -0.288352812 -0.002080254 0.999926298 -0.011976711 0.152008550 0.063506191 0.012084566 0.997908430 11.165609937
0.997827833 0.000720677 -0.065876149 -0.311964240 -0.001532720 0.999923663 -0.012276649 0.157243847 0.065862339 0.012350920 0.997752739 11.554988022
0.997475790 -0.001256410 -0.070993912 -0.362059829 0.000389721 0.999924746 -0.012219461 0.168885744 0.071003916 0.012160945 0.997401937 12.343517643
0.997011995 -0.005067401 -0.077081576 -0.417126204 0.004117111 0.999913941 -0.012481932 0.179890506 0.077138191 0.012127326 0.996946717 13.131626609
0.996725800 -0.006610554 -0.080592079 -0.450436133 0.005617157 0.999905704 -0.012545728 0.185661075 0.080667466 0.012051883 0.996668282 13.540235417
0.996253181 -0.008263978 -0.086096740 -0.515357175 0.007266749 0.999902603 -0.011889801 0.198200789 0.086186756 0.011219586 0.996215363 14.337509229
0.995795865 -0.009176535 -0.091138278 -0.583981635 0.008152125 0.999899653 -0.011605536 0.210382815 0.091235628 0.010813805 0.995770575 15.154544539
0.995503086 -0.009775899 -0.094226691 -0.621412761 0.008719373 0.999894667 -0.011618192 0.216005540 0.094330397 0.010744302 0.995482730 15.552760946
0.994881559 -0.010350910 -0.100514371 -0.701580160 0.009237050 0.999890212 -0.011540287 0.228144110 0.100622849 0.010552824 0.994868899 16.398913997
0.994123098 -0.010808845 -0.107717530 -0.792555991 0.009577487 0.999882382 -0.011941545 0.239468845 0.107834055 0.010839698 0.994109420 17.254182591
0.993806507 -0.010780195 -0.110606191 -0.840397403 0.009490010 0.999880343 -0.012184333 0.245147581 0.110724445 0.011059230 0.993789887 17.691651511
0.993042608 -0.010657629 -0.117277869 -0.944052099 0.009243050 0.999877345 -0.012599307 0.256509341 0.117397887 0.011427631 0.993019321 18.565900252
0.992362391 -0.010770732 -0.122885720 -1.047588985 0.009314384 0.999879402 -0.012419089 0.268980813 0.123004593 0.011179617 0.992343352 19.450181798
0.992015754 -0.010580949 -0.125669497 -1.100299734 0.009161253 0.999887129 -0.011868990 0.276031867 0.125780884 0.010622927 0.992001623 19.897248761
0.991127215 -0.011705884 -0.132402167 -1.213821276 0.010350902 0.999886294 -0.010917265 0.289598385 0.132514936 0.009449905 0.991136238 20.780651847
0.990210490 -0.011851811 -0.139081378 -1.338124347 0.010375934 0.999881777 -0.011331715 0.300871496 0.139199338 0.009777653 0.990216447 21.673193674
0.989773259 -0.011890638 -0.142154858 -1.402614927 0.010277583 0.999874253 -0.012075788 0.305729649 0.142280622 0.010491236 0.989770563 22.129311672
0.988941473 -0.012118118 -0.147815565 -1.532701291 0.010097484 0.999844684 -0.014412853 0.313836921 0.147967416 0.012760919 0.988909713 23.031436562
0.987975558 -0.012167539 -0.154129648 -1.672371982 0.009844236 0.999826084 -0.015827785 0.323789121 0.154295434 0.014120108 0.987924170 23.962821844
0.987573629 -0.012515073 -0.156658679 -1.742736745 0.010216490 0.999827806 -0.015468703 0.330479995 0.156825342 0.013675966 0.987531867 24.428444536
0.986562523 -0.012594781 -0.162899051 -1.890370932 0.010691725 0.999863835 -0.012553687 0.347564461 0.163034980 0.010643333 0.986562886 25.369079168
0.985353991 -0.011775986 -0.170113713 -2.055554774 0.010420765 0.999905917 -0.008857244 0.366138246 0.170202157 0.006954779 0.985384234 26.338290736
0.984846107 -0.011051973 -0.173081962 -2.138751477 0.009824958 0.999920054 -0.007944505 0.373695873 0.173155962 0.006123551 0.984875890 26.812830364
0.983527693 -0.010843425 -0.180431799 -2.309173735 0.009345506 0.999914482 -0.009149619 0.383584747 0.180515540 0.007312721 0.983544899 27.751596842
0.982388961 -0.011284263 -0.186505996 -2.484245906 0.009143489 0.999882032 -0.012334270 0.390367261 0.186623921 0.010411735 0.982376182 28.710081782
0.981812482 -0.010855042 -0.189542725 -2.576206993 0.008427999 0.999871976 -0.013605709 0.394300791 0.189666941 0.011760778 0.981778294 29.193953272
0.980751559 -0.011259239 -0.194935304 -2.761027109 0.008518287 0.999853203 -0.014893360 0.404337794 0.195073940 0.012946159 0.980702965 30.171626303
0.979734870 -0.010219774 -0.200040954 -2.955880598 0.007616724 0.999875882 -0.013777813 0.418149071 0.200157451 0.011974939 0.979690812 31.148378869
0.979177952 -0.009297595 -0.202791377 -3.056877482 0.006864889 0.999895987 -0.012695936 0.425796356 0.202888477 0.011039393 0.979139684 31.631416972
0.978021626 -0.009150687 -0.208304279 -3.262604844 0.007254944 0.999925137 -0.009862578 0.442392761 0.208379368 0.008134556 0.978013891 32.617228656
0.976670268 -0.010184763 -0.214503766 -3.474299113 0.008810175 0.999933941 -0.007363325 0.458332573 0.214564740 0.005301693 0.976694938 33.602533860
0.976163203 -0.010810778 -0.216768918 -3.578126558 0.009518947 0.999930263 -0.007002687 0.464831830 0.216828752 0.004772323 0.976197936 34.095381777
0.975013332 -0.010871699 -0.221879346 -3.799529888 0.009241984 0.999922306 -0.008381964 0.474298902 0.221953175 0.006121936 0.975037866 35.089977375
0.973830418 -0.011323592 -0.226993803 -4.025003517 0.008970153 0.999895168 -0.011396545 0.480818936 0.227098761 0.009062118 0.973829244 36.074224458
0.973155972 -0.012020515 -0.229832540 -4.138759629 0.009484552 0.999881394 -0.012135534 0.485334128 0.229951336 0.009629869 0.973154630 36.566242191
0.971695784 -0.012285644 -0.235917756 -4.373177604 0.009881517 0.999886264 -0.011369830 0.498127212 0.236031212 0.008716790 0.971706385 37.559665965
0.970545236 -0.011637932 -0.240639023 -4.610345412 0.009625439 0.999908188 -0.009536671 0.512921392 0.240727651 0.006939476 0.970567761 38.572900384
0.969686170 -0.011420897 -0.244088899 -4.735947887 0.009418677 0.999911719 -0.009368508 0.518902628 0.244173728 0.006785426 0.969708071 39.073911787
0.968242648 -0.012063434 -0.249721513 -4.986017637 0.010104348 0.999907619 -0.009125186 0.530824607 0.249808283 0.006312054 0.968275197 40.086071559
0.966562037 -0.012164990 -0.256143844 -5.245171554 0.010082613 0.999904390 -0.009441200 0.541531731 0.256234384 0.006542935 0.966592231 41.087425014
0.965875188 -0.012291178 -0.258718028 -5.372874808 0.010011272 0.999898269 -0.010127747 0.545854485 0.258816090 0.007192031 0.965899590 41.578239958
0.964208353 -0.012802562 -0.264836340 -5.639915890 0.009662925 0.999866925 -0.013154315 0.551907240 0.264969928 0.010124420 0.964203843 42.578977353
0.962706317 -0.013483773 -0.270214082 -5.910943816 0.009486925 0.999825476 -0.016091818 0.558012124 0.270383713 0.012928238 0.962666214 43.579369414
0.961677909 -0.013975589 -0.273826241 -6.054335929 0.009945567 0.999820893 -0.016100097 0.563503186 0.274001512 0.012759713 0.961644412 44.088888382
0.959372461 -0.014347222 -0.281778264 -6.352246370 0.010541564 0.999831403 -0.015017113 0.575970747 0.281946923 0.011436621 0.959361787 45.096905407
0.957414282 -0.015680474 -0.288292417 -6.648161298 0.012159451 0.999828057 -0.014000051 0.588297276 0.288461420 0.009898404 0.957440272 46.105096901
0.956311983 -0.016587493 -0.291878246 -6.799527101 0.013116810 0.999817917 -0.013843696 0.593892597 0.292054755 0.009410388 0.956355182 46.613925201
0.954249065 -0.017386545 -0.298508455 -7.111254514 0.014299774 0.999819274 -0.012521660 0.606597629 0.298671736 0.007680170 0.954324974 47.630782899
0.951922725 -0.016927201 -0.305871852 -7.434952461 0.014354439 0.999840463 -0.010658512 0.620008892 0.306003616 0.005755484 0.952012956 48.646595976
0.950973246 -0.016585691 -0.308828603 -7.593430913 0.014075863 0.999847645 -0.010353185 0.625567945 0.308954027 0.005498509 0.951061449 49.144771739
0.948659843 -0.017169154 -0.315833361 -7.920290128 0.014196643 0.999830692 -0.011710054 0.633252403 0.315980930 0.006625104 0.948742535 50.140315810
0.946118820 -0.019357315 -0.323241227 -8.257849962 0.016147776 0.999790222 -0.012608210 0.641782580 0.323417072 0.006709184 0.946232739 51.154999607
0.945215081 -0.021070092 -0.325769156 -8.428021520 0.018168444 0.999763151 -0.011947139 0.647967951 0.325944497 0.005373896 0.945373507 51.672232408
0.942296875 -0.022961161 -0.333989812 -8.782502119 0.021225479 0.999735069 -0.008845666 0.663025395 0.334105385 0.001246122 0.942535268 52.695399878
0.939991365 -0.022441410 -0.340461127 -9.144039741 0.021186328 0.999748018 -0.007404018 0.674987452 0.340540960 -0.000253425 0.940230011 53.707962772
0.938433600 -0.023628257 -0.344651558 -9.331223531 0.021986469 0.999720191 -0.008671891 0.677552951 0.344760675 0.000560377 0.938690143 54.213737929
0.935406747 -0.024860501 -0.352698679 -9.710507000 0.021526365 0.999679058 -0.013372806 0.679027684 0.352917619 0.004916664 0.935641690 55.224914924
0.932897498 -0.024580985 -0.359303362 -10.093972743 0.020190330 0.999668850 -0.015967789 0.683713603 0.359576728 0.007641866 0.933084716 56.225646853
0.931385788 -0.023465156 -0.363278956 -10.292295474 0.019059540 0.999695144 -0.015707470 0.688464339 0.363536553 0.007705818 0.931547882 56.720390128
0.928789612 -0.019875394 -0.370075698 -10.694731846 0.016465585 0.999788224 -0.012370652 0.702807695 0.370243036 0.005396197 0.928919741 57.729384397
0.925644913 -0.018537139 -0.377939294 -11.107915936 0.015315086 0.999816528 -0.011529298 0.712998179 0.378083327 0.004883775 0.925758777 58.747546559
0.923717781 -0.019081686 -0.382598934 -11.319012073 0.015415565 0.999800721 -0.012645686 0.715396595 0.382763827 0.005783138 0.923827888 59.251257239
0.921030486 -0.020439581 -0.388955365 -11.735215444 0.015765661 0.999759765 -0.015204836 0.719640370 0.389172958 0.007871958 0.921131253 60.259204045
0.918006591 -0.021161273 -0.395999929 -12.161436373 0.016181856 0.999742756 -0.015910900 0.726788670 0.396234666 0.008198301 0.918113101 61.266244023
0.916119808 -0.021100610 -0.400349027 -12.379684423 0.016226108 0.999746996 -0.015561864 0.731310196 0.400576138 0.007760395 0.916230542 61.759268311
0.912405207 -0.018501974 -0.408870890 -12.851654897 0.013890108 0.999802333 -0.014246264 0.741192406 0.409054450 0.007319088 0.912480989 62.772353692
0.909256959 -0.016931218 -0.415892116 -13.305973356 0.012847231 0.999838234 -0.012616368 0.751544764 0.416037655 0.006128392 0.909326499 63.766881620
0.907663407 -0.015865424 -0.419399901 -13.531196069 0.011839458 0.999855299 -0.012200400 0.756030054 0.419532933 0.006108345 0.907719491 64.259303573
0.904335744 -0.014890036 -0.426562413 -13.991408542 0.010176225 0.999859165 -0.013327783 0.761716975 0.426700109 0.007711990 0.904359801 65.253387872
0.901470110 -0.014879265 -0.432585164 -14.455730396 0.009421852 0.999847098 -0.014756434 0.766606238 0.432737989 0.009226663 0.901472284 66.237089959
0.899477918 -0.015075766 -0.436706097 -14.692894922 0.009609408 0.999845713 -0.014723707 0.770218214 0.436860537 0.009047178 0.899483410 66.728492055
0.895847096 -0.014946961 -0.444111527 -15.179032524 0.009253194 0.999845253 -0.014985316 0.776828810 0.444267155 0.009315097 0.895845577 67.720322518
0.892887579 -0.016144987 -0.449991181 -15.666258608 0.009709348 0.999814384 -0.016606063 0.780910640 0.450176450 0.010458234 0.892878778 68.702056295
0.891618462 -0.017215990 -0.452460754 -15.912242415 0.010738704 0.999799737 -0.016880298 0.783917649 0.452660179 0.010191907 0.891624207 69.202742917
0.887774768 -0.018429119 -0.459908615 -16.412372241 0.012691355 0.999798032 -0.015564675 0.792815093 0.460103160 0.007981045 0.887829960 70.193331720
0.884442856 -0.019471763 -0.466242622 -16.923317953 0.014398244 0.999791961 -0.014441568 0.801308584 0.466427397 0.006059628 0.884539245 71.193029639
0.883678535 -0.020185877 -0.467658129 -17.175414289 0.015073076 0.999778733 -0.014672244 0.804078846 0.467851532 0.005916480 0.883787740 71.683152996
0.879794965 -0.022069190 -0.474840682 -17.695503445 0.016106628 0.999732085 -0.016621771 0.807028697 0.475080179 0.006975613 0.879914921 72.662062263
0.876185414 -0.020426670 -0.481542262 -18.224582953 0.013542874 0.999750392 -0.017766874 0.811193025 0.481784975 0.009045576 0.876242978 73.640177327
0.873676096 -0.020655573 -0.486070588 -18.494756536 0.013795454 0.999748566 -0.017687991 0.814112864 0.486313630 0.008747958 0.873740419 74.118697814
0.870679415 -0.020226438 -0.491436190 -19.038712032 0.013930679 0.999767679 -0.016467123 0.821954206 0.491655070 0.007491549 0.870757889 75.105513496
0.866660124 -0.019184636 -0.498530986 -19.584062886 0.013211617 0.999792612 -0.015506797 0.828966228 0.498724051 0.006852766 0.866733156 76.062105444
0.864658634 -0.019471121 -0.501982315 -19.858222042 0.013597642 0.999789154 -0.015358412 0.831868217 0.502175450 0.006454027 0.864741302 76.540281694
0.861856079 -0.022626836 -0.506649043 -20.415039670 0.016256506 0.999723075 -0.016993616 0.834647989 0.506893765 0.006409666 0.861984946 77.526057056
0.857520005 -0.024268680 -0.513878989 -20.991969685 0.018168097 0.999692493 -0.016894426 0.839897743 0.514130140 0.005151027 0.857696672 78.500020909
0.855690538 -0.024569708 -0.516904893 -21.286683582 0.019426198 0.999692896 -0.015359359 0.845150411 0.517123348 0.003101386 0.855905728 79.006502203
0.852329458 -0.023311311 -0.522485801 -21.885334986 0.019562882 0.999727508 -0.012691075 0.854520838 0.522639056 0.000595699 0.852553911 79.998607017
0.847942916 -0.022708453 -0.529600278 -22.481418005 0.017996462 0.999739519 -0.014053024 0.856691603 0.529781603 0.002385262 0.848130598 80.950882286
0.845966371 -0.022085358 -0.532778575 -22.785396428 0.015988440 0.999742832 -0.016055365 0.855470867 0.532996892 0.005063981 0.846102338 81.426539302
0.841560592 -0.020510385 -0.539773577 -23.390510534 0.011697346 0.999736645 -0.019750686 0.853507617 0.540036681 0.010307473 0.841578720 82.368054021
0.838103123 -0.019861283 -0.545150818 -23.998543364 0.009892183 0.999726037 -0.021214451 0.855244941 0.545421880 0.012387142 0.838069908 83.319302537
0.836152974 -0.018937563 -0.548170112 -24.306602249 0.009518733 0.999754259 -0.020018832 0.859224851 0.548414623 0.011520879 0.836127727 83.794533500
0.830707791 -0.017615321 -0.556430390 -24.935837204 0.010084093 0.999810885 -0.016596922 0.868561214 0.556618105 0.008176080 0.830728809 84.733803964
0.826844146 -0.015375953 -0.562221818 -25.557223731 0.009328559 0.999863836 -0.013625466 0.877093486 0.562354921 0.006021439 0.826873685 85.663725864
0.825174014 -0.015359492 -0.564670296 -25.866515446 0.009361164 0.999864732 -0.013517182 0.878894496 0.564801988 0.005868059 0.825205981 86.118804454
0.819499697 -0.016484554 -0.572843070 -26.503840646 0.009602283 0.999841206 -0.015035295 0.879567581 0.573000277 0.006820750 0.819526950 87.037421304
0.815399624 -0.017003109 -0.578648900 -27.160818281 0.009145046 0.999821702 -0.016492183 0.880181472 0.578826886 0.008155965 0.815409818 87.974416908
0.813313442 -0.017535083 -0.581562234 -27.492735162 0.009464830 0.999812475 -0.016909424 0.881005161 0.581749908 0.008248241 0.813325885 88.447630258
0.810203062 -0.018376903 -0.585861838 -28.152749148 0.010592770 0.999803846 -0.016712106 0.884199917 0.586053651 0.007334294 0.810239129 89.384327011
0.805791089 -0.019374616 -0.591883319 -28.821855846 0.011686009 0.999789740 -0.016817613 0.886649681 0.592084394 0.006634717 0.805848395 90.310210080
0.803904542 -0.019625855 -0.594434812 -29.158895134 0.011831923 0.999785242 -0.017007581 0.887585987 0.594640651 0.006639165 0.803964186 90.772940817
0.799700656 -0.020799361 -0.600038470 -29.827007166 0.013211380 0.999767275 -0.017047791 0.890135187 0.600253696 0.005705814 0.799789334 91.698908456
0.795861687 -0.019995482 -0.605148135 -30.506284132 0.013953086 0.999794304 -0.014685037 0.896299211 0.605318032 0.003243563 0.795977633 92.613821799
0.792963989 -0.019705577 -0.608950622 -30.851463274 0.014301566 0.999802885 -0.013730246 0.898889297 0.609101055 0.002178644 0.793089794 93.065787372
0.789589143 -0.021153881 -0.613271839 -31.530075190 0.016078148 0.999775456 -0.013785032 0.900513997 0.613425992 0.001024223 0.789751761 93.950707404
0.784940812 -0.026578818 -0.619000490 -32.214420047 0.020077600 0.999645804 -0.017463035 0.896203657 0.619245738 0.001279408 0.785195814 94.845253916
0.782443764 -0.028212567 -0.622082342 -32.560653132 0.020906962 0.999599658 -0.019037313 0.894365524 0.622370994 0.001889711 0.782720137 95.287152584
0.778259525 -0.030370371 -0.627208642 -33.265971782 0.022154171 0.999536064 -0.020909482 0.892685687 0.627552945 0.002377669 0.778570227 96.179849144
0.773872209 -0.030377826 -0.632612641 -33.998122957 0.022567876 0.999537214 -0.020390164 0.894619318 0.632938902 0.001502675 0.774199958 97.080213770
0.771163030 -0.030152540 -0.635923412 -34.365219660 0.023150315 0.999545534 -0.019320007 0.896941279 0.636216944 0.000177001 0.771509590 97.530288708
0.765635056 -0.028924625 -0.642625385 -35.101663467 0.022996575 0.999580579 -0.017592619 0.900566503 0.642864470 -0.001308627 0.765979159 98.410181891
0.760905122 -0.029174757 -0.648207567 -35.841171272 0.023160670 0.999573539 -0.017801690 0.900704308 0.648450195 -0.001467572 0.761255437 99.279821161
0.758840231 -0.029763795 -0.650597063 -36.209344277 0.023320897 0.999556378 -0.018527098 0.899827696 0.650859334 -0.001113399 0.759197036 99.719809915
0.754778453 -0.031412512 -0.655227637 -36.952662404 0.024243567 0.999506359 -0.019990666 0.897898274 0.655532450 -0.000796549 0.755166523 100.599187282
0.750034741 -0.031375934 -0.660654221 -37.701144929 0.024305083 0.999506484 -0.019875354 0.898390804 0.660951796 -0.001150050 0.750427582 101.468045829
0.747701525 -0.031158168 -0.663303603 -38.077467967 0.024717256 0.999512207 -0.019088966 0.899727811 0.663575107 -0.002122186 0.748106558 101.897260643
0.742802480 -0.031282397 -0.668780475 -38.837055258 0.025380050 0.999505288 -0.018563023 0.900526119 0.669029763 -0.003185038 0.743228987 102.755116773
0.737707853 -0.032504044 -0.674336917 -39.608504561 0.024774328 0.999470807 -0.021073390 0.896062378 0.674665094 -0.001160222 0.738122360 103.612021856
0.735301160 -0.032824901 -0.676946257 -39.999699787 0.023812502 0.999460942 -0.022598251 0.893278616 0.677322517 0.000496707 0.735685823 104.040009340
0.730845288 -0.031202046 -0.681830054 -40.780459953 0.021594365 0.999511702 -0.022593032 0.892478581 0.682201622 0.001788354 0.731161985 104.875981414
0.724393691 -0.027509806 -0.688838027 -41.579102646 0.019166086 0.999621312 -0.019765937 0.896296899 0.689120619 0.001115967 0.724645995 105.720380961
0.721220177 -0.025807876 -0.692225231 -41.981329546 0.017668864 0.999666276 -0.018860971 0.897387918 0.692480216 0.001372055 0.721435383 106.147360276
0.714856310 -0.023782878 -0.698867166 -42.788099022 0.013931686 0.999707502 -0.019770271 0.894552380 0.699132142 0.004396468 0.714978643 106.971074706
0.706282209 -0.024808704 -0.707495928 -44.002315999 0.009848889 0.999632903 -0.025220636 0.883143231 0.707862540 0.010844877 0.706267046 108.191338722
0.699851872 -0.026346738 -0.713802278 -44.821110560 0.008853863 0.999562371 -0.028213436 0.876425214 0.714233135 0.013425376 0.699778359 109.004030271
0.692146303 -0.024799275 -0.721331315 -45.648120776 0.007100079 0.999594721 -0.027553076 0.875529776 0.721722857 0.013949262 0.692041295 109.805891298
0.688922898 -0.023753462 -0.724445619 -46.063715750 0.006924803 0.999633287 -0.026191069 0.876617671 0.724802514 0.013026952 0.688833771 110.201600376
0.682052341 -0.022808768 -0.730948008 -46.890053083 0.008044927 0.999687355 -0.023687802 0.878340878 0.731258807 0.010275845 0.682022739 110.983406070
0.674569502 -0.023104103 -0.737850516 -47.709661189 0.010099996 0.999705469 -0.022069698 0.878420740 0.738142873 0.007435229 0.674603375 111.745740027
0.670765684 -0.022240461 -0.741336448 -48.133342028 0.009568909 0.999726745 -0.021334254 0.878193272 0.741608024 0.007216459 0.670794363 112.130730492
0.664819495 -0.020866691 -0.746713016 -48.985680128 0.008982690 0.999760271 -0.019940503 0.877411111 0.746950642 0.006549332 0.664847155 112.900285908
0.657033941 -0.022113206 -0.753536671 -49.852890051 0.009678614 0.999734861 -0.020898961 0.872488187 0.753799608 0.006438135 0.657073438 113.668614309
0.654106367 -0.023878514 -0.756025973 -50.279623799 0.010555307 0.999691855 -0.022442173 0.868163476 0.756329860 0.006699435 0.654156663 114.043360422
0.647507427 -0.024713268 -0.761658780 -51.146095035 0.010165383 0.999664795 -0.023793940 0.862240239 0.761991731 0.007664218 0.647541427 114.791690229
0.641142482 -0.023592445 -0.767059203 -52.020730483 0.009075541 0.999690690 -0.023161675 0.859310398 0.767368500 0.007888417 0.641158204 115.529233870
0.637466664 -0.023482307 -0.770120757 -52.463448151 0.008765987 0.999691306 -0.023226268 0.857203627 0.770428012 0.008055127 0.637475456 115.902567145
0.632749497 -0.023444530 -0.774001598 -53.332429402 0.006081763 0.999660940 -0.025307803 0.849361887 0.774332453 0.011306203 0.632678259 116.610553962
0.626595186 -0.024834059 -0.778948972 -54.216088848 0.005830740 0.999613194 -0.027178842 0.841908144 0.779323098 0.012488237 0.626497998 117.337343165
0.623878966 -0.025786556 -0.781095548 -54.665981714 0.004397109 0.999555628 -0.029486547 0.835616269 0.781508700 0.014961462 0.623714986 117.690038747
0.619065132 -0.028722806 -0.784814245 -55.581409769 0.002065629 0.999387379 -0.034946307 0.821641564 0.785336568 0.020012864 0.618745568 118.414174058
0.614461957 -0.028626298 -0.788427194 -56.491077963 0.004142863 0.999444666 -0.033059077 0.819710170 0.788935748 0.017047160 0.614238772 119.138637326
0.611525051 -0.024475607 -0.790846332 -56.947153872 0.003145270 0.999588182 -0.028503711 0.824648276 0.791218592 0.014943213 0.611350445 119.490640067
0.606540890 -0.019085522 -0.794823078 -57.859205894 0.001704810 0.999740602 -0.022704975 0.829036068 0.795050287 0.012416446 0.606415726 120.194731597
0.600170967 -0.018496680 -0.799657942 -58.765388293 0.001059995 0.999750462 -0.022329389 0.824253223 0.799871254 0.012553833 0.600039835 120.879383276
0.596659437 -0.018401165 -0.802283792 -59.223313565 0.000530440 0.999745512 -0.022535593 0.821294677 0.802495344 0.013020506 0.596517204 121.231337564
0.590025251 -0.018250532 -0.807178825 -60.134602739 0.000210495 0.999748129 -0.022450676 0.815764696 0.807385254 0.013076553 0.589880221 121.905520109
0.585375455 -0.019115875 -0.810537039 -61.028068281 0.000463974 0.999729794 -0.023242691 0.808855428 0.810762201 0.013229685 0.585226450 122.571224398
0.582181128 -0.020556156 -0.812799407 -61.479266144 0.001488779 0.999705257 -0.024216737 0.804353509 0.813057507 0.012888414 0.582040190 122.903705382
0.576980986 -0.022507433 -0.816448283 -62.395691921 -0.000495124 0.999610457 -0.027906629 0.792128074 0.816757741 0.016505826 0.576744667 123.557461848
0.569886229 -0.023875387 -0.821376977 -63.328105980 -0.001313999 0.999550447 -0.029966031 0.782360511 0.821723294 0.018156577 0.569597976 124.209801715
0.565804538 -0.023731682 -0.824198042 -63.803294356 0.000904282 0.999602553 -0.028161432 0.781990271 0.824539408 0.015188502 0.565601472 124.540150824
0.560778250 -0.018611395 -0.827757033 -64.757773564 0.002708368 0.999782937 -0.020644381 0.787660087 0.827961319 0.009335126 0.560706729 125.200404024
0.555673686 -0.015929168 -0.831247881 -65.713398349 0.002967675 0.999848327 -0.017176114 0.786352386 0.831395244 0.007077449 0.555636079 125.840580085
0.553245386 -0.016278163 -0.832859707 -66.191510009 0.003022899 0.999841633 -0.017533789 0.782344802 0.833012548 0.007182795 0.553207059 126.170727834
0.546832719 -0.019618939 -0.837012460 -67.147917687 0.003562149 0.999770473 -0.021106686 0.769291024 0.837233908 0.008560192 0.546777181 126.811001923
0.542397378 -0.023453546 -0.839794793 -68.088633962 0.003869449 0.999669735 -0.025419251 0.754928978 0.840113669 0.010537773 0.542308174 127.432574183
0.539257139 -0.024462063 -0.841785536 -68.568956396 0.002346747 0.999618075 -0.027545202 0.747723325 0.842137396 0.012878486 0.539108438 127.742499409
0.533785488 -0.025555151 -0.845234159 -69.541493615 0.001507701 0.999570241 -0.029269308 0.737307333 0.845618328 0.014349147 0.533594701 128.371303875
0.526027123 -0.024812812 -0.850106181 -70.513404305 0.002345477 0.999613180 -0.027725212 0.732059251 0.850465007 0.012590255 0.525882093 128.980013040
0.522402716 -0.024513838 -0.852346164 -70.989957863 0.002600917 0.999627885 -0.027155542 0.729200168 0.852694843 0.011969223 0.522272452 129.280164433
0.514718455 -0.025733251 -0.856973472 -71.940428411 0.003722338 0.999607233 -0.027780511 0.720121264 0.857351192 0.011109238 0.514611593 129.850627687
0.509429989 -0.026832407 -0.860094184 -72.899610974 0.005795041 0.999597596 -0.027752121 0.712126939 0.860492684 0.009153474 0.509380541 130.440399181
0.506505942 -0.026530316 -0.861828185 -73.382275608 0.006096473 0.999612118 -0.027188779 0.708951132 0.862215243 0.008517155 0.506471227 130.729988563
0.500352649 -0.026257777 -0.865423725 -74.339769353 0.007305614 0.999632220 -0.026106010 0.702505223 0.865791062 0.006739762 0.500360118 131.299807633
0.495190985 -0.027433282 -0.868351132 -75.290371162 0.008397376 0.999605854 -0.026791090 0.693056394 0.868743536 0.005974800 0.495226107 131.860226484
0.492094621 -0.028257690 -0.870083565 -75.766159129 0.008746886 0.999583161 -0.027516419 0.687717425 0.870497703 0.005930063 0.492136349 132.140402480
0.483146112 -0.029680024 -0.875036713 -76.724122840 0.009164526 0.999542074 -0.028842861 0.676762687 0.875492375 0.005916018 0.483196415 132.670091430
0.477257531 -0.030207176 -0.878244285 -77.689940978 0.009115201 0.999525399 -0.029425161 0.666941944 0.878716329 0.006038028 0.477305952 133.209123771
0.473700586 -0.030483577 -0.880158091 -78.177962911 0.008906155 0.999515302 -0.029824122 0.661619341 0.880641339 0.006288827 0.473742183 133.468165557
0.466788732 -0.029866109 -0.883865045 -79.165853322 0.007721679 0.999529256 -0.029696400 0.652450175 0.884335932 0.007036950 0.466798728 133.995242641
0.460417805 -0.028816062 -0.887234455 -80.164724144 0.007090806 0.999560174 -0.028784557 0.644336604 0.887673962 0.006961742 0.460420474 134.521355755
0.456267393 -0.028486620 -0.889387068 -80.672684122 0.006483711 0.999566835 -0.028689365 0.639484589 0.889819306 0.007323494 0.456253900 134.778667582
0.449890024 -0.028570826 -0.892627545 -81.699544862 0.005979190 0.999562214 -0.028980013 0.628656782 0.893063648 0.007700647 0.449863600 135.292361435
0.443239762 -0.027233929 -0.895989927 -82.728470918 0.007175545 0.999614484 -0.026833860 0.621808900 0.896374846 0.005464598 0.443263760 135.805820632
0.439877071 -0.026067097 -0.897680025 -83.246432639 0.007479091 0.999650690 -0.025363187 0.618991661 0.898026336 0.004442863 0.439918814 136.062239267
0.432737717 -0.024425530 -0.901189689 -84.284448680 0.007291454 0.999694944 -0.023594112 0.611248831 0.901490453 0.003639022 0.432783550 136.564887131
0.425609955 -0.024415201 -0.904577865 -85.306629513 0.008760284 0.999700395 -0.022860771 0.601877859 0.904863944 0.001805443 0.425696485 137.058888383
0.423558823 -0.023996829 -0.905551191 -85.812884676 0.009332048 0.999711147 -0.022127062 0.597694515 0.905819944 0.000921445 0.423660604 137.296261579
0.416020064 -0.022543029 -0.909075767 -86.837327545 0.007254369 0.999742783 -0.021471506 0.587944660 0.909326392 0.002337779 0.416076995 137.769996108
0.411496784 -0.023632678 -0.911105585 -87.841039511 0.005465852 0.999709594 -0.023462325 0.573744762 0.911394940 0.004674733 0.411505765 138.225508710
0.409366974 -0.025093326 -0.912024874 -88.340397103 0.006276205 0.999675450 -0.024687823 0.566248587 0.912347800 0.004382330 0.409391772 138.453486546
0.405277662 -0.025242881 -0.913844894 -89.332215791 0.006695832 0.999673681 -0.024644094 0.555591234 0.914168739 0.003868719 0.405314901 138.909977155
0.400436533 -0.024692475 -0.915992094 -90.314238527 0.007622692 0.999691839 -0.023616378 0.546627998 0.916292972 0.002474540 0.400501221 139.357252292
0.397508363 -0.024735115 -0.917265350 -90.806805254 0.008398043 0.999692824 -0.023318399 0.541687300 0.917559779 0.001565991 0.397594317 139.575742763
0.391190078 -0.024716947 -0.919978778 -91.783108881 0.009689066 0.999694318 -0.022738662 0.531831040 0.920258897 -0.000018608 0.391309569 140.003448269
0.385383077 -0.024377166 -0.922434584 -92.771251418 0.011881151 0.999699608 -0.021455196 0.523030941 0.922680318 -0.002691116 0.385557143 140.440153871
0.381352805 -0.024592474 -0.924102704 -93.278882489 0.012101492 0.999692761 -0.021610131 0.516948584 0.924350567 -0.002941915 0.381533345 140.647320103
0.373352782 -0.027406531 -0.927284878 -94.300166634 0.011620956 0.999623308 -0.024865547 0.499568558 0.927616939 -0.001492314 0.373530580 141.051167356
0.369789273 -0.030587780 -0.928612821 -95.291568070 0.012396967 0.999531620 -0.027987107 0.482822263 0.929033603 -0.001162688 0.369994623 141.457588545
0.366606319 -0.030556700 -0.929874538 -95.788382165 0.012423724 0.999531927 -0.027947578 0.477083876 0.930292963 -0.001306765 0.366814301 141.655646601
0.360689182 -0.027720539 -0.932274392 -96.764308697 0.012801719 0.999610957 -0.024769832 0.470935882 0.932597949 -0.003000529 0.360903470 142.043179286
0.356014482 -0.024899040 -0.934148615 -97.736408548 0.015308273 0.999666282 -0.020811158 0.465955374 0.934354913 -0.006891148 0.356276819 142.420987981
0.353276891 -0.024404502 -0.935200646 -98.214465242 0.017078032 0.999661673 -0.019635270 0.462286169 0.935363170 -0.009034715 0.353574406 142.610599844
0.348011706 -0.025028091 -0.937156170 -99.154985403 0.019980480 0.999614589 -0.019276364 0.451450093 0.937277326 -0.012016446 0.348377167 142.961105865
0.341637061 -0.027267660 -0.939436382 -100.083604668 0.020199338 0.999560802 -0.021667061 0.436148838 0.939615282 -0.011573729 0.342037253 143.302665237
0.339495154 -0.028486455 -0.940176480 -100.536950522 0.020032251 0.999533505 -0.023051275 0.428357352 0.940394172 -0.011008072 0.339906856 143.474394551
0.334541368 -0.027956351 -0.941966310 -101.453836855 0.019879292 0.999546711 -0.022605043 0.417828254 0.942171557 -0.011163315 0.334945556 143.806862450
0.327095222 -0.024538667 -0.944672883 -102.429413576 0.015908778 0.999664175 -0.020458616 0.409300248 0.944857451 -0.008336701 0.327375481 144.144267565
0.323969805 -0.023401567 -0.945778040 -102.898891697 0.014023576 0.999702851 -0.019932117 0.404296506 0.945964051 -0.006805788 0.324201822 144.304524905
0.318819126 -0.024046961 -0.947510505 -103.822843780 0.013347293 0.999692906 -0.020880141 0.391151883 0.947721762 -0.005989768 0.319042299 144.626380705
0.311483712 -0.023313916 -0.949965470 -104.740261885 0.011429192 0.999718433 -0.020787380 0.379512976 0.950183493 -0.004382379 0.311662473 144.918665193
0.308810707 -0.022808742 -0.950849849 -105.203880184 0.009637069 0.999735611 -0.020851501 0.373466285 0.951074920 -0.002724200 0.308949882 145.069405456
0.302007288 -0.024648242 -0.952987652 -106.122201883 0.006472810 0.999695858 -0.023805036 0.356719386 0.953284007 0.001020749 0.302075100 145.361683899
0.296740142 -0.028645123 -0.954529231 -107.026533541 0.005936071 0.999586297 -0.028151890 0.337805605 0.954940342 0.002687596 0.296787287 145.655202122
0.293184874 -0.029671783 -0.955594965 -107.468473533 0.005529364 0.999554510 -0.029340239 0.330007558 0.956040127 0.003318248 0.293218615 145.787764276
0.286237530 -0.028430617 -0.957737491 -108.355455310 0.005789284 0.999592532 -0.027942842 0.320591291 0.958141291 0.002453686 0.286286063 146.052533309
0.280387973 -0.025827839 -0.959540021 -109.238503139 0.007038159 0.999666770 -0.024851279 0.314032055 0.959860625 0.000214515 0.280476260 146.317602065
0.277799207 -0.024669212 -0.960322895 -109.677529480 0.007362956 0.999695195 -0.023550682 0.310401197 0.960611018 -0.000528454 0.277895735 146.450357272
0.265314077 -0.023964492 -0.963864730 -111.406161813 0.009035481 0.999708808 -0.022368563 0.289074586 0.964119872 -0.002774330 0.265452711 146.943695566
0.261707674 -0.024615881 -0.964833131 -111.835441664 0.009616152 0.999691947 -0.022896831 0.282269217 0.965099922 -0.003285730 0.261863064 147.057261429
0.255557576 -0.026200235 -0.966439312 -112.698836346 0.010638092 0.999648775 -0.024287446 0.268141342 0.966735247 -0.004074250 0.255745982 147.294020820
0.248880454 -0.027550779 -0.968141956 -113.557523492 0.011061933 0.999611086 -0.025602523 0.253950739 0.968470981 -0.004337612 0.249088473 147.511111435
