1.000000000 0.000000000 -0.000000000 0.000000000 0.000000000 1.000000000 0.000000000 -0.000000000 -0.000000000 0.000000000 1.000000000 0.000000000
0.999990833 -0.004095487 0.001193565 0.012340703 0.004101308 0.999980496 -0.004826498 -0.083849063 -0.001172974 0.004831407 0.999987568 0.833131015
0.999981284 -0.005778060 0.001958646 0.020726254 0.005794088 0.999949987 -0.008243111 -0.140542356 -0.001910029 0.008254400 0.999963980 1.393210418
0.999972980 -0.006776561 0.002549435 0.028604706 0.006799738 0.999934698 -0.009181269 -0.167869552 -0.002486360 0.009198272 0.999954628 1.676764454
0.999951385 -0.009003097 0.003995239 0.042345224 0.009043812 0.999906601 -0.010304732 -0.221285033 -0.003901204 0.010340361 0.999938727 2.246187540
0.999910602 -0.012303956 0.005249353 0.061587845 0.012356689 0.999873141 -0.010125953 -0.271886916 -0.005123956 0.010189929 0.999934738 2.809987583
0.999889647 -0.013892176 0.005281695 0.064242040 0.013943769 0.999854894 -0.009855118 -0.296099070 -0.005143404 0.009927659 0.999937552 3.084773049
0.999845769 -0.016296319 0.006480765 0.078748886 0.016352393 0.999829098 -0.008691418 -0.345320417 -0.006337219 0.008796124 0.999940995 3.653838928
0.999808574 -0.017898138 0.007915686 0.093261839 0.017956346 0.999811954 -0.007345926 -0.394243032 -0.007781854 0.007486523 0.999941925 4.222931681
0.999797121 -0.018292401 0.008399277 0.098469967 0.018349462 0.999808886 -0.006754198 -0.419028791 -0.008274373 0.006906965 0.999942249 4.509652429
0.999800473 -0.017743799 0.009112745 0.117043785 0.017799960 0.999823685 -0.006121809 -0.469055062 -0.009002091 0.006282890 0.999939550 5.074238776
0.999808868 -0.016804499 0.009952697 0.124885544 0.016862239 0.999842071 -0.005743033 -0.519058705 -0.009854000 0.005909681 0.999934245 5.635654513
0.999807335 -0.016624383 0.010423681 0.132804919 0.016682941 0.999845363 -0.005547745 -0.544384399 -0.010329866 0.005720526 0.999930324 5.919388607
0.999797476 -0.016425655 0.011610047 0.156141184 0.016486677 0.999850976 -0.005177029 -0.594486745 -0.011521687 0.005367379 0.999919140 6.478826471
0.999788767 -0.016429388 0.012280242 0.173343193 0.016489295 0.999852561 -0.004791924 -0.645034686 -0.012199620 0.004993390 0.999913308 7.044834927
0.999778931 -0.016638419 0.012855786 0.179213404 0.016700412 0.999849792 -0.004724119 -0.670724663 -0.012774773 0.004937728 0.999906205 7.330739810
0.999773525 -0.015530355 0.014534630 0.198948782 0.015598412 0.999867977 -0.004581799 -0.722851939 -0.014460949 0.004807473 0.999883888 7.908593070
0.999781884 -0.014115606 0.015399693 0.211382032 0.014180099 0.999891188 -0.004088663 -0.773632495 -0.015340098 0.004306060 0.999873146 8.479722239
0.999787140 -0.013326773 0.015726190 0.217260387 0.013387715 0.999903945 -0.003775188 -0.798924163 -0.015673587 0.003984978 0.999868712 8.765662955
0.999781568 -0.011873455 0.017206060 0.238366150 0.011934194 0.999923645 -0.003432038 -0.850599472 -0.017162870 0.003636618 0.999846068 9.342087835
0.999766523 -0.011855306 0.018082173 0.260147230 0.011916521 0.999924276 -0.003276796 -0.902531747 -0.018041345 0.003491528 0.999831290 9.917755078
0.999746054 -0.012166875 0.018952348 0.264842444 0.012227697 0.999920488 -0.003094438 -0.926777927 -0.018912540 0.003325374 0.999815629 10.190333924
0.999737617 -0.011839949 0.019590263 0.282953232 0.011872296 0.999928876 -0.001530241 -0.973824978 -0.019570377 0.001762454 0.999807036 10.740997843
0.999715668 -0.011057070 0.021116539 0.302915352 0.011064596 0.999939565 -0.000238574 -1.022523002 -0.021112766 0.000472200 0.999777119 11.304234641
0.999702036 -0.010664885 0.021976193 0.308966088 0.010673018 0.999943427 -0.000250750 -1.047044129 -0.021971204 0.000485250 0.999758398 11.575319712
0.999691209 -0.009526616 0.022943714 0.327674622 0.009550684 0.999953907 -0.000940579 -1.098142035 -0.022932243 0.001159374 0.999736217 12.124884688
0.999670230 -0.009449908 0.023871475 0.348249351 0.009488713 0.999954355 -0.001513797 -1.150164002 -0.023855021 0.001739767 0.999713941 12.687087938
0.999674283 -0.009495271 0.023673491 0.360240381 0.009540675 0.999953484 -0.001802370 -1.176065593 -0.023654368 0.002027674 0.999718219 12.966363105
0.999646532 -0.009086249 0.024968517 0.378932016 0.009163325 0.999954165 -0.002971943 -1.227989990 -0.024940128 0.003199719 0.999684287 13.515853728
0.999606708 -0.010451245 0.026012030 0.401763716 0.010528033 0.999941358 -0.002810230 -1.277144490 -0.025980807 0.003083006 0.999657781 14.061186417
0.999576131 -0.010782301 0.027025954 0.419915065 0.010852007 0.999938048 -0.002433899 -1.301325897 -0.026997547 0.002726190 0.999631181 14.334005655
0.999529091 -0.010672725 0.028775511 0.436778170 0.010755852 0.999938625 -0.002732777 -1.350484056 -0.028744493 0.003040932 0.999581983 14.871023731
0.999470345 -0.011092575 0.030578069 0.470096660 0.011219066 0.999929548 -0.003967920 -1.403996589 -0.030531235 0.004308900 0.999524153 15.434061972
0.999445643 -0.010889783 0.031450514 0.476816199 0.011031258 0.999929889 -0.004327536 -1.429093328 -0.031400641 0.004672045 0.999495496 15.704360740
0.999396339 -0.010253611 0.033184446 0.508288243 0.010429954 0.999932861 -0.005144872 -1.480715901 -0.033127955 0.005487930 0.999436066 16.254847602
0.999342419 -0.010468880 0.034723020 0.534451944 0.010719142 0.999918221 -0.007028831 -1.533335971 -0.034645759 0.007396371 0.999372073 16.796195922
0.999307685 -0.009940237 0.035857692 0.549837277 0.010222774 0.999918557 -0.007703900 -1.559656068 -0.035777951 0.008065064 0.999327558 17.071760839
0.999294932 -0.009425843 0.036323566 0.583204631 0.009707196 0.999924979 -0.007574196 -1.610778748 -0.036248393 0.007921419 0.999311476 17.635014076
0.999233354 -0.009473383 0.037994971 0.612486077 0.009760264 0.999925589 -0.007370541 -1.662022572 -0.037921614 0.007735668 0.999250936 18.202663535
0.999226506 -0.008765570 0.038327164 0.623124436 0.009054433 0.999932610 -0.007367437 -1.687509808 -0.038258903 0.007708855 0.999238047 18.483445018
0.999182210 -0.007495351 0.039716567 0.657879074 0.007763000 0.999948997 -0.006588954 -1.737354031 -0.039664625 0.006891949 0.999189168 19.045344228
0.999161270 -0.006318222 0.040455148 0.687397442 0.006522109 0.999966622 -0.004907390 -1.784670717 -0.040422924 0.005167084 0.999169185 19.598422015
0.999133565 -0.006282323 0.041139474 0.700100031 0.006468817 0.999970165 -0.004399533 -1.809056800 -0.041110228 0.004661859 0.999144147 19.877099000
0.999081390 -0.007442639 0.042191290 0.734339313 0.007623736 0.999962817 -0.004131287 -1.858480936 -0.042158128 0.004449099 0.999101432 20.424845558
0.999036535 -0.008886930 0.042976491 0.775429499 0.009021092 0.999955799 -0.002929936 -1.905695025 -0.042947722 0.003314872 0.999071775 20.965445737
0.999081466 -0.009000630 0.041894257 0.790198965 0.009084155 0.999957429 -0.001805102 -1.928850504 -0.041875077 0.002183958 0.999120411 21.242029869
0.999170489 -0.008923699 0.039729736 0.813076476 0.008943922 0.999960249 -0.000328884 -1.975764518 -0.039724785 0.000683937 0.999210773 21.787564117
0.999267569 -0.008222667 0.037364465 0.838631639 0.008234566 0.999966155 -0.000162569 -2.024861490 -0.037360680 0.000470130 0.999301697 22.329963902
0.999308254 -0.008078038 0.036290636 0.848770930 0.008089992 0.999967828 -0.000181055 -2.049132022 -0.036287533 0.000474474 0.999341553 22.596664397
0.999426500 -0.007061696 0.033112177 0.865643197 0.007070362 0.999974985 -0.000142055 -2.097842084 -0.033110432 0.000376017 0.999451825 23.133722784
0.999506984 -0.007611774 0.030446790 0.891863906 0.007628227 0.999971443 -0.000420050 -2.147673993 -0.030441843 0.000652049 0.999536517 23.675321933
0.999560934 -0.007460531 0.028667220 0.899955051 0.007478456 0.999972342 -0.000516291 -2.172259019 -0.028662029 0.000730473 0.999588600 23.944197696
0.999620940 -0.006673502 0.026689713 0.921608293 0.006682215 0.999977713 -0.000235524 -2.220139004 -0.026686714 0.000413757 0.999644219 24.476189118
0.999633030 -0.005454454 0.026513749 0.939328056 0.005475631 0.999985075 -0.000724849 -2.268345448 -0.026508829 0.000869759 0.999647984 24.997633328
0.999644306 -0.004644267 0.026261105 0.954222261 0.004677271 0.999988689 -0.001192846 -2.293060491 -0.026254821 0.001315230 0.999654265 25.259152194
0.999660816 -0.003260724 0.025839020 0.977373273 0.003320340 0.999991937 -0.002263929 -2.341918623 -0.025829992 0.002348888 0.999663710 25.774661617
0.999664578 -0.004122203 0.025556092 0.999672311 0.004200499 0.999986744 -0.003009661 -2.391499443 -0.025542146 0.003115906 0.999668610 26.305765510
0.999670112 -0.003322177 0.025456695 1.010485495 0.003405753 0.999989753 -0.003239077 -2.416096645 -0.025445327 0.003324817 0.999670503 26.571702097
0.999701045 -0.002558093 0.024300637 1.028532555 0.002640580 0.999991011 -0.003364188 -2.466260461 -0.024290997 0.003427421 0.999698625 27.122085626
0.999717486 -0.004474374 0.023335035 1.051078492 0.004531788 0.999987071 -0.002406354 -2.511426215 -0.023323661 0.002511367 0.999725149 27.638661742
0.999719371 -0.004416286 0.023270545 1.062779687 0.004465142 0.999988436 -0.002044826 -2.533538213 -0.023260858 0.002148102 0.999727534 27.889162419
0.999729450 -0.004797740 0.022763260 1.080540577 0.004831917 0.999987400 -0.001444696 -2.579733199 -0.022755505 0.001554208 0.999740221 28.410787583
0.999725824 -0.005647343 0.022716443 1.103243828 0.005676264 0.999983481 -0.001204590 -2.624865282 -0.022708646 0.001333185 0.999740917 28.912441765
0.999714206 -0.005246582 0.023306313 1.112386204 0.005277857 0.999985233 -0.001278615 -2.646642661 -0.023298515 0.001401226 0.999727550 29.150985661
0.999712426 -0.005436853 0.023334078 1.135930639 0.005477655 0.999983743 -0.001679776 -2.691579816 -0.023324381 0.001807093 0.999726421 29.636997894
0.999723053 -0.006045479 0.022746955 1.155557679 0.006101592 0.999979223 -0.002393331 -2.736056770 -0.022731786 0.002531483 0.999738604 30.112533683
0.999730272 -0.006062585 0.022393761 1.158737161 0.006126413 0.999977774 -0.002783512 -2.757558991 -0.022375276 0.002919861 0.999745551 30.342788048
0.999720844 -0.006310380 0.022777714 1.185492319 0.006393086 0.999973292 -0.003562272 -2.804232870 -0.022754295 0.003706942 0.999733815 30.839896407
0.999692259 -0.006937034 0.023809594 1.203598581 0.007024492 0.999969572 -0.003590601 -2.848856899 -0.023783011 0.003756760 0.999710379 31.331812969
0.999690434 -0.007162401 0.023822478 1.218028737 0.007240003 0.999969328 -0.003170350 -2.870642511 -0.023798215 0.003341850 0.999711091 31.579404929
0.999666251 -0.007817711 0.024606841 1.238190272 0.007891752 0.999964898 -0.002911433 -2.914603526 -0.024582979 0.003104673 0.999693330 32.069177577
0.999644643 -0.007953345 0.025425556 1.257447710 0.008049789 0.999960831 -0.003691779 -2.961836405 -0.025394846 0.003895142 0.999669625 32.574315366
0.999640775 -0.008027182 0.025551208 1.265037955 0.008129690 0.999959592 -0.003909238 -2.985294347 -0.025517475 0.004115465 0.999666064 32.829102079
0.999615587 -0.008631566 0.026341937 1.289099578 0.008734866 0.999954752 -0.003810090 -3.030561969 -0.026307848 0.004038715 0.999645667 33.329275028
0.999606407 -0.009821319 0.026286936 1.310460134 0.009904206 0.999946727 -0.003022838 -3.074791770 -0.026255476 0.003282021 0.999650091 33.832479420
0.999601489 -0.009899502 0.026410965 1.316210041 0.009973685 0.999947026 -0.002676908 -3.096061021 -0.026382566 0.002939251 0.999647946 34.074741627
0.999584405 -0.010036906 0.027009016 1.343655786 0.010127368 0.999943841 -0.003213744 -3.142245037 -0.026974038 0.003485894 0.999629973 34.571159535
0.999555433 -0.010919414 0.027737999 1.362583280 0.011046693 0.999929050 -0.004439621 -3.187649994 -0.027686767 0.004743919 0.999605983 35.047346360
0.999563965 -0.010301024 0.027668975 1.372390387 0.010442136 0.999933846 -0.004955408 -3.210202139 -0.027616144 0.005242176 0.999604987 35.285086036
0.999565958 -0.010426490 0.027553478 1.394066997 0.010582988 0.999928600 -0.005542129 -3.254294896 -0.027493322 0.005831334 0.999604886 35.758452829
0.999565398 -0.011121690 0.027298871 1.413166872 0.011318359 0.999911555 -0.007056220 -3.298929311 -0.027217032 0.007362091 0.999602335 36.219784008
0.999546733 -0.012103325 0.027568866 1.419755112 0.012313553 0.999896880 -0.007468067 -3.320143042 -0.027474953 0.007804130 0.999592381 36.446391726
0.999499587 -0.013548049 0.028564853 1.448256160 0.013778387 0.999874325 -0.007882032 -3.363320255 -0.028453720 0.008271566 0.999561530 36.912495684
0.999492387 -0.013000202 0.029078319 1.468748205 0.013255352 0.999875649 -0.008599764 -3.406437228 -0.028961978 0.008980733 0.999540801 37.372494336
0.999492333 -0.012507321 0.029283007 1.479263001 0.012758743 0.999883374 -0.008413472 -3.427663062 -0.029173967 0.008782836 0.999535536 37.609618810
0.999493180 -0.011374810 0.029727846 1.497785897 0.011589568 0.999908062 -0.007061683 -3.467230935 -0.029643773 0.007402626 0.999532980 38.072140306
0.999510077 -0.008726789 0.030058551 1.512375721 0.008923607 0.999939841 -0.006416871 -3.507105351 -0.030000516 0.006681967 0.999527185 38.524116380
0.999508347 -0.007367534 0.030464128 1.521703508 0.007566815 0.999951436 -0.006429874 -3.527474894 -0.030414780 0.006657180 0.999515924 38.747861963
0.999544442 -0.006945167 0.029355284 1.534568163 0.007156681 0.999949320 -0.007103443 -3.567188197 -0.029304454 0.007310297 0.999543791 39.172206162
0.999565389 -0.005419500 0.028967310 1.551550487 0.005625017 0.999960381 -0.007015588 -3.605226952 -0.028927598 0.007175495 0.999556245 39.592293888
0.999566719 -0.005345866 0.028952944 1.561065519 0.005549244 0.999961189 -0.006947497 -3.624099040 -0.028913913 0.007105116 0.999557244 39.801249221
0.999548486 -0.005422928 0.029544395 1.574100722 0.005662051 0.999952358 -0.008017109 -3.663131421 -0.029498395 0.008180813 0.999530975 40.210729713
0.999563792 -0.004537103 0.029177138 1.593605828 0.004786639 0.999952837 -0.008485680 -3.703267312 -0.029137845 0.008621619 0.999538415 40.642615661
0.999570028 -0.003709846 0.029079398 1.601752715 0.003959633 0.999955634 -0.008536719 -3.722481832 -0.029045397 0.008648100 0.999540796 40.853009228
0.999542324 -0.001647291 0.030200656 1.618731170 0.001907039 0.999961665 -0.008572185 -3.760709784 -0.030185400 0.008625783 0.999507158 41.273079933
0.999526625 0.000881045 0.030756548 1.634346571 -0.000616812 0.999962790 -0.008597588 -3.799031224 -0.030762551 0.008574469 0.999490166 41.694611267
0.999524947 0.002790824 0.030683345 1.633822777 -0.002532506 0.999961711 -0.008457393 -3.817261372 -0.030705320 0.008375675 0.999493391 41.899717185
0.999517195 0.003739250 0.030850197 1.653707257 -0.003474820 0.999957593 -0.008618607 -3.854163368 -0.030880727 0.008507292 0.999487079 42.302044132
0.999491621 0.006338442 0.031239117 1.668814224 -0.006061966 0.999941733 -0.008934182 -3.891726160 -0.031293471 0.008740303 0.999471702 42.709453271
0.999496500 0.006765605 0.031000495 1.674415118 -0.006486871 0.999938020 -0.009079931 -3.909978724 -0.031060075 0.008874265 0.999478292 42.907946494
0.999494728 0.006822036 0.031042694 1.694483178 -0.006537642 0.999936451 -0.009253951 -3.945562504 -0.031103691 0.009046329 0.999475228 43.295467065
0.999460998 0.008542209 0.031678347 1.707946416 -0.008271147 0.999928441 -0.008676220 -3.978981096 -0.031749911 0.008409512 0.999460379 43.675602657
0.999446969 0.009700237 0.031797583 1.718332763 -0.009436046 0.999919774 -0.008446971 -3.996184514 -0.031877077 0.008142200 0.999459190 43.869048623
0.999403552 0.012768724 0.032082866 1.732442001 -0.012491449 0.999883085 -0.008828055 -4.031293983 -0.032191696 0.008421943 0.999446511 44.248297580
0.999383071 0.014423655 0.032028188 1.748454489 -0.014171987 0.999867856 -0.008071063 -4.065515207 -0.032139473 0.007612292 0.999454573 44.640347850
0.999366281 0.015505168 0.032030298 1.755454271 -0.015280064 0.999857735 -0.007258518 -4.081921724 -0.032137771 0.006764560 0.999460692 44.837538106
0.999296271 0.018198937 0.032776317 1.766861627 -0.017978789 0.999814035 -0.006998039 -4.116033203 -0.032897236 0.006403663 0.999438745 45.219814924
0.999282887 0.016826946 0.033923413 1.789201113 -0.016631839 0.999844107 -0.006023165 -4.148042519 -0.034018610 0.005454675 0.999406300 45.590528538
0.999276318 0.017068179 0.033988910 1.795707528 -0.016904439 0.999844897 -0.005098591 -4.162953516 -0.034070095 0.004520358 0.999409679 45.773662890
0.999261032 0.018635461 0.033611877 1.817343193 -0.018487543 0.999818220 -0.004706020 -4.196099946 -0.033692360 0.004081137 0.999423803 46.145008727
0.999218925 0.019482840 0.034372027 1.831114749 -0.019296355 0.999797267 -0.005749207 -4.229759887 -0.034476798 0.005081477 0.999392542 46.495272678
0.999179665 0.020883252 0.034684483 1.839635308 -0.020698987 0.999770177 -0.005664174 -4.246019328 -0.034793718 0.004941535 0.999382098 46.676082161
0.999144057 0.022336724 0.034813791 1.858712764 -0.022151183 0.999738323 -0.005707908 -4.278801266 -0.034931256 0.004931784 0.999377821 47.035473904
0.999146372 0.022920274 0.034356940 1.869593158 -0.022719746 0.999722986 -0.006213205 -4.313060248 -0.034489846 0.005427316 0.999390783 47.403547008
0.999146873 0.023134940 0.034203446 1.880647901 -0.022931089 0.999717492 -0.006340960 -4.330859194 -0.034339943 0.005551226 0.999394573 47.596204879
0.999168363 0.021778913 0.034464361 1.906319999 -0.021536372 0.999741157 -0.007394099 -4.366304205 -0.034615626 0.006645693 0.999378647 47.962936812
0.999191191 0.021373107 0.034060084 1.917800379 -0.021039964 0.999727828 -0.010111386 -4.404504509 -0.034265924 0.009386605 0.999368898 48.329920826
0.999189013 0.022619558 0.033307933 1.925418675 -0.022264048 0.999691574 -0.011004713 -4.423946195 -0.033546339 0.010254219 0.999384114 48.526103513
0.999201057 0.023455448 0.032343580 1.940873254 -0.023082140 0.999663822 -0.011865401 -4.459828496 -0.032610695 0.011109488 0.999406242 48.903813905
0.999244939 0.024679995 0.030007500 1.951032317 -0.024285913 0.999615356 -0.013426117 -4.496080957 -0.030327199 0.012687147 0.999459584 49.272442191
0.999245456 0.025478941 0.029306736 1.952688127 -0.025058016 0.999578707 -0.014640695 -4.515227570 -0.029667605 0.013895299 0.999463031 49.460337138
0.999310440 0.025822846 0.026662347 1.966721218 -0.025373429 0.999532732 -0.017059325 -4.554061225 -0.027090449 0.016371007 0.999499209 49.839251060
0.999395731 0.025088879 0.024043450 1.978721841 -0.024631542 0.999513540 -0.019129812 -4.592442630 -0.024511199 0.018526075 0.999527692 50.220409227
0.999440254 0.024972324 0.022252026 1.982433532 -0.024527943 0.999498606 -0.020023489 -4.610896356 -0.022740045 0.019466494 0.999551926 50.406162948
0.999504582 0.024989086 0.019139754 1.984087170 -0.024568855 0.999458404 -0.021886439 -4.645742422 -0.019675471 0.021405404 0.999576895 50.754616587
0.999522716 0.026359903 0.016106711 1.988305124 -0.025983089 0.999394423 -0.023172343 -4.680654250 -0.016707516 0.022742744 0.999601660 51.115051194
0.999522919 0.027419684 0.014190614 1.994753106 -0.027076989 0.999350096 -0.023803164 -4.698423112 -0.014833807 0.023407640 0.999615777 51.297928447
0.999519597 0.029352126 0.009925462 1.991504288 -0.029104658 0.999282879 -0.024217099 -4.732380368 -0.010629127 0.023916546 0.999657337 51.666528649
0.999509696 0.030756769 0.005865854 1.986893026 -0.030603605 0.999228841 -0.024612830 -4.766401239 -0.006617820 0.024421230 0.999679781 52.036592168
0.999514185 0.030943387 0.003709677 1.990636480 -0.030842944 0.999220988 -0.024625920 -4.783301561 -0.004468551 0.024499597 0.999690205 52.222485636
0.999509877 0.031238787 -0.001870173 1.980624915 -0.031274144 0.999234682 -0.023518740 -4.815157172 0.001134882 0.023565813 0.999721545 52.598620105
0.999502797 0.030580209 -0.007644759 1.973350251 -0.030742696 0.999283316 -0.022113563 -4.846298045 0.006964248 0.022337656 0.999726408 52.971880794
0.999486588 0.030191433 -0.010699611 1.973017569 -0.030418268 0.999301937 -0.021726080 -4.862841541 0.010035674 0.022040427 0.999706902 53.162213482
0.999357754 0.030932858 -0.018080521 1.957508381 -0.031324672 0.999271373 -0.021804428 -4.897291679 0.017393590 0.022356781 0.999598523 53.543990702
0.999166090 0.030941399 -0.026630233 1.940611095 -0.031544136 0.999248824 -0.022520978 -4.933060106 0.025912957 0.023342242 0.999391907 53.927118365
0.999023251 0.031086740 -0.031399701 1.925448841 -0.031802824 0.999239454 -0.022570814 -4.950269708 0.030674449 0.023547326 0.999252717 54.118625603
0.998577175 0.033386570 -0.041561902 1.897674600 -0.034340846 0.999158432 -0.022462906 -4.985441756 0.040777203 0.023858263 0.998883773 54.513559237
0.998001947 0.034027543 -0.053232283 1.862093870 -0.035247094 0.999133952 -0.022141436 -5.018309281 0.052432796 0.023973544 0.998336750 54.887664501
0.997688517 0.034602102 -0.058479700 1.844403744 -0.035927623 0.999118164 -0.021766734 -5.033670690 0.057676432 0.023817516 0.998051197 55.067351122
0.996845178 0.037513510 -0.069937317 1.797134555 -0.039044017 0.999024811 -0.020646086 -5.062040848 0.069094902 0.023311636 0.997337516 55.410307444
0.995791435 0.040364025 -0.082274309 1.756515793 -0.042061623 0.998934336 -0.019005144 -5.090345665 0.081419965 0.022385737 0.996428598 55.760849409
0.995220132 0.041361544 -0.088464391 1.728112746 -0.043144544 0.998900458 -0.018337719 -5.104748421 0.087609546 0.022066757 0.995910937 55.937449626
0.994048214 0.042120210 -0.100466791 1.679303234 -0.044039508 0.998885864 -0.016962720 -5.134221594 0.099640360 0.021286306 0.994795561 56.296700723
0.992986744 0.038393149 -0.111810440 1.630946777 -0.040514377 0.999038515 -0.016760912 -5.167161916 0.111059978 0.021173297 0.993588858 56.669830352
0.992455083 0.036204403 -0.117140672 1.601132218 -0.038499551 0.999108106 -0.017389187 -5.184028098 0.116407278 0.021767905 0.992963069 56.847677994
0.991125130 0.031492663 -0.129144324 1.551523396 -0.034248825 0.999229754 -0.019176032 -5.219308555 0.128441424 0.023428932 0.991440228 57.207141176
0.989688821 0.029953087 -0.140066682 1.490690166 -0.033232059 0.999224570 -0.021129825 -5.253021076 0.139324995 0.025566733 0.989916576 57.549382322
0.988949247 0.030333345 -0.145115741 1.458805065 -0.033947448 0.999170849 -0.022493705 -5.271297101 0.144313413 0.027171432 0.989158719 57.729306692
0.987530392 0.031670785 -0.154208084 1.384940658 -0.036212436 0.998986848 -0.026731629 -5.309915709 0.153205051 0.031982612 0.987676512 58.085062356
0.986152601 0.031824953 -0.162758782 1.320457268 -0.037249124 0.998843982 -0.030383212 -5.348062928 0.161604164 0.036024987 0.986197771 58.445502112
0.985409677 0.030689163 -0.167404543 1.282624543 -0.036486366 0.998832940 -0.031664075 -5.365316967 0.166237958 0.037310071 0.985379895 58.617204137
0.984120683 0.027757024 -0.175316422 1.217686470 -0.034251950 0.998831130 -0.034129840 -5.400076700 0.174163997 0.039592916 0.983920024 58.963758193
0.983051096 0.023807089 -0.181778739 1.156205815 -0.030717522 0.998905269 -0.035294929 -5.432168048 0.180740195 0.040280493 0.982705869 59.306879704
0.982518051 0.023564324 -0.184667243 1.117755798 -0.030508272 0.998927492 -0.034851864 -5.446327172 0.183648237 0.039876548 0.982182521 59.479594673
0.981145795 0.024540807 -0.191702875 1.046312260 -0.031594931 0.998928105 -0.033826941 -5.474062351 0.190667904 0.039245929 0.980870385 59.819200908
0.979717452 0.026198125 -0.198660557 0.969559157 -0.033586220 0.998860889 -0.033910994 -5.502854772 0.197546420 0.039895501 0.979481210 60.149663226
0.979029669 0.026359820 -0.202003288 0.925837445 -0.033809470 0.998866192 -0.033516837 -5.516219002 0.200891741 0.039643524 0.978811063 60.313400901
0.977593784 0.025781937 -0.208915501 0.853037163 -0.033247862 0.998925317 -0.032303777 -5.543738981 0.207857813 0.038525999 0.977400082 60.654495535
0.976005555 0.025156991 -0.216288307 0.771449336 -0.033308830 0.998862834 -0.034126928 -5.575990316 0.215184164 0.040512369 0.975732895 60.989788322
0.975181236 0.025619599 -0.219920071 0.724942876 -0.034208393 0.998790525 -0.035335106 -5.592409347 0.218748637 0.041981250 0.974877930 61.156189261
0.973751078 0.025701559 -0.226160429 0.644055205 -0.034881527 0.998718331 -0.036687670 -5.623702807 0.224928317 0.043613509 0.973398792 61.490833700
0.972464026 0.026383293 -0.231553242 0.563354168 -0.036138678 0.998624965 -0.037989376 -5.653528685 0.230232958 0.045311299 0.972080426 61.810685201
0.971715476 0.028111011 -0.234472949 0.515665993 -0.038365542 0.998491552 -0.039287401 -5.668832525 0.233015088 0.047171864 0.971327825 61.963730541
0.970180695 0.029554317 -0.240573808 0.430997882 -0.040893343 0.998269334 -0.042277259 -5.700627885 0.238908081 0.050854462 0.969709483 62.272887019
0.968550519 0.029677490 -0.247040602 0.342920402 -0.042134007 0.998085752 -0.045289202 -5.732741609 0.245223823 0.054273663 0.967946493 62.585687456
0.967596631 0.028262761 -0.250913880 0.299974925 -0.041430663 0.998019462 -0.047352794 -5.749087422 0.249078197 0.056213948 0.966850569 62.733497418
0.965533452 0.024177573 -0.259152608 0.212041323 -0.038788752 0.997924335 -0.051415586 -5.781824685 0.257371934 0.059695669 0.964466702 63.031316796
0.963623571 0.021059313 -0.266430067 0.123664235 -0.036736732 0.997865350 -0.053995543 -5.810626788 0.264724376 0.061819137 0.962340317 63.315299745
0.962584414 0.020570607 -0.270198665 0.079411693 -0.036619004 0.997843206 -0.054488071 -5.824327718 0.268495979 0.062343805 0.961261676 63.464816686
0.960678186 0.022325755 -0.276763404 -0.012948688 -0.038766034 0.997784481 -0.054073100 -5.848232275 0.274943189 0.062675816 0.959415779 63.753647347
0.958515783 0.024565053 -0.283977586 -0.103271918 -0.041521377 0.997686399 -0.053844772 -5.872360055 0.281998619 0.063402250 0.957317324 64.040254367
0.955151207 0.027694389 -0.294819396 -0.257233735 -0.045505018 0.997519096 -0.053722979 -5.908365232 0.292599943 0.064729335 0.954041654 64.467993526
0.953052503 0.028934874 -0.301417923 -0.354177668 -0.047102806 0.997473998 -0.053180712 -5.931104526 0.299118689 0.064881717 0.952007439 64.747145692
0.951881533 0.028967675 -0.305092580 -0.404351366 -0.047286481 0.997483804 -0.052824550 -5.942488967 0.302795155 0.064709447 0.950856087 64.888556743
0.949540312 0.029209079 -0.312281449 -0.507428741 -0.047854000 0.997489104 -0.052207949 -5.965634026 0.309972901 0.064517525 0.948553946 65.174283085
0.947223959 0.029903446 -0.319174373 -0.615060348 -0.048561934 0.997534586 -0.050659700 -5.986179909 0.316873456 0.063485767 0.946340745 65.450459929
0.946157564 0.030633226 -0.322252357 -0.664523505 -0.049158385 0.997563965 -0.049504708 -5.996098631 0.319951089 0.062680771 0.945357955 65.591268320
0.944166007 0.031178184 -0.327991512 -0.764655561 -0.049606256 0.997616579 -0.047966857 -6.015995895 0.325714235 0.061559033 0.943462489 65.859423796
0.942287174 0.031719960 -0.333299085 -0.863463245 -0.050398813 0.997596983 -0.047543957 -6.037691635 0.330991001 0.061597913 0.941621157 66.125948438
0.941573157 0.031921844 -0.335291836 -0.910040535 -0.050605048 0.997606508 -0.047131951 -6.047270216 0.332985388 0.061345679 0.940934720 66.248924385
0.940186310 0.032242351 -0.339130668 -1.001118871 -0.050603290 0.997684665 -0.045436063 -6.064738719 0.336881679 0.059879399 0.939641408 66.492824634
0.938619351 0.033263786 -0.343345225 -1.100375538 -0.051340327 0.997725394 -0.043690581 -6.082768157 0.341110931 0.058636360 0.938192532 66.745488659
0.937914463 0.034303510 -0.345165006 -1.149686268 -0.052492787 0.997673934 -0.043486348 -6.092892195 0.342871414 0.058905101 0.937533708 66.871353615
0.936544856 0.037218012 -0.348566420 -1.258390733 -0.056125600 0.997441273 -0.044299756 -6.114659153 0.346026143 0.061052175 0.936236790 67.119039721
0.935331119 0.040388693 -0.351459722 -1.354320082 -0.059943867 0.997190649 -0.044933074 -6.136383187 0.348658386 0.063095106 0.935124370 67.367698773
0.934588677 0.041807188 -0.353264930 -1.405688119 -0.061647627 0.997079186 -0.045094088 -6.147269816 0.350347468 0.063922412 0.934435460 67.495698685
0.933148498 0.044970171 -0.356666571 -1.514367134 -0.065321410 0.996839377 -0.045214399 -6.167792059 0.353507372 0.065489657 0.933136753 67.743496767
0.931667818 0.046892551 -0.360272569 -1.625282149 -0.067765326 0.996663212 -0.045517449 -6.190156124 0.356935828 0.066821187 0.931735633 68.008257679
0.931119629 0.047836929 -0.361563048 -1.677323061 -0.068852733 0.996590757 -0.045458922 -6.200666294 0.358156726 0.067222176 0.931238827 68.137025978
0.929793662 0.049278323 -0.364766159 -1.779536041 -0.070499392 0.996493195 -0.045082192 -6.222481244 0.361265526 0.067633006 0.930007301 68.407212495
0.928292960 0.049306719 -0.368566171 -1.888412073 -0.070993531 0.996438974 -0.045505065 -6.244978913 0.365010753 0.068407875 0.928486374 68.669757828
0.927732981 0.048727100 -0.370049364 -1.940489429 -0.070857683 0.996405280 -0.046440029 -6.257271514 0.366456672 0.069304849 0.927850164 68.798365775
0.926604052 0.048986997 -0.372832153 -2.051946065 -0.071984774 0.996249771 -0.048005589 -6.280500038 0.369083439 0.071320436 0.926655688 69.048858475
0.925413171 0.051735371 -0.375411017 -2.159420764 -0.074943367 0.996057095 -0.047473670 -6.301032167 0.371475973 0.072067296 0.925641368 69.310111592
0.924798538 0.053385844 -0.376692823 -2.213479281 -0.076499779 0.995977214 -0.046658023 -6.310363173 0.372686529 0.071966154 0.925162474 69.441189530
0.923497813 0.055883843 -0.379510404 -2.322787397 -0.078888089 0.995853136 -0.045323742 -6.328368049 0.375404634 0.071795292 0.924076613 69.689948600
0.922309085 0.056951330 -0.382234344 -2.429578839 -0.080015787 0.995791247 -0.044704857 -6.348768792 0.378079641 0.071816432 0.922983663 69.950479017
0.921712657 0.056779851 -0.383693393 -2.488256944 -0.079970143 0.995792865 -0.044745672 -6.358697051 0.379538561 0.071926725 0.922375822 70.071719900
0.920647626 0.055030093 -0.386496202 -2.590324622 -0.078584030 0.995873428 -0.045395482 -6.381065836 0.382404477 0.072165644 0.921172742 70.326931629
0.919746825 0.052453280 -0.388989568 -2.697164928 -0.076293732 0.996020636 -0.046084722 -6.403856431 0.385024747 0.072063818 0.920088704 70.587247050
0.919230945 0.051403632 -0.390347186 -2.750578667 -0.075340090 0.996085085 -0.046247407 -6.414938061 0.386442384 0.071920864 0.919505299 70.717432979
0.918151463 0.050819475 -0.392957091 -2.872207825 -0.074957592 0.996110693 -0.046316884 -6.436403219 0.389075708 0.071981074 0.918389229 70.979102113
0.917136598 0.050690877 -0.395335340 -2.979027160 -0.075088793 0.996093713 -0.046476520 -6.458168169 0.391435661 0.072310676 0.917359805 71.239509803
0.916426946 0.050908640 -0.396951625 -3.041120538 -0.075567444 0.996046344 -0.046717832 -6.468703566 0.393003786 0.072810060 0.916649827 71.364368667
0.915258543 0.051850568 -0.399515305 -3.160740642 -0.077303619 0.995858929 -0.047850156 -6.491766112 0.395380631 0.074679239 0.915476943 71.623690537
0.914386605 0.052265109 -0.401453334 -3.262631867 -0.078350723 0.995729728 -0.048825250 -6.513165201 0.397187125 0.076099335 0.914577527 71.864064537
0.913981329 0.052243588 -0.402378303 -3.318599946 -0.078649455 0.995679686 -0.049372206 -6.523693141 0.398060298 0.076772118 0.914140766 71.982313393
0.912955807 0.051764945 -0.404761236 -3.420512142 -0.079014996 0.995573709 -0.050897769 -6.546117875 0.400336147 0.078449631 0.913004689 72.222595124
0.912050262 0.050909083 -0.406906031 -3.529244907 -0.079012285 0.995487631 -0.052552362 -6.569268955 0.402393910 0.080080978 0.911957186 72.470156711
0.911613180 0.050720425 -0.407907284 -3.589311518 -0.079251005 0.995427122 -0.053340194 -6.580535418 0.403336170 0.080952747 0.911463626 72.592746246
0.910794228 0.050231967 -0.409792632 -3.699404895 -0.079616628 0.995310365 -0.054949651 -6.603660495 0.405111653 0.082674175 0.910521870 72.841779212
0.909736551 0.049209057 -0.412259365 -3.814101979 -0.079649874 0.995194137 -0.056973623 -6.626606123 0.407474188 0.084667473 0.909283170 73.081044997
0.909384748 0.048151391 -0.413158905 -3.863465644 -0.079184483 0.995153242 -0.058309941 -6.639319167 0.408348693 0.085741980 0.908789556 73.206677041
0.908675992 0.046944212 -0.414853368 -3.976137590 -0.079232671 0.994990623 -0.060956261 -6.663075522 0.409913906 0.088259342 0.907844352 73.443666331
0.908006762 0.046133416 -0.416406167 -4.083503024 -0.079229510 0.994892409 -0.062542798 -6.685924002 0.411394993 0.089780930 0.907024346 73.689786101
0.907642925 0.045335621 -0.417288291 -4.142189477 -0.078587183 0.994925176 -0.062842960 -6.696260527 0.412321492 0.089832438 0.906598504 73.810990256
0.907012911 0.043959887 -0.418800615 -4.250870731 -0.077334355 0.995010117 -0.063043919 -6.716892305 0.413940094 0.089569310 0.905887088 74.058778484
0.906798594 0.043193180 -0.419345343 -4.362802004 -0.077021856 0.994969387 -0.064069956 -6.737709200 0.414469065 0.090397246 0.905563230 74.295297694
0.906865616 0.042257303 -0.419294495 -4.409420827 -0.076388773 0.994961256 -0.064942516 -6.749319155 0.414438141 0.090923585 0.905524220 74.418090895
0.906935209 0.041407960 -0.419229828 -4.505705979 -0.076351966 0.994833291 -0.066913657 -6.770479898 0.414293376 0.092695338 0.905410672 74.637685214
0.906735720 0.042149387 -0.419587664 -4.607868716 -0.077139690 0.994782766 -0.066770125 -6.787193201 0.414584221 0.092909850 0.905255180 74.849365348
0.906737038 0.042104578 -0.419590407 -4.653597492 -0.077169950 0.994768458 -0.066942677 -6.796218375 0.414576457 0.093079082 0.905241760 74.956731596
0.906696763 0.042407357 -0.419646295 -4.753908285 -0.077567636 0.994728531 -0.067071962 -6.814552778 0.414590128 0.093364775 0.905206437 75.180987298
0.906697761 0.042642472 -0.419618761 -4.854211749 -0.077785079 0.994717325 -0.066990252 -6.832528703 0.414545508 0.093380096 0.905224240 75.405275249
0.906575364 0.042028350 -0.419946332 -4.903369440 -0.077490805 0.994689559 -0.067737537 -6.842828182 0.414869939 0.093951104 0.905017443 75.516199458
0.906340169 0.042247708 -0.420430268 -5.005776632 -0.078521895 0.994498467 -0.069339271 -6.863837058 0.415188288 0.095857940 0.904671198 75.742418118
0.905962929 0.042952179 -0.421170913 -5.110061014 -0.080334783 0.994207328 -0.071412948 -6.884459591 0.415663844 0.098532208 0.904165485 75.955950130
0.905791594 0.043157751 -0.421519517 -5.157849745 -0.080879781 0.994118834 -0.072016197 -6.894376807 0.415933789 0.099324046 0.903954733 76.065439689
0.905253453 0.042181406 -0.422773448 -5.255980935 -0.080630593 0.994033233 -0.073470551 -6.913627675 0.417151923 0.100597945 0.903251946 76.272484419
0.904802510 0.039274150 -0.424016058 -5.341181731 -0.078523604 0.994050034 -0.075487612 -6.932901528 0.418528344 0.101596601 0.902503413 76.465571204
0.904775245 0.037385664 -0.424245384 -5.386071563 -0.076889755 0.994110325 -0.076376892 -6.941841309 0.418891319 0.101724007 0.902320760 76.557285650
0.904523991 0.034597432 -0.425017360 -5.469174943 -0.074161849 0.994278085 -0.076894900 -6.958390900 0.419925528 0.101073402 0.901912473 76.748413955
0.904033495 0.035080925 -0.426018058 -5.560226449 -0.074432056 0.994320600 -0.076070540 -6.971902893 0.420930762 0.100479762 0.901510390 76.933704803
0.903739976 0.036078136 -0.426557870 -5.605751897 -0.075407135 0.994277853 -0.075668001 -6.978643953 0.421387686 0.100549676 0.901289623 77.026351570
