1.000000000 -0.000000000 -0.000000000 0.000000000 0.000000000 1.000000000 0.000000000 0.000000000 0.000000000 -0.000000000 1.000000000 0.000000000
0.999997861 -0.001603013 -0.001375610 0.001539079 0.001615034 0.999960930 0.008747278 0.010470308 0.001360564 -0.008749487 0.999960164 0.229217333
0.999997569 -0.001750242 -0.001502600 0.005854222 0.001771193 0.999900275 0.014021670 0.015208987 0.001477596 -0.014024345 0.999900381 0.449725797
0.999999093 -0.000970074 -0.001149421 0.013860349 0.000987683 0.999880668 0.015417147 0.015570890 0.001133434 -0.015418271 0.999880383 0.558089838
0.999996570 0.001200526 -0.002248999 0.009921133 -0.001162005 0.999854923 0.017037798 0.014072399 0.002267988 -0.017035176 0.999852035 0.771668247
0.999989614 0.002335630 -0.003944097 0.002409467 -0.002262727 0.999828734 0.018388157 0.011805482 0.003986198 -0.018379084 0.999822478 0.996686825
0.999985773 0.002752769 -0.004461744 0.008351132 -0.002667954 0.999818260 0.018888008 0.010449550 0.004512427 -0.018875867 0.999811576 1.111698387
0.999977616 0.004523646 -0.004850680 0.001773201 -0.004431654 0.999813378 0.018798420 0.005725602 0.004933898 -0.018776549 0.999811386 1.333802855
0.999969187 0.005468242 -0.005589842 0.008346104 -0.005368598 0.999829975 0.017685291 -0.000423781 0.005684245 -0.017654742 0.999827868 1.547406519
0.999961964 0.006005187 -0.006196639 0.006561218 -0.005898014 0.999835631 0.017173522 -0.003480248 0.006298514 -0.017136366 0.999832768 1.653671306
0.999947898 0.007164039 -0.007255521 0.004502194 -0.007051353 0.999856667 0.015436789 -0.010722533 0.007364440 -0.015384873 0.999854097 1.861404561
0.999938403 0.007642359 -0.008086608 -0.003780297 -0.007542781 0.999896133 0.012266750 -0.020294866 0.008179131 -0.012204980 0.999891657 2.055604921
0.999933387 0.007703538 -0.008572833 -0.002250887 -0.007613042 0.999915692 0.010536604 -0.025226103 0.008652649 -0.010470665 0.999907738 2.151330248
0.999925758 0.007403862 -0.009673840 0.001718212 -0.007341265 0.999952465 0.006491511 -0.036016108 0.009720873 -0.006420013 0.999932129 2.339898007
0.999921470 0.005268532 -0.011323198 -0.003808297 -0.005261406 0.999986008 0.000660068 -0.050010496 0.011326192 -0.000600467 0.999934991 2.525416226
0.999913786 0.004068891 -0.012490359 -0.002837353 -0.004100680 0.999988825 -0.002524324 -0.057479020 0.012479685 0.002575292 0.999918471 2.622999077
0.999882972 0.001180435 -0.015221401 -0.003303312 -0.001303866 0.999966352 -0.008104041 -0.071218908 0.015210941 0.008122959 0.999851501 2.825826446
0.999841281 -0.000678895 -0.017796277 -0.005014506 0.000470009 0.999931271 -0.011739041 -0.081666093 0.017801923 0.011728719 0.999772327 3.032539636
0.999818649 -0.000542363 -0.019049313 -0.006791267 0.000302850 0.999921197 -0.012578058 -0.085252388 0.019054568 0.012569966 0.999738812 3.138793610
0.999757668 0.000781535 -0.021974230 -0.014544840 -0.001075543 0.999910723 -0.013371218 -0.091222156 0.021961469 0.013391616 0.999668985 3.364691269
0.999673595 0.002412157 -0.025429503 -0.027055432 -0.002786450 0.999888839 -0.014691681 -0.097762264 0.025390413 0.014757750 0.999567826 3.572318677
0.999627653 0.003240221 -0.027079133 -0.029433274 -0.003657503 0.999874990 -0.015377059 -0.101106750 0.027025716 0.015470303 0.999514801 3.680486896
0.999550232 0.004121828 -0.029703699 -0.042233140 -0.004628912 0.999845171 -0.017022754 -0.108260714 0.029628564 0.017152542 0.999413635 3.889056430
0.999477204 0.003716878 -0.032099020 -0.046368888 -0.004336038 0.999805689 -0.019241896 -0.116421094 0.032020456 0.019370973 0.999299470 4.103453527
0.999433259 0.003382236 -0.033495424 -0.048439368 -0.004062257 0.999786970 -0.020255267 -0.120331339 0.033419036 0.020379794 0.999233506 4.210655544
0.999318586 0.002851673 -0.036795297 -0.063632977 -0.003648716 0.999760245 -0.021612239 -0.127207844 0.036724270 0.021731712 0.999088833 4.426867977
0.999207884 0.002974530 -0.039675516 -0.070797733 -0.003853135 0.999749063 -0.022089493 -0.132619681 0.039599101 0.022224857 0.998967580 4.650867714
0.999144646 0.003325996 -0.041197610 -0.075274066 -0.004250402 0.999741261 -0.022372152 -0.135462724 0.041112029 0.022528107 0.998900648 4.765728747
0.999020841 0.003649968 -0.044093272 -0.087798417 -0.004678359 0.999718900 -0.023242567 -0.141967218 0.043994946 0.023426033 0.998756273 5.006889963
0.998881641 0.003638424 -0.047128040 -0.099427816 -0.004779045 0.999697629 -0.024114326 -0.148399568 0.047024878 0.024312531 0.998597719 5.245188689
0.998826194 0.003075300 -0.048334303 -0.106583334 -0.004267870 0.999688708 -0.024590255 -0.151828926 0.048242439 0.024767638 0.998528240 5.368629645
0.998713732 0.001814234 -0.050675342 -0.124479237 -0.003102550 0.999673823 -0.025356186 -0.158646332 0.050611502 0.025480719 0.998393262 5.626968254
0.998595816 0.000141221 -0.052974713 -0.134334789 -0.001502791 0.999669539 -0.025664489 -0.164748825 0.052952080 0.025708008 0.998266077 5.893078866
0.998539165 -0.000546065 -0.054023075 -0.134938171 -0.000850810 0.999666315 -0.025831549 -0.167803442 0.054018751 0.025839744 0.998205540 6.029058155
0.998434690 -0.000860286 -0.055923708 -0.156121850 -0.000615262 0.999652958 -0.026363024 -0.174475514 0.055926702 0.026356136 0.998086302 6.297900928
0.998333981 -0.000630705 -0.057688970 -0.171642826 -0.000917357 0.999640145 -0.026805085 -0.181204872 0.057683938 0.026813321 0.997973913 6.582137180
0.998264481 -0.000830470 -0.058875360 -0.176426790 -0.000749887 0.999640114 -0.026814229 -0.184326255 0.058875866 0.026811797 0.997904595 6.731480267
0.998121392 -0.001320019 -0.061254211 -0.198818723 -0.000327327 0.999638919 -0.026876141 -0.190978933 0.061266939 0.026845650 0.997759818 7.037675135
0.997982661 -0.001719394 -0.063466138 -0.212857578 0.000002010 0.999634736 -0.027050356 -0.197832345 0.063489339 0.026995612 0.997617238 7.350668663
0.997913778 -0.002732340 -0.064492459 -0.219126998 0.000973685 0.999627744 -0.027285013 -0.201473840 0.064542427 0.027165272 0.997545120 7.504774408
0.997756938 -0.004412286 -0.066784296 -0.243002852 0.002571204 0.999615304 -0.027628566 -0.208746598 0.066880211 0.027394860 0.997384817 7.815729892
0.997630564 -0.005225493 -0.068595578 -0.257944631 0.003346143 0.999617010 -0.027485119 -0.215152324 0.068712115 0.027190448 0.997265459 8.131596520
0.997561203 -0.005963849 -0.069533741 -0.266015605 0.004075047 0.999620110 -0.027274818 -0.218178357 0.069669851 0.026924928 0.997206966 8.291442753
0.997397476 -0.008510416 -0.071593206 -0.282780858 0.006676518 0.999644818 -0.025816635 -0.222539086 0.071786593 0.025271417 0.997099745 8.613079045
0.997187351 -0.010499891 -0.074203862 -0.310597994 0.008761042 0.999680594 -0.023720869 -0.226005814 0.074428115 0.023004015 0.996960981 8.936522715
0.997125304 -0.011620245 -0.074874984 -0.319289515 0.009954040 0.999695436 -0.022588456 -0.227520451 0.075114768 0.021778170 0.996936903 9.098309103
0.997004919 -0.012963197 -0.076241632 -0.335774846 0.011436134 0.999726360 -0.020432220 -0.230657523 0.076485318 0.019499098 0.996879428 9.419015715
0.996886079 -0.012341925 -0.077882175 -0.358783801 0.010837387 0.999747021 -0.019711944 -0.236028730 0.078104693 0.018806495 0.996767204 9.727146046
0.996791335 -0.011760697 -0.079179104 -0.375491299 0.010208707 0.999748829 -0.019978034 -0.239847763 0.079393379 0.019105577 0.996659995 9.881127990
0.996669740 -0.010005401 -0.080923670 -0.401455836 0.008385840 0.999758002 -0.020329148 -0.247258869 0.081106804 0.019582807 0.996512350 10.198763231
0.996499687 -0.008437406 -0.083166505 -0.425347633 0.006788519 0.999775659 -0.020089557 -0.253491965 0.083316967 0.019454647 0.996332807 10.509739934
0.996381641 -0.008206610 -0.084596970 -0.441180107 0.006571281 0.999787193 -0.019591711 -0.255939275 0.084738694 0.018964886 0.996221966 10.660885911
0.996176929 -0.008801643 -0.086913317 -0.473142299 0.007209173 0.999801355 -0.018619751 -0.260927921 0.087059334 0.017921964 0.996042090 10.964130600
0.995963555 -0.011061776 -0.089072958 -0.496719837 0.009408008 0.999776075 -0.018965257 -0.268176630 0.089262545 0.018050670 0.995844465 11.274131920
0.995858012 -0.011664197 -0.090169450 -0.511938507 0.009979099 0.999768060 -0.019116826 -0.271695479 0.090370582 0.018137798 0.995743071 11.423346719
0.995610131 -0.013728751 -0.092586313 -0.537010122 0.011993805 0.999742695 -0.019269624 -0.278040389 0.092826662 0.018074537 0.995518092 11.704606677
0.995445669 -0.014525070 -0.094213068 -0.554035715 0.012771363 0.999735038 -0.019191077 -0.284040266 0.094465413 0.017900437 0.995366756 11.993631088
0.995385473 -0.014046603 -0.094925053 -0.567780580 0.012328949 0.999750564 -0.018657630 -0.286279250 0.095162781 0.017401171 0.995309566 12.138098736
0.995291773 -0.012824399 -0.096073433 -0.596767417 0.011204516 0.999786334 -0.017382085 -0.290517578 0.096274756 0.016223747 0.995222677 12.431812195
0.995195566 -0.011812828 -0.097189777 -0.624849031 0.010255962 0.999811103 -0.016503169 -0.295353541 0.097366276 0.015427075 0.995128471 12.722649494
0.995174994 -0.011326904 -0.097454506 -0.639487009 0.009808815 0.999823076 -0.016042795 -0.297784632 0.097618968 0.015009440 0.995110757 12.869977184
0.995161573 -0.010962484 -0.097637506 -0.665168595 0.009477173 0.999832741 -0.015663812 -0.303307922 0.097791916 0.014662660 0.995098728 13.153163219
0.995074721 -0.010820689 -0.098531117 -0.686338937 0.009219370 0.999818694 -0.016693150 -0.310849710 0.098693114 0.015702515 0.994993575 13.421988242
0.994992824 -0.010661598 -0.099374823 -0.707206208 0.008966703 0.999807688 -0.017486978 -0.315230973 0.099541493 0.016508325 0.994896335 13.555790792
0.994860402 -0.010965661 -0.100658181 -0.727488496 0.009172933 0.999791114 -0.018256166 -0.322250763 0.100836297 0.017238969 0.994753441 13.821762505
0.994755695 -0.011796399 -0.101598830 -0.758518831 0.009958016 0.999777580 -0.018583207 -0.328712386 0.101794879 0.017473993 0.994651281 14.088580088
0.994713171 -0.011897867 -0.102001988 -0.768969943 0.010059528 0.999778648 -0.018518500 -0.331486577 0.102199166 0.017394474 0.994611757 14.222535614
0.994615816 -0.011419822 -0.102993869 -0.788679663 0.009577986 0.999785419 -0.018360209 -0.336888781 0.103180524 0.017274853 0.994512101 14.486631033
0.994496094 -0.011221150 -0.104169865 -0.819094662 0.009246566 0.999768537 -0.019419407 -0.344521910 0.104363041 0.018349282 0.994369262 14.751515397
0.994439315 -0.010748443 -0.104758050 -0.836978912 0.008677459 0.999758753 -0.020205251 -0.348652691 0.104949288 0.019183835 0.994292374 14.875776515
0.994307834 -0.010156918 -0.106059432 -0.863212409 0.007922951 0.999738931 -0.021463932 -0.356279035 0.106248469 0.020501434 0.994127315 15.127295856
0.994203875 -0.010392379 -0.107009857 -0.891230906 0.007985522 0.999706590 -0.022896390 -0.364369565 0.107215276 0.021909113 0.993994239 15.384533649
0.994151437 -0.010506488 -0.107482128 -0.898075383 0.007984474 0.999683213 -0.023868567 -0.368604605 0.107697721 0.022870733 0.993920598 15.507003508
0.994043840 -0.010987014 -0.108421016 -0.921607009 0.008237743 0.999633971 -0.025773045 -0.377124151 0.108664004 0.024726352 0.993770848 15.749912729
0.993986744 -0.010646702 -0.108983922 -0.950218001 0.007705404 0.999595638 -0.027374560 -0.385532690 0.109230118 0.026370125 0.993666633 16.009053341
0.993851347 -0.010236130 -0.110247709 -0.991592643 0.006778636 0.999474556 -0.031690969 -0.400872142 0.110513253 0.030748742 0.993398532 16.376168797
0.993757325 -0.009962273 -0.111116456 -1.018094259 0.006202999 0.999398220 -0.034126611 -0.410491893 0.111389526 0.033224281 0.993220643 16.628602108
0.993732595 -0.009874757 -0.111342806 -1.027916392 0.005973220 0.999358868 -0.035320518 -0.415327300 0.111619148 0.034433990 0.993154370 16.760606257
0.993713035 -0.009443594 -0.111554347 -1.058294602 0.005250961 0.999271207 -0.037818097 -0.425359649 0.111829590 0.036994467 0.993037860 17.025441654
0.993685623 -0.008366265 -0.111883662 -1.091992164 0.004038395 0.999237017 -0.038852919 -0.433187334 0.112122686 0.038155760 0.992961222 17.300823245
0.993671102 -0.008710299 -0.111987380 -1.104532877 0.004395060 0.999240222 -0.038722621 -0.436039893 0.112239276 0.037985292 0.992954087 17.441459753
0.993679951 -0.009585684 -0.111834607 -1.133792738 0.005319551 0.999248775 -0.038383304 -0.441951732 0.112117570 0.037545707 0.992985250 17.736093711
0.993657507 -0.011832044 -0.111824056 -1.161261124 0.007599620 0.999241272 -0.038199944 -0.448683341 0.112191075 0.037107828 0.992993170 18.058516092
0.993685275 -0.012736373 -0.111476543 -1.179159746 0.008485754 0.999221805 -0.038522577 -0.452738521 0.111879382 0.037333214 0.993020325 18.216311834
0.993736952 -0.014109181 -0.110843774 -1.203006323 0.009725932 0.999153716 -0.039986201 -0.461920657 0.111313694 0.038657652 0.993032449 18.527228349
0.993772790 -0.015167647 -0.110389115 -1.241198229 0.010769296 0.999128701 -0.040332000 -0.469693579 0.110904731 0.038892035 0.993069462 18.850463955
0.993780743 -0.014978570 -0.110339628 -1.253149321 0.010613955 0.999142190 -0.040038405 -0.472902284 0.110843564 0.038618213 0.993087094 19.022716966
0.993804725 -0.014299009 -0.110214382 -1.289886699 0.010045990 0.999187379 -0.039048057 -0.478999844 0.110682686 0.037698887 0.993140731 19.374746574
0.993844119 -0.013470981 -0.109966471 -1.326926687 0.009351599 0.999238913 -0.037890850 -0.484841544 0.110392435 0.036629211 0.993212821 19.727736058
0.993856578 -0.013026623 -0.109903115 -1.351103003 0.008926189 0.999249225 -0.037719602 -0.488552018 0.110311197 0.036506808 0.993226465 19.905586577
0.993846124 -0.012855812 -0.110020498 -1.390463002 0.008589091 0.999195728 -0.039168065 -0.498924693 0.110434630 0.037981994 0.993157451 20.266120822
0.993819592 -0.013821203 -0.110143231 -1.422046055 0.009303412 0.999098751 -0.041426525 -0.510021669 0.110616216 0.040145747 0.993051677 20.601819270
0.993790651 -0.014182379 -0.110354795 -1.442012511 0.009531243 0.999048767 -0.042561275 -0.515574757 0.110852911 0.041245194 0.992979989 20.766267021
0.993745001 -0.015369139 -0.110609467 -1.470936614 0.010574706 0.998984830 -0.043802619 -0.524765846 0.111169917 0.042358978 0.992898425 21.093412477
0.993641765 -0.016640565 -0.111348647 -1.498069127 0.011672613 0.998913340 -0.045120789 -0.533922610 0.111977540 0.043534135 0.992756720 21.414830708
0.993546264 -0.017903822 -0.112006096 -1.517161172 0.012875343 0.998883108 -0.045458854 -0.538063988 0.112693806 0.043723224 0.992667366 21.576443308
0.993383334 -0.020803264 -0.112940513 -1.544611470 0.015685325 0.998818204 -0.046016662 -0.545975213 0.113763822 0.043940677 0.992535139 21.898841614
0.993306286 -0.022555998 -0.113288589 -1.579155968 0.017083846 0.998650347 -0.049043929 -0.557868118 0.114241357 0.046780224 0.992351063 22.210537280
0.993252839 -0.023730985 -0.113510941 -1.597320563 0.018067969 0.998552939 -0.050661178 -0.564056661 0.114548142 0.048268478 0.992243929 22.369244136
0.993198832 -0.023802599 -0.113970710 -1.633382706 0.017884722 0.998451924 -0.052668864 -0.574370361 0.115047513 0.050272334 0.992086264 22.685745305
0.993175173 -0.021986518 -0.114540072 -1.669188687 0.015990319 0.998466684 -0.053008813 -0.581910908 0.115528965 0.050815556 0.992003442 23.001348418
0.993161232 -0.020891875 -0.114862646 -1.688591772 0.014892241 0.998492324 -0.052845720 -0.585246604 0.115792478 0.050773810 0.991974823 23.163932116
0.993156169 -0.019644220 -0.115127696 -1.717543008 0.013601816 0.998500627 -0.053037297 -0.592668270 0.115996276 0.051108340 0.991933241 23.491113686
0.993114436 -0.018613952 -0.115660534 -1.753639641 0.012462266 0.998480791 -0.053685098 -0.600732703 0.116483767 0.051874004 0.991836263 23.807660761
0.993022380 -0.019652725 -0.116274284 -1.771829069 0.013398489 0.998433303 -0.054328144 -0.605301772 0.117159806 0.052391079 0.991729828 23.966400669
0.992802473 -0.023937398 -0.117344936 -1.804327156 0.017471046 0.998287475 -0.055828180 -0.615161320 0.118479639 0.053376237 0.991520779 24.304988336
0.992631264 -0.026928080 -0.118145215 -1.839853636 0.020469960 0.998247167 -0.055539832 -0.622312312 0.119433400 0.052712158 0.991441335 24.653177826
0.992582660 -0.027965254 -0.118307468 -1.853899081 0.021568965 0.998253884 -0.055004669 -0.625289487 0.119637694 0.052044930 0.991452305 24.832118143
0.992472297 -0.030091724 -0.118713164 -1.890628335 0.023766480 0.998239309 -0.054342934 -0.631916874 0.120138576 0.051112372 0.991440658 25.184136938
0.992433403 -0.029009096 -0.119306758 -1.939589098 0.022744500 0.998307042 -0.053539200 -0.638636165 0.120657166 0.050420557 0.991412623 25.541761606
0.992439588 -0.027496939 -0.119615332 -1.964961902 0.021245195 0.998356958 -0.053231009 -0.642232901 0.120881225 0.050287250 0.991392038 25.723433064
0.992429883 -0.025378419 -0.120158735 -2.006746456 0.019091645 0.998402317 -0.053186441 -0.650318771 0.121315443 0.050489711 0.991329119 26.091651217
0.992324329 -0.025723488 -0.120954208 -2.047041876 0.019414127 0.998402894 -0.053055650 -0.658124450 0.122125856 0.050300198 0.991238823 26.455101816
0.992258353 -0.026553948 -0.121320327 -2.070321706 0.020243926 0.998392544 -0.052951343 -0.661862747 0.122530686 0.050085362 0.991200348 26.630087804
0.992090771 -0.029189340 -0.122079583 -2.098965543 0.022773831 0.998302344 -0.053621657 -0.670714266 0.123436031 0.050417326 0.991070791 26.989818617
0.991918720 -0.033574052 -0.122354406 -2.138290592 0.026810575 0.998041953 -0.056511646 -0.683366199 0.124011143 0.052774472 0.990876397 27.350306343
0.991858364 -0.035164392 -0.122391003 -2.152286064 0.028225897 0.997919616 -0.057971464 -0.689602313 0.124173621 0.054044833 0.990787288 27.529180147
0.991728469 -0.036907821 -0.122931757 -2.187152754 0.029668350 0.997744620 -0.060210096 -0.700823868 0.124875743 0.056064818 0.990586954 27.875377251
0.991687973 -0.036332144 -0.123430338 -2.231264715 0.028781829 0.997635952 -0.062413200 -0.712096776 0.125405630 0.058341807 0.990388124 28.217634511
0.991707902 -0.035134911 -0.123611892 -2.253617249 0.027419379 0.997600440 -0.063574493 -0.717872241 0.125548353 0.059657934 0.990291613 28.389714959
0.991698141 -0.033095585 -0.124252940 -2.296526590 0.025000953 0.997496788 -0.066150387 -0.729658756 0.126130987 0.062494735 0.990043037 28.728143120
0.991579596 -0.032578867 -0.125330245 -2.339702976 0.023916591 0.997259476 -0.070010366 -0.743508656 0.127267646 0.066423345 0.989641424 29.067483822
0.991465347 -0.033464756 -0.126000931 -2.360548595 0.024527067 0.997116122 -0.071828939 -0.750163554 0.128040677 0.068125439 0.989425727 29.234773049
0.991345375 -0.034411372 -0.126686010 -2.401655308 0.025022994 0.996871854 -0.074967445 -0.762635509 0.128868770 0.071148436 0.989106236 29.567459294
0.991176035 -0.035227651 -0.127781162 -2.443656973 0.025350772 0.996622279 -0.078114903 -0.775179609 0.130100598 0.074186266 0.988721193 29.903008030
0.991141385 -0.035411705 -0.128000832 -2.462720199 0.025319473 0.996502875 -0.079629628 -0.781200375 0.130372994 0.075683306 0.988572416 30.064582272
0.991020808 -0.035137034 -0.129007269 -2.505937974 0.024669957 0.996339018 -0.081856193 -0.792351154 0.131409933 0.077938577 0.988259280 30.403978063
0.990956995 -0.034067328 -0.129782301 -2.556036553 0.023357352 0.996261868 -0.083168987 -0.801921367 0.132130352 0.079385557 0.988047812 30.731830081
0.990936150 -0.033519175 -0.130079793 -2.576324933 0.022752770 0.996257410 -0.083388242 -0.805959003 0.132388423 0.079672736 0.987990149 30.897263417
0.990860955 -0.033795729 -0.130582221 -2.610375155 0.023114908 0.996326264 -0.082461085 -0.811990078 0.132889675 0.078689001 0.988002111 31.240702492
0.990744524 -0.034137107 -0.131374740 -2.655519109 0.023841534 0.996577389 -0.079158414 -0.814398040 0.133626174 0.075293568 0.988166655 31.586004645
0.990708632 -0.034604636 -0.131526253 -2.679135426 0.024525240 0.996690810 -0.077496978 -0.815671196 0.133771574 0.073551159 0.988278540 31.761995600
0.990702453 -0.034786400 -0.131524928 -2.723366799 0.025058189 0.996875808 -0.074910290 -0.819156638 0.133719144 0.070917991 0.988478297 32.104411799
0.990698707 -0.033562770 -0.131869836 -2.763406516 0.024055390 0.997038906 -0.073040094 -0.824159174 0.133930603 0.069188468 0.988572707 32.466964955
0.990752316 -0.032894451 -0.131637281 -2.786701062 0.023496369 0.997105000 -0.072321598 -0.826937783 0.133634584 0.068559709 0.988656188 32.641970530
0.990714472 -0.031628207 -0.132223356 -2.837173033 0.022399627 0.997245411 -0.070709946 -0.832497732 0.134095024 0.067091532 0.988694883 33.004392131
0.990690300 -0.030409358 -0.132690150 -2.882596412 0.021469077 0.997434692 -0.068295292 -0.837023436 0.134426634 0.064810745 0.988801590 33.384138798
0.990693830 -0.029892205 -0.132782589 -2.909183946 0.021101664 0.997521368 -0.067123808 -0.839316822 0.134459351 0.063697163 0.988869289 33.569655474
0.990742771 -0.029717114 -0.132460536 -2.953983558 0.021125346 0.997609628 -0.065803431 -0.845563852 0.134097956 0.062395977 0.989001160 33.947457700
0.990594473 -0.033450953 -0.132676862 -2.988309833 0.024857169 0.997516641 -0.065908153 -0.853932598 0.134552285 0.061990173 0.988965472 34.325336800
0.990516145 -0.036364122 -0.132492900 -3.006829578 0.027870191 0.997469212 -0.065409044 -0.857300489 0.134535613 0.061096104 0.989022990 34.518588959
0.990507660 -0.040339172 -0.131399855 -3.047806977 0.032399652 0.997549516 -0.062010718 -0.860450171 0.133579168 0.057164711 0.989387496 34.917576974
0.990606549 -0.043004516 -0.129804548 -3.093020755 0.035947621 0.997770807 -0.056228832 -0.860027804 0.131932515 0.051034427 0.989943954 35.330003055
0.990610617 -0.043184530 -0.129716366 -3.115492971 0.036594490 0.997936741 -0.052765569 -0.858859903 0.131726859 0.047523175 0.990145798 35.535758294
0.990873913 -0.040838318 -0.128457601 -3.170853103 0.035089216 0.998292162 -0.046705762 -0.858161164 0.130144684 0.041772028 0.990614522 35.947115184
0.991246803 -0.035320982 -0.127207431 -3.219861464 0.029916567 0.998576877 -0.044148340 -0.863499653 0.128585042 0.039956262 0.990892723 36.371834195
0.991382010 -0.032900379 -0.126798718 -3.245524577 0.027483914 0.998643624 -0.044233205 -0.868504363 0.128081809 0.040367001 0.990941860 36.587964652
0.991531636 -0.031049352 -0.126097858 -3.304278729 0.025483005 0.998638301 -0.045519304 -0.880210262 0.127339292 0.041920470 0.990972410 37.010524222
0.991391562 -0.034292547 -0.126354429 -3.349551540 0.028260585 0.998387950 -0.049226176 -0.895416864 0.127838169 0.045231515 0.990763134 37.423585977
0.991343921 -0.036957490 -0.125982367 -3.364121229 0.030645579 0.998193424 -0.051677290 -0.904024693 0.127664345 0.047369013 0.990685628 37.637853765
0.991334616 -0.041524700 -0.124620817 -3.407247567 0.034534954 0.997734793 -0.057734569 -0.922861719 0.126735529 0.052930525 0.990522665 38.044158845
0.991589841 -0.041676414 -0.122523022 -3.450376665 0.034058379 0.997393173 -0.063627104 -0.941518804 0.124855010 0.058919040 0.990423208 38.450467596
0.991733610 -0.039938867 -0.121934623 -3.481068136 0.032133222 0.997347067 -0.065324283 -0.948877330 0.124219472 0.060866118 0.990386228 38.649246057
0.992231176 -0.033953625 -0.119679593 -3.521340678 0.026159216 0.997470266 -0.066107623 -0.959036618 0.121621142 0.062463392 0.990609329 39.046181701
0.992590383 -0.028550604 -0.118103546 -3.568826525 0.021001745 0.997685410 -0.064675583 -0.965410114 0.119676118 0.061715918 0.990892928 39.432573236
0.992703383 -0.026826106 -0.117553964 -3.596005482 0.019419118 0.997780292 -0.063707956 -0.968091486 0.119001863 0.060960313 0.991021019 39.619991303
0.992823005 -0.026208732 -0.116684702 -3.630387249 0.019108674 0.997921143 -0.061556585 -0.972841409 0.118055715 0.058885052 0.991258979 39.997944261
0.992879079 -0.027696287 -0.115857404 -3.672517946 0.020884882 0.998003851 -0.059597889 -0.977832343 0.117276439 0.056753789 0.991475819 40.367180234
0.992913626 -0.028604738 -0.115341276 -3.687149602 0.021842662 0.997991491 -0.059470626 -0.981537393 0.116810418 0.056529820 0.991543973 40.548015004
0.993072503 -0.029364659 -0.113770204 -3.714311815 0.022668327 0.997958967 -0.059711919 -0.989618881 0.115291026 0.056719222 0.991710480 40.902988262
0.993292987 -0.028064312 -0.112162997 -3.745941775 0.021408880 0.997962991 -0.060107360 -0.997656852 0.113620964 0.057302992 0.991869726 41.238749142
0.993424862 -0.026551793 -0.111365655 -3.768012855 0.019880534 0.997965354 -0.060592940 -1.002308627 0.112747515 0.057980514 0.991930705 41.409897869
0.993535971 -0.026085429 -0.110479376 -3.800832405 0.019400298 0.997939440 -0.061159039 -1.010682714 0.111846828 0.058620342 0.991994402 41.749470507
0.993631139 -0.025604289 -0.109729353 -3.833671883 0.018987794 0.997962231 -0.060924862 -1.017757225 0.111065484 0.058453264 0.992092264 42.089069669
0.993648062 -0.024932450 -0.109736999 -3.854256894 0.018281348 0.997958269 -0.061204107 -1.021928874 0.111038298 0.058809100 0.992074451 42.255454924
0.993586721 -0.024550097 -0.110373563 -3.880791240 0.017701021 0.997881587 -0.062611179 -1.031137508 0.111676285 0.060255831 0.991915427 42.574962787
0.993485766 -0.023624303 -0.111481163 -3.918652485 0.016513739 0.997795735 -0.064280807 -1.040995694 0.112752967 0.062021057 0.991685311 42.897201179
0.993327199 -0.023457664 -0.112916963 -3.939540258 0.016242546 0.997791963 -0.064398787 -1.044901487 0.114178482 0.062135000 0.991515361 43.064546514
0.992724050 -0.024016374 -0.117993189 -3.978650417 0.016545474 0.997819845 -0.063893635 -1.051227048 0.119269175 0.061476411 0.990956572 43.390675623
0.991903836 -0.024482873 -0.124609749 -4.027279943 0.016540942 0.997789231 -0.064375138 -1.059207497 0.125909759 0.061792708 0.990114566 43.713786816
0.991442654 -0.024841295 -0.128152343 -4.055622776 0.016659277 0.997776756 -0.064527773 -1.063040345 0.129470224 0.061840579 0.989652919 43.871466919
0.990330995 -0.025764314 -0.136306859 -4.113488375 0.016956639 0.997716275 -0.065387554 -1.071671952 0.137680055 0.062444032 0.988506044 44.190626027
0.988789063 -0.024981309 -0.147213551 -4.176698086 0.015184292 0.997617132 -0.067301997 -1.082405888 0.148543379 0.064312054 0.986811690 44.526926008
0.987860924 -0.024348019 -0.153417154 -4.208003552 0.013977227 0.997565748 -0.068318623 -1.087818785 0.154705939 0.065344985 0.985797097 44.694120406
0.985668146 -0.023114365 -0.167106298 -4.293303539 0.011616557 0.997517633 -0.069458448 -1.097644431 0.168295937 0.066521788 0.983489197 45.034017188
0.982903477 -0.020911663 -0.182927911 -4.380417650 0.008259329 0.997537576 -0.069656330 -1.106034883 0.183933202 0.066954505 0.980655706 45.379671187
0.981288714 -0.020473478 -0.191450086 -4.424867511 0.007185785 0.997532071 -0.069844024 -1.110442208 0.192407083 0.067161372 0.979013616 45.555357821
0.977471214 -0.019969075 -0.210122275 -4.534055955 0.005354836 0.997540184 -0.069891611 -1.118964032 0.211000683 0.067191836 0.975173211 45.904587403
0.973111752 -0.020521144 -0.229415561 -4.643839042 0.004531360 0.997536864 -0.070008728 -1.127663911 0.230286251 0.067086748 0.970807786 46.255722660
0.970840961 -0.020528953 -0.238841574 -4.698130348 0.003820203 0.997525379 -0.070211246 -1.132200677 0.239691115 0.067251493 0.968516974 46.429377166
0.965864155 -0.021703016 -0.258135751 -4.815640751 0.003339472 0.997444700 -0.071366091 -1.142551107 0.259024346 0.068067828 0.963469044 46.771766669
0.960003857 -0.024922874 -0.278875341 -4.934926036 0.004650596 0.997312354 -0.073119891 -1.154025509 0.279947902 0.068898375 0.957539090 47.119861159
0.956770255 -0.026496978 -0.289634873 -5.009471727 0.005110253 0.997219767 -0.074348712 -1.160508719 0.290799082 0.069654526 0.954244790 47.291326276
0.949412785 -0.029826076 -0.312611809 -5.146341103 0.006111193 0.997045637 -0.076567756 -1.172763438 0.313971433 0.070783876 0.946790333 47.628663287
0.941375130 -0.032969222 -0.335747243 -5.306775633 0.006865805 0.996880215 -0.078639759 -1.185319755 0.337291929 0.071724247 0.938663300 47.974345678
0.936959644 -0.033142497 -0.347862390 -5.382526396 0.005781503 0.996826091 -0.079400092 -1.191129410 0.349389336 0.072383471 0.934177238 48.149643161
0.927089037 -0.034650919 -0.373235227 -5.562697313 0.005319417 0.996834714 -0.079332576 -1.200455744 0.374801862 0.071562878 0.924338757 48.491332502
0.915520756 -0.035809031 -0.400671939 -5.750051491 0.004771606 0.996927465 -0.078194871 -1.207955648 0.402240239 0.069677191 0.912879010 48.822437745
0.908914483 -0.036937721 -0.415343497 -5.843138613 0.005169435 0.996991140 -0.077352897 -1.211222645 0.416950292 0.068159972 0.906370142 48.986090915
0.894312582 -0.040312919 -0.445621576 -6.046609515 0.007239639 0.997107139 -0.075673640 -1.217803138 0.447381947 0.064449719 0.892017178 49.301700098
0.878455426 -0.039302061 -0.476205518 -6.268250412 0.004032980 0.997186089 -0.074859983 -1.225911818 0.477806933 0.063840552 0.876141351 49.608445848
0.869774822 -0.039047364 -0.491901261 -6.389644839 0.002351689 0.997181207 -0.074998680 -1.231020438 0.493442605 0.064075065 0.867414714 49.762154356
0.850615320 -0.040573686 -0.524220596 -6.642892926 0.001719209 0.997227421 -0.074394060 -1.240035664 0.525785247 0.062379427 0.848326940 50.069475727
0.829498439 -0.040985914 -0.557003887 -6.905705141 0.000305405 0.997337013 -0.072932240 -1.247786727 0.558508632 0.060327013 0.827301562 50.373838758
0.818884658 -0.042178988 -0.572405506 -7.035467974 0.000848490 0.997383859 -0.072280614 -1.251694939 0.573956489 0.058703721 0.816778325 50.520769008
0.796843640 -0.045582042 -0.602462666 -7.305169118 0.004484270 0.997568950 -0.069544601 -1.257335610 0.604167463 0.052714564 0.795111436 50.813599082
0.773370425 -0.045492741 -0.632319387 -7.603863569 0.006209354 0.997918033 -0.064201565 -1.259037897 0.633923382 0.045725341 0.772042785 51.098511770
0.761236412 -0.044063222 -0.646974997 -7.753091144 0.006483418 0.998156173 -0.060352582 -1.257952643 0.648440602 0.041748013 0.760118781 51.240530308
0.737056487 -0.040050871 -0.674643138 -8.068822411 0.005304376 0.998555288 -0.053485135 -1.257168198 0.675809443 0.035843001 0.736203893 51.512842888
0.713108625 -0.038097607 -0.700017142 -8.379380651 0.003656136 0.998711170 -0.050629240 -1.262602772 0.701043374 0.033544801 0.712328734 51.768799416
0.700153074 -0.038777453 -0.712938675 -8.543697556 0.002887897 0.998669718 -0.051482659 -1.269163150 0.713986290 0.033986752 0.699333865 51.892283122
0.672441379 -0.041742264 -0.738971815 -8.878227083 0.000616049 0.998439825 -0.055838286 -1.286509283 0.740148979 0.037092736 0.671418460 52.124724305
0.644682026 -0.046858531 -0.763012316 -9.211247702 0.000497358 0.998145086 -0.060878440 -1.304864805 0.764449894 0.038867737 0.643510367 52.352371614
0.630753373 -0.048648924 -0.774456910 -9.381504013 0.000031112 0.998034623 -0.062668127 -1.312801486 0.775983166 0.039504042 0.629515754 52.461387238
0.602520438 -0.050233206 -0.796520561 -9.739021411 -0.004030280 0.997813704 -0.065976519 -1.328277436 0.798092537 0.042962430 0.601000191 52.666775735
0.576395016 -0.050839348 -0.815587751 -10.105505383 -0.008947482 0.997610339 -0.068509040 -1.342501108 0.817120809 0.046785763 0.574563467 52.867296342
0.564208526 -0.051323388 -0.824035834 -10.283531779 -0.010971341 0.997512334 -0.069640122 -1.349299248 0.825558449 0.048332296 0.562242307 52.967623136
0.540561320 -0.050850878 -0.839766260 -10.659888160 -0.016444709 0.997343063 -0.070978263 -1.361633018 0.841142783 0.052177743 0.538288528 53.166152829
0.519373231 -0.049611968 -0.853106387 -11.042556917 -0.020214974 0.997320758 -0.070305666 -1.370498723 0.854307778 0.053760334 0.516979391 53.351267965
0.509163803 -0.048910570 -0.859278822 -11.229278241 -0.021620580 0.997342505 -0.069580494 -1.374281102 0.860397456 0.054005954 0.506752738 53.445808206
0.489199997 -0.048398731 -0.870827689 -11.599415791 -0.024312087 0.997314699 -0.069086329 -1.383120827 0.871832315 0.054968704 0.486709707 53.624361469
0.470538448 -0.047867745 -0.881079553 -11.974908069 -0.027962975 0.997217160 -0.069110937 -1.392509011 0.881935551 0.057156962 0.467891247 53.786554236
0.461718660 -0.047799208 -0.885737115 -12.169359929 -0.029785127 0.997148901 -0.069337968 -1.397732010 0.886526049 0.058396376 0.458978848 53.872353008
0.444936317 -0.048242268 -0.894261564 -12.568099423 -0.032628433 0.997012563 -0.070019411 -1.408677328 0.894967118 0.060332467 0.442032731 54.041910876
0.429154254 -0.048194571 -0.901944172 -12.978784371 -0.035351324 0.996913970 -0.070089759 -1.418890761 0.902538627 0.061964218 0.426126089 54.216136775
0.421180166 -0.047991052 -0.905706130 -13.193530778 -0.036348263 0.996904475 -0.069726509 -1.423441057 0.906247863 0.062288255 0.418132159 54.299799614
0.406630207 -0.047045914 -0.912380376 -13.612300071 -0.038333772 0.996915018 -0.068489477 -1.431500335 0.912787359 0.062824855 0.403573559 54.466312067
0.394397368 -0.045827462 -0.917796180 -14.040011870 -0.041202077 0.996869940 -0.067481251 -1.439876825 0.918014718 0.064429612 0.391275484 54.627924597
0.389299728 -0.045585949 -0.919982022 -14.253259946 -0.042661600 0.996810694 -0.067445530 -1.444746735 0.920122519 0.065504398 0.386113672 54.706807640
0.380455715 -0.045953183 -0.923656914 -14.680635412 -0.044695493 0.996684387 -0.067996571 -1.455578369 0.923718095 0.067152973 0.377140860 54.867415408
0.373385103 -0.047031104 -0.926483374 -15.109494341 -0.045317038 0.996597790 -0.068853736 -1.467060072 0.926568516 0.067694342 0.369982977 55.032783179
0.369817013 -0.047699841 -0.927878730 -15.323621886 -0.045648978 0.996542656 -0.069423612 -1.473011799 0.927981895 0.068030845 0.366360997 55.114508106
0.364583369 -0.049204321 -0.929869267 -15.762611380 -0.045773721 0.996449455 -0.070674309 -1.485246796 0.930044135 0.068330213 0.361037082 55.278785672
0.360568670 -0.049950297 -0.931393827 -16.192373079 -0.046024919 0.996396331 -0.071253808 -1.496290811 0.931596600 0.068559194 0.356970969 55.447026340
0.359200152 -0.049948402 -0.931923057 -16.417251276 -0.046427779 0.996373862 -0.071297939 -1.501514427 0.932103913 0.068877300 0.355579238 55.529600605
0.356996536 -0.049913873 -0.932770574 -16.867897871 -0.047821960 0.996285919 -0.071615296 -1.512343702 0.932880610 0.070173393 0.353283552 55.697605301
0.356056309 -0.049986870 -0.933126804 -17.309006091 -0.048071321 0.996266370 -0.071712131 -1.522757686 0.933227005 0.070390183 0.352325019 55.868602613
0.356007460 -0.049570986 -0.933166666 -17.524950366 -0.048018274 0.996303200 -0.071244119 -1.527104273 0.933247654 0.070172455 0.352311775 55.956088227
0.356019797 -0.048574409 -0.933214673 -17.990257010 -0.046695447 0.996476004 -0.069681436 -1.535478730 0.933311052 0.068384870 0.352497549 56.137388010
0.355949429 -0.048824628 -0.933228319 -18.434960061 -0.044474348 0.996617784 -0.069104435 -1.545201614 0.933445643 0.066102417 0.352574899 56.319855280
0.355786818 -0.048942927 -0.933284540 -18.661035513 -0.043820614 0.996655575 -0.068971561 -1.550261507 0.933538092 0.065436199 0.352452723 56.406251504
0.355567820 -0.048273753 -0.933402664 -19.103061219 -0.043602522 0.996721110 -0.068158349 -1.559278115 0.933632326 0.064933562 0.352297947 56.580141299
0.355768846 -0.046968986 -0.933392641 -19.555842636 -0.043069515 0.996851500 -0.066578473 -1.567236718 0.933580749 0.063887274 0.352625966 56.754887165
0.355090204 -0.046365998 -0.933681214 -19.783722248 -0.043080866 0.996897201 -0.065889424 -1.571511205 0.933837808 0.063620528 0.351991362 56.847027345
