1.000000000 0.000000000 0.000000000 0.000000000 0.000000000 1.000000000 0.000000000 0.000000000 -0.000000000 0.000000000 1.000000000 -0.000000000
0.999999634 -0.000369031 -0.000508755 0.000594147 0.000369367 0.999999322 0.000482912 0.011122088 0.000509972 -0.000483008 0.999999798 0.241200297
0.999995362 -0.000519836 -0.002855090 0.003953895 0.000525976 0.999997761 0.002121923 0.034162510 0.002854796 -0.002123375 0.999994011 0.712596765
0.999988493 -0.001026835 -0.004722368 0.006693563 0.001043668 0.999993135 0.003557268 0.057335293 0.004718841 -0.003562155 0.999982689 1.196188925
0.999985135 -0.001207805 -0.005360767 0.007298193 0.001228363 0.999991702 0.003813513 0.068107857 0.005356875 -0.003820023 0.999978376 1.437404166
0.999971791 -0.001220949 -0.007355403 0.006156581 0.001250443 0.999991564 0.004015787 0.089053994 0.007351023 -0.004024805 0.999965202 1.918013354
0.999961528 -0.001347953 -0.008702071 0.006564547 0.001389655 0.999987722 0.004786570 0.110988655 0.008695998 -0.004798419 0.999950358 2.399811545
0.999954359 -0.001687714 -0.009393336 0.004026895 0.001733284 0.999987234 0.004836577 0.121222210 0.009386318 -0.004852541 0.999944331 2.638587290
0.999940206 -0.002320677 -0.010679214 0.003744980 0.002359352 0.999990147 0.003612983 0.139831468 0.010670638 -0.003637873 0.999936898 3.119912033
0.999919346 -0.003474820 -0.012236066 0.004233510 0.003508868 0.999990306 0.002758537 0.159079791 0.012227462 -0.002801218 0.999921559 3.601825087
0.999908059 -0.004308717 -0.012839380 0.003276283 0.004344196 0.999986812 0.002734435 0.169273272 0.012827685 -0.002789837 0.999914523 3.841833817
0.999872903 -0.005620785 -0.014912801 0.003561436 0.005663424 0.999979906 0.002813602 0.189517761 0.014897634 -0.002897569 0.999885426 4.310887289
0.999835062 -0.006873059 -0.016785156 -0.003076322 0.006918147 0.999972960 0.002628112 0.209425760 0.016767637 -0.002743726 0.999855895 4.787231414
0.999822415 -0.007221451 -0.017412205 -0.006402090 0.007269235 0.999969796 0.002681553 0.219609446 0.017392669 -0.002807570 0.999845337 5.025393655
0.999802420 -0.008068689 -0.018168147 -0.005183546 0.008124992 0.999961877 0.003024431 0.240844997 0.018144228 -0.003171356 0.999830131 5.507837375
0.999795082 -0.008631831 -0.018282084 -0.006294309 0.008682003 0.999958705 0.002669001 0.260762535 0.018258337 -0.002827136 0.999829348 5.988490543
0.999790560 -0.009117345 -0.018310728 -0.013387828 0.009163115 0.999954580 0.002415813 0.270719327 0.018288608 -0.002583051 0.999829675 6.236401294
0.999764391 -0.010417758 -0.019030715 -0.017651654 0.010458858 0.999943339 0.002063214 0.290457366 0.019009074 -0.002261721 0.999816664 6.714599593
0.999745557 -0.010854006 -0.019759430 -0.020347335 0.010892810 0.999939328 0.001858220 0.310564773 0.019738008 -0.002072946 0.999802865 7.194013371
0.999743405 -0.010630516 -0.019967934 -0.026654834 0.010665087 0.999942084 0.001624916 0.320641338 0.019949991 -0.001837371 0.999799539 7.442534637
0.999768039 -0.010586204 -0.018739354 -0.027588875 0.010604853 0.999943201 0.000894473 0.340451499 0.018730093 -0.001092922 0.999824253 7.936009383
0.999781208 -0.011320332 -0.017553531 -0.030278865 0.011333261 0.999935108 0.000638758 0.360369166 0.017545579 -0.000837533 0.999845746 8.415431274
0.999783672 -0.011936481 -0.016999209 -0.030450671 0.011950161 0.999927899 0.000698968 0.370702393 0.016990234 -0.000901826 0.999855734 8.656049664
0.999779381 -0.013134466 -0.016347282 -0.030006766 0.013149626 0.999913347 0.000819489 0.391438688 0.016335905 -0.001034218 0.999865832 9.137899096
0.999795842 -0.013548893 -0.014949352 -0.029396621 0.013561696 0.999907289 0.000753011 0.412417129 0.014938157 -0.000955460 0.999887975 9.632555161
0.999807242 -0.013302621 -0.014440587 -0.032555550 0.013312983 0.999911635 0.000623685 0.422822989 0.014431914 -0.000815783 0.999895283 9.883524890
0.999825917 -0.013034548 -0.013308656 -0.034315143 0.013044352 0.999914493 0.000646397 0.443831581 0.013300180 -0.000819882 0.999911215 10.376332758
0.999836081 -0.013128095 -0.012459766 -0.038349817 0.013154644 0.999910977 0.002054838 0.467499217 0.012432197 -0.002218243 0.999920571 10.879997011
0.999834790 -0.013552389 -0.012095816 -0.034620576 0.013588645 0.999903494 0.002915396 0.479399989 0.012056281 -0.003079256 0.999922610 11.123626557
0.999829056 -0.014405428 -0.011582285 -0.033121365 0.014452420 0.999887281 0.003981505 0.502847478 0.011524001 -0.004148196 0.999924424 11.631609674
0.999808121 -0.015673451 -0.011718203 -0.034586815 0.015725915 0.999866948 0.004393994 0.525618621 0.011647867 -0.004577431 0.999922060 12.149976154
0.999804716 -0.016092676 -0.011411825 -0.035393974 0.016145244 0.999859603 0.004529479 0.536593513 0.011337799 -0.004712778 0.999924965 12.402768460
0.999818789 -0.015518100 -0.011015468 -0.030697075 0.015569912 0.999867887 0.004634359 0.558732530 0.010942690 -0.004804947 0.999928867 12.913270068
0.999824786 -0.014689040 -0.011636982 -0.033051890 0.014734863 0.999883806 0.003859713 0.579044612 0.011579877 -0.004030524 0.999924719 13.418309069
0.999835787 -0.014211622 -0.011226429 -0.033041283 0.014250276 0.999892456 0.003371408 0.589080721 0.011178078 -0.003530758 0.999930892 13.671757151
0.999836249 -0.014014883 -0.011399682 -0.035218477 0.014040853 0.999898493 0.002196998 0.609255466 0.011368916 -0.002356606 0.999932701 14.189619012
0.999823448 -0.014435177 -0.011988204 -0.035970105 0.014446903 0.999895142 0.000889985 0.628768509 0.011975009 -0.001062875 0.999927814 14.695923450
0.999820753 -0.014600758 -0.012035642 -0.038335526 0.014609602 0.999892600 0.000643207 0.639044483 0.012025555 -0.000818828 0.999927314 14.947514368
0.999816996 -0.014649607 -0.012260645 -0.034610354 0.014666462 0.999891578 0.001284625 0.661470695 0.012240918 -0.001464221 0.999924612 15.444571073
0.999805894 -0.014873757 -0.012903474 -0.040947379 0.014892823 0.999888206 0.001381442 0.682921545 0.012882253 -0.001573227 0.999916129 15.946483204
0.999807816 -0.014470406 -0.013228981 -0.044872561 0.014481887 0.999895205 0.000775014 0.692548530 0.013216365 -0.000966443 0.999912507 16.196870600
0.999829820 -0.013302105 -0.012747198 -0.047991831 0.013297349 0.999910952 -0.000461464 0.712021819 0.012753007 0.000292000 0.999918962 16.701329830
0.999831018 -0.013159912 -0.012827051 -0.047374797 0.013151659 0.999913601 -0.000727474 0.732770574 0.012836659 0.000558670 0.999917656 17.195995716
0.999828181 -0.013135193 -0.013055151 -0.055106365 0.013125120 0.999913778 -0.000857404 0.743458909 0.013065769 0.000685988 0.999914802 17.456076539
0.999824064 -0.013363784 -0.013176626 -0.053698221 0.013349466 0.999910292 -0.001175074 0.764157668 0.013191370 0.000998993 0.999912483 17.951360199
0.999827361 -0.013042906 -0.013251677 -0.056942981 0.013046224 0.999915051 0.000159766 0.787815254 0.013249274 -0.000332584 0.999911804 18.455640517
0.999831283 -0.012319575 -0.013568585 -0.062391364 0.012343519 0.999921933 0.001682826 0.801359504 0.013547481 -0.001849954 0.999906601 18.717446136
0.999833046 -0.011410043 -0.014277622 -0.062385706 0.011470985 0.999925232 0.004191588 0.827735606 0.014229014 -0.004354557 0.999889806 19.236889748
0.999817569 -0.012142044 -0.014744326 -0.067954681 0.012212733 0.999914385 0.004711891 0.849905412 0.014685749 -0.004891079 0.999879815 19.739386773
0.999804757 -0.012420703 -0.015347666 -0.068891542 0.012487512 0.999912898 0.004258634 0.859419819 0.015294377 -0.004449370 0.999873466 19.979424539
0.999782274 -0.013272876 -0.016123237 -0.074980265 0.013314792 0.999907698 0.002494541 0.878376544 0.016088935 -0.002708595 0.999867292 20.494260300
0.999764385 -0.013730388 -0.016788536 -0.084168740 0.013726154 0.999905548 -0.000368622 0.895376192 0.016792411 0.000138139 0.999859326 21.006717198
0.999761453 -0.013686870 -0.016990233 -0.087093442 0.013653068 0.999904872 -0.002104168 0.903757288 0.017017276 0.001871686 0.999853636 21.270590489
0.999756407 -0.013279720 -0.017607672 -0.095488710 0.013191936 0.999899821 -0.005097247 0.920637036 0.017674116 0.004863799 0.999832239 21.783668149
0.999734933 -0.014098472 -0.018220372 -0.097800098 0.013977597 0.999879766 -0.006747735 0.939501091 0.018314282 0.006491293 0.999811351 22.288769065
0.999711266 -0.014815306 -0.018898440 -0.101611751 0.014695808 0.999871467 -0.006447293 0.951127828 0.018992090 0.006167679 0.999800616 22.551887943
0.999676590 -0.015890459 -0.019842201 -0.113045936 0.015788457 0.999861316 -0.005289765 0.975592446 0.019924181 0.004974778 0.999789320 23.087812723
0.999643110 -0.016731755 -0.020800207 -0.121263863 0.016621679 0.999846693 -0.005453372 0.998129437 0.020888862 0.005105776 0.999768420 23.626282467
0.999624171 -0.017716390 -0.020932537 -0.124279913 0.017609211 0.999830443 -0.005295062 1.009556382 0.021023629 0.004924549 0.999767437 23.890025524
0.999575471 -0.019450101 -0.021673749 -0.130239515 0.019384035 0.999807213 -0.003255302 1.035778158 0.021732466 0.002833808 0.999760007 24.430184623
0.999578317 -0.019003276 -0.021944597 -0.142510634 0.018983769 0.999818655 -0.001097258 1.061820690 0.021961833 0.000680240 0.999758121 24.965426298
0.999582358 -0.018670810 -0.022033654 -0.141608565 0.018664378 0.999825262 -0.000497758 1.074245955 0.022039653 0.000086353 0.999756965 25.232204849
0.999536257 -0.019351355 -0.023487249 -0.156226662 0.019386554 0.999811302 0.001275271 1.099559671 0.023458260 -0.001730028 0.999723035 25.765630780
0.999560519 -0.017570489 -0.023882764 -0.163940117 0.017663265 0.999837412 0.003681354 1.125819048 0.023814926 -0.004101542 0.999707917 26.291740011
0.999571496 -0.017084250 -0.023739798 -0.169165955 0.017181071 0.999845134 0.003879307 1.137728004 0.023670501 -0.004285401 0.999710289 26.566432539
0.999573080 -0.015684124 -0.024640690 -0.181894526 0.015748653 0.999872854 0.002428909 1.158480287 0.024599891 -0.002815880 0.999692906 27.114101765
0.999625770 -0.012126575 -0.024493190 -0.197436492 0.012141175 0.999925997 0.000445652 1.179297689 0.024486400 -0.000742722 0.999700492 27.684939638
0.999639743 -0.010918720 -0.024506012 -0.204013920 0.010902973 0.999940647 -0.000776661 1.189401710 0.024513676 0.000509170 0.999698960 27.971295056
0.999655259 -0.010572940 -0.024022547 -0.211193931 0.010508067 0.999941024 -0.002823916 1.209444512 0.024051519 0.002570556 0.999707217 28.523304069
0.999639293 -0.012430392 -0.023789370 -0.219703951 0.012351877 0.999918114 -0.003445323 1.232747952 0.023830876 0.003150228 0.999710832 29.099576368
0.999604337 -0.015137281 -0.023691673 -0.217046831 0.015065072 0.999880987 -0.003227153 1.245095671 0.023738372 0.002869045 0.999714295 29.380406493
0.999543151 -0.019572047 -0.023050459 -0.220713428 0.019509586 0.999805448 -0.002930858 1.270658125 0.023103627 0.002479931 0.999730388 29.973093004
0.999571434 -0.019228089 -0.022071425 -0.230851492 0.019177322 0.999812879 -0.002508862 1.295589473 0.022116311 0.002084580 0.999753800 30.548064425
0.999581744 -0.019154774 -0.021666393 -0.231351329 0.019110715 0.999814984 -0.002239791 1.307887516 0.021705875 0.001824784 0.999762553 30.826434131
0.999565330 -0.020538603 -0.021110433 -0.235514550 0.020512044 0.999788001 -0.001473697 1.332653625 0.021137099 0.001040213 0.999776628 31.380703730
0.999561516 -0.020819530 -0.021040973 -0.243373922 0.020838683 0.999782906 0.000692019 1.360590685 0.021022539 -0.001130180 0.999778678 31.957393541
0.999546522 -0.021649236 -0.020909266 -0.239964327 0.021687401 0.999763565 0.001601659 1.374176653 0.020870124 -0.002054431 0.999780042 32.238786358
0.999484293 -0.024396436 -0.020869976 -0.243070744 0.024470205 0.999694821 0.003287190 1.401604024 0.020784175 -0.003796167 0.999776750 32.819191777
0.999421597 -0.026813830 -0.020900784 -0.244573375 0.026911339 0.999627805 0.004396166 1.428212384 0.020775500 -0.004956017 0.999771825 33.400863488
0.999402100 -0.027632320 -0.020763621 -0.251064230 0.027734633 0.999604728 0.004652999 1.441214931 0.020627676 -0.005226079 0.999773605 33.699911959
0.999454137 -0.026309559 -0.019964804 -0.255436281 0.026378225 0.999647144 0.003184976 1.463971273 0.019874021 -0.003709875 0.999795848 34.292102816
0.999503961 -0.024603098 -0.019669381 -0.263701292 0.024621915 0.999696714 0.000710812 1.484890438 0.019646339 -0.001194747 0.999806533 34.881294049
0.999511782 -0.024457062 -0.019432451 -0.263989965 0.024458848 0.999700960 -0.000143953 1.495932669 0.019431130 -0.000331353 0.999811255 35.172534438
0.999533419 -0.023979519 -0.018900488 -0.267666445 0.023988986 0.999712433 0.000272562 1.521824674 0.018888962 -0.000725859 0.999821003 35.765206858
0.999517126 -0.024594814 -0.018955293 -0.265875829 0.024631484 0.999695287 0.001704685 1.549723496 0.018908197 -0.002170712 0.999819007 36.362102922
0.999507477 -0.024915160 -0.019052166 -0.269233687 0.024964419 0.999685711 0.002351231 1.563574630 0.018988068 -0.002825725 0.999815918 36.663577652
0.999465163 -0.025866461 -0.020012268 -0.281164283 0.025949053 0.999656162 0.003878047 1.592430727 0.019906151 -0.004395222 0.999792336 37.287802302
0.999487941 -0.025436648 -0.019417538 -0.283007225 0.025546941 0.999658851 0.005451996 1.621413345 0.019272252 -0.005945299 0.999796891 37.907207820
0.999496380 -0.025118188 -0.019402667 -0.288531444 0.025224696 0.999667862 0.005260439 1.634298464 0.019264784 -0.005747146 0.999798247 38.219693935
0.999508015 -0.024458002 -0.019638786 -0.294174801 0.024539994 0.999691163 0.003944027 1.658358111 0.019536951 -0.004424031 0.999799448 38.836231770
0.999479824 -0.025005073 -0.020351476 -0.298558452 0.025057608 0.999683449 0.002330179 1.694488459 0.020287405 -0.002838969 0.999789931 39.745197290
0.999469295 -0.025509098 -0.020256899 -0.308127115 0.025528824 0.999673932 0.000715921 1.717789459 0.020233289 -0.001232613 0.999794760 40.358689383
0.999424367 -0.026881897 -0.020710259 -0.312391628 0.026892518 0.999638567 0.000235589 1.742745280 0.020696861 -0.000792372 0.999785393 40.963603184
0.999424959 -0.027008162 -0.020492618 -0.313342609 0.027014286 0.999635085 0.000020936 1.755327952 0.020485715 -0.000574468 0.999790574 41.266979059
0.999414132 -0.027236459 -0.020723962 -0.316813914 0.027230608 0.999628928 -0.000568323 1.780163872 0.020733058 0.000003739 0.999785213 41.872513622
0.999428952 -0.026703201 -0.020695417 -0.325799635 0.026683991 0.999643564 -0.001204019 1.804570825 0.020720962 0.000651170 0.999785545 42.473757076
0.999432646 -0.026805142 -0.020388469 -0.329121853 0.026784728 0.999639911 -0.001277665 1.817233579 0.020416261 0.000730915 0.999791677 42.775282619
0.999388371 -0.027922878 -0.021038886 -0.333570276 0.027903393 0.999610072 -0.001217447 1.842536450 0.021065171 0.000629682 0.999777987 43.367364593
0.999377902 -0.027859533 -0.021603336 -0.341182245 0.027845843 0.999611263 -0.000934173 1.868009345 0.021621192 0.000332076 0.999766130 43.956976754
0.999379959 -0.027935829 -0.021407851 -0.340736411 0.027927486 0.999609634 -0.000688098 1.880889008 0.021419574 0.000089878 0.999770472 44.248754214
0.999375114 -0.027994991 -0.021555637 -0.348398396 0.028015305 0.999607020 0.000637766 1.908029630 0.021529499 -0.001241236 0.999767790 44.838295066
0.999369998 -0.027647908 -0.022239436 -0.361581686 0.027699897 0.999614360 0.002033142 1.934970971 0.022174584 -0.002647925 0.999750395 45.423534989
0.999376440 -0.027357208 -0.022316929 -0.364301195 0.027420464 0.999621013 0.002530877 1.948080576 0.022239551 -0.003141218 0.999747546 45.712840074
0.999392920 -0.026594492 -0.022508077 -0.372084496 0.026671250 0.999639477 0.003114307 1.973481093 0.022417829 -0.003712739 0.999741926 46.289638342
0.999399159 -0.025930037 -0.022986042 -0.382371429 0.026013258 0.999656241 0.003331391 1.997591084 0.022891984 -0.003927251 0.999730299 46.851827896
0.999400961 -0.025932284 -0.022892175 -0.380650995 0.026015081 0.999655618 0.003323290 2.009057592 0.022798241 -0.003916816 0.999732623 47.119263076
0.999412977 -0.025249231 -0.023149727 -0.393278018 0.025326469 0.999674325 0.003046077 2.032209081 0.023066976 -0.003630522 0.999727415 47.679646705
0.999434900 -0.024639403 -0.022834478 -0.399774139 0.024717221 0.999689897 0.003131533 2.055777015 0.022750930 -0.003694079 0.999734401 48.232120628
0.999412156 -0.024865790 -0.023565217 -0.403412364 0.024945100 0.999684355 0.003078847 2.067406225 0.023482076 -0.003664908 0.999717342 48.508056388
0.999403572 -0.025192257 -0.023630889 -0.413687617 0.025271874 0.999675366 0.003074304 2.091126747 0.023546411 -0.003669567 0.999715686 49.070262594
0.999423812 -0.024434512 -0.023550157 -0.418891168 0.024500962 0.999696923 0.002535844 2.112682342 0.023482015 -0.003111406 0.999719313 49.598419856
0.999418626 -0.024431449 -0.023762734 -0.425826234 0.024491349 0.999697707 0.002233599 2.123140927 0.023701356 -0.002814183 0.999715414 49.859126139
0.999414763 -0.023557432 -0.024791781 -0.439727513 0.023620249 0.999718421 0.002241519 2.145096680 0.024732295 -0.002825689 0.999690334 50.380494297
0.999408980 -0.023496463 -0.025071491 -0.447647359 0.023565913 0.999718941 0.002477762 2.166667493 0.025006569 -0.003067052 0.999683265 50.881170027
0.999390334 -0.023733514 -0.025592028 -0.451590511 0.023798678 0.999713999 0.002244888 2.176893662 0.025531566 -0.002852431 0.999669991 51.131531803
0.999392430 -0.023559223 -0.025684832 -0.462440874 0.023596547 0.999721082 0.001149900 2.196649681 0.025651253 -0.001755151 0.999669576 51.642639573
0.999406625 -0.023019213 -0.025632693 -0.466425232 0.023065155 0.999733074 0.001497375 2.218639604 0.025591452 -0.002087649 0.999670522 52.146375562
0.999414314 -0.022817464 -0.025474077 -0.471970971 0.022871125 0.999736843 0.001817104 2.229644839 0.025426199 -0.002398633 0.999673860 52.395472755
0.999445701 -0.021390595 -0.025520065 -0.484765987 0.021444260 0.999768614 0.001829118 2.250015195 0.025475780 -0.002375361 0.999673281 52.879689011
0.999450772 -0.020335944 -0.026158979 -0.492806250 0.020376746 0.999791622 0.001295271 2.269815945 0.026128162 -0.001827580 0.999657242 53.367623437
0.999443154 -0.019770092 -0.026853509 -0.498325633 0.019805133 0.999803453 0.001041760 2.279942377 0.026828255 -0.001573053 0.999639333 53.616758207
0.999427683 -0.019030350 -0.027958625 -0.516322951 0.019066125 0.999817748 0.001014425 2.301047133 0.027935088 -0.001546835 0.999608889 54.122267585
0.999440151 -0.018406049 -0.027942569 -0.524965323 0.018410606 0.999830566 -0.000094159 2.320381059 0.027939755 -0.000420289 0.999609914 54.622423323
0.999438726 -0.017853067 -0.028337967 -0.529848155 0.017847602 0.999840591 -0.000447453 2.329825880 0.028342686 -0.000058456 0.999598891 54.859385885
0.999448898 -0.016467906 -0.028808972 -0.543880933 0.016447150 0.999864206 -0.000956737 2.350381066 0.028821610 0.000482462 0.999585205 55.367996941
0.999433238 -0.015248897 -0.029995334 -0.558079950 0.015216763 0.999883138 -0.001300158 2.370694104 0.030012638 0.000843073 0.999549536 55.863801363
0.999435884 -0.014272814 -0.030390494 -0.563754792 0.014231387 0.999897457 -0.001582399 2.380218881 0.030410440 0.001149051 0.999537322 56.100144870
0.999440003 -0.013146545 -0.030773362 -0.581867435 0.013077035 0.999911888 -0.002458654 2.399383804 0.030803787 0.002054915 0.999523372 56.592920204
0.999416619 -0.011900122 -0.032025163 -0.599229100 0.011823009 0.999926195 -0.002597939 2.419836907 0.032053928 0.002217849 0.999483455 57.086256094
0.999412924 -0.011457210 -0.032285020 -0.604914124 0.011377367 0.999931381 -0.002654973 2.429701220 0.032313315 0.002286105 0.999474720 57.322585084
0.999378914 -0.010865719 -0.033524765 -0.622268002 0.010773057 0.999937725 -0.002944571 2.449894678 0.033555265 0.002581654 0.999433163 57.815932075
0.999370779 -0.010623225 -0.033834942 -0.635992216 0.010519036 0.999939568 -0.003257570 2.469134163 0.033868351 0.002899656 0.999421858 58.286764061
0.999384302 -0.010066248 -0.033596423 -0.644834796 0.009964186 0.999944835 -0.003202983 2.478968772 0.033627132 0.002866363 0.999430492 58.520631778
0.999361940 -0.008847643 -0.034610923 -0.661426614 0.008750457 0.999957355 -0.002960368 2.500080913 0.034636337 0.002655726 0.999396987 59.014555125
0.999336737 -0.007923365 -0.035541028 -0.676424530 0.007819059 0.999964962 -0.003074092 2.520703594 0.035564303 0.002794246 0.999363902 59.509730671
0.999316206 -0.007299597 -0.036233495 -0.685904260 0.007198249 0.999970155 -0.002928313 2.531239788 0.036254013 0.002665542 0.999338596 59.755769741
0.999307128 -0.006661648 -0.036602063 -0.701084589 0.006574667 0.999975601 -0.002494060 2.552159587 0.036617910 0.002251771 0.999326891 60.238115596
0.999312019 -0.006360675 -0.036532523 -0.713118444 0.006295007 0.999978306 -0.001913531 2.573478586 0.036544710 0.001682358 0.999330549 60.722906926
0.999324285 -0.006136008 -0.036246039 -0.718022839 0.006074778 0.999979580 -0.001799342 2.583642427 0.036256716 0.001577994 0.999341182 60.959838744
0.999331353 -0.005733816 -0.036113587 -0.730966724 0.005667280 0.999982470 -0.001944175 2.603191427 0.036124282 0.001738193 0.999345803 61.431273132
0.999341345 -0.004844682 -0.035974033 -0.745652781 0.004779144 0.999987066 -0.001910417 2.622388557 0.035983149 0.001737264 0.999351234 61.888674306
0.999344613 -0.004714420 -0.035874361 -0.749146586 0.004658992 0.999988059 -0.001626486 2.632390015 0.035882768 0.001458355 0.999354962 62.114027352
0.999334902 -0.003760381 -0.036274599 -0.765261204 0.003711188 0.999992364 -0.001423502 2.652348711 0.036280352 0.001288008 0.999340801 62.582981678
0.999344184 -0.003118995 -0.036074255 -0.778184124 0.003048853 0.999993248 -0.002000517 2.671198663 0.036081028 0.001889260 0.999347125 63.054445956
0.999346266 -0.002764147 -0.036029997 -0.789214929 0.002681315 0.999993225 -0.002346836 2.680796264 0.036036509 0.002248736 0.999347760 63.299293886
0.999335057 -0.001844409 -0.036408736 -0.799156117 0.001748411 0.999994867 -0.002667508 2.699753337 0.036413615 0.002602211 0.999333875 63.760399139
0.999332793 -0.001641853 -0.036487480 -0.814502686 0.001569022 0.999996817 -0.002025659 2.720430990 0.036491415 0.001967112 0.999332331 64.229938361
0.999328271 -0.001305205 -0.036611274 -0.818785206 0.001242351 0.999997191 -0.001739465 2.730402553 0.036613427 0.001692889 0.999327916 64.454677049
0.999327538 0.000106779 -0.036660686 -0.832539070 -0.000160923 0.999999302 -0.001472907 2.750630690 0.036661603 0.001477874 0.999327345 64.925466762
0.999294833 0.001628580 -0.037520762 -0.850096026 -0.001660895 0.999997948 -0.000832224 2.771810327 0.037519913 0.000894034 0.999296197 65.405954600
0.999288070 0.002583482 -0.037624052 -0.855806508 -0.002600179 0.999996319 -0.000392994 2.782523483 0.037622879 0.000490625 0.999292122 65.642247295
0.999254860 0.003614957 -0.038431536 -0.878108632 -0.003594583 0.999993535 0.000600541 2.803953162 0.038434224 -0.000461910 0.999260901 66.119030626
0.999221998 0.004166502 -0.039208497 -0.894938570 -0.004070992 0.999988247 0.002515874 2.827219891 0.039219317 -0.002354187 0.999228010 66.600044860
0.999199211 0.004145173 -0.039782105 -0.904609699 -0.004013452 0.999986259 0.003391201 2.838352794 0.039796476 -0.003228822 0.999202613 66.833241429
0.999155793 0.004417858 -0.040837476 -0.920150361 -0.004227143 0.999979727 0.004756510 2.859717035 0.040857392 -0.004579886 0.999154804 67.289934306
0.999096762 0.005636491 -0.042107568 -0.945569908 -0.005430814 0.999972284 0.004998896 2.879778834 0.042134563 -0.004765627 0.999100840 67.764313581
0.999069793 0.006192108 -0.042675954 -0.951417579 -0.005982659 0.999969603 0.005033193 2.889281164 0.042706319 -0.004773055 0.999076787 67.987841061
0.998993318 0.007466371 -0.044230439 -0.978598767 -0.007214761 0.999956795 0.005846450 2.909640209 0.044272267 -0.005521427 0.999004350 68.448159368
0.998959029 0.008318907 -0.044845665 -0.996652646 -0.008011355 0.999943435 0.007032757 2.930033487 0.044902661 -0.006666052 0.998969648 68.890229866
0.998930949 0.008368350 -0.045463196 -1.002671947 -0.008040846 0.999940364 0.007380338 2.939473426 0.045523034 -0.007006741 0.998939253 69.100943026
0.998820921 0.008194728 -0.047854417 -1.026198912 -0.007836923 0.999939740 0.007658406 2.958059615 0.047915109 -0.007274278 0.998824654 69.538781341
0.998756636 0.007215143 -0.049323238 -1.047476255 -0.006871476 0.999951259 0.007134031 2.974835602 0.049373161 -0.006786175 0.998757419 69.965726976
0.998704517 0.006632233 -0.050440715 -1.054388815 -0.006315628 0.999958829 0.006433626 2.981946303 0.050482132 -0.006106597 0.998706284 70.163107106
0.998617907 0.006210695 -0.052188431 -1.076575589 -0.005950029 0.999968750 0.005147220 2.996932318 0.052219739 -0.004829462 0.998624058 70.576696653
0.998534916 0.006619286 -0.053696016 -1.097222371 -0.006382495 0.999969507 0.004581283 3.013226422 0.053725799 -0.004231837 0.998546428 70.991461541
0.998505322 0.006577971 -0.054244361 -1.108728834 -0.006352337 0.999970040 0.004330712 3.021328631 0.054271550 -0.003979622 0.998518156 71.197922448
0.998407689 0.006775056 -0.055988344 -1.131605171 -0.006549474 0.999969927 0.004212837 3.038763848 0.056015269 -0.003839477 0.998422540 71.623608624
0.998324618 0.007579098 -0.057368146 -1.152930734 -0.007326744 0.999962444 0.004608421 3.057147644 0.057401131 -0.004180314 0.998342210 72.050485513
0.998271124 0.007760894 -0.058252323 -1.166665554 -0.007496142 0.999960021 0.004762632 3.066351021 0.058287202 -0.004317650 0.998290284 72.267869417
0.998153609 0.006634353 -0.060370028 -1.193978240 -0.006336258 0.999966425 0.005128060 3.085309498 0.060402552 -0.004736024 0.998162777 72.715430621
0.998056511 0.005796964 -0.062040311 -1.218970904 -0.005410073 0.999965040 0.006402794 3.105895566 0.062075466 -0.006054635 0.998053255 73.164769141
0.997990764 0.004704080 -0.063185545 -1.227979724 -0.004291866 0.999968744 0.006657101 3.115488028 0.063214912 -0.006372426 0.997979736 73.385830224
0.997801524 0.001848208 -0.066236060 -1.253714681 -0.001386237 0.999974166 0.007019677 3.134496310 0.066248711 -0.006912295 0.997779377 73.834620570
0.997602000 0.001991232 -0.069178785 -1.284916433 -0.001562622 0.999979041 0.006248887 3.151487788 0.069190904 -0.006125767 0.997584833 74.279187700
0.997460152 0.001804786 -0.071201792 -1.306191549 -0.001392913 0.999981847 0.005832655 3.160397157 0.071212622 -0.005718595 0.997444850 74.516061791
0.997164981 0.001247601 -0.075231932 -1.342645620 -0.000793744 0.999980763 0.006062382 3.179790761 0.075238274 -0.005985456 0.997147805 74.981850735
0.996814060 0.001956987 -0.079736108 -1.383722945 -0.001380682 0.999972313 0.007282330 3.201154540 0.079748172 -0.007149031 0.996789170 75.456678611
0.996629931 0.001092939 -0.082023613 -1.401867759 -0.000493160 0.999973385 0.007332575 3.211002374 0.082029914 -0.007267340 0.996603863 75.695975119
0.996249069 -0.001410791 -0.086515551 -1.444331117 0.002109115 0.999965411 0.007980888 3.231709652 0.086501600 -0.008133307 0.996218923 76.182416781
0.995875875 -0.002703333 -0.090684732 -1.486966105 0.003524311 0.999954108 0.008894366 3.252354539 0.090657321 -0.009177252 0.995839537 76.656044123
0.995677451 -0.003547781 -0.092804914 -1.512070669 0.004441723 0.999945257 0.009427556 3.263094209 0.092767550 -0.009798985 0.995639635 76.902578763
0.995261864 -0.005288590 -0.097085730 -1.556914248 0.006324807 0.999926667 0.010368300 3.284181161 0.097024456 -0.010933151 0.995222141 77.387157283
0.994785213 -0.005682616 -0.101834739 -1.611042091 0.006830347 0.999916905 0.010925693 3.304682155 0.101765175 -0.011564240 0.994741254 77.877190215
0.994532234 -0.006255622 -0.104244833 -1.637713303 0.007467629 0.999908973 0.011239835 3.315002525 0.104165485 -0.011956754 0.994488228 78.122511512
0.993931806 -0.008393258 -0.109675753 -1.691643459 0.009656492 0.999892761 0.010991835 3.334697095 0.109572227 -0.011984117 0.993907241 78.625395912
0.993211812 -0.008749395 -0.115990277 -1.755655579 0.010037736 0.999894596 0.010528349 3.354075403 0.115885850 -0.011621142 0.993194433 79.133107556
0.992846901 -0.009040031 -0.119051396 -1.784519208 0.010363444 0.999891190 0.010502269 3.364298573 0.118944270 -0.011660874 0.992832279 79.389403088
0.992051914 -0.010163075 -0.125419929 -1.854550199 0.011585968 0.999876547 0.010619865 3.385310119 0.125297257 -0.011988470 0.992047081 79.917753786
0.991164548 -0.011502641 -0.132139337 -1.925403149 0.013125034 0.999848215 0.011413055 3.407400259 0.131989315 -0.013046416 0.991165452 80.445442730
0.990702295 -0.012284070 -0.135491121 -1.961240304 0.014058835 0.999827558 0.012149765 3.418974639 0.135318952 -0.013941625 0.990703932 80.708956752
0.989779584 -0.014350752 -0.141884725 -2.040790684 0.016435755 0.999773340 0.013533778 3.441454950 0.141659053 -0.015727291 0.989790951 81.229857019
0.988914185 -0.015925010 -0.147632591 -2.114207766 0.018370910 0.999715252 0.015218165 3.464271815 0.147348564 -0.017761518 0.988925411 81.742850996
0.988544654 -0.015878761 -0.150088963 -2.155567723 0.018499895 0.999699545 0.016084100 3.475696846 0.149788325 -0.018676537 0.988541913 82.002061953
0.987790901 -0.016639797 -0.154890190 -2.239688945 0.019578767 0.999655911 0.017468139 3.498399713 0.154546645 -0.020287351 0.987777295 82.532075876
0.986988848 -0.017354629 -0.159849624 -2.318575219 0.020523531 0.999623859 0.018194309 3.519279665 0.159474081 -0.021238172 0.986974359 83.040843219
0.986526722 -0.017702592 -0.162641071 -2.361464088 0.020920635 0.999617785 0.018094548 3.529027110 0.162258756 -0.021253268 0.986519527 83.298894634
0.985614334 -0.019492398 -0.167878198 -2.453406571 0.022880375 0.999571691 0.018270531 3.549234018 0.167450807 -0.021848745 0.985638827 83.822858920
0.984796887 -0.020475452 -0.172495981 -2.540781206 0.024027111 0.999539110 0.018526706 3.569318234 0.172037676 -0.022389597 0.984836180 84.337705281
0.984330270 -0.020730869 -0.175111846 -2.589842308 0.024416929 0.999522627 0.018921248 3.580027356 0.174636373 -0.022900401 0.984366631 84.603607477
0.983449875 -0.021775030 -0.179864106 -2.686576980 0.025853900 0.999458391 0.020364247 3.602052170 0.179324525 -0.024677371 0.983480527 85.123800219
0.982598867 -0.021620692 -0.184477023 -2.784233363 0.025995802 0.999433981 0.021330254 3.622696452 0.183912304 -0.025754658 0.982605780 85.630619365
0.982238015 -0.021270685 -0.186429510 -2.831084376 0.025758997 0.999432610 0.021685489 3.632913577 0.185863724 -0.026102461 0.982229371 85.885572519
0.981455943 -0.021058701 -0.190524003 -2.927208254 0.026012984 0.999384342 0.023539689 3.655115608 0.189912112 -0.028059193 0.981400475 86.393556331
0.980501576 -0.020920103 -0.195394754 -3.030487173 0.026621699 0.999291740 0.026599270 3.678936009 0.194700672 -0.031282345 0.980364035 86.895930224
0.980059295 -0.020938945 -0.197598267 -3.075972819 0.026998110 0.999242506 0.028019333 3.690498696 0.196863331 -0.032795288 0.979882877 87.139240128
0.979215542 -0.022430825 -0.201577733 -3.173208308 0.029078199 0.999124193 0.030075833 3.711866974 0.200726793 -0.035312187 0.979010392 87.621009979
0.978268475 -0.022471331 -0.206120447 -3.277490120 0.029515225 0.999078272 0.031162109 3.731228563 0.205231424 -0.036568524 0.978030796 88.097324910
0.977775149 -0.022307052 -0.208464379 -3.332228283 0.029533165 0.999063806 0.031614981 3.741146734 0.207565404 -0.037068930 0.977518501 88.346134487
0.976851177 -0.022510052 -0.212731320 -3.437136464 0.030123162 0.999013509 0.032613702 3.760850397 0.211788326 -0.038266795 0.976566656 88.834636143
0.975947691 -0.022428923 -0.216846175 -3.547995229 0.030250187 0.999003289 0.032815836 3.779910402 0.215895423 -0.038586140 0.975653708 89.343874208
0.974438374 -0.023772897 -0.223392358 -3.713847966 0.031781881 0.998971490 0.032324425 3.805847768 0.222394388 -0.038597936 0.974192683 90.076417893
0.973527488 -0.022569217 -0.227449777 -3.820624726 0.030842380 0.998983132 0.032884868 3.823629226 0.226477066 -0.039029410 0.973233875 90.538136492
0.973041274 -0.021667836 -0.229609639 -3.882469711 0.030176537 0.998979340 0.033610561 3.833557957 0.228647223 -0.039633243 0.972702555 90.781404895
0.972045591 -0.021606715 -0.233793859 -3.987086698 0.030650761 0.998912752 0.035119525 3.852525131 0.232780968 -0.041303699 0.971651870 91.232102715
0.970936527 -0.019753491 -0.238521821 -4.103510152 0.029235483 0.998914010 0.036280626 3.870234976 0.237546467 -0.042199421 0.970459179 91.673619757
0.970225245 -0.019577454 -0.241410994 -4.157154930 0.029347037 0.998886306 0.036939195 3.878997165 0.240420144 -0.042923991 0.969719430 91.885259072
0.968900144 -0.019092556 -0.246713278 -4.269006942 0.029383170 0.998841957 0.038096404 3.896464480 0.245700528 -0.044160798 0.968339009 92.317663312
0.967629702 -0.019096408 -0.251651205 -4.385417817 0.029857285 0.998792720 0.039012071 3.913754897 0.250602888 -0.045262795 0.967031756 92.759198289
0.967067815 -0.018249515 -0.253862868 -4.442199485 0.029186464 0.998798192 0.039382253 3.921798321 0.252839690 -0.045494649 0.966437768 92.968405792
0.966032606 -0.018290707 -0.257772458 -4.556532369 0.029531670 0.998770615 0.039803508 3.937216145 0.256728261 -0.046063872 0.965385130 93.386233769
0.964829917 -0.017960938 -0.262260277 -4.669420519 0.029381465 0.998780252 0.039689841 3.951333138 0.261227585 -0.045999532 0.964179904 93.792531652
0.964231373 -0.017259603 -0.264497610 -4.728544073 0.028744887 0.998801797 0.039614173 3.958477979 0.263497284 -0.045800214 0.963572004 93.999930669
0.962936008 -0.016828963 -0.269202043 -4.844623622 0.028708278 0.998777275 0.040251960 3.973693730 0.268196077 -0.046488411 0.962241666 94.403719027
0.961624095 -0.016357557 -0.273881890 -4.957712754 0.028664777 0.998747893 0.040994568 3.988726997 0.272869419 -0.047272054 0.960889154 94.797160744
0.960895333 -0.016028931 -0.276447685 -5.015417631 0.028433305 0.998757652 0.040920581 3.995439822 0.275449507 -0.047180632 0.960157020 94.992992518
0.959540587 -0.016164074 -0.281104283 -5.136950798 0.028638957 0.998776216 0.040326404 4.008199368 0.280108721 -0.046745357 0.958829511 95.392576447
0.958339236 -0.017573171 -0.285089980 -5.252367140 0.030328045 0.998724112 0.040386658 4.021844718 0.284016725 -0.047350293 0.957649707 95.784230601
0.957711916 -0.018040142 -0.287161768 -5.311671011 0.031043922 0.998685004 0.040794812 4.029216773 0.286048828 -0.047984246 0.957013127 95.978802916
0.956399765 -0.017541127 -0.291532336 -5.430317387 0.031220680 0.998615167 0.042336937 4.045249125 0.290386724 -0.049592844 0.955623748 96.367892463
0.955219195 -0.018437301 -0.295323604 -5.550492974 0.032566094 0.998544527 0.042994480 4.059613879 0.294102001 -0.050686625 0.954429245 96.755822042
0.954678129 -0.018608782 -0.297057091 -5.607555010 0.032759941 0.998549275 0.042730746 4.065435378 0.295831015 -0.050525566 0.953903315 96.939490575
0.953699978 -0.018430002 -0.300193918 -5.727035644 0.032567014 0.998579893 0.042157248 4.077171174 0.298990768 -0.049981716 0.952946159 97.315331211
0.952557343 -0.018304570 -0.303808157 -5.852707977 0.032715637 0.998564356 0.042412314 4.090517763 0.302596483 -0.050339400 0.951788415 97.698994872
0.952104964 -0.017797834 -0.305253247 -5.909016938 0.032402734 0.998555801 0.042845243 4.097557538 0.304050643 -0.050684125 0.951306443 97.883226951
