1.000000000 0.000000000 0.000000000 0.000000000 -0.000000000 1.000000000 0.000000000 0.000000000 -0.000000000 0.000000000 1.000000000 0.000000000
0.999999192 -0.000791739 -0.001410010 0.003132007 0.000792678 1.000000000 0.000677484 -0.000348287 0.001408521 -0.000678549 0.999998984 0.181274414
0.999992576 -0.000678754 -0.003905407 0.001854750 0.000684406 0.999999348 0.001449206 -0.002047062 0.003904196 -0.001451821 0.999991088 0.541165094
0.999983583 -0.000786175 -0.005717240 0.002958240 0.000793209 0.999998723 0.001228543 -0.005356102 0.005715682 -0.001233045 0.999983299 0.891275016
0.999979182 -0.000453562 -0.006421597 0.002327538 0.000459793 0.999999952 0.000972224 -0.007300422 0.006420590 -0.000975102 0.999979131 1.071211108
0.999965473 0.001172363 -0.008251450 -0.002686206 -0.001170521 0.999999337 0.000228937 -0.011406071 0.008251588 -0.000219216 0.999965634 1.408566250
0.999947887 0.002330642 -0.009937067 -0.004395139 -0.002330113 0.999997226 0.000065310 -0.014428117 0.009936954 -0.000042123 0.999950843 1.736494597
0.999940612 0.002304596 -0.010699101 -0.006920876 -0.002299868 0.999997328 0.000456464 -0.015280570 0.010699963 -0.000431760 0.999943081 1.915777490
0.999923028 0.003360778 -0.011955662 -0.009136964 -0.003350908 0.999994129 0.000845719 -0.017633338 0.011958333 -0.000805511 0.999928110 2.275331435
0.999910966 0.002538448 -0.013090922 -0.009432013 -0.002537998 0.999996531 0.000051831 -0.021858815 0.013090738 -0.000018577 0.999914102 2.614341618
0.999901308 0.002025321 -0.013931636 -0.011465379 -0.002031787 0.999997624 -0.000449661 -0.024149609 0.013930211 0.000477942 0.999902831 2.783182784
0.999871449 0.002390723 -0.015857203 -0.016486362 -0.002400483 0.999996947 -0.000596374 -0.027255319 0.015855252 0.000634391 0.999873950 3.120546371
0.999852223 0.002214361 -0.017065193 -0.020088230 -0.002219230 0.999997460 -0.000266271 -0.029475481 0.017064052 0.000304129 0.999854181 3.447819070
0.999844770 0.002380141 -0.017486815 -0.023556201 -0.002380155 0.999997048 0.000020315 -0.030511955 0.017485738 0.000021355 0.999847115 3.626769198
0.999812527 0.003457236 -0.019051890 -0.028107614 -0.003442345 0.999994368 0.000816868 -0.031906200 0.019054683 -0.000751088 0.999818414 3.953717662
0.999780557 0.004439000 -0.020498613 -0.035488405 -0.004408776 0.999989176 0.001516989 -0.033482533 0.020503950 -0.001426232 0.999788862 4.279670956
0.999765787 0.004413877 -0.021193706 -0.037993277 -0.004377566 0.999989049 0.001762904 -0.034405873 0.021200746 -0.001669603 0.999773326 4.437762883
0.999734077 0.004476103 -0.022631408 -0.046315072 -0.004425963 0.999987692 0.002266796 -0.036336216 0.022641113 -0.002166054 0.999741605 4.763381977
0.999698292 0.004705149 -0.024106015 -0.052265095 -0.004646294 0.999986190 0.002496732 -0.038636900 0.024116315 -0.002383920 0.999706638 5.079230786
0.999689132 0.004411037 -0.024568701 -0.053343398 -0.004348254 0.999987048 0.002608389 -0.039704628 0.024579540 -0.002500716 0.999694895 5.227223126
0.999663823 0.003929630 -0.025638826 -0.056910194 -0.003849154 0.999987510 0.003186224 -0.041146620 0.025650854 -0.003086437 0.999665828 5.512121664
0.999630582 0.003447784 -0.026985423 -0.064735546 -0.003340642 0.999986085 0.004014454 -0.042266334 0.026998234 -0.003922782 0.999627255 5.806127659
0.999618542 0.003207525 -0.027433362 -0.067702296 -0.003092497 0.999986245 0.004234134 -0.043152138 0.027446121 -0.004147656 0.999614457 5.953459114
0.999564305 0.002738547 -0.029383696 -0.076940826 -0.002618761 0.999987914 0.004115676 -0.045977350 0.029394117 -0.004036797 0.999559174 6.257549073
0.999499275 0.002417069 -0.031555194 -0.084758867 -0.002281053 0.999988574 0.004346334 -0.048107002 0.031564704 -0.004272050 0.999492628 6.551546538
0.999453654 0.002493991 -0.032958294 -0.090558398 -0.002339249 0.999986355 0.004733501 -0.048704922 0.032969343 -0.004653762 0.999445273 6.697886793
0.999383666 0.002350428 -0.035033082 -0.100270533 -0.002158168 0.999983007 0.005525158 -0.049872699 0.035044260 -0.005446105 0.999371143 6.991229961
0.999319667 0.002016937 -0.036839511 -0.110453395 -0.001816587 0.999983212 0.005471724 -0.052591950 0.036849593 -0.005401003 0.999306676 7.294989604
0.999272747 0.002007826 -0.038075603 -0.117190890 -0.001803119 0.999983610 0.005410167 -0.053963855 0.038084984 -0.005337531 0.999260021 7.440992111
0.999186650 0.001379939 -0.040312157 -0.127350860 -0.001177493 0.999987166 0.005045875 -0.057033976 0.040318112 -0.004994251 0.999174700 7.723558423
0.999095494 0.000907649 -0.042518493 -0.138916462 -0.000709839 0.999988695 0.004667239 -0.060040596 0.042522290 -0.004632836 0.999084991 7.995033273
0.999047792 0.000654197 -0.043643932 -0.144224781 -0.000468925 0.999991468 0.004255661 -0.061916867 0.043645439 -0.004231050 0.999038355 8.130933153
0.998954727 0.000001658 -0.045712085 -0.156721759 0.000130939 0.999995512 0.002898050 -0.066607416 0.045711556 -0.002900983 0.998950359 8.402062569
0.998850641 -0.000969414 -0.047931399 -0.172544830 0.001099314 0.999996070 0.002684242 -0.069441748 0.047928356 -0.002733738 0.998847307 8.682643609
0.998813726 -0.001193610 -0.048678170 -0.176435483 0.001334447 0.999995044 0.002861257 -0.070232482 0.048673673 -0.002922780 0.998810753 8.808454290
0.998726140 -0.000820397 -0.050463790 -0.190810901 0.000939409 0.999997157 0.002335040 -0.073312087 0.050461574 -0.002379460 0.998722959 9.057744524
0.998623459 -0.001398589 -0.052431527 -0.206122835 0.001466021 0.999998053 0.001248271 -0.077365664 0.052429182 -0.001323381 0.998623373 9.306695321
0.998575577 -0.001518859 -0.053348122 -0.210950799 0.001569826 0.999998419 0.000913858 -0.079020378 0.053346206 -0.000996227 0.998575643 9.432167494
0.998512402 -0.001290142 -0.054517641 -0.226296265 0.001346675 0.999998718 0.001000520 -0.081253176 0.054516058 -0.001072377 0.998512649 9.702324037
0.998435531 -0.002510560 -0.055872803 -0.237380499 0.002549344 0.999996281 0.000622731 -0.084178231 0.055870588 -0.000764182 0.998437682 9.963369997
0.998390808 -0.003004937 -0.056627365 -0.245517762 0.003014467 0.999995390 0.000082989 -0.086296584 0.056626289 -0.000253515 0.998395818 10.098274200
0.998317023 -0.003267726 -0.057904212 -0.259910283 0.003238913 0.999994944 -0.000591320 -0.089825270 0.057905443 0.000402837 0.998321766 10.368751009
0.998244055 -0.003146634 -0.059155742 -0.274779303 0.003145408 0.999994837 -0.000113506 -0.091296545 0.059155952 -0.000072715 0.998249121 10.628484405
0.998222652 -0.002482101 -0.059555076 -0.283872842 0.002508555 0.999997410 0.000369531 -0.091659040 0.059553733 -0.000518251 0.998224481 10.763072228
0.998148063 -0.001202254 -0.060818870 -0.301105888 0.001234185 0.999999043 0.000487849 -0.093829908 0.060817197 -0.000561929 0.998148880 11.032566872
0.998063935 -0.000851192 -0.062196372 -0.315484275 0.000865605 1.000000022 0.000205128 -0.096499538 0.062196431 -0.000258510 0.998063936 11.281860569
0.998013581 -0.000838510 -0.063002436 -0.324091089 0.000856304 0.999999542 0.000255821 -0.097520422 0.063001117 -0.000309177 0.998013661 11.406013253
0.997922570 -0.000643865 -0.064422714 -0.338470923 0.000650842 0.999999430 0.000087421 -0.099990064 0.064422122 -0.000129143 0.997922376 11.655308639
0.997858656 0.000002044 -0.065407055 -0.356639109 -0.000032897 1.000000032 -0.000470363 -0.103324893 0.065406475 0.000471557 0.997859011 11.924462242
0.997815956 0.000450809 -0.066065704 -0.365727075 -0.000480784 1.000000308 -0.000437485 -0.104457341 0.066064886 0.000468366 0.997814711 12.059043562
0.997707363 0.001107690 -0.067668600 -0.384850886 -0.001111578 0.999999216 -0.000019711 -0.106126305 0.067667944 0.000094909 0.997708159 12.327880024
0.997592592 0.001459500 -0.069332598 -0.404922359 -0.001411838 0.999998944 0.000736630 -0.107229337 0.069332877 -0.000636921 0.997593418 12.596390056
0.997537494 0.001623823 -0.070116436 -0.415893199 -0.001597681 0.999998423 0.000429260 -0.108949814 0.070117000 -0.000316079 0.997538532 12.730303988
0.997433029 -0.000420066 -0.071607733 -0.432160921 0.000335434 0.999999106 -0.001193793 -0.114126463 0.071607653 0.001166752 0.997431773 13.000104456
0.997276504 -0.002928952 -0.073696518 -0.449860352 0.002769841 0.999993480 -0.002260912 -0.118448769 0.073702387 0.002050682 0.997278253 13.280010508
0.997176495 -0.003580597 -0.075008281 -0.458945422 0.003405411 0.999991494 -0.002463212 -0.119981192 0.075015008 0.002200868 0.997180173 13.414588450
0.996985682 -0.004486113 -0.077458517 -0.480422836 0.004248407 0.999986083 -0.003233119 -0.123789660 0.077471315 0.002894351 0.996989952 13.693173999
0.996802873 -0.003685457 -0.079817707 -0.508532457 0.003429856 0.999988525 -0.003339012 -0.126645525 0.079828447 0.003054619 0.996804009 13.990639487
0.996686198 -0.002826706 -0.081298054 -0.521876371 0.002569337 0.999991778 -0.003269936 -0.127815672 0.081306377 0.003050256 0.996684710 14.134325224
0.996442986 -0.002032058 -0.084246863 -0.550469604 0.001769680 0.999993715 -0.003188770 -0.130443122 0.084251943 0.003028380 0.996440117 14.442222219
0.996206981 -0.001119789 -0.087006564 -0.578596109 0.000820622 0.999993268 -0.003474040 -0.133778066 0.087009738 0.003389511 0.996201706 14.760874027
0.996090690 -0.000778363 -0.088333664 -0.593844632 0.000468892 0.999994070 -0.003523894 -0.135345363 0.088335472 0.003468753 0.996085078 14.925084356
0.995859867 -0.000700265 -0.090907024 -0.622915397 0.000361697 0.999992747 -0.003740680 -0.138584346 0.090908259 0.003692356 0.995852416 15.243405764
0.995623546 -0.001711874 -0.093441043 -0.651995211 0.001417437 0.999993675 -0.003217142 -0.140573406 0.093446319 0.003070660 0.995619440 15.561737730
0.995482061 -0.002583211 -0.094920845 -0.665334203 0.002257923 0.999991399 -0.003534078 -0.142423511 0.094928930 0.003303830 0.995479133 15.705417724
0.995205260 -0.003708598 -0.097738733 -0.696752762 0.003345964 0.999987358 -0.003873720 -0.145793013 0.097750960 0.003528165 0.995204861 16.012314820
0.995012870 -0.004436181 -0.099652740 -0.723924420 0.004106862 0.999985853 -0.003509418 -0.147874893 0.099666336 0.003082706 0.995016073 16.310118055
0.994913091 -0.004349731 -0.100648225 -0.741063635 0.004041578 0.999986512 -0.003265324 -0.148950285 0.100660793 0.002841985 0.994917330 16.473670117
0.994677464 -0.002927099 -0.103001887 -0.774380558 0.002663904 0.999992510 -0.002692588 -0.150767949 0.103009139 0.002403911 0.994677191 16.779917899
0.994474336 -0.002551572 -0.104950476 -0.808147272 0.002236032 0.999992274 -0.003124003 -0.154217974 0.104957499 0.002872109 0.994472821 17.075391105
0.994371427 -0.002532302 -0.105919868 -0.823848987 0.002130173 0.999989744 -0.003909432 -0.156947661 0.105928154 0.003661849 0.994366626 17.228830827
0.994249472 -0.002623830 -0.107058254 -0.853335937 0.001959373 0.999978784 -0.006311084 -0.163649783 0.107071590 0.006065068 0.994233169 17.515171830
0.994104331 -0.004338347 -0.108347108 -0.880441200 0.003295426 0.999946308 -0.009802818 -0.172092162 0.108383483 0.009388015 0.994064594 17.791730978
0.994038297 -0.005102625 -0.108919162 -0.893765353 0.003891311 0.999928517 -0.011330816 -0.175992140 0.108968860 0.010839465 0.993985847 17.935393659
0.993937967 -0.005749234 -0.109797187 -0.927050138 0.004307104 0.999901165 -0.013367190 -0.182249530 0.109862422 0.012813288 0.993864064 18.241603943
0.993937140 -0.006549032 -0.109762001 -0.956567943 0.004952557 0.999877850 -0.014811157 -0.187500851 0.109844846 0.014177785 0.993847832 18.549147566
0.993931460 -0.006890829 -0.109786212 -0.968955146 0.005185209 0.999861177 -0.015813689 -0.190486853 0.109879324 0.015148501 0.993829378 18.693149178
0.993926406 -0.007195394 -0.109816472 -1.000351990 0.005257912 0.999825341 -0.017922129 -0.196856170 0.109926043 0.017235905 0.993790292 19.000020937
0.994016170 -0.006503413 -0.109041009 -1.028922566 0.004382330 0.999796733 -0.019680419 -0.202613427 0.109146666 0.019084858 0.993842860 19.307891498
0.994045508 -0.006640571 -0.108764521 -1.044165009 0.004466352 0.999785260 -0.020221511 -0.205020671 0.108874901 0.019615311 0.993861896 19.472094733
0.994132826 -0.007108361 -0.107936958 -1.073714247 0.004906430 0.999774615 -0.020651734 -0.208741195 0.108059306 0.020001066 0.993943105 19.800841652
0.994168367 -0.007314541 -0.107594047 -1.107534418 0.005212617 0.999790502 -0.019803759 -0.210429546 0.107715848 0.019127495 0.993997539 20.138710471
0.994212415 -0.006529823 -0.107236156 -1.121851059 0.004529445 0.999811241 -0.018886776 -0.210382909 0.107339069 0.018291789 0.994053750 20.303265641
0.994253678 -0.007167670 -0.106809877 -1.154738695 0.005366843 0.999839044 -0.017137798 -0.210547322 0.106915486 0.016466132 0.994131449 20.641478542
0.994398063 -0.006020230 -0.105530777 -1.186679249 0.004388919 0.999867614 -0.015683487 -0.211197671 0.105610442 0.015132508 0.994292233 20.980018549
0.994446401 -0.006082054 -0.105067762 -1.201476172 0.004547112 0.999879349 -0.014842332 -0.211382591 0.105144785 0.014282188 0.994354836 21.155001342
0.994582025 -0.005860006 -0.103792002 -1.231090069 0.004688038 0.999922824 -0.011531725 -0.208982601 0.103851077 0.010982711 0.994532723 21.504990322
0.994708958 -0.005644327 -0.102580472 -1.261661110 0.004939535 0.999962580 -0.007123197 -0.204706760 0.102617007 0.006578857 0.994699067 21.854663935
0.994780512 -0.006150172 -0.101853227 -1.276951128 0.005636431 0.999970543 -0.005330780 -0.203353345 0.101882431 0.004728920 0.994785380 22.040089299
0.994986129 -0.005264729 -0.099882984 -1.306566690 0.005099428 0.999985141 -0.001910107 -0.200723370 0.099890428 0.001391235 0.994997339 22.390080221
0.995203508 -0.005210150 -0.097692718 -1.331927967 0.005392290 0.999984188 0.001600753 -0.197825709 0.097682739 -0.002119766 0.995215449 22.730968669
0.995329017 -0.004995354 -0.096412391 -1.343424711 0.005345463 0.999980551 0.003373715 -0.196287066 0.096392957 -0.003873223 0.995335650 22.896530073
0.995555035 -0.003287559 -0.094126657 -1.371159714 0.003991627 0.999965691 0.007292733 -0.192749082 0.094099196 -0.007636045 0.995533463 23.247191085
0.995786296 -0.001340074 -0.091692274 -1.396988752 0.002236868 0.999950423 0.009678457 -0.191812871 0.091674626 -0.009842781 0.995740112 23.598492545
0.995918937 -0.000438258 -0.090257258 -1.407525818 0.001359024 0.999948151 0.010140498 -0.192500058 0.090247853 -0.010221741 0.995867352 23.764366360
0.996133196 0.001286292 -0.087847093 -1.434251125 -0.000522335 0.999962273 0.008719227 -0.198097476 0.087855139 -0.008639559 0.996095744 24.115281426
0.996394546 0.001639157 -0.084826237 -1.455736919 -0.001300648 0.999990978 0.004045942 -0.209182821 0.084831832 -0.003920926 0.996387245 24.457376615
0.996566887 0.001473175 -0.082787029 -1.463399148 -0.001399431 0.999998670 0.000948845 -0.215967534 0.082787388 -0.000829684 0.996566639 24.624192562
0.996943824 -0.001046014 -0.078119719 -1.476853418 0.000623750 0.999985126 -0.005429374 -0.230007973 0.078123735 0.005364101 0.996928743 24.979673267
0.997326390 -0.004608470 -0.072931288 -1.485120508 0.003825385 0.999933412 -0.010872990 -0.242306784 0.072976864 0.010564978 0.997277364 25.326395156
0.997517762 -0.006586677 -0.070103196 -1.488553228 0.005658370 0.999893509 -0.013431959 -0.248212958 0.070184497 0.013001996 0.997449179 25.505304154
0.997907212 -0.006147855 -0.064364527 -1.502519919 0.005040947 0.999837046 -0.017345379 -0.258045227 0.064460725 0.016984678 0.997775644 25.871249979
0.998245538 -0.005999403 -0.058914472 -1.512752855 0.004950107 0.999826779 -0.017940152 -0.262281711 0.059012020 0.017617084 0.998101915 26.238567908
0.998412228 -0.004904781 -0.056130509 -1.518600270 0.003972162 0.999852433 -0.016714601 -0.261887910 0.056203422 0.016465131 0.998283922 26.427297273
0.998750238 -0.002054706 -0.049948610 -1.528453431 0.001451116 0.999925529 -0.012117079 -0.257631564 0.049970095 0.012029492 0.998678240 26.826638088
0.999016830 -0.001584494 -0.044300988 -1.532655941 0.001290288 0.999976748 -0.006668576 -0.251891114 0.044309962 0.006604901 0.998996115 27.227978701
0.999123448 -0.002356758 -0.041797018 -1.533333061 0.002163583 0.999987332 -0.004665970 -0.250234765 0.041806922 0.004571502 0.999114873 27.429135571
0.999272317 -0.004543165 -0.037870354 -1.534204575 0.004457965 0.999987846 -0.002333455 -0.249839425 0.037880176 0.002162987 0.999279844 27.842185460
0.999397184 -0.006293513 -0.034153093 -1.536504178 0.006305533 0.999980326 0.000244558 -0.249089710 0.034151011 -0.000459703 0.999416403 28.265336709
0.999450638 -0.005891726 -0.032628370 -1.542855058 0.005950235 0.999981316 0.001697124 -0.248536597 0.032617393 -0.001890261 0.999466250 28.485687365
0.999563549 -0.006073303 -0.028914686 -1.544684676 0.006181019 0.999974255 0.003637803 -0.248944349 0.028890645 -0.003814899 0.999575473 28.919589627
0.999647842 -0.006028369 -0.025858924 -1.545555774 0.006143092 0.999971513 0.004360082 -0.251417940 0.025831340 -0.004517328 0.999656580 29.353805652
0.999688789 -0.005597338 -0.024327811 -1.546236459 0.005722576 0.999970556 0.005081118 -0.252080556 0.024297914 -0.005218708 0.999691093 29.576133303
0.999771255 -0.004534782 -0.020892440 -1.543845688 0.004708964 0.999955052 0.008296209 -0.250349847 0.020854171 -0.008392667 0.999747362 30.022139258
0.999811347 -0.004239571 -0.018987821 -1.543350459 0.004471182 0.999915810 0.012172954 -0.247457274 0.018934538 -0.012255528 0.999745219 30.467492605
0.999828450 -0.003716993 -0.018160290 -1.543569049 0.003951445 0.999909561 0.012892730 -0.248187424 0.018110249 -0.012962244 0.999752141 30.700580474
0.999850200 -0.003138144 -0.017019051 -1.546308780 0.003318672 0.999938185 0.010590554 -0.256027858 0.016984283 -0.010645350 0.999798884 31.155279117
0.999861541 -0.004542608 -0.016041036 -1.543385918 0.004674189 0.999955785 0.008175553 -0.264034086 0.016002635 -0.008249355 0.999837966 31.611963622
0.999872656 -0.005015677 -0.015139192 -1.542156946 0.005123322 0.999962142 0.007081122 -0.267808444 0.015102097 -0.007157800 0.999860580 31.834927413
0.999875513 -0.004958719 -0.015008594 -1.540635951 0.005024193 0.999978301 0.004329447 -0.276271138 0.014986485 -0.004404210 0.999878309 32.280516064
0.999874028 -0.006262673 -0.014565551 -1.542895563 0.006271524 0.999980196 0.000563519 -0.286668952 0.014561939 -0.000654749 0.999893882 32.745953895
0.999881406 -0.005946513 -0.014203755 -1.541665361 0.005937937 0.999982218 -0.000645285 -0.290613301 0.014206866 0.000560918 0.999898431 32.968916250
0.999895911 -0.004641343 -0.013656156 -1.546338510 0.004631226 0.999989426 -0.000770992 -0.294871130 0.013659184 0.000707715 0.999906970 33.444173097
0.999899376 -0.004611627 -0.013410557 -1.549620794 0.004616212 0.999989776 0.000312050 -0.297152586 0.013407985 -0.000373872 0.999909690 33.930538636
0.999905796 -0.004533137 -0.012961409 -1.548425427 0.004538466 0.999989916 0.000382907 -0.299096167 0.012958937 -0.000441644 0.999915507 34.174708256
0.999914020 -0.004236672 -0.012436794 -1.547945238 0.004247819 0.999991133 0.000870972 -0.302560528 0.012431872 -0.000923666 0.999921661 34.683579013
0.999922002 -0.005427288 -0.011263031 -1.544624450 0.005433961 0.999984983 0.000562748 -0.307392706 0.011259586 -0.000623852 0.999936016 35.193431849
0.999926639 -0.006131023 -0.010476825 -1.544382410 0.006130125 0.999981174 -0.000116947 -0.310799338 0.010477135 0.000052762 0.999944853 35.458448269
0.999935306 -0.005878468 -0.009782146 -1.540559189 0.005857675 0.999980764 -0.002151320 -0.318459771 0.009794624 0.002093933 0.999950133 35.957847639
0.999943923 -0.005333598 -0.009145010 -1.541004078 0.005304895 0.999981126 -0.003158713 -0.324478007 0.009160950 0.003110078 0.999952857 36.466365616
0.999949761 -0.004654865 -0.008883349 -1.543577428 0.004623617 0.999982813 -0.003533288 -0.327187672 0.008899024 0.003492086 0.999954740 36.709203923
0.999968905 -0.003158654 -0.007334594 -1.540685131 0.003121632 0.999982659 -0.005052548 -0.333783095 0.007350302 0.005029550 0.999960233 37.187090711
0.999978599 -0.002254745 -0.006155913 -1.535433295 0.002218718 0.999980388 -0.005850084 -0.339058963 0.006168382 0.005836351 0.999963519 37.655221487
0.999982013 -0.001947978 -0.005779527 -1.534237060 0.001914091 0.999981514 -0.005858613 -0.341122536 0.005791038 0.005847490 0.999966239 37.899390094
0.999977386 -0.002719279 -0.006220805 -1.533272462 0.002684300 0.999980979 -0.005621787 -0.344925305 0.006235605 0.005605019 0.999964446 38.397828415
0.999976116 -0.003510582 -0.005981511 -1.526647079 0.003478619 0.999979630 -0.005344176 -0.348643884 0.006000115 0.005323288 0.999967763 38.898254710
0.999979243 -0.003764598 -0.005310352 -1.523562468 0.003735678 0.999977940 -0.005444063 -0.350879381 0.005329956 0.005424151 0.999971203 39.143084286
0.999984561 -0.003185965 -0.004657439 -1.517853604 0.003158825 0.999977908 -0.005820172 -0.355522826 0.004675781 0.005805406 0.999972622 39.621981192
0.999989241 -0.002744140 -0.003843959 -1.510692454 0.002717626 0.999973096 -0.006882738 -0.361051505 0.003861772 0.006872264 0.999968809 40.069581887
0.999988716 -0.002411694 -0.004287620 -1.510892948 0.002378907 0.999968156 -0.007633965 -0.364281500 0.004305133 0.007623718 0.999961683 40.302648643
0.999985485 -0.002801523 -0.004612532 -1.511301607 0.002762276 0.999960121 -0.008490495 -0.369681557 0.004635713 0.008477680 0.999952688 40.768791107
0.999982540 -0.004743434 -0.003708508 -1.506515486 0.004709897 0.999948837 -0.008995821 -0.374389923 0.003750944 0.008978239 0.999952863 41.226165887
0.999977130 -0.006078488 -0.002976805 -1.500092241 0.006049281 0.999935059 -0.009720255 -0.377402594 0.003034566 0.009702077 0.999948436 41.440362586
0.999982952 -0.005635877 -0.001744636 -1.498588257 0.005616147 0.999922438 -0.011112050 -0.383515433 0.001806635 0.011102101 0.999936411 41.885971084
0.999986495 -0.005179777 0.000029770 -1.491441946 0.005179768 0.999926976 -0.010955756 -0.386994238 0.000026733 0.010955820 0.999939893 42.333589092
0.999988402 -0.004638772 0.001378750 -1.485517876 0.004652604 0.999937027 -0.010223013 -0.387628627 -0.001330791 0.010229355 0.999946639 42.558235456
0.999990186 -0.001905959 0.004024858 -1.476998652 0.001935652 0.999970728 -0.007389624 -0.386651213 -0.004010765 0.007397393 0.999964377 43.016983100
0.999983988 -0.000232216 0.005739519 -1.467529304 0.000261517 0.999987182 -0.005106220 -0.386579709 -0.005738794 0.005107688 0.999970258 43.476054304
0.999982068 0.000095139 0.006028205 -1.463027895 -0.000067643 0.999990142 -0.004564618 -0.387609677 -0.006028191 0.004564181 0.999971556 43.710795695
0.999974411 -0.000489393 0.007200892 -1.452138945 0.000513803 0.999993795 -0.003390096 -0.389531556 -0.007199892 0.003393757 0.999967908 44.180942062
0.999949552 -0.002344471 0.009856122 -1.434657129 0.002371964 0.999993363 -0.002779026 -0.392594244 -0.009850610 0.002802306 0.999947473 44.674587635
0.999935641 -0.003628748 0.010770375 -1.429230805 0.003653244 0.999991341 -0.002256896 -0.393859273 -0.010762447 0.002296152 0.999939211 44.930848617
0.999912499 -0.004022044 0.012629354 -1.414120688 0.004040024 0.999990639 -0.001399151 -0.396561620 -0.012624283 0.001450103 0.999919674 45.434264391
0.999902883 -0.001601227 0.013859467 -1.400876706 0.001611235 0.999998214 -0.000711266 -0.399352917 -0.013859422 0.000733573 0.999903280 45.915826625
0.999890287 0.000156084 0.014846078 -1.395911030 -0.000150978 1.000000224 -0.000346250 -0.400750400 -0.014846632 0.000344031 0.999890073 46.161325700
0.999865863 0.001479620 0.016325541 -1.382184468 -0.001458515 0.999997889 -0.001305235 -0.406439057 -0.016327960 0.001281298 0.999865741 46.653624252
0.999855364 0.001484359 0.016938554 -1.366580025 -0.001458943 0.999998171 -0.001513630 -0.410849727 -0.016941078 0.001488750 0.999854997 47.146596019
0.999853819 0.001184517 0.017072235 -1.360211251 -0.001169052 0.999999001 -0.000916712 -0.411960733 -0.017073040 0.000896676 0.999853367 47.403189512
0.999850213 -0.001778103 0.017263193 -1.340389894 0.001770072 0.999998915 0.000478947 -0.413752972 -0.017264587 -0.000448223 0.999850941 47.908269026
0.999845368 -0.002593636 0.017412720 -1.326200367 0.002603213 0.999996384 -0.000528017 -0.419629155 -0.017411876 0.000573304 0.999847850 48.411326783
0.999838963 -0.003003414 0.017711121 -1.315546762 0.003044850 0.999993261 -0.002314398 -0.424692216 -0.017703917 0.002367995 0.999840759 48.658782162
0.999793683 -0.004115322 0.019888070 -1.295721298 0.004171825 0.999987856 -0.002801381 -0.429863355 -0.019876995 0.002883827 0.999798295 49.185023504
0.999792844 -0.004511362 0.019888070 -1.277295892 0.004587270 0.999982712 -0.003773384 -0.435740945 -0.019870605 0.003863885 0.999795035 49.700166880
0.999775719 -0.005203353 0.020542230 -1.267124090 0.005317767 0.999970804 -0.005519874 -0.440825575 -0.020512995 0.005627927 0.999773357 49.958051655
0.999740311 -0.006345432 0.021920743 -1.245834199 0.006549451 0.999935767 -0.009248285 -0.451370778 -0.021861113 0.009389492 0.999717077 50.474149240
0.999734351 -0.005613306 0.022389689 -1.228843977 0.005824689 0.999939006 -0.009387086 -0.455914054 -0.022336453 0.009515048 0.999705282 50.999402253
0.999735304 -0.005841409 0.022241446 -1.219647705 0.006032438 0.999945538 -0.008532645 -0.456582989 -0.022190753 0.008664611 0.999715627 51.256993112
0.999736824 -0.006422574 0.022049164 -1.202188420 0.006593118 0.999948512 -0.007670990 -0.459344804 -0.021999641 0.007814383 0.999727552 51.771831593
0.999730679 -0.006400156 0.022326045 -1.180466816 0.006566124 0.999951213 -0.007369147 -0.462948866 -0.022277662 0.007513804 0.999723131 52.277558225
0.999727069 -0.006479580 0.022469361 -1.171263306 0.006640747 0.999952836 -0.007106212 -0.464617739 -0.022422252 0.007253533 0.999722273 52.535140639
0.999725549 -0.006360193 0.022581810 -1.155215896 0.006526506 0.999952085 -0.007299381 -0.469265041 -0.022534268 0.007444800 0.999718287 53.060061563
0.999747380 -0.005236511 0.021848330 -1.143376570 0.005452071 0.999937175 -0.009819696 -0.477750700 -0.021795437 0.009936390 0.999712937 53.572864437
0.999735585 -0.004867429 0.022480468 -1.132722676 0.005130168 0.999919464 -0.011645401 -0.482853758 -0.022422081 0.011757699 0.999679479 53.820319478
0.999730491 -0.002190633 0.023132456 -1.117094202 0.002511216 0.999900800 -0.013839183 -0.490584223 -0.023100228 0.013893586 0.999636226 54.313263206
0.999727803 0.002888100 0.023149709 -1.108066502 -0.002508709 0.999862897 -0.016402777 -0.498892882 -0.023194481 0.016340280 0.999597158 54.803883577
0.999713899 0.003932668 0.023597866 -1.100245099 -0.003506078 0.999830381 -0.018094726 -0.503748053 -0.023665006 0.018006853 0.999557822 55.050347080
0.999721369 0.003244980 0.023404970 -1.079421266 -0.002777261 0.999796264 -0.019988035 -0.510866822 -0.023465719 0.019917513 0.999526543 55.534522449
0.999696017 0.003522743 0.024400121 -1.061463167 -0.003021493 0.999784581 -0.020553169 -0.515956923 -0.024468285 0.020473196 0.999491276 56.038911687
0.999684261 0.002728025 0.024975752 -1.048460375 -0.002209116 0.999781762 -0.020779558 -0.518270517 -0.025027339 0.020717899 0.999472513 56.276623131
0.999606914 0.003180709 0.027865880 -1.026211347 -0.002548469 0.999739003 -0.022696257 -0.525343684 -0.027930481 0.022616338 0.999354138 56.750700518
0.999495717 0.006511751 0.031072134 -1.006788315 -0.005685365 0.999629988 -0.026609574 -0.535877846 -0.031234479 0.026419509 0.999162632 57.244945408
0.999451188 0.007150530 0.032353901 -0.993771915 -0.006245889 0.999589273 -0.027979221 -0.540071324 -0.032540837 0.027761878 0.999084530 57.482640975
0.999360479 0.007189973 0.035044037 -0.967281434 -0.006127897 0.999521898 -0.030323448 -0.547915851 -0.035245448 0.030089327 0.998925172 57.968797478
0.999284876 0.005478908 0.037417351 -0.936996178 -0.004192378 0.999399837 -0.034375685 -0.558594072 -0.037583507 0.034194275 0.998707910 58.456254890
0.999228091 0.003957680 0.039095695 -0.916420773 -0.002525414 0.999326423 -0.036618164 -0.564235199 -0.039214153 0.036491156 0.998564407 58.696587914
0.999136002 0.002162974 0.041504277 -0.885194876 -0.000482711 0.999181425 -0.040453299 -0.574509413 -0.041557881 0.040398396 0.998319515 59.184379949
0.999020263 0.003233536 0.044147057 -0.860126477 -0.001330590 0.999071482 -0.043066944 -0.582829514 -0.044245853 0.042966072 0.998096060 59.680630802
0.998951121 0.004486665 0.045567771 -0.846646172 -0.002452446 0.999002086 -0.044600251 -0.587340510 -0.045722820 0.044441741 0.997965305 59.929084476
0.998758927 0.006119820 0.049422872 -0.814008182 -0.003774190 0.998867846 -0.047416768 -0.595759235 -0.049657454 0.047171443 0.997651130 60.406793814
0.998617295 0.005621201 0.052278977 -0.775733873 -0.003104057 0.998837279 -0.048105431 -0.600713977 -0.052489399 0.047876627 0.997472832 60.886519673
0.998556391 0.004598295 0.053515482 -0.757555574 -0.002029514 0.998847701 -0.047956579 -0.602484979 -0.053675434 0.047778834 0.997414603 61.136652541
0.998362924 0.001707953 0.057181379 -0.714592991 0.001025533 0.998859265 -0.047740905 -0.606168744 -0.057197829 0.047721460 0.997222071 61.639235555
0.997979942 0.002096594 0.063494130 -0.664067711 0.001003992 0.998809582 -0.048761723 -0.611810127 -0.063521114 0.048727069 0.996789788 62.144451719
0.997768268 0.004009953 0.066653918 -0.643984532 -0.000664816 0.998742861 -0.050134420 -0.616032912 -0.066771120 0.049978246 0.996515556 62.395226300
0.997286057 0.007813040 0.073217984 -0.598151744 -0.003907744 0.998569713 -0.053329813 -0.625174242 -0.073530286 0.052898891 0.995888988 62.898756851
0.996662942 0.009289111 0.081103909 -0.544305674 -0.004688195 0.998378785 -0.056736588 -0.634750822 -0.081499978 0.056166997 0.995089231 63.415694199
0.996341183 0.009983430 0.084884381 -0.513840554 -0.005030567 0.998282662 -0.058363670 -0.639349223 -0.085322008 0.057723164 0.994680318 63.670108924
0.995696589 0.008613878 0.092278216 -0.446336197 -0.003019884 0.998158078 -0.060590799 -0.647096995 -0.092630528 0.060051421 0.993888249 64.202459455
0.994840417 0.005349016 0.101315936 -0.365612467 0.000948438 0.998075815 -0.062007091 -0.653339293 -0.101452316 0.061783213 0.992920074 64.718269283
0.994353597 0.004446609 0.106025161 -0.326218468 0.002089570 0.998108101 -0.061456806 -0.654509150 -0.106099235 0.061331352 0.992462582 64.986454650
0.993232424 0.007145922 0.115930272 -0.246941648 -0.000056811 0.998135661 -0.061038242 -0.657797233 -0.116150641 0.060618556 0.991380251 65.512387796
0.991969977 0.008258847 0.126202178 -0.162002740 -0.000591439 0.998158014 -0.060671754 -0.661181114 -0.126471340 0.060109944 0.990147352 66.040307396
0.991273250 0.008614954 0.131545325 -0.116942963 -0.000644141 0.998167332 -0.060516779 -0.662956737 -0.131825084 0.059903942 0.989461828 66.310474911
0.989583638 0.008589559 0.143705879 -0.015946491 0.000284594 0.998099743 -0.061618047 -0.668681917 -0.143962731 0.061017117 0.987700355 66.844005317
0.987959050 0.004908305 0.154638862 0.095908007 0.004826047 0.998032534 -0.062510532 -0.673971193 -0.154642005 0.062504132 0.985991457 67.370753143
0.986957487 0.004154237 0.160926715 0.152774630 0.006006652 0.998020978 -0.062602171 -0.676036834 -0.160869271 0.062752398 0.984978772 67.634463156
0.984498994 0.005629148 0.175298787 0.271226138 0.005483715 0.998007977 -0.062845284 -0.680227949 -0.175303344 0.062832462 0.982507530 68.163538731
0.981498233 0.005902319 0.191380478 0.402426074 0.006313881 0.997983854 -0.063159640 -0.684435066 -0.191367047 0.063199413 0.979481412 68.686490330
0.979937241 0.005901358 0.199220148 0.470637737 0.006908437 0.997955081 -0.063543594 -0.686763190 -0.199187680 0.063645074 0.977892065 68.932982287
0.976703041 0.005908942 0.214514272 0.606581143 0.008116541 0.997888369 -0.064442979 -0.691700989 -0.214443116 0.064682713 0.974592606 69.436393401
0.972980294 0.004169578 0.230850537 0.751486091 0.010987285 0.997867998 -0.064332002 -0.694911030 -0.230627604 0.065130223 0.970860316 69.932370425
0.970745068 0.003119272 0.240093522 0.832915101 0.012558100 0.997887428 -0.063739236 -0.695453697 -0.239784930 0.064889685 0.968655064 70.162324043
0.965728272 0.003097940 0.259536596 0.991974128 0.013474353 0.997982687 -0.062049959 -0.695934307 -0.259206105 0.063420510 0.963737096 70.642101911
0.960023693 0.004338884 0.279884933 1.167106011 0.013426006 0.998015725 -0.061523891 -0.698057150 -0.279596839 0.062822136 0.958059999 71.106306122
0.957029151 0.006468166 0.289921623 1.255613019 0.011996883 0.998012278 -0.061867428 -0.700179028 -0.289745759 0.062687067 0.955048353 71.349325665
0.951147833 0.009976145 0.308574700 1.434077075 0.010004282 0.997957133 -0.063101086 -0.704998035 -0.308573908 0.063105544 0.949104490 71.804071157
0.944287442 0.011769693 0.328912495 1.632829237 0.009739457 0.997923243 -0.063670897 -0.708610859 -0.328978460 0.063327009 0.942211873 72.255352681
0.940508753 0.013138629 0.339516825 1.734569227 0.009301338 0.997881916 -0.064382137 -0.711107147 -0.339643994 0.063709888 0.938393857 72.481815643
0.932173646 0.016159179 0.361650714 1.944671188 0.008811993 0.997694147 -0.067292119 -0.718451347 -0.361904111 0.065914779 0.929882375 72.937040179
0.922504881 0.018791566 0.385529067 2.175088345 0.009033188 0.997489259 -0.070234959 -0.725520198 -0.385880516 0.068274588 0.920018924 73.367602518
0.917167909 0.020275883 0.397984969 2.294294879 0.008786735 0.997433614 -0.071064983 -0.728072322 -0.398404118 0.068675554 0.914635462 73.589597221
0.906268997 0.021580204 0.422150854 2.545422065 0.008788153 0.997518032 -0.069859129 -0.728452865 -0.422611247 0.067021145 0.903830030 74.027502682
0.894867322 0.021985799 0.445790882 2.809767755 0.009254655 0.997657901 -0.067780667 -0.727207942 -0.446237235 0.064780333 0.892567673 74.448868452
0.888950532 0.022532920 0.457449250 2.941705417 0.009298456 0.997695426 -0.067213819 -0.727386216 -0.457909780 0.064003328 0.886691735 74.664759364
0.877143186 0.022963034 0.479680417 3.215539838 0.011126283 0.997616499 -0.068102993 -0.730661577 -0.480100953 0.065073199 0.874796246 75.068208696
0.864018367 0.023900882 0.502892856 3.500702776 0.012865733 0.997497976 -0.069512379 -0.734728497 -0.503296093 0.066530080 0.861548986 75.475625869
0.857633844 0.025176860 0.513644719 3.642586361 0.012539547 0.997479906 -0.069829985 -0.736005696 -0.514108807 0.066329450 0.855156470 75.663199659
0.844848637 0.028885861 0.534225622 3.923520822 0.010350610 0.997472615 -0.070302924 -0.738282211 -0.534905711 0.064924912 0.842413891 76.037355956
0.831063795 0.031688969 0.555274698 4.227103342 0.009430243 0.997429416 -0.071036277 -0.740901918 -0.556097862 0.064272043 0.828627709 76.419458408
0.824467038 0.032371988 0.564983678 4.377960992 0.009795641 0.997396969 -0.071442683 -0.742181252 -0.565825391 0.064436506 0.822003809 76.599583498
0.811524671 0.032955559 0.583388158 4.687208369 0.010434705 0.997431325 -0.070860115 -0.742467798 -0.584225634 0.063592240 0.809096029 76.962502553
0.799183850 0.032701805 0.600196930 4.998333337 0.011356608 0.997519096 -0.069471762 -0.741436360 -0.600979722 0.062336891 0.796829336 77.326095160
0.792952794 0.033247158 0.608376235 5.159097876 0.011148234 0.997550840 -0.069045759 -0.741233888 -0.609181912 0.061532387 0.790640002 77.499115293
0.780015937 0.035425047 0.624755873 5.475916147 0.009794209 0.997583416 -0.068793298 -0.741799046 -0.625683744 0.059778857 0.777783064 77.843491312
0.766908794 0.037360972 0.640667769 5.795114079 0.009478060 0.997535743 -0.069517672 -0.743824478 -0.641685991 0.059386030 0.764664298 78.178087841
0.760072218 0.038129290 0.648718700 5.958720157 0.009732569 0.997496974 -0.070032343 -0.745119815 -0.649766023 0.059543376 0.757798479 78.352088955
