1.000000000 0.000000000 0.000000000 0.000000000 0.000000000 1.000000000 0.000000000 0.000000000 0.000000000 0.000000000 1.000000000 -0.000000000
0.999913384 0.001007164 0.013136179 0.020134151 -0.000996332 0.999998742 -0.000834812 0.016740545 -0.013136630 0.000821729 0.999914129 0.241158050
0.999217787 0.003061040 0.039435838 0.079077867 -0.002963687 0.999992272 -0.002530493 0.049728712 -0.039444067 0.002411584 0.999219434 0.716263979
0.997752079 0.005503794 0.066786114 0.146340865 -0.005256714 0.999979015 -0.003874588 0.082926822 -0.066805672 0.003514728 0.997759746 1.185440728
0.996770541 0.007236237 0.079984772 0.182302148 -0.006847300 0.999963318 -0.005136250 0.098124885 -0.080019055 0.004571951 0.996783381 1.413055309
0.994303706 0.011854620 0.105921985 0.262365328 -0.011084519 0.999907876 -0.007856786 0.129646419 -0.106005975 0.006637940 0.994344089 1.886519785
0.991290866 0.014227738 0.130922665 0.362909508 -0.013093203 0.999869261 -0.009522370 0.160832275 -0.131040962 0.007725148 0.991347799 2.332193232
0.989478881 0.014596331 0.143943245 0.420801034 -0.013258788 0.999859503 -0.010247332 0.176984789 -0.144072034 0.008231003 0.989533288 2.559817146
0.985526313 0.015302845 0.168830550 0.537807294 -0.013347376 0.999829908 -0.012711968 0.207970290 -0.168996679 0.010274490 0.985563237 3.017911643
0.981194015 0.015559450 0.192397884 0.669015299 -0.012564041 0.999780618 -0.016779507 0.235263611 -0.192616338 0.014046697 0.981174254 3.458959626
0.979017445 0.015487700 0.203187453 0.731160499 -0.011831363 0.999745307 -0.019197196 0.247757609 -0.203433337 0.016390411 0.978951765 3.671784071
0.974566918 0.017768161 0.223392970 0.856262897 -0.012925156 0.999649339 -0.023123270 0.274309089 -0.223726206 0.019647784 0.974454725 4.099147919
0.970058037 0.020961891 0.241965345 0.999633329 -0.014891145 0.999527099 -0.026891389 0.300558185 -0.242415376 0.022483117 0.969912511 4.518371360
0.967987766 0.021711423 0.250059355 1.063811184 -0.015129779 0.999487909 -0.028213011 0.315091120 -0.250544175 0.023526476 0.967820440 4.735623115
0.964400712 0.024446942 0.263312069 1.203515748 -0.016960810 0.999385625 -0.030667481 0.342656186 -0.263900277 0.025109467 0.964223380 5.146504296
0.961324576 0.025579757 0.274228134 1.339963753 -0.017212563 0.999311418 -0.032875014 0.369990475 -0.274879984 0.026883702 0.961102887 5.550074934
0.959975152 0.025691366 0.278903687 1.408390050 -0.017038299 0.999296862 -0.033406658 0.384544603 -0.279566627 0.027316904 0.959738785 5.752251870
0.957331893 0.024462735 0.287954427 1.550531716 -0.015458036 0.999319083 -0.033505081 0.416022293 -0.288577926 0.027623812 0.957058814 6.168336130
0.955046212 0.024785752 0.295420621 1.696332174 -0.016169651 0.999371063 -0.031574236 0.451160095 -0.296017042 0.025377465 0.954845941 6.592390296
0.953882240 0.025718102 0.299079830 1.771266001 -0.017559670 0.999397595 -0.029934585 0.470104787 -0.299669422 0.023302107 0.953758970 6.808894311
0.951867069 0.027404746 0.305283449 1.929459161 -0.019445158 0.999387959 -0.029083298 0.503826357 -0.305893621 0.021747568 0.951817374 7.236300747
0.949777701 0.030717853 0.311413301 2.080969187 -0.021694645 0.999239486 -0.032398173 0.531918852 -0.312172474 0.024015635 0.949722498 7.673705777
0.948874055 0.032176387 0.314010901 2.165045751 -0.022405535 0.999147561 -0.034676698 0.544579504 -0.314859184 0.025868530 0.948786386 7.886598505
0.947212911 0.033792024 0.318820816 2.319993454 -0.022600415 0.998993531 -0.038738739 0.570262136 -0.319809381 0.029488300 0.947023721 8.307278676
0.945897463 0.034732939 0.322600755 2.474534683 -0.021995890 0.998830797 -0.043045880 0.595497092 -0.323718826 0.033621028 0.945556457 8.727076371
0.945096890 0.036715881 0.324721274 2.548258033 -0.022887849 0.998665199 -0.046302679 0.606806356 -0.325988232 0.036328771 0.944675701 8.941403810
0.943588823 0.040547625 0.328628930 2.715195778 -0.024236301 0.998269048 -0.053581060 0.627942582 -0.330233043 0.042594098 0.942938626 9.364754503
0.942219911 0.041757421 0.332383808 2.880721212 -0.024651119 0.998153117 -0.055519812 0.658653272 -0.334088773 0.044117503 0.941509138 9.808873816
0.941762869 0.041437392 0.333715089 2.972117389 -0.024542517 0.998201659 -0.054686072 0.677208138 -0.335381045 0.043311558 0.941087374 10.037813060
0.941090011 0.040931681 0.335671464 3.138858744 -0.024101265 0.998241454 -0.054155526 0.711724966 -0.337298488 0.042874699 0.940421239 10.484395492
0.940528999 0.041626786 0.337154581 3.307639531 -0.024214641 0.998154986 -0.055687929 0.743514062 -0.338850660 0.044211968 0.939801676 10.935761919
0.940197771 0.042198139 0.338005843 3.398225014 -0.024512976 0.998105772 -0.056421905 0.759588011 -0.339746961 0.044762931 0.939451420 11.163054856
0.940057598 0.043341379 0.338250098 3.567003349 -0.025592596 0.998059583 -0.056758549 0.793102282 -0.340053976 0.044700198 0.939343523 11.614292190
0.939922247 0.043289472 0.338634294 3.749391766 -0.025612422 0.998074488 -0.056499472 0.827979331 -0.340428521 0.044431325 0.939220361 12.071421773
0.939975354 0.042415477 0.338595997 3.830027589 -0.024675427 0.998096380 -0.056528658 0.845203822 -0.340349056 0.044780701 0.939233089 12.300878179
0.939621315 0.039996432 0.339871031 4.019111815 -0.021496769 0.998083582 -0.058024243 0.876794880 -0.341540810 0.047215248 0.938680676 12.748676274
0.939767925 0.038488030 0.339639788 4.189929497 -0.019048924 0.997993774 -0.060385039 0.907641251 -0.341282833 0.050278504 0.938615230 13.204693127
0.939994806 0.038156084 0.339047997 4.278479871 -0.018481268 0.997962548 -0.061071091 0.923401439 -0.340687401 0.051140631 0.938785428 13.427429660
0.940181644 0.038708973 0.338468266 4.443190103 -0.018638442 0.997880486 -0.062350151 0.954802343 -0.340164628 0.052311656 0.938910452 13.869665372
0.940346898 0.040327617 0.337818443 4.605458866 -0.019824006 0.997757906 -0.063927893 0.985362034 -0.339638923 0.053416818 0.939038832 14.306468173
0.940328634 0.040363444 0.337866223 4.692381571 -0.019539287 0.997705875 -0.064812163 1.000578033 -0.339707801 0.054342339 0.938960150 14.525581521
0.940352308 0.038188410 0.338051826 4.862379471 -0.017353227 0.997770124 -0.064442976 1.035335610 -0.339759397 0.054733027 0.938918519 14.979473749
0.940777074 0.035807439 0.337129862 5.032777903 -0.016141553 0.998009427 -0.060957398 1.074719176 -0.338641705 0.051905543 0.939483572 15.433935794
0.940954145 0.034308468 0.336791596 5.121729265 -0.015353951 0.998153067 -0.058783459 1.094786247 -0.338186414 0.050141472 0.939742952 15.657266023
0.940830112 0.031973676 0.337368510 5.288870956 -0.014186528 0.998382035 -0.055057849 1.134068674 -0.338583590 0.047014169 0.939761734 16.104407825
0.940963845 0.030487997 0.337131795 5.454794882 -0.013411299 0.998511733 -0.052866366 1.170841337 -0.338242162 0.045224350 0.939972216 16.548989502
0.941050965 0.030555223 0.336881572 5.531766511 -0.013667254 0.998533495 -0.052388704 1.188205089 -0.337988401 0.044696418 0.940088605 16.770191700
0.941189504 0.029908530 0.336553896 5.694843657 -0.013391138 0.998593607 -0.051292836 1.222871150 -0.337615188 0.043769881 0.940266512 17.208519177
0.941305639 0.027837997 0.336407115 5.860543703 -0.011436630 0.998651500 -0.050638603 1.255518400 -0.337363344 0.043819017 0.940355192 17.628260580
0.941344210 0.027533725 0.336323298 5.931005292 -0.010916903 0.998628634 -0.051198316 1.270256651 -0.337271914 0.044524322 0.940354739 17.835003620
0.941537933 0.027758817 0.335761780 6.081067393 -0.009993603 0.998462376 -0.054523395 1.296131613 -0.336759319 0.047980297 0.940368019 18.244677682
0.941642744 0.026821614 0.335545325 6.243520182 -0.007742448 0.998282686 -0.058069681 1.322006381 -0.336527106 0.052082925 0.940232819 18.657598054
0.941615314 0.026491900 0.335647448 6.317237974 -0.007165464 0.998250837 -0.058687838 1.337224712 -0.336615372 0.052856270 0.940158079 18.871632981
0.941467331 0.025541928 0.336135488 6.477467419 -0.006276166 0.998280169 -0.058278128 1.370432358 -0.337046511 0.052757058 0.940008984 19.303657755
0.941031613 0.026848173 0.337253210 6.635027714 -0.007748533 0.998294698 -0.057852227 1.401345902 -0.338231749 0.051827515 0.939635477 19.705209362
0.940833561 0.028563628 0.337663320 6.714216236 -0.009391184 0.998256441 -0.058277832 1.415914086 -0.338739507 0.051658897 0.939461278 19.906967634
0.940552263 0.032543158 0.338085923 6.859796373 -0.013215009 0.998151598 -0.059315322 1.444423475 -0.339391631 0.051321278 0.939244232 20.306368825
0.940534231 0.033066080 0.338085690 7.009622485 -0.014089524 0.998192263 -0.058431651 1.474689204 -0.339406508 0.050193045 0.939300615 20.690565355
0.940653574 0.030228098 0.338020983 7.083110541 -0.011308906 0.998263916 -0.057801395 1.489900602 -0.339181989 0.050547853 0.939362115 20.879451827
0.940980257 0.021903798 0.337751667 7.232119154 -0.003363462 0.998459663 -0.055381898 1.522472026 -0.338444640 0.050976739 0.939605090 21.261643872
0.940907098 0.017956331 0.338189592 7.387816883 -0.000547801 0.998672880 -0.051500702 1.556464296 -0.338665602 0.048272634 0.939668749 21.634152221
0.940896797 0.016289459 0.338301877 7.457639355 0.000583761 0.998762870 -0.049715420 1.572792222 -0.338693473 0.046974100 0.939724288 21.814711355
0.940706381 0.017839249 0.338752814 7.585304084 -0.001828647 0.998868893 -0.047524368 1.603083807 -0.339217587 0.044086550 0.939674728 22.173676223
0.940310464 0.028195626 0.339147530 7.707681387 -0.013005606 0.998810858 -0.046978819 1.629849193 -0.340068900 0.039763919 0.939560379 22.520997260
0.940074472 0.031551447 0.339508313 7.761453570 -0.016675751 0.998771929 -0.046644880 1.643085608 -0.340563589 0.038188231 0.939446421 22.690297648
0.939763234 0.034064883 0.340125142 7.886042293 -0.020072070 0.998804404 -0.044575434 1.670904662 -0.341237341 0.035063359 0.939323125 23.017886724
0.940275517 0.031132947 0.338988377 8.007776793 -0.018625426 0.999023022 -0.040087716 1.701852471 -0.339905088 0.031380253 0.939937083 23.338829843
0.940634810 0.027699079 0.338287903 8.064169082 -0.015440249 0.999124785 -0.038875734 1.715034580 -0.339068679 0.031344719 0.940239878 23.489397156
0.941198462 0.024010787 0.336999931 8.184061035 -0.011063853 0.999126834 -0.040287410 1.734980496 -0.337673062 0.034189417 0.940643085 23.782350658
0.941137254 0.024618155 0.337128890 8.297266805 -0.010190848 0.998957638 -0.044497591 1.751441340 -0.337873311 0.038443136 0.940406928 24.085142320
0.941021440 0.025293550 0.337401047 8.351222603 -0.010391789 0.998892202 -0.045900435 1.760282025 -0.338188463 0.039686618 0.940241864 24.230538639
0.941076631 0.028317302 0.337006750 8.453021403 -0.013905033 0.998885670 -0.045103360 1.782277414 -0.337908696 0.037759525 0.940421585 24.507268816
0.940899680 0.031640206 0.337205802 8.539575121 -0.018655440 0.998956833 -0.041679087 1.807521416 -0.338173462 0.032925092 0.940507896 24.774097773
0.940819914 0.032519121 0.337344759 8.586199226 -0.019995335 0.998977592 -0.040533638 1.818964125 -0.338318533 0.031390060 0.940508675 24.902811809
0.940889830 0.033779153 0.337025558 8.685329614 -0.021492686 0.998963399 -0.040122060 1.838146862 -0.338031802 0.030506391 0.940641113 25.149107623
0.940976892 0.034270667 0.336731652 8.764337868 -0.021932284 0.998943767 -0.040378208 1.854757359 -0.337760093 0.030609919 0.940734687 25.374946068
0.941034959 0.034392942 0.336556705 8.812773752 -0.021845983 0.998919987 -0.040998496 1.861999502 -0.337603605 0.031227889 0.940770743 25.483405337
0.940703939 0.037093112 0.337194792 8.970973959 -0.023860928 0.998776528 -0.043303783 1.890764934 -0.338388791 0.032690131 0.940438899 25.911182636
0.940826669 0.037958606 0.336757202 9.005389586 -0.024891257 0.998763350 -0.043038059 1.898799344 -0.337974810 0.032108946 0.940607800 26.012672421
0.940957092 0.037776201 0.336412614 9.077248144 -0.025185337 0.998811925 -0.041713155 1.914752955 -0.337588866 0.030778187 0.940791351 26.197839447
0.941140116 0.037041731 0.335981088 9.148519889 -0.024873662 0.998871487 -0.040449695 1.932351063 -0.337100869 0.029711959 0.940999723 26.406200439
0.941211196 0.036459507 0.335846883 9.189626859 -0.024486790 0.998906479 -0.039817455 1.940240697 -0.336931707 0.029252563 0.941075660 26.498123681
0.941309432 0.035011737 0.335725312 9.258229384 -0.023415460 0.998983474 -0.038528832 1.955594564 -0.336733231 0.028406050 0.941172172 26.676007775
0.941483253 0.033987539 0.335342270 9.322355715 -0.022643705 0.999033119 -0.037681260 1.969524209 -0.336298897 0.027882847 0.941343054 26.843922702
0.941511163 0.034070360 0.335255266 9.347817098 -0.022820751 0.999038028 -0.037438697 1.976016522 -0.336208639 0.027598440 0.941383390 26.925376399
0.941502123 0.034812957 0.335204542 9.398920104 -0.023726852 0.999029534 -0.037113543 1.986978779 -0.336171464 0.026988379 0.941414456 27.064202127
0.941261312 0.035473524 0.335812086 9.448394958 -0.024538772 0.999022984 -0.036751759 1.997735899 -0.336788130 0.026352247 0.941212283 27.199379300
0.941237633 0.035808778 0.335843087 9.476071349 -0.024973708 0.999020721 -0.036528254 2.002758936 -0.336822567 0.025994007 0.941210108 27.261289827
0.941305437 0.035400089 0.335695875 9.519440611 -0.024745253 0.999046915 -0.035965385 2.012764243 -0.336649429 0.025547757 0.941283918 27.382783611
0.941296528 0.035427054 0.335716227 9.557519086 -0.024909537 0.999056043 -0.035584758 2.021606742 -0.336660168 0.025133188 0.941291114 27.492456714
0.941295178 0.035508511 0.335713206 9.578276694 -0.025006372 0.999054726 -0.035556496 2.025152140 -0.336658735 0.025073832 0.941293624 27.538906212
0.941395714 0.035160251 0.335467777 9.602924958 -0.024579396 0.999059285 -0.035735347 2.030868767 -0.336408928 0.025395991 0.941373975 27.618586000
0.941494595 0.035673538 0.335134673 9.638743254 -0.024948057 0.999031118 -0.036255869 2.036109748 -0.336103389 0.025773691 0.941473177 27.698799746
0.941301077 0.035989305 0.335645822 9.673975630 -0.024901697 0.998994149 -0.037280601 2.042366983 -0.336650496 0.026734373 0.941250733 27.802254468
0.941275262 0.036457102 0.335666881 9.701246638 -0.025208313 0.998967104 -0.037810192 2.046174491 -0.336698932 0.027127925 0.941222002 27.863339974
0.941315474 0.035963733 0.335605877 9.715085464 -0.024626269 0.998975073 -0.037978650 2.048242251 -0.336627980 0.027485027 0.941236723 27.894328444
0.941280066 0.036357395 0.335663541 9.731186695 -0.024935074 0.998955694 -0.038278850 2.052345907 -0.336705231 0.027660807 0.941203966 27.954893424
0.941223493 0.036904543 0.335762643 9.756422865 -0.025282939 0.998922391 -0.038920025 2.055650184 -0.336837158 0.028143435 0.941143292 28.011436706
0.941267716 0.036538728 0.335678927 9.768227179 -0.024744272 0.998918704 -0.039348476 2.056985353 -0.336754074 0.028730969 0.941154846 28.037900112
0.941324405 0.037251991 0.335441253 9.792243457 -0.025091280 0.998863498 -0.040515451 2.059275683 -0.336569651 0.029721807 0.941189922 28.091771337
0.941473875 0.037410993 0.335003881 9.805497313 -0.024887309 0.998824194 -0.041601018 2.061691565 -0.336166675 0.030828472 0.941298211 28.146050777
0.941510670 0.037737070 0.334865039 9.817301386 -0.025124622 0.998805364 -0.041918451 2.063196261 -0.336047184 0.031053076 0.941333706 28.172501498
0.941565834 0.037585161 0.334725237 9.839687259 -0.024943336 0.998807042 -0.041988346 2.066867019 -0.335904033 0.031185607 0.941380592 28.222605521
0.941560870 0.037556551 0.334742322 9.860851469 -0.024989842 0.998814566 -0.041771460 2.070770343 -0.335914334 0.030965070 0.941384037 28.269944211
0.941539199 0.037556863 0.334803241 9.872654918 -0.024976344 0.998814016 -0.041804229 2.072713811 -0.335976374 0.030997909 0.941360386 28.296362099
0.941593667 0.037671226 0.334638173 9.887534870 -0.025037750 0.998804041 -0.041988140 2.076780787 -0.335819867 0.031157257 0.941411796 28.354181896
0.941685909 0.037650776 0.334380132 9.914397688 -0.025035099 0.998805886 -0.041960537 2.081347244 -0.335560791 0.031142102 0.941504161 28.414294634
0.941752726 0.037797176 0.334176474 9.928235777 -0.025257770 0.998807247 -0.041791352 2.083933553 -0.335357559 0.030916286 0.941584595 28.445244301
0.941861824 0.037568825 0.333894141 9.946370272 -0.025220649 0.998831229 -0.041242947 2.089647345 -0.335053174 0.030423652 0.941708897 28.510268679
0.941826499 0.037111352 0.334046228 9.972824646 -0.024974353 0.998865227 -0.040556626 2.095152250 -0.335172462 0.029854788 0.941684660 28.569395218
0.941780715 0.037037296 0.334182380 9.986662394 -0.025004067 0.998876752 -0.040240185 2.097977890 -0.335297977 0.029541174 0.941649345 28.600326975
0.941761443 0.036798199 0.334262190 10.005204059 -0.024914235 0.998897657 -0.039772393 2.103650723 -0.335357627 0.029128231 0.941640960 28.666270395
0.941889019 0.036607808 0.333925237 10.031252993 -0.024710548 0.998902017 -0.039808155 2.107979989 -0.335016209 0.029243721 0.941759096 28.724568929
0.941906389 0.036742946 0.333861479 10.034736480 -0.024808233 0.998894358 -0.039943374 2.110192176 -0.334960277 0.029339813 0.941775833 28.756880179
0.941822045 0.037051805 0.334062910 10.056309333 -0.024933771 0.998868547 -0.040491687 2.113017443 -0.335185392 0.029806490 0.941681088 28.805215516
0.941763730 0.037404813 0.334189823 10.073812681 -0.025005205 0.998832705 -0.041330908 2.114716583 -0.335345965 0.030567096 0.941599876 28.844475356
0.941769577 0.037365492 0.334175863 10.082767676 -0.024847590 0.998822550 -0.041656568 2.115730158 -0.335339173 0.030927977 0.941590068 28.864550992
0.941836391 0.037469400 0.333976072 10.089915089 -0.024781789 0.998802988 -0.042170709 2.117992554 -0.335156611 0.031441851 0.941637999 28.905102272
0.941826056 0.037694604 0.333981364 10.105789547 -0.024863173 0.998782232 -0.042612554 2.120005106 -0.335181423 0.031830250 0.941616279 28.940674755
0.941851963 0.037683496 0.333909270 10.113116250 -0.024776445 0.998774894 -0.042831089 2.120913265 -0.335114567 0.032067424 0.941632049 28.957094373
0.941836598 0.037809207 0.333937322 10.125734576 -0.024755611 0.998756668 -0.043261448 2.122395877 -0.335158020 0.032478132 0.941602585 28.985378699
0.941770318 0.038054357 0.334096678 10.137945718 -0.024881818 0.998738550 -0.043619648 2.123929420 -0.335335054 0.032767391 0.941529862 29.012743238
0.941725441 0.038124064 0.334216904 10.135324151 -0.024878386 0.998729735 -0.043825965 2.125010854 -0.335463366 0.032956487 0.941477435 29.031399454
0.941637718 0.038277574 0.334444616 10.149570529 -0.024876775 0.998709954 -0.044262452 2.126768408 -0.335707655 0.033359282 0.941375682 29.063327112
0.941618658 0.038306993 0.334496160 10.165851632 -0.024809902 0.998699427 -0.044532461 2.129108971 -0.335767643 0.033633482 0.941344480 29.099791026
0.941619807 0.038329819 0.334490878 10.173585149 -0.024787644 0.998694200 -0.044663150 2.130225475 -0.335766652 0.033764207 0.941340234 29.117111031
0.941574594 0.038454975 0.334603560 10.189052226 -0.024818070 0.998681524 -0.044937687 2.132428566 -0.335890832 0.034007865 0.941287543 29.151753279
0.941532353 0.038476434 0.334718748 10.191721758 -0.024774878 0.998674376 -0.045110692 2.134453422 -0.336011135 0.034179968 0.941238147 29.182246593
0.941543559 0.038478942 0.334687853 10.197420110 -0.024749814 0.998671776 -0.045190462 2.135296053 -0.335982791 0.034265777 0.941244798 29.195007210
0.941599383 0.038471490 0.334530777 10.210037699 -0.024717791 0.998668985 -0.045276007 2.137297215 -0.335827463 0.034362639 0.941297291 29.223252733
0.941584038 0.038505270 0.334571128 10.224690324 -0.024727482 0.998665488 -0.045344510 2.139661999 -0.335871147 0.034422465 0.941278939 29.256050929
0.941511517 0.038509475 0.334774407 10.233237612 -0.024718200 0.998665255 -0.045360643 2.141095472 -0.336074391 0.034432681 0.941206886 29.275179168
0.941424478 0.038475829 0.335021761 10.250332089 -0.024682161 0.998666540 -0.045334730 2.144032223 -0.336319607 0.034410290 0.941119650 29.313430422
0.941373107 0.038258825 0.335191970 10.258291699 -0.024566057 0.998684988 -0.044996864 2.147718492 -0.336473062 0.034124898 0.941075185 29.355707108
0.941372161 0.038144610 0.335207034 10.266431279 -0.024559079 0.998699459 -0.044676225 2.149571863 -0.336475691 0.033824614 0.941084879 29.373887950
0.941405462 0.037913386 0.335140960 10.281081948 -0.024617107 0.998735904 -0.043835215 2.153312798 -0.336379368 0.033016129 0.941148651 29.406583169
0.941441337 0.037766681 0.335054615 10.295733141 -0.024678305 0.998759512 -0.043237324 2.156684765 -0.336272098 0.032436537 0.941206891 29.439305999
0.941471587 0.037731224 0.334975264 10.302652051 -0.024696971 0.998765747 -0.043087397 2.158072654 -0.336187921 0.032292715 0.941242014 29.454773743
0.941532703 0.037819396 0.334792904 10.302879178 -0.024791850 0.998763070 -0.043101926 2.159914455 -0.336009132 0.032282062 0.941305936 29.479784897
0.941591988 0.037798792 0.334629268 10.311019538 -0.024760615 0.998762334 -0.043146051 2.161219360 -0.335845959 0.032339632 0.941362626 29.498006780
0.941616263 0.037753016 0.334564775 10.314682570 -0.024728805 0.998764431 -0.043105190 2.161897812 -0.335778841 0.032314916 0.941387264 29.506199800
0.941663673 0.037663368 0.334442766 10.322008635 -0.024668408 0.998769234 -0.043019620 2.163254716 -0.335651867 0.032260194 0.941434229 29.522585839
0.941690768 0.037663401 0.334364454 10.327299890 -0.024656890 0.998768594 -0.043060904 2.164088444 -0.335574487 0.032305241 0.941460262 29.534431145
0.941698622 0.037702926 0.334339695 10.328521127 -0.024667076 0.998763882 -0.043151838 2.164155041 -0.335553623 0.032388941 0.941465013 29.537174091
0.941708696 0.037903733 0.334289017 10.328115702 -0.024619255 0.998733200 -0.043889170 2.162969430 -0.335529455 0.033100793 0.941448882 29.536346833
0.941720992 0.038288508 0.334209810 10.325270382 -0.024399803 0.998659511 -0.045658407 2.159835700 -0.335510120 0.034842560 0.941392722 29.530169492
0.941721522 0.038645028 0.334167600 10.324051612 -0.024400420 0.998609702 -0.046722195 2.158033956 -0.335508883 0.035845287 0.941355723 29.527556386
0.941686603 0.039149635 0.334207384 10.321612412 -0.024451728 0.998544802 -0.048075073 2.155597205 -0.335603479 0.037099172 0.941273159 29.522242868
0.941701946 0.039091339 0.334169892 10.320797762 -0.024497732 0.998557786 -0.047776185 2.155898507 -0.335555811 0.036804754 0.941301392 29.520388369
0.941724755 0.038958161 0.334121476 10.320389841 -0.024510711 0.998577491 -0.047349167 2.156467986 -0.335491245 0.036400564 0.941340208 29.519429779
0.941725775 0.038840957 0.334132908 10.320388395 -0.024626484 0.998606081 -0.046675057 2.157485141 -0.335480659 0.035726168 0.941369864 29.519353666
0.941713307 0.038661274 0.334189187 10.320387346 -0.024610490 0.998630278 -0.046178269 2.158223078 -0.335517246 0.035262274 0.941374197 29.519298447
0.941718502 0.038595803 0.334180628 10.320386850 -0.024623881 0.998640659 -0.045947521 2.158572101 -0.335499673 0.035040426 0.941389154 29.519272330
0.941749953 0.038521233 0.334100839 10.321607336 -0.024641085 0.998652035 -0.045685833 2.159167220 -0.335410434 0.034791828 0.941430312 29.521975727
0.941753182 0.038506675 0.334092931 10.325677239 -0.024662602 0.998656295 -0.045582972 2.160014129 -0.335399164 0.034688222 0.941438160 29.531072117
0.941739286 0.038531371 0.334128881 10.328119233 -0.024701435 0.998656475 -0.045543658 2.160486374 -0.335435038 0.034636551 0.941426814 29.536532638
0.941735650 0.038480268 0.334147306 10.334631314 -0.024667750 0.998660017 -0.045483761 2.161675891 -0.335450557 0.034591050 0.941422844 29.551099250
0.941749932 0.038453399 0.334108881 10.341143437 -0.024654708 0.998662672 -0.045444482 2.162835491 -0.335409506 0.034560038 0.941439246 29.565668101
0.941753868 0.038476194 0.334094827 10.344399499 -0.024686910 0.998662470 -0.045424010 2.163415291 -0.335395880 0.034530105 0.941445079 29.572952526
0.941728774 0.038536284 0.334159481 10.350097540 -0.024772579 0.998663388 -0.045354207 2.164477309 -0.335460983 0.034434017 0.941425193 29.585696726
0.941721322 0.038521733 0.334182852 10.353760544 -0.024774882 0.998665586 -0.045303442 2.165175705 -0.335482511 0.034383262 0.941419702 29.593888253
0.941732855 0.038487972 0.334153384 10.354167585 -0.024735015 0.998666644 -0.045316791 2.165224496 -0.335452027 0.034411444 0.941429485 29.594800578
0.941742401 0.038476131 0.334127906 10.354574641 -0.024715940 0.998665663 -0.045338326 2.165263316 -0.335426991 0.034438767 0.941437006 29.595713650
0.941722392 0.038442408 0.334189027 10.354167514 -0.024697335 0.998669061 -0.045283532 2.165274357 -0.335485657 0.034391000 0.941417636 29.594796847
0.941714463 0.038457827 0.334207980 10.353760459 -0.024720188 0.998669012 -0.045262868 2.165235538 -0.335504324 0.034363253 0.941411998 29.593883776
0.941730664 0.038495908 0.334159450 10.353353658 -0.024727516 0.998664918 -0.045361268 2.165017221 -0.335459958 0.034455237 0.941424642 29.592984136
0.941732707 0.038527655 0.334148865 10.352946915 -0.024716783 0.998659080 -0.045487799 2.164759015 -0.335453667 0.034577630 0.941422452 29.592087481
0.941731219 0.038505291 0.334154904 10.352540015 -0.024672436 0.998658139 -0.045543326 2.164610503 -0.335460191 0.034645884 0.941417356 29.591182617
0.941727738 0.038510281 0.334164613 10.352133200 -0.024645281 0.998654119 -0.045634115 2.164402158 -0.335472432 0.034739474 0.941409988 29.590282231
0.941726684 0.038507352 0.334169316 10.352133413 -0.024607108 0.998650922 -0.045731889 2.164252576 -0.335480002 0.034844227 0.941403188 29.590293424
0.941715125 0.038585740 0.334191787 10.352133512 -0.024670406 0.998647100 -0.045785781 2.164182771 -0.335506400 0.034872067 0.941392822 29.590298648
0.941718702 0.038647853 0.334174090 10.351726684 -0.024707564 0.998642095 -0.045867883 2.163984398 -0.335493227 0.034938010 0.941394849 29.589397515
0.941722876 0.038657857 0.334161039 10.351726584 -0.024734962 0.998643249 -0.045822269 2.164054203 -0.335479411 0.034886243 0.941401630 29.589392292
0.941708586 0.038702808 0.334195906 10.351726570 -0.024783394 0.998642570 -0.045816072 2.164064175 -0.335515482 0.034862914 0.941389974 29.589391546
0.941699788 0.038636947 0.334228120 10.351726655 -0.024698158 0.998642296 -0.045855153 2.164004343 -0.335546309 0.034927498 0.941376332 29.589396023
0.941704054 0.038718017 0.334208803 10.351726698 -0.024777564 0.998639926 -0.045876802 2.163974426 -0.335531024 0.034921093 0.941382206 29.589398262
0.941699812 0.038701927 0.334220759 10.351726797 -0.024743126 0.998638050 -0.045923379 2.163904622 -0.335543036 0.034976732 0.941375987 29.589403485
0.941685200 0.038699679 0.334263613 10.351726882 -0.024724584 0.998637237 -0.045964712 2.163844789 -0.335587091 0.035019518 0.941358858 29.589407962
0.941690063 0.038758803 0.334243257 10.351726939 -0.024778532 0.998634896 -0.045991396 2.163804900 -0.335569823 0.035027310 0.941364479 29.589410947
0.941697567 0.038722731 0.334225512 10.351726854 -0.024755587 0.998636602 -0.045949702 2.163864733 -0.335549656 0.034997188 0.941372556 29.589406470
0.941708242 0.038736975 0.334192694 10.351726868 -0.024770475 0.998636638 -0.045953888 2.163854761 -0.335517182 0.034997408 0.941384243 29.589407216
0.941703846 0.038753713 0.334205318 10.351726939 -0.024774497 0.998634142 -0.045991430 2.163804900 -0.335531712 0.035030739 0.941378141 29.589410947
0.941695775 0.038752352 0.334226398 10.351726868 -0.024783385 0.998635642 -0.045959784 2.163854761 -0.335551698 0.034997199 0.941371823 29.589407216
0.941699717 0.038742123 0.334216214 10.351726769 -0.024791243 0.998637866 -0.045909193 2.163924566 -0.335539801 0.034946707 0.941378045 29.589401993
0.941710445 0.038719399 0.334189783 10.351726570 -0.024802211 0.998641960 -0.045813882 2.164064175 -0.335509952 0.034854448 0.941392544 29.589391546
0.941707998 0.038726303 0.334196602 10.351726528 -0.024815286 0.998642428 -0.045796984 2.164094092 -0.335516985 0.034833762 0.941390418 29.589389307
0.941712575 0.038722117 0.334182165 10.351726627 -0.024795504 0.998641088 -0.045840890 2.164024287 -0.335503176 0.034882942 0.941393595 29.589394531
0.941721383 0.038775047 0.334153616 10.351726655 -0.024846489 0.998639206 -0.045858257 2.164004343 -0.335477244 0.034883586 0.941403271 29.589396023
0.941713957 0.038797256 0.334170287 10.351726769 -0.024851008 0.998636682 -0.045910052 2.163924566 -0.335496092 0.034929845 0.941394241 29.589401993
0.941719502 0.038795492 0.334155359 10.351726825 -0.024840931 0.998635708 -0.045934832 2.163884677 -0.335481874 0.034957056 0.941398390 29.589404977
0.941701491 0.038864933 0.334198280 10.351726939 -0.024893851 0.998632089 -0.045988215 2.163804900 -0.335528460 0.034987782 0.941381043 29.589410947
0.941704551 0.038859841 0.334189505 10.351726981 -0.024882049 0.998630730 -0.046007127 2.163774984 -0.335519958 0.035009922 0.941383098 29.589413186
0.941713718 0.038963850 0.334151891 10.351727293 -0.024940360 0.998623047 -0.046157138 2.163555598 -0.335490230 0.035133100 0.941389269 29.589429602
0.941701925 0.039088341 0.334170899 10.351321230 -0.024912420 0.998603177 -0.046604569 2.162818731 -0.335526154 0.035562045 0.941359645 29.588568765
0.941698814 0.039160741 0.334171791 10.351321840 -0.024888102 0.998589760 -0.046887416 2.162389930 -0.335537358 0.035837018 0.941345459 29.588600852
0.941693001 0.039230310 0.334179402 10.350915649 -0.024824523 0.998573390 -0.047272088 2.161742812 -0.335557455 0.036219976 0.941323877 29.587733299
0.941704669 0.039276208 0.334140414 10.350915961 -0.024822072 0.998566986 -0.047419064 2.161523426 -0.335523988 0.036361340 0.941330433 29.587749715
0.941708020 0.039289574 0.334128934 10.350916089 -0.024814680 0.998563566 -0.047481176 2.161433677 -0.335514515 0.036422597 0.941331467 29.587756431
0.941712532 0.039390838 0.334104022 10.351323541 -0.024851239 0.998552994 -0.047682938 2.161193277 -0.335499280 0.036601017 0.941329280 29.588690396
0.941713655 0.039447106 0.334094815 10.355801110 -0.024838691 0.998543691 -0.047887030 2.161650204 -0.335497655 0.036797253 0.941322446 29.598731945
0.941725885 0.039446974 0.334062190 10.360278381 -0.024818793 0.998541453 -0.047946556 2.162316545 -0.335466635 0.036861159 0.941331635 29.608757824
0.941744666 0.039469768 0.334004973 10.372082014 -0.024804032 0.998536162 -0.048061877 2.164130376 -0.335413121 0.036977630 0.941346144 29.635185413
0.941743274 0.039521908 0.334004069 10.384292675 -0.024814705 0.998529756 -0.048187719 2.166002970 -0.335417952 0.037092052 0.941339576 29.662524580
0.941746259 0.039582654 0.333987891 10.390804969 -0.024865476 0.998526431 -0.048227581 2.167042905 -0.335405134 0.037113465 0.941343226 29.677102385
0.941760317 0.039689447 0.333933895 10.404236569 -0.024952817 0.998521082 -0.048306779 2.169191510 -0.335357396 0.037160567 0.941357961 29.707168828
0.941824443 0.039875453 0.333732351 10.410976203 -0.025102733 0.998509187 -0.048462768 2.171923665 -0.335167894 0.037266086 0.941421368 29.746768980
0.941855578 0.039943026 0.333636904 10.419523448 -0.025183938 0.998508458 -0.048447256 2.173387054 -0.335074782 0.037228261 0.941456261 29.765894981
0.941906856 0.040027347 0.333481777 10.437432291 -0.025235069 0.998500602 -0.048573158 2.176221945 -0.334926188 0.037336096 0.941505439 29.805985810
0.941954353 0.039779275 0.333376133 10.447834972 -0.024933537 0.998502627 -0.048694325 2.179622579 -0.334813827 0.037555488 0.941536539 29.853779728
0.941937021 0.039849530 0.333416823 10.458824494 -0.024977723 0.998497118 -0.048773889 2.181358772 -0.334859509 0.037614538 0.941517773 29.878381173
0.941880514 0.039936051 0.333566215 10.481617323 -0.025044400 0.998492792 -0.048828013 2.185138154 -0.335013893 0.037635488 0.941461688 29.929393044
0.941869519 0.040100352 0.333576744 10.498125270 -0.025160482 0.998482421 -0.048989366 2.189519959 -0.335035243 0.037748396 0.941449397 29.990853187
0.941880955 0.040191938 0.333534949 10.512371024 -0.025211558 0.998474824 -0.049124205 2.191716287 -0.335000927 0.037859553 0.941457389 30.022748012
0.941908623 0.040108638 0.333466887 10.532542740 -0.024959954 0.998457988 -0.049590621 2.196257995 -0.334941920 0.038386611 0.941457127 30.092439978
0.941799555 0.040527809 0.333723064 10.565105074 -0.025174164 0.998421503 -0.050206147 2.200849371 -0.335231089 0.038882751 0.941334208 30.165374522
0.941753178 0.040509091 0.333856931 10.582200146 -0.025060418 0.998412216 -0.050453194 2.203367293 -0.335370678 0.039147626 0.941273269 30.203657117
0.941731496 0.040873378 0.333874417 10.609290800 -0.025324882 0.998387820 -0.050791984 2.209276946 -0.335412834 0.039377534 0.941248204 30.288818320
0.941816359 0.040870113 0.333635588 10.638009578 -0.025204799 0.998372641 -0.051149423 2.215411681 -0.335183697 0.039764402 0.941313831 30.377626586
0.941908601 0.040900751 0.333369045 10.657546756 -0.025157399 0.998360833 -0.051408518 2.218322071 -0.334925364 0.040034860 0.941394302 30.421375671
0.942109472 0.041029923 0.332787278 10.690335948 -0.025148471 0.998336087 -0.051892335 2.224944719 -0.334363209 0.040519171 0.941573306 30.519307191
0.942340786 0.041091840 0.332123516 10.729636837 -0.025158606 0.998323038 -0.052134419 2.233026130 -0.333709027 0.040772452 0.941794861 30.631785175
0.942468075 0.041004972 0.331771867 10.747365781 -0.025035944 0.998319391 -0.052266585 2.237644058 -0.333357524 0.040953174 0.941911469 30.695975579
0.942653980 0.041192804 0.331221757 10.794400527 -0.025069599 0.998290453 -0.052806662 2.246602642 -0.332830920 0.041474169 0.942075082 30.825791477
0.942931240 0.041442038 0.330398185 10.843877934 -0.025087934 0.998246554 -0.053610927 2.255564783 -0.332040751 0.042263091 0.942318251 30.961102967
0.943089122 0.041551832 0.329933680 10.866491147 -0.025163785 0.998234811 -0.053789669 2.260927760 -0.331586492 0.042425711 0.942471238 31.036229336
0.943346882 0.041466009 0.329207622 10.924920884 -0.025148138 0.998241340 -0.053672997 2.272778232 -0.330854949 0.042353779 0.942730886 31.191476176
0.943589754 0.041176746 0.328547650 10.987420992 -0.024875270 0.998248490 -0.053667693 2.285146533 -0.330182715 0.042468227 0.942961722 31.355844031
0.943773214 0.041055370 0.328036008 11.015732246 -0.024731475 0.998246547 -0.053782946 2.291571529 -0.329669398 0.042645576 0.943133177 31.443714600
0.943986308 0.040647396 0.327472686 11.080088101 -0.024227591 0.998243227 -0.054067117 2.305657688 -0.329095490 0.043104803 0.943313026 31.636766789
0.944285226 0.040388452 0.326642618 11.158055371 -0.023886947 0.998234523 -0.054374998 2.320169248 -0.328262601 0.043542855 0.943583120 31.835781369
0.944444353 0.040416367 0.326177749 11.192472147 -0.023845351 0.998221036 -0.054644616 2.327395917 -0.327806563 0.043831125 0.943727758 31.937331596
0.944757279 0.040853334 0.325215907 11.264968177 -0.024269054 0.998197647 -0.054890956 2.342916619 -0.326872627 0.043965899 0.944045505 32.148595967
0.944790500 0.041417373 0.325046564 11.348047000 -0.024709575 0.998160445 -0.055363188 2.359905336 -0.326741694 0.044275491 0.944076667 32.383565875
0.944905851 0.042080114 0.324625745 11.381877884 -0.025164574 0.998105719 -0.056133541 2.368128315 -0.326373212 0.044871668 0.944175730 32.508358570
0.944960622 0.042397091 0.324426154 11.474728565 -0.024764684 0.997992129 -0.058289472 2.384273655 -0.326246602 0.047046376 0.944113617 32.765375021
0.944826445 0.042784181 0.324767109 11.567570455 -0.025846781 0.998079600 -0.056290101 2.406601704 -0.326552267 0.044790677 0.944117788 33.021928824
0.944730504 0.042831240 0.325038720 11.614601558 -0.026285800 0.998133189 -0.055126317 2.418123121 -0.326793337 0.043535959 0.944093039 33.151552947
