1.000000000 -0.000000000 -0.000000000 0.000000000 0.000000000 1.000000000 -0.000000000 -0.000000000 -0.000000000 -0.000000000 1.000000000 0.000000000
0.999999862 0.000646144 -0.000170830 0.002088906 -0.000645628 0.999995099 0.003269466 0.010089807 0.000172330 -0.003269306 0.999994998 0.330944308
1.000000083 -0.000063509 0.000067577 0.015301641 0.000062887 0.999952940 0.009740860 0.030232246 -0.000067938 -0.009740781 0.999952532 0.988544051
0.999997864 -0.002023316 0.000442113 0.028119444 0.002016786 0.999894234 0.014421611 0.047663488 -0.000471136 -0.014420638 0.999895994 1.668539189
1.000000343 -0.000106351 0.000363267 0.030324212 0.000101230 0.999899468 0.014226103 0.051995001 -0.000364587 -0.014226026 0.999899230 1.999562598
0.999999268 -0.001454517 0.000399105 0.039203094 0.001451057 0.999962482 0.008611400 0.051861042 -0.000412123 -0.008610759 0.999963155 2.670764642
0.999993293 -0.003572870 0.000804081 0.048220166 0.003573744 0.999993587 -0.001122678 0.044859118 -0.000799752 0.001125529 0.999998689 3.342061031
0.999991544 -0.003881346 0.001436107 0.054873764 0.003889995 0.999974149 -0.006054977 0.041413343 -0.001411946 0.006060581 0.999980672 3.682225659
0.999996609 -0.001606896 0.001980803 0.063378633 0.001635035 0.999897008 -0.014295427 0.037528494 -0.001957526 0.014298661 0.999896258 4.375837382
0.999994848 0.000306716 0.003213792 0.075898658 -0.000260673 0.999897670 -0.014311882 0.047419969 -0.003217971 0.014311071 0.999892523 5.078294246
0.999995307 -0.000660758 0.003112437 0.086624336 0.000700497 0.999918297 -0.012785673 0.054921357 -0.003103278 0.012787767 0.999913958 5.427342879
0.999998398 -0.001784042 0.001293948 0.094752657 0.001796483 0.999951282 -0.009695805 0.069750962 -0.001275649 0.009698114 0.999952484 6.120697525
0.999998074 -0.002118754 0.000270809 0.102469149 0.002120812 0.999967084 -0.007915639 0.082709120 -0.000253318 0.007916232 0.999968305 6.836436031
0.999998914 -0.001283097 0.000998554 0.104201945 0.001290688 0.999970314 -0.007581457 0.088158300 -0.000988412 0.007582725 0.999971522 7.189802239
0.999996881 0.002032824 0.001719840 0.112442708 -0.002019192 0.999967470 -0.007910798 0.097399561 -0.001735251 0.007907319 0.999967793 7.883233651
0.999997554 0.002142522 0.001258485 0.125422636 -0.002132301 0.999965719 -0.008058838 0.106773191 -0.001275647 0.008056128 0.999966629 8.563339476
0.999999680 0.000519185 0.000772485 0.131941464 -0.000512234 0.999959565 -0.008966782 0.110025431 -0.000777378 0.008966426 0.999959432 8.903412095
0.999998669 -0.001486932 0.000440444 0.140718566 0.001491996 0.999931853 -0.011634426 0.114949973 -0.000423864 0.011635119 0.999932299 9.574544651
0.999998565 -0.001606217 0.000655248 0.153766281 0.001615163 0.999904243 -0.013803821 0.120954601 -0.000632629 0.013804896 0.999905195 10.254696755
0.999998307 -0.001436140 0.000984562 0.155980301 0.001450056 0.999897619 -0.014237319 0.124826251 -0.000964154 0.014238720 0.999898447 10.585726481
0.999996779 -0.002587023 0.000638833 0.160352021 0.002595416 0.999906961 -0.013398763 0.135368720 -0.000603679 0.013400448 0.999910199 11.247747481
0.999996635 -0.002511017 0.000522555 0.177993874 0.002516691 0.999935685 -0.011082516 0.148713581 -0.000494375 0.011083890 0.999939143 11.914474985
0.999996413 -0.002655677 -0.000039771 0.175863862 0.002655124 0.999948793 -0.009846991 0.155154062 0.000066090 0.009846947 0.999951480 12.236435039
0.999996336 -0.002853733 -0.000717836 0.189705062 0.002847570 0.999960395 -0.008507871 0.166401139 0.000742595 0.008505845 0.999963211 12.871798822
0.999999025 -0.000991951 -0.001225828 0.194547546 0.000981907 0.999966542 -0.008193562 0.175885923 0.001233201 0.008192406 0.999965670 13.511476199
0.999999369 -0.000319978 -0.001339834 0.192469431 0.000308620 0.999963609 -0.008524186 0.179747169 0.001342834 0.008523815 0.999963280 13.833471683
0.999997000 0.001756653 -0.001587959 0.201668016 -0.001772832 0.999946107 -0.010249123 0.186063299 0.001569594 0.010251976 0.999946319 14.482226971
0.999990839 0.003587517 -0.002249723 0.197986774 -0.003613239 0.999927529 -0.011525516 0.192518167 0.002207754 0.011533598 0.999931505 15.103877200
0.999990567 0.004011950 -0.001915607 0.204927489 -0.004033623 0.999926116 -0.011456756 0.197142002 0.001868894 0.011464427 0.999932923 15.421572824
0.999994227 0.002895475 -0.001972530 0.210269905 -0.002919691 0.999918654 -0.012405144 0.204119530 0.001936435 0.012410908 0.999921140 16.038926489
0.999995729 0.001323997 -0.002542312 0.211326823 -0.001358015 0.999909108 -0.013431709 0.210756752 0.002524939 0.013435178 0.999906659 16.647250445
0.999995328 0.001172427 -0.002721143 0.213985660 -0.001209199 0.999907620 -0.013545569 0.214860334 0.002705465 0.013548920 0.999904533 16.955918832
0.999994714 0.001317850 -0.002992162 0.228312912 -0.001356955 0.999913680 -0.013117614 0.224289951 0.002974935 0.013121652 0.999910306 17.568949428
0.999994018 0.002444297 -0.002712742 0.225051343 -0.002480149 0.999908626 -0.013281663 0.232226381 0.002680326 0.013288373 0.999908792 18.168221153
0.999991582 0.002308099 -0.003281305 0.223420257 -0.002351739 0.999908814 -0.013348262 0.236209592 0.003249826 0.013355913 0.999905699 18.467856809
0.999992428 0.001477902 -0.003748674 0.233476494 -0.001528088 0.999909070 -0.013419716 0.244579116 0.003729605 0.013425439 0.999903391 19.071867583
0.999992185 0.000304975 -0.004054603 0.238804628 -0.000361459 0.999903589 -0.013942044 0.252266434 0.004049115 0.013943493 0.999894725 19.689211498
0.999991570 -0.000124473 -0.004045134 0.250504624 0.000066514 0.999897324 -0.014335243 0.256022934 0.004046083 0.014334883 0.999889421 19.993595268
0.999991811 0.001230151 -0.003894995 0.251106466 -0.001290134 0.999880661 -0.015429067 0.262938073 0.003874940 0.015434007 0.999873507 20.624273559
0.999988056 0.001211793 -0.004835594 0.251679745 -0.001287391 0.999877402 -0.015654459 0.271272791 0.004815597 0.015660593 0.999865845 21.254932349
0.999987089 0.001956732 -0.004805188 0.258625086 -0.002032108 0.999874607 -0.015739991 0.275666694 0.004773609 0.015749527 0.999864473 21.572631132
0.999990353 0.001356730 -0.004344892 0.263448864 -0.001420823 0.999890424 -0.014788213 0.286081202 0.004324893 0.014794264 0.999881745 22.212295737
0.999988787 0.001888047 -0.004414054 0.268752257 -0.001952278 0.999891586 -0.014601722 0.294998156 0.004385626 0.014610286 0.999883666 22.829622761
0.999986809 0.002651117 -0.004543694 0.262379391 -0.002717819 0.999887838 -0.014736794 0.298978959 0.004504045 0.014748985 0.999881930 23.142582219
0.999982908 0.004593779 -0.003813002 0.271985983 -0.004650613 0.999876944 -0.015025101 0.307356479 0.003743737 0.015042618 0.999880530 23.768951036
0.999956475 0.008315553 -0.004172448 0.272526877 -0.008374714 0.999861981 -0.014365825 0.317300720 0.004052289 0.014400285 0.999888577 24.399587717
0.999958095 0.008215553 -0.004108431 0.266177746 -0.008277091 0.999850258 -0.015189151 0.320101873 0.003983919 0.015222549 0.999876250 24.712563379
0.999974449 0.006140288 -0.003670605 0.280152308 -0.006204664 0.999823131 -0.017794280 0.324720914 0.003560285 0.017816658 0.999835340 25.348018211
0.999990803 0.003031754 -0.003173530 0.280822741 -0.003097291 0.999778423 -0.020853277 0.328227063 0.003110332 0.020862905 0.999777978 25.978743330
0.999993379 0.002671020 -0.002444310 0.292118551 -0.002726018 0.999736658 -0.022786231 0.329732229 0.002382973 0.022792780 0.999738074 26.305516180
0.999995107 0.003022212 -0.000573042 0.301345096 -0.003035773 0.999675265 -0.025307836 0.334658771 0.000497098 0.025309526 0.999680077 26.954290556
0.999993938 0.003383783 0.001290727 0.314733836 -0.003351855 0.999706453 -0.023996329 0.346053803 -0.001371752 0.023991912 0.999711311 27.612010460
0.999991979 0.003617530 0.001720118 0.316888115 -0.003577668 0.999738220 -0.022618643 0.352894573 -0.001801814 0.022612404 0.999743303 27.942999400
0.999994487 0.003139666 0.000994259 0.316907354 -0.003119344 0.999798494 -0.019838900 0.366425749 -0.001056329 0.019835725 0.999802857 28.595944960
0.999998759 0.001319759 0.000861893 0.330757405 -0.001303377 0.999824299 -0.018701123 0.377232957 -0.000885847 0.018700091 0.999824811 29.231314786
0.999999839 0.000452193 0.001013819 0.337717430 -0.000432664 0.999816538 -0.019187732 0.380897076 -0.001021792 0.019187370 0.999816050 29.549023594
0.999999083 -0.000774195 0.001296067 0.347382355 0.000801450 0.999775296 -0.021184311 0.386375456 -0.001279373 0.021185441 0.999775044 30.175432237
0.999999601 0.000498715 0.001226161 0.352268287 -0.000471346 0.999754362 -0.022166703 0.393700880 -0.001237796 0.022166123 0.999753609 30.815139276
0.999997851 0.001796739 0.001446460 0.350179913 -0.001764172 0.999752853 -0.022196494 0.398071974 -0.001485879 0.022193943 0.999752679 31.137127756
0.999995959 0.002029784 0.002013140 0.372599150 -0.001987300 0.999780417 -0.020877619 0.409649768 -0.002055547 0.020873660 0.999780647 31.790555765
0.999994581 0.002458937 0.002126284 0.381683282 -0.002417873 0.999814779 -0.019110842 0.421654212 -0.002173305 0.019105570 0.999815325 32.439232914
0.999995936 0.002313931 0.001872476 0.379581632 -0.002278454 0.999822479 -0.018717716 0.426685111 -0.001914780 0.018713407 0.999823703 32.761212331
0.999997353 0.001388333 0.001829152 0.383979501 -0.001353930 0.999825053 -0.018656949 0.435927965 -0.001855049 0.018654560 0.999825142 33.423251184
0.999997148 0.001407170 0.001958630 0.393125385 -0.001370212 0.999823715 -0.018750712 0.444863319 -0.001984119 0.018747956 0.999822320 34.071970491
0.999995831 0.001643500 0.002572692 0.400078974 -0.001594116 0.999817721 -0.019061855 0.448847344 -0.002603868 0.019057745 0.999814821 34.389674905
0.999994225 0.002313888 0.002420184 0.409211784 -0.002268019 0.999821391 -0.018785456 0.458432505 -0.002463400 0.018779887 0.999821003 35.038385287
0.999994160 0.002296556 0.002684071 0.418338157 -0.002247024 0.999830168 -0.018285188 0.468337572 -0.002726273 0.018279136 0.999829108 35.687091274
0.999995011 0.001479372 0.002839929 0.425287320 -0.001426689 0.999828939 -0.018444038 0.472541531 -0.002866472 0.018439955 0.999826348 36.004792666
0.999994555 0.001102362 0.003217268 0.434938768 -0.001037691 0.999799333 -0.020044366 0.478689712 -0.003238489 0.020041008 0.999794078 36.631192108
0.999995623 0.001149675 0.002680509 0.435569576 -0.001090346 0.999757236 -0.022007387 0.484165277 -0.002704081 0.022004468 0.999754725 37.261890174
0.999994756 0.000815845 0.003286679 0.451563316 -0.000741501 0.999745119 -0.022560560 0.487852205 -0.003304166 0.022557981 0.999740003 37.575309284
0.999992192 -0.000191093 0.004136193 0.461180167 0.000286601 0.999734183 -0.023090029 0.495719877 -0.004130748 0.023091133 0.999725449 38.201685105
0.999990012 -0.000149060 0.004526020 0.470764633 0.000251590 0.999743206 -0.022665957 0.505197071 -0.004520859 0.022666935 0.999733109 38.828038817
0.999988548 -0.000067987 0.004818178 0.473402752 0.000174697 0.999754745 -0.022149592 0.510330348 -0.004815112 0.022150290 0.999742917 39.136693059
0.999988436 0.000521200 0.004750607 0.483411317 -0.000422329 0.999783976 -0.020795946 0.521069170 -0.004760187 0.020793742 0.999772261 39.740671287
0.999990118 0.000676175 0.004489531 0.488717124 -0.000583205 0.999786467 -0.020678110 0.529866159 -0.004502574 0.020675260 0.999776107 40.357999959
0.999989346 0.000496406 0.004732250 0.491831841 -0.000397843 0.999784482 -0.020796202 0.533651837 -0.004741259 0.020794098 0.999773232 40.644314560
0.999987718 0.000897651 0.004932164 0.501898537 -0.000792852 0.999775060 -0.021199341 0.541501515 -0.004949412 0.021195295 0.999762995 41.248332475
0.999986114 0.000553333 0.005353760 0.507682552 -0.000436777 0.999763595 -0.021741410 0.548870928 -0.005364406 0.021738824 0.999749284 41.843322604
0.999983477 0.000712043 0.005690877 0.515094233 -0.000585854 0.999755207 -0.022137287 0.552427081 -0.005705140 0.022133687 0.999739062 42.138674742
0.999980344 0.000923275 0.006268541 0.525632499 -0.000778781 0.999735510 -0.023017151 0.559179086 -0.006288209 0.023011876 0.999715587 42.720349584
0.999981995 0.001525299 0.005922779 0.536169357 -0.001383481 0.999714419 -0.023880115 0.566001070 -0.005957133 0.023871523 0.999697227 43.302023464
0.999982299 0.001277163 0.005817094 0.539300970 -0.001134186 0.999699217 -0.024518832 0.568946996 -0.005846823 0.024511864 0.999682561 43.588349600
0.999987679 0.000588803 0.004865623 0.545550922 -0.000464995 0.999677642 -0.025408467 0.575498653 -0.004879522 0.025405880 0.999665636 44.160992809
0.999990443 0.000249998 0.004317131 0.556049562 -0.000141580 0.999685490 -0.025090661 0.584220074 -0.004321462 0.025089895 0.999676171 44.742640597
0.999990934 -0.000072667 0.004295262 0.559147584 0.000178821 0.999694759 -0.024707560 0.588835505 -0.004292618 0.024708084 0.999685382 45.028943800
0.999990916 0.000753596 0.004232401 0.560591589 -0.000653026 0.999718660 -0.023711494 0.598573810 -0.004248876 0.023708566 0.999709746 45.614867003
0.999992119 0.000675355 0.003917666 0.571529012 -0.000585532 0.999737787 -0.022887797 0.607827074 -0.003932136 0.022885389 0.999730380 46.174149332
0.999993462 0.000318190 0.003727206 0.570343949 -0.000233663 0.999743487 -0.022659371 0.611982235 -0.003732808 0.022658335 0.999736875 46.451424473
0.999991198 0.000675544 0.004189887 0.572286076 -0.000579285 0.999737503 -0.022939862 0.619303257 -0.004204224 0.022937235 0.999728568 47.015022730
0.999988941 0.000277699 0.004706836 0.583281227 -0.000165383 0.999715983 -0.023847661 0.625687372 -0.004712156 0.023846667 0.999704676 47.574344472
0.999987876 0.000367132 0.004947604 0.591146777 -0.000247256 0.999707519 -0.024193242 0.629025590 -0.004954443 0.024191824 0.999695846 47.847341450
0.999984997 0.000721086 0.005476402 0.606874657 -0.000585099 0.999692779 -0.024788429 0.635861980 -0.005492183 0.024784894 0.999677870 48.393333211
0.999983829 0.000276489 0.005775271 0.613999961 -0.000134441 0.999697913 -0.024573103 0.643587291 -0.005780040 0.024571907 0.999681537 48.921243992
0.999984710 -0.000301901 0.005568681 0.613274802 0.000438081 0.999700944 -0.024472476 0.647224607 -0.005559059 0.024474642 0.999685381 49.176168094
0.999985271 -0.001300731 0.005269501 0.630354432 0.001430025 0.999696787 -0.024608362 0.653897048 -0.005235862 0.024615590 0.999683333 49.655087647
0.999985702 -0.001519084 0.005210536 0.633682704 0.001651399 0.999674528 -0.025491302 0.659344629 -0.005170360 0.025499609 0.999662137 50.151637180
0.999986249 -0.001169414 0.005121750 0.637721854 0.001302434 0.999660041 -0.026038139 0.661864684 -0.005088307 0.026044549 0.999648379 50.393252860
0.999987576 -0.001294155 0.004819202 0.645313900 0.001419876 0.999656536 -0.026184002 0.668732251 -0.004783860 0.026190554 0.999645948 50.898817271
0.999989838 -0.001240871 0.004482827 0.653319585 0.001352885 0.999685100 -0.025054814 0.677381292 -0.004450096 0.025060674 0.999676385 51.381999057
0.999988495 -0.001878005 0.004542922 0.657329769 0.001989727 0.999693418 -0.024697382 0.681340920 -0.004495293 0.024706176 0.999684924 51.623594962
0.999985273 -0.001900544 0.005131443 0.665366230 0.002025693 0.999698136 -0.024490048 0.688460414 -0.005083651 0.024500081 0.999687443 52.106797760
0.999979707 -0.001641394 0.006167539 0.677685373 0.001789708 0.999708230 -0.024116553 0.696060172 -0.006125173 0.024127121 0.999690603 52.599028344
0.999973749 -0.001798391 0.007053053 0.681696965 0.001965804 0.999715693 -0.023794822 0.699949821 -0.007008913 0.023808087 0.999692280 52.840625210
0.999963337 -0.001679652 0.008395840 0.689715323 0.001872583 0.999733469 -0.023019977 0.707969048 -0.008354842 0.023034914 0.999699920 53.323815648
0.999957808 -0.001829897 0.008984854 0.697772301 0.002040091 0.999723169 -0.023434448 0.714068844 -0.008939632 0.023451837 0.999685684 53.807032452
0.999954013 -0.002474320 0.009280481 0.706561075 0.002697690 0.999705894 -0.024133584 0.716201422 -0.009217775 0.024157589 0.999665684 54.035329687
0.999946834 -0.003200612 0.009838186 0.711260206 0.003446999 0.999679024 -0.025126060 0.720535337 -0.009754434 0.025158649 0.999636593 54.464820059
0.999940128 -0.002560889 0.010686109 0.724956845 0.002828518 0.999681487 -0.025100420 0.726691527 -0.010618206 0.025129117 0.999627582 54.889996014
0.999937908 -0.002682016 0.010810074 0.725132584 0.002948328 0.999691501 -0.024694480 0.730232873 -0.010740632 0.024724787 0.999636776 55.100205128
0.999932493 -0.002416790 0.011359085 0.743549078 0.002688190 0.999710478 -0.023941150 0.737481148 -0.011297800 0.023970171 0.999648660 55.512042313
0.999934318 -0.001307352 0.011375119 0.752979328 0.001586928 0.999696698 -0.024602336 0.742347313 -0.011339452 0.024618846 0.999633194 55.928201605
0.999931109 -0.001159483 0.011698048 0.753178601 0.001450656 0.999688947 -0.024914999 0.744719006 -0.011664711 0.024930263 0.999621126 56.138426786
0.999921377 -0.001604681 0.012472881 0.767328506 0.001913697 0.999691453 -0.024796165 0.750687253 -0.012429332 0.024818159 0.999614752 56.541247170
0.999921844 -0.002405621 0.012241263 0.777619826 0.002697766 0.999711253 -0.023906116 0.757436862 -0.012179864 0.023937391 0.999639774 56.912664283
0.999922020 -0.002698420 0.012189609 0.778248428 0.002983443 0.999721814 -0.023425645 0.760810260 -0.012122381 0.023460208 0.999652002 57.100517551
0.999912766 -0.002767096 0.012930219 0.797600217 0.003069228 0.999722167 -0.023403163 0.766253072 -0.012861834 0.023440878 0.999643083 57.467663232
0.999911150 -0.001849658 0.013259706 0.803671815 0.002175648 0.999695017 -0.024608749 0.769393344 -0.013210072 0.024635436 0.999609945 57.830095541
0.999911595 -0.000434567 0.013356005 0.804784055 0.000768651 0.999686860 -0.025019196 0.771069245 -0.013340279 0.025027248 0.999598142 57.995613975
0.999901940 0.003282037 0.013603280 0.806526707 -0.002940526 0.999682371 -0.025051698 0.776028571 -0.013681130 0.025009281 0.999593324 58.348986912
0.999906318 0.002680728 0.013413761 0.822034797 -0.002348839 0.999692558 -0.024699340 0.781512965 -0.013475542 0.024665522 0.999605345 58.684739484
0.999910335 0.002280866 0.013199052 0.823131348 -0.001955755 0.999696191 -0.024597054 0.783968636 -0.013250762 0.024569069 0.999610790 58.850247206
0.999910758 0.002254198 0.013173665 0.834407646 -0.001911515 0.999661540 -0.025972447 0.786443515 -0.013227634 0.025944993 0.999576263 59.177006735
0.999906476 -0.000420394 0.013686459 0.842055073 0.000878923 0.999438722 -0.033512654 0.778283140 -0.013664836 0.033521573 0.999344532 59.472519820
0.999903818 0.000408272 0.013889221 0.843799801 0.000138698 0.999225456 -0.039358277 0.770863738 -0.013894356 0.039356430 0.999128634 59.615805041
0.999898020 0.002434963 0.014062247 0.847269947 -0.001720917 0.998719614 -0.050566381 0.756984651 -0.014167177 0.050537058 0.998622140 59.902362300
0.999892642 0.003366678 0.014268829 0.860123884 -0.002524832 0.998277542 -0.058612502 0.748068909 -0.014441532 0.058570250 0.998178870 60.162203841
0.999885976 0.004869846 0.014315923 0.853186582 -0.003983713 0.998112179 -0.061288569 0.745487260 -0.014588191 0.061224522 0.998017318 60.287353838
0.999863235 0.008700014 0.014107957 0.861123740 -0.007779743 0.997918945 -0.064021280 0.745266533 -0.014635139 0.063902758 0.997848641 60.560399705
0.999853567 0.009170994 0.014464532 0.863815566 -0.008209406 0.997839347 -0.065192654 0.747730601 -0.015031327 0.065064375 0.997768627 60.869090614
0.999861053 0.008492852 0.014383640 0.869664155 -0.007535658 0.997834897 -0.065341550 0.749678830 -0.014907739 0.065224026 0.997759569 61.021281538
0.999873562 0.008496134 0.013469174 0.877052704 -0.007602766 0.997853988 -0.065044717 0.754384642 -0.013993109 0.064934141 0.997791557 61.316617883
0.999901985 0.005945179 0.012727921 0.888558994 -0.005180428 0.998227326 -0.059292357 0.767768289 -0.013057649 0.059220714 0.998160111 61.620869407
0.999915010 0.004315910 0.012348256 0.889460230 -0.003655281 0.998586938 -0.053028137 0.779931083 -0.012560130 0.052978537 0.998516687 61.786243784
0.999920154 0.005038601 0.011648344 0.895867500 -0.004611151 0.999325686 -0.036431961 0.811067060 -0.011823927 0.036375367 0.999268544 62.103575216
0.999922160 0.005773830 0.011088182 0.902322241 -0.005534053 0.999752876 -0.021530585 0.839843737 -0.011209907 0.021467572 0.999706747 62.420939057
0.999928632 0.004953834 0.010880189 0.898925910 -0.004787980 0.999872923 -0.015222276 0.852266047 -0.010953546 0.015169163 0.999824665 62.577275485
0.999936500 0.004276258 0.010494103 0.910273293 -0.004223737 0.999978347 -0.005020822 0.873547353 -0.010515349 0.004976199 0.999933149 62.881418520
0.999939691 0.001584947 0.010905629 0.922178738 -0.001608008 0.999996710 0.002106742 0.889432260 -0.010902205 -0.002124094 0.999938252 63.163277531
0.999932623 0.000109883 0.011598682 0.923664187 -0.000158876 0.999991171 0.004224638 0.894899039 -0.011598049 -0.004226139 0.999924148 63.306385737
0.999928179 0.000501413 0.012023515 0.935734373 -0.000577788 0.999979702 0.006356289 0.902596373 -0.012020219 -0.006362720 0.999907528 63.588357220
0.999927630 0.000737961 0.012045153 0.943582624 -0.000816639 0.999979109 0.006524641 0.906794336 -0.012039862 -0.006533923 0.999906620 63.861342388
0.999926467 0.000809983 0.012135869 0.940848751 -0.000889531 0.999978149 0.006553422 0.908631784 -0.012130620 -0.006563668 0.999904953 63.995466066
0.999923848 0.002452898 0.012122230 0.949208801 -0.002513888 0.999984987 0.005019765 0.909732667 -0.012110368 -0.005049791 0.999913931 64.246135625
0.999907030 0.004642640 0.012851540 0.958135363 -0.004645416 0.999989977 0.000188424 0.905017275 -0.012849950 -0.000248026 0.999917129 64.474526929
0.999905199 0.005113795 0.012775725 0.955969812 -0.005073877 0.999982278 -0.003154042 0.900948474 -0.012791491 0.003088993 0.999913604 64.586373586
0.999905604 0.005448989 0.012616883 0.956391153 -0.005321300 0.999934743 -0.010128420 0.892283439 -0.012671875 0.010060340 0.999869110 64.796750377
0.999897272 0.006433727 0.012818747 0.970101937 -0.006225248 0.999849221 -0.016236315 0.885461079 -0.012920354 0.016154941 0.999785973 65.011846856
0.999895710 0.006666684 0.012831274 0.963628762 -0.006421712 0.999798346 -0.019039371 0.882151646 -0.012954897 0.018955116 0.999736799 65.114648697
0.999897668 0.006569839 0.012728400 0.977765656 -0.006259340 0.999686388 -0.024281842 0.876490944 -0.012883209 0.024199747 0.999624288 65.307371065
0.999914196 0.005664780 0.011830217 0.977657496 -0.005318355 0.999562685 -0.029110459 0.871802728 -0.011989536 0.029045018 0.999506608 65.540051380
0.999922257 0.004369950 0.011706046 0.984490460 -0.003999506 0.999496462 -0.031485632 0.869506218 -0.011836957 0.031436462 0.999435973 65.647584307
0.999929499 0.002122856 0.011689748 0.992911458 -0.001714174 0.999390847 -0.034853399 0.867577998 -0.011756324 0.034831029 0.999323952 65.898295477
0.999930652 0.002049948 0.011580938 1.001242945 -0.001637325 0.999367662 -0.035528794 0.870098460 -0.011646830 0.035507386 0.999301658 66.148945537
0.999932453 0.001293060 0.011550349 1.002794370 -0.000883468 0.999373705 -0.035393704 0.872286211 -0.011588843 0.035381089 0.999306392 66.292098786
0.999936187 0.001048403 0.011271785 1.010651672 -0.000647778 0.999370148 -0.035490029 0.876034308 -0.011301580 0.035480504 0.999306921 66.565090134
0.999930308 0.003123078 0.011361671 1.014205574 -0.002721746 0.999378139 -0.035168493 0.880331835 -0.011464183 0.035135144 0.999316546 66.829039551
0.999927850 0.003322149 0.011543895 1.011455610 -0.002920435 0.999395892 -0.034642846 0.882969046 -0.011652154 0.034606729 0.999332936 66.963152242
0.999923289 0.003915416 0.011797552 1.023609876 -0.003500083 0.999380917 -0.035021767 0.886487618 -0.011927692 0.034977782 0.999317656 67.245181128
0.999924365 0.005129213 0.011194887 1.026789967 -0.004709364 0.999297179 -0.037208436 0.887024258 -0.011377423 0.037153028 0.999245048 67.531540360
0.999923714 0.005464807 0.011055338 1.028376391 -0.005038999 0.999258284 -0.038184813 0.887472525 -0.011255391 0.038126303 0.999210035 67.674717504
0.999917000 0.006387401 0.011259239 1.035829509 -0.005933526 0.999187047 -0.039887670 0.888969288 -0.011504857 0.039817585 0.999140704 67.970097932
0.999926857 0.005365019 0.010904490 1.038972990 -0.004914967 0.999152347 -0.040884502 0.891325389 -0.011114724 0.040827982 0.999104262 68.256432171
0.999934833 0.004190107 0.010640535 1.040539300 -0.003748287 0.999144291 -0.041204045 0.892773360 -0.010803547 0.041161464 0.999094196 68.399595582
0.999938053 0.004195714 0.010320833 1.047974314 -0.003755210 0.999096912 -0.042333006 0.895169856 -0.010489352 0.042291724 0.999050835 68.694963650
0.999928848 0.003214452 0.011494390 1.059241360 -0.002712855 0.999054851 -0.043395620 0.898104598 -0.011623139 0.043361381 0.998992282 69.021716862
0.999926775 0.002866025 0.011751782 1.065096185 -0.002349430 0.999040556 -0.043735690 0.899742920 -0.011866460 0.043704968 0.998974323 69.173912043
0.999922375 0.003438638 0.012002113 1.063062523 -0.002889907 0.998963437 -0.045446048 0.901394820 -0.012145201 0.045407876 0.998895301 69.495937877
0.999921275 0.003282209 0.012122320 1.069562243 -0.002723547 0.998946383 -0.045815595 0.905596779 -0.012259277 0.045779063 0.998876729 69.835997449
0.999919814 0.003588759 0.012190740 1.074936245 -0.003031891 0.998964704 -0.045393638 0.908792637 -0.012341088 0.045353067 0.998895315 70.010529388
0.999900695 0.005569252 0.012962153 1.076679099 -0.004975566 0.998957083 -0.045388855 0.913741966 -0.013201320 0.045319854 0.998885470 70.363902462
0.999906111 0.004119210 0.013115546 1.087489058 -0.003506271 0.998916214 -0.046412246 0.917054595 -0.013292366 0.046361934 0.998836475 70.713008636
0.999905474 0.002813355 0.013486518 1.092429508 -0.002181757 0.998911032 -0.046620554 0.919458687 -0.013603042 0.046586674 0.998821311 70.909909604
0.999891259 0.001466304 0.014730048 1.107077935 -0.000760427 0.998856482 -0.047809001 0.922989657 -0.014783137 0.047792652 0.998747966 71.290405315
0.999879908 -0.001292232 0.015451505 1.121713691 0.002041617 0.998817215 -0.048584889 0.927150441 -0.015370052 0.048610586 0.998699194 71.670892375
0.999880913 -0.001833655 0.015328021 1.131377214 0.002570523 0.998835009 -0.048189457 0.930486665 -0.015222299 0.048223157 0.998720933 71.854456769
0.999885656 0.000530062 0.015116102 1.132167877 0.000179851 0.998898657 -0.046921074 0.938081207 -0.015124582 0.046918470 0.998784260 72.252509813
0.999863142 0.001005917 0.016520370 1.142033892 -0.000229389 0.998898340 -0.046936749 0.943629172 -0.016549305 0.046926614 0.998761190 72.646301586
0.999847749 0.003664353 0.017072070 1.151236306 -0.002868141 0.998918207 -0.046428191 0.947543223 -0.017223497 0.046372237 0.998776390 72.852216196
0.999825456 0.006023644 0.017703889 1.156314679 -0.005219169 0.998967404 -0.045141747 0.955368104 -0.017957581 0.045041532 0.998824012 73.259300460
0.999834883 0.004197384 0.017680939 1.170016749 -0.003393699 0.998970476 -0.045240500 0.961254374 -0.017852881 0.045173024 0.998819492 73.684480123
0.999838273 0.003442355 0.017666282 1.183519345 -0.002643628 0.998982672 -0.045036197 0.964778948 -0.017803311 0.044982256 0.998829444 73.899434468
0.999840622 0.000725000 0.017832822 1.197202105 0.000069531 0.999009504 -0.044513409 0.971624933 -0.017846578 0.044507657 0.998850027 74.324600947
0.999837631 0.002204443 0.017915568 1.206139262 -0.001413715 0.999029234 -0.044027822 0.978658455 -0.017995522 0.043995432 0.998870293 74.763088619
0.999838974 0.002697636 0.017723390 1.210623631 -0.001910696 0.999018371 -0.044270874 0.981390448 -0.017825143 0.044229880 0.998862011 74.982343236
0.999835180 0.004662897 0.017566252 1.214892226 -0.003848090 0.998928046 -0.046138004 0.984782641 -0.017762718 0.046062772 0.998780803 75.434204697
0.999832247 0.006431944 0.017148295 1.223440285 -0.005606867 0.998845125 -0.047733916 0.988815051 -0.017434696 0.047629797 0.998713033 75.895091747
0.999831475 0.006800398 0.017090393 1.236483984 -0.005982528 0.998855607 -0.047453701 0.992807485 -0.017393471 0.047343446 0.998727354 76.132397818
0.999836217 0.005058101 0.017383913 1.253554763 -0.004231099 0.998872610 -0.047282307 0.999919796 -0.017603706 0.047201009 0.998730156 76.611311329
0.999835228 0.004574182 0.017566296 1.266387917 -0.003713523 0.998805674 -0.048717254 1.004312506 -0.017768089 0.048644091 0.998658158 77.081227815
0.999842886 0.003930065 0.017276999 1.270448389 -0.003063126 0.998748426 -0.049922770 1.005772875 -0.017451380 0.049862062 0.998604359 77.322858052
0.999845786 0.003005829 0.017324387 1.283252176 -0.002128419 0.998725190 -0.050442742 1.011625152 -0.017453489 0.050398088 0.998577361 77.792754488
0.999881481 0.002909434 0.015129656 1.295993003 -0.002163907 0.998793416 -0.049063648 1.020606503 -0.015254029 0.049025114 0.998681570 78.262607940
0.999890850 0.003037440 0.014486473 1.295711052 -0.002330018 0.998815615 -0.048599406 1.024555727 -0.014616840 0.048560343 0.998713723 78.495169605
0.999904772 0.002399561 0.013598596 1.317562031 -0.001721878 0.998766997 -0.049624497 1.029761011 -0.013700891 0.049596332 0.998675295 78.960785544
0.999913839 -0.001945912 0.012992827 1.334699592 0.002612834 0.998669290 -0.051513237 1.033554306 -0.012874966 0.051542790 0.998588365 79.439744648
0.999922785 -0.002916672 0.012099227 1.343490177 0.003545869 0.998624820 -0.052309960 1.035596911 -0.011929897 0.052348867 0.998558407 79.668043118
0.999934554 -0.005589055 0.009974439 1.352009874 0.006109978 0.998577415 -0.052973162 1.041038903 -0.009664469 0.053030753 0.998546319 80.128910806
0.999936849 -0.007010422 0.008793717 1.360037685 0.007462701 0.998593425 -0.052501980 1.048588269 -0.008413776 0.052564342 0.998582189 80.612107698
0.999953298 -0.006508292 0.007223111 1.364491278 0.006873968 0.998633885 -0.051814298 1.052849809 -0.006876565 0.051861501 0.998630938 80.831341303
0.999977757 -0.005036948 0.004462231 1.363906858 0.005255093 0.998720443 -0.050305305 1.061767956 -0.004203072 0.050327702 0.998724118 81.296450624
0.999984378 -0.005502879 0.001526270 1.367545178 0.005568238 0.998892786 -0.046727294 1.074145484 -0.001267150 0.046735128 0.998906492 81.770546808
0.999982631 -0.005919526 -0.000121880 1.367222393 0.005908045 0.998969731 -0.045010932 1.080124107 0.000388835 0.045009549 0.998986924 82.003080594
0.999977668 -0.005328752 -0.004028735 1.366573405 0.005156897 0.999124488 -0.041523421 1.092251302 0.004246369 0.041501727 0.999129697 82.468145833
0.999955236 -0.006168149 -0.007238509 1.356875413 0.005892753 0.999280625 -0.037466433 1.105115464 0.007464156 0.037422066 0.999271478 82.937490333
0.999939317 -0.006289052 -0.009035930 1.356564094 0.005958777 0.999329694 -0.036129910 1.110524256 0.009257257 0.036073908 0.999306512 83.170031947
0.999905876 -0.004816882 -0.012854286 1.356022921 0.004351482 0.999343376 -0.035992385 1.117293039 0.013018705 0.035933100 0.999269376 83.635170793
0.999814197 -0.001493332 -0.019221603 1.337716377 0.000736459 0.999226457 -0.039323277 1.121279413 0.019266127 0.039301852 0.999041771 84.319184391
0.999761790 0.000010570 -0.021854713 1.323958575 -0.000936620 0.999101855 -0.042363292 1.122586592 0.021834546 0.042373694 0.998863563 84.779653262
0.999663806 0.002492541 -0.025818049 1.301128841 -0.003632842 0.999016137 -0.044215874 1.125770401 0.025683003 0.044294868 0.998688054 85.244385739
0.999608894 0.003448315 -0.027751283 1.296608862 -0.004705399 0.998959568 -0.045363213 1.127020018 0.027566532 0.045476117 0.998585221 85.467950103
0.999490667 0.002896914 -0.031796283 1.274277651 -0.004437760 0.998813495 -0.048495381 1.127766550 0.031617987 0.048611834 0.998317738 85.910357907
0.999356580 0.002880558 -0.035772933 1.260960040 -0.004706944 0.998683850 -0.051077563 1.129535594 0.035578751 0.051213110 0.998053713 86.348462281
0.999291016 0.002317701 -0.037582383 1.252138672 -0.004263570 0.998649997 -0.051779772 1.131234671 0.037410994 0.051903330 0.997951496 86.562986087
0.999166218 0.000159881 -0.040833232 1.238734568 -0.002268346 0.998666035 -0.051594233 1.137302441 0.040770956 0.051643860 0.997833129 87.001031410
0.999017138 -0.001034097 -0.044313957 1.220544631 -0.001189324 0.998743151 -0.050119119 1.145557155 0.044309941 0.050122703 0.997759548 87.452370460
0.998944051 -0.001068553 -0.045939919 1.206964587 -0.001247596 0.998730748 -0.050358463 1.148093575 0.045934885 0.050362570 0.997674584 87.680206532
0.998821692 0.001872491 -0.048494494 1.184552112 -0.004349402 0.998688004 -0.051020668 1.152878910 0.048336164 0.051171570 0.997519968 88.122558856
0.998644086 0.003843692 -0.051916752 1.157819743 -0.006478852 0.998693664 -0.050686044 1.159033432 0.051653392 0.050953675 0.997364361 88.555857988
0.998542548 0.004930795 -0.053751563 1.144687331 -0.007661635 0.998683935 -0.050718221 1.161661827 0.053430972 0.051056142 0.997265223 88.761334643
0.998351834 0.003378597 -0.057297018 1.113679722 -0.006288843 0.998695455 -0.050687509 1.166966194 0.057051532 0.050964305 0.997069999 89.185611069
0.998184737 -0.001132457 -0.060223617 1.095985493 -0.001906005 0.998728896 -0.050370738 1.172923589 0.060204348 0.050394173 0.996913098 89.614623524
0.998116514 -0.003163521 -0.061265939 1.087145017 0.000070512 0.998728056 -0.050421616 1.175572385 0.061347769 0.050322380 0.996847804 89.829134283
0.997911450 -0.007059424 -0.064215919 1.060472187 0.003731402 0.998651173 -0.051799191 1.178767784 0.064495565 0.051451455 0.996590881 90.262474064
0.997752538 -0.008613005 -0.066453497 1.038593034 0.004970867 0.998486361 -0.054780194 1.179386355 0.066825271 0.054326794 0.996284399 90.682525473
0.997663876 -0.009233283 -0.067692641 1.020752836 0.005449257 0.998423257 -0.055874215 1.180322842 0.068101868 0.055374805 0.996140869 90.901349138
0.997472518 -0.008528123 -0.070546434 0.990222227 0.004535163 0.998388469 -0.056568689 1.184259616 0.070914564 0.056105748 0.995903196 91.303286197
0.997197241 -0.010319867 -0.074108470 0.959647366 0.006183084 0.998421282 -0.055835201 1.190395737 0.074567759 0.055220545 0.995686190 91.705193045
0.997046668 -0.012299417 -0.075807087 0.946492024 0.008129136 0.998449817 -0.055077922 1.194163794 0.076366612 0.054299050 0.995600332 91.910654045
0.996719694 -0.016002964 -0.079342293 0.915891818 0.011769864 0.998496619 -0.053535897 1.201559543 0.080079875 0.052426421 0.995409333 92.312543588
0.996475604 -0.019442737 -0.081605144 0.889606076 0.015157602 0.998490096 -0.052805874 1.207856024 0.082508499 0.051382905 0.995265370 92.723482617
0.996327283 -0.021399042 -0.082916916 0.881209612 0.017072863 0.998473504 -0.052537275 1.210776740 0.083915040 0.050928754 0.995171091 92.915631488
0.996079757 -0.022708037 -0.085497903 0.850630728 0.018326511 0.998495307 -0.051688128 1.217112802 0.086543368 0.049918570 0.994997138 93.317535589
0.995859664 -0.022669460 -0.088034684 0.811445647 0.018319253 0.998586031 -0.049911730 1.224517734 0.089041882 0.048092348 0.994865857 93.701356238
0.995763979 -0.022489737 -0.089154948 0.794464911 0.018130957 0.998614562 -0.049401521 1.227417642 0.090142466 0.047575858 0.994792392 93.875436626
