1.000000000 0.000000000 0.000000000 0.000000000 0.000000000 1.000000000 0.000000000 0.000000000 0.000000000 0.000000000 1.000000000 0.000000000
0.999990702 -0.002732182 -0.003332036 -0.000584746 0.002725150 0.999994040 -0.002113417 -0.005294497 0.003337790 0.002104318 0.999992192 0.683947742
0.999971628 -0.001433626 -0.007392707 -0.009815977 0.001406220 0.999992132 -0.003711042 -0.007670220 0.007397969 0.003700541 0.999965787 1.385811210
0.999934793 -0.001438699 -0.011327086 -0.023735182 0.001379808 0.999985516 -0.005205292 -0.010242396 0.011334411 0.005189323 0.999922276 2.107191563
0.999866843 -0.000221158 -0.016315451 -0.039319076 0.000126380 0.999983132 -0.005809893 -0.016878061 0.016316459 0.005807058 0.999850035 2.845246792
0.999785662 -0.001232556 -0.020666702 -0.057581801 0.001109923 0.999981642 -0.005944268 -0.027000833 0.020673646 0.005920056 0.999768734 3.595493793
0.999685526 0.000550199 -0.025068702 -0.084581651 -0.000729272 0.999974251 -0.007134723 -0.036441464 0.025064129 0.007150761 0.999660254 4.362546921
0.999547243 0.003174200 -0.029922074 -0.115825325 -0.003404677 0.999964833 -0.007654770 -0.046522588 0.029896721 0.007753179 0.999522865 5.144247532
0.999407709 0.003577767 -0.034226254 -0.146401331 -0.003781002 0.999975562 -0.005875122 -0.057363912 0.034204397 0.006001052 0.999396741 5.941754341
0.999257624 0.002747271 -0.038429141 -0.182932705 -0.002866986 0.999991179 -0.003060440 -0.068595275 0.038420387 0.003168344 0.999256611 6.748056412
0.999122143 0.002409915 -0.041821141 -0.220438957 -0.002422552 0.999996960 -0.000251508 -0.079547971 0.041820407 0.000352601 0.999125063 7.559569836
0.999004781 0.003879519 -0.044433568 -0.264031738 -0.003919351 0.999991953 -0.000809380 -0.089507848 0.044430066 0.000982725 0.999011993 8.384058952
0.998909473 0.003333554 -0.046568833 -0.306557417 -0.003385349 0.999993742 -0.001033410 -0.095572300 0.046565101 0.001189935 0.998914480 9.214403152
0.998834729 0.000368726 -0.048258867 -0.346442968 -0.000445069 0.999998569 -0.001571220 -0.102201290 0.048258223 0.001590868 0.998833537 10.053496361
0.998740733 0.000331832 -0.050168920 -0.390966117 -0.000367587 0.999999583 -0.000703468 -0.111352853 0.050168671 0.000721023 0.998740494 10.901336670
0.998670936 -0.001032814 -0.051529087 -0.438459963 0.000993132 0.999999106 -0.000795698 -0.122601390 0.051529877 0.000743465 0.998671174 11.763687134
0.998569429 0.001183526 -0.053457260 -0.489234447 -0.001349482 0.999994278 -0.003068483 -0.131983131 0.053453334 0.003136234 0.998565435 12.633233070
0.998495042 0.001532699 -0.054819215 -0.540684760 -0.001845822 0.999982178 -0.005661741 -0.141538188 0.054809570 0.005754407 0.998480260 13.509195328
0.998380721 0.005209918 -0.056644265 -0.596642196 -0.005624169 0.999958575 -0.007156268 -0.153577730 0.056604639 0.007463258 0.998368740 14.391652107
0.998320937 0.006127771 -0.057597753 -0.654954791 -0.006521274 0.999956548 -0.006646439 -0.167919934 0.057554528 0.007010891 0.998317778 15.288209915
0.998247862 0.005237408 -0.058938764 -0.709540665 -0.005556026 0.999970734 -0.005243319 -0.181899548 0.058909584 0.005561598 0.998247802 16.188734055
0.998160064 0.005889435 -0.060346887 -0.768388748 -0.006124855 0.999974251 -0.003716886 -0.194587320 0.060323443 0.004079663 0.998170495 17.096809387
0.998105288 0.005477360 -0.061286189 -0.826907992 -0.005708206 0.999977171 -0.003592239 -0.207985282 0.061265126 0.003935267 0.998113692 18.005483627
0.998000681 0.005227027 -0.062987961 -0.885468662 -0.005510117 0.999975383 -0.004321478 -0.220948040 0.062963836 0.004659911 0.998004854 18.922172546
0.997945070 0.003826919 -0.063959725 -0.945885301 -0.004164989 0.999977946 -0.005153180 -0.232204929 0.063938595 0.005408983 0.997939169 19.843778610
0.997907102 0.003899412 -0.064545110 -1.011229038 -0.004132114 0.999985337 -0.003472168 -0.243148997 0.064530633 0.003731610 0.997908592 20.781238556
0.997903943 0.005195307 -0.064504683 -1.077375889 -0.005206775 0.999986351 -0.000009684 -0.254981369 0.064503767 0.000345526 0.997917295 21.722291946
0.997950971 0.006088805 -0.063691489 -1.141874552 -0.005862479 0.999975681 0.003739741 -0.264227718 0.063712724 -0.003358687 0.997962475 22.664665222
0.998064637 0.005041687 -0.061979793 -1.206940293 -0.004643798 0.999967575 0.006562022 -0.269733548 0.062010877 -0.006261499 0.998055756 23.614246368
0.998153985 0.005302364 -0.060502265 -1.267575502 -0.004870006 0.999961436 0.007291361 -0.273642182 0.060538612 -0.006983253 0.998141289 24.572040558
0.998238564 0.005703262 -0.059052818 -1.327524781 -0.005450039 0.999975145 0.004448235 -0.279284060 0.059076738 -0.004118558 0.998244762 25.519964218
0.998293281 0.006556299 -0.058030702 -1.388666034 -0.006590619 0.999978006 -0.000400047 -0.284308344 0.058026828 0.000781825 0.998314559 26.477514267
0.998361409 0.005202935 -0.056985982 -1.442596912 -0.005397947 0.999979913 -0.003268696 -0.291370898 0.056967854 0.003570949 0.998369396 27.444070816
0.998415589 0.002396527 -0.056218553 -1.495923519 -0.002525256 0.999994159 -0.002218858 -0.300522894 0.056212932 0.002357309 0.998415887 28.419178009
0.998406649 0.000581254 -0.056424692 -1.552163839 -0.000422593 0.999995768 0.002823837 -0.309869707 0.056426119 -0.002795491 0.998402655 29.402395248
0.998350561 -0.003592852 -0.057299823 -1.600330114 0.003955232 0.999972701 0.006212134 -0.318537235 0.057275958 -0.006428521 0.998337507 30.383977890
0.998228848 -0.011279647 -0.058412995 -1.648346305 0.011629038 0.999916255 0.005644950 -0.324714422 0.058344442 -0.006314236 0.998276353 31.373754501
0.998132825 -0.013432450 -0.059586521 -1.708855867 0.013555365 0.999906540 0.001659097 -0.328205585 0.059558693 -0.002463715 0.998221576 32.351390839
0.998055935 -0.013386537 -0.060869426 -1.771906614 0.013281529 0.999909341 -0.002129383 -0.338366508 0.060892418 0.001316805 0.998143256 33.329494476
0.997910678 -0.012640614 -0.063362159 -1.833483934 0.012478329 0.999917567 -0.002956247 -0.342426568 0.063394308 0.002159418 0.997986019 34.350971222
0.997842669 -0.013505411 -0.064246207 -1.898741245 0.013425164 0.999908209 -0.001680555 -0.345436931 0.064263053 0.000814414 0.997932553 35.359252930
0.997796774 -0.010462680 -0.065513745 -1.968680024 0.010560742 0.999943376 0.001150736 -0.357711107 0.065498039 -0.001840074 0.997850895 36.370819092
0.997698367 -0.010810323 -0.066940136 -2.034841061 0.010994428 0.999936402 0.002382544 -0.364298940 0.066910163 -0.003113028 0.997753978 37.381259918
0.997631788 -0.009896763 -0.068064295 -2.106519699 0.010261977 0.999934494 0.005018240 -0.368761629 0.068010204 -0.005704830 0.997668147 38.403923035
0.997637451 -0.010061482 -0.067958742 -2.179739475 0.010635935 0.999910474 0.008096470 -0.375317454 0.067871243 -0.008800147 0.997655153 39.426334381
0.997647464 -0.004201968 -0.068421960 -2.264152527 0.004916029 0.999934912 0.010271146 -0.376187384 0.068374388 -0.010583348 0.997603416 40.442752838
0.997633874 -0.004365053 -0.068609819 -2.337182999 0.005043271 0.999939919 0.009715065 -0.380209804 0.068563327 -0.010038096 0.997596085 41.450363159
0.997632444 -0.004509079 -0.068621837 -2.403555632 0.005066468 0.999955356 0.007950793 -0.380742013 0.068582952 -0.008279639 0.997610867 42.458194733
0.997623861 -0.002719849 -0.068840943 -2.472796440 0.003137140 0.999977171 0.005954328 -0.389044493 0.068823218 -0.006156142 0.997609675 43.468929291
0.997561276 -0.003006602 -0.069727831 -2.542843819 0.003435209 0.999975681 0.006027803 -0.398067832 0.069708049 -0.006252632 0.997547686 44.457969666
0.997451842 -0.005355833 -0.071140639 -2.610808849 0.005880693 0.999956727 0.007170452 -0.403051466 0.071099199 -0.007570537 0.997440338 45.457946777
0.997395098 -0.004871656 -0.071966164 -2.686126232 0.005475049 0.999951243 0.008189567 -0.410469145 0.071922779 -0.008562253 0.997373283 46.452358246
0.997395575 -0.002430250 -0.072083570 -2.764609575 0.002777497 0.999984741 0.004717465 -0.421302289 0.072071038 -0.004905390 0.997387171 47.435981750
0.997337461 -0.002060934 -0.072894864 -2.840617180 0.002103687 0.999997377 0.000509781 -0.428465635 0.072893672 -0.000661770 0.997339249 48.421245575
0.997297287 -0.001334683 -0.073459886 -2.917879820 0.001286784 0.999998569 -0.000699315 -0.438901782 0.073460765 0.000602901 0.997297704 49.403743744
0.997273386 -0.002543001 -0.073751897 -2.988003254 0.002761667 0.999991834 0.002863102 -0.451304197 0.073744029 -0.003058972 0.997272313 50.393581390
0.997248709 -0.004532037 -0.073990598 -3.058958769 0.004985087 0.999969661 0.005939586 -0.461656451 0.073961481 -0.006292094 0.997241020 51.371284485
0.997224748 -0.006460755 -0.074169539 -3.131386757 0.006966129 0.999953985 0.006557143 -0.470433861 0.074123800 -0.007055619 0.997223854 52.338752747
0.997186422 -0.009558768 -0.074349530 -3.203492641 0.009975250 0.999936342 0.005232431 -0.477559805 0.074294806 -0.005959364 0.997218251 53.310878754
0.997111320 -0.012481779 -0.074920505 -3.271049738 0.012820021 0.999909461 0.004035497 -0.486709714 0.074863382 -0.004984322 0.997181058 54.273323059
0.997018456 -0.014096989 -0.075863749 -3.345717907 0.014543673 0.999879718 0.005338807 -0.496701390 0.075779401 -0.006426226 0.997103631 55.233428955
0.996880591 -0.017238045 -0.077017777 -3.417077065 0.018017000 0.999792933 0.009430652 -0.501946092 0.076839320 -0.010788864 0.996984780 56.200126648
0.996814013 -0.018221060 -0.077650964 -3.491696119 0.019397750 0.999707520 0.014426406 -0.504644930 0.077365443 -0.015886696 0.996875942 57.169918060
0.996812046 -0.016267998 -0.078107849 -3.572470903 0.017626354 0.999704421 0.016733017 -0.507642806 0.077812590 -0.018056430 0.996804178 58.119316101
0.996729612 -0.014815073 -0.079438902 -3.653942108 0.015897462 0.999788702 0.013010371 -0.516688406 0.079229422 -0.014230698 0.996754646 59.062385559
0.996641338 -0.013543050 -0.080761924 -3.728319168 0.014005709 0.999888241 0.005164994 -0.518069685 0.080682985 -0.006278772 0.996719837 59.983005524
0.996592224 -0.011948700 -0.081616178 -3.808149815 0.012021299 0.999927342 0.000398242 -0.525187969 0.081605546 -0.001378015 0.996663570 60.905704498
0.996558368 -0.007128083 -0.082586430 -3.894267559 0.007260197 0.999972582 0.001299572 -0.535181165 0.082574949 -0.001894691 0.996582866 61.821437836
0.996506929 -0.004357961 -0.083396785 -3.978844166 0.004675100 0.999982297 0.003607903 -0.549002409 0.083379634 -0.003985186 0.996509612 62.718727112
0.996427178 -0.001801109 -0.084437050 -4.063333511 0.002249204 0.999983549 0.005212049 -0.562180042 0.084426343 -0.005383341 0.996414900 63.606998444
0.996328771 -0.001550624 -0.085595615 -4.138942242 0.001982679 0.999985456 0.004962876 -0.570063591 0.085586719 -0.005114362 0.996317327 64.473220825
0.996192515 0.000086030 -0.087182455 -4.219366074 0.000418761 0.999983013 0.005771772 -0.578944743 0.087181523 -0.005786301 0.996175349 65.330711365
0.996080101 0.000851193 -0.088451304 -4.299814701 -0.000286145 0.999979198 0.006400752 -0.589520037 0.088454954 -0.006350350 0.996059597 66.181137085
0.995937169 0.000636350 -0.090049364 -4.374405384 -0.000018402 0.999976158 0.006863016 -0.598343670 0.090051621 -0.006833472 0.995913327 67.014976501
0.995808780 0.000026754 -0.091460161 -4.444929600 0.000691369 0.999968946 0.007820090 -0.603910148 0.091457576 -0.007850545 0.995777786 67.820060730
0.995665789 0.002693973 -0.092964344 -4.515333176 -0.001726466 0.999943256 0.010486159 -0.606710672 0.092987366 -0.010280207 0.995613933 68.617538452
0.995541930 0.004092214 -0.094230309 -4.594680786 -0.002724601 0.999888897 0.014637621 -0.612414479 0.094279781 -0.014315624 0.995442510 69.410987854
0.995372772 0.007230465 -0.095816091 -4.678563595 -0.005683406 0.999848962 0.016409239 -0.616755724 0.095920302 -0.015788743 0.995263577 70.188140869
0.995225072 0.009952205 -0.097097374 -4.760599136 -0.008798121 0.999885261 0.012306777 -0.623220563 0.097208761 -0.011393735 0.995198429 70.939880371
0.995110273 0.010017131 -0.098260187 -4.840118408 -0.009568295 0.999941230 0.005037997 -0.630360365 0.098304927 -0.004073177 0.995147645 71.666305542
0.994984210 0.009114383 -0.099615119 -4.914721489 -0.009238970 0.999956727 -0.000789463 -0.636775255 0.099603653 0.001705848 0.995025456 72.379440308
0.994932532 0.009910314 -0.100053847 -4.988955498 -0.010167437 0.999945819 -0.002060224 -0.641066074 0.100028038 0.003067078 0.994979620 73.076507568
0.994829476 0.012631731 -0.100770190 -5.065996647 -0.012540895 0.999919891 0.001534880 -0.652006269 0.100781545 -0.000263193 0.994908214 73.757751465
0.994704604 0.012825916 -0.101971172 -5.138524055 -0.012508090 0.999914408 0.003755624 -0.666207075 0.102010652 -0.002460269 0.994780004 74.415428162
0.994648814 0.009727105 -0.102853954 -5.206154823 -0.009721421 0.999952257 0.000556549 -0.679402113 0.102854498 0.000446318 0.994696081 75.049133301
0.994716108 0.001698831 -0.102649018 -5.264177322 -0.002191684 0.999986351 -0.004688736 -0.689220607 0.102639690 0.004888938 0.994706333 75.665931702
0.994823515 -0.002427506 -0.101588443 -5.319430351 0.001469424 0.999953508 -0.009504761 -0.699433923 0.101606831 0.009306286 0.994780838 76.265235901
0.995144606 0.000053135 -0.098422900 -5.380207062 -0.001017620 0.999951780 -0.009749211 -0.709434330 0.098417662 0.009802036 0.995096684 76.851455688
0.995522559 0.004971736 -0.094393343 -5.440052032 -0.005638961 0.999960721 -0.006803134 -0.720067143 0.094355844 0.007304957 0.995511532 77.425285339
0.995953500 0.003384937 -0.089804918 -5.484959602 -0.003732124 0.999985993 -0.003698376 -0.730775893 0.089791164 0.004018577 0.995952249 77.985031128
0.996443391 -0.000367838 -0.084262848 -5.516401291 0.000408148 0.999999642 0.000461179 -0.740326822 0.084262669 -0.000493927 0.996443272 78.533905029
0.997090697 -0.004801092 -0.076071471 -5.545393944 0.005123773 0.999978602 0.004047233 -0.754518509 0.076050445 -0.004425230 0.997093916 79.067481995
0.997871220 -0.001221539 -0.065201640 -5.578504562 0.001489360 0.999990463 0.004059159 -0.764491618 0.065196082 -0.004147624 0.997863591 79.584518433
0.998738289 0.003981912 -0.050058205 -5.604822159 -0.003808193 0.999986231 0.003565265 -0.769887924 0.050071739 -0.003370133 0.998739779 80.088935852
0.999450922 0.009039275 -0.031874295 -5.619349957 -0.008906394 0.999950886 0.004308441 -0.775379896 0.031911697 -0.004022187 0.999482393 80.582588196
0.999925017 0.007370419 -0.009769255 -5.607859612 -0.007322187 0.999960780 0.004963954 -0.779833674 0.009805482 -0.004892047 0.999939859 81.063232422
0.999855280 0.003797891 0.016572781 -5.579053879 -0.003899989 0.999973476 0.006132558 -0.786978364 -0.016549030 -0.006196303 0.999843717 81.531654358
0.998932302 0.002592654 0.046121284 -5.535785675 -0.002963215 0.999963760 0.007967913 -0.794703603 -0.046098936 -0.008096071 0.998903990 81.989265442
0.996847928 0.002091635 0.079306625 -5.480596542 -0.002867041 0.999949038 0.009664690 -0.800764143 -0.079282358 -0.009861600 0.996803284 82.436965942
0.993139803 0.001921407 0.116916902 -5.403946877 -0.003171760 0.999939680 0.010509243 -0.805644929 -0.116889648 -0.010807980 0.993085921 82.882446289
0.987330079 0.002394359 0.158661410 -5.319602966 -0.004135875 0.999934673 0.010647021 -0.808373868 -0.158625498 -0.011168326 0.987275481 83.292297363
0.978912890 0.002109761 0.204267263 -5.209320068 -0.004430632 0.999930620 0.010905255 -0.812813461 -0.204230070 -0.011580326 0.978854239 83.711814880
0.967269719 0.004197265 0.253715426 -5.083343506 -0.006775272 0.999933839 0.009288070 -0.822321177 -0.253659606 -0.010703058 0.967234194 84.109138489
0.951713502 0.004807280 0.306949914 -4.934648514 -0.007325561 0.999948204 0.007052630 -0.834925771 -0.306900114 -0.008960661 0.951699436 84.482276917
0.931740701 0.004701262 0.363093615 -4.766151428 -0.007178479 0.999959171 0.005473549 -0.843239546 -0.363053083 -0.007706388 0.931736410 84.842773438
0.907148957 0.005099881 0.420778662 -4.575157166 -0.007514859 0.999963343 0.004081485 -0.848857939 -0.420742363 -0.006864606 0.907154143 85.189292908
0.877709508 0.005162215 0.479165286 -4.360954285 -0.007218866 0.999970853 0.002450095 -0.852683485 -0.479138702 -0.005609499 0.877721190 85.517990112
0.843803465 0.003273849 0.536642313 -4.124450684 -0.004553342 0.999988973 0.001059014 -0.862481534 -0.536633015 -0.003337114 0.843809128 85.824249268
0.806372523 0.002716249 0.591401696 -3.869968414 -0.003760262 0.999992669 0.000534223 -0.873048007 -0.591395915 -0.002654606 0.806376874 86.112731934
0.766493261 0.001355336 0.642251015 -3.586051941 -0.003089534 0.999993920 0.001576918 -0.875861287 -0.642244875 -0.003192952 0.766492724 86.385330200
0.723198950 0.000692716 0.690639436 -3.301879883 -0.005016425 0.999978304 0.004249931 -0.885298133 -0.690621555 -0.006538086 0.723186791 86.631599426
0.677125335 -0.000318817 0.735867739 -2.995838165 -0.004414026 0.999980092 0.004494906 -0.884952247 -0.735854566 -0.006291753 0.677110434 86.869201660
0.630307198 -0.001657054 0.776344061 -2.679729462 -0.001471479 0.999993265 0.003329096 -0.888637841 -0.776344478 -0.003240726 0.630300522 87.067337036
0.583140612 -0.004221422 0.812360406 -2.348930359 0.003907470 0.999989510 0.002391513 -0.890640497 -0.812361956 0.001779687 0.583150983 87.245101929
0.536446035 -0.002206488 0.843931794 -2.015594482 0.001576921 0.999997377 0.001612152 -0.897363186 -0.843933225 0.000465983 0.536448061 87.409072876
0.489064634 0.000756636 0.872247279 -1.677383423 -0.002655604 0.999996185 0.000621529 -0.901391745 -0.872243524 -0.002620309 0.489064753 87.563796997
0.443333298 0.002917395 0.896352172 -1.327949524 -0.003642435 0.999992192 -0.001453181 -0.905418098 -0.896349370 -0.002620659 0.443340510 87.701324463
0.400808454 0.000498321 0.916161835 -0.968545914 0.003363594 0.999992192 -0.002015449 -0.906077206 -0.916155756 0.003889407 0.400803685 87.814117432
0.361173481 -0.006906733 0.932473183 -0.595466614 0.018266698 0.999832928 0.000330444 -0.903867126 -0.932319701 0.016913859 0.361239314 87.903984070
0.325872988 -0.010539524 0.945354939 -0.217712402 0.022249004 0.999746263 0.003476471 -0.902430832 -0.945151746 0.019900320 0.326024830 87.997634888
0.292632669 -0.006382051 0.956203818 0.154188156 0.019464614 0.999810278 0.000716222 -0.904459655 -0.956026733 0.018402550 0.292701304 88.096794128
0.261401176 0.001262290 0.965229630 0.527746201 0.008411755 0.999958098 -0.003585761 -0.915404081 -0.965193510 0.009056597 0.261379659 88.197387695
0.233074829 0.005531872 0.972443163 0.905649185 0.003893829 0.999970496 -0.006621739 -0.929276586 -0.972450852 0.005329891 0.233046383 88.278411865
0.207382739 0.007297587 0.978232861 1.299800873 0.004908171 0.999951899 -0.008500130 -0.939926267 -0.978247583 0.006564117 0.207336888 88.344421387
0.183779567 0.008686241 0.982929230 1.709180832 0.011775117 0.999869704 -0.011037558 -0.946275711 -0.982896864 0.013602583 0.183653325 88.398628235
0.163358018 0.015036297 0.986452460 2.130894661 0.018174054 0.999668300 -0.018247398 -0.943672657 -0.986399353 0.020908698 0.163030565 88.448379517
0.143513530 0.021826372 0.989407957 2.557189941 0.020169059 0.999484539 -0.024974190 -0.940407515 -0.989442647 0.023539560 0.142999366 88.497879028
0.125897348 0.022635099 0.991785228 2.996333122 0.017717056 0.999528885 -0.025060836 -0.949860692 -0.991885006 0.020726606 0.125437036 88.549171448
0.110460460 0.018223172 0.993713677 3.459127426 0.016021974 0.999669313 -0.020113384 -0.968117833 -0.993751287 0.018142991 0.110131994 88.593917847
0.096052900 0.014945587 0.995264232 3.942779541 0.016156500 0.999732018 -0.016571948 -0.984836459 -0.995244980 0.017671769 0.095785715 88.631698608
0.082567677 0.012480411 0.996507645 4.428779125 0.018399591 0.999731898 -0.014045339 -0.998211563 -0.996415496 0.019495023 0.082315959 88.668289185
0.070860445 0.011631127 0.997418702 4.932184219 0.022126788 0.999667466 -0.013229331 -1.008667350 -0.997240722 0.023007108 0.070579574 88.693778992
0.060672015 0.012279749 0.998082519 5.450613022 0.025257373 0.999585152 -0.013833603 -1.018593550 -0.997838080 0.026048254 0.060336743 88.715896606
0.052812938 0.012820238 0.998522401 5.988372326 0.027400725 0.999522269 -0.014282339 -1.028248668 -0.998228312 0.028114529 0.052436490 88.737678528
0.047140602 0.013254819 0.998800576 6.540177345 0.029150298 0.999467671 -0.014639493 -1.037815332 -0.998462617 0.029805450 0.046729181 88.760208130
0.041439071 0.014509676 0.999036014 7.095101357 0.029656854 0.999435961 -0.015745632 -1.048808575 -0.998700619 0.030280750 0.040985446 88.784027100
0.035330612 0.015312058 0.999258697 7.684056282 0.030217947 0.999408960 -0.016382778 -1.058784604 -0.998918474 0.030774364 0.034847092 88.802993774
0.030898875 0.015292220 0.999405801 8.289829254 0.032563180 0.999336720 -0.016297931 -1.072245479 -0.998991787 0.033047419 0.030380474 88.817657471
0.027951716 0.015266526 0.999492943 8.917414665 0.034041781 0.999288738 -0.016215423 -1.085315943 -0.999029279 0.034477767 0.027412191 88.831863403
0.024933929 0.014765294 0.999580383 9.565437317 0.034942184 0.999266922 -0.015632285 -1.099086642 -0.999078095 0.035317291 0.024399778 88.846282959
0.022542711 0.014101309 0.999646783 10.228029251 0.037193451 0.999196410 -0.014933698 -1.115409374 -0.999053597 0.037516952 0.022000179 88.856178284
0.021748263 0.013821853 0.999668300 10.909515381 0.041509196 0.999029636 -0.014716080 -1.128408432 -0.998901129 0.041815471 0.021153489 88.866256714
0.022694176 0.013512470 0.999651432 11.606045723 0.044873245 0.998887062 -0.014520857 -1.143285990 -0.998734653 0.045187142 0.022062628 88.879180908
0.025043203 0.013286276 0.999598384 12.321306229 0.046880230 0.998795927 -0.014450115 -1.160331011 -0.998586357 0.047223281 0.024390245 88.898147583
0.029118875 0.013312847 0.999487638 13.056935310 0.049346805 0.998672903 -0.014739658 -1.172688127 -0.998356938 0.049750727 0.028423347 88.912551880
0.033647262 0.012776450 0.999352455 13.828189850 0.050313428 0.998628676 -0.014461211 -1.186459422 -0.998166263 0.050767425 0.032958362 88.927825928
0.037637893 0.011128547 0.999229789 14.595985413 0.051876716 0.998567760 -0.013075216 -1.200761914 -0.997943640 0.052328881 0.037006740 88.957717896
0.041474953 0.009515645 0.999094605 15.378364563 0.051563129 0.998601675 -0.011651474 -1.217622161 -0.997807801 0.051999681 0.040926360 88.997428894
0.045631617 0.007400123 0.998931289 16.172641754 0.048443496 0.998779595 -0.009611927 -1.233307719 -0.997782826 0.048830323 0.045217499 89.038963318
0.049755350 0.006198779 0.998742640 16.981412888 0.047801666 0.998819888 -0.008580647 -1.250433803 -0.997616589 0.048168495 0.049400378 89.083862305
0.053863689 0.007199190 0.998522699 17.793735504 0.044968590 0.998941898 -0.009627976 -1.260721684 -0.997534871 0.045420751 0.053483021 89.131706238
0.057102166 0.011295533 0.998304725 18.613388062 0.043149084 0.998973548 -0.013771196 -1.278321505 -0.997435093 0.043862298 0.056556225 89.182937622
0.058541704 0.016575519 0.998147786 19.437206268 0.037308831 0.999127150 -0.018779967 -1.296473980 -0.997587264 0.038339134 0.057872254 89.240882874
0.058527865 0.019463453 0.998096287 20.268302917 0.034527168 0.999172151 -0.021509090 -1.322643518 -0.997688234 0.035720311 0.057807449 89.291839600
0.058476742 0.018834200 0.998111367 21.103868484 0.031549189 0.999287665 -0.020704783 -1.352829814 -0.997789741 0.032700360 0.057840940 89.350296021
0.058716711 0.017135635 0.998127937 21.935920715 0.029076245 0.999398947 -0.018867927 -1.377541661 -0.997850716 0.030129679 0.058183257 89.400962830
0.058630928 0.016030909 0.998151302 22.765083313 0.030149680 0.999386370 -0.017821725 -1.400731325 -0.997823894 0.031138850 0.058111686 89.449325562
0.059020892 0.015238849 0.998140693 23.589862823 0.027780747 0.999471068 -0.016901864 -1.428438067 -0.997869730 0.028726662 0.058566388 89.504699707
0.059306126 0.015531945 0.998119295 24.413215637 0.026307037 0.999507189 -0.017116655 -1.454178214 -0.997892737 0.027272686 0.058868375 89.556037903
0.059458703 0.016121298 0.998100936 25.238452911 0.023760285 0.999563277 -0.017560368 -1.478923082 -0.997947633 0.024759283 0.059049759 89.610740662
0.058112226 0.017568020 0.998155653 26.063657761 0.020958606 0.999603212 -0.018813705 -1.502075911 -0.998089671 0.022013266 0.057721037 89.668510437
0.055493895 0.017278582 0.998309731 26.883712769 0.018150331 0.999667406 -0.018311024 -1.525302291 -0.998293698 0.019135809 0.055161893 89.716621399
0.051623050 0.016047046 0.998537898 27.703563690 0.015891617 0.999731004 -0.016887793 -1.549842834 -0.998539805 0.016740195 0.051354215 89.764068604
0.046801329 0.013642617 0.998811305 28.521364212 0.013933600 0.999800384 -0.014309022 -1.574735880 -0.998806655 0.014586730 0.046601970 89.804855347
0.040511824 0.011490254 0.999113142 29.331996918 0.011827980 0.999858201 -0.011978421 -1.599380612 -0.999108672 0.012302773 0.040370241 89.841270447
0.033230830 0.011783099 0.999378443 30.143610001 0.011728678 0.999856889 -0.012178741 -1.623137951 -0.999378443 0.012126110 0.033087946 89.865356445
0.024496667 0.012789288 0.999618351 30.950916290 0.011369847 0.999849737 -0.013070885 -1.644703388 -0.999634862 0.011685713 0.024347650 89.885185242
0.014421251 0.013107231 0.999810278 31.759422302 0.011281835 0.999848127 -0.013270463 -1.666673899 -0.999831915 0.011471082 0.014271267 89.898925781
0.004467675 0.012089198 0.999917150 32.565540314 0.012525952 0.999847651 -0.012144331 -1.688698888 -0.999911129 0.012579182 0.004315650 89.892478943
-0.006161008 0.011047723 0.999920189 33.364509583 0.011735446 0.999870837 -0.010974875 -1.710663557 -0.999911726 0.011666906 -0.006289769 89.883743286
-0.017427413 0.010104254 0.999797404 34.165473938 0.012867148 0.999868214 -0.009880694 -1.733102441 -0.999764979 0.012692356 -0.017555032 89.871994019
-0.028391551 0.010430415 0.999542773 34.957519531 0.012939951 0.999865353 -0.010066240 -1.754115820 -0.999512792 0.012648248 -0.028522598 89.846519470
-0.039338015 0.010931486 0.999166429 35.747291565 0.012957012 0.999861419 -0.010428973 -1.776485443 -0.999141574 0.012535968 -0.039474107 89.812171936
-0.049979243 0.012058116 0.998677790 36.532524109 0.012828884 0.999852180 -0.011430278 -1.796038270 -0.998667479 0.012240655 -0.050126445 89.774314880
-0.060394503 0.013049709 0.998089552 37.312873840 0.012912391 0.999840856 -0.012291284 -1.817384362 -0.998090744 0.012145407 -0.060553286 89.728874207
-0.070033424 0.013954478 0.997447371 38.077167511 0.013638018 0.999821901 -0.013030149 -1.832381010 -0.997451067 0.012690670 -0.070211142 89.679748535
-0.079581231 0.014200591 0.996727526 38.839138031 0.013898948 0.999816954 -0.013134890 -1.858512640 -0.996731162 0.012808186 -0.079763912 89.616195679
-0.089060895 0.014208043 0.995925188 39.602500916 0.013897722 0.999818444 -0.013020790 -1.885963321 -0.995928884 0.012681460 -0.089242071 89.552223206
-0.097438969 0.013323578 0.995152593 40.351745605 0.014693181 0.999820411 -0.011947422 -1.917181492 -0.995132685 0.013457824 -0.097617127 89.474067688
-0.105046466 0.012357013 0.994390786 41.095291138 0.016477359 0.999807000 -0.010683676 -1.928650260 -0.994330466 0.015262662 -0.105229676 89.399566650
-0.109881900 0.011016577 0.993883789 41.804603577 0.019788627 0.999764442 -0.008893977 -1.943161726 -0.993747294 0.018690322 -0.110073879 89.301628113
-0.113660924 0.009511447 0.993474305 42.520225525 0.022842547 0.999714673 -0.006957842 -1.960377336 -0.993256629 0.021902658 -0.113845609 89.214492798
-0.116520427 0.008284638 0.993153930 43.230216980 0.024229899 0.999691129 -0.005496437 -1.978505969 -0.992892385 0.023423582 -0.116685025 89.133171082
-0.118275814 0.007459316 0.992952943 43.920791626 0.024599023 0.999686718 -0.004579793 -1.992961407 -0.992675781 0.023884004 -0.118422091 89.051170349
-0.118992627 0.008118216 0.992862165 44.597042084 0.025607727 0.999658763 -0.005104762 -2.003753424 -0.992564499 0.024817521 -0.119159766 88.968994141
-0.117975526 0.009264111 0.992973626 45.261669159 0.026857026 0.999620199 -0.006135239 -2.017316818 -0.992652893 0.025944520 -0.118179396 88.887878418
-0.115055807 0.010901216 0.993299484 45.906196594 0.027830645 0.999582350 -0.007746502 -2.032333851 -0.992968738 0.026752891 -0.115311004 88.815116882
-0.109894104 0.011508999 0.993876994 46.531208038 0.028095717 0.999569118 -0.008468349 -2.045898199 -0.993545830 0.026993068 -0.110169977 88.749572754
-0.101805456 0.012358945 0.994727910 47.135841370 0.027964249 0.999563098 -0.009557026 -2.060155392 -0.994410872 0.026843868 -0.102106459 88.692687988
-0.090606742 0.012440657 0.995809317 47.718509674 0.027571274 0.999569833 -0.009978989 -2.074628830 -0.995504677 0.026551576 -0.090910651 88.646301270
-0.076802187 0.013089506 0.996960640 48.287502289 0.027699709 0.999555707 -0.010989703 -2.086038828 -0.996661067 0.026771493 -0.077130519 88.610992432
-0.059493955 0.014442054 0.998124540 48.834709167 0.027190192 0.999547601 -0.012841965 -2.103216410 -0.997857809 0.026375184 -0.059859615 88.589401245
-0.038252674 0.016960427 0.999124408 49.370182037 0.025829885 0.999538481 -0.015978537 -2.121160507 -0.998933792 0.025196061 -0.038673006 88.584197998
-0.013607271 0.020009402 0.999707401 49.904678345 0.024164366 0.999514163 -0.019676633 -2.139597178 -0.999614954 0.023889558 -0.014084078 88.593620300
0.015074559 0.021657670 0.999652147 50.417984009 0.022451755 0.999505818 -0.021993078 -2.160925388 -0.999633849 0.022775492 0.014580920 88.613433838
0.048169427 0.021083605 0.998616993 50.953628540 0.020460999 0.999546409 -0.022090195 -2.177366495 -0.998629212 0.021496778 0.047716230 88.660140991
0.086248003 0.018665165 0.996099234 51.476097107 0.019667203 0.999597549 -0.020433633 -2.194389582 -0.996079206 0.021352852 0.085846223 88.726257324
0.128668904 0.014895273 0.991576016 51.981239319 0.017782385 0.999691546 -0.017324671 -2.213721991 -0.991527736 0.019861741 0.128364354 88.810333252
0.174185634 0.010442407 0.984657824 52.486026764 0.015492599 0.999790847 -0.013343539 -2.233478785 -0.984590530 0.017579172 0.173987374 88.920890808
0.222560912 0.007401947 0.974891007 52.992004395 0.011303660 0.999884248 -0.010172267 -2.245113611 -0.974852920 0.013283798 0.222451404 89.063751221
0.274096161 0.005920765 0.961684644 53.477073669 0.008116812 0.999931097 -0.008469677 -2.257391453 -0.961667717 0.010127330 0.274029106 89.232116699
0.329146236 0.005534047 0.944263279 53.941097260 0.007731686 0.999933422 -0.008555396 -2.269709110 -0.944247007 0.010116736 0.329081386 89.421653748
0.387166440 0.006335974 0.921988547 54.380729675 0.010309653 0.999884009 -0.011200576 -2.278608799 -0.921951890 0.013841878 0.387056053 89.635002136
0.447248459 0.009415590 0.894360721 54.782440186 0.012140208 0.999788463 -0.016596546 -2.294387341 -0.894327164 0.018280510 0.447039247 89.868896484
0.506799638 0.013557078 0.861957729 55.162643433 0.013240173 0.999635816 -0.023507265 -2.302831173 -0.861962080 0.023325950 0.506435394 90.133224487
0.565144300 0.017597398 0.824804902 55.519126892 0.010503614 0.999537885 -0.028522303 -2.316578388 -0.824925184 0.024782654 0.564697921 90.427856445
0.621423483 0.020508826 0.783206880 55.864379883 0.007103099 0.999468625 -0.031807654 -2.328696966 -0.783442557 0.025329228 0.620947301 90.751098633
0.674717367 0.022028508 0.737748027 56.187660217 0.005359664 0.999381900 -0.034742422 -2.338697195 -0.738056898 0.027395401 0.674181700 91.094490051
0.723570347 0.019567918 0.689973712 56.464805603 0.005749824 0.999392450 -0.034372959 -2.358051300 -0.690226793 0.028838485 0.723017931 91.442489624
0.768761516 0.016624305 0.639320016 56.726921082 0.003196523 0.999549568 -0.029835120 -2.372874975 -0.639527798 0.024979698 0.768361628 91.822593689
0.810043097 0.011964974 0.586248934 56.966850281 0.002008775 0.999729216 -0.023179468 -2.389410973 -0.586367309 0.019954018 0.809799254 92.225753784
0.846951246 0.009734340 0.531582117 57.184619904 -0.000601181 0.999849200 -0.017351424 -2.402480125 -0.531670749 0.014376249 0.846828818 92.648101807
0.878910422 0.007011309 0.476936102 57.393768311 -0.002241774 0.999941528 -0.010568690 -2.411597729 -0.476982147 0.008219761 0.878874302 93.084350586
0.904863656 0.008038178 0.425626516 57.563133240 -0.006276547 0.999964952 -0.005541205 -2.423665524 -0.425655931 0.002342590 0.904881835 93.512298584
0.925705910 0.011339064 0.378075302 57.728576660 -0.011282735 0.999933481 -0.002364142 -2.432899237 -0.378076851 -0.002077204 0.925771713 93.959159851
0.942274868 0.018498329 0.334330767 57.896244049 -0.020016095 0.999798954 0.001094837 -2.445611238 -0.334243119 -0.007723609 0.942455053 94.411468506
0.954084516 0.022726588 0.298675388 58.017143250 -0.023880512 0.999714673 0.000213989 -2.448050737 -0.298585176 -0.007336663 0.954354584 94.885139465
0.963176310 0.024536816 0.267750591 58.129413605 -0.025591116 0.999672294 0.000448072 -2.450386763 -0.267651737 -0.007283587 0.963488042 95.362335205
0.969342291 0.018959643 0.244983494 58.257820129 -0.019700591 0.999805629 0.000574111 -2.452288866 -0.244924933 -0.005382807 0.969526947 95.851539612
0.973539710 0.016086150 0.227952749 58.387901306 -0.016804747 0.999857843 0.001211722 -2.455698252 -0.227900714 -0.005010325 0.973671317 96.344192505
0.976682723 0.018929414 0.213854209 58.503871918 -0.019575296 0.999807954 0.000902756 -2.458785057 -0.213795945 -0.005067942 0.976864994 96.851493835
0.978662312 0.024525175 0.204009354 58.594230652 -0.025344307 0.999677718 0.001403016 -2.457839727 -0.203909129 -0.006543530 0.978967726 97.361145020
0.979652166 0.032074377 0.198126048 58.680847168 -0.032692000 0.999465406 -0.000153737 -2.458205223 -0.198024988 -0.006326505 0.980176210 97.879219055
0.980018795 0.037882060 0.195267007 58.770610809 -0.037887644 0.999275088 -0.003707821 -2.463579178 -0.195265844 -0.003764451 0.980742872 98.407707214
0.980079532 0.039455652 0.194649607 58.868694305 -0.039042018 0.999219716 -0.005962513 -2.478354216 -0.194732919 -0.001755757 0.980854452 98.942497253
0.979617655 0.038261034 0.197195694 58.977966309 -0.037124164 0.999265790 -0.009459971 -2.488245010 -0.197412774 0.001946447 0.980318248 99.494400024
0.978827298 0.037144620 0.201291472 59.093177795 -0.034698620 0.999274909 -0.015667506 -2.496206999 -0.201727435 0.008351259 0.979405820 100.049835205
0.978012145 0.036938310 0.205252826 59.218132019 -0.033380959 0.999226868 -0.020768408 -2.500690937 -0.205861196 0.013460230 0.978488266 100.615905762
0.976736546 0.042765763 0.210137472 59.322708130 -0.039453037 0.999022484 -0.019933380 -2.515039921 -0.210784450 0.011179110 0.977468371 101.198844910
0.975373983 0.045690499 0.215775490 59.449081421 -0.043209881 0.998934507 -0.016202211 -2.524882793 -0.216285780 0.006479594 0.976308346 101.803840637
0.974265337 0.043408815 0.221186578 59.573715210 -0.041932307 0.999055684 -0.011368857 -2.538250446 -0.221471146 0.001801439 0.975165069 102.402313232
0.973620296 0.038901579 0.224835977 59.728801727 -0.038490932 0.999239564 -0.006211030 -2.547641039 -0.224906564 -0.002606940 0.974376619 103.025863647
0.972824275 0.036583375 0.228638276 59.875617981 -0.037256431 0.999304712 -0.001373355 -2.558769464 -0.228529468 -0.007182188 0.973510265 103.660926819
0.972267389 0.032198638 0.231646776 60.028636932 -0.032936450 0.999457181 -0.000682666 -2.565819025 -0.231542915 -0.006965863 0.972799540 104.298431396
0.972246230 0.029220063 0.232130066 60.182312012 -0.029114421 0.999568462 -0.003881807 -2.574186802 -0.232143268 -0.002984238 0.972676754 104.947929382
0.972407579 0.028353721 0.231560558 60.343856812 -0.026575595 0.999588490 -0.010795257 -2.583543777 -0.231771231 0.004343549 0.972760439 105.596504211
0.972518623 0.030696671 0.230794281 60.496246338 -0.027410863 0.999472201 -0.017430723 -2.593654633 -0.231207415 0.010625449 0.972846270 106.265449524
0.973095894 0.033791974 0.227910474 60.657295227 -0.029709591 0.999330997 -0.021320231 -2.600656033 -0.228478387 0.013975518 0.973448515 106.956871033
0.973675907 0.031939298 0.225689664 60.811401367 -0.028853228 0.999439597 -0.016960127 -2.615128994 -0.226104826 0.010001808 0.974051416 107.650398254
0.974085033 0.027964599 0.224448249 60.972457886 -0.026561895 0.999604166 -0.009267172 -2.631119251 -0.224618435 0.003065263 0.974441767 108.363609314
0.974655032 0.028034071 0.221951231 61.134490967 -0.027978949 0.999602675 -0.003393189 -2.647923946 -0.221958086 -0.002902750 0.975051701 109.083869934
0.974942327 0.031364657 0.220237285 61.289970398 -0.031226302 0.999503791 -0.004110417 -2.659496546 -0.220256820 -0.002869753 0.975437522 109.818031311
0.975230575 0.036902275 0.218092382 61.443222046 -0.035852913 0.999318540 -0.008768270 -2.668673992 -0.218267217 0.000731859 0.975888550 110.560554504
0.976064086 0.037795931 0.214175403 61.602806091 -0.035605837 0.999266744 -0.014075640 -2.679240227 -0.214550227 0.006112850 0.976693630 111.311370850
0.976980746 0.036576442 0.210169718 61.767475128 -0.033747159 0.999285221 -0.017033774 -2.691309929 -0.210642412 0.009549059 0.977516353 112.069236755
0.977899015 0.033906635 0.206311151 61.925613403 -0.031409208 0.999388278 -0.015369358 -2.711599827 -0.206706002 0.008549627 0.978365481 112.828750610
0.978755534 0.029639954 0.202878177 62.093368530 -0.027507756 0.999532700 -0.013321992 -2.730122566 -0.203178138 0.007458268 0.979113102 113.619232178
0.979152739 0.028497797 0.201118156 62.256698608 -0.026940431 0.999581933 -0.010476952 -2.748774529 -0.201332569 0.004840342 0.979510784 114.421134949
0.979530871 0.024932224 0.199745223 62.427009583 -0.023752077 0.999683321 -0.008302802 -2.761788845 -0.199888885 0.003388504 0.979812443 115.230300903
0.979757488 0.019170888 0.199269012 62.602691650 -0.018113326 0.999810398 -0.007129039 -2.775530338 -0.199367836 0.003375323 0.979918718 116.061729431
0.979828477 0.020380581 0.198799372 62.766960144 -0.019719983 0.999791384 -0.005302516 -2.794281244 -0.198865891 0.001275255 0.980025589 116.894271851
0.979617596 0.025771378 0.199212387 62.924652100 -0.024830179 0.999665499 -0.007221876 -2.808188915 -0.199331775 0.002128215 0.979929447 117.720840454
0.979358852 0.031329490 0.199687794 63.082260132 -0.029834788 0.999499619 -0.010490698 -2.822574139 -0.199916482 0.004316531 0.979803145 118.547309875
0.978867352 0.040204342 0.200506240 63.239181519 -0.038570043 0.999183118 -0.012052253 -2.837013245 -0.200826898 0.004064041 0.979617953 119.382408142
0.978007495 0.046168048 0.203396648 63.400581360 -0.044768177 0.998931348 -0.011480573 -2.853984833 -0.203709215 0.002122407 0.979028821 120.224700928
0.977201045 0.048952144 0.206596717 63.563793182 -0.048063342 0.998800635 -0.009321992 -2.873288155 -0.206805125 -0.000820248 0.978381515 121.075622559
0.976647854 0.049404923 0.209089547 63.740581512 -0.048353147 0.998778701 -0.010141997 -2.891235828 -0.209335104 -0.000204959 0.977843642 121.920150757
0.976319253 0.047852691 0.210976779 63.920227051 -0.046160035 0.998850048 -0.012943287 -2.907615185 -0.211353421 0.002898103 0.977405071 122.761405945
0.976411402 0.040979929 0.211994708 64.114822388 -0.039407689 0.999155343 -0.011637985 -2.923138142 -0.212292448 0.003009257 0.977201223 123.604576111
0.976618648 0.034412894 0.212207809 64.308982849 -0.032356299 0.999389768 -0.013157524 -2.945271492 -0.212530926 0.005983641 0.977135777 124.445449829
0.976346672 0.034228299 0.213485301 64.493095398 -0.032150719 0.999395728 -0.013197051 -2.966757774 -0.213807911 0.006021209 0.976856947 125.289314270
0.975901961 0.036728498 0.215096846 64.674598694 -0.035323974 0.999321997 -0.010371401 -2.984565496 -0.215331823 0.002523416 0.976537406 126.138511658
0.975522935 0.039324090 0.216354176 64.853103638 -0.039236050 0.999218702 -0.004703890 -2.998847246 -0.216370016 -0.003900112 0.976303399 126.991027832
0.975235343 0.042526755 0.217043400 65.041358948 -0.043463200 0.999054670 -0.000459395 -3.014804363 -0.216857672 -0.008985360 0.976161599 127.842803955
0.974947095 0.041954707 0.218445286 65.213867188 -0.041457769 0.999116600 -0.006859912 -3.036922932 -0.218539953 -0.002368181 0.975824893 128.672180176
0.975169063 0.037754383 0.218220696 65.401008606 -0.034008294 0.999202847 -0.020898342 -3.060987473 -0.218835652 0.012958115 0.975675464 129.482009888
