1.000000000 0.000000000 0.000000000 0.000000000 0.000000000 1.000000000 0.000000000 0.000000000 0.000000000 0.000000000 1.000000000 0.000000000
0.999997437 -0.000542023 0.002205709 -0.021287523 0.000552466 0.999988616 -0.004736800 0.029798660 -0.002203116 0.004738006 0.999986351 0.052521884
0.999960780 -0.005398893 0.007020894 -0.051896792 0.005483754 0.999911487 -0.012124441 0.062987022 -0.006954813 0.012162467 0.999901831 0.124327503
0.999877810 -0.007519890 0.013705238 -0.087089181 0.007774127 0.999796927 -0.018592451 0.089341350 -0.013562641 0.018696725 0.999733210 0.217131093
0.999633908 -0.005486487 0.026493547 -0.189865738 0.006121651 0.999694347 -0.023952970 0.106793866 -0.026354032 0.024106385 0.999361992 0.327034175
0.999081016 -0.002522484 0.042787246 -0.333762228 0.003789361 0.999556005 -0.029553536 0.132566661 -0.042693697 0.029688509 0.998647153 0.443387687
0.998067677 -0.004112768 0.061999939 -0.461373925 0.006117566 0.999463260 -0.032180402 0.128654212 -0.061834320 0.032497503 0.997557342 0.596080661
0.996388376 -0.007761385 0.084557205 -0.573789358 0.010919608 0.999257326 -0.036951926 0.116409682 -0.084207632 0.037741799 0.995733321 0.824788809
0.993240774 -0.013099246 0.115330711 -0.671148062 0.017662941 0.999097168 -0.038637877 0.088272199 -0.114720449 0.040413789 0.992575526 1.193623781
0.987155139 -0.012798160 0.159251243 -0.851852655 0.019475903 0.998992026 -0.040442239 0.064500272 -0.158573121 0.043024328 0.986409485 1.633376479
0.975549579 -0.013329367 0.219374523 -1.037245989 0.022736706 0.998924315 -0.040413801 0.043480173 -0.218599871 0.044413526 0.974803507 2.235922337
0.964079738 -0.012998878 0.265294671 -0.777102470 0.024274873 0.998933792 -0.039269160 -0.012976728 -0.264501333 0.044298582 0.963367522 3.186569691
0.950382173 -0.013167686 0.310805500 -0.475092411 0.026247850 0.998935282 -0.037939575 -0.066150948 -0.309975028 0.044215076 0.949716151 4.117573261
0.934580147 -0.013919275 0.355480254 -0.130654693 0.029199168 0.998864114 -0.037654702 -0.120221101 -0.354552358 0.045571059 0.933925211 5.036642551
0.916954100 -0.016074542 0.398668557 0.272610664 0.033614717 0.998748124 -0.037045177 -0.171752185 -0.397574008 0.047369856 0.916346729 5.940999985
0.897683322 -0.015298283 0.440375358 0.712304831 0.035316031 0.998679936 -0.037296649 -0.220178097 -0.439223528 0.049032897 0.897038937 6.819958210
0.876180351 -0.019182133 0.481601238 1.186585426 0.041383021 0.998511851 -0.035517797 -0.270029902 -0.480203301 0.051050119 0.875670731 7.667221546
0.852967680 -0.018368993 0.521640241 1.695623398 0.042632300 0.998493195 -0.034549989 -0.319425941 -0.520219684 0.051708747 0.852465868 8.488265038
0.827362776 -0.017548315 0.561393619 2.233656883 0.044790000 0.998390079 -0.034801826 -0.368635595 -0.559879124 0.053938564 0.826817036 9.284888268
0.800117910 -0.019789482 0.599516153 2.816169024 0.050588347 0.998121083 -0.034568451 -0.412166864 -0.597705722 0.057987370 0.799615979 10.050388336
0.771582782 -0.018635066 0.635855734 3.430986643 0.051934805 0.998079360 -0.033769820 -0.461651742 -0.634005308 0.059079271 0.771068871 10.783016205
0.741318285 -0.018349163 0.670902610 4.075553894 0.055909455 0.997840166 -0.034486644 -0.507110357 -0.668820798 0.063075379 0.740743339 11.487390518
0.709420204 -0.018261110 0.704549015 4.751301289 0.061572183 0.997447968 -0.036145188 -0.553250134 -0.702091038 0.069022760 0.708734393 12.164395332
0.676850855 -0.018072676 0.735898197 5.468067169 0.064414069 0.997317970 -0.034752801 -0.601601541 -0.733296514 0.070924662 0.676199973 12.825426102
0.644063652 -0.020433890 0.764698744 6.193201065 0.070083715 0.997015357 -0.032385945 -0.636804938 -0.761754632 0.074451566 0.643573701 13.425035477
0.611869156 -0.022089288 0.790650487 6.938816547 0.075407967 0.996685863 -0.030511269 -0.677600861 -0.787356138 0.078290246 0.611507535 14.004899979
0.580889046 -0.020187896 0.813732266 7.733506203 0.077536739 0.996518970 -0.030627564 -0.717747927 -0.810281396 0.080885366 0.580432653 14.571210861
0.551421344 -0.020902652 0.833964944 8.558325768 0.078623861 0.996538281 -0.027009035 -0.754949093 -0.830513597 0.080462888 0.551156402 15.113941193
0.521451652 -0.022775522 0.852976739 9.403324127 0.081601262 0.996393204 -0.023280537 -0.787507296 -0.849369943 0.081743650 0.521429777 15.625428200
0.491876841 -0.022895977 0.870363533 10.260034561 0.082347289 0.996396363 -0.020326298 -0.825199604 -0.866761863 0.081670098 0.491990179 16.110010147
0.462771893 -0.019458711 0.886263788 11.151491165 0.079962149 0.996599793 -0.019871850 -0.856669962 -0.882863641 0.080063686 0.462754786 16.580612183
0.434076130 -0.017844768 0.900699317 12.062938690 0.080263093 0.996593833 -0.018936759 -0.882845163 -0.897293508 0.080512911 0.434030354 17.025253296
0.405762672 -0.018018734 0.913800716 12.995114326 0.082619496 0.996435404 -0.017038086 -0.907989979 -0.910236597 0.082411177 0.405805439 17.435775757
0.376904190 -0.018499050 0.926067472 13.940666199 0.084665313 0.996303082 -0.014556251 -0.931724310 -0.922374666 0.083892107 0.377077520 17.822708130
0.348031521 -0.018643251 0.937297463 14.912776947 0.083669990 0.996430039 -0.011248413 -0.950530410 -0.933741689 0.082338460 0.348349363 18.198730469
0.319638163 -0.018958448 0.947350025 15.859658241 0.084094226 0.996422112 -0.008433118 -0.973376989 -0.943800628 0.082362212 0.320089251 18.549268723
0.293511271 -0.019299809 0.955760837 16.880355835 0.087261744 0.996163011 -0.006682171 -0.986441135 -0.951964498 0.085362658 0.294069558 18.862520218
0.269030392 -0.019598125 0.962932229 17.925367355 0.091617249 0.995780051 -0.005329991 -0.998218954 -0.958764255 0.089655146 0.269691080 19.152658463
0.247027069 -0.020288499 0.968796194 18.978380203 0.095870562 0.995387256 -0.003600057 -1.012213707 -0.964254379 0.093768358 0.247833133 19.414701462
0.226796210 -0.021573685 0.973703265 20.055648804 0.101814486 0.994801998 -0.001673614 -1.020331025 -0.968605876 0.099516675 0.227814257 19.666967392
0.209317505 -0.023069730 0.977575600 21.158773422 0.106304027 0.994333327 0.000703461 -1.025348067 -0.972052336 0.103772998 0.210584268 19.898807526
0.193798691 -0.023684634 0.980755448 22.284166336 0.109508008 0.993983090 0.002365115 -1.030431032 -0.974910378 0.106942251 0.195226699 20.118944168
0.179511935 -0.024810737 0.983442903 23.414339066 0.111967005 0.993701100 0.004631712 -1.036133289 -0.977363288 0.109281741 0.181159645 20.324817657
0.166215464 -0.025811953 0.985751629 24.552492142 0.112173162 0.993663073 0.007104693 -1.036776543 -0.979688644 0.109393977 0.168058053 20.518051147
0.154285744 -0.025710929 0.987691760 25.678544998 0.111985706 0.993674397 0.008373544 -1.040459394 -0.981659532 0.109315455 0.156189516 20.695461273
0.143131897 -0.022926167 0.989438176 26.823734283 0.112132907 0.993669689 0.006803088 -1.040091872 -0.983330965 0.109974854 0.144797087 20.864828110
0.132861599 -0.019462131 0.990943611 28.009496689 0.112638101 0.993626118 0.004412757 -1.036764741 -0.984713554 0.111031733 0.134207383 21.026456833
0.123486288 -0.017043827 0.992199957 29.220653534 0.113891266 0.993488848 0.002891383 -1.033450484 -0.985789120 0.112645894 0.124623843 21.177097321
0.116098352 -0.015889492 0.993110716 30.458553314 0.113736421 0.993507445 0.002599615 -1.031707525 -0.986704409 0.112651080 0.117152236 21.321207047
0.110536754 -0.014752078 0.993762612 31.693513870 0.113479428 0.993537843 0.002126353 -1.024951935 -0.987372458 0.112536594 0.111496970 21.456850052
0.105406925 -0.013526393 0.994337320 32.955947876 0.114527479 0.993418932 0.001373151 -1.029122233 -0.987812340 0.113734245 0.106262825 21.591148376
0.100856349 -0.011597394 0.994833529 34.264015198 0.113560326 0.993530869 0.000069437 -1.029881716 -0.988398969 0.112966642 0.101521350 21.726135254
0.096805163 -0.010664058 0.995246351 35.586944580 0.114051655 0.993474424 -0.000448462 -1.030120969 -0.988747478 0.113552913 0.097390167 21.855157852
0.093999073 -0.011608551 0.995504677 36.934406281 0.113858193 0.993496418 0.000834230 -1.030717611 -0.989040434 0.113267973 0.094709910 21.980218887
0.091178596 -0.013667172 0.995740891 38.312866211 0.114312939 0.993439496 0.003168100 -1.034863710 -0.989252090 0.113537222 0.092143193 22.115970612
0.088946693 -0.014918058 0.995924830 39.711837769 0.114118718 0.993455708 0.004689047 -1.032469630 -0.989477515 0.113236606 0.090067506 22.241376877
0.086640097 -0.014423709 0.996135414 41.134044647 0.116891377 0.993135512 0.004213490 -1.026214719 -0.989358544 0.116074599 0.087731831 22.366472244
0.085498504 -0.014547865 0.996232271 42.573265076 0.116660081 0.993161380 0.004491027 -1.021626472 -0.989485145 0.115836576 0.086611442 22.493824005
0.084841706 -0.013589990 0.996302009 44.027103424 0.118663743 0.992928147 0.003438958 -1.018051147 -0.989303350 0.117933162 0.085854843 22.616323471
0.084793344 -0.013173875 0.996311605 45.495952606 0.118427850 0.992957592 0.003050449 -1.015170217 -0.989335835 0.117732383 0.085756816 22.742910385
0.084984608 -0.011587401 0.996315181 46.994880676 0.118520267 0.992950380 0.001438608 -1.015176296 -0.989308298 0.117961287 0.085759304 22.879482269
0.086019218 -0.011740186 0.996224463 48.521522522 0.119076841 0.992883682 0.001419091 -1.015741229 -0.989152074 0.118505202 0.086805537 23.012447357
0.087274969 -0.012595680 0.996104777 50.067787170 0.118297786 0.992975473 0.002191291 -1.017737985 -0.989135504 0.117645770 0.088152409 23.149955750
0.088557705 -0.011914263 0.995999992 51.611686707 0.119470797 0.992836654 0.001253863 -1.017863750 -0.988880455 0.118881889 0.089347214 23.284988403
0.089701392 -0.011186597 0.995906115 53.179450989 0.119324110 0.992855012 0.000404776 -1.019382000 -0.988795161 0.118799321 0.090395764 23.425510406
0.090485834 -0.010731407 0.995840073 54.779071808 0.120382607 0.992727280 -0.000240570 -1.020914793 -0.988595307 0.119903609 0.091120079 23.572092056
0.091506369 -0.010783217 0.995746255 56.413749695 0.120138772 0.992756784 -0.000289589 -1.024799347 -0.988531172 0.119654246 0.092139497 23.721359253
0.092363156 -0.012718814 0.995644331 58.057994843 0.122024477 0.992525876 0.001359099 -1.028845668 -0.988220394 0.121367462 0.093225278 23.871873856
0.093117550 -0.015130550 0.995540321 59.705944061 0.123718284 0.992310941 0.003509509 -1.034241080 -0.987938941 0.122839771 0.094273925 24.019657135
0.093520582 -0.014251937 0.995515466 61.387336731 0.125128970 0.992137253 0.002448720 -1.038312793 -0.987723112 0.124338828 0.094569013 24.183441162
0.093916729 -0.012780827 0.995498180 63.065963745 0.127358198 0.991856396 0.000718902 -1.046029329 -0.987400413 0.126717374 0.094780087 24.348567963
0.094455771 -0.012965416 0.995444775 64.773185730 0.126628593 0.991949618 0.000904344 -1.054034114 -0.987442911 0.125966385 0.095337600 24.513225555
0.094433494 -0.013241971 0.995443344 66.493385315 0.127209082 0.991875052 0.001126709 -1.063194990 -0.987370431 0.126523033 0.095351174 24.679691315
0.094738059 -0.014371192 0.995398700 68.221298218 0.127362266 0.991853654 0.002198170 -1.071799755 -0.987321556 0.126568004 0.095797077 24.843883514
0.094320796 -0.014346570 0.995438695 69.991394043 0.129267856 0.991607368 0.002042826 -1.076478362 -0.987113774 0.128485560 0.095384181 25.019256592
0.094463162 -0.015118737 0.995413721 71.698226929 0.129765198 0.991540730 0.002745388 -1.084447503 -0.987034798 0.128910795 0.095626406 25.182460785
0.094118766 -0.014152715 0.995460570 73.481826782 0.130226552 0.991482437 0.001783489 -1.090303540 -0.987007022 0.129467607 0.095160618 25.355306625
0.093254231 -0.013458991 0.995551527 75.292304993 0.129741296 0.991546810 0.001251854 -1.100760579 -0.987152934 0.129047439 0.094212577 25.529010773
0.091706850 -0.012789042 0.995704114 77.099029541 0.129027277 0.991640389 0.000853098 -1.115003705 -0.987391472 0.128394797 0.092590809 25.704366684
0.090526856 -0.012132619 0.995820343 78.917037964 0.128854737 0.991663158 0.000368182 -1.124996662 -0.987522900 0.128282890 0.091335952 25.865423203
0.088916369 -0.013885833 0.995942473 80.756179810 0.129583150 0.991565645 0.002255796 -1.172023773 -0.987573981 0.128856868 0.089966245 26.029359818
0.087836631 -0.014079750 0.996035635 82.601387024 0.129379794 0.991591394 0.002607401 -1.176948071 -0.987697244 0.128637925 0.088920146 26.200866699
0.087272696 -0.014541080 0.996078551 84.468742371 0.126916111 0.991907477 0.003360267 -1.180857539 -0.988066852 0.126125216 0.088412374 26.378467560
0.085153505 -0.013546977 0.996275961 86.348655701 0.126703963 0.991936743 0.002658349 -1.185561657 -0.988278866 0.126005813 0.086183786 26.556503296
0.081933998 -0.012267875 0.996562481 88.252098083 0.125164777 0.992133796 0.001922723 -1.186320782 -0.988747120 0.124577038 0.082825452 26.739599228
0.077480517 -0.011254130 0.996930659 90.148460388 0.125030398 0.992151439 0.001482923 -1.187874675 -0.989122927 0.124531798 0.078279994 26.910930634
0.072520398 -0.011662995 0.997299016 92.082923889 0.122964293 0.992407143 0.002664207 -1.194380641 -0.989757895 0.122439027 0.073404357 27.071573257
0.067436427 -0.012122809 0.997650206 94.017364502 0.121487245 0.992585123 0.003849289 -1.202268600 -0.990299582 0.120942250 0.068409614 27.216135025
0.062836841 -0.011022834 0.997963250 95.967826843 0.120155819 0.992748916 0.003399610 -1.206496835 -0.990764439 0.119697534 0.063706115 27.344905853
0.057534650 -0.009014765 0.998302996 97.935050964 0.120016962 0.992769301 0.002047916 -1.210448503 -0.991103351 0.119695537 0.058201015 27.483869553
0.052757401 -0.007219251 0.998581588 99.876106262 0.120195866 0.992749572 0.000826851 -1.220979929 -0.991347373 0.119981810 0.053243067 27.593652725
0.047745138 -0.006560759 0.998838305 101.866523743 0.119004808 0.992893040 0.000833192 -1.231764436 -0.991745055 0.118826836 0.048187029 27.701721191
0.042158701 -0.006409532 0.999090672 103.862091064 0.117043905 0.993125439 0.001432345 -1.244076252 -0.992231548 0.116877116 0.042619530 27.806585312
0.036506269 -0.006555024 0.999312222 105.867744446 0.115401492 0.993315995 0.002299906 -1.253321767 -0.992647946 0.115238219 0.037019171 27.893020630
0.030606540 -0.007095460 0.999506652 107.877204895 0.115086287 0.993348956 0.003527608 -1.269856930 -0.992883921 0.114921585 0.031220013 27.972343445
0.025040340 -0.007812531 0.999656260 109.925415039 0.116709068 0.993154168 0.004838265 -1.292248487 -0.992850423 0.116547845 0.025781156 28.024681091
0.019241249 -0.006237752 0.999795735 111.963775635 0.117404506 0.993076205 0.003936348 -1.298034668 -0.992897809 0.117304824 0.019840816 28.076488495
0.013500289 -0.005104425 0.999896169 114.004150391 0.117256731 0.993095279 0.003486535 -1.305942655 -0.993009865 0.117197528 0.014006051 28.111022949
0.007652393 -0.004915510 0.999958992 116.037841797 0.117936604 0.993012905 0.003978823 -1.311079741 -0.992991626 0.117901355 0.008179093 28.136589050
0.001866408 -0.004770844 0.999987304 118.097137451 0.117188625 0.993099213 0.004519249 -1.313587904 -0.993107915 0.117178731 0.002413066 28.157463074
-0.000701958 -0.000849829 0.999999762 120.163520813 0.122131132 0.992513359 0.000929189 -1.280142546 -0.992513716 0.122131780 -0.000592462 28.137039185
-0.005514337 0.000594088 0.999984980 122.253181458 0.121523209 0.992588460 0.000080427 -1.285088301 -0.992573261 0.121521845 -0.005545211 28.129831314
-0.012232807 0.001588064 0.999924362 124.331573486 0.122169353 0.992509067 -0.000081709 -1.287134767 -0.992433786 0.122159138 -0.012334732 28.153543472
-0.019445635 0.000584463 0.999811172 126.479042053 0.122940220 0.992412269 0.001810955 -1.377043366 -0.992223561 0.122952245 -0.019369487 28.149045944
-0.029504795 -0.004705106 0.999553919 128.670211792 0.123017080 0.992369592 0.008302493 -1.528391004 -0.991965830 0.123207204 -0.028700396 28.180023193
-0.038702596 -0.009904239 0.999202192 130.850845337 0.122803874 0.992323637 0.014592672 -1.652388811 -0.991676033 0.123270698 -0.037188753 28.173870087
-0.042342700 -0.009471848 0.999058604 132.989212036 0.121778823 0.992450178 0.014570488 -1.626549006 -0.991653740 0.122281171 -0.040869083 28.104812622
-0.046465866 -0.007552731 0.998891711 135.148056030 0.119780302 0.992714167 0.013077883 -1.588752866 -0.991712391 0.120255277 -0.045222200 28.033651352
-0.050147470 -0.002291638 0.998739600 137.284408569 0.117488481 0.993040502 0.008177739 -1.498717308 -0.991807282 0.117750533 -0.049528759 27.967977524
-0.060619764 0.007605217 0.998132348 139.178527832 0.116037279 0.993244648 -0.000520671 -1.381699800 -0.991393328 0.115789041 -0.061092272 27.995334625
-0.068612404 0.019116571 0.997460604 140.871978760 0.112786993 0.993554950 -0.011283446 -1.304359078 -0.991247416 0.111726433 -0.070325799 27.902559280
-0.073352762 0.020064453 0.997104585 143.053726196 0.112596922 0.993571579 -0.011710092 -1.344447255 -0.990929544 0.111411996 -0.075139925 27.753566742
-0.077369690 0.019852482 0.996805251 145.081344604 0.110735781 0.993786633 -0.011197324 -1.391224027 -0.990833759 0.109515712 -0.079086855 27.634826660
-0.081702240 0.019014623 0.996475756 147.206115723 0.109461315 0.993940651 -0.009991397 -1.440899134 -0.990627587 0.108259261 -0.083288066 27.471485138
-0.089926764 0.021016544 0.995727003 149.412963867 0.105471611 0.994356036 -0.011462193 -1.483996153 -0.990347743 0.103990234 -0.091635406 27.423492432
-0.099800378 0.024169927 0.994714260 151.450332642 0.100360699 0.994851053 -0.014103998 -1.581684589 -0.989933074 0.098422691 -0.101711735 27.377740860
-0.103598982 0.025434369 0.994294286 153.658020020 0.100885540 0.994785845 -0.014935332 -1.629242182 -0.989489317 0.098762698 -0.105624266 27.151638031
-0.107307829 0.027562635 0.993844092 155.866882324 0.101708300 0.994675636 -0.016604003 -1.676241875 -0.989009798 0.099300511 -0.109539337 26.919294357
-0.110854603 0.028499616 0.993428290 158.107482910 0.102736853 0.994562089 -0.017067956 -1.730373859 -0.988512158 0.100169711 -0.113179229 26.669719696
-0.114778019 0.029467870 0.992954373 160.341918945 0.102751963 0.994550526 -0.017637895 -1.787631750 -0.988062799 0.100003637 -0.117179930 26.432634354
-0.118788324 0.029248128 0.992489100 162.581253052 0.103127040 0.994523406 -0.016965093 -1.852988243 -0.987549484 0.100337267 -0.121153548 26.184720993
-0.123128824 0.029416740 0.991954923 164.840759277 0.102830365 0.994558096 -0.016729880 -1.907873631 -0.987048566 0.099943228 -0.125483215 25.911836624
-0.126924157 0.029805329 0.991464853 167.096038818 0.105085656 0.994327247 -0.016438657 -1.962079048 -0.986330032 0.102102339 -0.129335761 25.621360779
-0.130204856 0.029672319 0.991043389 169.353286743 0.107028775 0.994131804 -0.015703192 -2.014080524 -0.985693336 0.104025587 -0.132616088 25.323207855
-0.132811740 0.028941339 0.990719020 171.600418091 0.107814074 0.994063973 -0.014585951 -2.068294764 -0.985259831 0.104876325 -0.135143191 25.017501831
-0.135385290 0.028509142 0.990383029 173.839920044 0.107621707 0.994094670 -0.013904109 -2.121216536 -0.984930575 0.104704380 -0.137653470 24.700477600
-0.138674021 0.029350959 0.989903331 176.146972656 0.106714293 0.994183540 -0.014528441 -2.172009706 -0.984571695 0.103622191 -0.140999079 24.384138107
-0.142469078 0.031451471 0.989299715 178.482910156 0.105854295 0.994246960 -0.016364677 -2.226700783 -0.984122574 0.102390230 -0.144978210 24.063970566
-0.145543680 0.033161137 0.988796175 180.744583130 0.105229504 0.994287610 -0.017856278 -2.286327839 -0.983739555 0.101451740 -0.148201317 23.733949661
-0.148321807 0.034008685 0.988354504 183.045303345 0.104357965 0.994366646 -0.018554622 -2.352946281 -0.983417392 0.100390688 -0.151034832 23.369260788
-0.151385859 0.035509847 0.987837017 185.302947998 0.102989189 0.994481981 -0.019965647 -2.405272722 -0.983094752 0.098714098 -0.154207125 23.030908585
-0.155408531 0.036019035 0.987193704 187.623138428 0.104242720 0.994353294 -0.019869909 -2.465944290 -0.982334733 0.099819891 -0.158285201 22.672243118
-0.159179702 0.035310075 0.986618221 189.941253662 0.103884503 0.994410992 -0.018828396 -2.527959347 -0.981768608 0.099497326 -0.161957711 22.307149887
-0.163056344 0.034882411 0.986000240 192.257400513 0.103832968 0.994431496 -0.018009692 -2.584879160 -0.981137693 0.099442825 -0.165769860 21.930389404
-0.167090029 0.034311637 0.985344708 194.610610962 0.103528678 0.994479775 -0.017073855 -2.652893782 -0.980490923 0.099158637 -0.169719398 21.530094147
-0.172006592 0.034950551 0.984475911 196.950042725 0.102104768 0.994620204 -0.017471064 -2.700753689 -0.979789913 0.097514614 -0.174649298 21.153045654
-0.175973982 0.035769168 0.983744979 199.298782349 0.101491056 0.994673371 -0.018011648 -2.762865782 -0.979148924 0.096671827 -0.178666338 20.738994598
-0.179445326 0.036272384 0.983099341 201.635528564 0.101286858 0.994690478 -0.018212156 -2.831373453 -0.978539944 0.096307032 -0.182165936 20.323066711
-0.181756392 0.036529321 0.982665122 203.927749634 0.101506270 0.994668365 -0.018200664 -2.896481752 -0.978090584 0.096438654 -0.184494749 19.892314911
-0.184224397 0.036281712 0.982214630 206.200119019 0.102811962 0.994547665 -0.017453853 -2.951462984 -0.977492213 0.097768053 -0.186949581 19.454025269
-0.186454326 0.035863869 0.981809139 208.485061646 0.103886291 0.994450688 -0.016596729 -2.999571800 -0.976955593 0.098902076 -0.189144835 19.009872437
-0.189268947 0.036494050 0.981247127 210.851242065 0.105182052 0.994312882 -0.016691839 -3.059994698 -0.976275563 0.100050434 -0.192030489 18.552883148
-0.192026272 0.037411176 0.980676711 213.203018188 0.105199412 0.994300067 -0.017331807 -3.121746540 -0.975735128 0.099838540 -0.194866791 18.093101501
-0.194947898 0.037770696 0.980086446 215.573913574 0.104694195 0.994350493 -0.017495826 -3.185556412 -0.975209892 0.099198647 -0.197800353 17.624317169
-0.198193058 0.039560493 0.979364634 217.907928467 0.104094401 0.994383991 -0.019101717 -3.238795280 -0.974619806 0.098160639 -0.201197475 17.165557861
-0.201519459 0.040747363 0.978636920 220.316574097 0.104294293 0.994346857 -0.019925365 -3.313066959 -0.973916113 0.098050997 -0.204629377 16.668441772
-0.204294339 0.041226376 0.978041351 222.697158813 0.102232769 0.994547784 -0.020567684 -3.385029316 -0.973556578 0.095786102 -0.207394600 16.174575806
-0.207427800 0.042155359 0.977341950 225.053237915 0.103198312 0.994439304 -0.020990361 -3.458084583 -0.972791851 0.096506163 -0.210624099 15.674625397
-0.210267156 0.041438997 0.976765692 227.409820557 0.104808576 0.994298875 -0.019620843 -3.531291008 -0.972009838 0.098247893 -0.213410944 15.167579651
-0.212661833 0.040546350 0.976284623 229.643478394 0.105295531 0.994271517 -0.018357106 -3.598207951 -0.971436024 0.098894648 -0.215712368 14.680576324
-0.215897501 0.040314052 0.975583792 232.056060791 0.104601450 0.994352520 -0.017941251 -3.664896965 -0.970797002 0.098174125 -0.218894482 14.145191193
-0.219189003 0.041051712 0.974818766 234.430648804 0.103493609 0.994456112 -0.018608047 -3.730505943 -0.970178008 0.096808948 -0.222221822 13.613716125
-0.222822458 0.040588673 0.974014044 236.790267944 0.101924308 0.994626939 -0.018130727 -3.798134327 -0.969516158 0.095235869 -0.225761577 13.076137543
-0.226322234 0.040281530 0.973219573 239.136016846 0.101350792 0.994695187 -0.017601280 -3.863131046 -0.968765378 0.094653130 -0.229203582 12.531002045
-0.230196163 0.040762514 0.972290516 241.491119385 0.100789279 0.994747877 -0.017841512 -3.927362442 -0.967910826 0.093889505 -0.233094960 11.981048584
-0.234081283 0.040329441 0.971380532 243.845642090 0.100393072 0.994800866 -0.017109279 -4.001578331 -0.967019737 0.093515031 -0.236912444 11.417697906
-0.238378152 0.039998431 0.970348716 246.209930420 0.099634416 0.994886816 -0.016533488 -4.067819595 -0.966048121 0.092739001 -0.241143867 10.844478607
-0.242752746 0.040132385 0.969257951 248.577423096 0.098830372 0.994968414 -0.016444663 -4.132642746 -0.965040803 0.091800235 -0.245497018 10.262241364
-0.246766627 0.041007236 0.968207240 250.922668457 0.098997831 0.994944036 -0.016908104 -4.197236061 -0.964005053 0.091678157 -0.249578014 9.669258118
-0.250750482 0.041317407 0.967169940 253.277481079 0.099446155 0.994902492 -0.016719528 -4.266595364 -0.962930322 0.091989011 -0.253580570 9.066734314
-0.254359394 0.041395959 0.966223598 255.648223877 0.099585854 0.994893670 -0.016408194 -4.330064297 -0.961968780 0.092048734 -0.257182389 8.439643860
-0.258246452 0.042107001 0.965161204 258.012176514 0.098621264 0.994979501 -0.017019965 -4.393256187 -0.961032033 0.090790182 -0.261101961 7.812370300
-0.262285680 0.042307101 0.964062691 260.348876953 0.099111564 0.994936287 -0.016697390 -4.456407070 -0.959887028 0.091170371 -0.265150011 7.183624268
-0.266002655 0.042794306 0.963022113 262.680786133 0.099470757 0.994899750 -0.016735392 -4.515058517 -0.958826482 0.091340989 -0.268902212 6.545989990
-0.269596547 0.043973427 0.961969078 265.012329102 0.101059332 0.994732499 -0.017148733 -4.580091953 -0.957655847 0.092592843 -0.272619814 5.894828796
-0.273136497 0.045572571 0.960895419 267.341369629 0.102804780 0.994539678 -0.017945763 -4.642008781 -0.956466138 0.093883112 -0.276329428 5.238487244
-0.276133239 0.046254914 0.960005879 269.694885254 0.104188733 0.994395733 -0.017943349 -4.705842018 -0.955455363 0.095067166 -0.279404223 4.561294556
-0.279194295 0.048189096 0.959024966 272.041748047 0.106040828 0.994178712 -0.019084577 -4.770132542 -0.954361379 0.096367590 -0.282678336 3.879089355
-0.282011539 0.050576653 0.958077192 274.387573242 0.108239524 0.993911326 -0.020607851 -4.835590839 -0.953285635 0.097890288 -0.285768151 3.187011719
-0.284955472 0.051308312 0.957166791 276.734466553 0.109604992 0.993761063 -0.020639718 -4.896410465 -0.952253640 0.099028975 -0.288800627 2.485061646
-0.288393229 0.052264359 0.956084967 279.117431641 0.109739028 0.993733883 -0.021220783 -4.957185745 -0.951202691 0.098800011 -0.292320937 1.765060425
-0.292119831 0.052486971 0.954940736 281.516357422 0.109085016 0.993805110 -0.021253599 -5.021526337 -0.950140178 0.097961232 -0.296035171 1.036827087
-0.295905739 0.053776510 0.953702569 283.915222168 0.110129729 0.993676841 -0.021860536 -5.086882591 -0.948847294 0.098562457 -0.299956441 0.297882080
-0.299570113 0.054641861 0.952508628 286.309234619 0.109900467 0.993689239 -0.022439830 -5.155981541 -0.947723389 0.097958960 -0.303684145 -0.448776245
-0.302361399 0.054529808 0.951632619 288.653076172 0.107837163 0.993909657 -0.022689329 -5.223328590 -0.947073758 0.095761091 -0.306399643 -1.188461304
-0.303849429 0.055243392 0.951117456 290.884674072 0.109378099 0.993739247 -0.022776423 -5.282205105 -0.946420610 0.097110912 -0.307988942 -1.914329529
-0.306191117 0.055064682 0.950376630 293.314147949 0.111022525 0.993578851 -0.021798715 -5.352093697 -0.945473969 0.098838739 -0.310337871 -2.697364807
-0.308567196 0.055012599 0.949610710 295.762451172 0.112146884 0.993467331 -0.021112202 -5.422382832 -0.944568336 0.099981457 -0.312720358 -3.491279602
-0.311090320 0.054698091 0.948805451 298.230224609 0.112271041 0.993466914 -0.020461852 -5.492149830 -0.943725705 0.100157991 -0.315198392 -4.295028687
-0.313065082 0.054392986 0.948173165 300.732635498 0.112070218 0.993499219 -0.019990146 -5.549747467 -0.943096220 0.100003876 -0.317125201 -5.135520935
-0.316044539 0.055174306 0.947139084 303.203613281 0.114608660 0.993217051 -0.019615527 -5.607496262 -0.941796541 0.102351062 -0.320223629 -5.955741882
-0.318611264 0.055062618 0.946285367 305.670776367 0.114943475 0.993188560 -0.019090736 -5.670726776 -0.940890491 0.102686897 -0.322769582 -6.785179138
-0.320998579 0.056089401 0.945417821 308.141876221 0.114491947 0.993221819 -0.020051954 -5.735208988 -0.940133750 0.101806171 -0.325243950 -7.621826172
-0.323494852 0.059601538 0.944351494 310.643280029 0.115305908 0.993059635 -0.023176780 -5.799560547 -0.939178169 0.101391830 -0.328121454 -8.479057312
-0.328030914 0.059408680 0.942797542 313.237976074 0.114029422 0.993213117 -0.022910874 -5.881439209 -0.937759519 0.099991284 -0.332578331 -9.354530334
-0.332588971 0.057189856 0.941336632 315.587188721 0.110599771 0.993636966 -0.021290699 -5.946787834 -0.936564088 0.097030655 -0.336797237 -10.175788879
-0.338035196 0.055201180 0.939513564 318.075988770 0.108525239 0.993905425 -0.019349802 -6.014753342 -0.934855342 0.095420122 -0.341965199 -11.056907654
-0.343033403 0.054446410 0.937744379 320.595275879 0.108063318 0.993977904 -0.018181069 -6.076361656 -0.933086455 0.095099166 -0.346850663 -11.970001221
-0.348385781 0.054668684 0.935756087 323.149108887 0.109067798 0.993880987 -0.017458087 -6.142022610 -0.930984199 0.095978796 -0.352216005 -12.904151917
-0.353046119 0.055163562 0.933978677 325.606903076 0.110544451 0.993727446 -0.016906455 -6.203146935 -0.929052472 0.097277515 -0.356929004 -13.817901611
-0.356996506 0.056093499 0.932420373 328.082550049 0.111495689 0.993618011 -0.017086642 -6.261211872 -0.927427649 0.097861089 -0.360971808 -14.759208679
-0.360949218 0.056243073 0.930888414 330.576660156 0.112776972 0.993486702 -0.016296251 -6.322288990 -0.925741196 0.099100761 -0.364940643 -15.722747803
-0.365628451 0.054585379 0.929159343 333.098571777 0.112828620 0.993516207 -0.013967587 -6.388453960 -0.923896790 0.099728920 -0.369416118 -16.701560974
-0.370108128 0.053162701 0.927466750 335.501831055 0.111981235 0.993634641 -0.012269042 -6.450328350 -0.922214687 0.099318095 -0.373704940 -17.650268555
-0.374428570 0.053426616 0.925715744 337.858001709 0.111825936 0.993653893 -0.012116826 -6.504621506 -0.920487940 0.098982245 -0.378026396 -18.589935303
-0.379010677 0.053686358 0.923834145 340.039398193 0.114166103 0.993401885 -0.010891533 -6.579634666 -0.918322802 0.101342641 -0.382638603 -19.456184387
-0.382794619 0.054013561 0.922253609 342.255859375 0.116153605 0.993181288 -0.009956366 -6.627968788 -0.916502416 0.103311934 -0.386457771 -20.377792358
-0.387122899 0.053272437 0.920488358 344.445922852 0.116534330 0.993150473 -0.008467738 -6.671484947 -0.914634109 0.103990532 -0.390678793 -21.286453247
-0.390873581 0.052833218 0.918927193 346.542053223 0.115029857 0.993328333 -0.008181938 -6.704425812 -0.913228273 0.102506079 -0.394342601 -22.165924072
-0.394587159 0.053025488 0.917327702 348.561645508 0.118767835 0.992901921 -0.006306214 -6.773843765 -0.911150515 0.106460787 -0.398083478 -23.018966675
-0.398183703 0.053027526 0.915772319 350.537109375 0.122480735 0.992461860 -0.004212818 -6.842256546 -0.909091771 0.110487066 -0.401676506 -23.852722168
-0.401014596 0.053405002 0.914514124 352.593872070 0.121297665 0.992604613 -0.004776230 -6.873448372 -0.908005476 0.109013177 -0.404526323 -24.753524780
-0.404919773 0.054508448 0.912726581 354.770294189 0.119875222 0.992770076 -0.006107545 -6.904355049 -0.906459987 0.106940329 -0.408525974 -25.704734802
-0.408500850 0.055297147 0.911081970 356.949737549 0.117417455 0.993053257 -0.007626002 -6.934764385 -0.905174077 0.103861779 -0.412155420 -26.667518616
-0.411131144 0.053236902 0.910020947 358.614654541 0.115710527 0.993265748 -0.005830877 -6.965778828 -0.904202461 0.102901824 -0.414522022 -27.414299011
-0.413754761 0.051173687 0.908949375 360.277313232 0.113998234 0.993472636 -0.004040200 -6.993494034 -0.903222620 0.101947092 -0.416887373 -28.165435791
-0.415420055 0.051758993 0.908156514 361.856933594 0.113558918 0.993520141 -0.004678675 -7.014207840 -0.902513385 0.101185739 -0.418605387 -28.895362854
-0.418150783 0.051396560 0.906922936 363.469268799 0.112068959 0.993689477 -0.004642641 -7.038978100 -0.901437879 0.099696688 -0.421271533 -29.631401062
-0.421009392 0.048722748 0.905747294 365.086273193 0.111498252 0.993763208 -0.001630777 -7.067087173 -0.900177181 0.100302763 -0.423815697 -30.384948730
-0.424853802 0.047441117 0.904018581 366.673736572 0.110195167 0.993909836 -0.000370990 -7.080008507 -0.898530066 0.099460959 -0.427493602 -31.112869263
-0.429093212 0.047805123 0.901994765 368.175903320 0.108527906 0.994092762 -0.001057824 -7.071811199 -0.896716416 0.097437806 -0.431746125 -31.768989563
-0.431735367 0.048965320 0.900670707 369.617309570 0.109323576 0.994004786 -0.001635355 -7.086494446 -0.895350575 0.097758621 -0.434499562 -32.450897217
-0.434824020 0.048716672 0.899197221 370.975799561 0.108978249 0.994043469 -0.001156750 -7.104693413 -0.893896878 0.097490072 -0.437542379 -33.056152344
-0.438338846 0.047117114 0.897574425 372.305175781 0.106766403 0.994284093 -0.000053413 -7.122622013 -0.892445922 0.095807500 -0.440863311 -33.644264221
-0.442214698 0.045301829 0.895764947 373.521728516 0.102735467 0.994708598 0.000411933 -7.156080723 -0.891005874 0.092209108 -0.444528282 -34.172584534
-0.443127781 0.040013094 0.895565510 374.273468018 0.083914176 0.996468306 -0.003000450 -7.130865574 -0.892522156 0.073821172 -0.444919974 -34.486877441
-0.448420376 0.043478295 0.892765105 374.933410645 0.073765062 0.997209013 -0.011513905 -7.157750130 -0.890773594 0.060691938 -0.450375527 -34.720420837
-0.450587660 0.054027420 0.891096294 375.562957764 0.087133139 0.996062636 -0.016332239 -7.216230869 -0.888469636 0.070285037 -0.453520536 -35.089736938
-0.449034542 0.057468072 0.891664922 376.169586182 0.103029318 0.994603217 -0.012217854 -7.282118320 -0.887554348 0.086381495 -0.452531517 -35.557289124
-0.449288845 0.052426729 0.891847372 376.842010498 0.112228706 0.993680477 -0.001875144 -7.332174301 -0.886309147 0.099248499 -0.452332824 -36.055252075
-0.451902449 0.043085214 0.891026616 377.478271484 0.108552627 0.994066119 0.006987033 -7.325895309 -0.885437787 0.099880867 -0.453897387 -36.455581665
-0.455071807 0.037576247 0.889662027 378.026153564 0.102165557 0.994714499 0.010245455 -7.304378033 -0.884574175 0.095555350 -0.456504941 -36.743446350
-0.456831664 0.036613595 0.888799846 378.455718994 0.098817125 0.995057344 0.009799890 -7.273681164 -0.884047270 0.092305675 -0.458191186 -36.975425720
-0.458377719 0.041152339 0.887804627 378.648406982 0.104080252 0.994539559 0.007637296 -7.253265858 -0.882641912 0.095903821 -0.460157335 -37.117446899
-0.459563404 0.049007241 0.886792302 378.665374756 0.110703222 0.993850470 0.002446183 -7.236046314 -0.881218493 0.099295050 -0.462162018 -37.221176147
-0.461880684 0.054464236 0.885268569 378.675476074 0.116446257 0.993196845 -0.000349547 -7.239336967 -0.879264534 0.102924891 -0.465080082 -37.349372864
-0.464793801 0.055259176 0.883693218 378.678100586 0.117164485 0.993112385 -0.000476704 -7.233247280 -0.877632499 0.103316024 -0.468066365 -37.426872253
-0.466889024 0.054588508 0.882629752 378.712036133 0.117919624 0.993022621 0.000960463 -7.227524281 -0.876418471 0.104527935 -0.470067799 -37.524696350
-0.469271898 0.053250901 0.881447077 378.730224609 0.117389709 0.993082702 0.002501697 -7.220623493 -0.875216246 0.104646929 -0.472276300 -37.600753784
-0.469679832 0.054152228 0.881174803 378.708099365 0.118754663 0.992920935 0.002278517 -7.213112354 -0.874813020 0.105713926 -0.472785205 -37.702957153
-0.470413923 0.054635692 0.880753219 378.702636719 0.119591117 0.992820561 0.002286536 -7.206933975 -0.874304473 0.106406018 -0.473570019 -37.804290771
-0.471397072 0.055294227 0.880186260 378.692993164 0.120821126 0.992671430 0.002346911 -7.205089092 -0.873605549 0.107451566 -0.474622637 -37.894790649
-0.472645611 0.054161243 0.879586995 378.697479248 0.121790893 0.992546260 0.004327452 -7.205714703 -0.872795939 0.109171189 -0.475718379 -37.980361938
-0.473078340 0.052301131 0.879466951 378.712005615 0.124119289 0.992236853 0.007758122 -7.203770638 -0.872233272 0.112829141 -0.475896835 -38.085784912
-0.474274606 0.051507093 0.878869295 378.732727051 0.125741392 0.992015362 0.009717143 -7.183656693 -0.871350944 0.115118980 -0.476963669 -38.175506592
-0.478423804 0.053375226 0.876505733 378.745574951 0.124456905 0.992196560 0.007512104 -7.149779797 -0.869264424 0.112681292 -0.481332719 -38.230041504
-0.480107367 0.055719975 0.875438511 378.753082275 0.120320894 0.992731154 0.002800852 -7.117246628 -0.868918538 0.106678389 -0.483321220 -38.326995850
-0.483262271 0.056734208 0.873635650 378.774780273 0.116744466 0.993161917 0.000082319 -7.100314617 -0.867656469 0.102032058 -0.486580521 -38.401947021
-0.486799419 0.056959726 0.871654928 378.785339355 0.115393929 0.993319750 -0.000465254 -7.091593742 -0.865857959 0.100357346 -0.490119636 -38.467483521
-0.487136304 0.057345316 0.871441483 378.714080811 0.113474101 0.993538976 -0.001947879 -7.079425335 -0.865922272 0.097937301 -0.490495592 -38.578338623
-0.486478090 0.057938516 0.871769905 378.631378174 0.110746115 0.993839622 -0.004251191 -7.072801590 -0.866645217 0.094477147 -0.489897043 -38.683395386
-0.487221837 0.057551779 0.871380091 378.624206543 0.109214455 0.994007587 -0.004584981 -7.084415436 -0.866421700 0.092933543 -0.490587085 -38.791610718
-0.485146016 0.056634225 0.872597516 378.623474121 0.110227205 0.993901134 -0.003223206 -7.086378574 -0.867457628 0.094620399 -0.488429219 -38.955490112
-0.485208333 0.055435870 0.872639894 378.595214844 0.115143009 0.993348420 0.000918100 -7.091907978 -0.866783917 0.100923993 -0.488363385 -39.082397461
-0.484708250 0.054212552 0.872994542 378.508666992 0.123666085 0.992298961 0.007041156 -7.089382172 -0.865889192 0.111372851 -0.487679064 -39.206695557
-0.483112186 0.053306740 0.873934567 378.448181152 0.131531432 0.991236329 0.012248989 -7.086407185 -0.865622163 0.120867580 -0.485889226 -39.368621826
-0.480278552 0.059327643 0.875107706 378.655456543 0.136966497 0.990543246 0.008016660 -6.981565475 -0.866355777 0.123710744 -0.483861953 -39.753128052
-0.476617724 0.068545006 0.876434684 378.943389893 0.142156273 0.989844203 -0.000108080 -6.855204582 -0.867540717 0.124539241 -0.481520772 -40.216506958
-0.476870626 0.074375510 0.875821531 379.290710449 0.142472118 0.989777684 -0.006479056 -6.768452644 -0.867349803 0.121690564 -0.482591629 -40.580200195
-0.482969880 0.073223688 0.872570336 379.780517578 0.140982032 0.989999354 -0.005044150 -6.817250252 -0.864212811 0.120580643 -0.488462418 -40.808502197
-0.483071834 0.066401221 0.873059630 380.341796875 0.134407640 0.990925610 -0.000996707 -6.902479649 -0.865202785 0.116864480 -0.487612396 -40.979461670
-0.480533749 0.067001261 0.874413371 380.971374512 0.136405215 0.990652621 -0.000946616 -6.901057243 -0.866302848 0.118819728 -0.485180706 -41.383514404
-0.478693098 0.069302462 0.875243366 381.476654053 0.135164142 0.990812898 -0.004528660 -6.901520729 -0.867515564 0.116133742 -0.483661890 -41.709823608
-0.476633430 0.066133596 0.876611412 381.940490723 0.129094541 0.991621614 -0.004618661 -6.905124664 -0.869571745 0.110964440 -0.481176764 -42.025100708
-0.475579113 0.061814051 0.877498806 382.398010254 0.121358700 0.992600024 -0.004149310 -6.910542965 -0.871261239 0.104518883 -0.479560852 -42.329818726
-0.477102607 0.058848601 0.876875460 382.729370117 0.112117015 0.993678749 -0.005685338 -6.919110298 -0.871666610 0.095600262 -0.480683982 -42.488433838
-0.476843834 0.058959320 0.877008796 383.094055176 0.110441610 0.993859589 -0.006766117 -6.924550056 -0.872021973 0.093631968 -0.480426729 -42.717880249
-0.475614667 0.058806963 0.877686203 383.484497070 0.111951806 0.993696034 -0.005913706 -6.928055763 -0.872500539 0.095446020 -0.479199290 -42.962524414
-0.474117368 0.057398923 0.878589094 383.889617920 0.113128014 0.993572891 -0.003863148 -6.930725098 -0.873163581 0.097561553 -0.477562875 -43.215103149
-0.473061830 0.054978888 0.879312456 384.264404297 0.111902617 0.993717313 -0.001929544 -6.937900543 -0.873893559 0.097484656 -0.476241350 -43.447189331
-0.472412527 0.054947700 0.879663348 384.555908203 0.109505877 0.993980885 -0.003279718 -6.937989235 -0.874548197 0.094779059 -0.475585371 -43.629096985
-0.471550018 0.056457076 0.880030572 384.896179199 0.108284183 0.994103372 -0.005753007 -6.938204765 -0.875165701 0.092580669 -0.474882156 -43.837928772
-0.469981045 0.058317985 0.880748093 385.258819580 0.108530201 0.994061828 -0.007907586 -6.939145088 -0.875978768 0.091871478 -0.473518699 -44.058418274
-0.467971027 0.058721416 0.881790996 385.640930176 0.109883800 0.993913352 -0.007872165 -6.947152615 -0.876885653 0.093210720 -0.471574455 -44.287742615
