1.000000000 0.000000000 0.000000000 0.000000000 0.000000000 1.000000000 0.000000000 0.000000000 0.000000000 0.000000000 1.000000000 0.000000000
0.999996781 0.002271701 -0.001104915 -0.002966143 -0.002269287 0.999995053 0.002181055 0.003008564 0.001109864 -0.002178541 0.999997020 0.334060282
0.999997199 0.001890379 -0.001405867 -0.012318542 -0.001886862 0.999995112 0.002498905 -0.000834469 0.001410584 -0.002496246 0.999995887 1.283738375
0.999993443 0.002320212 -0.002777020 -0.018792255 -0.002312869 0.999993801 0.002644616 -0.017687168 0.002783139 -0.002638176 0.999992669 2.474189997
0.999982536 0.004096257 -0.004259274 -0.032074478 -0.004086750 0.999989152 0.002238441 -0.029586889 0.004268397 -0.002220995 0.999988437 3.728077888
0.999963760 0.006131506 -0.005930225 -0.048360243 -0.006126328 0.999980748 0.000890993 -0.027392510 0.005935576 -0.000854630 0.999981940 5.031986713
0.999952912 0.006016782 -0.007614116 -0.066419125 -0.006007736 0.999981105 0.001210274 -0.047223516 0.007621255 -0.001164473 0.999970257 6.547163486
0.999948382 0.004082276 -0.009305250 -0.082630277 -0.004078649 0.999991477 0.000408647 -0.066962972 0.009306839 -0.000370673 0.999956548 8.061097145
0.999938488 0.002904364 -0.010713357 -0.102791116 -0.002897823 0.999995589 0.000626020 -0.086201474 0.010715129 -0.000594936 0.999942362 9.565290451
0.999923050 0.003054385 -0.012027727 -0.124310412 -0.003046969 0.999995053 0.000634816 -0.107835583 0.012029607 -0.000598119 0.999927402 11.070627213
0.999907792 0.003315335 -0.013180653 -0.148732483 -0.003307417 0.999994159 0.000622524 -0.125870407 0.013182643 -0.000578872 0.999912858 12.567881584
0.999894500 0.004842642 -0.013699401 -0.179016531 -0.004827782 0.999987543 0.001117544 -0.144973129 0.013704645 -0.001051288 0.999905467 14.070419312
0.999882281 0.006022620 -0.014117222 -0.209580421 -0.005997146 0.999980152 0.001846027 -0.164092928 0.014128063 -0.001761147 0.999898553 15.569460869
0.999865711 0.006843111 -0.014896571 -0.237350449 -0.006803975 0.999973178 0.002676149 -0.182078660 0.014914485 -0.002574434 0.999885380 17.044855118
0.999860585 0.006737404 -0.015283740 -0.268958777 -0.006695806 0.999973595 0.002771201 -0.202189282 0.015302009 -0.002668477 0.999879301 18.526981354
0.999849558 0.007233143 -0.015765794 -0.297896177 -0.007189101 0.999969840 0.002848399 -0.219809487 0.015785923 -0.002734629 0.999871492 20.005168915
0.999843538 0.007813814 -0.015869707 -0.329320550 -0.007761117 0.999963939 0.003379442 -0.236189634 0.015895544 -0.003255746 0.999868214 21.477743149
0.999838531 0.008800671 -0.015665865 -0.361788243 -0.008728581 0.999950767 0.004664049 -0.252641201 0.015706144 -0.004526555 0.999866307 22.939693451
0.999835193 0.009102959 -0.015709005 -0.390838802 -0.009051066 0.999953091 0.003371237 -0.272821188 0.015738962 -0.003228499 0.999870777 24.392923355
0.999836445 0.009289405 -0.015520504 -0.420920849 -0.009269234 0.999955773 0.001370989 -0.286943555 0.015532557 -0.001226902 0.999878466 25.818323135
0.999858797 0.007399578 -0.015087925 -0.451746792 -0.007382269 0.999971747 0.001202516 -0.306348205 0.015096401 -0.001090963 0.999885261 27.268278122
0.999869943 0.006436000 -0.014791430 -0.479175985 -0.006379092 0.999971747 0.003891300 -0.323859870 0.014816061 -0.003796437 0.999882817 28.705518723
0.999881268 0.004839130 -0.014628642 -0.505416870 -0.004765485 0.999975502 0.005064924 -0.340073407 0.014652800 -0.004994610 0.999879897 30.122289658
0.999888599 0.003891613 -0.014406767 -0.530617952 -0.003827959 0.999982536 0.004443349 -0.357252717 0.014423811 -0.004387706 0.999886096 31.534574509
0.999894500 0.003912686 -0.013983415 -0.555140853 -0.003875702 0.999988616 0.002670987 -0.374723315 0.013993712 -0.002616510 0.999898493 32.930366516
0.999897957 0.004768588 -0.013460632 -0.581485450 -0.004741291 0.999986351 0.002059117 -0.401359618 0.013470272 -0.001995086 0.999907017 34.317295074
0.999906600 0.005384369 -0.012557183 -0.606905639 -0.005371230 0.999984682 0.001079839 -0.422103614 0.012562809 -0.001012290 0.999920309 35.679470062
0.999919593 0.005853015 -0.011241689 -0.629307806 -0.005828491 0.999980211 0.002213058 -0.444395155 0.011254422 -0.002147357 0.999934077 37.011993408
0.999933422 0.006267526 -0.009678306 -0.650400281 -0.006226142 0.999971032 0.004300244 -0.465143859 0.009704981 -0.004239699 0.999943674 38.337051392
0.999952734 0.005603408 -0.007934041 -0.668351889 -0.005561979 0.999970496 0.005234060 -0.482727528 0.007963139 -0.005189683 0.999954581 39.661632538
0.999966860 0.005963498 -0.005529451 -0.685843349 -0.005931269 0.999965072 0.005826698 -0.498494923 0.005564010 -0.005793708 0.999967456 40.961093903
0.999982119 0.005590961 -0.002085171 -0.697442174 -0.005579999 0.999970436 0.005226538 -0.515267134 0.002114334 -0.005214809 0.999983847 42.239738464
0.999987066 0.004823439 0.001605829 -0.702024758 -0.004828847 0.999982238 0.003380339 -0.530885220 -0.001589491 -0.003388050 0.999992669 43.495300293
0.999976099 0.004688894 0.005075317 -0.703588665 -0.004697185 0.999987304 0.001622863 -0.548571408 -0.005067641 -0.001646665 0.999985516 44.733455658
0.999945402 0.005157099 0.009088043 -0.698886156 -0.005177002 0.999983847 0.002168001 -0.567119837 -0.009076715 -0.002214932 0.999956071 45.945549011
0.999880373 0.005363042 0.014502816 -0.688920915 -0.005392808 0.999983072 0.002014215 -0.585324645 -0.014491765 -0.002092185 0.999892533 47.152503967
0.999756753 0.006904479 0.020944485 -0.672225118 -0.006928658 0.999975026 0.001082180 -0.603394568 -0.020936487 -0.001227034 0.999779761 48.357173920
0.999563158 0.008360503 0.028344419 -0.648318768 -0.008393711 0.999963880 0.001052903 -0.620037258 -0.028334590 -0.001290358 0.999597371 49.547313690
0.999274254 0.009457396 0.036898781 -0.615861416 -0.009541161 0.999951959 0.002094759 -0.639868438 -0.036877193 -0.002445295 0.999316514 50.749279022
0.998819828 0.011659461 0.047145762 -0.569124460 -0.011797735 0.999926507 0.002655783 -0.656828940 -0.047111332 -0.003208862 0.998884201 51.894927979
0.998086572 0.013997662 0.060225498 -0.515575171 -0.014176161 0.999895871 0.002537651 -0.674377263 -0.060183711 -0.003386562 0.998181224 53.055286407
0.997045457 0.016045842 0.075118594 -0.442613602 -0.016311983 0.999862313 0.002930788 -0.690396965 -0.075061217 -0.004147462 0.997169971 54.199016571
0.995653033 0.018292865 0.091325492 -0.351997852 -0.018756125 0.999814808 0.004216946 -0.707024634 -0.091231450 -0.005911528 0.995811820 55.331424713
0.993870437 0.018272579 0.109030478 -0.239149094 -0.018920867 0.999808550 0.004914328 -0.722735524 -0.108919807 -0.006947157 0.994025886 56.458335876
0.991614938 0.017879678 0.127984941 -0.105353832 -0.018528430 0.999820471 0.003880133 -0.738202095 -0.127892584 -0.006218958 0.991768181 57.541942596
0.988798976 0.017034106 0.148277611 0.046412468 -0.017662648 0.999839306 0.002923166 -0.751247466 -0.148203984 -0.005509398 0.988941193 58.638145447
0.985471249 0.014275756 0.169240654 0.223828316 -0.014923310 0.999885023 0.002554829 -0.763884604 -0.169184715 -0.005043342 0.985571206 59.712959290
0.981527090 0.009261735 0.191098645 0.427316666 -0.010311225 0.999936283 0.004498218 -0.776765108 -0.191044822 -0.006385584 0.981560290 60.769042969
0.976776421 0.003941796 0.214224577 0.651099205 -0.005342043 0.999967635 0.005957850 -0.792810082 -0.214194119 -0.006963884 0.976765990 61.793060303
0.971241474 -0.001055236 0.238094032 0.900326729 -0.000226822 0.999985218 0.005357215 -0.806766033 -0.238096178 -0.005257155 0.971227050 62.806335449
0.964748681 -0.007078351 0.263077438 1.173898697 0.006399101 0.999973238 0.003438678 -0.819627047 -0.263094753 -0.001634000 0.964768410 63.787029266
0.957161725 -0.010591229 0.289359957 1.471006393 0.009845886 0.999942958 0.004031389 -0.831062198 -0.289386183 -0.001009685 0.957211733 64.770896912
0.948459983 -0.013203400 0.316621512 1.787977219 0.011824024 0.999909997 0.006277526 -0.843131423 -0.316675931 -0.002210241 0.948531091 65.732376099
0.938662708 -0.017681248 0.344382793 2.131645203 0.015493741 0.999838114 0.009103211 -0.854714453 -0.344488055 -0.003209066 0.938785017 66.672225952
0.927694142 -0.020727938 0.372765124 2.496099472 0.018842870 0.999784231 0.008699973 -0.866448998 -0.372865081 -0.001046949 0.927884758 67.574935913
0.915351212 -0.020178694 0.402150095 2.870615005 0.019897697 0.999789774 0.004876461 -0.879706383 -0.402164012 0.003538189 0.915560603 68.467109680
0.902132809 -0.021326568 0.430930942 3.287912369 0.023929961 0.999713063 -0.000620881 -0.889489591 -0.430794120 0.010872284 0.902384579 69.340492249
0.887731910 -0.023272874 0.459771901 3.727056503 0.027754923 0.999609947 -0.002990918 -0.903652310 -0.459523022 0.015416073 0.888031960 70.190864563
0.871666789 -0.023977002 0.489512086 4.184146881 0.027328992 0.999626040 0.000298797 -0.919521630 -0.489336342 0.013117425 0.871996343 71.032882690
0.853517056 -0.023001669 0.520556867 4.668710709 0.023301860 0.999710321 0.005967588 -0.933226585 -0.520543396 0.007036507 0.853806019 71.865386963
0.833202004 -0.023142252 0.552484274 5.172080994 0.021363297 0.999724686 0.009658082 -0.948323548 -0.552555859 0.003755758 0.833467364 72.678787231
0.811786890 -0.016985515 0.583706558 5.714185715 0.017572558 0.999834299 0.004655637 -0.957150936 -0.583689034 0.006477837 0.811951339 73.448097229
0.789596260 -0.010130990 0.613543034 6.281730652 0.014836617 0.999886215 -0.002583517 -0.965118170 -0.613447130 0.011142846 0.789657056 74.189315796
0.766923666 -0.007907138 0.641689658 6.879745483 0.014306913 0.999885857 -0.004778123 -0.974658251 -0.641578674 0.012845061 0.766949534 74.908203125
0.743206501 -0.010460801 0.668980360 7.503646851 0.015615496 0.999876201 -0.001713104 -0.988994956 -0.668879628 0.011719659 0.743278146 75.607482910
0.719100237 -0.010851331 0.694821715 8.152187347 0.016211916 0.999867439 -0.001163034 -1.006958127 -0.694717050 0.012100734 0.719181120 76.252388000
0.693656921 -0.008991830 0.720249474 8.816436768 0.017127998 0.999844730 -0.004013222 -1.021905422 -0.720101655 0.015120239 0.693703592 76.886703491
0.667207599 -0.006607257 0.744842589 9.494968414 0.017207235 0.999830008 -0.006544555 -1.035432816 -0.744672775 0.017183265 0.667208374 77.497863770
0.640174150 -0.004355800 0.768217564 10.199367523 0.015794208 0.999846697 -0.007492556 -1.050715208 -0.768067300 0.016929938 0.640145123 78.083496094
0.612004399 -0.002936051 0.790848970 10.935558319 0.015980877 0.999834299 -0.008655009 -1.067242980 -0.790692627 0.017935375 0.611950397 78.655899048
0.583038092 0.003639878 0.812436759 11.679973602 0.014772519 0.999776602 -0.015080567 -1.084992886 -0.812310338 0.020794295 0.582854331 79.200271606
0.552790403 0.012965871 0.833219528 12.438034058 0.013915060 0.999595344 -0.024786666 -1.107607841 -0.833204031 0.025296144 0.552386582 79.707588196
0.521849453 0.021280054 0.852772176 13.218936920 0.013133730 0.999369383 -0.032975353 -1.136648655 -0.852936387 0.028408267 0.521241128 80.186767578
0.489779115 0.026096145 0.871456027 14.023521423 0.010937059 0.999288917 -0.036071043 -1.170065880 -0.871777833 0.027198026 0.489145637 80.651840210
0.457228601 0.025548890 0.888982296 14.849147797 0.009248469 0.999396086 -0.033478875 -1.208898306 -0.889300942 0.023529239 0.456716478 81.082878113
0.423977584 0.024186440 0.905349672 15.700702667 0.005098234 0.999563158 -0.029090870 -1.245058894 -0.905658126 0.016949575 0.423669398 81.488998413
0.389484972 0.025366835 0.920683444 16.567644119 0.001226169 0.999604940 -0.028060012 -1.282903552 -0.921031892 0.012057880 0.389300227 81.865402222
0.354331404 0.028278649 0.934692383 17.446411133 -0.005733931 0.999589026 -0.028068399 -1.318102598 -0.935102224 0.004586063 0.354348242 82.208206177
0.318224669 0.030138729 0.947536230 18.343984604 -0.010447852 0.999544621 -0.028284138 -1.352556229 -0.947957575 -0.000898998 0.318394959 82.525848389
0.282185197 0.029679773 0.958900809 19.299516678 -0.012745238 0.999548495 -0.027187236 -1.380066633 -0.959275186 -0.004549576 0.282436252 82.819442749
0.245640725 0.029171793 0.968921900 20.221817017 -0.013443099 0.999552786 -0.026685923 -1.417608857 -0.969267607 -0.006470159 0.245923236 83.065849304
0.209555864 0.028668577 0.977376342 21.164283752 -0.012395727 0.999567032 -0.026661750 -1.451135874 -0.977717936 -0.006528162 0.209820688 83.267929077
0.174332649 0.027476702 0.984303415 22.116867065 -0.009761805 0.999609172 -0.026175015 -1.481570601 -0.984638214 -0.005045415 0.174532920 83.427444458
0.139985278 0.026742406 0.989792407 23.080959320 -0.001267298 0.999638557 -0.026829196 -1.514759898 -0.990152657 0.002501339 0.139968753 83.546302795
0.106406257 0.030241346 0.993862808 24.049066544 0.001113318 0.999532521 -0.030533057 -1.551297426 -0.994321942 0.004355404 0.106323004 83.636604309
0.074494384 0.035191137 0.996600330 25.039270401 0.002269781 0.999367952 -0.035458520 -1.590937376 -0.997218668 0.004903535 0.074367538 83.676445007
0.045303479 0.039148554 0.998205900 26.017253876 0.009401310 0.999170303 -0.039613049 -1.631746769 -0.998928845 0.011179065 0.044897974 83.713264465
0.019620247 0.037361495 0.999109268 26.999149323 0.011449774 0.999226987 -0.037590746 -1.674072385 -0.999741733 0.012177126 0.019177422 83.729110718
-0.002650194 0.034270648 0.999409139 27.981971741 0.013187323 0.999326289 -0.034232836 -1.719240904 -0.999909341 0.013088821 -0.003100239 83.725486755
-0.021318600 0.031569842 0.999274194 28.970954895 0.013803652 0.999414682 -0.031279780 -1.764433026 -0.999677241 0.013126806 -0.021741800 83.696357727
-0.037617195 0.034599073 0.998693228 29.959915161 0.015503109 0.999299645 -0.034036141 -1.807900906 -0.999171853 0.014202519 -0.038127154 83.655189514
-0.052273963 0.038834758 0.997877479 30.951887131 0.018448655 0.999109924 -0.037916292 -1.850514293 -0.998462200 0.016427478 -0.052943792 83.600936890
-0.064127892 0.044201359 0.996962428 31.944946289 0.022949368 0.998819053 -0.042807497 -1.894650698 -0.997677624 0.020134522 -0.065066464 83.530303955
-0.073239014 0.047742382 0.996171117 32.934974670 0.028512981 0.998544753 -0.045759846 -1.944786191 -0.996906579 0.025052425 -0.074493632 83.452903748
-0.079288542 0.053246666 0.995428681 33.931930542 0.032407720 0.998181462 -0.050812557 -1.999953985 -0.996324599 0.028230747 -0.080869898 83.371131897
-0.083299980 0.058070987 0.994831264 34.921398163 0.034281656 0.997876108 -0.055378236 -2.057487011 -0.995934606 0.029491484 -0.085113764 83.291419983
-0.086263329 0.062315866 0.994321704 35.931549072 0.036491640 0.997569084 -0.059353523 -2.120203018 -0.995603740 0.031164428 -0.088327557 83.201469421
-0.089279190 0.065383025 0.993858516 36.941509247 0.036962379 0.997372508 -0.062293842 -2.187141418 -0.995320439 0.031173855 -0.091461256 83.111694336
-0.091938287 0.068688430 0.993392944 37.957252502 0.037950426 0.997134268 -0.065434828 -2.263367653 -0.995041251 0.031683747 -0.094281495 83.016670227
-0.094122574 0.072325096 0.992930233 38.951263428 0.039359462 0.996847570 -0.068879455 -2.341171265 -0.994782269 0.032598116 -0.096672460 82.918922424
-0.096254468 0.073753282 0.992620707 39.995029449 0.042086918 0.996659994 -0.069972262 -2.418608189 -0.994466484 0.035041243 -0.099036969 82.819274902
-0.098357819 0.072508939 0.992506206 41.026054382 0.042283095 0.996745050 -0.068628356 -2.495801926 -0.994252324 0.035216130 -0.101103514 82.715667725
-0.100967653 0.072129488 0.992271781 42.045146942 0.041734308 0.996796787 -0.068211809 -2.573950529 -0.994013906 0.034524623 -0.103654444 82.615745544
-0.103040695 0.073570706 0.991952717 43.079765320 0.041823931 0.996698678 -0.069578171 -2.649287701 -0.993797362 0.034318011 -0.105777472 82.505676270
-0.105339088 0.075419612 0.991572380 44.105628967 0.041553140 0.996582031 -0.071386300 -2.737802029 -0.993567705 0.033683203 -0.108112916 82.397857666
-0.108415306 0.075584389 0.991228282 45.182815552 0.041350164 0.996584535 -0.071470164 -2.877104759 -0.993245244 0.033239022 -0.111170396 82.346977234
-0.110847034 0.079147428 0.990681052 46.226425171 0.039279439 0.996393144 -0.075208835 -2.960205793 -0.993060887 0.030576749 -0.113556035 82.231918335
-0.113161027 0.083231628 0.990084648 47.264865875 0.035844039 0.996177673 -0.079647116 -3.044988155 -0.992929816 0.026475709 -0.115711793 82.115974426
-0.115897037 0.085554816 0.989569902 48.309669495 0.033765070 0.996046185 -0.082160242 -3.134225130 -0.992686987 0.023890797 -0.118327513 81.996910095
-0.118723467 0.083986267 0.989369273 49.357643127 0.032110088 0.996219218 -0.080714568 -3.225642204 -0.992407918 0.022186043 -0.120971352 81.870399475
-0.121586546 0.079727359 0.989373863 50.416599274 0.029368991 0.996620834 -0.076702103 -3.315629005 -0.992146254 0.019730998 -0.123517111 81.740974426
-0.124089889 0.078213446 0.989183903 51.481262207 0.029519172 0.996737778 -0.075107604 -3.403029203 -0.991831720 0.019879820 -0.125993803 81.611305237
-0.125944689 0.078612804 0.988917828 52.546794891 0.028845904 0.996723294 -0.075559579 -3.490432739 -0.991617739 0.019009925 -0.127799585 81.476799011
-0.127417788 0.081331365 0.988509119 53.608825684 0.030249605 0.996486783 -0.078088567 -3.579663038 -0.991387725 0.019952165 -0.129430309 81.344459534
-0.128432870 0.083697625 0.988180220 54.667427063 0.030944003 0.996284664 -0.080362283 -3.678303957 -0.991235316 0.020257123 -0.130545527 81.216323853
-0.128451094 0.084386252 0.988119245 55.767456055 0.029697701 0.996253014 -0.081220292 -3.772986650 -0.991271019 0.018912066 -0.130475804 81.069313049
-0.129065812 0.083516106 0.988112986 56.839622498 0.026495190 0.996381223 -0.080754168 -3.862690210 -0.991281986 0.015757674 -0.130811438 80.945816040
-0.129232377 0.082696185 0.988160193 57.926357269 0.022741850 0.996500969 -0.080419973 -3.959818363 -0.991353452 0.012079756 -0.130660772 80.812492371
-0.129389733 0.083679095 0.988056898 59.022239685 0.019065695 0.996458113 -0.081893854 -4.057304382 -0.991410494 0.008241799 -0.130526751 80.682167053
-0.130208999 0.083680473 0.987949133 60.108413696 0.015272007 0.996482491 -0.082390420 -4.158290863 -0.991368890 0.004360018 -0.131028861 80.562072754
-0.132323027 0.082699344 0.987750888 61.171134949 0.011199348 0.996573985 -0.081937708 -4.270403862 -0.991143286 0.000219942 -0.132795796 80.464859009
-0.132803664 0.077598251 0.988100290 62.279899597 0.011547122 0.996983409 -0.076743864 -4.363662720 -0.991074979 0.001217868 -0.133299008 80.322380066
-0.133130044 0.068964101 0.988696456 63.392440796 0.014818123 0.997602582 -0.067589983 -4.453175068 -0.990987659 0.005652388 -0.133832723 80.171630859
-0.132876337 0.063625321 0.989088476 64.509460449 0.020272411 0.997902572 -0.061468810 -4.537479401 -0.990925133 0.011883480 -0.133887395 80.014854431
-0.132176757 0.066010565 0.989025950 65.623771667 0.028684817 0.997616351 -0.062750340 -4.618164539 -0.990810871 0.020075915 -0.133755103 79.857810974
-0.130988628 0.072020359 0.988764584 66.721229553 0.034276593 0.997089863 -0.068085887 -4.688451767 -0.990791142 0.024973039 -0.133075967 79.701652527
-0.130390599 0.077896886 0.988398075 67.837547302 0.037854895 0.996572435 -0.073547237 -4.770327568 -0.990739763 0.027825868 -0.132892400 79.553123474
-0.129921809 0.082324147 0.988100827 68.959571838 0.038683310 0.996208727 -0.077913322 -4.860292912 -0.990769446 0.028100407 -0.132613704 79.405685425
-0.130100772 0.079354815 0.988320291 70.093994141 0.035640590 0.996521473 -0.075321637 -4.951625824 -0.990859926 0.025424950 -0.132476360 79.262245178
-0.130053118 0.074628383 0.988694608 71.255523682 0.034624040 0.996896386 -0.070692994 -5.047159195 -0.990902305 0.025038792 -0.132233337 79.113494873
-0.130230889 0.072552077 0.988825679 72.409332275 0.032304835 0.997099459 -0.068904482 -5.133708954 -0.990957260 0.022970395 -0.132196829 78.969291687
-0.130277827 0.073213629 0.988770783 73.559455872 0.030389052 0.997095585 -0.069826037 -5.218975067 -0.991011679 0.020951057 -0.132124230 78.824111938
-0.130105540 0.078417495 0.988394380 74.709228516 0.031435005 0.996692002 -0.074937902 -5.307780266 -0.991001666 0.021320388 -0.132140085 78.672500610
-0.129199594 0.080990851 0.988305688 75.848472595 0.031308711 0.996494710 -0.077568963 -5.400886059 -0.991124153 0.020920737 -0.131282315 78.523300171
-0.129971251 0.079500727 0.988325596 76.997085571 0.032100603 0.996594667 -0.075944439 -5.506165504 -0.990997910 0.021855291 -0.132080555 78.399276733
-0.128966004 0.072688527 0.988981426 78.149421692 0.034624465 0.997031152 -0.068765029 -5.603772163 -0.991044343 0.025374642 -0.131099805 78.238677979
-0.129451916 0.071107484 0.989032924 79.324188232 0.033943482 0.997158051 -0.067248859 -5.692357540 -0.991004467 0.024865774 -0.131497547 78.089797974
-0.129433408 0.074137308 0.988812864 80.497291565 0.031545874 0.997003496 -0.070622139 -5.778909683 -0.991086185 0.022052139 -0.131384194 77.946418762
-0.129755095 0.077200525 0.988536179 81.662887573 0.030956456 0.996793211 -0.073782004 -5.868153095 -0.991062641 0.021028031 -0.131728739 77.808937073
-0.130263001 0.076563962 0.988518953 82.827407837 0.030167643 0.996857703 -0.073234461 -5.962169170 -0.991020381 0.020281591 -0.132163331 77.667762756
-0.129853621 0.072862536 0.988852561 84.002159119 0.029723093 0.997133493 -0.069569573 -6.057830334 -0.991087556 0.020357937 -0.131646991 77.514282227
-0.129135966 0.071726739 0.989029527 85.196846008 0.030463869 0.997196078 -0.068341382 -6.149620056 -0.991158724 0.021304375 -0.130958855 77.359703064
-0.127993330 0.072313219 0.989135265 86.389259338 0.032101206 0.997117162 -0.068742871 -6.236793518 -0.991255343 0.022953847 -0.129945591 77.204284668
-0.126868591 0.072640337 0.989256203 87.585609436 0.034622524 0.997030854 -0.068770997 -6.324537277 -0.991315067 0.025525706 -0.129006773 77.046546936
-0.125884637 0.071973085 0.989430726 88.778411865 0.034441337 0.997079909 -0.068147562 -6.415954113 -0.991446853 0.025498623 -0.127995819 76.896255493
-0.125017613 0.072625078 0.989493072 89.989860535 0.035487656 0.997005761 -0.068692803 -6.510307789 -0.991519570 0.026527023 -0.127220482 76.754112244
-0.123940431 0.070883632 0.989754796 91.211746216 0.035611160 0.997119784 -0.066951737 -6.600372791 -0.991650343 0.026948329 -0.126107574 76.604614258
-0.122862905 0.069973536 0.989953876 92.436805725 0.033941932 0.997223139 -0.066274837 -6.691331863 -0.991843045 0.025458273 -0.124896675 76.458694458
-0.121654116 0.069235168 0.990155041 93.649398804 0.035157315 0.997238100 -0.065410905 -6.777852058 -0.991949618 0.026853735 -0.123752132 76.311889648
-0.120321862 0.070048213 0.990260720 94.870407104 0.033284634 0.997230530 -0.066496991 -6.867796898 -0.992176771 0.024959467 -0.122320049 76.171318054
-0.118636034 0.072578005 0.990281940 96.094856262 0.033468667 0.997049987 -0.069064468 -6.956595421 -0.992373586 0.024949923 -0.120715022 76.019485474
-0.118133754 0.071828857 0.990396678 97.335113525 0.031820636 0.997141302 -0.068522483 -7.046422482 -0.992487729 0.023420269 -0.120081574 75.887046814
-0.117793687 0.069981389 0.990569353 98.584289551 0.027880739 0.997352958 -0.067145184 -7.145838737 -0.992646635 0.019708566 -0.119432881 75.748908997
-0.117995985 0.070960432 0.990475655 99.839988708 0.025644250 0.997327864 -0.068396345 -7.237652302 -0.992682815 0.017329548 -0.119500294 75.611915588
-0.118001282 0.070621431 0.990499139 101.100250244 0.023596575 0.997385025 -0.068301231 -7.325458527 -0.992733061 0.015312790 -0.119358994 75.460998535
-0.120050453 0.067836083 0.990447640 102.375885010 0.020576535 0.997617841 -0.065833136 -7.422533989 -0.992554545 0.012476712 -0.121160179 75.335441589
-0.121468492 0.066358052 0.990374863 103.639953613 0.018591702 0.997739196 -0.064571239 -7.514155388 -0.992421150 0.010569412 -0.122427478 75.189590454
-0.123071216 0.065764338 0.990216613 104.898941040 0.016850878 0.997795880 -0.064173363 -7.602330208 -0.992254734 0.008788156 -0.123908028 75.044120789
-0.124642871 0.065990776 0.990004897 106.157806396 0.017340351 0.997777641 -0.064325728 -7.695461273 -0.992050231 0.009149320 -0.125510037 74.889862061
-0.127211198 0.064546488 0.989773512 107.418182373 0.017092112 0.997874141 -0.062878005 -7.785666466 -0.991728365 0.008918562 -0.128043890 74.736587524
-0.130322680 0.059944835 0.989657879 108.674819946 0.014597089 0.998177767 -0.058538679 -7.868765354 -0.991364181 0.006817236 -0.130960092 74.576843262
-0.134558693 0.059913974 0.989092827 109.932418823 0.014207633 0.998183727 -0.058531839 -7.956398010 -0.990803719 0.006176727 -0.135165438 74.413513184
-0.140216693 0.065583706 0.987946510 111.177894592 0.009267265 0.997846365 -0.064925618 -8.044349670 -0.990077436 0.000051933 -0.140522361 74.250823975
-0.147389710 0.068660110 0.986692607 112.415336609 0.010267113 0.997639418 -0.067888193 -8.136538506 -0.989025295 0.000124490 -0.147746593 74.071319580
-0.156475112 0.064704545 0.985560238 113.680877686 0.011652040 0.997902632 -0.063664898 -8.230628014 -0.987613201 0.001521843 -0.156900764 73.879417419
-0.167325184 0.062180188 0.983939171 114.920448303 0.013135150 0.998060465 -0.060838893 -8.329564095 -0.985814273 0.002744333 -0.167817324 73.672775269
-0.180324137 0.062668249 0.981609046 116.167716980 0.013218533 0.998031855 -0.061288465 -8.425327301 -0.983518481 0.001923666 -0.180797577 73.453742981
-0.194851518 0.062847286 0.978817403 117.388748169 0.014880760 0.998018861 -0.061117895 -8.511303902 -0.980719924 0.002656653 -0.195400655 73.227020264
-0.209395140 0.060656324 0.975948215 118.612571716 0.015151959 0.998154938 -0.058785584 -8.596127510 -0.977713704 0.002478136 -0.209927827 72.978858948
-0.224716514 0.063515745 0.972352087 119.811080933 0.019494660 0.997965932 -0.060683571 -8.680727005 -0.974229157 0.005319098 -0.225497648 72.704513550
-0.239520103 0.067524321 0.968540668 120.957672119 0.020393930 0.997707665 -0.064514391 -8.765752792 -0.970677137 0.004299882 -0.240348130 72.412475586
-0.254835695 0.071286961 0.964353442 122.143569946 0.020384796 0.997452676 -0.068346970 -8.858004570 -0.966769457 0.002240927 -0.255639672 72.109382629
-0.270941347 0.069000863 0.960119963 123.325042725 0.016822223 0.997614026 -0.066948310 -8.951236725 -0.962448895 -0.001987694 -0.271455646 71.794212341
-0.286528647 0.063364983 0.955974340 124.501724243 0.011542598 0.997965753 -0.062688746 -9.039932251 -0.958002090 -0.006927673 -0.286677152 71.448074341
-0.302020133 0.059471495 0.951444983 125.658538818 0.007797600 0.998172224 -0.059917070 -9.123090744 -0.953269601 -0.010677152 -0.301931888 71.090080261
-0.316938639 0.060791608 0.946496069 126.802528381 0.006048968 0.998052359 -0.062077466 -9.209852219 -0.948426783 -0.013949406 -0.316689074 70.714874268
-0.331340969 0.062675111 0.941427410 127.948158264 0.005834107 0.997907519 -0.064381942 -9.295231819 -0.943493009 -0.015839968 -0.331013322 70.323211670
-0.345183760 0.064896531 0.936288953 129.083068848 0.007458893 0.997763991 -0.066407658 -9.383833885 -0.938505471 -0.015939150 -0.344896019 69.910301208
-0.359111756 0.064729318 0.931047320 130.193862915 0.009590439 0.997794569 -0.065670699 -9.475114822 -0.933245301 -0.014653951 -0.358940631 69.487060547
-0.373243183 0.062740460 0.925609827 131.333023071 0.009199808 0.997911215 -0.063931547 -9.563981056 -0.927687883 -0.015346565 -0.373040855 69.040359497
-0.387573868 0.061547700 0.919781864 132.432495117 0.008807017 0.997969627 -0.063068643 -9.647890091 -0.921796560 -0.016343201 -0.387328953 68.586563110
-0.402325571 0.062805846 0.913339972 133.538452148 0.007295380 0.997831583 -0.065402344 -9.736004829 -0.915467560 -0.019649850 -0.401911438 68.112869263
-0.416842490 0.065012977 0.906651020 134.626754761 0.008231655 0.997667313 -0.067754909 -9.824388504 -0.908941507 -0.020779863 -0.416405350 67.614181519
-0.431470811 0.066550940 0.899668932 135.706298828 0.009360431 0.997551084 -0.069302432 -9.917167664 -0.902078331 -0.021480659 -0.431037128 67.107254028
-0.445665002 0.069203913 0.892521083 136.778091431 0.012035342 0.997379780 -0.071324810 -10.008518219 -0.895118892 -0.021045150 -0.445330232 66.572891235
-0.460336328 0.072488740 0.884780288 137.852844238 0.011430723 0.997061312 -0.075740591 -10.101479530 -0.887670994 -0.024752446 -0.459812135 66.024200439
-0.475224674 0.074809022 0.876678705 138.925262451 0.012543908 0.996852994 -0.078264110 -10.198655128 -0.879775107 -0.026196029 -0.474667609 65.451690674
-0.490456581 0.072165608 0.868472576 140.003417969 0.011192515 0.997004092 -0.076525137 -10.295552254 -0.871393800 -0.027811844 -0.489795029 64.857559204
-0.506308556 0.067763180 0.859685957 141.070892334 0.008400841 0.997247398 -0.073658608 -10.393788338 -0.862311482 -0.030071881 -0.505484223 64.247955322
-0.522172749 0.067704186 0.850148320 142.106018066 0.007849451 0.997182488 -0.074592516 -10.494930267 -0.852803648 -0.032276962 -0.521233022 63.619277954
-0.538008630 0.066959672 0.840275764 143.167053223 0.006637215 0.997144878 -0.075210601 -10.586568832 -0.842913210 -0.034886852 -0.536917150 62.963092804
-0.553835273 0.065884374 0.830015600 144.209442139 0.005967589 0.997152209 -0.075169317 -10.684923172 -0.832604945 -0.036678217 -0.552651465 62.288452148
-0.569443405 0.065187007 0.819441974 145.236450195 0.004522123 0.997083485 -0.076176010 -10.786718369 -0.822018206 -0.039672289 -0.568077505 61.597652435
-0.584862292 0.064431168 0.808569670 146.250030518 0.003952601 0.997053921 -0.076591603 -10.886792183 -0.811123073 -0.041599579 -0.583394051 60.888263702
-0.599886537 0.061811328 0.797694027 147.240112305 0.003584316 0.997208297 -0.074575707 -10.985939026 -0.800077140 -0.041877769 -0.598433495 60.156196594
-0.614494503 0.058485787 0.786750376 148.207702637 0.003753123 0.997453094 -0.071217723 -11.083916664 -0.788912416 -0.040810108 -0.613148987 59.401866913
-0.629395306 0.057023402 0.774990380 149.196121216 0.004700391 0.997564435 -0.069582969 -11.179631233 -0.777071297 -0.040152416 -0.628130555 58.618732452
-0.644205093 0.055314407 0.762850165 150.159606934 0.003737209 0.997596562 -0.069179967 -11.274436951 -0.764843941 -0.041715141 -0.642863631 57.823581696
-0.659325123 0.056590844 0.749725342 151.109191895 0.002603555 0.997328639 -0.072990857 -11.370738983 -0.751853764 -0.046172731 -0.657711148 57.017059326
-0.674858034 0.056504335 0.735781312 152.042068481 0.001051989 0.997136235 -0.075610228 -11.471479416 -0.737947106 -0.050252121 -0.672984898 56.189708710
-0.691176951 0.056149583 0.720501184 153.019195557 0.001996457 0.997121036 -0.075791754 -11.556886673 -0.722683012 -0.050947055 -0.689299226 55.244258881
-0.707318664 0.048583928 0.705223501 153.939270020 -0.001735420 0.997512341 -0.070460737 -11.658768654 -0.706892967 -0.051062051 -0.705474913 54.353786469
-0.724294245 0.046182375 0.687942922 154.834121704 -0.002418807 0.997577250 -0.069515139 -11.763852119 -0.689487040 -0.052013401 -0.722427845 53.464931488
-0.741038203 0.043220680 0.670070708 155.708374023 -0.004677352 0.997569084 -0.069517627 -11.854160309 -0.671446860 -0.054649368 -0.739034712 52.521583557
-0.757969379 0.039337058 0.651103318 156.545867920 -0.008235130 0.997522652 -0.069853120 -11.945478439 -0.652238607 -0.058308445 -0.755767643 51.581535339
-0.774046421 0.037559345 0.632014215 157.382980347 -0.007615403 0.997613728 -0.068613060 -12.048508644 -0.633083582 -0.057922721 -0.771913230 50.583850861
-0.789508522 0.040602457 0.612395465 158.168655396 -0.004814950 0.997368157 -0.072334111 -12.141185760 -0.613721073 -0.060057033 -0.787235320 49.582160950
-0.804331362 0.039310228 0.592879593 158.955001831 -0.002385144 0.997586906 -0.069379762 -12.243721962 -0.594176590 -0.057218414 -0.802296758 48.546112061
-0.818508744 0.040814299 0.573042810 159.689544678 0.001364279 0.997607887 -0.069104820 -12.338536263 -0.574492872 -0.055781104 -0.816606462 47.521228790
-0.832334697 0.041879676 0.552689493 160.400817871 0.002875220 0.997453630 -0.071251452 -12.439984322 -0.554266334 -0.057715941 -0.830335736 46.473293304
-0.845782340 0.043465126 0.531755209 161.107650757 0.003587225 0.997116148 -0.075797677 -12.533683777 -0.533516645 -0.062200792 -0.843499184 45.351871490
-0.858285308 0.044113990 0.511273742 161.777175903 0.006254805 0.997123003 -0.075534306 -12.636594772 -0.513135195 -0.061632056 -0.856092095 44.259765625
-0.869737983 0.042171426 0.491709143 162.422851562 0.007194514 0.997319281 -0.072809443 -12.740829468 -0.493461877 -0.059787523 -0.867710054 43.160064697
-0.880464494 0.043628983 0.472100794 163.038757324 0.009843382 0.997223854 -0.073800236 -12.853164673 -0.474010319 -0.060331415 -0.878449857 42.145000458
-0.889582217 0.046297673 0.454423279 163.644210815 0.012301756 0.996916831 -0.077486262 -12.953712463 -0.456609905 -0.063340180 -0.887409329 40.983417511
-0.896126509 0.044204857 0.441592366 164.142333984 0.011479169 0.997002304 -0.076508559 -13.158609390 -0.443650991 -0.063492209 -0.893947661 39.600490570
-0.903783083 0.039863411 0.426131189 164.672027588 0.008907816 0.997188687 -0.074391775 -13.304023743 -0.427899092 -0.063438103 -0.901597321 38.451301575
-0.911040843 0.038460821 0.410519063 165.242111206 0.008362356 0.997158170 -0.074864030 -13.401506424 -0.412231952 -0.064771272 -0.908773482 37.276344299
-0.916987598 0.036129750 0.397276819 165.719451904 0.007481175 0.997271955 -0.073427595 -13.531155586 -0.398846149 -0.064360090 -0.914756358 36.116073608
-0.922424972 0.032153007 0.384836107 166.146514893 0.004968625 0.997433066 -0.071426056 -13.675479889 -0.386145055 -0.063973054 -0.920216918 34.971473694
-0.927719474 0.025942327 0.372376382 166.594818115 0.003015404 0.998069823 -0.062020149 -13.984912872 -0.373266846 -0.056414414 -0.926007032 33.818332672
-0.932758331 0.022340462 0.359810233 167.081939697 0.001286024 0.998277307 -0.058648866 -14.076894760 -0.360500902 -0.054242477 -0.931180239 32.625595093
-0.937088251 0.022439847 0.348371178 167.552886963 0.003401261 0.998470902 -0.055166125 -14.165296555 -0.349076629 -0.050510619 -0.935731828 31.423965454
-0.941498816 0.022212841 0.336284310 168.061965942 0.003670042 0.998441637 -0.055675872 -14.312335968 -0.336997211 -0.051184572 -0.940113246 30.343620300
-0.944679677 0.023877582 0.327125043 168.468475342 0.006276404 0.998479486 -0.054756183 -14.506869316 -0.327935368 -0.049673863 -0.943393171 29.372188568
-0.946863830 0.026900170 0.320508808 168.734039307 0.010004870 0.998477101 -0.054244965 -14.693453789 -0.321480215 -0.048155922 -0.945690870 28.568561554
-0.948635221 0.023941096 0.315465659 169.153411865 0.007549839 0.998561323 -0.053079117 -14.772063255 -0.316282868 -0.047970999 -0.947451115 27.348913193
-0.950363576 0.016601309 0.310699463 169.571594238 0.001345839 0.998785138 -0.049250618 -14.850551605 -0.311139882 -0.046387825 -0.949231207 26.119396210
-0.951791227 0.010395126 0.306571215 169.973541260 -0.004324191 0.998871207 -0.047294572 -14.927611351 -0.306717038 -0.046340220 -0.950671852 24.871553421
-0.953260541 0.003693698 0.302128017 170.380767822 -0.011515873 0.998754203 -0.048544850 -15.000623703 -0.301931232 -0.049755145 -0.952030301 23.639717102
-0.954379618 0.000511684 0.298596591 170.781326294 -0.015448055 0.998574317 -0.051086631 -15.080851555 -0.298197329 -0.053368758 -0.953010857 22.404006958
-0.955105305 0.000922341 0.296266437 171.175765991 -0.015616280 0.998447895 -0.053452324 -15.157359123 -0.295856208 -0.055679154 -0.953608215 21.169223785
-0.955377340 0.001594939 0.295384854 171.565170288 -0.015440084 0.998348415 -0.055329315 -15.236582756 -0.294985533 -0.057421122 -0.953774631 19.935808182
-0.955430448 0.004327853 0.295185506 171.955322266 -0.013100429 0.998285651 -0.057038750 -15.319150925 -0.294926614 -0.058363598 -0.953735590 18.703384399
-0.955121636 0.005268077 0.296168059 172.340545654 -0.012612857 0.998211384 -0.058431353 -15.404013634 -0.295946449 -0.059544552 -0.953346670 17.480770111
-0.954781055 0.006535640 0.297239155 172.734130859 -0.011966178 0.998103082 -0.060383573 -15.485780716 -0.297070205 -0.061209880 -0.952891469 16.248306274
-0.954179764 0.007877077 0.299131691 173.127365112 -0.010598414 0.998136163 -0.060091332 -15.574168205 -0.299047828 -0.060508225 -0.952317595 15.011936188
-0.953500926 0.007285491 0.301303387 173.532318115 -0.011428868 0.998114347 -0.060302094 -15.664609909 -0.301174790 -0.060941633 -0.951619267 13.782772064
-0.952125192 0.006269261 0.305644989 173.917282104 -0.012782102 0.998098552 -0.060290672 -15.750155449 -0.305442035 -0.061311029 -0.950234532 12.561767578
-0.950711608 0.004576971 0.310043961 174.324783325 -0.014127736 0.998212874 -0.058057018 -15.835156441 -0.309755862 -0.059575677 -0.948947549 11.360046387
-0.948664844 0.002896528 0.316270977 174.727645874 -0.015224766 0.998380303 -0.054810811 -15.922829628 -0.315917730 -0.056812216 -0.947083890 10.136890411
-0.946357787 0.000673109 0.323121160 175.147933960 -0.017029935 0.998503685 -0.051957428 -16.002130508 -0.322672933 -0.054673031 -0.944929957 8.929023743
-0.943819046 0.003208099 0.330448508 175.568740845 -0.014707182 0.998553872 -0.051700674 -16.080171585 -0.330136776 -0.053656016 -0.942406595 7.726242065
-0.940576732 0.003539852 0.339564025 175.995971680 -0.014864726 0.998557568 -0.051584374 -16.157009125 -0.339257032 -0.053566560 -0.939167023 6.527706146
-0.936990976 0.006778336 0.349289030 176.437393188 -0.012664923 0.998495042 -0.053351488 -16.245962143 -0.349125266 -0.054413542 -0.935494721 5.339000702
-0.933402836 0.008657017 0.358726770 176.936248779 -0.010665455 0.998597562 -0.051850259 -16.335739136 -0.358672708 -0.052223139 -0.932001233 4.087711334
-0.928665042 0.010766342 0.370763838 177.413742065 -0.009620235 0.998542905 -0.053092200 -16.413776398 -0.370795399 -0.052871685 -0.927208126 2.892093658
-0.922994733 0.013402835 0.384580195 177.902923584 -0.007930835 0.998518109 -0.053833049 -16.494491577 -0.384731978 -0.052737638 -0.921520233 1.684467316
-0.916850865 0.016185140 0.398902327 178.397888184 -0.005937207 0.998514235 -0.054160275 -16.567052841 -0.399186432 -0.052025236 -0.915392339 0.507789612
-0.910828948 0.015565233 0.412491381 178.911804199 -0.006101160 0.998671710 -0.051156711 -16.652198792 -0.412739962 -0.049111657 -0.909523785 -0.643577576
-0.904219747 0.019031765 0.426643938 179.440032959 -0.002460995 0.998757482 -0.049768507 -16.750278473 -0.427061170 -0.046051607 -0.903049111 -1.791976929
-0.897755742 0.021399999 0.439974189 180.005920410 -0.000020750 0.998816967 -0.048624072 -16.825893402 -0.440494418 -0.043661639 -0.896692812 -2.941856384
-0.890680134 0.023405515 0.454028279 180.576812744 0.002803295 0.998937368 -0.045996778 -16.903467178 -0.454622507 -0.039695609 -0.889798939 -4.071052551
-0.883103848 0.025686326 0.468474448 181.156387329 0.006516706 0.999075174 -0.042494688 -16.981315613 -0.469132930 -0.034474283 -0.882454157 -5.184707642
-0.875261545 0.028243257 0.482825100 181.755920410 0.009829783 0.999125838 -0.040625412 -17.051416397 -0.483550549 -0.030811761 -0.874773741 -6.274879456
-0.869685650 0.035464726 0.492330968 182.409500122 0.025450654 0.999310315 -0.027027015 -17.165668488 -0.492950082 -0.010974836 -0.869988143 -7.214134216
-0.859841466 0.038220618 0.509129226 183.042678833 0.028898267 0.999238372 -0.026208702 -17.214904785 -0.509743273 -0.007822347 -0.860290706 -8.292404175
-0.849353075 0.041475378 0.526193738 183.690887451 0.032939665 0.999129474 -0.025583548 -17.262832642 -0.526796877 -0.004396797 -0.849979579 -9.353584290
-0.838413477 0.043579999 0.543290198 184.360931396 0.035404775 0.999047279 -0.025501424 -17.307588577 -0.543884099 -0.002145641 -0.839157403 -10.404350281
-0.826838255 0.045853321 0.560568213 185.042510986 0.038793966 0.998946726 -0.024490729 -17.367704391 -0.561100841 0.001496822 -0.827745914 -11.439071655
-0.803373218 0.016959261 0.595234752 184.860382080 0.006739337 0.999788940 -0.019389847 -17.823062897 -0.595438004 -0.011565773 -0.803317785 -12.430130005
-0.778130054 0.002492835 0.628098667 184.830078125 -0.004675165 0.999941111 -0.009760578 -18.131576538 -0.628086030 -0.010531444 -0.778072417 -13.399673462
-0.758221269 0.000124235 0.651997745 185.005172729 0.000229950 0.999999702 0.000076823 -18.338623047 -0.651997626 0.000208194 -0.758220851 -14.255928040
