1.000000000 0.000000000 0.000000000 0.000000000 0.000000000 1.000000000 0.000000000 0.000000000 0.000000000 0.000000000 1.000000000 0.000000000
0.999996603 0.002236532 0.001326788 -0.002525249 -0.002229863 0.999984980 -0.005006597 -0.001779061 -0.001337966 0.005003622 0.999986589 0.437979341
0.999994934 0.000103613 0.003187520 0.002170740 -0.000084476 0.999981999 -0.006003443 -0.005472291 -0.003188084 0.006003143 0.999976873 1.221813083
0.999994636 -0.000757711 0.003179318 0.012334618 0.000763894 0.999997795 -0.001943996 -0.015775761 -0.003177838 0.001946414 0.999993086 2.151121378
0.999989688 -0.003876824 0.002374384 0.014176521 0.003866481 0.999983072 0.004345370 -0.017697513 -0.002391190 -0.004336144 0.999987721 3.288882971
0.999957561 -0.009208754 0.000301898 0.005240310 0.009207316 0.999947667 0.004460038 0.000221735 -0.000342954 -0.004457070 0.999989927 4.785326004
0.999929249 -0.011877640 -0.000754592 0.006523819 0.011878886 0.999928057 0.001668683 0.002797399 0.000734718 -0.001677530 0.999998212 5.723517418
0.999921322 -0.012466406 -0.001379747 0.002686135 0.012463898 0.999920666 -0.001810929 0.004318913 0.001402213 0.001793589 0.999997377 6.659915924
0.999924839 -0.012055403 -0.002234027 -0.002279292 0.012050134 0.999924660 -0.002356342 0.003742121 0.002262265 0.002329242 0.999994636 7.596256256
0.999924719 -0.011818814 -0.003294924 -0.006778903 0.011817032 0.999930024 -0.000559261 0.003892327 0.003301303 0.000520281 0.999994338 8.523260117
0.999922276 -0.011796190 -0.004021380 -0.013441080 0.011805908 0.999927402 0.002402311 0.003971871 0.003992749 -0.002449603 0.999989033 9.444842339
0.999914885 -0.012076914 -0.004934101 -0.019924518 0.012095899 0.999919415 0.003836964 0.005697936 0.004887364 -0.003896322 0.999980509 10.368088722
0.999895811 -0.013380533 -0.005417278 -0.028061837 0.013405524 0.999899447 0.004604265 0.009792190 0.005355126 -0.004676409 0.999974728 11.283562660
0.999888301 -0.013626529 -0.006144270 -0.036819346 0.013654325 0.999896586 0.004505258 0.013847511 0.006082244 -0.004588653 0.999970973 12.192975998
0.999879777 -0.013961180 -0.006742972 -0.047501326 0.013982618 0.999897301 0.003143152 0.014679637 0.006698396 -0.003237061 0.999972403 13.099486351
0.999845028 -0.015082720 -0.009079214 -0.038409553 0.015093531 0.999885440 0.001123901 0.014303615 0.009061222 -0.001260766 0.999958158 13.928469658
0.999808073 -0.016473832 -0.010599833 -0.049588189 0.016472366 0.999864280 -0.000225278 0.016823635 0.010602104 0.000050629 0.999943793 14.836688995
0.999795556 -0.016118594 -0.012208206 -0.064062953 0.016108526 0.999869823 -0.000922236 0.016883098 0.012221480 0.000725389 0.999925077 15.742547989
0.999793351 -0.014981070 -0.013740119 -0.081164867 0.014958786 0.999886572 -0.001723029 0.014110178 0.013764372 0.001517137 0.999904096 16.640436172
0.999790967 -0.013498119 -0.015362013 -0.100464091 0.013472630 0.999907672 -0.001761456 0.012935571 0.015384371 0.001554120 0.999880433 17.539535522
0.999760330 -0.014050235 -0.016788682 -0.118436560 0.014035990 0.999900937 -0.000965910 0.013057536 0.016800586 0.000730031 0.999858618 18.430500031
0.999743879 -0.013507003 -0.018154146 -0.140000284 0.013514517 0.999908566 0.000291462 0.012135372 0.018148543 -0.000536733 0.999835253 19.323196411
0.999722302 -0.013218329 -0.019504521 -0.162119791 0.013238485 0.999911845 0.000904673 0.011662876 0.019490842 -0.001162634 0.999809384 20.205137253
0.999679327 -0.014176951 -0.020982035 -0.185031712 0.014194631 0.999898911 0.000694054 0.011645952 0.020970069 -0.000991665 0.999779761 21.085010529
0.999643743 -0.014349305 -0.022503644 -0.208634049 0.014356199 0.999896765 0.000144809 0.014293134 0.022499241 -0.000467826 0.999746859 21.953966141
0.999615669 -0.014481523 -0.023634883 -0.232194573 0.014500358 0.999894500 0.000625775 0.013586314 0.023623329 -0.000968251 0.999720633 22.820022583
0.999593019 -0.014322102 -0.024668613 -0.256867647 0.014388690 0.999893188 0.002523933 0.016275875 0.024629831 -0.002877858 0.999692619 23.682672501
0.999557734 -0.015578103 -0.025328662 -0.280230820 0.015716856 0.999862313 0.005288277 0.018303812 0.025242796 -0.005684029 0.999665380 24.535709381
0.999541998 -0.015438381 -0.026022481 -0.304746181 0.015621573 0.999854326 0.006851268 0.019698247 0.025912920 -0.007254647 0.999638081 25.372907639
0.999536216 -0.015034316 -0.026479669 -0.331400782 0.015189989 0.999868274 0.005687668 0.022540018 0.026390675 -0.006087259 0.999633372 26.202882767
0.999544442 -0.013169517 -0.027150560 -0.363745004 0.013256200 0.999907494 0.003015186 0.025863551 0.027108341 -0.003373728 0.999626994 27.021284103
0.999527752 -0.012772615 -0.027945584 -0.389750987 0.012813735 0.999916971 0.001292817 0.028633542 0.027926750 -0.001650296 0.999608815 27.825824738
0.999510169 -0.011900487 -0.028943727 -0.417358696 0.011931759 0.999928296 0.000907891 0.030081291 0.028930850 -0.001252798 0.999580801 28.622817993
0.999474764 -0.011953081 -0.030116053 -0.444801241 0.011970303 0.999928176 0.000391606 0.028644901 0.030109212 -0.000751900 0.999546528 29.407999039
0.999413073 -0.011632950 -0.032215551 -0.471229792 0.011625096 0.999932170 -0.000431055 0.027762465 0.032218382 0.000056291 0.999481022 30.192226410
0.999341667 -0.011765012 -0.034314081 -0.497706592 0.011751570 0.999930680 -0.000593350 0.029608391 0.034318686 0.000189713 0.999411106 30.959381104
0.999270856 -0.011684372 -0.036346197 -0.528486133 0.011708884 0.999931276 0.000461663 0.032031499 0.036338307 -0.000886902 0.999339402 31.723035812
0.999195099 -0.011903360 -0.038304396 -0.562734306 0.012019870 0.999923706 0.002812852 0.032276403 0.038267996 -0.003271004 0.999262333 32.478282928
0.999130726 -0.010886314 -0.040235702 -0.597909451 0.011068928 0.999929368 0.004318680 0.033196382 0.040185846 -0.004760296 0.999181032 33.223880768
0.999072433 -0.009356880 -0.042024974 -0.638309658 0.009552769 0.999944329 0.004462893 0.033917986 0.041980870 -0.004860212 0.999106765 33.960983276
0.999015927 -0.007082208 -0.043781500 -0.681405187 0.007257407 0.999966264 0.003844032 0.033065252 0.043752808 -0.004157993 0.999033928 34.675773621
0.998944521 -0.005412841 -0.045607846 -0.719720483 0.005560741 0.999979615 0.003116664 0.035844378 0.045590054 -0.003366992 0.998954773 35.386573792
0.998872340 -0.005106894 -0.047199849 -0.756583214 0.005312227 0.999976933 0.004225890 0.038532011 0.047177196 -0.004471864 0.998876691 36.087787628
0.998828948 -0.003823102 -0.048227735 -0.796147466 0.004118971 0.999973238 0.006036960 0.043066263 0.048203371 -0.006228544 0.998818338 36.783935547
0.998831987 -0.001013597 -0.048305333 -0.835336089 0.001334607 0.999977171 0.006613667 0.044573620 0.048297539 -0.006670415 0.998810887 37.466320038
0.998889029 0.002061237 -0.047077358 -0.879806399 -0.001845499 0.999987602 0.004625679 0.044004425 0.047086313 -0.004533664 0.998880744 38.133251190
0.998965740 0.003691275 -0.045317136 -0.915951252 -0.003628395 0.999992371 0.001469798 0.046481539 0.045322221 -0.001303853 0.998971820 38.785346985
0.999063432 0.004235729 -0.043057822 -0.948639393 -0.004258670 0.999990821 -0.000441055 0.050287910 0.043055557 0.000624008 0.999072671 39.429069519
0.999191701 0.005372471 -0.039836228 -0.978870392 -0.005363750 0.999985635 0.000325841 0.053223528 0.039837413 -0.000111909 0.999206424 40.074722290
0.999281764 0.010091685 -0.036521573 -1.011970878 -0.009984626 0.999945283 0.003112727 0.051360726 0.036550980 -0.002745841 0.999328256 40.711994171
0.999368191 0.014387914 -0.032496702 -1.046574593 -0.014179424 0.999877453 0.006637221 0.051970005 0.032588210 -0.006172248 0.999450147 41.338439941
0.999415159 0.019391919 -0.028162424 -1.071779370 -0.019185411 0.999787211 0.007584766 0.054084361 0.028303506 -0.007040028 0.999574900 41.943412781
0.999472082 0.023140995 -0.022800431 -1.091756105 -0.022968639 0.999705911 0.007792691 0.058901757 0.022974052 -0.007264887 0.999710023 42.531124115
0.999493897 0.026924094 -0.016932407 -1.107376337 -0.026760552 0.999593735 0.009812415 0.062842727 0.017189708 -0.009354337 0.999808788 43.102935791
0.999440789 0.031798378 -0.010329064 -1.120860815 -0.031684022 0.999436915 0.011052313 0.064775586 0.010674683 -0.010718875 0.999885857 43.653858185
0.999379516 0.035071500 -0.003206176 -1.128229380 -0.035035137 0.999328077 0.010768594 0.065352291 0.003581677 -0.010649593 0.999937236 44.183750153
0.999253094 0.038416903 0.004131379 -1.130111814 -0.038459808 0.999201179 0.010862133 0.066460133 -0.003710806 -0.011012921 0.999932826 44.693328857
0.999017477 0.042745482 0.011688795 -1.130155444 -0.042867191 0.999027014 0.010368097 0.070276946 -0.011234253 -0.010858985 0.999878228 45.184539795
0.998700500 0.047153242 0.019331787 -1.127508640 -0.047308642 0.998851001 0.007661219 0.073339134 -0.018948346 -0.008565832 0.999784052 45.651313782
0.998425007 0.048981916 0.027350511 -1.118426800 -0.049122863 0.998782635 0.004504901 0.075713441 -0.027096579 -0.005841348 0.999616086 46.093769073
0.998159349 0.049352575 0.035245385 -1.102456570 -0.049533058 0.998763382 0.004265542 0.076637149 -0.034991309 -0.006003508 0.999369919 46.517261505
0.997884154 0.048621327 0.043164916 -1.080019474 -0.048908792 0.998787344 0.005627982 0.078298926 -0.042838976 -0.007727224 0.999052405 46.922649384
0.997419953 0.050302673 0.051217668 -1.060703039 -0.050694983 0.998693764 0.006388717 0.078466058 -0.050829433 -0.008968719 0.998667359 47.297645569
0.996760309 0.053446781 0.060103893 -1.044824123 -0.053939901 0.998522282 0.006611011 0.078325525 -0.059661776 -0.009831597 0.998170495 47.644664764
0.995944917 0.058173891 0.068625808 -1.017195702 -0.058723330 0.998256207 0.006014521 0.079723775 -0.068156295 -0.010020074 0.997624636 47.979576111
0.995054364 0.061815333 0.077754200 -0.999130249 -0.062473364 0.998028278 0.006056806 0.077833533 -0.077226527 -0.010884423 0.996954501 48.278316498
0.994316041 0.061180849 0.087136924 -0.970510483 -0.061998248 0.998053849 0.006702732 0.076853156 -0.086557299 -0.012066977 0.996174097 48.559795380
0.993375659 0.060093038 0.097947136 -0.938919067 -0.060862910 0.998134255 0.004888540 0.075486913 -0.097470656 -0.010817510 0.995179951 48.830566406
0.991942167 0.058819670 0.112210311 -0.981534004 -0.059130169 0.998250186 -0.000561857 0.107311428 -0.112047061 -0.006077691 0.993684649 49.133098602
0.989937723 0.058454301 0.128866032 -1.060219288 -0.058175426 0.998288929 -0.005930381 0.145280302 -0.128992230 -0.001626135 0.991644561 49.468582153
0.986522019 0.059637688 0.152373597 -1.251828194 -0.058761600 0.998219430 -0.010250398 0.206775963 -0.152713642 0.001158519 0.988270164 49.887413025
0.983017147 0.060543500 0.173239246 -1.369842529 -0.059100278 0.998161077 -0.013481826 0.273558378 -0.173736930 0.003014375 0.984787822 50.373146057
0.978925586 0.060722545 0.194981337 -1.486304283 -0.058551736 0.998141587 -0.016883256 0.347869813 -0.195644245 0.005110949 0.980662048 50.883728027
0.974166095 0.058562022 0.218107939 -1.605425835 -0.055391606 0.998251617 -0.020627527 0.440149426 -0.218934625 0.008013288 0.975706995 51.409908295
0.968339562 0.056592658 0.243137449 -1.740509033 -0.052270509 0.998339832 -0.024196636 0.546530485 -0.244103223 0.010721637 0.969690382 51.951644897
0.961663544 0.054562252 0.268749923 -1.872952461 -0.048818316 0.998414755 -0.028014814 0.658672452 -0.269852549 0.013820906 0.962802827 52.509563446
0.955446124 0.056599993 0.289688408 -1.786118507 -0.050030660 0.998295963 -0.030039027 0.654181957 -0.290895015 0.014207372 0.956649840 52.754531860
0.948249817 0.057837870 0.312213570 -1.689683914 -0.050384015 0.998220623 -0.031895861 0.648780227 -0.313502878 0.014514673 0.949476600 53.002098083
0.939916849 0.058924768 0.336280286 -1.582136154 -0.050825857 0.998167515 -0.032843783 0.643656492 -0.337599397 0.013778693 0.941189349 53.251655579
0.930284202 0.061703786 0.361613393 -1.468631744 -0.053217985 0.998024702 -0.033389386 0.635903001 -0.362959445 0.011817282 0.931730330 53.503177643
0.919303775 0.063840859 0.388336539 -1.346546173 -0.054871324 0.997909248 -0.034155857 0.628151178 -0.389705211 0.010091060 0.920884788 53.755661011
0.906845510 0.064427420 0.416510105 -1.217376709 -0.054806191 0.997882485 -0.035029780 0.616237879 -0.417885035 0.008939264 0.908456385 53.989334106
0.892853975 0.062504642 0.445988059 -1.072292328 -0.051583242 0.997997999 -0.036600091 0.604186893 -0.447382897 0.009673024 0.894290626 54.212493896
0.876549184 0.059723739 0.477592736 -0.915376663 -0.046947602 0.998149276 -0.038654950 0.592454314 -0.479017437 0.011461133 0.877730906 54.432258606
0.857736707 0.059080530 0.510683596 -0.749647141 -0.043609660 0.998155892 -0.042229626 0.581035137 -0.512236834 0.013951155 0.858731389 54.644561768
0.836677253 0.060934108 0.544296324 -0.574378967 -0.042358950 0.998014450 -0.046614975 0.569787264 -0.546056092 0.015945865 0.837597311 54.857181549
0.813260317 0.062934406 0.578487098 -0.383430481 -0.041375119 0.997872233 -0.050393097 0.558532953 -0.580427647 0.017047741 0.814133883 55.076007843
0.787068486 0.065758958 0.613350809 -0.183982849 -0.041903686 0.997704685 -0.053194594 0.544264078 -0.615440965 0.016166132 0.788017571 55.290508270
0.758083820 0.069421299 0.648451924 0.029073715 -0.044118300 0.997499645 -0.055212021 0.526592016 -0.650663435 0.013246741 0.759251118 55.506057739
0.726575136 0.073415071 0.683153808 0.263008118 -0.047070261 0.997257888 -0.057108175 0.508179665 -0.685473204 0.009337159 0.728038490 55.724681854
0.691917241 0.074462198 0.718126893 0.528190613 -0.046319585 0.997196555 -0.058769733 0.490247726 -0.720489681 0.007400457 0.693426728 55.942554474
0.653752089 0.071939878 0.753281713 0.822217941 -0.042170413 0.997387469 -0.058653943 0.470217228 -0.755533159 0.006578937 0.655077934 56.152744293
0.613206625 0.070431367 0.786776543 1.142372131 -0.038737565 0.997500122 -0.059103388 0.449903727 -0.788972497 0.005764788 0.614402175 56.357910156
0.569602549 0.069774747 0.818953514 1.486034393 -0.036081877 0.997552514 -0.059895523 0.429933548 -0.821128249 0.004567267 0.570726097 56.554298401
0.522372127 0.069396414 0.849889338 1.853303909 -0.031854413 0.997575521 -0.061876662 0.409950852 -0.852122784 0.005249918 0.523316383 56.737960815
0.473015875 0.068168394 0.878413141 2.257877350 -0.028352017 0.997663856 -0.062155508 0.386459947 -0.880598009 0.004495767 0.473843664 56.918411255
0.423100233 0.066114485 0.903667808 2.673122406 -0.026351461 0.997810483 -0.060664363 0.362666845 -0.905700028 0.001854143 0.423916221 57.081634521
0.372610450 0.063803554 0.925792038 3.108335495 -0.026086116 0.997959614 -0.058278132 0.340514421 -0.927621603 -0.002435278 0.373514742 57.227981567
0.322001934 0.063312493 0.944619894 3.553289413 -0.029107016 0.997951865 -0.056965064 0.320255041 -0.946291983 -0.009152204 0.323185444 57.354045868
0.272150278 0.063517354 0.960156322 4.008314133 -0.026908539 0.997931302 -0.058389250 0.298851132 -0.961878896 -0.009945752 0.273296595 57.454681396
0.224694103 0.060644291 0.972540557 4.480551720 -0.015791962 0.998157203 -0.058593120 0.273277879 -0.974301755 -0.002192793 0.225237817 57.520080566
0.179993749 0.055147629 0.982120812 4.992744446 -0.002694186 0.998451293 -0.055570856 0.248516858 -0.983664453 0.007356395 0.179863632 57.573314667
0.137471020 0.054539278 0.989003241 5.515273094 0.006232817 0.998415709 -0.055924710 0.227463067 -0.990486622 0.013852305 0.136913329 57.612289429
0.098498434 0.056024961 0.993558943 6.049598694 0.009328602 0.998318315 -0.057218142 0.207094133 -0.995093942 0.014904417 0.097810164 57.649070740
0.066194713 0.057068087 0.996173561 6.590322018 0.018078238 0.998130739 -0.058381505 0.179901600 -0.997643352 0.021873612 0.065039337 57.646476746
0.037203275 0.055393670 0.997771263 7.135789871 0.025274770 0.998090923 -0.056353834 0.145492017 -0.998988569 0.027314993 0.035732232 57.638118744
0.011904579 0.053939510 0.998473227 7.709265709 0.032165192 0.998006761 -0.054297816 0.119441569 -0.999412179 0.032762483 0.010145901 57.627952576
-0.007988792 0.053122558 0.998556137 8.290933609 0.036741570 0.997929215 -0.052795280 0.097973496 -0.999293387 0.036266755 -0.009924036 57.604782104
-0.023906611 0.054942999 0.998203278 8.880335808 0.039570380 0.997758210 -0.053970825 0.074258804 -0.998931289 0.038209029 -0.026027117 57.579181671
-0.037254333 0.054753605 0.997804761 9.476072311 0.040277489 0.997768760 -0.053247839 0.048860997 -0.998494327 0.038205363 -0.039376531 57.549026489
-0.049036331 0.055644732 0.997245789 10.081833839 0.041015446 0.997716904 -0.053654231 0.020051539 -0.997955024 0.038271468 -0.051206656 57.515518188
-0.058214750 0.058870830 0.996566832 10.699593544 0.045859788 0.997363746 -0.056239001 -0.004834771 -0.997250676 0.042428415 -0.060761079 57.470790863
-0.064809442 0.061153360 0.996022165 11.329496384 0.050166119 0.997058272 -0.057952754 -0.029327154 -0.996636391 0.046210688 -0.067686610 57.421401978
-0.069469452 0.060580079 0.995743096 11.974399567 0.050540093 0.997086465 -0.057135824 -0.055477828 -0.996303558 0.046355758 -0.072328761 57.372135162
-0.073275238 0.057904106 0.995629430 12.630786896 0.048100412 0.997356594 -0.054464526 -0.081436664 -0.996151686 0.043899298 -0.075866744 57.330852509
-0.075865507 0.051148430 0.995805502 13.307851791 0.045877080 0.997804940 -0.047755998 -0.106094748 -0.996062636 0.042061612 -0.078045525 57.282768250
-0.077149265 0.045710254 0.995971322 13.989122391 0.047102775 0.998000145 -0.042154741 -0.130984187 -0.995906830 0.043660805 -0.079148062 57.228881836
-0.077667519 0.043291461 0.996039093 14.679235458 0.049791224 0.997978628 -0.039493226 -0.157131493 -0.995735705 0.046526667 -0.079666063 57.170673370
-0.077348530 0.045763642 0.995953441 15.373909950 0.053123631 0.997716129 -0.041718915 -0.184028476 -0.995588362 0.049681768 -0.079603016 57.110485077
-0.076608375 0.053265288 0.995637655 16.073900223 0.054160856 0.997319996 -0.049187955 -0.208621681 -0.995589614 0.050156385 -0.079287961 57.056228638
-0.074226990 0.061451431 0.995346367 16.783208847 0.054949474 0.996835291 -0.057445571 -0.232421458 -0.995726883 0.050429747 -0.077368796 56.999691010
-0.072085798 0.062400062 0.995444655 17.508453369 0.055694435 0.996735692 -0.058447853 -0.258258522 -0.995842874 0.051227473 -0.075325817 56.946224213
-0.069928966 0.058090944 0.995859206 18.249067307 0.055053506 0.997006357 -0.054292016 -0.290593028 -0.996032357 0.051028956 -0.072917730 56.895130157
-0.067478277 0.051478665 0.996391892 18.993015289 0.054616686 0.997361243 -0.047829956 -0.330510676 -0.996225357 0.051192138 -0.070111796 56.846870422
-0.064862646 0.049732924 0.996654212 19.730892181 0.052763581 0.997531176 -0.046342820 -0.367123246 -0.996498883 0.049581129 -0.067326590 56.806125641
-0.061686859 0.055488285 0.996552110 20.458568573 0.060662445 0.996816039 -0.051747978 -0.400095880 -0.996250927 0.057261121 -0.064856499 56.752628326
-0.058296416 0.061215926 0.996420681 21.193824768 0.062351607 0.996392727 -0.057566278 -0.433039188 -0.996350825 0.058772534 -0.061903019 56.706119537
-0.055938158 0.061555915 0.996534944 21.935602188 0.056444310 0.996696353 -0.058397524 -0.466625094 -0.996838093 0.052982088 -0.059227824 56.675441742
-0.052615762 0.057763264 0.996942997 22.677831650 0.051946569 0.997132361 -0.055032670 -0.504805923 -0.997263432 0.048892178 -0.055465475 56.647388458
-0.047996692 0.054396275 0.997365296 23.426225662 0.056035262 0.997090101 -0.051684663 -0.547566056 -0.997275114 0.053406943 -0.050905116 56.607841492
-0.044480581 0.055617172 0.997460902 24.164278030 0.060847860 0.996746182 -0.052863896 -0.586029649 -0.997156143 0.058341946 -0.047720004 56.567218781
-0.041655395 0.060188882 0.997317612 24.906169891 0.060566422 0.996500313 -0.057609871 -0.623040676 -0.997295141 0.058004189 -0.045155019 56.539470673
-0.037947949 0.060856119 0.997425020 25.652732849 0.056898061 0.996656179 -0.058644481 -0.657762885 -0.997659147 0.054526106 -0.041283622 56.518627167
-0.034420576 0.060345385 0.997583985 26.402923584 0.056062829 0.996720195 -0.058358762 -0.698302627 -0.997834384 0.053918637 -0.037690789 56.499263763
-0.030851413 0.057398845 0.997874618 27.151668549 0.060134031 0.996647894 -0.055469126 -0.739045024 -0.997713923 0.058294922 -0.034199592 56.472671509
-0.027363900 0.058122519 0.997934520 27.899763107 0.064760841 0.996313989 -0.056252386 -0.781072974 -0.997526109 0.063087769 -0.031027069 56.445968628
-0.023838175 0.059117343 0.997966409 28.645343781 0.067563370 0.996062934 -0.057390731 -0.819541574 -0.997430682 0.066057876 -0.027738458 56.425128937
-0.021275017 0.059028931 0.998029709 29.391637802 0.068053082 0.996025681 -0.057459723 -0.858347178 -0.997455359 0.066696532 -0.025207531 56.411567688
-0.017903870 0.057556543 0.998181820 30.147293091 0.069602646 0.995991468 -0.056181841 -0.898838162 -0.997414649 0.068470210 -0.021838155 56.397998810
-0.014201943 0.056555275 0.998298526 30.899965286 0.071674451 0.995888352 -0.055399098 -0.941127896 -0.997327566 0.070765726 -0.018197078 56.383850098
-0.011340525 0.056813896 0.998320401 31.651138306 0.070022270 0.995978773 -0.055885218 -0.978528142 -0.997481525 0.069270886 -0.015273119 56.378269196
-0.008290373 0.058398820 0.998259008 32.403682709 0.067340836 0.996059537 -0.057710923 -1.017591000 -0.997696161 0.066745155 -0.012190288 56.377433777
-0.005601016 0.058510959 0.998271167 33.159748077 0.069038272 0.995927274 -0.057986245 -1.057146788 -0.997598827 0.068594128 -0.009617654 56.373584747
-0.002883354 0.058170535 0.998302579 33.924644470 0.066865511 0.996083558 -0.057848141 -1.097687006 -0.997758508 0.066585213 -0.006761616 56.375583649
-0.000685050 0.058459397 0.998289645 34.682384491 0.065254197 0.996164739 -0.058290206 -1.136326551 -0.997869134 0.065102652 -0.004497094 56.380519867
0.002138574 0.058391761 0.998291492 35.448570251 0.062241986 0.996350348 -0.058411565 -1.178198814 -0.998059332 0.062260561 -0.001503600 56.388217926
0.005471322 0.060288694 0.998166084 36.215137482 0.060908973 0.996307433 -0.060510311 -1.219972134 -0.998128891 0.061128333 0.001779049 56.395507812
0.008736975 0.063649744 0.997934222 36.985660553 0.059858494 0.996149302 -0.064059980 -1.264675140 -0.998169243 0.060294509 0.004893407 56.406471252
0.012190010 0.065762416 0.997760892 37.755275726 0.060118284 0.995981693 -0.066379637 -1.309872389 -0.998117387 0.060792845 0.008187559 56.415256500
0.015143431 0.067782648 0.997585356 38.536201477 0.054048758 0.996185422 -0.068508014 -1.353845835 -0.998424053 0.054955680 0.011422153 56.436355591
0.017694507 0.066811241 0.997608900 39.314567566 0.050380383 0.996437907 -0.067626454 -1.400159836 -0.998573899 0.051456522 0.014265562 56.460884094
0.021410484 0.067509063 0.997489095 40.101943970 0.052533694 0.996263266 -0.068553753 -1.450028896 -0.998390198 0.053869538 0.017784040 56.477176666
0.025243334 0.068528131 0.997329950 40.889469147 0.051814444 0.996217072 -0.069763169 -1.502084732 -0.998338342 0.053437140 0.021597154 56.498699188
0.028869284 0.069206372 0.997184813 41.686168671 0.047968298 0.996355116 -0.070537560 -1.550857544 -0.998432159 0.049869612 0.025444411 56.531265259
0.033021040 0.067292392 0.997186899 42.485610962 0.046929475 0.996526003 -0.068801858 -1.598847151 -0.998352885 0.049069364 0.029748397 56.562778473
0.037684463 0.067150652 0.997031093 43.286930084 0.047374841 0.996497691 -0.068905383 -1.654181719 -0.998166621 0.049830839 0.034371294 56.595550537
0.042712022 0.070591398 0.996590614 44.091197968 0.043973334 0.996401191 -0.072462641 -1.707514763 -0.998119831 0.046918426 0.039454244 56.637691498
0.048678949 0.079135776 0.995674670 44.889247894 0.042282648 0.995799422 -0.081212945 -1.762320280 -0.997919738 0.046053115 0.045128480 56.685222626
0.055933427 0.083828688 0.994909286 45.697349548 0.040722501 0.995448351 -0.086163566 -1.821280003 -0.997604251 0.045334604 0.052265201 56.735992432
0.063126691 0.086595535 0.994241655 46.513801575 0.036479108 0.995362461 -0.089009345 -1.884715080 -0.997339129 0.041887902 0.059675101 56.799316406
0.070258759 0.084733069 0.993923724 47.330535889 0.032751121 0.995652616 -0.087195627 -1.950514793 -0.996991694 0.038678356 0.067178302 56.867740631
0.077695899 0.083011955 0.993515313 48.151748657 0.032751352 0.995777190 -0.085762247 -2.016883135 -0.996439636 0.039202329 0.074649140 56.939327240
0.084615566 0.079637364 0.993226349 48.976203918 0.032196805 0.996061862 -0.082607709 -2.080311775 -0.995893955 0.038968589 0.081718355 57.022811890
0.091439538 0.074540645 0.993017137 49.806049347 0.030608464 0.996512830 -0.077621616 -2.136301041 -0.995340705 0.037492391 0.088839196 57.118873596
0.098267883 0.067253798 0.992885053 50.620426178 0.028247304 0.997123241 -0.070336625 -2.187623262 -0.994759619 0.034958139 0.096085548 57.216033936
0.105319560 0.064172566 0.992366016 51.436267853 0.026986215 0.997363687 -0.067359827 -2.255590439 -0.994072735 0.033874493 0.103310227 57.315399170
0.112340592 0.066043280 0.991472781 52.243766785 0.026891140 0.997221231 -0.069473200 -2.310806751 -0.993306279 0.034466479 0.110252552 57.412479401
0.118097633 0.072839841 0.990327179 53.038825989 0.027569676 0.996680975 -0.076594949 -2.363754749 -0.992619693 0.036348667 0.115697615 57.512657166
0.123307943 0.076342560 0.989427865 53.833366394 0.026104230 0.996441841 -0.080137052 -2.421250582 -0.992025554 0.035709776 0.120876461 57.613121033
0.128454074 0.079356432 0.988535583 54.621089935 0.024756065 0.996225953 -0.083190732 -2.484164715 -0.991406977 0.035158426 0.126004845 57.717964172
0.133867443 0.078885429 0.987854719 55.404548645 0.022197198 0.996337950 -0.082570888 -2.545725822 -0.990751147 0.032981150 0.131626308 57.829177856
0.139127672 0.076289520 0.987331629 56.179176331 0.026164692 0.996396780 -0.080676943 -2.604740620 -0.989929259 0.037057612 0.136630401 57.935192108
0.143767357 0.069705829 0.987153769 56.945472717 0.026892288 0.996872604 -0.074308693 -2.659273624 -0.989246488 0.037229974 0.141443342 58.045356750
0.147402659 0.063519873 0.987034976 57.703815460 0.025219442 0.997369766 -0.067951240 -2.714468002 -0.988755524 0.034908656 0.145413175 58.158226013
0.150450528 0.060217995 0.986781955 58.449920654 0.021259613 0.997715294 -0.064126581 -2.765321255 -0.988389492 0.030626466 0.148826689 58.282398224
0.153814867 0.060218684 0.986263156 59.185192108 0.019687975 0.997756183 -0.063990951 -2.816235542 -0.987904072 0.029260261 0.152284309 58.399742126
0.155954957 0.062371578 0.985793114 59.910156250 0.017801018 0.997664869 -0.065938905 -2.862843513 -0.987604380 0.027831603 0.154480636 58.520103455
0.157339647 0.066559412 0.985299051 60.622478485 0.013767544 0.997481227 -0.069580883 -2.911884069 -0.987449110 0.024512965 0.156027123 58.643981934
0.159478262 0.070824005 0.984657705 61.322242737 0.012414138 0.997200370 -0.073736846 -2.961159706 -0.987123966 0.023983080 0.158152744 58.762405396
0.161741629 0.076278634 0.983880818 62.015243530 0.011829265 0.996786594 -0.079223871 -3.012686014 -0.986762762 0.024452368 0.160319701 58.878223419
0.163125366 0.078428663 0.983483315 62.697387695 0.012563865 0.996589422 -0.081557736 -3.062835455 -0.986525893 0.025660468 0.161583766 58.996189117
0.164462581 0.078354955 0.983266532 63.375484467 0.009982622 0.996656597 -0.081091739 -3.114406824 -0.986333430 0.023152106 0.163130641 59.116230011
0.164872482 0.075478770 0.983422875 64.043930054 0.009913646 0.996890485 -0.078174494 -3.168203831 -0.986265600 0.022638107 0.163611665 59.233093262
0.165693820 0.073012598 0.983470917 64.705718994 0.010122521 0.997077107 -0.075728178 -3.219472885 -0.986125827 0.022502866 0.164470583 59.343627930
0.165657222 0.071936071 0.983556449 65.364837646 0.010956964 0.997140229 -0.074775048 -3.267502308 -0.986123025 0.023163792 0.164395392 59.455585480
0.164155558 0.071581148 0.983834207 66.007194519 0.010229849 0.997186482 -0.074259549 -3.314458370 -0.986381948 0.022254568 0.162961587 59.566635132
0.162396491 0.072476417 0.984060526 66.639480591 0.009079858 0.997146785 -0.074938685 -3.362922668 -0.986684263 0.021104883 0.161275208 59.674537659
0.160140529 0.075254604 0.984221697 67.258872986 0.008198290 0.996953845 -0.077562086 -3.412578344 -0.987060666 0.020489743 0.159035876 59.778964996
0.157924116 0.079218656 0.984268785 67.869064331 0.009978826 0.996597826 -0.081812091 -3.461773157 -0.987401307 0.022741918 0.156596437 59.874504089
0.156450629 0.079762116 0.984460175 68.479660034 0.012477393 0.996494651 -0.082720123 -3.508338451 -0.987607479 0.025225081 0.154907122 59.965053558
0.154143214 0.078718260 0.984908104 69.082420349 0.011317146 0.996615231 -0.081425212 -3.553937912 -0.987984240 0.023697462 0.152730733 60.062309265
0.151606575 0.075789317 0.985531390 69.671920776 0.011051852 0.996863902 -0.078360997 -3.600068808 -0.988379657 0.022771960 0.150293618 60.154460907
0.149507239 0.071829259 0.986148477 70.255676270 0.011385940 0.997166634 -0.074358046 -3.649471283 -0.988695681 0.022345262 0.148265913 60.241806030
0.147690475 0.070972115 0.986484170 70.823127747 0.014955066 0.997147799 -0.073978335 -3.696216345 -0.988921165 0.025678800 0.146207929 60.321525574
0.145886824 0.072524518 0.986639559 71.376533508 0.018574685 0.996932685 -0.076027676 -3.739113808 -0.989127457 0.029417928 0.144092321 60.398311615
0.143431768 0.074814953 0.986828625 71.928298950 0.022737108 0.996626318 -0.078862563 -3.777466536 -0.989399552 0.033749007 0.141246930 60.471466064
0.141741857 0.076597661 0.986936092 72.479484558 0.022192096 0.996505380 -0.080527611 -3.818232775 -0.989655495 0.033316281 0.139546782 60.550697327
0.140396520 0.079132430 0.986928344 73.028846741 0.021795213 0.996312499 -0.082985416 -3.861771584 -0.989856064 0.033161160 0.138154238 60.631652832
0.139133394 0.077475727 0.987238586 73.584960938 0.023573473 0.996393263 -0.081516482 -3.908090591 -0.989993632 0.034614284 0.136805356 60.708835602
0.139874056 0.076155730 0.987236619 74.139610291 0.029628199 0.996269643 -0.081050389 -3.948696613 -0.989726484 0.040586870 0.137096033 60.779228210
0.142164111 0.074437283 0.987040579 74.712417603 0.034749225 0.996178448 -0.080131441 -3.989181519 -0.989233673 0.045690686 0.139034301 60.851024628
0.144114524 0.073914275 0.986796975 75.272262573 0.037668765 0.996074080 -0.080110468 -4.030231953 -0.988844514 0.048716482 0.140764624 60.930747986
0.147399679 0.073444597 0.986346662 75.831977844 0.035106629 0.996222377 -0.079426363 -4.075098515 -0.988454461 0.046334703 0.144264609 61.025077820
0.152944475 0.073950686 0.985464275 76.397834778 0.034150094 0.996205211 -0.080056868 -4.118196487 -0.987645328 0.045897931 0.149838790 61.117111206
0.159507796 0.073065266 0.984489262 76.957611084 0.034921389 0.996215582 -0.079593599 -4.157444477 -0.986579537 0.047075517 0.156352729 61.213871002
0.167309314 0.073300630 0.983176112 77.530509949 0.033180345 0.996248782 -0.079921730 -4.196847916 -0.985346675 0.045993742 0.164249688 61.315132141
0.175663069 0.071146920 0.981876314 78.111488342 0.033674173 0.996367216 -0.078221492 -4.239708900 -0.983874977 0.046804477 0.172629237 61.427036285
0.184670106 0.070718281 0.980253220 78.695861816 0.030070355 0.996534288 -0.077557884 -4.286481857 -0.982341170 0.043799162 0.181903690 61.547500610
0.194462389 0.070329711 0.978385746 79.288818359 0.028996985 0.996578276 -0.077400923 -4.330852032 -0.980481982 0.043421779 0.191757768 61.674533844
0.204071552 0.074193791 0.976140738 79.881736755 0.023464065 0.996466756 -0.080644183 -4.371964455 -0.978675425 0.039361380 0.201609775 61.813293457
0.213506296 0.076296449 0.973958194 80.482177734 0.020038333 0.996394157 -0.082446776 -4.415676594 -0.976736903 0.037119381 0.211207673 61.960109711
0.224444777 0.078891702 0.971288502 81.096473694 0.015955906 0.996286631 -0.084609278 -4.462037086 -0.974356949 0.034487877 0.222352594 62.113578796
0.234784469 0.080621585 0.968698561 81.717262268 0.014547573 0.996151686 -0.086432390 -4.512701988 -0.971939325 0.034385171 0.232708201 62.274055481
0.244610593 0.081310645 0.966206312 82.345146179 0.011387282 0.996168137 -0.086714990 -4.562278748 -0.969555259 0.032213844 0.242747486 62.445144653
0.255019248 0.081689730 0.963479400 82.984992981 0.010449067 0.996133983 -0.087224178 -4.613837242 -0.966880322 0.032311276 0.253179878 62.624839783
0.265223086 0.082499988 0.960651398 83.631271362 0.006233996 0.996165276 -0.087271094 -4.664077759 -0.964167655 0.029134974 0.263691783 62.817565918
0.275968850 0.077614106 0.958028078 84.297401428 0.006639700 0.996556878 -0.082648188 -4.715036392 -0.961144328 0.029169308 0.274503380 63.015506744
0.286827147 0.070661053 0.955372930 84.975601196 0.010258688 0.996992409 -0.076819278 -4.766424656 -0.957928181 0.031834692 0.285239697 63.220718384
0.297886729 0.066364504 0.952291787 85.658615112 0.011745777 0.997250378 -0.073171914 -4.817740440 -0.954529703 0.032982320 0.296288252 63.437034607
0.308361471 0.063092090 0.949174881 86.349571228 0.010868158 0.997499466 -0.069835104 -4.866048813 -0.951207876 0.031850200 0.306904852 63.667701721
0.317686141 0.061293386 0.946213007 87.043151855 0.016459648 0.997401834 -0.070135586 -4.908825397 -0.948053777 0.037855409 0.315851927 63.907402039
0.326296210 0.056177199 0.943597078 87.757293701 0.022950783 0.997467458 -0.067320861 -4.949277401 -0.944989562 0.043622799 0.324180692 64.150169373
0.333344162 0.046987187 0.941633880 88.487892151 0.032607332 0.997585297 -0.061322428 -4.991877556 -0.942241788 0.051145613 0.331007361 64.398071289
0.340573788 0.042895138 0.939239025 89.214904785 0.037875880 0.997521996 -0.059291035 -5.035354614 -0.939455152 0.055767450 0.338105321 64.656646729
0.348169237 0.042657740 0.936460853 89.951736450 0.040458776 0.997349620 -0.060473703 -5.086875439 -0.936558962 0.058943123 0.345520645 64.921035767
0.355951667 0.049097687 0.933214009 90.621864319 0.041884158 0.996777356 -0.068417624 -5.141410828 -0.933565915 0.063440233 0.352748275 65.150833130
0.363300949 0.053620167 0.930127859 91.351417542 0.045683455 0.996116519 -0.075268000 -5.186512947 -0.930551827 0.069836378 0.359440565 65.430053711
0.368735611 0.055744793 0.927861631 92.075241089 0.043774158 0.996051431 -0.077237658 -5.238549232 -0.928503633 0.069096617 0.364839524 65.721282959
0.373374015 0.057036597 0.925926208 92.796806335 0.036765695 0.996414363 -0.076204263 -5.294716835 -0.926952720 0.062494989 0.369938284 66.025352478
0.377249509 0.060491536 0.924134314 93.494361877 0.029930746 0.996547043 -0.077449895 -5.356326580 -0.925628483 0.056877948 0.374136358 66.327362061
0.381343544 0.063640520 0.922240496 94.192710876 0.029042361 0.996310472 -0.080760844 -5.414104939 -0.923977733 0.057581656 0.378088385 66.622421265
0.385473281 0.067752317 0.920228422 94.883926392 0.025781291 0.996120512 -0.084139489 -5.472903728 -0.922359407 0.056158181 0.382231206 66.920471191
0.389037460 0.070768587 0.918499947 95.566452026 0.022640688 0.996009409 -0.086330265 -5.532364845 -0.920944333 0.054381162 0.385882765 67.219795227
0.393028706 0.069174320 0.916920841 96.241386414 0.021492841 0.996203005 -0.084368274 -5.593123913 -0.919275582 0.052866384 0.390049636 67.515830994
0.397233963 0.066054642 0.915337384 96.907249451 0.022577915 0.996401131 -0.081702881 -5.652182579 -0.917440176 0.053121570 0.394313037 67.804542542
0.400892138 0.063149579 0.913946450 97.562309265 0.022473492 0.996643484 -0.078721374 -5.710315228 -0.915850282 0.052098334 0.398127288 68.091247559
0.404473007 0.062149040 0.912436068 98.207221985 0.021490689 0.996767104 -0.077419788 -5.767636299 -0.914298177 0.050923068 0.401829749 68.384948730
0.407988369 0.063769303 0.910757601 98.839294434 0.019571532 0.996717811 -0.078555502 -5.821897507 -0.912778020 0.049874637 0.405401170 68.673461914
0.410828531 0.064271532 0.909444690 99.462432861 0.020720635 0.996596396 -0.079790987 -5.874673843 -0.911477923 0.051624652 0.408098489 68.956085205
0.413047642 0.062380824 0.908570766 100.079444885 0.022922780 0.996623218 -0.078847416 -5.927251816 -0.910421610 0.053394686 0.410222918 69.235260010
0.414818376 0.061375495 0.907832265 100.692314148 0.024817945 0.996588290 -0.078716226 -5.983135223 -0.909566283 0.055183455 0.411879927 69.517738342
0.416637242 0.061184932 0.907011747 101.291572571 0.023574721 0.996670008 -0.078062214 -6.036427021 -0.908767819 0.053906158 0.413807362 69.798622131
0.418664962 0.060564395 0.906119227 101.882308960 0.025184616 0.996615887 -0.078249536 -6.086040497 -0.907792211 0.055580594 0.415722758 70.072357178
0.421348870 0.062500454 0.904742658 102.464843750 0.024621705 0.996466517 -0.080303505 -6.132225037 -0.906565070 0.056112085 0.418321192 70.345252991
0.424183547 0.062620729 0.903408766 103.034606934 0.027581790 0.996250272 -0.082006864 -6.182552814 -0.905156732 0.059703577 0.420865715 70.611434937
0.427280039 0.062053375 0.901987672 103.590866089 0.029143810 0.996178329 -0.082339108 -6.234737873 -0.903650284 0.061469201 0.423838645 70.874084473
0.430501938 0.060400706 0.900566697 104.146148682 0.032223389 0.996093869 -0.082211651 -6.283587933 -0.902014971 0.064411581 0.426874131 71.137512207
0.433955640 0.059523296 0.898966074 104.691123962 0.033638600 0.996048987 -0.082189798 -6.332036018 -0.900306821 0.065906674 0.430238783 71.400260925
0.437245250 0.059122678 0.897397161 105.221725464 0.034676511 0.995986581 -0.082513742 -6.379991531 -0.898674309 0.067197338 0.433440238 71.660163879
0.440734416 0.058383830 0.895737112 105.746650696 0.035215810 0.995989859 -0.082245767 -6.428771973 -0.896947265 0.067792632 0.436910987 71.918899536
0.444177836 0.058001425 0.894059598 106.270622253 0.036792256 0.995879829 -0.082885772 -6.473184586 -0.895183444 0.069710471 0.440213770 72.181861877
0.448214412 0.059457775 0.891946852 106.786705017 0.036412831 0.995743275 -0.084674880 -6.516817570 -0.893184781 0.070430793 0.444141477 72.443298340
0.452641487 0.059802491 0.889685214 107.299751282 0.038473848 0.995509803 -0.086489998 -6.562015057 -0.890862823 0.073378563 0.448308140 72.700439453
0.457533389 0.063211411 0.886943102 107.804550171 0.036295533 0.995311201 -0.089657947 -6.610426426 -0.888452053 0.073213570 0.453093827 72.964302063
0.463110864 0.069085978 0.883603930 108.304382324 0.032788955 0.994939625 -0.094976194 -6.659640312 -0.885694325 0.072956949 0.458502054 73.233840942
0.469223261 0.076193698 0.879786789 108.801406860 0.027662113 0.994513869 -0.100882925 -6.707590580 -0.882646799 0.071673349 0.464541286 73.506072998
0.475522876 0.082497731 0.875826955 109.296913147 0.022538390 0.994123936 -0.105877712 -6.758167267 -0.879415214 0.070086978 0.470869273 73.786140442
0.482300252 0.086996637 0.871675730 109.796508789 0.019000970 0.993783712 -0.109696835 -6.810071945 -0.875800610 0.069469467 0.477649003 74.066505432
0.487909436 0.087423235 0.868505657 110.301757812 0.014659459 0.994011343 -0.108291999 -6.861251831 -0.872771800 0.065568484 0.483705848 74.364044189
0.493477583 0.086523198 0.865444422 110.805053711 0.007965010 0.994548500 -0.103972130 -6.914149761 -0.869722605 0.058201179 0.490098149 74.669174194
0.499490142 0.084038295 0.862234116 111.319122314 0.001654316 0.995189607 -0.097955316 -6.966794968 -0.866318583 0.050354104 0.496948242 74.980766296
0.505416811 0.081978537 0.858972549 111.838729858 -0.004686201 0.995723009 -0.092272423 -7.023407936 -0.862863243 0.042610690 0.503639221 75.306060791
0.511694431 0.079959676 0.855439007 112.364883423 -0.007369551 0.996031880 -0.088693053 -7.076661110 -0.859136462 0.039079513 0.510253251 75.633804321
0.518164635 0.083530910 0.851192415 112.894325256 -0.012621263 0.995857894 -0.090044364 -7.127572060 -0.855188429 0.035914667 0.517072558 75.969512939
0.524381816 0.087491103 0.846976638 113.430091858 -0.016665425 0.995571196 -0.092522793 -7.179891109 -0.851320744 0.034402024 0.523517489 76.318168640
0.530501723 0.090878695 0.842798650 113.973785400 -0.019797035 0.995293856 -0.094860986 -7.236206532 -0.847453475 0.033638969 0.529804170 76.679313660
0.536954641 0.093079790 0.838460863 114.529434204 -0.022122672 0.995106459 -0.096302047 -7.288823605 -0.843321800 0.033160798 0.536386192 77.048423767
