1.000000000 0.000000000 0.000000000 0.000000000 0.000000000 1.000000000 0.000000000 0.000000000 0.000000000 0.000000000 1.000000000 0.000000000
0.999999523 0.000496269 0.000823551 -0.015792193 -0.000496652 0.999999762 0.000465010 0.006531939 -0.000823320 -0.000465419 0.999999523 0.051794596
0.999998391 0.001480371 0.001004869 -0.026192291 -0.001481959 0.999997675 0.001581655 -0.003960334 -0.001002526 -0.001583142 0.999998271 0.163546786
0.999991119 0.004202107 0.000271852 -0.036259066 -0.004202073 0.999991179 -0.000125655 -0.000152078 -0.000272377 0.000124512 0.999999940 0.274533838
0.999983907 0.005542744 -0.001200387 -0.034026463 -0.005544157 0.999983966 -0.001176815 0.012889092 0.001193845 0.001183451 0.999998569 0.388559341
0.999977350 0.006353275 -0.002213676 -0.021327632 -0.006355062 0.999979496 -0.000800687 0.008721381 0.002208543 0.000814737 0.999997258 0.551094890
0.999986470 0.004819221 -0.001951725 -0.029357955 -0.004818458 0.999988377 0.000395924 -0.014989751 0.001953610 -0.000386514 0.999998093 1.888432264
0.999984026 0.005195263 -0.002192924 -0.035408713 -0.005193345 0.999986172 0.000879643 -0.035964213 0.002197463 -0.000868240 0.999997318 3.226758718
0.999978662 0.006026892 -0.002518762 -0.045549277 -0.006028983 0.999981523 -0.000822849 -0.062607519 0.002513756 0.000838017 0.999996543 4.567669868
0.999957860 0.008811792 -0.002521636 -0.057115953 -0.008819859 0.999955952 -0.003205560 -0.080814637 0.002493278 0.003227666 0.999991775 5.898640633
0.999921143 0.012383630 -0.002008229 -0.077320769 -0.012391920 0.999914527 -0.004168288 -0.105340950 0.001956438 0.004192845 0.999989450 7.232919693
0.999890089 0.014703438 -0.001826596 -0.092644364 -0.014711079 0.999882817 -0.004240588 -0.133185565 0.001764030 0.004266992 0.999989510 8.584264755
0.999873281 0.015841471 -0.001447396 -0.107995063 -0.015846280 0.999868691 -0.003370149 -0.160371244 0.001393817 0.003392658 0.999993384 9.932596207
0.999909461 0.013415934 -0.000896138 -0.116243012 -0.013416500 0.999909818 -0.000625312 -0.185628399 0.000887668 0.000637277 0.999999523 11.293133736
0.999956787 0.009264573 -0.000618947 -0.119658552 -0.009263811 0.999956310 0.001229141 -0.211282074 0.000630306 -0.001223356 0.999999166 12.648140907
0.999973238 0.007188671 -0.001164954 -0.120540768 -0.007190238 0.999973238 -0.001344049 -0.231855139 0.001155260 0.001352389 0.999998569 14.023854256
0.999980271 0.006114142 -0.001258560 -0.125458986 -0.006118307 0.999975681 -0.003330983 -0.255106211 0.001238162 0.003338617 0.999993742 15.392227173
0.999964058 0.008420821 -0.000721457 -0.134793311 -0.008424254 0.999952555 -0.004891477 -0.283197820 0.000680232 0.004897379 0.999987841 16.759456635
0.999938905 0.011028265 0.000123217 -0.145143613 -0.011027882 0.999935329 -0.002786453 -0.308137238 -0.000153940 0.002784923 0.999996185 18.132074356
0.999931455 0.011671410 0.000566868 -0.151348084 -0.011671767 0.999931693 0.000623982 -0.331229657 -0.000559548 -0.000630557 0.999999762 19.508382797
0.999950767 0.009855303 0.000991642 -0.154470831 -0.009857705 0.999948442 0.002440491 -0.346063972 -0.000967541 -0.002450148 0.999996543 20.859573364
0.999981403 0.006028704 0.000694277 -0.154892251 -0.006029045 0.999981701 0.000482491 -0.365942895 -0.000691357 -0.000486670 0.999999642 22.245218277
0.999982893 0.005778978 0.000635040 -0.157851607 -0.005777822 0.999981761 -0.001813479 -0.388628870 -0.000645510 0.001809777 0.999998152 23.639110565
0.999982834 0.005717770 0.001206689 -0.162690401 -0.005712454 0.999974132 -0.004367441 -0.414448738 -0.001231631 0.004360472 0.999989748 25.034034729
0.999953568 0.009421700 0.001961421 -0.174541265 -0.009411410 0.999942243 -0.005192795 -0.443797886 -0.002010234 0.005174094 0.999984622 26.423650742
0.999943316 0.010372633 0.002365632 -0.180787906 -0.010355066 0.999919593 -0.007323889 -0.474255383 -0.002441411 0.007298978 0.999970376 27.821020126
0.999932885 0.011306236 0.002471977 -0.185690850 -0.011289340 0.999913692 -0.006746554 -0.504819632 -0.002548043 0.006718195 0.999974191 29.220548630
0.999933839 0.011244001 0.002388437 -0.190591723 -0.011230639 0.999921679 -0.005538284 -0.535836816 -0.002450524 0.005511093 0.999981821 30.628133774
0.999919236 0.012513935 0.002187282 -0.199067533 -0.012505063 0.999913871 -0.004025669 -0.565074027 -0.002237473 0.003997993 0.999989450 32.039257050
0.999880135 0.015317822 0.002207640 -0.208327681 -0.015309239 0.999875486 -0.003855708 -0.591199875 -0.002266429 0.003821449 0.999990046 33.453411102
0.999840260 0.017680638 0.002587470 -0.217681378 -0.017669389 0.999834597 -0.004310629 -0.618887007 -0.002663259 0.004264221 0.999987364 34.867900848
0.999799967 0.019835303 0.002556996 -0.225399584 -0.019825419 0.999796152 -0.003837527 -0.647474408 -0.002632594 0.003786067 0.999989450 36.288681030
0.999786317 0.020544210 0.002295542 -0.231942222 -0.020535212 0.999781668 -0.003880721 -0.674678504 -0.002374769 0.003832752 0.999989808 37.703865051
0.999807715 0.019523408 0.001838259 -0.235107541 -0.019516010 0.999801695 -0.003963265 -0.703876138 -0.001915273 0.003926627 0.999990463 39.116378784
0.999826431 0.018579954 0.001267409 -0.240815639 -0.018574178 0.999817610 -0.004432437 -0.731366932 -0.001349534 0.004408127 0.999989390 40.512374878
0.999831915 0.018315604 0.000601354 -0.250312507 -0.018312823 0.999822974 -0.004353039 -0.760293484 -0.000680977 0.004341295 0.999990344 41.921333313
0.999826372 0.018623432 -0.000269424 -0.258613050 -0.018624227 0.999821186 -0.003304827 -0.787667453 0.000207827 0.003309272 0.999994516 43.344165802
0.999819577 0.018933678 -0.001459858 -0.264876813 -0.018939072 0.999813616 -0.003766059 -0.815097153 0.001388279 0.003793028 0.999991834 44.768592834
0.999813616 0.019115532 -0.002663652 -0.272334874 -0.019124204 0.999811888 -0.003265344 -0.843462706 0.002600730 0.003315676 0.999991119 46.198665619
0.999806166 0.019297961 -0.003867351 -0.281518698 -0.019308729 0.999809921 -0.002764405 -0.871111274 0.003813266 0.002838543 0.999988675 47.628738403
0.999828160 0.018056544 -0.004176020 -0.306741238 -0.018063208 0.999835670 -0.001561526 -0.901346624 0.004147137 0.001636690 0.999989986 49.078323364
0.999848425 0.016762534 -0.004690003 -0.318013549 -0.016769445 0.999858439 -0.001435102 -0.928626776 0.004665281 0.001513534 0.999987900 50.523578644
0.999886930 0.014137742 -0.005095955 -0.328583091 -0.014148558 0.999897838 -0.002090365 -0.955878139 0.005065879 0.002162229 0.999984801 51.962772369
0.999901175 0.013046603 -0.005226803 -0.338968635 -0.013055635 0.999913394 -0.001695955 -0.985895395 0.005204222 0.001764027 0.999984860 53.411811829
0.999914885 0.012122943 -0.004799957 -0.352494955 -0.012128900 0.999925852 -0.001211856 -1.013577819 0.004784909 0.001269972 0.999987662 54.818542480
0.999932945 0.010820575 -0.004083882 -0.365513623 -0.010822828 0.999941468 -0.000527179 -1.041388631 0.004077937 0.000571343 0.999991536 56.254104614
0.999952197 0.009116411 -0.003482421 -0.375505626 -0.009119741 0.999958098 -0.000938169 -1.069213390 0.003473721 0.000969884 0.999993563 57.684814453
0.999968886 0.007257979 -0.003039077 -0.383000255 -0.007262831 0.999972522 -0.001585055 -1.099161148 0.003027487 0.001607079 0.999994159 59.110530853
0.999966562 0.007830662 -0.002319168 -0.392672539 -0.007835046 0.999967694 -0.001882836 -1.130758047 0.002304347 0.001900945 0.999995589 60.535495758
0.999955356 0.009281563 -0.001662209 -0.401332498 -0.009285070 0.999954760 -0.002108201 -1.160739899 0.001642565 0.002123541 0.999996483 61.966892242
0.999927104 0.012026170 -0.000978873 -0.411703855 -0.012026744 0.999927700 -0.000569861 -1.190429807 0.000971946 0.000581592 0.999999344 63.383571625
0.999884248 0.015205706 -0.000070197 -0.425037980 -0.015205662 0.999884367 0.000730943 -1.217929363 0.000081301 -0.000729791 0.999999642 64.796195984
0.999816895 0.019117456 0.000709584 -0.437130868 -0.019118343 0.999816656 0.001243176 -1.245077610 -0.000685690 -0.001256513 0.999998927 66.211441040
0.999726474 0.023348456 0.001225321 -0.447842151 -0.023349661 0.999727011 0.000968504 -1.272158742 -0.001202376 -0.000996850 0.999998748 67.636085510
0.999645948 0.026529880 0.001965623 -0.459332108 -0.026530551 0.999648094 0.000308844 -1.297196984 -0.001956739 -0.000360883 0.999998033 69.028495789
0.999595463 0.028317310 0.002608474 -0.466580212 -0.028317839 0.999599159 0.000158937 -1.324591398 -0.002602930 -0.000232738 0.999996483 70.439659119
0.999588907 0.028502988 0.003032348 -0.473163784 -0.028504429 0.999593794 0.000427911 -1.350125432 -0.003018921 -0.000514170 0.999995232 71.840522766
0.999614120 0.027566589 0.003378720 -0.480491519 -0.027566714 0.999620140 -0.000015467 -1.374446273 -0.003377865 -0.000077679 0.999994218 73.230377197
0.999658406 0.025937812 0.003126658 -0.477834433 -0.025935378 0.999663532 -0.000820974 -1.400939107 -0.003146902 0.000739603 0.999994695 74.625572205
0.999668658 0.025587976 0.002736896 -0.477674425 -0.025585318 0.999672353 -0.001006062 -1.428251624 -0.002761745 0.000935704 0.999995589 76.024436951
0.999688387 0.024803644 0.002743096 -0.485549837 -0.024801580 0.999692261 -0.000789825 -1.452239633 -0.002761845 0.000721546 0.999995828 77.414695740
0.999696553 0.024514815 0.002328049 -0.490984499 -0.024511939 0.999698997 -0.001263323 -1.480440617 -0.002358320 0.001205875 0.999996424 78.800781250
0.999695122 0.024626667 0.001669948 -0.498222232 -0.024625098 0.999696493 -0.000961576 -1.507717133 -0.001693124 0.000920161 0.999998033 80.188217163
0.999712527 0.023956047 0.000729529 -0.503877997 -0.023956019 0.999713182 -0.000069710 -1.536468267 -0.000730993 0.000052214 0.999999583 81.572822571
0.999763191 0.021749010 -0.000322419 -0.509556651 -0.021748759 0.999763310 0.000804908 -1.561867714 0.000339845 -0.000797705 0.999999464 82.961624146
0.999813437 0.019251429 -0.001383909 -0.518258750 -0.019249866 0.999814212 0.001147316 -1.581736207 0.001405737 -0.001120461 0.999998212 84.338882446
0.999852002 0.017052641 -0.002115454 -0.525674641 -0.017050326 0.999854088 0.001115436 -1.605035067 0.002134164 -0.001079202 0.999997020 85.725265503
0.999872983 0.015701387 -0.002596979 -0.534208477 -0.015699822 0.999876618 0.000628300 -1.630697012 0.002606521 -0.000587448 0.999996245 87.084800720
0.999890625 0.014494505 -0.002815216 -0.543938160 -0.014494112 0.999895036 0.000165172 -1.656096101 0.002817312 -0.000124349 0.999995887 88.441505432
0.999880731 0.015141750 -0.002938690 -0.555892587 -0.015143519 0.999885321 -0.000575682 -1.680068016 0.002929633 0.000620116 0.999995351 89.784637451
0.999891162 0.014454255 -0.002832933 -0.564698815 -0.014457316 0.999895096 -0.001057801 -1.708313823 0.002817344 0.001098643 0.999995172 91.163925171
0.999878824 0.015320417 -0.002613880 -0.578153968 -0.015325233 0.999880970 -0.001825845 -1.736229539 0.002585594 0.001865682 0.999994695 92.522224426
0.999860704 0.016504476 -0.002312778 -0.591722429 -0.016508155 0.999862611 -0.001572517 -1.762341142 0.002286504 0.001610478 0.999995887 93.873123169
0.999847889 0.017323444 -0.001820937 -0.608056784 -0.017324081 0.999849975 -0.000324936 -1.788169026 0.001815033 0.000356433 0.999998033 95.210350037
0.999829650 0.018357702 -0.001689609 -0.618862391 -0.018355709 0.999830961 0.001196337 -1.819260955 0.001711283 -0.001165119 0.999997616 96.558158875
0.999851704 0.017095206 -0.001856060 -0.623228431 -0.017095575 0.999854028 -0.000173743 -1.846272111 0.001852816 0.000205448 0.999998093 97.890228271
0.999851644 0.017120715 -0.001687799 -0.634747446 -0.017125132 0.999850035 -0.002627098 -1.871359229 0.001642567 0.002655612 0.999994934 99.236267090
0.999863505 0.016395796 -0.001815137 -0.645074069 -0.016402431 0.999858856 -0.003692439 -1.901621699 0.001754338 0.003721708 0.999991357 100.580528259
0.999899447 0.014063479 -0.001604040 -0.654717505 -0.014067415 0.999898195 -0.002457373 -1.931528449 0.001569316 0.002479690 0.999995530 101.921478271
0.999932647 0.011526407 -0.000955390 -0.659687817 -0.011526885 0.999933660 -0.000481487 -1.959726810 0.000949775 0.000492468 0.999999285 103.265495300
0.999951005 0.009851841 -0.000179652 -0.665295005 -0.009851833 0.999951661 0.000125368 -1.987203360 0.000180877 -0.000123592 0.999999881 104.607475281
0.999958277 0.009058739 0.000621287 -0.670795023 -0.009057913 0.999958277 -0.001343148 -2.012232542 -0.000633430 0.001337465 0.999998808 105.944244385
0.999937534 0.011061911 0.001316899 -0.678248405 -0.011057014 0.999932289 -0.003681024 -2.039387941 -0.001357531 0.003666233 0.999992251 107.278228760
0.999910891 0.013070195 0.002517719 -0.683587909 -0.013055501 0.999898314 -0.005773595 -2.068645000 -0.002592927 0.005740211 0.999980092 108.613121033
0.999860823 0.016176667 0.003976505 -0.693629146 -0.016153939 0.999853551 -0.005687960 -2.100741386 -0.004067938 0.005622932 0.999975801 109.948104858
0.999838233 0.017137660 0.005366754 -0.692348778 -0.017118294 0.999847054 -0.003637177 -2.132279396 -0.005428269 0.003544720 0.999978900 111.279373169
0.999828815 0.017286101 0.006521574 -0.692641973 -0.017276714 0.999849796 -0.001496431 -2.159418583 -0.006546465 0.001383504 0.999977589 112.617996216
0.999837518 0.016500501 0.007199837 -0.686527610 -0.016493633 0.999863625 -0.001015142 -2.184807777 -0.007215609 0.000896226 0.999973476 113.961540222
0.999823332 0.016816448 0.008333636 -0.683510900 -0.016804110 0.999857783 -0.001550768 -2.211875439 -0.008358533 0.001410455 0.999963999 115.298545837
0.999775231 0.018953165 0.009458389 -0.679303885 -0.018933378 0.999818563 -0.002179288 -2.238612413 -0.009497980 0.001999719 0.999952853 116.623847961
0.999724269 0.020887079 0.010689822 -0.674698234 -0.020864215 0.999779999 -0.002247971 -2.272939205 -0.010734424 0.002024316 0.999940336 117.947929382
0.999694407 0.021634819 0.011923959 -0.671881437 -0.021595381 0.999761224 -0.003428266 -2.297827244 -0.011995280 0.003169717 0.999923050 119.297264099
0.999655485 0.022773040 0.013026612 -0.667700052 -0.022719843 0.999733210 -0.004219130 -2.324931860 -0.013119221 0.003921714 0.999906242 120.641441345
0.999661684 0.021909246 0.013990343 -0.655245066 -0.021849141 0.999751687 -0.004436442 -2.353011131 -0.014084069 0.004129265 0.999892235 121.990943909
0.999659717 0.021382155 0.014915487 -0.643792868 -0.021332920 0.999766707 -0.003453850 -2.379454851 -0.014985859 0.003134484 0.999882817 123.342758179
0.999679685 0.019764010 0.015786475 -0.630160093 -0.019728806 0.999802709 -0.002383811 -2.410162926 -0.015830476 0.002071600 0.999872565 124.684906006
0.999689937 0.018937996 0.016147509 -0.616922379 -0.018906534 0.999819279 -0.002100048 -2.435690641 -0.016184364 0.001794103 0.999867499 126.037422180
0.999728858 0.016679320 0.016226351 -0.602250099 -0.016648915 0.999859512 -0.002008165 -2.462294102 -0.016257567 0.001737469 0.999866426 127.384857178
0.999755025 0.015352614 0.015921524 -0.580476999 -0.015335445 0.999881804 -0.001201057 -2.494107962 -0.015938085 0.000956599 0.999872625 128.738601685
0.999789715 0.013609528 0.015318780 -0.563992500 -0.013586872 0.999906600 -0.001583144 -2.517085791 -0.015338896 0.001374677 0.999881506 130.075103760
0.999811828 0.012892508 0.014470333 -0.557507992 -0.012868473 0.999915838 -0.001753946 -2.545217514 -0.014491729 0.001567405 0.999893785 131.402175903
0.999846578 0.011258420 0.013387279 -0.542871118 -0.011247651 0.999936461 -0.000880721 -2.569961548 -0.013396345 0.000730011 0.999910057 132.756118774
0.999877036 0.009648077 0.012335976 -0.529896021 -0.009640953 0.999953508 -0.000637997 -2.596852779 -0.012341557 0.000518988 0.999923766 134.103393555
0.999899924 0.008888882 0.010967440 -0.515943766 -0.008884319 0.999960661 -0.000465934 -2.623814821 -0.010971148 0.000368449 0.999939799 135.453445435
0.999918818 0.008178854 0.009730655 -0.506083846 -0.008170723 0.999966443 -0.000876552 -2.650741816 -0.009737497 0.000796974 0.999952376 136.793380737
0.999932051 0.007789442 0.008632310 -0.497037292 -0.007778945 0.999969125 -0.001250598 -2.674617529 -0.008641786 0.001183362 0.999961972 138.130249023
0.999956191 0.005301250 0.007670730 -0.489857435 -0.005273197 0.999979436 -0.003674401 -2.701736689 -0.007690053 0.003633792 0.999963820 139.475128174
0.999978185 -0.000166861 0.006551709 -0.477398455 0.000193892 0.999991655 -0.004127037 -2.728387594 -0.006550966 0.004128219 0.999970019 140.821166992
0.999953091 -0.007993212 0.005397764 -0.460684538 0.008003344 0.999966323 -0.001859073 -2.754615068 -0.005382723 0.001902186 0.999983788 142.162872314
0.999882281 -0.014841877 0.003799045 -0.445961475 0.014843816 0.999889851 -0.000484240 -2.777139902 -0.003791440 0.000540575 0.999992669 143.512710571
0.999831378 -0.018165441 0.002588450 -0.434998959 0.018176086 0.999826372 -0.004149252 -2.799132824 -0.002512627 0.004195603 0.999988198 144.855377197
0.999837101 -0.017758884 0.003136151 -0.435540915 0.017781723 0.999814630 -0.007411718 -2.827135086 -0.003003946 0.007466279 0.999967694 146.210937500
0.999881744 -0.014773854 0.004211079 -0.439472616 0.014813563 0.999844730 -0.009559747 -2.860519886 -0.004069191 0.009621000 0.999945521 147.571594238
0.999875128 -0.014965525 0.005013936 -0.441022575 0.015013560 0.999840498 -0.009683911 -2.895520687 -0.004868213 0.009757982 0.999940634 148.905670166
0.999816239 -0.018195903 0.005999775 -0.439079881 0.018235439 0.999812126 -0.006601955 -2.924937487 -0.005878520 0.006710152 0.999960303 150.269653320
0.999688625 -0.024130559 0.006321828 -0.424965501 0.024153545 0.999702036 -0.003584602 -2.959122658 -0.006233446 0.003736181 0.999973774 151.619049072
0.999591172 -0.027844783 0.006450981 -0.414889216 0.027860843 0.999609113 -0.002412490 -2.984769583 -0.006381284 0.002591234 0.999976456 152.972106934
0.999547780 -0.029362559 0.006456588 -0.405515313 0.029379975 0.999565125 -0.002618563 -3.010684490 -0.006376893 0.002807074 0.999975920 154.327468872
0.999588907 -0.027649296 0.007560248 -0.403440714 0.027664933 0.999615610 -0.001971218 -3.036331892 -0.007502839 0.002179563 0.999969661 155.680694580
0.999679267 -0.023669373 0.008977004 -0.406328559 0.023695270 0.999715567 -0.002788627 -3.065752268 -0.008908447 0.003000445 0.999956012 157.033416748
0.999750912 -0.020141201 0.009579044 -0.401765466 0.020187341 0.999785304 -0.004744732 -3.096827984 -0.009481423 0.004936927 0.999943018 158.392730713
0.999795973 -0.017304584 0.010385741 -0.397558928 0.017359449 0.999835968 -0.005216291 -3.125776052 -0.010293769 0.005395518 0.999932528 159.752471924
0.999814987 -0.015756341 0.011003339 -0.394630909 0.015796756 0.999869049 -0.003596076 -3.159674644 -0.010945235 0.003769228 0.999933124 161.115844727
0.999847710 -0.013682136 0.010801913 -0.388747454 0.013727084 0.999897659 -0.004098469 -3.188302040 -0.010744730 0.004246125 0.999933362 162.483810425
0.999877214 -0.011750943 0.010337990 -0.383993864 0.011817743 0.999909878 -0.006424771 -3.218814850 -0.010261559 0.006546155 0.999926031 163.854278564
0.999918818 -0.007761470 0.010069849 -0.382947087 0.007854901 0.999926507 -0.009273409 -3.251451969 -0.009997130 0.009351758 0.999906480 165.222717285
0.999946296 -0.002538138 0.010006917 -0.383907795 0.002644177 0.999940753 -0.010599255 -3.286485672 -0.009979418 0.010625151 0.999893963 166.593154907
0.999945819 0.002098656 0.010158297 -0.383969903 -0.002003041 0.999954045 -0.009415351 -3.321642160 -0.010177586 0.009394499 0.999904275 167.986007690
0.999928832 0.004932789 0.010837079 -0.381545424 -0.004852255 0.999960840 -0.007446965 -3.357723951 -0.010873388 0.007393854 0.999913752 169.368331909
0.999921799 0.005889343 0.010999845 -0.374963999 -0.005833302 0.999970257 -0.005121784 -3.392140388 -0.011029678 0.005057221 0.999926567 170.750106812
0.999943554 0.002243848 0.010342926 -0.366647482 -0.002203287 0.999990225 -0.003933196 -3.421848297 -0.010351649 0.003910189 0.999938965 172.131820679
0.999962866 0.000177223 0.008564309 -0.356751442 -0.000144132 0.999992967 -0.003866253 -3.448120594 -0.008564930 0.003864879 0.999956012 173.532150269
0.999979377 -0.000438088 0.006334234 -0.346497536 0.000489320 0.999967635 -0.008091386 -3.478441477 -0.006330482 0.008094322 0.999947369 174.928939819
0.999988019 0.001337502 0.004613901 -0.342956543 -0.001280291 0.999922931 -0.012384586 -3.513205528 -0.004630105 0.012378536 0.999912858 176.339630127
0.999973595 0.005913737 0.004122292 -0.352985024 -0.005860066 0.999899924 -0.012917778 -3.553861141 -0.004198267 0.012893286 0.999908268 177.739532471
0.999948442 0.009162358 0.004278812 -0.365539610 -0.009109537 0.999884486 -0.012210755 -3.586566687 -0.004390192 0.012171151 0.999916494 179.131973267
0.999925911 0.011267084 0.004510343 -0.371262670 -0.011226990 0.999898493 -0.008823737 -3.621158838 -0.004609298 0.008772449 0.999951124 180.552734375
0.999916732 0.011945996 0.004794043 -0.373144269 -0.011912326 0.999905050 -0.006996751 -3.653152466 -0.004877167 0.006939062 0.999964297 181.973831177
0.999923229 0.011355076 0.004873146 -0.371968150 -0.011325612 0.999918103 -0.006037116 -3.685528278 -0.004941294 0.005981463 0.999970138 183.388809204
0.999942839 0.009577059 0.004671403 -0.366667390 -0.009552408 0.999940932 -0.005276607 -3.721014500 -0.004721657 0.005231685 0.999975383 184.812606812
0.999963701 0.007064479 0.004670076 -0.360486150 -0.007042277 0.999964416 -0.004758482 -3.753371000 -0.004703521 0.004725425 0.999978125 186.238861084
0.999978840 0.004226527 0.004861473 -0.355123937 -0.004203507 0.999980450 -0.004740117 -3.783773899 -0.004881406 0.004719584 0.999977291 187.670928955
0.999984980 0.001062940 0.005296914 -0.349889994 -0.001043116 0.999993026 -0.003747120 -3.813301325 -0.005300855 0.003741541 0.999979317 189.095184326
0.999977171 -0.003348111 0.005795369 -0.341530800 0.003360500 0.999992609 -0.002131736 -3.842542648 -0.005788184 0.002151166 0.999981284 190.514633179
0.999963045 -0.006004566 0.006083226 -0.331956744 0.006019522 0.999979436 -0.002445156 -3.868056774 -0.006068413 0.002481686 0.999978840 191.944412231
0.999969363 -0.004207809 0.006534908 -0.331321955 0.004252639 0.999967933 -0.006863292 -3.898964405 -0.006505815 0.006890878 0.999955475 193.349273682
0.999970853 0.003099764 0.006916414 -0.336402297 -0.003016230 0.999923289 -0.012058318 -3.931160450 -0.006953255 0.012037111 0.999903798 194.787490845
0.999895334 0.011947643 0.008102878 -0.344264388 -0.011848629 0.999856353 -0.012163009 -3.966143131 -0.008247029 0.012065735 0.999893665 196.234405518
0.999760628 0.019740524 0.009381961 -0.355634570 -0.019659873 0.999770105 -0.008616177 -4.002773762 -0.009549886 0.008429673 0.999919295 197.690277100
0.999736011 0.020568781 0.010195205 -0.352527380 -0.020504180 0.999769747 -0.006404533 -4.037445068 -0.010324586 0.006193802 0.999927878 199.142730713
0.999781013 0.018409533 0.009906012 -0.345195651 -0.018349884 0.999813676 -0.006082303 -4.064055443 -0.010016133 0.005899202 0.999932826 200.578948975
0.999847174 0.015178056 0.008630677 -0.333020091 -0.015125255 0.999867201 -0.006153975 -4.095700264 -0.008722931 0.006022498 0.999944270 202.041717529
0.999883175 0.013170585 0.007696432 -0.323958278 -0.013118226 0.999891281 -0.006817977 -4.127630234 -0.007785385 0.006716221 0.999947608 203.500305176
0.999882519 0.013546446 0.007101031 -0.319678903 -0.013493701 0.999881983 -0.007427737 -4.160296440 -0.007200806 0.007331051 0.999947667 204.964279175
0.999862313 0.014961681 0.007122105 -0.323398829 -0.014910310 0.999863327 -0.007216493 -4.197340012 -0.007229097 0.007109311 0.999949038 206.431137085
0.999850154 0.015856879 0.006882897 -0.315597057 -0.015814692 0.999856591 -0.006145911 -4.235314846 -0.006979359 0.006036144 0.999957800 207.898330688
0.999862731 0.015150389 0.006638859 -0.314140439 -0.015105854 0.999863982 -0.006712968 -4.268433571 -0.006739654 0.006611767 0.999955893 209.377838135
0.999868989 0.014880495 0.006315238 -0.313691020 -0.014831435 0.999860525 -0.007750737 -4.301871300 -0.006429686 0.007656062 0.999950409 210.842636108
0.999880552 0.014219314 0.005997902 -0.313085794 -0.014170479 0.999867201 -0.008112621 -4.337301254 -0.006112456 0.008026661 0.999949455 212.336975098
0.999883831 0.014134302 0.005631967 -0.310302615 -0.014088245 0.999868095 -0.008141006 -4.372846603 -0.005746285 0.008060721 0.999951422 213.813751221
0.999882162 0.014300892 0.005502588 -0.309122562 -0.014254699 0.999863923 -0.008350466 -4.409281731 -0.005621253 0.008271049 0.999950349 215.279403687
0.999883771 0.014258725 0.005318952 -0.310626864 -0.014213327 0.999863386 -0.008483520 -4.446948528 -0.005439184 0.008406939 0.999950230 216.771301270
0.999872565 0.015138353 0.004982942 -0.311724305 -0.015094223 0.999847889 -0.008784768 -4.483839512 -0.005115165 0.008708440 0.999949336 218.258560181
0.999877870 0.014858537 0.004754231 -0.312920928 -0.014815209 0.999849916 -0.009029796 -4.518443108 -0.004887682 0.008958264 0.999948263 219.741302490
0.999873638 0.015193014 0.004579848 -0.314237475 -0.015151310 0.999845028 -0.009014179 -4.555649757 -0.004716085 0.008943656 0.999949217 221.222503662
0.999885082 0.014373577 0.004709460 -0.318736315 -0.014329804 0.999855459 -0.009207304 -4.592246532 -0.004841115 0.009138769 0.999946892 222.706695557
0.999905884 0.012840963 0.004721240 -0.317501187 -0.012795841 0.999873757 -0.009473207 -4.629475117 -0.004842282 0.009411909 0.999944389 224.216217041
0.999919176 0.011589418 0.005126237 -0.318864584 -0.011541910 0.999891520 -0.009208262 -4.668691635 -0.005232392 0.009148357 0.999944806 225.709152222
0.999932110 0.010228319 0.005484472 -0.317359805 -0.010182172 0.999913633 -0.008382828 -4.709138870 -0.005569734 0.008326421 0.999950171 227.197082520
0.999930024 0.010034928 0.006191276 -0.323601365 -0.009983783 0.999916673 -0.008242005 -4.744415760 -0.006273462 0.008179619 0.999947250 228.661865234
0.999914885 0.010704878 0.007386756 -0.331916928 -0.010639150 0.999904454 -0.008884949 -4.780313492 -0.007481156 0.008805607 0.999933600 230.103134155
0.999898732 0.011409374 0.008453547 -0.333274126 -0.011327680 0.999889731 -0.009653380 -4.819540501 -0.008562747 0.009556646 0.999918044 231.558776855
0.999857485 0.012916294 0.010819522 -0.339980364 -0.012816082 0.999875307 -0.009284050 -4.860815048 -0.010938084 0.009144070 0.999898732 232.959625244
0.999876559 0.012884879 0.008929818 -0.324610949 -0.012824232 0.999894977 -0.006819862 -4.895638466 -0.009016749 0.006704506 0.999937236 234.665954590
0.999873936 0.012407231 0.009846918 -0.320987701 -0.012347011 0.999905229 -0.006156540 -4.937600613 -0.009922367 0.006034188 0.999932945 236.178100586
0.999871254 0.012435087 0.010096165 -0.308099985 -0.012358949 0.999895334 -0.007572631 -4.975276470 -0.010189272 0.007446882 0.999920726 237.702972412
0.999860942 0.012699686 0.010759379 -0.302940845 -0.012604183 0.999881327 -0.008901329 -5.013172150 -0.010871144 0.008764484 0.999902844 239.232696533
0.999851644 0.013241472 0.010966736 -0.293364048 -0.013151474 0.999880016 -0.008241479 -5.054086208 -0.011074546 0.008096034 0.999906301 240.771057129
0.999861836 0.012578522 0.010824811 -0.282455921 -0.012504203 0.999898314 -0.006909418 -5.092733383 -0.010910617 0.006773112 0.999917924 242.309173584
0.999867916 0.012346645 0.010523333 -0.270779133 -0.012277266 0.999903083 -0.006635529 -5.127017498 -0.010604237 0.006505459 0.999923050 243.845886230
0.999857306 0.012799141 0.010978987 -0.270541668 -0.012724469 0.999895990 -0.006847654 -5.158765793 -0.011065487 0.006706979 0.999916673 245.308013916
0.999843776 0.013770863 0.011040295 -0.259723663 -0.013699156 0.999885261 -0.006547774 -5.194711685 -0.011129192 0.006395512 0.999918044 246.866928101
0.999822557 0.015067015 0.011262210 -0.254531145 -0.014995737 0.999867618 -0.006389933 -5.229859352 -0.011356994 0.006219919 0.999916553 248.401519775
0.999825060 0.014942258 0.011205422 -0.244124889 -0.014877941 0.999872923 -0.005804624 -5.268839836 -0.011290729 0.005636899 0.999920845 249.926925659
0.999837577 0.014019705 0.011278835 -0.235688210 -0.013956418 0.999887049 -0.005673461 -5.302480698 -0.011357099 0.005515132 0.999920726 251.460205078
0.999872684 0.011437771 0.011085578 -0.218464851 -0.011385449 0.999924302 -0.004774529 -5.335520744 -0.011139345 0.004647712 0.999927521 253.000305176
0.999897242 0.009020393 0.011100161 -0.204592943 -0.008976680 0.999952257 -0.003984461 -5.370424747 -0.011135571 0.003884413 0.999930859 254.544509888
0.999911189 0.007621909 0.010886464 -0.193100452 -0.007571074 0.999960721 -0.004705959 -5.405086040 -0.010921904 0.004623124 0.999930084 256.079101562
0.999919593 0.006577666 0.010797735 -0.184024334 -0.006515821 0.999962687 -0.005755708 -5.438850880 -0.010835191 0.005684894 0.999925494 257.613891602
0.999918401 0.005495284 0.011491260 -0.175621271 -0.005447525 0.999976873 -0.004185887 -5.472546101 -0.011513996 0.004122951 0.999925613 259.132110596
0.999922991 0.003455184 0.011874904 -0.158800125 -0.003427901 0.999991953 -0.002319505 -5.505172729 -0.011882822 0.002278625 0.999927163 260.675659180
0.999923468 0.002537431 0.012066286 -0.147960663 -0.002499883 0.999992430 -0.003128093 -5.534974575 -0.012074133 0.003097693 0.999922693 262.224395752
0.999919891 0.001858109 0.012480898 -0.133774042 -0.001810137 0.999991417 -0.003855909 -5.569068432 -0.012487954 0.003833013 0.999915063 263.770080566
0.999906659 0.002944026 0.013300820 -0.122641325 -0.002886747 0.999987006 -0.004325586 -5.603097916 -0.013313382 0.004286792 0.999902546 265.308715820
0.999879837 0.004865339 0.014684158 -0.114522934 -0.004807043 0.999980867 -0.004004652 -5.644125462 -0.014703362 0.003933588 0.999884546 266.851623535
0.999862313 0.005946114 0.015463359 -0.095320702 -0.005879840 0.999973714 -0.004329662 -5.676726341 -0.015488701 0.004238150 0.999871433 268.401763916
0.999840915 0.006693398 0.016502837 -0.078688622 -0.006622160 0.999968946 -0.004369373 -5.714613438 -0.016531574 0.004259400 0.999854624 269.944824219
0.999817014 0.007679983 0.017497107 -0.063229084 -0.007599432 0.999960601 -0.004667283 -5.747469902 -0.017532270 0.004533466 0.999836385 271.484375000
0.999797642 0.007926863 0.018465724 -0.046926022 -0.007831916 0.999956191 -0.005210096 -5.784474373 -0.018506220 0.005064426 0.999816298 273.046508789
0.999795496 0.006865153 0.018998425 -0.015805721 -0.006757361 0.999961078 -0.005733683 -5.816566467 -0.019037053 0.005604138 0.999803424 274.602813721
0.999792397 0.006431440 0.019310918 0.034815311 -0.006334778 0.999967635 -0.005064090 -5.865872860 -0.019342862 0.004940714 0.999801219 276.115600586
0.999785662 0.005060769 0.020053681 0.059594631 -0.004982124 0.999980152 -0.003971153 -5.900164604 -0.020073388 0.003870399 0.999791503 277.685638428
0.999785721 0.003662274 0.020354733 0.086357594 -0.003592097 0.999988019 -0.003484553 -5.936494350 -0.020367252 0.003410696 0.999787271 279.234405518
0.999788761 0.002731679 0.020351816 0.113885880 -0.002614238 0.999980330 -0.005796201 -5.972622871 -0.020367250 0.005741778 0.999776542 280.784301758
0.999790847 0.001801076 0.020351047 0.141437531 -0.001636380 0.999966264 -0.008107819 -6.012335777 -0.020364968 0.008072829 0.999760449 282.333984375
0.999816656 0.001361544 0.019076983 0.175361633 -0.001206838 0.999966681 -0.008120008 -6.051515579 -0.019087413 0.008095505 0.999785423 283.885314941
0.999831259 -0.000201986 0.018348787 0.199204922 0.000350010 0.999967813 -0.008065658 -6.087672234 -0.018346574 0.008070726 0.999799550 285.440826416
0.999852002 -0.000330505 0.017174281 0.227952957 0.000474337 0.999965191 -0.008372822 -6.130015373 -0.017170925 0.008379737 0.999817908 286.994354248
0.999861538 -0.000140268 0.016612576 0.245622158 0.000286939 0.999961495 -0.008828275 -6.164032936 -0.016610702 0.008831827 0.999823451 288.570251465
0.999871731 -0.000389911 0.015985569 0.265615463 0.000534989 0.999959052 -0.009073738 -6.198063850 -0.015981382 0.009081131 0.999831498 290.146392822
0.999887764 -0.003802759 0.014466688 0.308824539 0.003948771 0.999941766 -0.010079316 -6.210875511 -0.014427522 0.010135316 0.999844909 291.668334961
0.999899685 -0.004643955 0.013354540 0.328109980 0.004762941 0.999949396 -0.008893251 -6.248809338 -0.013312573 0.008955970 0.999871612 293.251617432
0.999913096 -0.002980243 0.012811313 0.340220928 0.003078748 0.999966145 -0.007677752 -6.286544800 -0.012788002 0.007716531 0.999888837 294.833068848
0.999903500 -0.002920154 0.013554159 0.352702618 0.003026640 0.999965012 -0.007844091 -6.321470737 -0.013530782 0.007884361 0.999877751 296.416809082
0.999892831 -0.002788439 0.014347493 0.368879318 0.002913201 0.999958456 -0.008683721 -6.349134445 -0.014322687 0.008724593 0.999859750 298.000152588
0.999886036 -0.004242067 0.014459384 0.369005680 0.004396738 0.999933600 -0.010683420 -6.363114357 -0.014413109 0.010745781 0.999838769 299.450561523
0.999876022 -0.006224174 0.014440124 0.390871048 0.006397255 0.999908149 -0.011972319 -6.401372433 -0.014364285 0.012063218 0.999824524 301.047393799
0.999861300 -0.007792947 0.014695765 0.414036751 0.008000027 0.999869049 -0.014086649 -6.446232796 -0.014584071 0.014202267 0.999793291 302.653381348
0.999862134 -0.008038144 0.014501848 0.432404995 0.008260892 0.999848068 -0.015367229 -6.490657330 -0.014376127 0.015484916 0.999777198 304.264221191
0.999901474 -0.007152495 0.012045417 0.454926491 0.007352755 0.999834359 -0.016665455 -6.534832954 -0.011924225 0.016752385 0.999789000 305.882904053
0.999931991 -0.005559525 0.010224375 0.459499359 0.005724248 0.999853313 -0.016154720 -6.582194805 -0.010133069 0.016212154 0.999817729 307.481842041
0.999939680 -0.004464928 0.009997831 0.465516567 0.004594392 0.999905586 -0.012965890 -6.631546974 -0.009939000 0.013011051 0.999866366 309.122131348
0.999927938 -0.005900502 0.010428271 0.478854656 0.006003450 0.999933481 -0.009870331 -6.679132462 -0.010369345 0.009932231 0.999897301 310.756866455
0.999918997 -0.006855177 0.010694795 0.490095377 0.006953829 0.999933541 -0.009216171 -6.721874237 -0.010630911 0.009289802 0.999900699 312.394958496
0.999909699 -0.007696213 0.010990738 0.501314878 0.007811262 0.999915004 -0.010465145 -6.768226624 -0.010909267 0.010550061 0.999885261 314.020507812
0.999898314 -0.008000794 0.011775727 0.505495787 0.008127325 0.999909520 -0.010738336 -6.814553261 -0.011688753 0.010832957 0.999873519 315.654174805
0.999893785 -0.007975915 0.012172337 0.517548323 0.008103606 0.999912500 -0.010478988 -6.861314774 -0.012087699 0.010576524 0.999871373 317.298126221
0.999888182 -0.007925548 0.012657766 0.531231880 0.008058506 0.999912798 -0.010489411 -6.908487320 -0.012573536 0.010590248 0.999865353 318.929473877
0.999893129 -0.006184912 0.013221380 0.539010048 0.006337925 0.999913335 -0.011564312 -6.954130173 -0.013148718 0.011646881 0.999846160 320.516632080
0.999886811 -0.005384211 0.014027964 0.550936699 0.005555562 0.999910295 -0.012206237 -7.001189232 -0.013960995 0.012282798 0.999827504 322.133026123
0.999865294 -0.006021186 0.015241520 0.558756828 0.006183506 0.999924600 -0.010626560 -7.046337128 -0.015176393 0.010719387 0.999827743 323.730438232
0.999856114 -0.006806119 0.015515032 0.575240612 0.006960449 0.999926805 -0.009916132 -7.092595100 -0.015446413 0.010022707 0.999830842 325.351043701
0.999847889 -0.007767153 0.015593302 0.592987537 0.007942886 0.999905527 -0.011240869 -7.137219429 -0.015504525 0.011363025 0.999815583 326.962219238
0.999854505 -0.006346351 0.015806975 0.607548714 0.006523454 0.999916434 -0.011179093 -7.185541630 -0.015734715 0.011280593 0.999813020 328.575225830
0.999862850 -0.004720347 0.015850972 0.618772030 0.004926978 0.999903262 -0.013023541 -7.239333153 -0.015787972 0.013099864 0.999789953 330.174774170
0.999874175 -0.002680368 0.015608210 0.625142574 0.002933124 0.999864876 -0.016194843 -7.290726662 -0.015562698 0.016238602 0.999747396 331.773406982
0.999883711 -0.001207055 0.015177482 0.635017395 0.001446545 0.999874651 -0.015779657 -7.344873905 -0.015156540 0.015799787 0.999760747 333.368804932
0.999862373 0.000870237 0.016547410 0.611183643 -0.000665384 0.999923348 -0.012382675 -7.412377357 -0.016556920 0.012369966 0.999786854 334.898254395
0.999813080 0.002409370 0.019163355 0.565720558 -0.002224420 0.999951124 -0.009667953 -7.460165501 -0.019185718 0.009623529 0.999769986 336.424041748
0.999652803 0.005817553 0.025684075 0.432904243 -0.005485694 0.999901056 -0.012973445 -7.487719536 -0.025757022 0.012828055 0.999586344 337.801849365
0.999212563 0.007831291 0.038884912 0.222084999 -0.007225761 0.999850988 -0.015689306 -7.543201447 -0.039002016 0.015395990 0.999120891 338.944702148
0.999284863 0.006404171 0.037253466 0.276597023 -0.005876129 0.999881089 -0.014267331 -7.597618103 -0.037340436 0.014038234 0.999204457 340.548370361
0.999305367 0.004884253 0.036932215 0.324044228 -0.004378247 0.999895871 -0.013770183 -7.651908875 -0.036995657 0.013598933 0.999223351 342.136810303
0.999275208 0.004848924 0.037745073 0.362097740 -0.004297960 0.999883354 -0.014665172 -7.703564644 -0.037811812 0.014492327 0.999180138 343.701202393
0.999243677 0.004434521 0.038620431 0.398591995 -0.003834456 0.999871254 -0.015598397 -7.756426811 -0.038684659 0.015438522 0.999132633 345.262023926
0.999213934 0.004569877 0.039366428 0.421243668 -0.003927161 0.999858022 -0.016389044 -7.802672863 -0.039435767 0.016221577 0.999090791 346.842224121
0.999208808 0.004073104 0.039551206 0.477331161 -0.003422930 0.999858201 -0.016493246 -7.859519958 -0.039612800 0.016344832 0.999081790 348.439056396
0.999210179 0.003612569 0.039561391 0.534698486 -0.002937687 0.999849498 -0.017104596 -7.915891647 -0.039617263 0.016974887 0.999071121 350.031799316
0.999212503 0.003372639 0.039522849 0.592365265 -0.002673152 0.999839187 -0.017738393 -7.974160671 -0.039576344 0.017618790 0.999061584 351.628631592
0.999220073 0.002513428 0.039393686 0.651705742 -0.001820568 0.999843359 -0.017614711 -8.028250694 -0.039431825 0.017529275 0.999068856 353.212341309
0.999232650 0.002375637 0.039081875 0.716831207 -0.001641500 0.999821961 -0.018806562 -8.079883575 -0.039119609 0.018728001 0.999059379 354.816375732
0.999218941 0.000837374 0.039491899 0.769977570 -0.000045972 0.999799430 -0.020036830 -8.138921738 -0.039500777 0.020019388 0.999019265 356.397521973
0.999098003 -0.000239980 0.042450853 0.788825989 0.001055393 0.999815524 -0.019187540 -8.186809540 -0.042438436 0.019215057 0.998914599 357.976135254
0.998937607 -0.000177099 0.046071634 0.797168732 0.001054730 0.999818683 -0.019026129 -8.238589287 -0.046059936 0.019054526 0.998757303 359.485656738
0.998828411 0.000896915 0.048372470 0.817619324 0.000133548 0.999773324 -0.021295700 -8.274289131 -0.048380628 0.021277232 0.998602688 360.715209961
0.998708189 0.000886169 0.050792947 0.854637146 0.000293494 0.999730527 -0.023213223 -8.308081627 -0.050799869 0.023198163 0.998439729 361.839080811
0.998667717 0.002488117 0.051529851 0.925159454 -0.001329822 0.999746025 -0.022500699 -8.371063232 -0.051572792 0.022402221 0.998418212 363.450714111
0.998621285 0.003920821 0.052334864 0.993274689 -0.002789156 0.999761105 -0.021679545 -8.434022903 -0.052407406 0.021503704 0.998394489 365.048278809
0.998541296 0.004486751 0.053796217 1.059984207 -0.003294184 0.999747396 -0.022236897 -8.493025780 -0.053882439 0.022027271 0.998304546 366.661193848
0.998493671 0.004570517 0.054665592 1.129703522 -0.003311339 0.999727726 -0.023103107 -8.558618546 -0.054756340 0.022887312 0.998237669 368.258850098
0.998388648 0.004510581 0.056556351 1.192211151 -0.003151855 0.999704838 -0.024090964 -8.616700172 -0.056648359 0.023873912 0.998109043 369.858886719
0.998317719 0.004873260 0.057764046 1.267574310 -0.003471457 0.999697804 -0.024343736 -8.682042122 -0.057865258 0.024102291 0.998033702 371.455780029
0.998140395 0.007202419 0.060518712 1.320022583 -0.005681966 0.999664962 -0.025258746 -8.741621017 -0.060680393 0.024867944 0.997847676 373.030761719
0.997907937 0.009574108 0.063927665 1.369300842 -0.007921867 0.999629438 -0.026049552 -8.798256874 -0.064153410 0.025488658 0.997614741 374.598754883
0.997664392 0.012132384 0.067210451 1.429693222 -0.010326811 0.999578118 -0.027147541 -8.870409012 -0.067511499 0.026390098 0.997369707 376.098876953
