1.000000000 0.000000000 0.000000000 0.000000000 0.000000000 1.000000000 0.000000000 0.000000000 0.000000000 0.000000000 1.000000000 0.000000000
0.999997318 -0.001722291 -0.001565278 -0.001260193 0.001720961 0.999998152 -0.000850340 -0.011240606 0.001566740 0.000847643 0.999998391 0.566746712
0.999993622 -0.002291878 -0.002737873 -0.005884456 0.002285483 0.999994636 -0.002336383 -0.023973197 0.002743213 0.002330111 0.999993503 1.131275415
0.999985933 -0.002605014 -0.004618282 -0.012543678 0.002588269 0.999990046 -0.003628093 -0.037496179 0.004627688 0.003616088 0.999982774 1.691665292
0.999966860 -0.004763913 -0.006604540 -0.015317678 0.004728158 0.999974132 -0.005418703 -0.048562057 0.006630183 0.005387296 0.999963522 2.251091003
0.999940813 -0.007153530 -0.008186650 -0.020437663 0.007093482 0.999947906 -0.007340563 -0.061190665 0.008238733 0.007282057 0.999939561 2.813779593
0.999918342 -0.008419505 -0.009605443 -0.027673803 0.008342051 0.999932587 -0.008075466 -0.072486684 0.009672787 0.007994679 0.999921322 3.386271954
0.999901831 -0.008619161 -0.011039043 -0.036808021 0.008537557 0.999936044 -0.007418233 -0.085660607 0.011102278 0.007323258 0.999911606 3.970020533
0.999883950 -0.009024165 -0.012266355 -0.046088509 0.008929463 0.999930143 -0.007753548 -0.101947054 0.012335465 0.007643117 0.999894798 4.559650898
0.999872983 -0.008520889 -0.013460849 -0.057226777 0.008379656 0.999909699 -0.010513904 -0.117755741 0.013549222 0.010399772 0.999854207 5.157324791
0.999866843 -0.006909819 -0.014782772 -0.071246177 0.006698066 0.999874949 -0.014326287 -0.133131579 0.014879918 0.014225366 0.999788105 5.761919975
0.999854684 -0.005543289 -0.016117763 -0.086062685 0.005252191 0.999823332 -0.018047297 -0.147095188 0.016214957 0.017960027 0.999707222 6.378616333
0.999842465 -0.003822169 -0.017330455 -0.102926254 0.003509240 0.999830902 -0.018051228 -0.159645811 0.017396519 0.017987570 0.999686897 7.006745338
0.999827504 -0.001352555 -0.018522624 -0.122487977 0.001144751 0.999936342 -0.011225056 -0.171840101 0.018536627 0.011201916 0.999765515 7.654137611
0.999813080 -0.000570117 -0.019320780 -0.139757380 0.000555014 0.999999523 -0.000787064 -0.182882532 0.019321218 0.000776193 0.999813020 8.326476097
0.999801695 0.000829489 -0.019891951 -0.164035082 -0.000711312 0.999982059 0.005947282 -0.198170334 0.019896530 -0.005931951 0.999784470 9.002711296
0.999773860 0.002952818 -0.021056218 -0.186667636 -0.002847541 0.999983251 0.005028055 -0.212860033 0.021070713 -0.004966957 0.999765754 9.685329437
0.999747336 0.005078556 -0.021889655 -0.210006163 -0.005128710 0.999984264 -0.002235682 -0.219506308 0.021877958 0.002347386 0.999758005 10.378195763
0.999724746 0.004663232 -0.022990137 -0.231573045 -0.004854418 0.999954045 -0.008267222 -0.220907539 0.022950526 0.008376555 0.999701619 11.089545250
0.999703944 0.002556149 -0.024192350 -0.248934329 -0.002718501 0.999974012 -0.006680387 -0.224597394 0.024174646 0.006744178 0.999685049 11.820020676
0.999696672 0.001814424 -0.024561262 -0.269997329 -0.001750005 0.999994993 0.002644073 -0.236319974 0.024565935 -0.002600286 0.999694824 12.570830345
0.999686897 0.001496623 -0.024976866 -0.294152856 -0.001244058 0.999948025 0.010124418 -0.243526712 0.024990719 -0.010090171 0.999636710 13.353057861
0.999676406 0.000642504 -0.025430322 -0.319299459 -0.000321447 0.999920309 0.012627033 -0.247664317 0.025436407 -0.012614769 0.999596775 14.142709732
0.999672174 -0.001252420 -0.025573740 -0.341441542 0.001548304 0.999932110 0.011553274 -0.247638807 0.025557531 -0.011589078 0.999606192 14.945647240
0.999687910 -0.001650481 -0.024926065 -0.368255347 0.001878365 0.999956727 0.009121740 -0.247715801 0.024909925 -0.009165711 0.999647677 15.764179230
0.999706507 0.000958104 -0.024207594 -0.398696631 -0.000819496 0.999983251 0.005735075 -0.249397337 0.024212675 -0.005713549 0.999690413 16.600137711
0.999731481 -0.002234574 -0.023064481 -0.421694547 0.002240647 0.999997556 0.000237470 -0.256774366 0.023063887 -0.000289084 0.999733806 17.454233170
0.999739110 -0.005043126 -0.022277888 -0.441601366 0.004907663 0.999969304 -0.006131151 -0.267558336 0.022308119 0.006020219 0.999732852 18.324800491
0.999766946 -0.004133609 -0.021192988 -0.463502198 0.003889613 0.999925911 -0.011541406 -0.278972447 0.021239121 0.011456283 0.999708772 19.209869385
0.999772370 -0.002874262 -0.021140557 -0.486018807 0.002612216 0.999919713 -0.012412604 -0.295641601 0.021174528 0.012354553 0.999699414 20.119071960
0.999767542 -0.002692091 -0.021391507 -0.507658482 0.002438949 0.999926805 -0.011851060 -0.316652328 0.021421840 0.011796133 0.999700904 21.046972275
0.999771357 -0.001135072 -0.021353800 -0.535399616 0.000852642 0.999912143 -0.013230655 -0.340075135 0.021366937 0.013209423 0.999684334 21.990623474
0.999774754 0.001684376 -0.021155331 -0.564216495 -0.002008974 0.999880433 -0.015331737 -0.362512827 0.021126976 0.015370784 0.999658525 22.946874619
0.999760211 0.005058889 -0.021306418 -0.592337966 -0.005406108 0.999853015 -0.016270630 -0.384451300 0.021220965 0.016381910 0.999640524 23.908561707
0.999749899 0.006597721 -0.021367341 -0.618945479 -0.006944181 0.999844968 -0.016181147 -0.412768334 0.021257265 0.016325479 0.999640644 24.871967316
0.999741077 0.007376962 -0.021525808 -0.647419155 -0.007728656 0.999837279 -0.016301055 -0.442779571 0.021402050 0.016463196 0.999635220 25.846513748
0.999739468 0.007358019 -0.021609284 -0.674005806 -0.007708628 0.999839306 -0.016186716 -0.470961958 0.021486705 0.016349066 0.999635279 26.841943741
0.999722481 0.008143947 -0.022101214 -0.698633730 -0.008479130 0.999849856 -0.015114694 -0.499316692 0.021974798 0.015297897 0.999641299 27.844274521
0.999708951 0.008743090 -0.022482859 -0.725829780 -0.009040762 0.999872386 -0.013172574 -0.527393937 0.022364818 0.013371998 0.999660254 28.847633362
0.999699891 0.009613777 -0.022531176 -0.760380328 -0.009887284 0.999878407 -0.012059273 -0.555881083 0.022412498 0.012278421 0.999673247 29.860092163
0.999697685 0.009328017 -0.022755686 -0.784906626 -0.009625021 0.999869466 -0.012977518 -0.586215973 0.022631666 0.013192613 0.999656737 30.884305954
0.999679565 0.010522041 -0.023026522 -0.814954996 -0.010846052 0.999843240 -0.013991947 -0.612163424 0.022875693 0.014237204 0.999636829 31.914566040
0.999675155 0.010126185 -0.023395572 -0.844656110 -0.010435117 0.999859452 -0.013120693 -0.638810992 0.023259424 0.013360561 0.999640107 32.952514648
0.999673128 0.009513788 -0.023734678 -0.876573920 -0.009764116 0.999897659 -0.010453505 -0.666534781 0.023632800 0.010681831 0.999663532 34.005249023
0.999666095 0.009953298 -0.023849711 -0.911294103 -0.010115271 0.999926567 -0.006680465 -0.693004847 0.023781469 0.006919477 0.999693155 35.060882568
0.999656618 0.010063981 -0.024195181 -0.946433306 -0.010169278 0.999939263 -0.004232956 -0.718953550 0.024151109 0.004477546 0.999698281 36.122833252
0.999649644 0.009914477 -0.024545018 -0.979234695 -0.010009384 0.999942899 -0.003746795 -0.740669668 0.024506468 0.003991160 0.999691665 37.190925598
0.999641716 0.009375998 -0.025073713 -1.011327744 -0.009510305 0.999941051 -0.005242703 -0.760796130 0.025023080 0.005479279 0.999671876 38.267272949
0.999618232 0.009856059 -0.025814177 -1.045228124 -0.010008942 0.999933064 -0.005800059 -0.781221747 0.025755286 0.006056213 0.999649942 39.351169586
0.999605119 0.009525009 -0.026436873 -1.080975413 -0.009649774 0.999942780 -0.004595827 -0.803393483 0.026391586 0.004849119 0.999639928 40.434467316
0.999583483 0.009384092 -0.027291639 -1.110880256 -0.009456789 0.999952078 -0.002535957 -0.826536179 0.027266528 0.002792988 0.999624312 41.526405334
0.999572575 0.009462497 -0.027663998 -1.150098801 -0.009466980 0.999955177 -0.000031165 -0.848755598 0.027662462 0.000293043 0.999617279 42.608787537
0.999551356 0.010685444 -0.027985277 -1.189701796 -0.010693491 0.999942839 -0.000137926 -0.872265697 0.027982200 0.000437121 0.999608338 43.690105438
0.999534011 0.011819191 -0.028144909 -1.230712295 -0.011934062 0.999921143 -0.003916994 -0.894663572 0.028096389 0.004251048 0.999596238 44.767345428
0.999517083 0.013044587 -0.028207112 -1.267722011 -0.013272290 0.999880791 -0.007900476 -0.918644726 0.028100688 0.008271031 0.999570966 45.843624115
0.999505043 0.013652784 -0.028342949 -1.302012563 -0.013890657 0.999869823 -0.008212809 -0.944084644 0.028227130 0.008602443 0.999564528 46.938285828
0.999506176 0.014056887 -0.028103564 -1.339636207 -0.014215449 0.999884188 -0.005450217 -0.970291257 0.028023688 0.005847027 0.999590218 48.028202057
0.999503732 0.014751204 -0.027835317 -1.378305435 -0.014847843 0.999884486 -0.003268333 -0.997128010 0.027783886 0.003680001 0.999607205 49.115524292
0.999522924 0.013258677 -0.027896183 -1.411738038 -0.013322717 0.999909043 -0.002111117 -1.018838048 0.027865648 0.002481760 0.999608636 50.196109772
0.999534845 0.013154746 -0.027517302 -1.447431207 -0.013240592 0.999908090 -0.002939843 -1.042499542 0.027476097 0.003302818 0.999617040 51.296672821
0.999547541 0.012452581 -0.027380964 -1.479693174 -0.012589676 0.999909043 -0.004840367 -1.062531352 0.027318189 0.005182889 0.999613345 52.391517639
0.999553144 0.012421434 -0.027191814 -1.513047338 -0.012617697 0.999895513 -0.007058128 -1.086505175 0.027101293 0.007398067 0.999605298 53.480175018
0.999573171 0.011306180 -0.026942307 -1.547677994 -0.011565919 0.999887943 -0.009504369 -1.115580797 0.026831826 0.009811919 0.999591827 54.557762146
0.999596775 0.009210249 -0.026862530 -1.575973988 -0.009556921 0.999872327 -0.012805749 -1.147110462 0.026741149 0.013057303 0.999557078 55.632255554
0.999621689 0.007689036 -0.026413690 -1.612223744 -0.008070361 0.999864340 -0.014360507 -1.181432843 0.026299683 0.014568236 0.999547958 56.722629547
0.999630749 0.006202353 -0.026462387 -1.639930964 -0.006524026 0.999905705 -0.012086893 -1.213783979 0.026384922 0.012255066 0.999576747 57.814891815
0.999645829 0.004849447 -0.026176514 -1.671544671 -0.005014326 0.999968112 -0.006236779 -1.243051529 0.026145427 0.006365822 0.999637961 58.910900116
0.999655366 0.003505182 -0.026026784 -1.700693727 -0.003513420 0.999993861 -0.000270806 -1.267392993 0.026025668 0.000362152 0.999661207 60.004722595
0.999661028 0.001547787 -0.025994590 -1.728631854 -0.001538981 0.999998868 0.000358722 -1.288115859 0.025995106 -0.000318600 0.999662101 61.095493317
0.999674201 -0.001729120 -0.025473781 -1.765278816 0.001663414 0.999995351 -0.002600324 -1.310942054 0.025478151 0.002557100 0.999672115 62.191184998
0.999672055 -0.002904910 -0.025449699 -1.795366049 0.002759880 0.999979913 -0.005731980 -1.332810163 0.025465829 0.005659858 0.999659657 63.278991699
0.999669611 -0.001011594 -0.025688680 -1.828240991 0.000760868 0.999952018 -0.009768075 -1.360842943 0.025697324 0.009745297 0.999622226 64.373985291
0.999678850 -0.001005641 -0.025329277 -1.863291740 0.000649587 0.999900997 -0.014061349 -1.390019655 0.025340905 0.014040372 0.999580204 65.457183838
0.999694228 0.001902084 -0.024662293 -1.899524212 -0.002264372 0.999889910 -0.014670426 -1.421328783 0.024631668 0.014721777 0.999588132 66.550071716
0.999703944 0.005918688 -0.023609171 -1.944294810 -0.006177384 0.999921679 -0.010899653 -1.456459999 0.023542801 0.011042263 0.999661803 67.657295227
0.999698877 0.007525433 -0.023364462 -1.977414608 -0.007733023 0.999931335 -0.008807256 -1.486680269 0.023296576 0.008985275 0.999688208 68.756134033
0.999704421 0.007019447 -0.023285909 -2.008907080 -0.007209215 0.999941409 -0.008075578 -1.513668776 0.023227856 0.008241058 0.999696195 69.853973389
0.999713600 0.005395186 -0.023322962 -2.037598610 -0.005566495 0.999958038 -0.007286444 -1.542292595 0.023282668 0.007414181 0.999701440 70.952194214
0.999710321 0.004180015 -0.023709439 -2.064001799 -0.004322042 0.999973059 -0.005942205 -1.568457484 0.023683954 0.006042953 0.999701202 72.037925720
0.999716341 0.003020023 -0.023629354 -2.102006912 -0.003108571 0.999988317 -0.003711487 -1.597864151 0.023617867 0.003783884 0.999713838 73.140579224
0.999693215 0.001396717 -0.024735564 -2.117440939 -0.001450456 0.999996781 -0.002154689 -1.619829893 0.024732474 0.002189904 0.999691725 74.246940613
0.999679804 0.000556360 -0.025304226 -2.147279263 -0.000642307 0.999994159 -0.003388490 -1.645977139 0.025302188 0.003403656 0.999674141 75.338500977
0.999665856 0.000988411 -0.025839766 -2.180077553 -0.001174297 0.999973655 -0.007179575 -1.671745539 0.025831986 0.007207516 0.999640405 76.421195984
0.999644876 0.001588739 -0.026607044 -2.212670088 -0.001836707 0.999955177 -0.009297729 -1.697800636 0.026591077 0.009343291 0.999602795 77.503959656
0.999615252 0.003792568 -0.027480680 -2.247506857 -0.004002478 0.999963284 -0.007587441 -1.728141069 0.027450889 0.007694509 0.999593616 78.590827942
0.999597311 0.004024740 -0.028096000 -2.281614065 -0.004116144 0.999986589 -0.003196234 -1.757064819 0.028082749 0.003310592 0.999600112 79.671417236
0.999571919 0.005479278 -0.028746711 -2.318712711 -0.005459549 0.999984920 0.000764761 -1.781318188 0.028750462 -0.000607491 0.999586403 80.753189087
0.999556303 0.006212818 -0.029136401 -2.356537342 -0.006172065 0.999980032 0.001488419 -1.803384900 0.029145055 -0.001307927 0.999574304 81.823127747
0.999537528 0.006107862 -0.029793838 -2.393694878 -0.006130653 0.999981165 -0.000673674 -1.822079301 0.029789152 0.000856017 0.999555826 82.896850586
0.999520838 0.005556305 -0.030455731 -2.427757025 -0.005603306 0.999983370 -0.001458129 -1.843055964 0.030447112 0.001628081 0.999534965 83.948135376
0.999512076 0.004943856 -0.030846439 -2.466951132 -0.004994029 0.999986351 -0.001549697 -1.867569804 0.030838346 0.001702987 0.999522924 84.987915039
0.999492943 0.003886057 -0.031607673 -2.503280163 -0.003927337 0.999991536 -0.001244009 -1.891043186 0.031602561 0.001367511 0.999499559 86.022407532
0.999476135 0.002512349 -0.032268859 -2.537729740 -0.002509511 0.999996901 0.000128478 -1.912591338 0.032269068 -0.000047432 0.999479175 87.040428162
0.999457300 0.002493482 -0.032849200 -2.574766636 -0.002396327 0.999992728 0.002996623 -1.936794758 0.032856427 -0.002916280 0.999455750 88.043151855
0.999427676 0.001400788 -0.033801455 -2.609894991 -0.001269730 0.999991655 0.003898467 -1.958024859 0.033806622 -0.003853317 0.999420881 89.023353577
0.999350846 0.000348606 -0.036029704 -2.648207664 -0.000199390 0.999991417 0.004144998 -1.978321314 0.036030836 -0.004135123 0.999341965 89.987243652
0.999226093 -0.000507331 -0.039336108 -2.688543797 0.000637081 0.999994516 0.003286038 -1.998432517 0.039334215 -0.003308555 0.999220550 90.924087524
0.999088228 -0.000679582 -0.042692110 -2.732143879 0.000783312 0.999996841 0.002413062 -2.017441988 0.042690329 -0.002444304 0.999085188 91.833023071
0.998950958 -0.000927885 -0.045787070 -2.776573420 0.001052913 0.999995887 0.002706623 -2.036178112 0.045784350 -0.002751994 0.998947501 92.721054077
0.998800397 0.000173121 -0.048970923 -2.823048353 0.000013480 0.999992847 0.003810104 -2.054418802 0.048971213 -0.003806193 0.998792827 93.580055237
0.998652160 0.001249031 -0.051891133 -2.874938965 -0.000992254 0.999987304 0.004973851 -2.074266911 0.051896658 -0.004915657 0.998640180 94.408050537
0.998490930 0.002262321 -0.054873455 -2.926573515 -0.001909115 0.999977231 0.006488319 -2.089967728 0.054886859 -0.006373767 0.998472035 95.225669861
0.998335481 0.003806549 -0.057551596 -2.979474545 -0.003393802 0.999967933 0.007267831 -2.104501247 0.057577390 -0.007060412 0.998315811 96.015769958
0.998176157 0.005732824 -0.060098827 -3.033578157 -0.005276894 0.999956250 0.007742290 -2.120197535 0.060140558 -0.007411032 0.998162210 96.781455994
0.998011351 0.007606494 -0.062578693 -3.091477156 -0.007203566 0.999951959 0.006661857 -2.137656689 0.062626332 -0.006197817 0.998017550 97.513252258
0.997829735 0.008910526 -0.065244295 -3.143650770 -0.008733613 0.999957561 0.002996254 -2.154420853 0.065268189 -0.002419933 0.997864664 98.208816528
0.997640491 0.011309278 -0.067720458 -3.198465824 -0.011381163 0.999935210 -0.000675762 -2.169493914 0.067708388 0.001444903 0.997703969 98.877502441
0.997485697 0.013080513 -0.069653884 -3.252480984 -0.013341725 0.999905765 -0.003286233 -2.184108019 0.069604307 0.004207271 0.997565627 99.514915466
0.997400165 0.015061545 -0.070473008 -3.303021431 -0.015398785 0.999872684 -0.004244530 -2.199540615 0.070400044 0.005318689 0.997504473 100.127365112
0.997421741 0.017350752 -0.069636948 -3.349447727 -0.017651433 0.999837577 -0.003704740 -2.217487097 0.069561310 0.004924376 0.997565448 100.714195251
0.997555315 0.021191901 -0.066593714 -3.395092726 -0.021379374 0.999769390 -0.002103786 -2.234313965 0.066533729 0.003522373 0.997777939 101.277076721
0.997862995 0.023779355 -0.060864795 -3.435223103 -0.023860065 0.999715269 -0.000599602 -2.249576330 0.060833164 0.002050556 0.998145819 101.816566467
0.998276532 0.024558334 -0.053305011 -3.464283466 -0.024520641 0.999698520 0.001360979 -2.262341499 0.053322323 -0.000051562 0.998577297 102.334861755
0.998754323 0.024414286 -0.043523792 -3.483536720 -0.024271445 0.999698281 0.003807265 -2.272890806 0.043603584 -0.002746138 0.999045134 102.831886292
0.999213696 0.023929100 -0.031621769 -3.494655848 -0.023779867 0.999704421 0.005086798 -2.285262585 0.031734120 -0.004330835 0.999486864 103.302200317
0.999567091 0.022966474 -0.018399920 -3.493083715 -0.022872480 0.999724507 0.005302705 -2.297928333 0.018516615 -0.004879557 0.999816537 103.749458313
0.999737322 0.022722164 -0.003078017 -3.487638235 -0.022708213 0.999732196 0.004494190 -2.309139490 0.003179299 -0.004423112 0.999984980 104.184532166
0.999660969 0.021318709 0.014960835 -3.469725132 -0.021344978 0.999770999 0.001598305 -2.322029114 -0.014923342 -0.001917102 0.999886632 104.605010986
0.999131739 0.020722333 0.036149666 -3.439704180 -0.020631313 0.999783158 -0.002889065 -2.333865404 -0.036201693 0.002140739 0.999342084 105.016181946
0.997999728 0.018583445 0.060429532 -3.394511223 -0.018160731 0.999806881 -0.007536944 -2.345165253 -0.060557902 0.006424418 0.998143911 105.418365479
0.996026635 0.016255111 0.087561913 -3.336646080 -0.015424327 0.999829650 -0.010156237 -2.356645584 -0.087712049 0.008765291 0.996107221 105.809860229
0.992955387 0.013499696 0.117719375 -3.268026352 -0.012257877 0.999861658 -0.011266628 -2.368113041 -0.117855132 0.009744260 0.992982924 106.195899963
0.988557398 0.011205229 0.150430173 -3.189373970 -0.009355353 0.999871969 -0.012999315 -2.381143332 -0.150556505 0.011443231 0.988535166 106.566818237
0.982437849 0.008799708 0.186383486 -3.098264694 -0.006214650 0.999876499 -0.014449310 -2.394293308 -0.186487526 0.013037232 0.982370734 106.927436829
0.974371552 0.005464874 0.224878758 -2.986970901 -0.002192757 0.999888301 -0.014797751 -2.407972574 -0.224934414 0.013925394 0.974274278 107.278732300
0.964222550 0.003399823 0.265073448 -2.868059158 0.000732597 0.999879956 -0.015489282 -2.423787355 -0.265094250 0.015129292 0.964103639 107.615188599
0.951655388 0.004398721 0.307137072 -2.736619949 0.000690469 0.999864519 -0.016459135 -2.437552929 -0.307167739 0.015875481 0.951522768 107.951210022
0.936078668 0.006422264 0.351732880 -2.592693329 -0.000565561 0.999859691 -0.016751207 -2.452517986 -0.351790965 0.015481509 0.935950339 108.273704529
0.918027937 0.006354645 0.396465421 -2.429832458 -0.000247732 0.999880672 -0.015452697 -2.464008570 -0.396516174 0.014087778 0.917919457 108.584335327
0.897326350 0.005585433 0.441333026 -2.252502441 0.000725516 0.999900162 -0.014129686 -2.475814104 -0.441367626 0.012999123 0.897231996 108.884826660
0.873713911 0.004337118 0.486421108 -2.061122894 0.003176688 0.999888241 -0.014621387 -2.488030434 -0.486429870 0.014320106 0.873602033 109.173881531
0.847938478 0.004701485 0.530074179 -1.854110718 0.004800961 0.999851704 -0.016548075 -2.502842188 -0.530073106 0.016576601 0.847789764 109.452560425
0.819750845 0.006848478 0.572679877 -1.634460449 0.005495152 0.999788523 -0.019822046 -2.517388582 -0.572694242 0.019396085 0.819539309 109.719520569
0.788303554 0.011621082 0.615177155 -1.401550293 0.004196757 0.999697030 -0.024262736 -2.528337002 -0.615272343 0.021708131 0.788015425 109.985198975
0.754102111 0.018439760 0.656498790 -1.154644012 0.001178710 0.999566317 -0.029429808 -2.527289629 -0.656756341 0.022966884 0.753752828 110.226860046
0.716598749 0.022712879 0.697115898 -0.892078400 -0.001751520 0.999525428 -0.030765265 -2.547452211 -0.697483480 0.020825321 0.716297925 110.456108093
0.676666975 0.023168011 0.735924840 -0.597633362 0.000737315 0.999483228 -0.032143161 -2.554734707 -0.736288786 0.022292806 0.676299751 110.683319092
0.634970844 0.021026609 0.772250116 -0.287590027 0.005075902 0.999494672 -0.031387534 -2.560111046 -0.772519410 0.023850016 0.634542763 110.890365601
0.590292573 0.018871512 0.806968987 0.033649445 0.006797553 0.999575198 -0.028348105 -2.570588827 -0.807160735 0.022219069 0.589913011 111.085830688
0.544083536 0.017288024 0.838853240 0.354118347 0.006919921 0.999661505 -0.025090422 -2.587418318 -0.839002490 0.019456064 0.543779254 111.246391296
0.496461362 0.014331572 0.867940843 0.687160492 0.008127728 0.999743462 -0.021156963 -2.608366251 -0.868020594 0.017557988 0.496217072 111.388687134
0.445307553 0.010619789 0.895314932 1.055973053 0.010767026 0.999794126 -0.017214319 -2.619344234 -0.895312786 0.017305531 0.445101142 111.534561157
0.393457770 0.010674141 0.919280946 1.430168152 0.008260997 0.999851525 -0.015145428 -2.633383751 -0.919305384 0.013553252 0.393310785 111.663421631
0.342298448 0.015587290 0.939462245 1.808868408 0.005018356 0.999818087 -0.018417157 -2.645073414 -0.939577639 0.011018709 0.342157602 111.772430420
0.291807353 0.020639841 0.956254721 2.202793121 0.004127246 0.999730945 -0.022837687 -2.656683445 -0.956467986 0.010610894 0.291643381 111.862075806
0.244695753 0.022688907 0.969334781 2.610074997 0.005590869 0.999676883 -0.024810452 -2.669734001 -0.969583631 0.011490422 0.244489610 111.938934326
0.203094169 0.022472449 0.978901684 3.043476105 0.012793873 0.999590635 -0.025601767 -2.682418823 -0.979075432 0.017723491 0.202723324 111.996528625
0.167981952 0.022371083 0.985536516 3.497184753 0.021125110 0.999431610 -0.026287206 -2.692875624 -0.985563517 0.025235320 0.167413667 112.041862488
0.137245491 0.023881143 0.990249515 3.967661858 0.025630357 0.999289334 -0.027651440 -2.698828936 -0.990205228 0.029175453 0.136535734 112.089859009
0.109216452 0.022351375 0.993767023 4.429479599 0.023647228 0.999406099 -0.025077073 -2.713893890 -0.993736446 0.026238639 0.108622923 112.127624512
0.083643578 0.018944366 0.996316016 4.918525696 0.017879048 0.999630153 -0.020508379 -2.724084854 -0.996335149 0.019528551 0.083273858 112.168121338
0.059494890 0.014941094 0.998117149 5.434989452 0.013344304 0.999787033 -0.015761508 -2.737340212 -0.998139203 0.014256893 0.059282787 112.199684143
0.036790010 0.012683907 0.999242902 5.983930111 0.016806796 0.999770463 -0.013309396 -2.752042532 -0.999181449 0.017283706 0.036568347 112.213165283
0.016301319 0.013440184 0.999777198 6.532493114 0.024861617 0.999595463 -0.013843108 -2.768573761 -0.999557734 0.025081713 0.015960559 112.208984375
-0.001558132 0.015947958 0.999872029 7.113513947 0.030128073 0.999420047 -0.015893800 -2.782130241 -0.999544621 0.030099422 -0.002037704 112.207008362
-0.016147306 0.021660239 0.999635339 7.697150230 0.030604919 0.999307930 -0.021158777 -2.786502361 -0.999400854 0.030252077 -0.016799035 112.199493408
-0.027132578 0.026397966 0.999283552 8.298170090 0.028374104 0.999269128 -0.025627172 -2.795862913 -0.999228895 0.027658418 -0.027861748 112.186439514
-0.033762023 0.026263461 0.999085128 8.925431252 0.030841978 0.999206245 -0.025224403 -2.809696674 -0.998953760 0.029962104 -0.034545213 112.164978027
-0.036447916 0.023241734 0.999065578 9.574050903 0.036956076 0.999077320 -0.021893779 -2.828974724 -0.998651743 0.036123533 -0.037273183 112.134765625
-0.036008701 0.021684639 0.999116480 10.234079361 0.039053977 0.999031663 -0.020275272 -2.845954895 -0.998587787 0.038289357 -0.036820672 112.110183716
-0.034440652 0.021361791 0.999178767 10.920766830 0.037760582 0.999085844 -0.020058235 -2.865505457 -0.998692870 0.037038736 -0.035215776 112.099624634
-0.033175662 0.021796145 0.999212146 11.620100021 0.034329120 0.999197483 -0.020656034 -2.884576797 -0.998859525 0.033616774 -0.033897258 112.089691162
-0.032165095 0.023045447 0.999217153 12.337847710 0.033250567 0.999205768 -0.021974836 -2.903539419 -0.998929024 0.032517698 -0.032905802 112.075477600
-0.031123601 0.023821251 0.999231935 13.061655045 0.033069000 0.999193490 -0.022790316 -2.926826477 -0.998968065 0.032334264 -0.031886216 112.054687500
-0.030541947 0.023536785 0.999256551 13.811218262 0.033221994 0.999194622 -0.022519900 -2.947561026 -0.998980880 0.032509476 -0.031299260 112.038352966
-0.030182954 0.022259487 0.999296844 14.576369286 0.032153521 0.999256432 -0.021287426 -2.970410824 -0.999026835 0.031488378 -0.030876217 112.026435852
-0.029919839 0.021188589 0.999327958 15.350360870 0.033061113 0.999249518 -0.020197079 -2.992336988 -0.999005139 0.032434586 -0.030597888 112.007827759
-0.030631885 0.019076429 0.999348938 16.132207870 0.033815604 0.999265492 -0.018038331 -3.016095161 -0.998958290 0.033241026 -0.031254452 111.986846924
-0.031716902 0.017343732 0.999346733 16.914319992 0.031542413 0.999369085 -0.016343042 -3.041531324 -0.998998761 0.031003440 -0.032243941 111.964981079
-0.032795079 0.016163565 0.999331653 17.710048676 0.030713925 0.999413490 -0.015156955 -3.067251682 -0.998989761 0.030196309 -0.033272274 111.942581177
-0.034477398 0.013727152 0.999311566 18.523353577 0.033008792 0.999376118 -0.012589197 -3.087990999 -0.998859942 0.032552011 -0.034908991 111.922729492
-0.035684105 0.012294982 0.999287844 19.339294434 0.034318589 0.999349952 -0.011070246 -3.108229876 -0.998773336 0.033899102 -0.036082841 111.893394470
-0.037575681 0.011407023 0.999229074 20.166194916 0.031507913 0.999451518 -0.010224720 -3.132966042 -0.998796582 0.031099401 -0.037914466 111.871681213
-0.038834870 0.016319307 0.999112725 20.998065948 0.028626202 0.999474764 -0.015212540 -3.152513981 -0.998835146 0.028010016 -0.039281610 111.853263855
-0.039698709 0.020850185 0.998994589 21.826726913 0.029967912 0.999357700 -0.019666880 -3.177571297 -0.998761952 0.029157013 -0.040298022 111.822929382
-0.040519100 0.022468278 0.998926342 22.675687790 0.030337881 0.999314189 -0.021246415 -3.203658342 -0.998717725 0.029444421 -0.041172929 111.787040710
-0.042153243 0.020314822 0.998904943 23.527023315 0.026824143 0.999456167 -0.019194068 -3.231249571 -0.998750627 0.025985673 -0.042675227 111.763648987
-0.043318242 0.016048007 0.998932779 24.377693176 0.023979038 0.999599874 -0.015018887 -3.259635925 -0.998773158 0.023302857 -0.043685712 111.737098694
-0.043800291 0.010792692 0.998982310 25.228584290 0.022393908 0.999701202 -0.009818600 -3.286677122 -0.998789012 0.021941060 -0.044028878 111.709045410
-0.044295929 0.005173203 0.999005377 26.082588196 0.018862821 0.999812901 -0.004341010 -3.306924343 -0.998839974 0.018651770 -0.044385213 111.682701111
-0.044334382 0.003937812 0.999009192 26.922634125 0.016344531 0.999861598 -0.003215829 -3.330055475 -0.998882592 0.016185774 -0.044392586 111.655868530
-0.043476235 0.010852810 0.998995781 27.761651993 0.019257875 0.999764740 -0.010023061 -3.357551813 -0.998868406 0.018802771 -0.043674987 111.622505188
-0.042584911 0.022107771 0.998848498 28.592868805 0.021438314 0.999545515 -0.021209192 -3.380558968 -0.998862386 0.020510439 -0.043039493 111.590759277
-0.042108212 0.027389321 0.998737812 29.430019379 0.023565467 0.999373615 -0.026413206 -3.403468370 -0.998834670 0.022423510 -0.042727254 111.559707642
-0.040777072 0.021773357 0.998931348 30.271535873 0.025130890 0.999468863 -0.020759217 -3.437281847 -0.998851776 0.024257528 -0.041302592 111.526428223
-0.039957292 0.014117075 0.999101996 31.113597870 0.028086865 0.999521315 -0.012999715 -3.467257500 -0.998806119 0.027542206 -0.040334661 111.494445801
-0.039576601 0.011178844 0.999154270 31.945709229 0.029263986 0.999521852 -0.010023803 -3.494647741 -0.998787522 0.028842526 -0.039884798 111.463623047
-0.039894287 0.011795767 0.999134600 32.769161224 0.028129721 0.999547601 -0.010677453 -3.520136595 -0.998807430 0.027679404 -0.040208030 111.438255310
-0.040904157 0.012685433 0.999082804 33.592693329 0.025287509 0.999612629 -0.011656845 -3.547412395 -0.998842597 0.024787499 -0.041209072 111.413314819
-0.043011103 0.012845118 0.998992324 34.410659790 0.022733003 0.999671459 -0.011875090 -3.569170713 -0.998815536 0.022199335 -0.043288946 111.387657166
-0.045183536 0.012704416 0.998898268 35.222354889 0.022424964 0.999680400 -0.011700005 -3.595318317 -0.998726547 0.021871615 -0.045453977 111.355499268
-0.047419667 0.013043570 0.998790205 36.036384583 0.021280376 0.999701321 -0.012045137 -3.621192455 -0.998647988 0.020683458 -0.047683053 111.323928833
-0.049659252 0.013439230 0.998676062 36.847312927 0.019789435 0.999726713 -0.012469337 -3.645255089 -0.998569787 0.019144019 -0.049911607 111.291481018
-0.051581860 0.012450309 0.998591483 37.643718719 0.018258365 0.999767184 -0.011521839 -3.671758175 -0.998501420 0.017638335 -0.051797148 111.254776001
-0.053670771 0.011342235 0.998494625 38.436424255 0.019311346 0.999760568 -0.010318595 -3.698324442 -0.998371542 0.018728472 -0.053876925 111.214553833
-0.055959452 0.011265360 0.998369813 39.217849731 0.018214721 0.999781787 -0.010260343 -3.720903158 -0.998266459 0.017610872 -0.056152396 111.183578491
-0.057931520 0.012374889 0.998244047 40.000457764 0.018217711 0.999770105 -0.011336571 -3.742964029 -0.998153985 0.017528987 -0.058143601 111.144180298
-0.058777235 0.012553433 0.998192430 40.777824402 0.018956313 0.999755025 -0.011456866 -3.766151905 -0.998090744 0.018248655 -0.059000757 111.099380493
-0.060053457 0.011476181 0.998129427 41.554248810 0.021027397 0.999726832 -0.010229413 -3.788999319 -0.997973323 0.020373760 -0.060278330 111.054016113
-0.061541609 0.010766700 0.998046696 42.326557159 0.021548327 0.999723375 -0.009456074 -3.814736128 -0.997871578 0.020924296 -0.061756548 111.009559631
-0.062981993 0.010424329 0.997960567 43.088500977 0.020347157 0.999751389 -0.009158914 -3.837356091 -0.997806847 0.019728813 -0.063178398 110.969505310
-0.064395629 0.009514886 0.997879505 43.843711853 0.018669913 0.999791443 -0.008328304 -3.858980417 -0.997749388 0.018094013 -0.064559802 110.929504395
-0.065347984 0.008352920 0.997827888 44.579315186 0.017691178 0.999817908 -0.007210981 -3.879477739 -0.997705221 0.017181531 -0.065483801 110.888252258
-0.066056773 0.008019648 0.997783899 45.295974731 0.018137259 0.999812603 -0.006835204 -3.901929140 -0.997650504 0.017645560 -0.066189788 110.845893860
-0.066389270 0.010608224 0.997737706 45.998607635 0.018364528 0.999787450 -0.009408046 -3.924179316 -0.997624338 0.017698392 -0.066569939 110.803947449
-0.066183068 0.013425237 0.997717381 46.693531036 0.019076377 0.999744117 -0.012187090 -3.946488857 -0.997624755 0.018226253 -0.066422187 110.756774902
-0.066253617 0.015108603 0.997688711 47.391578674 0.017476318 0.999749839 -0.013979269 -3.968139172 -0.997649372 0.016509753 -0.066501066 110.715347290
-0.066320986 0.016044181 0.997669578 48.085159302 0.018268783 0.999723017 -0.014862773 -3.991170406 -0.997630656 0.017240496 -0.066595688 110.671401978
-0.066366509 0.016019005 0.997666955 48.779220581 0.019516965 0.999701023 -0.014753370 -4.012929440 -0.997604072 0.018492304 -0.066659279 110.627143860
-0.066755228 0.015626848 0.997647285 49.473335266 0.020580700 0.999686539 -0.014281686 -4.035255432 -0.997556686 0.019578900 -0.067055874 110.582778931
-0.067336462 0.015928129 0.997603357 50.156749725 0.017023535 0.999745727 -0.014813281 -4.053746223 -0.997584641 0.015985273 -0.067590468 110.548698425
-0.067113474 0.016263315 0.997613013 50.838874817 0.014891262 0.999772549 -0.015296728 -4.077522755 -0.997633755 0.013829111 -0.067340374 110.510566711
-0.067000858 0.014998212 0.997640371 51.517871857 0.017053194 0.999758542 -0.013884778 -4.100425720 -0.997606814 0.016082672 -0.067240424 110.465385437
-0.068016037 0.014797927 0.997574687 52.200344086 0.018543851 0.999736369 -0.013565653 -4.116574287 -0.997511446 0.017576205 -0.068272486 110.419967651
-0.071799390 0.014062032 0.997320116 52.884025574 0.014636242 0.999808311 -0.013043419 -4.141149044 -0.997311234 0.013660521 -0.071991406 110.381759644
-0.077152401 0.013654836 0.996926129 53.532691956 0.011508136 0.999852180 -0.012804301 -4.165977001 -0.996952534 0.010484895 -0.077298105 110.343513489
-0.082966231 0.017650215 0.996396303 54.195770264 0.015228273 0.999749243 -0.016441610 -4.186540604 -0.996435642 0.013809309 -0.083214164 110.285659790
-0.089505263 0.020729564 0.995770872 54.861682892 0.018073022 0.999653101 -0.019185884 -4.205957890 -0.995822012 0.016279362 -0.089848801 110.221572876
-0.096853450 0.022387311 0.995047092 55.529087067 0.017399564 0.999632776 -0.020796888 -4.227653027 -0.995146215 0.015299143 -0.097207345 110.158966064
-0.103261262 0.021768123 0.994416296 56.211734772 0.014016308 0.999693513 -0.020428175 -4.248535156 -0.994555175 0.011828621 -0.103534654 110.096420288
-0.108667351 0.020787785 0.993861139 56.900825500 0.014055604 0.999713898 -0.019373393 -4.270213604 -0.993978441 0.011864075 -0.108928382 110.021919250
-0.113306552 0.021461824 0.993328512 57.593513489 0.011911754 0.999724627 -0.020241275 -4.292539597 -0.993488312 0.009538827 -0.113530926 109.948173523
-0.117578685 0.020885581 0.992844224 58.295467377 0.009939220 0.999753952 -0.019853877 -4.314282894 -0.993013561 0.007533721 -0.117757246 109.873847961
-0.120061688 0.017686293 0.992609143 59.003730774 0.010359073 0.999809623 -0.016561607 -4.335547447 -0.992712021 0.008294113 -0.120221943 109.789230347
-0.121860780 0.014611005 0.992440045 59.717884064 0.012550349 0.999834836 -0.013178833 -4.359595299 -0.992467523 0.010849501 -0.122023948 109.701507568
-0.123676293 0.011851235 0.992252052 60.453247070 0.012562354 0.999867618 -0.010376399 -4.381814957 -0.992242813 0.011181719 -0.123808689 109.615768433
-0.125025094 0.011587117 0.992086232 61.179580688 0.011736664 0.999879479 -0.010199063 -4.399918079 -0.992083848 0.010368656 -0.125145942 109.531410217
-0.125604376 0.015452316 0.991960347 61.909194946 0.013469302 0.999813437 -0.013869138 -4.418056488 -0.991988659 0.011619000 -0.125789002 109.442161560
-0.125830576 0.019480521 0.991860688 62.644924164 0.019541629 0.999662220 -0.017154640 -4.441851139 -0.991858959 0.017223999 -0.126168683 109.345252991
-0.126196668 0.024524543 0.991702318 63.385322571 0.027306346 0.999401748 -0.021240154 -4.467306614 -0.991629064 0.024399329 -0.126790762 109.238250732
-0.126816541 0.025754349 0.991591990 64.121810913 0.027691269 0.999365687 -0.022414759 -4.488315582 -0.991539240 0.024615880 -0.127449110 109.143058777
-0.127245039 0.023578333 0.991591215 64.873519897 0.025764408 0.999459088 -0.020459224 -4.513457775 -0.991536260 0.022944428 -0.127783582 109.053665161
-0.127035558 0.018713271 0.991721869 65.624229431 0.026034923 0.999540925 -0.015525848 -4.539972305 -0.991556048 0.023847066 -0.127464339 108.959304810
-0.127083540 0.016693814 0.991751850 66.368743896 0.028252382 0.999514043 -0.013204201 -4.566643238 -0.991489232 0.026341310 -0.127493292 108.861938477
-0.127994776 0.016248746 0.991641998 67.109901428 0.028557902 0.999512017 -0.012691633 -4.594137669 -0.991363227 0.026694745 -0.128396213 108.767257690
-0.129518971 0.017129663 0.991429150 67.851852417 0.027645081 0.999525011 -0.013658023 -4.620115757 -0.991191149 0.025639171 -0.129930869 108.671569824
-0.131740391 0.017813036 0.991124332 68.593154907 0.026939323 0.999534070 -0.014383401 -4.642992020 -0.990917802 0.024805352 -0.132158756 108.577987671
-0.133799091 0.018052870 0.990844190 69.331520081 0.027523259 0.999516606 -0.014494262 -4.667091370 -0.990625858 0.025331946 -0.134231150 108.477813721
-0.135419279 0.018191403 0.990621626 70.065330505 0.028182702 0.999498069 -0.014501795 -4.691808701 -0.990387142 0.025954572 -0.135863855 108.374229431
-0.137046620 0.017784188 0.990405083 70.799247742 0.028050572 0.999508083 -0.014066163 -4.717257977 -0.990167022 0.025853716 -0.137477905 108.265357971
-0.138312995 0.017774813 0.990229249 71.527320862 0.026219973 0.999554574 -0.014279858 -4.750685692 -0.990041077 0.023988698 -0.138717294 108.156967163
-0.139221430 0.019294225 0.990073562 72.278411865 0.026205890 0.999532163 -0.015793553 -4.775215149 -0.989914119 0.023746962 -0.139661819 108.051177979
-0.140148014 0.019467626 0.989939451 73.038375854 0.024259107 0.999574423 -0.016222686 -4.800969601 -0.989833057 0.021741472 -0.140560493 107.949768066
-0.141757548 0.019644935 0.989706635 73.811126709 0.023353375 0.999591529 -0.016496195 -4.824158669 -0.989625573 0.020774538 -0.142158285 107.850204468
-0.142684653 0.017745789 0.989609361 74.578231812 0.023430642 0.999620080 -0.014547004 -4.851181030 -0.989490449 0.021111555 -0.143046096 107.740028381
-0.143430009 0.015592538 0.989537835 75.352081299 0.022368934 0.999671876 -0.012509922 -4.874161243 -0.989407301 0.020340616 -0.143731609 107.629028320
-0.145242915 0.013460651 0.989304721 76.138595581 0.019470369 0.999752998 -0.010744308 -4.895283699 -0.989204168 0.017701600 -0.145468995 107.522193909
-0.147369340 0.012998082 0.988996387 76.927986145 0.021165123 0.999726474 -0.009985310 -4.916854858 -0.988854825 0.019460712 -0.147603989 107.408264160
-0.149242610 0.013584886 0.988707542 77.713035583 0.022165015 0.999700785 -0.010390186 -4.938908100 -0.988551855 0.020364065 -0.149498910 107.290832520
-0.151588365 0.014916011 0.988331378 78.516548157 0.021969855 0.999690354 -0.011717746 -4.959035873 -0.988199234 0.019937232 -0.151868969 107.178756714
-0.153443858 0.018420033 0.987986028 79.319396973 0.022473872 0.999633074 -0.015146775 -4.981234550 -0.987901509 0.019879699 -0.153801367 107.063163757
-0.153950989 0.022528436 0.987821937 80.127914429 0.024662510 0.999516547 -0.018951520 -5.003649712 -0.987770379 0.021444568 -0.154432014 106.938171387
-0.155163333 0.026530216 0.987532914 80.944099426 0.025806982 0.999407470 -0.022794383 -5.029754162 -0.987551451 0.021948393 -0.155755877 106.814399719
-0.154793128 0.027681723 0.987559378 81.760116577 0.028099526 0.999326766 -0.023607165 -5.058162689 -0.987546921 0.024095727 -0.155466571 106.683982849
-0.154397368 0.027277760 0.987632573 82.595062256 0.032200094 0.999227166 -0.022564132 -5.086133957 -0.987483680 0.028318018 -0.155156195 106.551681519
-0.154398277 0.025268313 0.987685740 83.453346252 0.032791846 0.999253750 -0.020438125 -5.118159294 -0.987464190 0.029232420 -0.155111447 106.422393799
-0.153810725 0.023739422 0.987815380 84.296669006 0.032235473 0.999300361 -0.018996103 -5.145801544 -0.987574220 0.028920891 -0.154468209 106.299514771
-0.151984051 0.021295799 0.988153756 85.144256592 0.031350870 0.999369264 -0.016715543 -5.175845623 -0.987885416 0.028438976 -0.152555659 106.173507690
-0.150580168 0.018154606 0.988431394 85.996932983 0.031856559 0.999401689 -0.013502987 -5.199858665 -0.988084257 0.029454730 -0.151068240 106.051246643
-0.148979664 0.014902107 0.988728166 86.855895996 0.032104068 0.999432683 -0.010226063 -5.223597050 -0.988318801 0.030218709 -0.149373382 105.928497314
-0.147161588 0.014535906 0.989005864 87.714050293 0.030835047 0.999473989 -0.010101575 -5.254148006 -0.988631546 0.029009476 -0.147532225 105.801635742
-0.145869583 0.018922780 0.989123046 88.569496155 0.032318003 0.999375165 -0.014352848 -5.279337883 -0.988775671 0.029872833 -0.146389797 105.682929993
-0.143905178 0.025236122 0.989269972 89.421188354 0.033278782 0.999233365 -0.020649351 -5.306085110 -0.989031613 0.029950140 -0.144634485 105.560508728
-0.142423525 0.028727269 0.989389062 90.274421692 0.031670772 0.999199808 -0.024453077 -5.335699081 -0.989298761 0.027852017 -0.143219203 105.443443298
-0.141164333 0.026121238 0.989641786 91.141166687 0.030078912 0.999304056 -0.022085756 -5.367353439 -0.989529014 0.026649622 -0.141851604 105.330795288
