1.000000000 0.000000000 0.000000000 0.000000000 0.000000000 1.000000000 0.000000000 0.000000000 0.000000000 0.000000000 1.000000000 0.000000000
0.999998152 0.000742644 0.001762752 -0.005391759 -0.000741026 0.999999285 -0.000918660 -0.020661637 -0.001763433 0.000917352 0.999998033 1.202357769
0.999994755 0.001085895 0.003058222 -0.005347975 -0.001084809 0.999999344 -0.000356634 -0.042885505 -0.003058608 0.000353315 0.999995232 2.406255960
0.999989510 0.000496185 0.004548456 -0.010288313 -0.000495620 0.999999881 -0.000125448 -0.063964508 -0.004548518 0.000123193 0.999989629 3.611329317
0.999985576 0.000086462 0.005372270 -0.008808177 -0.000086000 1.000000000 -0.000086264 -0.084636025 -0.005372277 0.000085801 0.999985576 4.813839436
0.999980450 0.000113339 0.006240056 -0.007758837 -0.000112572 1.000000000 -0.000123240 -0.104730859 -0.006240069 0.000122535 0.999980509 6.004978180
0.999975562 0.000520994 0.006961886 -0.004569024 -0.000513505 0.999999285 -0.001077460 -0.127007231 -0.006962443 0.001073859 0.999975085 7.202227592
0.999971330 0.000427473 0.007553471 0.000883661 -0.000416597 0.999998868 -0.001441437 -0.148264736 -0.007554079 0.001438249 0.999970436 8.401836395
0.999969125 0.000649748 0.007821539 0.000275344 -0.000648492 0.999999762 -0.000163192 -0.172008738 -0.007821644 0.000158114 0.999969304 9.592112541
0.999976814 -0.000069506 0.006799885 -0.001020685 0.000063688 0.999999642 0.000855891 -0.191786259 -0.006799942 -0.000855438 0.999976456 10.797522545
0.999989867 -0.001371986 0.004281706 0.004216328 0.001370544 0.999999166 0.000339527 -0.210300609 -0.004282168 -0.000333655 0.999990761 12.008082390
0.999997199 -0.001040650 0.002116293 0.003282035 0.001041062 0.999999583 -0.000193981 -0.230165243 -0.002116090 0.000196184 0.999997735 13.206125259
0.999999166 -0.000849819 0.000865494 -0.000821169 0.000850129 0.999999762 -0.000358393 -0.251569122 -0.000865189 0.000359128 0.999999464 14.407207489
0.999999464 0.000768739 0.000538300 -0.016292915 -0.000768425 0.999999642 -0.000582772 -0.271559119 -0.000538747 0.000582358 0.999999583 15.619170189
0.999999702 0.000707923 0.000152437 -0.026308302 -0.000707806 0.999999642 -0.000766207 -0.289029777 -0.000152979 0.000766099 0.999999702 16.824178696
0.999999702 -0.000067030 -0.000757165 -0.020850226 0.000066992 1.000000000 -0.000049284 -0.315022618 0.000757169 0.000049234 0.999999702 18.024003983
0.999999285 -0.000387113 -0.001048903 -0.029870329 0.000387174 0.999999940 0.000057420 -0.335562021 0.001048881 -0.000057826 0.999999404 19.226680756
0.999998629 -0.000003070 -0.001661862 -0.039131917 0.000001581 0.999999583 -0.000895938 -0.357470363 0.001661864 0.000895935 0.999998212 20.424871445
0.999997199 -0.000237624 -0.002340577 -0.047406454 0.000233719 0.999998569 -0.001668479 -0.379561961 0.002340970 0.001667927 0.999995887 21.624803543
0.999994218 0.000441208 -0.003365166 -0.053071301 -0.000445145 0.999999285 -0.001169144 -0.404582679 0.003364648 0.001170635 0.999993622 22.820667267
0.999990702 0.000143033 -0.004290224 -0.063372567 -0.000148237 0.999999285 -0.001212590 -0.424882084 0.004290046 0.001213214 0.999989986 24.025213242
0.999986887 0.000097015 -0.005090381 -0.076237671 -0.000106990 0.999998152 -0.001959310 -0.447192311 0.005090180 0.001959829 0.999985039 25.229404449
0.999982238 0.000524196 -0.005926618 -0.090339646 -0.000532344 0.999998987 -0.001373254 -0.467796683 0.005925890 0.001376384 0.999981463 26.436103821
0.999977529 -0.000928234 -0.006636973 -0.101942137 0.000930597 0.999999642 0.000352944 -0.489159673 0.006636642 -0.000359112 0.999977887 27.638772964
0.999971867 -0.000864707 -0.007436421 -0.121276669 0.000866403 0.999999702 0.000224929 -0.505709529 0.007436223 -0.000231365 0.999972284 28.850807190
0.999966681 -0.001436376 -0.008027166 -0.142861843 0.001429570 0.999998629 -0.000853597 -0.522174776 0.008028383 0.000842093 0.999967337 30.065650940
0.999958038 -0.001946591 -0.008948720 -0.159052521 0.001928670 0.999996126 -0.002010863 -0.544046223 0.008952602 0.001993519 0.999957860 31.265468597
0.999951661 -0.001418095 -0.009736438 -0.174497336 0.001399156 0.999997139 -0.001951738 -0.566639960 0.009739180 0.001938021 0.999950588 32.468620300
0.999946117 -0.001716284 -0.010239735 -0.193766981 0.001701702 0.999997556 -0.001432681 -0.591049790 0.010242170 0.001415179 0.999946535 33.670425415
0.999938607 -0.002082029 -0.010884493 -0.211177245 0.002069246 0.999997199 -0.001185548 -0.613041461 0.010886931 0.001162952 0.999939978 34.878227234
0.999932885 -0.002547197 -0.011294936 -0.230742380 0.002530977 0.999995768 -0.001450234 -0.632405937 0.011298581 0.001421549 0.999935150 36.091831207
0.999927759 -0.002347914 -0.011782994 -0.250907063 0.002329343 0.999996126 -0.001589691 -0.653481066 0.011786678 0.001562130 0.999929309 37.295436859
0.999925971 -0.003031882 -0.011774810 -0.270829856 0.003019560 0.999994934 -0.001064112 -0.674720168 0.011777977 0.001028479 0.999930024 38.515213013
0.999928832 -0.002590308 -0.011637397 -0.289564967 0.002592578 0.999996722 0.000179893 -0.695434868 0.011636892 -0.000210050 0.999932230 39.733963013
0.999931633 -0.001992129 -0.011513471 -0.308418751 0.002004793 0.999997437 0.001088407 -0.719093144 0.011511273 -0.001111414 0.999933064 40.945049286
0.999934077 -0.001316120 -0.011391890 -0.333481073 0.001324109 0.999999046 0.000693686 -0.742824435 0.011390965 -0.000708725 0.999934793 42.132926941
0.999938726 -0.000147833 -0.011054768 -0.357390702 0.000154462 0.999999940 0.000598775 -0.760691226 0.011054679 -0.000600446 0.999938726 43.339332581
0.999944031 0.002640184 -0.010236920 -0.383218348 -0.002616787 0.999994040 0.002298374 -0.778095186 0.010242926 -0.002271458 0.999944866 44.545551300
0.999960244 0.002715699 -0.008474356 -0.403690338 -0.002670648 0.999982357 0.005323110 -0.795786142 0.008488661 -0.005300266 0.999949932 45.754878998
0.999972701 0.003386847 -0.006547571 -0.424063265 -0.003332089 0.999959707 0.008355996 -0.812522471 0.006575605 -0.008333950 0.999943614 46.968784332
0.999979734 0.004157220 -0.004771012 -0.437296450 -0.004102966 0.999927461 0.011325685 -0.815551400 0.004817748 -0.011305881 0.999924481 48.177627563
0.999987721 0.003663187 -0.003277094 -0.449142933 -0.003621611 0.999913990 0.012604571 -0.823920608 0.003322983 -0.012592548 0.999915183 49.389686584
0.999996424 0.001983452 -0.001683425 -0.455135942 -0.001964870 0.999937952 0.010969579 -0.827564180 0.001705076 -0.010966231 0.999938428 50.596038818
0.999995470 0.002886108 -0.000627892 -0.460307658 -0.002880208 0.999953508 0.009203314 -0.834824920 0.000654421 -0.009201461 0.999957442 51.805980682
0.999995589 0.002906220 0.000051048 -0.460286379 -0.002906552 0.999958873 0.008597082 -0.842313647 -0.000026063 -0.008597192 0.999962986 53.026775360
0.999997079 0.002344195 0.000136394 -0.467195243 -0.002345221 0.999964654 0.008074773 -0.853367567 -0.000117463 -0.008075068 0.999967396 54.226459503
0.999998391 0.001620198 -0.000511474 -0.474507779 -0.001616623 0.999974787 0.006915325 -0.863461018 0.000522663 -0.006914488 0.999976039 55.444656372
0.999995530 0.002034835 -0.002115213 -0.484280884 -0.002019147 0.999970615 0.007393203 -0.875439286 0.002130192 -0.007388899 0.999970436 56.663578033
0.999992073 0.002100599 -0.003351905 -0.495477796 -0.002071666 0.999960840 0.008612389 -0.888430715 0.003369862 -0.008605376 0.999957323 57.884887695
0.999988794 0.001636754 -0.004401579 -0.506951630 -0.001597497 0.999959052 0.008907762 -0.899716735 0.004415975 -0.008900630 0.999950707 59.086769104
0.999982774 0.002175572 -0.005417880 -0.517395318 -0.002127450 0.999958396 0.008872177 -0.909423769 0.005436954 -0.008860496 0.999946117 60.298049927
0.999979198 0.002464944 -0.005921538 -0.532471895 -0.002413486 0.999959469 0.008681723 -0.919987798 0.005942697 -0.008667252 0.999944925 61.510372162
0.999979556 0.001593347 -0.006159345 -0.545112014 -0.001543300 0.999965906 0.008121818 -0.930671275 0.006172073 -0.008112147 0.999948144 62.721401215
0.999980330 0.000520420 -0.006222984 -0.559047580 -0.000475284 0.999973655 0.007252415 -0.944435656 0.006226592 -0.007249314 0.999954402 63.928695679
0.999978483 0.000039049 -0.006526417 -0.573833108 0.000016680 0.999963582 0.008538707 -0.955958724 0.006526510 -0.008538632 0.999942362 65.131851196
0.999975264 0.000165646 -0.007018324 -0.583689809 -0.000095217 0.999949694 0.010034182 -0.972837865 0.007019631 -0.010033266 0.999925196 66.324974060
0.999973834 0.000717091 -0.007183347 -0.599351764 -0.000657540 0.999965549 0.008289189 -0.983604968 0.007189041 -0.008284251 0.999939978 67.525756836
0.999971330 0.002353058 -0.007187491 -0.616980195 -0.002301736 0.999971986 0.007140568 -0.993878603 0.007204090 -0.007123820 0.999948800 68.725570679
0.999964178 0.004529797 -0.007134160 -0.635822594 -0.004476116 0.999961853 0.007522794 -1.008610249 0.007167961 -0.007490593 0.999946356 69.930175781
0.999957502 0.006120524 -0.006882201 -0.655455053 -0.006066537 0.999951005 0.007838396 -1.021669745 0.006929837 -0.007796312 0.999945760 71.124244690
0.999948204 0.007654062 -0.006695690 -0.672496378 -0.007599121 0.999937713 0.008193044 -1.032675743 0.006757981 -0.008141739 0.999944210 72.318443298
0.999951065 0.008104856 -0.005652998 -0.687279820 -0.008052516 0.999925137 0.009221181 -1.045676231 0.005727309 -0.009175210 0.999941766 73.511886597
0.999945521 0.009868853 -0.003379711 -0.702538729 -0.009834822 0.999902308 0.009942672 -1.057375669 0.003477501 -0.009908894 0.999945045 74.705856323
0.999965012 0.008325695 -0.000786291 -0.708850443 -0.008319276 0.999934673 0.007847070 -1.072648525 0.000851568 -0.007840255 0.999969065 75.890289307
0.999984622 0.005278434 0.001676238 -0.709784865 -0.005283171 0.999982119 0.002832689 -1.086297512 -0.001661259 -0.002841502 0.999994755 77.071784973
0.999970615 0.006325189 0.004291408 -0.711507440 -0.006334934 0.999977410 0.002260010 -1.102628827 -0.004277021 -0.002287129 0.999988437 78.249786377
0.999959946 0.005354340 0.007147521 -0.707707524 -0.005395220 0.999969304 0.005711937 -1.120167971 -0.007116721 -0.005750272 0.999958336 79.432113647
0.999924779 0.005835228 0.010773950 -0.705135703 -0.005910346 0.999958456 0.006953297 -1.135206938 -0.010732934 -0.007016454 0.999917984 80.608970642
0.999873936 0.005913977 0.014725501 -0.693743825 -0.005989787 0.999969125 0.005109285 -1.147569895 -0.014694836 -0.005196845 0.999878764 81.790367126
0.999826372 0.005097826 0.017909231 -0.672787786 -0.005137069 0.999984562 0.002145787 -1.166936517 -0.017898023 -0.002237417 0.999837577 82.949081421
0.999766827 0.003763897 0.021258229 -0.650875807 -0.003739479 0.999992311 -0.001188369 -1.187178254 -0.021262554 0.001108597 0.999773502 84.126525879
0.999689996 0.003149236 0.024692278 -0.627056360 -0.003095348 0.999992788 -0.002220402 -1.209153771 -0.024699107 0.002143283 0.999692798 85.293296814
0.999591768 0.002935856 0.028415229 -0.599461794 -0.002925128 0.999995649 -0.000419180 -1.233036160 -0.028416349 0.000335891 0.999596357 86.456581116
0.999471068 0.004159725 0.032249957 -0.573380470 -0.004157060 0.999991417 -0.000149737 -1.253691792 -0.032250322 0.000015593 0.999480009 87.634674072
0.999348283 0.003764403 0.035895046 -0.535606146 -0.003684427 0.999990582 -0.002294006 -1.276578903 -0.035903364 0.002160259 0.999353111 88.798416138
0.999218404 0.003800534 0.039339989 -0.499196768 -0.003621281 0.999982774 -0.004626822 -1.299487710 -0.039356913 0.004480748 0.999215364 89.952636719
0.999087214 0.003760008 0.042547103 -0.454577208 -0.003549267 0.999981165 -0.005027652 -1.324765086 -0.042565234 0.004872055 0.999082029 91.110862732
0.998966336 0.002261384 0.045396253 -0.404159069 -0.002088240 0.999990463 -0.003861185 -1.349421263 -0.045404568 0.003762399 0.998961866 92.272186279
0.998833895 0.001766135 0.048243217 -0.352814198 -0.001652723 0.999995947 -0.002390668 -1.374029756 -0.048247255 0.002308150 0.998833001 93.450477600
0.998705626 0.001002207 0.050849564 -0.296519279 -0.000971037 0.999999464 -0.000637711 -1.396313906 -0.050850201 0.000587511 0.998706341 94.624732971
0.998585105 -0.000453570 0.053171687 -0.229848385 0.000435416 0.999999881 0.000352987 -1.417954564 -0.053171858 -0.000329334 0.998585641 95.793075562
0.998452306 -0.001505913 0.055592474 -0.171739578 0.001620595 0.999996662 -0.002017905 -1.438483238 -0.055589277 0.002104877 0.998451769 96.959495544
0.998316705 -0.002926127 0.057921525 -0.110704899 0.003255802 0.999979138 -0.005598203 -1.461704016 -0.057903953 0.005777364 0.998305678 98.127021790
0.998192310 -0.002224901 0.060058046 -0.047868252 0.002726281 0.999962211 -0.008267618 -1.490052462 -0.060037408 0.008416411 0.998160839 99.293563843
0.998084903 -0.002291461 0.061813634 0.019223690 0.002860499 0.999954402 -0.009118795 -1.520033956 -0.061789941 0.009278154 0.998046279 100.476554871
0.998063266 -0.002176020 0.062164720 0.089711189 0.002716456 0.999959409 -0.008610438 -1.545929193 -0.062143486 0.008762634 0.998028934 101.651641846
0.998108327 -0.002014785 0.061441138 0.157162666 0.002437465 0.999974072 -0.006805262 -1.574226618 -0.061425857 0.006942155 0.998087645 102.842521667
0.998186827 -0.002644961 0.060129996 0.223705292 0.002981040 0.999980569 -0.005500181 -1.599524260 -0.060114298 0.005669462 0.998175502 104.038444519
0.998304486 -0.002250559 0.058159694 0.289163589 0.002522328 0.999986410 -0.004599834 -1.625433087 -0.058148578 0.004738738 0.998296857 105.233467102
0.998454034 -0.001978737 0.055544104 0.353711128 0.002217330 0.999988675 -0.004234284 -1.647980332 -0.055535126 0.004350903 0.998447359 106.433769226
0.998615563 -0.001400571 0.052578133 0.407759190 0.001630936 0.999989450 -0.004338752 -1.671619415 -0.052571509 0.004418501 0.998607576 107.633552551
0.998806596 0.000015167 0.048836477 0.459629059 0.000218730 0.999988794 -0.004784076 -1.695760012 -0.048836011 0.004789053 0.998795509 108.848983765
0.998993397 0.000139578 0.044851344 0.509576797 0.000056887 0.999990582 -0.004379090 -1.719936728 -0.044851538 0.004377237 0.998984337 110.068435669
0.999165356 0.000804503 0.040835824 0.555653572 -0.000660931 0.999993742 -0.003529241 -1.741352916 -0.040838413 0.003499308 0.999159873 111.288505554
0.999330282 0.001022408 0.036572240 0.596231937 -0.000928974 0.999996543 -0.002571731 -1.768036604 -0.036574751 0.002536037 0.999327898 112.505302429
0.999482334 0.000892542 0.032154229 0.626031637 -0.000829554 0.999997914 -0.001972306 -1.791668773 -0.032155927 0.001944614 0.999481142 113.742309570
0.999620795 0.001546517 0.027483150 0.651595354 -0.001493868 0.999997258 -0.001936191 -1.813514709 -0.027486078 0.001894404 0.999620497 114.976715088
0.999744833 0.002325730 0.022459932 0.672749281 -0.002282193 0.999995708 -0.001963958 -1.837767720 -0.022464408 0.001912202 0.999745905 116.210319519
0.999844253 0.002650657 0.017436210 0.694659591 -0.002611602 0.999994278 -0.002262374 -1.860677242 -0.017442107 0.002216488 0.999845505 117.438201904
0.999911785 0.003751918 0.012725623 0.707128346 -0.003715161 0.999989152 -0.002911121 -1.883671522 -0.012736412 0.002863589 0.999914944 118.676742554
0.999940813 0.005739673 0.009213275 0.709345937 -0.005713727 0.999979973 -0.002840450 -1.909444094 -0.009229397 0.002787642 0.999953687 119.908317566
0.999943972 0.007746054 0.007174258 0.709641099 -0.007726472 0.999966621 -0.002753937 -1.933575153 -0.007195354 0.002698354 0.999970555 121.153953552
0.999943614 0.008671008 0.006079306 0.709550440 -0.008653058 0.999958396 -0.002973795 -1.960430622 -0.006104842 0.002921026 0.999977231 122.402381897
0.999927282 0.010837869 0.005238117 0.703496277 -0.010823140 0.999937713 -0.002833547 -1.981193900 -0.005268502 0.002776651 0.999982417 123.633430481
0.999916315 0.012124907 0.004451730 0.695417881 -0.012116335 0.999925017 -0.001948752 -2.005919218 -0.004475027 0.001894653 0.999988377 124.876159668
0.999922693 0.011831844 0.003772336 0.697962105 -0.011826363 0.999929309 -0.001473814 -2.031916618 -0.003789509 0.001429089 0.999991953 126.129432678
0.999872804 0.015659994 0.002947560 0.689423561 -0.015661437 0.999877572 0.000463346 -2.051213503 -0.002939945 -0.000509447 0.999995649 127.383880615
0.999856055 0.016752696 0.002614348 0.673794150 -0.016761910 0.999853492 0.003539848 -2.066312790 -0.002554665 -0.003583158 0.999990404 128.656539917
0.999873459 0.015714793 0.002353277 0.661978126 -0.015722103 0.999871731 0.003116071 -2.082760096 -0.002304009 -0.003152673 0.999992490 129.920364380
0.999874532 0.015726063 0.001800434 0.660969496 -0.015729101 0.999875128 0.001682353 -2.101670742 -0.001773755 -0.001710459 0.999997079 131.157211304
0.999914110 0.013039419 0.001166789 0.655423343 -0.013042456 0.999911845 0.002625995 -2.116716862 -0.001132447 -0.002640984 0.999995887 132.423355103
0.999939799 0.010948890 0.000341968 0.651375294 -0.010950319 0.999930382 0.004476818 -2.133303404 -0.000292930 -0.004480290 0.999989986 133.690704346
0.999970913 0.007605496 -0.000007446 0.651133299 -0.007605299 0.999950945 0.006392776 -2.149270296 0.000056063 -0.006392530 0.999979556 134.954467773
0.999983549 0.005678436 -0.000473675 0.651582360 -0.005674642 0.999954760 0.007670044 -2.167376995 0.000517205 -0.007667227 0.999970555 136.232803345
0.999998033 0.001801498 0.000076234 0.643778324 -0.001801911 0.999981880 0.005796646 -2.180060863 -0.000065792 -0.005796769 0.999983251 137.494796753
0.999999404 -0.000809106 0.000128054 0.644497573 0.000808467 0.999987960 0.004911509 -2.196386576 -0.000132028 -0.004911400 0.999987960 138.765090942
0.999997497 -0.002096505 0.000368671 0.641461790 0.002094788 0.999987602 0.004597155 -2.211245537 -0.000378306 -0.004596368 0.999989450 140.043334961
0.999996722 -0.002372549 0.000656538 0.640256763 0.002369180 0.999984622 0.005085336 -2.227197170 -0.000668595 -0.005083761 0.999986947 141.321929932
0.999997377 -0.001652095 0.001406989 0.634512126 0.001642333 0.999975085 0.006910834 -2.239926577 -0.001418373 -0.006908502 0.999975204 142.605529785
0.999996722 0.000958457 0.002265671 0.625160813 -0.000977746 0.999963522 0.008526990 -2.254311323 -0.002257418 -0.008529172 0.999961138 143.883148193
0.999994695 0.001093723 0.002972994 0.619928956 -0.001114205 0.999975979 0.006895717 -2.269090414 -0.002965383 -0.006898989 0.999971807 145.165008545
0.999991417 0.001876780 0.003595524 0.613855779 -0.001894635 0.999986231 0.004968198 -2.281935930 -0.003586152 -0.004974965 0.999981225 146.453048706
0.999989212 0.001809594 0.004189890 0.609776974 -0.001820250 0.999995530 0.002540319 -2.301211119 -0.004185276 -0.002547917 0.999988019 147.732177734
0.999989092 0.000457572 0.004573893 0.609263539 -0.000450638 0.999999106 -0.001517281 -2.323108673 -0.004574585 0.001515205 0.999988377 149.006042480
0.999986231 0.000399513 0.005177662 0.605465889 -0.000373228 0.999987483 -0.005076760 -2.346329927 -0.005179628 0.005074759 0.999973714 150.287658691
0.999985218 0.000139936 0.005384271 0.606976509 -0.000107880 0.999982655 -0.005953705 -2.377616882 -0.005385014 0.005953038 0.999967694 151.556152344
0.999985158 -0.000073967 0.005396479 0.606838465 0.000104678 0.999984205 -0.005691158 -2.407860994 -0.005395975 0.005691640 0.999969184 152.832168579
0.999985516 0.000683855 0.005286011 0.607672215 -0.000656317 0.999986649 -0.005209893 -2.437448502 -0.005289505 0.005206351 0.999972343 154.100753784
0.999984980 0.001520257 0.005209544 0.607314169 -0.001498411 0.999990523 -0.004195191 -2.466574907 -0.005215873 0.004187324 0.999977529 155.373031616
0.999986112 0.002001050 0.004825444 0.606142104 -0.001983200 0.999991715 -0.003701652 -2.493460655 -0.004832813 0.003692033 0.999981403 156.635162354
0.999988317 0.002105037 0.004286787 0.608440757 -0.002087946 0.999990225 -0.003987984 -2.523907423 -0.004295144 0.003978989 0.999982774 157.920578003
0.999989808 0.002501355 0.003660455 0.605282485 -0.002487642 0.999990225 -0.003746860 -2.550669670 -0.003669795 0.003737718 0.999986172 159.193664551
0.999992847 0.002055790 0.003112426 0.601354420 -0.002048000 0.999995172 -0.002505071 -2.577983379 -0.003117564 0.002498681 0.999991953 160.465148926
0.999991536 0.003058255 0.002642170 0.594864249 -0.003052425 0.999993265 -0.002209203 -2.604139805 -0.002648912 0.002201121 0.999993980 161.739242554
0.999989927 0.003816301 0.002207895 0.587023556 -0.003809296 0.999988079 -0.003169673 -2.631626368 -0.002219969 0.003161232 0.999992430 163.008102417
0.999990821 0.003948581 0.001536157 0.580825269 -0.003941672 0.999982536 -0.004477672 -2.655692577 -0.001553815 0.004471576 0.999988794 164.282211304
0.999987900 0.004790363 0.000859996 0.574332416 -0.004786480 0.999978781 -0.004468160 -2.682249546 -0.000881386 0.004463990 0.999989629 165.551818848
0.999990225 0.004351403 0.000251367 0.568322837 -0.004349998 0.999976397 -0.005360390 -2.711546183 -0.000274690 0.005359244 0.999985576 166.825683594
0.999987602 0.004914104 -0.000375108 0.558635712 -0.004916410 0.999967754 -0.006403471 -2.739807844 0.000343625 0.006405236 0.999979436 168.101760864
0.999986053 0.005123862 -0.001034861 0.551743805 -0.005130162 0.999968052 -0.006174381 -2.767205238 0.001003187 0.006179605 0.999980390 169.374145508
0.999983847 0.005358183 -0.001760041 0.544202447 -0.005366829 0.999973714 -0.004942604 -2.795410156 0.001733507 0.004951972 0.999986231 170.651763916
0.999981761 0.005487814 -0.002412174 0.533235013 -0.005498954 0.999974370 -0.004634158 -2.823151112 0.002386677 0.004647338 0.999986351 171.924072266
0.999978065 0.005839736 -0.003071441 0.522616506 -0.005853212 0.999973536 -0.004395321 -2.849689245 0.003045688 0.004413201 0.999985635 173.196243286
0.999973416 0.006260047 -0.003676669 0.510667324 -0.006274636 0.999972761 -0.003968189 -2.879759789 0.003651723 0.003991153 0.999985337 174.467239380
0.999968648 0.006707305 -0.004177977 0.497661352 -0.006727695 0.999965727 -0.004884396 -2.905584335 0.004145068 0.004912351 0.999979258 175.749908447
0.999958098 0.008046933 -0.004321815 0.475662231 -0.008071411 0.999951661 -0.005675684 -2.930502653 0.004275929 0.005710328 0.999974549 177.016632080
0.999955773 0.008134614 -0.004683947 0.463336229 -0.008159437 0.999952912 -0.005304345 -2.959894657 0.004640571 0.005342327 0.999974966 178.288940430
0.999956369 0.007882309 -0.004969841 0.450882375 -0.007914536 0.999947846 -0.006497155 -2.988707542 0.004918364 0.006536205 0.999966562 179.559112549
0.999964714 0.006680390 -0.005049006 0.436776876 -0.006720556 0.999945939 -0.007979814 -3.021852016 0.004995420 0.008013464 0.999955416 180.840438843
0.999980748 0.003372783 -0.005156972 0.427022040 -0.003413919 0.999962628 -0.007988369 -3.049736023 0.005129831 0.008005819 0.999954760 182.103759766
0.999979198 0.003527995 -0.005348697 0.409290135 -0.003551405 0.999984503 -0.004372986 -3.079026461 0.005333181 0.004391890 0.999976158 183.397659302
0.999981582 0.002683987 -0.005377529 0.397999823 -0.002684687 0.999996841 -0.000122469 -3.107090235 0.005377177 0.000136903 0.999985635 184.667022705
0.999978244 0.003733360 -0.005385905 0.383771777 -0.003737461 0.999993145 -0.000750871 -3.131858587 0.005383059 0.000770984 0.999985218 185.929046631
0.999972045 0.005277723 -0.005260088 0.369294703 -0.005298195 0.999978781 -0.003884617 -3.156694651 0.005239469 0.003912378 0.999978721 187.185195923
0.999966323 0.006092793 -0.005443774 0.351470232 -0.006124338 0.999964952 -0.005795970 -3.183747292 0.005408263 0.005829113 0.999968469 188.442031860
0.999968469 0.005539143 -0.005655066 0.345689058 -0.005570599 0.999969363 -0.005561112 -3.214886189 0.005624084 0.005592438 0.999968708 189.699981689
0.999969840 0.005330767 -0.005603475 0.333413482 -0.005355985 0.999975860 -0.004494329 -3.244003773 0.005579377 0.004524204 0.999974310 190.950881958
0.999970376 0.005440821 -0.005410085 0.319145441 -0.005454252 0.999982476 -0.002470239 -3.269578934 0.005396544 0.002499673 0.999982476 192.208175659
0.999978721 0.004579508 -0.004588061 0.304048300 -0.004586722 0.999988675 -0.001562259 -3.298571587 0.004580850 0.001583269 0.999988377 193.461364746
0.999984920 0.004470835 -0.003113394 0.293067813 -0.004477629 0.999987960 -0.002177702 -3.324717045 0.003103615 0.002191608 0.999992967 194.700897217
0.999992430 0.003479591 -0.001627725 0.285260499 -0.003485258 0.999988198 -0.003489797 -3.353649616 0.001615558 0.003495441 0.999992609 195.934600830
0.999994397 0.003255462 -0.000341344 0.277827561 -0.003257136 0.999982476 -0.005015553 -3.381931305 0.000325005 0.005016635 0.999987423 197.167785645
0.999995828 0.002588815 0.001099941 0.273117840 -0.002582550 0.999980986 -0.005661581 -3.410223961 -0.001114582 0.005658715 0.999983370 198.396682739
0.999992192 0.002887785 0.002636052 0.265996635 -0.002874821 0.999984205 -0.004909453 -3.440447569 -0.002650192 0.004901834 0.999984503 199.628494263
0.999989390 0.002383330 0.003898634 0.266491473 -0.002371470 0.999992907 -0.003044580 -3.470624924 -0.003905867 0.003035300 0.999987841 200.846298218
0.999982476 0.003412648 0.004816233 0.270114779 -0.003400292 0.999991298 -0.002571883 -3.500476837 -0.004824972 0.002555459 0.999985099 202.055999756
0.999977469 0.003111553 0.005930878 0.271723986 -0.003096340 0.999992311 -0.002573078 -3.526039839 -0.005938841 0.002554653 0.999979079 203.266067505
0.999968708 0.003589675 0.007031525 0.271069527 -0.003572541 0.999991059 -0.002448268 -3.551747799 -0.007040253 0.002423068 0.999972284 204.458755493
0.999961317 0.003443780 0.008071210 0.276361108 -0.003425449 0.999991953 -0.002284297 -3.576507092 -0.008079014 0.002256559 0.999964833 205.651687622
0.999952078 0.003759171 0.009018876 0.278676629 -0.003737199 0.999990463 -0.002452252 -3.601215839 -0.009028010 0.002418427 0.999956369 206.851821899
0.999944031 0.003713215 0.009905395 0.280886292 -0.003690897 0.999991000 -0.002270842 -3.628470182 -0.009913740 0.002234153 0.999948382 208.025268555
0.999940395 0.002667296 0.010585077 0.286638379 -0.002643793 0.999994457 -0.002234044 -3.655674458 -0.010590979 0.002205925 0.999941528 209.188629150
0.999939740 0.002566320 0.010674722 0.293852448 -0.002552324 0.999996305 -0.001324836 -3.683648109 -0.010678086 0.001297509 0.999942183 210.339065552
0.999943614 0.002032354 0.010414283 0.298764348 -0.002029849 0.999998391 -0.000251360 -3.710751772 -0.010414779 0.000230205 0.999945760 211.473846436
0.999948502 0.002400351 0.009856069 0.301651716 -0.002396516 0.999997497 -0.000401108 -3.736419201 -0.009857007 0.000377466 0.999951363 212.589706421
0.999952495 0.002770911 0.009343827 0.308651328 -0.002758654 0.999995828 -0.001324645 -3.758761168 -0.009347459 0.001298804 0.999955475 213.679687500
0.999955773 0.002950954 0.008931661 0.311089993 -0.002932306 0.999993920 -0.002100646 -3.784086466 -0.008937809 0.002074360 0.999957919 214.768615723
0.999960959 0.002777962 0.008381764 0.312931061 -0.002759866 0.999994278 -0.002170124 -3.809790850 -0.008387746 0.002146904 0.999962509 215.843795776
0.999970376 0.002485967 0.007284107 0.313595414 -0.002470096 0.999995053 -0.002187355 -3.836421967 -0.007289510 0.002169296 0.999971092 216.906661987
0.999983490 0.001875299 0.005413771 0.322616398 -0.001867439 0.999997675 -0.001456866 -3.859320402 -0.005416492 0.001446730 0.999984264 217.981460571
0.999993861 0.000805711 0.003412010 0.325610250 -0.000806003 1.000000000 0.000083599 -3.882137060 -0.003411947 -0.000086350 0.999994099 219.010116577
0.999998629 0.001111638 0.001214620 0.321972013 -0.001113797 0.999998331 0.001777343 -3.904693365 -0.001212646 -0.001778694 0.999997616 220.036666870
0.999998331 0.001483154 -0.001106307 0.315277696 -0.001480981 0.999997437 0.001964157 -3.927620888 0.001109212 -0.001962515 0.999997377 221.043151855
0.999991238 0.001824684 -0.003763078 0.306616306 -0.001819151 0.999997735 0.001473724 -3.947518826 0.003765753 -0.001466866 0.999991834 222.033218384
0.999976873 0.001869587 -0.006541955 0.295770407 -0.001858986 0.999997377 0.001626475 -3.966473579 0.006544971 -0.001614277 0.999977291 223.007202148
0.999953270 0.002249785 -0.009403841 0.280126095 -0.002230769 0.999995828 0.002032405 -3.988006592 0.009408366 -0.002011333 0.999953628 223.954025269
0.999921501 0.002577011 -0.012267239 0.261952639 -0.002554830 0.999995530 0.001823704 -4.009752274 0.012271875 -0.001792221 0.999922991 224.878677368
0.999881804 0.002592600 -0.015160824 0.239858389 -0.002575213 0.999996424 0.001166400 -4.027239799 0.015163783 -0.001127220 0.999884307 225.777343750
0.999829412 0.002442692 -0.018312249 0.217041492 -0.002435463 0.999997377 0.000417173 -4.045786858 0.018313205 -0.000372504 0.999832094 226.655395508
0.999763072 0.003688569 -0.021452205 0.192637444 -0.003687527 0.999993563 0.000088250 -4.063844204 0.021452375 -0.000009126 0.999769807 227.508361816
0.999695182 0.004127166 -0.024341982 0.165517807 -0.004146556 0.999991477 -0.000746000 -4.082192421 0.024338681 0.000846705 0.999703348 228.343124390
0.999629438 0.005952633 -0.026562735 0.134331703 -0.005976648 0.999982178 -0.000824581 -4.100811481 0.026557334 0.000983029 0.999646783 229.159378052
0.999609053 0.006690765 -0.027148452 0.104237080 -0.006704154 0.999977767 -0.000402011 -4.118308067 0.027145138 0.000583859 0.999631345 229.956832886
0.999621451 0.006705514 -0.026685189 0.075672626 -0.006694948 0.999977827 0.000485470 -4.136418819 0.026687831 -0.000306632 0.999643743 230.736618042
0.999633253 0.006697102 -0.026238952 0.050839901 -0.006668136 0.999977410 0.001191427 -4.154353619 0.026246319 -0.001016027 0.999655008 231.498016357
0.999648511 0.006354538 -0.025735721 0.025414944 -0.006340448 0.999979913 0.000629300 -4.172052860 0.025739189 -0.000465905 0.999668598 232.240264893
0.999654710 0.006899850 -0.025353128 0.000682354 -0.006934446 0.999975502 -0.001276708 -4.188871861 0.025343681 0.001452075 0.999677777 232.972854614
0.999677300 0.006955576 -0.024427813 -0.021481991 -0.007042285 0.999969542 -0.003465127 -4.204775810 0.024402950 0.003636034 0.999695659 233.701324463
0.999707758 0.006995611 -0.023139423 -0.043498039 -0.007106983 0.999963820 -0.004734101 -4.222540379 0.023105456 0.004897166 0.999721110 234.425750732
0.999729991 0.007334529 -0.022050083 -0.056721687 -0.007453557 0.999958336 -0.005320481 -4.240129471 0.022010127 0.005483392 0.999742687 235.163589478
0.999770463 0.006501937 -0.020409565 -0.070515633 -0.006618825 0.999962389 -0.005664529 -4.255795479 0.020371953 0.005798312 0.999775648 235.894073486
0.999807060 0.006270956 -0.018608831 -0.085282803 -0.006378592 0.999963522 -0.005730102 -4.273133755 0.018572208 0.005847692 0.999810398 236.614181519
0.999838352 0.006311558 -0.016828585 -0.097326517 -0.006413482 0.999961615 -0.006009187 -4.290033340 0.016790004 0.006116141 0.999840319 237.325546265
0.999872565 0.006153019 -0.014723817 -0.109703302 -0.006246655 0.999960780 -0.006321625 -4.308820248 0.014684334 0.006412791 0.999871552 238.037506104
0.999910772 0.006198566 -0.011824259 -0.120733023 -0.006269557 0.999962807 -0.005975810 -4.325596809 0.011786766 0.006049407 0.999912202 238.739135742
0.999950826 0.005036279 -0.008533909 -0.128513813 -0.005080947 0.999973834 -0.005219941 -4.344097137 0.008507388 0.005263042 0.999949872 239.437973022
0.999975562 0.004047766 -0.005699205 -0.132070661 -0.004075993 0.999979794 -0.004948792 -4.362218857 0.005679050 0.004971897 0.999971449 240.135391235
0.999989927 0.003562094 -0.002717649 -0.134079278 -0.003575089 0.999982476 -0.004790045 -4.381168365 0.002700531 0.004799710 0.999984741 240.834609985
0.999995112 0.003079388 0.000313538 -0.135311961 -0.003077765 0.999982774 -0.005066012 -4.399371624 -0.000329142 0.005065020 0.999987006 241.523452759
0.999990821 0.002711929 0.003290291 -0.134578526 -0.002694596 0.999982893 -0.005262347 -4.415452003 -0.003304509 0.005253430 0.999980628 242.210617065
0.999973178 0.003451741 0.006446714 -0.135352850 -0.003411370 0.999974906 -0.006263576 -4.430772781 -0.006468176 0.006241415 0.999959528 242.894363403
0.999948800 0.003457349 0.009500770 -0.131715536 -0.003392343 0.999971032 -0.006850420 -4.447293282 -0.009524183 0.006817837 0.999931335 243.589920044
0.999917567 0.003573905 0.012323773 -0.125204563 -0.003500676 0.999976397 -0.005959071 -4.463662148 -0.012344781 0.005915436 0.999906242 244.288528442
0.999879956 0.003777356 0.015020105 -0.118801832 -0.003696398 0.999978840 -0.005414511 -4.480376244 -0.015040239 0.005358339 0.999872506 244.987945557
0.999843895 0.003342217 0.017346140 -0.108132839 -0.003244600 0.999979079 -0.005652983 -4.496406078 -0.017364670 0.005595817 0.999833465 245.693756104
0.999807060 0.002718104 0.019454150 -0.095445156 -0.002581132 0.999971926 -0.007062680 -4.516828537 -0.019472806 0.007011102 0.999785721 246.398788452
0.999777079 0.002890672 0.020914663 -0.081401348 -0.002694121 0.999952257 -0.009420088 -4.533163071 -0.020940900 0.009361639 0.999736786 247.105926514
0.999756634 0.001928924 0.021977901 -0.067884445 -0.001685934 0.999937594 -0.011069536 -4.548923492 -0.021997891 0.011029785 0.999697089 247.815505981
0.999753773 0.002018928 0.022094481 -0.053849220 -0.001764027 0.999931991 -0.011550512 -4.566246033 -0.022116300 0.011508691 0.999689102 248.532455444
0.999750912 0.000732196 0.022309968 -0.039826870 -0.000463219 0.999927402 -0.012059392 -4.586287022 -0.022317184 0.012046049 0.999678254 249.258575439
0.999754369 0.000949676 0.022141965 -0.023017406 -0.000677031 0.999924242 -0.012317956 -4.604576111 -0.022151992 0.012299935 0.999678850 250.035217285
0.999747276 0.001596383 0.022423636 -0.012147427 -0.001311107 0.999918401 -0.012731295 -4.624598503 -0.022442132 0.012698675 0.999667406 250.778015137
0.999747872 0.000344063 0.022448074 0.005585194 -0.000015983 0.999893427 -0.014613817 -4.645978928 -0.022450713 0.014609769 0.999641120 251.531799316
0.999730051 -0.003742447 0.022926811 0.021376133 0.004126161 0.999852061 -0.016712230 -4.670053959 -0.022860877 0.016802313 0.999597371 252.276535034
0.999697328 -0.006908895 0.023607433 0.038129330 0.007326236 0.999817848 -0.017638048 -4.690387726 -0.023481280 0.017805662 0.999565542 253.041091919
0.999672294 -0.004975750 0.025107730 0.024367332 0.005361682 0.999868512 -0.015327318 -4.669017792 -0.025028165 0.015456911 0.999567151 253.875839233
0.999670744 -0.000869022 0.025644064 0.035060406 0.001108979 0.999956071 -0.009344662 -4.689110756 -0.025634820 0.009370022 0.999627352 254.657669067
0.999648333 -0.001938794 0.026444893 0.054046631 0.002091484 0.999981642 -0.005747592 -4.710984230 -0.026433263 0.005800880 0.999633670 255.451110840
0.999583244 -0.002658933 0.028743031 0.076789856 0.002886733 0.999965072 -0.007886901 -4.730524063 -0.028721057 0.007966587 0.999555647 256.244293213
0.999454916 -0.001852361 0.032960340 0.096386909 0.002310596 0.999901474 -0.013870086 -4.750723839 -0.032931402 0.013938679 0.999360323 257.054962158
0.999329209 0.000165887 0.036621001 0.123164177 0.000476796 0.999846399 -0.017540248 -4.769862652 -0.036618289 0.017545935 0.999175191 257.850952148
0.999220312 0.001478325 0.039454158 0.154448509 -0.000793307 0.999849141 -0.017372521 -4.791912079 -0.039473888 0.017327670 0.999070287 258.669097900
0.999071598 -0.000126565 0.043078523 0.183920860 0.000773524 0.999887526 -0.015001887 -4.817768097 -0.043071777 0.015021279 0.998958886 259.498657227
0.998936296 -0.003406406 0.045986451 0.223739624 0.003954021 0.999922633 -0.011822545 -4.841691494 -0.045942627 0.011991797 0.998871982 260.337890625
0.998795033 -0.005812530 0.048732527 0.265237808 0.006320404 0.999927521 -0.010274105 -4.862307549 -0.048669279 0.010569727 0.998758912 261.183166504
0.998641670 -0.005858849 0.051772013 0.308911324 0.006376613 0.999931574 -0.009841380 -4.887423515 -0.051710811 0.010158139 0.998610258 262.018463135
0.998517156 -0.003756672 0.054308407 0.348740578 0.004408297 0.999919951 -0.011883842 -4.912593842 -0.054259412 0.012105620 0.998453319 262.855743408
0.998390853 -0.003000305 0.056626651 0.392765045 0.003807293 0.999892950 -0.014148582 -4.935109138 -0.056578137 0.014341403 0.998294950 263.696807861
0.998240471 -0.002564487 0.059238851 0.437687874 0.003413539 0.999893069 -0.014235999 -4.957895279 -0.059196003 0.014413157 0.998142123 264.533843994
0.998065114 -0.001671539 0.062153369 0.483904839 0.002431159 0.999923527 -0.012148146 -4.984039307 -0.062128305 0.012275740 0.997992516 265.376617432
0.997874320 -0.000627885 0.065163523 0.533699036 0.001324506 0.999942780 -0.010647762 -5.008240700 -0.065153107 0.010711435 0.997817695 266.220184326
0.997691274 -0.000234799 0.067910269 0.587484360 0.000966690 0.999942124 -0.010744725 -5.032529354 -0.067903817 0.010785564 0.997633457 267.060119629
0.997513950 -0.000212460 0.070468687 0.643585205 0.001008091 0.999936461 -0.011255251 -5.055239201 -0.070461810 0.011298303 0.997450411 267.899291992
0.997317851 -0.001796956 0.073168680 0.703062057 0.002655757 0.999929011 -0.011641725 -5.079339504 -0.073142566 0.011804814 0.997251511 268.744567871
0.997176886 -0.005223765 0.074905768 0.770238876 0.006055029 0.999922812 -0.010874686 -5.103628635 -0.074843176 0.011297541 0.997131228 269.591522217
0.997125328 -0.006375704 0.075500078 0.837156296 0.007222289 0.999914348 -0.010945342 -5.126836777 -0.075423822 0.011459157 0.997085571 270.428344727
0.997072220 -0.007238742 0.076121762 0.899629593 0.008092168 0.999908030 -0.010908859 -5.150927544 -0.076035790 0.011492904 0.997038782 271.278228760
0.997053623 -0.007319463 0.076357566 0.964349747 0.008179032 0.999906838 -0.010950515 -5.172626972 -0.076270305 0.011542774 0.997020304 272.125579834
0.997049630 -0.007060326 0.076432079 1.027080536 0.007884311 0.999914229 -0.010484262 -5.196518898 -0.076351486 0.011055940 0.997019589 272.964965820
0.997162879 -0.007006500 0.074947134 1.097547531 0.007773352 0.999920607 -0.009945099 -5.219936371 -0.074871495 0.010499469 0.997137845 273.814025879
0.997341216 -0.007579813 0.072476432 1.179281235 0.008376747 0.999908030 -0.010698128 -5.245311260 -0.072388671 0.011276794 0.997312665 274.661071777
0.997461200 -0.007533103 0.070811190 1.237274170 0.008377296 0.999897540 -0.011632320 -5.269608974 -0.070716314 0.012195987 0.997421801 275.517486572
0.997557521 -0.006818553 0.069513850 1.288951874 0.007697236 0.999894023 -0.012380376 -5.294497967 -0.069422044 0.012885197 0.997504115 276.373718262
0.997697890 -0.005969388 0.067549780 1.347272873 0.006833792 0.999897957 -0.012572708 -5.322211266 -0.067467816 0.013005379 0.997636676 277.219757080
0.997878134 -0.004752582 0.064934149 1.399883270 0.005583027 0.999905169 -0.012613573 -5.352844238 -0.064868048 0.012949331 0.997809768 278.018951416
0.998117328 -0.004600598 0.061157990 1.455280304 0.005344158 0.999913931 -0.012000015 -5.381944656 -0.061097521 0.012304256 0.998055875 278.797637939
0.998294413 -0.005077218 0.058157537 1.502449036 0.005700086 0.999928355 -0.010549131 -5.407067299 -0.058099806 0.010862635 0.998251617 279.647521973
0.998523176 -0.006569559 0.053926304 1.544719696 0.007019118 0.999942422 -0.008151386 -5.432411671 -0.053869639 0.008517858 0.998511612 280.488861084
0.998772442 -0.007919834 0.048894480 1.586113930 0.008245539 0.999945402 -0.006463270 -5.456106186 -0.048840623 0.006858492 0.998782992 281.326782227
0.998988390 -0.008803183 0.044095293 1.616334915 0.009023705 0.999948025 -0.004804394 -5.483642578 -0.044050701 0.005197432 0.999015749 282.151611328
0.999176860 -0.009730616 0.039377339 1.644990921 0.009880994 0.999944925 -0.003626034 -5.511060238 -0.039339893 0.004012134 0.999217749 282.987396240
0.999356151 -0.010525143 0.034294385 1.672907829 0.010640174 0.999938548 -0.003173385 -5.531787395 -0.034258883 0.003536237 0.999406636 283.800384521
0.999507546 -0.011360750 0.029246412 1.696155071 0.011447852 0.999930859 -0.002812355 -5.552237034 -0.029212438 0.003145776 0.999568224 284.602600098
0.999633789 -0.011527049 0.024477549 1.718253613 0.011610996 0.999927461 -0.003290049 -5.571201324 -0.024437852 0.003573050 0.999694884 285.392333984
0.999714732 -0.010470990 0.021458296 1.719133377 0.010554424 0.999937356 -0.003778635 -5.588343143 -0.021417387 0.004004035 0.999762535 286.170471191
0.999781609 -0.010998687 0.017763786 1.727650166 0.011063416 0.999932826 -0.003549868 -5.606155396 -0.017723551 0.003745618 0.999835908 286.936645508
