1.000000000 0.000000000 0.000000000 0.000000000 0.000000000 1.000000000 0.000000000 0.000000000 0.000000000 0.000000000 1.000000000 0.000000000
0.999979317 0.000545705 -0.006404266 -0.009295600 -0.000543968 0.999999821 0.000272876 -0.000589927 0.006404414 -0.000269386 0.999979436 0.093464002
0.999908388 0.001150185 -0.013486673 -0.018511623 -0.001147348 0.999999344 0.000218059 -0.001789214 0.013486914 -0.000202565 0.999909043 0.188647836
0.999777496 0.001432281 -0.021045957 -0.029511977 -0.001442737 0.999998868 -0.000481652 -0.002538829 0.021045243 0.000511908 0.999778390 0.287038743
0.999540806 0.002026395 -0.030233175 -0.043993309 -0.002084654 0.999996006 -0.001895595 -0.002957091 0.030229213 0.001957750 0.999541104 0.391071141
0.999128103 0.002257118 -0.041686453 -0.062015139 -0.002404184 0.999991000 -0.003478111 -0.003657031 0.041678235 0.003575300 0.999124706 0.505658329
0.998474658 0.002198512 -0.055165704 -0.084471762 -0.002446161 0.999987245 -0.004422081 -0.003926443 0.055155285 0.004550280 0.998467505 0.632986486
0.997446358 0.002228032 -0.071382932 -0.112449884 -0.002551310 0.999986827 -0.004437923 -0.004205311 0.071372107 0.004608710 0.997439265 0.772308826
0.995945871 0.000731071 -0.089950830 -0.143243760 -0.001131575 0.999989688 -0.004401570 -0.006205168 0.089946687 0.004485512 0.995936573 0.921349227
0.993964851 -0.000356102 -0.109696954 -0.180553705 -0.000152538 0.999989331 -0.004628357 -0.008130354 0.109697431 0.004617158 0.993954301 1.084020734
0.991287827 -0.000402572 -0.131712288 -0.231760442 -0.000258750 0.999987364 -0.005003808 -0.011198242 0.131712630 0.004994296 0.991275370 1.250539303
0.987781584 0.003266012 -0.155809730 -0.288850546 -0.004319923 0.999969959 -0.006425964 -0.015098885 0.155784085 0.007020536 0.987766266 1.423174620
0.983427048 0.007606462 -0.181144208 -0.355206162 -0.009197465 0.999926031 -0.007944702 -0.020057742 0.181070402 0.009479104 0.983424485 1.599398613
0.978007913 0.010391607 -0.208308131 -0.424126536 -0.012503161 0.999882817 -0.008822523 -0.025572050 0.208192050 0.011233009 0.978023529 1.781880379
0.971246064 0.011430126 -0.237803400 -0.495087206 -0.013930185 0.999863923 -0.008835313 -0.031562310 0.237670064 0.011893909 0.971273124 1.964596033
0.963123083 0.013267366 -0.268733919 -0.576226771 -0.016090341 0.999835968 -0.008304819 -0.033865269 0.268579632 0.012322581 0.963178813 2.153572321
0.953658462 0.015191280 -0.300507337 -0.673718512 -0.018215798 0.999807596 -0.007265365 -0.035405733 0.300339162 0.012402659 0.953751981 2.349875927
0.942321002 0.017363761 -0.334259748 -0.771525979 -0.020591671 0.999769151 -0.006115649 -0.038114481 0.334076405 0.012645871 0.942461252 2.537096739
0.929775953 0.019855218 -0.367589951 -0.879208982 -0.023540733 0.999707460 -0.005544775 -0.042041093 0.367372245 0.013808735 0.929971576 2.720409393
0.915885031 0.022678941 -0.400799394 -0.998733759 -0.026860973 0.999627471 -0.004818049 -0.042797811 0.400540829 0.015178642 0.916153252 2.905133963
0.899876773 0.023501735 -0.435510576 -1.131263137 -0.028106557 0.999596357 -0.004133514 -0.040075891 0.435237646 0.015960354 0.900174141 3.099289179
0.881243885 0.019042635 -0.472278267 -1.257125139 -0.024147147 0.999697030 -0.004748586 -0.040677950 0.472044796 0.015588833 0.881436765 3.285578966
0.859932661 0.014288810 -0.510207295 -1.396228790 -0.019616289 0.999794662 -0.005062280 -0.043827243 0.510030329 0.014361594 0.860036612 3.469853401
0.834805489 0.016233476 -0.550305665 -1.557629585 -0.020531805 0.999787688 -0.001653684 -0.049703307 0.550162077 0.012679270 0.834961712 3.649190903
0.805815458 0.022423282 -0.591741979 -1.746866941 -0.025981437 0.999659181 0.002500074 -0.055672541 0.591596484 0.013359707 0.806123614 3.822606802
0.774071515 0.025989864 -0.632564485 -1.956622958 -0.029625043 0.999549389 0.004815723 -0.061567154 0.632404685 0.015012034 0.774492741 3.985474110
0.737715364 0.025552412 -0.674628139 -2.159263849 -0.029217405 0.999555528 0.005909825 -0.065044440 0.674479485 0.015351111 0.738134086 4.150009155
0.697478652 0.021630213 -0.716279030 -2.374720097 -0.023462187 0.999697685 0.007342533 -0.065603666 0.716221452 0.011684212 0.697775304 4.318009853
0.654655278 0.018287338 -0.755706251 -2.610522747 -0.018103978 0.999799788 0.008510999 -0.067587346 0.755710840 0.008109514 0.654855371 4.478262424
0.610169530 0.017863417 -0.792069435 -2.872902393 -0.016223157 0.999817789 0.010051254 -0.060455441 0.792104900 0.006716895 0.610348165 4.617771149
0.563604653 0.018547826 -0.825836420 -3.155209780 -0.015062260 0.999812305 0.012175764 -0.053285472 0.825907350 0.005576641 0.563778341 4.733952045
0.512494445 0.019330895 -0.858472943 -3.452580690 -0.013943538 0.999801993 0.014189252 -0.047343224 0.858577371 0.004698233 0.512662649 4.859038353
0.459790707 0.020881543 -0.887781799 -3.772348881 -0.013371821 0.999772847 0.016590301 -0.040420935 0.887926638 0.004243188 0.459965706 4.970059395
0.405400902 0.023031168 -0.913848877 -4.108453751 -0.012571717 0.999728322 0.019618489 -0.032661535 0.914052606 0.003535291 0.405580461 5.068046570
0.350411713 0.025199976 -0.936256766 -4.460435867 -0.012261719 0.999675572 0.022317763 -0.028112680 0.936515570 0.003659706 0.350607157 5.148694515
0.295328379 0.028271038 -0.954977572 -4.831494331 -0.009719497 0.999599099 0.026586255 -0.025578514 0.955346525 0.001430221 0.295484841 5.220455647
0.241280079 0.030451840 -0.969977558 -5.221660614 -0.004167104 0.999530733 0.030343089 -0.028477967 0.970446587 -0.003279190 0.241293848 5.287780762
0.190666482 0.030843336 -0.981170297 -5.596592426 -0.001452517 0.999513865 0.031137722 -0.023887441 0.981653869 -0.004511761 0.190618739 5.322420597
0.143353298 0.032029055 -0.989153147 -5.995453835 -0.002318874 0.999484181 0.032027513 -0.022885412 0.989668965 -0.002297534 0.143353716 5.339050293
0.100659654 0.032766111 -0.994381249 -6.418633938 -0.002670347 0.999462724 0.032663248 -0.018277541 0.994917452 -0.000632534 0.100693136 5.346375465
0.062890857 0.031004725 -0.997538686 -6.872612953 -0.005174724 0.999513924 0.030739877 0.001373366 0.998006999 0.003228726 0.063020803 5.339785099
0.028390717 0.028341237 -0.999194980 -7.336398125 -0.003947597 0.999593198 0.028240373 0.010933593 0.999589145 0.003142650 0.028491113 5.327914238
-0.003023781 0.025701459 -0.999665022 -7.811290264 -0.003381924 0.999663532 0.025711656 0.017378733 0.999989688 0.003458535 -0.002935782 5.304689884
-0.029564418 0.023736849 -0.999280989 -8.302091599 -0.003738117 0.999708295 0.023857597 0.026283398 0.999555945 0.004440761 -0.029466994 5.268142223
-0.050403196 0.021500329 -0.998497486 -8.811509132 -0.003607182 0.999757648 0.021709558 0.036312222 0.998722494 0.004695990 -0.050313361 5.226341724
-0.066973083 0.020741852 -0.997539163 -9.334800720 -0.002998412 0.999775112 0.020989655 0.048929408 0.997750282 0.004396772 -0.066895768 5.184830189
-0.080074534 0.021108638 -0.996565402 -9.875748634 -0.002065487 0.999770045 0.021342484 0.058804527 0.996786714 0.003767378 -0.080012463 5.132940292
-0.089670219 0.022424299 -0.995719016 -10.441347122 -0.003087834 0.999735355 0.022792829 0.062262088 0.995966733 0.005118451 -0.089577205 5.071280479
-0.096386679 0.023882782 -0.995057404 -11.014330864 -0.005240234 0.999686003 0.024501476 0.064590216 0.995330215 0.007575946 -0.096231192 5.004455566
-0.100682601 0.024811979 -0.994609177 -11.612064362 -0.004855941 0.999664664 0.025429662 0.077438727 0.994906723 0.007390084 -0.100528315 4.934547424
-0.102208458 0.025517289 -0.994435608 -12.226609230 -0.002148288 0.999662876 0.025872223 0.091708332 0.994760692 0.004780691 -0.102119133 4.875478745
-0.101334691 0.027695689 -0.994466782 -12.854174614 0.000052661 0.999612510 0.027833633 0.104613483 0.994852364 0.002768139 -0.101296835 4.815177441
-0.099772483 0.030221727 -0.994551182 -13.487045288 -0.000664202 0.999536395 0.030439848 0.112185299 0.995010078 0.003697638 -0.099706091 4.748826981
-0.098195449 0.030204806 -0.994708717 -14.143442154 -0.002806563 0.999526918 0.030628176 0.123239040 0.995163262 0.005799257 -0.098064162 4.681377411
-0.096676573 0.027583530 -0.994933605 -14.808167458 -0.004663178 0.999592364 0.028165806 0.136832774 0.995305002 0.007362522 -0.096508488 4.614205360
-0.095666535 0.027359614 -0.995037377 -15.498632431 -0.004860499 0.999597430 0.027952304 0.156123132 0.995401561 0.007510474 -0.095494978 4.556482792
-0.093988635 0.030009050 -0.995120823 -16.202739716 -0.004528183 0.999522388 0.030569468 0.174793184 0.995562971 0.007379267 -0.093807794 4.490497589
-0.092196919 0.033555195 -0.995175242 -16.924325943 -0.005496245 0.999399602 0.034206826 0.189981639 0.995725572 0.008623485 -0.091957085 4.422667027
-0.090475917 0.035619784 -0.995261431 -17.657032013 -0.005595864 0.999326169 0.036273964 0.205014586 0.995882928 0.008851266 -0.090215571 4.354939938
-0.088574216 0.035000000 -0.995454490 -18.403020859 -0.007747642 0.999328077 0.035825569 0.222844839 0.996039391 0.010885643 -0.088243462 4.280545235
-0.086410739 0.031758294 -0.995753288 -19.161933899 -0.011654707 0.999391079 0.032885700 0.243684918 0.996191442 0.014446886 -0.085987926 4.194805622
-0.084790103 0.031061087 -0.995914578 -19.936487198 -0.012615305 0.999400377 0.032243840 0.263479471 0.996318996 0.015297721 -0.084347337 4.121659279
-0.083284296 0.033461343 -0.995963871 -20.719318390 -0.009845060 0.999359667 0.034398686 0.281384021 0.996477187 0.012670188 -0.082901478 4.061236858
-0.082186654 0.035623182 -0.995980084 -21.511690140 -0.007394103 0.999311626 0.036352485 0.297800720 0.996589541 0.010352063 -0.081866607 3.998034000
-0.080843806 0.037368998 -0.996026039 -22.309616089 -0.006038592 0.999260187 0.037980452 0.313610077 0.996708572 0.009085073 -0.080558270 3.930123329
-0.080313265 0.032603618 -0.996236324 -23.110809326 -0.006065377 0.999430358 0.033197124 0.333323509 0.996751249 0.008708712 -0.080069683 3.867698193
-0.079973355 0.025664205 -0.996466637 -23.923645020 -0.004540917 0.999648690 0.026110604 0.346471608 0.996786773 0.006613018 -0.079828650 3.800360203
-0.080205262 0.021136250 -0.996554315 -24.747318268 -0.001418526 0.999771655 0.021318659 0.362507075 0.996777475 0.003123500 -0.080156900 3.739548683
-0.080862269 0.022104111 -0.996480227 -25.579822540 -0.000113298 0.999753833 0.022185914 0.373823613 0.996725380 0.001906897 -0.080839790 3.674371004
-0.080920368 0.029748859 -0.996276617 -26.441991806 -0.000297924 0.999553800 0.029870907 0.381164521 0.996720612 0.002713972 -0.080875322 3.601165533
-0.081151620 0.036542516 -0.996031821 -27.275436401 -0.001773629 0.999320924 0.036807686 0.401774526 0.996700346 0.004753585 -0.081031598 3.528433084
-0.081616789 0.041962501 -0.995780170 -28.128879547 -0.003705756 0.999093533 0.042405874 0.418296456 0.996657014 0.007151139 -0.081387229 3.454821110
-0.081745468 0.042305529 -0.995755136 -28.966993332 -0.005543232 0.999064028 0.042901173 0.433536232 0.996637940 0.009026670 -0.081434362 3.373495340
-0.082181469 0.038844243 -0.995860219 -29.807744980 -0.005341987 0.999208689 0.039415684 0.454039752 0.996603191 0.008559101 -0.081908837 3.302440643
-0.082565404 0.036060859 -0.995933115 -30.641838074 -0.005266533 0.999315381 0.036619935 0.475926161 0.996571779 0.008268646 -0.082318880 3.231248140
-0.082563750 0.037031934 -0.995897710 -31.480758667 -0.006891059 0.999264419 0.037728421 0.494533241 0.996562123 0.009977781 -0.082247727 3.153127432
-0.082487471 0.039318752 -0.995816410 -32.322780609 -0.007517778 0.999168515 0.040073846 0.511955500 0.996563911 0.010791907 -0.082123183 3.079733133
-0.082182303 0.037701469 -0.995904148 -33.165763855 -0.008625431 0.999219954 0.038538773 0.525730848 0.996580005 0.011757297 -0.081792921 2.999907494
-0.081582375 0.032519896 -0.996136189 -34.000644684 -0.009636270 0.999395132 0.033415508 0.542130232 0.996620119 0.012325143 -0.081219554 2.921071768
-0.081503771 0.028429285 -0.996267676 -34.837524414 -0.010863882 0.999508440 0.029410534 0.556996942 0.996613860 0.013220395 -0.081154756 2.849997759
-0.081314780 0.029152712 -0.996262193 -35.676910400 -0.009538012 0.999503613 0.030026069 0.571978867 0.996643007 0.011943916 -0.080996230 2.790280104
-0.080649830 0.031552594 -0.996243119 -36.518013000 -0.008269841 0.999443173 0.032323442 0.583160937 0.996708393 0.010845643 -0.080343880 2.720083714
-0.080258325 0.036606006 -0.996101856 -37.360103607 -0.008198264 0.999267459 0.037382904 0.596397877 0.996740580 0.011166585 -0.079899304 2.649750710
-0.079694122 0.042114560 -0.995929420 -38.201519012 -0.007073314 0.999058068 0.042812876 0.617654800 0.996794403 0.010456448 -0.079321049 2.581555128
-0.079940893 0.045492783 -0.995761096 -39.038494110 -0.006935233 0.998908460 0.046193361 0.633143306 0.996775627 0.010598563 -0.079538003 2.514974594
-0.079562254 0.045191683 -0.995805025 -39.880393982 -0.006646036 0.998925567 0.045864306 0.659942150 0.996807933 0.010267216 -0.079176299 2.442379236
-0.079406366 0.040956318 -0.996000767 -40.714546204 -0.006607685 0.999112010 0.041611072 0.680490494 0.996820629 0.009885434 -0.079065107 2.372419119
-0.079008549 0.036623213 -0.996201158 -41.541133881 -0.007457223 0.999275267 0.037327677 0.699096859 0.996846318 0.010378092 -0.078678049 2.301563501
-0.078631289 0.033871762 -0.996328294 -42.370452881 -0.011448459 0.999325991 0.034877218 0.716065168 0.996838212 0.014148857 -0.078190386 2.223318577
-0.079149611 0.031976305 -0.996349931 -43.202175140 -0.014462437 0.999343336 0.033221286 0.733854175 0.996758103 0.017039092 -0.078635052 2.148727417
-0.080140926 0.030356802 -0.996321201 -44.050842285 -0.011831779 0.999436677 0.031403452 0.742121398 0.996713519 0.014304949 -0.079736486 2.088151455
-0.081447415 0.026641609 -0.996321619 -44.876491547 -0.008312560 0.999589682 0.027408548 0.753053308 0.996643126 0.010514333 -0.081192419 2.024593115
-0.082097545 0.025033373 -0.996309876 -45.698585510 -0.004016293 0.999668002 0.025448708 0.766633034 0.996616483 0.006090743 -0.081969611 1.957313776
-0.084021844 0.028513111 -0.996055961 -46.525363922 -0.003698912 0.999574661 0.028925871 0.776908576 0.996457219 0.006114721 -0.083880521 1.885817528
-0.085610159 0.034726374 -0.995723367 -47.348159790 -0.001187587 0.999388099 0.034956299 0.787869453 0.996328175 0.004175116 -0.085516416 1.814461231
-0.087554775 0.038663492 -0.995409250 -48.164703369 0.000637544 0.999248385 0.038756553 0.797652245 0.996159852 0.002758696 -0.087513492 1.744373322
-0.089088157 0.037745275 -0.995308399 -48.973884583 0.000693395 0.999283731 0.037833985 0.811858773 0.996023774 0.002680409 -0.089050397 1.671313763
-0.090154693 0.033831093 -0.995353043 -49.775970459 -0.002533000 0.999411702 0.034198496 0.824014068 0.995924890 0.005604377 -0.090015844 1.590180874
-0.091398783 0.030046836 -0.995360970 -50.570709229 -0.007259984 0.999497950 0.030838378 0.838094115 0.995788217 0.010044891 -0.091134638 1.506683350
-0.092755318 0.028573640 -0.995278955 -51.365634918 -0.011421800 0.999491751 0.029759066 0.850141943 0.995623767 0.014128185 -0.092381708 1.423079491
-0.093757592 0.029678356 -0.995152652 -52.156284332 -0.013239229 0.999429882 0.031053253 0.858402371 0.995507360 0.016086534 -0.093311116 1.341339111
-0.094727457 0.031090744 -0.995017707 -52.946266174 -0.013059449 0.999387264 0.032470576 0.869103014 0.995417774 0.016070237 -0.094263285 1.262665272
-0.095643565 0.030579139 -0.994945943 -53.729923248 -0.015085400 0.999368608 0.032165233 0.879080117 0.995301545 0.018085554 -0.095121779 1.179563999
-0.096124962 0.030314067 -0.994907737 -54.505233765 -0.015810005 0.999363363 0.031977363 0.888868213 0.995243907 0.018803317 -0.095584400 1.095978260
-0.096634269 0.031948797 -0.994807184 -55.276340485 -0.014857764 0.999326885 0.033537231 0.899655282 0.995209277 0.018021455 -0.096094437 1.018925190
-0.096976660 0.034640264 -0.994683683 -56.046997070 -0.013599466 0.999254644 0.036125347 0.917132735 0.995194077 0.017030479 -0.096433178 0.940696239
-0.097136319 0.038752615 -0.994516432 -56.816749573 -0.013770682 0.999093592 0.040275998 0.930549145 0.995176017 0.017607428 -0.096514501 0.860167503
-0.097736351 0.040776528 -0.994376719 -57.579715729 -0.013727539 0.999009848 0.042315800 0.945002198 0.995118022 0.017786138 -0.097079717 0.781387329
-0.098421201 0.040794458 -0.994308412 -58.335212708 -0.013340054 0.999015391 0.042308059 0.961073875 0.995055795 0.017428134 -0.097779989 0.703975677
-0.098333627 0.038787816 -0.994397402 -59.099651337 -0.012255086 0.999117076 0.040183812 0.979729652 0.995078385 0.016137842 -0.097771347 0.619169235
-0.097932249 0.035478476 -0.994560421 -59.849182129 -0.011802233 0.999252498 0.036808003 0.990574360 0.995123446 0.015342721 -0.097440213 0.527148247
-0.097548015 0.032621007 -0.994696021 -60.577522278 -0.011975585 0.999351680 0.033948135 1.003407359 0.995159090 0.015223638 -0.097094022 0.448824883
-0.096219756 0.030250225 -0.994900286 -61.287212372 -0.012586528 0.999421060 0.031604975 1.014068604 0.995280862 0.015563362 -0.095783211 0.373864651
-0.093723908 0.029553300 -0.995159447 -61.989379883 -0.014962035 0.999404490 0.031088505 1.022166491 0.995486081 0.017803347 -0.093225837 0.298339844
-0.089492276 0.030504312 -0.995520234 -62.671703339 -0.015270952 0.999371171 0.031995110 1.029448271 0.995870709 0.018065857 -0.088970065 0.230552197
-0.083478332 0.032051280 -0.995994031 -63.337631226 -0.014520915 0.999337196 0.033375945 1.038242340 0.996403992 0.017248912 -0.082957521 0.171088696
-0.075903110 0.033497740 -0.996552467 -63.996200562 -0.013761979 0.999305010 0.034638483 1.046962500 0.997020543 0.016343700 -0.075389288 0.116492748
-0.066943578 0.034843985 -0.997148156 -64.634597778 -0.014791593 0.999245346 0.035910331 1.054684758 0.997647345 0.017153371 -0.066377580 0.069946766
-0.054845475 0.036486819 -0.997828007 -65.257835388 -0.017027169 0.999152362 0.037471168 1.063537955 0.998349905 0.019045306 -0.054177634 0.030652761
-0.039563742 0.038095344 -0.998490572 -65.866165161 -0.020313684 0.999035597 0.038921066 1.070697784 0.999010742 0.021822883 -0.038751636 0.000680685
-0.021481402 0.039257761 -0.998998344 -66.444915771 -0.021821056 0.998972118 0.039725989 1.081534743 0.999531269 0.022652565 -0.020602578 -0.000329137
0.000890959 0.040033873 -0.999197960 -67.012641907 -0.022698795 0.998941481 0.040003397 1.089636683 0.999742150 0.022644948 0.001798842 0.007088602
0.026610071 0.040407903 -0.998828948 -67.558166504 -0.022297224 0.998957813 0.039819133 1.097801447 0.999397457 0.021211518 0.027483443 0.034181714
0.056058899 0.039946463 -0.997628093 -68.081535339 -0.020847369 0.999028027 0.038831104 1.106428862 0.998210013 0.018621087 0.056837309 0.082460642
0.090499751 0.039856181 -0.995098710 -68.582008362 -0.019614493 0.999076188 0.038231678 1.114932299 0.995703459 0.016058397 0.091198035 0.147891045
0.128405392 0.040088281 -0.990911365 -69.067199707 -0.018974811 0.999098778 0.037960745 1.123691916 0.991540372 0.013927985 0.129050463 0.233899117
0.169528514 0.039598066 -0.984729648 -69.539993286 -0.018939966 0.999138474 0.036916878 1.132686496 0.985343337 0.012392273 0.170132607 0.336954117
0.214688957 0.040313158 -0.975850344 -69.985183716 -0.018293403 0.999138176 0.037250679 1.141896129 0.976511240 0.009854305 0.215241551 0.458074570
0.263396323 0.038663007 -0.963912785 -70.396400452 -0.015675556 0.999235928 0.035796426 1.147940516 0.964560449 0.005681211 0.263801277 0.594232559
0.313876271 0.033274181 -0.948880851 -70.798194885 -0.008501234 0.999443769 0.032235242 1.154250860 0.949425936 -0.002051230 0.313984811 0.761732101
0.363668233 0.027908569 -0.931110561 -71.160812378 -0.003492214 0.999584556 0.028597062 1.154897928 0.931522012 -0.007148221 0.363614798 0.968011856
0.416108638 0.022808917 -0.909029007 -71.548950195 0.001537788 0.999665797 0.025787126 1.163906574 0.909313619 -0.012128154 0.415934741 1.184553146
0.467266500 0.022187607 -0.883838236 -71.929252625 0.001209895 0.999667585 0.025735069 1.173387289 0.884115756 -0.013094503 0.467084646 1.421136856
0.515074193 0.020085134 -0.856910467 -72.290603638 0.003066264 0.999675333 0.025274558 1.187720299 0.857140064 -0.015645800 0.514845729 1.683162689
0.559960544 0.014067300 -0.828400135 -72.634986877 0.011206362 0.999635458 0.024550157 1.209139705 0.828443587 -0.023030490 0.559599042 1.969211578
0.603163958 0.006096525 -0.797594190 -72.956779480 0.022201691 0.999454618 0.024429116 1.224747419 0.797308385 -0.032442715 0.602699876 2.281711578
0.646269441 0.000618942 -0.763109267 -73.278839111 0.024053939 0.999485791 0.021181781 1.230232716 0.762730241 -0.032044936 0.645922601 2.587303162
0.687181354 -0.004188192 -0.726474166 -73.567649841 0.021316269 0.999668598 0.014400242 1.231716156 0.726173282 -0.025381308 0.687043190 2.905204773
0.727517784 -0.011282524 -0.685996473 -73.837951660 0.018364456 0.999826372 0.003032034 1.236661911 0.685843229 -0.014803815 0.727598846 3.237560272
0.766646802 -0.013887683 -0.641919196 -74.106246948 0.013864255 0.999890625 -0.005074017 1.239365101 0.641919494 -0.005009755 0.766755700 3.598819733
0.803839982 -0.015620001 -0.594640791 -74.381530762 0.013276869 0.999876738 -0.008316838 1.247637391 0.594697773 -0.001209563 0.803948522 4.007072449
0.838130236 -0.017472601 -0.545190871 -74.646575928 0.014141576 0.999846399 -0.010303496 1.250885487 0.545287371 0.000925811 0.838248789 4.446563721
0.868726552 -0.016467374 -0.495018780 -74.889709473 0.011770644 0.999850690 -0.012604335 1.250952959 0.495152742 0.005123029 0.868790984 4.904960632
0.894711673 -0.015816187 -0.446364403 -75.122634888 0.012027277 0.999863029 -0.011320379 1.246456146 0.446482599 0.004759927 0.894779801 5.399213791
0.915803552 -0.009243897 -0.401520938 -75.345306396 0.005762917 0.999934018 -0.009876268 1.234073877 0.401585937 0.006730788 0.915796697 5.924802780
0.932383418 -0.003411994 -0.361455649 -75.445312500 -0.000347358 0.999945998 -0.010334930 1.203318596 0.361471593 0.009761675 0.932332218 6.335262299
0.945822418 0.001440220 -0.324681878 -75.624382019 -0.004437380 0.999953568 -0.008490648 1.189840555 0.324654818 0.009471385 0.945785344 6.875450134
0.955577254 0.001917238 -0.294735312 -75.782135010 -0.004016048 0.999970198 -0.006515681 1.180208921 0.294714183 0.007409911 0.955556810 7.445886612
0.962731063 0.001833530 -0.270455360 -75.929595947 -0.003237102 0.999982953 -0.004743478 1.163636446 0.270442247 0.005442185 0.962720990 8.035026550
0.968394279 0.003802711 -0.249396384 -76.079284668 -0.004410931 0.999987900 -0.001879714 1.141204238 0.249386430 0.002920377 0.968399763 8.644042969
0.972989976 0.007354646 -0.230731100 -76.234481812 -0.007362468 0.999972045 0.000827344 1.134072423 0.230730861 0.000893752 0.973017395 9.268728256
0.976467371 0.012216707 -0.215320364 -76.377815247 -0.011963153 0.999924839 0.002481057 1.127349377 0.215334639 0.000153240 0.976540506 9.908384323
0.979210377 0.016101092 -0.202208698 -76.511192322 -0.015653724 0.999869704 0.003811747 1.119216204 0.202243850 -0.000567184 0.979335248 10.562270164
0.981816530 0.014839386 -0.189252838 -76.633659363 -0.014410654 0.999889076 0.003641593 1.112278819 0.189285994 -0.000848120 0.981921852 11.234657288
0.984292507 0.015422780 -0.175871998 -76.742736816 -0.015046707 0.999880314 0.003472030 1.102543116 0.175904617 -0.000771199 0.984407127 11.909792900
0.986747980 0.016703721 -0.161399513 -76.852050781 -0.016235070 0.999858856 0.004222451 1.094811559 0.161447376 -0.001546163 0.986880302 12.608344078
0.988923550 0.018107906 -0.147318631 -76.956283569 -0.017606607 0.999833465 0.004706563 1.090541482 0.147379428 -0.002060650 0.989078104 13.324208260
0.990705967 0.018134417 -0.134808123 -77.051147461 -0.018044448 0.999834955 0.001889686 1.081402302 0.134820253 0.000560415 0.990870118 14.048302650
0.992135465 0.018636717 -0.123775586 -77.143768311 -0.019198528 0.999809682 -0.003347233 1.070442915 0.123689741 0.005697221 0.992304802 14.786178589
0.993331194 0.016647667 -0.114089794 -77.230072021 -0.017865229 0.999793291 -0.009657338 1.063648224 0.113905534 0.011631181 0.993423700 15.534406662
0.994204938 0.016412949 -0.106242761 -77.305503845 -0.017588815 0.999793589 -0.010139695 1.057261229 0.106054470 0.011949623 0.994288683 16.293331146
0.994868457 0.018227087 -0.099523336 -77.385780334 -0.018721357 0.999816239 -0.004034190 1.044142365 0.099431597 0.005876702 0.995027184 17.070348740
0.995275438 0.022618409 -0.094422661 -77.468750000 -0.022323787 0.999741673 0.004175951 1.028775573 0.094492815 -0.002048351 0.995523632 17.851478577
0.995665073 0.023386728 -0.090024628 -77.546730042 -0.022762228 0.999708891 0.007958044 1.016373038 0.090184614 -0.005874387 0.995907843 18.628879547
0.996006131 0.022369739 -0.086439557 -77.619621277 -0.021853585 0.999736905 0.006913546 1.007593393 0.086571530 -0.004996923 0.996233284 19.404022217
0.996287405 0.022094224 -0.083206534 -77.688621521 -0.021675212 0.999747157 0.005936347 1.000347018 0.083316699 -0.004110790 0.996514797 20.174329758
0.996567130 0.020518899 -0.080206566 -77.752868652 -0.019937193 0.999768555 0.008047306 0.994451940 0.080353193 -0.006420589 0.996745884 20.950136185
0.996796727 0.018566493 -0.077793784 -77.812004089 -0.017804258 0.999786198 0.010480920 0.986805022 0.077971816 -0.009062290 0.996914387 21.725276947
0.997067332 0.016765404 -0.074672759 -77.871543884 -0.015896304 0.999798715 0.012218623 0.977167845 0.074862629 -0.010995774 0.997133315 22.501741409
0.997271895 0.015630728 -0.072143570 -77.925773621 -0.015060677 0.999850690 0.008439465 0.971241534 0.072264768 -0.007329914 0.997358620 23.266565323
0.997352481 0.018458962 -0.070339449 -77.990272522 -0.018441632 0.999829173 0.000896349 0.964449644 0.070344053 0.000403198 0.997522891 24.026752472
0.997465611 0.018787701 -0.068627119 -78.048896790 -0.019305898 0.999789476 -0.006894832 0.953940451 0.068483211 0.008202270 0.997618735 24.788230896
0.997546911 0.019699967 -0.067173310 -78.106704712 -0.020486979 0.999728739 -0.011046812 0.939020395 0.066937543 0.012395897 0.997680306 25.549230576
0.997657001 0.020878758 -0.065151989 -78.160110474 -0.021545496 0.999721944 -0.009547128 0.922015667 0.064934611 0.010928497 0.997829854 26.319606781
0.997751236 0.024940118 -0.062216703 -78.225929260 -0.025296781 0.999667346 -0.004950810 0.896212935 0.062072612 0.006513562 0.998050570 27.089895248
0.997798145 0.028896248 -0.059701376 -78.285369873 -0.028940456 0.999580681 0.000124836 0.878615260 0.059680033 0.001603225 0.998216450 27.870473862
0.998026311 0.026527656 -0.056923594 -78.335075378 -0.026456842 0.999647498 0.001998112 0.865532219 0.056956615 -0.000488150 0.998376727 28.632547379
0.998158753 0.023656493 -0.055856545 -78.374794006 -0.023584377 0.999719501 0.001950674 0.850310922 0.055887111 -0.000629740 0.998437047 29.385854721
0.998251021 0.022074385 -0.054844860 -78.418228149 -0.022011548 0.999755740 0.001750329 0.838114858 0.054870177 -0.000540048 0.998493552 30.142587662
0.998328269 0.021961287 -0.053467959 -78.469268799 -0.021998424 0.999757528 -0.000105359 0.827297866 0.053452764 0.001281394 0.998569787 30.906291962
0.998390138 0.020772671 -0.052782606 -78.510704041 -0.020869644 0.999780953 -0.001285818 0.813677192 0.052744415 0.002385303 0.998605371 31.661344528
0.998458147 0.020169692 -0.051720478 -78.557579041 -0.020257469 0.999793768 -0.001172554 0.800522625 0.051686250 0.002218473 0.998661041 32.428695679
0.998462021 0.023020040 -0.050440144 -78.611732483 -0.023057692 0.999733746 -0.000163812 0.789544046 0.050423030 0.001326595 0.998727262 33.206356049
0.998466790 0.022317879 -0.050659109 -78.653327942 -0.022398815 0.999748290 -0.001029607 0.778618515 0.050623458 0.002162734 0.998715639 33.989665985
0.998386383 0.021262541 -0.052657999 -78.688537598 -0.021350276 0.999771059 -0.001103200 0.767315149 0.052622572 0.002225684 0.998612046 34.771961212
0.998328865 0.018513624 -0.054746147 -78.730186462 -0.018584052 0.999826550 -0.000776835 0.757991254 0.054722343 0.001792943 0.998500168 35.559604645
0.998127103 0.020311244 -0.057709388 -78.785064697 -0.020393521 0.999791265 -0.000836265 0.745415747 0.057680439 0.002011598 0.998333156 36.356193542
0.997879207 0.023813311 -0.060585082 -78.843986511 -0.023919225 0.999712944 -0.001022714 0.730554402 0.060543418 0.002469695 0.998162627 37.153537750
0.997714937 0.024048544 -0.063143499 -78.903549194 -0.024474986 0.999682069 -0.005987894 0.715938091 0.062979504 0.007519649 0.997986674 37.952758789
0.997566044 0.024720397 -0.065202564 -78.967864990 -0.025390780 0.999632239 -0.009472141 0.701754570 0.064944521 0.011104634 0.997827172 38.751480103
0.997480452 0.023724392 -0.066860177 -79.028411865 -0.024522657 0.999636650 -0.011143249 0.686961114 0.066571593 0.012754767 0.997700274 39.557262421
0.997329295 0.023822259 -0.069044925 -79.089645386 -0.024542447 0.999652207 -0.009600578 0.666802227 0.068792276 0.011269474 0.997567356 40.384540558
0.997223794 0.022074297 -0.071117774 -79.152473450 -0.022760667 0.999701262 -0.008854654 0.647892833 0.070901133 0.010448765 0.997428656 41.220310211
0.997112989 0.021586986 -0.072802231 -79.214691162 -0.022161907 0.999728739 -0.007097782 0.632009506 0.072629340 0.008690732 0.997321188 42.061527252
0.997094989 0.021125661 -0.073183514 -79.290809631 -0.021422466 0.999764681 -0.003272420 0.612546444 0.073097229 0.004830688 0.997313261 42.885330200
0.997046113 0.021192659 -0.073825926 -79.360404968 -0.021142576 0.999774873 0.001460544 0.597917795 0.073840342 0.000104641 0.997270226 43.726715088
0.997101545 0.021069137 -0.073109403 -79.427268982 -0.020870330 0.999775589 0.003482902 0.585934877 0.073166467 -0.001946990 0.997317910 44.587188721
0.997198105 0.023841647 -0.070907272 -79.499137878 -0.023656212 0.999713659 0.003454527 0.576472461 0.070969403 -0.001767450 0.997476995 45.448230743
0.997319579 0.024299018 -0.069018893 -79.564414978 -0.024200764 0.999704123 0.002260106 0.565839410 0.069053471 -0.000583738 0.997612953 46.319587708
0.997493327 0.021849673 -0.067304716 -79.628280640 -0.021899458 0.999759734 -0.000001248 0.554794550 0.067288578 0.001475183 0.997732580 47.195999146
0.997690380 0.017278034 -0.065693744 -79.682334900 -0.017441211 0.999845624 -0.001910467 0.546839297 0.065650694 0.003051835 0.997838020 48.067352295
0.997838438 0.015923627 -0.063757703 -79.739059448 -0.016104162 0.999867201 -0.002317904 0.535479784 0.063712403 0.003339660 0.997962713 48.945621490
0.997927368 0.013393486 -0.062941805 -79.791000366 -0.013403599 0.999909699 0.000262347 0.520304978 0.062939718 0.000581844 0.998017192 49.828804016
0.998005450 0.010499201 -0.062248901 -79.841239929 -0.010358258 0.999942482 0.002587296 0.507370412 0.062272571 -0.001937345 0.998057306 50.709320068
0.998080432 0.009477131 -0.061203316 -79.897369385 -0.009307050 0.999951541 0.003064234 0.491067082 0.061229475 -0.002488730 0.998120666 51.575000763
0.998110712 0.010900313 -0.060468659 -79.952690125 -0.010920123 0.999939859 0.000003698 0.469994336 0.060465157 0.000656635 0.998170257 52.427623749
0.998127878 0.013815818 -0.059580535 -80.016677856 -0.014195311 0.999881089 -0.005950027 0.454549432 0.059491329 0.006784656 0.998205900 53.300739288
0.998131990 0.014994095 -0.059226170 -80.061874390 -0.015697295 0.999811053 -0.011424972 0.435944140 0.059043758 0.012333327 0.998179317 54.174747467
0.998089969 0.019538717 -0.058608003 -80.121315002 -0.020564552 0.999644279 -0.016950771 0.408703923 0.058256060 0.018123649 0.998137236 55.054237366
0.998143971 0.019330479 -0.057749741 -80.173423767 -0.020388389 0.999633431 -0.017785326 0.384279490 0.057384860 0.018929748 0.998172820 55.961231232
0.998294294 0.015551832 -0.056272760 -80.246940613 -0.016256023 0.999794543 -0.012077049 0.366691232 0.056073453 0.012971231 0.998342574 56.828811646
0.998277783 0.014821997 -0.056759510 -80.299400330 -0.015018734 0.999882102 -0.003040341 0.341545999 0.056707829 0.003887564 0.998383462 57.692710876
0.998230815 0.013732255 -0.057850029 -80.354270935 -0.013485220 0.999897718 0.004659278 0.319469094 0.057908177 -0.003870915 0.998314619 58.548851013
0.998116195 0.012255335 -0.060114942 -80.406661987 -0.012155936 0.999923646 0.002019701 0.308389515 0.060135186 -0.001285142 0.998189628 59.396507263
0.998032629 0.006638015 -0.062342890 -80.454788208 -0.006713610 0.999976516 -0.001002383 0.288796961 0.062334847 0.001418960 0.998054445 60.239135742
0.997893274 0.005461821 -0.064645693 -80.513832092 -0.005638923 0.999980390 -0.002556704 0.271243572 0.064630538 0.002915852 0.997905195 61.079555511
0.997713447 0.007604281 -0.067157805 -80.578971863 -0.007947030 0.999956250 -0.004837240 0.250474989 0.067118168 0.005359889 0.997730851 61.911323547
0.997498393 0.009332856 -0.070071600 -80.649917603 -0.009933034 0.999916434 -0.008220993 0.230315804 0.069989108 0.008896455 0.997508347 62.738079071
0.997169256 0.009534162 -0.074582875 -80.711395264 -0.010432486 0.999877095 -0.011663734 0.211028814 0.074462608 0.012408812 0.997146785 63.557548523
0.996914744 0.011382127 -0.077662587 -80.782989502 -0.012646575 0.999794602 -0.015808329 0.188429594 0.077466786 0.016741734 0.996854603 64.371849060
0.996612310 0.016458258 -0.080581039 -80.862594604 -0.017773174 0.999719381 -0.015627285 0.160363793 0.080301337 0.017006535 0.996625721 65.183547974
0.996269822 0.019914281 -0.083964080 -80.944473267 -0.021161631 0.999677718 -0.013991432 0.139275312 0.083658494 0.015716068 0.996370673 65.992240906
0.995866418 0.023056328 -0.087855726 -81.026565552 -0.023838041 0.999684334 -0.007858268 0.113429606 0.087646917 0.009920096 0.996102393 66.799613953
0.995505452 0.023553791 -0.091729313 -81.107490540 -0.023878619 0.999711275 -0.002444669 0.094502136 0.091645353 0.004624052 0.995781064 67.606796265
0.995049894 0.022640785 -0.096763991 -81.192733765 -0.022637153 0.999742568 0.001135965 0.078192256 0.096764907 0.001060117 0.995306909 68.386032104
0.994340301 0.022293435 -0.103876881 -81.265357971 -0.022223745 0.999750733 0.001828848 0.068894133 0.103891894 0.000490034 0.994588673 69.212547302
0.993730843 0.019884301 -0.110016435 -81.352058411 -0.019388305 0.999795914 0.005576875 0.056129962 0.110105008 -0.003408886 0.993914366 70.006301880
0.992967784 0.020564441 -0.116585746 -81.446060181 -0.020106230 0.999784231 0.005105478 0.043764204 0.116665736 -0.002725479 0.993167698 70.790725708
0.992149711 0.025054341 -0.122519791 -81.555023193 -0.024739983 0.999684989 0.004087019 0.035233855 0.122583732 -0.001023801 0.992457926 71.586685181
0.991299868 0.027608773 -0.128695428 -81.659225464 -0.027796866 0.999612987 0.000335037 0.023817515 0.128655031 0.003245208 0.991684318 72.367324829
0.990512252 0.026530797 -0.134839222 -81.766700745 -0.027153594 0.999626875 -0.002781191 0.018549740 0.134715304 0.006416177 0.990863800 73.165924072
0.989760816 0.027675081 -0.140027776 -81.886466980 -0.028524846 0.999584377 -0.004064484 0.003602773 0.139857277 0.008017143 0.990139425 73.939399719
0.989048660 0.029430645 -0.144625559 -82.009635925 -0.029611500 0.999560535 0.000902709 -0.006462514 0.144588768 0.003389757 0.989486337 74.710914612
0.988136470 0.030067205 -0.150606453 -82.133880615 -0.029721910 0.999547422 0.004543970 -0.013122588 0.150675088 -0.000013753 0.988583684 75.475540161
0.987193108 0.029435208 -0.156791002 -82.260772705 -0.028728746 0.999563754 0.006770858 -0.031429827 0.156922117 -0.002179738 0.987608850 76.234703064
0.986176252 0.027257465 -0.163442373 -82.397460938 -0.027061809 0.999627292 0.003424162 -0.049013406 0.163474962 0.001046218 0.986547291 76.985473633
0.984880209 0.025491010 -0.171350867 -82.540252686 -0.026531069 0.999640226 -0.003781871 -0.057585746 0.171193004 0.008270816 0.985203147 77.731674194
0.983514547 0.022988744 -0.179361239 -82.696395874 -0.024379598 0.999686778 -0.005553562 -0.071826160 0.179177597 0.009834771 0.983767986 78.480064392
0.981728554 0.023036562 -0.188887462 -82.860870361 -0.023980698 0.999708176 -0.002713951 -0.086940229 0.188770011 0.007194020 0.981995344 79.224800110
0.980563998 0.022845952 -0.194864675 -83.079971313 -0.022726230 0.999737203 0.002850595 -0.089840323 0.194878757 0.001633347 0.980826318 79.995391846
0.980223656 0.025311802 -0.196267292 -83.370613098 -0.023744879 0.999664187 0.010333179 -0.086142063 0.196463168 -0.005468491 0.980496347 80.830482483
0.977896631 0.025789641 -0.207492217 -83.537841797 -0.023464423 0.999630868 0.013660273 -0.094978452 0.207768127 -0.008489659 0.978141725 81.566520691
0.975335717 0.029778490 -0.218708619 -83.719070435 -0.028459804 0.999552369 0.009178198 -0.104262829 0.218884274 -0.002727424 0.975747406 82.284828186
0.972539723 0.029952224 -0.230801210 -83.902175903 -0.030790361 0.999525428 -0.000029395 -0.109796397 0.230691016 0.007135045 0.973001361 82.999366760
0.969589353 0.026219716 -0.243328691 -84.089599609 -0.028155372 0.999593079 -0.004479745 -0.126346678 0.243112445 0.011194532 0.969933927 83.718940735
0.966245651 0.024484502 -0.256456345 -84.264480591 -0.025170516 0.999682605 0.000607853 -0.134362146 0.256390005 0.005867806 0.966556132 84.488197327
0.963169813 0.025516039 -0.267680436 -84.478271484 -0.024240647 0.999673188 0.008068947 -0.147164285 0.267799079 -0.001283023 0.963474333 85.215118408
0.959868014 0.025246117 -0.279313475 -84.706069946 -0.022343582 0.999657810 0.013571307 -0.157784104 0.279560745 -0.006785810 0.960104525 85.942657471
0.956177354 0.022902766 -0.291890860 -84.936248779 -0.020372257 0.999723434 0.011706454 -0.163415551 0.292078555 -0.005246980 0.956380427 86.667694092
0.952529430 0.020874273 -0.303730309 -85.163589478 -0.019535236 0.999781013 0.007446999 -0.172958016 0.303819537 -0.001160045 0.952729404 87.385314941
0.949568391 0.016785549 -0.313110143 -85.397605896 -0.017455621 0.999846995 0.000663448 -0.184773743 0.313073695 0.004835545 0.949717164 88.092323303
0.947031677 0.012702391 -0.320888340 -85.642974854 -0.015193361 0.999870300 -0.005259765 -0.192632467 0.320780247 0.009856544 0.947102904 88.802658081
0.944471300 0.012488203 -0.328356385 -85.896514893 -0.015756274 0.999848843 -0.007293827 -0.203623354 0.328215986 0.012062493 0.944526255 89.515335083
0.941658199 0.017566036 -0.336111754 -86.165122986 -0.021295032 0.999745488 -0.007411295 -0.217320204 0.335896313 0.014136429 0.941793442 90.220733643
0.938742101 0.017345840 -0.344183356 -86.429275513 -0.020370957 0.999778748 -0.005174619 -0.233155787 0.344017774 0.011868985 0.938888729 90.927879333
0.935675502 0.017589658 -0.352422684 -86.693786621 -0.018335093 0.999830723 0.001223094 -0.239120424 0.352384984 0.005317286 0.935840547 91.643356323
0.933074176 0.019061398 -0.359178364 -86.974960327 -0.016848657 0.999814510 0.009290293 -0.246122122 0.359289229 -0.002616863 0.933223128 92.362625122
0.930561185 0.028680163 -0.365011156 -87.272918701 -0.024487732 0.999569893 0.016110612 -0.257768631 0.365316629 -0.006053624 0.930864155 93.073379517
0.928093314 0.035661191 -0.370635927 -87.579986572 -0.033112727 0.999363601 0.013239018 -0.264003754 0.370872587 -0.000014278 0.928684294 93.776321411
0.925859749 0.031820104 -0.376524836 -87.867210388 -0.032142732 0.999468148 0.005427469 -0.267098904 0.376497656 0.007077466 0.926391065 94.476699829
0.923885822 0.023867620 -0.381922930 -88.164276123 -0.026560083 0.999645293 -0.001778560 -0.279468805 0.381745458 0.011787099 0.924192846 95.217041016
0.922303379 0.024504919 -0.385688633 -88.470825195 -0.027567871 0.999616742 -0.002412199 -0.287347436 0.385482162 0.012857405 0.922626138 95.928611755
0.920356691 0.030474158 -0.389890760 -88.795013428 -0.031937957 0.999485791 0.002729582 -0.298252285 0.389773905 0.009940132 0.920857430 96.645462036
0.918023646 0.032628205 -0.395180732 -89.114227295 -0.032467023 0.999447286 0.007097349 -0.311340749 0.395194322 0.006314815 0.918576360 97.369445801
0.915882170 0.029155603 -0.400386870 -89.428100586 -0.029551802 0.999549508 0.005186377 -0.325081289 0.400358200 0.007082052 0.916331828 98.078445435
0.913754344 0.026855817 -0.405378222 -89.751770020 -0.029853106 0.999553382 -0.001071895 -0.339763463 0.405168861 0.013081259 0.914148808 98.801498413
0.911710382 0.024360796 -0.410110146 -90.078964233 -0.030165827 0.999515057 -0.007689297 -0.350325823 0.409724444 0.019381743 0.912003994 99.502265930
