1.000000000 0.000000000 0.000000000 0.000000000 0.000000000 1.000000000 0.000000000 0.000000000 0.000000000 0.000000000 1.000000000 0.000000000
0.999996305 0.002712695 0.000166118 -0.002908061 -0.002712956 0.999995053 0.001596513 -0.016337579 -0.000161786 -0.001596958 0.999998689 0.787065268
0.999984860 0.005500285 0.000289568 -0.007789185 -0.005500837 0.999983013 0.001940979 -0.032249082 -0.000278887 -0.001942542 0.999998093 1.550365448
0.999975502 0.006969580 0.000666443 -0.009114527 -0.006970617 0.999974489 0.001565314 -0.047597621 -0.000655517 -0.001569921 0.999998569 2.305248022
0.999957204 0.009153601 0.001335065 -0.025850603 -0.009155256 0.999957323 0.001238821 -0.063670032 -0.001323668 -0.001250991 0.999998331 3.058425188
0.999954998 0.009195554 0.002301145 -0.046888426 -0.009197535 0.999957323 0.000852255 -0.071163349 -0.002293210 -0.000873381 0.999996901 3.799204826
0.999952674 0.009353491 0.002639728 -0.050276514 -0.009358389 0.999954402 0.001849716 -0.087480515 -0.002622307 -0.001874332 0.999994695 4.501214027
0.999943018 0.010115907 0.003412880 -0.056488372 -0.010131294 0.999938428 0.004522216 -0.098755874 -0.003366924 -0.004556535 0.999983847 5.183081150
0.999938488 0.009900090 0.004994166 -0.057898056 -0.009941686 0.999915421 0.008373938 -0.106122807 -0.004910841 -0.008423073 0.999952376 5.842568398
0.999937534 0.009086819 0.006504238 -0.059678718 -0.009163084 0.999888480 0.011793476 -0.114107817 -0.006396347 -0.011852336 0.999909222 6.477364063
0.999937654 0.008272053 0.007491846 -0.055479959 -0.008377177 0.999865353 0.014110932 -0.125885099 -0.007374110 -0.014172811 0.999872208 7.089814663
0.999923885 0.008789611 0.008652754 -0.052000076 -0.008910058 0.999862552 0.013981409 -0.135542825 -0.008528672 -0.014057441 0.999864697 7.673676968
0.999903560 0.009742258 0.009895870 -0.051838398 -0.009853640 0.999887943 0.011269678 -0.143162936 -0.009784969 -0.011366099 0.999887347 8.228440285
0.999894142 0.009635712 0.010895641 -0.047595374 -0.009729144 0.999916017 0.008555073 -0.150209755 -0.010812290 -0.008660170 0.999903858 8.754443169
0.999887288 0.007971666 0.012725340 -0.044499367 -0.008058545 0.999944508 0.006790561 -0.152921766 -0.012670500 -0.006892340 0.999895811 9.255067825
0.999883294 0.004153333 0.014702089 -0.034253582 -0.004220330 0.999980867 0.004528787 -0.161160439 -0.014682997 -0.004590305 0.999881566 9.725708008
0.999862254 0.002298291 0.016439553 -0.021645442 -0.002353567 0.999991715 0.003343868 -0.169528231 -0.016431730 -0.003382098 0.999859095 10.167837143
0.999805033 0.006547722 0.018623959 -0.020691112 -0.006574552 0.999977529 0.001379722 -0.180186614 -0.018614504 -0.001501897 0.999825537 10.579971313
0.999707103 0.010880338 0.021617206 -0.018038854 -0.010893116 0.999940634 0.000473410 -0.187913328 -0.021610770 -0.000708751 0.999766052 10.961020470
0.999620855 0.011407138 0.025060467 -0.008017391 -0.011450385 0.999933302 0.001582824 -0.195221007 -0.025040736 -0.001869175 0.999684572 11.318391800
0.999578953 0.007084643 0.028137537 0.009710044 -0.007143714 0.999972641 0.001999356 -0.200836852 -0.028122596 -0.002199521 0.999601960 11.637633324
0.999528289 0.002233532 0.030629776 0.030064821 -0.002285742 0.999996066 0.001669622 -0.202714756 -0.030625926 -0.001738847 0.999529243 11.929072380
0.999452949 -0.001347978 0.033043500 0.043985188 0.001248037 0.999994755 0.003045010 -0.210657060 -0.033047423 -0.003002104 0.999449193 12.189976692
0.999362230 -0.001636327 0.035669319 0.053930163 0.001489718 0.999990463 0.004136445 -0.217002526 -0.035675742 -0.004080670 0.999354899 12.419945717
0.999285638 -0.000877458 0.037782367 0.061811596 0.000759588 0.999994934 0.003133950 -0.220611691 -0.037784919 -0.003103012 0.999280930 12.626319885
0.999201655 0.000129952 0.039950125 0.069360554 -0.000193139 0.999998748 0.001577784 -0.224153832 -0.039949864 -0.001584241 0.999200344 12.812583923
0.999091327 0.002325977 0.042555016 0.073865145 -0.002360914 0.999996901 0.000770732 -0.229427710 -0.042553090 -0.000870500 0.999093771 12.985421181
0.999013662 0.005019581 0.044117149 0.082200557 -0.005031426 0.999987364 0.000157450 -0.236170098 -0.044115793 -0.000379267 0.999026239 13.154273987
0.998938203 0.006291710 0.045636740 0.083335340 -0.006248620 0.999979973 -0.001086814 -0.245140836 -0.045642659 0.000800493 0.998957396 13.306962967
0.998857141 0.005377752 0.047492202 0.095201850 -0.005248864 0.999982297 -0.002838154 -0.249327213 -0.047506616 0.002585629 0.998867571 13.459438324
0.998793662 0.004018874 0.048937619 0.107372165 -0.003812306 0.999983430 -0.004313651 -0.252352268 -0.048954137 0.004121881 0.998792350 13.604498863
0.998737037 0.003261316 0.050136037 0.117056310 -0.002995246 0.999981046 -0.005381164 -0.255067408 -0.050152630 0.005224197 0.998727739 13.743059158
0.998656213 0.003958686 0.051670969 0.124032855 -0.003614661 0.999970615 -0.006749750 -0.258627653 -0.051696155 0.006553907 0.998641193 13.874687195
0.998593688 0.004879511 0.052788358 0.133304477 -0.004420176 0.999951363 -0.008814702 -0.262003452 -0.052828792 0.008568972 0.998566628 14.001422882
0.998538256 0.004934932 0.053820673 0.137185633 -0.004347919 0.999929845 -0.011018461 -0.266205728 -0.053871263 0.010768346 0.998489738 14.125524521
0.998505831 0.004014055 0.054494694 0.146568477 -0.003295349 0.999906421 -0.013271978 -0.270193875 -0.054542854 0.013072570 0.998425663 14.250009537
0.998536050 0.003068935 0.054000422 0.154254496 -0.002251421 0.999882042 -0.015193328 -0.273448706 -0.054040670 0.015049512 0.998425126 14.374880791
0.998651564 0.002552444 0.051848058 0.160869718 -0.001705880 0.999864578 -0.016365450 -0.276940018 -0.051882807 0.016254939 0.998520613 14.501536369
0.998801887 0.002635355 0.048862249 0.164051175 -0.001790182 0.999848187 -0.017332729 -0.280398607 -0.048900500 0.017224493 0.998655021 14.628091812
0.998993218 0.003069985 0.044754423 0.166393936 -0.002241513 0.999825358 -0.018549940 -0.284418404 -0.044803552 0.018430946 0.998825610 14.754943848
0.999238849 0.003108212 0.038883138 0.168072402 -0.002347895 0.999805450 -0.019584248 -0.289059937 -0.038936440 0.019478053 0.999051571 14.878583908
0.999477506 0.002981580 0.032180801 0.165012032 -0.002326209 0.999789476 -0.020383509 -0.291428983 -0.032234795 0.020298000 0.999274015 15.005105972
0.999683380 0.002984116 0.024982298 0.161537424 -0.002457084 0.999774337 -0.021100344 -0.294975251 -0.025039623 0.021032285 0.999464989 15.132783890
0.999851465 0.003018580 0.016965177 0.154065102 -0.002642487 0.999751210 -0.022147298 -0.296932310 -0.017027810 0.022099180 0.999610484 15.262139320
0.999974906 0.001802271 0.006860122 0.146570474 -0.001640995 0.999723852 -0.023442568 -0.299691886 -0.006900474 0.023430722 0.999701440 15.399098396
0.999980867 0.000163961 -0.006184085 0.138103992 -0.000319050 0.999685168 -0.025086224 -0.303657800 0.006178024 0.025087714 0.999665976 15.549041748
0.999747217 -0.000470944 -0.022478392 0.119481146 -0.000135275 0.999636471 -0.026959915 -0.308381081 0.022482915 0.026956139 0.999383569 15.705883026
0.999131739 -0.000151552 -0.041662686 0.090807021 -0.001011353 0.999610484 -0.027889917 -0.314158499 0.041650679 0.027907832 0.998742223 15.875123978
0.997997165 0.000719617 -0.063255221 0.050658584 -0.002459440 0.999620616 -0.027431276 -0.320666403 0.063211471 0.027531905 0.997620046 16.062101364
0.996256411 0.001242701 -0.086438693 -0.002499580 -0.003488092 0.999660194 -0.025830530 -0.330745727 0.086377203 0.026035331 0.995922089 16.266695023
0.993561506 0.002524794 -0.113265209 -0.055436134 -0.005326332 0.999687135 -0.024438536 -0.335845560 0.113168038 0.024884477 0.993264019 16.486194611
0.989635289 0.003677459 -0.143556237 -0.116399527 -0.006933261 0.999729753 -0.022185978 -0.346836984 0.143435821 0.022951338 0.989393353 16.715555191
0.984255791 0.003684770 -0.176711410 -0.187332869 -0.007051387 0.999805272 -0.018427322 -0.362369180 0.176609099 0.019383255 0.984090030 16.948936462
0.976889849 0.004959562 -0.213685498 -0.271545649 -0.008262103 0.999859810 -0.014564862 -0.366965622 0.213583261 0.015993755 0.976793766 17.200073242
0.967306197 0.006897496 -0.253517538 -0.355876207 -0.009470548 0.999915242 -0.008930386 -0.383014500 0.253434390 0.011039365 0.967289448 17.434158325
0.955372751 0.011128276 -0.295193046 -0.430865765 -0.012766486 0.999911845 -0.003622909 -0.406774521 0.295126647 0.007229806 0.955430567 17.644332886
0.941296577 0.014904266 -0.337251365 -0.577658653 -0.015583782 0.999878168 0.000692341 -0.409093410 0.337220579 0.004603953 0.941414118 17.923986435
0.924573720 0.017611064 -0.380595833 -0.697740078 -0.016240003 0.999844790 0.006813658 -0.426360339 0.380656719 -0.000118851 0.924716055 18.170099258
0.905382574 0.021029089 -0.424075454 -0.873524666 -0.016482618 0.999760509 0.014386531 -0.429735124 0.424276352 -0.006035442 0.905512393 18.457176208
0.883686423 0.025652463 -0.467375875 -1.018797398 -0.017611587 0.999612153 0.021565929 -0.450974852 0.467747808 -0.010826288 0.883795381 18.686552048
0.859018803 0.030961085 -0.511006892 -1.240969181 -0.020502437 0.999449253 0.026089776 -0.448560566 0.511533320 -0.011934713 0.859180331 18.970767975
0.831345320 0.034223210 -0.554701388 -1.464244843 -0.021404067 0.999333262 0.029576674 -0.450803459 0.555343807 -0.012715560 0.831523418 19.230703354
0.800585866 0.038033050 -0.598009884 -1.708173752 -0.024064431 0.999219179 0.031333450 -0.447756588 0.598734617 -0.010694343 0.800875664 19.491191864
0.767477989 0.040725105 -0.639780462 -1.982835770 -0.024633884 0.999116421 0.034047872 -0.440765738 0.640601814 -0.010370702 0.767802775 19.742647171
0.731107414 0.044791002 -0.680790544 -2.279146194 -0.026053868 0.998947740 0.037743907 -0.429810405 0.681764662 -0.009857617 0.731504858 19.992387772
0.693343997 0.046130341 -0.719128668 -2.609936714 -0.024336495 0.998878419 0.040611699 -0.416515052 0.720195532 -0.010656802 0.693688929 20.236732483
0.652534068 0.046177737 -0.756350935 -2.959621429 -0.021808101 0.998872340 0.042169742 -0.403928995 0.757445276 -0.011022616 0.652805150 20.496973038
0.610693097 0.044992913 -0.790588021 -3.337218285 -0.016609192 0.998892546 0.044017825 -0.391061485 0.791693032 -0.013750351 0.610763967 20.737092972
0.566579998 0.045263410 -0.822762430 -3.738459587 -0.012078443 0.998838902 0.046632469 -0.377059460 0.823918045 -0.016483333 0.566468775 20.970928192
0.520706356 0.046811085 -0.852451444 -4.178655624 -0.010671920 0.998774350 0.048327420 -0.355762661 0.853668928 -0.016067103 0.520567656 21.188404083
0.471904695 0.046689700 -0.880412459 -4.638269901 -0.010074033 0.998816907 0.047569167 -0.333361149 0.881591797 -0.013578806 0.471816570 21.381771088
0.419710100 0.045546029 -0.906514764 -5.120540142 -0.004709027 0.998835802 0.048004277 -0.312360406 0.907645822 -0.015879072 0.419435829 21.570178986
0.366397321 0.044694312 -0.929384470 -5.622658730 0.000906136 0.998827815 0.048391096 -0.292530060 0.930457830 -0.018572511 0.365927100 21.737962723
0.312521875 0.043661118 -0.948906600 -6.151085854 0.003679985 0.998879731 0.047172487 -0.266953349 0.949903190 -0.018234391 0.312010944 21.879909515
0.257714391 0.049420681 -0.964956403 -6.730223656 0.005039578 0.998608530 0.052490126 -0.235439897 0.966207743 -0.018390430 0.257106543 22.021881104
0.203306496 0.054376762 -0.977604032 -7.329498291 0.009059228 0.998309195 0.057412446 -0.206588566 0.979072988 -0.020528652 0.202470049 22.153388977
0.154632360 0.055639029 -0.986404121 -7.938822746 0.015074786 0.998163700 0.058665518 -0.179485381 0.987856805 -0.023941413 0.153509572 22.230926514
0.110137627 0.057084229 -0.992275715 -8.564464569 0.018149242 0.998067141 0.059431884 -0.156691372 0.993750393 -0.024554729 0.108888626 22.280260086
0.070027679 0.055378366 -0.996006668 -9.205956459 0.018376527 0.998216629 0.056793269 -0.128252566 0.997375488 -0.022280235 0.068885043 22.297655106
0.034190550 0.051142018 -0.998106003 -9.871212959 0.016108163 0.998531759 0.051715638 -0.091738403 0.999285221 -0.017845837 0.033316478 22.299526215
0.005543471 0.050963774 -0.998685122 -10.553683281 0.013838433 0.998600721 0.051036291 -0.053659499 0.999888539 -0.014103152 0.004830367 22.281892776
-0.015511796 0.055032849 -0.998364031 -11.265674591 0.012710495 0.998414099 0.054838140 -0.019474328 0.999798477 -0.011839058 -0.016186778 22.254390717
-0.028386587 0.061091222 -0.997728467 -12.000549316 0.014373250 0.998052180 0.060702123 0.014478087 0.999493361 -0.012617468 -0.029209463 22.224431992
-0.036156010 0.063646898 -0.997317314 -12.754682541 0.014155485 0.997902036 0.063171037 0.050823450 0.999245644 -0.011833490 -0.036981195 22.186452866
-0.040415201 0.060920849 -0.997324049 -13.524722099 0.015271936 0.998060346 0.060346965 0.085879385 0.999065995 -0.012792128 -0.041267276 22.156103134
-0.039341964 0.057115976 -0.997592032 -14.307347298 0.022761816 0.998156846 0.056250677 0.122476399 0.998966157 -0.020493990 -0.040569596 22.126239777
-0.035197709 0.055248484 -0.997852147 -15.116830826 0.034591064 0.997939527 0.054033197 0.170583725 0.998781204 -0.032614917 -0.037036378 22.116458893
-0.029760912 0.055396128 -0.998020828 -15.946384430 0.035021368 0.997907639 0.054345522 0.210139632 0.998942971 -0.033334680 -0.031638771 22.095914841
-0.024475984 0.054088209 -0.998236120 -16.787521362 0.033168353 0.998029172 0.053263750 0.239600003 0.999149740 -0.031806163 -0.026221842 22.065015793
-0.021209070 0.047720108 -0.998635530 -17.646320343 0.037000470 0.998213112 0.046914116 0.276894450 0.999089837 -0.035954978 -0.022936918 22.051370621
-0.018927682 0.037249509 -0.999126732 -18.503435135 0.035161141 0.998712122 0.036567971 0.299230099 0.999201953 -0.034438293 -0.020213123 22.021200180
-0.018325808 0.028982975 -0.999411941 -19.406431198 0.027653489 0.999211788 0.028470125 0.326071620 0.999449074 -0.027115498 -0.019112930 21.990324020
-0.019930027 0.026130913 -0.999459922 -20.329801559 0.022089530 0.999425530 0.025689557 0.352779895 0.999556899 -0.021565611 -0.020495884 21.960479736
-0.023393562 0.032347258 -0.999202967 -21.290348053 0.012967516 0.999401867 0.032050118 0.373763949 0.999641716 -0.012207418 -0.023799118 21.918416977
-0.027992900 0.040461928 -0.998788953 -22.265565872 0.008016177 0.999157012 0.040252201 0.400472999 0.999575555 -0.006879701 -0.028293738 21.870052338
-0.032464080 0.049956735 -0.998223603 -23.257452011 0.006338628 0.998739898 0.049776461 0.438967824 0.999452353 -0.004711429 -0.032739922 21.827041626
-0.034156449 0.059780493 -0.997626901 -24.274675369 0.005080348 0.998206556 0.059641309 0.483960927 0.999403119 -0.003031163 -0.034398984 21.785589218
-0.035143893 0.067477554 -0.997101605 -25.299856186 0.006927947 0.997709990 0.067274578 0.531783938 0.999357820 -0.004543582 -0.035530984 21.745681763
-0.036651433 0.068287924 -0.996992111 -26.320167542 0.007875951 0.997650981 0.068043530 0.586325765 0.999296546 -0.005358375 -0.037103254 21.706031799
-0.038444340 0.065649554 -0.997101784 -27.347768784 0.006646598 0.997833908 0.065441512 0.638812423 0.999238193 -0.004111486 -0.038797501 21.659519196
-0.041283559 0.060869846 -0.997291505 -28.375230789 0.006642889 0.998136759 0.060646482 0.687649131 0.999124944 -0.004121203 -0.041611087 21.611063004
-0.045802101 0.055810574 -0.997390211 -29.407772064 0.006709935 0.998432338 0.055560794 0.732476234 0.998927534 -0.004147630 -0.046104886 21.555778503
-0.051520165 0.051246379 -0.997356176 -30.446819305 0.007011197 0.998676002 0.050952055 0.775344849 0.998647034 -0.004367611 -0.051811349 21.496950150
-0.058285892 0.049405720 -0.997076631 -31.496124268 0.006055283 0.998773217 0.049135860 0.816541672 0.998281121 -0.003173662 -0.058513656 21.427640915
-0.064918861 0.051887833 -0.996540487 -32.541732788 0.006396004 0.998647809 0.051580928 0.856532276 0.997869551 -0.003025311 -0.065163054 21.356613159
-0.071314387 0.056894381 -0.995829940 -33.603672028 0.005242880 0.998378992 0.056664601 0.896908879 0.997439742 -0.001180023 -0.071497202 21.271358490
-0.077519529 0.059791304 -0.995196402 -34.674705505 0.002532073 0.998208225 0.059775069 0.943077087 0.996987224 0.002113820 -0.077532150 21.178848267
-0.082290992 0.062054783 -0.994674504 -35.743598938 -0.000523258 0.998056293 0.062309094 0.992360353 0.996607840 0.005647943 -0.082098693 21.081235886
-0.085018359 0.063363306 -0.994362533 -36.812095642 -0.004946165 0.997936308 0.064013973 1.041124344 0.996366739 0.010360640 -0.084529608 20.978012085
-0.086663716 0.064678922 -0.994135737 -37.889060974 -0.008966742 0.997798741 0.065698951 1.092492342 0.996196866 0.014607870 -0.085893095 20.871425629
-0.088339895 0.064190097 -0.994019985 -38.968025208 -0.010412874 0.997806966 0.065360092 1.144658446 0.996035576 0.016124502 -0.087477878 20.769098282
-0.089775912 0.063361995 -0.993944585 -40.050170898 -0.010815570 0.997853041 0.064588077 1.198023677 0.995902836 0.016548524 -0.088897996 20.665531158
-0.090900622 0.062683709 -0.993885219 -41.133338928 -0.011967972 0.997875690 0.064030029 1.250240088 0.995787680 0.017715152 -0.089957461 20.560333252
-0.091795497 0.061983939 -0.993846893 -42.219161987 -0.014153362 0.997878253 0.063542649 1.298632979 0.995676994 0.019899197 -0.090723567 20.450283051
-0.092497565 0.059501294 -0.993933558 -43.310405731 -0.018671723 0.997933388 0.061478406 1.350265026 0.995537400 0.024245046 -0.091195539 20.333461761
-0.093060330 0.054757502 -0.994153619 -44.389785767 -0.023816256 0.998077989 0.057203069 1.394341350 0.995375216 0.029000346 -0.091577455 20.224330902
-0.092218675 0.054038655 -0.994271457 -45.493221283 -0.025372336 0.998074114 0.056598656 1.446479917 0.995415092 0.030446431 -0.090670094 20.112564087
-0.090522692 0.058203693 -0.994192183 -46.601917267 -0.026259914 0.997803569 0.060806170 1.496531010 0.995547712 0.031611733 -0.088795565 20.003032684
-0.088703737 0.061416503 -0.994162858 -47.720954895 -0.026378356 0.997601867 0.063982591 1.546642065 0.995708346 0.031899869 -0.086871058 19.896165848
-0.087162651 0.060962103 -0.994327068 -48.838512421 -0.024347860 0.997696817 0.063303068 1.604634762 0.995896041 0.029727392 -0.085477725 19.797346115
-0.084676288 0.060205195 -0.994588137 -49.948192596 -0.024106214 0.997756362 0.062449362 1.656921387 0.996116519 0.029263729 -0.083035141 19.700092316
-0.080596507 0.060752425 -0.994893789 -51.072154999 -0.028451104 0.997593284 0.063222140 1.710672855 0.996340334 0.033401307 -0.078674212 19.597549438
-0.074948326 0.061713766 -0.995276034 -52.196830750 -0.033452313 0.997365236 0.064362444 1.763416529 0.996625841 0.038118143 -0.072686516 19.498699188
-0.069088429 0.061358519 -0.995721817 -53.324081421 -0.037288774 0.997249842 0.064040020 1.817726731 0.996913135 0.041553669 -0.066610590 19.406854630
-0.063310087 0.060567819 -0.996154428 -54.446647644 -0.038795233 0.997252226 0.063100234 1.872802854 0.997239292 0.042640917 -0.060786515 19.327096939
-0.057433803 0.059677631 -0.996564090 -55.582904816 -0.038505726 0.997336090 0.061943054 1.928974152 0.997606099 0.041931033 -0.054982997 19.253774643
-0.052071627 0.059392832 -0.996875703 -56.715774536 -0.036733177 0.997439921 0.061345242 1.981214881 0.997967184 0.039812747 -0.049756758 19.191789627
-0.046732817 0.060119167 -0.997096658 -57.851184845 -0.035770744 0.997445703 0.061816785 2.032829523 0.998266399 0.038555752 -0.044463076 19.136978149
-0.041038860 0.061804902 -0.997244358 -59.003612518 -0.034808077 0.997390270 0.063246429 2.085490704 0.998550653 0.037307702 -0.038780577 19.087486267
-0.035518877 0.063123904 -0.997373521 -60.161033630 -0.035602238 0.997289181 0.064386494 2.141530037 0.998734295 0.037795655 -0.033175368 19.038909912
-0.030334288 0.062360190 -0.997592628 -61.305103302 -0.035159297 0.997367084 0.063415244 2.195864677 0.998920858 0.036998309 -0.028062014 19.002172470
-0.025446273 0.057804093 -0.998003662 -62.454757690 -0.035420608 0.997647226 0.058686621 2.250034809 0.999047995 0.036843251 -0.023339083 18.967842102
-0.021126984 0.052476276 -0.998398721 -63.603057861 -0.035182357 0.997963369 0.053197920 2.299526215 0.999157131 0.036249917 -0.019237854 18.938911438
-0.017423265 0.051886063 -0.998501062 -64.767189026 -0.035257731 0.997999012 0.052475240 2.347988605 0.999225974 0.036119152 -0.015559147 18.912479401
-0.013891425 0.054151565 -0.998436093 -65.937446594 -0.034494922 0.997911513 0.054603081 2.395048141 0.999307871 0.035199478 -0.011994587 18.885158539
-0.011407547 0.053528592 -0.998501301 -67.106117249 -0.035258606 0.997923017 0.053900454 2.445622444 0.999312580 0.035820622 -0.009496639 18.850830078
-0.010261160 0.053224426 -0.998529911 -68.283889771 -0.037062742 0.997875392 0.053570449 2.494756699 0.999259770 0.037557937 -0.008266845 18.829246521
-0.009070837 0.053952560 -0.998502374 -69.457565308 -0.038394835 0.997787654 0.054262772 2.542358398 0.999220967 0.038829532 -0.006979398 18.805624008
-0.007992095 0.053801559 -0.998519778 -70.628120422 -0.038789049 0.997782707 0.054072347 2.583051205 0.999214947 0.039163772 -0.005887592 18.791093826
-0.006194691 0.051772945 -0.998639703 -71.803977966 -0.039335217 0.997872651 0.051977210 2.626280308 0.999206364 0.039603680 -0.004145141 18.763498306
-0.004638933 0.050613429 -0.998707712 -72.948478699 -0.037409060 0.998009801 0.050751865 2.665248871 0.999288738 0.037596133 -0.002736428 18.743219376
-0.004180655 0.050453190 -0.998717785 -74.135055542 -0.034156751 0.998135686 0.050566811 2.707424879 0.999407232 0.034324337 -0.002449672 18.736024857
-0.003794829 0.051157136 -0.998683572 -75.315811157 -0.031885326 0.998176038 0.051252339 2.749209642 0.999483824 0.032037828 -0.002156873 18.727771759
-0.003801957 0.053934161 -0.998537421 -76.502250671 -0.031475682 0.998042583 0.054027315 2.793025970 0.999496818 0.031635039 -0.002097029 18.721424103
-0.003433956 0.057655469 -0.998330772 -77.676864624 -0.033679221 0.997762859 0.057738557 2.834268093 0.999426305 0.033821255 -0.001484610 18.707538605
-0.002793466 0.057624515 -0.998334587 -78.834915161 -0.035566777 0.997700393 0.057687473 2.880072594 0.999362946 0.035668682 -0.000737652 18.694791794
-0.002474967 0.055636302 -0.998448074 -80.012298584 -0.036571905 0.997777581 0.055689625 2.926535845 0.999327481 0.036652967 -0.000434868 18.683776855
-0.002154718 0.053308241 -0.998575926 -81.191070557 -0.036380675 0.997912347 0.053351354 2.970731497 0.999335170 0.036443811 -0.000210958 18.673301697
-0.001977573 0.052532464 -0.998617411 -82.365066528 -0.034476139 0.998021424 0.052569434 3.013859510 0.999403059 0.034532420 -0.000162671 18.665382385
-0.001820582 0.053852718 -0.998547316 -83.547210693 -0.033095025 0.997998118 0.053883482 3.054663420 0.999450088 0.033145037 -0.000034808 18.655653000
-0.001988013 0.056107748 -0.998422921 -84.725883484 -0.031498201 0.997925162 0.056142546 3.110635757 0.999501467 0.031560130 -0.000216723 18.666852951
-0.001502329 0.058333199 -0.998296201 -85.907119751 -0.031793080 0.997789085 0.058351457 3.157338619 0.999492943 0.031826571 0.000355457 18.662675858
-0.001394296 0.058464609 -0.998288691 -87.086456299 -0.032980949 0.997743130 0.058478769 3.206076145 0.999454558 0.033006027 0.000536941 18.658428192
-0.001233382 0.056281116 -0.998414397 -88.258430481 -0.032099761 0.997897506 0.056291692 3.252842426 0.999483466 0.032118287 0.000575694 18.658111572
-0.001062406 0.054816216 -0.998496115 -89.434219360 -0.030422118 0.998031855 0.054823156 3.300892353 0.999536216 0.030434601 0.000607183 18.658830643
-0.000795245 0.055606574 -0.998452485 -90.630889893 -0.028101893 0.998056650 0.055606935 3.351614952 0.999604464 0.028102625 0.000768823 18.663084030
-0.000892500 0.058344319 -0.998296261 -91.803070068 -0.025670100 0.997965634 0.058347996 3.398298740 0.999669790 0.025678435 0.000606893 18.665052414
-0.000491051 0.060767308 -0.998151958 -92.976058960 -0.024317300 0.997855544 0.060761258 3.447515488 0.999703825 0.024302188 0.000987571 18.659885406
0.000395357 0.062551968 -0.998041749 -94.147857666 -0.024891937 0.997732520 0.062522776 3.497500420 0.999689758 0.024818473 0.001951373 18.644332886
0.000812672 0.064846851 -0.997895062 -95.328109741 -0.027223876 0.997526288 0.064800762 3.541862011 0.999628663 0.027113911 0.002575917 18.634958267
0.001430333 0.064138636 -0.997940004 -96.507865906 -0.029196255 0.997517705 0.064069673 3.590139627 0.999572396 0.029044468 0.003299263 18.623378754
0.001480500 0.060202319 -0.998185217 -97.665534973 -0.031493094 0.997693300 0.060125969 3.640310049 0.999502599 0.031346921 0.003372915 18.617580414
0.001775004 0.058300793 -0.998297632 -98.830337524 -0.032783974 0.997765362 0.058211438 3.693190813 0.999460518 0.032624841 0.003682242 18.613948822
0.001720421 0.056497872 -0.998401284 -99.978149414 -0.032693598 0.997871637 0.056411587 3.741863251 0.999463737 0.032544285 0.003563751 18.614366531
0.001626129 0.056562044 -0.998397768 -101.132247925 -0.031510845 0.997905612 0.056482848 3.794840336 0.999501824 0.031368505 0.003404913 18.618972778
0.001073699 0.058347832 -0.998295903 -102.275299072 -0.032323290 0.997776151 0.058282711 3.845034838 0.999476612 0.032205626 0.002957178 18.626926422
0.001108052 0.060394697 -0.998174071 -103.436988831 -0.030990796 0.997696638 0.060331423 3.893433809 0.999518692 0.030867357 0.002977052 18.626363754
0.000507577 0.059379499 -0.998235464 -104.600746155 -0.034925494 0.997626901 0.059325561 3.945304394 0.999389529 0.034833752 0.002580104 18.619338989
0.000224530 0.060444035 -0.998171687 -105.778137207 -0.039063778 0.997409701 0.060389116 4.000629425 0.999236405 0.038978793 0.002584993 18.606884003
0.000263179 0.059800744 -0.998210430 -106.955924988 -0.042595927 0.997304499 0.059735250 4.052536488 0.999091983 0.042503975 0.002809610 18.590150833
-0.000093302 0.055969879 -0.998432636 -108.130729675 -0.042983469 0.997509003 0.055922132 4.104024887 0.999075353 0.042921316 0.002312582 18.588714600
-0.000884515 0.051935185 -0.998650193 -109.312942505 -0.042952746 0.997726321 0.051925190 4.154652596 0.999076307 0.042940695 0.001348127 18.582550049
-0.001697890 0.050768077 -0.998709202 -110.506072998 -0.039305918 0.997934759 0.050795555 4.201125145 0.999225438 0.039341427 0.000300974 18.579097748
-0.002406280 0.050144747 -0.998739302 -111.723358154 -0.034579292 0.998140037 0.050197992 4.245347023 0.999398708 0.034656484 -0.000667962 18.587474823
-0.002599580 0.052203719 -0.998633265 -112.908538818 -0.034232028 0.998046041 0.052262153 4.284293652 0.999410152 0.034321096 -0.000807589 18.565679550
-0.002628460 0.056015268 -0.998426616 -114.148483276 -0.033485871 0.997864604 0.056071900 4.337952137 0.999435306 0.033580560 -0.000747256 18.535972595
-0.003143038 0.055945672 -0.998429060 -115.382347107 -0.032023475 0.997915745 0.056017723 4.392196178 0.999481797 0.032149225 -0.001345040 18.528007507
-0.003699375 0.051419590 -0.998670399 -116.613838196 -0.032146867 0.998154402 0.051512115 4.445549965 0.999475956 0.032294683 -0.002039696 18.516920090
-0.004286205 0.047572821 -0.998858690 -117.858383179 -0.032546870 0.998331547 0.047687382 4.494889736 0.999460638 0.032714117 -0.002730835 18.497800827
-0.005215294 0.046328720 -0.998912811 -119.092681885 -0.031702738 0.998416066 0.046471205 4.533541203 0.999483347 0.031910628 -0.003738413 18.484474182
-0.005741489 0.047642998 -0.998847961 -120.360923767 -0.034275066 0.998267651 0.047812320 4.574069023 0.999395490 0.034510080 -0.004098704 18.467164993
-0.006107528 0.052332185 -0.998611152 -121.622657776 -0.038990393 0.997857392 0.052531149 4.620344162 0.999220431 0.039257068 -0.004054117 18.443140030
-0.006429727 0.055527888 -0.998436511 -122.892738342 -0.044422541 0.997455001 0.055759374 4.669326305 0.998991668 0.044711594 -0.003946800 18.423768997
-0.006566763 0.055449396 -0.998440087 -124.157424927 -0.051720217 0.997105718 0.055715457 4.720350742 0.998639584 0.052005384 -0.003680031 18.400629044
-0.006386828 0.053468775 -0.998549104 -125.419181824 -0.054783396 0.997050643 0.053738929 4.768704414 0.998477340 0.055047121 -0.003438917 18.381162643
-0.006833360 0.051944591 -0.998626769 -126.686149597 -0.057400022 0.996982574 0.052251838 4.819830894 0.998327434 0.057678226 -0.003831246 18.362796783
-0.007484943 0.051334757 -0.998653591 -127.950859070 -0.057394791 0.997012615 0.051680576 4.862934113 0.998323083 0.057704311 -0.004516362 18.346220016
-0.007944806 0.050482731 -0.998693526 -129.209808350 -0.055103611 0.997184873 0.050844830 4.903820038 0.998448610 0.055435546 -0.005140786 18.331981659
-0.008079090 0.051200490 -0.998655915 -130.482589722 -0.055466931 0.997127295 0.051570851 4.946110725 0.998427451 0.055809002 -0.005216075 18.308147430
-0.008575089 0.056520775 -0.998364806 -131.752746582 -0.055258568 0.996848583 0.056909561 4.987467289 0.998434842 0.055656187 -0.005424935 18.286026001
-0.008659331 0.060669951 -0.998120487 -133.035614014 -0.054067995 0.996668756 0.061050795 5.036000252 0.998499334 0.054495018 -0.005350310 18.254064560
-0.008655146 0.059142064 -0.998212218 -134.302276611 -0.054731123 0.996724725 0.059528481 5.093960762 0.998463213 0.055148486 -0.005390013 18.236276627
-0.007985832 0.057735179 -0.998300135 -135.556610107 -0.054514833 0.996821702 0.058085758 5.147762299 0.998480618 0.054886024 -0.004813155 18.222295761
-0.006832474 0.057157874 -0.998341858 -136.812881470 -0.053495411 0.996914148 0.057442244 5.194889069 0.998544335 0.053799167 -0.003753834 18.209909439
-0.005951136 0.056533653 -0.998383045 -138.066040039 -0.053672176 0.996943116 0.056772038 5.240743637 0.998540461 0.053923242 -0.002898788 18.197202682
-0.005041723 0.058502439 -0.998274565 -139.315917969 -0.053603165 0.996835768 0.058688823 5.293518543 0.998549163 0.053806569 -0.001889981 18.179281235
-0.004098533 0.062193416 -0.998055816 -140.574401855 -0.054558981 0.996563137 0.062324453 5.345738411 0.998501718 0.054708343 -0.000691366 18.167181015
-0.002709225 0.063230306 -0.997995377 -141.822753906 -0.055893216 0.996428847 0.063282773 5.398579597 0.998432696 0.055952612 0.000834467 18.154130936
-0.001892119 0.060553931 -0.998163223 -143.067962646 -0.057865895 0.996485353 0.060561825 5.452218533 0.998322189 0.057874188 0.001618411 18.142248154
-0.001573487 0.057453997 -0.998346984 -144.310745239 -0.056561686 0.996744394 0.057450905 5.504914284 0.998397529 0.056558579 0.001681202 18.133481979
-0.001385140 0.055611659 -0.998451531 -145.556655884 -0.053125784 0.997037947 0.055606619 5.553405285 0.998586416 0.053120531 0.001573247 18.130125046
-0.001510457 0.055001549 -0.998485088 -146.799819946 -0.051781129 0.997142017 0.055005886 5.600854397 0.998656869 0.051785763 0.001341773 18.121654510
-0.001561966 0.055351358 -0.998465776 -148.040222168 -0.049207266 0.997252643 0.055361092 5.646354675 0.998786926 0.049218234 0.001165886 18.114967346
-0.001725660 0.054000724 -0.998539448 -149.266235352 -0.047088876 0.997428358 0.054022018 5.686835766 0.998888791 0.047113314 0.000821483 18.105947495
-0.001425850 0.054245468 -0.998526633 -150.481979370 -0.046399768 0.997448146 0.054253131 5.726984024 0.998921454 0.046408754 0.001094637 18.083679199
-0.001406438 0.056844238 -0.998382092 -151.700546265 -0.044137213 0.997406125 0.056850843 5.772523880 0.999024034 0.044145755 0.001106028 18.067926407
-0.001544828 0.058124308 -0.998308182 -152.941940308 -0.041752391 0.997434616 0.058138046 5.822990894 0.999126256 0.041771553 0.000885835 18.062688828
-0.001775450 0.056585874 -0.998396218 -154.174102783 -0.039715949 0.997605503 0.056611687 5.873136520 0.999209046 0.039752763 0.000476034 18.059560776
-0.002359765 0.056908213 -0.998376727 -155.418945312 -0.041089036 0.997530222 0.056957081 5.922566414 0.999152243 0.041156732 -0.000015762 18.047752380
-0.002315698 0.061624687 -0.998096704 -156.657653809 -0.042060480 0.997209668 0.061667498 5.974737644 0.999111950 0.042123221 0.000282599 18.039903641
-0.002027271 0.068259999 -0.997665524 -157.913528442 -0.047790941 0.996520519 0.068278767 6.036388874 0.998854935 0.047817785 0.001241864 18.034606934
-0.000652639 0.068169571 -0.997673631 -159.148956299 -0.052447099 0.996297896 0.068109870 6.099483013 0.998623073 0.052369531 0.002924945 18.018474579
0.000562303 0.064484254 -0.997918606 -160.370254517 -0.056096803 0.996348858 0.064351201 6.157974720 0.998424768 0.055943847 0.004177482 18.010021210
0.002153812 0.059023894 -0.998254240 -161.592651367 -0.057888631 0.996589363 0.058800541 6.211459160 0.998320341 0.057660915 0.005563150 18.003101349
0.003244655 0.057474773 -0.998341739 -162.824539185 -0.060648907 0.996519983 0.057172775 6.261116505 0.998153448 0.060362823 0.006719019 17.991575241
0.004322905 0.054115798 -0.998525321 -164.036193848 -0.055296078 0.997019351 0.053794779 6.306081772 0.998460293 0.054981969 0.007302282 18.003053665
0.004489207 0.049668927 -0.998755634 -165.257705688 -0.051922016 0.997429609 0.049369600 6.349952221 0.998640716 0.051635757 0.007056450 18.005397797
0.004125814 0.046347413 -0.998916924 -166.477081299 -0.045539949 0.997897267 0.046112008 6.387345791 0.998953640 0.045300350 0.006227668 18.013393402
0.002957106 0.049388118 -0.998775244 -167.696350098 -0.043112855 0.997856855 0.049215052 6.427683830 0.999065459 0.042914502 0.005079903 18.021640778
0.003527396 0.055885404 -0.998431027 -168.909790039 -0.043444574 0.997502685 0.055679951 6.464215279 0.999049306 0.043179981 0.005946375 18.015485764
0.004904417 0.058886882 -0.998252630 -170.136459351 -0.045334812 0.997250855 0.058605041 6.517321110 0.998959541 0.044968158 0.007560430 18.018112183
0.006660816 0.055508770 -0.998435974 -171.357742310 -0.046265353 0.997405529 0.055142824 6.567620277 0.998906732 0.045825679 0.009211540 18.021083832
0.007341952 0.055646040 -0.998423576 -172.576400757 -0.048452161 0.997297049 0.055226948 6.616099834 0.998798192 0.047970291 0.010018149 18.022815704
0.008004971 0.056769464 -0.998355210 -173.797515869 -0.046288617 0.997337461 0.056340437 6.658527374 0.998895705 0.045761466 0.010611310 18.034580231
0.008502383 0.054775104 -0.998462617 -175.001785278 -0.046625562 0.997433782 0.054321632 6.705265045 0.998876035 0.046091992 0.011034355 18.047054291
0.010369812 0.053374328 -0.998520732 -176.186614990 -0.046456680 0.997521341 0.052838441 6.746093273 0.998866200 0.045840029 0.012823576 18.045763016
0.012091896 0.055217944 -0.998401105 -177.348937988 -0.047957443 0.997356594 0.054579351 6.784477711 0.998775840 0.047220789 0.014707918 18.051582336
0.013315838 0.057155892 -0.998276472 -178.482360840 -0.047976322 0.997251093 0.056457240 6.817675591 0.998759449 0.047141854 0.016021237 18.060028076
0.013825802 0.058559988 -0.998188138 -179.585952759 -0.049034882 0.997121692 0.057818245 6.853923798 0.998701096 0.048146646 0.016657362 18.067514420
0.014018966 0.059527624 -0.998128235 -180.670135498 -0.049664803 0.997035205 0.058764879 6.895030022 0.998667240 0.048748013 0.016933704 18.078081131
0.013933674 0.060425188 -0.998075485 -181.715988159 -0.048990306 0.997014463 0.059677012 6.930486679 0.998701632 0.048064493 0.016852196 18.089403152
0.014431327 0.059562851 -0.998120308 -182.725860596 -0.049315669 0.997051358 0.058786031 6.965232372 0.998678625 0.048374597 0.017326031 18.096940994
0.015649058 0.059308343 -0.998117030 -183.701629639 -0.050424006 0.997015476 0.058452312 7.001877308 0.998604834 0.049414326 0.018592793 18.110425949
0.016966894 0.060148142 -0.998045325 -184.649505615 -0.051241860 0.996929109 0.059209764 7.032866478 0.998541713 0.050137080 0.019996768 18.123468399
0.016405363 0.058598530 -0.998146832 -185.572540283 -0.050100539 0.997074842 0.057712160 7.058960438 0.998609006 0.049060896 0.019293068 18.127664566
0.013270402 0.055434905 -0.998374104 -186.490493774 -0.048189033 0.997336864 0.054736789 7.088498116 0.998749733 0.047384296 0.015906293 18.135568619
0.008871375 0.051810212 -0.998617470 -187.432235718 -0.048233837 0.997516096 0.051324587 7.120559692 0.998796344 0.047711831 0.011348221 18.129716873
0.003663153 0.048770133 -0.998803318 -188.362670898 -0.049557738 0.997591197 0.048529200 7.149989605 0.998764277 0.049320657 0.006071144 18.129043579
-0.000131479 0.047825962 -0.998855591 -189.284301758 -0.051754653 0.997516274 0.047768660 7.185069084 0.998659492 0.051701695 0.002343940 18.118576050
-0.002768225 0.048480928 -0.998820245 -190.213287354 -0.053791452 0.997370243 0.048559651 7.214916706 0.998548031 0.053862408 -0.000153210 18.104248047
-0.004615047 0.050083045 -0.998734415 -191.119995117 -0.052976590 0.997329831 0.050257429 7.243781090 0.998584807 0.053141475 -0.001949620 18.090354919
-0.006076731 0.051546436 -0.998652220 -192.045013428 -0.050073069 0.997401536 0.051786594 7.274347305 0.998726666 0.050320260 -0.003479978 18.081916809
-0.007518318 0.052048817 -0.998616278 -192.955886841 -0.048479959 0.997450709 0.052353084 7.301902771 0.998795569 0.048806474 -0.004975951 18.072002411
-0.008407308 0.051041208 -0.998661220 -193.861907959 -0.048770130 0.997486651 0.051391765 7.329689980 0.998774290 0.049136896 -0.005897016 18.056417465
-0.008811575 0.049978156 -0.998711526 -194.768203735 -0.050583236 0.997448862 0.050361287 7.357768536 0.998680651 0.050961811 -0.006261163 18.033294678
-0.008708392 0.049435880 -0.998739481 -195.667175293 -0.054072578 0.997292161 0.049835753 7.384612083 0.998498678 0.054438394 -0.006011813 18.012977600
-0.007696720 0.047759246 -0.998829305 -196.578430176 -0.056741111 0.997228086 0.048119947 7.414035797 0.998358846 0.057045039 -0.004965600 17.993673325
-0.006768311 0.045026261 -0.998962879 -197.492111206 -0.056945335 0.997346938 0.045339271 7.443324089 0.998354018 0.057193149 -0.004186444 17.981409073
-0.006297034 0.042503905 -0.999076605 -198.410766602 -0.056551334 0.997481763 0.042792521 7.470520973 0.998379469 0.056768574 -0.003877649 17.974290848
-0.005472512 0.042155605 -0.999096215 -199.331985474 -0.056408737 0.997506678 0.042397544 7.494517326 0.998392403 0.056589767 -0.003081048 17.960254669
-0.004911488 0.044902336 -0.998979330 -200.268035889 -0.053777304 0.997533500 0.045101766 7.524043083 0.998540521 0.053943932 -0.002484771 17.956758499
-0.004767038 0.046204466 -0.998920739 -201.208496094 -0.053310256 0.997499287 0.046393149 7.550785065 0.998566270 0.053473875 -0.002292071 17.947990417
-0.003827798 0.042455010 -0.999091148 -202.150390625 -0.048318338 0.997923136 0.042590521 7.577761173 0.998824298 0.048437439 -0.001768619 17.944030762
-0.003766189 0.039060995 -0.999229729 -203.098144531 -0.046827469 0.998133302 0.039194647 7.608356476 0.998895586 0.046939008 -0.001930157 17.938007355
-0.003120897 0.039531473 -0.999213457 -204.058181763 -0.051299602 0.997895896 0.039639596 7.638761997 0.998678029 0.051382966 -0.001086507 17.922693253
-0.001664918 0.043470103 -0.999053359 -205.032287598 -0.052892402 0.997651994 0.043497287 7.664638519 0.998598456 0.052914757 0.000638104 17.911266327
0.000389241 0.042768616 -0.999085009 -206.004211426 -0.050531965 0.997808993 0.042694334 7.694869041 0.998722017 0.050469115 0.002549445 17.907360077
0.002593247 0.043741409 -0.999039531 -206.980361938 -0.049149223 0.997840583 0.043561351 7.731843472 0.998787582 0.048989061 0.004737378 17.905225754
0.004340420 0.048347104 -0.998821199 -207.968063354 -0.049967509 0.997592986 0.048070535 7.766463757 0.998741031 0.049699970 0.006745632 17.902835846
0.006143576 0.051803377 -0.998638511 -208.959289551 -0.046482202 0.997592151 0.051463164 7.804563522 0.998899817 0.046102751 0.008536592 17.903005600
0.007103768 0.052564703 -0.998592257 -209.951965332 -0.046322387 0.997562349 0.052180972 7.838940144 0.998900831 0.045886509 0.009521250 17.907737732
0.008672204 0.052837532 -0.998565495 -210.959930420 -0.049122795 0.997419477 0.052350283 7.880321980 0.998754621 0.048598349 0.011245227 17.915754318
0.011296410 0.054406032 -0.998454928 -211.975189209 -0.051895350 0.997204542 0.053750765 7.923596382 0.998588145 0.051207997 0.014088126 17.924148560
0.013476887 0.054485660 -0.998423576 -212.999450684 -0.052362394 0.997182250 0.053711131 7.960804939 0.998536706 0.051555995 0.016291790 17.959024429
0.015008565 0.051623076 -0.998553932 -214.017852783 -0.055035044 0.997194707 0.050725628 7.999723911 0.998371184 0.054194152 0.017807415 17.986656189
