1.000000000 0.000000000 0.000000000 0.000000000 0.000000000 1.000000000 0.000000000 0.000000000 0.000000000 0.000000000 1.000000000 0.000000000
0.999931157 -0.002813294 0.011390273 0.015185907 0.002800640 0.999995470 0.001126737 -0.005464522 -0.011393392 -0.001094759 0.999934494 0.293673187
0.999825478 -0.004938179 0.018018786 0.027784659 0.004917506 0.999987185 0.001191437 -0.010122092 -0.018024439 -0.001102622 0.999836922 0.588915288
0.999771953 -0.007810348 0.019875765 0.040127847 0.007815168 0.999969423 -0.000164883 -0.012518403 -0.019873871 0.000320178 0.999802470 0.885887623
0.999799311 -0.009403210 0.017688837 0.047120027 0.009432236 0.999954283 -0.001558190 -0.016575886 -0.017673375 0.001724722 0.999842346 1.183254004
0.999872506 -0.011846277 0.010701798 0.053227611 0.011879101 0.999924839 -0.003009052 -0.018450290 -0.010665349 0.003135796 0.999938130 1.499983430
0.999906600 -0.013522838 -0.001947741 0.052955296 0.013513394 0.999897182 -0.004781803 -0.024459776 0.002012203 0.004755035 0.999986649 1.815008402
0.999745548 -0.012658702 -0.018670339 0.037627924 0.012569199 0.999908984 -0.004903378 -0.030410253 0.018730704 0.004667459 0.999813557 2.145370960
0.999229968 -0.007997867 -0.038413595 0.011669211 0.007827740 0.999958932 -0.004577119 -0.038208164 0.038448621 0.004272902 0.999251366 2.480498314
0.998150289 -0.004250442 -0.060646012 0.009320006 0.003959740 0.999980092 -0.004912795 -0.057020221 0.060665678 0.004663565 0.998147249 2.786103010
0.996394515 -0.002370336 -0.084807537 0.025506437 0.002163538 0.999994457 -0.002530263 -0.087524801 0.084813073 0.002337656 0.996394038 3.059047699
0.994357467 -0.003698438 -0.106015816 -0.024220467 0.003535326 0.999992251 -0.001726449 -0.090603478 0.106021374 0.001341907 0.994362831 3.431374788
0.991919756 -0.005155447 -0.126761541 -0.072708666 0.005085955 0.999986768 -0.000871862 -0.093415983 0.126764357 0.000220113 0.991932750 3.811872005
0.989119470 -0.004550224 -0.147043824 -0.116688907 0.004592722 0.999989390 -0.000050489 -0.099675253 0.147042513 -0.000625392 0.989129901 4.207661152
0.985466838 -0.003996297 -0.169820875 -0.124480188 0.004289907 0.999989927 0.001362050 -0.111563742 0.169813722 -0.002070771 0.985473931 4.594228268
0.981206179 -0.003951429 -0.192921802 -0.116589606 0.004377084 0.999988854 0.001780181 -0.123065718 0.192912593 -0.002591159 0.981212437 5.000464439
0.978736699 -0.005389581 -0.205049753 -0.214999557 0.005702253 0.999983370 0.000933976 -0.128356382 0.205041260 -0.002083362 0.978751004 5.431960583
0.976594925 -0.009223248 -0.214889422 -0.315363765 0.009159628 0.999957263 -0.001291870 -0.133777738 0.214892104 -0.000706673 0.976637423 5.876196861
0.974854589 -0.008415067 -0.222683102 -0.431335688 0.007899859 0.999963760 -0.003204323 -0.137653500 0.222701967 0.001364583 0.974885583 6.330691338
0.972815514 -0.008085762 -0.231440634 -0.541959643 0.007185954 0.999962986 -0.004730618 -0.141061604 0.231470287 0.002938896 0.972837448 6.789378643
0.971102536 -0.008576458 -0.238508523 -0.676264524 0.006889712 0.999945045 -0.007904834 -0.142738178 0.238563180 0.006033147 0.971108139 7.283004284
0.969102085 -0.012592851 -0.246338040 -0.804205537 0.010547246 0.999898195 -0.009621775 -0.150508732 0.246434048 0.006726294 0.969136119 7.780902863
0.967068553 -0.018939681 -0.253810406 -0.938554764 0.016682541 0.999799907 -0.011042615 -0.158575147 0.253968716 0.006444762 0.967190802 8.289711952
0.964748979 -0.019640481 -0.262438089 -1.086331010 0.016687486 0.999769926 -0.013476437 -0.169817090 0.262642384 0.008621947 0.964854717 8.813856125
0.962423921 -0.015736559 -0.271095425 -1.251776695 0.011340084 0.999777734 -0.017776383 -0.179077849 0.271314830 0.014034166 0.962388158 9.339604378
0.959932864 -0.013131722 -0.279922217 -1.418647766 0.007645149 0.999756873 -0.020683242 -0.193873286 0.280125707 0.017714478 0.959799767 9.874996185
0.957340181 -0.015840625 -0.288528800 -1.589686513 0.009775330 0.999700248 -0.022450313 -0.210199773 0.288797855 0.018672120 0.957207918 10.430824280
0.954697907 -0.018774606 -0.296984076 -1.766802311 0.011940886 0.999621034 -0.024807902 -0.227878422 0.297337204 0.020137794 0.954560041 11.000788689
0.952192426 -0.018475423 -0.304939806 -1.959028840 0.010648739 0.999570310 -0.027309772 -0.247440100 0.305313319 0.022756930 0.951979876 11.576006889
0.949497402 -0.018089501 -0.313252896 -2.159193754 0.008838800 0.999482632 -0.030926211 -0.268939793 0.313650221 0.026595574 0.949165940 12.163480759
0.946711123 -0.019065391 -0.321519166 -2.361589909 0.007870719 0.999318004 -0.036082104 -0.295821279 0.321987718 0.031628739 0.946215272 12.763075829
0.944741488 -0.020722104 -0.327160954 -2.579334736 0.006781590 0.999022067 -0.043694060 -0.325184286 0.327746361 0.039060909 0.943957806 13.368532181
0.943391323 -0.021600813 -0.330977470 -2.806169510 0.004712848 0.998649478 -0.051742435 -0.359068483 0.331648052 0.047253504 0.942218900 13.980221748
0.941929281 -0.021777857 -0.335104555 -3.037516117 0.001572457 0.998170197 -0.060449369 -0.397099882 0.335807741 0.056412078 0.940239608 14.603401184
0.940527260 -0.021301072 -0.339049846 -3.282681227 -0.002415915 0.997587800 -0.069375984 -0.441584110 0.339709729 0.066069096 0.938206792 15.235395432
0.939365149 -0.020909509 -0.342280239 -3.535379887 -0.005589984 0.997073114 -0.076251388 -0.492156982 0.342872709 0.073541231 0.936498761 15.855531693
0.937635124 -0.019172516 -0.347091585 -3.792406082 -0.010331974 0.996499896 -0.082955129 -0.549479425 0.347467124 0.081367783 0.934155047 16.509815216
0.935914338 -0.018389769 -0.351746887 -4.054306984 -0.013788451 0.995957851 -0.088757709 -0.611309111 0.351957262 0.087919652 0.931877732 17.164329529
0.934259355 -0.016518727 -0.356211424 -4.328063965 -0.018313691 0.995385766 -0.094191954 -0.678186893 0.356123596 0.094523244 0.929645777 17.827699661
0.932622075 -0.013583377 -0.360598654 -4.597092628 -0.023215333 0.994962633 -0.097521424 -0.746965766 0.360106796 0.099322036 0.927608848 18.473480225
0.931751370 -0.011375797 -0.362918466 -4.895635605 -0.026855003 0.994612694 -0.100123607 -0.808325052 0.362102181 0.103036471 0.926426172 19.100889206
0.929389000 -0.011045409 -0.368936270 -5.186699867 -0.027554883 0.994686663 -0.099193133 -0.888553381 0.368071467 0.102354981 0.924146533 19.806766510
0.926951468 -0.010599309 -0.375031143 -5.489948750 -0.028214997 0.994800925 -0.097853579 -0.965321541 0.374118358 0.101287015 0.921833158 20.521780014
0.924343348 -0.010825550 -0.381407946 -5.809671879 -0.028093927 0.994953454 -0.096325643 -1.038941979 0.380525768 0.099753208 0.919374466 21.243869781
0.920912445 -0.009737171 -0.389647752 -6.119864464 -0.028830314 0.995247841 -0.093009919 -1.122387409 0.388701618 0.096887641 0.916255295 21.965049744
0.917696357 -0.006147048 -0.397234857 -6.460062504 -0.031321499 0.995648682 -0.087766588 -1.196259499 0.396045625 0.092985041 0.913510561 22.673818588
0.914027870 -0.002396074 -0.405644327 -6.806181908 -0.034055900 0.995999098 -0.082620509 -1.272051692 0.404219180 0.089331999 0.910289288 23.412258148
0.910209656 0.001229713 -0.414145917 -7.160845757 -0.037109002 0.996215343 -0.078600153 -1.345582008 0.412481695 0.086911120 0.906810462 24.160453796
0.906255782 0.002301411 -0.422723323 -7.521506310 -0.038421724 0.996294737 -0.076946422 -1.413981318 0.420979828 0.085974857 0.902986288 24.902473450
0.902118504 0.002122045 -0.431483120 -7.884919167 -0.038895108 0.996316910 -0.076419629 -1.481850147 0.429731607 0.085722104 0.898878455 25.633932114
0.898017287 0.002380201 -0.439953834 -8.276814461 -0.039503898 0.996382415 -0.075243376 -1.549041986 0.438183010 0.084949695 0.894862652 26.408445358
0.893933594 0.003354230 -0.448187083 -8.674324036 -0.040646218 0.996458232 -0.073613659 -1.616816759 0.446352601 0.084022768 0.890903831 27.175697327
0.889892519 0.002241435 -0.456164777 -9.078685760 -0.039114699 0.996680021 -0.071408197 -1.684354663 0.454490185 0.081388310 0.887025774 27.960220337
0.885306597 0.002710028 -0.464999825 -9.495296478 -0.038230956 0.997021914 -0.066976756 -1.763143659 0.463433355 0.077072300 0.882773757 28.809061050
0.881248713 0.005026466 -0.472626179 -9.923319817 -0.038555048 0.997375667 -0.061281662 -1.826776624 0.471077740 0.072226465 0.879129767 29.611661911
0.876599610 0.005269593 -0.481191486 -10.380870819 -0.037456624 0.997653544 -0.057310358 -1.884974837 0.479760319 0.068262003 0.874740124 30.474946976
0.872774601 0.004350739 -0.488104016 -10.843398094 -0.036048964 0.997804165 -0.055564892 -1.943408012 0.486790419 0.066091225 0.871015012 31.284254074
0.869322121 0.003671860 -0.494232297 -11.316337585 -0.035261329 0.997885048 -0.054608688 -1.998214245 0.492986411 0.064899780 0.867613018 32.100025177
0.865984142 0.004071154 -0.500054896 -11.791997910 -0.035039656 0.998003304 -0.052555785 -2.055001974 0.498842299 0.063034192 0.864397466 32.912315369
0.862687707 0.002767647 -0.505729437 -12.284158707 -0.033349544 0.998119891 -0.051426329 -2.109321117 0.504636228 0.061230667 0.861157894 33.740039825
0.859550774 0.000344447 -0.511050284 -12.766832352 -0.030925153 0.998202264 -0.051341183 -2.166851521 0.510113835 0.059934620 0.858016133 34.587371826
0.857553005 -0.000941870 -0.514394879 -13.305213928 -0.030112753 0.998191595 -0.052029014 -2.218396902 0.513513565 0.060107447 0.855973661 35.440975189
0.856176615 -0.000244138 -0.516683340 -13.816293716 -0.031374659 0.998129964 -0.052461442 -2.274730206 0.515729785 0.061126981 0.854567826 36.272636414
0.855637372 -0.000178348 -0.517575800 -14.330442429 -0.031013805 0.998185456 -0.051614877 -2.334221363 0.516645730 0.060215577 0.854079127 37.115585327
0.855356455 0.000895832 -0.518039465 -14.860334396 -0.031197840 0.998272598 -0.049785782 -2.397597075 0.517099857 0.058746263 0.853906572 37.990474701
0.855121553 0.000301614 -0.518427491 -15.399584770 -0.030291760 0.998320401 -0.049384039 -2.458877563 0.517541826 0.057933405 0.853694439 38.866802216
0.854493976 -0.001812011 -0.519458234 -15.951178551 -0.028437568 0.998331130 -0.050261471 -2.516570807 0.518682361 0.057720218 0.853016496 39.762542725
0.853299618 -0.004220174 -0.521403968 -16.508777618 -0.026090890 0.998369098 -0.050779533 -2.575198174 0.520767689 0.056934025 0.851797819 40.668132782
0.851725340 -0.004599302 -0.523968399 -17.085386276 -0.024588142 0.998509169 -0.048733473 -2.635954380 0.523411334 0.054390915 0.850342512 41.582305908
0.849532008 -0.003802875 -0.527523398 -17.661632538 -0.023446497 0.998713672 -0.044958279 -2.696664333 0.527015746 0.050562043 0.848350108 42.497840881
0.846644998 -0.003899658 -0.532144070 -18.249652863 -0.021123813 0.998938680 -0.040928602 -2.754875183 0.531738698 0.045892864 0.845664144 43.413734436
0.842466891 -0.004049738 -0.538733065 -18.832664490 -0.020090148 0.999040067 -0.038926799 -2.812958479 0.538373351 0.043617733 0.841576815 44.312870026
0.836930692 -0.007653237 -0.547255337 -19.419021606 -0.017794859 0.998993039 -0.041184824 -2.869649649 0.547019303 0.044207152 0.835951924 45.202533722
0.830337167 -0.011603055 -0.557140589 -20.018207550 -0.015853375 0.998886704 -0.044430085 -2.926155090 0.557035685 0.045724478 0.829228878 46.099147797
0.823923290 -0.011981679 -0.566574752 -20.627195358 -0.015618769 0.998916507 -0.043837789 -2.981446266 0.566485882 0.044968143 0.822843671 46.975181580
0.817485869 -0.009167689 -0.575875759 -21.235927582 -0.015923915 0.999131203 -0.038510613 -3.042896748 0.575728238 0.040652052 0.816629887 47.855968475
0.812072098 -0.004405964 -0.583540499 -21.876068115 -0.019033972 0.999239326 -0.034032930 -3.098552704 0.583246469 0.038744263 0.811370730 48.727714539
0.808004022 -0.004746757 -0.589157939 -22.518848419 -0.020209234 0.999155700 -0.035766162 -3.145898342 0.588830054 0.040805604 0.807226121 49.585693359
0.804482162 -0.007145384 -0.593933940 -23.160163879 -0.020669809 0.998985112 -0.040015638 -3.198835850 0.593616903 0.044468343 0.803518176 50.436496735
0.801508904 -0.009728276 -0.597903788 -23.815656662 -0.022973763 0.998628378 -0.047045413 -3.256326199 0.597541213 0.051443391 0.800186276 51.290031433
0.798467278 -0.010999141 -0.601937652 -24.462825775 -0.022963647 0.998548985 -0.048707582 -3.312111855 0.601599813 0.052714061 0.797056496 52.113098145
0.795027912 -0.009230381 -0.606502712 -25.123928070 -0.022509104 0.998746514 -0.044705827 -3.373577118 0.606154799 0.049194187 0.793823898 52.963981628
0.791944265 -0.006461970 -0.610559165 -25.792755127 -0.022468144 0.998958230 -0.039715700 -3.429849863 0.610179484 0.045170724 0.790974498 53.807369232
0.788994849 -0.004247574 -0.614385188 -26.464214325 -0.023348890 0.999046385 -0.036891691 -3.481445074 0.613955796 0.043452527 0.788143635 54.643554688
0.785827398 -0.003441664 -0.618436456 -27.117900848 -0.024978189 0.998991787 -0.037298523 -3.535881996 0.617941141 0.044757590 0.784949481 55.453067780
0.782289803 -0.003634616 -0.622904122 -27.789649963 -0.026404072 0.998890638 -0.038988739 -3.593993902 0.622354567 0.046947673 0.781326413 56.269805908
0.778339326 -0.006359977 -0.627811730 -28.477348328 -0.025426570 0.998808861 -0.041641347 -3.648032427 0.627328515 0.048374172 0.777250886 57.105613708
0.774039865 -0.007377968 -0.633094013 -29.171667099 -0.024868187 0.998806119 -0.042044558 -3.702688694 0.632648051 0.048288032 0.772932708 57.938270569
0.769592047 -0.007210850 -0.638495266 -29.864131927 -0.024881184 0.998838127 -0.041270260 -3.758820534 0.638050735 0.047647748 0.768518746 58.750785828
0.764831662 -0.006577721 -0.644196749 -30.569290161 -0.025639256 0.998844743 -0.040639549 -3.815757036 0.643719614 0.047599107 0.763779759 59.563575745
0.759689450 -0.007101552 -0.650247276 -31.273136139 -0.026503889 0.998771191 -0.041872658 -3.874810696 0.649745405 0.049044278 0.758568287 60.358829498
0.754382610 -0.008374034 -0.656381428 -31.996946335 -0.026190454 0.998738408 -0.042842656 -3.931839705 0.655911922 0.049510673 0.753212094 61.169719696
0.748738706 -0.009425794 -0.662798166 -32.727455139 -0.026092418 0.998704672 -0.043678474 -3.991465092 0.662351310 0.049997754 0.747523367 61.980998993
0.742874324 -0.010450609 -0.669349253 -33.491611481 -0.026571197 0.998629689 -0.045081675 -4.045806408 0.668902993 0.051275421 0.741579175 62.826637268
0.736300170 -0.012214480 -0.676544666 -34.292057037 -0.025747865 0.998607039 -0.046051133 -4.101561069 0.676164746 0.051327024 0.734960616 63.722976685
0.729282200 0.003755835 -0.684202909 -35.366622925 -0.043798596 0.998190105 -0.041204922 -4.384060383 0.682809711 0.060017120 0.728127182 64.979438782
0.722904086 0.003927524 -0.690937281 -36.154525757 -0.042960048 0.998304367 -0.039272968 -4.439369202 0.689611435 0.058073260 0.721847534 65.791999817
0.716403902 0.003852291 -0.697675169 -36.946540833 -0.042775307 0.998345912 -0.038411155 -4.494632721 0.696373165 0.057361152 0.715384066 66.586410522
0.709811687 0.001892949 -0.704389036 -37.737510681 -0.041092709 0.998404324 -0.038726017 -4.555245399 0.703191757 0.056433409 0.708757341 67.372612000
0.702706635 0.000182920 -0.711479783 -38.510112762 -0.040713321 0.998371542 -0.039954644 -4.617699623 0.710313857 0.057043079 0.701570094 68.150444031
0.695178807 -0.000023833 -0.718837082 -39.309547424 -0.040732983 0.998391688 -0.039425544 -4.678210258 0.717681825 0.056688145 0.694060206 68.972167969
0.689517617 0.000337120 -0.724268854 -40.144523621 -0.040894236 0.998422503 -0.038467396 -4.732716560 0.723113358 0.056142345 0.688444138 69.759353638
0.684857011 0.000851315 -0.728677154 -40.986488342 -0.041803457 0.998398006 -0.038123161 -4.789053917 0.727477372 0.056570109 0.683795869 70.526077271
0.680298626 -0.000091731 -0.732935131 -41.834285736 -0.041802496 0.998367190 -0.038925402 -4.845212460 0.731741846 0.057119392 0.679184377 71.288360596
0.675202370 -0.002227498 -0.737629354 -42.680717468 -0.041861143 0.998268008 -0.041332982 -4.906147480 0.736443698 0.058786117 0.673940003 72.045158386
0.669497430 -0.005014696 -0.742797613 -43.541801453 -0.040864047 0.998214066 -0.043570612 -4.974540710 0.741689324 0.059524119 0.668097317 72.820312500
0.664414406 -0.005682794 -0.747342944 -44.420215607 -0.041048732 0.998183846 -0.044083998 -5.033398628 0.746236086 0.059967496 0.662974894 73.588363647
0.659753263 -0.005190930 -0.751464486 -45.310249329 -0.040534865 0.998274326 -0.042483728 -5.096089840 0.750388026 0.058489274 0.658404827 74.350456238
0.654384792 -0.005055596 -0.756144941 -46.211086273 -0.039848041 0.998357356 -0.041160468 -5.160259247 0.755110741 0.057065669 0.653108954 75.121261597
0.649075866 -0.006317856 -0.760697603 -47.110469818 -0.038879279 0.998382986 -0.041466247 -5.220737934 0.759729266 0.056490101 0.647781253 75.881477356
0.643697798 -0.007721569 -0.765240908 -48.016895294 -0.037416831 0.998435378 -0.041548550 -5.281498909 0.764364302 0.055377577 0.642402112 76.656379700
0.639203072 -0.008487985 -0.768991172 -48.939064026 -0.036293671 0.998491764 -0.041189339 -5.341117859 0.768180907 0.054237857 0.637931466 77.413513184
0.635100305 -0.009437338 -0.772372067 -49.856216431 -0.034961335 0.998549163 -0.040948696 -5.402004719 0.771637976 0.053009667 0.633849323 78.158119202
0.631172538 -0.012180028 -0.775546849 -50.795425415 -0.032469708 0.998585045 -0.042108115 -5.464141846 0.774962366 0.051759254 0.629884422 78.909988403
0.626893163 -0.017062288 -0.778918326 -51.740425110 -0.028845605 0.998566151 -0.045089412 -5.528156757 0.778570831 0.050734606 0.625502646 79.667572021
0.621529698 -0.021594698 -0.783092916 -52.667434692 -0.023966467 0.998627663 -0.046560206 -5.588704109 0.783023715 0.047706507 0.620159805 80.425125122
0.614813447 -0.025118560 -0.788272500 -53.618522644 -0.018746097 0.998744547 -0.046446398 -5.655398369 0.788449705 0.043332890 0.613571346 81.167884827
0.606371880 -0.028811460 -0.794659019 -54.584598541 -0.014054620 0.998798609 -0.046937376 -5.719817162 0.795056880 0.039630130 0.605239153 81.906036377
0.597258627 -0.030032570 -0.801486135 -55.578987122 -0.010649696 0.998913407 -0.045366459 -5.785084248 0.801977873 0.035631090 0.596290350 82.643424988
0.588299274 -0.028558519 -0.808138788 -56.572547913 -0.010315353 0.999029636 -0.042813629 -5.843371391 0.808577359 0.033523455 0.587434411 83.356086731
0.578411341 -0.028782697 -0.815237284 -57.577049255 -0.010954044 0.999012828 -0.043043021 -5.893846512 0.815671444 0.033826701 0.577525854 84.092636108
0.568686366 -0.030323852 -0.821995199 -58.596458435 -0.011578445 0.998925805 -0.044861358 -5.954307556 0.822472692 0.035029463 0.567725122 84.791603088
0.558444619 -0.032655876 -0.828898787 -59.631996155 -0.010842681 0.998851836 -0.046656441 -6.018894196 0.829470694 0.035042513 0.557450056 85.488494873
0.548396289 -0.034858748 -0.835491657 -60.685951233 -0.009765431 0.998795331 -0.048082013 -6.079496384 0.836161494 0.034526918 0.547395885 86.177703857
0.538750172 -0.035663836 -0.841710329 -61.757980347 -0.007114741 0.998875022 -0.046876967 -6.144012451 0.842435241 0.031243516 0.537891150 86.839576721
0.528463244 -0.035631202 -0.848208129 -62.788879395 -0.005876595 0.998941183 -0.045624506 -6.208571434 0.848935604 0.029095436 0.527695000 87.461669922
0.518065155 -0.036379252 -0.854567170 -63.866920471 -0.005520330 0.998931825 -0.045871545 -6.277229309 0.855323136 0.028481932 0.517311573 88.104904175
0.507791936 -0.037456989 -0.860665023 -64.946327209 -0.005959986 0.998877466 -0.046988558 -6.346539497 0.861458957 0.028989950 0.506999254 88.734909058
0.497541636 -0.038151424 -0.866600692 -66.036109924 -0.006971138 0.998824000 -0.047974832 -6.417465210 0.867411971 0.029910656 0.496691108 89.355903625
0.487703055 -0.038852617 -0.872144639 -67.126441956 -0.008096088 0.998764753 -0.049020708 -6.495007992 0.872971892 0.030968497 0.486786723 89.959655762
0.478740871 -0.038998641 -0.877089798 -68.265335083 -0.008483285 0.998760581 -0.049039043 -6.566657066 0.877915144 0.030917583 0.477817357 90.554534912
0.470050275 -0.036946096 -0.881866157 -69.399948120 -0.009154481 0.998865485 -0.046727367 -6.638511658 0.882592022 0.030037222 0.469179422 91.146057129
0.462214798 -0.035552666 -0.886055112 -70.530807495 -0.008374991 0.998976111 -0.044452485 -6.707098961 0.886728287 0.027967282 0.461444438 91.725631714
0.455143929 -0.036244780 -0.889680028 -71.667266846 -0.008022386 0.998963535 -0.044801041 -6.770623207 0.890381634 0.027528265 0.454382092 92.288055420
0.447504789 -0.039215785 -0.893421352 -72.817527771 -0.006184596 0.998878181 -0.046942540 -6.842396736 0.894260049 0.026532451 0.446760893 92.860389709
0.440787613 -0.042866137 -0.896587431 -73.859436035 -0.003890769 0.998758137 -0.049663804 -6.912384510 0.897602797 0.025379594 0.440074146 93.395553589
0.434762269 -0.045780450 -0.899380922 -75.010238647 -0.002824309 0.998632431 -0.052197881 -6.987542629 0.900540650 0.025233788 0.434039086 93.944869995
0.429146081 -0.049406156 -0.901883006 -76.161231995 -0.000674062 0.998484731 -0.055018894 -7.070578575 0.903234661 0.024219057 0.428463191 94.492843628
0.423189878 -0.050340928 -0.904641509 -77.343063354 0.003760052 0.998543918 -0.053807437 -7.174241543 0.906033039 0.019369256 0.422763586 95.085182190
0.417033345 -0.047193117 -0.907665312 -78.486198425 0.006712354 0.998783410 -0.048846710 -7.292463303 0.908866227 0.014278122 0.416843414 95.704277039
0.410489619 -0.044135850 -0.910796762 -79.647933960 0.009681125 0.998982310 -0.044046015 -7.399605751 0.911813676 0.009262879 0.410499841 96.333763123
0.407092214 -0.043483909 -0.912351668 -80.819297791 0.011432064 0.999030173 -0.042514168 -7.474403381 0.913315296 0.006877109 0.407195210 96.852554321
0.403804988 -0.043519251 -0.913809597 -81.989547729 0.014444671 0.999046326 -0.041195624 -7.552273750 0.914730787 0.003435303 0.404049248 97.380195618
0.401279509 -0.042777233 -0.914956391 -83.126693726 0.016139874 0.999083757 -0.039631907 -7.618211269 0.915813267 0.001136177 0.401602924 97.879150391
0.398911804 -0.041541062 -0.916048110 -84.277999878 0.017735561 0.999135673 -0.037585661 -7.695062160 0.916817546 -0.001253282 0.399304450 98.376876831
0.396648139 -0.042566426 -0.916983426 -85.377693176 0.019510329 0.999089301 -0.037938468 -7.758064747 0.917763174 -0.002842442 0.397118151 98.860481262
0.394835293 -0.043007620 -0.917744875 -86.499130249 0.021494618 0.999062419 -0.037570886 -7.821928978 0.918500245 -0.004892278 0.395390272 99.334045410
0.396582127 -0.046404157 -0.916825831 -87.639938354 0.021611510 0.998916447 -0.041210841 -7.863509655 0.917744756 -0.003470527 0.397155881 99.700271606
0.397952855 -0.048760489 -0.916109204 -88.760864258 0.020874811 0.998808861 -0.044094354 -7.914411068 0.917168200 -0.001576150 0.398497432 100.075515747
0.399061322 -0.050277725 -0.915544927 -89.850379944 0.019650839 0.998734832 -0.046280906 -7.975421906 0.916713536 0.000477682 0.399545103 100.455322266
0.401177317 -0.050691698 -0.914596856 -90.924774170 0.017535606 0.998709321 -0.047661886 -8.040782928 0.915832341 0.003082850 0.401549131 100.821136475
0.400653958 -0.052161735 -0.914743662 -92.005714417 0.017596288 0.998631835 -0.049238250 -8.116847992 0.916060269 0.003631396 0.401024282 101.290626526
0.401242316 -0.052567702 -0.914462447 -93.065483093 0.016743034 0.998605669 -0.050058283 -8.197843552 0.915818691 0.004774617 0.401563674 101.745422363
0.403574824 -0.052143842 -0.913459718 -94.120452881 0.014190833 0.998611093 -0.050735004 -8.277078629 0.914836466 0.007512602 0.403754950 102.200729370
0.407788426 -0.052503277 -0.911565781 -95.163452148 0.012827181 0.998575985 -0.051776581 -8.357115746 0.912986100 0.009421061 0.407881945 102.662612915
0.412680924 -0.053360302 -0.909311533 -96.148345947 0.012356857 0.998518467 -0.052987162 -8.430278778 0.910791636 0.010630545 0.412729502 103.108108521
0.418531328 -0.053446539 -0.906628549 -97.178359985 0.011928681 0.998504043 -0.053356014 -8.506800652 0.908123851 0.011516267 0.418543369 103.575569153
0.425303400 -0.052147035 -0.903547525 -98.186553955 0.010856253 0.998560548 -0.052520540 -8.584666252 0.904985487 0.012528012 0.425258011 104.046157837
0.433428288 -0.050938044 -0.899747491 -99.199645996 0.009602971 0.998605430 -0.051908828 -8.659000397 0.901136696 0.013858488 0.433313549 104.522949219
0.441382706 -0.050770998 -0.895881653 -100.165313721 0.010078489 0.998615205 -0.051627647 -8.734255791 0.897262096 0.013758402 0.441283882 105.017013550
0.450640619 -0.050623428 -0.891269088 -101.154418945 0.010112659 0.998616040 -0.051607557 -8.807619095 0.892647982 0.014243349 0.450529516 105.512924194
0.460667253 -0.051522736 -0.886076391 -102.138977051 0.009504156 0.998542607 -0.053121191 -8.881427765 0.887521803 0.016049771 0.460486203 106.015037537
0.471050352 -0.053155482 -0.880503476 -103.099098206 0.007970337 0.998398185 -0.056008801 -8.956188202 0.882070124 0.019365042 0.470720112 106.518997192
0.482700467 -0.054570675 -0.874083817 -104.050941467 0.006952176 0.998263896 -0.058484267 -9.027094841 0.875757754 0.022153586 0.482242435 107.029144287
0.495933920 -0.054434139 -0.866652608 -104.981170654 0.006520832 0.998238325 -0.058967549 -9.078186989 0.868335545 0.023592703 0.495415866 107.509231567
0.509922922 -0.052508857 -0.858616054 -105.913696289 0.005671368 0.998318493 -0.057684261 -9.136200905 0.860201061 0.024544999 0.509363949 107.999130249
0.522593558 -0.050053798 -0.851111472 -106.835670471 0.005156017 0.998442173 -0.055552486 -9.214365005 0.852566004 0.024643019 0.522038221 108.549316406
0.535065055 -0.049115155 -0.843382061 -107.751434326 0.005016973 0.998475432 -0.054964304 -9.289052963 0.844795644 0.025178246 0.534496367 109.105606079
0.547608674 -0.048805155 -0.835310221 -108.641616821 0.003682829 0.998428047 -0.055921420 -9.338789940 0.836726189 0.027546735 0.546928227 109.654037476
0.560030520 -0.048459858 -0.827053666 -109.523414612 0.002363125 0.998376966 -0.056898143 -9.389505386 0.828468263 0.029910257 0.559236705 110.215560913
0.571784258 -0.048945542 -0.818942845 -110.360206604 0.001471763 0.998278141 -0.058636297 -9.428661346 0.820402443 0.032322008 0.570872188 110.787612915
0.582586527 -0.049069315 -0.811286271 -111.209838867 0.002185505 0.998266637 -0.058809143 -9.503855705 0.812765479 0.032488327 0.581684470 111.396385193
0.593621612 -0.048084799 -0.803306699 -112.077522278 0.002749636 0.998328447 -0.057726666 -9.565546989 0.804739416 0.032058977 0.592761993 112.013870239
0.603790998 -0.046297383 -0.795797229 -112.942726135 0.003766976 0.998466313 -0.055230077 -9.623820305 0.797133446 0.030349661 0.603039920 112.661857605
0.614098072 -0.048315350 -0.787749529 -113.804801941 0.004557135 0.998324633 -0.057678107 -9.604445457 0.789216280 0.031830121 0.613289952 113.313766479
0.625579536 -0.047219705 -0.778730154 -114.471046448 -0.001835858 0.998074532 -0.061994884 -9.575524330 0.780157804 0.040212352 0.624288917 113.760490417
0.635235190 -0.046718884 -0.770904422 -115.253585815 -0.003588454 0.997979105 -0.063437201 -9.655392647 0.772309959 0.043063883 0.633784473 114.391792297
0.644500375 -0.046684418 -0.763177514 -116.009124756 -0.003429333 0.997947514 -0.063941658 -9.724895477 0.764595985 0.043827593 0.643018067 115.020637512
0.653747439 -0.044509698 -0.755402744 -116.752655029 -0.003572300 0.998075783 -0.061900038 -9.805710793 0.756704092 0.043165501 0.652330995 115.654312134
0.662466705 -0.042989999 -0.747856855 -117.484825134 -0.003001440 0.998191297 -0.060039066 -9.881117821 0.749085069 0.042018514 0.661140025 116.298942566
0.670916796 -0.042064618 -0.740338683 -118.197776794 -0.002962387 0.998229563 -0.059402127 -9.956451416 0.741526365 0.042047031 0.669604897 116.927017212
0.678769767 -0.041377179 -0.733184576 -118.906242371 -0.003815263 0.998198926 -0.059865378 -10.029039383 0.734340787 0.043432079 0.677389860 117.575759888
0.686345637 -0.040477965 -0.726148307 -119.600234985 -0.004301931 0.998206258 -0.059709568 -10.099158287 0.727262437 0.044105224 0.684940875 118.221687317
0.693696797 -0.037634857 -0.719283402 -120.285247803 -0.005147285 0.998349190 -0.057200562 -10.170237541 0.720248401 0.043382183 0.692358375 118.871009827
0.701436341 -0.034359939 -0.711903572 -120.961837769 -0.006537081 0.998484969 -0.054632768 -10.244038582 0.712701797 0.042975154 0.700149417 119.518699646
0.708858013 -0.032905702 -0.704583526 -121.611114502 -0.007236614 0.998519182 -0.053913750 -10.312527657 0.705313861 0.043315966 0.707570553 120.160491943
0.716518998 -0.032085773 -0.696829438 -122.248733521 -0.007714829 0.998515725 -0.053909902 -10.377416611 0.697524607 0.044003360 0.715208471 120.807800293
0.724557221 -0.029298339 -0.688591778 -122.871398926 -0.010057966 0.998539984 -0.053069413 -10.439919472 0.689140916 0.045377638 0.723205149 121.450721741
0.733575463 -0.026595766 -0.679087639 -123.474845886 -0.010556015 0.998667359 -0.050514825 -10.500262260 0.679525733 0.044224858 0.732317507 122.096588135
0.743107915 -0.022881445 -0.668780386 -124.065711975 -0.012020752 0.998797297 -0.047529314 -10.559766769 0.669063210 0.043358631 0.741939664 122.747108459
0.753393590 -0.020890545 -0.657238007 -124.643424988 -0.013481447 0.998794258 -0.047200896 -10.616296768 0.657431364 0.044421341 0.752204061 123.396804810
0.763371229 -0.020059627 -0.645648658 -125.202056885 -0.014731724 0.998717010 -0.048446916 -10.673368454 0.645791888 0.046494465 0.762096524 124.051368713
0.773203075 -0.021295771 -0.633801043 -125.741378784 -0.014139583 0.998608410 -0.050802913 -10.729411125 0.634000719 0.048242614 0.771826327 124.710632324
0.783126533 -0.020415168 -0.621527374 -126.272705078 -0.014248675 0.998609304 -0.050754517 -10.784049988 0.621698976 0.048603114 0.781746924 125.381408691
0.793169677 -0.018874275 -0.608708322 -126.783950806 -0.014315777 0.998665392 -0.049619749 -10.838438034 0.608832240 0.048070975 0.791841269 126.054466248
0.803400934 -0.016733432 -0.595203459 -127.287658691 -0.014143801 0.998786509 -0.047170937 -10.892847061 0.595270157 0.046315573 0.802189708 126.726806641
0.813140988 -0.015350802 -0.581864655 -127.782653809 -0.013512785 0.998884797 -0.045236476 -10.945909500 0.581909716 0.044646211 0.812026858 127.417030334
0.822285771 -0.013940181 -0.568904340 -128.265686035 -0.012617147 0.999007404 -0.042715918 -10.997677803 0.568934739 0.042302605 0.821293890 128.116500854
0.830505550 -0.013070755 -0.556857228 -128.739578247 -0.011682802 0.999095738 -0.040875103 -11.049441338 0.556887507 0.040452618 0.829602122 128.820312500
0.838117599 -0.013128512 -0.545332015 -129.212173462 -0.010039235 0.999169648 -0.039483663 -11.105457306 0.545397043 0.038566627 0.837289989 129.527801514
0.844801724 -0.013092889 -0.534919620 -129.668609619 -0.009376430 0.999184668 -0.039264720 -11.153547287 0.534996986 0.038186502 0.843990326 130.245635986
0.851643264 -0.012123000 -0.523982108 -130.117111206 -0.010116381 0.999165773 -0.039559484 -11.198109627 0.524024129 0.038991332 0.850810289 130.968063354
0.858404517 -0.010201550 -0.512872159 -130.558959961 -0.011355129 0.999179184 -0.038880076 -11.244209290 0.512847126 0.039198518 0.857584417 131.696716309
0.864763319 -0.009327340 -0.502093375 -130.985916138 -0.011669995 0.999184072 -0.038661227 -11.291572571 0.502043724 0.039292198 0.863949060 132.428253174
0.870766163 -0.009726798 -0.491601586 -131.410491943 -0.010744078 0.999189019 -0.038800776 -11.341122627 0.491579741 0.039068174 0.869955599 133.170593262
0.875957787 -0.010849537 -0.482266068 -131.823516846 -0.009555113 0.999160469 -0.039833471 -11.392446518 0.482292861 0.039500508 0.875118911 133.920257568
0.880402863 -0.011302945 -0.474092007 -132.238281250 -0.008975563 0.999139488 -0.040488679 -11.437740326 0.474141210 0.039901558 0.879543960 134.684982300
0.883968532 -0.010523116 -0.467428416 -132.651992798 -0.009205868 0.999160945 -0.039903477 -11.482652664 0.467455596 0.039576460 0.883130014 135.459075928
0.887295485 -0.008598066 -0.461121529 -133.072708130 -0.009330557 0.999286711 -0.036586720 -11.528062820 0.461106658 0.036765713 0.886582494 136.249588013
0.890552521 -0.004478038 -0.454858780 -133.491928101 -0.011583372 0.999403775 -0.032517795 -11.568395615 0.454732656 0.034227557 0.889969826 137.051162720
0.894005001 -0.001848754 -0.448053420 -133.908264160 -0.012929628 0.999468327 -0.029922664 -11.606374741 0.447870106 0.032544136 0.893505931 137.863601685
0.897246599 0.000984446 -0.441529036 -134.321502686 -0.014798691 0.999502420 -0.027844487 -11.642066956 0.441281438 0.031517383 0.896814942 138.691604614
0.900557876 0.002588188 -0.434728771 -134.731689453 -0.015387025 0.999545276 -0.025924038 -11.674797058 0.434463441 0.030035235 0.900188267 139.534255981
0.903905451 0.003952963 -0.427714258 -135.139312744 -0.015407372 0.999608994 -0.023322633 -11.706340790 0.427454293 0.027671363 0.903613210 140.393646240
0.907262087 0.004050801 -0.420546591 -135.545715332 -0.014414979 0.999665320 -0.021469085 -11.738986015 0.420318365 0.025540218 0.907016933 141.269836426
0.910953999 0.003766806 -0.412490875 -135.951110840 -0.013520890 0.999693394 -0.020730862 -11.769045830 0.412285805 0.024462063 0.910726011 142.160217285
0.914663792 0.002945413 -0.404204726 -136.349777222 -0.012490318 0.999701619 -0.020979324 -11.797527313 0.404021800 0.024237635 0.914428055 143.060272217
0.918620288 0.000401133 -0.395141393 -136.745285034 -0.009805017 0.999714375 -0.021779802 -11.827596664 0.395019263 0.023881696 0.918362200 143.978393555
0.922685504 -0.001045140 -0.385552168 -137.136505127 -0.008530992 0.999695897 -0.023125986 -11.860864639 0.385458618 0.024627119 0.922396243 144.912078857
0.927225828 -0.002418929 -0.374494910 -137.526016235 -0.007710025 0.999643624 -0.025546497 -11.894121170 0.374422669 0.026574701 0.926877022 145.864990234
0.932480037 -0.000908293 -0.361220539 -137.893402100 -0.009415520 0.999595761 -0.026819468 -11.923092842 0.361098289 0.028409658 0.932094693 146.814529419
0.938592494 0.002760045 -0.345017076 -138.263824463 -0.012450360 0.999587476 -0.025873907 -11.959802628 0.344802737 0.028580597 0.938239813 147.798370361
0.945161819 0.006381255 -0.326540500 -138.618560791 -0.014766664 0.999621451 -0.023207160 -11.997628212 0.326268286 0.026756391 0.944898248 148.803771973
0.951778591 0.009669612 -0.306633681 -138.957870483 -0.017209088 0.999611974 -0.021893935 -12.032707214 0.306302428 0.026115015 0.951575756 149.829650879
0.958391964 0.011389772 -0.285228550 -139.282745361 -0.018222058 0.999606609 -0.021311378 -12.070397377 0.284873039 0.025622057 0.958222508 150.859359741
0.964528739 0.012594897 -0.263677806 -139.578582764 -0.018604392 0.999620438 -0.020306528 -12.100443840 0.263321459 0.024491746 0.964396954 151.894744873
0.970096409 0.013196571 -0.242361456 -139.847167969 -0.018110525 0.999672711 -0.018058700 -12.132131577 0.242043316 0.021907924 0.970017910 152.971145630
0.975300133 0.015307113 -0.220353514 -140.100646973 -0.019043779 0.999708295 -0.014843330 -12.163320541 0.220061526 0.018673014 0.975307047 154.060913086
0.980057061 0.017299119 -0.197962523 -140.333999634 -0.019886553 0.999740541 -0.011089753 -12.188742638 0.197718814 0.014805333 0.980146766 155.171417236
0.984336913 0.018831525 -0.175289705 -140.543975830 -0.020634275 0.999751031 -0.008467544 -12.209003448 0.175086141 0.011951840 0.984480381 156.282730103
0.988022447 0.021065004 -0.152867511 -140.737380981 -0.022629717 0.999707580 -0.008503153 -12.238193512 0.152643144 0.011860601 0.988209903 157.423614502
0.991173267 0.020163558 -0.131032035 -140.896087646 -0.021779062 0.999703109 -0.010907900 -12.259795189 0.130772665 0.013665320 0.991317987 158.579360962
0.993723035 0.020243794 -0.110022858 -141.033264160 -0.021705965 0.999690950 -0.012108510 -12.283616066 0.109743215 0.014420604 0.993855059 159.751541138
0.995797157 0.019001756 -0.089595824 -141.146942139 -0.020013198 0.999745369 -0.010404482 -12.307880402 0.089374803 0.012153800 0.995923638 160.939605713
0.997383177 0.019459911 -0.069632009 -141.234863281 -0.020142669 0.999755383 -0.009117086 -12.329664230 0.069437020 0.010495747 0.997530878 162.130371094
0.998589218 0.019900296 -0.049230773 -141.304901123 -0.020332659 0.999758661 -0.008297921 -12.356132507 0.049053259 0.009287157 0.998752713 163.337158203
0.999355793 0.021403542 -0.028812300 -141.350326538 -0.021640290 0.999734163 -0.007931650 -12.378045082 0.028634388 0.008549995 0.999553144 164.569961548
0.999732077 0.021614354 -0.008304276 -141.367996216 -0.021677129 0.999736369 -0.007549847 -12.400409698 0.008138418 0.007727783 0.999936759 165.811386108
0.999642968 0.023816966 0.012122914 -141.363510132 -0.023718515 0.999684870 -0.008197726 -12.423127174 -0.012314819 0.007907208 0.999892592 167.063613892
0.999178171 0.024712864 0.032134037 -141.331192017 -0.024417968 0.999656141 -0.009536199 -12.447467804 -0.032359138 0.008743661 0.999437809 168.324798584
0.998365402 0.024624187 0.051579773 -141.276306152 -0.024033533 0.999638557 -0.012039684 -12.474111557 -0.051858060 0.010780304 0.998596013 169.596115112
0.997142613 0.026626473 0.070695594 -141.197647095 -0.025644684 0.999562144 -0.014758594 -12.502914429 -0.071058065 0.012903398 0.997388482 170.892150879
0.995586514 0.026774054 0.089949012 -141.094177246 -0.025378738 0.999539673 -0.016620129 -12.536727905 -0.090353042 0.014263930 0.995807409 172.184692383
0.993658900 0.026943089 0.109161288 -140.966094971 -0.024933839 0.999494314 -0.019729458 -12.574996948 -0.109638102 0.016882483 0.993827879 173.499359131
0.991384804 0.027914660 0.127972811 -140.809310913 -0.024902804 0.999375284 -0.025075022 -12.620170593 -0.128593236 0.021672059 0.991460264 174.825668335
0.988850892 0.029667277 0.145924732 -140.631484985 -0.025291342 0.999175668 -0.031752132 -12.669814110 -0.146746874 0.027707431 0.988785625 176.131210327
0.986049533 0.031456150 0.163453132 -140.424957275 -0.025755025 0.998987675 -0.036882337 -12.726848602 -0.164448261 0.032158010 0.985861063 177.459945679
0.982916653 0.033785768 0.180923998 -140.193038940 -0.026791859 0.998801470 -0.040962327 -12.793431282 -0.182091504 0.035415199 0.982643306 178.796234131
0.979428649 0.035873797 0.198577121 -139.937469482 -0.027690619 0.998654962 -0.043834478 -12.862304688 -0.199882925 0.037433952 0.979104102 180.131591797
0.975656033 0.035079606 0.216483086 -139.658767700 -0.026208261 0.998700142 -0.043715768 -12.936839104 -0.217735603 0.036977842 0.975306749 181.469482422
0.971719921 0.034349002 0.233625174 -139.345336914 -0.024683408 0.998718977 -0.044171616 -13.017131805 -0.234843552 0.037155703 0.971322417 182.819061279
0.967530429 0.034327444 0.250413001 -139.008621216 -0.022658156 0.998525202 -0.049335759 -13.095584869 -0.251737654 0.042059880 0.966880798 184.168792725
0.963074148 0.035497285 0.266886085 -138.650115967 -0.021921735 0.998317778 -0.053675607 -13.177288055 -0.268342793 0.045842912 0.962231755 185.513198853
0.958264887 0.037783168 0.283374339 -138.261032104 -0.023550009 0.998291910 -0.053467922 -13.271220207 -0.284910858 0.044562891 0.957517266 186.876953125
0.952784896 0.039894179 0.301014453 -137.851623535 -0.024658859 0.998223126 -0.054245457 -13.358233452 -0.302644014 0.044261493 0.952075124 188.241088867
0.946895242 0.043389697 0.318601400 -137.421051025 -0.026478454 0.998010218 -0.057221994 -13.449176788 -0.320450664 0.045747086 0.946159601 189.579299927
0.940853775 0.044047877 0.335937232 -136.951599121 -0.024801273 0.997806787 -0.061371181 -13.545343399 -0.337904066 0.049409576 0.939882398 190.940490723
0.934575438 0.044971958 0.352911025 -136.452911377 -0.024085196 0.997700214 -0.063356094 -13.653224945 -0.354948997 0.050711058 0.933508992 192.300933838
0.927748024 0.045434833 0.370431066 -135.946258545 -0.021482652 0.997417450 -0.068533592 -13.762248993 -0.372588515 0.055624001 0.926327765 193.626373291
0.919749022 0.048639655 0.389481544 -135.383758545 -0.021213535 0.997001827 -0.074413411 -13.885570526 -0.391933501 0.060179316 0.918022931 195.008102417
0.910536945 0.052110381 0.410130590 -134.781616211 -0.022143774 0.996747673 -0.077482983 -14.015222549 -0.412834704 0.061469197 0.908729076 196.360992432
0.899355590 0.055027932 0.433741301 -134.161483765 -0.023077976 0.996639788 -0.078589909 -14.147192955 -0.436608791 0.060670327 0.897603214 197.704467773
