1.000000000 0.000000000 0.000000000 0.000000000 0.000000000 1.000000000 0.000000000 0.000000000 0.000000000 0.000000000 1.000000000 0.000000000
0.999872983 0.001533726 0.015862430 0.009567671 -0.001518402 0.999998391 -0.000978048 -0.001213966 -0.015863905 0.000953838 0.999873698 0.128358796
0.999291956 0.004479173 0.037356246 0.025259098 -0.004460888 0.999989867 -0.000572811 -0.002168230 -0.037358433 0.000405763 0.999301851 0.272921234
0.997898996 0.005959633 0.064513870 0.053925272 -0.006023088 0.999981523 0.000789137 -0.003859673 -0.064507976 -0.001176052 0.997916520 0.434473008
0.995089591 0.005635797 0.098817997 0.094517082 -0.005959179 0.999977827 0.002977648 -0.004209042 -0.098799020 -0.003551900 0.995101094 0.608811796
0.990573287 0.002534255 0.136960536 0.154200286 -0.003250842 0.999982178 0.005008650 -0.004948199 -0.136945426 -0.005406672 0.990563989 0.793612242
0.984247506 -0.000401219 0.176795870 0.226393938 -0.000547296 0.999985695 0.005316230 -0.003573724 -0.176795512 -0.005329245 0.984233260 0.994562268
0.975391328 -0.000341880 0.220480621 0.311688870 -0.001108993 0.999978483 0.006456686 -0.000944636 -0.220478147 -0.006542306 0.975370049 1.205202579
0.963196397 -0.000028995 0.268798888 0.406353831 -0.002554211 0.999953866 0.009260454 0.004483969 -0.268786758 -0.009606203 0.963151932 1.429774523
0.948580384 -0.003760990 0.316514254 0.526359797 -0.001503778 0.999864578 0.016387679 0.004687641 -0.316533089 -0.016020995 0.948446333 1.663160801
0.931844532 -0.013404866 0.362610132 0.684872687 0.004943511 0.999693632 0.024252433 0.003038034 -0.362824142 -0.020806931 0.931625307 1.887990475
0.910307646 -0.018880567 0.413501859 0.840409994 0.007810180 0.999564707 0.028446522 0.006223328 -0.413858980 -0.022665557 0.910058796 2.113654613
0.884873450 -0.020212198 0.465392977 1.005490899 0.005737206 0.999455333 0.032498311 0.009741299 -0.465796351 -0.026086837 0.884507358 2.338266611
0.856543183 -0.022547647 0.515582561 1.189648151 0.003984266 0.999304235 0.037082836 0.012363568 -0.516059875 -0.029708834 0.856037080 2.549361944
0.824341714 -0.027892252 0.565404952 1.392819643 0.005328092 0.999123454 0.041520033 0.011984073 -0.566067398 -0.031214170 0.823767781 2.747336864
0.788359582 -0.034396399 0.614252627 1.610324740 0.008293661 0.998939216 0.045293316 0.006773010 -0.615158856 -0.030613014 0.787808478 2.930388689
0.749998033 -0.038455229 0.660321534 1.866179943 0.009016570 0.998809993 0.047926769 0.016821578 -0.661378682 -0.029991135 0.749452233 3.149431705
0.709838033 -0.041535079 0.703139424 2.140819073 0.009925785 0.998750567 0.048976768 0.029304475 -0.704294920 -0.027786355 0.709363282 3.360072136
0.667557538 -0.043394476 0.743292749 2.440675735 0.009164752 0.998703420 0.050074775 0.046429306 -0.744501770 -0.026615694 0.667089641 3.575633287
0.624800682 -0.043368638 0.779578984 2.755893230 0.004097920 0.998624504 0.052270025 0.062195808 -0.780773461 -0.029463695 0.624119043 3.788224936
0.582655370 -0.044192094 0.811517119 3.098020077 0.001226594 0.998567164 0.053497456 0.077070609 -0.812718391 -0.030175183 0.581874609 3.998971462
0.542268932 -0.045402024 0.838977516 3.478319645 -0.000733441 0.998512983 0.054509487 0.095185935 -0.840204656 -0.030174140 0.541429162 4.207365036
0.503481507 -0.047609989 0.862693429 3.883862495 -0.002199226 0.998406708 0.056383211 0.112271041 -0.864003181 -0.030285159 0.502574682 4.410673141
0.466091782 -0.047370870 0.883467376 4.311266899 -0.005285847 0.998398602 0.056322068 0.130208015 -0.884720504 -0.030921131 0.465095043 4.608236790
0.429621518 -0.046790157 0.901796222 4.766875267 -0.006159062 0.998481512 0.054740958 0.149795890 -0.902988076 -0.029072111 0.428680897 4.797811508
0.396240443 -0.045533165 0.917017221 5.243364334 -0.004836064 0.998652101 0.051676285 0.169530392 -0.918134034 -0.024910994 0.395486176 4.976015568
0.366571814 -0.043790720 0.929358780 5.764783382 -0.002759976 0.998836100 0.048153084 0.193306670 -0.930385649 -0.020216579 0.366024375 5.156183243
0.341170073 -0.041964516 0.939064562 6.309637547 -0.001593546 0.998975694 0.045220755 0.217427120 -0.940000176 -0.016924415 0.340753794 5.335579395
0.320894003 -0.041368976 0.946211338 6.875018597 -0.000551993 0.999037206 0.043865759 0.241407305 -0.947114885 -0.014598566 0.320562214 5.515849590
0.306117624 -0.041957617 0.951068819 7.471142292 0.000356059 0.999033213 0.043959029 0.264276922 -0.951993585 -0.013118004 0.305836618 5.700982094
0.294422239 -0.043488983 0.954685450 8.090520859 0.001354337 0.998981953 0.045089148 0.286960542 -0.955674469 -0.011982293 0.294181436 5.887048244
0.283472568 -0.045384914 0.957905889 8.743803978 0.000084965 0.998880565 0.047301125 0.312694430 -0.958980322 -0.013327193 0.283159137 6.077347279
0.272854418 -0.047096498 0.960901976 9.412449837 -0.001406664 0.998780310 0.049352445 0.340103447 -0.962054312 -0.014817709 0.272455394 6.267807484
0.262772828 -0.048914202 0.963617086 10.108084679 -0.002258313 0.998680115 0.051309861 0.368947089 -0.964855015 -0.015658999 0.262315542 6.455158234
0.252647698 -0.050736532 0.966227233 10.830179214 -0.003348877 0.998572290 0.053310622 0.400088668 -0.967552543 -0.016704591 0.252117097 6.640461445
0.242335141 -0.052358963 0.968778729 11.566455841 -0.003542736 0.998488188 0.054850847 0.430418611 -0.970186114 -0.016724419 0.241783306 6.819074631
0.231888294 -0.053643513 0.971262157 12.331162453 -0.003688721 0.998422503 0.056024276 0.465105802 -0.972735465 -0.016574096 0.231324643 7.000784874
0.221354365 -0.056496400 0.973555565 13.109224319 -0.005085247 0.998239994 0.059085067 0.500555933 -0.975180209 -0.018029518 0.220677495 7.176436901
0.210102826 -0.060148522 0.975827336 13.897112846 -0.006846569 0.997990668 0.062988751 0.538742423 -0.977655292 -0.019915191 0.209268898 7.342994213
0.198165178 -0.064199105 0.978063941 14.687805176 -0.007669176 0.997720540 0.067043193 0.572625816 -0.980138659 -0.020786582 0.197221130 7.496727943
0.185215652 -0.066759966 0.980427623 15.478356361 -0.008496506 0.997543573 0.069530532 0.605324149 -0.982661068 -0.021208355 0.184193447 7.643678665
0.171117321 -0.067380399 0.982944071 16.286996841 -0.008865774 0.997512937 0.069922514 0.645470083 -0.985210598 -0.020679515 0.170094386 7.781886101
0.156607464 -0.066438466 0.985423863 17.099245071 -0.010286691 0.997571051 0.068892226 0.686732948 -0.987607181 -0.020925792 0.155543625 7.910488129
0.139781728 -0.065442853 0.988017440 17.913293839 -0.010867534 0.997652054 0.067618497 0.727461457 -0.990122557 -0.020189153 0.138742313 8.025570869
0.119060636 -0.063891478 0.990829170 18.740322113 -0.013598166 0.997728944 0.065970346 0.767925024 -0.992793679 -0.021327935 0.117921412 8.127367020
0.092793323 -0.062619790 0.993714333 19.563257217 -0.018382676 0.997742474 0.064590193 0.806583464 -0.995515525 -0.024260672 0.091432698 8.212771416
0.062213704 -0.062163427 0.996125102 20.400543213 -0.022511482 0.997717083 0.063668728 0.845215261 -0.997808874 -0.026385332 0.060672276 8.266620636
0.028516196 -0.062035061 0.997666538 21.236486435 -0.025940657 0.997690260 0.062777974 0.882032871 -0.999256551 -0.027670320 0.026841089 8.294127464
-0.006425671 -0.061536130 0.998084128 22.078308105 -0.027938526 0.997726202 0.061334159 0.915895462 -0.999588847 -0.027490895 -0.008130297 8.291990280
-0.041079514 -0.060384944 0.997329593 22.923866272 -0.029291272 0.997815907 0.059207853 0.949531198 -0.998726308 -0.026780833 -0.042758554 8.260507584
-0.074269742 -0.058681644 0.995510161 23.765357971 -0.031806044 0.997898698 0.056449525 0.979251206 -0.996730685 -0.027470762 -0.075980119 8.199248314
-0.107008107 -0.055822551 0.992689848 24.608972549 -0.034354798 0.998033941 0.052419722 1.008621216 -0.993664265 -0.028494334 -0.108715504 8.108665466
-0.139616594 -0.051158600 0.988883138 25.443418503 -0.031793445 0.998381078 0.047161132 1.035712719 -0.989694953 -0.024855537 -0.141017109 7.984006882
-0.171035022 -0.045128647 0.984230876 26.274209976 -0.026958937 0.998790741 0.041111417 1.058431983 -0.984895825 -0.019502342 -0.172044843 7.824169636
-0.201200396 -0.038567528 0.978790581 27.100240707 -0.020561211 0.999170661 0.035143979 1.077822804 -0.979334116 -0.013054146 -0.201826528 7.635921001
-0.230055273 -0.032452837 0.972636342 27.911487579 -0.014945254 0.999443769 0.029812291 1.093170881 -0.973062694 -0.007677835 -0.230412275 7.426668644
-0.258019298 -0.026138311 0.965786219 28.729799271 -0.006616178 0.999658287 0.025287427 1.102288723 -0.966116965 0.000134816 -0.258104056 7.189807415
-0.284235001 -0.015509743 0.958629251 29.531803131 -0.000876449 0.999872863 0.015917130 1.102551937 -0.958754063 0.003684000 -0.284212410 6.936431408
-0.309323639 0.000313496 0.950956881 30.322006226 0.003951638 0.999991655 0.000955684 1.093878508 -0.950948477 0.004053435 -0.309322238 6.662991524
-0.334076911 0.018178744 0.942370534 31.087997437 0.005517389 0.999834538 -0.017331330 1.079821825 -0.942529559 -0.000590587 -0.334121883 6.384666443
-0.359294713 0.033474252 0.932623744 31.866363525 0.005959915 0.999418318 -0.033575650 1.055637598 -0.933204889 -0.006505210 -0.359285086 6.080321312
-0.383669019 0.043847959 0.922429204 32.633617401 0.009723295 0.999008477 -0.043443974 1.013696074 -0.923419237 -0.007699071 -0.383714974 5.752343178
-0.407108426 0.048016779 0.912117004 33.397865295 0.012781891 0.998818815 -0.046876103 0.964237332 -0.913290143 -0.007425094 -0.407241315 5.400547981
-0.429427803 0.047793388 0.901835918 34.152862549 0.016492587 0.998847067 -0.045081317 0.913617730 -0.902950346 -0.004485580 -0.429720879 5.030157089
-0.449524641 0.043497209 0.892208457 34.895866394 0.020044029 0.999053240 -0.038607325 0.861541390 -0.893042862 0.000528491 -0.449970871 4.643306732
-0.467331916 0.042396363 0.883064985 35.638221741 0.027861992 0.999059439 -0.033220347 0.812766016 -0.883642673 0.009079000 -0.468073428 4.236767769
-0.480994076 0.042824831 0.875677526 36.353599548 0.030064123 0.999024332 -0.032343440 0.768198013 -0.876208067 0.010769452 -0.481812209 3.832495689
-0.492098153 0.047096755 0.869265079 37.056121826 0.034049470 0.998812497 -0.034839988 0.725149989 -0.869873405 0.012453303 -0.493117243 3.427316666
-0.501778364 0.049685765 0.863568306 37.750755310 0.035235103 0.998694181 -0.036986884 0.678972602 -0.864278197 0.011868678 -0.502873719 3.017202377
-0.512419522 0.049064178 0.857332706 38.445186615 0.029291319 0.998783886 -0.039652180 0.631740332 -0.858235478 0.004793833 -0.513233423 2.608541489
-0.523548484 0.047655959 0.850662351 39.137371063 0.028792217 0.998853683 -0.038237538 0.584075689 -0.851509035 0.004473224 -0.524320364 2.185066223
-0.532156348 0.049102820 0.845221341 39.816066742 0.030833468 0.998778343 -0.038610775 0.542799115 -0.846084237 0.005514113 -0.533020258 1.749565125
-0.539195299 0.052374966 0.840550900 40.490745544 0.034048129 0.998603880 -0.040382195 0.500041485 -0.841492057 0.006845272 -0.540225804 1.307867050
-0.542666912 0.055243023 0.838129580 41.174934387 0.034980092 0.998455405 -0.043161802 0.458153248 -0.839219034 0.005895346 -0.543761075 0.864345551
-0.542359233 0.057465043 0.838179410 41.891361237 0.034768492 0.998338401 -0.045947894 0.414878726 -0.839426756 0.004221950 -0.543455899 0.401117325
-0.539005518 0.057652287 0.840327203 42.622638702 0.036744062 0.998314381 -0.044922840 0.366596460 -0.841500163 0.006663339 -0.540215254 -0.069095612
-0.533133030 0.056530107 0.844141066 43.371681213 0.034890827 0.998385251 -0.044823565 0.317536950 -0.845311403 0.005555826 -0.534244537 -0.537536621
-0.526222229 0.055188425 0.848554611 44.134628296 0.032739259 0.998466551 -0.044635545 0.269889951 -0.849716365 0.004292796 -0.527222157 -1.004138947
-0.519079804 0.054758638 0.852970243 44.909934998 0.031097544 0.998494804 -0.045176409 0.222269654 -0.854159713 0.003075085 -0.520001292 -1.470861435
-0.512744129 0.053098727 0.856898129 45.713409424 0.028140923 0.998588562 -0.045040030 0.167243481 -0.858079910 0.001019861 -0.513514698 -1.945510864
-0.508521080 0.050616566 0.859560907 46.526840210 0.023543434 0.998714626 -0.044882461 0.114120126 -0.860727370 -0.002586698 -0.509059131 -2.415752411
-0.507057190 0.048076857 0.860570967 47.364360809 0.019511243 0.998827279 -0.044304546 0.063219666 -0.861691415 -0.005674157 -0.507400513 -2.900024414
-0.507488012 0.045531247 0.860455394 48.211277008 0.016399538 0.998932242 -0.043186542 0.010782242 -0.861502349 -0.007805621 -0.507692814 -3.390415192
-0.508342266 0.044611689 0.859999180 49.069583893 0.015386611 0.998968124 -0.042725649 -0.040508270 -0.861017346 -0.008486816 -0.508504212 -3.892753601
-0.508792520 0.043890189 0.859770000 49.923770905 0.015203966 0.999001741 -0.042000465 -0.093381763 -0.860754728 -0.008297642 -0.508951843 -4.394832611
-0.509041905 0.043614917 0.859636426 50.790069580 0.015532514 0.999017954 -0.041488968 -0.146647453 -0.860601366 -0.007767338 -0.509219468 -4.903255463
-0.508984208 0.042817540 0.859710693 51.676330566 0.015650736 0.999056995 -0.040491793 -0.199699283 -0.860633373 -0.007154610 -0.509174287 -5.426567078
-0.509046316 0.042493831 0.859690011 52.565631866 0.015155565 0.999067962 -0.040409204 -0.255528450 -0.860605478 -0.007541103 -0.509215891 -5.949335098
-0.509180129 0.040876444 0.859689057 53.470291138 0.013570096 0.999128401 -0.039469182 -0.313079715 -0.860552847 -0.008430892 -0.509290993 -6.479972839
-0.509169102 0.040116735 0.859731436 54.358524323 0.012898546 0.999156356 -0.038983557 -0.369957566 -0.860569596 -0.008759967 -0.509257019 -6.999319077
-0.508569598 0.039561406 0.860112011 55.224365234 0.012187164 0.999174297 -0.038751662 -0.424162030 -0.860934258 -0.009225621 -0.508631766 -7.506946564
-0.507336438 0.037979510 0.860911131 56.121421814 0.011724030 0.999239862 -0.037173007 -0.481703043 -0.861667991 -0.008765908 -0.507396102 -8.027711868
-0.505187392 0.035899211 0.862263083 57.014869690 0.012167824 0.999331117 -0.034476962 -0.539789438 -0.862923563 -0.006925493 -0.505286276 -8.549215317
-0.502837062 0.034545437 0.863691032 57.909294128 0.012481664 0.999386787 -0.032706205 -0.594147444 -0.864290774 -0.005665625 -0.502959847 -9.064109802
-0.500535905 0.034438148 0.865030944 58.801990509 0.012858638 0.999393642 -0.032346942 -0.645230770 -0.865620017 -0.005067720 -0.500675261 -9.574464798
-0.498504579 0.034358971 0.866206229 59.736129761 0.012857472 0.999397099 -0.032242663 -0.706007600 -0.866791368 -0.004935931 -0.498645753 -10.106889725
-0.497569025 0.035003707 0.866718233 60.624679565 0.012946366 0.999373555 -0.032928951 -0.757802606 -0.867327392 -0.005163609 -0.497710466 -10.613586426
-0.498352230 0.036224555 0.866217971 61.512187958 0.012345428 0.999321640 -0.034688339 -0.815022349 -0.866886377 -0.006593212 -0.498461336 -11.121213913
-0.501163125 0.038201690 0.864509702 62.390743256 0.011239313 0.999227941 -0.037639283 -0.867705822 -0.865279496 -0.009146959 -0.501205444 -11.625413895
-0.505793214 0.038703676 0.861786485 63.270626068 0.010064776 0.999189496 -0.038967505 -0.925057411 -0.862595677 -0.011035842 -0.505772769 -12.134231567
-0.511313438 0.037245262 0.858587325 64.151168823 0.011249055 0.999264538 -0.036648724 -0.979866028 -0.859320283 -0.009080722 -0.511356354 -12.651912689
-0.516768932 0.034969721 0.855410933 65.019805908 0.012533916 0.999367058 -0.033282831 -1.035518646 -0.856032729 -0.006477918 -0.516880095 -13.175939560
-0.522097468 0.032513857 0.852266312 65.880470276 0.009838957 0.999435842 -0.032101080 -1.089373827 -0.852828622 -0.008374513 -0.522122741 -13.694746017
-0.527014375 0.035745215 0.849104762 66.730682373 0.011919530 0.999327362 -0.034671172 -1.143786907 -0.849772453 -0.008151310 -0.527085900 -14.222171783
-0.532129347 0.037054576 0.845852315 67.581100464 0.012084546 0.999272108 -0.036173120 -1.199192286 -0.846576452 -0.009027070 -0.532189727 -14.752056122
-0.536699474 0.038591776 0.842890978 68.405593872 0.011626114 0.999196529 -0.038345516 -1.249379635 -0.843692958 -0.010780505 -0.536716938 -15.273212433
-0.540416062 0.038528226 0.840515852 69.233863831 0.010256231 0.999178112 -0.039206851 -1.305426002 -0.841334999 -0.012567517 -0.540367007 -15.800731659
-0.543645859 0.038133431 0.838448524 70.059181213 0.011774467 0.999215186 -0.037810802 -1.362402081 -0.839231730 -0.010683434 -0.543668091 -16.335721970
-0.546021998 0.031290218 0.837186754 70.882705688 0.012615440 0.999495625 -0.029128719 -1.410529256 -0.837675393 -0.005343476 -0.546141386 -16.873079300
-0.548255861 0.022314290 0.836013377 71.714370728 0.011769288 0.999750435 -0.018966435 -1.457815289 -0.836227417 -0.000559208 -0.548381686 -17.414804459
-0.549583972 0.021730969 0.835156322 72.535911560 0.014299199 0.999759436 -0.016604289 -1.502667785 -0.835315704 0.002816575 -0.549762547 -17.960176468
-0.550696194 0.026153330 0.834296525 73.337356567 0.013995336 0.999657393 -0.022099148 -1.537233114 -0.834587932 -0.000493695 -0.550873578 -18.485130310
-0.551810741 0.032665797 0.833329797 74.135108948 0.016103381 0.999463201 -0.028514866 -1.578776002 -0.833813369 -0.002315424 -0.552040637 -19.014680862
-0.552206814 0.036174320 0.832922637 74.939178467 0.021172576 0.999344051 -0.029365273 -1.619671345 -0.833437860 0.001419371 -0.552610457 -19.555902481
-0.552126050 0.037280586 0.832927346 75.731437683 0.024351245 0.999294281 -0.028585169 -1.664749622 -0.833404541 0.004500157 -0.552644134 -20.086269379
-0.551629663 0.033891194 0.833400846 76.525100708 0.023575699 0.999408007 -0.025037311 -1.712640524 -0.833755493 0.005836641 -0.552102208 -20.609376907
-0.550945640 0.029106360 0.834034026 77.326049805 0.022200141 0.999548495 -0.020217642 -1.747286797 -0.834245324 0.007376808 -0.551343262 -21.134885788
-0.550190687 0.022291671 0.834741950 78.126281738 0.019169992 0.999716818 -0.014062135 -1.786163688 -0.834818482 0.008265100 -0.550462425 -21.656833649
-0.549769878 0.016436150 0.835155070 78.926513672 0.010708161 0.999862432 -0.012628688 -1.821055651 -0.835247099 0.002000066 -0.549870312 -22.163251877
-0.548510492 0.010963327 0.836072326 79.736137390 0.002955293 0.999932706 -0.011173224 -1.847267151 -0.836138010 -0.003657825 -0.548506141 -22.669944763
-0.546284854 0.011850388 0.837516069 80.525329590 0.006413607 0.999929249 -0.009965112 -1.877065182 -0.837574303 -0.000072323 -0.546322405 -23.186395645
-0.543212593 0.015029058 0.839461088 81.316062927 0.010493753 0.999882758 -0.011110703 -1.909336805 -0.839529097 0.002773588 -0.543306768 -23.700853348
-0.537950993 0.018258467 0.842778802 82.107154846 0.012794363 0.999826550 -0.013494179 -1.935638189 -0.842878401 0.003523575 -0.538091481 -24.203332901
-0.529964507 0.020606000 0.847769856 82.894653320 0.017851846 0.999753773 -0.013140507 -1.963347912 -0.847831249 0.008170213 -0.530202091 -24.703035355
-0.521781385 0.024046019 0.852740765 83.698402405 0.025889419 0.999588013 -0.012345541 -1.999799728 -0.852685869 0.015635243 -0.522189140 -25.204727173
-0.511858046 0.022970065 0.858763337 84.505531311 0.023248948 0.999646187 -0.012881111 -2.024924517 -0.858754754 0.013372000 -0.512211204 -25.680494308
-0.501182139 0.020681191 0.865095079 85.323867798 0.021419153 0.999704003 -0.011490324 -2.051051378 -0.865075946 0.012770812 -0.501477063 -26.142469406
-0.489655316 0.017457295 0.871741712 86.138732910 0.021791898 0.999731719 -0.007779991 -2.077473640 -0.871643126 0.015187351 -0.489904732 -26.596643448
-0.478470474 0.016792513 0.877943456 86.954132080 0.021317577 0.999744058 -0.007504394 -2.101522207 -0.877844095 0.015124955 -0.478706360 -27.035858154
-0.466473460 0.016085725 0.884389281 87.772010803 0.022428112 0.999727726 -0.006353850 -2.124675274 -0.884250164 0.016871238 -0.466707498 -27.467197418
-0.454393297 0.017135249 0.890636802 88.587493896 0.023434799 0.999698341 -0.007277389 -2.146487236 -0.890492082 0.017565059 -0.454658210 -27.883602142
-0.442248642 0.020986034 0.896647394 89.412902832 0.023359219 0.999656081 -0.011875657 -2.178678751 -0.896587491 0.015692946 -0.442587197 -28.287467957
-0.430484563 0.030122079 0.902095616 90.245918274 0.025642136 0.999447107 -0.021136262 -2.201740026 -0.902232885 0.014032774 -0.431019425 -28.686277390
-0.417984426 0.034536518 0.907797873 91.084541321 0.024991108 0.999335587 -0.026512204 -2.231823921 -0.908109605 0.011605139 -0.418570220 -29.067575455
-0.407050818 0.030234613 0.912905335 91.935501099 0.018961489 0.999515712 -0.024648482 -2.260404825 -0.913207829 0.007276815 -0.407427430 -29.429687500
-0.394677937 0.026997501 0.918423116 92.793167114 0.020531148 0.999577165 -0.020560173 -2.303886890 -0.918589473 0.010741592 -0.395065814 -29.798110962
-0.384974003 0.027712630 0.922511578 93.640686035 0.017704211 0.999586344 -0.022639876 -2.342873096 -0.922756851 0.007616539 -0.385305852 -30.143247604
-0.378087908 0.032062668 0.925214648 94.479873657 0.013002813 0.999484777 -0.029322915 -2.385495424 -0.925677717 0.000943711 -0.378310531 -30.471868515
-0.373093039 0.037009209 0.927055895 95.317626953 0.007278020 0.999289453 -0.036963880 -2.426088095 -0.927764654 -0.007043876 -0.373097748 -30.797086716
-0.369856447 0.038733177 0.928281486 96.179779053 0.003704597 0.999183536 -0.040215634 -2.473666191 -0.929080844 -0.011435148 -0.369698405 -31.121471405
-0.366150051 0.038368348 0.929764807 97.027839661 0.002256442 0.999182582 -0.040344447 -2.527088642 -0.930552363 -0.012674202 -0.365937829 -31.445217133
-0.361252159 0.038459092 0.931675017 97.880935669 0.001705896 0.999174058 -0.040584024 -2.576942921 -0.932465851 -0.013071766 -0.361019850 -31.768632889
-0.355110645 0.034157421 0.934200406 98.734825134 -0.001041047 0.999316454 -0.036934063 -2.628383636 -0.934822917 -0.014088266 -0.354832917 -32.091220856
-0.350015283 0.029988997 0.936264277 99.616645813 -0.003030086 0.999445319 -0.033145547 -2.677868366 -0.936738372 -0.014438444 -0.349730760 -32.407630920
-0.344385713 0.026640533 0.938450515 100.524444580 -0.006089462 0.999512255 -0.030608654 -2.723729134 -0.938807726 -0.016255876 -0.344056070 -32.730613708
-0.338115603 0.025296984 0.940764844 101.437309265 -0.012478447 0.999429584 -0.031359334 -2.763858557 -0.941021085 -0.022342397 -0.337607592 -33.063816071
-0.332055539 0.025333880 0.942920029 102.289703369 -0.019607287 0.999237120 -0.033751875 -2.806550503 -0.943055332 -0.029695628 -0.331306040 -33.341812134
-0.325115860 0.029618602 0.945210576 103.143676758 -0.017606944 0.999145925 -0.037364848 -2.853011608 -0.945509553 -0.028790208 -0.324317276 -33.633331299
-0.318133354 0.032951079 0.947473526 103.993339539 -0.015409331 0.999083340 -0.039920017 -2.901073456 -0.947919965 -0.027299860 -0.317334563 -33.915874481
-0.311573714 0.030924879 0.949719012 104.844543457 -0.016371919 0.999146521 -0.037905533 -2.948858738 -0.950080156 -0.027359124 -0.310802072 -34.190479279
-0.304370880 0.026113378 0.952195883 105.712768555 -0.016518317 0.999328494 -0.032686118 -2.996976376 -0.952409506 -0.025677403 -0.303735733 -34.466018677
-0.297317177 0.023460409 0.954490840 106.577003479 -0.017881319 0.999385118 -0.030133832 -3.041949511 -0.954610527 -0.026026884 -0.296715468 -34.728729248
-0.290934771 0.026858080 0.956366181 107.442108154 -0.019608090 0.999227822 -0.034026787 -3.082844496 -0.956541121 -0.028652117 -0.290184110 -34.981613159
-0.284640551 0.029388787 0.958184004 108.310394287 -0.019263500 0.999152124 -0.036367852 -3.132163048 -0.958439887 -0.028809777 -0.283833653 -35.225692749
-0.277981967 0.029708534 0.960127056 109.158042908 -0.022016862 0.999061286 -0.037287757 -3.180659771 -0.960333169 -0.031504340 -0.277067512 -35.458263397
-0.271464765 0.028480254 0.962027192 110.045120239 -0.024003528 0.999050021 -0.036349658 -3.233491421 -0.962148249 -0.032959733 -0.270523816 -35.684280396
-0.263674974 0.028262282 0.964197755 110.918663025 -0.020292362 0.999186158 -0.034837168 -3.280737638 -0.964397490 -0.028751569 -0.262887418 -35.917449951
-0.256078213 0.029259294 0.966213405 111.780860901 -0.017955059 0.999224603 -0.035017680 -3.328487158 -0.966488600 -0.026315715 -0.255354851 -36.144138336
-0.249608785 0.029739207 0.967890382 112.650321960 -0.017179659 0.999234200 -0.035132784 -3.374992132 -0.968193591 -0.025397504 -0.248907238 -36.360092163
-0.242341384 0.028783891 0.969764292 113.498252869 -0.022616995 0.999119818 -0.035307173 -3.419662237 -0.969926655 -0.030489575 -0.241477609 -36.568836212
-0.235998183 0.027315406 0.971369803 114.354415894 -0.025909528 0.999071896 -0.034389276 -3.464998960 -0.971407354 -0.033283580 -0.235072002 -36.776618958
-0.231341347 0.027402205 0.972486973 115.223838806 -0.023200884 0.999162912 -0.033673085 -3.510814667 -0.972595274 -0.030352568 -0.230512485 -36.979850769
-0.226801157 0.028218776 0.973532438 116.108940125 -0.021520359 0.999190271 -0.033976074 -3.553069115 -0.973702669 -0.028656621 -0.226010740 -37.181076050
-0.222159475 0.029331638 0.974569201 116.979919434 -0.020678462 0.999180138 -0.034786183 -3.597947598 -0.974790394 -0.027880721 -0.221371338 -37.374713898
-0.216739520 0.028638715 0.975809634 117.864051819 -0.013352226 0.999388397 -0.032296468 -3.649292231 -0.976137519 -0.020029191 -0.216225147 -37.564270020
-0.211063564 0.027662935 0.977081120 118.756423950 -0.004829498 0.999557018 -0.029342553 -3.695666313 -0.977459729 -0.010911994 -0.210837051 -37.769264221
-0.206200361 0.026707036 0.978145540 119.632133484 -0.003016798 0.999604642 -0.027928961 -3.740841866 -0.978504419 -0.008709869 -0.206038848 -37.955043793
-0.202024266 0.028458085 0.978967249 120.503135681 -0.004455579 0.999539971 -0.029975649 -3.780606747 -0.979369640 -0.010417715 -0.201805130 -38.128810883
-0.198510796 0.030217919 0.979633033 121.376754761 -0.006105529 0.999466300 -0.032066960 -3.820413589 -0.980078995 -0.012346855 -0.198220983 -38.298015594
-0.197200581 0.029179526 0.979929090 122.251625061 -0.008075677 0.999473929 -0.031386707 -3.872304916 -0.980329156 -0.014103107 -0.196861789 -38.455650330
-0.196527451 0.027908791 0.980101347 123.120956421 -0.008444699 0.999508858 -0.030154781 -3.915455341 -0.980461359 -0.014202943 -0.196195841 -38.616226196
-0.195210874 0.023581009 0.980477989 123.998901367 -0.006968735 0.999651611 -0.025429644 -3.952929974 -0.980735958 -0.011796871 -0.194979116 -38.793582916
-0.194013402 0.018743590 0.980820060 124.873687744 -0.007368817 0.999760687 -0.020563198 -3.988397121 -0.980970621 -0.011217054 -0.193829447 -38.966140747
-0.193141207 0.015754651 0.981044769 125.746269226 -0.006994069 0.999822855 -0.017433200 -4.040971279 -0.981145322 -0.010228596 -0.192997426 -39.131191254
-0.193774596 0.020300822 0.980836332 126.586898804 -0.005038124 0.999751329 -0.021687698 -4.087119102 -0.981032491 -0.009144134 -0.193624735 -39.264877319
-0.193867162 0.023776047 0.980739951 127.444221497 -0.003419503 0.999683022 -0.024911277 -4.135884762 -0.981021166 -0.008183159 -0.193725049 -39.418914795
-0.193951264 0.022962825 0.980742812 128.300598145 -0.006535639 0.999672830 -0.024698582 -4.169211388 -0.980988801 -0.011200139 -0.193738386 -39.578662872
-0.193271056 0.022156617 0.980895579 129.162780762 -0.008370205 0.999670565 -0.024229983 -4.207190514 -0.981109083 -0.012893287 -0.193022594 -39.744613647
-0.192674607 0.022942750 0.980994761 130.030792236 -0.003949617 0.999699652 -0.024155984 -4.245206833 -0.981254101 -0.008528834 -0.192526713 -39.918426514
-0.191647097 0.025573809 0.981131017 130.845825195 -0.006257534 0.999607563 -0.027277760 -4.273003578 -0.981443226 -0.011367204 -0.191412508 -40.074302673
-0.191768199 0.026673682 0.981078029 131.704116821 -0.011735050 0.999496102 -0.029468292 -4.322216511 -0.981369436 -0.017164122 -0.191359177 -40.227104187
-0.191370532 0.028099921 0.981115878 132.540756226 -0.017582372 0.999330819 -0.032051165 -4.363039970 -0.981359720 -0.023384031 -0.190749049 -40.375156403
-0.190944776 0.031690814 0.981089413 133.364883423 -0.014903541 0.999269128 -0.035178699 -4.404519558 -0.981487036 -0.021338936 -0.190333530 -40.532119751
-0.190379366 0.032860115 0.981160820 134.202072144 -0.013089377 0.999265075 -0.036006279 -4.450727940 -0.981622815 -0.019697677 -0.189809933 -40.691059113
-0.189224944 0.033451770 0.981364191 134.980621338 -0.016117580 0.999178350 -0.037166808 -4.493262768 -0.981800914 -0.022850143 -0.188530937 -40.823074341
-0.187710240 0.032516129 0.981686532 135.796066284 -0.007181778 0.999379039 -0.034475446 -4.543130875 -0.982197523 -0.013521692 -0.187360793 -40.975234985
-0.184335515 0.029550269 0.982419431 136.616241455 -0.002809122 0.999527335 -0.030591987 -4.583577633 -0.982858717 -0.008398968 -0.184165984 -41.132572174
-0.182930186 0.024523007 0.982820392 137.431579590 -0.000361206 0.999686420 -0.025011119 -4.623585224 -0.983125150 -0.004930329 -0.182864577 -41.276348114
-0.180757329 0.024355471 0.983226478 138.194732666 -0.003205631 0.999672830 -0.025352232 -4.649913788 -0.983521819 -0.007734501 -0.180620760 -41.384693146
-0.176971957 0.028610382 0.983800352 138.971420288 -0.006194171 0.999524593 -0.030181952 -4.694341183 -0.984195650 -0.011435228 -0.176711246 -41.495346069
-0.173163429 0.032233153 0.984365821 139.726181030 -0.008414812 0.999378622 -0.034205083 -4.735047817 -0.984856486 -0.014206368 -0.172785297 -41.570808411
-0.164900631 0.033000041 0.985758305 140.541061401 -0.008245934 0.999358296 -0.034834780 -4.769780636 -0.986275136 -0.013872818 -0.164523393 -41.703193665
-0.155422211 0.028699517 0.987431526 141.353897095 -0.006767810 0.999522686 -0.030116254 -4.810113907 -0.987824321 -0.011363524 -0.155154482 -41.825874329
-0.142912835 0.027237125 0.989360690 142.148254395 -0.001165484 0.999615192 -0.027687827 -4.855971813 -0.989733994 -0.005110073 -0.142826810 -41.949993134
-0.128332675 0.030246723 0.991270125 142.967987061 0.001993934 0.999539912 -0.030240964 -4.885552406 -0.991728544 -0.001904420 -0.128334627 -42.070220947
-0.114699431 0.031057622 0.992915094 143.739089966 0.002046606 0.999515712 -0.031027718 -4.924627304 -0.993397415 -0.001526801 -0.114708155 -42.146064758
-0.100969665 0.031091034 0.994403899 144.540283203 0.003626435 0.999515712 -0.030882685 -4.963013172 -0.994882226 0.000487881 -0.101034194 -42.223003387
-0.087649547 0.033155680 0.995599806 145.333877563 0.003267681 0.999449372 -0.032996252 -4.998234749 -0.996145368 0.000361149 -0.087710321 -42.285346985
-0.073357254 0.039033644 0.996541917 146.133956909 0.001824339 0.999236643 -0.039004944 -5.049644470 -0.997303426 -0.001043316 -0.073373161 -42.344539642
-0.059640724 0.047970369 0.997067034 146.900161743 -0.004243960 0.998822689 -0.048308749 -5.096613407 -0.998210251 -0.007112737 -0.059367642 -42.387748718
-0.046098493 0.055714741 0.997382343 147.650177002 -0.007602845 0.998394132 -0.056122709 -5.147753716 -0.998907328 -0.010170178 -0.045601591 -42.404865265
-0.032815322 0.056342814 0.997872472 148.434768677 -0.007592642 0.998366117 -0.056620426 -5.197504997 -0.999431968 -0.009434570 -0.032334641 -42.426139832
-0.021345658 0.052489333 0.998393834 149.211380005 -0.011427204 0.998542011 -0.052741490 -5.251426697 -0.999706209 -0.012534711 -0.020715460 -42.426631927
-0.010896757 0.050278392 0.998676240 149.976852417 -0.016190546 0.998594582 -0.050450984 -5.304504395 -0.999808848 -0.016718924 -0.010068141 -42.416172028
-0.002660494 0.057381980 0.998349190 150.715927124 -0.025159368 0.998031616 -0.057430830 -5.344233990 -0.999679267 -0.025270689 -0.001212295 -42.394519806
0.005083910 0.064916462 0.997878134 151.479568481 -0.024871033 0.997589290 -0.064771026 -5.406572819 -0.999677122 -0.024489032 0.006685464 -42.399833679
0.007901462 0.067978680 0.997655869 152.241638184 -0.027805645 0.997315049 -0.067735277 -5.457804680 -0.999581456 -0.027205322 0.009769710 -42.381568909
0.007590243 0.063384585 0.997960746 153.004699707 -0.030170089 0.997548401 -0.063128985 -5.515942097 -0.999515355 -0.029629463 0.009483224 -42.363655090
0.005848617 0.059126630 0.998233795 153.755477905 -0.032113060 0.997745872 -0.058909640 -5.579087734 -0.999466598 -0.031711861 0.007733441 -42.353698730
0.003096091 0.056191642 0.998415589 154.492721558 -0.030674880 0.997954667 -0.056070641 -5.635030746 -0.999524057 -0.030452736 0.004812701 -42.351642609
0.000167287 0.056730229 0.998389900 155.247161865 -0.029109724 0.997965932 -0.056701317 -5.684185028 -0.999575675 -0.029053431 0.001817620 -42.350570679
-0.003464507 0.056740399 0.998383343 155.995864868 -0.027597846 0.998002470 -0.056814581 -5.739701271 -0.999612629 -0.027750125 -0.001892401 -42.351524353
-0.008216484 0.055157989 0.998444259 156.749191284 -0.028401578 0.998061061 -0.055370606 -5.797009468 -0.999562204 -0.028812405 -0.006634706 -42.353176117
-0.013502563 0.055354968 0.998375833 157.483825684 -0.029001195 0.998023868 -0.055727750 -5.848778725 -0.999487698 -0.029706614 -0.011871248 -42.358299255
-0.020081747 0.053394128 0.998372018 158.206283569 -0.029482661 0.998106301 -0.053973012 -5.901285648 -0.999363005 -0.030518591 -0.018470243 -42.353946686
-0.026389537 0.050513510 0.998375177 158.936096191 -0.026376819 0.998338699 -0.051208943 -5.960543633 -0.999303222 -0.027685395 -0.025014035 -42.363113403
-0.031785496 0.050520975 0.998217523 159.674118042 -0.027026722 0.998312175 -0.051386431 -6.008913994 -0.999128699 -0.028611947 -0.030367155 -42.382164001
-0.037355512 0.051865201 0.997955680 160.407333374 -0.028751550 0.998182237 -0.052953266 -6.057106972 -0.998887897 -0.030670924 -0.035797127 -42.401264191
-0.041274760 0.054033805 0.997686207 161.137130737 -0.029116523 0.998046577 -0.055257972 -6.112125874 -0.998722970 -0.031329971 -0.039621584 -42.427211761
-0.043701783 0.056219682 0.997461975 161.862823486 -0.028702281 0.997931778 -0.057503760 -6.166601658 -0.998631835 -0.031142510 -0.041998480 -42.455883026
-0.045142516 0.057891831 0.997302234 162.575241089 -0.025721367 0.997920215 -0.059092041 -6.215990067 -0.998648822 -0.028319603 -0.043560304 -42.489471436
-0.044453327 0.056427911 0.997417152 163.294586182 -0.022215953 0.998099864 -0.057456754 -6.267329216 -0.998763919 -0.024712775 -0.043115996 -42.520999908
-0.040328782 0.052760314 0.997793078 164.012283325 -0.019686751 0.998368263 -0.053586502 -6.321330070 -0.998991966 -0.021804439 -0.039225023 -42.550865173
-0.033010159 0.052855037 0.998057008 164.723831177 -0.018859526 0.998389006 -0.053496461 -6.372256756 -0.999276519 -0.020588867 -0.031960886 -42.567066193
-0.021477832 0.053746145 0.998324215 165.414016724 -0.016008617 0.998406649 -0.054095067 -6.420815468 -0.999640524 -0.017143693 -0.020583941 -42.581748962
-0.006540838 0.054056440 0.998516977 166.117996216 -0.013171679 0.998445690 -0.054138932 -6.467817307 -0.999891400 -0.013506318 -0.005819397 -42.587799072
0.008666955 0.051692002 0.998625994 166.815322876 -0.013979813 0.998570681 -0.051567893 -6.512804508 -0.999864221 -0.013513726 0.009376472 -42.571323395
0.024837954 0.047029257 0.998585105 167.508453369 -0.018904502 0.998735428 -0.046566192 -6.557291031 -0.999512315 -0.017721200 0.025694868 -42.538154602
0.041321184 0.040464107 0.998326719 168.195831299 -0.019717837 0.999017179 -0.039676044 -6.598800659 -0.998950899 -0.018045431 0.042077702 -42.499019623
0.058918361 0.033074066 0.997715235 168.873718262 -0.019652663 0.999294698 -0.031965960 -6.636927128 -0.998068929 -0.017724421 0.059526064 -42.457756042
0.076438047 0.025625313 0.996745408 169.547973633 -0.019566759 0.999514818 -0.024196055 -6.668027401 -0.996881902 -0.017653614 0.076901607 -42.396789551
0.093467496 0.019785829 0.995426178 170.220260620 -0.021073651 0.999616861 -0.017890450 -6.698865891 -0.995398939 -0.019305123 0.093847901 -42.318309784
0.111141056 0.017557008 0.993650019 170.881286621 -0.021474879 0.999651909 -0.015261143 -6.724997520 -0.993572176 -0.019642405 0.111478686 -42.229019165
0.129128426 0.016274095 0.991494834 171.525390625 -0.020074796 0.999702334 -0.013794427 -6.747068405 -0.991424263 -0.018122833 0.129415959 -42.136032104
0.146396548 0.015678626 0.989102185 172.176025391 -0.020678392 0.999703407 -0.012786147 -6.763465881 -0.989009500 -0.018581226 0.146676600 -42.025527954
0.162855253 0.014657316 0.986541629 172.816574097 -0.025157431 0.999625206 -0.010698874 -6.784171104 -0.986328900 -0.023076508 0.163162217 -41.916252136
0.177094400 0.011202644 0.984130561 173.456863403 -0.027186751 0.999608338 -0.006486651 -6.802509308 -0.983817935 -0.025606589 0.177328870 -41.783966064
0.189444199 0.007392620 0.981864214 174.093002319 -0.023733065 0.999713063 -0.002947950 -6.818771362 -0.981604338 -0.022744197 0.189564526 -41.657745361
0.200297639 0.006552364 0.979713738 174.703613281 -0.021851994 0.999757826 -0.002218968 -6.831776142 -0.979491115 -0.020964269 0.200391576 -41.528537750
0.210572600 0.010435053 0.977523029 175.309371948 -0.025655730 0.999656618 -0.005144796 -6.845420837 -0.977241278 -0.023995740 0.210767254 -41.395439148
0.219543591 0.017468121 0.975446880 175.907852173 -0.030076303 0.999484599 -0.011129403 -6.869132996 -0.975138783 -0.026894474 0.219955102 -41.244113922
0.228690982 0.027243486 0.973118424 176.503540039 -0.029739382 0.999336243 -0.020988561 -6.887043953 -0.973044395 -0.024140077 0.229348689 -41.097412109
0.236972049 0.033119686 0.970952392 177.100326538 -0.024290331 0.999307275 -0.028158639 -6.904983997 -0.971212506 -0.016911983 0.237611651 -40.954727173
0.243529797 0.031257097 0.969390213 177.698974609 -0.023513876 0.999375999 -0.026316900 -6.922191143 -0.969608068 -0.016385207 0.244112074 -40.803012848
0.249317795 0.023700954 0.968132317 178.327606201 -0.026026435 0.999502361 -0.017766567 -6.942753792 -0.968071699 -0.020767543 0.249809831 -40.630073547
0.252821565 0.013529947 0.967418969 178.908966064 -0.031413306 0.999488771 -0.005769118 -6.962654591 -0.967002630 -0.028931294 0.253116578 -40.447231293
0.254726201 0.005601251 0.966997623 179.524871826 -0.031716242 0.999492586 0.002565120 -6.982409954 -0.966492772 -0.031322952 0.254773825 -40.277206421
0.255841762 0.005043258 0.966706157 180.136016846 -0.028145604 0.999600291 0.002233865 -6.996318817 -0.966308713 -0.027780060 0.255880684 -40.119258881
0.257207096 0.006988978 0.966331601 180.743972778 -0.024380658 0.999701440 -0.000741049 -7.007418156 -0.966048539 -0.023369219 0.257299930 -39.963523865
0.258880317 0.006425879 0.965888560 181.361663818 -0.020906772 0.999779940 -0.001047942 -7.016006470 -0.965682924 -0.019922342 0.258956939 -39.801574707
0.260536343 0.004661045 0.965453327 181.967712402 -0.023103461 0.999730945 0.001408059 -7.015841007 -0.965187371 -0.022672184 0.260573179 -39.629756927
0.263234824 0.001102989 0.964731812 182.587692261 -0.023380812 0.999711752 0.005236573 -7.024232388 -0.964448273 -0.023934677 0.263184041 -39.453968048
0.266148120 -0.003835408 0.963925123 183.210754395 -0.022571780 0.999691963 0.010209899 -7.031232357 -0.963667631 -0.024474865 0.265978843 -39.276271820
0.270413429 -0.006521257 0.962722838 183.827163696 -0.021209192 0.999692857 0.012728916 -7.033424377 -0.962510526 -0.023860652 0.270191371 -39.096492767
0.276499420 -0.008898514 0.960973501 184.453750610 -0.019222204 0.999704719 0.014787851 -7.035461903 -0.960821629 -0.022560870 0.276246071 -38.909683228
0.284814984 -0.012310770 0.958504140 185.095443726 -0.016528258 0.999704659 0.017751148 -7.036961555 -0.958439827 -0.020898201 0.284526676 -38.728927612
0.294366062 -0.013922232 0.955592036 185.724700928 -0.014025878 0.999722064 0.018885702 -7.037289619 -0.955589652 -0.018962329 0.294088244 -38.528972626
0.305557609 -0.011929971 0.952099442 186.349243164 -0.015325049 0.999729276 0.017444966 -7.039046288 -0.952050090 -0.019921418 0.305291265 -38.319496155
0.316838682 -0.008406955 0.948442817 186.971343994 -0.016153663 0.999766707 0.014258126 -7.040135384 -0.948341727 -0.019838361 0.316628218 -38.097522736
0.328623891 -0.005041985 0.944448054 187.603820801 -0.017475812 0.999780953 0.011418061 -7.036038399 -0.944299042 -0.020257255 0.328462988 -37.868534088
0.340307176 -0.004643286 0.940303504 188.222976685 -0.016046265 0.999812424 0.010744393 -7.033142567 -0.940177262 -0.018744770 0.340168059 -37.639575958
0.351511955 -0.007519562 0.936153769 188.857009888 -0.015277917 0.999787390 0.013767236 -7.031485081 -0.936058581 -0.019141842 0.351321608 -37.392868042
0.362516582 -0.008918673 0.931935251 189.486068726 -0.016289720 0.999739647 0.015904069 -7.033747673 -0.931834817 -0.020946464 0.362276196 -37.133991241
