1.000000000 0.000000000 0.000000000 0.000000000 0.000000000 1.000000000 0.000000000 0.000000000 0.000000000 0.000000000 1.000000000 0.000000000
0.999990702 -0.002732182 -0.003332036 -0.000584746 0.002725150 0.999994040 -0.002113417 -0.005294497 0.003337790 0.002104318 0.999992192 0.683947742
0.999971330 -0.001420086 -0.007438858 -0.009555032 0.001392692 0.999992192 -0.003686491 -0.008145873 0.007444035 0.003676025 0.999965489 1.385420322
0.999934673 -0.001483699 -0.011336248 -0.023544336 0.001425770 0.999985874 -0.005116416 -0.011964520 0.011343679 0.005099918 0.999922633 2.104840755
0.999867558 -0.000220849 -0.016276570 -0.039809231 0.000128198 0.999983788 -0.005693148 -0.018491158 0.016277563 0.005690307 0.999851286 2.843198776
0.999785423 -0.001371737 -0.020670939 -0.057698127 0.001251224 0.999982178 -0.005841843 -0.028271871 0.020678582 0.005814725 0.999769211 3.596082687
0.999685168 0.000409392 -0.025088616 -0.084473766 -0.000585671 0.999975204 -0.007019333 -0.037658818 0.025085116 0.007031816 0.999660552 4.363059998
0.999545932 0.003081450 -0.029975025 -0.115631178 -0.003312340 0.999965191 -0.007656171 -0.045890737 0.029950386 0.007751982 0.999521315 5.144797802
0.999408424 0.003404896 -0.034224063 -0.148670331 -0.003612336 0.999975443 -0.006001251 -0.055087939 0.034202784 0.006121329 0.999396145 5.942656040
0.999251902 0.002599200 -0.038587205 -0.183371067 -0.002726357 0.999991000 -0.003243062 -0.065456852 0.038578425 0.003345838 0.999249935 6.749761105
0.999112785 0.002283816 -0.042053498 -0.221202150 -0.002308543 0.999997079 -0.000539453 -0.076078601 0.042052124 0.000636056 0.999115050 7.567944527
0.998995006 0.003753273 -0.044665821 -0.264985323 -0.003806095 0.999992073 -0.001097634 -0.086277090 0.044661336 0.001266533 0.999001205 8.392420769
0.998897612 0.003185455 -0.046835408 -0.307602137 -0.003248056 0.999993801 -0.001260582 -0.093380697 0.046831083 0.001411316 0.998901665 9.223576546
0.998815656 0.000154609 -0.048654228 -0.347151458 -0.000242101 0.999998212 -0.001792347 -0.099995159 0.048653852 0.001802003 0.998813987 10.065244675
0.998714507 0.000019212 -0.050690331 -0.390917003 -0.000067022 0.999999404 -0.000941478 -0.108552173 0.050690264 0.000943664 0.998713911 10.916707993
0.998641491 -0.001467656 -0.052087069 -0.437696725 0.001412128 0.999998331 -0.001102847 -0.118766047 0.052088570 0.001027794 0.998641849 11.779049873
0.998539925 0.000747081 -0.054014429 -0.488948584 -0.000930804 0.999993801 -0.003376284 -0.128418759 0.054011542 0.003421630 0.998534381 12.648566246
0.998465717 0.001123608 -0.055362709 -0.542373300 -0.001454965 0.999981165 -0.005945279 -0.138754427 0.055354968 0.006016707 0.998448491 13.526375771
0.998350918 0.004896694 -0.057198424 -0.600425959 -0.005334337 0.999957561 -0.007501139 -0.150018990 0.057159245 0.007793884 0.998334587 14.411594391
0.998284161 0.005795227 -0.058268402 -0.658572793 -0.006220375 0.999955297 -0.007117638 -0.163241655 0.058224529 0.007467877 0.998275459 15.307854652
0.998209238 0.004798558 -0.059623282 -0.714904308 -0.005143161 0.999970973 -0.005627545 -0.177569956 0.059594508 0.005924121 0.998205006 16.210992813
0.998120725 0.005451480 -0.061032239 -0.774369121 -0.005712385 0.999975383 -0.004101175 -0.190614223 0.061008334 0.004442108 0.998127282 17.119028091
0.998065472 0.005046176 -0.061963405 -0.834817290 -0.005304787 0.999978006 -0.004009785 -0.204043105 0.061941773 0.004330732 0.998070300 18.031032562
0.997963727 0.004883476 -0.063593663 -0.896023691 -0.005202148 0.999974906 -0.004846425 -0.216610536 0.063568369 0.005167380 0.997964025 18.945604324
0.997906268 0.003516025 -0.064578265 -0.958123088 -0.003890166 0.999976516 -0.005668755 -0.228666067 0.064556777 0.005908107 0.997896433 19.869079590
0.997864723 0.003572331 -0.065215036 -1.021031499 -0.003838228 0.999985039 -0.003952393 -0.240137681 0.065199897 0.004194264 0.997863352 20.801074982
0.997861683 0.004870945 -0.065175392 -1.087812662 -0.004913328 0.999987900 -0.000489993 -0.252426744 0.065172173 0.000809174 0.997873604 21.742052078
0.997909486 0.005869760 -0.064357102 -1.154341221 -0.005670373 0.999978721 0.003280358 -0.262760699 0.064374939 -0.002908569 0.997921526 22.687597275
0.998013735 0.004686094 -0.062818810 -1.215685248 -0.004312889 0.999972403 0.006075289 -0.268373787 0.062845506 -0.005792291 0.998006403 23.636800766
0.998103499 0.004742021 -0.061370794 -1.275153399 -0.004328445 0.999967217 0.006870171 -0.273191214 0.061401322 -0.006591499 0.998091280 24.593189240
0.998181522 0.004901223 -0.060074184 -1.334857106 -0.004668692 0.999981403 0.004010520 -0.278611273 0.060092680 -0.003722757 0.998185873 25.552038193
0.998238266 0.005750442 -0.059046704 -1.396982193 -0.005809983 0.999983132 -0.000836689 -0.284064204 0.059040852 0.001178279 0.998254895 26.509510040
0.998313367 0.004594664 -0.057866514 -1.455009937 -0.004819444 0.999981761 -0.003745474 -0.291470706 0.057848196 0.004018044 0.998317301 27.475408554
0.998361170 0.001977205 -0.057186555 -1.510034800 -0.002134760 0.999994457 -0.002694156 -0.301702052 0.057180863 0.002811824 0.998359919 28.453874588
0.998349309 0.000070245 -0.057426933 -1.566413403 0.000059940 0.999997735 0.002265200 -0.311760157 0.057426915 -0.002264899 0.998347104 29.439653397
0.998293817 -0.003861458 -0.058257338 -1.621597409 0.004201113 0.999975204 0.005708843 -0.321712881 0.058233809 -0.005943844 0.998285234 30.426551819
0.998168945 -0.011548301 -0.059370272 -1.670559764 0.011874328 0.999916613 0.005141377 -0.328386962 0.059305899 -0.005836941 0.998222768 31.416280746
0.998047650 -0.013944698 -0.060875408 -1.726241708 0.014047824 0.999900877 0.001266192 -0.333275259 0.060851675 -0.002118883 0.998144567 32.409038544
0.997958004 -0.013865627 -0.062343147 -1.789484143 0.013728101 0.999902666 -0.002633973 -0.341271311 0.062373549 0.001772744 0.998051286 33.402534485
0.997832060 -0.012724744 -0.064563416 -1.854769945 0.012529896 0.999916017 -0.003422127 -0.350272983 0.064601474 0.002605738 0.997907758 34.406059265
0.997769713 -0.012942381 -0.065476678 -1.920277834 0.012839495 0.999916136 -0.001992136 -0.361665756 0.065496892 0.001147007 0.997852027 35.414070129
0.997720480 -0.009899376 -0.066744462 -1.991405487 0.009977547 0.999950469 0.000837791 -0.374205261 0.066732794 -0.001501826 0.997769654 36.425544739
0.997620583 -0.010067156 -0.068196669 -2.059113979 0.010233357 0.999945998 0.002088013 -0.382649690 0.068171896 -0.002780923 0.997669578 37.437889099
0.997554302 -0.008984038 -0.069309548 -2.127464294 0.009333078 0.999945879 0.004713608 -0.389137119 0.069263376 -0.005348950 0.997583985 38.451866150
0.997555375 -0.009192909 -0.069265768 -2.198353529 0.009755098 0.999922752 0.007782377 -0.396037340 0.069188796 -0.008439044 0.997567832 39.470058441
0.997554183 -0.003541804 -0.069800809 -2.278717041 0.004255979 0.999940634 0.010085481 -0.399978280 0.069760866 -0.010357883 0.997509897 40.483013153
0.997540593 -0.003707602 -0.069987319 -2.353161097 0.004385139 0.999945521 0.009529615 -0.404186964 0.069948085 -0.009813079 0.997502327 41.490524292
0.997547269 -0.003728117 -0.069890678 -2.424480915 0.004287279 0.999960661 0.007852139 -0.406772763 0.069858566 -0.008132518 0.997523665 42.494922638
0.997551441 -0.001745914 -0.069909170 -2.499877930 0.002149989 0.999982059 0.005705142 -0.412348270 0.069897860 -0.005841474 0.997536957 43.495414734
0.997477293 -0.002267106 -0.070941724 -2.573195934 0.002685536 0.999980152 0.005803365 -0.419999331 0.070927076 -0.005979241 0.997463465 44.496856689
0.997381628 -0.004281604 -0.072184719 -2.643609047 0.004799743 0.999964654 0.007005945 -0.426577002 0.072152063 -0.007334067 0.997366428 45.497303009
0.997323811 -0.003782063 -0.073007688 -2.719828606 0.004380674 0.999958813 0.008040841 -0.434246331 0.072974153 -0.008339141 0.997298777 46.491779327
0.997313321 -0.001448305 -0.073232710 -2.798561096 0.001782774 0.999989033 0.004502023 -0.444323540 0.073225260 -0.004620483 0.997304499 47.479373932
0.997254193 -0.001103609 -0.074040554 -2.876210213 0.001129726 1.000000000 0.000310828 -0.451745719 0.074040107 -0.000393620 0.997254968 48.463840485
0.997211516 -0.000384702 -0.074619576 -2.952407598 0.000319115 1.000000358 -0.000890882 -0.461936414 0.074619822 0.000864583 0.997211516 49.445571899
0.997203290 -0.001722103 -0.074710011 -3.026216030 0.001929880 0.999995232 0.002708982 -0.475161642 0.074704878 -0.002845585 0.997201502 50.428287506
0.997180283 -0.003708398 -0.074945554 -3.098127842 0.004153648 0.999975324 0.005785930 -0.485670775 0.074922130 -0.006080911 0.997170687 51.405910492
0.997152150 -0.005577398 -0.075203657 -3.169929504 0.006077118 0.999961734 0.006417599 -0.495045245 0.075164855 -0.006856342 0.997147322 52.376441956
0.997117937 -0.008767627 -0.075353831 -3.241983414 0.009183058 0.999945223 0.005168200 -0.503429234 0.075304277 -0.005845282 0.997143269 53.344108582
0.997055888 -0.011613243 -0.075786859 -3.313011646 0.011935575 0.999922276 0.003801391 -0.511132181 0.075736716 -0.004694758 0.997116685 54.308498383
0.996960461 -0.013116637 -0.076792389 -3.387342691 0.013540768 0.999896526 0.005004785 -0.519149482 0.076718688 -0.006029396 0.997034550 55.272201538
0.996825039 -0.016253663 -0.077942267 -3.459614754 0.017013745 0.999814570 0.009097506 -0.524716079 0.077779830 -0.010394706 0.996916354 56.238834381
0.996759593 -0.017178981 -0.078578308 -3.532636881 0.018336372 0.999734044 0.014031112 -0.527157068 0.078316242 -0.015426479 0.996809185 57.203037262
0.996743739 -0.015449410 -0.079135969 -3.612981319 0.016790872 0.999726593 0.016313784 -0.530136824 0.078862175 -0.017589416 0.996730387 58.158950806
0.996652901 -0.014359823 -0.080473930 -3.694289684 0.015407363 0.999804914 0.012411094 -0.534221590 0.080279887 -0.013609439 0.996679485 59.101924896
0.996571243 -0.012911535 -0.081721731 -3.775493145 0.013336983 0.999900877 0.004662132 -0.537769258 0.081653312 -0.005736065 0.996644318 60.032592773
0.996519744 -0.011320370 -0.082580730 -3.856207371 0.011350446 0.999936283 -0.000105420 -0.545320690 0.082576513 -0.000832275 0.996584356 60.955310822
0.996474028 -0.006576993 -0.083640389 -3.941940308 0.006672294 0.999978006 0.000859821 -0.556619823 0.083632760 -0.001414862 0.996495605 61.871784210
0.996412098 -0.003827240 -0.084544472 -4.026765823 0.004109954 0.999987185 0.003170104 -0.570631981 0.084531128 -0.003506202 0.996414661 62.774654388
0.996321559 -0.001437210 -0.085678838 -4.108246803 0.001852567 0.999987543 0.004768469 -0.584363341 0.085670792 -0.004909652 0.996311426 63.661518097
0.996231377 -0.000803225 -0.086729959 -4.189295769 0.001196433 0.999989748 0.004481697 -0.592277050 0.086725354 -0.004568575 0.996221662 64.531707764
0.996092081 0.000834959 -0.088315792 -4.270715714 -0.000369036 0.999986410 0.005291745 -0.601566076 0.088318877 -0.005238474 0.996078312 65.389106750
0.995975614 0.001521462 -0.089609899 -4.351428986 -0.000993597 0.999982238 0.005934916 -0.613576055 0.089617230 -0.005821995 0.995959044 66.237396240
0.995842993 0.001372260 -0.091074958 -4.431303024 -0.000791888 0.999979556 0.006408203 -0.623309016 0.091081776 -0.006309443 0.995823324 67.072746277
0.995727301 0.001146868 -0.092334554 -4.510148525 -0.000460415 0.999972582 0.007455260 -0.629356742 0.092340454 -0.007380893 0.995700002 67.896141052
0.995604396 0.003815128 -0.093579538 -4.594173431 -0.002885666 0.999945581 0.010065543 -0.634072244 0.093612738 -0.009751258 0.995560765 68.705162048
0.995478690 0.005215580 -0.094840832 -4.674025536 -0.003884077 0.999891758 0.014218457 -0.640104473 0.094904616 -0.013785798 0.995390832 69.498558044
0.995297492 0.008292200 -0.096508726 -4.755520821 -0.006783150 0.999850035 0.015953954 -0.643880010 0.096626453 -0.015224297 0.995204210 70.276473999
0.995135248 0.010983704 -0.097903170 -4.836626053 -0.009871284 0.999881566 0.011839557 -0.650707960 0.098021492 -0.010815530 0.995125532 71.030212402
0.995009542 0.010833623 -0.099188887 -4.914314270 -0.010434458 0.999935627 0.004542156 -0.657979846 0.099231601 -0.003484506 0.995058239 71.760810852
0.994875669 0.009925082 -0.100617379 -4.988287926 -0.010107688 0.999948263 -0.001305251 -0.664212465 0.100599147 0.002315572 0.994924545 72.474372864
0.994822800 0.010719714 -0.101057068 -5.063201427 -0.011036430 0.999936044 -0.002575525 -0.668865681 0.101022914 0.003677501 0.994877577 73.171333313
0.994717479 0.013533617 -0.101754189 -5.140896797 -0.013497368 0.999908626 0.001044701 -0.681034625 0.101758949 0.000334232 0.994809270 73.853630066
0.994578242 0.013776962 -0.103073396 -5.211380959 -0.013499795 0.999903321 0.003386103 -0.697653830 0.103110000 -0.001976275 0.994668305 74.511970520
0.994517624 0.010603471 -0.104029052 -5.278256416 -0.010644025 0.999943554 0.000165231 -0.710299909 0.104024850 0.000942963 0.994574606 75.147010803
0.994583011 0.002493679 -0.103915088 -5.334503174 -0.003039506 0.999982536 -0.005094672 -0.721432686 0.103900507 0.005382926 0.994573355 75.763290405
0.994694591 -0.001638334 -0.102858514 -5.390524864 0.000622069 0.999950886 -0.009911602 -0.731895685 0.102869630 0.009795034 0.994646847 76.362525940
0.995022237 0.000807060 -0.099649414 -5.453670502 -0.001827423 0.999946892 -0.010148764 -0.742383122 0.099635869 0.010280351 0.994971097 76.950981140
0.995413005 0.005745693 -0.095497169 -5.517284393 -0.006459414 0.999953568 -0.007166375 -0.754077971 0.095451497 0.007750361 0.995404184 77.524353027
0.995853245 0.004138286 -0.090878174 -5.563978672 -0.004529626 0.999981523 -0.004100464 -0.764951944 0.090859458 0.004495108 0.995853782 78.084091187
0.996360600 0.000412228 -0.085235089 -5.599087238 -0.000405953 0.999999940 0.000090832 -0.775300086 0.085235111 -0.000055898 0.996361077 78.633163452
0.997019291 -0.004012737 -0.077046998 -5.628712654 0.004308092 0.999984086 0.003667458 -0.789567888 0.077031024 -0.003988450 0.997020960 79.166839600
0.997806370 -0.000437229 -0.066195033 -5.662398338 0.000677278 0.999993384 0.003603823 -0.798562050 0.066192970 -0.003640749 0.997800410 79.685310364
0.998690069 0.004737155 -0.050945122 -5.691035748 -0.004579434 0.999984443 0.003211958 -0.806084275 0.050959490 -0.002974450 0.998696566 80.190582275
0.999416828 0.009785557 -0.032709409 -5.706468582 -0.009664058 0.999945819 0.003870230 -0.811332285 0.032745462 -0.003551867 0.999457657 80.684249878
0.999911904 0.008141689 -0.010469392 -5.697914124 -0.008094780 0.999957025 0.004514154 -0.816054702 0.010505624 -0.004429009 0.999935269 81.165657043
0.999863267 0.004567977 0.015884086 -5.669524193 -0.004658350 0.999973178 0.005657868 -0.823376060 -0.015857890 -0.005731089 0.999858081 81.634307861
0.998954833 0.003380185 0.045579329 -5.628091812 -0.003723722 0.999965250 0.007454563 -0.830846190 -0.045552626 -0.007616498 0.998933136 82.092338562
0.996877670 0.002878558 0.078908071 -5.573129177 -0.003612404 0.999951541 0.009158978 -0.837463319 -0.078877985 -0.009415428 0.996840060 82.543869019
0.993160963 0.002753130 0.116720274 -5.499821663 -0.003941881 0.999942660 0.009955091 -0.842769384 -0.116686285 -0.010347106 0.993115127 82.985801697
0.987328351 0.002940073 0.158663481 -5.407028198 -0.004617555 0.999936998 0.010205040 -0.846348941 -0.158623591 -0.010808364 0.987280190 83.417663574
0.978910208 0.002657144 0.204274327 -5.296794891 -0.004893128 0.999933302 0.010441726 -0.850993395 -0.204233110 -0.011221054 0.978858292 83.837249756
0.967240393 0.004803419 0.253817201 -5.169132233 -0.007248859 0.999935627 0.008700322 -0.858951747 -0.253759235 -0.010255188 0.967213333 84.240386963
0.951578856 0.005696188 0.307352424 -5.017742157 -0.007974276 0.999948978 0.006156668 -0.866533875 -0.307301879 -0.008309467 0.951576114 84.625091553
0.931546092 0.005889484 0.363575459 -4.844457626 -0.008018980 0.999958158 0.004347994 -0.872516930 -0.363534838 -0.006965859 0.931554914 84.992958069
0.906851411 0.006426569 0.421401501 -4.652479172 -0.008405655 0.999960363 0.002839044 -0.877521634 -0.421366811 -0.006116744 0.906869888 85.343475342
0.877372622 0.006489764 0.479765862 -4.438037872 -0.008026546 0.999966919 0.001152094 -0.881879985 -0.479742765 -0.004861675 0.877395928 85.672042847
0.843457341 0.004756863 0.537175119 -4.199539185 -0.005297864 0.999985576 -0.000536618 -0.889382780 -0.537170053 -0.002393262 0.843470812 85.978416443
0.806100428 0.004213626 0.591763914 -3.941707611 -0.004271807 0.999989808 -0.001301306 -0.898683906 -0.591763616 -0.001478915 0.806110382 86.267837524
0.765612245 0.002808563 0.643296242 -3.666179657 -0.003675967 0.999993086 0.000009069 -0.906338990 -0.643292069 -0.002371677 0.765617371 86.540321350
0.722035825 0.002420580 0.691851377 -3.375755310 -0.005428543 0.999982834 0.002166763 -0.909174800 -0.691834390 -0.005320222 0.722036481 86.799873352
0.675903440 0.001410914 0.736988842 -3.069065094 -0.004687868 0.999986053 0.002384928 -0.909490645 -0.736975372 -0.005066884 0.675900340 87.037330627
0.628708005 0.000113103 0.777641416 -2.749435425 -0.001523461 0.999998271 0.001086263 -0.912284255 -0.777639985 -0.001867645 0.628706694 87.242424011
0.581222773 -0.002437981 0.813740790 -2.416156769 0.003976684 0.999992073 0.000155622 -0.915261805 -0.813734710 0.003145542 0.581227601 87.425643921
0.533913255 -0.000355930 0.845539093 -2.080059052 0.001934834 0.999997854 -0.000800780 -0.921065211 -0.845537066 0.002063528 0.533912420 87.596908569
0.486094445 0.002502693 0.873902559 -1.737895966 -0.002105878 0.999996424 -0.001692425 -0.926797271 -0.873903632 -0.001017652 0.486097753 87.755546570
0.440279603 0.004663423 0.897848487 -1.388000488 -0.002973883 0.999988616 -0.003735614 -0.931656718 -0.897855639 -0.001025379 0.440288305 87.891891479
0.397665322 0.002214555 0.917527735 -1.028640747 0.004105445 0.999982774 -0.004192895 -0.934372067 -0.917521238 0.005434230 0.397649199 88.002151489
0.357818842 -0.005105947 0.933776975 -0.658409119 0.019013515 0.999817550 -0.001818812 -0.933787704 -0.933597326 0.018405188 0.357850373 88.089698792
0.322301000 -0.008678931 0.946597278 -0.287103653 0.022863692 0.999737680 0.001381448 -0.935403526 -0.946360946 0.021197472 0.322414696 88.177665710
0.288971037 -0.004559717 0.957326472 0.085191727 0.020123374 0.999796808 -0.001312270 -0.939582050 -0.957125962 0.019643856 0.289003819 88.272476196
0.257779956 0.003144593 0.966198087 0.458944321 0.009275974 0.999940634 -0.005729211 -0.951435030 -0.966158748 0.010439307 0.257735282 88.369476318
0.229279444 0.007460269 0.973331690 0.844743729 0.004589659 0.999951363 -0.008745433 -0.965311587 -0.973349512 0.006472409 0.229233816 88.452445984
0.203585833 0.009155601 0.979013860 1.239479065 0.005842889 0.999927282 -0.010566195 -0.977322698 -0.979039311 0.007871401 0.203517348 88.514823914
0.179944694 0.010572385 0.983619511 1.645956993 0.013247376 0.999825656 -0.013170055 -0.984545946 -0.983587146 0.015400261 0.179773033 88.564125061
0.159725353 0.016951274 0.987015545 2.061357498 0.020158689 0.999588192 -0.020429403 -0.981430709 -0.986955285 0.023160031 0.159317672 88.605598450
0.139873847 0.023751559 0.989884019 2.487810135 0.022214849 0.999385417 -0.027118558 -0.979054451 -0.989919722 0.025783297 0.139259979 88.653488159
0.122128993 0.024555115 0.992210031 2.931138039 0.019707074 0.999436975 -0.027159654 -0.989765406 -0.992318094 0.022870533 0.121576145 88.705108643
0.106519818 0.020141263 0.994106174 3.396687508 0.017823178 0.999595642 -0.022162247 -1.009014487 -0.994150281 0.020078845 0.106117576 88.751388550
0.091819301 0.016865978 0.995632470 3.870553970 0.018061168 0.999664009 -0.018599898 -1.026433945 -0.995611429 0.019690119 0.091483623 88.789306641
0.078315087 0.014486426 0.996823132 4.360487938 0.020571077 0.999658227 -0.016143773 -1.038920403 -0.996715784 0.021770028 0.077990107 88.820068359
0.066611737 0.013652076 0.997685313 4.863982201 0.024322655 0.999587238 -0.015302024 -1.050399542 -0.997481883 0.025285646 0.066251993 88.843368530
0.056370467 0.014366583 0.998306274 5.383350849 0.027516264 0.999494493 -0.015937408 -1.060535431 -0.998030126 0.028368058 0.055946458 88.863868713
0.048370872 0.014947498 0.998717248 5.919784546 0.029622728 0.999426901 -0.016392823 -1.071222782 -0.998389482 0.030377666 0.047900178 88.884033203
0.042633120 0.015388242 0.998971999 6.474798203 0.031420160 0.999366343 -0.016735220 -1.081797481 -0.998596013 0.032101329 0.042122435 88.903976440
0.036932960 0.016528143 0.999180734 7.045778275 0.032670401 0.999308944 -0.017737854 -1.093486905 -0.998782992 0.033298746 0.036367267 88.922386169
0.030824706 0.017332654 0.999374270 7.634798050 0.033243660 0.999278843 -0.018356357 -1.104622126 -0.998971283 0.033788685 0.030226089 88.938629150
0.026318144 0.017426357 0.999501526 8.242843628 0.035641484 0.999196112 -0.018359510 -1.117921233 -0.999017417 0.036106903 0.025675721 88.951759338
0.023205530 0.017454205 0.999578059 8.871164322 0.037157260 0.999141872 -0.018309195 -1.131779432 -0.999039352 0.037566461 0.022536904 88.964424133
0.019900363 0.017055718 0.999656200 9.518907547 0.037820749 0.999126136 -0.017799569 -1.145792127 -0.999085784 0.038161959 0.019237738 88.979103088
0.017296843 0.016582653 0.999712706 10.183362007 0.039768320 0.999059856 -0.017259881 -1.160253406 -0.999058664 0.040055431 0.016620940 88.990249634
0.016486382 0.016333459 0.999730468 10.864640236 0.044051103 0.998883903 -0.017046053 -1.174859762 -0.998892605 0.044320256 0.015748296 88.997192383
0.017333109 0.016088177 0.999720156 11.562125206 0.047373187 0.998734415 -0.016893659 -1.190128326 -0.998726249 0.047652744 0.016548848 89.006866455
0.019592719 0.016013246 0.999679625 12.276959419 0.049014740 0.998654187 -0.016957454 -1.206747174 -0.998605251 0.049331274 0.018781288 89.022926331
0.023217047 0.015907347 0.999603629 13.009511948 0.051443782 0.998529792 -0.017085096 -1.224556208 -0.998405397 0.051820055 0.022364398 89.042716980
0.027451165 0.015437713 0.999503672 13.761068344 0.051866863 0.998511970 -0.016846895 -1.240263224 -0.998276055 0.052303582 0.026609426 89.064537048
0.031415597 0.013826268 0.999410570 14.529052734 0.053418513 0.998452127 -0.015492164 -1.256879568 -0.998077273 0.053873725 0.030628208 89.090332031
0.035328295 0.012266200 0.999300301 15.312715530 0.053142212 0.998487055 -0.014134946 -1.273974657 -0.997961223 0.053604383 0.034622811 89.122451782
0.039390534 0.010090690 0.999172747 16.111198425 0.050048582 0.998674095 -0.012058717 -1.291598082 -0.997969031 0.050482176 0.038833093 89.161560059
0.043462262 0.008931752 0.999014974 16.920421600 0.049330380 0.998721242 -0.011075241 -1.307898998 -0.997835815 0.049763143 0.042965885 89.201263428
0.047633626 0.009878803 0.998815835 17.739458084 0.046686292 0.998836756 -0.012105472 -1.324488640 -0.997772515 0.047207646 0.047116797 89.245674133
0.050869070 0.013965288 0.998607457 18.559381485 0.044859104 0.998861492 -0.016253952 -1.344133854 -0.997696579 0.045623463 0.050184470 89.291664124
0.052103147 0.019147098 0.998457968 19.382623672 0.039156266 0.999008536 -0.021200964 -1.365495443 -0.997873008 0.040200535 0.051301550 89.347908020
0.052169681 0.022110436 0.998393297 20.216600418 0.036489300 0.999045610 -0.024031565 -1.391631961 -0.997970700 0.037684407 0.051312879 89.395080566
0.052248932 0.021606816 0.998400092 21.054473877 0.034216713 0.999140680 -0.023413483 -1.418394327 -0.998047054 0.035385322 0.051464502 89.446342468
0.052235637 0.019745331 0.998439312 21.888023376 0.031490806 0.999275267 -0.021409361 -1.448666811 -0.998137534 0.032560010 0.051575776 89.496467590
0.052151773 0.018630657 0.998465121 22.717294693 0.032557115 0.999263227 -0.020346059 -1.474190593 -0.998107672 0.033568241 0.051506575 89.539352417
0.052622549 0.017963644 0.998452723 23.545536041 0.030099392 0.999355912 -0.019566240 -1.501940727 -0.998160183 0.031082457 0.052047744 89.588233948
0.052763782 0.018358519 0.998438001 24.371112823 0.028689062 0.999390960 -0.019892136 -1.529100657 -0.998194218 0.029693855 0.052204736 89.636009216
0.052971967 0.018902218 0.998416901 25.197074890 0.025984468 0.999456644 -0.020300522 -1.556900501 -0.998257279 0.027018709 0.052451801 89.683731079
0.051794939 0.020197202 0.998453319 26.017686844 0.023273511 0.999500036 -0.021425676 -1.585185766 -0.998386145 0.024347266 0.051298760 89.731483459
0.049169894 0.019869460 0.998592615 26.837810516 0.020457642 0.999572873 -0.020896263 -1.610752821 -0.998580396 0.021456329 0.048742186 89.774246216
0.045340221 0.018595541 0.998798430 27.657852173 0.017998300 0.999649704 -0.019428398 -1.637534618 -0.998809040 0.018857578 0.044989433 89.815856934
0.040504549 0.016194370 0.999048054 28.477998734 0.016163066 0.999727666 -0.016860669 -1.663719893 -0.999048173 0.016830632 0.040231556 89.852859497
0.034284543 0.014169460 0.999311507 29.294820786 0.014073104 0.999794006 -0.014659103 -1.689329863 -0.999312580 0.014566015 0.034077860 89.883796692
0.026868809 0.014405672 0.999535084 30.105224609 0.013641021 0.999798298 -0.014776135 -1.714501143 -0.999545515 0.014031715 0.026666671 89.906524658
0.018131908 0.015408896 0.999716759 30.912590027 0.013303964 0.999789536 -0.015651289 -1.738153458 -0.999746740 0.013584003 0.017922886 89.921173096
0.008231696 0.015934896 0.999839067 31.718677521 0.013690389 0.999778032 -0.016046617 -1.759289503 -0.999871969 0.013820297 0.008011527 89.926200867
-0.001959056 0.014940605 0.999886394 32.524139404 0.014930294 0.999777853 -0.014909707 -1.782754898 -0.999886155 0.014899407 -0.002181873 89.921470642
-0.012696140 0.013961550 0.999821901 33.323368073 0.013974943 0.999807894 -0.013783874 -1.805993319 -0.999821305 0.013797471 -0.012888975 89.910293579
-0.023687115 0.013173182 0.999632776 34.120944977 0.015365631 0.999800563 -0.012811263 -1.827762365 -0.999600768 0.015056542 -0.023884943 89.886375427
-0.034650318 0.013498605 0.999308348 34.912731171 0.015467061 0.999796927 -0.012968866 -1.851079226 -0.999279261 0.015007005 -0.034852192 89.855857849
-0.045590818 0.014145152 0.998860121 35.699440002 0.016059436 0.999781549 -0.013425173 -1.873674154 -0.998830557 0.015429083 -0.045808136 89.816574097
-0.056094967 0.015290063 0.998308420 36.482242584 0.015780523 0.999772131 -0.014425744 -1.894772172 -0.998300195 0.014944635 -0.056323558 89.769226074
-0.066370696 0.016422648 0.997659922 37.255203247 0.016914047 0.999740183 -0.015331632 -1.915357590 -0.997651100 0.015856910 -0.066631302 89.713470459
-0.075755671 0.017043356 0.996980786 38.022945404 0.017793966 0.999718547 -0.015738050 -1.940055847 -0.996967077 0.016548015 -0.076037690 89.650245667
-0.085283667 0.017324857 0.996206105 38.784744263 0.018136550 0.999710858 -0.015833136 -1.967847824 -0.996191084 0.016717454 -0.085573286 89.581924438
-0.094695441 0.017527793 0.995352089 39.542266846 0.018633243 0.999701738 -0.015831638 -1.992799759 -0.995331347 0.017047469 -0.094993845 89.510803223
-0.103201970 0.016988499 0.994515419 40.288619995 0.019705852 0.999693573 -0.015032022 -2.015777588 -0.994464636 0.018046455 -0.103505142 89.430999756
-0.110519201 0.015808623 0.993748367 41.025730133 0.021333445 0.999681592 -0.013530392 -2.038729429 -0.993644416 0.019704720 -0.110821292 89.346672058
-0.115745485 0.014232557 0.993176937 41.752471924 0.024217162 0.999641299 -0.011502880 -2.059177399 -0.992983103 0.022720538 -0.116048664 89.257263184
-0.119512133 0.012746430 0.992751002 42.467514038 0.027280493 0.999583125 -0.009549960 -2.078238726 -0.992457330 0.025941415 -0.119810052 89.165786743
-0.122263819 0.011485385 0.992431223 43.176589966 0.028572923 0.999560177 -0.008047776 -2.098582506 -0.992085755 0.027372722 -0.122538224 89.078506470
-0.123967402 0.010723624 0.992228448 43.867736816 0.028974051 0.999555171 -0.007182805 -2.114374638 -0.991862655 0.027858451 -0.124222979 88.991790771
-0.124657601 0.011275137 0.992135823 44.540451050 0.030022269 0.999521315 -0.007586867 -2.130049706 -0.991745055 0.028840413 -0.124936432 88.904396057
-0.123706199 0.012360619 0.992241979 45.201942444 0.030864893 0.999487340 -0.008602811 -2.146690845 -0.991838276 0.029561225 -0.124024309 88.821876526
-0.120785549 0.014002559 0.992579937 45.845996857 0.031830683 0.999441803 -0.010225899 -2.163320303 -0.992167652 0.030359361 -0.121163860 88.745285034
-0.115644045 0.014591892 0.993183613 46.471763611 0.032095175 0.999425590 -0.010946480 -2.178922653 -0.992771626 0.030610509 -0.116045989 88.675849915
-0.107563183 0.015373652 0.994079530 47.078689575 0.031740341 0.999424636 -0.012021860 -2.196214437 -0.993691027 0.030259313 -0.107989296 88.614974976
-0.096353844 0.015349540 0.995228946 47.660015106 0.030860115 0.999447227 -0.012426823 -2.214463949 -0.994868219 0.029515510 -0.096774340 88.565208435
-0.082542181 0.015605329 0.996465862 48.223155975 0.030303854 0.999455035 -0.013141897 -2.233885527 -0.996126354 0.029111994 -0.082970209 88.527214050
-0.065249316 0.016947947 0.997725427 48.770210266 0.029755235 0.999444902 -0.015031192 -2.252360106 -0.997424841 0.028706785 -0.065717526 88.502464294
-0.043908823 0.019485092 0.998845875 49.305019379 0.028421801 0.999430120 -0.018247053 -2.271522999 -0.998630822 0.027587794 -0.044437759 88.492576599
-0.019285165 0.022482108 0.999561667 49.834075928 0.026603382 0.999405384 -0.021965291 -2.291615248 -0.999459684 0.026168121 -0.019872002 88.499206543
0.009049825 0.024199417 0.999666572 50.359607697 0.024874816 0.999393046 -0.024417954 -2.311883450 -0.999649227 0.025087507 0.008442126 88.523277283
0.042243257 0.023663823 0.998827517 50.883666992 0.022851516 0.999435663 -0.024644662 -2.330862761 -0.998845637 0.023865804 0.041678369 88.565124512
0.080332585 0.021244984 0.996542037 51.406524658 0.021958342 0.999493122 -0.023077963 -2.349316597 -0.996525884 0.023736332 0.079825029 88.628128052
0.122636624 0.017465802 0.992298305 51.917015076 0.019910129 0.999601305 -0.020054977 -2.369710445 -0.992251694 0.022216273 0.122239597 88.712631226
0.168003172 0.013068264 0.985700190 52.424293518 0.017594265 0.999713719 -0.016252801 -2.389111519 -0.985629201 0.020073203 0.167724699 88.824348450
0.216375142 0.009837556 0.976261079 52.924423218 0.013298559 0.999827445 -0.013022446 -2.404510021 -0.976219594 0.015800621 0.216206446 88.965942383
0.268108040 0.008371777 0.963352621 53.412010193 0.009809585 0.999887228 -0.011419323 -2.417983770 -0.963338912 0.012511729 0.267995179 89.129936218
0.323301494 0.007957910 0.946262658 53.878040314 0.009217397 0.999891341 -0.011558117 -2.432273388 -0.946251214 0.012458865 0.323192447 89.316452026
0.382335365 0.008483046 0.923984826 54.325126648 0.011791866 0.999832153 -0.014058718 -2.444458008 -0.923948467 0.016270675 0.382170618 89.518371582
0.443233162 0.011777025 0.896329105 54.744132996 0.012849765 0.999728143 -0.019489756 -2.460987806 -0.896314323 0.020156145 0.442960739 89.749702454
0.503686666 0.015463745 0.863748193 55.139968872 0.014253967 0.999555528 -0.026207147 -2.472209692 -0.863768995 0.025512042 0.503241658 90.008819580
0.562929332 0.019927563 0.826265037 55.516422272 0.010343824 0.999461770 -0.031151816 -2.483540535 -0.826440454 0.026083020 0.562419534 90.300727844
0.619273424 0.022971528 0.784839571 55.861019135 0.006727443 0.999380648 -0.034559175 -2.496072769 -0.785146832 0.026681550 0.618734658 90.623382568
0.672894120 0.024136836 0.739345133 56.188915253 0.005021130 0.999296129 -0.037193064 -2.509619713 -0.739721894 0.028739352 0.672298670 90.964981079
0.722209156 0.022567140 0.691306770 56.487197876 0.004374929 0.999299228 -0.037191756 -2.525860310 -0.691661239 0.029884648 0.721603513 91.330841064
0.767643034 0.019289650 0.640587568 56.760459900 0.001946759 0.999472737 -0.032429393 -2.542807579 -0.640875101 0.026141277 0.767199934 91.722442627
0.809196413 0.014282747 0.587365150 57.006698608 0.001090943 0.999666989 -0.025811460 -2.559169769 -0.587537766 0.021527328 0.808910310 92.132217407
0.846196592 0.012044170 0.532735348 57.225402832 -0.001689793 0.999801040 -0.019919550 -2.573376656 -0.532868803 0.015955657 0.846047401 92.554115295
0.878111660 0.009528333 0.478361458 57.431053162 -0.003696940 0.999907792 -0.013130441 -2.582849503 -0.478442073 0.009761546 0.878064811 92.993148804
0.903898597 0.010212200 0.427625537 57.595180511 -0.007576337 0.999941289 -0.007865122 -2.598250389 -0.427680433 0.003869470 0.903921664 93.436294556
0.924203932 0.012302060 0.381702125 57.741886139 -0.011455625 0.999925137 -0.004489820 -2.612321854 -0.381728470 -0.000223089 0.924274325 93.888191223
0.939630091 0.018542744 0.341690004 57.871318817 -0.019042181 0.999817669 -0.001892732 -2.620191574 -0.341662645 -0.004728014 0.939810753 94.358100891
0.951714396 0.022781912 0.306139290 57.995685577 -0.023028661 0.999731719 -0.002806110 -2.624180794 -0.306120962 -0.004379323 0.951982498 94.830627441
0.961091340 0.024542700 0.275139391 58.112983704 -0.024801094 0.999690115 -0.002540324 -2.628741503 -0.275116324 -0.004382237 0.961400867 95.308654785
0.967306793 0.018952500 0.252900839 58.237060547 -0.018932693 0.999818504 -0.002512051 -2.633900881 -0.252902448 -0.002358132 0.967488825 95.790451050
0.971361160 0.016011730 0.237068892 58.353054047 -0.016036775 0.999870718 -0.001822753 -2.642576933 -0.237067342 -0.002031230 0.971491039 96.281280518
0.974334598 0.020268906 0.224191636 58.454605103 -0.020293808 0.999792874 -0.002193201 -2.647380590 -0.224189505 -0.002412751 0.974542439 96.782051086
0.976389706 0.025801787 0.214471608 58.547248840 -0.026074108 0.999659956 -0.001559519 -2.648825884 -0.214438766 -0.004069417 0.976728797 97.285949707
0.977459490 0.033295829 0.208482206 58.641719818 -0.033371333 0.999439180 -0.003156045 -2.649753094 -0.208470225 -0.003872385 0.978020966 97.802726746
0.977902055 0.039064117 0.205382392 58.740333557 -0.038508333 0.999237001 -0.006703960 -2.657039642 -0.205487400 -0.001353081 0.978658736 98.329086304
0.978025973 0.040329490 0.204546407 58.849178314 -0.039275281 0.999187112 -0.009212611 -2.669193268 -0.204751536 0.000976585 0.978813410 98.863342285
0.977591813 0.038871784 0.206890702 58.968158722 -0.037024327 0.999233663 -0.012795421 -2.680662632 -0.207229406 0.004848734 0.978280306 99.406059265
0.976762116 0.037810750 0.210965872 59.089210510 -0.034581762 0.999222934 -0.018975370 -2.690455437 -0.211519241 0.011238867 0.977309108 99.959632874
0.975866139 0.037955321 0.215046883 59.217063904 -0.033588588 0.999150455 -0.023925271 -2.698679924 -0.215772152 0.016124750 0.976310492 100.526306152
0.974710584 0.042840686 0.219327360 59.341537476 -0.038780551 0.998989105 -0.022785608 -2.720600605 -0.220081627 0.013703749 0.975385070 101.094108582
0.973320425 0.045663491 0.224861279 59.474525452 -0.042468254 0.998917758 -0.019028602 -2.733331442 -0.225486636 0.008971483 0.974204898 101.691993713
0.972230732 0.043320857 0.229981214 59.610847473 -0.041167479 0.999053061 -0.014155470 -2.749725342 -0.230376452 0.004294666 0.973092139 102.298400879
0.971517086 0.038909536 0.233754456 59.769504547 -0.037845302 0.999243796 -0.009038083 -2.760900021 -0.233929127 -0.000065820 0.972253740 102.921554565
0.970691085 0.036481559 0.237547055 59.921779633 -0.036481336 0.999325693 -0.004398270 -2.773177147 -0.237547114 -0.004396633 0.971366167 103.551216125
0.970097363 0.032058232 0.240590736 60.080356598 -0.032091863 0.999478817 -0.003779187 -2.781256676 -0.240586266 -0.004054785 0.970619380 104.187606812
0.970101297 0.028751140 0.240992263 60.242835999 -0.027938407 0.999587655 -0.006789196 -2.792336941 -0.241087869 -0.000146696 0.970503330 104.831405640
0.970227242 0.028252952 0.240543932 60.405635834 -0.025679953 0.999575675 -0.013824963 -2.803618193 -0.240832254 0.007236223 0.970539868 105.485908508
0.970345318 0.030652972 0.239772782 60.564292908 -0.026517211 0.999440134 -0.020456441 -2.815831184 -0.240265340 0.013491726 0.970613480 106.153282166
0.970887244 0.033730187 0.237151384 60.723381042 -0.028775036 0.999290943 -0.024325803 -2.826213837 -0.237803519 0.016793584 0.971168160 106.835304260
0.971507013 0.032040473 0.234836504 60.889083862 -0.028097698 0.999403775 -0.020116968 -2.840144396 -0.235340819 0.012945429 0.971826732 107.537490845
0.971951365 0.027936360 0.233518079 61.060714722 -0.025736704 0.999592125 -0.012461926 -2.857743502 -0.233770743 0.006102429 0.972272635 108.255340576
0.972508788 0.028198238 0.231154084 61.228668213 -0.027403977 0.999603391 -0.006646588 -2.876659632 -0.231249601 0.000129366 0.972894371 108.981697083
0.972811401 0.031531133 0.229443654 61.391067505 -0.030659044 0.999503732 -0.007365463 -2.890666008 -0.229561821 0.000130726 0.973294079 109.714324951
0.973119378 0.037347034 0.227254584 61.551052094 -0.035534840 0.999296606 -0.012061640 -2.901256084 -0.227544963 0.003661997 0.973760545 110.455505371
0.974008620 0.038274217 0.223255828 61.719081879 -0.035261691 0.999226451 -0.017465901 -2.912418842 -0.223751411 0.009139587 0.974603236 111.205078125
0.974970162 0.037276115 0.219190076 61.889984131 -0.033609666 0.999227107 -0.020433508 -2.927017212 -0.219782129 0.012555182 0.975468099 111.963996887
0.975923300 0.034914538 0.215302736 62.062072754 -0.031568795 0.999322772 -0.018959846 -2.945596933 -0.215818703 0.011706536 0.976363122 112.737945557
0.976809144 0.030673716 0.211904928 62.236228943 -0.027709980 0.999473393 -0.016942231 -2.966892958 -0.212312832 0.010677473 0.977143288 113.526969910
0.977251112 0.029405424 0.210038751 62.407402039 -0.027042530 0.999535620 -0.014113428 -2.987783909 -0.210356027 0.008112416 0.977591157 114.325187683
0.977623522 0.026017165 0.208748415 62.581809998 -0.024069745 0.999640822 -0.011864102 -3.003743649 -0.208981916 0.006574140 0.977897346 115.130310059
0.977844298 0.020904448 0.208288476 62.757987976 -0.019089557 0.999761283 -0.010719644 -3.019258499 -0.208462656 0.006506043 0.978008628 115.940582275
0.977956116 0.021659177 0.207685784 62.928779602 -0.020202959 0.999755263 -0.009130152 -3.036027431 -0.207832515 0.004733057 0.978152990 116.756996155
0.977734149 0.027063085 0.208096296 63.093933105 -0.025317209 0.999619424 -0.011048800 -3.053156376 -0.208315924 0.005534407 0.978046000 117.582160950
0.977448881 0.032531507 0.208652571 63.258651733 -0.030202147 0.999441922 -0.014340730 -3.070333958 -0.209002480 0.007715608 0.977884710 118.410148621
0.976927519 0.041252326 0.209550515 63.423583984 -0.038771767 0.999122083 -0.015933309 -3.087008953 -0.210023671 0.007441075 0.977667987 119.248031616
0.975997865 0.047061220 0.212635726 63.591392517 -0.044830680 0.998878360 -0.015301845 -3.107425690 -0.213117212 0.005401997 0.977011859 120.094284058
0.975230455 0.049465176 0.215590477 63.767845154 -0.047730032 0.998773396 -0.013250330 -3.130120277 -0.215981260 0.002632021 0.976394057 120.939514160
0.974653959 0.049923208 0.218077719 63.952392578 -0.048009295 0.998748779 -0.014069444 -3.151460171 -0.218507111 0.003243115 0.975830078 121.782310486
0.974301100 0.048364408 0.219996676 64.139640808 -0.045772038 0.998810410 -0.016868668 -3.170679808 -0.220550656 0.006365499 0.975354850 122.623374939
0.974354446 0.041905664 0.221083239 64.339767456 -0.039456204 0.999102235 -0.015485776 -3.192780972 -0.221533552 0.006365561 0.975132048 123.464241028
0.974548399 0.035178162 0.221400768 64.539794922 -0.032224841 0.999338031 -0.016938221 -3.218838930 -0.221849933 0.009372541 0.975035846 124.305389404
0.974263132 0.034453712 0.222765729 64.732666016 -0.031489413 0.999362826 -0.016846010 -3.245375156 -0.223204195 0.009397715 0.974726617 125.148612976
0.973802149 0.036930807 0.224378482 64.922142029 -0.034666523 0.999301195 -0.014023574 -3.266303062 -0.224739552 0.005877794 0.974401295 125.996017456
0.973458052 0.038982671 0.225521713 65.110595703 -0.038082525 0.999240458 -0.008341747 -3.284934044 -0.225675568 -0.000468065 0.974202633 126.842254639
0.973107040 0.042495433 0.226399899 65.299728394 -0.042659305 0.999081790 -0.004170731 -3.306462049 -0.226369172 -0.005599459 0.974025726 127.688079834
0.972905397 0.041790117 0.227395639 65.489730835 -0.040424332 0.999126494 -0.010661948 -3.327746868 -0.227642506 0.001180781 0.973744273 128.518692017
0.973180771 0.037635483 0.226942718 65.686645508 -0.032819241 0.999150395 -0.024959475 -3.352300167 -0.227689192 0.016842013 0.973588467 129.335464478
