1.000000000 0.000000000 0.000000000 0.000000000 0.000000000 1.000000000 0.000000000 0.000000000 0.000000000 0.000000000 1.000000000 0.000000000
0.999997437 -0.000542023 0.002205709 -0.021287523 0.000552466 0.999988616 -0.004736800 0.029798660 -0.002203116 0.004738006 0.999986351 0.052521884
0.999956250 -0.006482969 0.006741575 -0.034057021 0.006560878 0.999911189 -0.011599423 0.052767787 -0.006665778 0.011643146 0.999909997 0.145032406
0.999691367 -0.006158647 0.024067616 -0.111010261 0.006571680 0.999831855 -0.017120145 0.066835746 -0.023958132 0.017273026 0.999563754 0.387757719
0.999118328 -0.005164795 0.041664314 -0.160672501 0.006041537 0.999762416 -0.020944618 0.067099683 -0.041546240 0.021177867 0.998912156 0.659987509
0.997673512 -0.007234510 0.067788109 -0.262846589 0.008738569 0.999721646 -0.021917459 0.064937964 -0.067610674 0.022458838 0.997458994 1.001682281
0.995438099 -0.007601835 0.095106028 -0.367728710 0.009938954 0.999659598 -0.024124313 0.054951187 -0.094890259 0.024959514 0.995174825 1.337024689
0.992172837 -0.010063102 0.124465987 -0.457357764 0.013603991 0.999525666 -0.027631503 0.040531099 -0.124128886 0.029108459 0.991839111 1.713016629
0.985512912 -0.012386027 0.169147551 -0.290353358 0.017618569 0.999410450 -0.029468957 0.000023358 -0.168682829 0.032022174 0.985150158 2.685511112
0.976755917 -0.012608342 0.213983372 -0.077708542 0.019510394 0.999354303 -0.030173801 -0.042346068 -0.213464767 0.033647340 0.976371229 3.651805162
0.965746641 -0.013037743 0.259158969 0.178029180 0.021198874 0.999362826 -0.028720992 -0.086050600 -0.258619368 0.033231080 0.965407729 4.606625557
0.952414393 -0.012735728 0.304539502 0.477538824 0.022213399 0.999370337 -0.027676731 -0.131041273 -0.303995162 0.033124577 0.952097714 5.546641350
0.936874211 -0.012972998 0.349425435 0.819421887 0.023654254 0.999373972 -0.026318025 -0.175109237 -0.348865151 0.032922082 0.936594605 6.469260216
0.919302821 -0.013477454 0.393319786 1.198712826 0.025899053 0.999318898 -0.026291061 -0.215885326 -0.392697573 0.034356058 0.919025898 7.369943619
0.899851918 -0.015686665 0.435913026 1.627026677 0.029875835 0.999222934 -0.025714653 -0.256938338 -0.435170978 0.036162645 0.899621487 8.246761322
0.878702462 -0.015090010 0.477131039 2.091322660 0.031302471 0.999170661 -0.026047481 -0.298948348 -0.476342201 0.037823364 0.878446281 9.100879669
0.855512142 -0.018887807 0.517437816 2.600286007 0.036853835 0.999021232 -0.024465894 -0.338118047 -0.516469300 0.040000439 0.855371058 9.928384781
0.830563307 -0.017947111 0.556634665 3.138616800 0.037535943 0.999012172 -0.023797648 -0.376285166 -0.555657625 0.040659256 0.830416620 10.728351593
0.803376794 -0.017167835 0.595223188 3.711103916 0.039389811 0.998927355 -0.024352955 -0.415019542 -0.594166517 0.043010324 0.803191543 11.501212120
0.774534762 -0.019108735 0.632242322 4.322655678 0.044495557 0.998713613 -0.024324864 -0.450106949 -0.630964160 0.046972428 0.774388969 12.240794182
0.744307339 -0.017443063 0.667609155 4.964474678 0.045048717 0.998693645 -0.024130639 -0.485573769 -0.666315913 0.048035540 0.744121253 12.952591896
0.712644219 -0.016954783 0.701320350 5.636880875 0.048537396 0.998504221 -0.025181761 -0.522166371 -0.699844360 0.051985905 0.712401628 13.628930092
0.679420054 -0.016416252 0.733565509 6.341581821 0.053790428 0.998174250 -0.027482238 -0.555882215 -0.731775045 0.058130790 0.679063082 14.277536392
0.645505726 -0.015820662 0.763591230 7.078958988 0.056011371 0.998074114 -0.026670665 -0.590103090 -0.761698604 0.059985861 0.645149231 14.902120590
0.611663878 -0.018327769 0.790905118 7.849641800 0.061534017 0.997805417 -0.024466410 -0.624576032 -0.788720906 0.063632794 0.611449718 15.490630150
0.578446031 -0.019599058 0.815484881 8.644296646 0.065864094 0.997569680 -0.022744030 -0.659722328 -0.813057303 0.066867366 0.578331470 16.048522949
0.546534300 -0.017589072 0.837251663 9.462022781 0.067699343 0.997435391 -0.023238007 -0.692626357 -0.834695756 0.069381751 0.546323895 16.581695557
0.515954614 -0.018302385 0.856420040 10.307902336 0.068643235 0.997440279 -0.020038396 -0.721097589 -0.853861094 0.069126353 0.515890777 17.091999054
0.485206127 -0.020073814 0.874168992 11.181012154 0.071243107 0.997320473 -0.016641622 -0.748867989 -0.871492684 0.070353150 0.485336542 17.574371338
0.454630017 -0.019976489 0.890455961 12.069430351 0.072039239 0.997298002 -0.014406897 -0.773379803 -0.887762308 0.070697583 0.454841256 18.029645920
0.424327880 -0.016542604 0.905357003 12.978522301 0.069709986 0.997462869 -0.014446533 -0.795230031 -0.902821302 0.069242485 0.424404830 18.464195251
0.395038188 -0.014910571 0.918543220 13.908258438 0.069841646 0.997462213 -0.013845180 -0.816183090 -0.916005969 0.069621928 0.395077407 18.869489670
0.366135687 -0.015106717 0.930438340 14.865804672 0.072045222 0.997327507 -0.012157713 -0.839414120 -0.927768350 0.071485013 0.366245896 19.244859695
0.336867720 -0.015574975 0.941422701 15.842076302 0.073972367 0.997210622 -0.009971489 -0.859092236 -0.938641667 0.072998337 0.337080538 19.593402863
0.307593733 -0.015869608 0.951385021 16.838998795 0.072851740 0.997318923 -0.006918006 -0.876063526 -0.948724866 0.071437970 0.307925522 19.919702530
0.279074878 -0.016032087 0.960135102 17.857368469 0.073723279 0.997267485 -0.004776466 -0.886538327 -0.957435191 0.072117284 0.279494584 20.218662262
0.252604783 -0.016238490 0.967432797 18.891475677 0.076832205 0.997038662 -0.003326108 -0.895714760 -0.964514375 0.075170189 0.253104687 20.488626480
0.227968484 -0.016305273 0.973531485 19.944988251 0.081248909 0.996691287 -0.002332614 -0.902780592 -0.970272720 0.079630122 0.228539318 20.732009888
0.205627427 -0.016717555 0.978487134 21.017807007 0.085559197 0.996332824 -0.000957683 -0.911873877 -0.974883139 0.083915487 0.206303999 20.953830719
0.185471326 -0.017752176 0.982488871 22.119840622 0.091458507 0.995808840 0.000727572 -0.915916920 -0.978384376 0.089722022 0.186317921 21.156314850
0.167875543 -0.019112904 0.985622346 23.240226746 0.095822595 0.995394289 0.002981462 -0.920154572 -0.981140256 0.093944371 0.168934181 21.341464996
0.152226910 -0.019597633 0.988150775 24.374221802 0.098982461 0.995079279 0.004486562 -0.922907710 -0.983376622 0.097126611 0.153418005 21.513792038
0.137834325 -0.020521965 0.990242243 25.516803741 0.101496123 0.994815052 0.006489228 -0.923556864 -0.985241354 0.099611297 0.139202908 21.671836853
0.124501862 -0.021549257 0.991984785 26.667837143 0.101705909 0.994775534 0.008844987 -0.923689008 -0.986993134 0.099789500 0.126043409 21.817701340
0.112173349 -0.021288430 0.993460059 27.830287933 0.101631172 0.994773746 0.009841219 -0.922410965 -0.988477945 0.099862576 0.113750994 21.951103210
0.100903228 -0.018487463 0.994723916 29.005674362 0.101863652 0.994765222 0.008155336 -0.920213103 -0.989667952 0.100503296 0.102258556 22.072158813
0.090576947 -0.014981522 0.995776296 30.197872162 0.102353618 0.994732261 0.005655609 -0.915400088 -0.990615845 0.101409018 0.091633551 22.183017731
0.081028193 -0.012572270 0.996631980 31.419500351 0.103585862 0.994612217 0.004125048 -0.911787391 -0.991314590 0.102902718 0.081894271 22.283071518
0.073351189 -0.011376458 0.997240722 32.668266296 0.103373118 0.994635880 0.003743215 -0.908769906 -0.991934359 0.102813303 0.074134074 22.378068924
0.067505166 -0.010406189 0.997664094 33.939266205 0.103279196 0.994646907 0.003386511 -0.903143704 -0.992359161 0.102809325 0.068218857 22.464614868
0.062258307 -0.008869405 0.998020172 35.228401184 0.104406215 0.994532347 0.002325364 -0.901309133 -0.992584109 0.104054682 0.062844239 22.545190811
0.057687964 -0.006974590 0.998309731 36.541023254 0.103433423 0.994636178 0.000971965 -0.900841773 -0.992962003 0.103202485 0.058100253 22.623069763
0.053611040 -0.005973797 0.998543382 37.874954224 0.104015902 0.994575858 0.000365530 -0.900344908 -0.993129611 0.103844762 0.053941928 22.695095062
0.050708242 -0.006890456 0.998689175 39.233146667 0.103806853 0.994596481 0.001591453 -0.900237739 -0.993303895 0.103590019 0.051149823 22.763435364
0.048228413 -0.008811878 0.998796821 40.623905182 0.104585163 0.994509220 0.003724004 -0.898677468 -0.993345737 0.104279682 0.048885494 22.831117630
0.045876421 -0.009984001 0.998896718 42.030303955 0.104410201 0.994521320 0.005145016 -0.896473348 -0.993475616 0.104058906 0.046667822 22.898838043
0.043576747 -0.009365364 0.999005616 43.456890106 0.107183672 0.994228661 0.004645223 -0.889591277 -0.993283808 0.106874608 0.044329368 22.961975098
0.042393878 -0.009517274 0.999055088 44.903804779 0.106996320 0.994247377 0.004931201 -0.885004699 -0.993355095 0.106686115 0.043168623 23.026494980
0.041560806 -0.008421372 0.999099851 46.372394562 0.108797252 0.994056702 0.003853093 -0.881557345 -0.993194759 0.108539134 0.042230330 23.089509964
0.041380979 -0.008099950 0.999110043 47.859889984 0.108548626 0.994084954 0.003563368 -0.879377007 -0.993229389 0.108304523 0.042015761 23.153734207
0.041993711 -0.006478559 0.999096394 49.369998932 0.108543009 0.994090140 0.001883853 -0.877683282 -0.993204296 0.108365767 0.042449061 23.218511581
0.042921036 -0.006626051 0.999055982 50.905620575 0.109011360 0.994038761 0.001909478 -0.878867507 -0.993113339 0.108826444 0.043387812 23.287664413
0.044124935 -0.007492788 0.998997450 52.464328766 0.108208813 0.994124651 0.002676746 -0.879585564 -0.993148267 0.107982151 0.044676799 23.358062744
0.045204964 -0.006742722 0.998954535 54.040039062 0.109407030 0.993995607 0.001758339 -0.879224598 -0.992968500 0.109213091 0.045671556 23.428482056
0.046217222 -0.005963454 0.998913109 55.630264282 0.109239519 0.994015157 0.000879979 -0.879275024 -0.992940307 0.109080032 0.046592385 23.503969193
0.047017559 -0.005477092 0.998878539 57.241340637 0.110198528 0.993909657 0.000262768 -0.881593049 -0.992796838 0.110062517 0.047335092 23.581291199
0.048037581 -0.005540233 0.998829663 58.881061554 0.109948181 0.993937433 0.000225268 -0.884588599 -0.992775679 0.109808631 0.048355807 23.658687592
0.048801515 -0.007313603 0.998781145 60.534961700 0.111831822 0.993725657 0.001812366 -0.886399984 -0.992528021 0.111607015 0.049313523 23.737211227
0.049285743 -0.009470844 0.998739302 62.200595856 0.113458976 0.993535459 0.003822532 -0.888912559 -0.992319405 0.113127477 0.050042003 23.818695068
0.050020933 -0.008555029 0.998711050 63.885829926 0.115070865 0.993353605 0.002745762 -0.891895175 -0.992096901 0.114785120 0.050673231 23.901544571
0.050493434 -0.007050458 0.998698890 65.588470459 0.116986386 0.993132949 0.001096430 -0.895574152 -0.991848886 0.116778709 0.050971817 23.987106323
0.051030267 -0.007267915 0.998670101 67.301254272 0.116256081 0.993218541 0.001287767 -0.902910948 -0.991907299 0.116035663 0.051529463 24.076725006
0.050964639 -0.007483908 0.998671770 69.031150818 0.116788089 0.993155837 0.001482598 -0.910232782 -0.991848171 0.116557330 0.051490176 24.167627335
0.051117100 -0.008523708 0.998655617 70.784477234 0.116610058 0.993174672 0.002508141 -0.915729880 -0.991861284 0.116324976 0.051762480 24.258989334
0.051147770 -0.008448896 0.998654664 72.552124023 0.118127845 0.992995620 0.002350910 -0.917832375 -0.991680086 0.117848575 0.051787879 24.349529266
0.051026467 -0.008732376 0.998658478 74.334411621 0.119076893 0.992881656 0.002597631 -0.921040356 -0.991572678 0.118784525 0.051703393 24.441621780
0.050636567 -0.007714616 0.998686790 76.129966736 0.119551420 0.992826760 0.001607719 -0.926520884 -0.991535544 0.119312927 0.051195964 24.536359787
0.049909439 -0.006804904 0.998729944 77.947105408 0.119075961 0.992884815 0.000814511 -0.931740642 -0.991629660 0.118883967 0.050364953 24.628597260
0.048678908 -0.005922188 0.998796225 79.767265320 0.118372783 0.992969275 0.000118439 -0.940714121 -0.991775036 0.118224449 0.049038008 24.721101761
0.047195505 -0.005179384 0.998871565 81.605743408 0.117611468 0.993059695 -0.000407751 -0.951538026 -0.991937339 0.117497899 0.047477428 24.812704086
0.046133049 -0.005759399 0.998917878 83.454345703 0.116602778 0.993178546 0.000341242 -0.960269392 -0.992106259 0.116460785 0.046490245 24.902315140
0.045040257 -0.005938842 0.998966694 85.307083130 0.116419204 0.993199825 0.000655589 -0.967986405 -0.992178023 0.116269290 0.045425709 24.993223190
0.044467244 -0.006529021 0.998988628 87.188636780 0.113976620 0.993482351 0.001419682 -0.974832654 -0.992487431 0.113798134 0.044921897 25.086284637
0.042674005 -0.005437522 0.999073386 89.091293335 0.113797404 0.993503690 0.000546518 -0.979883313 -0.992586672 0.113668546 0.043015890 25.173940659
0.039719895 -0.004323854 0.999200583 91.003013611 0.112497598 0.993651867 -0.000172120 -0.986893952 -0.992857456 0.112414427 0.039954498 25.264118195
0.035384215 -0.003335675 0.999367356 92.936775208 0.113102287 0.993583024 -0.000688196 -0.993188143 -0.992952704 0.113055006 0.035534751 25.342264175
0.030442894 -0.003838589 0.999528348 94.875373840 0.111085273 0.993810773 0.000433283 -1.003498673 -0.993344128 0.111019604 0.030681206 25.418411255
0.025348887 -0.004279166 0.999668658 96.820251465 0.109551579 0.993979990 0.001476889 -1.014042974 -0.993657529 0.109477758 0.025665388 25.481737137
0.020586267 -0.003212501 0.999782145 98.775825500 0.108364396 0.994110703 0.000962978 -1.024795175 -0.993897736 0.108320892 0.020813465 25.532100677
0.015664246 -0.001410559 0.999875486 100.741493225 0.108744010 0.994069755 -0.000301232 -1.036971450 -0.993946016 0.108735092 0.015725056 25.575563431
0.010767443 0.000389054 0.999941230 102.724502563 0.108513303 0.994093955 -0.001555252 -1.052582502 -0.994036317 0.108523600 0.010661926 25.604448318
0.005742237 0.000997716 0.999982297 104.717483521 0.107332550 0.994222045 -0.001608303 -1.068108201 -0.994206250 0.107339792 0.005602262 25.627744675
0.000290843 0.001143995 0.999998510 106.726898193 0.105513133 0.994417310 -0.001168292 -1.083867431 -0.994417548 0.105513237 0.000168803 25.645067215
-0.005540182 0.000922690 0.999983430 108.740432739 0.103747718 0.994603693 -0.000342929 -1.098737597 -0.994587839 0.103744030 -0.005605725 25.650924683
-0.011332408 0.000636455 0.999934793 110.761833191 0.103158168 0.994664907 0.000536012 -1.111275077 -0.994600117 0.103157446 -0.011337313 25.640813828
-0.017027780 0.000434056 0.999854088 112.792900085 0.103344694 0.994644880 0.001328199 -1.124100327 -0.994499505 0.103352174 -0.016981170 25.616987228
-0.022821497 0.002039517 0.999736786 114.831588745 0.104061089 0.994570971 0.000346482 -1.137055993 -0.994308710 0.104041509 -0.022909552 25.581827164
-0.028668385 0.003232540 0.999583066 116.881713867 0.103844173 0.994593740 -0.000238113 -1.149776220 -0.994180024 0.103793956 -0.028848791 25.531419754
-0.034916312 0.003274703 0.999384165 118.932060242 0.104334973 0.994542241 0.000386405 -1.162593961 -0.993928730 0.104284115 -0.035067130 25.468574524
-0.040682323 0.003434907 0.999165475 121.009384155 0.103699699 0.994608462 0.000803033 -1.175391912 -0.993775964 0.103645720 -0.040818911 25.393493652
-0.046166375 0.004365742 0.998923540 123.083274841 0.103241727 0.994656384 0.000424346 -1.191443682 -0.993583977 0.103150062 -0.046370137 25.299217224
-0.051649187 0.005721829 0.998648226 125.178573608 0.102591209 0.994723618 -0.000393412 -1.199388742 -0.993381441 0.102432080 -0.051963419 25.204999924
-0.060510788 0.007522966 0.998138666 127.311775208 0.102297239 0.994753182 -0.001295814 -1.196181417 -0.992911398 0.102028280 -0.060962617 25.158807755
-0.066614941 0.007601460 0.997749269 129.444244385 0.104493886 0.994525552 -0.000600339 -1.213850141 -0.992291749 0.104218580 -0.067044288 25.052379608
-0.070478946 0.008147025 0.997479320 131.553939819 0.105607070 0.994407833 -0.000660047 -1.228147149 -0.991906822 0.105294243 -0.070944935 24.912376404
-0.073811114 0.009601260 0.997225404 133.653671265 0.105945200 0.994370580 -0.001732079 -1.225041866 -0.991628349 0.105523273 -0.074412540 24.775077820
-0.077454001 0.010006842 0.996945024 135.786407471 0.104989238 0.994471908 -0.001825255 -1.233772397 -0.991452157 0.104527012 -0.078076169 24.626171112
-0.081325911 0.011395195 0.996621788 137.920379639 0.103184603 0.994657934 -0.002952709 -1.239670992 -0.991331577 0.102595769 -0.082067013 24.470766068
-0.085246310 0.013080935 0.996273398 140.083404541 0.101920955 0.994783223 -0.004340478 -1.247272015 -0.991132915 0.101171009 -0.086134553 24.302196503
-0.089817844 0.013364621 0.995867968 142.247817993 0.100911386 0.994886398 -0.004250194 -1.263389707 -0.990832448 0.100112550 -0.090706937 24.120445251
-0.094493188 0.014425850 0.995420277 144.419540405 0.101429269 0.994831085 -0.004788841 -1.283263683 -0.990344524 0.100512110 -0.095467724 23.929161072
-0.099222489 0.015365317 0.994945884 146.597015381 0.101208232 0.994851172 -0.005270709 -1.309092760 -0.989904523 0.100173607 -0.100266472 23.725334167
-0.103851363 0.015613119 0.994469583 148.776351929 0.100757532 0.994897902 -0.005097846 -1.335680366 -0.989475608 0.099670745 -0.104894385 23.505327225
-0.108249597 0.015102677 0.994008243 150.960006714 0.100697152 0.994908392 -0.004150221 -1.361837268 -0.989010334 0.099644415 -0.109218970 23.277301788
-0.112436377 0.015375917 0.993539274 153.151779175 0.101561196 0.994821548 -0.003902332 -1.385811687 -0.988454580 0.100466140 -0.113415480 23.038333893
-0.116663978 0.016355839 0.993036032 155.354263306 0.103108108 0.994660914 -0.004269237 -1.409772635 -0.987804353 0.101891890 -0.117727280 22.788818359
-0.120458357 0.017626734 0.992561162 157.558181763 0.103596047 0.994606435 -0.005090519 -1.435490131 -0.987297833 0.102212109 -0.121634446 22.527101517
-0.124116480 0.019607658 0.992073178 159.788711548 0.104059018 0.994548917 -0.006637949 -1.460816503 -0.986795843 0.102410167 -0.125480026 22.258163452
-0.127752408 0.020691507 0.991589546 162.015899658 0.105171740 0.994427979 -0.007200827 -1.492046833 -0.986213684 0.103367150 -0.129216492 21.974948883
-0.131235465 0.021645777 0.991114199 164.254745483 0.105124287 0.994428515 -0.007798433 -1.524241328 -0.985761285 0.103166632 -0.132779539 21.683912277
-0.134934947 0.021747036 0.990614891 166.497406006 0.105540141 0.994387090 -0.007453861 -1.556888461 -0.985217214 0.103543781 -0.136472523 21.382316589
-0.139255062 0.021908766 0.990013242 168.753524780 0.105209768 0.994423866 -0.007207578 -1.590112567 -0.984651208 0.103155293 -0.140783325 21.073749542
-0.143317595 0.022436844 0.989421487 171.024429321 0.107507586 0.994179726 -0.006972278 -1.622133136 -0.983819783 0.105370991 -0.144895345 20.750492096
-0.146810561 0.022378523 0.988910615 173.302825928 0.109631106 0.993952811 -0.006217127 -1.652925611 -0.983070016 0.107502557 -0.148375928 20.415784836
-0.149645716 0.021891925 0.988496482 175.577896118 0.110486493 0.993863463 -0.005284545 -1.681620836 -0.982546747 0.108424604 -0.151145905 20.073240280
-0.152739704 0.021444708 0.988032877 177.863006592 0.110042587 0.993916333 -0.004560946 -1.709990978 -0.982120335 0.108028993 -0.154170066 19.724372864
-0.156052291 0.022270126 0.987496793 180.167816162 0.109105691 0.994016528 -0.005175387 -1.739037037 -0.981703877 0.106933825 -0.157548130 19.369428635
-0.159117892 0.024414459 0.986956894 182.458724976 0.108351186 0.994087100 -0.007122382 -1.769739866 -0.981295347 0.105804585 -0.160822168 19.005170822
-0.162475213 0.026483143 0.986356378 184.760757446 0.107925318 0.994118929 -0.008913817 -1.802549243 -0.980792046 0.105004475 -0.164377689 18.632345200
-0.165921181 0.027808145 0.985745966 187.059524536 0.107123837 0.994195163 -0.010015359 -1.837863684 -0.980302870 0.103935063 -0.167936772 18.254285812
-0.169353843 0.029048910 0.985126317 189.361083984 0.105608873 0.994344890 -0.011165434 -1.875856876 -0.979880095 0.102147110 -0.171463817 17.868816376
-0.173356816 0.029571854 0.984414279 191.675918579 0.106799155 0.994218886 -0.011058894 -1.915586710 -0.979050756 0.103217408 -0.175512776 17.468345642
-0.177048594 0.029152494 0.983769536 193.994689941 0.106761418 0.994231701 -0.010248709 -1.953909397 -0.978393972 0.103214055 -0.179139584 17.057689667
-0.180947959 0.028663885 0.983074129 196.327117920 0.106737226 0.994243205 -0.009343119 -1.993603826 -0.977682889 0.103239931 -0.182965711 16.635135651
-0.185142532 0.028713901 0.982291281 198.672729492 0.106976181 0.994221568 -0.008899733 -2.031910181 -0.976871133 0.103433996 -0.187144324 16.200298309
-0.189115107 0.029124347 0.981522143 201.014175415 0.106233083 0.994300008 -0.009034999 -2.072330475 -0.976190984 0.102561414 -0.191131026 15.758277893
-0.193130627 0.029887386 0.980716944 203.351913452 0.105494455 0.994374037 -0.009528768 -2.115596771 -0.975484669 0.101619840 -0.195196941 15.309627533
-0.196510583 0.030644758 0.980021834 205.694015503 0.105701908 0.994348347 -0.009897755 -2.160613060 -0.974786997 0.101645105 -0.198639095 14.845924377
-0.199574724 0.031235911 0.979383826 208.061126709 0.106625460 0.994248927 -0.009982317 -2.205549717 -0.974063575 0.102434970 -0.201757431 14.367877960
-0.202339768 0.030864645 0.978828132 210.412765503 0.107753284 0.994135976 -0.009072968 -2.248211861 -0.973368764 0.103636056 -0.204478949 13.884693146
-0.205065489 0.030174701 0.978281915 212.767868042 0.109064721 0.994003713 -0.007797697 -2.288180828 -0.972652018 0.105096951 -0.207126826 13.391323090
-0.207900062 0.030831916 0.977662921 215.127685547 0.110341154 0.993862271 -0.007878717 -2.327344894 -0.971906006 0.106238402 -0.210026056 12.890735626
-0.210671470 0.031802133 0.977038443 217.480102539 0.110266224 0.993864775 -0.008573937 -2.366575718 -0.971317530 0.105927974 -0.212885648 12.387420654
-0.213531390 0.032206994 0.976404071 219.844589233 0.109858006 0.993908346 -0.008759344 -2.409166574 -0.970739067 0.105395347 -0.215768829 11.873798370
-0.216558620 0.033606146 0.975689948 222.213790894 0.109800100 0.993904412 -0.009862894 -2.455977440 -0.970074832 0.104994886 -0.218928516 11.350685120
-0.219622433 0.034898546 0.974959493 224.580871582 0.109714858 0.993903339 -0.010861924 -2.504788876 -0.969395399 0.104581945 -0.222112358 10.820701599
-0.222372875 0.035334986 0.974320114 226.952484131 0.107629634 0.994124293 -0.011488471 -2.554743528 -0.969002068 0.102310926 -0.224869370 10.284168243
-0.225663066 0.036217071 0.973531008 229.319702148 0.108559310 0.994019449 -0.011815376 -2.607585669 -0.968137383 0.103019483 -0.228245199 9.738872528
-0.228531510 0.035553314 0.972886086 231.696609497 0.110125490 0.993862391 -0.010451330 -2.659070492 -0.967287242 0.104751021 -0.231044203 9.181713104
-0.231451496 0.034610640 0.972229540 234.074264526 0.110722303 0.993810236 -0.009020043 -2.707414627 -0.966524541 0.105559744 -0.233851001 8.618598938
-0.234762400 0.034305036 0.971446335 236.456268311 0.109893270 0.993906617 -0.008541071 -2.752319813 -0.965820372 0.104750209 -0.237101749 8.046798706
-0.238020912 0.035010517 0.970627904 238.818710327 0.108748756 0.994026780 -0.009186748 -2.795113325 -0.965152144 0.103367858 -0.240406439 7.471103668
-0.241777807 0.034573391 0.969714642 241.195663452 0.107254662 0.994193316 -0.008704457 -2.840403080 -0.964385152 0.101901770 -0.244082034 6.885585785
-0.245524794 0.034110915 0.968789041 243.563934326 0.106599569 0.994269788 -0.007992057 -2.884915829 -0.963510752 0.101310171 -0.247754052 6.291164398
-0.249423847 0.034530304 0.967777669 245.925811768 0.106238239 0.994307697 -0.008096279 -2.929411650 -0.962548792 0.100795507 -0.251672417 5.690479279
-0.253433704 0.034464266 0.966737747 248.291381836 0.105760686 0.994361520 -0.007723517 -2.972321510 -0.961553335 0.100285359 -0.255649656 5.077911377
-0.257691145 0.034115285 0.965623975 250.645477295 0.104949661 0.994451880 -0.007126388 -3.015895128 -0.960510135 0.099505417 -0.259841800 4.458618164
-0.261946589 0.034300394 0.964471698 253.008361816 0.104304217 0.994520426 -0.007040451 -3.058320761 -0.959428787 0.098754145 -0.264088869 3.827232361
-0.266171008 0.035201881 0.963281870 255.359313965 0.104633644 0.994482994 -0.007430037 -3.101417065 -0.958229423 0.098813966 -0.268385828 3.186042786
-0.269864321 0.035613775 0.962238550 257.713562012 0.105127946 0.994431674 -0.007321672 -3.144878626 -0.957141697 0.099182226 -0.272105575 2.531288147
-0.273776859 0.035661284 0.961130738 260.061096191 0.105195068 0.994427443 -0.006932022 -3.186707973 -0.956022441 0.099208318 -0.276002645 1.867439270
-0.277640045 0.036346223 0.959996223 262.412658691 0.104186930 0.994529307 -0.007521818 -3.226739883 -0.955018282 0.097930640 -0.279907972 1.194091797
-0.281541318 0.036677491 0.958846748 264.753173828 0.104882270 0.994458258 -0.007243633 -3.265401602 -0.953799129 0.098526575 -0.283827901 0.511581421
-0.285295308 0.037354931 0.957710326 267.102569580 0.105580941 0.994383633 -0.007333515 -3.302254200 -0.952606022 0.099023648 -0.287636995 -0.181015015
-0.288996428 0.038429894 0.956557393 269.440673828 0.107024394 0.994227290 -0.007608931 -3.341645479 -0.951328278 0.100175954 -0.291441083 -0.883140564
-0.292502165 0.040312413 0.955413640 271.778808594 0.109275341 0.993975282 -0.008484561 -3.380447388 -0.950000048 0.101921335 -0.295145094 -1.597244263
-0.295488358 0.041018747 0.954464197 274.119018555 0.110628508 0.993825734 -0.008461336 -3.421104431 -0.948918760 0.103090651 -0.298201829 -2.320663452
-0.298623025 0.042977117 0.953401864 276.460357666 0.112426519 0.993613958 -0.009575716 -3.462303162 -0.947725415 0.104328066 -0.301547766 -3.049285889
-0.301475048 0.045368217 0.952392936 278.802398682 0.114355065 0.993377745 -0.011122054 -3.504073381 -0.946591020 0.105557866 -0.304666698 -3.788963318
-0.304599136 0.046023838 0.951366961 281.166961670 0.115597419 0.993234873 -0.011038434 -3.543874502 -0.945439279 0.106613204 -0.307858735 -4.544792175
-0.308140486 0.047159385 0.950170279 283.537200928 0.115815341 0.993201613 -0.011736180 -3.582636595 -0.944264352 0.106427826 -0.311507314 -5.308250427
-0.311840713 0.047371011 0.948951721 285.922332764 0.115133479 0.993280709 -0.011749173 -3.623297691 -0.943132401 0.105592147 -0.315199256 -6.084953308
-0.315639913 0.048638135 0.947630703 288.304992676 0.116201505 0.993150055 -0.012269683 -3.665544987 -0.941736519 0.106243216 -0.319129556 -6.871299744
-0.319104880 0.049217384 0.946439564 290.694000244 0.115598120 0.993215382 -0.012674377 -3.710652113 -0.940642416 0.105362065 -0.322629243 -7.670982361
-0.322239280 0.049314387 0.945371866 293.085113525 0.113942020 0.993402779 -0.012981611 -3.755932331 -0.939775527 0.103534296 -0.325732261 -8.476928711
-0.325066090 0.049692322 0.944383860 295.489044189 0.115482263 0.993230879 -0.012512470 -3.800818682 -0.938613176 0.104992107 -0.328604192 -9.300430298
-0.327411056 0.049543586 0.943581223 297.902801514 0.117089063 0.993054807 -0.011512770 -3.844657421 -0.937598586 0.106713526 -0.330938071 -10.136383057
-0.329637140 0.049595982 0.942803144 300.322692871 0.118230820 0.992926538 -0.010895059 -3.886251450 -0.936674893 0.107876860 -0.333169132 -10.981933594
-0.331903011 0.049404629 0.942017913 302.750457764 0.118114695 0.992945015 -0.010459947 -3.924836874 -0.935889065 0.107794344 -0.335396767 -11.834777832
-0.334467232 0.048766501 0.941143751 305.187438965 0.117796466 0.992991567 -0.009590094 -3.962686539 -0.935015857 0.107655719 -0.337867647 -12.696784973
-0.337138742 0.048805639 0.940188169 307.634735107 0.119156234 0.992836475 -0.008810834 -3.999333143 -0.933883369 0.109058619 -0.340539068 -13.572044373
-0.339718133 0.048677251 0.939265847 310.084259033 0.119437702 0.992807508 -0.008253241 -4.034925461 -0.932912230 0.109379821 -0.343088508 -14.454055786
-0.341955602 0.049741935 0.938397706 312.542022705 0.118984565 0.992852986 -0.009270049 -4.070880890 -0.932152271 0.108484745 -0.345430017 -15.346351624
-0.344523370 0.052541159 0.937305272 314.992828369 0.118583485 0.992870927 -0.012068423 -4.110625744 -0.931257486 0.106990919 -0.348297626 -16.241935730
-0.348259449 0.052436493 0.935929418 317.482238770 0.117403805 0.993012547 -0.011948667 -4.153664589 -0.930016458 0.105720282 -0.351982117 -17.160186768
-0.353158385 0.051136158 0.934164047 319.974945068 0.115531415 0.993246377 -0.010693963 -4.195926666 -0.928402007 0.104148485 -0.356681019 -18.090423584
-0.358617276 0.049140949 0.932189286 322.462219238 0.113428928 0.993507862 -0.008736782 -4.236047268 -0.926566899 0.102603927 -0.361862957 -19.029792786
-0.363743663 0.048122808 0.930254161 324.952545166 0.112684041 0.993603885 -0.007338747 -4.272140980 -0.924657583 0.102155231 -0.366839677 -19.989585876
-0.368612409 0.048671894 0.928307116 327.471374512 0.113613911 0.993500590 -0.006976191 -4.304795742 -0.922613382 0.102896944 -0.371746391 -20.974960327
-0.373067707 0.049897466 0.926460385 329.972290039 0.116360411 0.993185043 -0.006635029 -4.338262558 -0.920477808 0.105327845 -0.376331300 -21.973617554
-0.377262622 0.051115848 0.924693465 332.469818115 0.118011460 0.992989361 -0.006744054 -4.370030880 -0.918555737 0.106580019 -0.380649924 -22.984870911
-0.381231993 0.051297903 0.923053980 334.956726074 0.119245686 0.992847145 -0.005926746 -4.403526306 -0.916755676 0.107810616 -0.384622037 -24.006416321
-0.385453641 0.050091207 0.921365559 337.445007324 0.119705260 0.992801905 -0.003896189 -4.436802387 -0.914928675 0.108790375 -0.388675123 -25.039688110
-0.389848948 0.048593909 0.919594646 339.949188232 0.118362293 0.992967904 -0.002293156 -4.470387936 -0.913239539 0.107951224 -0.392858982 -26.089286804
-0.394127518 0.048744261 0.917761147 342.445129395 0.117963210 0.993015885 -0.002082541 -4.500879288 -0.911453009 0.107441142 -0.397124797 -27.147773743
-0.398672879 0.048620060 0.915802360 344.941131592 0.118153356 0.992994666 -0.001282928 -4.530950546 -0.909449339 0.107693553 -0.401624471 -28.221084595
-0.403108358 0.048772633 0.913850546 347.440124512 0.119741969 0.992805243 -0.000167116 -4.559140682 -0.907283783 0.109358788 -0.406048000 -29.314918518
-0.407505363 0.048266124 0.911925256 349.926727295 0.120579809 0.992702842 0.001341140 -4.582480907 -0.905206263 0.110506184 -0.410351515 -30.417419434
-0.411556751 0.047725860 0.910132587 352.416473389 0.119505174 0.992831767 0.001977111 -4.604563713 -0.903514206 0.109579138 -0.414309919 -31.532875061
-0.415322483 0.047073800 0.908454359 354.894042969 0.119555458 0.992822468 0.003212213 -4.622288704 -0.901782751 0.109944671 -0.417969197 -32.655349731
-0.418455541 0.046501108 0.907045186 357.368988037 0.120142855 0.992746472 0.004531890 -4.638437271 -0.900255084 0.110871285 -0.421006620 -33.791564941
-0.421494722 0.046384815 0.905642807 359.840087891 0.118015252 0.993003666 0.004066203 -4.650947571 -0.899117887 0.108593442 -0.424019545 -34.936317444
-0.424677908 0.046250876 0.904161394 362.283386230 0.114597045 0.993407667 0.003009282 -4.666460991 -0.898061514 0.104892075 -0.427178174 -36.074157715
-0.428067058 0.046611771 0.902543128 364.718658447 0.111892097 0.993719041 0.001748761 -4.683163166 -0.896792650 0.101735912 -0.430593491 -37.216148376
-0.431145996 0.044794165 0.901168644 367.114532471 0.110564478 0.993863106 0.003495669 -4.699741840 -0.895481527 0.101144269 -0.433452338 -38.356086731
-0.434754252 0.044274263 0.899459243 369.517486572 0.111769885 0.993721247 0.005109942 -4.714245319 -0.893585265 0.102753922 -0.436972708 -39.507682800
-0.438018829 0.045157820 0.897829950 371.826721191 0.112185374 0.993676245 0.004752653 -4.728786945 -0.891937435 0.102805018 -0.440314502 -40.621299744
-0.441781640 0.044809770 0.896001875 374.173309326 0.110903732 0.993818939 0.004980419 -4.744015217 -0.890240312 0.101570100 -0.444020182 -41.759178162
-0.445330411 0.041699853 0.894393742 376.641357422 0.109166034 0.993991554 0.008011776 -4.754784107 -0.888685644 0.101205200 -0.447206527 -42.973014832
-0.448828995 0.039838824 0.892728329 379.103057861 0.107045643 0.994209528 0.009450901 -4.758005142 -0.887182236 0.099804409 -0.450494289 -44.194419861
-0.452087671 0.039496899 0.891097724 381.559020996 0.106151149 0.994302392 0.009783251 -4.757239342 -0.885633647 0.099013835 -0.453704208 -45.426269531
-0.455011070 0.040004686 0.889585793 384.001892090 0.105958879 0.994325697 0.009481744 -4.758789062 -0.884158313 0.098573692 -0.456667721 -46.658683777
-0.457967341 0.039783441 0.888077557 386.425537109 0.106309816 0.994280338 0.010281308 -4.763039589 -0.882588446 0.099119738 -0.459577024 -47.893249512
-0.461143196 0.039273728 0.886455357 388.861999512 0.106305070 0.994270325 0.011250665 -4.769845963 -0.880933881 0.099422760 -0.462675750 -49.144882202
-0.464374542 0.038530625 0.884799480 391.289733887 0.103424080 0.994577289 0.010969577 -4.773360729 -0.879578292 0.096603453 -0.465841055 -50.400550842
-0.467751235 0.037059538 0.883081973 393.715759277 0.093794644 0.995560646 0.007901418 -4.778841972 -0.878868341 0.086524151 -0.469150394 -51.663078308
-0.471676409 0.041915409 0.880774021 396.134735107 0.086774237 0.996228039 -0.000939955 -4.799605370 -0.877490699 0.075985052 -0.473534077 -52.925209045
-0.474151403 0.051351145 0.878943563 398.533447266 0.097086474 0.995259643 -0.005772830 -4.834542751 -0.875073135 0.082596250 -0.476888865 -54.212493896
-0.474757820 0.051086821 0.878631592 400.935180664 0.104636021 0.994510174 -0.001285559 -4.869291306 -0.873873234 0.091326095 -0.477496684 -55.519172668
-0.477193981 0.041363712 0.877823055 403.334442139 0.104128666 0.994516611 0.009743103 -4.883476257 -0.872606158 0.096055791 -0.478884071 -56.816925049
-0.480832309 0.031014079 0.876262903 405.738769531 0.098275341 0.994983733 0.018710662 -4.870410442 -0.871286631 0.095111623 -0.481467754 -58.112495422
-0.484726161 0.025535058 0.874292135 408.140716553 0.092212476 0.995495617 0.022049580 -4.842345238 -0.869790494 0.091308564 -0.484896928 -59.408020020
-0.487886518 0.025446616 0.872534931 410.532104492 0.091290347 0.995581448 0.022010762 -4.816035271 -0.868119180 0.090392686 -0.488053262 -60.721343994
-0.490714550 0.030160608 0.870797217 412.923522949 0.096854262 0.995095670 0.020113887 -4.795850754 -0.865919471 0.094210483 -0.491228610 -62.052352905
-0.493337303 0.036519833 0.869069993 415.303649902 0.101554237 0.994704187 0.015849207 -4.781805038 -0.863888383 0.096076660 -0.494432807 -63.389633179
-0.496367067 0.039592989 0.867208362 417.682250977 0.102562308 0.994638145 0.013293070 -4.773582458 -0.862031758 0.095541023 -0.497765869 -64.732406616
-0.500146866 0.039675314 0.865030110 420.055603027 0.102641582 0.994624019 0.013726504 -4.767447948 -0.859834731 0.095653221 -0.501529932 -66.079925537
-0.503554404 0.038875598 0.863087356 422.415008545 0.103619851 0.994494081 0.015660834 -4.757820129 -0.857726097 0.097318955 -0.504809499 -67.437545776
-0.506589174 0.038128156 0.861343026 424.777160645 0.104163446 0.994411111 0.017244004 -4.741543770 -0.855871201 0.098455973 -0.507728934 -68.807830811
-0.508993745 0.038520310 0.859906793 427.129028320 0.104839563 0.994335353 0.017514186 -4.726487160 -0.854360640 0.099066749 -0.510148406 -70.180023193
-0.510922492 0.038634297 0.858756840 429.472900391 0.105081283 0.994305134 0.017786248 -4.710693359 -0.853178799 0.099326529 -0.512071967 -71.555908203
-0.512573361 0.039208326 0.857746482 431.813171387 0.105889700 0.994218588 0.017831102 -4.695865154 -0.852087915 0.099966131 -0.513761163 -72.939056396
-0.514172494 0.038384397 0.856826186 434.146514893 0.107100762 0.994052827 0.019738074 -4.676009178 -0.850972474 0.101915374 -0.515224993 -74.324722290
-0.515327632 0.037383188 0.856176198 436.482971191 0.108997725 0.993794382 0.022213059 -4.652443886 -0.850032330 0.104768120 -0.516203701 -75.725067139
-0.516729832 0.036623865 0.855363429 438.803375244 0.110518016 0.993579566 0.024222687 -4.621417999 -0.848984063 0.107049517 -0.517459214 -77.116027832
-0.518441260 0.037156928 0.854304254 441.119293213 0.109183572 0.993755281 0.023036677 -4.589406967 -0.848113000 0.105219021 -0.519259989 -78.507141113
-0.520322204 0.038307857 0.853108943 443.433227539 0.105380148 0.994239032 0.019627541 -4.563009262 -0.847441912 0.100113273 -0.521360755 -79.898910522
-0.522000432 0.038242705 0.852086127 445.746643066 0.102308594 0.994589806 0.018037230 -4.541553974 -0.846786022 0.096591055 -0.523088038 -81.297500610
-0.523494303 0.037520874 0.851201177 448.067108154 0.101585291 0.994652987 0.018631352 -4.523483276 -0.845950365 0.096222796 -0.524506032 -82.702041626
-0.524768412 0.036707565 0.850451827 450.382080078 0.099542692 0.994862258 0.018481756 -4.504443169 -0.845403671 0.094354779 -0.525725543 -84.114974976
-0.525996089 0.036371719 0.849707365 452.689819336 0.096881717 0.995145082 0.017375669 -4.485180855 -0.844949663 0.091460548 -0.526965261 -85.529708862
-0.527001143 0.036038827 0.849098623 454.991088867 0.096044533 0.995226324 0.017369902 -4.468987942 -0.844418824 0.090705149 -0.527945817 -86.944244385
-0.527727127 0.034382641 0.848716259 457.293395996 0.096366480 0.995153546 0.019605091 -4.451007843 -0.843928576 0.092133850 -0.528481901 -88.361846924
-0.527581275 0.032641467 0.848875701 459.590026855 0.098881289 0.994829416 0.023201501 -4.424629211 -0.843728960 0.096178502 -0.528080106 -89.783477783
-0.526485145 0.030499209 0.849635541 461.889953613 0.103530332 0.994219661 0.028464250 -4.386040688 -0.843855917 0.102948964 -0.526598573 -91.211776733
-0.524939537 0.028959122 0.850645125 464.189788818 0.107463717 0.993678749 0.032488126 -4.334638596 -0.844326913 0.108467698 -0.524732351 -92.633850098
-0.523379266 0.027441313 0.851656318 466.487152100 0.101640254 0.994356632 0.030422963 -4.279766083 -0.846015036 0.102485210 -0.523213744 -94.038009644
-0.522659123 0.028257927 0.852071762 468.781280518 0.094520271 0.995210350 0.024973558 -4.235633850 -0.847284675 0.093590625 -0.522825718 -95.430603027
-0.520935059 0.027078323 0.853165209 471.095794678 0.089944258 0.995674491 0.023317738 -4.204563141 -0.848843038 0.088884242 -0.521116316 -96.831054688
-0.518150985 0.027440218 0.854847252 473.411468506 0.088400036 0.995851159 0.021615734 -4.176752090 -0.850707293 0.086768672 -0.518426001 -98.226806641
-0.514872551 0.027917238 0.856810451 475.725341797 0.090513870 0.995653808 0.021950187 -4.147508621 -0.852473855 0.088854685 -0.515160620 -99.620513916
-0.511736274 0.027762434 0.858692229 478.044372559 0.091095924 0.995597422 0.022099705 -4.116789818 -0.854298294 0.089532517 -0.512011230 -101.003952026
-0.509178817 0.029268797 0.860161364 480.360839844 0.088818565 0.995872915 0.018690061 -4.091416359 -0.856064498 0.085914806 -0.509675801 -102.374481201
-0.507771671 0.025228992 0.861120582 482.692108154 0.081686363 0.996478081 0.018972754 -4.071548462 -0.857609153 0.079975568 -0.508043051 -103.733123779
-0.507256150 0.020249588 0.861555815 485.037017822 0.072845958 0.997153997 0.019452654 -4.050338745 -0.858709991 0.072628267 -0.507286429 -105.083496094
-0.506865263 0.018244015 0.861830592 487.364624023 0.065803781 0.997678220 0.017581120 -4.028762817 -0.859508872 0.065622911 -0.506887853 -106.431091309
-0.506191730 0.018244157 0.862226367 489.699768066 0.064044803 0.997811377 0.016486008 -4.009637833 -0.860038519 0.063566133 -0.506251216 -107.785339355
-0.505131066 0.018112972 0.862851024 492.036468506 0.066019706 0.997661829 0.017706331 -3.993021965 -0.860512733 0.065909117 -0.505144596 -109.139038086
-0.503559113 0.016826643 0.863795280 494.353240967 0.067593500 0.997513592 0.019972874 -3.973374367 -0.861311436 0.068444408 -0.503443360 -110.482513428
-0.502036631 0.014710276 0.864719629 496.669342041 0.065836214 0.997604728 0.021252090 -3.947113991 -0.862335742 0.067599125 -0.501801431 -111.818511963
-0.501051843 0.014956260 0.865286171 498.983184814 0.063544966 0.997788012 0.019549722 -3.920480728 -0.863080025 0.064779989 -0.500892997 -113.145492554
-0.500065327 0.016438304 0.865829766 501.301116943 0.062487818 0.997898996 0.017144449 -3.899152756 -0.863729119 0.062677145 -0.500040889 -114.472290039
-0.499077350 0.017999714 0.866368651 503.631347656 0.062690236 0.997914970 0.015380340 -3.882916451 -0.864285767 0.061988804 -0.499164253 -115.795410156
-0.497960091 0.018397072 0.867003024 505.973144531 0.064596392 0.997784853 0.015928492 -3.869662285 -0.864789724 0.063937001 -0.498044372 -117.126251221
