1.000000000 0.000000000 0.000000000 0.000000000 0.000000000 1.000000000 0.000000000 0.000000000 0.000000000 0.000000000 1.000000000 0.000000000
0.999996781 0.002271701 -0.001104915 -0.002966143 -0.002269287 0.999995053 0.002181055 0.003008564 0.001109864 -0.002178541 0.999997020 0.334060282
0.999986231 0.004809005 -0.002091223 -0.013523748 -0.004804038 0.999985635 0.002373980 0.001179021 0.002102609 -0.002363901 0.999994993 0.988971293
0.999975085 0.006123292 -0.003509195 -0.028245743 -0.006115698 0.999978960 0.002170746 -0.017022140 0.003522413 -0.002149231 0.999991477 2.518043041
0.999965668 0.006678149 -0.004909397 -0.045357481 -0.006668112 0.999975681 0.002058154 -0.035597973 0.004923022 -0.002025347 0.999985814 4.044236660
0.999958694 0.006656236 -0.006190065 -0.062786058 -0.006642122 0.999975324 0.002298007 -0.053275794 0.006205208 -0.002256797 0.999978185 5.565139294
0.999947548 0.006539715 -0.007885207 -0.080627784 -0.006519240 0.999975324 0.002619561 -0.070582159 0.007902144 -0.002568017 0.999965489 7.080298901
0.999943733 0.004670552 -0.009528724 -0.098484233 -0.004653646 0.999987543 0.001795677 -0.087928556 0.009536994 -0.001751232 0.999952972 8.591296196
0.999934494 0.003540284 -0.010886399 -0.119894296 -0.003517312 0.999991536 0.002128527 -0.106252886 0.010893843 -0.002090096 0.999938488 10.101012230
0.999919772 0.003794811 -0.012084756 -0.144616291 -0.003770090 0.999990761 0.002067738 -0.123832375 0.012092492 -0.002022011 0.999924839 11.607157707
0.999905229 0.004347013 -0.013056455 -0.172865421 -0.004320569 0.999988556 0.002052992 -0.141181767 0.013065234 -0.001996385 0.999912679 13.111775398
0.999890506 0.005866293 -0.013581421 -0.202870131 -0.005832243 0.999979734 0.002545541 -0.158079177 0.013596082 -0.002466051 0.999904633 14.614370346
0.999875724 0.007184453 -0.014029836 -0.233758658 -0.007139737 0.999969244 0.003234866 -0.173698455 0.014052648 -0.003134293 0.999896467 16.116950989
0.999860585 0.007981963 -0.014662815 -0.263953865 -0.007923992 0.999960482 0.004007528 -0.188161671 0.014694227 -0.003890779 0.999884605 17.613506317
0.999854982 0.007852100 -0.015109290 -0.293229729 -0.007793438 0.999961913 0.003937538 -0.203029633 0.015139636 -0.003819213 0.999878168 19.108655930
0.999842525 0.008539083 -0.015553514 -0.324326992 -0.008476732 0.999955773 0.004070370 -0.218182206 0.015587587 -0.003937886 0.999870837 20.587129593
0.999835789 0.009120001 -0.015656888 -0.355464995 -0.009048970 0.999948382 0.004601594 -0.232757911 0.015698049 -0.004459159 0.999866962 22.059650421
0.999830008 0.010094984 -0.015424890 -0.388619065 -0.010005534 0.999932706 0.005865412 -0.246854007 0.015483066 -0.005710080 0.999863982 23.525985718
0.999829471 0.010242652 -0.015364215 -0.419290036 -0.010174549 0.999938071 0.004504284 -0.261380255 0.015409403 -0.004347191 0.999871969 24.980863571
0.999825180 0.010661021 -0.015353885 -0.448865116 -0.010623890 0.999940455 0.002497865 -0.276868582 0.015379602 -0.002334310 0.999879122 26.424356461
0.999850154 0.008676039 -0.014963770 -0.477563292 -0.008643081 0.999959886 0.002265503 -0.292958260 0.014982830 -0.002135830 0.999885857 27.870426178
0.999862611 0.007711168 -0.014660513 -0.504903436 -0.007639229 0.999958336 0.004956494 -0.308993101 0.014698127 -0.004843819 0.999880672 29.307821274
0.999875844 0.006121279 -0.014507649 -0.531489611 -0.006032527 0.999962628 0.006153288 -0.324615121 0.014544779 -0.006065007 0.999876261 30.730539322
0.999884129 0.005206766 -0.014292264 -0.556651831 -0.005128159 0.999971390 0.005530901 -0.338629633 0.014320658 -0.005456969 0.999882936 32.138053894
0.999890685 0.005206623 -0.013827275 -0.583235800 -0.005155332 0.999979556 0.003742191 -0.354303598 0.013846479 -0.003670499 0.999897838 33.534748077
0.999893963 0.006040326 -0.013235057 -0.611129344 -0.006001034 0.999977291 0.003006238 -0.370646417 0.013252918 -0.002926494 0.999908328 34.918682098
0.999901593 0.006653293 -0.012332596 -0.636473417 -0.006628750 0.999975801 0.002029671 -0.390283763 0.012345804 -0.001947721 0.999922335 36.282730103
0.999912918 0.007130700 -0.011082549 -0.658229828 -0.007096670 0.999969840 0.003106829 -0.410217792 0.011104369 -0.003027909 0.999934137 37.628227234
0.999926388 0.007451348 -0.009548426 -0.679340184 -0.007402153 0.999959111 0.005176826 -0.429162234 0.009586610 -0.005105768 0.999941468 38.959224701
0.999946475 0.006717698 -0.007841114 -0.696397424 -0.006669208 0.999958515 0.006193563 -0.446242422 0.007882394 -0.006140941 0.999950528 40.275577545
0.999958932 0.007109924 -0.005570726 -0.710406899 -0.007072130 0.999952197 0.006774964 -0.461220294 0.005618629 -0.006735294 0.999961913 41.569198608
0.999974728 0.006737278 -0.002127362 -0.722082675 -0.006724039 0.999958515 0.006170600 -0.476771355 0.002168843 -0.006156143 0.999979138 42.847858429
0.999980390 0.006042398 0.001498420 -0.727194905 -0.006048887 0.999972284 0.004363423 -0.492438018 -0.001472018 -0.004372403 0.999989808 44.102478027
0.999970436 0.005835576 0.004942899 -0.727525473 -0.005848147 0.999979734 0.002532423 -0.507875383 -0.004928028 -0.002561256 0.999985039 45.346328735
0.999940217 0.005967022 0.009126552 -0.723899961 -0.005995403 0.999977350 0.003085385 -0.524662793 -0.009107945 -0.003139920 0.999954045 46.579685211
0.999876320 0.006189244 0.014435266 -0.713012934 -0.006231167 0.999976575 0.002860921 -0.542340815 -0.014417238 -0.002950519 0.999892116 47.796779633
0.999751925 0.007730419 0.020876165 -0.696409822 -0.007772251 0.999968052 0.001923349 -0.559386432 -0.020860646 -0.002085128 0.999780655 49.001487732
0.999557614 0.009121208 0.028296841 -0.673235059 -0.009179012 0.999956071 0.001913506 -0.575768352 -0.028278168 -0.002172397 0.999598086 50.200473785
0.999275804 0.010135417 0.036669105 -0.637732267 -0.010246773 0.999943554 0.002850036 -0.591959119 -0.036638170 -0.003223713 0.999323785 51.391246796
0.998817325 0.012349205 0.047021076 -0.592318058 -0.012523971 0.999915898 0.003423871 -0.608316898 -0.046974871 -0.004008714 0.998888493 52.569343567
0.998088002 0.014636701 0.060049452 -0.536670208 -0.014862082 0.999884248 0.003308283 -0.624733269 -0.059994098 -0.004194419 0.998190284 53.730972290
0.997048140 0.016685084 0.074942842 -0.463920116 -0.017009387 0.999848664 0.003691036 -0.639870405 -0.074869938 -0.004954873 0.997181356 54.874717712
0.995650947 0.018985620 0.091207057 -0.374136448 -0.019510727 0.999797881 0.004868993 -0.654217720 -0.091096207 -0.006627334 0.995820403 56.008060455
0.993866026 0.019072069 0.108933479 -0.261646271 -0.019793516 0.999788821 0.005545182 -0.668566227 -0.108804747 -0.007667346 0.994033933 57.127193451
0.991593897 0.018622596 0.128041953 -0.128498077 -0.019354625 0.999802828 0.004475115 -0.681785107 -0.127933413 -0.006915703 0.991759002 58.234188080
0.988793552 0.017695898 0.148236111 0.027296066 -0.018415773 0.999824464 0.003485011 -0.694244623 -0.148148477 -0.006175840 0.988946199 59.319263458
0.985468686 0.014937170 0.169198915 0.204586983 -0.015687924 0.999872327 0.003101035 -0.706295490 -0.169131041 -0.005710354 0.985577404 60.394119263
0.981502056 0.009925740 0.191193625 0.406847954 -0.011086743 0.999926150 0.005003569 -0.718088031 -0.191129893 -0.007030729 0.981539965 61.455345154
0.976722658 0.004542687 0.214457825 0.633351326 -0.006036042 0.999962151 0.006309029 -0.730479956 -0.214421079 -0.007456649 0.976713181 62.497890472
0.971187770 -0.000412703 0.238315269 0.884175301 -0.000971851 0.999983490 0.005692221 -0.743617177 -0.238313720 -0.005759822 0.971171558 63.519702911
0.964659095 -0.006329610 0.263425201 1.158880234 0.005538635 0.999978006 0.003745156 -0.754800916 -0.263442993 -0.002153783 0.964673102 64.521049500
0.957065344 -0.009842353 0.289705336 1.456331253 0.008977464 0.999950767 0.004314183 -0.765944839 -0.289733440 -0.001528137 0.957106709 65.504814148
0.948331952 -0.012342386 0.317040116 1.775327682 0.010828717 0.999920368 0.006536014 -0.776951790 -0.317095459 -0.002765173 0.948390126 66.470718384
0.938504398 -0.016669972 0.344864637 2.120908737 0.014357168 0.999854445 0.009259491 -0.786462545 -0.344968736 -0.003738794 0.938607275 67.415084839
0.927440822 -0.019658556 0.373453259 2.490964890 0.017675910 0.999806046 0.008733023 -0.796149552 -0.373552442 -0.001498236 0.927608371 68.335441589
0.915195942 -0.018974653 0.402562290 2.881118774 0.018632947 0.999815524 0.004765334 -0.806160092 -0.402578354 0.003139707 0.915380657 69.231620789
0.901969075 -0.020117741 0.431331933 3.298740387 0.022668632 0.999743104 -0.000773975 -0.816058815 -0.431205571 0.010475806 0.902193427 70.105072021
0.887634218 -0.022097159 0.460018814 3.745599747 0.026559822 0.999642432 -0.003230644 -0.829504013 -0.459782958 0.015085647 0.887903810 70.959243774
0.871723950 -0.022812132 0.489466190 4.214982986 0.026182631 0.999657631 -0.000040277 -0.844210327 -0.489297688 0.012850624 0.872022748 71.802215576
0.853780329 -0.021876708 0.520173788 4.710662842 0.022219127 0.999737978 0.005576440 -0.858770251 -0.520159483 0.006796751 0.854042709 72.630218506
0.833874345 -0.022169296 0.551508904 5.233495712 0.020519288 0.999748170 0.009162483 -0.872552514 -0.551573157 0.003676209 0.834119081 73.431365967
0.812492490 -0.016015662 0.582751751 5.774665833 0.016747812 0.999851942 0.004128360 -0.881868720 -0.582731485 0.006405551 0.812640190 74.201316833
0.790322840 -0.009182872 0.612621963 6.342872620 0.014058670 0.999896824 -0.003148718 -0.890399218 -0.612529814 0.011101149 0.790370226 74.945022583
0.767638981 -0.006908621 0.640845418 6.939926147 0.013476129 0.999895513 -0.005363096 -0.900857031 -0.640741289 0.012753032 0.767651618 75.663757324
0.744095922 -0.009462650 0.668005884 7.567649841 0.014806977 0.999888301 -0.002329662 -0.915993690 -0.667909265 0.011624635 0.744152665 76.359970093
0.719443440 -0.009770354 0.694482327 8.216987610 0.015295023 0.999882102 -0.001777889 -0.934378624 -0.694383085 0.011901211 0.719507694 77.029731750
0.694014311 -0.007912532 0.719917774 8.880935669 0.016234690 0.999858081 -0.004661241 -0.949907422 -0.719778538 0.014922607 0.694044113 77.664329529
0.667594194 -0.005499683 0.744505107 9.560337067 0.016382298 0.999839842 -0.007304095 -0.962869644 -0.744345546 0.017072873 0.667577147 78.272842407
0.640436292 -0.003230855 0.768004417 10.261863708 0.015021193 0.999853253 -0.008319940 -0.979199529 -0.767864823 0.016864734 0.640390754 78.860107422
0.612282395 -0.001874030 0.790636897 10.988155365 0.015300112 0.999838710 -0.009478782 -0.998706520 -0.790491462 0.017900521 0.612212181 79.422775269
0.583355725 0.004658673 0.812203109 11.729705811 0.014116315 0.999775052 -0.015873455 -1.019948244 -0.812094510 0.020725191 0.583158612 79.959213257
0.553115487 0.013970315 0.832987189 12.486179352 0.013256317 0.999585927 -0.025566798 -1.043738127 -0.832999647 0.025183737 0.552701175 80.465904236
0.521995664 0.022277055 0.852656901 13.264175415 0.012579894 0.999349654 -0.033811055 -1.073086619 -0.852855861 0.028375553 0.521375895 80.948348999
0.490019560 0.027057173 0.871291101 14.070362091 0.010456817 0.999264479 -0.036912259 -1.108447075 -0.871649265 0.027198661 0.489376038 81.408050537
0.457355946 0.026504029 0.888888478 14.898633957 0.008809082 0.999372303 -0.034330841 -1.148951292 -0.889240623 0.023531705 0.456835330 81.841133118
0.423890710 0.025114279 0.905364811 15.748119354 0.004459499 0.999546111 -0.029814754 -1.188497663 -0.905702829 0.016675673 0.423586279 82.248664856
0.389397204 0.026296794 0.920694292 16.615070343 0.000613912 0.999585390 -0.028809734 -1.226992369 -0.921070218 0.011783654 0.389219552 82.624992371
0.354076266 0.029169790 0.934761286 17.496601105 -0.006283985 0.999565780 -0.028811764 -1.263047934 -0.935195923 0.004327536 0.354105741 82.971351624
0.318102300 0.031044368 0.947547674 18.398656845 -0.010903674 0.999518037 -0.029086590 -1.297121406 -0.947994113 -0.001079241 0.318287432 83.283454895
0.281937599 0.030398302 0.958950818 19.321847916 -0.013259673 0.999526560 -0.027786113 -1.332021952 -0.959341645 -0.004881426 0.282207072 83.559967041
0.245671615 0.029914984 0.968891203 20.256378174 -0.013734055 0.999531329 -0.027378622 -1.367123604 -0.969256341 -0.006580654 0.245967329 83.798362732
0.209587127 0.029410318 0.977347434 21.198837280 -0.012663442 0.999545932 -0.027362715 -1.401347637 -0.977708459 -0.006641707 0.209864378 84.000518799
0.174144551 0.028230043 0.984315157 22.157100677 -0.010147088 0.999587893 -0.026872857 -1.431790352 -0.984668374 -0.005308170 0.174359232 84.165740967
0.139553785 0.027408406 0.989834845 23.124755859 -0.001766738 0.999622643 -0.027430348 -1.467110634 -0.990213394 0.002079235 0.139549553 84.290168762
0.105797291 0.030921312 0.993906677 24.096672058 0.000686351 0.999514461 -0.031168841 -1.504074216 -0.994388044 0.003979752 0.105724663 84.387329102
0.073219746 0.036011156 0.996665239 25.075279236 0.001877800 0.999341786 -0.036245815 -1.540412426 -0.997314632 0.004525452 0.073103890 84.455650330
0.044031814 0.039976615 0.998229802 26.053306580 0.009032309 0.999142945 -0.040411603 -1.582002878 -0.998989820 0.010795718 0.043632969 84.491241455
0.018482491 0.038198307 0.999099016 27.043121338 0.011089936 0.999201238 -0.038407370 -1.625125051 -0.999768257 0.011789813 0.018044055 84.504173279
-0.003977999 0.035212860 0.999371707 28.038078308 0.012980180 0.999298096 -0.035158601 -1.669881821 -0.999908447 0.012832171 -0.004432335 84.501052856
-0.022798806 0.032545637 0.999210060 29.035291672 0.013595535 0.999388218 -0.032241248 -1.714853764 -0.999648213 0.012849742 -0.023227409 84.475440979
-0.039492078 0.035676282 0.998582780 30.028333664 0.015348467 0.999266863 -0.035093725 -1.757960558 -0.999102712 0.013940795 -0.040010735 84.437393188
-0.054144386 0.039915968 0.997734964 31.020158768 0.018309563 0.999073088 -0.038975909 -1.801628351 -0.998365998 0.016157771 -0.054825075 84.381278992
-0.066135466 0.045310203 0.996781349 32.014900208 0.022975931 0.998773396 -0.043876339 -1.846518636 -0.997546852 0.020000199 -0.067095421 84.310264587
-0.074989408 0.048962940 0.995981514 33.015369415 0.028483829 0.998492181 -0.046941772 -1.896051764 -0.996778190 0.024849238 -0.076271012 84.227752686
-0.080781668 0.054438911 0.995244026 34.017677307 0.032438740 0.998122633 -0.051963411 -1.951460481 -0.996204436 0.028086776 -0.082395971 84.139984131
-0.084559284 0.059261210 0.994654536 35.019767761 0.034338038 0.997810960 -0.056530073 -2.011111736 -0.995827198 0.029374352 -0.086409122 84.054367065
-0.087519638 0.063507915 0.994136214 36.029731750 0.036551461 0.997499168 -0.060504906 -2.074997902 -0.995492697 0.031041773 -0.089622095 83.963119507
-0.090350285 0.066499867 0.993687332 37.040794373 0.036909293 0.997307062 -0.063386172 -2.143716574 -0.995226502 0.030949345 -0.092561468 83.871681213
-0.092783712 0.069943972 0.993226469 38.057811737 0.037953891 0.997053802 -0.066667981 -2.217925549 -0.994963288 0.031511113 -0.095165014 83.776008606
-0.094838485 0.073714018 0.992759705 39.072029114 0.039169848 0.996759415 -0.070269123 -2.293236017 -0.994722307 0.032222040 -0.097418539 83.677047729
-0.096913666 0.075159237 0.992450833 40.097915649 0.041864078 0.996570766 -0.071383171 -2.370435238 -0.994412303 0.034630027 -0.099727757 83.572143555
-0.099014491 0.073900066 0.992337942 41.127758026 0.042056791 0.996658981 -0.070025474 -2.449273348 -0.994197190 0.034801021 -0.101791658 83.467834473
-0.101343006 0.073598899 0.992125273 42.160953522 0.041526552 0.996704280 -0.069696754 -2.527866125 -0.993984759 0.034136277 -0.104065284 83.361137390
-0.103205658 0.075093582 0.991821229 43.198368073 0.041445460 0.996605456 -0.071143143 -2.603191614 -0.993796527 0.033764124 -0.105967574 83.243728638
-0.105056033 0.077262156 0.991460383 44.243171692 0.040356994 0.996488094 -0.073377699 -2.681714535 -0.993647456 0.032303602 -0.107805118 83.117378235
-0.107551560 0.079493806 0.991016209 45.295471191 0.038759686 0.996376574 -0.075717323 -2.763432026 -0.993444026 0.030267980 -0.110242963 82.998970032
-0.109835066 0.083112046 0.990468740 46.341133118 0.036546078 0.996162474 -0.079537153 -2.848562002 -0.993278086 0.027461797 -0.112450942 82.879669189
-0.112082459 0.087185800 0.989866495 47.384887695 0.033282660 0.995914757 -0.083949938 -2.939951181 -0.993141651 0.023536099 -0.114526294 82.765762329
-0.114770636 0.089550145 0.989347339 48.436233521 0.031108622 0.995764732 -0.086522229 -3.032961369 -0.992905080 0.020847039 -0.117070295 82.647529602
-0.117645979 0.088071935 0.989142239 49.495578766 0.029253580 0.995935261 -0.085197449 -3.128032446 -0.992624879 0.018912835 -0.119744167 82.524734497
-0.120673157 0.083843723 0.989144921 50.561130524 0.026325854 0.996347189 -0.081242569 -3.223638535 -0.992343485 0.016236333 -0.122439571 82.400802612
-0.123175979 0.082330197 0.988963544 51.625530243 0.026487496 0.996471047 -0.079656206 -3.315912962 -0.992031574 0.016383482 -0.124921978 82.272323608
-0.125052780 0.082705274 0.988696694 52.691898346 0.025972957 0.996451557 -0.080068886 -3.409499407 -0.991810262 0.015666585 -0.126757100 82.138610840
-0.126372397 0.085480116 0.988292754 53.761940002 0.027455548 0.996200681 -0.082653411 -3.503030777 -0.991603076 0.016689058 -0.128239110 82.003501892
-0.126925424 0.087972581 0.988003135 54.838104248 0.028073190 0.995979488 -0.085076369 -3.603261471 -0.991515160 0.016938090 -0.128884763 81.863388062
-0.127502233 0.088788986 0.987855911 55.914901733 0.026612902 0.995933354 -0.086080126 -3.698363304 -0.991481364 0.015314345 -0.129346639 81.730171204
-0.128120273 0.087939695 0.987851977 56.987655640 0.023404023 0.996052325 -0.085634351 -3.793021679 -0.991482615 0.012148259 -0.129672617 81.607032776
-0.128522709 0.087216087 0.987863779 58.072288513 0.019500101 0.996155560 -0.085411198 -3.894081593 -0.991515040 0.008286210 -0.129729286 81.477470398
-0.128697306 0.088301592 0.987744629 59.162380219 0.015741030 0.996084809 -0.086996272 -3.994674206 -0.991559207 0.004351976 -0.129583374 81.344100952
-0.129233152 0.088440150 0.987662196 60.256553650 0.011501473 0.996082067 -0.087689221 -4.095427036 -0.991547763 0.000027260 -0.129743993 81.213714600
-0.129800886 0.087868802 0.987638891 61.358787537 0.008033893 0.996126652 -0.087568216 -4.198126316 -0.991507709 -0.003431806 -0.130004063 81.081382751
-0.130279407 0.082767658 0.988016427 62.467350006 0.008384915 0.996566296 -0.082378380 -4.297673225 -0.991442025 -0.002447732 -0.130526066 80.942024231
-0.130643815 0.074152023 0.988652289 63.586517334 0.011642119 0.997245491 -0.073258229 -4.393369198 -0.991361260 0.001939313 -0.131147251 80.794586182
-0.130620629 0.068864591 0.989037633 64.705093384 0.017127629 0.997593045 -0.067198373 -4.483497143 -0.991284668 0.008162417 -0.131485730 80.644531250
-0.129856348 0.071398072 0.988958776 65.819747925 0.025433851 0.997316182 -0.068661951 -4.565450668 -0.991206825 0.016236879 -0.131323740 80.488197327
-0.128968090 0.077183068 0.988640368 66.933883667 0.030977612 0.996793866 -0.073778704 -4.647552490 -0.991165042 0.021110659 -0.130945548 80.338485718
-0.128351510 0.083051503 0.988244891 68.050033569 0.034552924 0.996257305 -0.079237282 -4.735847950 -0.991126776 0.023976568 -0.130740777 80.192359924
-0.127905488 0.087467961 0.987921715 69.177444458 0.035272855 0.995874941 -0.083605483 -4.832880974 -0.991159201 0.024153255 -0.130463108 80.048324585
-0.128075808 0.084607497 0.988148689 70.315010071 0.032163758 0.996185184 -0.081126906 -4.929509163 -0.991242945 0.021392219 -0.130308509 79.908897400
-0.128056705 0.080038548 0.988531768 71.461700439 0.031417269 0.996565819 -0.076619282 -5.029129982 -0.991269350 0.021245390 -0.130131528 79.764617920
-0.128306746 0.077969246 0.988664746 72.610519409 0.028979931 0.996774316 -0.074847922 -5.123274803 -0.991311193 0.019047976 -0.130152389 79.625434875
-0.128365174 0.078633972 0.988604426 73.760383606 0.027064335 0.996758640 -0.075768501 -5.215428829 -0.991357803 0.017029926 -0.130077228 79.482696533
-0.128000736 0.083947107 0.988214791 74.917045593 0.028030647 0.996320009 -0.081005007 -5.309331894 -0.991378069 0.017331641 -0.129882753 79.328048706
-0.127086252 0.086659983 0.988098562 76.080909729 0.027609704 0.996099651 -0.083810724 -5.404855728 -0.991507530 0.016629959 -0.128983229 79.169265747
-0.126822218 0.085596912 0.988225222 77.243225098 0.027888874 0.996184230 -0.082707301 -5.506554604 -0.991533458 0.017071405 -0.128725469 79.023399353
-0.126225293 0.078817345 0.988865435 78.419326782 0.029621247 0.996694148 -0.075660385 -5.609445572 -0.991559327 0.019741217 -0.128142670 78.868766785
-0.126717225 0.077240855 0.988926888 79.594207764 0.028939512 0.996827602 -0.074149869 -5.706159592 -0.991516888 0.019223034 -0.128550544 78.723457336
-0.126637220 0.080260299 0.988696694 80.768127441 0.026557006 0.996638715 -0.077503592 -5.800508499 -0.991593719 0.016442027 -0.128343031 78.579895020
-0.126683310 0.083407812 0.988430262 81.941642761 0.025949087 0.996396601 -0.080754369 -5.896014214 -0.991603911 0.015418669 -0.128391162 78.437896729
-0.126928762 0.082827963 0.988447547 83.128997803 0.025090111 0.996457219 -0.080277376 -5.997265339 -0.991594553 0.014610792 -0.128557220 78.292846680
-0.126723498 0.079277642 0.988765121 84.321723938 0.024806563 0.996743023 -0.076738134 -6.099345684 -0.991627872 0.014803377 -0.128277391 78.144004822
-0.126000881 0.078139484 0.988947988 85.516235352 0.025542235 0.996818483 -0.075507142 -6.199768543 -0.991701424 0.015746012 -0.127595887 77.993591309
-0.124880396 0.078674719 0.989047587 86.709403992 0.027144721 0.996749341 -0.075860076 -6.296973705 -0.991800606 0.017374022 -0.126610085 77.843795776
-0.123898759 0.079015523 0.989143848 87.912033081 0.029636228 0.996674955 -0.075905025 -6.393802643 -0.991852283 0.019909995 -0.125828549 77.692100525
-0.122971453 0.078419544 0.989306986 89.117546082 0.029331656 0.996725202 -0.075361729 -6.493367672 -0.991976738 0.019750712 -0.124868914 77.545837402
-0.121652000 0.079172321 0.989410162 90.329170227 0.030650336 0.996638417 -0.075982235 -6.591525555 -0.992099583 0.021082399 -0.123669721 77.397933960
-0.120574355 0.077430621 0.989679873 91.550819397 0.030765928 0.996766329 -0.074236885 -6.690542221 -0.992227614 0.021497397 -0.122566700 77.252868652
-0.119562775 0.076563008 0.989870071 92.776039124 0.029251380 0.996861398 -0.073570691 -6.789505005 -0.992395818 0.020158790 -0.121427134 77.110832214
-0.118299253 0.075876415 0.990074873 94.002868652 0.030420495 0.996885657 -0.072763681 -6.885518074 -0.992512047 0.021510711 -0.120239064 76.966773987
-0.117008589 0.076765440 0.990159571 95.240188599 0.028551342 0.996856570 -0.073910780 -6.987493992 -0.992720544 0.019622229 -0.118832566 76.829635620
-0.115511976 0.079479568 0.990121007 96.473037720 0.029111218 0.996637046 -0.076606445 -7.085676193 -0.992879748 0.019974712 -0.117437318 76.688598633
-0.114885576 0.078678548 0.990257919 97.712661743 0.027310006 0.996732593 -0.076024659 -7.184817791 -0.993003607 0.018309860 -0.116658978 76.557540894
-0.114628881 0.077252857 0.990399778 98.959762573 0.023844050 0.996899128 -0.075000174 -7.289682388 -0.993122518 0.015018009 -0.116115503 76.424781799
-0.114683270 0.078277223 0.990313113 100.203849792 0.021458972 0.996854007 -0.076309241 -7.389221191 -0.993170619 0.012499759 -0.116002269 76.290069580
-0.115273252 0.077697411 0.990290284 101.458419800 0.018925937 0.996927679 -0.076015204 -7.489408493 -0.993153811 0.009979700 -0.116389647 76.153862000
-0.116725273 0.075133525 0.990318120 102.725044250 0.016402943 0.997144938 -0.073718190 -7.592554092 -0.993029058 0.007639405 -0.117624484 76.018081665
-0.118149742 0.073730230 0.990254581 103.989295959 0.014473500 0.997262359 -0.072525188 -7.693590641 -0.992890537 0.005763663 -0.118893467 75.876678467
-0.119821981 0.073118865 0.990098953 105.254577637 0.012862399 0.997315526 -0.072095267 -7.791070938 -0.992712438 0.004096499 -0.120440863 75.732826233
-0.121552192 0.073296174 0.989874840 106.518180847 0.013026262 0.997302413 -0.072246656 -7.892430305 -0.992499948 0.004112681 -0.122179121 75.583702087
-0.124122754 0.072032236 0.989648640 107.782943726 0.012663823 0.997396052 -0.071007892 -7.991721153 -0.992186308 0.003719092 -0.124711804 75.432945251
-0.127422675 0.067208737 0.989568591 109.049064636 0.010006621 0.997738779 -0.066475175 -8.090251923 -0.991798341 0.001431840 -0.127807125 75.280456543
-0.131662533 0.067176089 0.989015579 110.306694031 0.009648945 0.997741699 -0.066484310 -8.188029289 -0.991247833 0.000789510 -0.132013425 75.121253967
-0.137333587 0.072893985 0.987838745 111.552177429 0.004581337 0.997325480 -0.072957143 -8.285130501 -0.990514517 -0.005493795 -0.137300298 74.963378906
-0.144561380 0.075968780 0.986574888 112.793884277 0.005443170 0.997095168 -0.075981334 -8.385763168 -0.989481032 -0.005613823 -0.144555062 74.790481567
-0.153665647 0.071944803 0.985500038 114.038421631 0.007301433 0.997402072 -0.071675248 -8.492003441 -0.988096178 -0.003818415 -0.153791830 74.602485657
-0.164661378 0.069659330 0.983887017 115.286109924 0.009495729 0.997569501 -0.069038913 -8.597869873 -0.986304641 -0.002025273 -0.164922714 74.400749207
-0.177820683 0.070239194 0.981552720 116.530334473 0.009702835 0.997526944 -0.069624551 -8.701521873 -0.984015346 -0.002856793 -0.178062484 74.188507080
-0.192062095 0.070523098 0.978845239 117.753768921 0.011820129 0.997509360 -0.069548570 -8.797674179 -0.981311917 -0.001787518 -0.192417383 73.958465576
-0.206575319 0.068300366 0.976043701 118.969284058 0.012427172 0.997664094 -0.067183182 -8.895200729 -0.978352070 -0.001748877 -0.206941575 73.710441589
-0.221871242 0.071121208 0.972478509 120.168609619 0.016869852 0.997467935 -0.069099963 -8.991256714 -0.974930286 0.001074319 -0.222509265 73.441116333
-0.237250701 0.074356474 0.968598485 121.350860596 0.017481450 0.997232616 -0.072272733 -9.092863083 -0.971291482 -0.000214203 -0.237893984 73.161811829
-0.252581358 0.078119129 0.964416862 122.536804199 0.017597223 0.996942401 -0.076145075 -9.194762230 -0.967415869 -0.002261718 -0.253183722 72.862037659
-0.268595010 0.075872630 0.960260272 123.722137451 0.014235142 0.997097850 -0.074801579 -9.297580719 -0.963148296 -0.006421834 -0.268895447 72.545196533
-0.284587145 0.070107847 0.956083179 124.901748657 0.008852762 0.997472882 -0.070507832 -9.398440361 -0.958609521 -0.011601588 -0.284488589 72.211029053
-0.300153136 0.066061258 0.951600671 126.073516846 0.005101840 0.997696936 -0.067652136 -9.493708611 -0.953877687 -0.015451027 -0.299798816 71.856491089
-0.315275818 0.067353509 0.946606815 127.231666565 0.003407737 0.997553170 -0.069843546 -9.589814186 -0.948994219 -0.018794132 -0.314733803 71.485656738
-0.329682291 0.069239721 0.941549420 128.377563477 0.003311121 0.997386575 -0.072186552 -9.684624672 -0.944086373 -0.020680981 -0.329049855 71.096359253
-0.343538284 0.071512997 0.936411858 129.518615723 0.005055524 0.997223973 -0.074302509 -9.782956123 -0.939125359 -0.020791637 -0.342946053 70.685646057
-0.357615113 0.071353570 0.931139052 130.649459839 0.007152400 0.997257769 -0.073673360 -9.882256508 -0.933841884 -0.019686768 -0.357144654 70.259963989
-0.371672928 0.069293186 0.925774038 131.777664185 0.006918376 0.997390628 -0.071876116 -9.982067108 -0.928338170 -0.020309489 -0.371182263 69.815780640
-0.386050761 0.067926377 0.919973433 132.895965576 0.006761972 0.997468114 -0.070810728 -10.080530167 -0.922452927 -0.021115622 -0.385532260 69.356262207
-0.400839329 0.069192462 0.913531840 134.002990723 0.005422272 0.997306824 -0.073158592 -10.178701401 -0.916132450 -0.024371345 -0.400134593 68.884429932
-0.415652961 0.071316533 0.906723142 135.094863892 0.006404881 0.997127175 -0.075491086 -10.275249481 -0.909500837 -0.025570557 -0.414915323 68.393493652
-0.430207729 0.072989732 0.899774432 136.181091309 0.007689490 0.996987343 -0.077199146 -10.375518799 -0.902697265 -0.026292782 -0.429472506 67.882751465
-0.444444746 0.075623445 0.892608643 137.258758545 0.010472080 0.996802151 -0.079236753 -10.477862358 -0.895745158 -0.025868807 -0.443814963 67.350891113
-0.459104657 0.079032853 0.884859860 138.332687378 0.010341634 0.996444225 -0.083633579 -10.581510544 -0.888322175 -0.029245580 -0.458289027 66.802169800
-0.473996043 0.081352711 0.876760960 139.405258179 0.011587230 0.996214151 -0.086172283 -10.688334465 -0.880450904 -0.030685997 -0.473143756 66.231521606
-0.489187747 0.078671470 0.868623316 140.480712891 0.010405364 0.996380389 -0.084382489 -10.796918869 -0.872116566 -0.032240443 -0.488235235 65.637161255
-0.505027413 0.074238889 0.859904766 141.548767090 0.007718782 0.996643841 -0.081510879 -10.906108856 -0.863068998 -0.034527715 -0.503904939 65.025558472
-0.520960391 0.074354909 0.850336373 142.606994629 0.007396416 0.996555805 -0.082609236 -11.013212204 -0.853548944 -0.036746595 -0.519715548 64.392997742
-0.536780298 0.073441237 0.840520024 143.658172607 0.006178138 0.996520936 -0.083126582 -11.119050026 -0.843699694 -0.039427739 -0.535366297 63.738536835
-0.552627742 0.072372667 0.830280304 144.701202393 0.005649449 0.996525943 -0.083103657 -11.227293015 -0.833409190 -0.041234642 -0.551116467 63.065860748
-0.568173289 0.071788162 0.819772124 145.730895996 0.004467078 0.996443152 -0.084163480 -11.339233398 -0.822897017 -0.044157337 -0.566472709 62.371006012
-0.583520651 0.071069404 0.808982968 146.753143311 0.004119014 0.996410608 -0.084564082 -11.449565887 -0.812088072 -0.046012554 -0.581718624 61.655719757
-0.598722339 0.068378247 0.798032880 147.761718750 0.003697074 0.996575654 -0.082616530 -11.559194565 -0.800948203 -0.046513867 -0.596924722 60.918743134
-0.613738477 0.064941160 0.786834359 148.767135620 0.003857787 0.996847153 -0.079265572 -11.668123245 -0.789500177 -0.045612779 -0.612053633 60.155277252
-0.628643751 0.063478999 0.775098801 149.755661011 0.004958693 0.996971190 -0.077628314 -11.774013519 -0.777677774 -0.044956964 -0.627054155 59.373550415
-0.643361092 0.061723791 0.763071001 150.728210449 0.004131472 0.997010946 -0.077163741 -11.879120827 -0.765552044 -0.046491422 -0.641692638 58.573589325
-0.658199370 0.062860034 0.750215173 151.686950684 0.002934166 0.996715665 -0.080940053 -11.984712601 -0.752838194 -0.051073316 -0.656221747 57.755832672
-0.673564076 0.062347785 0.736494839 152.629913330 0.001035330 0.996515572 -0.083413109 -12.093273163 -0.739128292 -0.055421434 -0.671281278 56.923648834
-0.689357638 0.059325445 0.721988142 153.563903809 -0.000458451 0.996606052 -0.082328677 -12.204032898 -0.724421203 -0.057084791 -0.686990619 56.061191559
-0.705621302 0.051786099 0.706694484 154.485717773 -0.003988081 0.997020781 -0.077043302 -12.315296173 -0.708578110 -0.057181630 -0.703312218 55.177131653
-0.722227514 0.049450263 0.689885795 155.385177612 -0.004706788 0.997067451 -0.076396406 -12.422444344 -0.691639662 -0.058422614 -0.719876468 54.262107849
-0.739482105 0.046691988 0.671555340 156.271820068 -0.006446250 0.997055709 -0.076422006 -12.526611328 -0.673145592 -0.060841590 -0.737003565 53.322860718
-0.756797135 0.043136481 0.652225196 157.131439209 -0.009363399 0.997003317 -0.076804131 -12.631242752 -0.653582811 -0.064232081 -0.754124999 52.363403320
-0.773188710 0.041000277 0.632849574 157.975006104 -0.009102267 0.997088671 -0.075719222 -12.739757538 -0.634110808 -0.064305492 -0.770564139 51.371383667
-0.788659215 0.044095255 0.613247693 158.762130737 -0.006068757 0.996818900 -0.079480700 -12.841705322 -0.614800751 -0.066404723 -0.785882473 50.369789124
-0.803563356 0.043273740 0.593644440 159.553604126 -0.002917475 0.997056305 -0.076629929 -12.953281403 -0.595212162 -0.063308835 -0.801071346 49.332878113
-0.817555010 0.044855986 0.574101150 160.295867920 0.001225256 0.997095823 -0.076161124 -13.062606812 -0.575849414 -0.061562378 -0.815235257 48.279304504
-0.831563115 0.045755528 0.553542614 161.021774292 0.002700742 0.996923327 -0.078348272 -13.171715736 -0.555423737 -0.063656442 -0.829127908 47.216362000
-0.844999790 0.047396593 0.532662809 161.719558716 0.003771874 0.996569276 -0.082691982 -13.280963898 -0.534753680 -0.067865461 -0.842278719 46.141403198
-0.857521474 0.048044547 0.512200356 162.390258789 0.006604581 0.996576786 -0.082422249 -13.392724991 -0.514405966 -0.067295864 -0.854902625 45.050910950
-0.868839383 0.046213668 0.492933065 163.038925171 0.007759003 0.996783853 -0.079775348 -13.506633759 -0.495033443 -0.065487184 -0.866402984 43.929023743
-0.878865480 0.047902741 0.474659383 163.655960083 0.010455400 0.996642351 -0.081222892 -13.621227264 -0.476955473 -0.066421114 -0.876414537 42.800857544
-0.888034046 0.050615832 0.456983954 164.249908447 0.013139624 0.996310890 -0.084818900 -13.732803345 -0.459590316 -0.069317348 -0.885422230 41.675624847
-0.896815419 0.048424132 0.439747483 164.829330444 0.011587698 0.996222854 -0.086070739 -13.852182388 -0.442253470 -0.072093777 -0.893988192 40.541851044
-0.904958308 0.045494534 0.423061937 165.393203735 0.010319295 0.996322930 -0.085067697 -13.974435806 -0.425375581 -0.072616905 -0.902099252 39.411823273
-0.912207246 0.043240067 0.407441884 165.945678711 0.009320540 0.996349454 -0.084871352 -14.104351044 -0.409623533 -0.073622555 -0.909279346 38.267486572
-0.918663681 0.041029282 0.392905027 166.463287354 0.008643389 0.996442497 -0.083845057 -14.231855392 -0.394946456 -0.073629253 -0.915749133 37.115554810
-0.924617410 0.038411215 0.378956497 166.963867188 0.007463737 0.996539474 -0.082799427 -14.354883194 -0.380824625 -0.073729239 -0.921703458 35.938049316
-0.930220664 0.033294261 0.365488648 167.460830688 0.004677319 0.996872127 -0.078906313 -14.471271515 -0.366971821 -0.071690634 -0.927465498 34.756233215
-0.935175419 0.029730776 0.352935910 167.938980103 0.003202011 0.997140586 -0.075513743 -14.584737778 -0.354171067 -0.069488347 -0.932595551 33.560298920
-0.939299703 0.029944237 0.341789544 168.391311646 0.005602665 0.997390926 -0.071984984 -14.694546700 -0.343052596 -0.065700404 -0.937015712 32.356708527
-0.942584515 0.033871938 0.332246840 168.841049194 0.009831413 0.997227550 -0.073774286 -14.800260544 -0.333823860 -0.066271909 -0.940303087 31.164457321
-0.944778323 0.038887799 0.325396210 169.266418457 0.015121587 0.997050881 -0.075252116 -14.904706955 -0.327362299 -0.066175915 -0.942578852 29.964374542
-0.946532965 0.042132970 0.319845408 169.683319092 0.018157357 0.996822000 -0.077577233 -15.012031555 -0.322096825 -0.067621730 -0.944288790 28.744209290
-0.948343575 0.039178994 0.314818025 170.101852417 0.015835024 0.996954739 -0.076370589 -15.120687485 -0.316850781 -0.067440264 -0.946074843 27.526130676
-0.950208604 0.031920109 0.309976637 170.523178101 0.009818349 0.997313619 -0.072602481 -15.228627205 -0.311460644 -0.065943897 -0.947968364 26.296186447
-0.951954007 0.025770668 0.305156112 170.935775757 0.004349794 0.997491241 -0.070670076 -15.333896637 -0.306211054 -0.065947153 -0.949676871 25.065347672
-0.953518510 0.019339873 0.300714463 171.342727661 -0.002500658 0.997397006 -0.072075501 -15.434175491 -0.301324934 -0.069477171 -0.950987101 23.830982208
-0.954739153 0.016749447 0.296974629 171.740966797 -0.005744409 0.997189641 -0.074710056 -15.537835121 -0.297390670 -0.073034413 -0.951958776 22.605241776
-0.955465436 0.017156104 0.294605643 172.133071899 -0.005854705 0.997010946 -0.077048734 -15.645063400 -0.295046210 -0.075342089 -0.952508211 21.372035980
-0.955738723 0.017726270 0.293683857 172.521804810 -0.005753162 0.996867359 -0.078892529 -15.756176949 -0.294161648 -0.077090122 -0.952641845 20.140861511
-0.955620289 0.020549342 0.293885469 172.904830933 -0.003314615 0.996752024 -0.080474593 -15.870141983 -0.294583917 -0.077877119 -0.952447414 18.904788971
-0.955280900 0.021450736 0.294922739 173.290649414 -0.002912395 0.996635318 -0.081922859 -15.985164642 -0.295687079 -0.079118133 -0.952003241 17.674701691
-0.954825938 0.022553476 0.296310484 173.679229736 -0.002399387 0.996499062 -0.083580278 -16.102827072 -0.297157407 -0.080515437 -0.951427996 16.439056396
-0.954199374 0.023895910 0.298217237 174.070983887 -0.001079300 0.996524453 -0.083304815 -16.221466064 -0.299170643 -0.079811126 -0.950856328 15.204517365
-0.953416944 0.023344029 0.300752729 174.466781616 -0.001974086 0.996497810 -0.083605543 -16.340175629 -0.301650405 -0.080304518 -0.950030923 13.976375580
-0.952226639 0.022255458 0.304581761 174.864730835 -0.003453271 0.996493399 -0.083609477 -16.457530975 -0.305373758 -0.080666825 -0.948809981 12.753398895
-0.950706482 0.020990796 0.309382766 175.267730713 -0.004460746 0.996678114 -0.081330091 -16.573457718 -0.310061455 -0.078700982 -0.947453797 11.534965515
-0.948907852 0.018713163 0.314999193 175.683670044 -0.006410606 0.996891677 -0.078534439 -16.688821793 -0.315488815 -0.076541141 -0.945837557 10.322750092
-0.946632206 0.016493039 0.321894825 176.102172852 -0.008385141 0.997092605 -0.075748198 -16.798641205 -0.322207391 -0.074404672 -0.943740964 9.116661072
-0.944103181 0.018932696 0.329107255 176.525299072 -0.006367092 0.997116625 -0.075627394 -16.907972336 -0.329589278 -0.073495366 -0.941259742 7.911293030
-0.940931678 0.019481672 0.338037044 176.957702637 -0.006491634 0.997122765 -0.075536169 -17.016431808 -0.338535100 -0.073268630 -0.938097119 6.702777863
-0.937397659 0.022736505 0.347519159 177.403656006 -0.004728973 0.996944308 -0.077981837 -17.125633240 -0.348229378 -0.074743249 -0.934425116 5.503696442
-0.933395386 0.024081672 0.358041912 177.862136841 -0.003787456 0.997029901 -0.076933883 -17.233543396 -0.358830273 -0.073165663 -0.930531085 4.309181213
-0.928640366 0.026190089 0.370056838 178.338623047 -0.003070046 0.996929049 -0.078260541 -17.344017029 -0.370969087 -0.073811851 -0.925707459 3.115711212
-0.923132658 0.028462987 0.383427978 178.829071045 -0.002171382 0.996855021 -0.079227827 -17.456117630 -0.384476244 -0.073970221 -0.920166850 1.928661346
-0.917200387 0.031060049 0.397214800 179.337203979 -0.000594659 0.996849656 -0.079321913 -17.566822052 -0.398426235 -0.072990164 -0.914291799 0.743843079
-0.911281228 0.030432571 0.410659701 179.867340088 -0.001230014 0.997060478 -0.076618716 -17.679330826 -0.411783308 -0.070326179 -0.908564448 -0.426712036
-0.904894173 0.033393007 0.424326301 180.409103394 0.000739456 0.997040093 -0.076887168 -17.792247772 -0.425636888 -0.069260836 -0.902239740 -1.590332031
-0.898396611 0.035776559 0.437726825 180.971481323 0.002774642 0.997119606 -0.075802960 -17.902416229 -0.439176947 -0.066886462 -0.895907521 -2.739807129
-0.891380012 0.037710004 0.451686740 181.547271729 0.005033909 0.997295856 -0.073327601 -18.013759613 -0.453229517 -0.063088894 -0.889158666 -3.875289917
-0.883837402 0.039775003 0.466101468 182.133514404 0.007853209 0.997500420 -0.070231117 -18.123275757 -0.467728883 -0.058412381 -0.881939888 -4.996925354
-0.875876486 0.042625546 0.480650425 182.734527588 0.011015423 0.997597992 -0.068397366 -18.230552673 -0.482410342 -0.054612957 -0.874241412 -6.101768494
-0.867334187 0.045857280 0.495610654 183.358291626 0.014478575 0.997650385 -0.066971891 -18.333776474 -0.497516274 -0.050911169 -0.865959644 -7.179611206
-0.857388914 0.048594035 0.512371063 183.995452881 0.017144049 0.997677326 -0.065933198 -18.432815552 -0.514383912 -0.047746181 -0.856230021 -8.252151489
-0.846767962 0.051799163 0.529435694 184.648986816 0.020468473 0.997684062 -0.064875431 -18.530946732 -0.531568944 -0.044097602 -0.845866561 -9.309005737
-0.836049080 0.053680301 0.546023488 185.326263428 0.021898385 0.997674584 -0.064553186 -18.625068665 -0.548217952 -0.042012516 -0.835279822 -10.350166321
-0.824601531 0.055645410 0.562971830 186.024719238 0.023256686 0.997644305 -0.064545043 -18.720493317 -0.565236211 -0.040131003 -0.823952556 -11.375320435
-0.812776446 0.058004633 0.579682350 186.749496460 0.024764499 0.997572243 -0.065097786 -18.808584213 -0.582049668 -0.038554326 -0.812238872 -12.383361816
-0.799465239 0.058946181 0.597814560 187.488983154 0.026460666 0.997664094 -0.062986635 -18.902158737 -0.600129783 -0.034536980 -0.799156845 -13.374191284
-0.784358501 0.060774840 0.617324650 188.245422363 0.029006921 0.997694314 -0.061366607 -18.997341156 -0.619629681 -0.030226661 -0.784312308 -14.356781006
