1.000000000 0.000000000 0.000000000 0.000000000 0.000000000 1.000000000 0.000000000 0.000000000 0.000000000 0.000000000 1.000000000 0.000000000
0.999996603 0.002236532 0.001326788 -0.002525249 -0.002229863 0.999984980 -0.005006597 -0.001779061 -0.001337966 0.005003622 0.999986589 0.437979341
0.999997914 -0.000032109 0.002048631 0.000011614 0.000044011 0.999983132 -0.005809877 -0.001646671 -0.002048410 0.005809955 0.999981046 1.398273110
0.999996305 -0.001762386 0.002062921 0.002076497 0.001766204 0.999996722 -0.001850342 -0.002100552 -0.002059654 0.001853978 0.999996185 2.360670328
0.999990165 -0.004216834 0.001382348 0.004446258 0.004211051 0.999982476 0.004159564 -0.004222267 -0.001399864 -0.004153702 0.999990404 3.320450068
0.999969244 -0.007847695 0.000060703 0.007370207 0.007847374 0.999960542 0.004156746 -0.002129987 -0.000093322 -0.004156142 0.999991357 4.265646458
0.999944031 -0.010536267 -0.000976008 0.008455331 0.010537595 0.999943495 0.001366490 0.000189309 0.000961555 -0.001376699 0.999998569 5.203066349
0.999936700 -0.011130245 -0.001665594 0.004699988 0.011126701 0.999935806 -0.002122353 0.001253616 0.001689109 0.002103686 0.999996364 6.136420727
0.999937534 -0.010884362 -0.002549978 0.000255451 0.010877469 0.999937177 -0.002701871 0.000715850 0.002579225 0.002673964 0.999993086 7.068610191
0.999938130 -0.010557406 -0.003504146 -0.006605472 0.010554426 0.999943912 -0.000867627 -0.000229466 0.003513109 0.000830589 0.999993443 8.000332832
0.999936461 -0.010464846 -0.004195886 -0.013669496 0.010473606 0.999943018 0.002071153 -0.000879062 0.004173973 -0.002114969 0.999988973 8.929351807
0.999929249 -0.010745324 -0.005106692 -0.020314697 0.010763307 0.999935985 0.003507023 0.000544891 0.005068681 -0.003561740 0.999980748 9.852596283
0.999909878 -0.012169614 -0.005670995 -0.027004234 0.012193884 0.999916613 0.004264605 0.004474174 0.005618624 -0.004333374 0.999974787 10.772373199
0.999902904 -0.012349820 -0.006472436 -0.035477005 0.012377297 0.999914467 0.004222064 0.007257868 0.006419740 -0.004301766 0.999970078 11.688981056
0.999893844 -0.012686248 -0.007173590 -0.045315448 0.012706370 0.999915421 0.002766124 0.009646561 0.007137891 -0.002856981 0.999970376 12.600461960
0.999876678 -0.013170906 -0.008562363 -0.056321539 0.013177711 0.999912798 0.000738336 0.012283132 0.008551890 -0.000851078 0.999962986 13.509284019
0.999843180 -0.014560591 -0.010086078 -0.067033082 0.014555196 0.999893844 -0.000608396 0.014463672 0.010093864 0.000461495 0.999948859 14.417571068
0.999831200 -0.014163549 -0.011702660 -0.081233591 0.014149476 0.999899030 -0.001284708 0.014228433 0.011719672 0.001118904 0.999930620 15.325326920
0.999829412 -0.012906564 -0.013212038 -0.099047326 0.012879005 0.999914646 -0.002169147 0.012424756 0.013238905 0.001998618 0.999910355 16.226209641
0.999824166 -0.011490243 -0.014824631 -0.117654905 0.011459121 0.999931931 -0.002182765 0.011484016 0.014848698 0.002012503 0.999887705 17.126798630
0.999794722 -0.012052287 -0.016295921 -0.135451049 0.012031399 0.999926329 -0.001379695 0.010815509 0.016311353 0.001183349 0.999866188 18.022806168
0.999777853 -0.011528466 -0.017650573 -0.156260923 0.011528349 0.999933243 -0.000108883 0.009576358 0.017650656 -0.000094624 0.999844134 18.914052963
0.999756634 -0.011231245 -0.018991927 -0.178071752 0.011241873 0.999936402 0.000452596 0.009129364 0.018985640 -0.000665992 0.999819458 19.799898148
0.999716520 -0.012324517 -0.020373948 -0.200260639 0.012332521 0.999923527 0.000267061 0.009076882 0.020369105 -0.000518248 0.999792337 20.679500580
0.999681115 -0.012420682 -0.021988304 -0.222882926 0.012419937 0.999922514 -0.000170771 0.009173937 0.021988725 -0.000102378 0.999758244 21.552526474
0.999661565 -0.012242724 -0.022958983 -0.248405814 0.012251168 0.999924600 0.000226913 0.008769907 0.022954481 -0.000508111 0.999736428 22.420499802
0.999639511 -0.012053727 -0.023994435 -0.272767276 0.012108773 0.999924064 0.002149874 0.010747813 0.023966702 -0.002439644 0.999709785 23.284742355
0.999606967 -0.013173741 -0.024747707 -0.295603544 0.013299239 0.999899149 0.004913186 0.012432896 0.024680492 -0.005240383 0.999681652 24.139705658
0.999591112 -0.013028287 -0.025456924 -0.319649190 0.013197181 0.999891639 0.006477511 0.013854295 0.025369778 -0.006810824 0.999655008 24.980901718
0.999580503 -0.012421935 -0.026167300 -0.345852435 0.012566348 0.999906361 0.005361327 0.015251189 0.026098257 -0.005687907 0.999643266 25.811574936
0.999577105 -0.010860775 -0.026981663 -0.374169260 0.010939400 0.999935985 0.002767710 0.017677240 0.026949884 -0.003061704 0.999632299 26.629034042
0.999559462 -0.010464148 -0.027780380 -0.400038540 0.010497300 0.999944031 0.001047420 0.020254906 0.027767872 -0.001338577 0.999613702 27.433542252
0.999538720 -0.009656049 -0.028801700 -0.426572680 0.009679501 0.999952555 0.000674496 0.021284835 0.028793830 -0.000952970 0.999585152 28.232513428
0.999501288 -0.009896941 -0.029991534 -0.454002261 0.009906941 0.999950647 0.000184451 0.019530063 0.029988231 -0.000481483 0.999550343 29.021392822
0.999442220 -0.009672104 -0.031965744 -0.482983381 0.009656882 0.999952853 -0.000630932 0.017263077 0.031970344 0.000321892 0.999488950 29.799505234
0.999376237 -0.009614540 -0.033984799 -0.512081802 0.009594773 0.999953449 -0.000745026 0.017429855 0.033990383 0.000418486 0.999422252 30.570529938
0.999305844 -0.009525283 -0.036017463 -0.542641938 0.009542625 0.999954164 0.000309283 0.019752391 0.036012869 -0.000652769 0.999351263 31.334091187
0.999223471 -0.009813295 -0.038163736 -0.572165787 0.009918568 0.999947190 0.002569794 0.021024365 0.038136512 -0.002946328 0.999268353 32.091674805
0.999150515 -0.008835531 -0.040257555 -0.604226768 0.009007507 0.999950826 0.004092191 0.021398447 0.040219422 -0.004451334 0.999181092 32.837211609
0.999081016 -0.007563080 -0.042195234 -0.640131712 0.007751172 0.999960423 0.004295517 0.022819258 0.042161088 -0.004618633 0.999100268 33.569751740
0.999014616 -0.005028471 -0.044101298 -0.677680314 0.005185381 0.999980450 0.003443842 0.025219716 0.044083118 -0.003669131 0.999020875 34.292987823
0.998939335 -0.003359313 -0.045929119 -0.716222346 0.003487939 0.999989986 0.002720252 0.027728707 0.045919523 -0.002877565 0.998940766 35.003776550
0.998865604 -0.002995309 -0.047530022 -0.753871620 0.003180308 0.999987543 0.003816693 0.030979216 0.047517989 -0.003963524 0.998862326 35.708221436
0.998814940 -0.001596356 -0.048650894 -0.792875469 0.001872486 0.999982238 0.005630257 0.034647614 0.048641033 -0.005714681 0.998799801 36.405441284
0.998811364 0.001291232 -0.048731975 -0.832990885 -0.000989867 0.999980152 0.006207302 0.035573512 0.048739012 -0.006151685 0.998792350 37.087432861
0.998855591 0.004412189 -0.047630381 -0.872740149 -0.004218238 0.999982238 0.004171275 0.035229430 0.047647923 -0.003965585 0.998856127 37.752174377
0.998929441 0.006050500 -0.045869011 -0.909546793 -0.006010686 0.999981344 0.001005347 0.037367266 0.045874223 -0.000728568 0.998946726 38.404197693
0.999020636 0.006579902 -0.043760151 -0.939500034 -0.006628630 0.999977469 -0.000969036 0.042074095 0.043752763 0.001258155 0.999041438 39.050807953
0.999143839 0.007750348 -0.040646527 -0.968543530 -0.007766814 0.999969661 -0.000247781 0.045094043 0.040643364 0.000563261 0.999173403 39.693805695
0.999222994 0.012433904 -0.037409756 -0.999790132 -0.012349672 0.999920487 0.002481151 0.043886412 0.037437629 -0.002017224 0.999296784 40.328765869
0.999297321 0.016722592 -0.033550911 -1.029452324 -0.016530456 0.999845207 0.005994987 0.043313041 0.033645954 -0.005436163 0.999418855 40.953746796
0.999337375 0.021725975 -0.029215161 -1.055302739 -0.021532157 0.999743879 0.006931507 0.045077041 0.029358264 -0.006297848 0.999548912 41.558788300
0.999393046 0.025440082 -0.023814235 -1.076144814 -0.025276685 0.999654830 0.007136073 0.049325377 0.023987550 -0.006529796 0.999690711 42.146827698
0.999412179 0.029211653 -0.017961184 -1.092252374 -0.029052369 0.999536574 0.009064166 0.054261506 0.018217638 -0.008537022 0.999797404 42.720745087
0.999358296 0.033993680 -0.011326194 -1.105628371 -0.033877928 0.999373138 0.010256373 0.056838453 0.011667743 -0.009866081 0.999882996 43.273841858
0.999298632 0.037225235 -0.004152402 -1.114279747 -0.037182752 0.999259531 0.009870143 0.058107406 0.004516747 -0.009708820 0.999942482 43.806190491
0.999172032 0.040568389 0.003185917 -1.116633892 -0.040598217 0.999125779 0.009948978 0.058710247 -0.002779517 -0.010070083 0.999945283 44.315486908
0.998931825 0.044963114 0.010688499 -1.116082549 -0.045064460 0.998939276 0.009441794 0.062252223 -0.010252621 -0.009913377 0.999898076 44.809078217
0.998612940 0.049349211 0.018368457 -1.113995790 -0.049479369 0.998752415 0.006702118 0.064926013 -0.018014789 -0.007601680 0.999808609 45.275295258
0.998337984 0.051228013 0.026410814 -1.105200291 -0.051339719 0.998674691 0.003570402 0.066283442 -0.026192892 -0.004920392 0.999644578 45.717353821
0.998073280 0.051705625 0.034306537 -1.090627193 -0.051850203 0.998649120 0.003338769 0.066707924 -0.034087531 -0.005111136 0.999405503 46.139858246
0.997807205 0.050975807 0.042224579 -1.068434119 -0.051218148 0.998676360 0.004677841 0.068089887 -0.041930199 -0.006830245 0.999096870 46.545692444
0.997348428 0.052627355 0.050271340 -1.047576904 -0.052962866 0.998581886 0.005365398 0.069014966 -0.049917653 -0.008013682 0.998720944 46.925941467
0.996693552 0.055762835 0.059100881 -1.029117346 -0.056184139 0.998405159 0.005490608 0.070208967 -0.058700416 -0.008792983 0.998236656 47.278656006
0.995854735 0.060519058 0.067904972 -1.011311531 -0.060992405 0.998125970 0.004918263 0.069414958 -0.067480013 -0.009039560 0.997679353 47.605537415
0.994960785 0.064249299 0.076977909 -0.991005659 -0.064821146 0.997884452 0.004951446 0.067952231 -0.076496877 -0.009916288 0.997020185 47.907875061
0.994230866 0.063615814 0.086362749 -0.962607861 -0.064335637 0.997912586 0.005575265 0.066643924 -0.085827753 -0.011099299 0.996247888 48.189384460
0.993307233 0.062468182 0.097154170 -0.930489063 -0.063124985 0.997998655 0.003699140 0.065450519 -0.096728578 -0.009807236 0.995262206 48.461242676
0.992138624 0.061130486 0.109198764 -0.898219109 -0.061401326 0.998112619 -0.000883132 0.066594809 -0.109046578 -0.005828758 0.994019270 48.732727051
0.990390897 0.061987471 0.123627752 -0.900887966 -0.061779637 0.998074353 -0.005517209 0.084573179 -0.123731621 -0.002173483 0.992313027 49.044422150
0.988206387 0.063709959 0.139245152 -0.862251282 -0.063225016 0.997967720 -0.007907251 0.086601943 -0.139465883 -0.000989785 0.990226090 49.318618774
0.985659122 0.065311626 0.155597061 -0.817948341 -0.064641044 0.997864366 -0.009370537 0.087968171 -0.155876696 -0.000821806 0.987775803 49.590282440
0.982783556 0.065826505 0.172637135 -0.765036583 -0.064958319 0.997830570 -0.010679466 0.087016582 -0.172965556 -0.000718619 0.984927237 49.850414276
0.979501963 0.064880669 0.190700367 -0.702318192 -0.063767664 0.997892678 -0.011973457 0.087013364 -0.191075295 -0.000432496 0.981574893 50.106269836
0.975595176 0.063812785 0.210100293 -0.634652138 -0.062599704 0.997961164 -0.012425737 0.085810602 -0.210464746 -0.001029729 0.977600515 50.358577728
0.970995367 0.063971788 0.230381846 -0.562422752 -0.062468812 0.997951031 -0.013819341 0.085315287 -0.230793744 -0.000973168 0.973001897 50.607845306
0.965598583 0.065991409 0.251524717 -0.485346794 -0.063987777 0.997819781 -0.016145406 0.084264278 -0.252041757 -0.000504532 0.967715919 50.856094360
0.959267437 0.067254595 0.274377406 -0.400596619 -0.064694576 0.997735560 -0.018379215 0.081935227 -0.274992108 -0.000120152 0.961446166 51.102008820
0.951815367 0.068359166 0.298956037 -0.306664467 -0.065498561 0.997660100 -0.019590247 0.077583730 -0.299595565 -0.000934894 0.954065502 51.349262238
0.943080485 0.071138524 0.324867308 -0.207164764 -0.068158679 0.997462392 -0.020558622 0.072229266 -0.325505316 -0.002754097 0.945535898 51.597522736
0.933009624 0.073159084 0.352337033 -0.098556519 -0.069993608 0.997310221 -0.021733597 0.065405011 -0.352979243 -0.004383697 0.935620487 51.842395782
0.921643794 0.073788874 0.380957246 0.021444321 -0.070302792 0.997258246 -0.023079759 0.056370139 -0.381615639 -0.005511046 0.924304247 52.081058502
0.908785582 0.071865074 0.411028951 0.157619476 -0.067501679 0.997401953 -0.025141271 0.046795249 -0.411767662 -0.004897124 0.911275327 52.312545776
0.893669605 0.069075376 0.443377644 0.304670334 -0.063322179 0.997605741 -0.027788671 0.037796974 -0.444235444 -0.003241750 0.895903826 52.540855408
0.876036465 0.068398960 0.477370262 0.460412979 -0.060451563 0.997657418 -0.032010619 0.028965473 -0.478441298 -0.000815323 0.878118694 52.765941620
0.856251478 0.070219308 0.511764824 0.628789902 -0.059648726 0.997530520 -0.037070833 0.020200968 -0.513103902 0.001215823 0.858325124 52.992053986
0.834161043 0.072175018 0.546778560 0.811216354 -0.059046313 0.997388721 -0.041575130 0.010986090 -0.548351228 0.002395086 0.836244166 53.218124390
0.809299409 0.075093053 0.582577169 1.008892059 -0.059970301 0.997174799 -0.045224793 0.000451326 -0.584327221 0.001663060 0.811515987 53.446685791
0.781629145 0.078953281 0.618726969 1.220285416 -0.062590636 0.996877372 -0.048137642 -0.013396263 -0.620595276 -0.001100733 0.784129798 53.676536560
0.751418352 0.083162501 0.654564738 1.453096390 -0.065924451 0.996523619 -0.050929300 -0.029154539 -0.656524420 -0.004882610 0.754288375 53.910114288
0.718093097 0.084301792 0.690822780 1.711164474 -0.065474167 0.996416807 -0.053534962 -0.045442343 -0.692860305 -0.006787945 0.721039295 54.138221741
0.681321144 0.081814341 0.727398455 1.996829987 -0.061571870 0.996617496 -0.054423224 -0.064615250 -0.729390264 -0.007707582 0.684053838 54.359710693
0.642022491 0.080387443 0.762460113 2.309244156 -0.058347840 0.996726632 -0.055955239 -0.083222508 -0.764462113 -0.008563375 0.644611180 54.578266144
0.599486530 0.079961248 0.796380937 2.648645401 -0.056078974 0.996747792 -0.057865005 -0.101507306 -0.798417568 -0.009970931 0.602020860 54.793548584
0.553260624 0.079624593 0.829194188 3.008928299 -0.052085195 0.996779799 -0.060964581 -0.122151613 -0.831378102 -0.009459431 0.555625975 54.994827271
0.505008042 0.078504644 0.859537363 3.396366119 -0.048647251 0.996860564 -0.062464904 -0.146125317 -0.861742377 -0.010268856 0.507241368 55.184928894
0.456083149 0.076551370 0.886638880 3.805021286 -0.046596169 0.996980786 -0.062109265 -0.171146750 -0.888716102 -0.012986981 0.458273053 55.363864899
0.406334728 0.074417710 0.910688996 4.239118576 -0.046239596 0.997075379 -0.060845450 -0.194347024 -0.912553191 -0.017386265 0.408587217 55.530067444
0.355999142 0.074183047 0.931537390 4.689308167 -0.048998162 0.996954441 -0.060667228 -0.215506077 -0.933200479 -0.024046134 0.358549565 55.682518005
0.306445539 0.074489497 0.948969424 5.154752731 -0.046606615 0.996911705 -0.063202277 -0.237724304 -0.950746179 -0.024860185 0.308970630 55.811450958
0.259411037 0.071238905 0.963136256 5.643651009 -0.035303872 0.997308671 -0.064257726 -0.267759085 -0.965121210 -0.017333267 0.261227667 55.903533936
0.215258002 0.065406837 0.974364579 6.151901245 -0.021897569 0.997827053 -0.062144134 -0.296707988 -0.976311386 -0.007959192 0.216222316 55.974567413
0.172863811 0.064550549 0.982828438 6.676040649 -0.012691315 0.997913241 -0.063309066 -0.322056770 -0.984863698 -0.001529538 0.173322186 56.037471771
0.134184986 0.066139489 0.988746881 7.208425522 -0.009270644 0.997810304 -0.065487593 -0.345042229 -0.990912616 -0.000378866 0.134504184 56.090969086
0.101413041 0.066917792 0.992591560 7.754871845 -0.000301396 0.997737110 -0.067233898 -0.377545357 -0.994844079 0.006519227 0.101203591 56.123222351
0.072276220 0.065200873 0.995251477 8.311103821 0.007053807 0.997802556 -0.065880232 -0.414036125 -0.997359335 0.011781878 0.071657404 56.142330170
0.047020540 0.063501634 0.996873677 8.885343552 0.014195977 0.997833967 -0.064232387 -0.447111964 -0.998792648 0.017171822 0.046017125 56.154087067
0.027068183 0.062658750 0.997668207 9.465420723 0.018937910 0.997822285 -0.063182220 -0.473405540 -0.999453783 0.020603964 0.025822490 56.153511047
0.011038482 0.064459674 0.997859538 10.057796478 0.021693517 0.997669756 -0.064687379 -0.503139138 -0.999703348 0.022361120 0.009614319 56.151405334
-0.002517134 0.064121217 0.997939289 10.657444954 0.022476975 0.997693598 -0.064048722 -0.537542343 -0.999743938 0.022269422 -0.003952652 56.143764496
-0.014401193 0.065018930 0.997780621 11.267859459 0.023151098 0.997637749 -0.064675495 -0.572928369 -0.999627888 0.022168297 -0.015872492 56.134025574
-0.023545785 0.068096839 0.997401357 11.886483192 0.028100207 0.997328222 -0.067428522 -0.604884505 -0.999327362 0.026439503 -0.025396468 56.111049652
-0.030133756 0.070257016 0.997074068 12.516689301 0.032407273 0.997070909 -0.069277398 -0.636477828 -0.999020040 0.030224841 -0.032322370 56.084114075
-0.034942012 0.069704011 0.996956050 13.164380074 0.032841049 0.997106075 -0.068563491 -0.669927895 -0.998849273 0.030345310 -0.037130088 56.060909271
-0.038706295 0.067107417 0.996995151 13.821051598 0.030491555 0.997357070 -0.065948017 -0.703308702 -0.998784959 0.027847303 -0.040650245 56.041007996
-0.041327763 0.060371585 0.997320533 14.496121407 0.028454859 0.997839093 -0.059223849 -0.737236559 -0.998739958 0.025931001 -0.042956360 56.018146515
-0.042621762 0.054851890 0.997584879 15.179136276 0.029711850 0.998119712 -0.053611889 -0.770173848 -0.998649001 0.027355034 -0.044171408 55.988376617
-0.043117352 0.052345719 0.997698307 15.870957375 0.032359716 0.998175621 -0.050972309 -0.804443717 -0.998545468 0.030087419 -0.044732623 55.954364777
-0.042864554 0.054740828 0.997580647 16.566516876 0.035643078 0.997946024 -0.053229362 -0.838712156 -0.998444498 0.033275165 -0.044727676 55.920097351
-0.042138033 0.062220588 0.997172892 17.266248703 0.036651094 0.997483432 -0.060691185 -0.870913982 -0.998439014 0.033990044 -0.044312477 55.890525818
-0.039855603 0.070383571 0.996724010 17.976814270 0.037400335 0.996922135 -0.068902075 -0.902845263 -0.998504817 0.034531642 -0.042365339 55.861343384
-0.037703857 0.071303517 0.996742368 18.703140259 0.038121387 0.996827602 -0.069867618 -0.936979413 -0.998561144 0.035362892 -0.040302467 55.833076477
-0.035541188 0.066999778 0.997120321 19.445251465 0.037447527 0.997138739 -0.065666281 -0.977813005 -0.998665929 0.035005797 -0.037948515 55.808189392
-0.033103645 0.060504969 0.997619331 20.192871094 0.036941726 0.997557938 -0.059275445 -1.024330378 -0.998768568 0.034891505 -0.035258006 55.787265778
-0.030443521 0.058776721 0.997807384 20.934986115 0.035115793 0.997716248 -0.057699975 -1.069472909 -0.998919010 0.033282179 -0.032438032 55.772159576
-0.027140357 0.064261787 0.997564495 21.668888092 0.042923775 0.997086108 -0.063063189 -1.111832976 -0.998709142 0.041107640 -0.029819675 55.744636536
-0.023733802 0.069928721 0.997270107 22.405038834 0.044578832 0.996632457 -0.068823114 -1.153129339 -0.998723447 0.042823665 -0.026771259 55.723926544
-0.021533638 0.070481420 0.997281134 23.148391724 0.038542978 0.996828914 -0.069617264 -1.195419550 -0.999024451 0.036939036 -0.024181968 55.721702576
-0.018258002 0.066950530 0.997589767 23.894422531 0.034033880 0.997218966 -0.066302776 -1.240158916 -0.999253511 0.032741267 -0.020485869 55.719837189
-0.013499441 0.063310005 0.997903109 24.641077042 0.038126536 0.997300327 -0.062756032 -1.291884184 -0.999181330 0.037199382 -0.015876850 55.705192566
-0.009997089 0.064416617 0.997873724 25.382802963 0.042820148 0.997035086 -0.063933574 -1.338770747 -0.999032319 0.042089894 -0.012725847 55.692855835
-0.007169417 0.068994120 0.997592092 26.124704361 0.042507589 0.996736288 -0.068629518 -1.383872271 -0.999069989 0.041913148 -0.010078866 55.691078186
-0.003506334 0.069697574 0.997562706 26.872503281 0.038859833 0.996824145 -0.069509476 -1.428014874 -0.999237955 0.038521349 -0.006203713 55.696098328
0.000152190 0.069206201 0.997603059 27.620937347 0.037984967 0.996882021 -0.069162071 -1.475906849 -0.999277830 0.037904393 -0.002477163 55.701320648
0.003751129 0.066054970 0.997809589 28.370117188 0.042054079 0.996922851 -0.066154435 -1.525217772 -0.999107838 0.042210065 0.000961619 55.701042175
0.007398970 0.066664837 0.997748733 29.115680695 0.046585195 0.996669054 -0.066938236 -1.574391484 -0.998886466 0.046975534 0.004268641 55.700077057
0.010949159 0.067554742 0.997656226 29.861112595 0.049354099 0.996462882 -0.068015665 -1.620804310 -0.998720944 0.049983073 0.007576231 55.705535889
0.013562428 0.067488998 0.997628629 30.609292984 0.049764719 0.996437550 -0.068085060 -1.666747093 -0.998668432 0.050570045 0.010155443 55.717918396
0.017014958 0.066042580 0.997672439 31.360435486 0.051177558 0.996450782 -0.066834614 -1.713627100 -0.998544157 0.052195568 0.013574566 55.730766296
0.020710848 0.065039963 0.997668386 32.112796783 0.053168155 0.996398091 -0.066060960 -1.762999535 -0.998370230 0.054412305 0.017178087 55.743759155
0.023537328 0.065312393 0.997588098 32.866851807 0.051501539 0.996459484 -0.066453755 -1.808589935 -0.998394966 0.052941386 0.020090194 55.764934540
0.026563494 0.066983461 0.997401178 33.618495941 0.048785325 0.996476769 -0.068220772 -1.855420113 -0.998455465 0.050470658 0.023201976 55.790683746
0.029291725 0.066986501 0.997324586 34.374313354 0.050527662 0.996377170 -0.068406992 -1.902937174 -0.998292506 0.052396163 0.025800813 55.812915802
0.031988811 0.066623673 0.997266173 35.135036469 0.048327923 0.996505737 -0.068123184 -1.951032877 -0.998318613 0.050374918 0.028657127 55.840866089
0.034204442 0.066925667 0.997172296 35.896015167 0.046670076 0.996559858 -0.068485536 -1.998769283 -0.998324037 0.048880547 0.030963227 55.873306274
0.036982913 0.066928141 0.997072995 36.661945343 0.043652296 0.996694088 -0.068521939 -2.049134493 -0.998361409 0.046058603 0.033938959 55.908874512
0.040301576 0.068862148 0.996812642 37.427310944 0.042284578 0.996610999 -0.070557922 -2.098514318 -0.998291910 0.044993341 0.037253059 55.943317413
0.043595187 0.072294489 0.996430993 38.196456909 0.041258521 0.996397197 -0.074097268 -2.149514675 -0.998196483 0.044341490 0.040455218 55.980468750
0.047046967 0.074386582 0.996119916 38.970451355 0.041430537 0.996219933 -0.076350927 -2.203076601 -0.998032629 0.044861812 0.043787107 56.017715454
0.049931042 0.076655835 0.995807409 39.748191833 0.035288606 0.996292293 -0.078462690 -2.254064083 -0.998128474 0.039058328 0.047040679 56.066459656
0.052580383 0.075840779 0.995733380 40.533813477 0.031586681 0.996486723 -0.077566221 -2.308567524 -0.998116493 0.035530332 0.049999941 56.117794037
0.056310106 0.076452427 0.995482624 41.319503784 0.033705957 0.996349990 -0.078425743 -2.366189003 -0.997843683 0.037969816 0.053527504 56.162212372
0.060192753 0.077523634 0.995172679 42.109027863 0.033012595 0.996279538 -0.079606734 -2.425462246 -0.997640252 0.037644941 0.057409380 56.211532593
0.063826174 0.078390211 0.994878292 42.903499603 0.029125253 0.996339142 -0.080373943 -2.480928659 -0.997535408 0.034106005 0.061309204 56.271911621
0.067948721 0.076450221 0.994756222 43.703948975 0.028103229 0.996517420 -0.078505330 -2.536912918 -0.997292459 0.033290166 0.065563418 56.332504272
0.072750345 0.076254249 0.994431615 44.507728577 0.028662393 0.996501207 -0.078509912 -2.600054502 -0.996937752 0.034214377 0.070309982 56.392292023
0.077735864 0.079792567 0.993776560 45.309425354 0.025210841 0.996316016 -0.081968613 -2.660870552 -0.996654689 0.031425811 0.075437658 56.463371277
0.083743498 0.088344425 0.992564201 46.107009888 0.023456721 0.995611548 -0.090594813 -2.723393440 -0.996210694 0.030869003 0.081303522 56.539726257
0.091069914 0.093129858 0.991480947 46.912811279 0.021828718 0.995191634 -0.095483504 -2.788561821 -0.995604694 0.030338410 0.088598892 56.618995667
0.098212197 0.095991202 0.990525842 47.724319458 0.017524157 0.995015919 -0.098163962 -2.858996630 -0.995010674 0.026999004 0.096040308 56.712268829
0.105208077 0.094203047 0.989979029 48.541843414 0.013665288 0.995272160 -0.096159026 -2.933237553 -0.994355738 0.023645049 0.103423133 56.811431885
0.112618960 0.092464447 0.989327431 49.359298706 0.013597689 0.995424151 -0.094582193 -3.006733894 -0.993544698 0.024104305 0.110846072 56.912899017
0.119759940 0.089018963 0.988804579 50.182632446 0.013190205 0.995741367 -0.091241054 -3.077301025 -0.992714703 0.023969552 0.118075483 57.021503448
0.126997590 0.083505273 0.988382399 51.007511139 0.011055214 0.996268868 -0.085592106 -3.146386385 -0.991840959 0.021796765 0.125600278 57.137687683
0.134014592 0.075962268 0.988064468 51.829010010 0.008538488 0.996932149 -0.077802174 -3.211965561 -0.990942121 0.018863203 0.132954568 57.260795593
0.141377658 0.073231250 0.987244129 52.641372681 0.008442234 0.997134447 -0.075173944 -3.279159546 -0.989919245 0.018962458 0.140354037 57.385272980
0.148369476 0.075082056 0.986078322 53.444255829 0.008298079 0.996984005 -0.077161059 -3.340431929 -0.988896728 0.019630900 0.147298679 57.512435913
0.154212117 0.081794314 0.984646916 54.235744476 0.008973655 0.996410370 -0.084176958 -3.399650812 -0.987996578 0.021816984 0.152924240 57.640804291
0.159259304 0.085408121 0.983536124 55.021465302 0.007562149 0.996115863 -0.087725081 -3.460907459 -0.987207413 0.021408677 0.157994539 57.773586273
0.164134622 0.088531375 0.982457757 55.800659180 0.006230367 0.995851517 -0.090779230 -3.527581930 -0.986417890 0.021021089 0.162901819 57.911350250
0.169442758 0.088116646 0.981593549 56.574161530 0.003710450 0.995930851 -0.090044208 -3.595014334 -0.985532820 0.018899500 0.168425977 58.051712036
0.174711555 0.085377358 0.980911732 57.343841553 0.007639389 0.996086001 -0.088058785 -3.659841061 -0.984589756 0.022878455 0.173375189 58.186492920
0.179261744 0.078649260 0.980653226 58.107727051 0.008447837 0.996639490 -0.081475645 -3.721798897 -0.983764946 0.022889867 0.177994609 58.326362610
0.182299107 0.072541244 0.980564177 58.864356995 0.006573153 0.997162402 -0.074991226 -3.783790827 -0.983220994 0.020116240 0.181304678 58.474998474
0.185391545 0.069173001 0.980227590 59.607212067 0.002952161 0.997475624 -0.070948526 -3.841228485 -0.982660174 0.016047060 0.184718966 58.625823975
0.188554928 0.069330074 0.979612947 60.337913513 0.001380424 0.997485280 -0.070860662 -3.894542217 -0.982061505 0.014713423 0.187984750 58.772235870
0.190635279 0.071550332 0.979050577 61.057090759 -0.000557541 0.997347891 -0.072779000 -3.945741653 -0.981660604 0.013328397 0.190169245 58.919029236
0.192024127 0.075918399 0.978449881 61.764835358 -0.004672593 0.997062862 -0.076445565 -3.999033928 -0.981378973 0.010107514 0.191814497 59.068428040
0.193870693 0.080082729 0.977753580 62.460498810 -0.005985230 0.996740580 -0.080451101 -4.054257393 -0.981008589 0.009745048 0.193717748 59.214492798
0.196051970 0.085558400 0.976854384 63.148380280 -0.006547295 0.996278286 -0.085945643 -4.109429359 -0.980571508 0.010454075 0.195882142 59.356086731
0.197748601 0.087788336 0.976314306 63.830047607 -0.005835908 0.996069431 -0.088382617 -4.163265228 -0.980235279 0.011779877 0.197483271 59.495895386
0.199051470 0.087803453 0.976048112 64.502944946 -0.008426483 0.996094704 -0.087888300 -4.219392300 -0.979952693 0.009269666 0.199013591 59.640605927
0.199510112 0.084957965 0.976206243 65.167449951 -0.008402993 0.996346176 -0.084993303 -4.277073860 -0.979859710 0.008753994 0.199494630 59.781234741
0.200117290 0.082689568 0.976276815 65.824302673 -0.008541224 0.996541619 -0.082655162 -4.332971573 -0.979734719 0.008202152 0.200131074 59.919025421
0.199938208 0.081599250 0.976405144 66.470085144 -0.007732527 0.996626496 -0.081705742 -4.386092186 -0.979777873 0.008786045 0.199894294 60.052150726
0.198427737 0.080941901 0.976767957 67.107795715 -0.008156476 0.996685982 -0.080935441 -4.439588547 -0.980081558 0.008092878 0.198429957 60.185466766
0.196678966 0.081867471 0.977044463 67.735237122 -0.009280662 0.996618688 -0.081639379 -4.492249012 -0.980423927 0.006989154 0.196773335 60.316135406
0.194383204 0.084699266 0.977262557 68.349822998 -0.010126888 0.996385336 -0.084342323 -4.545555592 -0.980873346 0.006498125 0.194537953 60.442428589
0.192123845 0.088577315 0.977365553 68.953651428 -0.008295815 0.996029317 -0.088638030 -4.599136353 -0.981335521 0.008921457 0.192095414 60.561088562
0.190497264 0.089141369 0.977632642 69.555282593 -0.005932621 0.995955169 -0.089655988 -4.649301529 -0.981669664 0.011279319 0.190255180 60.674362183
0.188233241 0.088092491 0.978166103 70.148040771 -0.006690019 0.996061265 -0.088416681 -4.696980476 -0.982101500 0.010099025 0.188080788 60.789672852
0.185708657 0.085199915 0.978904665 70.733497620 -0.006937443 0.996322691 -0.085399777 -4.747286797 -0.982580245 0.009068403 0.185616434 60.902938843
0.183467001 0.081206106 0.979666471 71.313461304 -0.006551023 0.996661127 -0.081387937 -4.800901890 -0.983003974 0.008514204 0.183386013 61.013633728
0.181612477 0.080214337 0.980093598 71.880851746 -0.002955746 0.996707618 -0.081026360 -4.852184772 -0.983365595 0.011818508 0.181251273 61.114971161
0.179790407 0.081637762 0.980312049 72.435935974 0.000773779 0.996538460 -0.083130941 -4.898033619 -0.983704507 0.015704703 0.179104522 61.213211060
0.177243724 0.083785340 0.980594635 72.984825134 0.004886528 0.996282578 -0.086009011 -4.940564632 -0.984154761 0.020036269 0.176175028 61.308403015
0.175458923 0.085546367 0.980763495 73.532737732 0.004374300 0.996140122 -0.087670140 -4.985830307 -0.984476864 0.019672668 0.174407065 61.408035278
0.174062714 0.088077657 0.980788291 74.079788208 0.003952839 0.995921671 -0.090138182 -5.032917976 -0.984726489 0.019566603 0.173004285 61.509136200
0.172714353 0.086420394 0.981173933 74.629142761 0.005771793 0.996037841 -0.088745542 -5.081750870 -0.984954894 0.020990774 0.171530843 61.606758118
0.173344076 0.084847450 0.981200159 75.183601379 0.011869878 0.996029913 -0.088226773 -5.127485752 -0.984789729 0.026940316 0.171648353 61.699314117
0.175711066 0.083068721 0.980931342 75.738616943 0.016735094 0.996037841 -0.087345645 -5.169489861 -0.984299541 0.031763580 0.173624337 61.789489746
0.177666038 0.082398608 0.980635643 76.295913696 0.019657504 0.995992720 -0.087250397 -5.214946747 -0.983894467 0.034778282 0.175333992 61.889465332
0.180937245 0.082070142 0.980064929 76.852928162 0.017051369 0.996100903 -0.086560920 -5.263258934 -0.983346879 0.032373544 0.178831965 62.001560211
0.186371386 0.082602665 0.979001284 77.415916443 0.015904060 0.996075511 -0.087070875 -5.310475349 -0.982350707 0.031797614 0.184325859 62.115272522
0.192967311 0.081474811 0.977817178 77.985130310 0.017184753 0.996113420 -0.086390585 -5.353668690 -0.981054783 0.033474103 0.190816820 62.230880737
0.200466111 0.081853978 0.976275742 78.556427002 0.015113017 0.996126950 -0.086621597 -5.396136284 -0.979584098 0.032119166 0.198452249 62.357444763
0.208768964 0.079676017 0.974714458 79.132904053 0.015548776 0.996279597 -0.084769078 -5.442707062 -0.977841496 0.032852769 0.206752986 62.489517212
0.217674583 0.079348005 0.972791135 79.713623047 0.011883046 0.996400952 -0.083932713 -5.492887974 -0.975949109 0.029829748 0.215947852 62.630584717
0.227370381 0.078997836 0.970599294 80.301055908 0.010800220 0.996438742 -0.083630882 -5.539875507 -0.973748565 0.029497884 0.225707024 62.777702332
0.236931443 0.082839459 0.967988670 80.891281128 0.005280976 0.996233940 -0.086549208 -5.586556911 -0.971512079 0.025618162 0.235601217 62.937080383
0.246406242 0.085025176 0.965430319 81.491691589 0.001895611 0.996100605 -0.088210024 -5.632361412 -0.969164968 0.023565594 0.245283723 63.103759766
0.257215917 0.087703899 0.962366343 82.099929810 -0.002254928 0.995925248 -0.090159476 -5.682107925 -0.966351569 0.021020399 0.256365120 63.278648376
0.267484069 0.089430645 0.959403753 82.716453552 -0.003610052 0.995770097 -0.091813974 -5.734882832 -0.963555813 0.021095287 0.266675025 63.460762024
0.277310133 0.090183809 0.956539154 83.342468262 -0.006812470 0.995744944 -0.091905102 -5.788135529 -0.960756540 0.018969836 0.276744068 63.655563354
0.287675887 0.090575889 0.953435719 83.976089478 -0.007690928 0.995704710 -0.092270799 -5.841257095 -0.957697153 0.019211289 0.287136316 63.857414246
0.297818959 0.091570027 0.950220942 84.618179321 -0.012008424 0.995669782 -0.092186041 -5.892591476 -0.954547107 0.016044104 0.297628462 64.073104858
0.308459580 0.086690024 0.947279572 85.276672363 -0.011656750 0.996108890 -0.087362781 -5.946712017 -0.951166391 0.015905704 0.308269322 64.294418335
0.319231391 0.079723351 0.944318056 85.946891785 -0.008184282 0.996650457 -0.081374645 -6.000564575 -0.947641730 0.018248796 0.318814069 64.523872375
0.330031574 0.075336590 0.940959454 86.625213623 -0.006763625 0.996973932 -0.077448949 -6.056243896 -0.943945944 0.019196322 0.329541862 64.767341614
0.340383738 0.071911640 0.937533319 87.309524536 -0.007329515 0.997244418 -0.073830493 -6.107710838 -0.940258384 0.018259050 0.339972287 65.022605896
0.349943846 0.069618084 0.934180796 88.004333496 -0.001223784 0.997268319 -0.073861003 -6.153720856 -0.936770260 0.024703989 0.349072427 65.281311035
0.358528376 0.064291053 0.931303024 88.709228516 0.005257398 0.997471273 -0.070882708 -6.196852684 -0.933504343 0.030309705 0.357283145 65.548690796
0.365552545 0.054858856 0.929173291 89.432052612 0.014880758 0.997790158 -0.064764239 -6.242467403 -0.930672169 0.037501547 0.363927692 65.822547913
0.372659743 0.050502516 0.926593482 90.152770996 0.020233044 0.997838914 -0.062522888 -6.289196014 -0.927747786 0.042047575 0.370831966 66.107490540
0.379885972 0.050539274 0.923652291 90.872726440 0.022160767 0.997723043 -0.063706487 -6.340140343 -0.924768209 0.044670049 0.377900362 66.403129578
0.387370735 0.056821581 0.920171857 91.590820312 0.024484757 0.997113168 -0.071880162 -6.385861397 -0.921599090 0.050374459 0.384860635 66.704719543
0.394652218 0.061122902 0.916795790 92.310142517 0.028258104 0.996506035 -0.078601278 -6.433611870 -0.918396294 0.056927081 0.391545415 67.008934021
0.400026083 0.063199662 0.914322674 93.027175903 0.026461331 0.996407866 -0.080450505 -6.489108086 -0.916122019 0.056376494 0.396916062 67.326934814
0.404366970 0.064736575 0.912303448 93.735427856 0.019393474 0.996661186 -0.079318315 -6.548899651 -0.914391518 0.049766451 0.401760727 67.656051636
0.408233464 0.068344168 0.910316169 94.431404114 0.012674769 0.996673584 -0.080511540 -6.611145496 -0.912789881 0.044405565 0.406008601 67.985969543
0.412263066 0.071462311 0.908258259 95.121330261 0.011827430 0.996415854 -0.083766893 -6.672060966 -0.910988331 0.045276392 0.409939528 68.306114197
0.416301936 0.075612597 0.906077445 95.801681519 0.008561556 0.996166587 -0.087064005 -6.732899666 -0.909186482 0.044002376 0.414057910 68.627983093
0.419737339 0.078627475 0.904233992 96.474639893 0.005480861 0.996003509 -0.089151233 -6.795005798 -0.907629371 0.042376112 0.417628139 68.952758789
0.423635572 0.077078603 0.902547777 97.139938354 0.004325137 0.996190310 -0.087105677 -6.857470989 -0.905822754 0.040804736 0.421687424 69.273139954
0.427771688 0.074018501 0.900851488 97.798561096 0.005247702 0.996421933 -0.084362693 -6.919235229 -0.903871894 0.040815409 0.425851822 69.587249756
0.431261480 0.071337067 0.899402678 98.445571899 0.004977628 0.996666610 -0.081438161 -6.978659153 -0.902213573 0.039598081 0.429468006 69.902099609
0.434772909 0.070436738 0.897781610 99.079414368 0.003968737 0.996777534 -0.080125310 -7.037193298 -0.900531769 0.038399417 0.433091491 70.217880249
0.438178122 0.072130285 0.895989895 99.702308655 0.002019030 0.996694446 -0.081224494 -7.092602730 -0.898886323 0.037399866 0.436583221 70.529747009
0.440985620 0.072671033 0.894567609 100.315948486 0.003019703 0.996591449 -0.082447387 -7.147375584 -0.897509515 0.039059483 0.439262241 70.835769653
0.443220556 0.070818253 0.893611193 100.925399780 0.005177008 0.996656358 -0.081552014 -7.199832916 -0.896398008 0.040771801 0.441371083 71.137184143
0.444938987 0.069691949 0.892845392 101.526000977 0.007143706 0.996660292 -0.081355028 -7.254000187 -0.895532966 0.042576279 0.442954183 71.436920166
0.446718067 0.069544062 0.891968131 102.115097046 0.005895987 0.996724606 -0.080664158 -7.308893204 -0.894655943 0.041293208 0.444843918 71.738327026
0.448649138 0.068937302 0.891045570 102.696464539 0.007380146 0.996701598 -0.080827229 -7.360722542 -0.893678129 0.042839155 0.446659535 72.034248352
0.451293349 0.070731804 0.889568388 103.266448975 0.006869793 0.996549547 -0.082723022 -7.409981728 -0.892349839 0.043443531 0.449249268 72.326255798
0.454175830 0.070717715 0.888101220 103.828323364 0.009883461 0.996384203 -0.084394164 -7.462095261 -0.890857816 0.047107343 0.451833725 72.612007141
0.457277268 0.070078380 0.886559129 104.382095337 0.011623243 0.996335149 -0.084750503 -7.513853073 -0.889248788 0.049059197 0.454785883 72.896522522
0.460487992 0.068367392 0.885029495 104.928810120 0.014679607 0.996307433 -0.084601074 -7.564131737 -0.887545109 0.051949691 0.457783014 73.179481506
0.463932633 0.067452192 0.883299112 105.462631226 0.016056515 0.996293604 -0.084513903 -7.614179134 -0.885725498 0.053391494 0.461129040 73.458740234
0.467215568 0.067050055 0.881597757 105.986785889 0.017067175 0.996251225 -0.084814750 -7.663065910 -0.883979201 0.054673187 0.464318782 73.737800598
0.470644802 0.066259407 0.879831672 106.503135681 0.017682061 0.996268511 -0.084486462 -7.712485313 -0.882146239 0.055320378 0.467716008 74.015098572
0.474214256 0.065868720 0.877942264 107.016906738 0.019345868 0.996177733 -0.085188687 -7.757593632 -0.880197525 0.057382274 0.471126437 74.289413452
0.478174746 0.067289695 0.875683427 107.523582458 0.018958058 0.996038318 -0.086889945 -7.802581310 -0.878060818 0.058149856 0.475003719 74.568740845
0.482493937 0.067575186 0.873289049 108.028724670 0.021023467 0.995839715 -0.088673346 -7.848811626 -0.875647664 0.061143927 0.479065001 74.846847534
0.487238199 0.070954941 0.870382011 108.525482178 0.018824717 0.995609403 -0.091701381 -7.898907661 -0.873066962 0.061065130 0.483762234 75.130676270
0.492681563 0.076874003 0.866807818 109.014625549 0.015334152 0.995169640 -0.096973330 -7.949195862 -0.870075285 0.061068755 0.489121974 75.418403625
0.498563766 0.084012270 0.862772584 109.500679016 0.010023187 0.994668126 -0.102647267 -7.999521255 -0.866795778 0.059823949 0.495062470 75.710723877
0.504697025 0.090360805 0.858554780 109.985992432 0.004884291 0.994193137 -0.107507274 -8.050828934 -0.863283515 0.058452044 0.501323938 76.007888794
0.511109829 0.094941676 0.854256034 110.474327087 0.001298926 0.993794978 -0.111226805 -8.103494644 -0.859515190 0.057958744 0.507814109 76.310379028
0.516599894 0.095413268 0.850894451 110.970649719 -0.002860805 0.993959367 -0.109718353 -8.156028748 -0.856222987 0.054246254 0.513751328 76.625549316
0.522026956 0.094523326 0.847675443 111.468513489 -0.009378449 0.994417131 -0.105110422 -8.212320328 -0.852878153 0.046920609 0.519998133 76.950965881
0.527800977 0.092123628 0.844357431 111.971939087 -0.015646949 0.994987428 -0.098776922 -8.268117905 -0.849224806 0.038922973 0.526595891 77.282966614
0.533547759 0.090325885 0.840932906 112.479965210 -0.021991687 0.995427132 -0.092966869 -8.324852943 -0.845484853 0.031108771 0.533093452 77.626060486
0.539647937 0.088441342 0.837232590 112.995758057 -0.024631500 0.995700538 -0.089304261 -8.377428055 -0.841531277 0.027570605 0.539505303 77.973327637
0.545941651 0.092125937 0.832742810 113.512374878 -0.029766748 0.995442212 -0.090609998 -8.426732063 -0.837295175 0.024679767 0.546194792 78.327919006
0.552011967 0.096097901 0.828280151 114.036819458 -0.033606432 0.995094538 -0.093054287 -8.477009773 -0.833159566 0.023531575 0.552532673 78.695381165
0.558136165 0.099501029 0.823761940 114.570335388 -0.036492459 0.994767666 -0.095430896 -8.529329300 -0.828947425 0.023202367 0.558845937 79.071662903
0.564425111 0.101714835 0.819193780 115.112854004 -0.038821165 0.994553030 -0.096740037 -8.582053185 -0.824571848 0.022800466 0.565298438 79.459754944
