1.000000000 0.000000000 0.000000000 0.000000000 0.000000000 1.000000000 0.000000000 0.000000000 0.000000000 0.000000000 1.000000000 0.000000000
0.999999523 0.000496269 0.000823551 -0.015792193 -0.000496652 0.999999762 0.000465010 0.006531939 -0.000823320 -0.000465419 0.999999523 0.051794596
0.999999166 0.000779078 0.001001847 -0.027463229 -0.000778949 0.999999702 -0.000129542 0.007681987 -0.001001948 0.000128762 0.999999464 0.135472313
0.999998212 0.001199715 0.001432855 -0.041254617 -0.001197178 0.999997735 -0.001770099 0.006423751 -0.001434975 0.001768381 0.999997377 0.326460689
0.999998152 0.000892146 0.001662043 -0.045152299 -0.000889219 0.999998093 -0.001760910 -0.016656835 -0.001663611 0.001759429 0.999997020 1.658288956
0.999998212 0.000363822 0.001810026 -0.049405415 -0.000362166 0.999999583 -0.000915043 -0.039770398 -0.001810358 0.000914386 0.999997914 2.990671158
0.999997199 -0.001162395 0.002017501 -0.050328165 0.001161942 0.999999344 0.000225453 -0.062190793 -0.002017762 -0.000223108 0.999997914 4.327955246
0.999997795 -0.000800503 0.001906491 -0.053993456 0.000799116 0.999999464 0.000728299 -0.084800214 -0.001907073 -0.000726774 0.999997914 5.667287827
0.999998689 0.000050764 0.001594002 -0.059089310 -0.000048990 0.999999404 -0.001113032 -0.106940053 -0.001594058 0.001112952 0.999998093 7.007776737
0.999994457 0.002858391 0.001688223 -0.069242775 -0.002852762 0.999990404 -0.003327480 -0.131162912 -0.001697718 0.003322646 0.999993026 8.347822189
0.999977767 0.006342968 0.002013390 -0.080206051 -0.006334445 0.999971092 -0.004212183 -0.157095760 -0.002040050 0.004199335 0.999989092 9.696716309
0.999959946 0.008663457 0.002195353 -0.089957930 -0.008653995 0.999953389 -0.004283827 -0.185068935 -0.002232363 0.004264656 0.999988377 11.048112869
0.999949753 0.009704756 0.002468435 -0.097126655 -0.009696202 0.999947131 -0.003453536 -0.211487621 -0.002501820 0.003429428 0.999990880 12.401206970
0.999969184 0.007243562 0.002985556 -0.098191693 -0.007241390 0.999973536 -0.000737793 -0.235804558 -0.002990821 0.000716151 0.999995232 13.762400627
0.999989688 0.003191407 0.003200301 -0.096169196 -0.003194920 0.999994338 0.001093640 -0.260605246 -0.003196792 -0.001103853 0.999994218 15.126506805
0.999995172 0.000910522 0.002919234 -0.094103605 -0.000906780 0.999998808 -0.001282513 -0.282497942 -0.002920398 0.001279860 0.999994814 16.491664886
0.999995828 -0.000155986 0.002838184 -0.093299069 0.000165267 0.999994636 -0.003269868 -0.305686474 -0.002837658 0.003270323 0.999990582 17.860050201
0.999991417 0.002167054 0.003511318 -0.099052161 -0.002149979 0.999985993 -0.004858867 -0.333491206 -0.003521798 0.004851276 0.999981999 19.228574753
0.999977946 0.004895491 0.004464851 -0.106599040 -0.004882904 0.999984205 -0.002825688 -0.357496083 -0.004478613 0.002803824 0.999985993 20.604291916
0.999972701 0.005344482 0.005097453 -0.109109379 -0.005348163 0.999985516 0.000708993 -0.381270617 -0.005093591 -0.000736236 0.999986708 21.985149384
0.999979377 0.002987100 0.005688471 -0.105799496 -0.003001989 0.999992073 0.002610587 -0.399686366 -0.005680628 -0.002627612 0.999980330 23.370405197
0.999985039 -0.000816791 0.005419400 -0.099790826 0.000813311 0.999999404 0.000644253 -0.419345528 -0.005419923 -0.000639837 0.999985039 24.755342484
0.999984622 -0.001044789 0.005449186 -0.096946761 0.001053799 0.999998093 -0.001650948 -0.441510916 -0.005447450 0.001656665 0.999983728 26.139905930
0.999980628 -0.001246071 0.006104913 -0.094830662 0.001271909 0.999990225 -0.004230475 -0.466148674 -0.006099582 0.004238156 0.999972343 27.531763077
0.999974787 0.002085190 0.006798645 -0.097205982 -0.002051523 0.999985516 -0.004955243 -0.495429844 -0.006808880 0.004941168 0.999964535 28.926050186
0.999969542 0.002984355 0.007223055 -0.097674891 -0.002932835 0.999970257 -0.007132740 -0.525159717 -0.007244125 0.007111337 0.999948382 30.322580338
0.999965608 0.003915206 0.007325134 -0.095628858 -0.003867212 0.999970913 -0.006554641 -0.555516779 -0.007350584 0.006526086 0.999951601 31.722122192
0.999965847 0.003854790 0.007319955 -0.094998628 -0.003815827 0.999978364 -0.005329258 -0.587137699 -0.007340339 0.005301142 0.999958932 33.128780365
0.999962986 0.004905136 0.007090451 -0.094068691 -0.004878522 0.999980927 -0.003765773 -0.617062628 -0.007108788 0.003731041 0.999967694 34.536674500
0.999945700 0.007618636 0.007126690 -0.095171362 -0.007594069 0.999965072 -0.003467679 -0.644986212 -0.007152861 0.003413368 0.999968529 35.950370789
0.999923289 0.009920231 0.007464855 -0.097801298 -0.009891737 0.999943435 -0.003844086 -0.672730744 -0.007502568 0.003769947 0.999964774 37.365409851
0.999899805 0.012072809 0.007430692 -0.098414183 -0.012048019 0.999921501 -0.003371240 -0.700743318 -0.007470809 0.003281374 0.999966800 38.786216736
0.999895811 0.012547710 0.007173513 -0.096429378 -0.012524206 0.999915838 -0.003311679 -0.728086710 -0.007214463 0.003221488 0.999968886 40.209163666
0.999909699 0.011651390 0.006744478 -0.093094110 -0.011628265 0.999926150 -0.003457577 -0.755742788 -0.006784266 0.003378835 0.999971390 41.630695343
0.999922931 0.010774653 0.006221863 -0.091920108 -0.010750105 0.999934077 -0.003965125 -0.782763720 -0.006264175 0.003897930 0.999972880 43.049179077
0.999935448 0.010049912 0.005354811 -0.089772314 -0.010029640 0.999942243 -0.003798473 -0.810788751 -0.005392675 0.003744517 0.999978542 44.469856262
0.999936819 0.010350659 0.004473297 -0.091109395 -0.010338389 0.999942482 -0.002756749 -0.837440133 -0.004501574 0.002710325 0.999986291 45.892726898
0.999937296 0.010698579 0.003407869 -0.092829868 -0.010687669 0.999937534 -0.003203163 -0.864164114 -0.003441927 0.003166536 0.999989092 47.318172455
0.999936938 0.011023940 0.002292374 -0.096671075 -0.011017276 0.999934912 -0.002897811 -0.889447927 -0.002324171 0.002872368 0.999993265 48.748790741
0.999937475 0.011127775 0.001371960 -0.104118377 -0.011124833 0.999935627 -0.002130914 -0.915457726 -0.001395585 0.002115515 0.999996901 50.180366516
0.999953747 0.009620689 0.000807235 -0.110227630 -0.009619540 0.999952376 -0.001412685 -0.940606713 -0.000820788 0.001404850 0.999998868 51.619956970
0.999965608 0.008333826 0.000295740 -0.114289656 -0.008333436 0.999964058 -0.001295158 -0.967691123 -0.000306523 0.001292644 0.999999344 53.065723419
0.999982953 0.005897055 -0.000155011 -0.117618896 -0.005897350 0.999980271 -0.001967429 -0.995195389 0.000143406 0.001968305 0.999998271 54.511863708
0.999988437 0.004884313 -0.000064224 -0.123432621 -0.004884415 0.999986172 -0.001685927 -1.023432732 0.000055989 0.001686216 0.999998748 55.954444885
0.999993861 0.003564587 0.000468240 -0.128984645 -0.003564093 0.999992609 -0.001056876 -1.051678181 -0.000472004 0.001055196 0.999999523 57.393329620
0.999997020 0.002372836 0.001034594 -0.133766845 -0.002372397 0.999996662 -0.000428249 -1.079651237 -0.001035606 0.000425789 0.999999583 58.827186584
0.999998808 0.000670577 0.001639179 -0.136204034 -0.000669215 0.999998987 -0.000834155 -1.107366681 -0.001639737 0.000833052 0.999998510 60.257953644
0.999997854 -0.001058853 0.002015795 -0.136687517 0.001062073 0.999997795 -0.001599895 -1.135829210 -0.002014097 0.001602028 0.999996901 61.689445496
0.999996543 -0.000539748 0.002697243 -0.140449494 0.000544896 0.999997616 -0.001910716 -1.165628195 -0.002696207 0.001912175 0.999994814 63.115814209
0.999993443 0.000874834 0.003630065 -0.145406753 -0.000867117 0.999996960 -0.002128148 -1.194898605 -0.003631916 0.002124982 0.999991417 64.539520264
0.999983132 0.004033267 0.004307716 -0.151732445 -0.004029769 0.999991000 -0.000820660 -1.223286629 -0.004310988 0.000803282 0.999990582 65.964866638
0.999961376 0.007201856 0.005149000 -0.157060981 -0.007204483 0.999973297 0.000492148 -1.250808477 -0.005145321 -0.000529230 0.999986827 67.380935669
0.999920666 0.011140062 0.005972141 -0.163058013 -0.011145904 0.999936879 0.000946632 -1.276646256 -0.005961220 -0.001013128 0.999981999 68.795951843
0.999860168 0.015333207 0.006759831 -0.169603407 -0.015337518 0.999881685 0.000587816 -1.302384257 -0.006750019 -0.000691418 0.999977171 70.204383850
0.999801576 0.018490953 0.007483076 -0.173056364 -0.018491372 0.999828398 -0.000011307 -1.329054594 -0.007482004 -0.000127073 0.999972224 71.609146118
0.999760985 0.020260025 0.008289896 -0.174162388 -0.020259429 0.999794185 -0.000154188 -1.355808496 -0.008291316 -0.000013802 0.999965787 73.011085510
0.999752700 0.020463618 0.008774619 -0.173018575 -0.020465342 0.999790013 0.000108441 -1.381303072 -0.008770560 -0.000287995 0.999961734 74.410842896
0.999773920 0.019296331 0.008997297 -0.168902457 -0.019295165 0.999813318 -0.000214309 -1.407217860 -0.008999756 0.000040651 0.999959707 75.804801941
0.999797463 0.017989712 0.009083306 -0.164438546 -0.017979871 0.999836981 -0.001162780 -1.434086680 -0.009102751 0.000999223 0.999958277 77.189491272
0.999810040 0.017438622 0.008766470 -0.158523858 -0.017428104 0.999846756 -0.001273279 -1.462541461 -0.008787336 0.001120249 0.999961019 78.583419800
0.999814987 0.017275730 0.008523380 -0.154989898 -0.017267408 0.999849737 -0.001046938 -1.491498828 -0.008540194 0.000899563 0.999963462 79.977561951
0.999825418 0.016886391 0.008078801 -0.151348114 -0.016874967 0.999855816 -0.001478772 -1.521350622 -0.008102616 0.001342179 0.999966562 81.361351013
0.999831438 0.016847469 0.007380670 -0.150091946 -0.016839653 0.999856889 -0.001118174 -1.549121618 -0.007398461 0.000993693 0.999972403 82.749824524
0.999849617 0.016104219 0.006530709 -0.149359822 -0.016102528 0.999869645 -0.000309718 -1.575755715 -0.006534855 0.000204505 0.999978900 84.135635376
0.999889374 0.013841573 0.005558531 -0.148337066 -0.013845243 0.999903321 0.000624066 -1.600874186 -0.005549362 -0.000700961 0.999984622 85.523796082
0.999923944 0.011483363 0.004639619 -0.149210036 -0.011488073 0.999932826 0.000991440 -1.623480916 -0.004627930 -0.001044670 0.999989033 86.907676697
0.999949872 0.009288031 0.003910561 -0.148099750 -0.009291820 0.999955654 0.000953317 -1.647060156 -0.003901542 -0.000989611 0.999992192 88.293884277
0.999965250 0.007720926 0.003335336 -0.148024440 -0.007722358 0.999969423 0.000417905 -1.671679735 -0.003332016 -0.000443652 0.999994695 89.670410156
0.999973416 0.006691302 0.003118422 -0.149745584 -0.006690881 0.999976873 -0.000146040 -1.695449948 -0.003119336 0.000125166 0.999995410 91.041748047
0.999970853 0.007108795 0.003019528 -0.152349234 -0.007106589 0.999973774 -0.000740708 -1.722185850 -0.003024723 0.000719223 0.999995470 92.405601501
0.999972343 0.006853055 0.003184855 -0.155277878 -0.006848934 0.999974966 -0.001303927 -1.749139547 -0.003193722 0.001282073 0.999994457 93.764640808
0.999965191 0.007735759 0.003418389 -0.160481840 -0.007728696 0.999967217 -0.002075283 -1.777473450 -0.003434342 0.002048786 0.999992430 95.122802734
0.999953747 0.008940755 0.003789467 -0.165265471 -0.008934299 0.999957860 -0.001717038 -1.805784464 -0.003804670 0.001683098 0.999991775 96.474983215
0.999947429 0.009466289 0.004173634 -0.170167953 -0.009465005 0.999954402 -0.000326468 -1.832416177 -0.004176545 0.000286941 0.999991655 97.827407837
0.999936044 0.010533067 0.004330773 -0.173624724 -0.010537378 0.999943256 0.000974751 -1.859609723 -0.004320272 -0.001020330 0.999990582 99.177864075
0.999943018 0.009821931 0.004384302 -0.173605889 -0.009819800 0.999950945 -0.000506857 -1.886672735 -0.004389076 0.000463770 0.999990642 100.513137817
0.999941885 0.009864987 0.004572420 -0.176582754 -0.009851509 0.999946296 -0.002960784 -1.912252545 -0.004601395 0.002915562 0.999985576 101.859252930
0.999948680 0.009220464 0.004418680 -0.177698702 -0.009202157 0.999948263 -0.004145647 -1.940996885 -0.004456689 0.004104769 0.999982059 103.202049255
0.999965489 0.007036082 0.004640237 -0.178604901 -0.007022226 0.999970138 -0.002996506 -1.969626904 -0.004661195 0.002963812 0.999985099 104.545127869
0.999976218 0.004571569 0.005339871 -0.177286327 -0.004566056 0.999988317 -0.001045419 -1.997364402 -0.005344601 0.001021006 0.999985635 105.894905090
0.999976695 0.003007968 0.006273817 -0.174979985 -0.003004825 0.999994636 -0.000512311 -2.024250031 -0.006275340 0.000493441 0.999980569 107.238578796
0.999973357 0.002211555 0.007091925 -0.171756864 -0.002197743 0.999994993 -0.001956744 -2.050344706 -0.007096231 0.001941100 0.999973297 108.574447632
0.999960959 0.004262414 0.007855684 -0.170722485 -0.004228313 0.999980867 -0.004353903 -2.077775478 -0.007874106 0.004320512 0.999960005 109.913291931
0.999939442 0.006345460 0.009089584 -0.168505311 -0.006286698 0.999958515 -0.006479619 -2.107169151 -0.009130336 0.006422079 0.999938011 111.252830505
0.999899983 0.009418112 0.010634010 -0.168655992 -0.009349628 0.999934614 -0.006471725 -2.137055635 -0.010694282 0.006371649 0.999922872 112.590919495
0.999870718 0.010613896 0.012149120 -0.163078070 -0.010559189 0.999933183 -0.004558278 -2.167706728 -0.012196701 0.004429400 0.999916136 113.931297302
0.999854743 0.010750055 0.013291411 -0.154158592 -0.010718925 0.999938905 -0.002411294 -2.196126461 -0.013316536 0.002268469 0.999909103 115.269821167
0.999851346 0.009961582 0.014134348 -0.140644193 -0.009934777 0.999947965 -0.001965591 -2.222382307 -0.014153211 0.001824872 0.999898493 116.612052917
0.999830425 0.010254710 0.015350657 -0.128672600 -0.010216796 0.999943793 -0.002546426 -2.248854160 -0.015375922 0.002389154 0.999879241 117.950073242
0.999785364 0.012258731 0.016748365 -0.116606355 -0.012207941 0.999919832 -0.003131469 -2.276329517 -0.016785426 0.002926329 0.999855161 119.283981323
0.999734700 0.014336111 0.018067664 -0.106084347 -0.014274043 0.999890983 -0.003559751 -2.303149700 -0.018116737 0.003300904 0.999830604 120.631858826
0.999700308 0.015095603 0.019309925 -0.093242407 -0.015006849 0.999875367 -0.004733162 -2.329879999 -0.019378979 0.004441958 0.999802530 121.981285095
0.999660134 0.016241984 0.020433374 -0.078405380 -0.016129754 0.999853134 -0.005645590 -2.357944727 -0.020522084 0.005314081 0.999775469 123.329750061
0.999650300 0.015391488 0.021537479 -0.059191704 -0.015265562 0.999864638 -0.005999262 -2.386386633 -0.021626918 0.005668378 0.999750257 124.679061890
0.999638200 0.014804947 0.022488315 -0.038312435 -0.014696104 0.999878705 -0.004997818 -2.415333509 -0.022559593 0.004665515 0.999734819 126.029518127
0.999639511 0.013369801 0.023315802 -0.013921738 -0.013276807 0.999902546 -0.004138955 -2.444921017 -0.023368880 0.003827900 0.999719799 127.380882263
0.999641776 0.012541047 0.023674808 0.009629011 -0.012453200 0.999914229 -0.003854708 -2.472818851 -0.023721131 0.003558496 0.999712527 128.733474731
0.999665022 0.010212094 0.023812691 0.035012722 -0.010124822 0.999940813 -0.003783037 -2.500363350 -0.023849923 0.003540667 0.999709547 130.085815430
0.999685049 0.008481909 0.023649462 0.061473370 -0.008410214 0.999958873 -0.003129921 -2.527627707 -0.023675047 0.002930034 0.999715686 131.438690186
0.999707222 0.006937969 0.023212129 0.085194826 -0.006857064 0.999969363 -0.003563967 -2.556075335 -0.023236154 0.003403753 0.999724507 132.785797119
0.999739707 0.005590739 0.022152821 0.108952522 -0.005510479 0.999977231 -0.003683105 -2.583694220 -0.022172909 0.003560070 0.999748349 134.139007568
0.999771178 0.003935806 0.021065012 0.134310246 -0.003877413 0.999987721 -0.002813046 -2.611080170 -0.021075830 0.002730720 0.999774694 135.493576050
0.999796331 0.002242484 0.020093508 0.156501532 -0.002189520 0.999993265 -0.002658549 -2.639130831 -0.020099340 0.002614008 0.999795139 136.847793579
0.999820948 0.001619104 0.018896639 0.176117420 -0.001570078 0.999994576 -0.002610108 -2.666917324 -0.018900767 0.002579967 0.999818623 138.197082520
0.999843419 0.001085594 0.017709577 0.195646286 -0.001029080 0.999993563 -0.003201185 -2.694347382 -0.017712940 0.003182455 0.999838710 139.552734375
0.999861658 0.000836395 0.016661264 0.213133812 -0.000776955 0.999992490 -0.003575122 -2.722463846 -0.016664129 0.003561678 0.999855399 140.903991699
0.999875903 -0.001631301 0.015715340 0.231299162 0.001725845 0.999979734 -0.006006087 -2.752734661 -0.015705224 0.006032462 0.999859095 142.248733521
0.999868393 -0.007101139 0.014640450 0.253480315 0.007196099 0.999952614 -0.006446204 -2.782742500 -0.014593979 0.006550707 0.999872744 143.597900391
0.999796808 -0.015001431 0.013525099 0.279621124 0.015057953 0.999877512 -0.004090433 -2.813445091 -0.013462079 0.004293257 0.999900818 144.951141357
0.999690294 -0.021808868 0.012053300 0.303667426 0.021843765 0.999756753 -0.002776008 -2.838588476 -0.011989823 0.003038432 0.999924123 146.298309326
0.999625862 -0.024997357 0.011167403 0.321587682 0.025069440 0.999664962 -0.006367504 -2.865760803 -0.011004481 0.006645078 0.999918282 147.649551392
0.999631941 -0.024497582 0.011714143 0.332897186 0.024610572 0.999650478 -0.009605949 -2.896772861 -0.011474718 0.009890704 0.999886215 149.004211426
0.999688923 -0.021559857 0.012602911 0.342981339 0.021707369 0.999695539 -0.011691857 -2.933656931 -0.012346993 0.011961795 0.999853134 150.364166260
0.999675512 -0.021803759 0.013227791 0.356775403 0.021960089 0.999688804 -0.011794372 -2.970465660 -0.012966504 0.012081028 0.999843836 151.717483521
0.999585807 -0.025252307 0.013864079 0.373891473 0.025370440 0.999642134 -0.008416031 -3.005417347 -0.013646587 0.008764278 0.999869406 153.080261230
0.999431133 -0.030491676 0.014469428 0.394104362 0.030577840 0.999515116 -0.005775979 -3.038527489 -0.014286288 0.006215132 0.999879479 154.435134888
0.999308765 -0.034212619 0.014591197 0.415327907 0.034282975 0.999400973 -0.004604571 -3.067114830 -0.014424914 0.005101613 0.999883831 155.788040161
0.999246716 -0.035934765 0.014698846 0.434692621 0.036006909 0.999340057 -0.004677461 -3.097694159 -0.014521056 0.005203192 0.999881923 157.143493652
0.999294400 -0.034106225 0.015773855 0.448249340 0.034173410 0.999407232 -0.004013678 -3.126473904 -0.015627608 0.004549887 0.999868393 158.500961304
0.999400258 -0.030201219 0.016985543 0.459652901 0.030287897 0.999528766 -0.004872935 -3.156761885 -0.016830364 0.005384464 0.999844730 159.857421875
0.999484360 -0.026624052 0.017989660 0.471839905 0.026754070 0.999616563 -0.007028598 -3.187712908 -0.017795628 0.007506266 0.999814332 161.213943481
0.999541044 -0.023786640 0.018799488 0.487627983 0.023930950 0.999684811 -0.007491356 -3.219865799 -0.018615367 0.007937805 0.999796033 162.573562622
0.999570787 -0.021989617 0.019396203 0.503180742 0.022113869 0.999735415 -0.006217311 -3.253307104 -0.019254355 0.006643565 0.999793351 163.937301636
0.999610722 -0.020165566 0.019316223 0.519737720 0.020295182 0.999771893 -0.006539938 -3.286496401 -0.019179931 0.006929416 0.999792814 165.301025391
0.999655962 -0.018166220 0.018957423 0.536015272 0.018337119 0.999791682 -0.008882152 -3.321236610 -0.018792117 0.009226719 0.999781609 166.667190552
0.999725342 -0.014331098 0.018579766 0.550237656 0.014549379 0.999825418 -0.011668697 -3.357162476 -0.018409289 0.011935816 0.999760091 168.033905029
0.999787748 -0.009097562 0.018525304 0.561092377 0.009339091 0.999871373 -0.012994770 -3.395576954 -0.018404698 0.013165024 0.999744773 169.404205322
0.999814093 -0.004555368 0.018772056 0.573407173 0.004777338 0.999918401 -0.011797917 -3.434163570 -0.018716779 0.011885406 0.999754965 170.788452148
0.999812424 -0.001695454 0.019330440 0.587394953 0.001887356 0.999948382 -0.009914330 -3.471582651 -0.019312631 0.009948953 0.999764800 172.179138184
0.999813497 -0.000948244 0.019326448 0.606686115 0.001096392 0.999969542 -0.007657216 -3.506791115 -0.019318590 0.007676974 0.999784708 173.574401855
0.999820173 -0.004293983 0.018499509 0.630133867 0.004419754 0.999966919 -0.006764245 -3.537570477 -0.018469844 0.006844792 0.999806702 174.976455688
0.999840438 -0.006360986 0.016720401 0.651593685 0.006473901 0.999956191 -0.006709150 -3.567835331 -0.016676979 0.006816326 0.999838471 176.376602173
0.999868453 -0.006838543 0.014736387 0.669363260 0.007002350 0.999913573 -0.011094751 -3.601341248 -0.014659229 0.011196485 0.999830663 177.775802612
0.999898493 -0.005123339 0.013330659 0.679697037 0.005329543 0.999865592 -0.015480893 -3.637273788 -0.013249540 0.015550373 0.999792039 179.178543091
0.999919713 -0.000551792 0.012695687 0.684534311 0.000756988 0.999868691 -0.016165039 -3.678458691 -0.012685088 0.016173359 0.999789476 180.592056274
0.999917448 0.002631665 0.012614891 0.689234495 -0.002438922 0.999880016 -0.015271340 -3.721020222 -0.012653553 0.015239320 0.999804556 182.011917114
0.999907196 0.004707034 0.012823807 0.695481539 -0.004554716 0.999918640 -0.011882029 -3.760042667 -0.012878682 0.011822522 0.999847949 183.432586670
0.999900162 0.005255795 0.013152633 0.705160856 -0.005124717 0.999936640 -0.009980886 -3.796829700 -0.013204247 0.009912491 0.999864459 184.852355957
0.999902546 0.004624904 0.013208384 0.718227148 -0.004504874 0.999948025 -0.009103860 -3.830352783 -0.013249791 0.009043474 0.999872088 186.270248413
0.999909639 0.002823367 0.013180096 0.731446028 -0.002710390 0.999959052 -0.008582980 -3.863883495 -0.013203780 0.008546485 0.999877095 187.693481445
0.999913394 0.000203574 0.013201804 0.747817874 -0.000095956 0.999966383 -0.008153374 -3.896821976 -0.013203018 0.008151405 0.999880672 189.125122070
0.999907196 -0.002627817 0.013413763 0.765440464 0.002737163 0.999962747 -0.008141564 -3.931976318 -0.013391868 0.008177528 0.999877870 190.556167603
0.999888301 -0.005894389 0.013776123 0.783665299 0.005992950 0.999956310 -0.007126118 -3.965372324 -0.013733516 0.007207885 0.999880672 191.986328125
0.999847114 -0.010333095 0.014145998 0.804887652 0.010413679 0.999929547 -0.005636917 -3.997334957 -0.014086753 0.005783370 0.999885023 193.421249390
0.999811411 -0.013008504 0.014456994 0.824508667 0.013094211 0.999896824 -0.005851784 -4.029254436 -0.014379377 0.006039985 0.999879420 194.856887817
0.999832332 -0.010950030 0.014713103 0.838561058 0.011102293 0.999884903 -0.010309402 -4.063138962 -0.014598520 0.010471030 0.999839604 196.291305542
0.999879658 -0.003600663 0.015129413 0.845396519 0.003835172 0.999872148 -0.015501523 -4.100389481 -0.015071664 0.015557695 0.999766350 197.729370117
0.999852419 0.005397888 0.016346198 0.847452164 -0.005142563 0.999864340 -0.015622767 -4.141427994 -0.016428309 0.015536411 0.999745369 199.176254272
0.999759912 0.013177925 0.017539624 0.850388765 -0.012968735 0.999843657 -0.011987993 -4.183938503 -0.017694859 0.011757657 0.999775290 200.628860474
0.999737084 0.014035583 0.018160969 0.866031408 -0.013858602 0.999855220 -0.009835006 -4.222140789 -0.018296380 0.009580742 0.999787688 202.089416504
0.999770343 0.012163774 0.017672036 0.885493755 -0.011999488 0.999883831 -0.009373540 -4.257911682 -0.017783992 0.009159342 0.999800801 203.548080444
0.999825776 0.008937016 0.016413968 0.908981800 -0.008782573 0.999916553 -0.009457941 -4.294291496 -0.016497117 0.009312150 0.999821484 205.009933472
0.999856591 0.006941445 0.015470329 0.929373503 -0.006785427 0.999925673 -0.010115595 -4.331860542 -0.015539386 0.010009185 0.999830067 206.472732544
0.999863267 0.007300474 0.014870222 0.945351362 -0.007141986 0.999917269 -0.010684405 -4.370636463 -0.014946984 0.010576751 0.999833226 207.940658569
0.999853671 0.008769380 0.014717247 0.957363367 -0.008614039 0.999906719 -0.010586185 -4.409053802 -0.014808699 0.010457873 0.999836504 209.414657593
0.999842286 0.010007690 0.014700423 0.968028069 -0.009865011 0.999903679 -0.009747130 -4.447784901 -0.014796547 0.009600584 0.999845266 210.885253906
0.999852598 0.009311094 0.014460665 0.981114626 -0.009162346 0.999904633 -0.010319780 -4.486240864 -0.014555365 0.010185777 0.999843001 212.364822388
0.999859810 0.009051072 0.014120116 0.994148731 -0.008891247 0.999895990 -0.011341747 -4.525177479 -0.014221293 0.011214623 0.999836862 213.837875366
0.999869287 0.008273190 0.013922746 1.007395506 -0.008111252 0.999899030 -0.011648634 -4.565631866 -0.014017704 0.011534192 0.999836087 215.320343018
0.999871135 0.008546853 0.013618611 1.019094825 -0.008387005 0.999895573 -0.011752547 -4.606759071 -0.013717623 0.011636828 0.999839067 216.807952881
0.999871314 0.008838652 0.013415637 1.030366659 -0.008678090 0.999890387 -0.011980562 -4.648480892 -0.013520048 0.011862615 0.999838948 218.292007446
0.999874115 0.008797852 0.013232288 1.040812969 -0.008637672 0.999889135 -0.012114894 -4.691614628 -0.013337396 0.011999087 0.999839783 219.783737183
0.999870479 0.009697356 0.012872235 1.051052451 -0.009538067 0.999877691 -0.012379812 -4.734958172 -0.012990705 0.012255448 0.999841213 221.276901245
0.999876559 0.009386458 0.012634819 1.061300874 -0.009227790 0.999878287 -0.012559067 -4.776324272 -0.012751156 0.012440942 0.999841928 222.773986816
0.999874830 0.009805848 0.012449969 1.071093082 -0.009649221 0.999874055 -0.012579663 -4.818158150 -0.012571745 0.012457972 0.999844074 224.272033691
0.999881744 0.009047942 0.012456618 1.080874443 -0.008889562 0.999879479 -0.012712670 -4.860135555 -0.012570131 0.012600455 0.999842286 225.769332886
0.999894619 0.007517949 0.012449502 1.094106674 -0.007356308 0.999888480 -0.012979934 -4.902647495 -0.012545688 0.012887002 0.999838948 227.280075073
0.999899864 0.006372573 0.012659776 1.106149077 -0.006211640 0.999899685 -0.012711951 -4.946876526 -0.012739506 0.012632058 0.999839723 228.784027100
0.999904633 0.004951853 0.012919893 1.119053245 -0.004798213 0.999917448 -0.011896864 -4.991384983 -0.012977732 0.011833753 0.999846339 230.290481567
0.999902666 0.004987214 0.013056443 1.128529549 -0.004833695 0.999918878 -0.011764402 -5.033856869 -0.013114046 0.011700163 0.999846220 231.796096802
0.999893725 0.005388944 0.013560190 1.135619640 -0.005224250 0.999912083 -0.012152717 -5.076947689 -0.013624489 0.012080606 0.999834776 233.300552368
0.999880970 0.006073283 0.014197795 1.144426584 -0.005889685 0.999898612 -0.012938641 -5.119666100 -0.014274935 0.012853503 0.999816179 234.795455933
0.999860823 0.007337855 0.014997477 1.155463696 -0.007154332 0.999898911 -0.012255021 -5.164843559 -0.015085885 0.012146041 0.999813139 236.295761108
0.999847412 0.007487805 0.015795659 1.169355154 -0.007328149 0.999921381 -0.010142165 -5.208095551 -0.015870359 0.010024888 0.999824405 237.818939209
0.999835193 0.007295401 0.016635858 1.183830500 -0.007133313 0.999926388 -0.009782701 -5.248888969 -0.016706003 0.009662440 0.999814391 239.335708618
0.999822438 0.007533591 0.017286332 1.200505972 -0.007337953 0.999908268 -0.011353857 -5.290979385 -0.017370282 0.011225016 0.999786794 240.861953735
0.999808013 0.007804684 0.017982125 1.216638327 -0.007577158 0.999890506 -0.012687154 -5.334468842 -0.018079177 0.012548489 0.999758482 242.390640259
0.999796271 0.008560356 0.018288046 1.235766888 -0.008338289 0.999890625 -0.012185305 -5.378284931 -0.018390357 0.012030354 0.999759197 243.925765991
0.999799609 0.008131530 0.018300533 1.254680157 -0.007930182 0.999907136 -0.011048695 -5.421895981 -0.018388674 0.010901376 0.999772131 245.464202881
0.999807119 0.008026260 0.017933154 1.277899027 -0.007835477 0.999911904 -0.010684303 -5.465061665 -0.018017327 0.010541748 0.999782741 247.013534546
0.999806404 0.008365886 0.017817911 1.295495987 -0.008177675 0.999909997 -0.010610649 -5.506848812 -0.017905064 0.010462905 0.999785662 248.552307129
0.999796510 0.009373863 0.017869337 1.317032814 -0.009190517 0.999904335 -0.010315729 -5.548431396 -0.017964313 0.010149421 0.999787867 250.112335205
0.999774754 0.010800750 0.018278422 1.332222939 -0.010612726 0.999889791 -0.010353252 -5.588973045 -0.018388223 0.010156954 0.999780059 251.659423828
0.999772489 0.010929418 0.018321412 1.350693941 -0.010746625 0.999891460 -0.010046600 -5.630905151 -0.018429218 0.009847442 0.999782324 253.201873779
0.999786615 0.009398032 0.018401584 1.372004032 -0.009218141 0.999908805 -0.009837110 -5.672014713 -0.018492348 0.009665404 0.999782920 254.747055054
0.999802530 0.007557061 0.018386001 1.394684315 -0.007391375 0.999931276 -0.009063594 -5.712828636 -0.018453222 0.008925924 0.999790549 256.295196533
0.999816418 0.005196615 0.018448679 1.419407368 -0.005044654 0.999952674 -0.008274816 -5.754832745 -0.018490801 0.008180246 0.999796152 257.843536377
0.999826849 0.003690794 0.018246140 1.442222118 -0.003528952 0.999953926 -0.008895013 -5.797581673 -0.018278116 0.008829100 0.999794543 259.384857178
0.999834836 0.002431886 0.018014651 1.464132547 -0.002254620 0.999948561 -0.009854706 -5.837826729 -0.018037681 0.009812482 0.999789715 260.934387207
0.999824822 0.000679533 0.018709397 1.484798670 -0.000527968 0.999966741 -0.008105693 -5.877858162 -0.018714268 0.008094412 0.999792635 262.489227295
0.999816537 -0.001459913 0.019106580 1.508209229 0.001579563 0.999978960 -0.006249445 -5.916624546 -0.019097030 0.006278495 0.999798119 264.043060303
0.999810934 -0.002371407 0.019300586 1.530390024 0.002508010 0.999971628 -0.007057372 -5.952545643 -0.019283276 0.007104462 0.999789059 265.591522217
0.999801815 -0.002779987 0.019721217 1.554455996 0.002939703 0.999962807 -0.008075156 -5.989406586 -0.019698013 0.008131549 0.999773085 267.138824463
0.999788046 -0.002067692 0.020488748 1.576411963 0.002239146 0.999962389 -0.008349544 -6.029010773 -0.020470690 0.008393670 0.999755442 268.684631348
0.999768913 -0.000710404 0.021487171 1.600333691 0.000885076 0.999966383 -0.008121421 -6.071228027 -0.021480653 0.008138579 0.999736309 270.231262207
0.999745548 0.000465312 0.022557467 1.625327110 -0.000279524 0.999965787 -0.008239346 -6.114624023 -0.022560505 0.008230962 0.999711812 271.771942139
0.999720693 0.001214951 0.023605784 1.652930260 -0.001019971 0.999965072 -0.008270731 -6.158616066 -0.023614988 0.008244360 0.999687314 273.314575195
0.999682546 0.002233071 0.025097804 1.676123142 -0.002019419 0.999961317 -0.008535438 -6.198911667 -0.025115874 0.008482063 0.999648750 274.847045898
0.999654770 0.002506366 0.026157696 1.705781460 -0.002266422 0.999954879 -0.009199155 -6.240782738 -0.026179554 0.009136712 0.999615669 276.387329102
0.999631047 0.001847962 0.027100965 1.737800121 -0.001583580 0.999950826 -0.009774216 -6.281253815 -0.027117675 0.009727712 0.999585092 277.948638916
0.999592662 0.000677047 0.028536575 1.770634651 -0.000408867 0.999955595 -0.009403072 -6.320848465 -0.028541660 0.009387589 0.999548554 279.505554199
0.999570370 -0.000512148 0.029305831 1.808841705 0.000760372 0.999963760 -0.008460145 -6.361709595 -0.029300421 0.008478811 0.999534786 281.079223633
0.999555707 -0.001892493 0.029747881 1.849296570 0.002131716 0.999965489 -0.008012552 -6.404576302 -0.029731676 0.008072421 0.999525428 282.629150391
0.999551177 -0.002767072 0.029830048 1.890279293 0.003078575 0.999941051 -0.010402256 -6.447086811 -0.029799487 0.010489438 0.999501050 284.175903320
0.999554455 -0.004487342 0.029513597 1.933157921 0.004856328 0.999910653 -0.012443035 -6.490193367 -0.029455110 0.012580835 0.999487042 285.729461670
0.999572098 -0.004989701 0.028823061 1.971136570 0.005351239 0.999907613 -0.012480434 -6.532010078 -0.028758107 0.012629351 0.999506712 287.290924072
0.999583423 -0.006550570 0.028111186 2.010074615 0.006902359 0.999898732 -0.012436074 -6.574883461 -0.028026856 0.012624943 0.999527574 288.846008301
0.999608278 -0.006663050 0.027185077 2.046431065 0.007022446 0.999888778 -0.013147030 -6.617200375 -0.027094439 0.013332804 0.999543965 290.408843994
0.999623895 -0.006788868 0.026573079 2.082605839 0.007150232 0.999882758 -0.013528239 -6.659165382 -0.026478110 0.013713174 0.999555349 291.973358154
0.999638081 -0.007305823 0.025892090 2.119739056 0.007646058 0.999885142 -0.013066636 -6.705317974 -0.025793638 0.013259897 0.999579430 293.553131104
0.999659002 -0.008295086 0.024767155 2.159186840 0.008621570 0.999876618 -0.013105309 -6.747747898 -0.024655370 0.013314388 0.999607503 295.140991211
0.999678552 -0.009148356 0.023649806 2.194884777 0.009432326 0.999884129 -0.011924566 -6.790488243 -0.023537956 0.012143823 0.999649286 296.723907471
0.999707997 -0.007587375 0.022946807 2.228177071 0.007835655 0.999911249 -0.010750057 -6.832084179 -0.022863185 0.010926738 0.999679029 298.302978516
0.999692559 -0.007567105 0.023617892 2.259472370 0.007823063 0.999911189 -0.010764664 -6.873044014 -0.023534315 0.010946134 0.999663234 299.886199951
0.999673069 -0.007411191 0.024477735 2.293477535 0.007686266 0.999907792 -0.011163529 -6.914264679 -0.024392726 0.011348037 0.999638140 301.483306885
0.999653757 -0.008893421 0.024767641 2.330877304 0.009184481 0.999889493 -0.011663519 -6.951960564 -0.024661155 0.011886977 0.999625266 303.088867188
0.999634683 -0.010861802 0.024754170 2.369309902 0.011184908 0.999853253 -0.012952477 -6.991790771 -0.024609832 0.013224635 0.999609709 304.685241699
0.999614120 -0.012390378 0.024865001 2.410937786 0.012766732 0.999805033 -0.015035406 -7.038385868 -0.024673842 0.015347066 0.999577880 306.282287598
0.999615550 -0.012798957 0.024596324 2.445534229 0.013199206 0.999781609 -0.016180674 -7.086536407 -0.024383835 0.016499124 0.999566555 307.881134033
0.999675751 -0.012011955 0.022454785 2.474121094 0.012402032 0.999772906 -0.017314740 -7.136894226 -0.022241678 0.017587630 0.999597967 309.498840332
0.999730527 -0.011074358 0.020398198 2.500079155 0.011414681 0.999796093 -0.016644735 -7.189502239 -0.020209678 0.016873119 0.999653399 311.126983643
0.999746621 -0.010013528 0.020155512 2.522908449 0.010285904 0.999856234 -0.013456543 -7.239728928 -0.020017840 0.013660477 0.999706388 312.767150879
0.999719620 -0.011583979 0.020647988 2.551870346 0.011800740 0.999875903 -0.010407908 -7.286087036 -0.020524833 0.010648673 0.999732792 314.412719727
0.999706745 -0.012426248 0.020785162 2.581683159 0.012630229 0.999872804 -0.009712280 -7.329310417 -0.020661803 0.009971977 0.999736905 316.054382324
0.999686897 -0.013358787 0.021156916 2.610354900 0.013593353 0.999846995 -0.010983167 -7.372781277 -0.021006927 0.011267348 0.999715924 317.688507080
0.999663293 -0.014374576 0.021601453 2.638725758 0.014615884 0.999831855 -0.011055694 -7.417619705 -0.021438869 0.011367720 0.999705613 319.326965332
0.999655366 -0.014344492 0.021982033 2.667335987 0.014584753 0.999834955 -0.010809614 -7.464866161 -0.021823321 0.011126519 0.999700010 320.971710205
0.999642611 -0.014323933 0.022566603 2.696799278 0.014571006 0.999835014 -0.010823203 -7.512407303 -0.022407824 0.011148180 0.999686837 322.607269287
0.999651849 -0.012693043 0.023126103 2.724065781 0.012967972 0.999846280 -0.011778125 -7.561244965 -0.022973021 0.012073951 0.999663174 324.236419678
0.999640942 -0.011976581 0.023967782 2.752495289 0.012274794 0.999848306 -0.012334771 -7.610763550 -0.023816392 0.012624569 0.999636710 325.868621826
0.999603689 -0.013376482 0.024765883 2.786262512 0.013637764 0.999852538 -0.010412089 -7.658811569 -0.024622925 0.010745740 0.999639213 327.489471436
0.999586165 -0.014176794 0.025025629 2.818567276 0.014423215 0.999848783 -0.009694461 -7.704817772 -0.024884379 0.010051425 0.999639928 329.110687256
0.999570012 -0.015240172 0.025043216 2.853647709 0.015519191 0.999818981 -0.010985753 -7.749551773 -0.024871236 0.011369706 0.999626160 330.730682373
0.999584734 -0.013846633 0.025263600 2.884900570 0.014127309 0.999839842 -0.010966055 -7.796368599 -0.025107685 0.011318435 0.999620855 332.345489502
0.999608159 -0.012179808 0.025195062 2.915390968 0.012508493 0.999837935 -0.012930082 -7.845372200 -0.025033474 0.013240196 0.999599099 333.956878662
0.999638617 -0.010383791 0.024790952 2.944280148 0.010781257 0.999814391 -0.015953818 -7.896543980 -0.024620665 0.016215360 0.999565601 335.561401367
0.999663472 -0.008913900 0.024358280 2.969011307 0.009294132 0.999835730 -0.015542180 -7.950425148 -0.024215717 0.015763368 0.999582708 337.156555176
0.999689877 -0.008080404 0.023545926 2.998023033 0.008367091 0.999891520 -0.012103288 -8.002343178 -0.023445548 0.012296576 0.999649704 338.771423340
0.999719858 -0.006939305 0.022622019 3.025545597 0.007152069 0.999930620 -0.009338425 -8.050653458 -0.022555621 0.009497629 0.999700665 340.383697510
0.999749541 -0.006449366 0.021422381 3.051869869 0.006678193 0.999920964 -0.010627978 -8.095982552 -0.021352120 0.010768405 0.999714196 341.987030029
0.999778986 -0.007083137 0.019775750 3.077809095 0.007324639 0.999899149 -0.012167100 -8.143080711 -0.019687552 0.012309293 0.999730587 343.585968018
0.999799550 -0.008483623 0.018118748 3.102111816 0.008679662 0.999904275 -0.010769238 -8.191954613 -0.018025633 0.010924374 0.999778032 345.190582275
0.999797881 -0.010034662 0.017401351 3.123573780 0.010215210 0.999894500 -0.010318536 -8.239082336 -0.017295949 0.010494240 0.999795556 346.804229736
0.999798954 -0.010226475 0.017228216 3.143090248 0.010419079 0.999883771 -0.011127848 -8.286125183 -0.017112391 0.011305144 0.999789953 348.415252686
0.999793768 -0.010934421 0.017094079 3.164048910 0.011140843 0.999865532 -0.012028038 -8.333705902 -0.016960239 0.012216030 0.999781787 350.023193359
0.999789000 -0.011314141 0.017126096 3.184604168 0.011523019 0.999859810 -0.012148050 -8.382254601 -0.016986227 0.012342861 0.999779761 351.630706787
0.999780059 -0.011816772 0.017309140 3.205672741 0.012029674 0.999852538 -0.012248590 -8.432508469 -0.017161831 0.012454149 0.999775410 353.228759766
0.999768257 -0.012469981 0.017530814 3.226534367 0.012694246 0.999838293 -0.012740796 -8.483709335 -0.017369078 0.012960414 0.999765396 354.819641113
0.999761343 -0.012967259 0.017565193 3.248846531 0.013202593 0.999823689 -0.013349259 -8.534171104 -0.017388973 0.013578009 0.999756873 356.415161133
0.999744833 -0.013916885 0.017776523 3.272289991 0.014150130 0.999814510 -0.013063875 -8.584527016 -0.017591394 0.013312111 0.999756932 358.010467529
0.999741614 -0.013725617 0.018108837 3.292563438 0.013977573 0.999806225 -0.013861501 -8.634796143 -0.017915053 0.014111061 0.999740481 359.596008301
0.999708176 -0.015315640 0.018668031 3.311902523 0.015598292 0.999764502 -0.015091067 -8.686111450 -0.018432485 0.015377881 0.999712408 361.178009033
0.999673188 -0.016801689 0.019254401 3.331111431 0.017061241 0.999764681 -0.013396684 -8.734448433 -0.019024767 0.013720833 0.999725401 362.769897461
0.999644816 -0.018177165 0.019483810 3.353647947 0.018429315 0.999747694 -0.012841543 -8.780969620 -0.019245457 0.013196077 0.999728262 364.371246338
0.999630868 -0.018545784 0.019846611 3.376350880 0.018826557 0.999723971 -0.014055670 -8.826725960 -0.019580444 0.014424150 0.999704778 365.976165771
0.999640703 -0.017268354 0.020496236 3.396662235 0.017571455 0.999737561 -0.014701870 -8.876348495 -0.020236967 0.015056763 0.999682367 367.585235596
0.999651849 -0.015615263 0.021261804 3.418195248 0.015914939 0.999775350 -0.013999673 -8.925671577 -0.021038402 0.014333204 0.999676466 369.199645996
0.999652505 -0.014439535 0.022050146 3.441466331 0.014732745 0.999804437 -0.013193795 -8.974884033 -0.021855306 0.013514092 0.999670327 370.811462402
0.999638498 -0.014044737 0.022918895 3.466458797 0.014359324 0.999804139 -0.013620229 -9.022486687 -0.022723099 0.013944427 0.999645114 372.424468994
0.999616683 -0.014371147 0.023657691 3.494780540 0.014719325 0.999784946 -0.014610021 -9.071264267 -0.023442624 0.014952670 0.999613881 374.037628174
0.999606311 -0.014456444 0.024046345 3.526710033 0.014816420 0.999779820 -0.014860488 -9.121804237 -0.023826197 0.015210936 0.999600887 375.649444580
0.999593496 -0.014228594 0.024706706 3.556746960 0.014604134 0.999779582 -0.015087205 -9.172326088 -0.024486572 0.015441914 0.999581277 377.257751465
0.999576509 -0.013080211 0.025995735 3.580562592 0.013477946 0.999793947 -0.015184652 -9.222709656 -0.025791740 0.015528611 0.999547124 378.857299805
0.999544263 -0.011534244 0.027895538 3.600513458 0.011953627 0.999817431 -0.014914870 -9.273544312 -0.027718391 0.015241548 0.999499977 380.448883057
0.999537528 -0.010516034 0.028531533 3.635455608 0.010966355 0.999817133 -0.015673516 -9.325074196 -0.028361470 0.015979180 0.999470472 382.079620361
0.999530196 -0.009846695 0.029024808 3.673237324 0.010321949 0.999814451 -0.016270468 -9.377619743 -0.028859193 0.016562440 0.999446750 383.712524414
