1.000000000 0.000000000 0.000000000 0.000000000 0.000000000 1.000000000 0.000000000 0.000000000 0.000000000 0.000000000 1.000000000 0.000000000
0.999997318 -0.001722291 -0.001565278 -0.001260193 0.001720961 0.999998152 -0.000850340 -0.011240606 0.001566740 0.000847643 0.999998391 0.566746712
0.999993801 -0.002271157 -0.002707307 -0.006512119 0.002264864 0.999994755 -0.002325481 -0.023694608 0.002712574 0.002319335 0.999993622 1.130462170
0.999985993 -0.002610121 -0.004619121 -0.012431001 0.002593284 0.999989986 -0.003647222 -0.036927715 0.004628594 0.003635192 0.999982655 1.690467238
0.999967158 -0.004718879 -0.006597877 -0.016013635 0.004682885 0.999974132 -0.005460211 -0.047991246 0.006623472 0.005429134 0.999963284 2.249415398
0.999940991 -0.007112944 -0.008221112 -0.020217195 0.007051490 0.999947190 -0.007480189 -0.058840297 0.008273883 0.007421776 0.999938190 2.814999819
0.999918461 -0.008378334 -0.009646554 -0.027463730 0.008299219 0.999931872 -0.008212393 -0.070188358 0.009714700 0.008131663 0.999919713 3.387807608
0.999902666 -0.008556246 -0.011026610 -0.036853958 0.008473711 0.999935925 -0.007510165 -0.084132634 0.011090159 0.007415997 0.999910951 3.968451977
0.999885798 -0.008928481 -0.012197454 -0.046696976 0.008832696 0.999929965 -0.007884302 -0.100002334 0.012266991 0.007775664 0.999894500 4.558672905
0.999877155 -0.008310458 -0.013295617 -0.059363939 0.008170217 0.999910831 -0.010567685 -0.117012918 0.013382250 0.010457756 0.999855757 5.155847549
0.999871373 -0.006633611 -0.014616567 -0.073421463 0.006423091 0.999875665 -0.014403141 -0.132791087 0.014710280 0.014307396 0.999789417 5.759836674
0.999859214 -0.005287056 -0.015939668 -0.087832443 0.004998458 0.999823868 -0.018091610 -0.147360817 0.016032498 0.018009378 0.999709249 6.375741959
0.999845505 -0.003567916 -0.017220382 -0.103980854 0.003255739 0.999830484 -0.018122608 -0.159387201 0.017282110 0.018063735 0.999687374 7.006721497
0.999830186 -0.000984173 -0.018409763 -0.123271368 0.000775866 0.999935687 -0.011318872 -0.171159059 0.018419702 0.011302659 0.999766409 7.657043934
0.999816895 -0.000075191 -0.019143112 -0.142804265 0.000058132 0.999999583 -0.000891794 -0.183146372 0.019143157 0.000890514 0.999816298 8.326224327
0.999802649 0.001169987 -0.019840218 -0.164426014 -0.001054202 0.999982357 0.005845164 -0.198808432 0.019846691 -0.005823096 0.999786019 9.004714966
0.999774158 0.003293344 -0.021004857 -0.187028721 -0.003190529 0.999982774 0.004926316 -0.213564590 0.021020703 -0.004858190 0.999767184 9.687333107
0.999749064 0.005439172 -0.021740794 -0.212096170 -0.005492557 0.999982119 -0.002396765 -0.219218969 0.021727353 0.002515571 0.999760687 10.381062508
0.999725580 0.005036362 -0.022886656 -0.232715189 -0.005231457 0.999950409 -0.008472735 -0.219455898 0.022842836 0.008590132 0.999702096 11.091494560
0.999705911 0.002935710 -0.024084125 -0.250726581 -0.003102753 0.999971390 -0.006901528 -0.223136306 0.024063159 0.006974217 0.999686003 11.829395294
0.999695480 0.002083267 -0.024595676 -0.271233827 -0.002027050 0.999995172 0.002310281 -0.232350200 0.024600362 -0.002259728 0.999694705 12.596065521
0.999686182 0.001776909 -0.024993338 -0.295603991 -0.001532621 0.999950826 0.009789812 -0.239824146 0.025009491 -0.009748440 0.999639571 13.378209114
0.999673307 0.000967042 -0.025547618 -0.319507033 -0.000654743 0.999924898 0.012229674 -0.243353814 0.025557516 -0.012208956 0.999598622 14.171038628
0.999669731 -0.000896934 -0.025689473 -0.342180163 0.001184963 0.999936461 0.011198869 -0.244221643 0.025677787 -0.011225615 0.999607086 14.979435921
0.999681771 -0.001292689 -0.025201153 -0.367031515 0.001511390 0.999961197 0.008661066 -0.243072957 0.025188969 -0.008696401 0.999644756 15.801921844
0.999699354 0.001310827 -0.024493057 -0.397084504 -0.001182788 0.999985397 0.005241228 -0.245091051 0.024499558 -0.005210686 0.999686122 16.641466141
0.999724925 -0.001881087 -0.023382891 -0.420083791 0.001875234 0.999997973 -0.000272239 -0.252830148 0.023383345 0.000228310 0.999726355 17.496519089
0.999734521 -0.004735045 -0.022555407 -0.440670013 0.004587272 0.999967515 -0.006598804 -0.264502138 0.022585912 0.006493580 0.999723613 18.367544174
0.999765933 -0.003692643 -0.021324359 -0.466168821 0.003436956 0.999921679 -0.012014613 -0.276475251 0.021367047 0.011938504 0.999700308 19.257467270
0.999775171 -0.002321023 -0.021083161 -0.494023591 0.002049443 0.999914587 -0.012893926 -0.293643862 0.021111278 0.012847812 0.999694407 20.167758942
0.999773920 -0.002138064 -0.021164270 -0.519033194 0.001879055 0.999922752 -0.012250429 -0.316396028 0.021188824 0.012207886 0.999700665 21.097208023
0.999776900 -0.000580726 -0.021127306 -0.546566725 0.000292774 0.999906600 -0.013630025 -0.340191722 0.021133248 0.013620796 0.999683559 22.040851593
0.999779463 0.002271200 -0.020886779 -0.576635599 -0.002600503 0.999872088 -0.015752675 -0.362682641 0.020848325 0.015803514 0.999657393 22.996316910
0.999763131 0.005839961 -0.020974968 -0.607268095 -0.006188360 0.999842823 -0.016584225 -0.386823267 0.020874821 0.016710095 0.999642074 23.965297699
0.999752402 0.007448931 -0.020977369 -0.634542406 -0.007796800 0.999832213 -0.016550798 -0.415174723 0.020850556 0.016710252 0.999642551 24.944131851
0.999743104 0.008131462 -0.021168813 -0.661158383 -0.008485025 0.999824643 -0.016666528 -0.444686800 0.021029575 0.016841859 0.999636590 25.930583954
0.999741733 0.008065727 -0.021259135 -0.687086999 -0.008418635 0.999826968 -0.016563782 -0.473143250 0.021121856 0.016738471 0.999636352 26.927091599
0.999726534 0.008907392 -0.021633664 -0.713419735 -0.009243467 0.999836922 -0.015485280 -0.502329528 0.021492196 0.015681008 0.999645591 27.932205200
0.999715686 0.009468259 -0.021892294 -0.740115345 -0.009766967 0.999859691 -0.013578363 -0.530723512 0.021760656 0.013788318 0.999667704 28.947715759
0.999703288 0.009989282 -0.022223309 -0.766660810 -0.010267933 0.999869287 -0.012460456 -0.559374154 0.022095926 0.012684941 0.999675035 29.965539932
0.999702215 0.009813233 -0.022349622 -0.795197845 -0.010115863 0.999857783 -0.013468282 -0.588907838 0.022214269 0.013690343 0.999658942 30.986774445
0.999684036 0.011033077 -0.022589596 -0.825334370 -0.011361219 0.999830723 -0.014449941 -0.615784168 0.022426335 0.014702008 0.999639809 32.017517090
0.999679923 0.010626197 -0.022965040 -0.854245126 -0.010938990 0.999848187 -0.013538128 -0.643867552 0.022817684 0.013784995 0.999644041 33.057994843
0.999673367 0.009788286 -0.023612903 -0.880564988 -0.010045963 0.999890745 -0.010818889 -0.671853065 0.023504414 0.011052558 0.999662161 34.110004425
0.999659836 0.009997751 -0.024091309 -0.910240114 -0.010174122 0.999921918 -0.007209776 -0.696811616 0.024017336 0.007452421 0.999683261 35.169692993
0.999646723 0.009983961 -0.024638228 -0.941999972 -0.010107001 0.999936700 -0.004874669 -0.721417069 0.024587991 0.005121957 0.999684036 36.233184814
0.999638557 0.009884141 -0.025006220 -0.975266099 -0.009996864 0.999940038 -0.004386952 -0.743761837 0.024961349 0.004635341 0.999677181 37.301296234
0.999633670 0.009321425 -0.025415331 -1.009879827 -0.009473706 0.999937534 -0.005878106 -0.765109479 0.025358943 0.006116722 0.999659121 38.376747131
0.999612510 0.009791573 -0.026063535 -1.044952154 -0.009961445 0.999929547 -0.006396042 -0.787071943 0.025999064 0.006653183 0.999639273 39.457920074
0.999600172 0.009369076 -0.026684873 -1.079183221 -0.009510197 0.999941170 -0.005166677 -0.810229063 0.026634889 0.005418383 0.999629974 40.538314819
0.999580562 0.009424039 -0.027391588 -1.114989638 -0.009515951 0.999949157 -0.003227520 -0.833102763 0.027359772 0.003486816 0.999619126 41.623554230
0.999569595 0.009506391 -0.027763322 -1.154322624 -0.009530128 0.999953985 -0.000723157 -0.856056750 0.027755164 0.000987427 0.999613822 42.705902100
0.999547422 0.010779099 -0.028095037 -1.193659067 -0.010808044 0.999940872 -0.000879049 -0.879779041 0.028083894 0.001182296 0.999604464 43.788928986
0.999527574 0.012014430 -0.028298862 -1.233039141 -0.012152384 0.999914765 -0.004708457 -0.902283609 0.028239872 0.005050124 0.999588013 44.867954254
0.999513686 0.013249232 -0.028235875 -1.272237778 -0.013500115 0.999870598 -0.008713730 -0.926109910 0.028116759 0.009090669 0.999562860 45.949871063
0.999511659 0.013566543 -0.028156031 -1.309117794 -0.013824738 0.999863684 -0.008996272 -0.952216446 0.028030138 0.009381119 0.999562621 47.037528992
0.999512851 0.013968334 -0.027917540 -1.346564531 -0.014147566 0.999880254 -0.006233401 -0.979302585 0.027827116 0.006625320 0.999590337 48.127349854
0.999513209 0.014583807 -0.027586022 -1.384073734 -0.014702389 0.999883294 -0.004101223 -1.005422235 0.027522987 0.004504800 0.999610484 49.216236115
0.999537349 0.012910368 -0.027546953 -1.417604923 -0.012994831 0.999911129 -0.002889891 -1.027830839 0.027507190 0.003246515 0.999615848 50.302513123
0.999551475 0.012811475 -0.027073324 -1.454554200 -0.012917752 0.999909341 -0.003754730 -1.052797914 0.027022758 0.004102765 0.999625921 51.390224457
0.999572337 0.011938567 -0.026692105 -1.488517284 -0.012090269 0.999911547 -0.005529707 -1.075776339 0.026623730 0.005850050 0.999627888 52.477504730
0.999577880 0.011916659 -0.026498312 -1.521146059 -0.012125763 0.999896407 -0.007744951 -1.100514650 0.026403276 0.008062985 0.999618351 53.565830231
0.999594927 0.010687798 -0.026377501 -1.552962184 -0.010960523 0.999887645 -0.010216799 -1.129845381 0.026265346 0.010501761 0.999599338 54.649272919
0.999617755 0.009018715 -0.026134353 -1.585383654 -0.009376546 0.999863505 -0.013602225 -1.160690546 0.026008116 0.013842066 0.999565363 55.730636597
0.999639094 0.007071966 -0.025918199 -1.614974976 -0.007473372 0.999853015 -0.015423708 -1.191948771 0.025805319 0.015611826 0.999544621 56.816749573
0.999654412 0.005380604 -0.025728149 -1.645034194 -0.005720918 0.999896765 -0.013172399 -1.225007176 0.025654620 0.013315024 0.999581754 57.905815125
0.999667645 0.004022306 -0.025459392 -1.675862670 -0.004209905 0.999964297 -0.007319597 -1.255720854 0.025429044 0.007424338 0.999648571 59.002552032
0.999678373 0.002741719 -0.025209453 -1.705654621 -0.002775933 0.999995232 -0.001322601 -1.281690836 0.025205707 0.001392148 0.999680877 60.097438812
0.999684393 0.000919734 -0.025101805 -1.734755397 -0.000935950 0.999999285 -0.000634636 -1.304598808 0.025101209 0.000657923 0.999684274 61.188617706
0.999687493 -0.002322879 -0.024888238 -1.762058854 0.002232483 0.999990821 -0.003659638 -1.325381637 0.024896510 0.003602924 0.999683142 62.279674530
0.999680161 -0.003791376 -0.024996707 -1.789514780 0.003619657 0.999969721 -0.006911542 -1.347406983 0.025022158 0.006818845 0.999663293 63.371322632
0.999679625 -0.001897919 -0.025233638 -1.821843624 0.001622067 0.999938846 -0.010948084 -1.376732469 0.025252877 0.010903638 0.999621272 64.466316223
0.999684572 -0.001707131 -0.025052063 -1.855436087 0.001325883 0.999883354 -0.015227160 -1.407041907 0.025075138 0.015189130 0.999569833 65.554412842
0.999704421 0.001316510 -0.024271177 -1.892473340 -0.001701714 0.999872923 -0.015857153 -1.438607693 0.024247224 0.015893759 0.999579251 66.648185730
0.999712110 0.005217415 -0.023414206 -1.930572987 -0.005504066 0.999910533 -0.012195028 -1.472515106 0.023348494 0.012320383 0.999651134 67.749229431
0.999708593 0.006634620 -0.023201227 -1.965237260 -0.006871593 0.999925017 -0.010149136 -1.503958225 0.023132157 0.010305601 0.999679029 68.848503113
0.999713659 0.006075762 -0.023135388 -1.996214151 -0.006295067 0.999936044 -0.009418321 -1.532469273 0.023076691 0.009561257 0.999687731 69.946472168
0.999724030 0.004449653 -0.023057718 -2.025468588 -0.004649610 0.999952137 -0.008625736 -1.562252522 0.023018245 0.008730561 0.999696672 71.044334412
0.999722302 0.003303408 -0.023324819 -2.053907394 -0.003472185 0.999968231 -0.007199286 -1.591309071 0.023300303 0.007278270 0.999701738 72.142456055
0.999720037 0.001688326 -0.023593931 -2.081938982 -0.001810005 0.999985337 -0.005136959 -1.618322611 0.023584919 0.005178222 0.999708116 73.238433838
0.999706745 0.000529320 -0.024204301 -2.110730410 -0.000614435 0.999993980 -0.003509464 -1.644996166 0.024202302 0.003523309 0.999700665 74.333564758
0.999692976 -0.000313049 -0.024772333 -2.139949322 0.000195588 0.999988914 -0.004744158 -1.672621846 0.024773553 0.004737859 0.999681652 75.425086975
0.999680877 -0.000039418 -0.025259973 -2.172646284 -0.000176232 0.999963880 -0.008535130 -1.700090647 0.025259402 0.008536857 0.999644220 76.511627197
0.999663413 0.000405060 -0.025936317 -2.204749346 -0.000680257 0.999943852 -0.010602756 -1.728584290 0.025930576 0.010616830 0.999607086 77.595367432
0.999641955 0.002318732 -0.026652873 -2.238672256 -0.002557776 0.999957025 -0.008938397 -1.758225679 0.026631011 0.009003368 0.999604523 78.679183960
0.999621332 0.003216390 -0.027324520 -2.272518158 -0.003346492 0.999983490 -0.004717139 -1.785529017 0.027308904 0.004806795 0.999615252 79.764183044
0.999597907 0.004668751 -0.027965369 -2.308722258 -0.004691606 0.999988854 -0.000751847 -1.811358452 0.027961558 0.000882750 0.999608397 80.845726013
0.999574304 0.005589496 -0.028633179 -2.345048428 -0.005594599 0.999984562 -0.000098190 -1.834424376 0.028632198 0.000258342 0.999589741 81.918014526
0.999556541 0.005398974 -0.029280897 -2.382094383 -0.005466545 0.999982774 -0.002228262 -1.855402827 0.029268371 0.002387341 0.999568522 82.982955933
0.999540448 0.005226676 -0.029857611 -2.418682575 -0.005319964 0.999981403 -0.003046012 -1.877428293 0.029841149 0.003203456 0.999549329 84.040878296
0.999528110 0.004432152 -0.030400831 -2.455455065 -0.004531428 0.999984622 -0.003197544 -1.903004169 0.030386215 0.003333794 0.999532580 85.089080811
0.999508798 0.003351297 -0.031162035 -2.491163015 -0.003442998 0.999989927 -0.002889632 -1.928231120 0.031152055 0.002995503 0.999510050 86.124038696
0.999493480 0.002031390 -0.031760961 -2.526265621 -0.002077951 0.999996901 -0.001433144 -1.952173114 0.031757962 0.001498415 0.999494374 87.144515991
0.999474764 0.002041441 -0.032346673 -2.563078880 -0.001999702 0.999997139 0.001322574 -1.976545095 0.032349296 -0.001257194 0.999475658 88.145545959
0.999446332 0.001036404 -0.033256575 -2.599137306 -0.000963294 0.999997079 0.002214188 -1.999564886 0.033258792 -0.002180925 0.999444246 89.127708435
0.999374628 -0.000033643 -0.035360396 -2.637451410 0.000122866 0.999996781 0.002520985 -2.021429777 0.035360213 -0.002523753 0.999371350 90.087188721
0.999251783 -0.000887340 -0.038668606 -2.677151203 0.000952265 0.999998152 0.001660558 -2.043060541 0.038667079 -0.001696138 0.999250591 91.024169922
0.999116361 -0.001085914 -0.042018905 -2.719918489 0.001121017 0.999999046 0.000811779 -2.064143419 0.042018004 -0.000858166 0.999116421 91.936302185
0.998980820 -0.001300715 -0.045119721 -2.764610767 0.001351223 0.999998510 0.001088845 -2.083737135 0.045118254 -0.001148701 0.998980880 92.825210571
0.998836279 -0.000250441 -0.048230849 -2.812264442 0.000357628 0.999997497 0.002213686 -2.103765249 0.048230186 -0.002228357 0.998833597 93.690605164
0.998690665 0.000704223 -0.051154263 -2.862881660 -0.000534067 0.999994278 0.003339859 -2.124151945 0.051156342 -0.003308165 0.998685002 94.531005859
0.998532116 0.001716442 -0.054137524 -2.913902760 -0.001455825 0.999987185 0.004852979 -2.141195536 0.054145172 -0.004767038 0.998521507 95.348625183
0.998383164 0.003280584 -0.056750905 -2.967027426 -0.002967224 0.999979913 0.005604997 -2.156498194 0.056768160 -0.005427540 0.998372436 96.140907288
0.998229206 0.005337759 -0.059247456 -3.021526337 -0.004985481 0.999969065 0.006092048 -2.173378706 0.059278145 -0.005785882 0.998224556 96.904441833
0.998060584 0.007182395 -0.061838076 -3.076214790 -0.006891300 0.999964237 0.004919290 -2.190509319 0.061871197 -0.004483603 0.998073876 97.636947632
0.997888625 0.008431306 -0.064401366 -3.129179001 -0.008370745 0.999964297 0.001210088 -2.207840919 0.064409271 -0.000668446 0.997923195 98.337692261
0.997703969 0.010823908 -0.066858783 -3.183572292 -0.011013104 0.999936342 -0.002461926 -2.224216700 0.066827878 0.003192594 0.997759223 99.006813049
0.997551262 0.012568051 -0.068803750 -3.236594439 -0.012949017 0.999903202 -0.005093858 -2.240057945 0.068733074 0.005972323 0.997617066 99.645149231
0.997467935 0.014587378 -0.069608502 -3.287353516 -0.015044820 0.999868512 -0.006051975 -2.256696224 0.069511078 0.007083897 0.997555912 100.257324219
0.997496128 0.016943764 -0.068663001 -3.335875988 -0.017366553 0.999833703 -0.005565250 -2.274698257 0.068557292 0.006743755 0.997624218 100.844306946
0.997630060 0.020805774 -0.065590627 -3.382596254 -0.021111565 0.999769211 -0.003972496 -2.292258263 0.065492831 0.005347798 0.997838616 101.409431458
0.997932494 0.023387194 -0.059870817 -3.422058105 -0.023577172 0.999718964 -0.002468702 -2.308505297 0.059796244 0.003875177 0.998202980 101.949264526
0.998339415 0.024225287 -0.052271456 -3.451192379 -0.024284594 0.999704897 -0.000499828 -2.322229624 0.052243918 0.001768386 0.998632669 102.469078064
0.998810112 0.024074007 -0.042421814 -3.470685005 -0.024010843 0.999709606 0.001997794 -2.333854675 0.042457599 -0.000976837 0.999097645 102.967758179
0.999258935 0.023593970 -0.030425534 -3.481769562 -0.023505149 0.999718368 0.003273419 -2.346710920 0.030494198 -0.002555839 0.999531507 103.443244934
0.999599040 0.022724397 -0.016915105 -3.483235836 -0.022668598 0.999736905 0.003482738 -2.359545469 0.016989816 -0.003097903 0.999850690 103.894943237
0.999746621 0.022470932 -0.001597017 -3.476990700 -0.022466604 0.999743938 0.002674968 -2.371526003 0.001656756 -0.002638413 0.999994934 104.330238342
0.999641061 0.021038353 0.016606271 -3.459957600 -0.021037631 0.999778569 -0.000217836 -2.385236979 -0.016607143 -0.000131602 0.999862015 104.752189636
0.999069333 0.020456672 0.037984192 -3.431398869 -0.020292101 0.999782920 -0.004713028 -2.397445679 -0.038072318 0.003937858 0.999267101 105.163581848
0.997874200 0.018353058 0.062539205 -3.389448643 -0.017803269 0.999797821 -0.009337095 -2.409315586 -0.062697887 0.008203835 0.997998714 105.566291809
0.995816529 0.015961858 0.089974552 -3.333475113 -0.014948351 0.999817014 -0.011927080 -2.421682358 -0.090148389 0.010532205 0.995872557 105.961578369
0.992671311 0.013208810 0.120124727 -3.263917923 -0.011728456 0.999846160 -0.013022216 -2.433824539 -0.120278180 0.011517893 0.992673337 106.347412109
0.988165677 0.010905440 0.153005213 -3.183622360 -0.008745919 0.999852240 -0.014780073 -2.446574688 -0.153143704 0.013266978 0.988114774 106.723266602
0.981927991 0.008421129 0.189069882 -3.088350296 -0.005461279 0.999854028 -0.016170384 -2.460460663 -0.189178377 0.014845578 0.981830418 107.090667725
0.973636210 0.005183622 0.228049606 -2.978942871 -0.001471839 0.999863386 -0.016443320 -2.474794626 -0.228103593 0.015674148 0.973510563 107.449127197
0.963282406 0.003041166 0.268474489 -2.855224609 0.001605281 0.999852419 -0.017085683 -2.490420580 -0.268486738 0.016889300 0.963135242 107.795486450
0.950566769 0.004043100 0.310495406 -2.722608566 0.001632219 0.999836147 -0.018016322 -2.504717350 -0.310517251 0.017632503 0.950404167 108.131050110
0.934780777 0.006139699 0.355173171 -2.577590942 0.000420149 0.999830544 -0.018389393 -2.518523932 -0.355225742 0.017339265 0.934619546 108.455978394
0.916422725 0.006192437 0.400164723 -2.414859772 0.000682922 0.999854326 -0.017036475 -2.530028343 -0.400211841 0.015885882 0.916284859 108.770294189
0.895539522 0.005530365 0.444948524 -2.233371735 0.001660047 0.999873996 -0.015768830 -2.540716887 -0.444979578 0.014860234 0.895417392 109.074546814
0.871693254 0.004265902 0.490034044 -2.038532257 0.004144943 0.999861896 -0.016077336 -2.554665089 -0.490034819 0.016045658 0.871555209 109.364151001
0.845737219 0.004639604 0.533580244 -1.830364227 0.005841748 0.999821484 -0.017953008 -2.569934607 -0.533568084 0.018300558 0.845559061 109.641921997
0.817285061 0.006832177 0.576193631 -1.609134674 0.006659393 0.999750674 -0.021300318 -2.583228111 -0.576195300 0.021245524 0.817035854 109.910461426
0.785663545 0.011681922 0.618544221 -1.373901367 0.005386748 0.999654353 -0.025721792 -2.594078064 -0.618630707 0.023540609 0.785329044 110.175872803
0.750853121 0.017993044 0.660224497 -1.123138428 0.002132228 0.999557316 -0.029665787 -2.602637529 -0.660465777 0.023682389 0.750482559 110.430397034
0.712629676 0.022816107 0.701169848 -0.853378296 0.000024719 0.999469876 -0.032547951 -2.609381914 -0.701540530 0.023211958 0.712251425 110.673248291
0.672477663 0.023282316 0.739751697 -0.557685852 0.002611625 0.999423862 -0.033829160 -2.617184401 -0.740112960 0.024681296 0.672029495 110.898788452
0.630398154 0.020760629 0.775994658 -0.244209290 0.006778460 0.999456704 -0.032245699 -2.628544807 -0.776242375 0.025587671 0.629915118 111.107849121
0.585318327 0.018918948 0.810583234 0.085968018 0.008970961 0.999515176 -0.029806502 -2.631909370 -0.810753942 0.024717994 0.584864974 111.310470581
0.538063109 0.017520580 0.842722893 0.427753448 0.010303144 0.999572277 -0.027359931 -2.638198853 -0.842841625 0.023404054 0.537652612 111.494758606
0.489358127 0.015028459 0.871953666 0.785396576 0.012617666 0.999624491 -0.024310213 -2.646623850 -0.871991336 0.022898411 0.488985151 111.659217834
0.437982202 0.011285681 0.898913085 1.155006409 0.015321592 0.999681950 -0.020016044 -2.659435034 -0.898852825 0.022539442 0.437670439 111.801742554
0.385718226 0.011379462 0.922546804 1.534439087 0.013141396 0.999754429 -0.017826254 -2.672257900 -0.922522843 0.018999455 0.385474473 111.931976318
0.334163964 0.016371060 0.942373097 1.921890259 0.009715446 0.999735832 -0.020812668 -2.683884144 -0.942464590 0.016110413 0.333917141 112.044624329
0.283290446 0.021658249 0.958789825 2.324626923 0.009374233 0.999634326 -0.025350671 -2.691335678 -0.958988130 0.016169516 0.282984316 112.136756897
0.236193642 0.023900712 0.971412301 2.742759705 0.011064604 0.999566138 -0.027283719 -2.701542139 -0.971642733 0.017192530 0.235827208 112.211486816
0.194424391 0.023740761 0.980630457 3.179376602 0.018444106 0.999441564 -0.027852990 -2.714516401 -0.980743885 0.023502151 0.193878412 112.267852783
0.159114152 0.023835648 0.986972690 3.634714127 0.026504237 0.999244690 -0.028404890 -2.725342035 -0.986904204 0.030678578 0.158362716 112.308334351
0.128426909 0.025493056 0.991391599 4.097044945 0.031512171 0.999059558 -0.029772397 -2.730483770 -0.991218030 0.035064474 0.127503335 112.346305847
0.100179553 0.024060115 0.994678736 4.581872940 0.029647259 0.999191225 -0.027155211 -2.743947983 -0.994527340 0.032209888 0.099385709 112.387855530
0.074418537 0.020564498 0.997015417 5.086932182 0.023701962 0.999468088 -0.022384243 -2.755466223 -0.996945083 0.025297014 0.073892020 112.428924561
0.050262801 0.016504966 0.998600066 5.603709221 0.019176582 0.999662757 -0.017487761 -2.769765139 -0.998551607 0.020028714 0.049929857 112.455451965
0.027615581 0.014104567 0.999519527 6.139596939 0.023702584 0.999609649 -0.014760730 -2.787266493 -0.999337256 0.024098810 0.027271021 112.458503723
0.007559955 0.014810894 0.999862134 6.682999134 0.032028832 0.999373376 -0.015045833 -2.806064129 -0.999458015 0.032138146 0.007081367 112.438858032
-0.009975910 0.017454989 0.999798357 7.254066467 0.037113652 0.999164820 -0.017073628 -2.819659472 -0.999260902 0.036935832 -0.010614850 112.421493530
-0.024437360 0.023025777 0.999436498 7.836481571 0.037750162 0.999042630 -0.022093676 -2.827589512 -0.998988152 0.037188970 -0.025282651 112.404243469
-0.035450064 0.027686235 0.998988330 8.437322617 0.035405573 0.999023139 -0.026430810 -2.838499546 -0.998743832 0.034432773 -0.036395140 112.386062622
-0.042049900 0.027595870 0.998734713 9.062494278 0.037888665 0.998943150 -0.026006404 -2.853333235 -0.998396575 0.036747150 -0.043050475 112.358764648
-0.044700146 0.024584921 0.998698235 9.710691452 0.044041470 0.998773277 -0.022615552 -2.873672485 -0.998028934 0.042973213 -0.045727514 112.321540833
-0.044292502 0.022986773 0.998754501 10.375183105 0.045832254 0.998728991 -0.020953638 -2.892661095 -0.997966528 0.044847071 -0.045289189 112.292396545
-0.042530864 0.022667194 0.998838186 11.056652069 0.044783909 0.998780549 -0.020758975 -2.913188457 -0.998090684 0.043848976 -0.043493573 112.270851135
-0.041272286 0.023058826 0.998882055 11.755584717 0.041296501 0.998918295 -0.021353358 -2.933149099 -0.998293877 0.040369034 -0.042179346 112.255012512
-0.040279973 0.024338307 0.998892188 12.473541260 0.040166255 0.998934269 -0.022719644 -2.952453613 -0.998380542 0.039206617 -0.041214079 112.235466003
-0.039365370 0.025219025 0.998906732 13.204881668 0.039901707 0.998923361 -0.023646979 -2.974527359 -0.998427629 0.038927212 -0.040328722 112.211242676
-0.038663208 0.024832133 0.998943925 13.952198029 0.039601956 0.998943388 -0.023299364 -2.998008728 -0.998467028 0.038659308 -0.039605208 112.188079834
-0.038135022 0.023505261 0.998996258 14.712620735 0.038459733 0.999016702 -0.022037609 -3.022640228 -0.998532057 0.037580729 -0.039000984 112.166481018
-0.037869096 0.022440946 0.999030828 15.486398697 0.039367896 0.999004781 -0.020948093 -3.045196056 -0.998506725 0.038536463 -0.038714312 112.141502380
-0.038702920 0.020372776 0.999043167 16.273464203 0.039942637 0.999024212 -0.018825011 -3.068815231 -0.998452008 0.039175849 -0.039478347 112.116775513
-0.039901853 0.018688058 0.999028981 17.064561844 0.037568573 0.999145806 -0.017189736 -3.093588352 -0.998496890 0.036846194 -0.040569309 112.091407776
-0.041076247 0.017640084 0.999000311 17.862682343 0.036771569 0.999193013 -0.016131535 -3.117784977 -0.998478949 0.036072191 -0.041691199 112.063667297
-0.042383168 0.015275885 0.998984575 18.670454025 0.039215349 0.999137700 -0.013614464 -3.137939453 -0.998331428 0.038598511 -0.042945106 112.029426575
-0.043587577 0.013854215 0.998953462 19.486164093 0.040525872 0.999105155 -0.012088038 -3.159009218 -0.998227239 0.039956588 -0.044109464 111.993469238
-0.045473002 0.012944101 0.998881638 20.310394287 0.037715454 0.999225080 -0.011231594 -3.184681654 -0.998253226 0.037162550 -0.045925397 111.964294434
-0.046470128 0.017740248 0.998762071 21.137079239 0.035018560 0.999256372 -0.016119691 -3.205695629 -0.998305559 0.034226142 -0.047056254 111.934997559
-0.047232825 0.022490429 0.998630702 21.969047546 0.036378045 0.999121726 -0.020780893 -3.229127884 -0.998221219 0.035346713 -0.048008945 111.897399902
-0.048365537 0.024128476 0.998538196 22.810310364 0.036675856 0.999076605 -0.022365041 -3.256248236 -0.998156071 0.035540562 -0.049205255 111.859451294
-0.050006259 0.021948013 0.998507738 23.661327362 0.033165324 0.999243379 -0.020303231 -3.284868240 -0.998197973 0.032100566 -0.050695788 111.829147339
-0.051179968 0.017729312 0.998531997 24.513711929 0.030301807 0.999409378 -0.016191764 -3.313790798 -0.998229563 0.029428646 -0.051686406 111.795845032
-0.051501390 0.012527836 0.998594344 25.366962433 0.028803056 0.999523640 -0.011054010 -3.340340853 -0.998257399 0.028193282 -0.051837143 111.758201599
-0.051972963 0.006902006 0.998624504 26.219989777 0.025259925 0.999664903 -0.005594555 -3.361366034 -0.998328865 0.024934426 -0.052129343 111.724502563
-0.052092422 0.005674982 0.998626053 27.067213058 0.022634542 0.999733150 -0.004500572 -3.385244846 -0.998385727 0.022369018 -0.052206445 111.692131042
-0.051227998 0.012610727 0.998607278 27.905862808 0.025550485 0.999609053 -0.011312660 -3.413834572 -0.998360038 0.024935402 -0.051529646 111.652000427
-0.050249133 0.023829598 0.998452306 28.735191345 0.027897075 0.999358237 -0.022447249 -3.438591003 -0.998346984 0.026725976 -0.050881136 111.612319946
-0.049897183 0.029139221 0.998329103 29.570920944 0.029777549 0.999172807 -0.027675558 -3.462918758 -0.998310387 0.028346898 -0.050723080 111.575485229
-0.048701528 0.023681534 0.998532534 30.413553238 0.031265579 0.999264657 -0.022173991 -3.495430708 -0.998323858 0.030139826 -0.049405605 111.537261963
-0.047831602 0.016025079 0.998726726 31.253990173 0.034216966 0.999310255 -0.014395714 -3.527494431 -0.998269200 0.033484865 -0.048346397 111.497436523
-0.047448616 0.013097063 0.998787701 32.085788727 0.035393730 0.999307573 -0.011422469 -3.556067705 -0.998246372 0.034808874 -0.047878779 111.459823608
-0.047727711 0.013686277 0.998766482 32.911705017 0.034046974 0.999346852 -0.012067249 -3.582616091 -0.998279989 0.033429068 -0.048161976 111.427711487
-0.048863340 0.014528231 0.998699725 33.735477448 0.031124627 0.999430239 -0.013016036 -3.608769655 -0.998320401 0.030448178 -0.049287155 111.397605896
-0.050895285 0.014623378 0.998596847 34.557762146 0.028920965 0.999494433 -0.013162525 -3.634788275 -0.998285234 0.028210498 -0.051291957 111.364402771
-0.053212535 0.014619468 0.998476028 35.372421265 0.028362216 0.999510944 -0.013123107 -3.660846949 -0.998180687 0.027620699 -0.053600632 111.328323364
-0.055447903 0.014954168 0.998349428 36.186077118 0.027225975 0.999538124 -0.013459868 -3.687892437 -0.998090506 0.026434740 -0.055828914 111.289947510
-0.057594195 0.015284779 0.998222828 36.995964050 0.025610337 0.999575734 -0.013827874 -3.713442802 -0.998011768 0.024768442 -0.057960697 111.250923157
-0.059719101 0.014405166 0.998111129 37.800403595 0.024080833 0.999625027 -0.012986223 -3.737965584 -0.997924984 0.023259841 -0.060043082 111.210647583
-0.061820701 0.013330567 0.997998178 38.596446991 0.024711264 0.999624133 -0.011821569 -3.764839649 -0.997781515 0.023931004 -0.062126368 111.164505005
-0.063785270 0.013474293 0.997872472 39.383777618 0.024575256 0.999626160 -0.011927107 -3.790404797 -0.997661233 0.023762222 -0.064092062 111.119659424
-0.065744013 0.014567505 0.997730076 40.166080475 0.024595516 0.999612570 -0.012974323 -3.814061642 -0.997533619 0.023686724 -0.066076346 111.073760986
-0.066805840 0.014847985 0.997655332 40.947715759 0.025319487 0.999591827 -0.013181357 -3.837623119 -0.997444928 0.024379553 -0.067154020 111.025901794
-0.068135664 0.013877267 0.997579396 41.724620819 0.027640382 0.999545097 -0.012016760 -3.862449646 -0.997293353 0.026754733 -0.068487741 110.975540161
-0.069731884 0.013310801 0.997476876 42.495029449 0.028053185 0.999541104 -0.011377214 -3.887295723 -0.997171402 0.027189076 -0.070072800 110.925819397
-0.071176998 0.012961657 0.997379422 43.261756897 0.026814597 0.999578416 -0.011076654 -3.910863400 -0.997103393 0.025955949 -0.071494088 110.879379272
-0.072603531 0.012046109 0.997288108 44.016685486 0.025145235 0.999630690 -0.010243824 -3.933987617 -0.997043967 0.024333334 -0.072879165 110.833122253
-0.073550090 0.010867499 0.997232258 44.751632690 0.024147360 0.999666154 -0.009113073 -3.955891609 -0.996999264 0.023410279 -0.073787518 110.785835266
-0.074243158 0.010717114 0.997182548 45.466453552 0.024577864 0.999657512 -0.008913836 -3.978403330 -0.996937394 0.023846850 -0.074480683 110.736183167
-0.074414529 0.013217094 0.997139692 46.170642853 0.024760615 0.999627709 -0.011402255 -4.002771378 -0.996920109 0.023841327 -0.074713618 110.687644958
-0.074477866 0.016000859 0.997094154 46.868453979 0.025014563 0.999585927 -0.014172400 -4.026211262 -0.996909022 0.023886373 -0.074846834 110.638191223
-0.074553043 0.017669916 0.997060359 47.566066742 0.023414293 0.999597669 -0.015964145 -4.049278736 -0.996942341 0.022155317 -0.074936308 110.590805054
-0.074467868 0.018649496 0.997048855 48.261585236 0.024299702 0.999561489 -0.016881607 -4.073306561 -0.996927381 0.022970885 -0.074887924 110.539916992
-0.074378632 0.018573646 0.997056961 48.955196381 0.025640843 0.999530852 -0.016706986 -4.097125530 -0.996900558 0.024322772 -0.074819528 110.488349915
-0.074645571 0.018199297 0.997043967 49.647384644 0.026575189 0.999513924 -0.016254799 -4.120564461 -0.996856093 0.025283318 -0.075092487 110.438079834
-0.075064234 0.018232919 0.997011662 50.332729340 0.022909569 0.999599755 -0.016555421 -4.143815994 -0.996915698 0.021598432 -0.075451426 110.395950317
-0.074854031 0.018549897 0.997021675 51.014717102 0.020778412 0.999638200 -0.017038599 -4.168832302 -0.996978223 0.019441159 -0.075211920 110.352470398
-0.074836366 0.017481927 0.997042298 51.697486877 0.023094740 0.999607861 -0.015793469 -4.191326141 -0.996928632 0.021844555 -0.075210303 110.302955627
-0.075823896 0.017055618 0.996975005 52.374710083 0.023811087 0.999598861 -0.015289588 -4.212468624 -0.996837139 0.022579789 -0.076199122 110.251739502
-0.079461880 0.016453968 0.996701777 53.052391052 0.020752061 0.999673605 -0.014848588 -4.237210274 -0.996622145 0.019503761 -0.079776943 110.205917358
-0.084832557 0.015923196 0.996267676 53.724548340 0.017058413 0.999748230 -0.014526307 -4.261264324 -0.996249378 0.015762482 -0.085082352 110.158378601
-0.090646669 0.019936401 0.995683193 54.387016296 0.020741647 0.999619782 -0.018126922 -4.282809258 -0.995667219 0.019009013 -0.091025271 110.095497131
-0.097134560 0.022900945 0.995007455 55.052783966 0.023158120 0.999515772 -0.020743981 -4.303427696 -0.995002031 0.021027595 -0.097617432 110.025138855
-0.104441389 0.024539124 0.994227946 55.725360870 0.022491269 0.999497294 -0.022306539 -4.327242851 -0.994276881 0.020031773 -0.104940400 109.956352234
-0.110721715 0.023735095 0.993567646 56.405323029 0.018974559 0.999582291 -0.021764291 -4.351268768 -0.993670583 0.016442772 -0.111125425 109.886817932
-0.116171643 0.022505671 0.992973924 57.089916229 0.018673085 0.999614894 -0.020471577 -4.376806259 -0.993053794 0.016163722 -0.116546810 109.809783936
-0.120813675 0.023161525 0.992404759 57.782073975 0.016526489 0.999634981 -0.021318387 -4.399884224 -0.992537796 0.013825459 -0.121152006 109.730743408
-0.125085086 0.022615295 0.991888046 58.483154297 0.014473597 0.999674320 -0.020967608 -4.421266556 -0.992040634 0.011733499 -0.125371307 109.651321411
-0.127769127 0.019589331 0.991610289 59.193107605 0.015185503 0.999725282 -0.017793017 -4.442134857 -0.991687834 0.012784747 -0.128031150 109.563858032
-0.129451841 0.016704036 0.991444886 59.906486511 0.017487600 0.999739945 -0.014560482 -4.464336872 -0.991431653 0.015453159 -0.129709929 109.470481873
-0.131112739 0.013956756 0.991269112 60.627620697 0.017130569 0.999782324 -0.011810826 -4.487336636 -0.991219580 0.015432501 -0.131322950 109.381034851
-0.132453799 0.013707475 0.991094232 61.352966309 0.016335655 0.999797583 -0.011644710 -4.506616592 -0.991054654 0.014647835 -0.132650584 109.291259766
-0.133036941 0.017581150 0.990954995 62.083515167 0.018123275 0.999717534 -0.015303563 -4.526268005 -0.990945578 0.015923457 -0.133317649 109.196998596
-0.133256763 0.021741645 0.990842938 62.818675995 0.023968594 0.999536455 -0.018708937 -4.549594879 -0.990791917 0.021256078 -0.133715779 109.094757080
-0.133712783 0.026853625 0.990656078 63.555347443 0.031404838 0.999244452 -0.022847619 -4.575684071 -0.990522623 0.028056445 -0.134454742 108.985923767
-0.134448081 0.028104192 0.990521967 64.300010681 0.032079048 0.999195993 -0.023996100 -4.599429131 -0.990401626 0.028548853 -0.135241076 108.886291504
-0.134890646 0.025923384 0.990521193 65.051216125 0.030135635 0.999301374 -0.022049285 -4.625782013 -0.990402400 0.026875822 -0.135577187 108.791084290
-0.134699270 0.021147311 0.990660787 65.801254272 0.030521913 0.999385178 -0.017183539 -4.652606010 -0.990416586 0.027922332 -0.135261446 108.691528320
-0.134908304 0.019296747 0.990670145 66.550819397 0.032536842 0.999356270 -0.015035139 -4.679836273 -0.990323961 0.030204998 -0.135448843 108.589492798
-0.135875419 0.019011445 0.990543485 67.293800354 0.032677956 0.999356687 -0.014698102 -4.705812931 -0.990187168 0.030371904 -0.136408791 108.489425659
-0.137526602 0.019994382 0.990296185 68.035430908 0.031247737 0.999384940 -0.015838407 -4.730900764 -0.990005374 0.028766394 -0.138066337 108.390724182
-0.139758259 0.020665236 0.989969909 68.775794983 0.030504871 0.999396205 -0.016555529 -4.755446911 -0.989715934 0.027885213 -0.140303850 108.291206360
-0.141879603 0.020915069 0.989663005 69.516128540 0.031792067 0.999356091 -0.016562186 -4.780645847 -0.989373624 0.029113676 -0.142452762 108.185668945
-0.143537298 0.021126457 0.989419341 70.260017395 0.032501057 0.999332190 -0.016623143 -4.805268288 -0.989111483 0.029771211 -0.144127652 108.076843262
-0.145488024 0.020791460 0.989141524 71.008285522 0.032055166 0.999352098 -0.016291268 -4.829782963 -0.988840938 0.029336991 -0.146059811 107.969139099
-0.147246480 0.021067610 0.988875449 71.760452271 0.029467151 0.999421537 -0.016904570 -4.854767323 -0.988661349 0.026650265 -0.147781610 107.865211487
-0.148229256 0.022610458 0.988694668 72.512916565 0.029491371 0.999393761 -0.018433694 -4.880697250 -0.988513708 0.026425611 -0.148805752 107.753929138
-0.149053112 0.022945322 0.988563061 73.274688721 0.028090607 0.999424219 -0.018962014 -4.906241417 -0.988430560 0.024943052 -0.149611369 107.644912720
-0.150453344 0.023103610 0.988347232 74.040039062 0.026876530 0.999451697 -0.019271873 -4.932862282 -0.988252282 0.023663886 -0.150991336 107.535110474
-0.151428699 0.021365264 0.988237321 74.813064575 0.027228858 0.999475896 -0.017435951 -4.959800720 -0.988093555 0.024268335 -0.151930630 107.419044495
-0.152480394 0.018993692 0.988124073 75.594688416 0.024910606 0.999570191 -0.015369705 -4.984272480 -0.987993002 0.022271249 -0.152887538 107.304779053
-0.154296041 0.016833102 0.987881303 76.379974365 0.022025831 0.999663711 -0.013593707 -5.007830143 -0.987779677 0.019661501 -0.154614434 107.190574646
-0.156382531 0.016417356 0.987560213 77.168365479 0.023412682 0.999641180 -0.012910766 -5.029674530 -0.987419605 0.021102469 -0.156710342 107.069534302
-0.158168495 0.017158894 0.987263083 77.962966919 0.024730096 0.999602914 -0.013411403 -5.051779270 -0.987103045 0.022293905 -0.158529550 106.944129944
-0.160545304 0.018465547 0.986855805 78.764823914 0.024243951 0.999595821 -0.014759861 -5.073332310 -0.986731231 0.021555712 -0.160927624 106.821273804
-0.162241951 0.022172499 0.986501932 79.567901611 0.026047828 0.999494016 -0.018180659 -5.096335411 -0.986407876 0.022746630 -0.162736833 106.694961548
-0.162740409 0.026292875 0.986318588 80.375175476 0.028241890 0.999357998 -0.021980653 -5.121278763 -0.986265421 0.024278427 -0.163377970 106.562614441
-0.163884014 0.030363202 0.986012280 81.189636230 0.029581213 0.999226630 -0.025853490 -5.149536133 -0.986036777 0.024930539 -0.164654911 106.430122375
-0.163702980 0.031592686 0.986003697 82.016960144 0.031838823 0.999134183 -0.026727334 -5.179262638 -0.985996604 0.027017932 -0.164566591 106.297134399
-0.163320959 0.031196289 0.986079633 82.852447510 0.035829335 0.999026835 -0.025671627 -5.210271835 -0.985922992 0.031137951 -0.164279208 106.158432007
-0.163343877 0.029299133 0.986134171 83.693733215 0.036398426 0.999055982 -0.023654025 -5.242959976 -0.985898376 0.032030076 -0.164255604 106.024543762
-0.162759036 0.027772930 0.986274898 84.535751343 0.035841197 0.999109030 -0.022219699 -5.273279190 -0.986015439 0.031732902 -0.163608924 105.893821716
-0.161084175 0.025345081 0.986615181 85.384826660 0.034916531 0.999189258 -0.019967318 -5.304358482 -0.986323655 0.031232845 -0.161838010 105.762001038
-0.159503132 0.022242658 0.986946821 86.235389709 0.035653766 0.999222279 -0.016757231 -5.332475185 -0.986554146 0.032515630 -0.160171568 105.629722595
-0.157970816 0.019012026 0.987260818 87.091674805 0.036187191 0.999252975 -0.013452707 -5.358922005 -0.986781359 0.033601135 -0.158540294 105.498115540
-0.156677991 0.018796423 0.987470925 87.949035645 0.034333866 0.999316633 -0.013574317 -5.387186050 -0.987053514 0.031776965 -0.157215804 105.373794556
-0.155383378 0.023190752 0.987582088 88.803115845 0.035811570 0.999197900 -0.017829053 -5.415412426 -0.987205684 0.032596603 -0.156088740 105.246719360
-0.153529227 0.029526614 0.987702966 89.654647827 0.036600552 0.999035954 -0.024176216 -5.444725037 -0.987466872 0.032438800 -0.154461414 105.118667603
-0.152154475 0.033077464 0.987803161 90.509704590 0.034535218 0.999005854 -0.028133055 -5.474044800 -0.987753928 0.029833505 -0.153145030 104.994918823
-0.150751263 0.030493308 0.988101423 91.374275208 0.033068657 0.999118805 -0.025788160 -5.508980751 -0.988019228 0.028787667 -0.151626259 104.871726990
