1.000000000 0.000000000 0.000000000 0.000000000 0.000000000 1.000000000 0.000000000 0.000000000 0.000000000 0.000000000 1.000000000 0.000000000
0.999998152 0.000742644 0.001762752 -0.005391759 -0.000741026 0.999999285 -0.000918660 -0.020661637 -0.001763433 0.000917352 0.999998033 1.202357769
0.999994159 0.001116242 0.003230992 -0.007975437 -0.001114808 0.999999285 -0.000445611 -0.041990615 -0.003231487 0.000442007 0.999994695 2.407393217
0.999990821 0.000520409 0.004247808 -0.007105999 -0.000519678 0.999999881 -0.000173065 -0.063389190 -0.004247897 0.000170856 0.999991000 3.609730721
0.999986947 0.000201567 0.005102873 -0.005938409 -0.000201150 1.000000000 -0.000082154 -0.084872320 -0.005102890 0.000081126 0.999987006 4.811060905
0.999981105 -0.000197816 0.006138702 -0.005394217 0.000197471 1.000000000 0.000056757 -0.106903888 -0.006138714 -0.000055544 0.999981165 6.011654854
0.999976456 0.000207841 0.006856957 -0.002240445 -0.000201724 0.999999583 -0.000892726 -0.129050225 -0.006857140 0.000891321 0.999976099 7.208701134
0.999972641 -0.000083876 0.007391907 0.005196523 0.000093240 0.999999166 -0.001266432 -0.150714055 -0.007391795 0.001267087 0.999971867 8.407553673
0.999972463 -0.000598485 0.007391501 0.010433652 0.000596280 0.999999762 0.000300553 -0.172760665 -0.007391680 -0.000296137 0.999972641 9.606700897
0.999980211 -0.001191343 0.006170993 0.012795586 0.001183776 0.999998510 0.001229718 -0.194182396 -0.006172449 -0.001222389 0.999980211 10.812345505
0.999989927 -0.002266237 0.003850110 0.012992680 0.002263379 0.999997079 0.000746214 -0.214603364 -0.003851792 -0.000737493 0.999992311 12.011593819
0.999996603 -0.001935645 0.001682036 0.011596014 0.001935293 0.999998093 0.000210031 -0.233975917 -0.001682440 -0.000206775 0.999998569 13.209615707
0.999998450 -0.001628769 0.000394645 0.006764475 0.001628783 0.999998689 -0.000038203 -0.253701031 -0.000394583 0.000038846 0.999999940 14.409054756
0.999999881 -0.000039516 -0.000301137 -0.003325779 0.000039434 1.000000000 -0.000268052 -0.274072349 0.000301146 0.000268040 0.999999940 15.609555244
0.999999642 -0.000252384 -0.000764761 -0.010758410 0.000252178 0.999999940 -0.000267295 -0.293973655 0.000764828 0.000267102 0.999999702 16.810972214
0.999998748 -0.000788131 -0.001277177 -0.017347859 0.000788286 0.999999702 0.000121176 -0.314274192 0.001277080 -0.000122183 0.999999225 18.012376785
0.999998033 -0.001159792 -0.001583550 -0.026642634 0.001160186 0.999999285 0.000248558 -0.334904701 0.001583260 -0.000250395 0.999998748 19.215705872
0.999997079 -0.000877564 -0.002245228 -0.035471477 0.000875995 0.999999344 -0.000699367 -0.356408179 0.002245840 0.000697398 0.999997258 20.416921616
0.999995232 -0.001186206 -0.002850326 -0.044191897 0.001181747 0.999998093 -0.001565326 -0.377464712 0.002852177 0.001561951 0.999994755 21.616159439
0.999993384 -0.000278006 -0.003624005 -0.056392178 0.000274340 0.999999404 -0.001011730 -0.399445236 0.003624284 0.001010729 0.999992967 22.815795898
0.999990582 -0.000303651 -0.004370180 -0.067651592 0.000298544 0.999999285 -0.001168987 -0.422205478 0.004370532 0.001167672 0.999989927 24.017621994
0.999986589 -0.000349896 -0.005200680 -0.080360234 0.000339885 0.999998152 -0.001925577 -0.444332182 0.005201343 0.001923784 0.999984741 25.222986221
0.999982119 -0.000052779 -0.006000751 -0.093583092 0.000044873 0.999999106 -0.001317519 -0.465430021 0.006000814 0.001317226 0.999981284 26.427272797
0.999976039 -0.001430368 -0.006799354 -0.104747348 0.001433261 0.999998868 0.000420778 -0.487320393 0.006798744 -0.000430513 0.999976873 27.632888794
0.999969065 -0.001732316 -0.007694501 -0.117889643 0.001735615 0.999998391 0.000422249 -0.507527530 0.007693756 -0.000435590 0.999970376 28.833759308
0.999962270 -0.002392416 -0.008370554 -0.133826658 0.002387833 0.999997020 -0.000557312 -0.527315140 0.008371860 0.000537303 0.999964952 30.034856796
0.999952495 -0.002956617 -0.009309405 -0.149570212 0.002940949 0.999994278 -0.001696121 -0.548337638 0.009314364 0.001668662 0.999955356 31.233650208
0.999945283 -0.002473614 -0.010179479 -0.164581954 0.002455759 0.999995470 -0.001765953 -0.569752276 0.010183799 0.001740858 0.999946713 32.434391022
0.999937296 -0.003025535 -0.010795873 -0.182773650 0.003011550 0.999994576 -0.001311276 -0.592177987 0.010799782 0.001278681 0.999940932 33.639419556
0.999929070 -0.003266574 -0.011466808 -0.201778308 0.003253908 0.999994040 -0.001122891 -0.614540398 0.011470405 0.001085499 0.999933779 34.843727112
0.999919891 -0.003709063 -0.012115582 -0.218925282 0.003693325 0.999992132 -0.001320919 -0.635624647 0.012120388 0.001276067 0.999925911 36.047367096
0.999914587 -0.003504264 -0.012602221 -0.240156174 0.003486157 0.999992669 -0.001458276 -0.656588376 0.012607240 0.001414218 0.999919713 37.250598907
0.999910474 -0.004193361 -0.012715062 -0.260804415 0.004181541 0.999990582 -0.000955921 -0.677771151 0.012718951 0.000902667 0.999918878 38.461483002
0.999915302 -0.003762393 -0.012467872 -0.284264803 0.003765386 0.999992669 0.000216836 -0.697932243 0.012466966 -0.000263765 0.999922335 39.671600342
0.999919176 -0.003165853 -0.012326413 -0.306849003 0.003177887 0.999994278 0.000956999 -0.718341112 0.012323315 -0.000996095 0.999923706 40.881454468
0.999923348 -0.002436020 -0.012151121 -0.330602825 0.002441657 0.999996781 0.000449312 -0.738706887 0.012149991 -0.000478947 0.999926209 42.087165833
0.999929547 -0.001266883 -0.011814122 -0.355406642 0.001271137 0.999998927 0.000352769 -0.756858349 0.011813666 -0.000367763 0.999930263 43.293548584
0.999937534 0.001475083 -0.011087543 -0.380116403 -0.001452533 0.999996722 0.002041679 -0.775197625 0.011090521 -0.002025448 0.999936521 44.501743317
0.999955535 0.001717308 -0.009280708 -0.402925640 -0.001671803 0.999986351 0.004908938 -0.790546536 0.009289011 -0.004893206 0.999945045 45.711742401
0.999971032 0.002426805 -0.007234667 -0.422859251 -0.002372079 0.999968350 0.007563518 -0.803002000 0.007252794 -0.007546140 0.999945402 46.925170898
0.999980807 0.002918635 -0.005496831 -0.437916368 -0.002859033 0.999936938 0.010819948 -0.812119842 0.005528068 -0.010804026 0.999926507 48.139339447
0.999989152 0.002425540 -0.004004512 -0.450615078 -0.002376925 0.999923587 0.012100697 -0.821109712 0.004033561 -0.012091050 0.999918878 49.351383209
0.999997020 0.000800208 -0.002386677 -0.458195567 -0.000775134 0.999944329 0.010488668 -0.826245248 0.002394940 -0.010486788 0.999942243 50.560001373
0.999997497 0.002008847 -0.001095915 -0.469723374 -0.001999213 0.999959528 0.008724224 -0.833025396 0.001113399 -0.008722013 0.999961436 51.766857147
0.999997020 0.002504740 -0.000257977 -0.477791309 -0.002502544 0.999962866 0.008193603 -0.841680229 0.000278493 -0.008192932 0.999966502 52.976036072
0.999997973 0.002087460 -0.000202014 -0.483040482 -0.002085844 0.999967754 0.007700971 -0.852517426 0.000218085 -0.007700535 0.999970496 54.187110901
0.999998868 0.001359281 -0.000849061 -0.490782946 -0.001353698 0.999977291 0.006543046 -0.863045156 0.000857939 -0.006541891 0.999978364 55.405658722
0.999995768 0.001648327 -0.002453440 -0.499801546 -0.001631257 0.999974191 0.006944086 -0.874360561 0.002464826 -0.006940055 0.999972999 56.621974945
0.999991119 0.001710226 -0.003886757 -0.509907484 -0.001678185 0.999964297 0.008232381 -0.887621105 0.003900702 -0.008225786 0.999958694 57.836772919
0.999986947 0.001666897 -0.004861664 -0.523172081 -0.001625353 0.999961853 0.008537071 -0.899379671 0.004875715 -0.008529058 0.999951899 59.050251007
0.999980390 0.002638845 -0.005706598 -0.537616014 -0.002591578 0.999962211 0.008274826 -0.910844922 0.005728226 -0.008259872 0.999949813 60.263019562
0.999976218 0.002942984 -0.006253512 -0.552790403 -0.002892414 0.999962926 0.008080530 -0.922130942 0.006277069 -0.008062247 0.999948084 61.475498199
0.999977350 0.001948095 -0.006456483 -0.565661967 -0.001899986 0.999970257 0.007449269 -0.934056342 0.006470810 -0.007436831 0.999951720 62.685268402
0.999978065 0.000876594 -0.006570221 -0.580016851 -0.000834257 0.999978662 0.006443918 -0.946472406 0.006575736 -0.006438292 0.999958038 63.895236969
0.999976993 0.000565210 -0.006773866 -0.597004473 -0.000513124 0.999970078 0.007688983 -0.958712161 0.006778016 -0.007685326 0.999947846 65.100898743
0.999975026 0.000256549 -0.007072362 -0.609893560 -0.000191728 0.999957740 0.009164763 -0.971570551 0.007074422 -0.009163177 0.999933362 66.309226990
0.999973476 0.000786876 -0.007249348 -0.625396788 -0.000733028 0.999971986 0.007427913 -0.983448625 0.007254996 -0.007422400 0.999946535 67.510688782
0.999971211 0.002507346 -0.007174220 -0.643684804 -0.002463146 0.999977827 0.006163435 -0.993832111 0.007189522 -0.006145582 0.999955714 68.711990356
0.999963224 0.004729358 -0.007176171 -0.662009120 -0.004682799 0.999967813 0.006491085 -1.008313179 0.007206646 -0.006457238 0.999953568 69.914550781
0.999954462 0.006518834 -0.006982503 -0.680850089 -0.006472998 0.999957323 0.006566877 -1.021336079 0.007025019 -0.006521377 0.999954462 71.112205505
0.999945104 0.008045346 -0.006738573 -0.698395014 -0.007999010 0.999944270 0.006875166 -1.033252358 0.006793515 -0.006820881 0.999954224 72.307289124
0.999947846 0.008496187 -0.005695464 -0.713238776 -0.008451048 0.999932885 0.007902896 -1.047823071 0.005762229 -0.007854345 0.999953091 73.500701904
0.999941587 0.010215204 -0.003571747 -0.727101922 -0.010183886 0.999910295 0.008678974 -1.061400175 0.003660087 -0.008642087 0.999956548 74.693382263
0.999962509 0.008619648 -0.000900400 -0.734234989 -0.008613485 0.999940753 0.006636743 -1.078350425 0.000957555 -0.006628733 0.999978185 75.879844666
0.999982834 0.005666698 0.001523855 -0.734990716 -0.005669058 0.999982536 0.001549363 -1.093189716 -0.001515049 -0.001557967 0.999998212 77.059623718
0.999970615 0.006584913 0.003949350 -0.736870110 -0.006589144 0.999977589 0.001059574 -1.109429598 -0.003942287 -0.001085555 0.999992251 78.237388611
0.999961257 0.005600682 0.006807914 -0.733439863 -0.005631495 0.999973774 0.004515394 -1.128429055 -0.006782449 -0.004553550 0.999967217 79.419654846
0.999931037 0.005821652 0.010206752 -0.727425456 -0.005880974 0.999965906 0.005791899 -1.145207167 -0.010172691 -0.005851517 0.999931693 80.603942871
0.999878705 0.006117690 0.014332586 -0.718179107 -0.006173799 0.999973297 0.003873883 -1.159246922 -0.014308512 -0.003961892 0.999890268 81.779701233
0.999828219 0.005341271 0.017753366 -0.702444911 -0.005357367 0.999985218 0.000859265 -1.178941846 -0.017748524 -0.000954219 0.999842584 82.947257996
0.999765992 0.003970201 0.021265034 -0.682527661 -0.003917039 0.999989033 -0.002540919 -1.201334476 -0.021274902 0.002457039 0.999770999 84.108680725
0.999689579 0.003357752 0.024685543 -0.658175230 -0.003271070 0.999988317 -0.003550838 -1.225571394 -0.024697188 0.003468998 0.999689281 85.274810791
0.999594450 0.003018427 0.028316572 -0.628920555 -0.002968982 0.999993920 -0.001787943 -1.251606822 -0.028321804 0.001703157 0.999597847 86.439926147
0.999472499 0.003949633 0.032237858 -0.600357771 -0.003908337 0.999991417 -0.001343823 -1.276380539 -0.032242898 0.001217127 0.999479711 87.602607727
0.999343157 0.003496450 0.036072709 -0.565951824 -0.003372370 0.999988079 -0.003499931 -1.301234007 -0.036084536 0.003375993 0.999343455 88.762115479
0.999212921 0.003398520 0.039524592 -0.526922226 -0.003166863 0.999977350 -0.005922155 -1.325317264 -0.039543841 0.005792337 0.999201536 89.921318054
0.999080956 0.003357902 0.042732075 -0.482080221 -0.003090524 0.999975204 -0.006321552 -1.352095246 -0.042752251 0.006183690 0.999067008 91.079483032
0.998957515 0.001929014 0.045609787 -0.431756020 -0.001695566 0.999985158 -0.005156461 -1.378679037 -0.045619078 0.005073762 0.998946488 92.240455627
0.998828351 0.001255741 0.048378050 -0.380374432 -0.001076006 0.999992371 -0.003741020 -1.403062224 -0.048382390 0.003684593 0.998822570 93.402770996
0.998694837 0.000514500 0.051073201 -0.325508595 -0.000412102 0.999997795 -0.002015383 -1.425991654 -0.051074140 0.001991715 0.998693347 94.568977356
0.998565078 -0.001093847 0.053543869 -0.264609814 0.001149715 0.999998748 -0.001012590 -1.448894978 -0.053542703 0.001072706 0.998565674 95.734008789
0.998430490 -0.002145287 0.055966150 -0.206052303 0.002338204 0.999991477 -0.003381743 -1.471021652 -0.055958427 0.003507306 0.998427570 96.900367737
0.998292625 -0.003449565 0.058311764 -0.142994881 0.003863791 0.999967992 -0.006992380 -1.494538546 -0.058285791 0.007205757 0.998274624 98.068504333
0.998171747 -0.002754253 0.060382627 -0.077762604 0.003353524 0.999946058 -0.009825437 -1.520815492 -0.060352307 0.010009982 0.998127580 99.239326477
0.998067856 -0.002646447 0.062079683 -0.011299133 0.003321869 0.999936342 -0.010779211 -1.549172282 -0.062047217 0.010964620 0.998013616 100.415321350
0.998043299 -0.002512373 0.062477548 0.055701256 0.003156384 0.999942780 -0.010211296 -1.578914642 -0.062448326 0.010388533 0.997994781 101.599624634
0.998088598 -0.002349982 0.061755791 0.123481274 0.002874613 0.999960423 -0.008407769 -1.609089017 -0.061733600 0.008569235 0.998056531 102.790916443
0.998169720 -0.002997877 0.060401902 0.189927101 0.003424125 0.999969900 -0.006954584 -1.638210297 -0.060379248 0.007148690 0.998150587 103.989349365
0.998284161 -0.002498243 0.058504008 0.251866817 0.002860342 0.999977231 -0.006106370 -1.664168000 -0.058487430 0.006263245 0.998269260 105.193252563
0.998426259 -0.002270183 0.056038357 0.312816143 0.002589784 0.999980688 -0.005631270 -1.690194964 -0.056024510 0.005767544 0.998413444 106.402046204
0.998592198 -0.001677988 0.053020217 0.370518208 0.001985130 0.999981463 -0.005740757 -1.715178370 -0.053009626 0.005837934 0.998577833 107.612014771
0.998785198 -0.000261605 0.049277846 0.422929764 0.000567196 0.999980569 -0.006187472 -1.741025329 -0.049275290 0.006207915 0.998766780 108.827407837
0.998971403 -0.000148571 0.045348387 0.472179890 0.000411486 0.999983072 -0.005788341 -1.766829014 -0.045346767 0.005801055 0.998955369 110.046913147
0.999143779 0.000369847 0.041375518 0.515684605 -0.000172827 0.999988616 -0.004765196 -1.792973161 -0.041376811 0.004753971 0.999133289 111.267547607
0.999309242 0.000693312 0.037160747 0.554900408 -0.000549830 0.999992192 -0.003871156 -1.820252776 -0.037163153 0.003848055 0.999302745 112.490341187
0.999464810 0.000706474 0.032708209 0.588212490 -0.000598605 0.999994218 -0.003307519 -1.845506191 -0.032710366 0.003286175 0.999460459 113.718353271
0.999606073 0.001364728 0.028037522 0.614478827 -0.001273433 0.999993742 -0.003273679 -1.869031072 -0.028041817 0.003236690 0.999602497 114.952476501
0.999732733 0.002062831 0.023034342 0.637653589 -0.001985635 0.999992192 -0.003373610 -1.892789245 -0.023041118 0.003326976 0.999729931 116.184959412
0.999832451 0.002511806 0.018140394 0.654325247 -0.002444483 0.999989867 -0.003732261 -1.916873097 -0.018149581 0.003687297 0.999829412 117.419342041
0.999902070 0.003602796 0.013534382 0.662845552 -0.003544430 0.999984205 -0.004333779 -1.942438126 -0.013549764 0.004285390 0.999899924 118.655242920
0.999933839 0.005558763 0.010073792 0.666777968 -0.005515365 0.999975145 -0.004330344 -1.967778921 -0.010097597 0.004274502 0.999940932 119.896995544
0.999939203 0.007551059 0.008045289 0.668223679 -0.007516991 0.999962449 -0.004256016 -1.993681431 -0.008077107 0.004195287 0.999959588 121.143486023
0.999938071 0.008689912 0.006967125 0.668606997 -0.008658594 0.999952018 -0.004512323 -2.020084858 -0.007005984 0.004451724 0.999966562 122.389656067
0.999923587 0.010802874 0.006023205 0.664397299 -0.010776902 0.999932289 -0.004327093 -2.045853376 -0.006069522 0.004261858 0.999973536 123.635513306
0.999913573 0.012084404 0.005196215 0.660135984 -0.012066275 0.999920785 -0.003504896 -2.071154118 -0.005238135 0.003441899 0.999981403 124.885650635
0.999918878 0.011920278 0.004512667 0.660254955 -0.011906413 0.999924064 -0.003086198 -2.097203016 -0.004549091 0.003032222 0.999986112 126.136421204
0.999869406 0.015746871 0.003688038 0.652649283 -0.015742723 0.999875128 -0.001149010 -2.118520737 -0.003705648 0.001090802 0.999993622 127.390876770
0.999854803 0.016755724 0.003145671 0.645814955 -0.016762128 0.999857187 0.002022638 -2.138382912 -0.003111307 -0.002075072 0.999994099 128.651916504
0.999873340 0.015686957 0.002731822 0.638014436 -0.015691403 0.999875307 0.001616909 -2.156934023 -0.002706092 -0.001659571 0.999996066 129.914108276
0.999873519 0.015734650 0.002351870 0.630130589 -0.015734719 0.999875903 0.000013607 -2.172790051 -0.002351338 -0.000050610 0.999998331 131.175048828
0.999915123 0.012941916 0.001618609 0.627859712 -0.012943543 0.999915540 0.001002563 -2.191334724 -0.001605470 -0.001023429 0.999999464 132.437774658
0.999941111 0.010846801 0.000771507 0.624891877 -0.010848961 0.999936819 0.002859817 -2.210018873 -0.000740410 -0.002868022 0.999996960 133.705429077
0.999972105 0.007474375 0.000528980 0.623515368 -0.007476775 0.999960840 0.004702047 -2.226267576 -0.000493785 -0.004705878 0.999990106 134.977691650
0.999984205 0.005641915 0.000198937 0.620606363 -0.005642964 0.999967277 0.005767931 -2.242762804 -0.000166359 -0.005768971 0.999984622 136.251724243
0.999998927 0.001528075 0.000460200 0.618860126 -0.001529858 0.999991059 0.003902907 -2.257148743 -0.000454203 -0.003903612 0.999993622 137.522567749
0.999999642 -0.000975037 0.000585728 0.617432237 0.000973336 0.999995112 0.002897202 -2.272606611 -0.000588521 -0.002896634 0.999996960 138.798660278
0.999997258 -0.002291619 0.000819458 0.615079880 0.002289503 0.999993861 0.002574292 -2.290030003 -0.000825324 -0.002572412 0.999997675 140.077026367
0.999996006 -0.002663695 0.001137060 0.614081264 0.002660315 0.999991894 0.002964637 -2.307702065 -0.001144920 -0.002961605 0.999996305 141.356689453
0.999996424 -0.002071459 0.001782708 0.610268593 0.002062731 0.999985754 0.004884137 -2.324089527 -0.001792772 -0.004880450 0.999987841 142.638702393
0.999997020 0.000238802 0.002516683 0.604803324 -0.000254978 0.999979079 0.006429848 -2.341264963 -0.002515069 -0.006430480 0.999977469 143.923736572
0.999995649 0.000204845 0.003057114 0.602164745 -0.000219248 0.999988675 0.004712414 -2.358314753 -0.003056087 -0.004713071 0.999985635 145.201416016
0.999993086 0.000988052 0.003681299 0.596221745 -0.000998307 0.999995351 0.002785532 -2.373983860 -0.003678504 -0.002789193 0.999990702 146.489395142
0.999990821 0.001017896 0.004244541 0.593004644 -0.001019342 0.999999166 0.000339070 -2.395045042 -0.004244167 -0.000343396 0.999992371 147.771713257
0.999989748 0.000011709 0.004606453 0.592968881 0.000005757 0.999992549 -0.003791260 -2.418874502 -0.004606438 0.003791250 0.999983668 149.052185059
0.999987364 0.000078041 0.005100261 0.591833711 -0.000040904 0.999973238 -0.007280751 -2.446723223 -0.005100669 0.007280458 0.999961913 150.328826904
0.999985993 -0.000114479 0.005346845 0.592134476 0.000158343 0.999966085 -0.008203669 -2.478233099 -0.005345700 0.008204408 0.999953568 151.606826782
0.999985933 -0.000326733 0.005360275 0.591884375 0.000369299 0.999968171 -0.007941632 -2.511323929 -0.005357487 0.007943506 0.999955535 152.882995605
0.999986172 0.000356947 0.005319107 0.590545297 -0.000317167 0.999971807 -0.007477224 -2.543165922 -0.005321602 0.007475441 0.999959409 154.161911011
0.999986053 0.001160431 0.005209755 0.589247584 -0.001126726 0.999978244 -0.006467416 -2.574717045 -0.005217122 0.006461463 0.999966979 155.437149048
0.999987185 0.001611140 0.004864598 0.588179350 -0.001582251 0.999980927 -0.005936085 -2.606055975 -0.004874045 0.005928318 0.999971986 156.705215454
0.999988794 0.001921883 0.004411490 0.586140096 -0.001893950 0.999978006 -0.006326741 -2.636278629 -0.004423528 0.006318321 0.999971867 157.978256226
0.999990642 0.002301955 0.003759184 0.583424985 -0.002279050 0.999978662 -0.006085292 -2.666136742 -0.003773086 0.006076674 0.999976039 159.250946045
0.999993742 0.001779500 0.003179804 0.580710530 -0.001763937 0.999986291 -0.004889787 -2.695771456 -0.003188436 0.004884153 0.999984622 160.526641846
0.999992788 0.002823899 0.002681830 0.574393690 -0.002811673 0.999985576 -0.004550446 -2.725248337 -0.002694615 0.004542878 0.999987662 161.801788330
0.999992311 0.003419494 0.002118494 0.568818867 -0.003407755 0.999978781 -0.005518420 -2.754254341 -0.002137291 0.005511164 0.999984205 163.073211670
0.999991834 0.003888255 0.001428214 0.562223315 -0.003878416 0.999969065 -0.006826064 -2.782837152 -0.001454683 0.006820477 0.999977291 164.343063354
0.999988794 0.004755296 0.000757026 0.555437386 -0.004750016 0.999965250 -0.006825394 -2.812308788 -0.000789427 0.006821730 0.999978065 165.612701416
0.999991059 0.004314166 0.000125308 0.548948348 -0.004313045 0.999959707 -0.007851864 -2.842852592 -0.000159147 0.007851264 0.999970734 166.886428833
0.999988437 0.004822489 -0.000616320 0.540714204 -0.004827781 0.999948561 -0.008902241 -2.874328613 0.000573389 0.008905126 0.999961734 168.158111572
0.999986589 0.005106303 -0.001230825 0.531710505 -0.005116768 0.999949276 -0.008658220 -2.905979633 0.001186583 0.008664412 0.999963284 169.431137085
0.999984086 0.005353978 -0.001964141 0.522936702 -0.005368278 0.999958575 -0.007351301 -2.938024044 0.001924734 0.007361740 0.999972463 170.705001831
0.999981821 0.005483668 -0.002616287 0.511710048 -0.005501971 0.999960124 -0.007042852 -2.968829632 0.002577596 0.007057132 0.999973118 171.977203369
0.999977350 0.005959048 -0.003238114 0.499408782 -0.005980798 0.999959350 -0.006751013 -2.998901367 0.003197787 0.006770238 0.999973297 173.249496460
0.999971211 0.006538108 -0.003925123 0.487254918 -0.006563376 0.999957621 -0.006461031 -3.029753208 0.003882749 0.006486618 0.999972761 174.519699097
0.999965966 0.006987434 -0.004451704 0.473122537 -0.007020453 0.999947727 -0.007446667 -3.058980227 0.004399473 0.007477679 0.999963701 175.791076660
0.999955714 0.008033540 -0.004976897 0.458914876 -0.008072828 0.999936104 -0.007926096 -3.090150595 0.004912940 0.007965936 0.999957621 177.063949585
0.999953151 0.008116370 -0.005341608 0.445806742 -0.008156588 0.999938250 -0.007552155 -3.122435093 0.005280017 0.007595383 0.999958575 178.336181641
0.999952614 0.008051294 -0.005529633 0.430795431 -0.008099387 0.999929130 -0.008731826 -3.155008078 0.005458974 0.008776213 0.999947965 179.606307983
0.999962211 0.006678872 -0.005618691 0.418610096 -0.006736831 0.999923706 -0.010361299 -3.188024998 0.005549095 0.010398774 0.999931931 180.877685547
0.999977112 0.003709412 -0.005713840 0.407048106 -0.003768261 0.999939740 -0.010323957 -3.222165585 0.005675236 0.010345267 0.999931812 182.148925781
0.999973655 0.004022196 -0.006102493 0.394366384 -0.004062751 0.999969840 -0.006648215 -3.254459381 0.006075601 0.006672842 0.999960721 183.418823242
0.999976575 0.003181305 -0.006129062 0.382107615 -0.003196049 0.999992251 -0.002397692 -3.285408735 0.006121419 0.002417231 0.999979794 184.688064575
0.999971509 0.004388778 -0.006193453 0.366912365 -0.004407698 0.999985874 -0.003044862 -3.312285900 0.006180034 0.003072080 0.999977708 185.949493408
0.999963999 0.005996884 -0.006062340 0.350129724 -0.006034665 0.999962568 -0.006233536 -3.338990688 0.006024764 0.006269906 0.999963582 187.205169678
0.999960780 0.006280484 -0.006311498 0.334304094 -0.006332206 0.999946415 -0.008209007 -3.368931770 0.006259637 0.008248663 0.999947906 188.459487915
0.999961138 0.006038114 -0.006479514 0.321337461 -0.006089653 0.999949872 -0.007964486 -3.401818752 0.006431133 0.008003646 0.999948740 189.713623047
0.999962866 0.005804192 -0.006433158 0.308104038 -0.005848404 0.999959409 -0.006875690 -3.434066296 0.006393022 0.006913068 0.999957204 190.965240479
0.999963582 0.005927038 -0.006193334 0.293279529 -0.005956573 0.999971092 -0.004761638 -3.465246677 0.006164966 0.004798363 0.999970973 192.214706421
0.999971867 0.005216265 -0.005448503 0.280382037 -0.005237839 0.999978721 -0.003953603 -3.495128393 0.005427796 0.003982037 0.999978900 193.461593628
0.999978781 0.005243105 -0.003950589 0.266826868 -0.005261197 0.999975920 -0.004583771 -3.524675369 0.003926492 0.004604467 0.999983251 194.701187134
0.999988079 0.004254963 -0.002476562 0.256742209 -0.004270169 0.999972045 -0.006169456 -3.553061008 0.002450270 0.006179970 0.999979496 195.940002441
0.999991357 0.004024533 -0.001196673 0.248326823 -0.004033621 0.999962449 -0.007695649 -3.584476471 0.001165684 0.007700424 0.999971211 197.172729492
0.999994695 0.003320560 0.000301436 0.241754293 -0.003317931 0.999960124 -0.008323641 -3.616935730 -0.000329038 0.008322611 0.999966860 198.401535034
0.999992192 0.003607602 0.001745529 0.234959260 -0.003594219 0.999964893 -0.007606712 -3.649815083 -0.001772886 0.007600394 0.999971151 199.627212524
0.999990523 0.003091080 0.003143545 0.232175112 -0.003072983 0.999979079 -0.005743989 -3.682041407 -0.003161211 0.005734287 0.999980152 200.846893311
0.999983072 0.004036353 0.004262839 0.231248677 -0.004013367 0.999977767 -0.005385814 -3.713610172 -0.004284461 0.005368626 0.999977946 202.060623169
0.999978840 0.003735492 0.005377627 0.232169509 -0.003706513 0.999978960 -0.005387710 -3.742573977 -0.005397619 0.005367677 0.999972582 203.270629883
0.999971032 0.004061362 0.006463990 0.232916713 -0.004026804 0.999977946 -0.005349288 -3.771230698 -0.006485554 0.005323116 0.999966383 204.473312378
0.999964058 0.003960788 0.007526428 0.236595988 -0.003922606 0.999979734 -0.005080427 -3.801975012 -0.007546379 0.005050732 0.999960363 205.667068481
0.999955356 0.004287717 0.008452677 0.238052130 -0.004243594 0.999977648 -0.005230451 -3.830502033 -0.008474898 0.005194360 0.999952197 206.858200073
0.999947011 0.004184930 0.009425342 0.240581512 -0.004136911 0.999978781 -0.005107631 -3.860387325 -0.009446502 0.005068382 0.999944329 208.039474487
0.999944210 0.003138181 0.010104462 0.245776296 -0.003087066 0.999982774 -0.005069581 -3.890908241 -0.010120183 0.005038120 0.999937892 209.202697754
0.999942362 0.003012342 0.010324211 0.251168847 -0.002967767 0.999986708 -0.004329392 -3.919530392 -0.010337102 0.004298516 0.999939144 210.354553223
0.999946415 0.002598907 0.010037532 0.256160140 -0.002565915 0.999991655 -0.003297713 -3.949009418 -0.010046007 0.003271793 0.999945998 211.490524292
0.999951422 0.002834348 0.009471278 0.259151578 -0.002803041 0.999991059 -0.003316421 -3.978453636 -0.009480581 0.003289723 0.999951482 212.609741211
0.999954283 0.003140141 0.009056922 0.262416959 -0.003101125 0.999986291 -0.004317875 -4.006636143 -0.009070344 0.004289604 0.999951482 213.711669922
0.999957263 0.003325570 0.008647951 0.264479995 -0.003281574 0.999982059 -0.005095807 -4.035195351 -0.008664729 0.005067224 0.999951482 214.800552368
0.999962926 0.003192703 0.008025568 0.266629577 -0.003151152 0.999981999 -0.005183640 -4.063748837 -0.008041961 0.005158172 0.999956191 215.876419067
0.999973297 0.002788305 0.006781011 0.268642664 -0.002753108 0.999983132 -0.005193051 -4.092723846 -0.006795362 0.005174256 0.999965310 216.937728882
0.999983907 0.002285734 0.005236760 0.268027842 -0.002262558 0.999988019 -0.004425614 -4.120206833 -0.005246798 0.004413708 0.999978304 217.989074707
0.999994218 0.001224298 0.003224449 0.267552495 -0.001215474 0.999995887 -0.002734890 -4.146795273 -0.003227772 0.002730965 0.999992847 219.029815674
0.999998391 0.001544317 0.001035011 0.263578892 -0.001543232 0.999998689 -0.001040470 -4.172219753 -0.001036601 0.001038880 1.000000715 220.057098389
0.999997735 0.001823497 -0.001176118 0.253651619 -0.001824577 0.999998271 -0.000924744 -4.197834492 0.001174448 0.000926896 1.000000715 221.065368652
0.999990821 0.002125608 -0.003752165 0.243490338 -0.002131082 0.999997079 -0.001457596 -4.219467640 0.003749077 0.001465588 0.999993682 222.055465698
0.999976575 0.002320673 -0.006453258 0.230299115 -0.002329277 0.999996841 -0.001327213 -4.241428852 0.006450181 0.001342222 0.999980092 223.025680542
0.999952495 0.002800476 -0.009337844 0.215621471 -0.002807541 0.999996245 -0.000744395 -4.266266823 0.009335752 0.000770584 0.999957919 223.973312378
0.999920666 0.003127535 -0.012201592 0.197499275 -0.003139368 0.999995053 -0.000951366 -4.290574551 0.012198590 0.000989604 0.999926925 224.897918701
0.999878645 0.003111321 -0.015270086 0.177556276 -0.003134299 0.999994397 -0.001481568 -4.312544823 0.015265429 0.001529259 0.999884129 225.798461914
0.999826014 0.003156183 -0.018388797 0.154032230 -0.003196309 0.999993026 -0.002153568 -4.333293915 0.018381907 0.002211980 0.999830425 226.675415039
0.999762475 0.004244431 -0.021381414 0.127468109 -0.004296698 0.999988258 -0.002399486 -4.355074883 0.021371022 0.002490796 0.999770284 227.532363892
0.999696136 0.004515156 -0.024228588 0.099252701 -0.004592656 0.999984860 -0.003144371 -4.376480103 0.024214076 0.003254701 0.999703467 228.370223999
0.999629855 0.006340442 -0.026449118 0.068152428 -0.006427861 0.999974430 -0.003221746 -4.397055149 0.026428072 0.003390577 0.999646962 229.186370850
0.999608636 0.007126449 -0.027045809 0.038714409 -0.007205743 0.999970317 -0.002835794 -4.416001320 0.027024854 0.003029581 0.999632180 229.983764648
0.999617219 0.007109865 -0.026729731 0.012214661 -0.007163737 0.999972880 -0.001920478 -4.436026573 0.026715405 0.002111237 0.999642909 230.763031006
0.999627054 0.007164743 -0.026346669 -0.012035370 -0.007197618 0.999973774 -0.001153415 -4.456214428 0.026337767 0.001342626 0.999654174 231.523483276
0.999637961 0.006982188 -0.025975857 -0.036155701 -0.007024987 0.999974489 -0.001557011 -4.476068020 0.025964379 0.001738937 0.999663353 232.265380859
0.999643743 0.007527131 -0.025598092 -0.061042786 -0.007618213 0.999965370 -0.003462770 -4.494491100 0.025571190 0.003656561 0.999668300 232.997894287
0.999665439 0.007610381 -0.024709733 -0.084074020 -0.007751580 0.999954462 -0.005623796 -4.512294292 0.024665860 0.005813471 0.999680877 233.725891113
0.999695420 0.007779518 -0.023409035 -0.106439590 -0.007945267 0.999944270 -0.006996163 -4.530155182 0.023353355 0.007180043 0.999703467 234.454879761
0.999721825 0.008298491 -0.022062896 -0.125364780 -0.008466983 0.999935985 -0.007554733 -4.548604012 0.021998836 0.007739460 0.999729991 235.183731079
0.999763012 0.007686589 -0.020346183 -0.141868591 -0.007848470 0.999938428 -0.007888794 -4.565859795 0.020284334 0.008046634 0.999763846 235.906143188
0.999799788 0.007455973 -0.018544279 -0.156621933 -0.007604590 0.999939799 -0.007956835 -4.584799767 0.018483875 0.008096286 0.999798357 236.626205444
0.999834239 0.007475229 -0.016577916 -0.170857668 -0.007611915 0.999937713 -0.008197496 -4.604016304 0.016515642 0.008322350 0.999831021 237.339935303
0.999869227 0.007207252 -0.014451785 -0.183283806 -0.007330511 0.999937415 -0.008494577 -4.624554634 0.014389691 0.008599427 0.999861479 238.050003052
0.999905229 0.007261982 -0.011658762 -0.192508936 -0.007356859 0.999940276 -0.008116168 -4.643587112 0.011599152 0.008201191 0.999901116 238.756835938
0.999943495 0.006204824 -0.008575173 -0.198368788 -0.006268966 0.999952674 -0.007474209 -4.662469387 0.008528410 0.007527565 0.999937236 239.458175659
0.999969780 0.005185755 -0.005714441 -0.202192068 -0.005226694 0.999960899 -0.007174141 -4.682566643 0.005677028 0.007203813 0.999959946 240.155731201
0.999984324 0.004832362 -0.002676995 -0.204987794 -0.004851263 0.999963224 -0.007101709 -4.702328205 0.002642585 0.007114605 0.999973238 240.854110718
0.999989271 0.004521505 0.000365764 -0.207032114 -0.004518626 0.999961853 -0.007504487 -4.720726013 -0.000399675 0.007502775 0.999973774 241.546707153
0.999983966 0.004342249 0.003505263 -0.208095372 -0.004314733 0.999960363 -0.007817651 -4.738010883 -0.003539074 0.007802423 0.999965310 242.237197876
0.999965250 0.005218329 0.006430342 -0.206803203 -0.005161548 0.999948025 -0.008814412 -4.754885674 -0.006476018 0.008780939 0.999942601 242.928375244
0.999940991 0.005225110 0.009472901 -0.203091621 -0.005136021 0.999942780 -0.009403966 -4.773230553 -0.009521517 0.009354784 0.999913037 243.624145508
0.999909282 0.005402850 0.012301968 -0.197050810 -0.005297800 0.999949634 -0.008555375 -4.790425301 -0.012347598 0.008489450 0.999889791 244.323715210
0.999874711 0.005540066 0.014795395 -0.188897133 -0.005421784 0.999953389 -0.008022226 -4.808415413 -0.014839180 0.007941028 0.999860466 245.024261475
0.999841392 0.005200837 0.017003180 -0.177779675 -0.005063046 0.999954283 -0.008136473 -4.827650547 -0.017044758 0.008049118 0.999824345 245.727294922
0.999804437 0.005090677 0.019084930 -0.165308475 -0.004905488 0.999940813 -0.009737356 -4.846476078 -0.019133411 0.009641859 0.999772489 246.431381226
0.999774516 0.005264309 0.020546183 -0.151593208 -0.005016392 0.999914467 -0.012098937 -4.864708900 -0.020608166 0.011993176 0.999717712 247.138412476
0.999761522 0.004041066 0.021439701 -0.137325764 -0.003747471 0.999899149 -0.013716165 -4.882966042 -0.021493018 0.013632587 0.999678016 247.850799561
0.999761105 0.004183945 0.021431260 -0.123651028 -0.003880346 0.999891996 -0.014187917 -4.902437687 -0.021488357 0.014101405 0.999671698 248.568862915
0.999759316 0.003158770 0.021684796 -0.110370636 -0.002839441 0.999887586 -0.014740592 -4.924263954 -0.021728970 0.014675515 0.999658227 249.296005249
0.999758720 0.003796403 0.021606445 -0.097400665 -0.003475967 0.999883890 -0.014848504 -4.947251320 -0.021660360 0.014769860 0.999658406 250.035659790
0.999752223 0.004306794 0.021810474 -0.086344242 -0.003975005 0.999876201 -0.015232640 -4.968971729 -0.021873431 0.015142211 0.999648154 250.779235840
0.999749839 0.003527248 0.022057571 -0.072827339 -0.003148442 0.999847591 -0.017184341 -4.991824150 -0.022114873 0.017110642 0.999611080 251.526611328
0.999750614 -0.000493136 0.022297114 -0.051911354 0.000922535 0.999814451 -0.019251356 -5.017018318 -0.022283537 0.019267177 0.999568045 252.281906128
0.999733686 -0.003813513 0.022730948 -0.030552864 0.004271032 0.999788821 -0.020112518 -5.039604664 -0.022649501 0.020204302 0.999541402 253.045852661
0.999729455 -0.001386925 0.023189060 -0.017643929 0.001763616 0.999866903 -0.016231222 -5.059395790 -0.023163522 0.016267775 0.999601424 253.820938110
0.999713004 0.002731649 0.023771748 -0.008692741 -0.002488680 0.999944568 -0.010244159 -5.080288410 -0.023798469 0.010182088 0.999667048 254.602615356
0.999698460 0.001733317 0.024464440 0.010118484 -0.001568853 0.999976218 -0.006739755 -5.102989197 -0.024475601 0.006699363 0.999680102 255.396255493
0.999644160 0.000804075 0.026637515 0.032721519 -0.000565132 0.999959767 -0.008976091 -5.122038364 -0.026643723 0.008957868 0.999606967 256.185699463
0.999527931 0.002063862 0.030632198 0.052621365 -0.001599859 0.999883890 -0.015164011 -5.139045715 -0.030660015 0.015107886 0.999417782 256.985260010
0.999400139 0.004132906 0.034361143 0.075086594 -0.003489522 0.999818206 -0.018762836 -5.160015583 -0.034432527 0.018631734 0.999235511 257.790771484
0.999292731 0.005444514 0.037185721 0.104582787 -0.004755050 0.999815941 -0.018604234 -5.183106422 -0.037280254 0.018414309 0.999137342 258.608886719
0.999172390 0.003837341 0.040475190 0.136724472 -0.003173185 0.999859750 -0.016460259 -5.208142757 -0.040532775 0.016318249 0.999047160 259.438507080
0.999061167 0.000693242 0.043298226 0.175265312 -0.000117217 0.999911666 -0.013304519 -5.233036995 -0.043303736 0.013286990 0.998975813 260.276214600
0.998933613 -0.001902973 0.046115048 0.214351654 0.002445227 0.999928713 -0.011704835 -5.257098198 -0.046089608 0.011805145 0.998869777 261.120849609
0.998780608 -0.001679035 0.049325317 0.252849579 0.002234170 0.999935031 -0.011201319 -5.283337593 -0.049303427 0.011297893 0.998722136 261.956146240
0.998653650 0.000437720 0.051859245 0.290345192 0.000250252 0.999912262 -0.013258672 -5.309571743 -0.051860623 0.013253834 0.998568654 262.793914795
0.998534679 0.001150868 0.054090716 0.333400726 -0.000312036 0.999879837 -0.015513550 -5.334049225 -0.054102212 0.015473981 0.998417795 263.631317139
0.998397231 0.001620037 0.056558251 0.379163742 -0.000737571 0.999877930 -0.015619950 -5.357963085 -0.056576796 0.015553243 0.998279393 264.470794678
0.998227715 0.002539504 0.059441991 0.424580574 -0.001730078 0.999905348 -0.013664392 -5.383322716 -0.059471212 0.013537373 0.998140514 265.313018799
0.998037040 0.004012856 0.062487576 0.471752167 -0.003266804 0.999922395 -0.012036649 -5.410935402 -0.062531173 0.011808918 0.997975469 266.153930664
0.997858107 0.004492558 0.065251410 0.522809982 -0.003708896 0.999919713 -0.012125949 -5.436667442 -0.065300807 0.011857994 0.997797430 266.992797852
0.997683644 0.004493641 0.067866854 0.576501846 -0.003642379 0.999913454 -0.012661526 -5.460723877 -0.067918040 0.012385032 0.997616291 267.836120605
0.997525096 0.002774206 0.070248023 0.638183594 -0.001855180 0.999912083 -0.013144314 -5.484381676 -0.070278496 0.012981492 0.997445285 268.678985596
0.997413874 -0.000457788 0.071862049 0.703260422 0.001357525 0.999921501 -0.012471800 -5.508918762 -0.071850881 0.012537131 0.997338891 269.522094727
0.997359991 -0.001495978 0.072591998 0.764659882 0.002416797 0.999917924 -0.012598502 -5.533531189 -0.072567366 0.012740711 0.997284412 270.366729736
0.997313023 -0.002344093 0.073213339 0.824476242 0.003273267 0.999915779 -0.012573720 -5.558905125 -0.073177874 0.012779608 0.997239351 271.217590332
0.997283638 -0.002483703 0.073607408 0.884811401 0.003415767 0.999915719 -0.012539255 -5.582956314 -0.073570251 0.012756646 0.997210801 272.072875977
0.997301400 -0.002329397 0.073370613 0.946582794 0.003224597 0.999921978 -0.012084785 -5.606488228 -0.073336914 0.012288793 0.997233868 272.923431396
0.997340977 -0.001998677 0.072841868 1.005722046 0.002851924 0.999928653 -0.011611374 -5.632622719 -0.072813645 0.011788262 0.997278273 273.777862549
0.997440279 -0.002502855 0.071454510 1.067230225 0.003400309 0.999917030 -0.012440716 -5.658726692 -0.071417585 0.012651859 0.997368634 274.633575439
0.997559130 -0.002456769 0.069777608 1.124332428 0.003397557 0.999905169 -0.013366978 -5.684495926 -0.069738269 0.013571447 0.997475505 275.490081787
0.997683942 -0.001664100 0.067993477 1.182039261 0.002628640 0.999897420 -0.014098568 -5.710122108 -0.067963161 0.014244670 0.997588634 276.346679688
0.997822404 -0.000770197 0.065947898 1.239330292 0.001717627 0.999896348 -0.014310652 -5.739324093 -0.065930150 0.014392788 0.997722924 277.196868896
0.997948349 0.000394691 0.064016320 1.290838242 0.000531291 0.999895751 -0.014446919 -5.769043446 -0.064015456 0.014451313 0.997846723 278.049194336
0.998086274 0.000778053 0.061825387 1.339072227 0.000082663 0.999903440 -0.013917766 -5.796254635 -0.061830357 0.013896263 0.997992456 278.904144287
0.998266757 0.000314818 0.058845092 1.386533737 0.000418536 0.999922633 -0.012449500 -5.823066711 -0.058844559 0.012452569 0.998191893 279.753845215
0.998519599 -0.001252600 0.054371770 1.433061600 0.001802713 0.999947965 -0.010069510 -5.849187851 -0.054356415 0.010152632 0.998472512 280.595642090
0.998782516 -0.002504340 0.049259290 1.474514008 0.002912716 0.999962211 -0.008220031 -5.876771450 -0.049236923 0.008353509 0.998754680 281.431610107
0.999013066 -0.003071383 0.044302225 1.509218216 0.003372711 0.999971926 -0.006728185 -5.902560234 -0.044280387 0.006870968 0.998997986 282.267272949
0.999221563 -0.003563724 0.039279982 1.540208817 0.003801772 0.999975204 -0.005986921 -5.924974918 -0.039257709 0.006131597 0.999212980 283.089752197
0.999405265 -0.004365417 0.034198917 1.567964554 0.004556219 0.999974847 -0.005502820 -5.947569370 -0.034174070 0.005655367 0.999402523 283.902801514
0.999556899 -0.005250666 0.029295500 1.589474201 0.005404891 0.999972284 -0.005187212 -5.969168186 -0.029267473 0.005343253 0.999559999 284.705718994
0.999668419 -0.005618480 0.025117671 1.606350899 0.005759768 0.999968350 -0.005555629 -5.989727497 -0.025085673 0.005698461 0.999671638 285.496032715
0.999767482 -0.005217016 0.020912910 1.620635509 0.005337101 0.999969959 -0.005689723 -6.010855198 -0.020882597 0.005800016 0.999767661 286.266479492
0.999847054 -0.005287246 0.016655091 1.633612394 0.005382617 0.999969721 -0.005685668 -6.031990051 -0.016624514 0.005774448 0.999847651 287.020446777
