1.000000000 0.000000000 0.000000000 0.000000000 0.000000000 1.000000000 0.000000000 0.000000000 0.000000000 0.000000000 1.000000000 0.000000000
0.999979317 0.000545705 -0.006404266 -0.009295600 -0.000543968 0.999999821 0.000272876 -0.000589927 0.006404414 -0.000269386 0.999979436 0.093464002
0.999909580 0.001153014 -0.013395492 -0.019467864 -0.001150583 0.999999344 0.000189148 -0.001422215 0.013395701 -0.000173719 0.999910235 0.189125732
0.999780834 0.001510814 -0.020879796 -0.031917851 -0.001522617 0.999998689 -0.000549399 -0.001902387 0.020878939 0.000581070 0.999781847 0.288125366
0.999546230 0.002126671 -0.030047137 -0.046417687 -0.002186504 0.999995708 -0.001958607 -0.002313947 0.030042844 0.002023417 0.999546587 0.392636567
0.999136925 0.002311599 -0.041474264 -0.064584091 -0.002461191 0.999990642 -0.003556164 -0.002507252 0.041465659 0.003655171 0.999133289 0.507614791
0.998486400 0.002253061 -0.054953758 -0.087012559 -0.002504075 0.999986708 -0.004499301 -0.002785745 0.054942895 0.004630099 0.998478830 0.634948194
0.997458816 0.002312256 -0.071208119 -0.114188939 -0.002642884 0.999986112 -0.004549259 -0.002864811 0.071196616 0.004725893 0.997451186 0.774753213
0.995964646 0.000868347 -0.089742109 -0.145926982 -0.001283458 0.999988675 -0.004567994 -0.004216742 0.089737132 0.004664741 0.995954633 0.926195204
0.993970156 -0.000222779 -0.109650575 -0.182812825 -0.000297699 0.999988675 -0.004730298 -0.006394414 0.109650403 0.004734418 0.993959010 1.088391423
0.991265416 -0.000285560 -0.131881014 -0.228914946 -0.000393949 0.999986529 -0.005126315 -0.009260572 0.131880775 0.005133493 0.991252482 1.257745266
0.987754583 0.003382291 -0.155978113 -0.286026627 -0.004457702 0.999968469 -0.006545347 -0.013173772 0.155951142 0.007160503 0.987739086 1.430378318
0.983368695 0.007678579 -0.181457609 -0.351231545 -0.009306527 0.999923468 -0.008121762 -0.017439235 0.181381464 0.009675432 0.983365417 1.609098077
0.977947056 0.010568003 -0.208584830 -0.421143591 -0.012737533 0.999877572 -0.009060700 -0.022468401 0.208463699 0.011517746 0.977962494 1.794549942
0.971172512 0.011403242 -0.238104463 -0.494618177 -0.013991240 0.999859691 -0.009181950 -0.026222575 0.237966478 0.012248641 0.971196353 1.983163238
0.963070154 0.013449548 -0.268914104 -0.580401123 -0.016371273 0.999828577 -0.008625215 -0.029010678 0.268752158 0.012709161 0.963125765 2.176090240
0.953599334 0.015373480 -0.300685465 -0.677930653 -0.018507201 0.999799848 -0.007576196 -0.030609844 0.300509006 0.012789510 0.953693449 2.372370481
0.942245185 0.017453246 -0.334468544 -0.778755546 -0.020816723 0.999762118 -0.006474050 -0.031213386 0.334276259 0.013062690 0.942384899 2.566638947
0.929683268 0.019791368 -0.367827654 -0.889232278 -0.023661021 0.999701738 -0.006013120 -0.032669622 0.367599130 0.014293483 0.929874718 2.755809546
0.915666938 0.022531180 -0.401305676 -1.005945444 -0.026911596 0.999623656 -0.005281150 -0.033724777 0.401035845 0.015635559 0.915929139 2.940561533
0.899454296 0.023129649 -0.436402142 -1.129153252 -0.027940463 0.999598801 -0.004607666 -0.033037577 0.436120719 0.016337678 0.899740160 3.126924515
0.880798638 0.018673301 -0.473122448 -1.255273819 -0.024004471 0.999697983 -0.005232134 -0.033736032 0.472882062 0.015965525 0.880981326 3.312767744
0.859344482 0.013853044 -0.511209488 -1.392836332 -0.019424845 0.999795675 -0.005560175 -0.036975686 0.511028230 0.014708280 0.859438360 3.497211218
0.834063053 0.015682319 -0.551446021 -1.550575614 -0.020193275 0.999793708 -0.002109683 -0.044499703 0.551299453 0.012895121 0.834208071 3.673995733
0.804764986 0.021736147 -0.593195498 -1.732539773 -0.025483625 0.999673009 0.002057864 -0.052214034 0.593046427 0.013460686 0.805055976 3.842311621
0.771740675 0.024925629 -0.635448635 -1.925813198 -0.028842792 0.999575078 0.004179538 -0.056666575 0.635283053 0.015102605 0.772132099 4.009077072
0.735214353 0.024488624 -0.677392185 -2.129127741 -0.028463731 0.999580920 0.005242793 -0.060589876 0.677237034 0.015426546 0.735603392 4.172872066
0.694799364 0.020464556 -0.718912482 -2.345908880 -0.022683812 0.999721169 0.006535089 -0.059845630 0.718846023 0.011767112 0.695070148 4.341722488
0.651519835 0.016993487 -0.758441329 -2.582296848 -0.017685188 0.999817371 0.007209712 -0.058070358 0.758425593 0.008715919 0.651701689 4.501851082
0.606190205 0.016635599 -0.795145631 -2.842051983 -0.015290109 0.999840021 0.009261478 -0.056055047 0.795172811 0.006543659 0.606347859 4.650349617
0.557575464 0.017406099 -0.829943717 -3.121830463 -0.013151152 0.999839723 0.012134016 -0.052021101 0.830022335 0.004149105 0.557715178 4.788744926
0.506360471 0.018255558 -0.862128735 -3.420048237 -0.011976207 0.999828100 0.014137274 -0.047526412 0.862239003 0.003166494 0.506492198 4.909988880
0.453245789 0.019754430 -0.891166747 -3.738952398 -0.011285458 0.999801338 0.016422765 -0.040980324 0.891314387 0.002613693 0.453378677 5.018661499
0.398326308 0.021922044 -0.916981816 -4.076187134 -0.010273191 0.999758184 0.019438405 -0.034456424 0.917186499 0.001677519 0.398455292 5.115261555
0.342718005 0.024074057 -0.939130008 -4.429052353 -0.009507512 0.999709189 0.022157390 -0.031332567 0.939390481 0.001335070 0.342847288 5.194516182
0.287451625 0.027351685 -0.957404673 -4.799690723 -0.006578094 0.999624789 0.026582852 -0.032275066 0.957772851 -0.001343370 0.287523717 5.260462761
0.233275324 0.029573936 -0.971960962 -5.190388203 -0.001027421 0.999544203 0.030166633 -0.035372168 0.972410321 -0.006038505 0.233199388 5.324576378
0.182074249 0.030095115 -0.982824206 -5.585403442 0.002130089 0.999516964 0.031000879 -0.032345057 0.983282685 -0.007737951 0.181922257 5.364871025
0.134440243 0.031405732 -0.990423977 -5.996318340 0.000890990 0.999493241 0.031814262 -0.030569017 0.990921497 -0.005159562 0.134344131 5.379981518
0.091828436 0.031719524 -0.995269537 -6.431323051 -0.000760060 0.999494314 0.031784046 -0.019861877 0.995774865 -0.002162201 0.091805995 5.383424759
0.053776987 0.030216295 -0.998095691 -6.879808426 -0.001668643 0.999543548 0.030170200 -0.008248925 0.998551786 0.000043017 0.053802729 5.378042698
0.019272331 0.027552279 -0.999434590 -7.344606876 -0.000521372 0.999620497 0.027547335 0.000857204 0.999814391 -0.000009811 0.019279245 5.361837387
-0.012162175 0.024884988 -0.999616385 -7.822504044 0.000196029 0.999690413 0.024884429 0.007174611 0.999926269 0.000106708 -0.012163419 5.334184647
-0.038807351 0.023128565 -0.998979032 -8.315465927 -0.000050778 0.999732196 0.023147954 0.013026252 0.999246895 0.000949050 -0.038795933 5.295139790
-0.059591781 0.020765927 -0.998006821 -8.823271751 -0.000470456 0.999783039 0.020830955 0.023142293 0.998222888 0.001710885 -0.059569225 5.246490002
-0.075965732 0.019931590 -0.996911287 -9.348511696 0.000139225 0.999800563 0.019978732 0.035652518 0.997110665 0.001378916 -0.075953469 5.194872379
-0.089043304 0.020304572 -0.995820880 -9.889352798 0.001012044 0.999793768 0.020295069 0.044830352 0.996027470 0.000799339 -0.089045599 5.137710094
-0.098597825 0.021516882 -0.994894743 -10.449707031 -0.000330755 0.999765635 0.021654986 0.047365382 0.995127559 0.002464213 -0.098567732 5.070210934
-0.105312139 0.022896236 -0.994175613 -11.025778770 -0.002200299 0.999727309 0.023257149 0.050636068 0.994437039 0.004636757 -0.105233200 4.997440815
-0.109744877 0.023874085 -0.993673027 -11.615754128 -0.002044152 0.999704182 0.024244737 0.060024247 0.993957877 0.004691967 -0.109663770 4.925970078
-0.111206390 0.024503030 -0.993495226 -12.222496986 0.000267127 0.999697208 0.024626067 0.073575884 0.993797481 0.002473199 -0.111179344 4.858362198
-0.110331625 0.026710847 -0.993535876 -12.849612236 0.002476955 0.999643624 0.026599962 0.085525155 0.993892014 0.000473887 -0.110358551 4.792255402
-0.108885221 0.029180694 -0.993626058 -13.488298416 0.001800152 0.999573708 0.029158074 0.093955815 0.994052887 0.001386218 -0.108891435 4.721352100
-0.107228115 0.029116092 -0.993808150 -14.141239166 -0.000375171 0.999570251 0.029325372 0.103762001 0.994234622 0.003517365 -0.107171208 4.646543503
-0.105764739 0.026497118 -0.994038224 -14.805359840 -0.002080640 0.999637365 0.026867727 0.116433620 0.994389236 0.004909905 -0.105671339 4.574243546
-0.104532860 0.026348755 -0.994172454 -15.489713669 -0.002386798 0.999639928 0.026744604 0.132780939 0.994518816 0.005168590 -0.104432419 4.502374649
-0.102856137 0.028998915 -0.994273603 -16.193235397 -0.002050111 0.999567032 0.029365370 0.150619209 0.994694293 0.005058791 -0.102752253 4.430055618
-0.101064637 0.032505270 -0.994348824 -16.911226273 -0.002919061 0.999452651 0.032968786 0.165663719 0.994875729 0.006234556 -0.100914530 4.355974674
-0.099420324 0.034662098 -0.994441748 -17.643367767 -0.003377776 0.999375939 0.035171766 0.177180707 0.995039940 0.006855802 -0.099241301 4.282758713
-0.097563580 0.033977777 -0.994649231 -18.390718460 -0.005220018 0.999386311 0.034651600 0.195749164 0.995215714 0.008572833 -0.097326435 4.203172207
-0.095782526 0.030809553 -0.994925559 -19.147863388 -0.007574623 0.999469936 0.031679478 0.215587348 0.995373487 0.010570535 -0.095498443 4.122360229
-0.094200306 0.030152747 -0.995096743 -19.921766281 -0.008516531 0.999480844 0.031091794 0.233998805 0.995516896 0.011403636 -0.093894646 4.042865276
-0.092570551 0.032492269 -0.995176077 -20.706441879 -0.005848791 0.999433041 0.033175290 0.252052903 0.995689094 0.008891642 -0.092328086 3.970429897
-0.091310643 0.034637071 -0.995220065 -21.497966766 -0.003448798 0.999378502 0.035098206 0.267300904 0.995816588 0.006637167 -0.091134489 3.896660566
-0.089881137 0.036360975 -0.995288730 -22.298076630 -0.002504957 0.999322534 0.036734540 0.283367395 0.995949388 0.005794911 -0.089729227 3.820400715
-0.089126296 0.031783104 -0.995513380 -23.100362778 -0.002308171 0.999482095 0.032116435 0.296985328 0.996017754 0.005160249 -0.089006826 3.744624138
-0.088786080 0.024860302 -0.995740712 -23.912553787 -0.000788888 0.999686897 0.025029153 0.309283972 0.996050477 0.003007782 -0.088738739 3.670025349
-0.088879831 0.020363275 -0.995834470 -24.735202789 0.002282432 0.999793112 0.020240493 0.323753387 0.996039808 -0.000473936 -0.088907987 3.599036455
-0.089378402 0.021173429 -0.995772898 -25.569620132 0.003521806 0.999775052 0.020942399 0.336147457 0.995991528 -0.001635104 -0.089432918 3.522776604
-0.089317329 0.028611487 -0.995592356 -26.417142868 0.002988397 0.999591112 0.028458279 0.344521195 0.995998859 -0.000433389 -0.089366369 3.440698624
-0.089669533 0.035713065 -0.995331407 -27.266498566 0.001602900 0.999361336 0.035713222 0.359125853 0.995970309 0.001606990 -0.089669615 3.359631062
-0.090132788 0.041112538 -0.995081067 -28.119293213 -0.000329745 0.999146819 0.041310355 0.374695420 0.995929718 0.004051558 -0.090042435 3.278670311
-0.090422779 0.041421685 -0.995041907 -28.963592529 -0.001920581 0.999126077 0.041766196 0.391821146 0.995901644 0.005687691 -0.090264283 3.193894386
-0.090717785 0.037946489 -0.995153725 -29.801984787 -0.001961706 0.999265611 0.038282070 0.410018265 0.995874822 0.005425080 -0.090576790 3.112660170
-0.091090515 0.035192862 -0.995220840 -30.639713287 -0.002101481 0.999366879 0.035531778 0.430002689 0.995840549 0.005328062 -0.090958975 3.032627821
-0.091162652 0.036337577 -0.995173097 -31.482337952 -0.003583349 0.999316156 0.036817078 0.449421883 0.995829642 0.006922410 -0.090970166 2.948460102
-0.091066688 0.038568009 -0.995097935 -32.324005127 -0.004295738 0.999225795 0.039121084 0.466028452 0.995835662 0.007837322 -0.090830579 2.867107630
-0.090866707 0.036905747 -0.995179296 -33.162395477 -0.005218538 0.999282300 0.037534360 0.479829013 0.995849550 0.008604016 -0.090608977 2.783987999
-0.090326540 0.031606253 -0.995410740 -33.996364594 -0.006099044 0.999460518 0.032288238 0.497119009 0.995893657 0.008987552 -0.090085126 2.699607849
-0.090013534 0.027351702 -0.995565116 -34.830909729 -0.007414638 0.999577284 0.028132282 0.513504624 0.995913088 0.009914053 -0.089772761 2.615670919
-0.089351669 0.028029144 -0.995605826 -35.671455383 -0.006890215 0.999563158 0.028758865 0.526804686 0.995976448 0.009429605 -0.089119576 2.533857822
-0.088713214 0.030477703 -0.995590925 -36.510868073 -0.005774523 0.999499679 0.031111846 0.536958635 0.996040523 0.008509107 -0.088492915 2.456782818
-0.088289380 0.035443839 -0.995464206 -37.352207184 -0.005446617 0.999334991 0.036064669 0.549950957 0.996080101 0.008606053 -0.088037699 2.379714966
-0.087648101 0.041028827 -0.995306313 -38.195396423 -0.004525329 0.999125183 0.041584693 0.568402529 0.996141255 0.008148923 -0.087385833 2.303620815
-0.087713674 0.044220220 -0.995163918 -39.034297943 -0.004781746 0.998984516 0.044811390 0.586218119 0.996134341 0.008689208 -0.087413236 2.225577831
-0.087378934 0.044167101 -0.995195746 -39.871601105 -0.004356777 0.998990655 0.044717990 0.606848836 0.996165693 0.008243269 -0.087098397 2.149554014
-0.087223180 0.039934698 -0.995388150 -40.705173492 -0.004318127 0.999172091 0.040464837 0.626428246 0.996179461 0.007827699 -0.086978607 2.073001623
-0.086763948 0.035539486 -0.995594919 -41.534763336 -0.005268246 0.999333620 0.036132004 0.644865096 0.996215045 0.008380007 -0.086518981 1.994307280
-0.086649165 0.032783967 -0.995699525 -42.362804413 -0.009165337 0.999390423 0.033703033 0.660837412 0.996196806 0.012046271 -0.086295947 1.912023306
-0.087190457 0.030787656 -0.995715916 -43.194118500 -0.012222826 0.999414504 0.031972263 0.678029239 0.996116757 0.014958147 -0.086763173 1.829718351
-0.087891735 0.028954778 -0.995709300 -44.024356842 -0.009987644 0.999502122 0.029946642 0.686982632 0.996079981 0.012576859 -0.087558866 1.755757332
-0.089180455 0.025269704 -0.995695055 -44.849555969 -0.006489264 0.999642670 0.025951061 0.696672678 0.995994389 0.008775663 -0.088984698 1.685331821
-0.089865506 0.023724522 -0.995671511 -45.672885895 -0.002067327 0.999710083 0.024007296 0.709362209 0.995951831 0.004215815 -0.089790501 1.611941814
-0.091745101 0.027191656 -0.995411336 -46.498439789 -0.001715368 0.999621749 0.027464731 0.718351066 0.995781124 0.004227260 -0.091663845 1.534098148
-0.093358167 0.033482611 -0.995069563 -47.322822571 0.000762918 0.999437034 0.033557948 0.726408482 0.995632410 0.002373763 -0.093331240 1.456160069
-0.095315553 0.037149224 -0.994753897 -48.140113831 0.002642466 0.999309838 0.037066132 0.738293886 0.995443761 0.000904386 -0.095348015 1.379799366
-0.096847914 0.036231078 -0.994639695 -48.948711395 0.002695704 0.999343574 0.036139905 0.751126885 0.995295584 0.000818831 -0.096882083 1.300408363
-0.097886808 0.032348115 -0.994671941 -49.750308990 -0.000587053 0.999469995 0.032561895 0.761018038 0.995197415 0.003771315 -0.097816013 1.212043285
-0.099104352 0.028579233 -0.994666755 -50.548816681 -0.005240383 0.999559045 0.029241893 0.773918211 0.995063365 0.008110441 -0.098910965 1.121454239
-0.100401320 0.026937699 -0.994582534 -51.344959259 -0.009418149 0.999563396 0.028023312 0.785576403 0.994902551 0.012180707 -0.100103863 1.029983521
-0.101395190 0.028033474 -0.994451344 -52.139034271 -0.011028450 0.999510169 0.029300526 0.792964876 0.994785130 0.013938197 -0.101036429 0.940524101
-0.102364667 0.029445864 -0.994311213 -52.928413391 -0.010848748 0.999469638 0.030715482 0.802269042 0.994687855 0.013931218 -0.101990983 0.855754852
-0.103317790 0.028908823 -0.994228303 -53.711215973 -0.012828410 0.999455988 0.030393895 0.811131179 0.994565725 0.015894605 -0.102890797 0.767182827
-0.103847764 0.028653016 -0.994180560 -54.487243652 -0.013799932 0.999447644 0.030246269 0.819714367 0.994497538 0.016860636 -0.103395060 0.679094791
-0.104334593 0.030201891 -0.994083762 -55.262207031 -0.012289028 0.999423802 0.031653903 0.831444383 0.994466364 0.015518928 -0.103903390 0.593917847
-0.104621351 0.032927319 -0.993967056 -56.033214569 -0.011522119 0.999344885 0.034318220 0.843943357 0.994445443 0.015043030 -0.104173474 0.509946823
-0.104781292 0.037036177 -0.993805587 -56.802356720 -0.011692162 0.999191761 0.038469627 0.855939269 0.994426787 0.015650639 -0.104263626 0.423480988
-0.105427518 0.038996674 -0.993662179 -57.560317993 -0.011575787 0.999115348 0.040438842 0.869480848 0.994359732 0.015765797 -0.104882903 0.340015888
-0.106070198 0.038833890 -0.993600249 -58.318386078 -0.011117184 0.999128640 0.040236734 0.885441422 0.994296610 0.015313960 -0.105546117 0.255902767
-0.106483512 0.036805995 -0.993633211 -59.067188263 -0.010042981 0.999224246 0.038089328 0.900998831 0.994263828 0.014034932 -0.106031321 0.175903320
-0.106647082 0.033197451 -0.993742585 -59.803287506 -0.009457569 0.999363899 0.034400158 0.914484620 0.994252145 0.013067069 -0.106265292 0.092829227
-0.106261946 0.030339900 -0.993875206 -60.531040192 -0.009624399 0.999456644 0.031539243 0.925525248 0.994291723 0.012916877 -0.105912238 0.008058548
-0.104982913 0.027942387 -0.994081378 -61.241897583 -0.010113792 0.999523938 0.029163415 0.935026288 0.994422853 0.013115596 -0.104650334 -0.072621822
-0.102467000 0.027144490 -0.994365990 -61.941368103 -0.012526600 0.999513507 0.028575800 0.941523135 0.994657695 0.015384104 -0.102077156 -0.154250145
-0.098199211 0.028014155 -0.994772434 -62.625610352 -0.012803018 0.999485791 0.029410696 0.947624445 0.995084643 0.015624198 -0.097790077 -0.227834702
-0.092147991 0.029526051 -0.995307505 -63.294052124 -0.012028714 0.999454856 0.030762682 0.954970956 0.995672882 0.014806991 -0.091742612 -0.292915344
-0.084578209 0.030986302 -0.995934963 -63.952095032 -0.011238000 0.999423563 0.032049157 0.961837053 0.996353686 0.013902981 -0.084181257 -0.353328705
-0.075567305 0.032357622 -0.996615529 -64.591926575 -0.012347064 0.999366879 0.033383097 0.967504144 0.997064352 0.014827950 -0.075119957 -0.406836987
-0.063389532 0.033999819 -0.997409642 -65.217063904 -0.014637421 0.999280870 0.034993816 0.974191666 0.997881651 0.016817749 -0.062846296 -0.452232122
-0.048283633 0.035372093 -0.998207211 -65.824905396 -0.017700223 0.999185979 0.036262892 0.984172463 0.998677015 0.019419393 -0.047618262 -0.485059023
-0.029711301 0.036467329 -0.998893261 -66.412887573 -0.019326851 0.999126852 0.037050672 0.994377255 0.999371648 0.020406280 -0.028980598 -0.499100804
-0.007321099 0.037209772 -0.999280870 -66.981582642 -0.020153789 0.999099374 0.037350621 1.001309752 0.999770045 0.020412738 -0.006564636 -0.496446192
0.018409759 0.037539810 -0.999125719 -67.528198242 -0.019593965 0.999117017 0.037178393 1.007541299 0.999638557 0.018892387 0.019128993 -0.474562287
0.047915377 0.037091494 -0.998162806 -68.053619385 -0.018106095 0.999178767 0.036260050 1.015006065 0.998687327 0.016335413 0.048547518 -0.430273533
0.082385242 0.036996447 -0.995913863 -68.557952881 -0.016877333 0.999219537 0.035723053 1.023512840 0.996457636 0.013865313 0.082945243 -0.369933605
0.120285287 0.037255645 -0.992040336 -69.044540405 -0.016156014 0.999237120 0.035566952 1.031122923 0.992607951 0.011749236 0.120795310 -0.288456917
0.161456764 0.036778256 -0.986194491 -69.518203735 -0.016023401 0.999271750 0.034642596 1.039077759 0.986749828 0.010208908 0.161928341 -0.189309120
0.207017779 0.037574109 -0.977615654 -69.968017578 -0.015206562 0.999265552 0.035186052 1.045876384 0.978219092 0.007582035 0.207436934 -0.072399139
0.255844802 0.035959765 -0.966049075 -70.402748108 -0.012159702 0.999349058 0.033978932 1.051786780 0.966641486 0.003053543 0.256115317 0.067859650
0.306429088 0.030835602 -0.951394200 -70.817604065 -0.004705030 0.999512434 0.030879699 1.055937529 0.951881886 -0.004986092 0.306424528 0.236076355
0.357944548 0.025371294 -0.933398485 -71.214561462 0.000447557 0.999626517 0.027343072 1.059494257 0.933742940 -0.010205046 0.357799292 0.428531647
0.410492390 0.020300521 -0.911638439 -71.604011536 0.005544265 0.999678493 0.024757450 1.068190336 0.911847413 -0.015217097 0.410247564 0.642770767
0.462009370 0.019458210 -0.886661887 -71.987098694 0.005094209 0.999684989 0.024592932 1.079948664 0.886860669 -0.015878996 0.461764425 0.874052048
0.510535598 0.017868061 -0.859671295 -72.358467102 0.006804756 0.999669194 0.024819005 1.089721322 0.859830022 -0.018520828 0.510244727 1.128379822
0.556086421 0.013177523 -0.831020474 -72.712463379 0.014628844 0.999564588 0.025639148 1.098809481 0.830995977 -0.026414432 0.555651188 1.409347534
0.600502849 0.006221467 -0.799598813 -73.045227051 0.025271298 0.999322891 0.026754305 1.105089188 0.799223483 -0.036272909 0.599938691 1.711769104
0.643724024 0.000742665 -0.765257776 -73.368309021 0.026990077 0.999355733 0.023673482 1.111752510 0.764781892 -0.035893526 0.643288910 2.016265869
0.684946477 -0.004288986 -0.728581071 -73.666549683 0.024141148 0.999567568 0.016811077 1.117286682 0.728193581 -0.029103450 0.684753537 2.335014343
0.725766778 -0.011383761 -0.687847018 -73.955009460 0.020961404 0.999765098 0.005570963 1.124598265 0.687621772 -0.018461447 0.725834489 2.672920227
0.765335798 -0.014414605 -0.643470168 -74.238937378 0.016693421 0.999857843 -0.002543258 1.131221771 0.643415093 -0.008795261 0.765467167 3.041912079
0.802700698 -0.015944883 -0.596168876 -74.517089844 0.015788220 0.999860704 -0.005484132 1.136329055 0.596173465 -0.005010316 0.802840352 3.449535370
0.837091029 -0.017834090 -0.546772897 -74.783691406 0.016517008 0.999837220 -0.007324738 1.141198754 0.546814620 -0.002899564 0.837249160 3.888973236
0.867896318 -0.016889738 -0.496458173 -75.033782959 0.014028929 0.999856949 -0.009490597 1.142521977 0.496547610 0.001272090 0.868008971 4.352739334
0.893997371 -0.015819453 -0.447792828 -75.266189575 0.013728255 0.999874890 -0.007915416 1.137225032 0.447862178 0.000928961 0.894102514 4.847633362
0.915452480 -0.010026522 -0.402301192 -75.501411438 0.007915311 0.999945283 -0.006910001 1.136039019 0.402348578 0.003141453 0.915481448 5.370594025
0.932759166 -0.005847231 -0.360452712 -75.693832397 0.003044993 0.999961019 -0.008341672 1.132215977 0.360487521 0.006683210 0.932740390 5.893735886
0.946169913 -0.000997251 -0.323668748 -75.872306824 -0.001123500 0.999979556 -0.006365372 1.119947791 0.323668540 0.006386383 0.946149290 6.434123993
0.955953419 -0.000525667 -0.293517768 -76.029998779 -0.000740372 0.999991417 -0.004202270 1.109082937 0.293517590 0.004234503 0.955944598 6.999681473
0.963105619 -0.001280427 -0.269120097 -76.177085876 0.000635243 0.999997258 -0.002484527 1.098537564 0.269122809 0.002221923 0.963103652 7.585636139
0.968731642 -0.001175277 -0.248107582 -76.319419861 0.001159423 0.999999821 -0.000210086 1.091088295 0.248107910 -0.000084128 0.968732595 8.188327789
0.973206639 0.001215200 -0.229927704 -76.460044861 -0.000642398 0.999997377 0.002566011 1.085138083 0.229930267 -0.002349534 0.973204494 8.812656403
0.976701021 0.006068488 -0.214517355 -76.602844238 -0.005264566 0.999977708 0.004318676 1.079729199 0.214538813 -0.003088695 0.976710856 9.452354431
0.979523778 0.009807457 -0.201087892 -76.742225647 -0.008842922 0.999945521 0.005694304 1.074220896 0.201132804 -0.003799481 0.979556859 10.109315872
0.982118607 0.008389554 -0.188074380 -76.864250183 -0.007466968 0.999957204 0.005613385 1.069324970 0.188113481 -0.004108645 0.982138991 10.779652596
0.984639168 0.008392505 -0.174398139 -76.980773926 -0.007568301 0.999957681 0.005390495 1.065088034 0.174436063 -0.003987774 0.984660685 11.465329170
0.987095535 0.008797524 -0.159889236 -77.090568542 -0.007933028 0.999951124 0.006044340 1.064011335 0.159934685 -0.004697913 0.987116694 12.167445183
0.989259839 0.010201019 -0.145809352 -77.193641663 -0.009331430 0.999935269 0.006646599 1.061164618 0.145867780 -0.005214582 0.989290595 12.883488655
0.991038859 0.010251706 -0.133177966 -77.289527893 -0.009823878 0.999945164 0.003869136 1.054088235 0.133210361 -0.002526119 0.991084754 13.610173225
0.992452800 0.010741341 -0.122152589 -77.379913330 -0.010984750 0.999939620 -0.001319405 1.044998407 0.122131102 0.002651283 0.992510676 14.347416878
0.993605137 0.008669859 -0.112574987 -77.461479187 -0.009577150 0.999926746 -0.007521153 1.039666176 0.112501591 0.008551220 0.993614972 15.097393990
0.994484901 0.008435028 -0.104537666 -77.540657043 -0.009300015 0.999927282 -0.007789780 1.033305287 0.104464389 0.008719039 0.994490445 15.864790916
0.995146811 0.010235222 -0.097865604 -77.619552612 -0.010443958 0.999944925 -0.001620854 1.021998405 0.097843654 0.002635110 0.995198488 16.641885757
0.995579779 0.014536437 -0.092784889 -77.700202942 -0.013989653 0.999881506 0.006540765 1.009046197 0.092869036 -0.005213802 0.995664775 17.423002243
0.995958030 0.015134714 -0.088533789 -77.773612976 -0.014284947 0.999846518 0.010224013 0.999604344 0.088674985 -0.008917961 0.996020794 18.199550629
0.996272743 0.013862063 -0.085134834 -77.840232849 -0.013137764 0.999873459 0.009062065 0.994305730 0.085249744 -0.007909779 0.996328294 18.970769882
0.996532261 0.013511445 -0.082100131 -77.905136108 -0.012887364 0.999884784 0.008126657 0.988760293 0.082200527 -0.007040399 0.996590972 19.742927551
0.996794820 0.012052332 -0.079084590 -77.968864441 -0.011274985 0.999884546 0.010268496 0.983966589 0.079199269 -0.009343881 0.996815085 20.519086838
0.997009337 0.009895414 -0.076641910 -78.027717590 -0.008950364 0.999880493 0.012664389 0.979128957 0.076758131 -0.011940515 0.996978402 21.296056747
0.997265816 0.008194113 -0.073439047 -78.087547302 -0.007154015 0.999871314 0.014414553 0.970860124 0.073547766 -0.013849727 0.997195601 22.071901321
0.997478068 0.007199040 -0.070605218 -78.145942688 -0.006462923 0.999923289 0.010648629 0.966346145 0.070676491 -0.010165436 0.997447491 22.840892792
0.997584760 0.009948199 -0.068739429 -78.206626892 -0.009753606 0.999948323 0.003165922 0.960563302 0.068767384 -0.002487801 0.997629642 23.601511002
0.997701526 0.010337874 -0.066964112 -78.263572693 -0.010667449 0.999933600 -0.004565938 0.951315820 0.066912487 0.005269793 0.997744977 24.362535477
0.997796416 0.011143404 -0.065401152 -78.321189880 -0.011746714 0.999892771 -0.008847458 0.939891696 0.065295584 0.009596223 0.997819841 25.122161865
0.997931838 0.012415169 -0.063065924 -78.378303528 -0.012902032 0.999890864 -0.007318493 0.925074100 0.062968194 0.008117045 0.997982621 25.889081955
0.998052955 0.015769603 -0.060340580 -78.438713074 -0.015999397 0.999867320 -0.003326909 0.906141341 0.060280152 0.004285858 0.998172402 26.656818390
0.998150587 0.019308280 -0.057634555 -78.498687744 -0.019233186 0.999814153 0.001857579 0.888725281 0.057659745 -0.000745632 0.998336077 27.425859451
0.998349428 0.016935958 -0.054873127 -78.546684265 -0.016755002 0.999853432 0.003756301 0.876935303 0.054928739 -0.002830686 0.998486340 28.187894821
0.998474002 0.014274323 -0.053340610 -78.591659546 -0.014108898 0.999895215 0.003476644 0.866140783 0.053384684 -0.002718745 0.998570442 28.948421478
0.998558939 0.012552214 -0.052170500 -78.634307861 -0.012391275 0.999918282 0.003407230 0.853712440 0.052209064 -0.002755844 0.998632431 29.706329346
0.998630047 0.012150379 -0.050889570 -78.679443359 -0.012085170 0.999926567 0.001588966 0.843822300 0.050905187 -0.000971765 0.998703122 30.461158752
0.998686910 0.010286229 -0.050175276 -78.718750000 -0.010280823 0.999947965 0.000365854 0.833153009 0.050176479 0.000150483 0.998740375 31.218959808
0.998745620 0.009682354 -0.049113885 -78.763481140 -0.009669937 0.999953926 0.000490443 0.821200550 0.049116425 -0.000014887 0.998793125 31.986459732
0.998767972 0.012821607 -0.047927078 -78.814056396 -0.012761156 0.999918222 0.001567193 0.810660064 0.047943309 -0.000953644 0.998849630 32.760852814
0.998782933 0.012597544 -0.047674619 -78.859001160 -0.012579538 0.999921501 0.000677858 0.799985230 0.047679476 -0.000077295 0.998862743 33.538135529
0.998719394 0.011966605 -0.049144097 -78.902572632 -0.011948774 0.999929190 0.000656654 0.788169682 0.049148537 -0.000068588 0.998791516 34.321102142
0.998655081 0.009779174 -0.050904341 -78.947265625 -0.009733038 0.999952674 0.001154145 0.777982831 0.050913289 -0.000657125 0.998702884 35.110511780
0.998480737 0.011585421 -0.053858120 -78.999076843 -0.011544856 0.999933541 0.001064280 0.766901135 0.053866930 -0.000440865 0.998547971 35.907127380
0.998284161 0.015002988 -0.056591455 -79.056404114 -0.014979818 0.999888241 0.000833772 0.753873825 0.056597695 0.000015402 0.998396993 36.706062317
0.998148501 0.015433706 -0.058822613 -79.116485596 -0.015710508 0.999868274 -0.004245986 0.742114782 0.058749400 0.005162271 0.998259425 37.503059387
0.998019993 0.016379777 -0.060718451 -79.180389404 -0.016882902 0.999827921 -0.007782220 0.730474830 0.060580593 0.008791927 0.998124599 38.310089111
0.997923255 0.015268605 -0.062566712 -79.235717773 -0.015895154 0.999828815 -0.009528463 0.717101753 0.062410604 0.010503192 0.997995138 39.132343292
0.997781515 0.015356284 -0.064766414 -79.293258667 -0.015907533 0.999841988 -0.008004101 0.698220670 0.064633355 0.009016628 0.997868240 39.959999084
0.997664332 0.013741792 -0.066899270 -79.351470947 -0.014259545 0.999872446 -0.007267814 0.680059612 0.066790953 0.008204805 0.997733116 40.794128418
0.997558177 0.013159120 -0.068579257 -79.410903931 -0.013575357 0.999892712 -0.005606808 0.666697681 0.068498209 0.006524117 0.997629821 41.636726379
0.997499585 0.012676641 -0.069515027 -79.475280762 -0.012844733 0.999916077 -0.001971508 0.652361989 0.069484293 0.002859491 0.997578859 42.481613159
0.997456849 0.012268708 -0.070198685 -79.540687561 -0.012111644 0.999923706 0.002662673 0.639866531 0.070226081 -0.001805670 0.997529387 43.336555481
0.997507215 0.012122654 -0.069505312 -79.604164124 -0.011825605 0.999919653 0.004683727 0.628921866 0.069556594 -0.003850099 0.997570515 44.197277069
0.997616053 0.015053871 -0.067336120 -79.671905518 -0.014769533 0.999880314 0.004718682 0.620454848 0.067399204 -0.003712900 0.997719109 45.059024811
0.997756422 0.015053822 -0.065223150 -79.736244202 -0.014870381 0.999884546 0.003297271 0.613234103 0.065265350 -0.002319970 0.997865200 45.929393768
0.997900903 0.012447505 -0.063539751 -79.793067932 -0.012403633 0.999923110 0.001084941 0.602257848 0.063548461 -0.000294530 0.997978687 46.801113129
0.998056054 0.008561442 -0.061720204 -79.846496582 -0.008612879 0.999963462 -0.000567343 0.590700448 0.061713170 0.001097839 0.998093486 47.677932739
0.998184502 0.007189678 -0.059788190 -79.899551392 -0.007258696 0.999973953 -0.000937287 0.580635548 0.059779976 0.001369580 0.998210728 48.556537628
0.998255730 0.004596455 -0.058846675 -79.950218201 -0.004513555 0.999989390 0.001541506 0.567707896 0.058853209 -0.001273201 0.998265922 49.437770844
0.998323262 0.001897780 -0.057842139 -80.002372742 -0.001674219 0.999991775 0.003913109 0.555332720 0.057849158 -0.003809699 0.998318195 50.311012268
0.998386383 0.001188422 -0.056760930 -80.055908203 -0.000954474 0.999991775 0.004148400 0.541415632 0.056765459 -0.004087520 0.998379290 51.184810638
0.998450696 0.002475203 -0.055574220 -80.110366821 -0.002423757 0.999997318 0.000992972 0.525780737 0.055576608 -0.000856726 0.998454094 52.054809570
0.998489678 0.005310406 -0.054668650 -80.169044495 -0.005587721 0.999972999 -0.004921103 0.510846138 0.054641109 0.005219152 0.998492479 52.929794312
0.998533785 0.007143556 -0.053644478 -80.220291138 -0.007709433 0.999917388 -0.010349123 0.490956306 0.053566188 0.010747527 0.998506606 53.794708252
0.998531461 0.011665943 -0.052889463 -80.276084900 -0.012531627 0.999793172 -0.016065685 0.466537595 0.052691177 0.016704895 0.998471260 54.653831482
0.998589456 0.011334240 -0.051855307 -80.325210571 -0.012224219 0.999783516 -0.016877791 0.440195918 0.051652860 0.017487887 0.998512089 55.515144348
0.998630762 0.007969457 -0.051684733 -80.369110107 -0.008554310 0.999902308 -0.011104358 0.420402408 0.051591281 0.011531292 0.998601854 56.380546570
0.998607755 0.007197283 -0.052240312 -80.417465210 -0.007315643 0.999971628 -0.002074725 0.396097958 0.052223992 0.002454018 0.998632491 57.244743347
0.998559117 0.005949622 -0.053315211 -80.468429565 -0.005654684 0.999968410 0.005681143 0.374521583 0.053347416 -0.005371472 0.998561680 58.103096008
0.998456180 0.004054854 -0.055380244 -80.519920349 -0.003882200 0.999987841 0.003224804 0.362327933 0.055392731 -0.003004822 0.998460233 58.951049805
0.998332620 -0.001422648 -0.057690866 -80.562034607 0.001411951 0.999999583 -0.000226341 0.347475290 0.057691246 0.000144516 0.998334587 59.793067932
0.998184979 -0.002810701 -0.060143597 -80.614913940 0.002706801 0.999995232 -0.001809123 0.331148535 0.060148492 0.001643050 0.998188198 60.633216858
0.998036861 -0.000672605 -0.062611684 -80.676467896 0.000415321 0.999992013 -0.004122250 0.310786873 0.062614046 0.004088163 0.998029470 61.465343475
0.997850060 0.000950136 -0.065517366 -80.743164062 -0.001451514 0.999970615 -0.007605490 0.291334093 0.065508306 0.007684250 0.997822523 62.293174744
0.997564316 0.001115658 -0.069731556 -80.803909302 -0.001896997 0.999936640 -0.011139809 0.272525489 0.069714807 0.011244969 0.997503757 63.117649078
0.997342825 0.002935051 -0.072780035 -80.871223450 -0.004045250 0.999878168 -0.015111511 0.248223662 0.072726913 0.015365783 0.997233629 63.932464600
0.997090101 0.007575692 -0.075844027 -80.946632385 -0.008759273 0.999845326 -0.015284944 0.223025799 0.075716637 0.015904821 0.997002721 64.746185303
0.996791303 0.011035522 -0.079270355 -81.024215698 -0.012156392 0.999833107 -0.013671087 0.202117562 0.079106376 0.014590874 0.996759653 65.555427551
0.996437073 0.014159063 -0.083132297 -81.102622986 -0.014854500 0.999860108 -0.007752690 0.177683890 0.083011016 0.008959968 0.996508598 66.360076904
0.996100187 0.014665092 -0.086992145 -81.182327271 -0.014927946 0.999886155 -0.002371626 0.157028094 0.086947590 0.003660997 0.996206403 67.165458679
0.995664299 0.013980912 -0.091952443 -81.262298584 -0.013930628 0.999902666 0.001188813 0.140455991 0.091960251 0.000097303 0.995762885 67.957252502
0.995060384 0.013319160 -0.098364770 -81.346336365 -0.013174875 0.999911368 0.002116373 0.126716852 0.098384380 -0.000809968 0.995148361 68.750663757
0.994460046 0.010888743 -0.104540333 -81.428527832 -0.010338014 0.999930203 0.005808598 0.114139527 0.104596421 -0.004695676 0.994503856 69.544853210
0.993748963 0.011195957 -0.111066461 -81.520301819 -0.010661935 0.999929070 0.005400981 0.100986868 0.111119196 -0.004183032 0.993798494 70.328964233
0.992991328 0.015901426 -0.117104381 -81.623123169 -0.015486144 0.999870598 0.004455467 0.089131653 0.117160216 -0.002610741 0.993109822 71.118904114
0.992241085 0.017807212 -0.123038732 -81.729263306 -0.017876238 0.999840438 0.000543131 0.079042122 0.123028927 0.001660558 0.992401958 71.896980286
0.991498053 0.016295353 -0.129087448 -81.833221436 -0.016752947 0.999857008 -0.002459582 0.068562880 0.129029050 0.004601277 0.991630316 72.673629761
0.990790427 0.017449215 -0.134266630 -81.948379517 -0.018122975 0.999828875 -0.003797307 0.053718925 0.134177551 0.006195658 0.990938127 73.447814941
0.990127444 0.019239008 -0.138834864 -82.068763733 -0.019259708 0.999814153 0.001194626 0.043140456 0.138832226 0.001491096 0.990314960 74.220237732
0.989274263 0.019826669 -0.144709826 -82.192573547 -0.019264491 0.999800801 0.005285394 0.030887514 0.144785985 -0.002440941 0.989460230 74.987609863
0.988382101 0.019044755 -0.150783852 -82.315979004 -0.018125815 0.999808192 0.007466742 0.013495922 0.150897339 -0.004646912 0.988538623 75.748939514
0.987378359 0.016571112 -0.157501951 -82.446052551 -0.016231641 0.999862671 0.003441579 0.003931016 0.157537565 -0.000841621 0.987512767 76.501251221
0.986123443 0.014848326 -0.165340930 -82.584236145 -0.015700975 0.999869645 -0.003850931 -0.004831761 0.165262371 0.006393521 0.986229122 77.248352051
0.984644592 0.012307431 -0.174129844 -82.726066589 -0.013535330 0.999891520 -0.005865751 -0.017588913 0.174038976 0.008132598 0.984705448 77.992568970
0.982770085 0.012133859 -0.184426695 -82.879821777 -0.012932569 0.999911785 -0.003128408 -0.033816338 0.184372708 0.005459629 0.982841372 78.739280701
0.980638087 0.011920282 -0.195459113 -83.040489197 -0.011608338 0.999929249 0.002741502 -0.041942596 0.195478201 -0.000419461 0.980708122 79.484695435
0.978231311 0.013683964 -0.207059249 -83.211242676 -0.011793357 0.999877095 0.010362464 -0.052538157 0.207175896 -0.007694968 0.978273690 80.225921631
0.975776792 0.014171969 -0.218303069 -83.386230469 -0.011482000 0.999842107 0.013585969 -0.061930895 0.218461484 -0.010750325 0.975786567 80.960174561
0.973157048 0.017929118 -0.229437083 -83.575393677 -0.016320961 0.999827445 0.008905115 -0.071510613 0.229557499 -0.004921440 0.973282874 81.672164917
0.970308125 0.017681409 -0.241219863 -83.769531250 -0.018310862 0.999832571 -0.000367859 -0.079358891 0.241173297 0.004773892 0.970470548 82.382583618
0.967194200 0.015424255 -0.253564268 -83.966094971 -0.017398827 0.999833524 -0.005546366 -0.081775427 0.253436893 0.009776151 0.967302740 83.096366882
0.963952124 0.014089212 -0.265697718 -84.171524048 -0.014869940 0.999889374 -0.000926851 -0.086421631 0.265655607 0.004844361 0.964056015 83.817779541
0.960811675 0.015124806 -0.276784360 -84.394905090 -0.013906829 0.999883354 0.006363046 -0.100524187 0.276848704 -0.002264494 0.960910976 84.540832520
0.957339168 0.014934700 -0.288576037 -84.626091003 -0.012123841 0.999860406 0.011525504 -0.110631466 0.288708270 -0.007535169 0.957387686 85.263534546
0.953531742 0.012530521 -0.301027626 -84.861930847 -0.010159148 0.999904156 0.009441806 -0.117505789 0.301117480 -0.005944878 0.953568757 85.979095459
0.949920952 0.010622229 -0.312305808 -85.105278015 -0.009600524 0.999942720 0.004808998 -0.124005020 0.312339425 -0.001569865 0.949969411 86.689079285
0.946947336 0.006468886 -0.321320027 -85.350547791 -0.007549779 0.999969602 -0.002118009 -0.136002988 0.321297020 0.004431548 0.946968317 87.394676208
0.944320738 0.002341481 -0.329014540 -85.601989746 -0.005310699 0.999953151 -0.008126193 -0.146022916 0.328980625 0.009421042 0.944289923 88.102867126
0.941717029 0.002116688 -0.336395800 -85.862258911 -0.005898662 0.999930680 -0.010221099 -0.159881473 0.336351305 0.011609686 0.941665292 88.813362122
0.938892007 0.007263420 -0.344131708 -86.138031006 -0.011524519 0.999880433 -0.010338281 -0.178865135 0.344015956 0.013672500 0.938864529 89.520591736
0.935934842 0.006952898 -0.352100968 -86.412551880 -0.010549164 0.999910176 -0.008296091 -0.196256816 0.352012187 0.011478989 0.935925305 90.230796814
0.932878733 0.007301870 -0.360113293 -86.691802979 -0.008586648 0.999961436 -0.001968033 -0.205478743 0.360085547 0.004928111 0.932906508 90.947349548
0.930205464 0.008839230 -0.366929471 -86.978805542 -0.007123977 0.999956667 0.006028628 -0.215037107 0.366967380 -0.002993866 0.930229306 91.664314270
0.927700043 0.018542096 -0.372862369 -87.281982422 -0.014846095 0.999808311 0.012781700 -0.229376197 0.373028487 -0.006322036 0.927798629 92.374435425
0.925223351 0.025381781 -0.378569871 -87.591537476 -0.023405267 0.999678075 0.009822513 -0.238296390 0.378697902 -0.000227481 0.925520599 93.074752808
0.922987282 0.021845613 -0.384206861 -87.890769958 -0.022861307 0.999737084 0.001923884 -0.243531212 0.384148479 0.007007765 0.923245132 93.773849487
0.921025455 0.013977208 -0.389248192 -88.188400269 -0.017579427 0.999829412 -0.005693755 -0.251906544 0.389103025 0.012086878 0.921115696 94.480590820
0.919423223 0.014604500 -0.392995030 -88.500549316 -0.018601380 0.999806881 -0.006363619 -0.262924552 0.392827004 0.013161136 0.919518888 95.189743042
0.917411745 0.020557197 -0.397404760 -88.826972961 -0.022941632 0.999736190 -0.001245982 -0.277317107 0.397275060 0.010260215 0.917642891 95.902465820
0.914983034 0.022648849 -0.402852833 -89.150024414 -0.023463352 0.999720573 0.002914084 -0.291492730 0.402807146 0.006785955 0.915260494 96.616958618
0.912837744 0.019050488 -0.407874525 -89.472045898 -0.020392163 0.999791622 0.001058585 -0.309278846 0.407810569 0.007351144 0.913037717 97.327690125
0.910725892 0.017423347 -0.412640274 -89.800781250 -0.021524813 0.999754488 -0.005293105 -0.324154437 0.412447572 0.013702602 0.910879016 98.027908325
0.908647656 0.014883156 -0.417295337 -90.133453369 -0.021862758 0.999689698 -0.011950805 -0.338130116 0.416988850 0.019982336 0.908692598 98.726013184
