1.000000000 0.000000000 0.000000000 0.000000000 0.000000000 1.000000000 0.000000000 0.000000000 0.000000000 0.000000000 1.000000000 0.000000000
0.999996305 0.002712695 0.000166118 -0.002908061 -0.002712956 0.999995053 0.001596513 -0.016337579 -0.000161786 -0.001596958 0.999998689 0.787065268
0.999985456 0.005389536 0.000266560 -0.007272881 -0.005390049 0.999983549 0.001963469 -0.032834325 -0.000255973 -0.001964877 0.999998033 1.555315495
0.999977946 0.006622298 0.000521395 -0.008235815 -0.006623142 0.999976754 0.001633923 -0.049134947 -0.000510563 -0.001637340 0.999998510 2.308787346
0.999963582 0.008511657 0.000642078 -0.013617018 -0.008512473 0.999962986 0.001278467 -0.064047806 -0.000631172 -0.001283886 0.999998987 3.045151711
0.999962330 0.008624001 0.001015204 -0.017271746 -0.008625038 0.999962330 0.001020946 -0.078054599 -0.001006361 -0.001029664 0.999998987 3.766881943
0.999960482 0.008787277 0.001352683 -0.021612165 -0.008789995 0.999959409 0.002016090 -0.094243377 -0.001334912 -0.002027900 0.999997079 4.468842506
0.999952257 0.009566272 0.001994447 -0.024875719 -0.009575613 0.999943078 0.004727711 -0.106168851 -0.001949106 -0.004746583 0.999986887 5.149509430
0.999951363 0.009263445 0.003386005 -0.022661721 -0.009292272 0.999919951 0.008599283 -0.114556864 -0.003306075 -0.008630328 0.999957323 5.812250137
0.999952912 0.008512704 0.004655228 -0.018457755 -0.008568468 0.999890268 0.012093006 -0.123989739 -0.004551773 -0.012132324 0.999916077 6.452880383
0.999954462 0.007658991 0.005692338 -0.015989233 -0.007739793 0.999867857 0.014310848 -0.133542180 -0.005581981 -0.014354249 0.999881566 7.065364838
0.999942839 0.008190364 0.006873412 -0.014088094 -0.008287190 0.999865353 0.014178840 -0.143108606 -0.006756356 -0.014234990 0.999876022 7.648953915
0.999926925 0.009088349 0.007974351 -0.011650331 -0.009179454 0.999892414 0.011463658 -0.150673002 -0.007869307 -0.011536021 0.999902666 8.203987122
0.999919474 0.009039556 0.008903388 -0.006934881 -0.009116776 0.999921143 0.008671237 -0.156729028 -0.008824303 -0.008751708 0.999922872 8.731588364
0.999918997 0.007244741 0.010464573 0.000936702 -0.007319224 0.999948263 0.007097040 -0.160911977 -0.010412617 -0.007173057 0.999920189 9.234294891
0.999917448 0.003420359 0.012391732 0.009788036 -0.003477862 0.999983549 0.004621974 -0.167499632 -0.012375720 -0.004664687 0.999912679 9.707171440
0.999899149 0.001562153 0.014119323 0.021538310 -0.001610797 0.999993086 0.003434685 -0.175762936 -0.014113858 -0.003457084 0.999894559 10.149571419
0.999850631 0.005758311 0.016296577 0.021951914 -0.005783237 0.999982417 0.001482901 -0.186776385 -0.016287748 -0.001576929 0.999866247 10.560975075
0.999759078 0.010117999 0.019477993 0.020911515 -0.010133880 0.999948621 0.000716730 -0.195936188 -0.019469740 -0.000913947 0.999810159 10.942452431
0.999682426 0.010632519 0.022849398 0.030470192 -0.010672201 0.999941945 0.001615496 -0.201404124 -0.022830898 -0.001858837 0.999737799 11.296444893
0.999644339 0.006386060 0.025893282 0.047852635 -0.006440624 0.999977231 0.002024468 -0.206578493 -0.025879769 -0.002190518 0.999662995 11.617856026
0.999595582 0.001541339 0.028396778 0.067477256 -0.001590217 0.999997377 0.001698824 -0.208419964 -0.028394092 -0.001743295 0.999595582 11.909508705
0.999525845 -0.002022951 0.030728074 0.083305448 0.001929516 0.999993503 0.003070140 -0.215995491 -0.030734092 -0.003009396 0.999523342 12.172158241
0.999443114 -0.002296296 0.033289626 0.093525410 0.002161106 0.999989331 0.004096480 -0.221628994 -0.033298690 -0.004022258 0.999437630 12.403361320
0.999371409 -0.001595822 0.035417747 0.101037443 0.001486033 0.999994040 0.003125996 -0.226260185 -0.035422537 -0.003071401 0.999368012 12.608403206
0.999293447 -0.000635754 0.037583325 0.108416855 0.000574359 0.999998510 0.001644396 -0.230326787 -0.037584331 -0.001621649 0.999292433 12.795285225
0.999191046 0.001558271 0.040189061 0.112516910 -0.001593299 0.999998331 0.000839613 -0.235593021 -0.040187702 -0.000902968 0.999192119 12.968134880
0.999117792 0.004273163 0.041782085 0.118375659 -0.004286665 0.999990821 0.000233642 -0.243030176 -0.041780718 -0.000412543 0.999127090 13.135944366
0.999049604 0.005592649 0.043231517 0.123267233 -0.005549112 0.999983966 -0.001126956 -0.250284612 -0.043237142 0.000885988 0.999064744 13.296852112
0.998968124 0.004739374 0.045173183 0.133266956 -0.004611081 0.999985158 -0.002943750 -0.253479153 -0.045186475 0.002732415 0.998975158 13.450208664
0.998906553 0.003359501 0.046638966 0.144471049 -0.003155592 0.999985158 -0.004444915 -0.256118655 -0.046653215 0.004292882 0.998902440 13.595398903
0.998852372 0.002604632 0.047835112 0.153868735 -0.002342973 0.999982059 -0.005525184 -0.258735657 -0.047848657 0.005406768 0.998840451 13.734020233
0.998774111 0.003271617 0.049401641 0.160301387 -0.002935779 0.999972165 -0.006869067 -0.262289643 -0.049422752 0.006715614 0.998755932 13.866385460
0.998709440 0.004185942 0.050625756 0.168184459 -0.003731367 0.999951959 -0.009070211 -0.264652699 -0.050661307 0.008869603 0.998677015 13.994526863
0.998665571 0.004262494 0.051475257 0.176012039 -0.003688999 0.999930143 -0.011230974 -0.268688589 -0.051519550 0.011026096 0.998611689 14.122974396
0.998631477 0.003470640 0.052190732 0.185004473 -0.002763230 0.999903500 -0.013620299 -0.271282554 -0.052232981 0.013457445 0.998544753 14.248491287
0.998660088 0.002520992 0.051697455 0.192403197 -0.001719507 0.999877751 -0.015541922 -0.274580121 -0.051730338 0.015432205 0.998542368 14.373380661
0.998767316 0.002096785 0.049602814 0.198328435 -0.001264508 0.999858022 -0.016804196 -0.277154893 -0.049631029 0.016720757 0.998628139 14.501403809
0.998912752 0.002273154 0.046571910 0.201722950 -0.001443976 0.999840081 -0.017830072 -0.279636025 -0.046605010 0.017743438 0.998756349 14.629116058
0.999093890 0.002803694 0.042480297 0.202192038 -0.001994865 0.999816239 -0.019070465 -0.283003092 -0.042525981 0.018968441 0.998915792 14.755993843
0.999331295 0.002962688 0.036458116 0.211300164 -0.002227949 0.999793947 -0.020176999 -0.286166877 -0.036510419 0.020082284 0.999132156 14.893197060
0.999554336 0.002816499 0.029732298 0.208608925 -0.002193127 0.999777615 -0.020977862 -0.288511336 -0.029784804 0.020903312 0.999338448 15.020647049
0.999744475 0.002737963 0.022459883 0.207032874 -0.002248645 0.999760211 -0.021782530 -0.291343212 -0.022514176 0.021726465 0.999511063 15.151402473
0.999896169 0.002698257 0.014189942 0.205727115 -0.002373603 0.999736190 -0.022846177 -0.292147577 -0.014247874 0.022810124 0.999638915 15.291169167
0.999991179 0.001613542 0.004023239 0.198419452 -0.001515814 0.999706566 -0.024175866 -0.294211090 -0.004061092 0.024169555 0.999700248 15.428950310
0.999958754 0.000039493 -0.009130958 0.188227892 -0.000275002 0.999667287 -0.025792843 -0.298859715 0.009126872 0.025794296 0.999626160 15.573413849
0.999677122 -0.000593249 -0.025425177 0.169341177 -0.000110405 0.999617279 -0.027665252 -0.303733051 0.025431834 0.027659129 0.999294400 15.730521202
0.998993814 -0.000251086 -0.044858847 0.143259943 -0.001033860 0.999589920 -0.028618777 -0.309084952 0.044847619 0.028636359 0.998583913 15.902557373
0.997766554 0.000564660 -0.066803038 0.109193444 -0.002450763 0.999600589 -0.028155278 -0.315614015 0.066760421 0.028256115 0.997369468 16.090894699
0.995892942 0.001160796 -0.090537220 0.066130877 -0.003585624 0.999639153 -0.026624663 -0.324102759 0.090473622 0.026839947 0.995537698 16.299226761
0.993067563 0.002217547 -0.117530070 0.012971520 -0.005229034 0.999665856 -0.025321007 -0.327622652 0.117434584 0.025760029 0.992747009 16.522863388
0.989011228 0.003377849 -0.147806108 -0.048939228 -0.006862314 0.999710500 -0.023071017 -0.338822782 0.147685289 0.023831779 0.988747776 16.751966476
0.983496487 0.003379219 -0.180899292 -0.124211550 -0.007001982 0.999787629 -0.019391594 -0.351055503 0.180795237 0.020338209 0.983311057 16.987960815
0.976006806 0.004608322 -0.217694342 -0.216663361 -0.008198420 0.999844968 -0.015591163 -0.355231345 0.217588648 0.017001821 0.975893021 17.243068695
0.966206193 0.006359133 -0.257694721 -0.315315723 -0.009264762 0.999906719 -0.010062803 -0.364719927 0.257606596 0.012110218 0.966174483 17.500724792
0.954112649 0.010481427 -0.299266636 -0.423707485 -0.012544754 0.999909163 -0.004974276 -0.377641648 0.299187154 0.008500239 0.954157114 17.751768112
0.939888895 0.014317179 -0.341182142 -0.573856354 -0.015473069 0.999880373 -0.000666806 -0.380034715 0.341131568 0.005905850 0.939997554 18.032321930
0.923088074 0.016631335 -0.384230614 -0.707437038 -0.015751595 0.999861419 0.005436616 -0.398164570 0.384267569 0.001033766 0.923221767 18.290094376
0.903819323 0.020149207 -0.427441120 -0.892684460 -0.016175561 0.999785900 0.012925999 -0.399804562 0.427609831 -0.004768668 0.903951406 18.579555511
0.882067978 0.024509992 -0.470485568 -1.070827961 -0.017257197 0.999656796 0.019723365 -0.409421146 0.470807225 -0.009278091 0.882187843 18.839210510
0.857245028 0.029756222 -0.514049172 -1.282508373 -0.020111231 0.999502301 0.024318989 -0.412820458 0.514516830 -0.010509169 0.857416332 19.110284805
0.829419196 0.033021208 -0.557650864 -1.506692886 -0.021105159 0.999391377 0.027788155 -0.415684134 0.558228791 -0.011278716 0.829610884 19.369432449
0.798594534 0.036855411 -0.600740910 -1.757925034 -0.023880377 0.999278069 0.029560275 -0.412626415 0.601396322 -0.009260754 0.798897624 19.634464264
0.765152097 0.039425220 -0.642642379 -2.030533791 -0.024349248 0.999181747 0.032307375 -0.406919062 0.643389940 -0.009072196 0.765485525 19.888181686
0.728295982 0.043451093 -0.683884561 -2.332420349 -0.025652984 0.999017239 0.036154386 -0.394923985 0.684783220 -0.008787411 0.728694499 20.150585175
0.689824760 0.044647537 -0.722599149 -2.659912109 -0.023551565 0.998952568 0.039239354 -0.383994341 0.723593950 -0.010049937 0.690153360 20.403488159
0.648831010 0.044697344 -0.759619534 -3.010837555 -0.021100640 0.998946607 0.040756620 -0.372072756 0.760640740 -0.010415697 0.649090230 20.661891937
0.606642485 0.043491848 -0.793784976 -3.393911362 -0.015868541 0.998966217 0.042606454 -0.358109415 0.794817090 -0.013250668 0.606705070 20.905813217
0.561955750 0.043699570 -0.826012850 -3.801083565 -0.011408438 0.998918355 0.045085579 -0.342358828 0.827089190 -0.015912578 0.561846137 21.146755219
0.515642226 0.045089446 -0.855617523 -4.240547180 -0.009612515 0.998856306 0.046844840 -0.321550429 0.856750727 -0.015930532 0.515485466 21.364587784
0.465856820 0.044757519 -0.883728087 -4.703283310 -0.008388436 0.998898625 0.046168547 -0.299762905 0.884820819 -0.014094821 0.465718746 21.566886902
0.413387924 0.043620937 -0.909510136 -5.186998367 -0.003093155 0.998913527 0.046502937 -0.279446959 0.910550117 -0.016410483 0.413073301 21.753162384
0.359617829 0.042821649 -0.932117283 -5.693196297 0.002389147 0.998901010 0.046811495 -0.260476232 0.933097064 -0.019061197 0.359119922 21.919431686
0.305395812 0.041793317 -0.951308548 -6.226719856 0.005123827 0.998949945 0.045531239 -0.235520184 0.952212036 -0.018779371 0.304860651 22.060184479
0.251993209 0.047634635 -0.966556609 -6.795420647 0.006125406 0.998689473 0.050815240 -0.206944108 0.967709839 -0.018725624 0.251370907 22.173826218
0.200403824 0.052680608 -0.978296638 -7.388776302 0.009157920 0.998409033 0.055639677 -0.180164397 0.979670882 -0.020109547 0.199602276 22.267061234
0.151693732 0.053953193 -0.986954570 -7.998372555 0.015085546 0.998266637 0.056890246 -0.154153526 0.988312602 -0.023518622 0.150616586 22.342805862
0.107253492 0.055378083 -0.992688894 -8.626615524 0.017964616 0.998176873 0.057625219 -0.132063091 0.994069636 -0.024013760 0.106062859 22.388872147
0.066612005 0.053636417 -0.996336937 -9.271475792 0.018057929 0.998325944 0.054950822 -0.103078127 0.997615814 -0.021652147 0.065531701 22.408802032
0.030815631 0.049253147 -0.998311460 -9.936083794 0.015737474 0.998637557 0.049755048 -0.066150486 0.999401450 -0.017244117 0.029998332 22.406915665
0.002048933 0.049184192 -0.998788357 -10.624476433 0.013724621 0.998694420 0.049207754 -0.030134976 0.999903738 -0.013808804 0.001371150 22.388431549
-0.019003812 0.053245720 -0.998401463 -11.336431503 0.012558175 0.998514950 0.053012796 0.002750635 0.999740481 -0.011530641 -0.019644318 22.358465195
-0.032019034 0.059135586 -0.997737110 -12.070645332 0.014169525 0.998174787 0.058706854 0.036770403 0.999386847 -0.012257711 -0.032798558 22.327255249
-0.039994214 0.061708573 -0.997293353 -12.822366714 0.013978742 0.998028100 0.061193496 0.071580410 0.999102116 -0.011493509 -0.040777996 22.290464401
-0.043841828 0.058970906 -0.997297287 -13.590070724 0.015230217 0.998179853 0.058353618 0.106028914 0.998922408 -0.012630710 -0.044660211 22.253067017
-0.043157708 0.055043116 -0.997551560 -14.378733635 0.022841288 0.998274565 0.054094866 0.145739496 0.998807132 -0.020450734 -0.044340536 22.225864410
-0.039039809 0.053220551 -0.997820079 -15.188401222 0.034680773 0.998051226 0.051876046 0.192174196 0.998635650 -0.032579914 -0.040809497 22.213190079
-0.033548843 0.053303942 -0.998015404 -16.020965576 0.035115533 0.998023093 0.052123986 0.231004059 0.998819947 -0.033297118 -0.035354361 22.189962387
-0.028490169 0.051954664 -0.998243749 -16.873306274 0.033570282 0.998134851 0.050990939 0.261762142 0.999030232 -0.032058556 -0.030181210 22.164098740
-0.025579218 0.045533191 -0.998636067 -17.744426727 0.037384380 0.998306990 0.044560671 0.299601197 0.998973608 -0.036193531 -0.027238194 22.151748657
-0.023628620 0.034746062 -0.999117672 -18.625591278 0.035376459 0.998798907 0.033898406 0.331864655 0.999094665 -0.034544241 -0.024829496 22.130695343
-0.023014139 0.026439752 -0.999386191 -19.528841019 0.027870156 0.999278605 0.025795158 0.356423646 0.999346495 -0.027259383 -0.023734476 22.095840454
-0.024627762 0.023478402 -0.999421835 -20.460649490 0.022403326 0.999486029 0.022927914 0.382303566 0.999445558 -0.021825695 -0.025141161 22.063108444
-0.028067483 0.029662762 -0.999166608 -21.420402527 0.013321064 0.999481916 0.029297983 0.400212675 0.999517202 -0.012487637 -0.028448137 22.016418457
-0.032866184 0.037684452 -0.998749912 -22.400552750 0.008467445 0.999263585 0.037425250 0.425046921 0.999423802 -0.007226835 -0.033161122 21.968318939
-0.037474066 0.047170959 -0.998184443 -23.399854660 0.007031863 0.998872995 0.046939567 0.460581422 0.999272823 -0.005260081 -0.037763577 21.923440933
-0.039161846 0.056989364 -0.997607231 -24.417074203 0.005764759 0.998368621 0.056806624 0.502632022 0.999216080 -0.003526321 -0.039426520 21.876834869
-0.040245142 0.064687870 -0.997094572 -25.443737030 0.007685906 0.997892618 0.064429492 0.547861814 0.999160230 -0.005070601 -0.040657550 21.832462311
-0.041790135 0.065486632 -0.996978939 -26.471689224 0.008762266 0.997835338 0.065175675 0.600524545 0.999087870 -0.006012090 -0.042273529 21.788047791
-0.043589041 0.062785819 -0.997075617 -27.498443604 0.007766020 0.998014331 0.062505499 0.651346207 0.999019325 -0.005018753 -0.043990117 21.738502502
-0.046436921 0.057919689 -0.997241735 -28.529020309 0.007640957 0.998309016 0.057625972 0.698408961 0.998891890 -0.004943910 -0.046800978 21.684213638
-0.050954580 0.052859757 -0.997302175 -29.561393738 0.007694306 0.998589396 0.052534968 0.740095019 0.998671174 -0.004996652 -0.051289435 21.623577118
-0.056630727 0.048292901 -0.997227609 -30.602212906 0.007873803 0.998820007 0.047922976 0.779362857 0.998363912 -0.005138064 -0.056944158 21.557334900
-0.063361809 0.046453506 -0.996909976 -31.651575089 0.006937979 0.998912454 0.046105955 0.817387938 0.997966349 -0.003995187 -0.063615195 21.481426239
-0.069903813 0.048861124 -0.996357560 -32.714122772 0.007135484 0.998798728 0.048480324 0.856349230 0.997528136 -0.003720538 -0.070168480 21.400260925
-0.076306149 0.053740010 -0.995636284 -33.784561157 0.005753915 0.998553634 0.053456586 0.895328641 0.997067690 -0.001649746 -0.076504968 21.311046600
-0.082507104 0.056624249 -0.994981587 -34.855377197 0.003019417 0.998394310 0.056568168 0.937934577 0.996585786 0.001663002 -0.082545564 21.213184357
-0.087199539 0.058827724 -0.994453490 -35.926368713 -0.000098792 0.998254418 0.059061330 0.984692574 0.996190786 0.005248351 -0.087041467 21.108402252
-0.089826569 0.060048029 -0.994146585 -37.000862122 -0.004613789 0.998145044 0.060706507 1.031979442 0.995946586 0.010039820 -0.089382857 20.997213364
-0.091397792 0.061284166 -0.993927956 -38.077041626 -0.008673234 0.998017609 0.062333990 1.080796003 0.995776534 0.014317734 -0.090685040 20.883611679
-0.092915073 0.060728326 -0.993821263 -39.157279968 -0.010197435 0.998027861 0.061938841 1.130446911 0.995621800 0.015889453 -0.092112511 20.772039413
-0.094347373 0.059896257 -0.993736804 -40.239192963 -0.010609127 0.998071373 0.061164849 1.180115938 0.995482802 0.016313396 -0.093529917 20.663324356
-0.095377021 0.059128050 -0.993684590 -41.326850891 -0.011904627 0.998095274 0.060533229 1.230153561 0.995369971 0.017602894 -0.094491415 20.550514221
-0.096291058 0.058264844 -0.993647397 -42.416641235 -0.014169700 0.998103857 0.059899386 1.278134584 0.995252371 0.019847432 -0.095282853 20.435001373
-0.097036846 0.055741064 -0.993719637 -43.512401581 -0.018763334 0.998150647 0.057821944 1.326460600 0.995103836 0.024256317 -0.095811456 20.313901901
-0.097309478 0.050839864 -0.993955791 -44.607749939 -0.024064716 0.998282313 0.053417213 1.370830297 0.994963109 0.029117228 -0.095918849 20.191623688
-0.096462123 0.050114729 -0.994075239 -45.710872650 -0.025617611 0.998275876 0.052812446 1.418766260 0.995006859 0.030560194 -0.095011950 20.075042725
-0.094699331 0.054312821 -0.994024158 -46.820446014 -0.026459893 0.998020589 0.057052065 1.464177608 0.995154142 0.031704526 -0.093074732 19.959232330
-0.092816822 0.057425719 -0.994026721 -47.939212799 -0.026491851 0.997839630 0.060119733 1.511799574 0.995330632 0.031913694 -0.091094941 19.847929001
-0.091255337 0.056979351 -0.994197071 -49.056064606 -0.024520429 0.997930467 0.059444096 1.565247059 0.995525599 0.029802687 -0.089669272 19.742589951
-0.088687785 0.056117155 -0.994478166 -50.179859161 -0.024251608 0.997994065 0.058478396 1.615944147 0.995764196 0.029303988 -0.087148905 19.638536453
-0.084591739 0.056647941 -0.994804919 -51.303596497 -0.028580269 0.997833848 0.059250787 1.665206432 0.996005714 0.033443891 -0.082789466 19.531349182
-0.078902707 0.057494711 -0.995223761 -52.433479309 -0.033582851 0.997615457 0.060295455 1.715605736 0.996316552 0.038179897 -0.076783687 19.427860260
-0.073017843 0.057105407 -0.995695233 -53.566295624 -0.037322622 0.997503638 0.059946202 1.766235948 0.996631980 0.041539066 -0.070704192 19.332603455
-0.067260489 0.056278825 -0.996147752 -54.696498871 -0.038733266 0.997507930 0.058971051 1.816694021 0.996983349 0.042550445 -0.064912990 19.247905731
-0.061506279 0.055572987 -0.996559203 -55.827804565 -0.038184851 0.997586787 0.057987090 1.864924669 0.997376025 0.041619997 -0.059235793 19.172166824
-0.056153834 0.055298414 -0.996890306 -56.960506439 -0.036390275 0.997688293 0.057392575 1.912629366 0.997758687 0.039499901 -0.054011676 19.105381012
-0.050816234 0.055973932 -0.997138977 -58.103008270 -0.035412427 0.997699261 0.057810154 1.961034775 0.998080015 0.038248777 -0.048717134 19.045024872
-0.044998899 0.057652675 -0.997322798 -59.254329681 -0.034377854 0.997652531 0.059222937 2.009446383 0.998395383 0.036950752 -0.042911284 18.989303589
-0.039598148 0.058958378 -0.997475505 -60.407135010 -0.035084911 0.997560084 0.060356267 2.060416222 0.998599648 0.037386306 -0.037432980 18.939493179
-0.034404144 0.058201749 -0.997712374 -61.559558868 -0.034583759 0.997635424 0.059389878 2.110161304 0.998809636 0.036547873 -0.032309964 18.897764206
-0.029519685 0.053646576 -0.998124003 -62.709121704 -0.034823593 0.997897089 0.054664358 2.159646988 0.998957574 0.036371920 -0.027589455 18.858625412
-0.025192168 0.048334792 -0.998513877 -63.860496521 -0.034612704 0.998189211 0.049192399 2.203406334 0.999083400 0.035800502 -0.023473561 18.825134277
-0.021466121 0.047691721 -0.998631895 -65.024658203 -0.034485824 0.998231590 0.048413962 2.247426033 0.999174833 0.035477880 -0.019783486 18.794378281
-0.018004647 0.050140504 -0.998580337 -66.193550110 -0.033756509 0.998141646 0.050727185 2.285443306 0.999268174 0.034621883 -0.016278630 18.763793945
-0.015527075 0.049611658 -0.998648286 -67.360946655 -0.034091588 0.998161137 0.050117571 2.329857588 0.999298334 0.034823664 -0.013807189 18.732429504
-0.014373498 0.049300298 -0.998681068 -68.538818359 -0.035891443 0.998114467 0.049788971 2.374518871 0.999252498 0.036559720 -0.012576951 18.705772400
-0.013287934 0.050134171 -0.998654544 -69.721176147 -0.037108179 0.998029232 0.050596602 2.417394161 0.999223173 0.037730541 -0.011401365 18.680856705
-0.011926508 0.049770396 -0.998689890 -70.901489258 -0.037766647 0.998025179 0.050188355 2.458178043 0.999215543 0.038315717 -0.010023301 18.656393051
-0.010599021 0.047757931 -0.998803198 -72.081840515 -0.038125359 0.998112977 0.048129573 2.497561216 0.999216914 0.038589835 -0.008758243 18.634536743
-0.009638156 0.046468373 -0.998873770 -73.265510559 -0.036471948 0.998238206 0.046790812 2.537415028 0.999288201 0.036881823 -0.007926391 18.615476608
-0.009246836 0.046334062 -0.998883605 -74.453041077 -0.033199962 0.998360455 0.046617206 2.574929476 0.999405980 0.033593930 -0.007693394 18.602607727
-0.008969530 0.046999555 -0.998855114 -75.636810303 -0.030946339 0.998402834 0.047256250 2.612108707 0.999480844 0.031334747 -0.007500747 18.589353561
-0.008770676 0.049671713 -0.998727560 -76.825515747 -0.030666037 0.998282015 0.049918938 2.651183844 0.999491274 0.031064805 -0.007232380 18.573532104
-0.008463599 0.053269923 -0.998544812 -78.016754150 -0.032823589 0.998026729 0.053520575 2.691003323 0.999425352 0.033228770 -0.006698394 18.556360245
-0.007902961 0.053121459 -0.998557270 -79.200111389 -0.034996144 0.997961104 0.053366799 2.734294653 0.999356270 0.035367377 -0.006027808 18.538599014
-0.007590369 0.051122542 -0.998664021 -80.377899170 -0.036005549 0.998030365 0.051363848 2.775696754 0.999322832 0.036347292 -0.005734731 18.521478653
-0.007416342 0.048747536 -0.998784125 -81.556114197 -0.035589680 0.998164952 0.048981667 2.815607071 0.999339044 0.035909642 -0.005667831 18.510219574
-0.007484494 0.047996923 -0.998819888 -82.737327576 -0.033430457 0.998276651 0.048221398 2.854269028 0.999413013 0.033751894 -0.005867044 18.500217438
-0.007369088 0.049356498 -0.998754501 -83.916412354 -0.032013129 0.998257101 0.049568199 2.892892838 0.999460280 0.032338507 -0.005776197 18.489252090
-0.007042614 0.052070934 -0.998619080 -85.090347290 -0.031261016 0.998143494 0.052266669 2.931498051 0.999486625 0.031585909 -0.005401754 18.478000641
-0.006530553 0.054294426 -0.998504162 -86.271591187 -0.031552002 0.998016357 0.054474331 2.973682880 0.999480963 0.031860527 -0.004804505 18.467350006
-0.006474958 0.054368094 -0.998500526 -87.448211670 -0.032767590 0.997972906 0.054551926 3.017116547 0.999442220 0.033071645 -0.004680326 18.456163406
-0.006188660 0.052182250 -0.998618901 -88.622711182 -0.032073423 0.998113215 0.052354649 3.059731960 0.999466598 0.032353099 -0.004503324 18.446939468
-0.006078109 0.050669868 -0.998697460 -89.792778015 -0.030481145 0.998241663 0.050832324 3.102684021 0.999517083 0.030750377 -0.004522951 18.440162659
-0.006038940 0.051609378 -0.998649597 -90.963928223 -0.028828643 0.998242974 0.051762752 3.142355919 0.999566317 0.029102281 -0.004540506 18.431447983
-0.006143953 0.054361854 -0.998502970 -92.136344910 -0.026398713 0.998164177 0.054505918 3.184504747 0.999632716 0.026694046 -0.004697597 18.427122116
-0.006193032 0.056857049 -0.998363674 -93.301887512 -0.025075438 0.998059273 0.056995336 3.226651907 0.999666572 0.025387347 -0.004755303 18.420469284
-0.005760425 0.058567017 -0.998267353 -94.467445374 -0.025538739 0.997948945 0.058695778 3.272010803 0.999657452 0.025832571 -0.004252888 18.406553268
-0.005353154 0.060451128 -0.998157382 -95.637405396 -0.027938509 0.997772157 0.060577702 3.319925547 0.999595463 0.028211286 -0.003652320 18.390785217
-0.005127088 0.059717935 -0.998202682 -96.804824829 -0.029928893 0.997758567 0.059845146 3.366288662 0.999539196 0.030181887 -0.003328311 18.377740860
-0.005067738 0.055766899 -0.998431504 -97.963157654 -0.032227591 0.997915745 0.055901725 3.411570787 0.999467909 0.032460302 -0.003259950 18.364288330
-0.004745906 0.053886745 -0.998536468 -99.124664307 -0.033442687 0.997979641 0.054015715 3.458120823 0.999429643 0.033650048 -0.002934207 18.351074219
-0.004753220 0.052060641 -0.998633206 -100.283058167 -0.033461735 0.998076022 0.052190922 3.502368689 0.999428988 0.033664037 -0.003002043 18.342042923
-0.004693492 0.052287631 -0.998621702 -101.442504883 -0.032000154 0.998112381 0.052411430 3.547614813 0.999477148 0.032202002 -0.003011428 18.334785461
-0.004832345 0.054304842 -0.998513341 -102.603981018 -0.031773902 0.998011589 0.054431379 3.592703581 0.999483705 0.031989660 -0.003097267 18.326503754
-0.004803095 0.056359958 -0.998399615 -103.765846252 -0.030440003 0.997939229 0.056480471 3.636624098 0.999525309 0.030662525 -0.003077607 18.318918228
-0.005482825 0.055281591 -0.998456419 -104.932472229 -0.034049071 0.997881174 0.055436775 3.685109615 0.999405444 0.034300424 -0.003588929 18.305582047
-0.005821126 0.056427140 -0.998390496 -106.108222961 -0.038044669 0.997670949 0.056608368 3.734277248 0.999259353 0.038312916 -0.003660825 18.288007736
-0.006050373 0.055634148 -0.998433590 -107.284187317 -0.041197270 0.997589290 0.055836823 3.782628775 0.999133050 0.041470528 -0.003743821 18.272155762
-0.006262241 0.051789917 -0.998639405 -108.467224121 -0.042035080 0.997761250 0.052008066 3.829260826 0.999097049 0.042303514 -0.004071239 18.257282257
-0.007045271 0.047743700 -0.998835742 -109.650405884 -0.041999705 0.997963607 0.047998354 3.875572681 0.999093235 0.042288911 -0.005025714 18.242895126
-0.007967428 0.046745334 -0.998875976 -110.841186523 -0.038755327 0.998141527 0.047020175 3.913336992 0.999217451 0.039086342 -0.006141000 18.233184814
-0.008842528 0.045722850 -0.998916030 -112.051132202 -0.034277137 0.998352826 0.046000589 3.959324360 0.999373734 0.034646690 -0.007260724 18.229476929
-0.009310987 0.047528423 -0.998827398 -113.265144348 -0.033431347 0.998296261 0.047814880 4.001126289 0.999398172 0.033837292 -0.007706195 18.213354111
-0.010081375 0.051448625 -0.998625696 -114.496467590 -0.032611731 0.998126924 0.051752247 4.046099663 0.999417722 0.033088587 -0.008384676 18.196548462
-0.010603228 0.051389527 -0.998623371 -115.730445862 -0.031151071 0.998176455 0.051697373 4.095004082 0.999458909 0.031656284 -0.008983065 18.179189682
-0.011128143 0.046888936 -0.998839140 -116.962188721 -0.031328358 0.998392820 0.047217119 4.142458439 0.999447644 0.031817365 -0.009641316 18.158105850
-0.011866644 0.043028705 -0.999004304 -118.203926086 -0.031622779 0.998557389 0.043385182 4.187262058 0.999429882 0.032106068 -0.010488849 18.134204865
-0.012690686 0.041524015 -0.999057829 -119.449775696 -0.030816892 0.998646080 0.041898444 4.226318359 0.999444842 0.031319525 -0.011393875 18.111480713
-0.013142569 0.042659748 -0.999003947 -120.707214355 -0.032762390 0.998534083 0.043070801 4.265437126 0.999377072 0.033295766 -0.011725683 18.084331512
-0.013481745 0.047316633 -0.998789668 -121.968750000 -0.037480168 0.998153269 0.047792491 4.305635452 0.999206603 0.038079090 -0.011683428 18.050542831
-0.013760651 0.050496355 -0.998630226 -123.237709045 -0.042815175 0.997777700 0.051043317 4.348042488 0.998988509 0.043458864 -0.011568074 18.019132614
-0.013936869 0.050299879 -0.998637676 -124.504196167 -0.050087266 0.997444391 0.050938886 4.394936085 0.998647809 0.050728913 -0.011381885 17.985280991
-0.013848299 0.048286289 -0.998738229 -125.770172119 -0.053158697 0.997384608 0.048958033 4.438212872 0.998490274 0.053769574 -0.011245259 17.954936981
-0.014353805 0.046939429 -0.998795271 -127.037208557 -0.055285674 0.997331738 0.047665257 4.480374813 0.998367548 0.055903215 -0.011720441 17.925912857
-0.015005103 0.046329174 -0.998814166 -128.301940918 -0.055283539 0.997358978 0.047092292 4.517648697 0.998358130 0.055924568 -0.012404250 17.899383545
-0.015619094 0.045358244 -0.998849273 -129.561706543 -0.052855223 0.997535884 0.046125203 4.552641392 0.998480141 0.053514797 -0.013183201 17.876270294
-0.016324081 0.045858428 -0.998815298 -130.819427490 -0.052578948 0.997525632 0.046658643 4.590899944 0.998483539 0.053278275 -0.013872517 17.855442047
-0.017030550 0.050881952 -0.998560190 -132.086944580 -0.052431732 0.997284353 0.051711269 4.632637501 0.998479426 0.053236865 -0.014316482 17.828458786
-0.017531186 0.054930836 -0.998336792 -133.363113403 -0.051268827 0.997126579 0.055764653 4.677298546 0.998531163 0.052161116 -0.014664580 17.799287796
-0.017583007 0.053419661 -0.998417854 -134.626998901 -0.051885638 0.997177243 0.054267146 4.728030205 0.998498380 0.052757669 -0.014761670 17.771320343
-0.016708693 0.051846176 -0.998515725 -135.889343262 -0.051861282 0.997265220 0.052649170 4.777252197 0.998514652 0.052663952 -0.013974199 17.739885330
-0.015516357 0.051259100 -0.998565316 -137.147781372 -0.050909963 0.997348905 0.051987838 4.819662094 0.998582780 0.051643535 -0.012865635 17.713163376
-0.014452233 0.050565679 -0.998616636 -138.402496338 -0.051146682 0.997375369 0.051243138 4.862286568 0.998586655 0.051816456 -0.011828045 17.685363770
-0.013565268 0.052641183 -0.998521805 -139.661117554 -0.051202204 0.997266233 0.053270701 4.905335426 0.998596251 0.051849090 -0.010832850 17.659765244
-0.012613734 0.056323834 -0.998333395 -140.919769287 -0.052143436 0.997016490 0.056908477 4.950615406 0.998560011 0.052774306 -0.009639193 17.636297226
-0.011155188 0.057329249 -0.998293519 -142.169815063 -0.053528238 0.996889114 0.057846855 4.998264313 0.998504162 0.054082125 -0.008051761 17.612792969
-0.010264819 0.054613914 -0.998455226 -143.414886475 -0.055697251 0.996925592 0.055102974 5.046744347 0.998395085 0.056176759 -0.007191425 17.587539673
-0.010033643 0.051516827 -0.998622239 -144.655548096 -0.054342031 0.997167826 0.051987916 5.092517376 0.998472095 0.054788727 -0.007205706 17.567556381
-0.009899520 0.049931403 -0.998703778 -145.904296875 -0.051351700 0.997408926 0.050375797 5.134071350 0.998631597 0.051783770 -0.007309814 17.549312592
-0.010024109 0.049317833 -0.998733103 -147.148208618 -0.049992219 0.997508943 0.049759276 5.174887657 0.998699367 0.050427608 -0.007533636 17.529335022
-0.010030923 0.049554139 -0.998721302 -148.389694214 -0.047463499 0.997621477 0.049976408 5.215322971 0.998822689 0.047904052 -0.007655058 17.509506226
-0.010304692 0.048015345 -0.998793662 -149.630859375 -0.045522753 0.997787952 0.048436791 5.254238605 0.998910248 0.045966897 -0.008096112 17.495687485
-0.010286401 0.048076510 -0.998790920 -150.871902466 -0.044914477 0.997812808 0.048492122 5.296083450 0.998937905 0.045358911 -0.008104578 17.476947784
-0.010312249 0.050637219 -0.998664141 -152.121795654 -0.042554937 0.997789562 0.051032417 5.338477135 0.999040961 0.043024279 -0.008134596 17.459682465
-0.010465445 0.051938802 -0.998595715 -153.363327026 -0.040170785 0.997821808 0.052319672 5.381699562 0.999138117 0.040661853 -0.008356232 17.442996979
-0.010494922 0.050357439 -0.998676419 -154.601333618 -0.038144197 0.997983694 0.050723486 5.426023483 0.999217212 0.038625978 -0.008552924 17.425317764
-0.011082383 0.050542343 -0.998660684 -155.841232300 -0.039446831 0.997921824 0.050942834 5.469863415 0.999160290 0.039958503 -0.009065623 17.402587891
-0.010934216 0.055188749 -0.998416245 -157.081558228 -0.040378474 0.997636616 0.055587973 5.515103340 0.999124706 0.040922269 -0.008679943 17.379892349
-0.010463057 0.061827969 -0.998032331 -158.318115234 -0.045437429 0.997025847 0.062242098 5.563035965 0.998912394 0.045999199 -0.007622642 17.351585388
-0.009041051 0.061701123 -0.998054028 -159.554153442 -0.050093096 0.996813118 0.062078301 5.618654251 0.998703659 0.050556820 -0.005921445 17.324232101
-0.007516276 0.057935178 -0.998292387 -160.783767700 -0.053865168 0.996847034 0.058256976 5.671664238 0.998520017 0.054211013 -0.004371895 17.298866272
-0.005854365 0.052471373 -0.998605609 -162.010925293 -0.055742484 0.997052252 0.052716650 5.719192505 0.998428106 0.055973332 -0.002912230 17.281293869
-0.004980131 0.050886698 -0.998692393 -163.239593506 -0.058219582 0.996995270 0.051090658 5.762387276 0.998291433 0.058397841 -0.002002571 17.263364792
-0.003657770 0.047733117 -0.998853803 -164.469238281 -0.052959260 0.997448802 0.047860030 5.800033569 0.998590112 0.053073570 -0.001120533 17.256332397
-0.003512584 0.043311924 -0.999055803 -165.690979004 -0.049584091 0.997824967 0.043433011 5.836627007 0.998763919 0.049689781 -0.001357367 17.248405457
-0.003772851 0.040049959 -0.999190986 -166.914321899 -0.043319210 0.998252869 0.040176045 5.866731644 0.999054193 0.043435693 -0.002031332 17.244289398
-0.004855051 0.042951532 -0.999065757 -168.142822266 -0.041039351 0.998226643 0.043115005 5.903026581 0.999145806 0.041210286 -0.003083745 17.239015579
-0.004207843 0.049306549 -0.998775184 -169.378952026 -0.041390643 0.997918844 0.049438767 5.937245369 0.999134243 0.041547932 -0.002158262 17.229558945
-0.002770810 0.052487861 -0.998618245 -170.607101440 -0.042990606 0.997691870 0.052558564 5.977967739 0.999071836 0.043076787 -0.000507937 17.218561172
-0.001005128 0.049104948 -0.998793602 -171.828735352 -0.043902501 0.997828245 0.049101770 6.020742416 0.999035537 0.043898836 0.001152877 17.211570740
-0.000270779 0.049182665 -0.998790264 -173.050460815 -0.046118431 0.997726202 0.049142875 6.062320709 0.998936236 0.046075895 0.001998057 17.201625824
0.000553284 0.050270382 -0.998735964 -174.271789551 -0.044079639 0.997765899 0.050197240 6.098052502 0.999028087 0.043996107 0.002767940 17.197563171
0.001088758 0.048279900 -0.998833716 -175.478713989 -0.044246487 0.997857749 0.048184603 6.136265755 0.999020278 0.044142373 0.003222633 17.193460464
0.002700284 0.046893489 -0.998896837 -176.653457642 -0.044447612 0.997918129 0.046727508 6.169301510 0.999008298 0.044272345 0.004778957 17.186828613
0.004432112 0.048715256 -0.998803377 -177.817947388 -0.045937099 0.997767925 0.048461024 6.200398445 0.998934805 0.045667291 0.006660049 17.183193207
0.005733485 0.050627936 -0.998701572 -178.948043823 -0.045857690 0.997679949 0.050312988 6.227947712 0.998931885 0.045509618 0.008041855 17.182792664
0.006262391 0.051985200 -0.998628736 -180.046981812 -0.046779357 0.997569442 0.051636823 6.257460594 0.998885930 0.046391789 0.008678995 17.181884766
0.006626371 0.053107861 -0.998567224 -181.128021240 -0.047199715 0.997492135 0.052737579 6.288771152 0.998863816 0.046782587 0.009116421 17.179622650
0.006779087 0.053841721 -0.998526812 -182.179092407 -0.046497039 0.997486055 0.053470034 6.319699764 0.998895824 0.046066009 0.009265519 17.178474426
0.007278951 0.052976873 -0.998569489 -183.189163208 -0.046819326 0.997518301 0.052579928 6.348140717 0.998877347 0.046369575 0.009741220 17.178396225
0.008866981 0.052822873 -0.998564780 -184.170623779 -0.047853187 0.997481823 0.052340772 6.377028465 0.998815536 0.047320358 0.011372387 17.177921295
0.010408582 0.053619023 -0.998507440 -185.121292114 -0.048579898 0.997409046 0.053053737 6.403250694 0.998765588 0.047955122 0.012986414 17.177928925
0.009889886 0.051979307 -0.998599470 -186.061325073 -0.047191147 0.997559309 0.051457897 6.427751541 0.998837352 0.046616089 0.012318704 17.180953979
0.006816758 0.048957311 -0.998777807 -186.995574951 -0.045092415 0.997799575 0.048601706 6.451931953 0.998960018 0.044705950 0.009009353 17.183452606
0.002383604 0.045350861 -0.998968542 -187.936782837 -0.045126926 0.997958004 0.045197412 6.477807999 0.998978853 0.044972591 0.004425272 17.171848297
-0.002584915 0.042515278 -0.999092698 -188.863449097 -0.046773370 0.997996926 0.042589761 6.498584747 0.998902619 0.046840973 -0.000591167 17.161994934
-0.006195069 0.041628994 -0.999114156 -189.794342041 -0.048889834 0.997925282 0.041882709 6.525341988 0.998785496 0.049105935 -0.004146997 17.142324448
-0.008881334 0.042312980 -0.999065220 -190.722885132 -0.050682392 0.997800827 0.042710088 6.548730850 0.998675823 0.051014286 -0.006717297 17.121759415
-0.010615312 0.044027500 -0.998974085 -191.646789551 -0.049511101 0.997781157 0.044501156 6.572496414 0.998717666 0.049932640 -0.008411929 17.104066849
-0.012101623 0.045505896 -0.998890877 -192.571990967 -0.046620190 0.997851312 0.046023458 6.597748756 0.998839855 0.047125388 -0.009954149 17.089721680
-0.013397980 0.046005115 -0.998851538 -193.489562988 -0.045110293 0.997895598 0.046566293 6.621164322 0.998892605 0.045682333 -0.011294505 17.071338654
-0.014293690 0.044895060 -0.998889625 -194.399429321 -0.045596734 0.997922421 0.045504179 6.645318031 0.998858154 0.046196468 -0.012216951 17.049785614
-0.014984723 0.043713108 -0.998931885 -195.308547974 -0.047384355 0.997889876 0.044378422 6.671010494 0.998764873 0.047998689 -0.012881811 17.027433395
-0.014763154 0.043024641 -0.998965144 -196.220611572 -0.051023379 0.997739255 0.043726008 6.696777344 0.998588800 0.051616065 -0.012534541 17.002862930
-0.013728322 0.041331697 -0.999051392 -197.131713867 -0.053689707 0.997672975 0.042012557 6.720545769 0.998463750 0.054215487 -0.011477313 16.977352142
-0.012683265 0.038652558 -0.999172390 -198.048904419 -0.053892113 0.997773290 0.039282646 6.743813992 0.998466671 0.054345693 -0.010571976 16.957286835
-0.012168025 0.036033574 -0.999276757 -198.968368530 -0.053593822 0.997890115 0.036636293 6.766785622 0.998489141 0.054000806 -0.010211195 16.942211151
-0.011533376 0.035664208 -0.999297619 -199.896102905 -0.053574167 0.997905910 0.036232982 6.788318634 0.998497725 0.053954370 -0.009598563 16.927062988
-0.010941124 0.038302351 -0.999206841 -200.831924438 -0.050962500 0.997945845 0.038812160 6.811042786 0.998641014 0.051346660 -0.008966685 16.914588928
-0.010823476 0.039604519 -0.999157369 -201.772583008 -0.050487097 0.997919023 0.040102441 6.831941605 0.998666465 0.050878532 -0.008801457 16.900096893
-0.009862179 0.035897549 -0.999307394 -202.713806152 -0.045564827 0.998300970 0.036311183 6.852273941 0.998913169 0.045891300 -0.008209777 16.888793945
-0.009776896 0.032473154 -0.999425352 -203.660537720 -0.044033006 0.998488665 0.032873593 6.877950191 0.998982728 0.044329040 -0.008332249 16.877077103
-0.008976962 0.032877818 -0.999419630 -204.620239258 -0.048366386 0.998274982 0.033274710 6.902850628 0.998789728 0.048636951 -0.007371316 16.854770660
-0.007367355 0.036958717 -0.999290228 -205.589355469 -0.049663469 0.998069763 0.037279833 6.922467709 0.998739302 0.049902804 -0.005517655 16.838644028
-0.005328664 0.036271054 -0.999328375 -206.561401367 -0.047289904 0.998214424 0.036482897 6.946633339 0.998867452 0.047452480 -0.003603912 16.828786850
-0.003105972 0.037356567 -0.999297738 -207.539566040 -0.045890860 0.998243570 0.037459910 6.977365017 0.998942077 0.045974914 -0.001386210 16.821130753
-0.001161953 0.042076882 -0.999114275 -208.531158447 -0.046620935 0.998025358 0.042085357 7.005266666 0.998912394 0.046628479 0.000801988 16.809732437
0.000231740 0.045612305 -0.998959839 -209.519073486 -0.043061897 0.998032689 0.045560099 7.037694931 0.999072790 0.043006487 0.002195418 16.807123184
0.001635812 0.046257399 -0.998928785 -210.532730103 -0.042632326 0.998024046 0.046145801 7.068211555 0.999089837 0.042511120 0.003604623 16.803831100
0.003250952 0.046465699 -0.998915315 -211.541824341 -0.045387466 0.997896850 0.046270732 7.104367256 0.998964489 0.045187753 0.005353059 16.805139542
0.006442236 0.048172042 -0.998818874 -212.567031860 -0.048148092 0.997694969 0.047807410 7.139557838 0.998819709 0.047783185 0.008746763 16.798549652
0.009960945 0.048314370 -0.998783231 -213.595001221 -0.049145527 0.997648180 0.047769457 7.174106598 0.998742282 0.048609838 0.012311937 16.801483154
0.013093702 0.045827068 -0.998864233 -214.626907349 -0.051989261 0.997628748 0.045088992 7.207340717 0.998562217 0.051339772 0.015445153 16.804729462
