1.000000000 0.000000000 0.000000000 0.000000000 0.000000000 1.000000000 0.000000000 0.000000000 0.000000000 0.000000000 1.000000000 0.000000000
0.999931157 -0.002813294 0.011390273 0.015185907 0.002800640 0.999995470 0.001126737 -0.005464522 -0.011393392 -0.001094759 0.999934494 0.293673187
0.999824762 -0.004948298 0.018054616 0.027540157 0.004927411 0.999987185 0.001201158 -0.009789160 -0.018060327 -0.001111985 0.999836266 0.590570509
0.999770463 -0.007761910 0.019970769 0.038073067 0.007767431 0.999969840 -0.000198911 -0.011211555 -0.019968621 0.000353987 0.999800503 0.892120063
0.999800205 -0.009308588 0.017690564 0.048183288 0.009333954 0.999955535 -0.001351911 -0.017017039 -0.017677194 0.001516764 0.999842584 1.187630177
0.999871433 -0.011849911 0.010804540 0.051498041 0.011880641 0.999925554 -0.002784446 -0.019015931 -0.010770742 0.002912453 0.999937713 1.500292063
0.999906480 -0.013555745 -0.001832143 0.051044296 0.013547242 0.999897778 -0.004576600 -0.024608612 0.001893993 0.004551351 0.999987781 1.816452026
0.999739826 -0.012846516 -0.018848799 0.039476342 0.012764755 0.999908626 -0.004451681 -0.034740880 0.018904261 0.004209923 0.999812365 2.136897087
0.999219418 -0.008204443 -0.038643450 0.013609432 0.008050612 0.999959052 -0.004134693 -0.042935476 0.038675785 0.003820361 0.999244452 2.471538305
0.998254657 -0.004575716 -0.058879662 -0.018177330 0.004281521 0.999977708 -0.005121720 -0.049552187 0.058901779 0.004860685 0.998251915 2.818093300
0.996813774 -0.004247208 -0.079653151 -0.053271607 0.003827228 0.999977946 -0.005424489 -0.054698735 0.079674423 0.005102353 0.996807873 3.178012848
0.994874179 -0.005509451 -0.100971453 -0.099255949 0.005064883 0.999976277 -0.004658706 -0.059492566 0.100994706 0.004123418 0.994878352 3.548364639
0.992604196 -0.006958776 -0.121197686 -0.152343333 0.006557880 0.999971569 -0.003706325 -0.065084480 0.121220008 0.002884113 0.992621481 3.935859203
0.990230918 -0.006089608 -0.139305338 -0.219237119 0.005734986 0.999979079 -0.002946900 -0.072022304 0.139320359 0.002119196 0.990245104 4.335614204
0.987885594 -0.004902032 -0.155107796 -0.296151459 0.004645346 0.999987066 -0.002017289 -0.079984739 0.155115664 0.001272320 0.987895429 4.746910095
0.985627592 -0.004302524 -0.168879211 -0.378343165 0.003981846 0.999989450 -0.002237458 -0.084654704 0.168887034 0.001532848 0.985634208 5.167491436
0.983455181 -0.005727783 -0.181062415 -0.466184080 0.005257224 0.999981403 -0.003078665 -0.091715254 0.181076646 0.002075841 0.983466744 5.601243973
0.981565833 -0.009445106 -0.190891698 -0.556048274 0.008550475 0.999948204 -0.005509726 -0.097002253 0.190933838 0.003775941 0.981595635 6.049519062
0.980026960 -0.008642989 -0.198678076 -0.658499002 0.007303021 0.999945343 -0.007476198 -0.102049328 0.198731810 0.005875923 0.980036199 6.511480808
0.978391409 -0.008674787 -0.206579983 -0.762012959 0.006982115 0.999935806 -0.008921415 -0.110633016 0.206644088 0.007286268 0.978389025 6.982398033
0.976649582 -0.009379935 -0.214635268 -0.875997543 0.007013729 0.999905884 -0.011783236 -0.118704610 0.214725569 0.010002690 0.976623118 7.468053341
0.974839091 -0.013378017 -0.222509027 -0.991694391 0.010639643 0.999852061 -0.013501018 -0.128469303 0.222656712 0.010793895 0.974837065 7.968903065
0.972952724 -0.019811364 -0.230154738 -1.111145020 0.016841719 0.999747634 -0.014860304 -0.139789134 0.230391040 0.010582162 0.973040581 8.483103752
0.970884502 -0.020376788 -0.238680989 -1.247039080 0.016699392 0.999708652 -0.017419377 -0.152684331 0.238966376 0.012926366 0.970941722 9.005818367
0.968819082 -0.016293192 -0.247233987 -1.401541591 0.011266205 0.999700129 -0.021734048 -0.164306492 0.247513950 0.018270962 0.968712032 9.536365509
0.966606021 -0.013416843 -0.255916566 -1.561870575 0.007310395 0.999665618 -0.024797484 -0.180030406 0.256163657 0.022098536 0.966380715 10.081418991
0.964235425 -0.016078718 -0.264560014 -1.719287276 0.009377359 0.999602735 -0.026573734 -0.198717296 0.264882147 0.023142451 0.964002967 10.641052246
0.961769044 -0.019168491 -0.273191005 -1.880623817 0.011671572 0.999509931 -0.029041003 -0.218184173 0.273613751 0.024742160 0.961521327 11.216497421
0.959483445 -0.018803719 -0.281137764 -2.059767485 0.010342746 0.999448478 -0.031549148 -0.240873158 0.281575978 0.027363133 0.959148645 11.797305107
0.957152665 -0.018135032 -0.289016187 -2.250898838 0.008352422 0.999350607 -0.035045486 -0.266258717 0.289464086 0.031129885 0.956682444 12.386960983
0.954814434 -0.019215537 -0.296580642 -2.445999861 0.007594535 0.999158978 -0.040285852 -0.294055909 0.297105551 0.036213115 0.954157531 12.989362717
0.953024864 -0.020701025 -0.302183807 -2.648956299 0.006497306 0.998829067 -0.047933377 -0.325883150 0.302822411 0.043718316 0.952043593 13.600205421
0.951757610 -0.021455470 -0.306099683 -2.860822916 0.004494795 0.998420000 -0.056006640 -0.362415612 0.306817830 0.051928893 0.950350463 14.221761703
0.950438440 -0.021685846 -0.310155600 -3.077624083 0.001683028 0.997908413 -0.064615533 -0.403906226 0.310908347 0.060891092 0.948487282 14.856028557
0.949048519 -0.021115603 -0.314421982 -3.301595211 -0.002162098 0.997292459 -0.073501110 -0.450655937 0.315122962 0.070435934 0.946433306 15.497291565
0.947654605 -0.020679791 -0.318626791 -3.531484127 -0.005334013 0.996735513 -0.080555305 -0.502854645 0.319252670 0.078038186 0.944450855 16.148513794
0.946044862 -0.018784247 -0.323490709 -3.771861553 -0.010053260 0.996135950 -0.087243594 -0.563252389 0.323879778 0.085788503 0.942200541 16.809175491
0.944435120 -0.017710073 -0.328220397 -4.019865036 -0.013654271 0.995571375 -0.093008250 -0.629379392 0.328414202 0.092321880 0.940010905 17.476716995
0.942793787 -0.015691910 -0.333006799 -4.275607586 -0.018182537 0.994984210 -0.098363087 -0.701124191 0.332880229 0.098791040 0.937779725 18.154613495
0.941114604 -0.013155581 -0.337831318 -4.539592266 -0.022522174 0.994583130 -0.101471528 -0.774976134 0.337336540 0.103105053 0.935720682 18.840963364
0.939348817 -0.012019639 -0.342752844 -4.813087463 -0.024780910 0.994394422 -0.102785863 -0.853661180 0.342067361 0.105045527 0.933785200 19.546745300
0.937116742 -0.011702942 -0.348819971 -5.088783264 -0.025499271 0.994470656 -0.101869188 -0.935960293 0.348083735 0.104357995 0.931636572 20.258533478
0.934812844 -0.011274827 -0.354962021 -5.372636795 -0.026147623 0.994597852 -0.100453086 -1.016387463 0.354177475 0.103186257 0.929467857 20.975719452
0.932258070 -0.011478755 -0.361612082 -5.668587685 -0.026069127 0.994767010 -0.098784909 -1.096077323 0.360854089 0.101519957 0.927080154 21.701877594
0.929070413 -0.010572350 -0.369751811 -5.972709656 -0.026804574 0.995039105 -0.095802680 -1.176117659 0.368930787 0.098918505 0.924177885 22.434087753
0.925821960 -0.008497397 -0.377864420 -6.291764259 -0.027667888 0.995540917 -0.090177901 -1.254606247 0.376946181 0.093943417 0.921458483 23.174787521
0.922337949 -0.004824277 -0.386354089 -6.622270584 -0.030425392 0.995910048 -0.085069671 -1.332422495 0.385184735 0.090217993 0.918418765 23.919878006
0.918736458 -0.001075027 -0.394870013 -6.964007854 -0.033663720 0.996142149 -0.081036635 -1.409289122 0.393434227 0.087744132 0.915155768 24.674043655
0.914943337 -0.000171809 -0.403582454 -7.315732956 -0.034854807 0.996229649 -0.079441793 -1.480693340 0.402074903 0.086751550 0.911487460 25.435319901
0.910916448 -0.000151163 -0.412591100 -7.674456596 -0.035652194 0.996230364 -0.079077654 -1.549790025 0.411048204 0.086742923 0.907477081 26.202093124
0.907044590 -0.000181858 -0.421035051 -8.044911385 -0.036003590 0.996303260 -0.077993527 -1.618348360 0.419493169 0.085902400 0.903684616 26.976425171
0.903135300 0.000773209 -0.429355621 -8.426133156 -0.037171718 0.996384203 -0.076395042 -1.688572168 0.427744508 0.084954977 0.899898291 27.751529694
0.899279714 -0.000234839 -0.437374145 -8.819047928 -0.035885200 0.996588409 -0.074318148 -1.757909536 0.435899913 0.082528092 0.896203101 28.543468475
0.895416558 0.000136573 -0.445229650 -9.222162247 -0.035086516 0.996911287 -0.070257828 -1.825957775 0.443845302 0.078531601 0.892655432 29.339248657
0.891668797 0.001967067 -0.452684224 -9.643536568 -0.035019837 0.997293234 -0.064646214 -1.890046000 0.451332241 0.073495969 0.889324009 30.153417587
0.887865901 0.002218300 -0.460097224 -10.080567360 -0.033891495 0.997586727 -0.060591783 -1.955295444 0.458852977 0.069390789 0.885798216 30.970560074
0.884203732 0.001251084 -0.467099935 -10.524073601 -0.032515816 0.997735083 -0.058878876 -2.016755342 0.465968758 0.067249082 0.882241607 31.790832520
0.880965710 0.000517138 -0.473179996 -10.976649284 -0.031764131 0.997807920 -0.058047842 -2.073782921 0.472113222 0.066168323 0.879050910 32.611976624
0.877951860 0.001080329 -0.478747666 -11.447350502 -0.031928860 0.997902811 -0.056300860 -2.130792379 0.477683306 0.064715348 0.876145065 33.443122864
0.874915600 -0.000281902 -0.484275609 -11.922199249 -0.030183282 0.998023510 -0.055111460 -2.189830303 0.483334482 0.062834918 0.873177707 34.288883209
0.872392476 -0.001578912 -0.488803625 -12.417948723 -0.029126488 0.998049438 -0.055207312 -2.246628761 0.487937897 0.062399585 0.870644867 35.140422821
0.870616257 -0.002900361 -0.491954327 -12.941592216 -0.028307313 0.998029947 -0.055979632 -2.299745560 0.491148114 0.062662683 0.868819058 36.006740570
0.869316101 -0.002721159 -0.494249105 -13.448701859 -0.028990017 0.997981906 -0.056483924 -2.357739449 0.493405908 0.063430682 0.867482901 36.869739532
0.868948221 -0.002476478 -0.494896829 -13.968490601 -0.028848650 0.998032987 -0.055647075 -2.418328285 0.494061798 0.062631525 0.867167652 37.750953674
0.868786812 -0.002048201 -0.495181918 -14.484541893 -0.028453970 0.998132050 -0.054050405 -2.480606079 0.494368285 0.061048180 0.867105901 38.642425537
0.868529916 -0.003368558 -0.495625377 -15.004958153 -0.026729133 0.998202741 -0.053624243 -2.542999506 0.494915754 0.059821896 0.866879106 39.539520264
0.867923915 -0.005484627 -0.496667057 -15.532616615 -0.024883498 0.998202682 -0.054506779 -2.605168581 0.496073902 0.059666544 0.866227508 40.449230194
0.866814852 -0.007895904 -0.498567700 -16.066265106 -0.022544259 0.998230934 -0.055004779 -2.668475628 0.498120606 0.058918800 0.865103483 41.368831635
0.865221083 -0.008372571 -0.501320660 -16.608154297 -0.021051515 0.998371661 -0.053006239 -2.734237432 0.500948727 0.056415670 0.863636136 42.296512604
0.863131046 -0.007885349 -0.504918456 -17.160095215 -0.019714447 0.998589039 -0.049295768 -2.799199581 0.504595339 0.052502897 0.861757934 43.230247498
0.860240221 -0.008298576 -0.509821475 -17.710355759 -0.017216746 0.998824060 -0.045308661 -2.863270044 0.509598613 0.047753800 0.859086037 44.154449463
0.856225967 -0.008526103 -0.516531229 -18.269855499 -0.016197853 0.998928547 -0.043339029 -2.926126957 0.516347945 0.045474689 0.855170608 45.069107056
0.850929916 -0.012230568 -0.525136948 -18.833909988 -0.013810516 0.998861849 -0.045642193 -2.987665653 0.525098085 0.046090715 0.849792659 45.976158142
0.844744563 -0.015915189 -0.534933090 -19.408422470 -0.012185020 0.998726070 -0.048955865 -3.049103260 0.535031497 0.047873363 0.843474686 46.878139496
0.838574231 -0.016244760 -0.544545174 -20.002641678 -0.012055770 0.998756707 -0.048359971 -3.109340191 0.544654310 0.047118336 0.837335885 47.779228210
0.832737625 -0.012976062 -0.553515851 -20.608695984 -0.013153537 0.998978913 -0.043207850 -3.171067476 0.553511977 0.043261487 0.831716895 48.676860809
0.827592790 -0.008273873 -0.561267972 -21.225669861 -0.016285203 0.999116004 -0.038740944 -3.231749535 0.561093032 0.041202091 0.826726735 49.565410614
0.823556662 -0.008483071 -0.567170739 -21.844869614 -0.017472666 0.999033749 -0.040313389 -3.287275314 0.566965342 0.043110337 0.822612762 50.445007324
0.820109665 -0.010772979 -0.572105169 -22.464365005 -0.017949192 0.998845935 -0.044538707 -3.345373154 0.571925282 0.046795443 0.818969905 51.317943573
0.817081451 -0.012976282 -0.576376319 -23.091772079 -0.020528279 0.998457372 -0.051580034 -3.407518864 0.576157093 0.053977095 0.815554619 52.185245514
0.813847303 -0.014207889 -0.580905139 -23.726345062 -0.020464215 0.998379707 -0.053088870 -3.472810268 0.580718637 0.055093993 0.812237859 53.057216644
0.810522079 -0.012542123 -0.585573673 -24.364910126 -0.020020746 0.998592734 -0.049100067 -3.539067984 0.585366070 0.051520314 0.809130490 53.925037384
0.807432234 -0.009975789 -0.589875758 -25.016345978 -0.019754265 0.998838782 -0.043931987 -3.602543354 0.589629650 0.047124669 0.806297839 54.796524048
0.804464042 -0.008064231 -0.593946397 -25.667533875 -0.020321980 0.998948395 -0.041087933 -3.659742355 0.593653738 0.045123935 0.803454459 55.657646179
0.801466763 -0.007829080 -0.597987831 -26.325145721 -0.021365328 0.998900771 -0.041713320 -3.715802193 0.597657621 0.046208061 0.800418675 56.515445709
0.797982574 -0.008993708 -0.602613211 -26.982952118 -0.021565020 0.998821855 -0.043463364 -3.773521423 0.602294743 0.047678374 0.796848595 57.368240356
0.794160962 -0.011676660 -0.607595205 -27.649196625 -0.020621078 0.998721421 -0.046146110 -3.832488060 0.607357740 0.049176708 0.792904854 58.221332550
0.790052235 -0.012756054 -0.612906516 -28.325906754 -0.019985616 0.998715699 -0.046547599 -3.893028975 0.612713754 0.049024358 0.788782835 59.073738098
0.785645187 -0.012943592 -0.618541718 -29.006847382 -0.019543963 0.998762488 -0.045723945 -3.955089331 0.618368804 0.048011556 0.784420073 59.921653748
0.780832648 -0.012480975 -0.624615252 -29.695346832 -0.020060720 0.998783469 -0.045035459 -4.017374039 0.624418080 0.047695402 0.779632628 60.764125824
0.775548339 -0.013718201 -0.631138861 -30.392681122 -0.020049322 0.998723686 -0.046344608 -4.077619076 0.630969763 0.048596419 0.774283648 61.606536865
0.770414114 -0.014987435 -0.637367368 -31.097110748 -0.019785237 0.998679459 -0.047398791 -4.139398575 0.637236834 0.049127188 0.769100428 62.435779572
0.765096009 -0.016315250 -0.643709242 -31.809322357 -0.019387547 0.998641431 -0.048354749 -4.202451706 0.643624187 0.049475994 0.763740540 63.264915466
0.759633482 -0.017635826 -0.650112092 -32.532032013 -0.019280968 0.998581529 -0.049617987 -4.266048431 0.650065660 0.050226301 0.758216023 64.091888428
0.753676057 -0.019390058 -0.656959832 -33.275184631 -0.018663067 0.998529732 -0.050882004 -4.329302788 0.656981170 0.050609458 0.752206147 64.937446594
0.747768819 -0.020741148 -0.663634896 -34.032684326 -0.017436264 0.998553336 -0.050855394 -4.399913311 0.663730204 0.049599413 0.746325552 65.779479980
0.741511464 -0.020683242 -0.670621157 -34.797096252 -0.016574372 0.998654544 -0.049126808 -4.467243671 0.670735538 0.047543235 0.740171075 66.614555359
0.735088408 -0.021172313 -0.677640438 -35.563140869 -0.015918599 0.998697221 -0.048471540 -4.534138680 0.677784562 0.046417970 0.733793736 67.435440063
0.728713512 -0.023101453 -0.684428692 -36.336116791 -0.014596790 0.998679280 -0.049249534 -4.602430344 0.684663057 0.045879282 0.727414072 68.246925354
0.722294807 -0.024934594 -0.691135466 -37.107986450 -0.014475609 0.998585284 -0.051154874 -4.667133808 0.691433847 0.046953525 0.720912158 69.044540405
0.716260850 -0.024437526 -0.697404504 -37.901424408 -0.015715083 0.998567820 -0.051130436 -4.734300613 0.697655678 0.047582507 0.714851260 69.847167969
0.710750580 -0.024085848 -0.703031600 -38.711261749 -0.015975405 0.998602748 -0.050362874 -4.802662849 0.703262806 0.047026664 0.709372818 70.658103943
0.706123769 -0.023481220 -0.707698762 -39.541778564 -0.017246896 0.998582661 -0.050341118 -4.871540546 0.707878411 0.047752678 0.704718173 71.460479736
0.701359212 -0.024505999 -0.712386370 -40.370681763 -0.017295910 0.998529017 -0.051377404 -4.941021919 0.712598085 0.048355408 0.699903965 72.261047363
0.696511745 -0.026220068 -0.717065990 -41.209136963 -0.018066611 0.998374045 -0.054055005 -5.013692856 0.717317998 0.050604913 0.694905698 73.052162170
0.691491246 -0.028799523 -0.721810341 -42.054885864 -0.017571770 0.998238266 -0.056662355 -5.086174965 0.722171009 0.051865019 0.689767182 73.851982117
0.686566412 -0.029379377 -0.726473093 -42.907562256 -0.017949810 0.998193324 -0.057331782 -5.160754681 0.726845562 0.052402142 0.684798777 74.643157959
0.681952655 -0.029169649 -0.730814219 -43.779487610 -0.017340273 0.998278141 -0.056026056 -5.237664223 0.731190681 0.050879650 0.680272996 75.437751770
0.676977992 -0.029110450 -0.735427082 -44.655544281 -0.016869703 0.998340786 -0.055046286 -5.316565990 0.735809863 0.049671579 0.675363839 76.229393005
0.672016084 -0.030248160 -0.739918232 -45.536422729 -0.016241424 0.998322606 -0.055562735 -5.393049240 0.740358353 0.049356397 0.670397758 77.014076233
0.667265236 -0.031427864 -0.744156241 -46.422462463 -0.015208167 0.998325825 -0.055798870 -5.469168663 0.744664729 0.048549939 0.665670335 77.800247192
0.662881494 -0.032208569 -0.748030663 -47.318706512 -0.014205648 0.998353064 -0.055575434 -5.546052456 0.748589456 0.047466215 0.661332369 78.583885193
0.658933938 -0.033227880 -0.751465917 -48.221199036 -0.013016043 0.998370230 -0.055558588 -5.623053074 0.752087891 0.046390589 0.657427788 79.362365723
0.655014396 -0.036187448 -0.754748762 -49.123992920 -0.010340092 0.998329401 -0.056839917 -5.701686859 0.755545318 0.045035157 0.653546274 80.139099121
0.650846362 -0.040998369 -0.758101106 -50.032371521 -0.007133187 0.998166144 -0.060105089 -5.781582832 0.759175777 0.044526882 0.649360538 80.909454346
0.646031618 -0.045257557 -0.761967182 -50.947593689 -0.002817198 0.998092175 -0.061670847 -5.862486362 0.763305306 0.041987948 0.644671917 81.681045532
0.639367163 -0.048914734 -0.767343521 -51.872978210 0.002267727 0.998089671 -0.061734188 -5.947612762 0.768897951 0.037730701 0.638256967 82.453247070
0.631043673 -0.052813634 -0.773946881 -52.809516907 0.007059077 0.998028994 -0.062349118 -6.033049583 0.775714874 0.033881672 0.630172968 83.218078613
0.622133136 -0.053863332 -0.781055927 -53.761741638 0.009759468 0.998086214 -0.061056457 -6.117964745 0.782850385 0.030362561 0.621468365 83.973892212
0.613342762 -0.052430928 -0.788074136 -54.734649658 0.010180178 0.998235643 -0.058489967 -6.203876495 0.789751053 0.027851667 0.612794578 84.725608826
0.604432821 -0.052245025 -0.794940710 -55.719409943 0.009586085 0.998251498 -0.058318149 -6.288661957 0.796598017 0.027629049 0.603877127 85.464057922
0.594948709 -0.053741768 -0.801964521 -56.713897705 0.008777894 0.998136640 -0.060375709 -6.368456841 0.803715169 0.028880907 0.594312251 86.195907593
0.584916532 -0.056038439 -0.809154928 -57.723159790 0.009353973 0.998009562 -0.062355872 -6.453368664 0.811039150 0.028904170 0.584276795 86.923019409
0.575187087 -0.057882037 -0.815971017 -58.744865417 0.009834614 0.997910082 -0.063855536 -6.538419724 0.817962348 0.028704135 0.574554563 87.637802124
0.565062761 -0.058758557 -0.822952569 -59.777778625 0.012651825 0.997960091 -0.062566884 -6.627987862 0.824950516 0.024942368 0.564653814 88.343353271
0.554917634 -0.058898866 -0.829817116 -60.818737030 0.013869419 0.998006284 -0.061561756 -6.719461918 0.831789255 0.022652628 0.554628611 89.031478882
0.544714212 -0.059657544 -0.836496651 -61.873924255 0.014031835 0.997974634 -0.062036496 -6.808721542 0.838503957 0.022054587 0.544448495 89.709114075
0.534769773 -0.060606457 -0.842821121 -62.941123962 0.013245234 0.997902691 -0.063354060 -6.899534702 0.844893575 0.022716481 0.534451246 90.372009277
0.524884820 -0.061078418 -0.848978579 -64.015884399 0.011608044 0.997842431 -0.064611413 -6.990598202 0.851093769 0.024058573 0.524461746 91.024513245
0.515232801 -0.062243715 -0.854786515 -65.101257324 0.010613106 0.997745693 -0.066256441 -7.084799290 0.856984198 0.025065562 0.514732242 91.666229248
0.505900264 -0.062055521 -0.860356331 -66.198219299 0.009496097 0.997748673 -0.066381395 -7.179373264 0.862539351 0.025412358 0.505351186 92.298377991
0.497355402 -0.060032792 -0.865466714 -67.311508179 0.008656668 0.997896135 -0.064243935 -7.273898125 0.867503464 0.024460020 0.496829301 92.925811768
0.489472359 -0.058561351 -0.870049596 -68.424369812 0.009123549 0.998031199 -0.062042754 -7.367255211 0.871970773 0.022430282 0.489043593 93.546012878
0.482003301 -0.059001837 -0.874179900 -69.543472290 0.009339835 0.998018801 -0.062210359 -7.459728718 0.876119375 0.021820910 0.481599927 94.154678345
0.474512577 -0.062094670 -0.878055274 -70.662887573 0.010926705 0.997846901 -0.064661130 -7.552816868 0.880180657 0.021088278 0.474169999 94.755874634
0.468007296 -0.065707527 -0.881277859 -71.785469055 0.013299389 0.997642159 -0.067320794 -7.646106720 0.883624196 0.019786177 0.467778265 95.341049194
0.462068826 -0.068607584 -0.884185672 -72.916061401 0.014246534 0.997448146 -0.069950864 -7.744493961 0.886729419 0.019725539 0.461867690 95.925003052
0.456595540 -0.072336778 -0.886728287 -74.050491333 0.016288396 0.997201264 -0.072961539 -7.849117756 0.889524937 0.018870533 0.456496447 96.509475708
0.451759189 -0.073433295 -0.889112115 -75.188201904 0.019305851 0.997177482 -0.072549202 -7.958736897 0.891930759 0.015609707 0.451902360 97.091178894
0.447369337 -0.070962101 -0.891529083 -76.334564209 0.021407275 0.997410774 -0.068647616 -8.069653511 0.894092798 0.011625624 0.447730660 97.671401978
0.443181098 -0.068990521 -0.893772960 -77.475830078 0.024851082 0.997595906 -0.064682081 -8.178652763 0.896087468 0.006454630 0.443830699 98.251724243
0.439803928 -0.068425626 -0.895482898 -78.624748230 0.026532877 0.997647524 -0.063200913 -8.280174255 0.897701740 0.004036254 0.440585434 98.812843323
0.436844021 -0.068417788 -0.896931171 -79.759796143 0.028364426 0.997654736 -0.062286217 -8.378743172 0.899089873 0.001768405 0.437760741 99.367218018
0.434522450 -0.067828216 -0.898102880 -80.893951416 0.030156758 0.997696280 -0.060759317 -8.472020149 0.900155962 -0.000682602 0.435567468 99.909194946
0.432189614 -0.066988744 -0.899290800 -82.023033142 0.031776302 0.997748554 -0.059051521 -8.566780090 0.901222706 -0.003054707 0.433345824 100.449256897
0.430113465 -0.068503797 -0.900171638 -83.136459351 0.034255575 0.997636735 -0.059553161 -8.654992104 0.902124643 -0.005221302 0.431444228 100.976119995
0.428055018 -0.069564037 -0.901070952 -84.244438171 0.036633492 0.997548819 -0.059609417 -8.743124008 0.903009892 -0.007493292 0.429554731 101.498626709
0.425757587 -0.069250859 -0.902182996 -85.353195190 0.039360844 0.997540057 -0.057995196 -8.829062462 0.903980732 -0.010818820 0.427436620 102.020187378
0.423941374 -0.068693087 -0.903080523 -86.450042725 0.040864520 0.997554302 -0.056695811 -8.917357445 0.904767156 -0.012868278 0.425712317 102.528976440
0.422456414 -0.070323125 -0.903650701 -87.535705566 0.043209329 0.997414052 -0.057419512 -9.003562927 0.905352652 -0.014788938 0.424403220 103.034072876
0.421464503 -0.071864985 -0.903992593 -88.614723206 0.044593520 0.997290909 -0.058491241 -9.090107918 0.905747592 -0.015660241 0.423528254 103.532592773
0.420952052 -0.073257446 -0.904119551 -89.681549072 0.044624094 0.997198582 -0.060022525 -9.179485321 0.905984402 -0.015078922 0.423042625 104.027801514
0.421257824 -0.073925048 -0.903922856 -90.734565735 0.044183556 0.997161388 -0.060959280 -9.271289825 0.905864000 -0.014258960 0.423329055 104.515716553
0.423622519 -0.073728070 -0.902833164 -91.773071289 0.042083561 0.997207344 -0.061688669 -9.361053467 0.904860556 -0.011861736 0.425543010 104.995880127
0.427907497 -0.073937930 -0.900792837 -92.809005737 0.040199742 0.997218430 -0.062756315 -9.451408386 0.902927935 -0.009357749 0.429690331 105.480087280
0.433082283 -0.074381419 -0.898279786 -93.834358215 0.039017849 0.997201562 -0.063761070 -9.542260170 0.900509417 -0.007435161 0.434773415 105.963371277
0.438786417 -0.074468702 -0.895500124 -94.851875305 0.038668491 0.997201204 -0.063978799 -9.630870819 0.897758901 -0.006554610 0.440438837 106.457000732
0.445802420 -0.073025346 -0.892147362 -95.863014221 0.037552342 0.997314513 -0.062868811 -9.721286774 0.894343197 -0.005475159 0.447348386 106.951828003
0.454059064 -0.071673803 -0.888083637 -96.865882874 0.036295801 0.997419119 -0.061940465 -9.808308601 0.890231907 -0.004109082 0.455489546 107.452728271
0.462969154 -0.071144640 -0.883514225 -97.851318359 0.036089964 0.997459412 -0.061408523 -9.894899368 0.885639250 -0.003455748 0.464361459 107.960876465
0.472367436 -0.070746481 -0.878557444 -98.828536987 0.035647929 0.997490644 -0.061157037 -9.979369164 0.880680323 -0.002430149 0.473705232 108.480575562
0.482273906 -0.071598776 -0.873089254 -99.798622131 0.035145789 0.997432590 -0.062381923 -10.063640594 0.875314891 -0.000600223 0.483553380 109.008605957
0.492586136 -0.072924137 -0.867202520 -100.758193970 0.033454236 0.997332394 -0.064864255 -10.148252487 0.869620144 0.002939649 0.493712991 109.546646118
0.504090726 -0.073716894 -0.860498428 -101.709182739 0.032010745 0.997259974 -0.066680565 -10.235009193 0.863057137 0.006067878 0.505070448 110.092544556
0.516442776 -0.071836121 -0.853302777 -102.634536743 0.029975452 0.997380197 -0.065823339 -10.322057724 0.855796576 0.008415879 0.517244458 110.640563965
0.529475391 -0.069169872 -0.845500231 -103.554313660 0.028606154 0.997558534 -0.063695632 -10.408031464 0.847842574 0.009538785 0.530162692 111.202880859
0.542117655 -0.066642992 -0.837655246 -104.463272095 0.028108977 0.997729719 -0.061186567 -10.492628098 0.839832008 0.009624715 0.542761564 111.773963928
0.553973377 -0.066087469 -0.829906702 -105.347167969 0.028471382 0.997764409 -0.060449284 -10.573314667 0.832047045 0.009858722 0.554617822 112.355850220
0.565321207 -0.067134447 -0.822133839 -106.236816406 0.029552214 0.997690320 -0.061149187 -10.645746231 0.824340880 0.010273078 0.566000760 112.960456848
0.576561332 -0.068180799 -0.814203620 -107.105125427 0.030106161 0.997607589 -0.062219761 -10.727802277 0.816498637 0.011360993 0.577235937 113.568511963
0.587569118 -0.070060268 -0.806134939 -107.958679199 0.032623578 0.997485101 -0.062911779 -10.808113098 0.808515608 0.010666050 0.588378251 114.184326172
0.598175347 -0.070208706 -0.798283339 -108.793289185 0.033426054 0.997473061 -0.062680200 -10.887310982 0.800667226 0.010810325 0.599011779 114.812255859
0.608938873 -0.068466336 -0.790256381 -109.626586914 0.033278562 0.997595191 -0.060786575 -10.961250305 0.792518198 0.010716748 0.609754205 115.439544678
0.618798971 -0.066318221 -0.782744586 -110.443763733 0.034159645 0.997758567 -0.057530295 -11.032452583 0.784805655 0.008861443 0.619678557 116.082229614
0.628829598 -0.064737149 -0.774843037 -111.238937378 0.032955438 0.997850895 -0.056623835 -11.103445053 0.776843727 0.010071481 0.629612923 116.721199036
0.639065206 -0.064664029 -0.766429067 -112.022438049 0.031356975 0.997821033 -0.058040444 -11.169426918 0.768512487 0.013058771 0.639701724 117.355499268
0.648602605 -0.064157486 -0.758417964 -112.791976929 0.029610494 0.997812986 -0.059085671 -11.245264053 0.760550439 0.015866030 0.649085224 118.003234863
0.657831788 -0.064022295 -0.750438392 -113.532501221 0.029808987 0.997812450 -0.058995966 -11.313391685 0.752574086 0.016439656 0.658302486 118.645309448
0.666914105 -0.062040500 -0.742546856 -114.270996094 0.029667765 0.997947872 -0.056733437 -11.387371063 0.744543135 0.015806656 0.667387426 119.304969788
0.675607681 -0.060388982 -0.734783471 -114.994422913 0.029908866 0.998063624 -0.054526657 -11.457657814 0.736653805 0.014862124 0.676106930 119.962600708
0.683674037 -0.059992626 -0.727316797 -115.700103760 0.030482320 0.998092592 -0.053674169 -11.526350021 0.729149878 0.014525377 0.684200406 120.624107361
0.691413462 -0.059280694 -0.720022380 -116.395629883 0.029565159 0.998114169 -0.053785905 -11.593214035 0.721853316 0.015900770 0.691863835 121.287216187
0.698805094 -0.058454119 -0.712919056 -117.081802368 0.029127127 0.998153687 -0.053290628 -11.657830238 0.714717984 0.016474521 0.699219108 121.955032349
0.706026196 -0.055826191 -0.705981195 -117.754394531 0.028429022 0.998318195 -0.050512072 -11.721711159 0.707614183 0.015592529 0.706427515 122.621871948
0.713451266 -0.053010564 -0.698696077 -118.412879944 0.027423719 0.998482168 -0.047752544 -11.785249710 0.700167179 0.014908301 0.713823676 123.287071228
0.720822752 -0.051511697 -0.691202044 -119.055603027 0.026555462 0.998554230 -0.046723466 -11.846299171 0.692609727 0.015324183 0.721150219 123.948783875
0.728356957 -0.050680801 -0.683320403 -119.680717468 0.025997696 0.998586178 -0.046352282 -11.904470444 0.684703708 0.015996281 0.728646457 124.608863831
0.736275673 -0.047903832 -0.674983263 -120.292068481 0.023620114 0.998702049 -0.045113191 -11.960320473 0.676268578 0.017272592 0.736453176 125.267074585
0.745252728 -0.045169577 -0.665249705 -120.890541077 0.022941262 0.998848557 -0.042120188 -12.014301300 0.666386366 0.016128544 0.745432556 125.929382324
0.754673839 -0.041289274 -0.654798985 -121.470237732 0.021172637 0.999030113 -0.038593084 -12.067358971 0.655757606 0.015261385 0.754817665 126.590957642
0.764652431 -0.039188728 -0.643249691 -122.035026550 0.019521516 0.999099195 -0.037662186 -12.117753983 0.644146264 0.016241277 0.764730334 127.255142212
0.774451494 -0.038320247 -0.631471097 -122.581207275 0.018120732 0.999097347 -0.038405512 -12.166278839 0.632372916 0.018300490 0.774448276 127.920875549
0.784221113 -0.039447360 -0.619225562 -123.113235474 0.018438105 0.999017298 -0.040290616 -12.212511063 0.620206535 0.020179415 0.784179330 128.591979980
0.794085026 -0.038505152 -0.606584966 -123.632064819 0.018108599 0.999046385 -0.039711840 -12.257555008 0.607535839 0.020550182 0.794026673 129.271011353
0.804201066 -0.036844425 -0.593213439 -124.141311646 0.017761031 0.999120057 -0.037977073 -12.303680420 0.594090760 0.020005133 0.804149628 129.956695557
0.814141333 -0.034548730 -0.579637051 -124.637519836 0.017514721 0.999234676 -0.034957677 -12.346770287 0.580401242 0.018308319 0.814125061 130.654327393
0.823625028 -0.033198532 -0.566161335 -125.118927002 0.017939266 0.999310017 -0.032500166 -12.389007568 0.566849709 0.016611433 0.823653996 131.354904175
0.832499027 -0.031780005 -0.553113461 -125.587463379 0.018517034 0.999391079 -0.029551219 -12.427818298 0.553715825 0.014359334 0.832582176 132.063537598
0.840465248 -0.030965965 -0.540979087 -126.046844482 0.019154893 0.999439001 -0.027449330 -12.464832306 0.541525602 0.012707803 0.840588629 132.779434204
0.847544909 -0.031367760 -0.529795051 -126.494812012 0.020811513 0.999447703 -0.025881108 -12.500985146 0.530314267 0.010909553 0.847731233 133.500488281
0.854071438 -0.031177068 -0.519219100 -126.936935425 0.021052428 0.999455273 -0.025383772 -12.535873413 0.519727826 0.010748723 0.854264498 134.228317261
0.860736251 -0.030190703 -0.508153677 -127.371688843 0.020129707 0.999476850 -0.025284618 -12.568349838 0.508651376 0.011534397 0.860895634 134.959396362
0.867342234 -0.028187854 -0.496912032 -127.801177979 0.018593371 0.999532223 -0.024245318 -12.601211548 0.497363150 0.011789709 0.867462575 135.698684692
0.873493135 -0.027196134 -0.486074805 -128.219696045 0.017935283 0.999557436 -0.023695309 -12.633834839 0.486504287 0.011979793 0.873596370 136.446609497
0.879195750 -0.027720343 -0.475652128 -128.630340576 0.018746167 0.999544919 -0.023601511 -12.667140961 0.476089925 0.011833685 0.879317164 137.204895020
0.884156525 -0.029044820 -0.466285557 -129.033081055 0.019890249 0.999500096 -0.024543198 -12.698423386 0.466765434 0.012425488 0.884294093 137.970077515
0.888448775 -0.029490782 -0.458025575 -129.433685303 0.020326391 0.999481916 -0.024925405 -12.730230331 0.458523393 0.012834935 0.888589919 138.743041992
0.891871333 -0.028634138 -0.451380283 -129.834213257 0.019883182 0.999510586 -0.024118956 -12.761226654 0.451850027 0.012536125 0.892006159 139.527770996
0.894938409 -0.027029069 -0.445368588 -130.231384277 0.019883646 0.999587059 -0.020709153 -12.790014267 0.445744455 0.009677854 0.895108163 140.326110840
0.898054481 -0.022927830 -0.439284712 -130.631896973 0.017503893 0.999711573 -0.016394161 -12.816800117 0.439533889 0.007033641 0.898198783 141.137115479
0.901337922 -0.020305149 -0.432638854 -131.031265259 0.015968194 0.999778628 -0.013655390 -12.840849876 0.432820410 0.005399649 0.901464343 141.958526611
0.904505551 -0.017490430 -0.426101536 -131.430068970 0.013979224 0.999837041 -0.011366379 -12.861428261 0.426230848 0.004324368 0.904604435 142.794052124
0.907739460 -0.015898798 -0.419231534 -131.827926636 0.013265266 0.999869049 -0.009195989 -12.878890991 0.419322848 0.002786323 0.907833278 143.644363403
0.910944104 -0.014606996 -0.412269741 -132.221679688 0.013137761 0.999892533 -0.006397752 -12.893695831 0.412318885 0.000411667 0.911039829 144.509902954
0.914252579 -0.014693203 -0.404876620 -132.613586426 0.014108882 0.999889970 -0.004427138 -12.908535957 0.404897064 -0.001664862 0.914361060 145.391067505
0.917671084 -0.014970432 -0.397057205 -133.001831055 0.014827412 0.999883533 -0.003430080 -12.921292305 0.397062212 -0.002739676 0.917787850 146.287277222
0.921220720 -0.015794944 -0.388718128 -133.385147095 0.015699327 0.999870241 -0.003422250 -12.932505608 0.388721675 -0.002949994 0.921350777 147.194610596
0.924934089 -0.018306926 -0.379684865 -133.765106201 0.018181704 0.999826372 -0.003915899 -12.944957733 0.379690528 -0.003281396 0.925108075 148.124084473
0.928807735 -0.019779185 -0.370032042 -134.139587402 0.019278765 0.999800801 -0.005050682 -12.959015846 0.370058119 -0.002442674 0.929005682 149.064987183
0.933135211 -0.020830654 -0.358919680 -134.508743286 0.019613121 0.999782324 -0.007033210 -12.974152565 0.358987927 -0.000476623 0.933342397 150.020111084
0.938198268 -0.019050526 -0.345571578 -134.871459961 0.017470825 0.999817193 -0.007685486 -12.989261627 0.345654786 0.001173067 0.938361287 150.992401123
0.944103658 -0.015384320 -0.329287380 -135.225128174 0.014103146 0.999880135 -0.006278975 -13.005544662 0.329344362 0.001283991 0.944209278 151.982574463
0.950403750 -0.011811165 -0.310791910 -135.564071655 0.011397229 0.999929428 -0.003147772 -13.021121025 0.310807079 -0.000550542 0.950473130 152.997146606
0.956723213 -0.008492190 -0.290873021 -135.884887695 0.008485167 0.999962509 -0.001285281 -13.034510612 0.290872872 -0.001238482 0.956761181 154.030426025
0.962892711 -0.006916042 -0.269792885 -136.183898926 0.007101851 0.999974072 -0.000287178 -13.046074867 0.269787729 -0.001639541 0.962918639 155.077514648
0.968620658 -0.005721931 -0.248474747 -136.460784912 0.006251060 0.999978900 0.001340816 -13.054611206 0.248461559 -0.002852011 0.968637824 156.140686035
0.973852217 -0.005160960 -0.227120608 -136.712249756 0.006262747 0.999971271 0.004131031 -13.061659813 0.227092460 -0.005445455 0.973858118 157.221588135
0.978732049 -0.003054016 -0.205116585 -136.949066162 0.004765511 0.999957263 0.007850826 -13.067495346 0.205083460 -0.008661389 0.978706419 158.319046021
0.983123481 -0.001050058 -0.182936549 -137.161941528 0.003345081 0.999918938 0.012237659 -13.067937851 0.182908475 -0.012643119 0.983048856 159.433319092
0.986993551 0.000563413 -0.160754159 -137.347930908 0.001968493 0.999875903 0.015590863 -13.064806938 0.160742566 -0.015704587 0.986871660 160.558532715
0.990347564 0.002261386 -0.138582945 -137.517242432 -0.000075186 0.999875069 0.015779061 -13.061057091 0.138600871 -0.015616394 0.990225494 161.706970215
0.993170738 0.001390531 -0.116656549 -137.659057617 0.000228905 0.999903440 0.013868088 -13.053874969 0.116664059 -0.013800137 0.993075788 162.864883423
0.995416343 0.001433942 -0.095618829 -137.779220581 -0.000188590 0.999914646 0.013032572 -13.046815872 0.095628828 -0.012954856 0.995333016 164.039581299
0.997159481 0.000007691 -0.075310215 -137.872726440 0.001127757 0.999885917 0.015035270 -13.039489746 0.075301185 -0.015077551 0.997047126 165.228164673
0.998463809 0.000442314 -0.055392377 -137.944213867 0.000491602 0.999857545 0.016846413 -13.033451080 0.055391364 -0.016847823 0.998322845 166.432296753
0.999381900 0.000738686 -0.035126910 -137.993698120 -0.000108073 0.999838412 0.017952826 -13.024380684 0.035133883 -0.017937994 0.999221921 167.649353027
0.999888599 0.002231713 -0.014710091 -138.021499634 -0.001956129 0.999822378 0.018726708 -13.013595581 0.014748633 -0.018695913 0.999716699 168.882812500
0.999978662 0.002510271 0.005914539 -138.022964478 -0.002625225 0.999805987 0.019497544 -13.002811432 -0.005865142 -0.019512722 0.999792814 170.128860474
0.999640346 0.004722985 0.026371926 -138.000854492 -0.005230279 0.999801636 0.019197809 -12.990785599 -0.026276767 -0.019328903 0.999468148 171.386245728
0.998897910 0.005803772 0.046560630 -137.953231812 -0.006660277 0.999810696 0.018260026 -12.980289459 -0.046446592 -0.018550074 0.998748779 172.656951904
0.997789204 0.005824403 0.066192888 -137.879028320 -0.006906128 0.999845803 0.016123913 -12.970960617 -0.066089548 -0.016545465 0.997676909 173.936080933
0.996320069 0.007861174 0.085341394 -137.781341553 -0.009065169 0.999864399 0.013728832 -12.963020325 -0.085222684 -0.014452008 0.996257544 175.230285645
0.994486392 0.008070820 0.104549050 -137.657058716 -0.009396150 0.999881268 0.012189643 -12.959078789 -0.104439080 -0.013104854 0.994445384 176.529846191
0.992302835 0.008374606 0.123546772 -137.506576538 -0.009611433 0.999909103 0.009417819 -12.959081650 -0.123457536 -0.010532848 0.992294431 177.839035034
0.989799976 0.009423221 0.142148197 -137.328506470 -0.010138332 0.999938965 0.004306824 -12.963022232 -0.142099798 -0.005704091 0.989836395 179.153457642
0.987035990 0.011244040 0.160101622 -137.128250122 -0.011044251 0.999936342 -0.002138121 -12.972726822 -0.160116389 0.000342155 0.987098634 180.472381592
0.983999848 0.013097944 0.177684039 -136.902465820 -0.012041588 0.999902427 -0.007022643 -12.989720345 -0.177759618 0.004770638 0.984062791 181.798721313
0.980643451 0.015476313 0.195186526 -136.650787354 -0.013612131 0.999847591 -0.010888956 -13.015342712 -0.195326254 0.008021245 0.980705976 183.134307861
0.976916373 0.017437302 0.212906867 -136.371917725 -0.014881461 0.999796391 -0.013601614 -13.043595314 -0.213101655 0.010119239 0.976978064 184.480697632
0.972989440 0.016650511 0.230245873 -136.066177368 -0.013974142 0.999814093 -0.013250154 -13.074514389 -0.230424717 0.009674735 0.973042488 185.824218750
0.968786955 0.015876230 0.247384265 -135.732955933 -0.012911637 0.999823570 -0.013601826 -13.110031128 -0.247557640 0.009983105 0.968822122 187.176467896
0.964334309 0.015926471 0.264205962 -135.376785278 -0.011424376 0.999761760 -0.018568225 -13.145814896 -0.264439821 0.014887566 0.964287639 188.523117065
0.959697247 0.016990842 0.280520141 -134.994964600 -0.011056850 0.999680042 -0.022722978 -13.184227943 -0.280817628 0.018705489 0.959579170 189.869262695
0.954669774 0.019182295 0.297046632 -134.586303711 -0.013087938 0.999660671 -0.022492105 -13.230671883 -0.297378421 0.017584782 0.954598129 191.232482910
0.949003041 0.021447267 0.314535081 -134.154876709 -0.014989207 0.999623895 -0.022936940 -13.277268410 -0.314909875 0.017052568 0.948968768 192.597457886
0.942935050 0.025175337 0.332022220 -133.696350098 -0.017644297 0.999513865 -0.025678251 -13.325656891 -0.332508475 0.018354598 0.942921996 193.957473755
0.936645985 0.025900958 0.349317551 -133.207580566 -0.016557982 0.999420881 -0.029706685 -13.375861168 -0.349885851 0.022040630 0.936533451 195.313400269
0.930095673 0.026901945 0.366329730 -132.688919067 -0.016435888 0.999362946 -0.031659812 -13.436012268 -0.366949290 0.023425676 0.929946363 196.671264648
0.923092484 0.027326034 0.383604944 -132.140823364 -0.014357729 0.999225140 -0.036629945 -13.502233505 -0.384309828 0.028305111 0.922770560 198.021087646
0.914973080 0.030523315 0.402357578 -131.566940308 -0.014657856 0.998990297 -0.042452369 -13.571825981 -0.403248310 0.032945059 0.914497793 199.367492676
0.905279934 0.033872698 0.423462093 -130.961013794 -0.016091244 0.998834133 -0.045496892 -13.651227951 -0.424510688 0.034373365 0.904770613 200.712341309
0.893806279 0.036777709 0.446941674 -130.321228027 -0.017864786 0.998759568 -0.046459135 -13.735582352 -0.448097199 0.033540919 0.893355846 202.049530029
