1.000000000 0.000000000 0.000000000 0.000000000 0.000000000 1.000000000 0.000000000 0.000000000 0.000000000 0.000000000 1.000000000 0.000000000
0.999872983 0.001533726 0.015862430 0.009567671 -0.001518402 0.999998391 -0.000978048 -0.001213966 -0.015863905 0.000953838 0.999873698 0.128358796
0.999291003 0.004486292 0.037381053 0.025209174 -0.004468468 0.999989867 -0.000560372 -0.001807036 -0.037383191 0.000392939 0.999300897 0.275564551
0.997894108 0.006065075 0.064579479 0.053053521 -0.006128310 0.999980927 0.000781140 -0.002537868 -0.064573511 -0.001175258 0.997912228 0.437861711
0.995086014 0.005660973 0.098852307 0.094958819 -0.005984904 0.999977648 0.002980682 -0.002958858 -0.098833218 -0.003557656 0.995097637 0.614809573
0.990533412 0.002505384 0.137248963 0.152738944 -0.003215617 0.999982536 0.004953302 -0.002679122 -0.137234151 -0.005347751 0.990524173 0.802466214
0.984195530 -0.000435080 0.177084744 0.224999338 -0.000504808 0.999985993 0.005262472 -0.001332283 -0.177084550 -0.005268695 0.984181523 1.003369808
0.975243807 -0.000343296 0.221132115 0.306764543 -0.001079703 0.999979436 0.006314161 0.002784690 -0.221129745 -0.006396603 0.975223422 1.218765736
0.962990463 -0.000068247 0.269535482 0.401807964 -0.002497782 0.999954700 0.009177213 0.007548476 -0.269523919 -0.009510810 0.962946713 1.443907022
0.948283792 -0.003852306 0.317400366 0.521807373 -0.001380655 0.999866784 0.016260367 0.008685503 -0.317420751 -0.015857663 0.948152184 1.678794622
0.931065679 -0.013225530 0.364611357 0.670196414 0.004779635 0.999699056 0.024056831 0.008489650 -0.364819944 -0.020655781 0.930848956 1.912381887
0.909418344 -0.018704852 0.415461302 0.826225519 0.007657076 0.999571621 0.028241750 0.011636332 -0.415811747 -0.022502348 0.909172356 2.137811422
0.883743286 -0.020203277 0.467535645 0.994995713 0.005797914 0.999463558 0.032229781 0.016913265 -0.467936099 -0.025772121 0.883386493 2.369605303
0.854993701 -0.022627313 0.518144310 1.185992479 0.004202233 0.999317050 0.036705945 0.023714557 -0.518621206 -0.029205993 0.854505241 2.599890471
0.822310150 -0.027584543 0.568370581 1.401130199 0.005277005 0.999150991 0.040856771 0.032022335 -0.569015145 -0.030597650 0.821757615 2.825061560
0.785900235 -0.033090249 0.617467225 1.638198853 0.007473405 0.999002337 0.044024821 0.039704680 -0.618308067 -0.029984539 0.785363615 3.044897556
0.747354925 -0.037146736 0.663385749 1.894942522 0.008274055 0.998878717 0.046611529 0.049279079 -0.664373517 -0.029346470 0.746824384 3.262918472
0.706882119 -0.040181227 0.706189096 2.173241138 0.009300021 0.998826742 0.047522768 0.063211903 -0.707270265 -0.027025424 0.706426620 3.477174282
0.664503932 -0.041885991 0.746109962 2.477075338 0.008422766 0.998784125 0.048569389 0.080062091 -0.747237265 -0.025990246 0.664048910 3.692949772
0.621373892 -0.041903827 0.782392740 2.802559853 0.003518272 0.998707891 0.050695144 0.096543804 -0.783506274 -0.028747974 0.620718539 3.910966396
0.579188108 -0.042679552 0.814075887 3.155278683 0.000741114 0.998655617 0.051829230 0.112288877 -0.815193474 -0.029415561 0.578441203 4.122993469
0.538681984 -0.043889556 0.841365337 3.536493778 -0.001136737 0.998603344 0.052819606 0.129659757 -0.842508435 -0.029409388 0.537879765 4.329774857
0.499762088 -0.046047453 0.864937842 3.947719336 -0.002556473 0.998503089 0.054635305 0.147527486 -0.866158903 -0.029515857 0.498896360 4.533544064
0.462069184 -0.045705520 0.885665298 4.383816242 -0.005673210 0.998498201 0.054488171 0.167005047 -0.886825681 -0.030201882 0.461116046 4.735560417
0.425412446 -0.045011014 0.903879642 4.847660542 -0.006600879 0.998581469 0.052833639 0.187092453 -0.904975533 -0.028442498 0.424511909 4.926950455
0.391756296 -0.043577202 0.919036567 5.340936661 -0.005282401 0.998754680 0.049608845 0.210374951 -0.920053840 -0.024289303 0.391038239 5.109440804
0.362041295 -0.041811474 0.931223989 5.864071846 -0.003135227 0.998933256 0.046070494 0.233078867 -0.932156742 -0.019599024 0.361524045 5.287084579
0.336563975 -0.039945163 0.940813065 6.412692547 -0.001944177 0.999068201 0.043114066 0.256764352 -0.941658616 -0.016339755 0.336172730 5.464530468
0.316284388 -0.039324287 0.947849035 6.990344048 -0.000799608 0.999129057 0.041718584 0.280880213 -0.948664188 -0.013952851 0.315977484 5.644198418
0.301519543 -0.039848618 0.952626884 7.592473984 0.000204902 0.999128878 0.041728944 0.304109097 -0.953459859 -0.012386904 0.301265061 5.826250553
0.289966255 -0.041357692 0.956142843 8.220003128 0.001250156 0.999081254 0.042835828 0.326708198 -0.957036078 -0.011225620 0.289751470 6.009598732
0.278998733 -0.043260027 0.959316611 8.874241829 0.000006638 0.998984873 0.045046896 0.350909919 -0.960291445 -0.012561662 0.278715611 6.196863174
0.268369079 -0.045013536 0.962263942 9.552677155 -0.001305018 0.998889625 0.047090787 0.376814663 -0.963315368 -0.013893485 0.268012285 6.385021210
0.258156329 -0.046762709 0.964970827 10.253162384 -0.002157174 0.998797357 0.048979040 0.405210197 -0.966100752 -0.014725862 0.257744908 6.572275162
0.247922435 -0.048593134 0.967560530 10.980391502 -0.003109455 0.998696208 0.050953563 0.435177863 -0.968774974 -0.015641119 0.247447982 6.756873131
0.237384349 -0.050068580 0.970124602 11.727999687 -0.003255110 0.998624206 0.052335940 0.467167377 -0.971410394 -0.015581597 0.236894637 6.938856602
0.226923645 -0.051352099 0.972557783 12.493721962 -0.003374105 0.998561442 0.053512372 0.499888182 -0.973906755 -0.015424736 0.226423830 7.116720676
0.216236144 -0.054144152 0.974838614 13.273565292 -0.004823093 0.998389721 0.056522042 0.535024047 -0.976329207 -0.016923849 0.215626687 7.291392803
0.204793960 -0.057797074 0.977097213 14.068166733 -0.006549453 0.998151720 0.060415201 0.571576476 -0.978783250 -0.018772122 0.204036802 7.458925247
0.192462221 -0.061654031 0.979365647 14.868472099 -0.007459212 0.997903526 0.064286895 0.608708680 -0.981276095 -0.019678093 0.191598713 7.617054939
0.179302782 -0.063921310 0.981715143 15.674470901 -0.008422438 0.997750640 0.066503681 0.645983934 -0.983758092 -0.020192737 0.178360939 7.763611317
0.165188089 -0.064538293 0.984148204 16.484098434 -0.008748404 0.997721553 0.066896789 0.683655500 -0.986223459 -0.019660283 0.164246947 7.897002220
0.150515735 -0.063565023 0.986561954 17.299482346 -0.010163471 0.997778535 0.065838285 0.723280430 -0.988555551 -0.019936601 0.149535149 8.022627831
0.133673698 -0.062499281 0.989052653 18.122348785 -0.010771656 0.997858882 0.064511545 0.763329208 -0.990966976 -0.019277241 0.132714123 8.133079529
0.113009848 -0.060947437 0.991722882 18.950489044 -0.013419978 0.997932196 0.062858261 0.800695419 -0.993503392 -0.020412510 0.111958101 8.227398872
0.087192364 -0.059541311 0.994410515 19.784257889 -0.018033324 0.997954369 0.061334673 0.839114070 -0.996028423 -0.023280451 0.085940100 8.302424431
0.056587256 -0.059096828 0.996647120 20.621955872 -0.022062294 0.997928977 0.060425449 0.875018954 -0.998153985 -0.025407644 0.055166066 8.351634979
0.023061723 -0.059024233 0.997990131 21.464445114 -0.025324708 0.997900844 0.059604138 0.909176588 -0.999413431 -0.026648393 0.021518350 8.370766640
-0.011527985 -0.058473259 0.998222351 22.304758072 -0.027082179 0.997940838 0.058143966 0.940880060 -0.999566913 -0.026363764 -0.013088018 8.358785629
-0.045743436 -0.057342820 0.997305989 23.152576447 -0.028162401 0.998028338 0.056092590 0.971727729 -0.998556256 -0.025520677 -0.047268361 8.317303658
-0.078822836 -0.055394836 0.995348275 23.995214462 -0.030593619 0.998119056 0.053126249 1.002911806 -0.996419251 -0.026263768 -0.080369547 8.250302315
-0.111522242 -0.052538987 0.992372096 24.837629318 -0.033007789 0.998246312 0.049140543 1.029361010 -0.993213773 -0.027275767 -0.113061115 8.155601501
-0.144269973 -0.047955487 0.988375545 25.676124573 -0.030298010 0.998570800 0.044027604 1.052646160 -0.989074588 -0.023593972 -0.145516992 8.027860641
-0.176158369 -0.041840956 0.983472049 26.509834290 -0.025168771 0.998961151 0.037991676 1.073671222 -0.984040201 -0.018060258 -0.177028716 7.867357731
-0.206829593 -0.035277739 0.977740645 27.338623047 -0.018925214 0.999307096 0.032052413 1.089446902 -0.978194058 -0.011874590 -0.207354173 7.678794861
-0.235925853 -0.029260514 0.971330166 28.161058426 -0.013051348 0.999551892 0.026940588 1.101515770 -0.971683621 -0.006321212 -0.236202285 7.465793133
-0.263817877 -0.022898877 0.964300454 28.977716446 -0.004632059 0.999736845 0.022473047 1.108243585 -0.964561582 0.001462068 -0.263854802 7.224029541
-0.289837122 -0.012233950 0.956997573 29.784372330 0.001296083 0.999912500 0.013175029 1.106394529 -0.957075357 0.005058941 -0.289796174 6.961859226
-0.314961702 0.003631853 0.949097216 30.574222565 0.006129272 0.999979794 -0.001792599 1.096012235 -0.949084759 0.005252644 -0.314977914 6.683928490
-0.339667410 0.021014363 0.940310597 31.354978561 0.007069607 0.999779284 -0.019789677 1.077548027 -0.940519154 -0.000074314 -0.339741319 6.395129204
-0.364816189 0.036048442 0.930381000 32.125133514 0.007381360 0.999331117 -0.035825688 1.049697161 -0.931050479 -0.006202356 -0.364838630 6.089399338
-0.389127314 0.046424694 0.920013011 32.890338898 0.011204554 0.998894095 -0.045666113 1.006124020 -0.921116054 -0.007461637 -0.389217615 5.756989479
-0.412428051 0.050655384 0.909580231 33.651443481 0.014255209 0.998689711 -0.049154334 0.956546783 -0.910878718 -0.007306421 -0.412610292 5.400408745
-0.434607983 0.050449505 0.899205208 34.404232025 0.018039625 0.998717427 -0.047313664 0.903314948 -0.900439203 -0.004341615 -0.434961051 5.024641037
-0.454651773 0.046270300 0.889466107 35.145454407 0.021656422 0.998928905 -0.040894948 0.850746870 -0.890406013 0.000669653 -0.455167323 4.632782936
-0.472142518 0.045351110 0.880354404 35.869316101 0.029745685 0.998926938 -0.035506491 0.800500631 -0.881020308 0.009422584 -0.472985297 4.224407196
-0.485757828 0.045789592 0.872892797 36.582050323 0.031973962 0.998889565 -0.034605857 0.754215717 -0.873508632 0.011099740 -0.486682981 3.816380501
-0.496699512 0.050021484 0.866479456 37.282493591 0.035936896 0.998667181 -0.037052266 0.709036469 -0.867178321 0.012734710 -0.497835547 3.404832840
-0.506390810 0.052534588 0.860701799 37.976192474 0.036757659 0.998550355 -0.039322279 0.663769960 -0.861520231 0.011724908 -0.507588387 2.990261078
-0.516915202 0.051927343 0.854459703 38.663639069 0.030951489 0.998639643 -0.041965079 0.615326524 -0.855476856 0.004754370 -0.517819762 2.577827454
-0.527974844 0.050586205 0.847751737 39.346885681 0.030418823 0.998710334 -0.040649470 0.568374991 -0.848714948 0.004325666 -0.528833270 2.155418396
-0.536546946 0.052038617 0.842264116 40.023132324 0.032484651 0.998630762 -0.041006014 0.525179505 -0.843244970 0.005358965 -0.537503004 1.716293335
-0.543514550 0.055245616 0.837579548 40.701034546 0.035729736 0.998450160 -0.042671096 0.478515148 -0.838638961 0.006734091 -0.544646502 1.266679764
-0.546924591 0.058237646 0.835153520 41.391433716 0.036825843 0.998285472 -0.045496915 0.435186505 -0.836371481 0.005871807 -0.548131883 0.813470840
-0.546555400 0.060491834 0.835234940 42.096996307 0.036625180 0.998159945 -0.048325218 0.390424252 -0.836621583 0.004178178 -0.547765613 0.350492477
-0.543238163 0.060777638 0.837375522 42.821163177 0.038596869 0.998129725 -0.047406141 0.342778563 -0.838690817 0.006567207 -0.544568419 -0.119932175
-0.537410557 0.059666939 0.841207087 43.564926147 0.036737423 0.998203397 -0.047332864 0.291937470 -0.842520118 0.005466557 -0.538637400 -0.590433121
-0.530568957 0.058315963 0.845633030 44.327857971 0.034541760 0.998289585 -0.047171161 0.242122293 -0.846937537 0.004182060 -0.531676114 -1.061080933
-0.523465753 0.057847086 0.850080490 45.107242584 0.032823645 0.998321295 -0.047722533 0.191469789 -0.851414204 0.002921586 -0.524486125 -1.534492493
-0.517189085 0.056400195 0.854010582 45.909820557 0.029868934 0.998408020 -0.047847886 0.138149142 -0.855349660 0.000761939 -0.518050790 -2.012477875
-0.512902319 0.054050643 0.856743276 46.728481293 0.025343513 0.998534560 -0.047823824 0.085364819 -0.858072639 -0.002816104 -0.513520718 -2.493762970
-0.511456728 0.051503688 0.857763827 47.562774658 0.021313969 0.998655736 -0.047254663 0.031716943 -0.859044492 -0.005886400 -0.511867166 -2.982099533
-0.511891186 0.048919067 0.857656002 48.410400391 0.018044878 0.998769641 -0.046197925 -0.023447633 -0.858860612 -0.008172047 -0.512144327 -3.478027344
-0.512755215 0.047931485 0.857195437 49.266437531 0.017037492 0.998812020 -0.045658834 -0.079768777 -0.858365655 -0.008807382 -0.512962878 -3.984539032
-0.513186216 0.047239508 0.856975853 50.130981445 0.016821247 0.998846292 -0.044986825 -0.134473205 -0.858112335 -0.008671251 -0.513388932 -4.498611450
-0.513321877 0.046880409 0.856914401 51.003234863 0.016808344 0.998864770 -0.044577569 -0.190366030 -0.858031452 -0.008479363 -0.513527334 -5.018661499
-0.513263702 0.046085738 0.856992304 51.886657715 0.016926097 0.998906732 -0.043580171 -0.246611953 -0.858063936 -0.007862619 -0.513482869 -5.546407700
-0.513405263 0.045889597 0.856918097 52.778850555 0.016485564 0.998912632 -0.043616746 -0.303902984 -0.857987881 -0.008266322 -0.513603687 -6.076145172
-0.513639569 0.044357557 0.856858253 53.673580170 0.014771984 0.998972178 -0.042859536 -0.362076879 -0.857878685 -0.009356890 -0.513767064 -6.605226517
-0.513650954 0.043625891 0.856889069 54.565845490 0.014219853 0.999002576 -0.042337321 -0.422977805 -0.857881188 -0.009561801 -0.513759136 -7.132940292
-0.513215840 0.042844802 0.857189119 55.458248138 0.013120274 0.999028504 -0.042079046 -0.484494567 -0.858159244 -0.010349112 -0.513279498 -7.658508301
-0.511971951 0.041275486 0.858009696 56.351699829 0.012688938 0.999099731 -0.040491387 -0.545615792 -0.858908415 -0.009843254 -0.512034893 -8.184331894
-0.509926438 0.039293796 0.859319746 57.242633820 0.013128986 0.999195695 -0.037899077 -0.605755091 -0.860117793 -0.008043779 -0.510032356 -8.709539413
-0.507505000 0.037940945 0.860812664 58.132144928 0.013622368 0.999258876 -0.036011849 -0.664872527 -0.861541033 -0.006549924 -0.507645845 -9.231096268
-0.505172968 0.037752640 0.862191617 59.022354126 0.013942451 0.999269724 -0.035585795 -0.721866846 -0.862905443 -0.005955948 -0.505330443 -9.748580933
-0.503144205 0.038038481 0.863364637 59.918518066 0.014192134 0.999260187 -0.035755120 -0.777739644 -0.864085913 -0.005737024 -0.503311813 -10.265110016
-0.502229035 0.038661871 0.863869607 60.804248810 0.014251164 0.999234796 -0.036434900 -0.833217502 -0.864617229 -0.005987546 -0.502395809 -10.776208878
-0.503042400 0.040068995 0.863332033 61.685302734 0.013716087 0.999169409 -0.038381517 -0.891211271 -0.864152789 -0.007466026 -0.503174245 -11.284959793
-0.505995870 0.041875940 0.861518383 62.560192108 0.012628834 0.999073744 -0.041144878 -0.951153874 -0.862443328 -0.009939197 -0.506056130 -11.792339325
-0.510535598 0.042352121 0.858812749 63.435947418 0.011381265 0.999031961 -0.042501297 -1.010939956 -0.859781206 -0.011924077 -0.510523498 -12.305820465
-0.516077816 0.041058298 0.855556786 64.309669495 0.012735990 0.999108255 -0.040265009 -1.069307923 -0.856447041 -0.009883533 -0.516140401 -12.827341080
-0.521485925 0.038844045 0.852375031 65.172157288 0.014100798 0.999219716 -0.036909144 -1.128265738 -0.853143394 -0.007228459 -0.521626472 -13.355041504
-0.526801646 0.036353543 0.849210203 66.029960632 0.011442823 0.999298215 -0.035680220 -1.186109066 -0.849911153 -0.009079056 -0.526847780 -13.879838943
-0.531739295 0.039750263 0.845974624 66.876777649 0.013625107 0.999170601 -0.038384564 -1.241271257 -0.846798599 -0.008884109 -0.531839669 -14.410585403
-0.536643267 0.041397147 0.842793047 67.710731506 0.014249997 0.999098420 -0.040001221 -1.296745539 -0.843688965 -0.009456606 -0.536749184 -14.941324234
-0.541357219 0.042387109 0.839723289 68.544845581 0.013205648 0.999034345 -0.041915324 -1.356987953 -0.840688944 -0.011602097 -0.541394055 -15.473096848
-0.545071423 0.042308681 0.837321281 69.370132446 0.011845246 0.999015272 -0.042768050 -1.416553020 -0.838305950 -0.013393385 -0.545035660 -16.005189896
-0.548338771 0.041770458 0.835212290 70.191749573 0.013026431 0.999057591 -0.041412558 -1.474959254 -0.836154878 -0.011828297 -0.548365891 -16.543111801
-0.550673127 0.035133269 0.833981097 71.015007019 0.014063302 0.999362946 -0.032814506 -1.527240872 -0.834602654 -0.006341556 -0.550816238 -17.087303162
-0.552837849 0.026389584 0.832870603 71.834991455 0.013561299 0.999651372 -0.022672500 -1.579243183 -0.833178401 -0.001239431 -0.553002894 -17.627328873
-0.554455280 0.025143193 0.831833482 72.645393372 0.014898022 0.999683559 -0.020286538 -1.623816252 -0.832080185 0.001144673 -0.554654419 -18.162925720
-0.555560827 0.029555097 0.830950379 73.443641663 0.014617714 0.999561071 -0.025779126 -1.661926508 -0.831347406 -0.002175299 -0.555749118 -18.692663193
-0.556704164 0.036101095 0.829925895 74.238189697 0.016728627 0.999340236 -0.032249205 -1.706658602 -0.830542386 -0.004069767 -0.556940794 -19.225625992
-0.557065308 0.039738011 0.829517365 75.033973694 0.021968514 0.999210417 -0.033114213 -1.752014160 -0.830178022 -0.000223538 -0.557498455 -19.766513824
-0.556850910 0.040921904 0.829603732 75.826759338 0.025199434 0.999158502 -0.032371141 -1.801639676 -0.830230117 0.002879621 -0.557413578 -20.307422638
-0.556473374 0.037390970 0.830023587 76.626579285 0.023673765 0.999295115 -0.029144794 -1.847025752 -0.830528021 0.003431456 -0.556966424 -20.840295792
-0.555797160 0.032615848 0.830677807 77.424263000 0.022294719 0.999455750 -0.024325721 -1.885607958 -0.831018984 0.004999543 -0.556221843 -21.370441437
-0.555082381 0.025784466 0.831395566 78.221145630 0.019040741 0.999651670 -0.018290192 -1.926894188 -0.831577361 0.005677803 -0.555380106 -21.895401001
-0.554588616 0.020057252 0.831882834 79.020050049 0.010732370 0.999799013 -0.016951006 -1.965753675 -0.832055449 -0.000472778 -0.554692447 -22.410385132
-0.553260624 0.014764512 0.832877219 79.819541931 0.003325473 0.999874353 -0.015515952 -1.996462584 -0.833001554 -0.005814671 -0.553240299 -22.920522690
-0.551135957 0.015755134 0.834266543 80.609687805 0.006973919 0.999874115 -0.014275610 -2.030530930 -0.834386110 -0.002049699 -0.551176310 -23.443696976
-0.548059225 0.018950155 0.836224675 81.397277832 0.011038311 0.999820411 -0.015423124 -2.066869259 -0.836366653 0.000777715 -0.548169911 -23.962699890
-0.542828441 0.022211228 0.839549780 82.188232422 0.013282897 0.999752522 -0.017861350 -2.096752167 -0.839738488 0.001455997 -0.542989135 -24.470727921
-0.535054684 0.024533326 0.844460905 82.980957031 0.018376859 0.999680042 -0.017399196 -2.129722595 -0.844617426 0.006209010 -0.535334289 -24.978511810
-0.526905775 0.027907452 0.849465311 83.777488708 0.025853021 0.999524832 -0.016801367 -2.167157650 -0.849530280 0.013108497 -0.527376771 -25.481561661
-0.517130792 0.026754575 0.855487943 84.581771851 0.023130000 0.999583423 -0.017279362 -2.197077274 -0.855593622 0.010851739 -0.517534077 -25.962154388
-0.506501615 0.024462156 0.861891806 85.397109985 0.021245658 0.999648333 -0.015886778 -2.227335691 -0.861977100 0.010264772 -0.506843030 -26.429157257
-0.494989246 0.021237405 0.868639410 86.217117310 0.021570491 0.999693751 -0.012149844 -2.258588552 -0.868631244 0.012722925 -0.495295703 -26.892461777
-0.483931571 0.020504026 0.874865353 87.038322449 0.021287890 0.999705791 -0.011654593 -2.289154530 -0.874846637 0.012984003 -0.484225690 -27.340833664
-0.472107351 0.019847758 0.881317556 87.860710144 0.022129893 0.999698579 -0.010659251 -2.314310074 -0.881263196 0.014471141 -0.472404212 -27.776090622
-0.460033774 0.020927547 0.887654722 88.684600830 0.023731323 0.999655187 -0.011269265 -2.343300819 -0.887584031 0.015880963 -0.460371643 -28.202255249
-0.447928667 0.024766345 0.893726051 89.507347107 0.023598250 0.999595761 -0.015872983 -2.379129171 -0.893757582 0.013980392 -0.448331952 -28.611425400
-0.436296105 0.033907901 0.899164081 90.335319519 0.025838194 0.999350071 -0.025148761 -2.406734467 -0.899431944 0.012260448 -0.436888605 -29.011737823
-0.423744202 0.038370922 0.904968798 91.169914246 0.025132721 0.999215961 -0.030598957 -2.439603329 -0.905432940 0.009778183 -0.424376220 -29.399330139
-0.412316918 0.034806937 0.910375237 92.019462585 0.023376593 0.999345362 -0.027621228 -2.480910778 -0.910740316 0.009892756 -0.412860602 -29.774932861
-0.400683045 0.031030726 0.915691018 92.869590759 0.021724254 0.999467313 -0.024363849 -2.523420572 -0.915958941 0.010130508 -0.401143670 -30.139331818
-0.391018152 0.031722017 0.919836044 93.715026855 0.018840961 0.999472618 -0.026459314 -2.565855980 -0.920190036 0.006984507 -0.391409546 -30.490222931
-0.384170890 0.035913646 0.922563136 94.556335449 0.013494669 0.999355137 -0.033283707 -2.609182835 -0.923163176 -0.000336958 -0.384407729 -30.826477051
-0.379194736 0.040788196 0.924417317 95.402946472 0.007329946 0.999129295 -0.041078091 -2.652087450 -0.925287664 -0.008800672 -0.379163444 -31.159254074
-0.375864983 0.042660743 0.925691903 96.249969482 0.004213421 0.999008358 -0.044328861 -2.703067780 -0.926664650 -0.012761340 -0.375671923 -31.490579605
-0.372231215 0.042325180 0.927174270 97.102600098 0.002524869 0.999002337 -0.044590581 -2.757484913 -0.928136289 -0.014257014 -0.371966690 -31.822975159
-0.367376268 0.042393249 0.929105639 97.954666138 0.001928530 0.998993397 -0.044819664 -2.811517715 -0.930070102 -0.014673876 -0.367088199 -32.151779175
-0.361780792 0.037729587 0.931499243 98.805381775 -0.002024793 0.999146700 -0.041256122 -2.865709066 -0.932260692 -0.016811764 -0.361395657 -32.470321655
-0.356478482 0.034105759 0.933680654 99.661125183 -0.002331740 0.999298096 -0.037393030 -2.917620182 -0.934300303 -0.015506910 -0.356148720 -32.790412903
-0.350554436 0.031152282 0.936023891 100.513801575 -0.004171212 0.999384820 -0.034823336 -2.968939781 -0.936532736 -0.016111828 -0.350208879 -33.106151581
-0.344967127 0.029354908 0.938155413 101.368438721 -0.012553011 0.999277234 -0.035883375 -3.015585899 -0.938530564 -0.024155259 -0.344349265 -33.401641846
-0.338953197 0.029336652 0.940345585 102.218742371 -0.019713631 0.999072850 -0.038274828 -3.062333584 -0.940596342 -0.031510994 -0.338060588 -33.685733795
-0.332247764 0.033596035 0.942593455 103.065536499 -0.017877961 0.998961627 -0.041906916 -3.112897396 -0.943022370 -0.030775124 -0.331302196 -33.977523804
-0.325356632 0.036937304 0.944869459 103.915634155 -0.016131254 0.998874605 -0.044603258 -3.162909031 -0.945453465 -0.029753897 -0.324394584 -34.265495300
-0.318913966 0.035026442 0.947135985 104.779899597 -0.017379120 0.998932838 -0.042793877 -3.211717606 -0.947624028 -0.030107956 -0.317964911 -34.546531677
-0.311968654 0.030198593 0.949611962 105.644256592 -0.017960995 0.999128580 -0.037673973 -3.264290333 -0.949922323 -0.028809080 -0.311154425 -34.823398590
-0.304972500 0.027515475 0.951963246 106.506278992 -0.019415729 0.999195218 -0.035100833 -3.314162254 -0.952162981 -0.029187854 -0.304192781 -35.092132568
-0.298686534 0.030837808 0.953852475 107.366744995 -0.021285895 0.999013841 -0.038963381 -3.359584332 -0.954113603 -0.031941447 -0.297735572 -35.350711823
-0.292245030 0.033717617 0.955748439 108.231468201 -0.020565258 0.998925567 -0.041529331 -3.408238411 -0.956122100 -0.031791963 -0.291237652 -35.608047485
-0.285610110 0.034218013 0.957734406 109.093093872 -0.023183357 0.998823106 -0.042599756 -3.457343578 -0.958065152 -0.034370430 -0.284480780 -35.853740692
-0.278658241 0.033659887 0.959799826 109.963203430 -0.023641730 0.998842299 -0.041893095 -3.509913683 -0.960099041 -0.034365192 -0.277539819 -36.096004486
-0.270794421 0.033531871 0.962052464 110.832450867 -0.019888105 0.998984873 -0.040417250 -3.561687231 -0.962431550 -0.030078175 -0.269852579 -36.336341858
-0.263099581 0.034760900 0.964141786 111.702339172 -0.017197544 0.999022841 -0.040711548 -3.612967014 -0.964615226 -0.027292067 -0.262244701 -36.574008942
-0.256543994 0.035455588 0.965881526 112.572578430 -0.015928097 0.999036133 -0.040903330 -3.663485050 -0.966401100 -0.025878165 -0.255731940 -36.799629211
-0.249734506 0.034464076 0.967700481 113.447540283 -0.021757746 0.998914361 -0.041190881 -3.711491108 -0.968069673 -0.031341769 -0.248713493 -37.013610840
-0.243933946 0.032941494 0.969231606 114.320098877 -0.025722446 0.998851538 -0.040422074 -3.759714127 -0.969450653 -0.034791328 -0.242806390 -37.219867706
-0.239276096 0.033067141 0.970387757 115.188301086 -0.023030315 0.998945355 -0.039719172 -3.810634136 -0.970678389 -0.031852178 -0.238262132 -37.430274963
-0.233954236 0.034307491 0.971641481 116.063697815 -0.020354554 0.998985291 -0.040174119 -3.859885693 -0.972034574 -0.029176230 -0.233018443 -37.646339417
-0.229206890 0.035680573 0.972722888 116.932556152 -0.019392010 0.998962164 -0.041212607 -3.909580708 -0.973184466 -0.028309260 -0.228276983 -37.845306396
-0.223222017 0.035054967 0.974136531 117.807006836 -0.013082165 0.999155402 -0.038953185 -3.957875967 -0.974679768 -0.021439008 -0.222574815 -38.051082611
-0.217666626 0.034066029 0.975427866 118.683128357 -0.005525758 0.999331594 -0.036134049 -4.006764889 -0.976007581 -0.013255138 -0.217332810 -38.254722595
-0.212801412 0.033122078 0.976533294 119.557518005 -0.003749982 0.999390185 -0.034714643 -4.058086872 -0.977088213 -0.011049294 -0.212547347 -38.446289062
-0.208620593 0.034836050 0.977375329 120.428825378 -0.005487086 0.999307871 -0.036789130 -4.103142262 -0.977981269 -0.013037895 -0.208284959 -38.625934601
-0.205179572 0.036672033 0.978036344 121.302825928 -0.007094696 0.999215662 -0.038954668 -4.148143768 -0.978698730 -0.014931556 -0.204758376 -38.800567627
-0.203641370 0.036019135 0.978382170 122.178863525 -0.009463456 0.999203801 -0.038755551 -4.197731018 -0.978999794 -0.017151093 -0.203138307 -38.971946716
-0.202725217 0.034980822 0.978609860 123.052368164 -0.009768904 0.999239743 -0.037742063 -4.244624615 -0.979186952 -0.017211199 -0.202229261 -39.145412445
-0.201363623 0.030710083 0.979034245 123.928405762 -0.008321948 0.999418616 -0.033061247 -4.288130760 -0.979481339 -0.014804788 -0.200990885 -39.328540802
-0.200221896 0.025587736 0.979415655 124.803939819 -0.009164651 0.999566257 -0.027987834 -4.334100246 -0.979707778 -0.014579764 -0.199900433 -39.504776001
-0.199243650 0.023764309 0.979661047 125.673873901 -0.008511798 0.999626219 -0.025979871 -4.377683640 -0.979912996 -0.013514984 -0.198966801 -39.678665161
-0.197875470 0.028499246 0.979811966 126.530288696 -0.008667549 0.999487221 -0.030822081 -4.417487144 -0.980188906 -0.014591488 -0.197526842 -39.850387573
-0.197888926 0.032135706 0.979696751 127.382843018 -0.008809521 0.999363720 -0.034560375 -4.459065437 -0.980184913 -0.015469756 -0.197479799 -40.016456604
-0.197995260 0.031312756 0.979701936 128.238082886 -0.011920819 0.999338686 -0.034349669 -4.500728130 -0.980130553 -0.018479906 -0.197490945 -40.179428101
-0.197441131 0.030415254 0.979842007 129.093048096 -0.013813625 0.999332905 -0.033803873 -4.547702312 -0.980217457 -0.020209435 -0.196889177 -40.344913483
-0.196921274 0.031385582 0.979915977 129.957366943 -0.009619106 0.999377429 -0.033942055 -4.592804909 -0.980372131 -0.016109815 -0.196496651 -40.520889282
-0.195884019 0.033913407 0.980039716 130.794250488 -0.011287525 0.999257445 -0.036834627 -4.632750511 -0.980562150 -0.018277524 -0.195355669 -40.683906555
-0.196241230 0.034723770 0.979939818 131.639785767 -0.019804513 0.999028385 -0.039366294 -4.681915760 -0.980355561 -0.027132524 -0.195362717 -40.837219238
-0.195896015 0.036117636 0.979958534 132.475509644 -0.025661530 0.998790264 -0.041941620 -4.731117249 -0.980288863 -0.033363435 -0.194732070 -40.988479614
-0.195336297 0.039858192 0.979925334 133.301330566 -0.022497110 0.998728573 -0.045107663 -4.780865669 -0.980478227 -0.030856656 -0.194191113 -41.151725769
-0.194844991 0.040930502 0.979978859 134.132263184 -0.020499090 0.998740554 -0.045789972 -4.835748672 -0.980619729 -0.029010626 -0.193760380 -41.312755585
-0.193111509 0.042060774 0.980274081 134.949966431 -0.022232205 0.998636425 -0.047228452 -4.886372566 -0.980924964 -0.030914009 -0.191912919 -41.464439392
-0.191207349 0.041683987 0.980663300 135.769683838 -0.014177931 0.998876154 -0.045222625 -4.935462952 -0.981447339 -0.022550674 -0.190401301 -41.626144409
-0.187876448 0.038741015 0.981427491 136.584350586 -0.010131487 0.999092042 -0.041377902 -4.984186649 -0.982140422 -0.017717248 -0.187313199 -41.783348083
-0.186099321 0.033880863 0.981945813 137.410598755 -0.006778861 0.999337137 -0.035765775 -5.034424782 -0.982507646 -0.013312451 -0.185746133 -41.937942505
-0.182535291 0.033525735 0.982626736 138.225509644 -0.005598114 0.999366701 -0.035136905 -5.080935955 -0.983183444 -0.011914572 -0.182231858 -42.082992554
-0.177506745 0.038501102 0.983365417 139.029281616 -0.004764972 0.999188960 -0.039980859 -5.131000042 -0.984108150 -0.011782569 -0.177179143 -42.225788116
-0.170975864 0.041752655 0.984389365 139.828704834 -0.003574092 0.999068975 -0.042996142 -5.177370548 -0.985269070 -0.010869591 -0.170667320 -42.359466553
-0.162671760 0.042536978 0.985762119 140.639984131 -0.003400524 0.999040186 -0.043671183 -5.219428062 -0.986674726 -0.010456166 -0.162370846 -42.489936829
-0.153154135 0.038099103 0.987466872 141.449707031 -0.001812561 0.999244034 -0.038834713 -5.269205093 -0.988200963 -0.007737530 -0.152969182 -42.610099792
-0.141077027 0.036756277 0.989315331 142.259017944 0.002360582 0.999320269 -0.036791455 -5.317332745 -0.989996135 -0.002855053 -0.141067773 -42.728103638
-0.127006486 0.039672978 0.991107464 143.064086914 0.006549991 0.999211609 -0.039158110 -5.359463692 -0.991880596 0.001518433 -0.127166048 -42.835739136
-0.112609759 0.040626980 0.992807627 143.873626709 0.006438209 0.999172688 -0.040157273 -5.404505730 -0.993618786 0.001869823 -0.112777971 -42.926704407
-0.098667547 0.040657192 0.994288862 144.677978516 0.008178974 0.999164522 -0.040045016 -5.450721741 -0.995087147 0.004181141 -0.098917462 -43.005084991
-0.084890850 0.042276781 0.995492220 145.477096558 0.008939302 0.999091625 -0.041667424 -5.499137878 -0.996350467 0.005361849 -0.085191444 -43.072982788
-0.071017310 0.048502591 0.996294439 146.266448975 0.006244961 0.998819232 -0.048180439 -5.553323269 -0.997455895 0.002800199 -0.071236119 -43.122905731
-0.058396980 0.057448316 0.996638358 147.049163818 -0.000704979 0.998340309 -0.057587802 -5.606675148 -0.998293638 -0.004065542 -0.058259331 -43.152599335
-0.044571716 0.065418869 0.996861398 147.827636719 -0.004446546 0.997831106 -0.065681390 -5.660934448 -0.998996854 -0.007360103 -0.044183891 -43.175697327
-0.031317919 0.066079006 0.997322261 148.611587524 -0.004586243 0.997792602 -0.066254243 -5.717772007 -0.999499440 -0.006648886 -0.030945454 -43.195491791
-0.019565944 0.062143773 0.997874856 149.393630981 -0.008364988 0.998021722 -0.062316984 -5.779742718 -0.999774098 -0.009566484 -0.019007109 -43.200241089
-0.008876618 0.059705764 0.998175919 150.174255371 -0.012161521 0.998135984 -0.059811562 -5.845014095 -0.999887228 -0.012670250 -0.008133657 -43.195270538
0.000078570 0.066251956 0.997802377 150.938858032 -0.016003748 0.997675657 -0.066242352 -5.908673286 -0.999872446 -0.015963359 0.001138978 -43.182884216
0.006686460 0.074231140 0.997218072 151.699966431 -0.018974053 0.997071207 -0.074093051 -5.969238281 -0.999798119 -0.018425832 0.008075655 -43.169143677
0.009474020 0.077313371 0.996961236 152.461654663 -0.021946993 0.996782899 -0.077091038 -6.027420998 -0.999714792 -0.021149920 0.011140652 -43.149810791
0.009331197 0.072761044 0.997305155 153.227416992 -0.024239998 0.997072995 -0.072517373 -6.093097210 -0.999663115 -0.023497991 0.011067927 -43.133716583
0.007310338 0.068466023 0.997626066 153.989593506 -0.025660424 0.997337997 -0.068258286 -6.165345192 -0.999644518 -0.025100505 0.009048060 -43.117832184
0.004273154 0.065695524 0.997829974 154.745071411 -0.024214152 0.997554302 -0.065573744 -6.226277828 -0.999698222 -0.023881391 0.005853776 -43.109638214
0.001536848 0.066157140 0.997807384 155.495330811 -0.022341069 0.997562766 -0.066106610 -6.283461571 -0.999749601 -0.022190468 0.003011426 -43.108585358
-0.002085423 0.066165529 0.997805774 156.243347168 -0.020800717 0.997590125 -0.066194810 -6.346009731 -0.999781907 -0.020893097 -0.000703808 -43.108661652
-0.006882416 0.064733110 0.997878194 156.990570068 -0.021765478 0.997656763 -0.064868964 -6.408848286 -0.999739766 -0.022165731 -0.005457046 -43.108417511
-0.012213808 0.065218851 0.997795522 157.737411499 -0.022624927 0.997597456 -0.065482937 -6.463091850 -0.999669731 -0.023374829 -0.010708602 -43.113689423
-0.018218812 0.063391291 0.997821689 158.484512329 -0.023976993 0.997673631 -0.063819766 -6.520658493 -0.999546885 -0.025087466 -0.016656213 -43.121475220
-0.024144189 0.060742024 0.997860789 159.230346680 -0.021666165 0.997886479 -0.061267924 -6.583206654 -0.999474108 -0.023099069 -0.022776831 -43.137512207
-0.029523209 0.060763925 0.997714758 159.967422485 -0.022243204 0.997863650 -0.061431292 -6.638820648 -0.999317050 -0.024006005 -0.028108280 -43.155258179
-0.034922864 0.062026288 0.997462690 160.700820923 -0.023720102 0.997739792 -0.062874094 -6.695763111 -0.999108970 -0.025855644 -0.033372391 -43.174720764
-0.039051514 0.064316764 0.997164369 161.429809570 -0.023872184 0.997581661 -0.065278672 -6.757042885 -0.998952448 -0.026353708 -0.037421431 -43.196262360
-0.041585267 0.066566817 0.996914208 162.155502319 -0.023791447 0.997429430 -0.067593753 -6.817327023 -0.998852193 -0.026528921 -0.039894387 -43.222408295
-0.043242518 0.068109035 0.996739507 162.877548218 -0.020869158 0.997394264 -0.069059275 -6.874452114 -0.998847187 -0.023787390 -0.041708235 -43.252246857
-0.042504210 0.066627093 0.996871412 163.596984863 -0.017347306 0.997574270 -0.067413822 -6.933058739 -0.998946309 -0.020158380 -0.041245073 -43.282665253
-0.038514741 0.062948786 0.997272491 164.314682007 -0.014751586 0.997869194 -0.063556269 -6.995027542 -0.999149799 -0.017159181 -0.037503846 -43.309368134
-0.031159051 0.062688932 0.997545779 165.024383545 -0.013600784 0.997912228 -0.063136905 -7.056605816 -0.999422491 -0.015534659 -0.030241139 -43.325820923
-0.019919476 0.063493483 0.997782648 165.728073120 -0.011058214 0.997906387 -0.063722230 -7.113255024 -0.999741077 -0.012302971 -0.019175377 -43.335186005
-0.005463306 0.063785695 0.997947872 166.428314209 -0.008372037 0.997925639 -0.063830234 -7.168283463 -0.999950647 -0.008703538 -0.004917670 -43.335140228
0.009735789 0.061422437 0.998063624 167.125198364 -0.009328494 0.998073757 -0.061332192 -7.220134258 -0.999909699 -0.008713270 0.010290317 -43.318073273
0.025817811 0.056642365 0.998059869 167.821136475 -0.014292464 0.998312354 -0.056287106 -7.272993088 -0.999565125 -0.012811492 0.026584130 -43.284202576
0.042132232 0.050112993 0.997853696 168.513381958 -0.015676390 0.998651505 -0.049491279 -7.321400166 -0.998989642 -0.013557538 0.042861354 -43.242050171
0.059278976 0.042836394 0.997321129 169.200485229 -0.015800582 0.998993874 -0.041969210 -7.364183426 -0.998116910 -0.013270333 0.059896555 -43.192428589
0.076722786 0.035435352 0.996421754 169.882431030 -0.016347073 0.999278605 -0.034278370 -7.403645039 -0.996918976 -0.013658623 0.077247106 -43.128471375
0.093735568 0.029598055 0.995156288 170.554443359 -0.018025406 0.999444604 -0.028027875 -7.441370964 -0.995434523 -0.015310866 0.094217449 -43.049758911
0.111479439 0.027435837 0.993387163 171.215606689 -0.018980950 0.999495208 -0.025474587 -7.475237846 -0.993586004 -0.016015517 0.111944370 -42.960365295
0.129336894 0.026241034 0.991252661 171.869445801 -0.017708385 0.999551475 -0.024150286 -7.502813816 -0.991442978 -0.014429939 0.129744038 -42.863265991
0.146504164 0.025971442 0.988868237 172.517395020 -0.018895868 0.999546289 -0.023452530 -7.526500225 -0.989030004 -0.015249607 0.146928966 -42.751358032
0.162436813 0.025017960 0.986400902 173.158172607 -0.023745850 0.999488056 -0.021439638 -7.550760269 -0.986433625 -0.019940326 0.162948236 -42.627288818
0.176654935 0.021560177 0.984035909 173.798385620 -0.025920536 0.999515295 -0.017246170 -7.576147079 -0.983931959 -0.022460105 0.177128673 -42.495155334
0.189006358 0.017744638 0.981814682 174.436874390 -0.022565931 0.999651134 -0.013723020 -7.599148750 -0.981716931 -0.019561812 0.189341426 -42.367755890
0.199820399 0.016828204 0.979687214 175.063659668 -0.020410327 0.999707043 -0.013009245 -7.619437218 -0.979620337 -0.017396210 0.200105906 -42.234500885
0.209601820 0.020647464 0.977567971 175.675567627 -0.024775667 0.999568105 -0.015800070 -7.643498421 -0.977473259 -0.020908166 0.210023433 -42.088703156
0.218464792 0.027818952 0.975447357 176.276306152 -0.028991800 0.999337375 -0.022007285 -7.669855118 -0.975414276 -0.023472149 0.219127104 -41.935535431
0.227616683 0.037594378 0.973024011 176.871887207 -0.028757138 0.999078155 -0.031874076 -7.694453239 -0.973326385 -0.020726293 0.228488490 -41.789417267
0.236051798 0.043487027 0.970766187 177.474716187 -0.023081133 0.998967230 -0.039138049 -7.717723846 -0.971466601 -0.013167746 0.236812308 -41.647197723
0.242700711 0.041624933 0.969206929 178.082138062 -0.022205755 0.999055684 -0.037346408 -7.741015434 -0.969847322 -0.012457944 0.243396387 -41.493896484
0.248477727 0.034210280 0.968032479 178.699417114 -0.024888292 0.999271691 -0.028926000 -7.766019344 -0.968318105 -0.016905190 0.249148741 -41.322616577
0.252687722 0.023869053 0.967252553 179.316879272 -0.029367115 0.999424219 -0.016991142 -7.793017387 -0.967102349 -0.024111954 0.253243744 -41.148586273
0.254588991 0.015941337 0.966917157 179.932540894 -0.029692175 0.999521613 -0.008661063 -7.819959164 -0.966593683 -0.026504857 0.254941106 -40.978546143
0.255618930 0.015323739 0.966655314 180.544342041 -0.026205264 0.999616861 -0.008916754 -7.841332436 -0.966422677 -0.023052160 0.255923122 -40.818229675
0.256874144 0.017451622 0.966286421 181.154479980 -0.022725893 0.999669611 -0.012013298 -7.858002663 -0.966177881 -0.018873800 0.257186413 -40.657863617
0.258522511 0.017025189 0.965854347 181.771667480 -0.019361161 0.999735236 -0.012440288 -7.871061802 -0.965811431 -0.015483949 0.258784235 -40.494853973
0.260222346 0.014833181 0.965434074 182.389236450 -0.021133406 0.999729991 -0.009663966 -7.883415699 -0.965317786 -0.017888110 0.260466129 -40.322032928
0.262917936 0.011275005 0.964751661 183.009063721 -0.021441687 0.999753058 -0.005840827 -7.898958206 -0.964580357 -0.019150229 0.263095349 -40.146377563
0.265943348 0.006205739 0.963967979 183.634613037 -0.020726558 0.999785006 -0.000718327 -7.914707184 -0.963766217 -0.019788692 0.266015321 -39.970020294
0.270291477 0.003648927 0.962770939 184.258453369 -0.019552073 0.999807477 0.001699680 -7.923599243 -0.962580383 -0.019283557 0.270311326 -39.789836884
0.276370406 0.001563299 0.961049318 184.881530762 -0.017732240 0.999836743 0.003472758 -7.929074764 -0.960888088 -0.018001303 0.276353598 -39.605133057
0.284310579 -0.001522678 0.958730400 185.508071899 -0.016217887 0.999848068 0.006397246 -7.937407017 -0.958595455 -0.017367367 0.284243286 -39.416069031
0.293889046 -0.003133217 0.955833733 186.137329102 -0.013828870 0.999876142 0.007529397 -7.945237160 -0.955739975 -0.015430890 0.293809831 -39.216381073
0.305022240 -0.001094577 0.952343881 186.761169434 -0.015282760 0.999865055 0.006043913 -7.954092503 -0.952223063 -0.016397953 0.304964960 -39.006790161
0.316359162 0.002708278 0.948634982 187.383575439 -0.016491363 0.999860585 0.002645025 -7.961325169 -0.948496461 -0.016481040 0.316360295 -38.784687042
0.327946037 0.005974055 0.944676876 188.007629395 -0.017836060 0.999840975 -0.000131230 -7.966041088 -0.944528461 -0.016806258 0.328000993 -38.555591583
0.339651346 0.006292308 0.940529764 188.636169434 -0.016530976 0.999863029 -0.000719608 -7.971082211 -0.940406740 -0.015303428 0.339709371 -38.320636749
0.350865841 0.003415758 0.936418891 189.270324707 -0.015899528 0.999870896 0.002310024 -7.977215290 -0.936291277 -0.015699098 0.350875407 -38.074237823
0.361929834 0.002079727 0.932202458 189.903747559 -0.017075747 0.999844491 0.004398922 -7.986416817 -0.932049453 -0.017510127 0.361909658 -37.814857483
